,TIME,SRC,PACKET_SIZE,CUMULATIVE_PACKET_SIZE,PAGE_NUMBER,TOTAL_PACKET_SIZE
0,0.0,74.125.130.0-255,143,143,7,305361
1,3.6e-05,172.31.36.0-255,66,209,7,305361
2,4.3e-05,74.125.130.0-255,1484,1693,7,305361
3,4.7e-05,172.31.36.0-255,66,1759,7,305361
4,5.2e-05,74.125.130.0-255,2902,4661,7,305361
5,6.3e-05,172.31.36.0-255,66,4727,7,305361
6,6.8e-05,74.125.130.0-255,4320,9047,7,305361
7,7e-05,172.31.36.0-255,66,9113,7,305361
8,0.00011,172.31.36.0-255,66,9179,7,305361
9,0.000117,74.125.130.0-255,5738,14917,7,305361
10,0.000119,172.31.36.0-255,66,14983,7,305361
11,0.000152,74.125.130.0-255,4320,19303,7,305361
12,0.000156,172.31.36.0-255,66,19369,7,305361
13,0.00016,74.125.130.0-255,2543,21912,7,305361
14,0.000161,172.31.36.0-255,66,21978,7,305361
15,0.00021,74.125.130.0-255,1484,23462,7,305361
16,0.000213,172.31.36.0-255,66,23528,7,305361
17,0.000219,74.125.130.0-255,2902,26430,7,305361
18,0.000222,172.31.36.0-255,66,26496,7,305361
19,0.000245,74.125.130.0-255,5738,32234,7,305361
20,0.000248,172.31.36.0-255,66,32300,7,305361
21,0.000286,74.125.130.0-255,6797,39097,7,305361
22,0.000288,172.31.36.0-255,66,39163,7,305361
23,0.000584,74.125.130.0-255,1484,40647,7,305361
24,0.000588,172.31.36.0-255,66,40713,7,305361
25,0.000592,74.125.130.0-255,1484,42197,7,305361
26,0.000594,172.31.36.0-255,66,42263,7,305361
27,0.000599,74.125.130.0-255,2902,45165,7,305361
28,0.000601,172.31.36.0-255,66,45231,7,305361
29,0.000636,74.125.130.0-255,5738,50969,7,305361
30,0.00064,172.31.36.0-255,66,51035,7,305361
31,0.00067,74.125.130.0-255,4320,55355,7,305361
32,0.000673,172.31.36.0-255,66,55421,7,305361
33,0.000702,74.125.130.0-255,1125,56546,7,305361
34,0.000815,172.31.36.0-255,66,56612,7,305361
35,0.000887,74.125.130.0-255,1484,58096,7,305361
36,0.00092,74.125.130.0-255,2902,60998,7,305361
37,0.000924,172.31.36.0-255,66,61064,7,305361
38,0.000928,74.125.130.0-255,1484,62548,7,305361
39,0.000954,74.125.130.0-255,4320,66868,7,305361
40,0.000956,172.31.36.0-255,66,66934,7,305361
41,0.000961,74.125.130.0-255,2902,69836,7,305361
42,0.000962,172.31.36.0-255,66,69902,7,305361
43,0.000967,74.125.130.0-255,3961,73863,7,305361
44,0.000969,172.31.36.0-255,66,73929,7,305361
45,0.001001,74.125.130.0-255,5738,79667,7,305361
46,0.001005,172.31.36.0-255,66,79733,7,305361
47,0.001034,74.125.130.0-255,2902,82635,7,305361
48,0.001037,172.31.36.0-255,66,82701,7,305361
49,0.00104,74.125.130.0-255,1484,84185,7,305361
50,0.001052,172.31.36.0-255,66,84251,7,305361
51,0.00108,74.125.130.0-255,1484,85735,7,305361
52,0.001093,172.31.36.0-255,66,85801,7,305361
53,0.001097,74.125.130.0-255,2069,87870,7,305361
54,0.0011,172.31.36.0-255,66,87936,7,305361
55,0.001134,74.125.130.0-255,198,88134,7,305361
56,0.001235,74.125.130.0-255,1484,89618,7,305361
57,0.00124,172.31.36.0-255,66,89684,7,305361
58,0.001246,74.125.130.0-255,2902,92586,7,305361
59,0.001249,172.31.36.0-255,66,92652,7,305361
60,0.001317,74.125.130.0-255,4320,96972,7,305361
61,0.001322,172.31.36.0-255,66,97038,7,305361
62,0.001333,172.31.36.0-255,66,97104,7,305361
63,0.001338,74.125.130.0-255,5738,102842,7,305361
64,0.00134,172.31.36.0-255,66,102908,7,305361
65,0.001347,74.125.130.0-255,7156,110064,7,305361
66,0.001349,172.31.36.0-255,66,110130,7,305361
67,0.001383,74.125.130.0-255,3602,113732,7,305361
68,0.001386,172.31.36.0-255,66,113798,7,305361
69,0.00141,74.125.130.0-255,1484,115282,7,305361
70,0.001426,74.125.130.0-255,2902,118184,7,305361
71,0.00143,172.31.36.0-255,66,118250,7,305361
72,0.001435,74.125.130.0-255,2902,121152,7,305361
73,0.001437,172.31.36.0-255,66,121218,7,305361
74,0.001459,74.125.130.0-255,2902,124120,7,305361
75,0.001463,172.31.36.0-255,66,124186,7,305361
76,0.001474,74.125.130.0-255,4320,128506,7,305361
77,0.001476,172.31.36.0-255,66,128572,7,305361
78,0.001502,74.125.130.0-255,1484,130056,7,305361
79,0.00151,74.125.130.0-255,7156,137212,7,305361
80,0.001512,172.31.36.0-255,66,137278,7,305361
81,0.001519,74.125.130.0-255,5738,143016,7,305361
82,0.001521,172.31.36.0-255,66,143082,7,305361
83,0.001556,74.125.130.0-255,5020,148102,7,305361
84,0.001559,172.31.36.0-255,66,148168,7,305361
85,0.001821,74.125.130.0-255,1484,149652,7,305361
86,0.001837,74.125.130.0-255,1484,151136,7,305361
87,0.001839,172.31.36.0-255,66,151202,7,305361
88,0.001864,74.125.130.0-255,1484,152686,7,305361
89,0.00187,74.125.130.0-255,5738,158424,7,305361
90,0.001873,172.31.36.0-255,66,158490,7,305361
91,0.001877,74.125.130.0-255,2902,161392,7,305361
92,0.001879,172.31.36.0-255,66,161458,7,305361
93,0.001883,74.125.130.0-255,1484,162942,7,305361
94,0.001916,172.31.36.0-255,66,163008,7,305361
95,0.001921,74.125.130.0-255,4320,167328,7,305361
96,0.001923,172.31.36.0-255,66,167394,7,305361
97,0.001951,74.125.130.0-255,6438,173832,7,305361
98,0.001959,172.31.36.0-255,66,173898,7,305361
99,0.004067,74.125.130.0-255,5738,179636,7,305361
100,0.004073,172.31.36.0-255,66,179702,7,305361
101,0.006197,74.125.130.0-255,1484,181186,7,305361
102,0.006228,74.125.130.0-255,4320,185506,7,305361
103,0.006233,172.31.36.0-255,66,185572,7,305361
104,0.008391,74.125.130.0-255,5738,191310,7,305361
105,0.008398,172.31.36.0-255,66,191376,7,305361
106,0.010514,74.125.130.0-255,5738,197114,7,305361
107,0.010521,172.31.36.0-255,66,197180,7,305361
108,0.012639,74.125.130.0-255,5738,202918,7,305361
109,0.012647,172.31.36.0-255,66,202984,7,305361
110,0.014765,74.125.130.0-255,5738,208722,7,305361
111,0.014772,172.31.36.0-255,66,208788,7,305361
112,0.016894,74.125.130.0-255,5738,214526,7,305361
113,0.0169,172.31.36.0-255,66,214592,7,305361
114,0.019013,74.125.130.0-255,5738,220330,7,305361
115,0.01902,172.31.36.0-255,66,220396,7,305361
116,0.021156,74.125.130.0-255,5738,226134,7,305361
117,0.021173,172.31.36.0-255,66,226200,7,305361
118,0.023293,74.125.130.0-255,5738,231938,7,305361
119,0.023302,172.31.36.0-255,66,232004,7,305361
120,0.02543,74.125.130.0-255,5738,237742,7,305361
121,0.025438,172.31.36.0-255,66,237808,7,305361
122,0.027555,74.125.130.0-255,5738,243546,7,305361
123,0.027563,172.31.36.0-255,66,243612,7,305361
124,0.029717,74.125.130.0-255,4320,247932,7,305361
125,0.029726,172.31.36.0-255,66,247998,7,305361
126,0.029765,74.125.130.0-255,1484,249482,7,305361
127,0.031843,74.125.130.0-255,4320,253802,7,305361
128,0.031851,172.31.36.0-255,66,253868,7,305361
129,0.033102,172.31.36.0-255,164,254032,7,305361
130,0.03313,172.31.36.0-255,1124,255156,7,305361
131,0.033189,172.31.36.0-255,1514,256670,7,305361
132,0.033208,172.31.36.0-255,1514,258184,7,305361
133,0.033209,172.31.36.0-255,1514,259698,7,305361
134,0.03323,172.31.36.0-255,1514,261212,7,305361
135,0.033234,172.31.36.0-255,1509,262721,7,305361
136,0.033967,74.125.130.0-255,5738,268459,7,305361
137,0.033972,172.31.36.0-255,66,268525,7,305361
138,0.034667,104.244.42.0-255,66,268591,7,305361
139,0.034673,104.244.42.0-255,66,268657,7,305361
140,0.0348,104.244.42.0-255,66,268723,7,305361
141,0.034802,104.244.42.0-255,66,268789,7,305361
142,0.036112,74.125.130.0-255,4320,273109,7,305361
143,0.036115,172.31.36.0-255,66,273175,7,305361
144,0.036154,74.125.130.0-255,1484,274659,7,305361
145,0.03823,74.125.130.0-255,4320,278979,7,305361
146,0.038235,172.31.36.0-255,66,279045,7,305361
147,0.040368,74.125.130.0-255,4320,283365,7,305361
148,0.040373,172.31.36.0-255,66,283431,7,305361
149,0.040402,74.125.130.0-255,1484,284915,7,305361
150,0.042508,74.125.130.0-255,2902,287817,7,305361
151,0.042514,172.31.36.0-255,66,287883,7,305361
152,0.042549,74.125.130.0-255,1484,289367,7,305361
153,0.044618,74.125.130.0-255,4320,293687,7,305361
154,0.044624,172.31.36.0-255,66,293753,7,305361
155,0.046733,74.125.130.0-255,5738,299491,7,305361
156,0.04674,172.31.36.0-255,66,299557,7,305361
157,0.048861,74.125.130.0-255,5738,305295,7,305361
158,0.048866,172.31.36.0-255,66,305361,7,305361
159,0.0,74.125.24.0-255,218,218,7,281709
160,2e-05,172.31.36.0-255,66,284,7,281709
161,2.8e-05,74.125.24.0-255,1484,1768,7,281709
162,3.4e-05,172.31.36.0-255,66,1834,7,281709
163,4.1e-05,74.125.24.0-255,4320,6154,7,281709
164,4.5e-05,172.31.36.0-255,66,6220,7,281709
165,7.6e-05,172.31.36.0-255,66,6286,7,281709
166,9.5e-05,74.125.24.0-255,1484,7770,7,281709
167,9.7e-05,172.31.36.0-255,66,7836,7,281709
168,0.000125,74.125.24.0-255,7156,14992,7,281709
169,0.000128,172.31.36.0-255,66,15058,7,281709
170,0.000147,74.125.24.0-255,5738,20796,7,281709
171,0.00015,172.31.36.0-255,66,20862,7,281709
172,0.000165,74.125.24.0-255,2543,23405,7,281709
173,0.000168,172.31.36.0-255,66,23471,7,281709
174,0.000259,74.125.24.0-255,1484,24955,7,281709
175,0.000262,172.31.36.0-255,66,25021,7,281709
176,0.000284,74.125.24.0-255,2902,27923,7,281709
177,0.000287,172.31.36.0-255,66,27989,7,281709
178,0.000293,74.125.24.0-255,5738,33727,7,281709
179,0.000296,172.31.36.0-255,66,33793,7,281709
180,0.000324,172.31.36.0-255,66,33859,7,281709
181,0.000344,74.125.24.0-255,5379,39238,7,281709
182,0.000347,172.31.36.0-255,66,39304,7,281709
183,0.000365,74.125.24.0-255,7156,46460,7,281709
184,0.000367,172.31.36.0-255,66,46526,7,281709
185,0.000391,74.125.24.0-255,2889,49415,7,281709
186,0.000393,172.31.36.0-255,66,49481,7,281709
187,0.000396,74.125.24.0-255,331,49812,7,281709
188,0.000398,172.31.36.0-255,66,49878,7,281709
189,0.000734,74.125.24.0-255,1484,51362,7,281709
190,0.000742,74.125.24.0-255,2902,54264,7,281709
191,0.000746,172.31.36.0-255,66,54330,7,281709
192,0.000753,74.125.24.0-255,5738,60068,7,281709
193,0.000768,74.125.24.0-255,4320,64388,7,281709
194,0.000775,172.31.36.0-255,66,64454,7,281709
195,0.0008,74.125.24.0-255,7156,71610,7,281709
196,0.000809,172.31.36.0-255,66,71676,7,281709
197,0.00082,74.125.24.0-255,4320,75996,7,281709
198,0.00084,172.31.36.0-255,66,76062,7,281709
199,0.001077,74.125.24.0-255,1484,77546,7,281709
200,0.001085,74.125.24.0-255,2902,80448,7,281709
201,0.001089,172.31.36.0-255,66,80514,7,281709
202,0.001096,74.125.24.0-255,5738,86252,7,281709
203,0.001109,74.125.24.0-255,1484,87736,7,281709
204,0.001124,172.31.36.0-255,66,87802,7,281709
205,0.001154,74.125.24.0-255,7156,94958,7,281709
206,0.001168,172.31.36.0-255,66,95024,7,281709
207,0.001184,74.125.24.0-255,3602,98626,7,281709
208,0.001202,172.31.36.0-255,66,98692,7,281709
209,0.001276,74.125.24.0-255,1484,100176,7,281709
210,0.001282,74.125.24.0-255,2902,103078,7,281709
211,0.001285,172.31.36.0-255,66,103144,7,281709
212,0.001289,74.125.24.0-255,1484,104628,7,281709
213,0.001308,74.125.24.0-255,4320,108948,7,281709
214,0.001312,172.31.36.0-255,66,109014,7,281709
215,0.001358,74.125.24.0-255,766,109780,7,281709
216,0.00138,172.31.36.0-255,66,109846,7,281709
217,0.001406,74.125.24.0-255,1484,111330,7,281709
218,0.001421,74.125.24.0-255,4320,115650,7,281709
219,0.001427,74.125.24.0-255,4320,119970,7,281709
220,0.001456,74.125.24.0-255,7156,127126,7,281709
221,0.001471,74.125.24.0-255,5738,132864,7,281709
222,0.001483,172.31.36.0-255,66,132930,7,281709
223,0.00188,74.125.24.0-255,1484,134414,7,281709
224,0.001887,74.125.24.0-255,2902,137316,7,281709
225,0.001893,74.125.24.0-255,5738,143054,7,281709
226,0.00191,74.125.24.0-255,2902,145956,7,281709
227,0.001964,74.125.24.0-255,4320,150276,7,281709
228,0.001982,74.125.24.0-255,6438,156714,7,281709
229,0.002026,74.125.24.0-255,1484,158198,7,281709
230,0.002039,74.125.24.0-255,2902,161100,7,281709
231,0.002044,74.125.24.0-255,4320,165420,7,281709
232,0.00206,74.125.24.0-255,1484,166904,7,281709
233,0.006308,172.31.36.0-255,66,166970,7,281709
234,0.008341,74.125.24.0-255,5738,172708,7,281709
235,0.008347,172.31.36.0-255,66,172774,7,281709
236,0.010385,74.125.24.0-255,5738,178512,7,281709
237,0.010392,172.31.36.0-255,66,178578,7,281709
238,0.012426,74.125.24.0-255,5738,184316,7,281709
239,0.012435,172.31.36.0-255,66,184382,7,281709
240,0.014485,74.125.24.0-255,5738,190120,7,281709
241,0.017603,172.31.36.0-255,66,190186,7,281709
242,0.019626,74.125.24.0-255,5738,195924,7,281709
243,0.019638,172.31.36.0-255,66,195990,7,281709
244,0.021711,74.125.24.0-255,5738,201728,7,281709
245,0.021719,172.31.36.0-255,66,201794,7,281709
246,0.023757,74.125.24.0-255,5738,207532,7,281709
247,0.023766,172.31.36.0-255,66,207598,7,281709
248,0.025787,74.125.24.0-255,5738,213336,7,281709
249,0.025794,172.31.36.0-255,66,213402,7,281709
250,0.025885,172.31.36.0-255,101,213503,7,281709
251,0.027846,74.125.24.0-255,5738,219241,7,281709
252,0.027853,172.31.36.0-255,66,219307,7,281709
253,0.027887,74.125.24.0-255,66,219373,7,281709
254,0.029896,74.125.24.0-255,5738,225111,7,281709
255,0.029903,172.31.36.0-255,66,225177,7,281709
256,0.031946,74.125.24.0-255,5738,230915,7,281709
257,0.031954,172.31.36.0-255,66,230981,7,281709
258,0.032094,172.31.36.0-255,176,231157,7,281709
259,0.032122,172.31.36.0-255,1115,232272,7,281709
260,0.03224,172.31.36.0-255,1514,233786,7,281709
261,0.032242,172.31.36.0-255,1293,235079,7,281709
262,0.033575,104.244.42.0-255,66,235145,7,281709
263,0.03361,104.244.42.0-255,66,235211,7,281709
264,0.033735,104.244.42.0-255,66,235277,7,281709
265,0.034002,74.125.24.0-255,5738,241015,7,281709
266,0.034007,172.31.36.0-255,66,241081,7,281709
267,0.036069,74.125.24.0-255,5738,246819,7,281709
268,0.036076,172.31.36.0-255,66,246885,7,281709
269,0.038137,74.125.24.0-255,5738,252623,7,281709
270,0.038143,172.31.36.0-255,66,252689,7,281709
271,0.040239,74.125.24.0-255,5738,258427,7,281709
272,0.040246,172.31.36.0-255,66,258493,7,281709
273,0.042282,74.125.24.0-255,5738,264231,7,281709
274,0.042297,172.31.36.0-255,66,264297,7,281709
275,0.044343,74.125.24.0-255,5738,270035,7,281709
276,0.044356,172.31.36.0-255,66,270101,7,281709
277,0.046401,74.125.24.0-255,5738,275839,7,281709
278,0.046414,172.31.36.0-255,66,275905,7,281709
279,0.048471,74.125.24.0-255,5738,281643,7,281709
280,0.048487,172.31.36.0-255,66,281709,7,281709
281,0.0,74.125.68.0-255,153,153,7,393477
282,2.2e-05,172.31.36.0-255,66,219,7,393477
283,3e-05,74.125.68.0-255,1484,1703,7,393477
284,3.4e-05,172.31.36.0-255,66,1769,7,393477
285,3.8e-05,74.125.68.0-255,1484,3253,7,393477
286,4.1e-05,172.31.36.0-255,66,3319,7,393477
287,4.9e-05,74.125.68.0-255,2902,6221,7,393477
288,5.2e-05,172.31.36.0-255,66,6287,7,393477
289,8.3e-05,74.125.68.0-255,5738,12025,7,393477
290,8.6e-05,172.31.36.0-255,66,12091,7,393477
291,9e-05,74.125.68.0-255,1951,14042,7,393477
292,9.2e-05,172.31.36.0-255,66,14108,7,393477
293,0.000156,74.125.68.0-255,1484,15592,7,393477
294,0.000159,172.31.36.0-255,66,15658,7,393477
295,0.000207,74.125.68.0-255,1484,17142,7,393477
296,0.00021,172.31.36.0-255,66,17208,7,393477
297,0.000215,74.125.68.0-255,2902,20110,7,393477
298,0.000217,172.31.36.0-255,66,20176,7,393477
299,0.000245,74.125.68.0-255,5738,25914,7,393477
300,0.000249,172.31.36.0-255,66,25980,7,393477
301,0.000282,74.125.68.0-255,1484,27464,7,393477
302,0.000284,172.31.36.0-255,66,27530,7,393477
303,0.000306,74.125.68.0-255,3961,31491,7,393477
304,0.000309,172.31.36.0-255,66,31557,7,393477
305,0.000408,74.125.68.0-255,1484,33041,7,393477
306,0.000412,172.31.36.0-255,66,33107,7,393477
307,0.000432,74.125.68.0-255,2902,36009,7,393477
308,0.000435,172.31.36.0-255,66,36075,7,393477
309,0.000437,74.125.68.0-255,1484,37559,7,393477
310,0.000439,172.31.36.0-255,66,37625,7,393477
311,0.000454,74.125.68.0-255,2902,40527,7,393477
312,0.000457,172.31.36.0-255,66,40593,7,393477
313,0.000489,74.125.68.0-255,5738,46331,7,393477
314,0.000495,74.125.68.0-255,2543,48874,7,393477
315,0.000498,74.125.68.0-255,2902,51776,7,393477
316,0.000516,74.125.68.0-255,1484,53260,7,393477
317,0.000541,74.125.68.0-255,5738,58998,7,393477
318,0.000549,74.125.68.0-255,7104,66102,7,393477
319,0.000594,172.31.36.0-255,66,66168,7,393477
320,0.000625,74.125.68.0-255,112,66280,7,393477
321,0.000796,74.125.68.0-255,1484,67764,7,393477
322,0.000803,172.31.36.0-255,66,67830,7,393477
323,0.000816,74.125.68.0-255,2902,70732,7,393477
324,0.00083,74.125.68.0-255,2902,73634,7,393477
325,0.00084,172.31.36.0-255,66,73700,7,393477
326,0.00086,74.125.68.0-255,2902,76602,7,393477
327,0.000867,74.125.68.0-255,5738,82340,7,393477
328,0.000874,74.125.68.0-255,7156,89496,7,393477
329,0.000888,172.31.36.0-255,66,89562,7,393477
330,0.000894,74.125.68.0-255,4320,93882,7,393477
331,0.000904,172.31.36.0-255,66,93948,7,393477
332,0.00091,74.125.68.0-255,2902,96850,7,393477
333,0.000931,172.31.36.0-255,66,96916,7,393477
334,0.000962,74.125.68.0-255,1484,98400,7,393477
335,0.000979,74.125.68.0-255,2452,100852,7,393477
336,0.000989,172.31.36.0-255,66,100918,7,393477
337,0.001027,74.125.68.0-255,1484,102402,7,393477
338,0.001042,74.125.68.0-255,2902,105304,7,393477
339,0.00106,74.125.68.0-255,4320,109624,7,393477
340,0.001065,172.31.36.0-255,66,109690,7,393477
341,0.00107,172.31.36.0-255,66,109756,7,393477
342,0.001081,74.125.68.0-255,5738,115494,7,393477
343,0.001099,74.125.68.0-255,2902,118396,7,393477
344,0.001105,74.125.68.0-255,5738,124134,7,393477
345,0.001117,172.31.36.0-255,66,124200,7,393477
346,0.001129,74.125.68.0-255,7156,131356,7,393477
347,0.001139,172.31.36.0-255,66,131422,7,393477
348,0.001157,74.125.68.0-255,3602,135024,7,393477
349,0.001166,172.31.36.0-255,66,135090,7,393477
350,0.001207,74.125.68.0-255,1484,136574,7,393477
351,0.001219,74.125.68.0-255,1484,138058,7,393477
352,0.001232,74.125.68.0-255,1484,139542,7,393477
353,0.001245,172.31.36.0-255,66,139608,7,393477
354,0.001249,74.125.68.0-255,1484,141092,7,393477
355,0.001272,74.125.68.0-255,2902,143994,7,393477
356,0.001284,172.31.36.0-255,66,144060,7,393477
357,0.001302,74.125.68.0-255,5738,149798,7,393477
358,0.001307,74.125.68.0-255,2902,152700,7,393477
359,0.001312,74.125.68.0-255,4320,157020,7,393477
360,0.00133,172.31.36.0-255,66,157086,7,393477
361,0.00135,74.125.68.0-255,3602,160688,7,393477
362,0.001364,172.31.36.0-255,66,160754,7,393477
363,0.0014,74.125.68.0-255,1484,162238,7,393477
364,0.001414,74.125.68.0-255,2902,165140,7,393477
365,0.001421,172.31.36.0-255,66,165206,7,393477
366,0.001442,74.125.68.0-255,5738,170944,7,393477
367,0.001459,74.125.68.0-255,4320,175264,7,393477
368,0.001464,172.31.36.0-255,66,175330,7,393477
369,0.0015,74.125.68.0-255,5738,181068,7,393477
370,0.001526,74.125.68.0-255,2902,183970,7,393477
371,0.001531,74.125.68.0-255,4320,188290,7,393477
372,0.001536,172.31.36.0-255,66,188356,7,393477
373,0.001547,172.31.36.0-255,66,188422,7,393477
374,0.001553,74.125.68.0-255,5738,194160,7,393477
375,0.001572,74.125.68.0-255,766,194926,7,393477
376,0.001579,172.31.36.0-255,66,194992,7,393477
377,0.0016,74.125.68.0-255,4320,199312,7,393477
378,0.001606,172.31.36.0-255,66,199378,7,393477
379,0.001624,74.125.68.0-255,1484,200862,7,393477
380,0.001632,74.125.68.0-255,7156,208018,7,393477
381,0.001675,172.31.36.0-255,66,208084,7,393477
382,0.001687,74.125.68.0-255,4320,212404,7,393477
383,0.001709,74.125.68.0-255,1484,213888,7,393477
384,0.001723,74.125.68.0-255,2902,216790,7,393477
385,0.00173,74.125.68.0-255,5738,222528,7,393477
386,0.001742,172.31.36.0-255,66,222594,7,393477
387,0.001758,74.125.68.0-255,6438,229032,7,393477
388,0.00178,172.31.36.0-255,66,229098,7,393477
389,0.001919,74.125.68.0-255,1484,230582,7,393477
390,0.001938,74.125.68.0-255,2902,233484,7,393477
391,0.001944,172.31.36.0-255,66,233550,7,393477
392,0.002018,74.125.68.0-255,1484,235034,7,393477
393,0.002044,74.125.68.0-255,2902,237936,7,393477
394,0.00206,172.31.36.0-255,66,238002,7,393477
395,0.002065,74.125.68.0-255,2902,240904,7,393477
396,0.002071,172.31.36.0-255,66,240970,7,393477
397,0.002087,74.125.68.0-255,2902,243872,7,393477
398,0.0021,74.125.68.0-255,1484,245356,7,393477
399,0.002115,74.125.68.0-255,5738,251094,7,393477
400,0.00213,74.125.68.0-255,1484,252578,7,393477
401,0.002156,74.125.68.0-255,1484,254062,7,393477
402,0.002186,74.125.68.0-255,766,254828,7,393477
403,0.002293,74.125.68.0-255,1484,256312,7,393477
404,0.00231,74.125.68.0-255,2902,259214,7,393477
405,0.002314,74.125.68.0-255,2902,262116,7,393477
406,0.002327,74.125.68.0-255,2902,265018,7,393477
407,0.002343,74.125.68.0-255,1484,266502,7,393477
408,0.002349,74.125.68.0-255,5738,272240,7,393477
409,0.002368,74.125.68.0-255,2902,275142,7,393477
410,0.002376,74.125.68.0-255,7156,282298,7,393477
411,0.002427,74.125.68.0-255,6438,288736,7,393477
412,0.002533,74.125.68.0-255,1484,290220,7,393477
413,0.002556,74.125.68.0-255,2902,293122,7,393477
414,0.002559,74.125.68.0-255,1484,294606,7,393477
415,0.002574,74.125.68.0-255,4320,298926,7,393477
416,0.002587,74.125.68.0-255,1484,300410,7,393477
417,0.002599,74.125.68.0-255,1484,301894,7,393477
418,0.009097,172.31.36.0-255,66,301960,7,393477
419,0.011678,74.125.68.0-255,5738,307698,7,393477
420,0.011691,172.31.36.0-255,66,307764,7,393477
421,0.011896,172.31.36.0-255,101,307865,7,393477
422,0.014257,74.125.68.0-255,5738,313603,7,393477
423,0.014272,172.31.36.0-255,66,313669,7,393477
424,0.014398,74.125.68.0-255,66,313735,7,393477
425,0.016837,74.125.68.0-255,5738,319473,7,393477
426,0.016846,172.31.36.0-255,66,319539,7,393477
427,0.019408,74.125.68.0-255,5738,325277,7,393477
428,0.019422,172.31.36.0-255,66,325343,7,393477
429,0.021985,74.125.68.0-255,5738,331081,7,393477
430,0.021994,172.31.36.0-255,66,331147,7,393477
431,0.024553,74.125.68.0-255,5738,336885,7,393477
432,0.024561,172.31.36.0-255,66,336951,7,393477
433,0.027131,74.125.68.0-255,5738,342689,7,393477
434,0.027142,172.31.36.0-255,66,342755,7,393477
435,0.029702,74.125.68.0-255,5738,348493,7,393477
436,0.029714,172.31.36.0-255,66,348559,7,393477
437,0.032277,74.125.68.0-255,5738,354297,7,393477
438,0.032285,172.31.36.0-255,66,354363,7,393477
439,0.0341,172.31.36.0-255,172,354535,7,393477
440,0.034133,172.31.36.0-255,1114,355649,7,393477
441,0.03419,172.31.36.0-255,1514,357163,7,393477
442,0.034191,172.31.36.0-255,1292,358455,7,393477
443,0.034841,74.125.68.0-255,5738,364193,7,393477
444,0.034848,172.31.36.0-255,66,364259,7,393477
445,0.035686,104.244.42.0-255,66,364325,7,393477
446,0.035714,104.244.42.0-255,66,364391,7,393477
447,0.035774,104.244.42.0-255,66,364457,7,393477
448,0.037409,74.125.68.0-255,5738,370195,7,393477
449,0.037414,172.31.36.0-255,66,370261,7,393477
450,0.039982,74.125.68.0-255,5738,375999,7,393477
451,0.039988,172.31.36.0-255,66,376065,7,393477
452,0.042593,74.125.68.0-255,5738,381803,7,393477
453,0.042602,172.31.36.0-255,66,381869,7,393477
454,0.045203,74.125.68.0-255,5738,387607,7,393477
455,0.04521,172.31.36.0-255,66,387673,7,393477
456,0.047793,74.125.68.0-255,5738,393411,7,393477
457,0.0478,172.31.36.0-255,66,393477,7,393477
458,0.0,74.125.24.0-255,226,226,7,156330
459,2.2e-05,172.31.36.0-255,66,292,7,156330
460,2.9e-05,74.125.24.0-255,1484,1776,7,156330
461,3.2e-05,172.31.36.0-255,66,1842,7,156330
462,8.1e-05,74.125.24.0-255,4320,6162,7,156330
463,8.4e-05,172.31.36.0-255,66,6228,7,156330
464,0.00032,74.125.24.0-255,7156,13384,7,156330
465,0.000325,172.31.36.0-255,66,13450,7,156330
466,0.00071,74.125.24.0-255,648,14098,7,156330
467,0.000715,172.31.36.0-255,66,14164,7,156330
468,0.00075,74.125.24.0-255,1484,15648,7,156330
469,0.000754,172.31.36.0-255,66,15714,7,156330
470,0.000827,74.125.24.0-255,1484,17198,7,156330
471,0.000831,172.31.36.0-255,66,17264,7,156330
472,0.000849,74.125.24.0-255,2902,20166,7,156330
473,0.000851,172.31.36.0-255,66,20232,7,156330
474,0.001084,74.125.24.0-255,4320,24552,7,156330
475,0.001089,172.31.36.0-255,66,24618,7,156330
476,0.001118,74.125.24.0-255,5738,30356,7,156330
477,0.00112,172.31.36.0-255,66,30422,7,156330
478,0.002406,74.125.24.0-255,2484,32906,7,156330
479,0.002411,172.31.36.0-255,66,32972,7,156330
480,0.003459,74.125.24.0-255,2902,35874,7,156330
481,0.003468,172.31.36.0-255,66,35940,7,156330
482,0.004777,74.125.24.0-255,2902,38842,7,156330
483,0.004784,172.31.36.0-255,66,38908,7,156330
484,0.005847,74.125.24.0-255,2902,41810,7,156330
485,0.005854,172.31.36.0-255,66,41876,7,156330
486,0.007135,74.125.24.0-255,2902,44778,7,156330
487,0.007144,172.31.36.0-255,66,44844,7,156330
488,0.008176,74.125.24.0-255,484,45328,7,156330
489,0.008183,172.31.36.0-255,66,45394,7,156330
490,0.008212,74.125.24.0-255,1484,46878,7,156330
491,0.008216,172.31.36.0-255,66,46944,7,156330
492,0.009541,74.125.24.0-255,2902,49846,7,156330
493,0.009548,172.31.36.0-255,66,49912,7,156330
494,0.010629,74.125.24.0-255,2902,52814,7,156330
495,0.010636,172.31.36.0-255,66,52880,7,156330
496,0.011894,74.125.24.0-255,2902,55782,7,156330
497,0.011901,172.31.36.0-255,66,55848,7,156330
498,0.013052,74.125.24.0-255,2902,58750,7,156330
499,0.013058,172.31.36.0-255,66,58816,7,156330
500,0.014273,74.125.24.0-255,1484,60300,7,156330
501,0.01428,172.31.36.0-255,66,60366,7,156330
502,0.01431,74.125.24.0-255,1484,61850,7,156330
503,0.014314,172.31.36.0-255,66,61916,7,156330
504,0.015425,74.125.24.0-255,2902,64818,7,156330
505,0.015431,172.31.36.0-255,66,64884,7,156330
506,0.016662,74.125.24.0-255,1484,66368,7,156330
507,0.016668,172.31.36.0-255,66,66434,7,156330
508,0.016697,74.125.24.0-255,1484,67918,7,156330
509,0.0167,172.31.36.0-255,66,67984,7,156330
510,0.01778,74.125.24.0-255,2902,70886,7,156330
511,0.017786,172.31.36.0-255,66,70952,7,156330
512,0.01901,74.125.24.0-255,1484,72436,7,156330
513,0.019016,172.31.36.0-255,66,72502,7,156330
514,0.020133,74.125.24.0-255,2902,75404,7,156330
515,0.020139,172.31.36.0-255,66,75470,7,156330
516,0.020197,74.125.24.0-255,1484,76954,7,156330
517,0.020203,172.31.36.0-255,66,77020,7,156330
518,0.021389,74.125.24.0-255,1484,78504,7,156330
519,0.022503,74.125.24.0-255,2902,81406,7,156330
520,0.02251,172.31.36.0-255,66,81472,7,156330
521,0.022581,74.125.24.0-255,1484,82956,7,156330
522,0.023541,172.31.36.0-255,172,83128,7,156330
523,0.023583,172.31.36.0-255,1113,84241,7,156330
524,0.023762,172.31.36.0-255,1514,85755,7,156330
525,0.023765,172.31.36.0-255,1514,87269,7,156330
526,0.023766,172.31.36.0-255,1514,88783,7,156330
527,0.023771,172.31.36.0-255,1514,90297,7,156330
528,0.023772,172.31.36.0-255,1514,91811,7,156330
529,0.023773,172.31.36.0-255,71,91882,7,156330
530,0.024887,74.125.24.0-255,4320,96202,7,156330
531,0.024893,172.31.36.0-255,66,96268,7,156330
532,0.025092,104.244.42.0-255,66,96334,7,156330
533,0.025121,104.244.42.0-255,66,96400,7,156330
534,0.025342,104.244.42.0-255,66,96466,7,156330
535,0.025348,104.244.42.0-255,66,96532,7,156330
536,0.025934,104.244.42.0-255,108,96640,7,156330
537,0.025947,172.31.36.0-255,66,96706,7,156330
538,0.027232,74.125.24.0-255,2902,99608,7,156330
539,0.027238,172.31.36.0-255,66,99674,7,156330
540,0.027295,74.125.24.0-255,2902,102576,7,156330
541,0.027299,172.31.36.0-255,66,102642,7,156330
542,0.029621,74.125.24.0-255,2902,105544,7,156330
543,0.029628,172.31.36.0-255,66,105610,7,156330
544,0.029688,74.125.24.0-255,2902,108512,7,156330
545,0.029692,172.31.36.0-255,66,108578,7,156330
546,0.03205,74.125.24.0-255,2902,111480,7,156330
547,0.032055,172.31.36.0-255,66,111546,7,156330
548,0.032115,74.125.24.0-255,2902,114448,7,156330
549,0.032119,172.31.36.0-255,66,114514,7,156330
550,0.034435,74.125.24.0-255,2902,117416,7,156330
551,0.03444,172.31.36.0-255,66,117482,7,156330
552,0.034507,74.125.24.0-255,2902,120384,7,156330
553,0.034511,172.31.36.0-255,66,120450,7,156330
554,0.036813,74.125.24.0-255,1484,121934,7,156330
555,0.036818,172.31.36.0-255,66,122000,7,156330
556,0.036877,74.125.24.0-255,4320,126320,7,156330
557,0.036881,172.31.36.0-255,66,126386,7,156330
558,0.039178,74.125.24.0-255,1484,127870,7,156330
559,0.039183,172.31.36.0-255,66,127936,7,156330
560,0.039265,74.125.24.0-255,4320,132256,7,156330
561,0.039268,172.31.36.0-255,66,132322,7,156330
562,0.041552,74.125.24.0-255,1484,133806,7,156330
563,0.041556,172.31.36.0-255,66,133872,7,156330
564,0.041612,74.125.24.0-255,4320,138192,7,156330
565,0.041615,172.31.36.0-255,66,138258,7,156330
566,0.043941,74.125.24.0-255,1484,139742,7,156330
567,0.043947,172.31.36.0-255,66,139808,7,156330
568,0.044015,74.125.24.0-255,4320,144128,7,156330
569,0.044019,172.31.36.0-255,66,144194,7,156330
570,0.046326,74.125.24.0-255,1484,145678,7,156330
571,0.046331,172.31.36.0-255,66,145744,7,156330
572,0.046407,74.125.24.0-255,2902,148646,7,156330
573,0.046411,172.31.36.0-255,66,148712,7,156330
574,0.046438,74.125.24.0-255,1484,150196,7,156330
575,0.046442,172.31.36.0-255,66,150262,7,156330
576,0.048702,74.125.24.0-255,1484,151746,7,156330
577,0.048708,172.31.36.0-255,66,151812,7,156330
578,0.048759,74.125.24.0-255,2902,154714,7,156330
579,0.048763,172.31.36.0-255,66,154780,7,156330
580,0.048902,74.125.24.0-255,1484,156264,7,156330
581,0.048907,172.31.36.0-255,66,156330,7,156330
582,0.0,74.125.24.0-255,153,153,7,196242
583,2.2e-05,172.31.36.0-255,66,219,7,196242
584,2.9e-05,74.125.24.0-255,1484,1703,7,196242
585,3.3e-05,172.31.36.0-255,66,1769,7,196242
586,3.9e-05,74.125.24.0-255,2902,4671,7,196242
587,4.2e-05,172.31.36.0-255,66,4737,7,196242
588,5e-05,74.125.24.0-255,7156,11893,7,196242
589,5.3e-05,172.31.36.0-255,66,11959,7,196242
590,5.7e-05,74.125.24.0-255,2075,14034,7,196242
591,5.9e-05,172.31.36.0-255,66,14100,7,196242
592,0.000302,74.125.24.0-255,1484,15584,7,196242
593,0.000307,172.31.36.0-255,66,15650,7,196242
594,0.000314,74.125.24.0-255,2902,18552,7,196242
595,0.000317,172.31.36.0-255,66,18618,7,196242
596,0.000321,74.125.24.0-255,2902,21520,7,196242
597,0.000323,172.31.36.0-255,66,21586,7,196242
598,0.000344,74.125.24.0-255,2902,24488,7,196242
599,0.000346,172.31.36.0-255,66,24554,7,196242
600,0.000358,74.125.24.0-255,2902,27456,7,196242
601,0.00036,172.31.36.0-255,66,27522,7,196242
602,0.000378,74.125.24.0-255,3961,31483,7,196242
603,0.00038,172.31.36.0-255,66,31549,7,196242
604,0.000473,74.125.24.0-255,1484,33033,7,196242
605,0.000477,172.31.36.0-255,66,33099,7,196242
606,0.000481,74.125.24.0-255,1484,34583,7,196242
607,0.000483,172.31.36.0-255,66,34649,7,196242
608,0.000498,74.125.24.0-255,1484,36133,7,196242
609,0.000501,172.31.36.0-255,66,36199,7,196242
610,0.000507,74.125.24.0-255,4320,40519,7,196242
611,0.000509,172.31.36.0-255,66,40585,7,196242
612,0.000515,74.125.24.0-255,5738,46323,7,196242
613,0.000517,172.31.36.0-255,66,46389,7,196242
614,0.000539,74.125.24.0-255,1484,47873,7,196242
615,0.000566,172.31.36.0-255,66,47939,7,196242
616,0.00057,74.125.24.0-255,2902,50841,7,196242
617,0.000572,172.31.36.0-255,66,50907,7,196242
618,0.000616,74.125.24.0-255,3961,54868,7,196242
619,0.00062,172.31.36.0-255,66,54934,7,196242
620,0.001501,74.125.24.0-255,645,55579,7,196242
621,0.001627,74.125.24.0-255,1484,57063,7,196242
622,0.001633,172.31.36.0-255,66,57129,7,196242
623,0.001641,74.125.24.0-255,2902,60031,7,196242
624,0.001643,172.31.36.0-255,66,60097,7,196242
625,0.001649,74.125.24.0-255,4320,64417,7,196242
626,0.001651,172.31.36.0-255,66,64483,7,196242
627,0.001666,74.125.24.0-255,1484,65967,7,196242
628,0.001698,172.31.36.0-255,66,66033,7,196242
629,0.001704,74.125.24.0-255,4320,70353,7,196242
630,0.001706,172.31.36.0-255,66,70419,7,196242
631,0.00172,74.125.24.0-255,4320,74739,7,196242
632,0.001723,172.31.36.0-255,66,74805,7,196242
633,0.001742,74.125.24.0-255,2184,76989,7,196242
634,0.001745,172.31.36.0-255,66,77055,7,196242
635,0.004009,74.125.24.0-255,5738,82793,7,196242
636,0.004015,172.31.36.0-255,66,82859,7,196242
637,0.006288,74.125.24.0-255,4320,87179,7,196242
638,0.006292,172.31.36.0-255,66,87245,7,196242
639,0.006309,74.125.24.0-255,1484,88729,7,196242
640,0.008571,74.125.24.0-255,4320,93049,7,196242
641,0.008578,172.31.36.0-255,66,93115,7,196242
642,0.010871,74.125.24.0-255,5738,98853,7,196242
643,0.01088,172.31.36.0-255,66,98919,7,196242
644,0.013169,74.125.24.0-255,5738,104657,7,196242
645,0.013179,172.31.36.0-255,66,104723,7,196242
646,0.015457,74.125.24.0-255,5738,110461,7,196242
647,0.015466,172.31.36.0-255,66,110527,7,196242
648,0.017779,74.125.24.0-255,5738,116265,7,196242
649,0.01779,172.31.36.0-255,66,116331,7,196242
650,0.020088,74.125.24.0-255,5738,122069,7,196242
651,0.020096,172.31.36.0-255,66,122135,7,196242
652,0.022446,74.125.24.0-255,5738,127873,7,196242
653,0.022453,172.31.36.0-255,66,127939,7,196242
654,0.02426,172.31.36.0-255,167,128106,7,196242
655,0.024289,172.31.36.0-255,1115,129221,7,196242
656,0.024345,172.31.36.0-255,1514,130735,7,196242
657,0.024346,172.31.36.0-255,1291,132026,7,196242
658,0.024757,74.125.24.0-255,5738,137764,7,196242
659,0.024764,172.31.36.0-255,66,137830,7,196242
660,0.025854,104.244.42.0-255,66,137896,7,196242
661,0.025861,104.244.42.0-255,66,137962,7,196242
662,0.025934,104.244.42.0-255,66,138028,7,196242
663,0.026564,104.244.42.0-255,108,138136,7,196242
664,0.026586,172.31.36.0-255,66,138202,7,196242
665,0.027095,74.125.24.0-255,5738,143940,7,196242
666,0.0271,172.31.36.0-255,66,144006,7,196242
667,0.029381,74.125.24.0-255,5738,149744,7,196242
668,0.029388,172.31.36.0-255,66,149810,7,196242
669,0.031699,74.125.24.0-255,5738,155548,7,196242
670,0.031706,172.31.36.0-255,66,155614,7,196242
671,0.034009,74.125.24.0-255,5738,161352,7,196242
672,0.034016,172.31.36.0-255,66,161418,7,196242
673,0.03634,74.125.24.0-255,5738,167156,7,196242
674,0.036346,172.31.36.0-255,66,167222,7,196242
675,0.038669,74.125.24.0-255,5738,172960,7,196242
676,0.038676,172.31.36.0-255,66,173026,7,196242
677,0.04099,74.125.24.0-255,5738,178764,7,196242
678,0.040997,172.31.36.0-255,66,178830,7,196242
679,0.043349,74.125.24.0-255,5738,184568,7,196242
680,0.043358,172.31.36.0-255,66,184634,7,196242
681,0.045666,74.125.24.0-255,5738,190372,7,196242
682,0.045672,172.31.36.0-255,66,190438,7,196242
683,0.047984,74.125.24.0-255,5738,196176,7,196242
684,0.047991,172.31.36.0-255,66,196242,7,196242
685,0.0,74.125.24.0-255,153,153,7,208813
686,1.5e-05,172.31.36.0-255,66,219,7,208813
687,2.1e-05,74.125.24.0-255,1484,1703,7,208813
688,2.6e-05,172.31.36.0-255,66,1769,7,208813
689,6.1e-05,74.125.24.0-255,2902,4671,7,208813
690,7.1e-05,172.31.36.0-255,66,4737,7,208813
691,7.8e-05,74.125.24.0-255,4320,9057,7,208813
692,8.2e-05,172.31.36.0-255,66,9123,7,208813
693,8.5e-05,74.125.24.0-255,1484,10607,7,208813
694,8.8e-05,172.31.36.0-255,66,10673,7,208813
695,0.000143,172.31.36.0-255,66,10739,7,208813
696,0.000154,172.31.36.0-255,66,10805,7,208813
697,0.000169,74.125.24.0-255,3961,14766,7,208813
698,0.000173,172.31.36.0-255,66,14832,7,208813
699,0.000591,74.125.24.0-255,1484,16316,7,208813
700,0.000597,172.31.36.0-255,66,16382,7,208813
701,0.000604,74.125.24.0-255,2902,19284,7,208813
702,0.000608,172.31.36.0-255,66,19350,7,208813
703,0.000638,74.125.24.0-255,5738,25088,7,208813
704,0.000648,172.31.36.0-255,66,25154,7,208813
705,0.000651,74.125.24.0-255,1484,26638,7,208813
706,0.000653,172.31.36.0-255,66,26704,7,208813
707,0.000694,172.31.36.0-255,66,26770,7,208813
708,0.000699,74.125.24.0-255,2902,29672,7,208813
709,0.000701,172.31.36.0-255,66,29738,7,208813
710,0.000757,172.31.36.0-255,66,29804,7,208813
711,0.000979,74.125.24.0-255,347,30151,7,208813
712,0.000985,172.31.36.0-255,66,30217,7,208813
713,0.001046,74.125.24.0-255,1484,31701,7,208813
714,0.00107,74.125.24.0-255,2902,34603,7,208813
715,0.001074,172.31.36.0-255,66,34669,7,208813
716,0.00108,74.125.24.0-255,5738,40407,7,208813
717,0.001083,172.31.36.0-255,66,40473,7,208813
718,0.001086,74.125.24.0-255,1484,41957,7,208813
719,0.001141,74.125.24.0-255,4831,46788,7,208813
720,0.001147,172.31.36.0-255,66,46854,7,208813
721,0.001184,74.125.24.0-255,5738,52592,7,208813
722,0.001189,172.31.36.0-255,66,52658,7,208813
723,0.001211,172.31.36.0-255,66,52724,7,208813
724,0.001245,74.125.24.0-255,2543,55267,7,208813
725,0.001248,172.31.36.0-255,66,55333,7,208813
726,0.001689,74.125.24.0-255,1484,56817,7,208813
727,0.001695,74.125.24.0-255,2902,59719,7,208813
728,0.001698,172.31.36.0-255,66,59785,7,208813
729,0.001702,74.125.24.0-255,1484,61269,7,208813
730,0.001729,74.125.24.0-255,4320,65589,7,208813
731,0.001732,172.31.36.0-255,66,65655,7,208813
732,0.001737,74.125.24.0-255,4320,69975,7,208813
733,0.001739,172.31.36.0-255,66,70041,7,208813
734,0.001771,172.31.36.0-255,66,70107,7,208813
735,0.001787,172.31.36.0-255,66,70173,7,208813
736,0.003791,74.125.24.0-255,2902,73075,7,208813
737,0.003796,172.31.36.0-255,66,73141,7,208813
738,0.003826,74.125.24.0-255,2902,76043,7,208813
739,0.003828,172.31.36.0-255,66,76109,7,208813
740,0.005822,74.125.24.0-255,5738,81847,7,208813
741,0.005827,172.31.36.0-255,66,81913,7,208813
742,0.007877,74.125.24.0-255,5738,87651,7,208813
743,0.007884,172.31.36.0-255,66,87717,7,208813
744,0.009895,74.125.24.0-255,5738,93455,7,208813
745,0.009901,172.31.36.0-255,66,93521,7,208813
746,0.011895,74.125.24.0-255,5738,99259,7,208813
747,0.011902,172.31.36.0-255,66,99325,7,208813
748,0.013925,74.125.24.0-255,5738,105063,7,208813
749,0.013934,172.31.36.0-255,66,105129,7,208813
750,0.015937,74.125.24.0-255,5738,110867,7,208813
751,0.015947,172.31.36.0-255,66,110933,7,208813
752,0.018054,74.125.24.0-255,5738,116671,7,208813
753,0.018063,172.31.36.0-255,66,116737,7,208813
754,0.020099,74.125.24.0-255,2902,119639,7,208813
755,0.020106,172.31.36.0-255,66,119705,7,208813
756,0.020139,74.125.24.0-255,2902,122607,7,208813
757,0.020144,172.31.36.0-255,66,122673,7,208813
758,0.022141,74.125.24.0-255,5738,128411,7,208813
759,0.022148,172.31.36.0-255,66,128477,7,208813
760,0.024198,74.125.24.0-255,5738,134215,7,208813
761,0.024205,172.31.36.0-255,66,134281,7,208813
762,0.025438,172.31.36.0-255,172,134453,7,208813
763,0.02565,172.31.36.0-255,1115,135568,7,208813
764,0.02575,172.31.36.0-255,1514,137082,7,208813
765,0.025752,172.31.36.0-255,1291,138373,7,208813
766,0.026206,74.125.24.0-255,5738,144111,7,208813
767,0.026214,172.31.36.0-255,66,144177,7,208813
768,0.026974,104.244.42.0-255,66,144243,7,208813
769,0.02721,104.244.42.0-255,66,144309,7,208813
770,0.027315,104.244.42.0-255,66,144375,7,208813
771,0.028256,74.125.24.0-255,1484,145859,7,208813
772,0.02831,74.125.24.0-255,4320,150179,7,208813
773,0.028315,172.31.36.0-255,66,150245,7,208813
774,0.030323,74.125.24.0-255,5738,155983,7,208813
775,0.030335,172.31.36.0-255,66,156049,7,208813
776,0.032358,74.125.24.0-255,5738,161787,7,208813
777,0.032372,172.31.36.0-255,66,161853,7,208813
778,0.034377,74.125.24.0-255,5738,167591,7,208813
779,0.034382,172.31.36.0-255,66,167657,7,208813
780,0.03638,74.125.24.0-255,5738,173395,7,208813
781,0.036385,172.31.36.0-255,66,173461,7,208813
782,0.038385,74.125.24.0-255,2902,176363,7,208813
783,0.038391,172.31.36.0-255,66,176429,7,208813
784,0.038427,74.125.24.0-255,2902,179331,7,208813
785,0.03843,172.31.36.0-255,66,179397,7,208813
786,0.040428,74.125.24.0-255,2902,182299,7,208813
787,0.040434,172.31.36.0-255,66,182365,7,208813
788,0.040466,74.125.24.0-255,2902,185267,7,208813
789,0.040469,172.31.36.0-255,66,185333,7,208813
790,0.042434,74.125.24.0-255,2902,188235,7,208813
791,0.042441,172.31.36.0-255,66,188301,7,208813
792,0.042481,74.125.24.0-255,2902,191203,7,208813
793,0.042484,172.31.36.0-255,66,191269,7,208813
794,0.044475,74.125.24.0-255,2902,194171,7,208813
795,0.044482,172.31.36.0-255,66,194237,7,208813
796,0.044519,74.125.24.0-255,2902,197139,7,208813
797,0.044523,172.31.36.0-255,66,197205,7,208813
798,0.046525,74.125.24.0-255,5738,202943,7,208813
799,0.046532,172.31.36.0-255,66,203009,7,208813
800,0.048563,74.125.24.0-255,5738,208747,7,208813
801,0.048571,172.31.36.0-255,66,208813,7,208813
802,0.0,172.217.194.0-255,153,153,7,156153
803,2.6e-05,172.31.36.0-255,66,219,7,156153
804,3.4e-05,172.217.194.0-255,1484,1703,7,156153
805,3.9e-05,172.31.36.0-255,66,1769,7,156153
806,4.5e-05,172.217.194.0-255,2902,4671,7,156153
807,5.7e-05,172.31.36.0-255,66,4737,7,156153
808,6.4e-05,172.217.194.0-255,5738,10475,7,156153
809,6.8e-05,172.31.36.0-255,66,10541,7,156153
810,7.4e-05,172.217.194.0-255,4320,14861,7,156153
811,7.9e-05,172.31.36.0-255,66,14927,7,156153
812,0.000114,172.217.194.0-255,6229,21156,7,156153
813,0.000124,172.31.36.0-255,66,21222,7,156153
814,0.000135,172.31.36.0-255,66,21288,7,156153
815,0.000147,172.31.36.0-255,66,21354,7,156153
816,0.000154,172.217.194.0-255,6797,28151,7,156153
817,0.000156,172.31.36.0-255,66,28217,7,156153
818,0.000458,172.217.194.0-255,1484,29701,7,156153
819,0.000464,172.31.36.0-255,66,29767,7,156153
820,0.000471,172.217.194.0-255,2902,32669,7,156153
821,0.000473,172.31.36.0-255,66,32735,7,156153
822,0.000486,172.217.194.0-255,5738,38473,7,156153
823,0.00049,172.31.36.0-255,66,38539,7,156153
824,0.000493,172.217.194.0-255,1484,40023,7,156153
825,0.000495,172.31.36.0-255,66,40089,7,156153
826,0.000527,172.217.194.0-255,5961,46050,7,156153
827,0.000531,172.31.36.0-255,66,46116,7,156153
828,0.000534,172.217.194.0-255,1484,47600,7,156153
829,0.000536,172.31.36.0-255,66,47666,7,156153
830,0.000581,172.31.36.0-255,66,47732,7,156153
831,0.000583,172.217.194.0-255,574,48306,7,156153
832,0.000673,172.217.194.0-255,1484,49790,7,156153
833,0.000679,172.31.36.0-255,66,49856,7,156153
834,0.000685,172.217.194.0-255,2902,52758,7,156153
835,0.000688,172.31.36.0-255,66,52824,7,156153
836,0.000694,172.217.194.0-255,5738,58562,7,156153
837,0.000703,172.31.36.0-255,66,58628,7,156153
838,0.000716,172.31.36.0-255,66,58694,7,156153
839,0.000795,172.31.36.0-255,66,58760,7,156153
840,0.000999,172.217.194.0-255,1484,60244,7,156153
841,0.001007,172.217.194.0-255,2902,63146,7,156153
842,0.001011,172.31.36.0-255,66,63212,7,156153
843,0.001018,172.217.194.0-255,5738,68950,7,156153
844,0.001021,172.31.36.0-255,66,69016,7,156153
845,0.001032,172.217.194.0-255,2902,71918,7,156153
846,0.001035,172.31.36.0-255,66,71984,7,156153
847,0.001082,172.31.36.0-255,66,72050,7,156153
848,0.001101,172.31.36.0-255,66,72116,7,156153
849,0.001197,172.217.194.0-255,1484,73600,7,156153
850,0.001203,172.217.194.0-255,2902,76502,7,156153
851,0.001208,172.31.36.0-255,66,76568,7,156153
852,0.001215,172.217.194.0-255,5738,82306,7,156153
853,0.001217,172.31.36.0-255,66,82372,7,156153
854,0.001262,172.31.36.0-255,66,82438,7,156153
855,0.001275,172.31.36.0-255,66,82504,7,156153
856,0.001323,172.217.194.0-255,1484,83988,7,156153
857,0.001327,172.217.194.0-255,1484,85472,7,156153
858,0.00133,172.31.36.0-255,66,85538,7,156153
859,0.001361,172.217.194.0-255,1484,87022,7,156153
860,0.001369,172.217.194.0-255,5738,92760,7,156153
861,0.001372,172.31.36.0-255,66,92826,7,156153
862,0.001396,172.31.36.0-255,66,92892,7,156153
863,0.001433,172.31.36.0-255,66,92958,7,156153
864,0.001448,172.31.36.0-255,66,93024,7,156153
865,0.001493,172.31.36.0-255,66,93090,7,156153
866,0.001528,172.31.36.0-255,66,93156,7,156153
867,0.00153,172.217.194.0-255,766,93922,7,156153
868,0.001615,172.217.194.0-255,1484,95406,7,156153
869,0.001619,172.31.36.0-255,66,95472,7,156153
870,0.00163,172.217.194.0-255,2902,98374,7,156153
871,0.001632,172.31.36.0-255,66,98440,7,156153
872,0.001642,172.217.194.0-255,5738,104178,7,156153
873,0.001645,172.31.36.0-255,66,104244,7,156153
874,0.001648,172.217.194.0-255,1484,105728,7,156153
875,0.001701,172.31.36.0-255,66,105794,7,156153
876,0.001713,172.217.194.0-255,2184,107978,7,156153
877,0.001755,172.217.194.0-255,1484,109462,7,156153
878,0.001773,172.31.36.0-255,66,109528,7,156153
879,0.001792,172.217.194.0-255,1484,111012,7,156153
880,0.0018,172.217.194.0-255,7156,118168,7,156153
881,0.001802,172.31.36.0-255,66,118234,7,156153
882,0.00182,172.217.194.0-255,5738,123972,7,156153
883,0.001824,172.217.194.0-255,2184,126156,7,156153
884,0.001853,172.31.36.0-255,66,126222,7,156153
885,0.001961,172.217.194.0-255,1484,127706,7,156153
886,0.001967,172.217.194.0-255,2902,130608,7,156153
887,0.001971,172.31.36.0-255,66,130674,7,156153
888,0.001994,172.217.194.0-255,5738,136412,7,156153
889,0.002,172.217.194.0-255,4320,140732,7,156153
890,0.002008,172.31.36.0-255,66,140798,7,156153
891,0.002037,172.31.36.0-255,66,140864,7,156153
892,0.002053,172.217.194.0-255,1484,142348,7,156153
893,0.00211,172.31.36.0-255,66,142414,7,156153
894,0.002117,172.217.194.0-255,7156,149570,7,156153
895,0.002137,172.31.36.0-255,66,149636,7,156153
896,0.002183,172.217.194.0-255,1731,151367,7,156153
897,0.002191,172.31.36.0-255,66,151433,7,156153
898,0.002202,172.217.194.0-255,105,151538,7,156153
899,0.005341,172.31.36.0-255,66,151604,7,156153
900,0.005394,172.31.36.0-255,105,151709,7,156153
901,0.007692,172.217.194.0-255,66,151775,7,156153
902,0.032118,172.31.36.0-255,192,151967,7,156153
903,0.032175,172.31.36.0-255,958,152925,7,156153
904,0.032253,172.31.36.0-255,1514,154439,7,156153
905,0.032279,172.31.36.0-255,1450,155889,7,156153
906,0.033666,104.244.42.0-255,66,155955,7,156153
907,0.033706,104.244.42.0-255,66,156021,7,156153
908,0.033845,104.244.42.0-255,66,156087,7,156153
909,0.033894,104.244.42.0-255,66,156153,7,156153
910,0.0,172.217.194.0-255,148,148,7,217936
911,1.3e-05,172.31.36.0-255,66,214,7,217936
912,3.2e-05,172.217.194.0-255,1484,1698,7,217936
913,3.6e-05,172.31.36.0-255,66,1764,7,217936
914,5.2e-05,172.217.194.0-255,2902,4666,7,217936
915,5.4e-05,172.31.36.0-255,66,4732,7,217936
916,6e-05,172.217.194.0-255,4320,9052,7,217936
917,6.2e-05,172.31.36.0-255,66,9118,7,217936
918,8.6e-05,172.217.194.0-255,2902,12020,7,217936
919,8.8e-05,172.31.36.0-255,66,12086,7,217936
920,9.2e-05,172.217.194.0-255,1966,14052,7,217936
921,9.4e-05,172.31.36.0-255,66,14118,7,217936
922,0.000102,172.217.194.0-255,7156,21274,7,217936
923,0.000104,172.31.36.0-255,66,21340,7,217936
924,0.000125,172.217.194.0-255,4320,25660,7,217936
925,0.000127,172.31.36.0-255,66,25726,7,217936
926,0.000133,172.217.194.0-255,5379,31105,7,217936
927,0.000135,172.31.36.0-255,66,31171,7,217936
928,0.000215,172.217.194.0-255,1484,32655,7,217936
929,0.000219,172.31.36.0-255,66,32721,7,217936
930,0.000223,172.217.194.0-255,2902,35623,7,217936
931,0.000225,172.31.36.0-255,66,35689,7,217936
932,0.000245,172.217.194.0-255,5738,41427,7,217936
933,0.000247,172.31.36.0-255,66,41493,7,217936
934,0.000279,172.217.194.0-255,1484,42977,7,217936
935,0.000281,172.31.36.0-255,66,43043,7,217936
936,0.000304,172.217.194.0-255,6797,49840,7,217936
937,0.000306,172.31.36.0-255,66,49906,7,217936
938,0.000316,172.31.36.0-255,66,49972,7,217936
939,0.000336,172.217.194.0-255,7088,57060,7,217936
940,0.000339,172.31.36.0-255,66,57126,7,217936
941,0.000364,172.217.194.0-255,367,57493,7,217936
942,0.00044,172.217.194.0-255,1484,58977,7,217936
943,0.000444,172.31.36.0-255,66,59043,7,217936
944,0.000449,172.217.194.0-255,1484,60527,7,217936
945,0.000461,172.217.194.0-255,1484,62011,7,217936
946,0.000463,172.31.36.0-255,66,62077,7,217936
947,0.000467,172.217.194.0-255,1484,63561,7,217936
948,0.000491,172.217.194.0-255,4320,67881,7,217936
949,0.000494,172.31.36.0-255,66,67947,7,217936
950,0.000499,172.217.194.0-255,2902,70849,7,217936
951,0.000502,172.31.36.0-255,66,70915,7,217936
952,0.000527,172.31.36.0-255,66,70981,7,217936
953,0.000532,172.217.194.0-255,4320,75301,7,217936
954,0.000535,172.31.36.0-255,66,75367,7,217936
955,0.00056,172.217.194.0-255,5379,80746,7,217936
956,0.000563,172.31.36.0-255,66,80812,7,217936
957,0.000766,172.217.194.0-255,1484,82296,7,217936
958,0.000791,172.217.194.0-255,2902,85198,7,217936
959,0.000794,172.31.36.0-255,66,85264,7,217936
960,0.0008,172.217.194.0-255,4320,89584,7,217936
961,0.000801,172.31.36.0-255,66,89650,7,217936
962,0.000843,172.31.36.0-255,66,89716,7,217936
963,0.000851,172.217.194.0-255,7156,96872,7,217936
964,0.000853,172.31.36.0-255,66,96938,7,217936
965,0.00087,172.217.194.0-255,5738,102676,7,217936
966,0.000873,172.31.36.0-255,66,102742,7,217936
967,0.000888,172.217.194.0-255,3602,106344,7,217936
968,0.000892,172.31.36.0-255,66,106410,7,217936
969,0.000957,172.217.194.0-255,1484,107894,7,217936
970,0.000993,172.217.194.0-255,1484,109378,7,217936
971,0.000996,172.31.36.0-255,66,109444,7,217936
972,0.00102,172.217.194.0-255,1484,110928,7,217936
973,0.001028,172.217.194.0-255,5738,116666,7,217936
974,0.00103,172.31.36.0-255,66,116732,7,217936
975,0.001038,172.217.194.0-255,7156,123888,7,217936
976,0.00104,172.31.36.0-255,66,123954,7,217936
977,0.001046,172.217.194.0-255,4320,128274,7,217936
978,0.001049,172.31.36.0-255,66,128340,7,217936
979,0.001086,172.31.36.0-255,66,128406,7,217936
980,0.001091,172.217.194.0-255,2184,130590,7,217936
981,0.001093,172.31.36.0-255,66,130656,7,217936
982,0.00114,172.217.194.0-255,1484,132140,7,217936
983,0.001155,172.217.194.0-255,2902,135042,7,217936
984,0.001158,172.31.36.0-255,66,135108,7,217936
985,0.00118,172.217.194.0-255,5738,140846,7,217936
986,0.001183,172.31.36.0-255,66,140912,7,217936
987,0.001187,172.217.194.0-255,2902,143814,7,217936
988,0.00119,172.31.36.0-255,66,143880,7,217936
989,0.001214,172.31.36.0-255,66,143946,7,217936
990,0.001224,172.31.36.0-255,66,144012,7,217936
991,0.001259,172.217.194.0-255,2184,146196,7,217936
992,0.001262,172.31.36.0-255,66,146262,7,217936
993,0.001279,172.217.194.0-255,2902,149164,7,217936
994,0.001282,172.31.36.0-255,66,149230,7,217936
995,0.001297,172.217.194.0-255,2902,152132,7,217936
996,0.001299,172.31.36.0-255,66,152198,7,217936
997,0.00132,172.217.194.0-255,4320,156518,7,217936
998,0.001323,172.31.36.0-255,66,156584,7,217936
999,0.001329,172.217.194.0-255,5738,162322,7,217936
1000,0.001331,172.31.36.0-255,66,162388,7,217936
1001,0.001337,172.217.194.0-255,4320,166708,7,217936
1002,0.001339,172.31.36.0-255,66,166774,7,217936
1003,0.001373,172.31.36.0-255,66,166840,7,217936
1004,0.001389,172.31.36.0-255,66,166906,7,217936
1005,0.001406,172.31.36.0-255,66,166972,7,217936
1006,0.001433,172.217.194.0-255,2902,169874,7,217936
1007,0.001436,172.31.36.0-255,66,169940,7,217936
1008,0.001448,172.31.36.0-255,66,170006,7,217936
1009,0.001507,172.217.194.0-255,1484,171490,7,217936
1010,0.001511,172.217.194.0-255,1484,172974,7,217936
1011,0.001514,172.31.36.0-255,66,173040,7,217936
1012,0.001531,172.217.194.0-255,1484,174524,7,217936
1013,0.001538,172.217.194.0-255,5738,180262,7,217936
1014,0.001541,172.31.36.0-255,66,180328,7,217936
1015,0.001544,172.217.194.0-255,1484,181812,7,217936
1016,0.001587,172.31.36.0-255,66,181878,7,217936
1017,0.001598,172.31.36.0-255,66,181944,7,217936
1018,0.001624,172.217.194.0-255,2184,184128,7,217936
1019,0.001627,172.31.36.0-255,66,184194,7,217936
1020,0.001674,172.217.194.0-255,1484,185678,7,217936
1021,0.001678,172.217.194.0-255,1484,187162,7,217936
1022,0.00168,172.31.36.0-255,66,187228,7,217936
1023,0.0017,172.217.194.0-255,1484,188712,7,217936
1024,0.001707,172.217.194.0-255,5738,194450,7,217936
1025,0.001709,172.31.36.0-255,66,194516,7,217936
1026,0.001714,172.217.194.0-255,2902,197418,7,217936
1027,0.001716,172.31.36.0-255,66,197484,7,217936
1028,0.001734,172.217.194.0-255,4320,201804,7,217936
1029,0.001737,172.31.36.0-255,66,201870,7,217936
1030,0.001774,172.217.194.0-255,2902,204772,7,217936
1031,0.001777,172.31.36.0-255,66,204838,7,217936
1032,0.001806,172.31.36.0-255,66,204904,7,217936
1033,0.00181,172.217.194.0-255,2184,207088,7,217936
1034,0.001812,172.31.36.0-255,66,207154,7,217936
1035,0.001826,172.31.36.0-255,66,207220,7,217936
1036,0.001855,172.217.194.0-255,5738,212958,7,217936
1037,0.001858,172.31.36.0-255,66,213024,7,217936
1038,0.001871,172.31.36.0-255,66,213090,7,217936
1039,0.001909,172.31.36.0-255,66,213156,7,217936
1040,0.00194,172.31.36.0-255,66,213222,7,217936
1041,0.001955,172.31.36.0-255,66,213288,7,217936
1042,0.001958,172.217.194.0-255,105,213393,7,217936
1043,0.004508,172.31.36.0-255,66,213459,7,217936
1044,0.004548,172.31.36.0-255,105,213564,7,217936
1045,0.007084,172.217.194.0-255,66,213630,7,217936
1046,0.032069,172.31.36.0-255,188,213818,7,217936
1047,0.032106,172.31.36.0-255,958,214776,7,217936
1048,0.032175,172.31.36.0-255,1514,216290,7,217936
1049,0.032177,172.31.36.0-255,1448,217738,7,217936
1050,0.033607,104.244.42.0-255,66,217804,7,217936
1051,0.033618,104.244.42.0-255,66,217870,7,217936
1052,0.033712,104.244.42.0-255,66,217936,7,217936
1053,0.0,172.217.194.0-255,153,153,7,227917
1054,2.1e-05,172.31.36.0-255,66,219,7,227917
1055,2.8e-05,172.217.194.0-255,1484,1703,7,227917
1056,3.2e-05,172.31.36.0-255,66,1769,7,227917
1057,4.8e-05,172.217.194.0-255,2902,4671,7,227917
1058,5.2e-05,172.31.36.0-255,66,4737,7,227917
1059,5.7e-05,172.217.194.0-255,2902,7639,7,227917
1060,5.9e-05,172.31.36.0-255,66,7705,7,227917
1061,0.000101,172.31.36.0-255,66,7771,7,227917
1062,0.000107,172.217.194.0-255,4320,12091,7,227917
1063,0.00011,172.31.36.0-255,66,12157,7,227917
1064,0.000151,172.31.36.0-255,66,12223,7,227917
1065,0.000158,172.217.194.0-255,7156,19379,7,227917
1066,0.000161,172.31.36.0-255,66,19445,7,227917
1067,0.0002,172.217.194.0-255,4320,23765,7,227917
1068,0.000202,172.31.36.0-255,66,23831,7,227917
1069,0.000231,172.217.194.0-255,2184,26015,7,227917
1070,0.000234,172.31.36.0-255,66,26081,7,227917
1071,0.00047,172.217.194.0-255,1484,27565,7,227917
1072,0.000476,172.31.36.0-255,66,27631,7,227917
1073,0.000481,172.217.194.0-255,2902,30533,7,227917
1074,0.000484,172.31.36.0-255,66,30599,7,227917
1075,0.000487,172.217.194.0-255,1484,32083,7,227917
1076,0.000489,172.31.36.0-255,66,32149,7,227917
1077,0.000516,172.217.194.0-255,2902,35051,7,227917
1078,0.000524,172.31.36.0-255,66,35117,7,227917
1079,0.000535,172.31.36.0-255,66,35183,7,227917
1080,0.000537,172.217.194.0-255,119,35302,7,227917
1081,0.000539,172.31.36.0-255,66,35368,7,227917
1082,0.001382,172.217.194.0-255,1484,36852,7,227917
1083,0.001391,172.217.194.0-255,2902,39754,7,227917
1084,0.001395,172.31.36.0-255,66,39820,7,227917
1085,0.001427,172.217.194.0-255,5738,45558,7,227917
1086,0.001432,172.31.36.0-255,66,45624,7,227917
1087,0.001437,172.217.194.0-255,4320,49944,7,227917
1088,0.001439,172.31.36.0-255,66,50010,7,227917
1089,0.001443,172.217.194.0-255,1484,51494,7,227917
1090,0.001481,172.31.36.0-255,66,51560,7,227917
1091,0.001493,172.31.36.0-255,66,51626,7,227917
1092,0.001727,172.217.194.0-255,1484,53110,7,227917
1093,0.001744,172.217.194.0-255,2902,56012,7,227917
1094,0.001747,172.31.36.0-255,66,56078,7,227917
1095,0.001751,172.217.194.0-255,1484,57562,7,227917
1096,0.001781,172.217.194.0-255,4320,61882,7,227917
1097,0.001785,172.31.36.0-255,66,61948,7,227917
1098,0.001791,172.217.194.0-255,5738,67686,7,227917
1099,0.001794,172.31.36.0-255,66,67752,7,227917
1100,0.001838,172.31.36.0-255,66,67818,7,227917
1101,0.001844,172.217.194.0-255,5020,72838,7,227917
1102,0.001847,172.31.36.0-255,66,72904,7,227917
1103,0.001923,172.31.36.0-255,66,72970,7,227917
1104,0.001935,172.31.36.0-255,66,73036,7,227917
1105,0.001963,172.217.194.0-255,2902,75938,7,227917
1106,0.001967,172.31.36.0-255,66,76004,7,227917
1107,0.001978,172.31.36.0-255,66,76070,7,227917
1108,0.002047,172.217.194.0-255,1484,77554,7,227917
1109,0.002053,172.217.194.0-255,2902,80456,7,227917
1110,0.002056,172.31.36.0-255,66,80522,7,227917
1111,0.002084,172.217.194.0-255,5738,86260,7,227917
1112,0.002088,172.31.36.0-255,66,86326,7,227917
1113,0.002094,172.217.194.0-255,4320,90646,7,227917
1114,0.002096,172.31.36.0-255,66,90712,7,227917
1115,0.002102,172.217.194.0-255,5738,96450,7,227917
1116,0.002111,172.31.36.0-255,66,96516,7,227917
1117,0.002147,172.31.36.0-255,66,96582,7,227917
1118,0.002151,172.217.194.0-255,2184,98766,7,227917
1119,0.002154,172.31.36.0-255,66,98832,7,227917
1120,0.00222,172.217.194.0-255,1484,100316,7,227917
1121,0.002232,172.217.194.0-255,1484,101800,7,227917
1122,0.002236,172.31.36.0-255,66,101866,7,227917
1123,0.002264,172.217.194.0-255,1484,103350,7,227917
1124,0.002268,172.217.194.0-255,1484,104834,7,227917
1125,0.00227,172.31.36.0-255,66,104900,7,227917
1126,0.002282,172.217.194.0-255,5738,110638,7,227917
1127,0.002285,172.31.36.0-255,66,110704,7,227917
1128,0.002322,172.217.194.0-255,7156,117860,7,227917
1129,0.002327,172.31.36.0-255,66,117926,7,227917
1130,0.002376,172.31.36.0-255,66,117992,7,227917
1131,0.002379,172.217.194.0-255,766,118758,7,227917
1132,0.002421,172.31.36.0-255,66,118824,7,227917
1133,0.002457,172.31.36.0-255,66,118890,7,227917
1134,0.002493,172.31.36.0-255,66,118956,7,227917
1135,0.002534,172.31.36.0-255,66,119022,7,227917
1136,0.002557,172.31.36.0-255,66,119088,7,227917
1137,0.0026,172.31.36.0-255,66,119154,7,227917
1138,0.005129,172.217.194.0-255,5738,124892,7,227917
1139,0.005136,172.31.36.0-255,66,124958,7,227917
1140,0.007682,172.217.194.0-255,5738,130696,7,227917
1141,0.007691,172.31.36.0-255,66,130762,7,227917
1142,0.010274,172.217.194.0-255,5738,136500,7,227917
1143,0.010277,172.31.36.0-255,66,136566,7,227917
1144,0.012874,172.217.194.0-255,5738,142304,7,227917
1145,0.012884,172.31.36.0-255,66,142370,7,227917
1146,0.015428,172.217.194.0-255,5738,148108,7,227917
1147,0.015436,172.31.36.0-255,66,148174,7,227917
1148,0.017981,172.217.194.0-255,5738,153912,7,227917
1149,0.017992,172.31.36.0-255,66,153978,7,227917
1150,0.020536,172.217.194.0-255,5738,159716,7,227917
1151,0.020547,172.31.36.0-255,66,159782,7,227917
1152,0.023094,172.217.194.0-255,5738,165520,7,227917
1153,0.023105,172.31.36.0-255,66,165586,7,227917
1154,0.025662,172.217.194.0-255,5738,171324,7,227917
1155,0.025677,172.31.36.0-255,66,171390,7,227917
1156,0.028217,172.217.194.0-255,5738,177128,7,227917
1157,0.028231,172.31.36.0-255,66,177194,7,227917
1158,0.030796,172.217.194.0-255,5738,182932,7,227917
1159,0.030808,172.31.36.0-255,66,182998,7,227917
1160,0.033357,172.217.194.0-255,5738,188736,7,227917
1161,0.033373,172.31.36.0-255,66,188802,7,227917
1162,0.035934,172.217.194.0-255,5738,194540,7,227917
1163,0.035949,172.31.36.0-255,66,194606,7,227917
1164,0.038498,172.217.194.0-255,5738,200344,7,227917
1165,0.038513,172.31.36.0-255,66,200410,7,227917
1166,0.041046,172.217.194.0-255,5738,206148,7,227917
1167,0.041072,172.31.36.0-255,66,206214,7,227917
1168,0.042654,172.31.36.0-255,172,206386,7,227917
1169,0.042693,172.31.36.0-255,1114,207500,7,227917
1170,0.04273,172.31.36.0-255,1514,209014,7,227917
1171,0.042732,172.31.36.0-255,1293,210307,7,227917
1172,0.043607,172.217.194.0-255,5738,216045,7,227917
1173,0.043615,172.31.36.0-255,66,216111,7,227917
1174,0.044201,104.244.42.0-255,66,216177,7,227917
1175,0.044391,104.244.42.0-255,66,216243,7,227917
1176,0.044394,104.244.42.0-255,66,216309,7,227917
1177,0.046162,172.217.194.0-255,5738,222047,7,227917
1178,0.04617,172.31.36.0-255,66,222113,7,227917
1179,0.048703,172.217.194.0-255,5738,227851,7,227917
1180,0.048715,172.31.36.0-255,66,227917,7,227917
1181,0.0,172.217.160.0-255,153,153,7,313921
1182,2.4e-05,172.31.36.0-255,66,219,7,313921
1183,3.1e-05,172.217.160.0-255,1484,1703,7,313921
1184,3.5e-05,172.31.36.0-255,66,1769,7,313921
1185,4e-05,172.217.160.0-255,2902,4671,7,313921
1186,4.2e-05,172.31.36.0-255,66,4737,7,313921
1187,5.5e-05,172.217.160.0-255,4320,9057,7,313921
1188,5.8e-05,172.31.36.0-255,66,9123,7,313921
1189,7e-05,172.31.36.0-255,66,9189,7,313921
1190,8.3e-05,172.31.36.0-255,66,9255,7,313921
1191,8.7e-05,172.217.160.0-255,1484,10739,7,313921
1192,9e-05,172.31.36.0-255,66,10805,7,313921
1193,9.5e-05,172.217.160.0-255,2902,13707,7,313921
1194,9.7e-05,172.31.36.0-255,66,13773,7,313921
1195,0.000118,172.217.160.0-255,1484,15257,7,313921
1196,0.000121,172.31.36.0-255,66,15323,7,313921
1197,0.000152,172.217.160.0-255,4320,19643,7,313921
1198,0.000157,172.31.36.0-255,66,19709,7,313921
1199,0.000165,172.217.160.0-255,6797,26506,7,313921
1200,0.000167,172.31.36.0-255,66,26572,7,313921
1201,0.000199,172.217.160.0-255,1484,28056,7,313921
1202,0.000202,172.31.36.0-255,66,28122,7,313921
1203,0.000229,172.217.160.0-255,2902,31024,7,313921
1204,0.000232,172.31.36.0-255,66,31090,7,313921
1205,0.000238,172.217.160.0-255,5738,36828,7,313921
1206,0.000241,172.31.36.0-255,66,36894,7,313921
1207,0.000246,172.217.160.0-255,4320,41214,7,313921
1208,0.000254,172.31.36.0-255,66,41280,7,313921
1209,0.000284,172.217.160.0-255,2543,43823,7,313921
1210,0.000287,172.31.36.0-255,66,43889,7,313921
1211,0.000291,172.217.160.0-255,334,44223,7,313921
1212,0.00056,172.217.160.0-255,123,44346,7,313921
1213,0.000664,172.217.160.0-255,1484,45830,7,313921
1214,0.000668,172.31.36.0-255,66,45896,7,313921
1215,0.000674,172.217.160.0-255,2902,48798,7,313921
1216,0.000676,172.31.36.0-255,66,48864,7,313921
1217,0.000702,172.217.160.0-255,5738,54602,7,313921
1218,0.000705,172.31.36.0-255,66,54668,7,313921
1219,0.000712,172.217.160.0-255,6797,61465,7,313921
1220,0.000714,172.31.36.0-255,66,61531,7,313921
1221,0.000758,172.31.36.0-255,66,61597,7,313921
1222,0.000762,172.217.160.0-255,2543,64140,7,313921
1223,0.000764,172.31.36.0-255,66,64206,7,313921
1224,0.000792,172.217.160.0-255,382,64588,7,313921
1225,0.001025,172.217.160.0-255,1484,66072,7,313921
1226,0.001031,172.31.36.0-255,66,66138,7,313921
1227,0.001038,172.217.160.0-255,2902,69040,7,313921
1228,0.001039,172.31.36.0-255,66,69106,7,313921
1229,0.001044,172.217.160.0-255,2902,72008,7,313921
1230,0.001053,172.31.36.0-255,66,72074,7,313921
1231,0.001088,172.217.160.0-255,2902,74976,7,313921
1232,0.001091,172.31.36.0-255,66,75042,7,313921
1233,0.001097,172.217.160.0-255,5738,80780,7,313921
1234,0.0011,172.31.36.0-255,66,80846,7,313921
1235,0.00112,172.31.36.0-255,66,80912,7,313921
1236,0.001126,172.217.160.0-255,5020,85932,7,313921
1237,0.001128,172.31.36.0-255,66,85998,7,313921
1238,0.001134,172.217.160.0-255,4320,90318,7,313921
1239,0.001136,172.31.36.0-255,66,90384,7,313921
1240,0.00116,172.217.160.0-255,1484,91868,7,313921
1241,0.001179,172.31.36.0-255,66,91934,7,313921
1242,0.001187,172.217.160.0-255,5738,97672,7,313921
1243,0.00119,172.31.36.0-255,66,97738,7,313921
1244,0.001221,172.217.160.0-255,4320,102058,7,313921
1245,0.001224,172.31.36.0-255,66,102124,7,313921
1246,0.00123,172.217.160.0-255,5020,107144,7,313921
1247,0.001232,172.31.36.0-255,66,107210,7,313921
1248,0.001425,172.217.160.0-255,1484,108694,7,313921
1249,0.001432,172.217.160.0-255,2902,111596,7,313921
1250,0.001436,172.31.36.0-255,66,111662,7,313921
1251,0.001443,172.217.160.0-255,5738,117400,7,313921
1252,0.001445,172.31.36.0-255,66,117466,7,313921
1253,0.001469,172.217.160.0-255,7156,124622,7,313921
1254,0.001471,172.31.36.0-255,66,124688,7,313921
1255,0.001501,172.217.160.0-255,4320,129008,7,313921
1256,0.001503,172.31.36.0-255,66,129074,7,313921
1257,0.001536,172.31.36.0-255,66,129140,7,313921
1258,0.001602,172.217.160.0-255,1484,130624,7,313921
1259,0.001614,172.217.160.0-255,2902,133526,7,313921
1260,0.001616,172.31.36.0-255,66,133592,7,313921
1261,0.00164,172.217.160.0-255,5738,139330,7,313921
1262,0.001643,172.31.36.0-255,66,139396,7,313921
1263,0.001645,172.217.160.0-255,1484,140880,7,313921
1264,0.001674,172.31.36.0-255,66,140946,7,313921
1265,0.003293,172.217.160.0-255,5738,146684,7,313921
1266,0.003296,172.31.36.0-255,66,146750,7,313921
1267,0.004924,172.217.160.0-255,5738,152488,7,313921
1268,0.004932,172.31.36.0-255,66,152554,7,313921
1269,0.006561,172.217.160.0-255,5738,158292,7,313921
1270,0.006568,172.31.36.0-255,66,158358,7,313921
1271,0.008203,172.217.160.0-255,5738,164096,7,313921
1272,0.008209,172.31.36.0-255,66,164162,7,313921
1273,0.009843,172.217.160.0-255,5738,169900,7,313921
1274,0.009851,172.31.36.0-255,66,169966,7,313921
1275,0.01148,172.217.160.0-255,5738,175704,7,313921
1276,0.011487,172.31.36.0-255,66,175770,7,313921
1277,0.013157,172.217.160.0-255,5738,181508,7,313921
1278,0.013165,172.31.36.0-255,66,181574,7,313921
1279,0.014838,172.217.160.0-255,4320,185894,7,313921
1280,0.014847,172.31.36.0-255,66,185960,7,313921
1281,0.014873,172.217.160.0-255,1484,187444,7,313921
1282,0.01647,172.217.160.0-255,4320,191764,7,313921
1283,0.016477,172.31.36.0-255,66,191830,7,313921
1284,0.018103,172.217.160.0-255,5738,197568,7,313921
1285,0.018109,172.31.36.0-255,66,197634,7,313921
1286,0.019736,172.217.160.0-255,5738,203372,7,313921
1287,0.019742,172.31.36.0-255,66,203438,7,313921
1288,0.021381,172.217.160.0-255,5738,209176,7,313921
1289,0.021388,172.31.36.0-255,66,209242,7,313921
1290,0.023017,172.217.160.0-255,5738,214980,7,313921
1291,0.023024,172.31.36.0-255,66,215046,7,313921
1292,0.024654,172.217.160.0-255,5738,220784,7,313921
1293,0.024662,172.31.36.0-255,66,220850,7,313921
1294,0.026288,172.217.160.0-255,5738,226588,7,313921
1295,0.026295,172.31.36.0-255,66,226654,7,313921
1296,0.027927,172.217.160.0-255,5738,232392,7,313921
1297,0.027933,172.31.36.0-255,66,232458,7,313921
1298,0.029627,172.217.160.0-255,5738,238196,7,313921
1299,0.029635,172.31.36.0-255,66,238262,7,313921
1300,0.031255,172.217.160.0-255,5738,244000,7,313921
1301,0.031262,172.31.36.0-255,66,244066,7,313921
1302,0.03244,172.31.36.0-255,172,244238,7,313921
1303,0.032473,172.31.36.0-255,1115,245353,7,313921
1304,0.032512,172.31.36.0-255,1514,246867,7,313921
1305,0.032514,172.31.36.0-255,1514,248381,7,313921
1306,0.032519,172.31.36.0-255,1514,249895,7,313921
1307,0.03252,172.31.36.0-255,1072,250967,7,313921
1308,0.032886,172.217.160.0-255,5738,256705,7,313921
1309,0.032893,172.31.36.0-255,66,256771,7,313921
1310,0.033961,104.244.42.0-255,66,256837,7,313921
1311,0.033997,104.244.42.0-255,66,256903,7,313921
1312,0.034057,104.244.42.0-255,66,256969,7,313921
1313,0.034061,104.244.42.0-255,66,257035,7,313921
1314,0.034525,172.217.160.0-255,5738,262773,7,313921
1315,0.034532,172.31.36.0-255,66,262839,7,313921
1316,0.036155,172.217.160.0-255,5738,268577,7,313921
1317,0.036161,172.31.36.0-255,66,268643,7,313921
1318,0.037779,172.217.160.0-255,5738,274381,7,313921
1319,0.037784,172.31.36.0-255,66,274447,7,313921
1320,0.039398,172.217.160.0-255,2902,277349,7,313921
1321,0.039404,172.31.36.0-255,66,277415,7,313921
1322,0.039442,172.217.160.0-255,2902,280317,7,313921
1323,0.039445,172.31.36.0-255,66,280383,7,313921
1324,0.04102,172.217.160.0-255,1484,281867,7,313921
1325,0.041075,172.217.160.0-255,4320,286187,7,313921
1326,0.041081,172.31.36.0-255,66,286253,7,313921
1327,0.042703,172.217.160.0-255,5738,291991,7,313921
1328,0.042707,172.31.36.0-255,66,292057,7,313921
1329,0.04433,172.217.160.0-255,5738,297795,7,313921
1330,0.044335,172.31.36.0-255,66,297861,7,313921
1331,0.045968,172.217.160.0-255,4320,302181,7,313921
1332,0.045974,172.31.36.0-255,66,302247,7,313921
1333,0.046008,172.217.160.0-255,1484,303731,7,313921
1334,0.047596,172.217.160.0-255,4320,308051,7,313921
1335,0.047602,172.31.36.0-255,66,308117,7,313921
1336,0.049232,172.217.160.0-255,5738,313855,7,313921
1337,0.049238,172.31.36.0-255,66,313921,7,313921
1338,0.0,172.217.194.0-255,150,150,7,188657
1339,1.4e-05,172.31.36.0-255,66,216,7,188657
1340,2.1e-05,172.217.194.0-255,1484,1700,7,188657
1341,2.6e-05,172.31.36.0-255,66,1766,7,188657
1342,3.1e-05,172.217.194.0-255,2902,4668,7,188657
1343,4.2e-05,172.31.36.0-255,66,4734,7,188657
1344,5.1e-05,172.217.194.0-255,7156,11890,7,188657
1345,5.4e-05,172.31.36.0-255,66,11956,7,188657
1346,5.9e-05,172.217.194.0-255,2065,14021,7,188657
1347,6.1e-05,172.31.36.0-255,66,14087,7,188657
1348,0.000146,172.217.194.0-255,2902,16989,7,188657
1349,0.000154,172.217.194.0-255,7156,24145,7,188657
1350,0.000159,172.217.194.0-255,5738,29883,7,188657
1351,0.000166,172.31.36.0-255,66,29949,7,188657
1352,0.00017,172.31.36.0-255,66,30015,7,188657
1353,0.000172,172.31.36.0-255,66,30081,7,188657
1354,0.00027,172.217.194.0-255,1125,31206,7,188657
1355,0.000274,172.31.36.0-255,66,31272,7,188657
1356,0.000279,172.217.194.0-255,1484,32756,7,188657
1357,0.000281,172.31.36.0-255,66,32822,7,188657
1358,0.000288,172.217.194.0-255,4320,37142,7,188657
1359,0.000291,172.31.36.0-255,66,37208,7,188657
1360,0.000303,172.31.36.0-255,66,37274,7,188657
1361,0.000306,172.217.194.0-255,1125,38399,7,188657
1362,0.000309,172.31.36.0-255,66,38465,7,188657
1363,0.001629,172.217.194.0-255,1484,39949,7,188657
1364,0.00164,172.31.36.0-255,66,40015,7,188657
1365,0.001651,172.217.194.0-255,2902,42917,7,188657
1366,0.001654,172.31.36.0-255,66,42983,7,188657
1367,0.001667,172.217.194.0-255,5738,48721,7,188657
1368,0.00167,172.31.36.0-255,66,48787,7,188657
1369,0.001709,172.217.194.0-255,6797,55584,7,188657
1370,0.001711,172.31.36.0-255,66,55650,7,188657
1371,0.001889,172.217.194.0-255,1484,57134,7,188657
1372,0.001905,172.217.194.0-255,2902,60036,7,188657
1373,0.001907,172.31.36.0-255,66,60102,7,188657
1374,0.001935,172.217.194.0-255,5738,65840,7,188657
1375,0.001937,172.31.36.0-255,66,65906,7,188657
1376,0.001944,172.217.194.0-255,5738,71644,7,188657
1377,0.001946,172.31.36.0-255,66,71710,7,188657
1378,0.001996,172.217.194.0-255,2902,74612,7,188657
1379,0.001998,172.31.36.0-255,66,74678,7,188657
1380,0.002029,172.217.194.0-255,5379,80057,7,188657
1381,0.002031,172.31.36.0-255,66,80123,7,188657
1382,0.002042,172.31.36.0-255,66,80189,7,188657
1383,0.002049,172.217.194.0-255,1125,81314,7,188657
1384,0.004667,172.217.194.0-255,4320,85634,7,188657
1385,0.004673,172.31.36.0-255,66,85700,7,188657
1386,0.007294,172.217.194.0-255,5738,91438,7,188657
1387,0.007301,172.31.36.0-255,66,91504,7,188657
1388,0.009943,172.217.194.0-255,5738,97242,7,188657
1389,0.009952,172.31.36.0-255,66,97308,7,188657
1390,0.012578,172.217.194.0-255,5738,103046,7,188657
1391,0.012586,172.31.36.0-255,66,103112,7,188657
1392,0.01523,172.217.194.0-255,5738,108850,7,188657
1393,0.015241,172.31.36.0-255,66,108916,7,188657
1394,0.017901,172.217.194.0-255,5738,114654,7,188657
1395,0.017915,172.31.36.0-255,66,114720,7,188657
1396,0.020571,172.217.194.0-255,5738,120458,7,188657
1397,0.020581,172.31.36.0-255,66,120524,7,188657
1398,0.023214,172.217.194.0-255,5738,126262,7,188657
1399,0.023222,172.31.36.0-255,66,126328,7,188657
1400,0.023567,172.31.36.0-255,171,126499,7,188657
1401,0.023619,172.31.36.0-255,1138,127637,7,188657
1402,0.023697,172.31.36.0-255,1514,129151,7,188657
1403,0.023699,172.31.36.0-255,1268,130419,7,188657
1404,0.025135,104.244.42.0-255,66,130485,7,188657
1405,0.025145,104.244.42.0-255,66,130551,7,188657
1406,0.025265,104.244.42.0-255,66,130617,7,188657
1407,0.025875,172.217.194.0-255,5738,136355,7,188657
1408,0.02588,172.31.36.0-255,66,136421,7,188657
1409,0.028623,172.217.194.0-255,5738,142159,7,188657
1410,0.02863,172.31.36.0-255,66,142225,7,188657
1411,0.031291,172.217.194.0-255,5738,147963,7,188657
1412,0.031299,172.31.36.0-255,66,148029,7,188657
1413,0.033944,172.217.194.0-255,5738,153767,7,188657
1414,0.033951,172.31.36.0-255,66,153833,7,188657
1415,0.036593,172.217.194.0-255,5738,159571,7,188657
1416,0.036599,172.31.36.0-255,66,159637,7,188657
1417,0.039245,172.217.194.0-255,5738,165375,7,188657
1418,0.039252,172.31.36.0-255,66,165441,7,188657
1419,0.041871,172.217.194.0-255,5738,171179,7,188657
1420,0.04188,172.31.36.0-255,66,171245,7,188657
1421,0.044531,172.217.194.0-255,5738,176983,7,188657
1422,0.044537,172.31.36.0-255,66,177049,7,188657
1423,0.047198,172.217.194.0-255,5738,182787,7,188657
1424,0.047205,172.31.36.0-255,66,182853,7,188657
1425,0.049836,172.217.194.0-255,5738,188591,7,188657
1426,0.049843,172.31.36.0-255,66,188657,7,188657
1427,0.0,172.217.194.0-255,153,153,7,215789
1428,3.4e-05,172.31.36.0-255,66,219,7,215789
1429,4.1e-05,172.217.194.0-255,1484,1703,7,215789
1430,4.6e-05,172.31.36.0-255,66,1769,7,215789
1431,5.1e-05,172.217.194.0-255,2902,4671,7,215789
1432,5.4e-05,172.31.36.0-255,66,4737,7,215789
1433,6e-05,172.217.194.0-255,7156,11893,7,215789
1434,6.2e-05,172.31.36.0-255,66,11959,7,215789
1435,6.6e-05,172.217.194.0-255,2014,13973,7,215789
1436,6.8e-05,172.31.36.0-255,66,14039,7,215789
1437,0.000134,172.217.194.0-255,1484,15523,7,215789
1438,0.000139,172.31.36.0-255,66,15589,7,215789
1439,0.000144,172.217.194.0-255,2902,18491,7,215789
1440,0.000146,172.31.36.0-255,66,18557,7,215789
1441,0.000151,172.217.194.0-255,2902,21459,7,215789
1442,0.000153,172.31.36.0-255,66,21525,7,215789
1443,0.000175,172.217.194.0-255,2902,24427,7,215789
1444,0.00018,172.31.36.0-255,66,24493,7,215789
1445,0.000209,172.217.194.0-255,6797,31290,7,215789
1446,0.000212,172.31.36.0-255,66,31356,7,215789
1447,0.000251,172.217.194.0-255,1484,32840,7,215789
1448,0.000254,172.31.36.0-255,66,32906,7,215789
1449,0.000258,172.217.194.0-255,1484,34390,7,215789
1450,0.000261,172.31.36.0-255,66,34456,7,215789
1451,0.000274,172.217.194.0-255,1484,35940,7,215789
1452,0.000276,172.31.36.0-255,66,36006,7,215789
1453,0.000282,172.217.194.0-255,5738,41744,7,215789
1454,0.000288,172.31.36.0-255,66,41810,7,215789
1455,0.000305,172.217.194.0-255,4320,46130,7,215789
1456,0.000308,172.31.36.0-255,66,46196,7,215789
1457,0.000344,172.31.36.0-255,66,46262,7,215789
1458,0.000375,172.217.194.0-255,381,46643,7,215789
1459,0.000384,172.31.36.0-255,66,46709,7,215789
1460,0.000697,172.217.194.0-255,1484,48193,7,215789
1461,0.000703,172.217.194.0-255,2902,51095,7,215789
1462,0.000707,172.31.36.0-255,66,51161,7,215789
1463,0.00073,172.217.194.0-255,5738,56899,7,215789
1464,0.000735,172.31.36.0-255,66,56965,7,215789
1465,0.000752,172.31.36.0-255,66,57031,7,215789
1466,0.000756,172.217.194.0-255,4320,61351,7,215789
1467,0.00076,172.217.194.0-255,1484,62835,7,215789
1468,0.000766,172.31.36.0-255,66,62901,7,215789
1469,0.000801,172.31.36.0-255,66,62967,7,215789
1470,0.001425,172.217.194.0-255,1484,64451,7,215789
1471,0.001437,172.217.194.0-255,2902,67353,7,215789
1472,0.00144,172.31.36.0-255,66,67419,7,215789
1473,0.00145,172.217.194.0-255,5738,73157,7,215789
1474,0.001458,172.217.194.0-255,5738,78895,7,215789
1475,0.001486,172.217.194.0-255,7156,86051,7,215789
1476,0.002011,172.217.194.0-255,1484,87535,7,215789
1477,0.002018,172.217.194.0-255,2902,90437,7,215789
1478,0.00203,172.217.194.0-255,2902,93339,7,215789
1479,0.002043,172.217.194.0-255,2902,96241,7,215789
1480,0.002052,172.217.194.0-255,2902,99143,7,215789
1481,0.002089,172.217.194.0-255,766,99909,7,215789
1482,0.005259,172.31.36.0-255,66,99975,7,215789
1483,0.007541,172.217.194.0-255,5738,105713,7,215789
1484,0.007548,172.31.36.0-255,66,105779,7,215789
1485,0.009862,172.217.194.0-255,5738,111517,7,215789
1486,0.009871,172.31.36.0-255,66,111583,7,215789
1487,0.012136,172.217.194.0-255,5738,117321,7,215789
1488,0.012144,172.31.36.0-255,66,117387,7,215789
1489,0.014403,172.217.194.0-255,5738,123125,7,215789
1490,0.014412,172.31.36.0-255,66,123191,7,215789
1491,0.016686,172.217.194.0-255,5738,128929,7,215789
1492,0.016692,172.31.36.0-255,66,128995,7,215789
1493,0.018978,172.217.194.0-255,5738,134733,7,215789
1494,0.018986,172.31.36.0-255,66,134799,7,215789
1495,0.021293,172.217.194.0-255,5738,140537,7,215789
1496,0.021298,172.31.36.0-255,66,140603,7,215789
1497,0.023601,172.217.194.0-255,5738,146341,7,215789
1498,0.023608,172.31.36.0-255,66,146407,7,215789
1499,0.025902,172.217.194.0-255,5738,152145,7,215789
1500,0.025909,172.31.36.0-255,66,152211,7,215789
1501,0.027931,172.31.36.0-255,188,152399,7,215789
1502,0.027964,172.31.36.0-255,958,153357,7,215789
1503,0.028006,172.31.36.0-255,1514,154871,7,215789
1504,0.028008,172.31.36.0-255,1450,156321,7,215789
1505,0.028198,172.217.194.0-255,5738,162059,7,215789
1506,0.028205,172.31.36.0-255,66,162125,7,215789
1507,0.02943,104.244.42.0-255,66,162191,7,215789
1508,0.029453,104.244.42.0-255,66,162257,7,215789
1509,0.029545,104.244.42.0-255,66,162323,7,215789
1510,0.030178,104.244.42.0-255,108,162431,7,215789
1511,0.030182,172.31.36.0-255,66,162497,7,215789
1512,0.030496,172.217.194.0-255,5738,168235,7,215789
1513,0.030499,172.31.36.0-255,66,168301,7,215789
1514,0.03278,172.217.194.0-255,2902,171203,7,215789
1515,0.032785,172.31.36.0-255,66,171269,7,215789
1516,0.03281,172.217.194.0-255,2902,174171,7,215789
1517,0.03283,172.31.36.0-255,66,174237,7,215789
1518,0.035064,172.217.194.0-255,2902,177139,7,215789
1519,0.03507,172.31.36.0-255,66,177205,7,215789
1520,0.03511,172.217.194.0-255,2902,180107,7,215789
1521,0.035123,172.31.36.0-255,66,180173,7,215789
1522,0.03731,172.217.194.0-255,2902,183075,7,215789
1523,0.037316,172.31.36.0-255,66,183141,7,215789
1524,0.037407,172.217.194.0-255,2902,186043,7,215789
1525,0.037411,172.31.36.0-255,66,186109,7,215789
1526,0.039563,172.217.194.0-255,2902,189011,7,215789
1527,0.039569,172.31.36.0-255,66,189077,7,215789
1528,0.039645,172.217.194.0-255,2902,191979,7,215789
1529,0.039653,172.31.36.0-255,66,192045,7,215789
1530,0.041858,172.217.194.0-255,2902,194947,7,215789
1531,0.041864,172.31.36.0-255,66,195013,7,215789
1532,0.041908,172.217.194.0-255,2902,197915,7,215789
1533,0.041919,172.31.36.0-255,66,197981,7,215789
1534,0.044131,172.217.194.0-255,2902,200883,7,215789
1535,0.044136,172.31.36.0-255,66,200949,7,215789
1536,0.044198,172.217.194.0-255,2902,203851,7,215789
1537,0.044216,172.31.36.0-255,66,203917,7,215789
1538,0.046405,172.217.194.0-255,2902,206819,7,215789
1539,0.046411,172.31.36.0-255,66,206885,7,215789
1540,0.046533,172.217.194.0-255,2902,209787,7,215789
1541,0.046538,172.31.36.0-255,66,209853,7,215789
1542,0.048678,172.217.194.0-255,2902,212755,7,215789
1543,0.048682,172.31.36.0-255,66,212821,7,215789
1544,0.048818,172.217.194.0-255,2902,215723,7,215789
1545,0.048822,172.31.36.0-255,66,215789,7,215789
1546,0.0,172.217.194.0-255,143,143,7,143834
1547,2.9e-05,172.31.36.0-255,66,209,7,143834
1548,3.5e-05,172.217.194.0-255,1484,1693,7,143834
1549,3.9e-05,172.31.36.0-255,66,1759,7,143834
1550,4.3e-05,172.217.194.0-255,2902,4661,7,143834
1551,4.5e-05,172.31.36.0-255,66,4727,7,143834
1552,6.1e-05,172.217.194.0-255,7156,11883,7,143834
1553,6.3e-05,172.31.36.0-255,66,11949,7,143834
1554,7e-05,172.217.194.0-255,7156,19105,7,143834
1555,7.3e-05,172.31.36.0-255,66,19171,7,143834
1556,0.000109,172.31.36.0-255,66,19237,7,143834
1557,0.000113,172.217.194.0-255,2543,21780,7,143834
1558,0.000115,172.31.36.0-255,66,21846,7,143834
1559,0.000143,172.217.194.0-255,1484,23330,7,143834
1560,0.000146,172.31.36.0-255,66,23396,7,143834
1561,0.00015,172.217.194.0-255,2902,26298,7,143834
1562,0.000153,172.31.36.0-255,66,26364,7,143834
1563,0.000161,172.217.194.0-255,5738,32102,7,143834
1564,0.000163,172.31.36.0-255,66,32168,7,143834
1565,0.000188,172.217.194.0-255,7156,39324,7,143834
1566,0.000192,172.31.36.0-255,66,39390,7,143834
1567,0.000218,172.217.194.0-255,5379,44769,7,143834
1568,0.00022,172.31.36.0-255,66,44835,7,143834
1569,0.000258,172.31.36.0-255,66,44901,7,143834
1570,0.000284,172.217.194.0-255,386,45287,7,143834
1571,0.000289,172.31.36.0-255,66,45353,7,143834
1572,0.000497,172.217.194.0-255,1484,46837,7,143834
1573,0.000502,172.31.36.0-255,66,46903,7,143834
1574,0.000508,172.217.194.0-255,2902,49805,7,143834
1575,0.000511,172.31.36.0-255,66,49871,7,143834
1576,0.000517,172.217.194.0-255,5738,55609,7,143834
1577,0.000525,172.31.36.0-255,66,55675,7,143834
1578,0.000571,172.31.36.0-255,66,55741,7,143834
1579,0.000605,172.31.36.0-255,66,55807,7,143834
1580,0.000877,172.217.194.0-255,1484,57291,7,143834
1581,0.000928,172.217.194.0-255,2902,60193,7,143834
1582,0.000932,172.31.36.0-255,66,60259,7,143834
1583,0.000939,172.217.194.0-255,5738,65997,7,143834
1584,0.000941,172.31.36.0-255,66,66063,7,143834
1585,0.00096,172.31.36.0-255,66,66129,7,143834
1586,0.000973,172.31.36.0-255,66,66195,7,143834
1587,0.001087,172.217.194.0-255,1484,67679,7,143834
1588,0.001093,172.217.194.0-255,2902,70581,7,143834
1589,0.001096,172.31.36.0-255,66,70647,7,143834
1590,0.001103,172.217.194.0-255,5738,76385,7,143834
1591,0.001105,172.31.36.0-255,66,76451,7,143834
1592,0.00111,172.217.194.0-255,4320,80771,7,143834
1593,0.001112,172.31.36.0-255,66,80837,7,143834
1594,0.001139,172.217.194.0-255,5738,86575,7,143834
1595,0.001142,172.31.36.0-255,66,86641,7,143834
1596,0.001145,172.217.194.0-255,1484,88125,7,143834
1597,0.00119,172.31.36.0-255,66,88191,7,143834
1598,0.00123,172.31.36.0-255,66,88257,7,143834
1599,0.001234,172.217.194.0-255,1484,89741,7,143834
1600,0.001254,172.31.36.0-255,66,89807,7,143834
1601,0.00128,172.217.194.0-255,4320,94127,7,143834
1602,0.001284,172.31.36.0-255,66,94193,7,143834
1603,0.001288,172.217.194.0-255,766,94959,7,143834
1604,0.001316,172.31.36.0-255,66,95025,7,143834
1605,0.001346,172.217.194.0-255,1484,96509,7,143834
1606,0.00136,172.31.36.0-255,66,96575,7,143834
1607,0.001375,172.31.36.0-255,66,96641,7,143834
1608,0.001398,172.217.194.0-255,1484,98125,7,143834
1609,0.001416,172.217.194.0-255,1484,99609,7,143834
1610,0.001419,172.31.36.0-255,66,99675,7,143834
1611,0.001426,172.217.194.0-255,4320,103995,7,143834
1612,0.001429,172.31.36.0-255,66,104061,7,143834
1613,0.001725,172.217.194.0-255,1484,105545,7,143834
1614,0.001732,172.217.194.0-255,2902,108447,7,143834
1615,0.001755,172.217.194.0-255,5738,114185,7,143834
1616,0.001763,172.217.194.0-255,7156,121341,7,143834
1617,0.001845,172.217.194.0-255,2902,124243,7,143834
1618,0.001882,172.217.194.0-255,2902,127145,7,143834
1619,0.001927,172.217.194.0-255,5738,132883,7,143834
1620,0.001973,172.217.194.0-255,1484,134367,7,143834
1621,0.002031,172.217.194.0-255,105,134472,7,143834
1622,0.004879,172.31.36.0-255,66,134538,7,143834
1623,0.007258,172.31.36.0-255,105,134643,7,143834
1624,0.009533,172.217.194.0-255,66,134709,7,143834
1625,0.034276,172.31.36.0-255,171,134880,7,143834
1626,0.034312,172.31.36.0-255,1153,136033,7,143834
1627,0.034357,172.31.36.0-255,1514,137547,7,143834
1628,0.034359,172.31.36.0-255,1514,139061,7,143834
1629,0.03436,172.31.36.0-255,1514,140575,7,143834
1630,0.034365,172.31.36.0-255,1514,142089,7,143834
1631,0.034366,172.31.36.0-255,1481,143570,7,143834
1632,0.035834,104.244.42.0-255,66,143636,7,143834
1633,0.036006,104.244.42.0-255,66,143702,7,143834
1634,0.036008,104.244.42.0-255,66,143768,7,143834
1635,0.036011,104.244.42.0-255,66,143834,7,143834
1636,0.0,172.217.194.0-255,294,294,7,124025
1637,1.7e-05,172.31.36.0-255,66,360,7,124025
1638,2.4e-05,172.217.194.0-255,1484,1844,7,124025
1639,2.8e-05,172.31.36.0-255,66,1910,7,124025
1640,6.1e-05,172.217.194.0-255,4320,6230,7,124025
1641,6.9e-05,172.31.36.0-255,66,6296,7,124025
1642,0.000248,172.31.36.0-255,66,6362,7,124025
1643,0.000629,172.31.36.0-255,66,6428,7,124025
1644,0.001258,172.217.194.0-255,4320,10748,7,124025
1645,0.001266,172.31.36.0-255,66,10814,7,124025
1646,0.001304,172.31.36.0-255,66,10880,7,124025
1647,0.002627,172.217.194.0-255,2902,13782,7,124025
1648,0.002635,172.31.36.0-255,66,13848,7,124025
1649,0.003914,172.217.194.0-255,2902,16750,7,124025
1650,0.00392,172.31.36.0-255,66,16816,7,124025
1651,0.005254,172.217.194.0-255,2902,19718,7,124025
1652,0.00526,172.31.36.0-255,66,19784,7,124025
1653,0.006525,172.217.194.0-255,2902,22686,7,124025
1654,0.006532,172.31.36.0-255,66,22752,7,124025
1655,0.00787,172.217.194.0-255,2902,25654,7,124025
1656,0.007877,172.31.36.0-255,66,25720,7,124025
1657,0.009152,172.217.194.0-255,2902,28622,7,124025
1658,0.00916,172.31.36.0-255,66,28688,7,124025
1659,0.010503,172.217.194.0-255,2902,31590,7,124025
1660,0.010509,172.31.36.0-255,66,31656,7,124025
1661,0.011764,172.217.194.0-255,2902,34558,7,124025
1662,0.01177,172.31.36.0-255,66,34624,7,124025
1663,0.013147,172.217.194.0-255,2902,37526,7,124025
1664,0.013153,172.31.36.0-255,66,37592,7,124025
1665,0.014391,172.217.194.0-255,2902,40494,7,124025
1666,0.014397,172.31.36.0-255,66,40560,7,124025
1667,0.015768,172.217.194.0-255,2902,43462,7,124025
1668,0.015775,172.31.36.0-255,66,43528,7,124025
1669,0.016979,172.217.194.0-255,2902,46430,7,124025
1670,0.016987,172.31.36.0-255,66,46496,7,124025
1671,0.018392,172.217.194.0-255,2902,49398,7,124025
1672,0.0184,172.31.36.0-255,66,49464,7,124025
1673,0.0196,172.217.194.0-255,2902,52366,7,124025
1674,0.019608,172.31.36.0-255,66,52432,7,124025
1675,0.0204,172.31.36.0-255,172,52604,7,124025
1676,0.020431,172.31.36.0-255,1114,53718,7,124025
1677,0.020491,172.31.36.0-255,1514,55232,7,124025
1678,0.020493,172.31.36.0-255,331,55563,7,124025
1679,0.021022,172.217.194.0-255,2902,58465,7,124025
1680,0.021029,172.31.36.0-255,66,58531,7,124025
1681,0.021942,104.244.42.0-255,66,58597,7,124025
1682,0.021951,104.244.42.0-255,66,58663,7,124025
1683,0.022062,104.244.42.0-255,66,58729,7,124025
1684,0.022261,172.217.194.0-255,2902,61631,7,124025
1685,0.022268,172.31.36.0-255,66,61697,7,124025
1686,0.023632,172.217.194.0-255,2902,64599,7,124025
1687,0.023638,172.31.36.0-255,66,64665,7,124025
1688,0.02488,172.217.194.0-255,2902,67567,7,124025
1689,0.024887,172.31.36.0-255,66,67633,7,124025
1690,0.026273,172.217.194.0-255,2902,70535,7,124025
1691,0.02628,172.31.36.0-255,66,70601,7,124025
1692,0.027516,172.217.194.0-255,2902,73503,7,124025
1693,0.027522,172.31.36.0-255,66,73569,7,124025
1694,0.028881,172.217.194.0-255,2902,76471,7,124025
1695,0.028888,172.31.36.0-255,66,76537,7,124025
1696,0.030134,172.217.194.0-255,2902,79439,7,124025
1697,0.030141,172.31.36.0-255,66,79505,7,124025
1698,0.031531,172.217.194.0-255,2902,82407,7,124025
1699,0.031539,172.31.36.0-255,66,82473,7,124025
1700,0.032778,172.217.194.0-255,2902,85375,7,124025
1701,0.032784,172.31.36.0-255,66,85441,7,124025
1702,0.034164,172.217.194.0-255,2902,88343,7,124025
1703,0.03417,172.31.36.0-255,66,88409,7,124025
1704,0.035419,172.217.194.0-255,2902,91311,7,124025
1705,0.035424,172.31.36.0-255,66,91377,7,124025
1706,0.036777,172.217.194.0-255,2902,94279,7,124025
1707,0.036784,172.31.36.0-255,66,94345,7,124025
1708,0.03805,172.217.194.0-255,2902,97247,7,124025
1709,0.038056,172.31.36.0-255,66,97313,7,124025
1710,0.039412,172.217.194.0-255,2902,100215,7,124025
1711,0.039418,172.31.36.0-255,66,100281,7,124025
1712,0.04067,172.217.194.0-255,2902,103183,7,124025
1713,0.040677,172.31.36.0-255,66,103249,7,124025
1714,0.04201,172.217.194.0-255,2902,106151,7,124025
1715,0.042017,172.31.36.0-255,66,106217,7,124025
1716,0.043277,172.217.194.0-255,2902,109119,7,124025
1717,0.043283,172.31.36.0-255,66,109185,7,124025
1718,0.04462,172.217.194.0-255,2902,112087,7,124025
1719,0.044626,172.31.36.0-255,66,112153,7,124025
1720,0.045923,172.217.194.0-255,2902,115055,7,124025
1721,0.045929,172.31.36.0-255,66,115121,7,124025
1722,0.047212,172.217.194.0-255,2902,118023,7,124025
1723,0.047217,172.31.36.0-255,66,118089,7,124025
1724,0.048553,172.217.194.0-255,2902,120991,7,124025
1725,0.048561,172.31.36.0-255,66,121057,7,124025
1726,0.049825,172.217.194.0-255,2902,123959,7,124025
1727,0.049832,172.31.36.0-255,66,124025,7,124025
1728,0.0,172.217.194.0-255,296,296,7,274074
1729,3.3e-05,172.31.36.0-255,66,362,7,274074
1730,4e-05,172.217.194.0-255,1484,1846,7,274074
1731,4.3e-05,172.31.36.0-255,66,1912,7,274074
1732,4.9e-05,172.217.194.0-255,4320,6232,7,274074
1733,5.1e-05,172.31.36.0-255,66,6298,7,274074
1734,5.6e-05,172.217.194.0-255,2902,9200,7,274074
1735,5.9e-05,172.31.36.0-255,66,9266,7,274074
1736,8.1e-05,172.217.194.0-255,6129,15395,7,274074
1737,8.4e-05,172.31.36.0-255,66,15461,7,274074
1738,9.2e-05,172.217.194.0-255,5738,21199,7,274074
1739,9.4e-05,172.31.36.0-255,66,21265,7,274074
1740,0.000123,172.217.194.0-255,2902,24167,7,274074
1741,0.000125,172.31.36.0-255,66,24233,7,274074
1742,0.00015,172.217.194.0-255,6797,31030,7,274074
1743,0.000153,172.31.36.0-255,66,31096,7,274074
1744,0.00023,172.217.194.0-255,1484,32580,7,274074
1745,0.000234,172.31.36.0-255,66,32646,7,274074
1746,0.000239,172.217.194.0-255,2902,35548,7,274074
1747,0.000241,172.31.36.0-255,66,35614,7,274074
1748,0.000245,172.217.194.0-255,2902,38516,7,274074
1749,0.000247,172.31.36.0-255,66,38582,7,274074
1750,0.000267,172.217.194.0-255,2902,41484,7,274074
1751,0.000269,172.31.36.0-255,66,41550,7,274074
1752,0.000287,172.217.194.0-255,5738,47288,7,274074
1753,0.00029,172.31.36.0-255,66,47354,7,274074
1754,0.000309,172.217.194.0-255,6797,54151,7,274074
1755,0.000313,172.31.36.0-255,66,54217,7,274074
1756,0.000338,172.217.194.0-255,7156,61373,7,274074
1757,0.000341,172.31.36.0-255,66,61439,7,274074
1758,0.000364,172.217.194.0-255,4215,65654,7,274074
1759,0.000367,172.31.36.0-255,66,65720,7,274074
1760,0.000371,172.217.194.0-255,117,65837,7,274074
1761,0.000426,172.217.194.0-255,381,66218,7,274074
1762,0.000749,172.217.194.0-255,1484,67702,7,274074
1763,0.000755,172.31.36.0-255,66,67768,7,274074
1764,0.000775,172.217.194.0-255,2902,70670,7,274074
1765,0.000778,172.217.194.0-255,1484,72154,7,274074
1766,0.000786,172.31.36.0-255,66,72220,7,274074
1767,0.000795,172.217.194.0-255,2902,75122,7,274074
1768,0.000799,172.217.194.0-255,2902,78024,7,274074
1769,0.000803,172.31.36.0-255,66,78090,7,274074
1770,0.000814,172.217.194.0-255,5738,83828,7,274074
1771,0.000819,172.31.36.0-255,66,83894,7,274074
1772,0.000838,172.217.194.0-255,4320,88214,7,274074
1773,0.000841,172.31.36.0-255,66,88280,7,274074
1774,0.000875,172.31.36.0-255,66,88346,7,274074
1775,0.000889,172.217.194.0-255,2184,90530,7,274074
1776,0.000901,172.31.36.0-255,66,90596,7,274074
1777,0.001394,172.217.194.0-255,1484,92080,7,274074
1778,0.001419,172.217.194.0-255,2902,94982,7,274074
1779,0.001423,172.31.36.0-255,66,95048,7,274074
1780,0.001431,172.217.194.0-255,5738,100786,7,274074
1781,0.001434,172.217.194.0-255,1484,102270,7,274074
1782,0.001459,172.217.194.0-255,2902,105172,7,274074
1783,0.001466,172.217.194.0-255,5738,110910,7,274074
1784,0.001505,172.217.194.0-255,4320,115230,7,274074
1785,0.001508,172.217.194.0-255,766,115996,7,274074
1786,0.001546,172.217.194.0-255,7156,123152,7,274074
1787,0.001577,172.217.194.0-255,1484,124636,7,274074
1788,0.001594,172.217.194.0-255,7156,131792,7,274074
1789,0.001617,172.217.194.0-255,1484,133276,7,274074
1790,0.00162,172.217.194.0-255,766,134042,7,274074
1791,0.00208,172.217.194.0-255,1484,135526,7,274074
1792,0.002088,172.217.194.0-255,2902,138428,7,274074
1793,0.002091,172.217.194.0-255,1484,139912,7,274074
1794,0.002115,172.217.194.0-255,4320,144232,7,274074
1795,0.00212,172.217.194.0-255,4320,148552,7,274074
1796,0.002134,172.217.194.0-255,7156,155708,7,274074
1797,0.002152,172.217.194.0-255,4320,160028,7,274074
1798,0.002156,172.217.194.0-255,2902,162930,7,274074
1799,0.002177,172.217.194.0-255,5020,167950,7,274074
1800,0.006003,172.31.36.0-255,66,168016,7,274074
1801,0.00832,172.217.194.0-255,5738,173754,7,274074
1802,0.008328,172.31.36.0-255,66,173820,7,274074
1803,0.010635,172.217.194.0-255,5738,179558,7,274074
1804,0.010643,172.31.36.0-255,66,179624,7,274074
1805,0.012968,172.217.194.0-255,5738,185362,7,274074
1806,0.013311,172.31.36.0-255,66,185428,7,274074
1807,0.015653,172.217.194.0-255,5738,191166,7,274074
1808,0.015669,172.31.36.0-255,66,191232,7,274074
1809,0.018043,172.217.194.0-255,5738,196970,7,274074
1810,0.018057,172.31.36.0-255,66,197036,7,274074
1811,0.020387,172.217.194.0-255,5738,202774,7,274074
1812,0.020398,172.31.36.0-255,66,202840,7,274074
1813,0.022733,172.217.194.0-255,5738,208578,7,274074
1814,0.022742,172.31.36.0-255,66,208644,7,274074
1815,0.025046,172.217.194.0-255,5738,214382,7,274074
1816,0.025055,172.31.36.0-255,66,214448,7,274074
1817,0.027341,172.217.194.0-255,5738,220186,7,274074
1818,0.027349,172.31.36.0-255,66,220252,7,274074
1819,0.027528,172.31.36.0-255,172,220424,7,274074
1820,0.027557,172.31.36.0-255,1115,221539,7,274074
1821,0.027595,172.31.36.0-255,1514,223053,7,274074
1822,0.027597,172.31.36.0-255,1291,224344,7,274074
1823,0.02911,104.244.42.0-255,66,224410,7,274074
1824,0.029145,104.244.42.0-255,66,224476,7,274074
1825,0.029188,104.244.42.0-255,66,224542,7,274074
1826,0.029674,172.217.194.0-255,4320,228862,7,274074
1827,0.029678,172.31.36.0-255,66,228928,7,274074
1828,0.029704,172.217.194.0-255,1484,230412,7,274074
1829,0.031977,172.217.194.0-255,4320,234732,7,274074
1830,0.031983,172.31.36.0-255,66,234798,7,274074
1831,0.034306,172.217.194.0-255,5738,240536,7,274074
1832,0.034361,172.31.36.0-255,66,240602,7,274074
1833,0.036689,172.217.194.0-255,5738,246340,7,274074
1834,0.036694,172.31.36.0-255,66,246406,7,274074
1835,0.039034,172.217.194.0-255,5738,252144,7,274074
1836,0.03904,172.31.36.0-255,66,252210,7,274074
1837,0.041343,172.217.194.0-255,5738,257948,7,274074
1838,0.041351,172.31.36.0-255,66,258014,7,274074
1839,0.043644,172.217.194.0-255,5738,263752,7,274074
1840,0.043651,172.31.36.0-255,66,263818,7,274074
1841,0.045929,172.217.194.0-255,4320,268138,7,274074
1842,0.045935,172.31.36.0-255,66,268204,7,274074
1843,0.045967,172.217.194.0-255,1484,269688,7,274074
1844,0.048267,172.217.194.0-255,4320,274008,7,274074
1845,0.048271,172.31.36.0-255,66,274074,7,274074
1846,0.0,172.217.194.0-255,153,153,7,275965
1847,3.7e-05,172.31.36.0-255,66,219,7,275965
1848,4.4e-05,172.217.194.0-255,1484,1703,7,275965
1849,4.8e-05,172.31.36.0-255,66,1769,7,275965
1850,6.1e-05,172.217.194.0-255,2902,4671,7,275965
1851,6.4e-05,172.31.36.0-255,66,4737,7,275965
1852,7e-05,172.217.194.0-255,4320,9057,7,275965
1853,7.2e-05,172.31.36.0-255,66,9123,7,275965
1854,8.4e-05,172.31.36.0-255,66,9189,7,275965
1855,9e-05,172.217.194.0-255,4320,13509,7,275965
1856,9.3e-05,172.31.36.0-255,66,13575,7,275965
1857,0.000138,172.31.36.0-255,66,13641,7,275965
1858,0.000141,172.217.194.0-255,1484,15125,7,275965
1859,0.000143,172.31.36.0-255,66,15191,7,275965
1860,0.000148,172.217.194.0-255,2902,18093,7,275965
1861,0.00015,172.31.36.0-255,66,18159,7,275965
1862,0.000163,172.217.194.0-255,5738,23897,7,275965
1863,0.000167,172.31.36.0-255,66,23963,7,275965
1864,0.000171,172.217.194.0-255,2902,26865,7,275965
1865,0.000173,172.31.36.0-255,66,26931,7,275965
1866,0.000248,172.31.36.0-255,66,26997,7,275965
1867,0.000256,172.217.194.0-255,7156,34153,7,275965
1868,0.000259,172.31.36.0-255,66,34219,7,275965
1869,0.00027,172.217.194.0-255,4213,38432,7,275965
1870,0.000272,172.31.36.0-255,66,38498,7,275965
1871,0.000336,172.217.194.0-255,1484,39982,7,275965
1872,0.000341,172.31.36.0-255,66,40048,7,275965
1873,0.000346,172.217.194.0-255,2902,42950,7,275965
1874,0.000348,172.31.36.0-255,66,43016,7,275965
1875,0.000353,172.217.194.0-255,2902,45918,7,275965
1876,0.000356,172.31.36.0-255,66,45984,7,275965
1877,0.000375,172.217.194.0-255,2902,48886,7,275965
1878,0.000378,172.31.36.0-255,66,48952,7,275965
1879,0.000399,172.31.36.0-255,66,49018,7,275965
1880,0.000445,172.31.36.0-255,66,49084,7,275965
1881,0.000479,172.217.194.0-255,4320,53404,7,275965
1882,0.000484,172.31.36.0-255,66,53470,7,275965
1883,0.00049,172.217.194.0-255,5738,59208,7,275965
1884,0.000494,172.31.36.0-255,66,59274,7,275965
1885,0.00054,172.217.194.0-255,6797,66071,7,275965
1886,0.000544,172.31.36.0-255,66,66137,7,275965
1887,0.000571,172.217.194.0-255,4320,70457,7,275965
1888,0.000574,172.31.36.0-255,66,70523,7,275965
1889,0.00058,172.217.194.0-255,4320,74843,7,275965
1890,0.000583,172.31.36.0-255,66,74909,7,275965
1891,0.000605,172.217.194.0-255,1484,76393,7,275965
1892,0.000626,172.31.36.0-255,66,76459,7,275965
1893,0.000633,172.217.194.0-255,5738,82197,7,275965
1894,0.000637,172.31.36.0-255,66,82263,7,275965
1895,0.00067,172.217.194.0-255,2902,85165,7,275965
1896,0.000674,172.31.36.0-255,66,85231,7,275965
1897,0.00068,172.217.194.0-255,3602,88833,7,275965
1898,0.000683,172.31.36.0-255,66,88899,7,275965
1899,0.001359,172.217.194.0-255,1484,90383,7,275965
1900,0.001367,172.217.194.0-255,2902,93285,7,275965
1901,0.001374,172.31.36.0-255,66,93351,7,275965
1902,0.00138,172.217.194.0-255,2902,96253,7,275965
1903,0.001382,172.31.36.0-255,66,96319,7,275965
1904,0.001419,172.217.194.0-255,2902,99221,7,275965
1905,0.001423,172.31.36.0-255,66,99287,7,275965
1906,0.001443,172.31.36.0-255,66,99353,7,275965
1907,0.001448,172.217.194.0-255,2902,102255,7,275965
1908,0.00145,172.31.36.0-255,66,102321,7,275965
1909,0.001493,172.31.36.0-255,66,102387,7,275965
1910,0.001613,172.217.194.0-255,1484,103871,7,275965
1911,0.001619,172.217.194.0-255,2902,106773,7,275965
1912,0.001623,172.31.36.0-255,66,106839,7,275965
1913,0.001626,172.217.194.0-255,1484,108323,7,275965
1914,0.001655,172.217.194.0-255,4320,112643,7,275965
1915,0.001658,172.31.36.0-255,66,112709,7,275965
1916,0.001671,172.31.36.0-255,66,112775,7,275965
1917,0.001689,172.31.36.0-255,66,112841,7,275965
1918,0.00172,172.217.194.0-255,2902,115743,7,275965
1919,0.001723,172.31.36.0-255,66,115809,7,275965
1920,0.001757,172.217.194.0-255,7156,122965,7,275965
1921,0.001761,172.31.36.0-255,66,123031,7,275965
1922,0.001779,172.31.36.0-255,66,123097,7,275965
1923,0.00182,172.31.36.0-255,66,123163,7,275965
1924,0.001853,172.217.194.0-255,3602,126765,7,275965
1925,0.001858,172.31.36.0-255,66,126831,7,275965
1926,0.002061,172.217.194.0-255,1484,128315,7,275965
1927,0.002066,172.217.194.0-255,2902,131217,7,275965
1928,0.00207,172.31.36.0-255,66,131283,7,275965
1929,0.002089,172.217.194.0-255,2902,134185,7,275965
1930,0.002093,172.31.36.0-255,66,134251,7,275965
1931,0.002097,172.217.194.0-255,1484,135735,7,275965
1932,0.002123,172.217.194.0-255,5738,141473,7,275965
1933,0.002127,172.31.36.0-255,66,141539,7,275965
1934,0.002165,172.31.36.0-255,66,141605,7,275965
1935,0.002201,172.217.194.0-255,5020,146625,7,275965
1936,0.002204,172.31.36.0-255,66,146691,7,275965
1937,0.002256,172.217.194.0-255,1484,148175,7,275965
1938,0.002261,172.217.194.0-255,2902,151077,7,275965
1939,0.002264,172.31.36.0-255,66,151143,7,275965
1940,0.002295,172.217.194.0-255,4320,155463,7,275965
1941,0.002299,172.31.36.0-255,66,155529,7,275965
1942,0.002302,172.217.194.0-255,1484,157013,7,275965
1943,0.004583,172.217.194.0-255,4320,161333,7,275965
1944,0.00459,172.31.36.0-255,66,161399,7,275965
1945,0.006871,172.217.194.0-255,5738,167137,7,275965
1946,0.006877,172.31.36.0-255,66,167203,7,275965
1947,0.009162,172.217.194.0-255,5738,172941,7,275965
1948,0.009169,172.31.36.0-255,66,173007,7,275965
1949,0.011446,172.217.194.0-255,5738,178745,7,275965
1950,0.011454,172.31.36.0-255,66,178811,7,275965
1951,0.013754,172.217.194.0-255,5738,184549,7,275965
1952,0.013766,172.31.36.0-255,66,184615,7,275965
1953,0.016028,172.217.194.0-255,5738,190353,7,275965
1954,0.016038,172.31.36.0-255,66,190419,7,275965
1955,0.018283,172.217.194.0-255,5738,196157,7,275965
1956,0.018291,172.31.36.0-255,66,196223,7,275965
1957,0.020583,172.217.194.0-255,5738,201961,7,275965
1958,0.020589,172.31.36.0-255,66,202027,7,275965
1959,0.022859,172.217.194.0-255,5738,207765,7,275965
1960,0.022867,172.31.36.0-255,66,207831,7,275965
1961,0.025149,172.217.194.0-255,5738,213569,7,275965
1962,0.025159,172.31.36.0-255,66,213635,7,275965
1963,0.027399,172.217.194.0-255,5738,219373,7,275965
1964,0.027408,172.31.36.0-255,66,219439,7,275965
1965,0.029719,172.217.194.0-255,5738,225177,7,275965
1966,0.029726,172.31.36.0-255,66,225243,7,275965
1967,0.029867,172.31.36.0-255,172,225415,7,275965
1968,0.030046,172.31.36.0-255,1115,226530,7,275965
1969,0.030113,172.31.36.0-255,1514,228044,7,275965
1970,0.030141,172.31.36.0-255,1291,229335,7,275965
1971,0.031405,104.244.42.0-255,66,229401,7,275965
1972,0.031594,104.244.42.0-255,66,229467,7,275965
1973,0.031698,104.244.42.0-255,66,229533,7,275965
1974,0.031976,172.217.194.0-255,5738,235271,7,275965
1975,0.031981,172.31.36.0-255,66,235337,7,275965
1976,0.034261,172.217.194.0-255,5738,241075,7,275965
1977,0.034268,172.31.36.0-255,66,241141,7,275965
1978,0.036591,172.217.194.0-255,5738,246879,7,275965
1979,0.036604,172.31.36.0-255,66,246945,7,275965
1980,0.038887,172.217.194.0-255,5738,252683,7,275965
1981,0.038904,172.31.36.0-255,66,252749,7,275965
1982,0.041176,172.217.194.0-255,5738,258487,7,275965
1983,0.041187,172.31.36.0-255,66,258553,7,275965
1984,0.043502,172.217.194.0-255,5738,264291,7,275965
1985,0.043508,172.31.36.0-255,66,264357,7,275965
1986,0.045772,172.217.194.0-255,5738,270095,7,275965
1987,0.045779,172.31.36.0-255,66,270161,7,275965
1988,0.04803,172.217.194.0-255,5738,275899,7,275965
1989,0.048037,172.31.36.0-255,66,275965,7,275965
1990,0.0,172.217.194.0-255,152,152,7,209683
1991,3.4e-05,172.31.36.0-255,66,218,7,209683
1992,4.1e-05,172.217.194.0-255,1484,1702,7,209683
1993,4.5e-05,172.31.36.0-255,66,1768,7,209683
1994,5.9e-05,172.217.194.0-255,2902,4670,7,209683
1995,6.3e-05,172.31.36.0-255,66,4736,7,209683
1996,7e-05,172.217.194.0-255,7156,11892,7,209683
1997,7.3e-05,172.31.36.0-255,66,11958,7,209683
1998,7.6e-05,172.217.194.0-255,2139,14097,7,209683
1999,7.9e-05,172.31.36.0-255,66,14163,7,209683
2000,0.000122,172.217.194.0-255,1484,15647,7,209683
2001,0.000126,172.31.36.0-255,66,15713,7,209683
2002,0.000146,172.217.194.0-255,2902,18615,7,209683
2003,0.00015,172.31.36.0-255,66,18681,7,209683
2004,0.000155,172.217.194.0-255,2902,21583,7,209683
2005,0.000157,172.31.36.0-255,66,21649,7,209683
2006,0.000166,172.217.194.0-255,7156,28805,7,209683
2007,0.000168,172.31.36.0-255,66,28871,7,209683
2008,0.000218,172.31.36.0-255,66,28937,7,209683
2009,0.000223,172.217.194.0-255,4320,33257,7,209683
2010,0.000225,172.31.36.0-255,66,33323,7,209683
2011,0.000271,172.31.36.0-255,66,33389,7,209683
2012,0.000303,172.217.194.0-255,3875,37264,7,209683
2013,0.000308,172.31.36.0-255,66,37330,7,209683
2014,0.000311,172.217.194.0-255,123,37453,7,209683
2015,0.000313,172.31.36.0-255,66,37519,7,209683
2016,0.000398,172.217.194.0-255,379,37898,7,209683
2017,0.000403,172.31.36.0-255,66,37964,7,209683
2018,0.000809,172.217.194.0-255,1484,39448,7,209683
2019,0.000816,172.31.36.0-255,66,39514,7,209683
2020,0.000822,172.217.194.0-255,2902,42416,7,209683
2021,0.000825,172.31.36.0-255,66,42482,7,209683
2022,0.000837,172.217.194.0-255,5738,48220,7,209683
2023,0.000841,172.31.36.0-255,66,48286,7,209683
2024,0.000847,172.217.194.0-255,4320,52606,7,209683
2025,0.000849,172.31.36.0-255,66,52672,7,209683
2026,0.000885,172.31.36.0-255,66,52738,7,209683
2027,0.000898,172.31.36.0-255,66,52804,7,209683
2028,0.001999,172.217.194.0-255,1484,54288,7,209683
2029,0.002019,172.217.194.0-255,2902,57190,7,209683
2030,0.002023,172.31.36.0-255,66,57256,7,209683
2031,0.002029,172.217.194.0-255,5738,62994,7,209683
2032,0.00203,172.31.36.0-255,66,63060,7,209683
2033,0.002064,172.31.36.0-255,66,63126,7,209683
2034,0.002096,172.217.194.0-255,1484,64610,7,209683
2035,0.002114,172.217.194.0-255,7156,71766,7,209683
2036,0.002117,172.31.36.0-255,66,71832,7,209683
2037,0.002144,172.217.194.0-255,5020,76852,7,209683
2038,0.002147,172.31.36.0-255,66,76918,7,209683
2039,0.002211,172.217.194.0-255,1484,78402,7,209683
2040,0.002215,172.217.194.0-255,2902,81304,7,209683
2041,0.00222,172.31.36.0-255,66,81370,7,209683
2042,0.002263,172.217.194.0-255,5738,87108,7,209683
2043,0.00228,172.31.36.0-255,66,87174,7,209683
2044,0.00229,172.31.36.0-255,66,87240,7,209683
2045,0.00233,172.217.194.0-255,2902,90142,7,209683
2046,0.002334,172.31.36.0-255,66,90208,7,209683
2047,0.00237,172.31.36.0-255,66,90274,7,209683
2048,0.004693,172.217.194.0-255,5738,96012,7,209683
2049,0.004698,172.31.36.0-255,66,96078,7,209683
2050,0.007011,172.217.194.0-255,5738,101816,7,209683
2051,0.007018,172.31.36.0-255,66,101882,7,209683
2052,0.009334,172.217.194.0-255,5738,107620,7,209683
2053,0.009343,172.31.36.0-255,66,107686,7,209683
2054,0.01168,172.217.194.0-255,5738,113424,7,209683
2055,0.011689,172.31.36.0-255,66,113490,7,209683
2056,0.014026,172.217.194.0-255,5738,119228,7,209683
2057,0.014036,172.31.36.0-255,66,119294,7,209683
2058,0.016374,172.217.194.0-255,5738,125032,7,209683
2059,0.016383,172.31.36.0-255,66,125098,7,209683
2060,0.018729,172.217.194.0-255,5738,130836,7,209683
2061,0.018736,172.31.36.0-255,66,130902,7,209683
2062,0.021077,172.217.194.0-255,5738,136640,7,209683
2063,0.021085,172.31.36.0-255,66,136706,7,209683
2064,0.021289,172.31.36.0-255,172,136878,7,209683
2065,0.02132,172.31.36.0-255,1114,137992,7,209683
2066,0.02145,172.31.36.0-255,1514,139506,7,209683
2067,0.021453,172.31.36.0-255,331,139837,7,209683
2068,0.022857,104.244.42.0-255,66,139903,7,209683
2069,0.022894,104.244.42.0-255,66,139969,7,209683
2070,0.023026,104.244.42.0-255,66,140035,7,209683
2071,0.02343,172.217.194.0-255,5738,145773,7,209683
2072,0.023438,172.31.36.0-255,66,145839,7,209683
2073,0.025773,172.217.194.0-255,5738,151577,7,209683
2074,0.025782,172.31.36.0-255,66,151643,7,209683
2075,0.028136,172.217.194.0-255,5738,157381,7,209683
2076,0.028143,172.31.36.0-255,66,157447,7,209683
2077,0.03047,172.217.194.0-255,5738,163185,7,209683
2078,0.03048,172.31.36.0-255,66,163251,7,209683
2079,0.032797,172.217.194.0-255,5738,168989,7,209683
2080,0.032805,172.31.36.0-255,66,169055,7,209683
2081,0.035151,172.217.194.0-255,5738,174793,7,209683
2082,0.035159,172.31.36.0-255,66,174859,7,209683
2083,0.037497,172.217.194.0-255,5738,180597,7,209683
2084,0.037504,172.31.36.0-255,66,180663,7,209683
2085,0.039849,172.217.194.0-255,5738,186401,7,209683
2086,0.039859,172.31.36.0-255,66,186467,7,209683
2087,0.042214,172.217.194.0-255,5738,192205,7,209683
2088,0.042221,172.31.36.0-255,66,192271,7,209683
2089,0.044571,172.217.194.0-255,5738,198009,7,209683
2090,0.044578,172.31.36.0-255,66,198075,7,209683
2091,0.046908,172.217.194.0-255,5738,203813,7,209683
2092,0.046914,172.31.36.0-255,66,203879,7,209683
2093,0.049251,172.217.194.0-255,5738,209617,7,209683
2094,0.049258,172.31.36.0-255,66,209683,7,209683
2095,0.0,74.125.200.0-255,152,152,7,340483
2096,1.4e-05,172.31.36.0-255,66,218,7,340483
2097,2.1e-05,74.125.200.0-255,1484,1702,7,340483
2098,2.5e-05,172.31.36.0-255,66,1768,7,340483
2099,3.2e-05,74.125.200.0-255,2902,4670,7,340483
2100,4.5e-05,172.31.36.0-255,66,4736,7,340483
2101,6.8e-05,74.125.200.0-255,7156,11892,7,340483
2102,7.2e-05,172.31.36.0-255,66,11958,7,340483
2103,7.6e-05,74.125.200.0-255,2047,14005,7,340483
2104,7.8e-05,172.31.36.0-255,66,14071,7,340483
2105,8.3e-05,74.125.200.0-255,2902,16973,7,340483
2106,8.5e-05,172.31.36.0-255,66,17039,7,340483
2107,9.2e-05,74.125.200.0-255,7156,24195,7,340483
2108,9.5e-05,172.31.36.0-255,66,24261,7,340483
2109,0.000102,74.125.200.0-255,6797,31058,7,340483
2110,0.000106,172.31.36.0-255,66,31124,7,340483
2111,0.000181,74.125.200.0-255,1484,32608,7,340483
2112,0.000186,172.31.36.0-255,66,32674,7,340483
2113,0.000194,74.125.200.0-255,2902,35576,7,340483
2114,0.000197,172.31.36.0-255,66,35642,7,340483
2115,0.000208,74.125.200.0-255,4320,39962,7,340483
2116,0.000211,172.31.36.0-255,66,40028,7,340483
2117,0.000246,74.125.200.0-255,4320,44348,7,340483
2118,0.000256,172.31.36.0-255,66,44414,7,340483
2119,0.000284,74.125.200.0-255,5379,49793,7,340483
2120,0.000288,172.31.36.0-255,66,49859,7,340483
2121,0.000294,74.125.200.0-255,4320,54179,7,340483
2122,0.000296,172.31.36.0-255,66,54245,7,340483
2123,0.000355,172.31.36.0-255,66,54311,7,340483
2124,0.000359,74.125.200.0-255,114,54425,7,340483
2125,0.000361,172.31.36.0-255,66,54491,7,340483
2126,0.000638,74.125.200.0-255,1484,55975,7,340483
2127,0.000646,74.125.200.0-255,2902,58877,7,340483
2128,0.00065,172.31.36.0-255,66,58943,7,340483
2129,0.000655,74.125.200.0-255,2902,61845,7,340483
2130,0.000657,172.31.36.0-255,66,61911,7,340483
2131,0.000678,74.125.200.0-255,2902,64813,7,340483
2132,0.00068,172.31.36.0-255,66,64879,7,340483
2133,0.000693,74.125.200.0-255,6797,71676,7,340483
2134,0.000696,172.31.36.0-255,66,71742,7,340483
2135,0.000728,74.125.200.0-255,4320,76062,7,340483
2136,0.000732,172.31.36.0-255,66,76128,7,340483
2137,0.000739,74.125.200.0-255,5738,81866,7,340483
2138,0.000741,172.31.36.0-255,66,81932,7,340483
2139,0.000744,74.125.200.0-255,1484,83416,7,340483
2140,0.000791,172.31.36.0-255,66,83482,7,340483
2141,0.000799,74.125.200.0-255,4320,87802,7,340483
2142,0.000801,172.31.36.0-255,66,87868,7,340483
2143,0.000847,172.31.36.0-255,66,87934,7,340483
2144,0.001336,74.125.200.0-255,1484,89418,7,340483
2145,0.001342,74.125.200.0-255,1484,90902,7,340483
2146,0.001347,172.31.36.0-255,66,90968,7,340483
2147,0.001379,74.125.200.0-255,1484,92452,7,340483
2148,0.001386,74.125.200.0-255,5738,98190,7,340483
2149,0.001389,172.31.36.0-255,66,98256,7,340483
2150,0.001396,74.125.200.0-255,6797,105053,7,340483
2151,0.001398,172.31.36.0-255,66,105119,7,340483
2152,0.001427,74.125.200.0-255,7156,112275,7,340483
2153,0.001431,172.31.36.0-255,66,112341,7,340483
2154,0.001469,172.31.36.0-255,66,112407,7,340483
2155,0.001476,74.125.200.0-255,5738,118145,7,340483
2156,0.001479,172.31.36.0-255,66,118211,7,340483
2157,0.001524,172.31.36.0-255,66,118277,7,340483
2158,0.001529,74.125.200.0-255,3602,121879,7,340483
2159,0.001531,172.31.36.0-255,66,121945,7,340483
2160,0.001859,74.125.200.0-255,1484,123429,7,340483
2161,0.001863,74.125.200.0-255,1484,124913,7,340483
2162,0.001865,172.31.36.0-255,66,124979,7,340483
2163,0.001883,74.125.200.0-255,1484,126463,7,340483
2164,0.001888,74.125.200.0-255,4320,130783,7,340483
2165,0.00189,172.31.36.0-255,66,130849,7,340483
2166,0.001916,74.125.200.0-255,7156,138005,7,340483
2167,0.001919,172.31.36.0-255,66,138071,7,340483
2168,0.00194,74.125.200.0-255,1484,139555,7,340483
2169,0.001944,74.125.200.0-255,4320,143875,7,340483
2170,0.001948,74.125.200.0-255,5738,149613,7,340483
2171,0.001952,172.31.36.0-255,66,149679,7,340483
2172,0.001958,172.31.36.0-255,66,149745,7,340483
2173,0.001978,74.125.200.0-255,6438,156183,7,340483
2174,0.001986,172.31.36.0-255,66,156249,7,340483
2175,0.002121,74.125.200.0-255,1484,157733,7,340483
2176,0.002139,74.125.200.0-255,2902,160635,7,340483
2177,0.002142,172.31.36.0-255,66,160701,7,340483
2178,0.002167,74.125.200.0-255,5738,166439,7,340483
2179,0.002169,172.31.36.0-255,66,166505,7,340483
2180,0.002198,74.125.200.0-255,4320,170825,7,340483
2181,0.002201,74.125.200.0-255,2902,173727,7,340483
2182,0.002204,172.31.36.0-255,66,173793,7,340483
2183,0.002207,172.31.36.0-255,66,173859,7,340483
2184,0.002214,74.125.200.0-255,2902,176761,7,340483
2185,0.002216,172.31.36.0-255,66,176827,7,340483
2186,0.002242,74.125.200.0-255,7156,183983,7,340483
2187,0.002244,172.31.36.0-255,66,184049,7,340483
2188,0.002323,172.31.36.0-255,66,184115,7,340483
2189,0.002343,172.31.36.0-255,66,184181,7,340483
2190,0.002347,74.125.200.0-255,2902,187083,7,340483
2191,0.002348,172.31.36.0-255,66,187149,7,340483
2192,0.002357,74.125.200.0-255,4320,191469,7,340483
2193,0.002359,172.31.36.0-255,66,191535,7,340483
2194,0.002383,74.125.200.0-255,5738,197273,7,340483
2195,0.002386,172.31.36.0-255,66,197339,7,340483
2196,0.002406,74.125.200.0-255,2902,200241,7,340483
2197,0.002408,172.31.36.0-255,66,200307,7,340483
2198,0.002439,172.31.36.0-255,66,200373,7,340483
2199,0.002481,74.125.200.0-255,4320,204693,7,340483
2200,0.002484,172.31.36.0-255,66,204759,7,340483
2201,0.002506,74.125.200.0-255,4320,209079,7,340483
2202,0.002509,172.31.36.0-255,66,209145,7,340483
2203,0.002513,74.125.200.0-255,4320,213465,7,340483
2204,0.002515,172.31.36.0-255,66,213531,7,340483
2205,0.002545,74.125.200.0-255,5738,219269,7,340483
2206,0.002548,172.31.36.0-255,66,219335,7,340483
2207,0.00255,74.125.200.0-255,1484,220819,7,340483
2208,0.002554,74.125.200.0-255,2902,223721,7,340483
2209,0.002555,172.31.36.0-255,66,223787,7,340483
2210,0.002578,74.125.200.0-255,2902,226689,7,340483
2211,0.00258,172.31.36.0-255,66,226755,7,340483
2212,0.005093,74.125.200.0-255,1484,228239,7,340483
2213,0.005116,74.125.200.0-255,4320,232559,7,340483
2214,0.00512,172.31.36.0-255,66,232625,7,340483
2215,0.007694,74.125.200.0-255,5738,238363,7,340483
2216,0.007702,172.31.36.0-255,66,238429,7,340483
2217,0.010254,74.125.200.0-255,5738,244167,7,340483
2218,0.010261,172.31.36.0-255,66,244233,7,340483
2219,0.012811,74.125.200.0-255,5738,249971,7,340483
2220,0.012818,172.31.36.0-255,66,250037,7,340483
2221,0.015381,74.125.200.0-255,5738,255775,7,340483
2222,0.015388,172.31.36.0-255,66,255841,7,340483
2223,0.017949,74.125.200.0-255,5738,261579,7,340483
2224,0.017957,172.31.36.0-255,66,261645,7,340483
2225,0.020518,74.125.200.0-255,5738,267383,7,340483
2226,0.020525,172.31.36.0-255,66,267449,7,340483
2227,0.023088,74.125.200.0-255,5738,273187,7,340483
2228,0.023097,172.31.36.0-255,66,273253,7,340483
2229,0.02567,74.125.200.0-255,5738,278991,7,340483
2230,0.025679,172.31.36.0-255,66,279057,7,340483
2231,0.028234,74.125.200.0-255,5738,284795,7,340483
2232,0.028242,172.31.36.0-255,66,284861,7,340483
2233,0.029254,172.31.36.0-255,172,285033,7,340483
2234,0.029293,172.31.36.0-255,1113,286146,7,340483
2235,0.029376,172.31.36.0-255,1514,287660,7,340483
2236,0.029378,172.31.36.0-255,1514,289174,7,340483
2237,0.029379,172.31.36.0-255,1514,290688,7,340483
2238,0.029383,172.31.36.0-255,1514,292202,7,340483
2239,0.029393,172.31.36.0-255,1514,293716,7,340483
2240,0.029394,172.31.36.0-255,71,293787,7,340483
2241,0.030798,104.244.42.0-255,66,293853,7,340483
2242,0.030806,74.125.200.0-255,5738,299591,7,340483
2243,0.03081,172.31.36.0-255,66,299657,7,340483
2244,0.030857,104.244.42.0-255,66,299723,7,340483
2245,0.030956,104.244.42.0-255,66,299789,7,340483
2246,0.030961,104.244.42.0-255,66,299855,7,340483
2247,0.033376,74.125.200.0-255,5738,305593,7,340483
2248,0.033385,172.31.36.0-255,66,305659,7,340483
2249,0.035962,74.125.200.0-255,5738,311397,7,340483
2250,0.035974,172.31.36.0-255,66,311463,7,340483
2251,0.038531,74.125.200.0-255,5738,317201,7,340483
2252,0.038536,172.31.36.0-255,66,317267,7,340483
2253,0.041092,74.125.200.0-255,5738,323005,7,340483
2254,0.041098,172.31.36.0-255,66,323071,7,340483
2255,0.043652,74.125.200.0-255,5738,328809,7,340483
2256,0.043657,172.31.36.0-255,66,328875,7,340483
2257,0.046207,74.125.200.0-255,5738,334613,7,340483
2258,0.046227,172.31.36.0-255,66,334679,7,340483
2259,0.048777,74.125.200.0-255,5738,340417,7,340483
2260,0.048793,172.31.36.0-255,66,340483,7,340483
2261,0.0,172.217.194.0-255,143,143,7,235038
2262,1.5e-05,172.31.36.0-255,66,209,7,235038
2263,2.1e-05,172.217.194.0-255,1484,1693,7,235038
2264,2.5e-05,172.31.36.0-255,66,1759,7,235038
2265,3.1e-05,172.217.194.0-255,2902,4661,7,235038
2266,3.9e-05,172.31.36.0-255,66,4727,7,235038
2267,4.8e-05,172.217.194.0-255,7156,11883,7,235038
2268,5.1e-05,172.31.36.0-255,66,11949,7,235038
2269,5.5e-05,172.217.194.0-255,2072,14021,7,235038
2270,5.8e-05,172.31.36.0-255,66,14087,7,235038
2271,0.000168,172.217.194.0-255,1484,15571,7,235038
2272,0.000172,172.31.36.0-255,66,15637,7,235038
2273,0.000179,172.217.194.0-255,2902,18539,7,235038
2274,0.000181,172.31.36.0-255,66,18605,7,235038
2275,0.000211,172.217.194.0-255,5738,24343,7,235038
2276,0.000215,172.31.36.0-255,66,24409,7,235038
2277,0.000222,172.217.194.0-255,6797,31206,7,235038
2278,0.000225,172.31.36.0-255,66,31272,7,235038
2279,0.000267,172.31.36.0-255,66,31338,7,235038
2280,0.00028,172.31.36.0-255,66,31404,7,235038
2281,0.000332,172.31.36.0-255,66,31470,7,235038
2282,0.000335,172.217.194.0-255,114,31584,7,235038
2283,0.000337,172.31.36.0-255,66,31650,7,235038
2284,0.00034,172.217.194.0-255,382,32032,7,235038
2285,0.000342,172.31.36.0-255,66,32098,7,235038
2286,0.000691,172.217.194.0-255,1484,33582,7,235038
2287,0.000696,172.31.36.0-255,66,33648,7,235038
2288,0.000703,172.217.194.0-255,2902,36550,7,235038
2289,0.000705,172.31.36.0-255,66,36616,7,235038
2290,0.000711,172.217.194.0-255,5738,42354,7,235038
2291,0.00072,172.31.36.0-255,66,42420,7,235038
2292,0.000723,172.217.194.0-255,1484,43904,7,235038
2293,0.000735,172.31.36.0-255,66,43970,7,235038
2294,0.000776,172.217.194.0-255,7156,51126,7,235038
2295,0.000781,172.31.36.0-255,66,51192,7,235038
2296,0.000804,172.217.194.0-255,6438,57630,7,235038
2297,0.00081,172.31.36.0-255,66,57696,7,235038
2298,0.001109,172.217.194.0-255,1484,59180,7,235038
2299,0.001115,172.217.194.0-255,2902,62082,7,235038
2300,0.001119,172.31.36.0-255,66,62148,7,235038
2301,0.001126,172.217.194.0-255,5738,67886,7,235038
2302,0.001128,172.31.36.0-255,66,67952,7,235038
2303,0.001167,172.31.36.0-255,66,68018,7,235038
2304,0.001173,172.217.194.0-255,4320,72338,7,235038
2305,0.001175,172.31.36.0-255,66,72404,7,235038
2306,0.001202,172.217.194.0-255,6438,78842,7,235038
2307,0.001205,172.31.36.0-255,66,78908,7,235038
2308,0.001366,172.217.194.0-255,1484,80392,7,235038
2309,0.001372,172.217.194.0-255,2902,83294,7,235038
2310,0.001375,172.31.36.0-255,66,83360,7,235038
2311,0.00138,172.217.194.0-255,1484,84844,7,235038
2312,0.001408,172.217.194.0-255,4320,89164,7,235038
2313,0.00141,172.31.36.0-255,66,89230,7,235038
2314,0.001425,172.31.36.0-255,66,89296,7,235038
2315,0.001433,172.217.194.0-255,7156,96452,7,235038
2316,0.001435,172.31.36.0-255,66,96518,7,235038
2317,0.001459,172.217.194.0-255,3602,100120,7,235038
2318,0.001462,172.31.36.0-255,66,100186,7,235038
2319,0.001486,172.217.194.0-255,1484,101670,7,235038
2320,0.001491,172.217.194.0-255,2902,104572,7,235038
2321,0.001496,172.31.36.0-255,66,104638,7,235038
2322,0.001517,172.217.194.0-255,5738,110376,7,235038
2323,0.00152,172.31.36.0-255,66,110442,7,235038
2324,0.001526,172.217.194.0-255,4320,114762,7,235038
2325,0.001528,172.31.36.0-255,66,114828,7,235038
2326,0.001571,172.31.36.0-255,66,114894,7,235038
2327,0.001578,172.217.194.0-255,5738,120632,7,235038
2328,0.00158,172.31.36.0-255,66,120698,7,235038
2329,0.001602,172.217.194.0-255,5020,125718,7,235038
2330,0.001609,172.31.36.0-255,66,125784,7,235038
2331,0.001652,172.217.194.0-255,1484,127268,7,235038
2332,0.001669,172.217.194.0-255,2902,130170,7,235038
2333,0.001672,172.31.36.0-255,66,130236,7,235038
2334,0.001678,172.217.194.0-255,4320,134556,7,235038
2335,0.001681,172.31.36.0-255,66,134622,7,235038
2336,0.001711,172.217.194.0-255,1484,136106,7,235038
2337,0.001727,172.31.36.0-255,66,136172,7,235038
2338,0.001761,172.31.36.0-255,66,136238,7,235038
2339,0.001785,172.217.194.0-255,1484,137722,7,235038
2340,0.001847,172.217.194.0-255,2902,140624,7,235038
2341,0.001852,172.217.194.0-255,5738,146362,7,235038
2342,0.001872,172.31.36.0-255,66,146428,7,235038
2343,0.001876,172.31.36.0-255,66,146494,7,235038
2344,0.001879,172.31.36.0-255,66,146560,7,235038
2345,0.001906,172.31.36.0-255,66,146626,7,235038
2346,0.002315,172.217.194.0-255,1484,148110,7,235038
2347,0.002322,172.217.194.0-255,2902,151012,7,235038
2348,0.002325,172.31.36.0-255,66,151078,7,235038
2349,0.002331,172.217.194.0-255,2902,153980,7,235038
2350,0.002333,172.31.36.0-255,66,154046,7,235038
2351,0.002363,172.217.194.0-255,2902,156948,7,235038
2352,0.002365,172.31.36.0-255,66,157014,7,235038
2353,0.002373,172.217.194.0-255,5738,162752,7,235038
2354,0.002375,172.31.36.0-255,66,162818,7,235038
2355,0.002412,172.217.194.0-255,7156,169974,7,235038
2356,0.002415,172.31.36.0-255,66,170040,7,235038
2357,0.002428,172.31.36.0-255,66,170106,7,235038
2358,0.002457,172.217.194.0-255,7156,177262,7,235038
2359,0.00246,172.31.36.0-255,66,177328,7,235038
2360,0.002463,172.217.194.0-255,1484,178812,7,235038
2361,0.002466,172.217.194.0-255,1484,180296,7,235038
2362,0.002468,172.31.36.0-255,66,180362,7,235038
2363,0.002494,172.217.194.0-255,4320,184682,7,235038
2364,0.002496,172.31.36.0-255,66,184748,7,235038
2365,0.002503,172.217.194.0-255,4320,189068,7,235038
2366,0.002506,172.31.36.0-255,66,189134,7,235038
2367,0.002512,172.217.194.0-255,5738,194872,7,235038
2368,0.002514,172.31.36.0-255,66,194938,7,235038
2369,0.002541,172.217.194.0-255,4320,199258,7,235038
2370,0.002544,172.31.36.0-255,66,199324,7,235038
2371,0.00255,172.217.194.0-255,5020,204344,7,235038
2372,0.002553,172.31.36.0-255,66,204410,7,235038
2373,0.002582,172.217.194.0-255,1484,205894,7,235038
2374,0.002587,172.217.194.0-255,2902,208796,7,235038
2375,0.00259,172.31.36.0-255,66,208862,7,235038
2376,0.002615,172.217.194.0-255,2902,211764,7,235038
2377,0.002619,172.31.36.0-255,66,211830,7,235038
2378,0.002629,172.31.36.0-255,66,211896,7,235038
2379,0.002655,172.217.194.0-255,1484,213380,7,235038
2380,0.002672,172.31.36.0-255,66,213446,7,235038
2381,0.002702,172.217.194.0-255,766,214212,7,235038
2382,0.002708,172.217.194.0-255,2902,217114,7,235038
2383,0.00271,172.31.36.0-255,66,217180,7,235038
2384,0.002717,172.217.194.0-255,4320,221500,7,235038
2385,0.00272,172.31.36.0-255,66,221566,7,235038
2386,0.002727,172.217.194.0-255,7156,228722,7,235038
2387,0.00273,172.31.36.0-255,66,228788,7,235038
2388,0.002758,172.217.194.0-255,1484,230272,7,235038
2389,0.002776,172.31.36.0-255,66,230338,7,235038
2390,0.002818,172.31.36.0-255,66,230404,7,235038
2391,0.002821,172.217.194.0-255,105,230509,7,235038
2392,0.010771,172.31.36.0-255,66,230575,7,235038
2393,0.010811,172.31.36.0-255,105,230680,7,235038
2394,0.013066,172.217.194.0-255,66,230746,7,235038
2395,0.030549,172.31.36.0-255,172,230918,7,235038
2396,0.030579,172.31.36.0-255,1114,232032,7,235038
2397,0.03064,172.31.36.0-255,1514,233546,7,235038
2398,0.030663,172.31.36.0-255,1294,234840,7,235038
2399,0.032042,104.244.42.0-255,66,234906,7,235038
2400,0.03208,104.244.42.0-255,66,234972,7,235038
2401,0.032156,104.244.42.0-255,66,235038,7,235038
2402,0.0,74.125.24.0-255,150,150,7,322388
2403,2.4e-05,172.31.36.0-255,66,216,7,322388
2404,3.2e-05,74.125.24.0-255,1484,1700,7,322388
2405,3.6e-05,172.31.36.0-255,66,1766,7,322388
2406,5.2e-05,74.125.24.0-255,2902,4668,7,322388
2407,5.7e-05,172.31.36.0-255,66,4734,7,322388
2408,6.5e-05,74.125.24.0-255,7156,11890,7,322388
2409,6.8e-05,172.31.36.0-255,66,11956,7,322388
2410,7.2e-05,74.125.24.0-255,2063,14019,7,322388
2411,7.5e-05,172.31.36.0-255,66,14085,7,322388
2412,0.000118,74.125.24.0-255,1484,15569,7,322388
2413,0.00012,172.31.36.0-255,66,15635,7,322388
2414,0.000126,74.125.24.0-255,2902,18537,7,322388
2415,0.000128,172.31.36.0-255,66,18603,7,322388
2416,0.000134,74.125.24.0-255,5738,24341,7,322388
2417,0.000137,172.31.36.0-255,66,24407,7,322388
2418,0.000166,74.125.24.0-255,6797,31204,7,322388
2419,0.000169,172.31.36.0-255,66,31270,7,322388
2420,0.000213,74.125.24.0-255,1484,32754,7,322388
2421,0.000216,172.31.36.0-255,66,32820,7,322388
2422,0.000221,74.125.24.0-255,2902,35722,7,322388
2423,0.000223,172.31.36.0-255,66,35788,7,322388
2424,0.000228,74.125.24.0-255,2902,38690,7,322388
2425,0.00023,172.31.36.0-255,66,38756,7,322388
2426,0.000256,74.125.24.0-255,2902,41658,7,322388
2427,0.000259,172.31.36.0-255,66,41724,7,322388
2428,0.000285,74.125.24.0-255,4320,46044,7,322388
2429,0.000288,172.31.36.0-255,66,46110,7,322388
2430,0.000314,74.125.24.0-255,2543,48653,7,322388
2431,0.000318,172.31.36.0-255,66,48719,7,322388
2432,0.000841,74.125.24.0-255,1484,50203,7,322388
2433,0.000847,172.31.36.0-255,66,50269,7,322388
2434,0.000853,74.125.24.0-255,2902,53171,7,322388
2435,0.000856,172.31.36.0-255,66,53237,7,322388
2436,0.000868,74.125.24.0-255,5738,58975,7,322388
2437,0.00087,172.31.36.0-255,66,59041,7,322388
2438,0.000876,74.125.24.0-255,5738,64779,7,322388
2439,0.000878,172.31.36.0-255,66,64845,7,322388
2440,0.00091,74.125.24.0-255,1125,65970,7,322388
2441,0.000937,74.125.24.0-255,1484,67454,7,322388
2442,0.00094,172.31.36.0-255,66,67520,7,322388
2443,0.000944,74.125.24.0-255,1484,69004,7,322388
2444,0.000969,74.125.24.0-255,2902,71906,7,322388
2445,0.000973,172.31.36.0-255,66,71972,7,322388
2446,0.000978,74.125.24.0-255,4320,76292,7,322388
2447,0.000981,172.31.36.0-255,66,76358,7,322388
2448,0.000986,74.125.24.0-255,2902,79260,7,322388
2449,0.000988,172.31.36.0-255,66,79326,7,322388
2450,0.001013,74.125.24.0-255,2902,82228,7,322388
2451,0.001016,172.31.36.0-255,66,82294,7,322388
2452,0.001029,172.31.36.0-255,66,82360,7,322388
2453,0.001072,74.125.24.0-255,6797,89157,7,322388
2454,0.001076,172.31.36.0-255,66,89223,7,322388
2455,0.001189,74.125.24.0-255,646,89869,7,322388
2456,0.001289,74.125.24.0-255,1484,91353,7,322388
2457,0.001292,172.31.36.0-255,66,91419,7,322388
2458,0.001296,74.125.24.0-255,1484,92903,7,322388
2459,0.001318,74.125.24.0-255,1484,94387,7,322388
2460,0.001321,172.31.36.0-255,66,94453,7,322388
2461,0.001328,74.125.24.0-255,5738,100191,7,322388
2462,0.001331,172.31.36.0-255,66,100257,7,322388
2463,0.001354,74.125.24.0-255,4320,104577,7,322388
2464,0.001357,172.31.36.0-255,66,104643,7,322388
2465,0.001362,74.125.24.0-255,1994,106637,7,322388
2466,0.001364,172.31.36.0-255,66,106703,7,322388
2467,0.001502,74.125.24.0-255,1484,108187,7,322388
2468,0.001509,74.125.24.0-255,2902,111089,7,322388
2469,0.001511,172.31.36.0-255,66,111155,7,322388
2470,0.00154,74.125.24.0-255,5738,116893,7,322388
2471,0.001543,172.31.36.0-255,66,116959,7,322388
2472,0.001568,74.125.24.0-255,5738,122697,7,322388
2473,0.001571,172.31.36.0-255,66,122763,7,322388
2474,0.001608,74.125.24.0-255,7156,129919,7,322388
2475,0.001611,172.31.36.0-255,66,129985,7,322388
2476,0.001616,74.125.24.0-255,2902,132887,7,322388
2477,0.001618,172.31.36.0-255,66,132953,7,322388
2478,0.001635,74.125.24.0-255,1484,134437,7,322388
2479,0.001647,74.125.24.0-255,6438,140875,7,322388
2480,0.00165,172.31.36.0-255,66,140941,7,322388
2481,0.001687,74.125.24.0-255,2902,143843,7,322388
2482,0.00169,172.31.36.0-255,66,143909,7,322388
2483,0.001693,74.125.24.0-255,1484,145393,7,322388
2484,0.001717,74.125.24.0-255,2902,148295,7,322388
2485,0.00172,172.31.36.0-255,66,148361,7,322388
2486,0.001735,172.31.36.0-255,66,148427,7,322388
2487,0.001758,74.125.24.0-255,2902,151329,7,322388
2488,0.00176,172.31.36.0-255,66,151395,7,322388
2489,0.001799,74.125.24.0-255,1484,152879,7,322388
2490,0.00183,172.31.36.0-255,66,152945,7,322388
2491,0.001848,74.125.24.0-255,2184,155129,7,322388
2492,0.001851,172.31.36.0-255,66,155195,7,322388
2493,0.001855,74.125.24.0-255,2902,158097,7,322388
2494,0.001858,172.31.36.0-255,66,158163,7,322388
2495,0.001904,74.125.24.0-255,7156,165319,7,322388
2496,0.001908,172.31.36.0-255,66,165385,7,322388
2497,0.001915,74.125.24.0-255,7156,172541,7,322388
2498,0.001953,172.31.36.0-255,66,172607,7,322388
2499,0.001984,74.125.24.0-255,2902,175509,7,322388
2500,0.001996,172.31.36.0-255,66,175575,7,322388
2501,0.002,74.125.24.0-255,2902,178477,7,322388
2502,0.002005,172.31.36.0-255,66,178543,7,322388
2503,0.00202,74.125.24.0-255,2184,180727,7,322388
2504,0.002044,172.31.36.0-255,66,180793,7,322388
2505,0.004078,74.125.24.0-255,2902,183695,7,322388
2506,0.004086,172.31.36.0-255,66,183761,7,322388
2507,0.004109,74.125.24.0-255,2902,186663,7,322388
2508,0.004111,172.31.36.0-255,66,186729,7,322388
2509,0.006174,74.125.24.0-255,5738,192467,7,322388
2510,0.006177,172.31.36.0-255,66,192533,7,322388
2511,0.008209,74.125.24.0-255,4320,196853,7,322388
2512,0.008216,172.31.36.0-255,66,196919,7,322388
2513,0.008248,74.125.24.0-255,1484,198403,7,322388
2514,0.010259,74.125.24.0-255,4320,202723,7,322388
2515,0.010267,172.31.36.0-255,66,202789,7,322388
2516,0.012305,74.125.24.0-255,5738,208527,7,322388
2517,0.012315,172.31.36.0-255,66,208593,7,322388
2518,0.014364,74.125.24.0-255,5738,214331,7,322388
2519,0.014375,172.31.36.0-255,66,214397,7,322388
2520,0.016427,74.125.24.0-255,5738,220135,7,322388
2521,0.016436,172.31.36.0-255,66,220201,7,322388
2522,0.018523,74.125.24.0-255,5738,225939,7,322388
2523,0.018531,172.31.36.0-255,66,226005,7,322388
2524,0.020639,74.125.24.0-255,2902,228907,7,322388
2525,0.020645,172.31.36.0-255,66,228973,7,322388
2526,0.020673,74.125.24.0-255,2902,231875,7,322388
2527,0.020676,172.31.36.0-255,66,231941,7,322388
2528,0.022719,74.125.24.0-255,5738,237679,7,322388
2529,0.022725,172.31.36.0-255,66,237745,7,322388
2530,0.024799,74.125.24.0-255,5738,243483,7,322388
2531,0.024807,172.31.36.0-255,66,243549,7,322388
2532,0.026871,74.125.24.0-255,5738,249287,7,322388
2533,0.026877,172.31.36.0-255,66,249353,7,322388
2534,0.028977,74.125.24.0-255,5738,255091,7,322388
2535,0.028985,172.31.36.0-255,66,255157,7,322388
2536,0.031059,74.125.24.0-255,5738,260895,7,322388
2537,0.031068,172.31.36.0-255,66,260961,7,322388
2538,0.033147,74.125.24.0-255,5738,266699,7,322388
2539,0.033153,172.31.36.0-255,66,266765,7,322388
2540,0.034079,172.31.36.0-255,172,266937,7,322388
2541,0.034115,172.31.36.0-255,1113,268050,7,322388
2542,0.034184,172.31.36.0-255,1514,269564,7,322388
2543,0.034186,172.31.36.0-255,1514,271078,7,322388
2544,0.034187,172.31.36.0-255,1514,272592,7,322388
2545,0.034194,172.31.36.0-255,1514,274106,7,322388
2546,0.034217,172.31.36.0-255,1514,275620,7,322388
2547,0.034218,172.31.36.0-255,72,275692,7,322388
2548,0.035261,74.125.24.0-255,5738,281430,7,322388
2549,0.035268,172.31.36.0-255,66,281496,7,322388
2550,0.03565,104.244.42.0-255,66,281562,7,322388
2551,0.035659,104.244.42.0-255,66,281628,7,322388
2552,0.035766,104.244.42.0-255,66,281694,7,322388
2553,0.035772,104.244.42.0-255,66,281760,7,322388
2554,0.037346,74.125.24.0-255,5738,287498,7,322388
2555,0.037353,172.31.36.0-255,66,287564,7,322388
2556,0.039407,74.125.24.0-255,5738,293302,7,322388
2557,0.039417,172.31.36.0-255,66,293368,7,322388
2558,0.041468,74.125.24.0-255,5738,299106,7,322388
2559,0.041475,172.31.36.0-255,66,299172,7,322388
2560,0.043552,74.125.24.0-255,5738,304910,7,322388
2561,0.043559,172.31.36.0-255,66,304976,7,322388
2562,0.045624,74.125.24.0-255,5738,310714,7,322388
2563,0.045631,172.31.36.0-255,66,310780,7,322388
2564,0.047705,74.125.24.0-255,5738,316518,7,322388
2565,0.047715,172.31.36.0-255,66,316584,7,322388
2566,0.049823,74.125.24.0-255,5738,322322,7,322388
2567,0.049829,172.31.36.0-255,66,322388,7,322388
2568,0.0,172.31.36.0-255,105,105,7,459
2569,0.000175,172.31.36.0-255,90,195,7,459
2570,0.000184,172.31.36.0-255,66,261,7,459
2571,0.002492,74.125.24.0-255,66,327,7,459
2572,0.002519,74.125.24.0-255,66,393,7,459
2573,0.002538,172.31.36.0-255,66,459,7,459
2574,0.0,172.217.194.0-255,153,153,7,305108
2575,1.9e-05,172.31.36.0-255,66,219,7,305108
2576,2.6e-05,172.217.194.0-255,1484,1703,7,305108
2577,3.1e-05,172.31.36.0-255,66,1769,7,305108
2578,3.8e-05,172.217.194.0-255,2902,4671,7,305108
2579,4.1e-05,172.31.36.0-255,66,4737,7,305108
2580,4.9e-05,172.217.194.0-255,7156,11893,7,305108
2581,5.1e-05,172.31.36.0-255,66,11959,7,305108
2582,7e-05,172.217.194.0-255,2902,14861,7,305108
2583,7.4e-05,172.31.36.0-255,66,14927,7,305108
2584,0.000104,172.31.36.0-255,66,14993,7,305108
2585,0.000111,172.217.194.0-255,6797,21790,7,305108
2586,0.000114,172.31.36.0-255,66,21856,7,305108
2587,0.000121,172.217.194.0-255,7156,29012,7,305108
2588,0.000124,172.31.36.0-255,66,29078,7,305108
2589,0.000156,172.217.194.0-255,2902,31980,7,305108
2590,0.000158,172.31.36.0-255,66,32046,7,305108
2591,0.00018,172.217.194.0-255,6797,38843,7,305108
2592,0.000182,172.31.36.0-255,66,38909,7,305108
2593,0.000609,172.217.194.0-255,1484,40393,7,305108
2594,0.000615,172.31.36.0-255,66,40459,7,305108
2595,0.000621,172.217.194.0-255,2902,43361,7,305108
2596,0.000624,172.31.36.0-255,66,43427,7,305108
2597,0.000651,172.217.194.0-255,5738,49165,7,305108
2598,0.000655,172.31.36.0-255,66,49231,7,305108
2599,0.000681,172.217.194.0-255,6797,56028,7,305108
2600,0.000684,172.31.36.0-255,66,56094,7,305108
2601,0.000719,172.217.194.0-255,1484,57578,7,305108
2602,0.000722,172.31.36.0-255,66,57644,7,305108
2603,0.000727,172.217.194.0-255,2902,60546,7,305108
2604,0.000729,172.31.36.0-255,66,60612,7,305108
2605,0.000736,172.217.194.0-255,4320,64932,7,305108
2606,0.000738,172.31.36.0-255,66,64998,7,305108
2607,0.000763,172.217.194.0-255,1484,66482,7,305108
2608,0.00078,172.31.36.0-255,66,66548,7,305108
2609,0.000788,172.217.194.0-255,7156,73704,7,305108
2610,0.00079,172.31.36.0-255,66,73770,7,305108
2611,0.000803,172.217.194.0-255,2902,76672,7,305108
2612,0.000804,172.217.194.0-255,288,76960,7,305108
2613,0.000808,172.31.36.0-255,66,77026,7,305108
2614,0.000894,172.217.194.0-255,1484,78510,7,305108
2615,0.000898,172.31.36.0-255,66,78576,7,305108
2616,0.00092,172.217.194.0-255,2902,81478,7,305108
2617,0.000923,172.31.36.0-255,66,81544,7,305108
2618,0.000929,172.217.194.0-255,5738,87282,7,305108
2619,0.000932,172.31.36.0-255,66,87348,7,305108
2620,0.000943,172.217.194.0-255,1484,88832,7,305108
2621,0.000969,172.31.36.0-255,66,88898,7,305108
2622,0.000974,172.217.194.0-255,2902,91800,7,305108
2623,0.000975,172.31.36.0-255,66,91866,7,305108
2624,0.000996,172.31.36.0-255,66,91932,7,305108
2625,0.00102,172.217.194.0-255,1484,93416,7,305108
2626,0.001034,172.217.194.0-255,2902,96318,7,305108
2627,0.001037,172.31.36.0-255,66,96384,7,305108
2628,0.001041,172.217.194.0-255,2902,99286,7,305108
2629,0.001044,172.31.36.0-255,66,99352,7,305108
2630,0.001057,172.217.194.0-255,2902,102254,7,305108
2631,0.001059,172.31.36.0-255,66,102320,7,305108
2632,0.001066,172.217.194.0-255,7156,109476,7,305108
2633,0.001069,172.31.36.0-255,66,109542,7,305108
2634,0.001099,172.217.194.0-255,4320,113862,7,305108
2635,0.001102,172.31.36.0-255,66,113928,7,305108
2636,0.001109,172.217.194.0-255,5738,119666,7,305108
2637,0.001111,172.31.36.0-255,66,119732,7,305108
2638,0.001141,172.217.194.0-255,6438,126170,7,305108
2639,0.001144,172.31.36.0-255,66,126236,7,305108
2640,0.001773,172.217.194.0-255,1484,127720,7,305108
2641,0.001781,172.217.194.0-255,2902,130622,7,305108
2642,0.001785,172.31.36.0-255,66,130688,7,305108
2643,0.00181,172.217.194.0-255,5738,136426,7,305108
2644,0.001813,172.31.36.0-255,66,136492,7,305108
2645,0.001818,172.217.194.0-255,4320,140812,7,305108
2646,0.001821,172.31.36.0-255,66,140878,7,305108
2647,0.001842,172.31.36.0-255,66,140944,7,305108
2648,0.001855,172.31.36.0-255,66,141010,7,305108
2649,0.001908,172.217.194.0-255,1484,142494,7,305108
2650,0.001913,172.217.194.0-255,2902,145396,7,305108
2651,0.001915,172.31.36.0-255,66,145462,7,305108
2652,0.001921,172.217.194.0-255,5738,151200,7,305108
2653,0.001923,172.31.36.0-255,66,151266,7,305108
2654,0.001964,172.31.36.0-255,66,151332,7,305108
2655,0.001981,172.217.194.0-255,1484,152816,7,305108
2656,0.00202,172.217.194.0-255,5738,158554,7,305108
2657,0.002024,172.31.36.0-255,66,158620,7,305108
2658,0.002031,172.31.36.0-255,66,158686,7,305108
2659,0.002049,172.31.36.0-255,66,158752,7,305108
2660,0.002072,172.217.194.0-255,2902,161654,7,305108
2661,0.002074,172.31.36.0-255,66,161720,7,305108
2662,0.002081,172.217.194.0-255,6438,168158,7,305108
2663,0.002083,172.31.36.0-255,66,168224,7,305108
2664,0.004087,172.217.194.0-255,5738,173962,7,305108
2665,0.004093,172.31.36.0-255,66,174028,7,305108
2666,0.006077,172.217.194.0-255,2902,176930,7,305108
2667,0.006082,172.31.36.0-255,66,176996,7,305108
2668,0.006099,172.217.194.0-255,2902,179898,7,305108
2669,0.006101,172.31.36.0-255,66,179964,7,305108
2670,0.008108,172.217.194.0-255,2902,182866,7,305108
2671,0.008116,172.31.36.0-255,66,182932,7,305108
2672,0.008138,172.217.194.0-255,2902,185834,7,305108
2673,0.008141,172.31.36.0-255,66,185900,7,305108
2674,0.010134,172.217.194.0-255,5738,191638,7,305108
2675,0.01014,172.31.36.0-255,66,191704,7,305108
2676,0.012162,172.217.194.0-255,5738,197442,7,305108
2677,0.01217,172.31.36.0-255,66,197508,7,305108
2678,0.014173,172.217.194.0-255,5738,203246,7,305108
2679,0.014182,172.31.36.0-255,66,203312,7,305108
2680,0.016194,172.217.194.0-255,5738,209050,7,305108
2681,0.016201,172.31.36.0-255,66,209116,7,305108
2682,0.018231,172.217.194.0-255,5738,214854,7,305108
2683,0.018241,172.31.36.0-255,66,214920,7,305108
2684,0.020261,172.217.194.0-255,5738,220658,7,305108
2685,0.02027,172.31.36.0-255,66,220724,7,305108
2686,0.022274,172.217.194.0-255,5738,226462,7,305108
2687,0.022281,172.31.36.0-255,66,226528,7,305108
2688,0.024298,172.217.194.0-255,5738,232266,7,305108
2689,0.024305,172.31.36.0-255,66,232332,7,305108
2690,0.026329,172.217.194.0-255,4320,236652,7,305108
2691,0.026335,172.31.36.0-255,66,236718,7,305108
2692,0.026356,172.217.194.0-255,1484,238202,7,305108
2693,0.028353,172.217.194.0-255,4320,242522,7,305108
2694,0.028361,172.31.36.0-255,66,242588,7,305108
2695,0.03035,172.217.194.0-255,5738,248326,7,305108
2696,0.030356,172.31.36.0-255,66,248392,7,305108
2697,0.031916,172.31.36.0-255,188,248580,7,305108
2698,0.03195,172.31.36.0-255,958,249538,7,305108
2699,0.032012,172.31.36.0-255,1514,251052,7,305108
2700,0.032013,172.31.36.0-255,1448,252500,7,305108
2701,0.03238,172.217.194.0-255,5738,258238,7,305108
2702,0.032386,172.31.36.0-255,66,258304,7,305108
2703,0.033529,104.244.42.0-255,66,258370,7,305108
2704,0.033564,104.244.42.0-255,66,258436,7,305108
2705,0.033591,104.244.42.0-255,66,258502,7,305108
2706,0.034394,172.217.194.0-255,5738,264240,7,305108
2707,0.0344,172.31.36.0-255,66,264306,7,305108
2708,0.034615,104.244.42.0-255,108,264414,7,305108
2709,0.034621,172.31.36.0-255,66,264480,7,305108
2710,0.036431,172.217.194.0-255,5738,270218,7,305108
2711,0.036437,172.31.36.0-255,66,270284,7,305108
2712,0.038432,172.217.194.0-255,5738,276022,7,305108
2713,0.038439,172.31.36.0-255,66,276088,7,305108
2714,0.040449,172.217.194.0-255,5738,281826,7,305108
2715,0.040456,172.31.36.0-255,66,281892,7,305108
2716,0.042483,172.217.194.0-255,5738,287630,7,305108
2717,0.042488,172.31.36.0-255,66,287696,7,305108
2718,0.044555,172.217.194.0-255,5738,293434,7,305108
2719,0.044562,172.31.36.0-255,66,293500,7,305108
2720,0.046563,172.217.194.0-255,5738,299238,7,305108
2721,0.04657,172.31.36.0-255,66,299304,7,305108
2722,0.048618,172.217.194.0-255,5738,305042,7,305108
2723,0.048625,172.31.36.0-255,66,305108,7,305108
2724,0.0,172.217.194.0-255,153,153,7,225255
2725,1.7e-05,172.31.36.0-255,66,219,7,225255
2726,2.5e-05,172.217.194.0-255,1484,1703,7,225255
2727,2.9e-05,172.31.36.0-255,66,1769,7,225255
2728,3.4e-05,172.217.194.0-255,2902,4671,7,225255
2729,3.7e-05,172.31.36.0-255,66,4737,7,225255
2730,5.3e-05,172.217.194.0-255,7156,11893,7,225255
2731,5.6e-05,172.31.36.0-255,66,11959,7,225255
2732,6e-05,172.217.194.0-255,2018,13977,7,225255
2733,6.2e-05,172.31.36.0-255,66,14043,7,225255
2734,8.6e-05,172.217.194.0-255,2902,16945,7,225255
2735,9.4e-05,172.31.36.0-255,66,17011,7,225255
2736,0.000121,172.217.194.0-255,5738,22749,7,225255
2737,0.000124,172.31.36.0-255,66,22815,7,225255
2738,0.000139,172.217.194.0-255,4320,27135,7,225255
2739,0.000141,172.31.36.0-255,66,27201,7,225255
2740,0.00017,172.217.194.0-255,3961,31162,7,225255
2741,0.000173,172.31.36.0-255,66,31228,7,225255
2742,0.000188,172.31.36.0-255,66,31294,7,225255
2743,0.000223,172.31.36.0-255,66,31360,7,225255
2744,0.000266,172.217.194.0-255,1484,32844,7,225255
2745,0.000268,172.31.36.0-255,66,32910,7,225255
2746,0.000271,172.217.194.0-255,1484,34394,7,225255
2747,0.000273,172.31.36.0-255,66,34460,7,225255
2748,0.000296,172.217.194.0-255,1484,35944,7,225255
2749,0.000299,172.31.36.0-255,66,36010,7,225255
2750,0.00031,172.217.194.0-255,5738,41748,7,225255
2751,0.000313,172.31.36.0-255,66,41814,7,225255
2752,0.000351,172.217.194.0-255,7111,48925,7,225255
2753,0.000354,172.31.36.0-255,66,48991,7,225255
2754,0.000828,172.217.194.0-255,363,49354,7,225255
2755,0.000977,172.217.194.0-255,1484,50838,7,225255
2756,0.000982,172.31.36.0-255,66,50904,7,225255
2757,0.000988,172.217.194.0-255,2902,53806,7,225255
2758,0.00099,172.31.36.0-255,66,53872,7,225255
2759,0.000994,172.217.194.0-255,1484,55356,7,225255
2760,0.001019,172.217.194.0-255,4320,59676,7,225255
2761,0.001026,172.31.36.0-255,66,59742,7,225255
2762,0.001038,172.31.36.0-255,66,59808,7,225255
2763,0.001082,172.217.194.0-255,4320,64128,7,225255
2764,0.001085,172.31.36.0-255,66,64194,7,225255
2765,0.001097,172.31.36.0-255,66,64260,7,225255
2766,0.001446,172.217.194.0-255,1484,65744,7,225255
2767,0.001453,172.217.194.0-255,2902,68646,7,225255
2768,0.001456,172.31.36.0-255,66,68712,7,225255
2769,0.001461,172.217.194.0-255,2902,71614,7,225255
2770,0.001463,172.31.36.0-255,66,71680,7,225255
2771,0.001497,172.217.194.0-255,7156,78836,7,225255
2772,0.0015,172.31.36.0-255,66,78902,7,225255
2773,0.001509,172.217.194.0-255,7156,86058,7,225255
2774,0.001511,172.31.36.0-255,66,86124,7,225255
2775,0.001538,172.31.36.0-255,66,86190,7,225255
2776,0.001543,172.217.194.0-255,3602,89792,7,225255
2777,0.001545,172.31.36.0-255,66,89858,7,225255
2778,0.003591,172.217.194.0-255,2902,92760,7,225255
2779,0.0036,172.31.36.0-255,66,92826,7,225255
2780,0.003633,172.217.194.0-255,2902,95728,7,225255
2781,0.003636,172.31.36.0-255,66,95794,7,225255
2782,0.005662,172.217.194.0-255,2902,98696,7,225255
2783,0.005665,172.31.36.0-255,66,98762,7,225255
2784,0.005693,172.217.194.0-255,2902,101664,7,225255
2785,0.005695,172.31.36.0-255,66,101730,7,225255
2786,0.007728,172.217.194.0-255,2902,104632,7,225255
2787,0.007734,172.31.36.0-255,66,104698,7,225255
2788,0.007766,172.217.194.0-255,2902,107600,7,225255
2789,0.007769,172.31.36.0-255,66,107666,7,225255
2790,0.009796,172.217.194.0-255,2902,110568,7,225255
2791,0.009804,172.31.36.0-255,66,110634,7,225255
2792,0.009837,172.217.194.0-255,2902,113536,7,225255
2793,0.00984,172.31.36.0-255,66,113602,7,225255
2794,0.011905,172.217.194.0-255,5738,119340,7,225255
2795,0.011914,172.31.36.0-255,66,119406,7,225255
2796,0.013967,172.217.194.0-255,5738,125144,7,225255
2797,0.013975,172.31.36.0-255,66,125210,7,225255
2798,0.016056,172.217.194.0-255,5738,130948,7,225255
2799,0.016064,172.31.36.0-255,66,131014,7,225255
2800,0.018128,172.217.194.0-255,5738,136752,7,225255
2801,0.018136,172.31.36.0-255,66,136818,7,225255
2802,0.020206,172.217.194.0-255,5738,142556,7,225255
2803,0.020214,172.31.36.0-255,66,142622,7,225255
2804,0.022277,172.217.194.0-255,5738,148360,7,225255
2805,0.022285,172.31.36.0-255,66,148426,7,225255
2806,0.024381,172.217.194.0-255,5738,154164,7,225255
2807,0.024388,172.31.36.0-255,66,154230,7,225255
2808,0.026477,172.217.194.0-255,5738,159968,7,225255
2809,0.026484,172.31.36.0-255,66,160034,7,225255
2810,0.02856,172.217.194.0-255,5738,165772,7,225255
2811,0.028567,172.31.36.0-255,66,165838,7,225255
2812,0.030643,172.217.194.0-255,5738,171576,7,225255
2813,0.030651,172.31.36.0-255,66,171642,7,225255
2814,0.032707,172.217.194.0-255,5738,177380,7,225255
2815,0.032716,172.31.36.0-255,66,177446,7,225255
2816,0.033642,172.31.36.0-255,172,177618,7,225255
2817,0.033674,172.31.36.0-255,1073,178691,7,225255
2818,0.034785,172.217.194.0-255,5738,184429,7,225255
2819,0.034792,172.31.36.0-255,66,184495,7,225255
2820,0.035205,104.244.42.0-255,66,184561,7,225255
2821,0.035214,104.244.42.0-255,66,184627,7,225255
2822,0.03687,172.217.194.0-255,5738,190365,7,225255
2823,0.036877,172.31.36.0-255,66,190431,7,225255
2824,0.038956,172.217.194.0-255,5738,196169,7,225255
2825,0.038965,172.31.36.0-255,66,196235,7,225255
2826,0.041051,172.217.194.0-255,5738,201973,7,225255
2827,0.041058,172.31.36.0-255,66,202039,7,225255
2828,0.04315,172.217.194.0-255,5738,207777,7,225255
2829,0.043161,172.31.36.0-255,66,207843,7,225255
2830,0.04524,172.217.194.0-255,5738,213581,7,225255
2831,0.045247,172.31.36.0-255,66,213647,7,225255
2832,0.047404,172.217.194.0-255,5738,219385,7,225255
2833,0.047411,172.31.36.0-255,66,219451,7,225255
2834,0.049489,172.217.194.0-255,5738,225189,7,225255
2835,0.049496,172.31.36.0-255,66,225255,7,225255
2836,0.0,172.217.194.0-255,146,146,7,172738
2837,2.7e-05,172.31.36.0-255,66,212,7,172738
2838,3.3e-05,172.217.194.0-255,1484,1696,7,172738
2839,3.8e-05,172.31.36.0-255,66,1762,7,172738
2840,4.3e-05,172.217.194.0-255,2902,4664,7,172738
2841,4.6e-05,172.31.36.0-255,66,4730,7,172738
2842,6.1e-05,172.217.194.0-255,7156,11886,7,172738
2843,6.4e-05,172.31.36.0-255,66,11952,7,172738
2844,6.9e-05,172.217.194.0-255,2093,14045,7,172738
2845,7.2e-05,172.31.36.0-255,66,14111,7,172738
2846,0.0001,172.217.194.0-255,2902,17013,7,172738
2847,0.000104,172.31.36.0-255,66,17079,7,172738
2848,0.000114,172.217.194.0-255,5738,22817,7,172738
2849,0.000117,172.31.36.0-255,66,22883,7,172738
2850,0.000174,172.31.36.0-255,66,22949,7,172738
2851,0.000178,172.217.194.0-255,1484,24433,7,172738
2852,0.00018,172.31.36.0-255,66,24499,7,172738
2853,0.000217,172.217.194.0-255,7156,31655,7,172738
2854,0.00022,172.31.36.0-255,66,31721,7,172738
2855,0.00023,172.31.36.0-255,66,31787,7,172738
2856,0.000358,172.217.194.0-255,1484,33271,7,172738
2857,0.000362,172.31.36.0-255,66,33337,7,172738
2858,0.000367,172.217.194.0-255,2902,36239,7,172738
2859,0.00037,172.31.36.0-255,66,36305,7,172738
2860,0.000374,172.217.194.0-255,2902,39207,7,172738
2861,0.000376,172.31.36.0-255,66,39273,7,172738
2862,0.00041,172.217.194.0-255,2902,42175,7,172738
2863,0.000414,172.31.36.0-255,66,42241,7,172738
2864,0.000421,172.217.194.0-255,6797,49038,7,172738
2865,0.000423,172.31.36.0-255,66,49104,7,172738
2866,0.000465,172.217.194.0-255,7156,56260,7,172738
2867,0.000469,172.31.36.0-255,66,56326,7,172738
2868,0.000473,172.217.194.0-255,1484,57810,7,172738
2869,0.000523,172.217.194.0-255,7156,64966,7,172738
2870,0.000528,172.31.36.0-255,66,65032,7,172738
2871,0.000554,172.217.194.0-255,1705,66737,7,172738
2872,0.000558,172.31.36.0-255,66,66803,7,172738
2873,0.000576,172.31.36.0-255,66,66869,7,172738
2874,0.000584,172.217.194.0-255,6797,73666,7,172738
2875,0.000587,172.31.36.0-255,66,73732,7,172738
2876,0.000938,172.217.194.0-255,1484,75216,7,172738
2877,0.000944,172.217.194.0-255,2902,78118,7,172738
2878,0.000947,172.31.36.0-255,66,78184,7,172738
2879,0.000954,172.217.194.0-255,4320,82504,7,172738
2880,0.000956,172.31.36.0-255,66,82570,7,172738
2881,0.000974,172.217.194.0-255,1484,84054,7,172738
2882,0.000991,172.31.36.0-255,66,84120,7,172738
2883,0.001016,172.217.194.0-255,1484,85604,7,172738
2884,0.001019,172.217.194.0-255,1484,87088,7,172738
2885,0.001022,172.31.36.0-255,66,87154,7,172738
2886,0.001059,172.31.36.0-255,66,87220,7,172738
2887,0.001077,172.217.194.0-255,1484,88704,7,172738
2888,0.001082,172.217.194.0-255,2902,91606,7,172738
2889,0.001085,172.31.36.0-255,66,91672,7,172738
2890,0.001119,172.217.194.0-255,1484,93156,7,172738
2891,0.001152,172.217.194.0-255,4320,97476,7,172738
2892,0.001156,172.31.36.0-255,66,97542,7,172738
2893,0.001174,172.31.36.0-255,66,97608,7,172738
2894,0.001186,172.31.36.0-255,66,97674,7,172738
2895,0.00119,172.217.194.0-255,766,98440,7,172738
2896,0.001214,172.217.194.0-255,1484,99924,7,172738
2897,0.001217,172.31.36.0-255,66,99990,7,172738
2898,0.001222,172.217.194.0-255,4320,104310,7,172738
2899,0.001225,172.31.36.0-255,66,104376,7,172738
2900,0.001228,172.217.194.0-255,1484,105860,7,172738
2901,0.001266,172.217.194.0-255,7156,113016,7,172738
2902,0.00127,172.31.36.0-255,66,113082,7,172738
2903,0.001286,172.31.36.0-255,66,113148,7,172738
2904,0.001297,172.217.194.0-255,1484,114632,7,172738
2905,0.001303,172.217.194.0-255,3602,118234,7,172738
2906,0.001307,172.31.36.0-255,66,118300,7,172738
2907,0.001354,172.31.36.0-255,66,118366,7,172738
2908,0.001388,172.31.36.0-255,66,118432,7,172738
2909,0.001408,172.31.36.0-255,66,118498,7,172738
2910,0.001539,172.217.194.0-255,1484,119982,7,172738
2911,0.001543,172.217.194.0-255,1484,121466,7,172738
2912,0.001547,172.31.36.0-255,66,121532,7,172738
2913,0.001555,172.217.194.0-255,1484,123016,7,172738
2914,0.001574,172.217.194.0-255,5738,128754,7,172738
2915,0.001578,172.31.36.0-255,66,128820,7,172738
2916,0.001618,172.31.36.0-255,66,128886,7,172738
2917,0.001665,172.31.36.0-255,66,128952,7,172738
2918,0.001722,172.217.194.0-255,1484,130436,7,172738
2919,0.00174,172.217.194.0-255,2902,133338,7,172738
2920,0.001743,172.31.36.0-255,66,133404,7,172738
2921,0.00175,172.217.194.0-255,5738,139142,7,172738
2922,0.001752,172.31.36.0-255,66,139208,7,172738
2923,0.00179,172.31.36.0-255,66,139274,7,172738
2924,0.001798,172.217.194.0-255,5738,145012,7,172738
2925,0.0018,172.31.36.0-255,66,145078,7,172738
2926,0.001828,172.217.194.0-255,5020,150098,7,172738
2927,0.001831,172.31.36.0-255,66,150164,7,172738
2928,0.001852,172.217.194.0-255,1484,151648,7,172738
2929,0.001858,172.217.194.0-255,2902,154550,7,172738
2930,0.00186,172.31.36.0-255,66,154616,7,172738
2931,0.001863,172.217.194.0-255,1484,156100,7,172738
2932,0.001891,172.217.194.0-255,4320,160420,7,172738
2933,0.001895,172.31.36.0-255,66,160486,7,172738
2934,0.001906,172.31.36.0-255,66,160552,7,172738
2935,0.001989,172.31.36.0-255,66,160618,7,172738
2936,0.002,172.31.36.0-255,66,160684,7,172738
2937,0.002013,172.217.194.0-255,7156,167840,7,172738
2938,0.002017,172.31.36.0-255,66,167906,7,172738
2939,0.002057,172.31.36.0-255,66,167972,7,172738
2940,0.002078,172.31.36.0-255,66,168038,7,172738
2941,0.002092,172.31.36.0-255,66,168104,7,172738
2942,0.002104,172.217.194.0-255,105,168209,7,172738
2943,0.007632,172.31.36.0-255,66,168275,7,172738
2944,0.007668,172.31.36.0-255,105,168380,7,172738
2945,0.009933,172.217.194.0-255,66,168446,7,172738
2946,0.03416,172.31.36.0-255,172,168618,7,172738
2947,0.034193,172.31.36.0-255,1115,169733,7,172738
2948,0.034242,172.31.36.0-255,1514,171247,7,172738
2949,0.034244,172.31.36.0-255,1293,172540,7,172738
2950,0.03567,104.244.42.0-255,66,172606,7,172738
2951,0.035871,104.244.42.0-255,66,172672,7,172738
2952,0.035873,104.244.42.0-255,66,172738,7,172738
2953,0.0,172.217.194.0-255,146,146,7,128399
2954,2e-05,172.31.36.0-255,66,212,7,128399
2955,2.7e-05,172.217.194.0-255,1484,1696,7,128399
2956,3.2e-05,172.31.36.0-255,66,1762,7,128399
2957,4.6e-05,172.217.194.0-255,2902,4664,7,128399
2958,5e-05,172.31.36.0-255,66,4730,7,128399
2959,5.8e-05,172.217.194.0-255,7156,11886,7,128399
2960,6.1e-05,172.31.36.0-255,66,11952,7,128399
2961,6.6e-05,172.217.194.0-255,2035,13987,7,128399
2962,6.8e-05,172.31.36.0-255,66,14053,7,128399
2963,0.000149,172.217.194.0-255,1484,15537,7,128399
2964,0.000153,172.31.36.0-255,66,15603,7,128399
2965,0.00016,172.217.194.0-255,2902,18505,7,128399
2966,0.000163,172.31.36.0-255,66,18571,7,128399
2967,0.000174,172.217.194.0-255,4320,22891,7,128399
2968,0.000177,172.31.36.0-255,66,22957,7,128399
2969,0.000205,172.217.194.0-255,1484,24441,7,128399
2970,0.000208,172.31.36.0-255,66,24507,7,128399
2971,0.000239,172.31.36.0-255,66,24573,7,128399
2972,0.000265,172.217.194.0-255,1484,26057,7,128399
2973,0.000267,172.31.36.0-255,66,26123,7,128399
2974,0.000301,172.31.36.0-255,66,26189,7,128399
2975,0.000317,172.31.36.0-255,66,26255,7,128399
2976,0.00034,172.217.194.0-255,7076,33331,7,128399
2977,0.000342,172.31.36.0-255,66,33397,7,128399
2978,0.000345,172.217.194.0-255,116,33513,7,128399
2979,0.000347,172.31.36.0-255,66,33579,7,128399
2980,0.000376,172.217.194.0-255,381,33960,7,128399
2981,0.000379,172.31.36.0-255,66,34026,7,128399
2982,0.000483,172.217.194.0-255,1484,35510,7,128399
2983,0.000502,172.217.194.0-255,2902,38412,7,128399
2984,0.000506,172.31.36.0-255,66,38478,7,128399
2985,0.00051,172.217.194.0-255,1484,39962,7,128399
2986,0.000539,172.217.194.0-255,4320,44282,7,128399
2987,0.000542,172.31.36.0-255,66,44348,7,128399
2988,0.000574,172.217.194.0-255,6797,51145,7,128399
2989,0.000577,172.31.36.0-255,66,51211,7,128399
2990,0.000584,172.217.194.0-255,7156,58367,7,128399
2991,0.000587,172.31.36.0-255,66,58433,7,128399
2992,0.000655,172.31.36.0-255,66,58499,7,128399
2993,0.000757,172.217.194.0-255,1484,59983,7,128399
2994,0.000773,172.217.194.0-255,2902,62885,7,128399
2995,0.000776,172.31.36.0-255,66,62951,7,128399
2996,0.000783,172.217.194.0-255,5738,68689,7,128399
2997,0.000786,172.31.36.0-255,66,68755,7,128399
2998,0.000829,172.31.36.0-255,66,68821,7,128399
2999,0.000868,172.31.36.0-255,66,68887,7,128399
3000,0.001336,172.217.194.0-255,1484,70371,7,128399
3001,0.001357,172.217.194.0-255,2902,73273,7,128399
3002,0.001361,172.31.36.0-255,66,73339,7,128399
3003,0.001368,172.217.194.0-255,5738,79077,7,128399
3004,0.001371,172.31.36.0-255,66,79143,7,128399
3005,0.001409,172.31.36.0-255,66,79209,7,128399
3006,0.001416,172.217.194.0-255,5738,84947,7,128399
3007,0.001418,172.31.36.0-255,66,85013,7,128399
3008,0.001463,172.217.194.0-255,5020,90033,7,128399
3009,0.001466,172.31.36.0-255,66,90099,7,128399
3010,0.001625,172.217.194.0-255,1484,91583,7,128399
3011,0.001632,172.217.194.0-255,2902,94485,7,128399
3012,0.001636,172.31.36.0-255,66,94551,7,128399
3013,0.001668,172.217.194.0-255,4320,98871,7,128399
3014,0.00167,172.31.36.0-255,66,98937,7,128399
3015,0.001677,172.217.194.0-255,5738,104675,7,128399
3016,0.001679,172.31.36.0-255,66,104741,7,128399
3017,0.001717,172.31.36.0-255,66,104807,7,128399
3018,0.001727,172.31.36.0-255,66,104873,7,128399
3019,0.001753,172.217.194.0-255,1484,106357,7,128399
3020,0.001788,172.31.36.0-255,66,106423,7,128399
3021,0.001832,172.31.36.0-255,66,106489,7,128399
3022,0.001857,172.31.36.0-255,66,106555,7,128399
3023,0.001915,172.31.36.0-255,66,106621,7,128399
3024,0.001993,172.31.36.0-255,66,106687,7,128399
3025,0.002034,172.31.36.0-255,66,106753,7,128399
3026,0.00204,172.217.194.0-255,4320,111073,7,128399
3027,0.002043,172.31.36.0-255,66,111139,7,128399
3028,0.002098,172.31.36.0-255,66,111205,7,128399
3029,0.002138,172.217.194.0-255,7156,118361,7,128399
3030,0.002153,172.31.36.0-255,66,118427,7,128399
3031,0.002187,172.31.36.0-255,66,118493,7,128399
3032,0.002228,172.31.36.0-255,66,118559,7,128399
3033,0.002303,172.31.36.0-255,66,118625,7,128399
3034,0.002361,172.31.36.0-255,66,118691,7,128399
3035,0.002407,172.217.194.0-255,105,118796,7,128399
3036,0.004807,172.31.36.0-255,66,118862,7,128399
3037,0.004845,172.31.36.0-255,105,118967,7,128399
3038,0.007378,172.217.194.0-255,66,119033,7,128399
3039,0.035166,172.31.36.0-255,172,119205,7,128399
3040,0.035201,172.31.36.0-255,1113,120318,7,128399
3041,0.03527,172.31.36.0-255,1514,121832,7,128399
3042,0.035272,172.31.36.0-255,1514,123346,7,128399
3043,0.035273,172.31.36.0-255,1514,124860,7,128399
3044,0.035275,172.31.36.0-255,1514,126374,7,128399
3045,0.035304,172.31.36.0-255,1514,127888,7,128399
3046,0.035305,172.31.36.0-255,73,127961,7,128399
3047,0.036662,104.244.42.0-255,66,128027,7,128399
3048,0.036693,104.244.42.0-255,66,128093,7,128399
3049,0.036806,104.244.42.0-255,66,128159,7,128399
3050,0.036824,104.244.42.0-255,66,128225,7,128399
3051,0.037307,104.244.42.0-255,108,128333,7,128399
3052,0.037314,172.31.36.0-255,66,128399,7,128399
3053,0.0,172.217.194.0-255,143,143,7,140375
3054,3.6e-05,172.31.36.0-255,66,209,7,140375
3055,4.3e-05,172.217.194.0-255,1484,1693,7,140375
3056,4.8e-05,172.31.36.0-255,66,1759,7,140375
3057,5.4e-05,172.217.194.0-255,2902,4661,7,140375
3058,6.5e-05,172.31.36.0-255,66,4727,7,140375
3059,7.3e-05,172.217.194.0-255,7156,11883,7,140375
3060,7.6e-05,172.31.36.0-255,66,11949,7,140375
3061,9.3e-05,172.217.194.0-255,5738,17687,7,140375
3062,9.6e-05,172.31.36.0-255,66,17753,7,140375
3063,0.000125,172.31.36.0-255,66,17819,7,140375
3064,0.00013,172.217.194.0-255,2543,20362,7,140375
3065,0.000133,172.31.36.0-255,66,20428,7,140375
3066,0.00023,172.217.194.0-255,1484,21912,7,140375
3067,0.000234,172.31.36.0-255,66,21978,7,140375
3068,0.00024,172.217.194.0-255,2902,24880,7,140375
3069,0.000242,172.31.36.0-255,66,24946,7,140375
3070,0.000247,172.217.194.0-255,2902,27848,7,140375
3071,0.000256,172.31.36.0-255,66,27914,7,140375
3072,0.000282,172.217.194.0-255,2902,30816,7,140375
3073,0.000285,172.31.36.0-255,66,30882,7,140375
3074,0.000305,172.31.36.0-255,66,30948,7,140375
3075,0.000332,172.217.194.0-255,4320,35268,7,140375
3076,0.000335,172.31.36.0-255,66,35334,7,140375
3077,0.000369,172.217.194.0-255,5667,41001,7,140375
3078,0.000374,172.31.36.0-255,66,41067,7,140375
3079,0.000643,172.217.194.0-255,99,41166,7,140375
3080,0.000648,172.31.36.0-255,66,41232,7,140375
3081,0.000684,172.217.194.0-255,1484,42716,7,140375
3082,0.000687,172.31.36.0-255,66,42782,7,140375
3083,0.000692,172.217.194.0-255,2902,45684,7,140375
3084,0.000695,172.31.36.0-255,66,45750,7,140375
3085,0.000698,172.217.194.0-255,1484,47234,7,140375
3086,0.000726,172.217.194.0-255,5738,52972,7,140375
3087,0.00073,172.31.36.0-255,66,53038,7,140375
3088,0.000736,172.217.194.0-255,4320,57358,7,140375
3089,0.000738,172.31.36.0-255,66,57424,7,140375
3090,0.000744,172.217.194.0-255,4320,61744,7,140375
3091,0.000753,172.31.36.0-255,66,61810,7,140375
3092,0.000777,172.217.194.0-255,1484,63294,7,140375
3093,0.000796,172.31.36.0-255,66,63360,7,140375
3094,0.000799,172.217.194.0-255,766,64126,7,140375
3095,0.000845,172.31.36.0-255,66,64192,7,140375
3096,0.00085,172.217.194.0-255,2902,67094,7,140375
3097,0.000854,172.31.36.0-255,66,67160,7,140375
3098,0.000885,172.31.36.0-255,66,67226,7,140375
3099,0.000892,172.217.194.0-255,5738,72964,7,140375
3100,0.000894,172.31.36.0-255,66,73030,7,140375
3101,0.000933,172.31.36.0-255,66,73096,7,140375
3102,0.000958,172.31.36.0-255,66,73162,7,140375
3103,0.00097,172.31.36.0-255,66,73228,7,140375
3104,0.001108,172.217.194.0-255,1484,74712,7,140375
3105,0.001114,172.217.194.0-255,2902,77614,7,140375
3106,0.001117,172.31.36.0-255,66,77680,7,140375
3107,0.001139,172.217.194.0-255,5738,83418,7,140375
3108,0.001143,172.31.36.0-255,66,83484,7,140375
3109,0.001148,172.217.194.0-255,4320,87804,7,140375
3110,0.00115,172.31.36.0-255,66,87870,7,140375
3111,0.001203,172.31.36.0-255,66,87936,7,140375
3112,0.00122,172.31.36.0-255,66,88002,7,140375
3113,0.001283,172.217.194.0-255,2902,90904,7,140375
3114,0.001287,172.217.194.0-255,4320,95224,7,140375
3115,0.001288,172.31.36.0-255,66,95290,7,140375
3116,0.001292,172.31.36.0-255,66,95356,7,140375
3117,0.001296,172.31.36.0-255,66,95422,7,140375
3118,0.001354,172.31.36.0-255,66,95488,7,140375
3119,0.001392,172.31.36.0-255,66,95554,7,140375
3120,0.001415,172.31.36.0-255,66,95620,7,140375
3121,0.001435,172.31.36.0-255,66,95686,7,140375
3122,0.001462,172.217.194.0-255,4320,100006,7,140375
3123,0.001466,172.31.36.0-255,66,100072,7,140375
3124,0.001514,172.31.36.0-255,66,100138,7,140375
3125,0.00152,172.217.194.0-255,5020,105158,7,140375
3126,0.001522,172.31.36.0-255,66,105224,7,140375
3127,0.001632,172.217.194.0-255,1484,106708,7,140375
3128,0.001638,172.217.194.0-255,2902,109610,7,140375
3129,0.001642,172.31.36.0-255,66,109676,7,140375
3130,0.001676,172.217.194.0-255,5738,115414,7,140375
3131,0.001686,172.31.36.0-255,66,115480,7,140375
3132,0.00171,172.31.36.0-255,66,115546,7,140375
3133,0.001722,172.31.36.0-255,66,115612,7,140375
3134,0.001748,172.217.194.0-255,766,116378,7,140375
3135,0.001765,172.217.194.0-255,1484,117862,7,140375
3136,0.001768,172.31.36.0-255,66,117928,7,140375
3137,0.001774,172.217.194.0-255,2902,120830,7,140375
3138,0.001776,172.31.36.0-255,66,120896,7,140375
3139,0.001794,172.217.194.0-255,2902,123798,7,140375
3140,0.001798,172.31.36.0-255,66,123864,7,140375
3141,0.001824,172.217.194.0-255,2902,126766,7,140375
3142,0.001827,172.31.36.0-255,66,126832,7,140375
3143,0.001846,172.31.36.0-255,66,126898,7,140375
3144,0.001887,172.31.36.0-255,66,126964,7,140375
3145,0.001899,172.31.36.0-255,66,127030,7,140375
3146,0.001917,172.217.194.0-255,4320,131350,7,140375
3147,0.00192,172.31.36.0-255,66,131416,7,140375
3148,0.00194,172.31.36.0-255,66,131482,7,140375
3149,0.002016,172.31.36.0-255,66,131548,7,140375
3150,0.002022,172.217.194.0-255,4123,135671,7,140375
3151,0.002024,172.31.36.0-255,66,135737,7,140375
3152,0.002045,172.217.194.0-255,105,135842,7,140375
3153,0.010605,172.31.36.0-255,66,135908,7,140375
3154,0.010639,172.31.36.0-255,105,136013,7,140375
3155,0.013263,172.217.194.0-255,66,136079,7,140375
3156,0.030772,172.31.36.0-255,176,136255,7,140375
3157,0.030809,172.31.36.0-255,1114,137369,7,140375
3158,0.030855,172.31.36.0-255,1514,138883,7,140375
3159,0.030857,172.31.36.0-255,1294,140177,7,140375
3160,0.032294,104.244.42.0-255,66,140243,7,140375
3161,0.032367,104.244.42.0-255,66,140309,7,140375
3162,0.032369,104.244.42.0-255,66,140375,7,140375
3163,0.0,74.125.130.0-255,153,153,7,184418
3164,2.4e-05,172.31.36.0-255,66,219,7,184418
3165,3e-05,74.125.130.0-255,1484,1703,7,184418
3166,3.5e-05,172.31.36.0-255,66,1769,7,184418
3167,5.1e-05,74.125.130.0-255,2902,4671,7,184418
3168,5.5e-05,172.31.36.0-255,66,4737,7,184418
3169,6e-05,74.125.130.0-255,2902,7639,7,184418
3170,6.2e-05,172.31.36.0-255,66,7705,7,184418
3171,6.9e-05,74.125.130.0-255,4320,12025,7,184418
3172,7.2e-05,172.31.36.0-255,66,12091,7,184418
3173,9.4e-05,74.125.130.0-255,2121,14212,7,184418
3174,0.000102,172.31.36.0-255,66,14278,7,184418
3175,0.00013,74.125.130.0-255,2902,17180,7,184418
3176,0.000133,172.31.36.0-255,66,17246,7,184418
3177,0.000164,74.125.130.0-255,4320,21566,7,184418
3178,0.000167,172.31.36.0-255,66,21632,7,184418
3179,0.000174,74.125.130.0-255,5738,27370,7,184418
3180,0.000176,172.31.36.0-255,66,27436,7,184418
3181,0.000206,74.125.130.0-255,4320,31756,7,184418
3182,0.000208,172.31.36.0-255,66,31822,7,184418
3183,0.000237,74.125.130.0-255,4320,36142,7,184418
3184,0.000239,172.31.36.0-255,66,36208,7,184418
3185,0.000257,172.31.36.0-255,66,36274,7,184418
3186,0.000261,74.125.130.0-255,2184,38458,7,184418
3187,0.000263,172.31.36.0-255,66,38524,7,184418
3188,0.001492,74.125.130.0-255,1484,40008,7,184418
3189,0.001499,172.31.36.0-255,66,40074,7,184418
3190,0.00151,74.125.130.0-255,2902,42976,7,184418
3191,0.001512,172.31.36.0-255,66,43042,7,184418
3192,0.001522,74.125.130.0-255,1484,44526,7,184418
3193,0.001524,172.31.36.0-255,66,44592,7,184418
3194,0.001529,74.125.130.0-255,2902,47494,7,184418
3195,0.001532,172.31.36.0-255,66,47560,7,184418
3196,0.001573,74.125.130.0-255,5738,53298,7,184418
3197,0.001575,172.31.36.0-255,66,53364,7,184418
3198,0.001579,74.125.130.0-255,1484,54848,7,184418
3199,0.001607,74.125.130.0-255,1397,56245,7,184418
3200,0.003516,74.125.130.0-255,2902,59147,7,184418
3201,0.005093,172.31.36.0-255,66,59213,7,184418
3202,0.007067,74.125.130.0-255,5738,64951,7,184418
3203,0.007081,172.31.36.0-255,66,65017,7,184418
3204,0.009042,74.125.130.0-255,5738,70755,7,184418
3205,0.009053,172.31.36.0-255,66,70821,7,184418
3206,0.011002,74.125.130.0-255,5738,76559,7,184418
3207,0.012791,172.31.36.0-255,66,76625,7,184418
3208,0.014748,74.125.130.0-255,5738,82363,7,184418
3209,0.014762,172.31.36.0-255,66,82429,7,184418
3210,0.016713,74.125.130.0-255,5738,88167,7,184418
3211,0.016723,172.31.36.0-255,66,88233,7,184418
3212,0.018674,74.125.130.0-255,5738,93971,7,184418
3213,0.018683,172.31.36.0-255,66,94037,7,184418
3214,0.020662,74.125.130.0-255,5738,99775,7,184418
3215,0.020674,172.31.36.0-255,66,99841,7,184418
3216,0.022632,74.125.130.0-255,5738,105579,7,184418
3217,0.022643,172.31.36.0-255,66,105645,7,184418
3218,0.024221,172.31.36.0-255,164,105809,7,184418
3219,0.024252,172.31.36.0-255,1122,106931,7,184418
3220,0.02431,172.31.36.0-255,1514,108445,7,184418
3221,0.024312,172.31.36.0-255,323,108768,7,184418
3222,0.024586,74.125.130.0-255,5738,114506,7,184418
3223,0.024613,172.31.36.0-255,66,114572,7,184418
3224,0.025767,104.244.42.0-255,66,114638,7,184418
3225,0.025777,104.244.42.0-255,66,114704,7,184418
3226,0.025848,104.244.42.0-255,66,114770,7,184418
3227,0.026551,74.125.130.0-255,5738,120508,7,184418
3228,0.026559,172.31.36.0-255,66,120574,7,184418
3229,0.028505,74.125.130.0-255,5738,126312,7,184418
3230,0.028512,172.31.36.0-255,66,126378,7,184418
3231,0.030498,74.125.130.0-255,5738,132116,7,184418
3232,0.030508,172.31.36.0-255,66,132182,7,184418
3233,0.032464,74.125.130.0-255,5738,137920,7,184418
3234,0.032474,172.31.36.0-255,66,137986,7,184418
3235,0.034441,74.125.130.0-255,5738,143724,7,184418
3236,0.034458,172.31.36.0-255,66,143790,7,184418
3237,0.036418,74.125.130.0-255,5738,149528,7,184418
3238,0.036427,172.31.36.0-255,66,149594,7,184418
3239,0.038392,74.125.130.0-255,5738,155332,7,184418
3240,0.038399,172.31.36.0-255,66,155398,7,184418
3241,0.040366,74.125.130.0-255,5738,161136,7,184418
3242,0.040373,172.31.36.0-255,66,161202,7,184418
3243,0.042332,74.125.130.0-255,5738,166940,7,184418
3244,0.042348,172.31.36.0-255,66,167006,7,184418
3245,0.044294,74.125.130.0-255,5738,172744,7,184418
3246,0.044303,172.31.36.0-255,66,172810,7,184418
3247,0.046251,74.125.130.0-255,5738,178548,7,184418
3248,0.046259,172.31.36.0-255,66,178614,7,184418
3249,0.04821,74.125.130.0-255,5738,184352,7,184418
3250,0.048217,172.31.36.0-255,66,184418,7,184418
3251,0.0,172.217.160.0-255,298,298,7,296630
3252,3.6e-05,172.31.36.0-255,66,364,7,296630
3253,4.3e-05,172.217.160.0-255,1484,1848,7,296630
3254,4.7e-05,172.31.36.0-255,66,1914,7,296630
3255,6.2e-05,172.217.160.0-255,4320,6234,7,296630
3256,6.5e-05,172.31.36.0-255,66,6300,7,296630
3257,7.7e-05,172.31.36.0-255,66,6366,7,296630
3258,8.8e-05,172.31.36.0-255,66,6432,7,296630
3259,0.000119,172.217.160.0-255,5379,11811,7,296630
3260,0.000122,172.31.36.0-255,66,11877,7,296630
3261,0.000149,172.217.160.0-255,2902,14779,7,296630
3262,0.000153,172.31.36.0-255,66,14845,7,296630
3263,0.000181,172.217.160.0-255,2902,17747,7,296630
3264,0.000184,172.31.36.0-255,66,17813,7,296630
3265,0.000187,172.217.160.0-255,1484,19297,7,296630
3266,0.00019,172.31.36.0-255,66,19363,7,296630
3267,0.000208,172.31.36.0-255,66,19429,7,296630
3268,0.000211,172.217.160.0-255,1125,20554,7,296630
3269,0.000212,172.31.36.0-255,66,20620,7,296630
3270,0.000366,172.217.160.0-255,1484,22104,7,296630
3271,0.000371,172.31.36.0-255,66,22170,7,296630
3272,0.000376,172.217.160.0-255,2902,25072,7,296630
3273,0.000379,172.31.36.0-255,66,25138,7,296630
3274,0.000384,172.217.160.0-255,2902,28040,7,296630
3275,0.000386,172.31.36.0-255,66,28106,7,296630
3276,0.000408,172.217.160.0-255,2902,31008,7,296630
3277,0.000411,172.31.36.0-255,66,31074,7,296630
3278,0.000425,172.217.160.0-255,7103,38177,7,296630
3279,0.000428,172.31.36.0-255,66,38243,7,296630
3280,0.000934,172.217.160.0-255,103,38346,7,296630
3281,0.001008,172.217.160.0-255,1484,39830,7,296630
3282,0.001013,172.31.36.0-255,66,39896,7,296630
3283,0.001017,172.217.160.0-255,1484,41380,7,296630
3284,0.001024,172.217.160.0-255,4320,45700,7,296630
3285,0.001033,172.31.36.0-255,66,45766,7,296630
3286,0.001073,172.217.160.0-255,7156,52922,7,296630
3287,0.001077,172.31.36.0-255,66,52988,7,296630
3288,0.001096,172.217.160.0-255,2543,55531,7,296630
3289,0.001098,172.31.36.0-255,66,55597,7,296630
3290,0.001106,172.217.160.0-255,7156,62753,7,296630
3291,0.001108,172.31.36.0-255,66,62819,7,296630
3292,0.001133,172.217.160.0-255,2902,65721,7,296630
3293,0.001135,172.31.36.0-255,66,65787,7,296630
3294,0.001147,172.217.160.0-255,6797,72584,7,296630
3295,0.00115,172.31.36.0-255,66,72650,7,296630
3296,0.00119,172.217.160.0-255,1484,74134,7,296630
3297,0.001203,172.217.160.0-255,2902,77036,7,296630
3298,0.001205,172.31.36.0-255,66,77102,7,296630
3299,0.001209,172.217.160.0-255,1484,78586,7,296630
3300,0.001234,172.217.160.0-255,4320,82906,7,296630
3301,0.001237,172.31.36.0-255,66,82972,7,296630
3302,0.001267,172.217.160.0-255,2902,85874,7,296630
3303,0.001269,172.31.36.0-255,66,85940,7,296630
3304,0.001297,172.217.160.0-255,3563,89503,7,296630
3305,0.0013,172.31.36.0-255,66,89569,7,296630
3306,0.001303,172.217.160.0-255,214,89783,7,296630
3307,0.001342,172.217.160.0-255,1484,91267,7,296630
3308,0.001345,172.31.36.0-255,66,91333,7,296630
3309,0.001349,172.217.160.0-255,1484,92817,7,296630
3310,0.001373,172.217.160.0-255,2902,95719,7,296630
3311,0.001376,172.31.36.0-255,66,95785,7,296630
3312,0.001386,172.31.36.0-255,66,95851,7,296630
3313,0.001405,172.31.36.0-255,66,95917,7,296630
3314,0.001451,172.31.36.0-255,66,95983,7,296630
3315,0.001533,172.217.160.0-255,1484,97467,7,296630
3316,0.00154,172.217.160.0-255,2902,100369,7,296630
3317,0.001544,172.31.36.0-255,66,100435,7,296630
3318,0.001551,172.217.160.0-255,5738,106173,7,296630
3319,0.001554,172.31.36.0-255,66,106239,7,296630
3320,0.001565,172.217.160.0-255,2902,109141,7,296630
3321,0.001568,172.31.36.0-255,66,109207,7,296630
3322,0.001615,172.31.36.0-255,66,109273,7,296630
3323,0.001622,172.217.160.0-255,5738,115011,7,296630
3324,0.001624,172.31.36.0-255,66,115077,7,296630
3325,0.00165,172.217.160.0-255,5020,120097,7,296630
3326,0.001663,172.31.36.0-255,66,120163,7,296630
3327,0.001792,172.217.160.0-255,1484,121647,7,296630
3328,0.001799,172.217.160.0-255,2902,124549,7,296630
3329,0.001802,172.31.36.0-255,66,124615,7,296630
3330,0.001809,172.217.160.0-255,5738,130353,7,296630
3331,0.001811,172.31.36.0-255,66,130419,7,296630
3332,0.001832,172.217.160.0-255,7156,137575,7,296630
3333,0.001842,172.31.36.0-255,66,137641,7,296630
3334,0.001885,172.217.160.0-255,7156,144797,7,296630
3335,0.001888,172.31.36.0-255,66,144863,7,296630
3336,0.001921,172.217.160.0-255,7156,152019,7,296630
3337,0.001924,172.31.36.0-255,66,152085,7,296630
3338,0.001928,172.217.160.0-255,2184,154269,7,296630
3339,0.00193,172.31.36.0-255,66,154335,7,296630
3340,0.003873,172.217.160.0-255,5738,160073,7,296630
3341,0.00388,172.31.36.0-255,66,160139,7,296630
3342,0.00582,172.217.160.0-255,5738,165877,7,296630
3343,0.005825,172.31.36.0-255,66,165943,7,296630
3344,0.007766,172.217.160.0-255,5738,171681,7,296630
3345,0.007769,172.31.36.0-255,66,171747,7,296630
3346,0.009706,172.217.160.0-255,5738,177485,7,296630
3347,0.009712,172.31.36.0-255,66,177551,7,296630
3348,0.011671,172.217.160.0-255,5738,183289,7,296630
3349,0.011676,172.31.36.0-255,66,183355,7,296630
3350,0.013638,172.217.160.0-255,5738,189093,7,296630
3351,0.013646,172.31.36.0-255,66,189159,7,296630
3352,0.015606,172.217.160.0-255,5738,194897,7,296630
3353,0.015625,172.31.36.0-255,66,194963,7,296630
3354,0.017582,172.217.160.0-255,5738,200701,7,296630
3355,0.017596,172.31.36.0-255,66,200767,7,296630
3356,0.019556,172.217.160.0-255,5738,206505,7,296630
3357,0.019575,172.31.36.0-255,66,206571,7,296630
3358,0.021524,172.217.160.0-255,5738,212309,7,296630
3359,0.021534,172.31.36.0-255,66,212375,7,296630
3360,0.023502,172.217.160.0-255,5738,218113,7,296630
3361,0.023521,172.31.36.0-255,66,218179,7,296630
3362,0.025475,172.217.160.0-255,5738,223917,7,296630
3363,0.025482,172.31.36.0-255,66,223983,7,296630
3364,0.027432,172.217.160.0-255,5738,229721,7,296630
3365,0.027445,172.31.36.0-255,66,229787,7,296630
3366,0.029414,172.217.160.0-255,4320,234107,7,296630
3367,0.029422,172.31.36.0-255,66,234173,7,296630
3368,0.02946,172.217.160.0-255,1484,235657,7,296630
3369,0.031379,172.217.160.0-255,4320,239977,7,296630
3370,0.031386,172.31.36.0-255,66,240043,7,296630
3371,0.033327,172.217.160.0-255,5738,245781,7,296630
3372,0.033335,172.31.36.0-255,66,245847,7,296630
3373,0.035307,172.217.160.0-255,5738,251585,7,296630
3374,0.035314,172.31.36.0-255,66,251651,7,296630
3375,0.037259,172.217.160.0-255,5738,257389,7,296630
3376,0.037266,172.31.36.0-255,66,257455,7,296630
3377,0.039214,172.217.160.0-255,5738,263193,7,296630
3378,0.03922,172.31.36.0-255,66,263259,7,296630
3379,0.03983,172.31.36.0-255,167,263426,7,296630
3380,0.039858,172.31.36.0-255,1114,264540,7,296630
3381,0.039894,172.31.36.0-255,1514,266054,7,296630
3382,0.039895,172.31.36.0-255,1292,267346,7,296630
3383,0.041169,172.217.160.0-255,5738,273084,7,296630
3384,0.041174,172.31.36.0-255,66,273150,7,296630
3385,0.041344,104.244.42.0-255,66,273216,7,296630
3386,0.041392,104.244.42.0-255,66,273282,7,296630
3387,0.041442,104.244.42.0-255,66,273348,7,296630
3388,0.043122,172.217.160.0-255,5738,279086,7,296630
3389,0.043128,172.31.36.0-255,66,279152,7,296630
3390,0.045072,172.217.160.0-255,5738,284890,7,296630
3391,0.045078,172.31.36.0-255,66,284956,7,296630
3392,0.047018,172.217.160.0-255,5738,290694,7,296630
3393,0.047024,172.31.36.0-255,66,290760,7,296630
3394,0.048968,172.217.160.0-255,4320,295080,7,296630
3395,0.048973,172.31.36.0-255,66,295146,7,296630
3396,0.049002,172.217.160.0-255,1484,296630,7,296630
3397,0.0,74.125.24.0-255,153,153,7,264363
3398,3.2e-05,172.31.36.0-255,66,219,7,264363
3399,4e-05,74.125.24.0-255,1484,1703,7,264363
3400,4.4e-05,172.31.36.0-255,66,1769,7,264363
3401,5e-05,74.125.24.0-255,2902,4671,7,264363
3402,5.3e-05,172.31.36.0-255,66,4737,7,264363
3403,5.7e-05,74.125.24.0-255,2902,7639,7,264363
3404,6e-05,172.31.36.0-255,66,7705,7,264363
3405,8.4e-05,74.125.24.0-255,4320,12025,7,264363
3406,9e-05,172.31.36.0-255,66,12091,7,264363
3407,9.4e-05,172.31.36.0-255,66,12157,7,264363
3408,0.000116,74.125.24.0-255,1484,13641,7,264363
3409,0.000118,172.31.36.0-255,66,13707,7,264363
3410,0.000144,172.31.36.0-255,66,13773,7,264363
3411,0.000157,74.125.24.0-255,1484,15257,7,264363
3412,0.00016,172.31.36.0-255,66,15323,7,264363
3413,0.000175,74.125.24.0-255,4320,19643,7,264363
3414,0.00018,172.31.36.0-255,66,19709,7,264363
3415,0.000189,74.125.24.0-255,7156,26865,7,264363
3416,0.000191,172.31.36.0-255,66,26931,7,264363
3417,0.000217,74.125.24.0-255,3961,30892,7,264363
3418,0.00022,172.31.36.0-255,66,30958,7,264363
3419,0.00028,74.125.24.0-255,1484,32442,7,264363
3420,0.000284,172.31.36.0-255,66,32508,7,264363
3421,0.00029,74.125.24.0-255,2902,35410,7,264363
3422,0.000292,172.31.36.0-255,66,35476,7,264363
3423,0.000297,74.125.24.0-255,5738,41214,7,264363
3424,0.0003,172.31.36.0-255,66,41280,7,264363
3425,0.000365,74.125.24.0-255,6797,48077,7,264363
3426,0.00037,172.31.36.0-255,66,48143,7,264363
3427,0.00071,74.125.24.0-255,646,48789,7,264363
3428,0.000814,172.31.36.0-255,66,48855,7,264363
3429,0.000943,74.125.24.0-255,1484,50339,7,264363
3430,0.000953,74.125.24.0-255,2902,53241,7,264363
3431,0.000957,172.31.36.0-255,66,53307,7,264363
3432,0.000964,74.125.24.0-255,5738,59045,7,264363
3433,0.000966,172.31.36.0-255,66,59111,7,264363
3434,0.001017,74.125.24.0-255,4320,63431,7,264363
3435,0.00102,172.31.36.0-255,66,63497,7,264363
3436,0.001037,74.125.24.0-255,1994,65491,7,264363
3437,0.00104,172.31.36.0-255,66,65557,7,264363
3438,0.001246,74.125.24.0-255,1484,67041,7,264363
3439,0.001253,74.125.24.0-255,2902,69943,7,264363
3440,0.001256,172.31.36.0-255,66,70009,7,264363
3441,0.001261,74.125.24.0-255,2902,72911,7,264363
3442,0.001263,172.31.36.0-255,66,72977,7,264363
3443,0.001277,74.125.24.0-255,2902,75879,7,264363
3444,0.001279,172.31.36.0-255,66,75945,7,264363
3445,0.001291,74.125.24.0-255,2902,78847,7,264363
3446,0.001293,172.31.36.0-255,66,78913,7,264363
3447,0.001323,172.31.36.0-255,66,78979,7,264363
3448,0.001336,74.125.24.0-255,4320,83299,7,264363
3449,0.001338,172.31.36.0-255,66,83365,7,264363
3450,0.001364,74.125.24.0-255,6438,89803,7,264363
3451,0.001366,172.31.36.0-255,66,89869,7,264363
3452,0.001758,74.125.24.0-255,1484,91353,7,264363
3453,0.001764,74.125.24.0-255,2902,94255,7,264363
3454,0.001767,172.31.36.0-255,66,94321,7,264363
3455,0.001771,74.125.24.0-255,1484,95805,7,264363
3456,0.001788,74.125.24.0-255,4320,100125,7,264363
3457,0.00179,172.31.36.0-255,66,100191,7,264363
3458,0.001794,74.125.24.0-255,2902,103093,7,264363
3459,0.001795,172.31.36.0-255,66,103159,7,264363
3460,0.001816,172.31.36.0-255,66,103225,7,264363
3461,0.001838,74.125.24.0-255,2902,106127,7,264363
3462,0.00184,172.31.36.0-255,66,106193,7,264363
3463,0.001864,172.31.36.0-255,66,106259,7,264363
3464,0.002014,74.125.24.0-255,1484,107743,7,264363
3465,0.002019,74.125.24.0-255,2902,110645,7,264363
3466,0.00202,172.31.36.0-255,66,110711,7,264363
3467,0.00204,74.125.24.0-255,5738,116449,7,264363
3468,0.002042,172.31.36.0-255,66,116515,7,264363
3469,0.002063,74.125.24.0-255,7156,123671,7,264363
3470,0.002065,172.31.36.0-255,66,123737,7,264363
3471,0.002079,74.125.24.0-255,5738,129475,7,264363
3472,0.002081,172.31.36.0-255,66,129541,7,264363
3473,0.002085,74.125.24.0-255,2902,132443,7,264363
3474,0.002087,172.31.36.0-255,66,132509,7,264363
3475,0.002103,172.31.36.0-255,66,132575,7,264363
3476,0.002541,74.125.24.0-255,1484,134059,7,264363
3477,0.002553,74.125.24.0-255,2902,136961,7,264363
3478,0.002555,172.31.36.0-255,66,137027,7,264363
3479,0.002558,74.125.24.0-255,1484,138511,7,264363
3480,0.002574,74.125.24.0-255,4320,142831,7,264363
3481,0.002576,172.31.36.0-255,66,142897,7,264363
3482,0.002579,74.125.24.0-255,1484,144381,7,264363
3483,0.002591,74.125.24.0-255,5738,150119,7,264363
3484,0.002593,172.31.36.0-255,66,150185,7,264363
3485,0.002604,74.125.24.0-255,1484,151669,7,264363
3486,0.002651,172.31.36.0-255,66,151735,7,264363
3487,0.002671,74.125.24.0-255,6438,158173,7,264363
3488,0.002673,172.31.36.0-255,66,158239,7,264363
3489,0.005254,74.125.24.0-255,5738,163977,7,264363
3490,0.005261,172.31.36.0-255,66,164043,7,264363
3491,0.007839,74.125.24.0-255,5738,169781,7,264363
3492,0.007845,172.31.36.0-255,66,169847,7,264363
3493,0.010454,74.125.24.0-255,5738,175585,7,264363
3494,0.010461,172.31.36.0-255,66,175651,7,264363
3495,0.013056,74.125.24.0-255,5738,181389,7,264363
3496,0.013063,172.31.36.0-255,66,181455,7,264363
3497,0.015695,74.125.24.0-255,5738,187193,7,264363
3498,0.015706,172.31.36.0-255,66,187259,7,264363
3499,0.01832,74.125.24.0-255,5738,192997,7,264363
3500,0.018331,172.31.36.0-255,66,193063,7,264363
3501,0.02094,74.125.24.0-255,5738,198801,7,264363
3502,0.020946,172.31.36.0-255,66,198867,7,264363
3503,0.023558,74.125.24.0-255,5738,204605,7,264363
3504,0.023565,172.31.36.0-255,66,204671,7,264363
3505,0.026235,74.125.24.0-255,5738,210409,7,264363
3506,0.026244,172.31.36.0-255,66,210475,7,264363
3507,0.028835,74.125.24.0-255,5738,216213,7,264363
3508,0.028844,172.31.36.0-255,66,216279,7,264363
3509,0.031435,74.125.24.0-255,5738,222017,7,264363
3510,0.031443,172.31.36.0-255,66,222083,7,264363
3511,0.034038,74.125.24.0-255,5738,227821,7,264363
3512,0.034044,172.31.36.0-255,66,227887,7,264363
3513,0.03476,172.31.36.0-255,172,228059,7,264363
3514,0.034809,172.31.36.0-255,1114,229173,7,264363
3515,0.034848,172.31.36.0-255,1514,230687,7,264363
3516,0.03485,172.31.36.0-255,1292,231979,7,264363
3517,0.036302,104.244.42.0-255,66,232045,7,264363
3518,0.036352,104.244.42.0-255,66,232111,7,264363
3519,0.036417,104.244.42.0-255,66,232177,7,264363
3520,0.036643,74.125.24.0-255,5738,237915,7,264363
3521,0.036649,172.31.36.0-255,66,237981,7,264363
3522,0.039243,74.125.24.0-255,5738,243719,7,264363
3523,0.039251,172.31.36.0-255,66,243785,7,264363
3524,0.041839,74.125.24.0-255,5738,249523,7,264363
3525,0.041863,172.31.36.0-255,66,249589,7,264363
3526,0.044446,74.125.24.0-255,4320,253909,7,264363
3527,0.044452,172.31.36.0-255,66,253975,7,264363
3528,0.04448,74.125.24.0-255,1484,255459,7,264363
3529,0.047048,74.125.24.0-255,2902,258361,7,264363
3530,0.047053,172.31.36.0-255,66,258427,7,264363
3531,0.047088,74.125.24.0-255,1484,259911,7,264363
3532,0.049645,74.125.24.0-255,2902,262813,7,264363
3533,0.049649,172.31.36.0-255,66,262879,7,264363
3534,0.049675,74.125.24.0-255,1484,264363,7,264363
3535,0.0,172.217.194.0-255,150,150,7,279797
3536,1.7e-05,172.31.36.0-255,66,216,7,279797
3537,2.4e-05,172.217.194.0-255,1484,1700,7,279797
3538,2.9e-05,172.31.36.0-255,66,1766,7,279797
3539,4.2e-05,172.217.194.0-255,2902,4668,7,279797
3540,4.6e-05,172.31.36.0-255,66,4734,7,279797
3541,5.5e-05,172.217.194.0-255,7156,11890,7,279797
3542,5.7e-05,172.31.36.0-255,66,11956,7,279797
3543,9.3e-05,172.217.194.0-255,2078,14034,7,279797
3544,9.7e-05,172.31.36.0-255,66,14100,7,279797
3545,0.00012,172.217.194.0-255,2902,17002,7,279797
3546,0.000123,172.31.36.0-255,66,17068,7,279797
3547,0.00013,172.217.194.0-255,4320,21388,7,279797
3548,0.000133,172.31.36.0-255,66,21454,7,279797
3549,0.000163,172.217.194.0-255,2902,24356,7,279797
3550,0.000166,172.31.36.0-255,66,24422,7,279797
3551,0.000188,172.217.194.0-255,6797,31219,7,279797
3552,0.00019,172.31.36.0-255,66,31285,7,279797
3553,0.00058,172.217.194.0-255,1484,32769,7,279797
3554,0.000587,172.31.36.0-255,66,32835,7,279797
3555,0.000594,172.217.194.0-255,2902,35737,7,279797
3556,0.000597,172.31.36.0-255,66,35803,7,279797
3557,0.000614,172.217.194.0-255,4320,40123,7,279797
3558,0.000617,172.31.36.0-255,66,40189,7,279797
3559,0.000645,172.217.194.0-255,1484,41673,7,279797
3560,0.000647,172.31.36.0-255,66,41739,7,279797
3561,0.000655,172.217.194.0-255,6797,48536,7,279797
3562,0.000657,172.31.36.0-255,66,48602,7,279797
3563,0.000669,172.217.194.0-255,4320,52922,7,279797
3564,0.000671,172.31.36.0-255,66,52988,7,279797
3565,0.000718,172.31.36.0-255,66,53054,7,279797
3566,0.000722,172.217.194.0-255,2543,55597,7,279797
3567,0.000724,172.31.36.0-255,66,55663,7,279797
3568,0.000727,172.217.194.0-255,680,56343,7,279797
3569,0.000973,172.217.194.0-255,1484,57827,7,279797
3570,0.000977,172.31.36.0-255,66,57893,7,279797
3571,0.000983,172.217.194.0-255,2902,60795,7,279797
3572,0.000986,172.31.36.0-255,66,60861,7,279797
3573,0.000989,172.217.194.0-255,1484,62345,7,279797
3574,0.001001,172.217.194.0-255,5738,68083,7,279797
3575,0.001003,172.31.36.0-255,66,68149,7,279797
3576,0.001078,172.31.36.0-255,66,68215,7,279797
3577,0.00109,172.31.36.0-255,66,68281,7,279797
3578,0.001467,172.217.194.0-255,1484,69765,7,279797
3579,0.001474,172.217.194.0-255,2902,72667,7,279797
3580,0.001477,172.31.36.0-255,66,72733,7,279797
3581,0.001485,172.217.194.0-255,5738,78471,7,279797
3582,0.001487,172.31.36.0-255,66,78537,7,279797
3583,0.001494,172.217.194.0-255,5738,84275,7,279797
3584,0.0015,172.31.36.0-255,66,84341,7,279797
3585,0.001523,172.217.194.0-255,1484,85825,7,279797
3586,0.001539,172.31.36.0-255,66,85891,7,279797
3587,0.001543,172.217.194.0-255,2184,88075,7,279797
3588,0.001545,172.31.36.0-255,66,88141,7,279797
3589,0.001776,172.217.194.0-255,1484,89625,7,279797
3590,0.001783,172.217.194.0-255,2902,92527,7,279797
3591,0.001786,172.31.36.0-255,66,92593,7,279797
3592,0.001821,172.217.194.0-255,5738,98331,7,279797
3593,0.001824,172.31.36.0-255,66,98397,7,279797
3594,0.001838,172.31.36.0-255,66,98463,7,279797
3595,0.001886,172.31.36.0-255,66,98529,7,279797
3596,0.001938,172.217.194.0-255,1484,100013,7,279797
3597,0.001942,172.217.194.0-255,1484,101497,7,279797
3598,0.001945,172.31.36.0-255,66,101563,7,279797
3599,0.001974,172.217.194.0-255,1484,103047,7,279797
3600,0.00198,172.217.194.0-255,5738,108785,7,279797
3601,0.001983,172.31.36.0-255,66,108851,7,279797
3602,0.001999,172.31.36.0-255,66,108917,7,279797
3603,0.002001,172.217.194.0-255,1484,110401,7,279797
3604,0.002041,172.31.36.0-255,66,110467,7,279797
3605,0.002063,172.217.194.0-255,1484,111951,7,279797
3606,0.002068,172.217.194.0-255,2902,114853,7,279797
3607,0.002071,172.31.36.0-255,66,114919,7,279797
3608,0.002077,172.217.194.0-255,4320,119239,7,279797
3609,0.002079,172.31.36.0-255,66,119305,7,279797
3610,0.002108,172.217.194.0-255,1484,120789,7,279797
3611,0.002115,172.217.194.0-255,7156,127945,7,279797
3612,0.002118,172.31.36.0-255,66,128011,7,279797
3613,0.002147,172.217.194.0-255,5738,133749,7,279797
3614,0.00215,172.31.36.0-255,66,133815,7,279797
3615,0.002167,172.31.36.0-255,66,133881,7,279797
3616,0.002175,172.217.194.0-255,7156,141037,7,279797
3617,0.002177,172.31.36.0-255,66,141103,7,279797
3618,0.0022,172.217.194.0-255,2902,144005,7,279797
3619,0.002202,172.31.36.0-255,66,144071,7,279797
3620,0.002221,172.31.36.0-255,66,144137,7,279797
3621,0.002267,172.31.36.0-255,66,144203,7,279797
3622,0.002304,172.217.194.0-255,4320,148523,7,279797
3623,0.002306,172.31.36.0-255,66,148589,7,279797
3624,0.002336,172.217.194.0-255,5738,154327,7,279797
3625,0.002339,172.31.36.0-255,66,154393,7,279797
3626,0.002352,172.31.36.0-255,66,154459,7,279797
3627,0.002355,172.217.194.0-255,1484,155943,7,279797
3628,0.004615,172.217.194.0-255,4320,160263,7,279797
3629,0.004623,172.31.36.0-255,66,160329,7,279797
3630,0.006882,172.217.194.0-255,5738,166067,7,279797
3631,0.006889,172.31.36.0-255,66,166133,7,279797
3632,0.00917,172.217.194.0-255,5738,171871,7,279797
3633,0.009175,172.31.36.0-255,66,171937,7,279797
3634,0.011443,172.217.194.0-255,5738,177675,7,279797
3635,0.011451,172.31.36.0-255,66,177741,7,279797
3636,0.013714,172.217.194.0-255,5738,183479,7,279797
3637,0.013723,172.31.36.0-255,66,183545,7,279797
3638,0.015986,172.217.194.0-255,5738,189283,7,279797
3639,0.015995,172.31.36.0-255,66,189349,7,279797
3640,0.018242,172.217.194.0-255,5738,195087,7,279797
3641,0.018252,172.31.36.0-255,66,195153,7,279797
3642,0.020525,172.217.194.0-255,5738,200891,7,279797
3643,0.020533,172.31.36.0-255,66,200957,7,279797
3644,0.022777,172.217.194.0-255,5738,206695,7,279797
3645,0.022786,172.31.36.0-255,66,206761,7,279797
3646,0.025067,172.217.194.0-255,5738,212499,7,279797
3647,0.025074,172.31.36.0-255,66,212565,7,279797
3648,0.027345,172.217.194.0-255,5738,218303,7,279797
3649,0.027353,172.31.36.0-255,66,218369,7,279797
3650,0.029651,172.217.194.0-255,5738,224107,7,279797
3651,0.029659,172.31.36.0-255,66,224173,7,279797
3652,0.031912,172.217.194.0-255,5738,229911,7,279797
3653,0.031919,172.31.36.0-255,66,229977,7,279797
3654,0.034183,172.217.194.0-255,5738,235715,7,279797
3655,0.03419,172.31.36.0-255,66,235781,7,279797
3656,0.035915,172.31.36.0-255,172,235953,7,279797
3657,0.035944,172.31.36.0-255,1113,237066,7,279797
3658,0.036002,172.31.36.0-255,1514,238580,7,279797
3659,0.036004,172.31.36.0-255,1514,240094,7,279797
3660,0.036005,172.31.36.0-255,1514,241608,7,279797
3661,0.036009,172.31.36.0-255,1514,243122,7,279797
3662,0.036011,172.31.36.0-255,1514,244636,7,279797
3663,0.036011,172.31.36.0-255,73,244709,7,279797
3664,0.036464,172.217.194.0-255,5738,250447,7,279797
3665,0.036472,172.31.36.0-255,66,250513,7,279797
3666,0.037406,104.244.42.0-255,66,250579,7,279797
3667,0.037439,104.244.42.0-255,66,250645,7,279797
3668,0.037508,104.244.42.0-255,66,250711,7,279797
3669,0.037514,104.244.42.0-255,66,250777,7,279797
3670,0.038742,172.217.194.0-255,5738,256515,7,279797
3671,0.03875,172.31.36.0-255,66,256581,7,279797
3672,0.04102,172.217.194.0-255,5738,262319,7,279797
3673,0.04103,172.31.36.0-255,66,262385,7,279797
3674,0.043296,172.217.194.0-255,5738,268123,7,279797
3675,0.043303,172.31.36.0-255,66,268189,7,279797
3676,0.04557,172.217.194.0-255,5738,273927,7,279797
3677,0.045576,172.31.36.0-255,66,273993,7,279797
3678,0.047832,172.217.194.0-255,5738,279731,7,279797
3679,0.047839,172.31.36.0-255,66,279797,7,279797
3680,0.0,74.125.24.0-255,146,146,7,291803
3681,3.5e-05,172.31.36.0-255,66,212,7,291803
3682,4.2e-05,74.125.24.0-255,1484,1696,7,291803
3683,4.7e-05,172.31.36.0-255,66,1762,7,291803
3684,5.2e-05,74.125.24.0-255,2902,4664,7,291803
3685,5.4e-05,172.31.36.0-255,66,4730,7,291803
3686,6.1e-05,74.125.24.0-255,7156,11886,7,291803
3687,6.3e-05,172.31.36.0-255,66,11952,7,291803
3688,6.7e-05,74.125.24.0-255,1484,13436,7,291803
3689,7e-05,172.31.36.0-255,66,13502,7,291803
3690,8.7e-05,74.125.24.0-255,2026,15528,7,291803
3691,8.9e-05,172.31.36.0-255,66,15594,7,291803
3692,9.5e-05,74.125.24.0-255,4320,19914,7,291803
3693,9.7e-05,172.31.36.0-255,66,19980,7,291803
3694,0.000101,74.125.24.0-255,2902,22882,7,291803
3695,0.000105,172.31.36.0-255,66,22948,7,291803
3696,0.000136,74.125.24.0-255,7156,30104,7,291803
3697,0.000139,172.31.36.0-255,66,30170,7,291803
3698,0.000142,74.125.24.0-255,1125,31295,7,291803
3699,0.000144,172.31.36.0-255,66,31361,7,291803
3700,0.000297,74.125.24.0-255,1484,32845,7,291803
3701,0.000302,172.31.36.0-255,66,32911,7,291803
3702,0.000308,74.125.24.0-255,2902,35813,7,291803
3703,0.000311,172.31.36.0-255,66,35879,7,291803
3704,0.000314,74.125.24.0-255,1484,37363,7,291803
3705,0.000316,172.31.36.0-255,66,37429,7,291803
3706,0.000337,74.125.24.0-255,1484,38913,7,291803
3707,0.000341,172.31.36.0-255,66,38979,7,291803
3708,0.00035,74.125.24.0-255,7156,46135,7,291803
3709,0.000353,172.31.36.0-255,66,46201,7,291803
3710,0.000384,74.125.24.0-255,5379,51580,7,291803
3711,0.000389,172.31.36.0-255,66,51646,7,291803
3712,0.000395,74.125.24.0-255,5738,57384,7,291803
3713,0.000398,172.31.36.0-255,66,57450,7,291803
3714,0.000456,74.125.24.0-255,5738,63188,7,291803
3715,0.000461,172.31.36.0-255,66,63254,7,291803
3716,0.000481,74.125.24.0-255,2820,66074,7,291803
3717,0.000485,172.31.36.0-255,66,66140,7,291803
3718,0.000515,74.125.24.0-255,378,66518,7,291803
3719,0.000556,74.125.24.0-255,1484,68002,7,291803
3720,0.000561,172.31.36.0-255,66,68068,7,291803
3721,0.000582,74.125.24.0-255,1484,69552,7,291803
3722,0.000587,74.125.24.0-255,2902,72454,7,291803
3723,0.000589,172.31.36.0-255,66,72520,7,291803
3724,0.000613,74.125.24.0-255,5738,78258,7,291803
3725,0.000616,172.31.36.0-255,66,78324,7,291803
3726,0.000621,74.125.24.0-255,2902,81226,7,291803
3727,0.000623,172.31.36.0-255,66,81292,7,291803
3728,0.000687,74.125.24.0-255,2543,83835,7,291803
3729,0.000692,172.31.36.0-255,66,83901,7,291803
3730,0.000832,74.125.24.0-255,1484,85385,7,291803
3731,0.000839,74.125.24.0-255,2902,88287,7,291803
3732,0.000842,172.31.36.0-255,66,88353,7,291803
3733,0.000849,74.125.24.0-255,5738,94091,7,291803
3734,0.000851,172.31.36.0-255,66,94157,7,291803
3735,0.000878,74.125.24.0-255,5738,99895,7,291803
3736,0.000882,172.31.36.0-255,66,99961,7,291803
3737,0.000908,74.125.24.0-255,6797,106758,7,291803
3738,0.000912,172.31.36.0-255,66,106824,7,291803
3739,0.000926,172.31.36.0-255,66,106890,7,291803
3740,0.000967,74.125.24.0-255,5738,112628,7,291803
3741,0.000972,172.31.36.0-255,66,112694,7,291803
3742,0.001,74.125.24.0-255,5738,118432,7,291803
3743,0.001004,172.31.36.0-255,66,118498,7,291803
3744,0.001009,74.125.24.0-255,3602,122100,7,291803
3745,0.001012,172.31.36.0-255,66,122166,7,291803
3746,0.001027,74.125.24.0-255,1484,123650,7,291803
3747,0.001056,74.125.24.0-255,2902,126552,7,291803
3748,0.00106,172.31.36.0-255,66,126618,7,291803
3749,0.001067,74.125.24.0-255,5738,132356,7,291803
3750,0.001069,172.31.36.0-255,66,132422,7,291803
3751,0.001074,74.125.24.0-255,4320,136742,7,291803
3752,0.001077,172.31.36.0-255,66,136808,7,291803
3753,0.001091,74.125.24.0-255,1484,138292,7,291803
3754,0.001117,172.31.36.0-255,66,138358,7,291803
3755,0.001146,172.31.36.0-255,66,138424,7,291803
3756,0.001809,74.125.24.0-255,1484,139908,7,291803
3757,0.001829,74.125.24.0-255,2902,142810,7,291803
3758,0.001834,172.31.36.0-255,66,142876,7,291803
3759,0.001841,74.125.24.0-255,5738,148614,7,291803
3760,0.001843,172.31.36.0-255,66,148680,7,291803
3761,0.001846,74.125.24.0-255,1484,150164,7,291803
3762,0.001849,74.125.24.0-255,1484,151648,7,291803
3763,0.001851,172.31.36.0-255,66,151714,7,291803
3764,0.001874,74.125.24.0-255,7156,158870,7,291803
3765,0.001879,172.31.36.0-255,66,158936,7,291803
3766,0.001888,74.125.24.0-255,2902,161838,7,291803
3767,0.001891,172.31.36.0-255,66,161904,7,291803
3768,0.001921,172.31.36.0-255,66,161970,7,291803
3769,0.002028,74.125.24.0-255,1484,163454,7,291803
3770,0.002032,74.125.24.0-255,2902,166356,7,291803
3771,0.002035,172.31.36.0-255,66,166422,7,291803
3772,0.002038,74.125.24.0-255,1484,167906,7,291803
3773,0.00206,74.125.24.0-255,4320,172226,7,291803
3774,0.002064,172.31.36.0-255,66,172292,7,291803
3775,0.002065,74.125.24.0-255,5738,178030,7,291803
3776,0.002068,172.31.36.0-255,66,178096,7,291803
3777,0.002091,74.125.24.0-255,7156,185252,7,291803
3778,0.002094,172.31.36.0-255,66,185318,7,291803
3779,0.002104,172.31.36.0-255,66,185384,7,291803
3780,0.002132,74.125.24.0-255,2184,187568,7,291803
3781,0.002135,172.31.36.0-255,66,187634,7,291803
3782,0.002148,172.31.36.0-255,66,187700,7,291803
3783,0.002165,172.31.36.0-255,66,187766,7,291803
3784,0.00219,74.125.24.0-255,5738,193504,7,291803
3785,0.002193,172.31.36.0-255,66,193570,7,291803
3786,0.002201,74.125.24.0-255,6438,200008,7,291803
3787,0.002203,172.31.36.0-255,66,200074,7,291803
3788,0.002239,74.125.24.0-255,1484,201558,7,291803
3789,0.002243,74.125.24.0-255,1484,203042,7,291803
3790,0.002245,172.31.36.0-255,66,203108,7,291803
3791,0.002262,74.125.24.0-255,1484,204592,7,291803
3792,0.002268,74.125.24.0-255,5738,210330,7,291803
3793,0.002271,172.31.36.0-255,66,210396,7,291803
3794,0.002294,74.125.24.0-255,2902,213298,7,291803
3795,0.002297,172.31.36.0-255,66,213364,7,291803
3796,0.002323,74.125.24.0-255,7156,220520,7,291803
3797,0.002326,172.31.36.0-255,66,220586,7,291803
3798,0.002339,74.125.24.0-255,1484,222070,7,291803
3799,0.002344,74.125.24.0-255,2902,224972,7,291803
3800,0.002346,172.31.36.0-255,66,225038,7,291803
3801,0.002378,172.31.36.0-255,66,225104,7,291803
3802,0.002454,74.125.24.0-255,1484,226588,7,291803
3803,0.00246,74.125.24.0-255,2902,229490,7,291803
3804,0.002464,172.31.36.0-255,66,229556,7,291803
3805,0.002523,74.125.24.0-255,5738,235294,7,291803
3806,0.002528,172.31.36.0-255,66,235360,7,291803
3807,0.00254,172.31.36.0-255,66,235426,7,291803
3808,0.002554,74.125.24.0-255,5738,241164,7,291803
3809,0.002557,172.31.36.0-255,66,241230,7,291803
3810,0.002569,172.31.36.0-255,66,241296,7,291803
3811,0.002607,74.125.24.0-255,5738,247034,7,291803
3812,0.002608,172.31.36.0-255,66,247100,7,291803
3813,0.002612,172.31.36.0-255,66,247166,7,291803
3814,0.002647,172.31.36.0-255,66,247232,7,291803
3815,0.005187,74.125.24.0-255,5738,252970,7,291803
3816,0.005193,172.31.36.0-255,66,253036,7,291803
3817,0.007756,74.125.24.0-255,5738,258774,7,291803
3818,0.007764,172.31.36.0-255,66,258840,7,291803
3819,0.010326,74.125.24.0-255,5738,264578,7,291803
3820,0.010333,172.31.36.0-255,66,264644,7,291803
3821,0.012943,74.125.24.0-255,5738,270382,7,291803
3822,0.012954,172.31.36.0-255,66,270448,7,291803
3823,0.015545,74.125.24.0-255,5738,276186,7,291803
3824,0.015554,172.31.36.0-255,66,276252,7,291803
3825,0.018141,74.125.24.0-255,5738,281990,7,291803
3826,0.018148,172.31.36.0-255,66,282056,7,291803
3827,0.020711,74.125.24.0-255,5738,287794,7,291803
3828,0.020722,172.31.36.0-255,66,287860,7,291803
3829,0.023276,74.125.24.0-255,2329,290189,7,291803
3830,0.023286,172.31.36.0-255,66,290255,7,291803
3831,0.026094,172.31.36.0-255,172,290427,7,291803
3832,0.026124,172.31.36.0-255,1073,291500,7,291803
3833,0.026217,172.31.36.0-255,105,291605,7,291803
3834,0.027661,104.244.42.0-255,66,291671,7,291803
3835,0.027683,104.244.42.0-255,66,291737,7,291803
3836,0.028736,74.125.24.0-255,66,291803,7,291803
3837,0.0,172.31.36.0-255,105,105,7,276
3838,0.001488,157.240.13.0-255,105,210,7,276
3839,0.001501,172.31.36.0-255,66,276,7,276
3840,0.0,74.125.24.0-255,145,145,7,220927
3841,2.3e-05,172.31.36.0-255,66,211,7,220927
3842,3e-05,74.125.24.0-255,1484,1695,7,220927
3843,3.3e-05,172.31.36.0-255,66,1761,7,220927
3844,3.8e-05,74.125.24.0-255,2902,4663,7,220927
3845,4.1e-05,172.31.36.0-255,66,4729,7,220927
3846,4.8e-05,74.125.24.0-255,7156,11885,7,220927
3847,5e-05,172.31.36.0-255,66,11951,7,220927
3848,5.4e-05,74.125.24.0-255,2013,13964,7,220927
3849,5.6e-05,172.31.36.0-255,66,14030,7,220927
3850,0.000104,74.125.24.0-255,1484,15514,7,220927
3851,0.000107,172.31.36.0-255,66,15580,7,220927
3852,0.00011,74.125.24.0-255,1484,17064,7,220927
3853,0.000112,172.31.36.0-255,66,17130,7,220927
3854,0.000131,74.125.24.0-255,1484,18614,7,220927
3855,0.000133,172.31.36.0-255,66,18680,7,220927
3856,0.00014,74.125.24.0-255,5738,24418,7,220927
3857,0.000142,172.31.36.0-255,66,24484,7,220927
3858,0.000172,74.125.24.0-255,6797,31281,7,220927
3859,0.000174,172.31.36.0-255,66,31347,7,220927
3860,0.000233,74.125.24.0-255,1484,32831,7,220927
3861,0.000236,172.31.36.0-255,66,32897,7,220927
3862,0.00024,74.125.24.0-255,1484,34381,7,220927
3863,0.000242,172.31.36.0-255,66,34447,7,220927
3864,0.000257,74.125.24.0-255,1484,35931,7,220927
3865,0.000261,172.31.36.0-255,66,35997,7,220927
3866,0.000265,74.125.24.0-255,2902,38899,7,220927
3867,0.000267,172.31.36.0-255,66,38965,7,220927
3868,0.000288,74.125.24.0-255,7156,46121,7,220927
3869,0.000291,172.31.36.0-255,66,46187,7,220927
3870,0.000311,74.125.24.0-255,2543,48730,7,220927
3871,0.000314,172.31.36.0-255,66,48796,7,220927
3872,0.001285,74.125.24.0-255,1484,50280,7,220927
3873,0.001296,74.125.24.0-255,2902,53182,7,220927
3874,0.0013,172.31.36.0-255,66,53248,7,220927
3875,0.001308,74.125.24.0-255,5738,58986,7,220927
3876,0.00131,172.31.36.0-255,66,59052,7,220927
3877,0.001314,74.125.24.0-255,2902,61954,7,220927
3878,0.001316,172.31.36.0-255,66,62020,7,220927
3879,0.001336,74.125.24.0-255,4543,66563,7,220927
3880,0.001338,172.31.36.0-255,66,66629,7,220927
3881,0.00136,74.125.24.0-255,1484,68113,7,220927
3882,0.001371,74.125.24.0-255,1484,69597,7,220927
3883,0.001373,172.31.36.0-255,66,69663,7,220927
3884,0.001394,74.125.24.0-255,1484,71147,7,220927
3885,0.0014,74.125.24.0-255,5738,76885,7,220927
3886,0.001403,172.31.36.0-255,66,76951,7,220927
3887,0.001434,172.31.36.0-255,66,77017,7,220927
3888,0.001453,74.125.24.0-255,2543,79560,7,220927
3889,0.001455,172.31.36.0-255,66,79626,7,220927
3890,0.001466,172.31.36.0-255,66,79692,7,220927
3891,0.001511,74.125.24.0-255,1125,80817,7,220927
3892,0.001845,172.31.36.0-255,66,80883,7,220927
3893,0.003487,74.125.24.0-255,4320,85203,7,220927
3894,0.003492,172.31.36.0-255,66,85269,7,220927
3895,0.003881,74.125.24.0-255,1484,86753,7,220927
3896,0.005562,74.125.24.0-255,4320,91073,7,220927
3897,0.005566,172.31.36.0-255,66,91139,7,220927
3898,0.007617,74.125.24.0-255,5738,96877,7,220927
3899,0.007625,172.31.36.0-255,66,96943,7,220927
3900,0.009656,74.125.24.0-255,5738,102681,7,220927
3901,0.009664,172.31.36.0-255,66,102747,7,220927
3902,0.01181,74.125.24.0-255,5738,108485,7,220927
3903,0.011821,172.31.36.0-255,66,108551,7,220927
3904,0.013876,74.125.24.0-255,5738,114289,7,220927
3905,0.013883,172.31.36.0-255,66,114355,7,220927
3906,0.015926,74.125.24.0-255,5738,120093,7,220927
3907,0.015933,172.31.36.0-255,66,120159,7,220927
3908,0.017976,74.125.24.0-255,5738,125897,7,220927
3909,0.017984,172.31.36.0-255,66,125963,7,220927
3910,0.020056,74.125.24.0-255,5738,131701,7,220927
3911,0.020064,172.31.36.0-255,66,131767,7,220927
3912,0.022124,74.125.24.0-255,5738,137505,7,220927
3913,0.022131,172.31.36.0-255,66,137571,7,220927
3914,0.024172,74.125.24.0-255,5738,143309,7,220927
3915,0.024179,172.31.36.0-255,66,143375,7,220927
3916,0.026224,74.125.24.0-255,5738,149113,7,220927
3917,0.02623,172.31.36.0-255,66,149179,7,220927
3918,0.026846,172.31.36.0-255,172,149351,7,220927
3919,0.026886,172.31.36.0-255,1113,150464,7,220927
3920,0.026965,172.31.36.0-255,1514,151978,7,220927
3921,0.026967,172.31.36.0-255,1514,153492,7,220927
3922,0.026968,172.31.36.0-255,1514,155006,7,220927
3923,0.026973,172.31.36.0-255,1514,156520,7,220927
3924,0.026974,172.31.36.0-255,1514,158034,7,220927
3925,0.026974,172.31.36.0-255,71,158105,7,220927
3926,0.028298,74.125.24.0-255,5738,163843,7,220927
3927,0.028305,172.31.36.0-255,66,163909,7,220927
3928,0.028416,104.244.42.0-255,66,163975,7,220927
3929,0.028476,104.244.42.0-255,66,164041,7,220927
3930,0.028568,104.244.42.0-255,66,164107,7,220927
3931,0.028574,104.244.42.0-255,66,164173,7,220927
3932,0.030342,74.125.24.0-255,4320,168493,7,220927
3933,0.030348,172.31.36.0-255,66,168559,7,220927
3934,0.03038,74.125.24.0-255,1484,170043,7,220927
3935,0.032392,74.125.24.0-255,4320,174363,7,220927
3936,0.032398,172.31.36.0-255,66,174429,7,220927
3937,0.034447,74.125.24.0-255,5738,180167,7,220927
3938,0.034451,172.31.36.0-255,66,180233,7,220927
3939,0.036493,74.125.24.0-255,5738,185971,7,220927
3940,0.036498,172.31.36.0-255,66,186037,7,220927
3941,0.038562,74.125.24.0-255,5738,191775,7,220927
3942,0.038568,172.31.36.0-255,66,191841,7,220927
3943,0.040629,74.125.24.0-255,5738,197579,7,220927
3944,0.040633,172.31.36.0-255,66,197645,7,220927
3945,0.042708,74.125.24.0-255,5738,203383,7,220927
3946,0.042714,172.31.36.0-255,66,203449,7,220927
3947,0.044824,74.125.24.0-255,5738,209187,7,220927
3948,0.044829,172.31.36.0-255,66,209253,7,220927
3949,0.046847,74.125.24.0-255,1484,210737,7,220927
3950,0.046879,74.125.24.0-255,4320,215057,7,220927
3951,0.046884,172.31.36.0-255,66,215123,7,220927
3952,0.048924,74.125.24.0-255,5738,220861,7,220927
3953,0.04893,172.31.36.0-255,66,220927,7,220927
3954,0.0,172.217.194.0-255,153,153,7,265483
3955,3.4e-05,172.31.36.0-255,66,219,7,265483
3956,4.1e-05,172.217.194.0-255,1484,1703,7,265483
3957,4.6e-05,172.31.36.0-255,66,1769,7,265483
3958,4.9e-05,172.217.194.0-255,1484,3253,7,265483
3959,5.1e-05,172.31.36.0-255,66,3319,7,265483
3960,8.2e-05,172.217.194.0-255,1484,4803,7,265483
3961,8.6e-05,172.31.36.0-255,66,4869,7,265483
3962,9.3e-05,172.217.194.0-255,5738,10607,7,265483
3963,9.5e-05,172.31.36.0-255,66,10673,7,265483
3964,0.000111,172.31.36.0-255,66,10739,7,265483
3965,0.000118,172.217.194.0-255,6797,17536,7,265483
3966,0.000121,172.31.36.0-255,66,17602,7,265483
3967,0.000159,172.217.194.0-255,1484,19086,7,265483
3968,0.000162,172.31.36.0-255,66,19152,7,265483
3969,0.000168,172.217.194.0-255,2902,22054,7,265483
3970,0.00017,172.31.36.0-255,66,22120,7,265483
3971,0.000184,172.217.194.0-255,5738,27858,7,265483
3972,0.000187,172.31.36.0-255,66,27924,7,265483
3973,0.000198,172.31.36.0-255,66,27990,7,265483
3974,0.000243,172.217.194.0-255,2902,30892,7,265483
3975,0.000246,172.31.36.0-255,66,30958,7,265483
3976,0.000288,172.31.36.0-255,66,31024,7,265483
3977,0.000374,172.217.194.0-255,120,31144,7,265483
3978,0.000379,172.31.36.0-255,66,31210,7,265483
3979,0.000404,172.217.194.0-255,380,31590,7,265483
3980,0.000407,172.31.36.0-255,66,31656,7,265483
3981,0.000651,172.217.194.0-255,1484,33140,7,265483
3982,0.000656,172.31.36.0-255,66,33206,7,265483
3983,0.000661,172.217.194.0-255,2902,36108,7,265483
3984,0.000663,172.31.36.0-255,66,36174,7,265483
3985,0.000697,172.217.194.0-255,5738,41912,7,265483
3986,0.0007,172.31.36.0-255,66,41978,7,265483
3987,0.000713,172.31.36.0-255,66,42044,7,265483
3988,0.000735,172.217.194.0-255,1484,43528,7,265483
3989,0.000741,172.217.194.0-255,1484,45012,7,265483
3990,0.000743,172.31.36.0-255,66,45078,7,265483
3991,0.000749,172.217.194.0-255,4320,49398,7,265483
3992,0.000751,172.31.36.0-255,66,49464,7,265483
3993,0.000779,172.217.194.0-255,5020,54484,7,265483
3994,0.000782,172.31.36.0-255,66,54550,7,265483
3995,0.001212,172.217.194.0-255,1484,56034,7,265483
3996,0.001221,172.217.194.0-255,2902,58936,7,265483
3997,0.001225,172.31.36.0-255,66,59002,7,265483
3998,0.001257,172.217.194.0-255,5738,64740,7,265483
3999,0.001261,172.31.36.0-255,66,64806,7,265483
4000,0.001293,172.217.194.0-255,5738,70544,7,265483
4001,0.001296,172.31.36.0-255,66,70610,7,265483
4002,0.001347,172.31.36.0-255,66,70676,7,265483
4003,0.001376,172.217.194.0-255,1484,72160,7,265483
4004,0.001383,172.217.194.0-255,5020,77180,7,265483
4005,0.001385,172.31.36.0-255,66,77246,7,265483
4006,0.00139,172.217.194.0-255,1484,78730,7,265483
4007,0.001394,172.217.194.0-255,2902,81632,7,265483
4008,0.001397,172.31.36.0-255,66,81698,7,265483
4009,0.00143,172.217.194.0-255,5738,87436,7,265483
4010,0.001433,172.31.36.0-255,66,87502,7,265483
4011,0.001444,172.31.36.0-255,66,87568,7,265483
4012,0.001474,172.31.36.0-255,66,87634,7,265483
4013,0.001498,172.217.194.0-255,3602,91236,7,265483
4014,0.001502,172.31.36.0-255,66,91302,7,265483
4015,0.001528,172.31.36.0-255,66,91368,7,265483
4016,0.001559,172.217.194.0-255,1484,92852,7,265483
4017,0.001574,172.31.36.0-255,66,92918,7,265483
4018,0.001588,172.31.36.0-255,66,92984,7,265483
4019,0.001598,172.31.36.0-255,66,93050,7,265483
4020,0.001625,172.217.194.0-255,4320,97370,7,265483
4021,0.001628,172.31.36.0-255,66,97436,7,265483
4022,0.001647,172.31.36.0-255,66,97502,7,265483
4023,0.001683,172.217.194.0-255,2184,99686,7,265483
4024,0.001686,172.31.36.0-255,66,99752,7,265483
4025,0.00169,172.217.194.0-255,1484,101236,7,265483
4026,0.001694,172.217.194.0-255,2902,104138,7,265483
4027,0.001696,172.31.36.0-255,66,104204,7,265483
4028,0.001702,172.217.194.0-255,5738,109942,7,265483
4029,0.001704,172.31.36.0-255,66,110008,7,265483
4030,0.001744,172.31.36.0-255,66,110074,7,265483
4031,0.001755,172.31.36.0-255,66,110140,7,265483
4032,0.001781,172.217.194.0-255,766,110906,7,265483
4033,0.002115,172.217.194.0-255,1484,112390,7,265483
4034,0.002117,172.31.36.0-255,66,112456,7,265483
4035,0.002141,172.217.194.0-255,2902,115358,7,265483
4036,0.002143,172.31.36.0-255,66,115424,7,265483
4037,0.002148,172.217.194.0-255,2902,118326,7,265483
4038,0.00215,172.31.36.0-255,66,118392,7,265483
4039,0.002173,172.217.194.0-255,2902,121294,7,265483
4040,0.002176,172.31.36.0-255,66,121360,7,265483
4041,0.002183,172.217.194.0-255,1484,122844,7,265483
4042,0.002186,172.217.194.0-255,2902,125746,7,265483
4043,0.002188,172.31.36.0-255,66,125812,7,265483
4044,0.002191,172.217.194.0-255,1484,127296,7,265483
4045,0.002213,172.217.194.0-255,4320,131616,7,265483
4046,0.002215,172.31.36.0-255,66,131682,7,265483
4047,0.002218,172.217.194.0-255,1484,133166,7,265483
4048,0.002252,172.217.194.0-255,2902,136068,7,265483
4049,0.002254,172.31.36.0-255,66,136134,7,265483
4050,0.002267,172.217.194.0-255,4320,140454,7,265483
4051,0.002274,172.31.36.0-255,66,140520,7,265483
4052,0.002298,172.217.194.0-255,5020,145540,7,265483
4053,0.002301,172.31.36.0-255,66,145606,7,265483
4054,0.00456,172.217.194.0-255,2902,148508,7,265483
4055,0.004563,172.31.36.0-255,66,148574,7,265483
4056,0.004621,172.217.194.0-255,2902,151476,7,265483
4057,0.004623,172.31.36.0-255,66,151542,7,265483
4058,0.006829,172.217.194.0-255,2902,154444,7,265483
4059,0.006837,172.31.36.0-255,66,154510,7,265483
4060,0.006865,172.217.194.0-255,2902,157412,7,265483
4061,0.006869,172.31.36.0-255,66,157478,7,265483
4062,0.009096,172.217.194.0-255,2902,160380,7,265483
4063,0.009103,172.31.36.0-255,66,160446,7,265483
4064,0.009148,172.217.194.0-255,2902,163348,7,265483
4065,0.009151,172.31.36.0-255,66,163414,7,265483
4066,0.011374,172.217.194.0-255,2902,166316,7,265483
4067,0.011393,172.31.36.0-255,66,166382,7,265483
4068,0.01144,172.217.194.0-255,2902,169284,7,265483
4069,0.011443,172.31.36.0-255,66,169350,7,265483
4070,0.01366,172.217.194.0-255,2902,172252,7,265483
4071,0.013668,172.31.36.0-255,66,172318,7,265483
4072,0.013706,172.217.194.0-255,2902,175220,7,265483
4073,0.013709,172.31.36.0-255,66,175286,7,265483
4074,0.015936,172.217.194.0-255,2902,178188,7,265483
4075,0.015944,172.31.36.0-255,66,178254,7,265483
4076,0.015966,172.217.194.0-255,2902,181156,7,265483
4077,0.015968,172.31.36.0-255,66,181222,7,265483
4078,0.018229,172.217.194.0-255,5738,186960,7,265483
4079,0.018237,172.31.36.0-255,66,187026,7,265483
4080,0.020515,172.217.194.0-255,5738,192764,7,265483
4081,0.020523,172.31.36.0-255,66,192830,7,265483
4082,0.022787,172.217.194.0-255,5738,198568,7,265483
4083,0.022795,172.31.36.0-255,66,198634,7,265483
4084,0.025042,172.217.194.0-255,5738,204372,7,265483
4085,0.025048,172.31.36.0-255,66,204438,7,265483
4086,0.027323,172.217.194.0-255,5738,210176,7,265483
4087,0.02733,172.31.36.0-255,66,210242,7,265483
4088,0.029648,172.217.194.0-255,5738,215980,7,265483
4089,0.029669,172.31.36.0-255,66,216046,7,265483
4090,0.031924,172.217.194.0-255,5738,221784,7,265483
4091,0.031931,172.31.36.0-255,66,221850,7,265483
4092,0.034236,172.217.194.0-255,5738,227588,7,265483
4093,0.034254,172.31.36.0-255,66,227654,7,265483
4094,0.036522,172.217.194.0-255,5738,233392,7,265483
4095,0.036529,172.31.36.0-255,66,233458,7,265483
4096,0.038794,172.217.194.0-255,5738,239196,7,265483
4097,0.038835,172.31.36.0-255,66,239262,7,265483
4098,0.039964,172.31.36.0-255,172,239434,7,265483
4099,0.039993,172.31.36.0-255,1114,240548,7,265483
4100,0.040035,172.31.36.0-255,1514,242062,7,265483
4101,0.040037,172.31.36.0-255,1292,243354,7,265483
4102,0.041126,172.217.194.0-255,5738,249092,7,265483
4103,0.041134,172.31.36.0-255,66,249158,7,265483
4104,0.041553,104.244.42.0-255,66,249224,7,265483
4105,0.041593,104.244.42.0-255,66,249290,7,265483
4106,0.041597,104.244.42.0-255,66,249356,7,265483
4107,0.042265,104.244.42.0-255,108,249464,7,265483
4108,0.042272,172.31.36.0-255,66,249530,7,265483
4109,0.04343,172.217.194.0-255,5738,255268,7,265483
4110,0.043436,172.31.36.0-255,66,255334,7,265483
4111,0.045714,172.217.194.0-255,5738,261072,7,265483
4112,0.04572,172.31.36.0-255,66,261138,7,265483
4113,0.047981,172.217.194.0-255,1484,262622,7,265483
4114,0.048012,172.217.194.0-255,2690,265312,7,265483
4115,0.048017,172.31.36.0-255,66,265378,7,265483
4116,0.048176,172.31.36.0-255,105,265483,7,265483
4117,0.0,172.31.36.0-255,105,105,7,105
4118,0.0,172.217.194.0-255,143,143,7,209662
4119,3.4e-05,172.31.36.0-255,66,209,7,209662
4120,4.1e-05,172.217.194.0-255,1484,1693,7,209662
4121,4.6e-05,172.31.36.0-255,66,1759,7,209662
4122,5.1e-05,172.217.194.0-255,2902,4661,7,209662
4123,5.3e-05,172.31.36.0-255,66,4727,7,209662
4124,6.1e-05,172.217.194.0-255,7156,11883,7,209662
4125,6.4e-05,172.31.36.0-255,66,11949,7,209662
4126,9.8e-05,172.217.194.0-255,2085,14034,7,209662
4127,0.000102,172.31.36.0-255,66,14100,7,209662
4128,0.000136,172.217.194.0-255,2902,17002,7,209662
4129,0.000139,172.31.36.0-255,66,17068,7,209662
4130,0.000145,172.217.194.0-255,4320,21388,7,209662
4131,0.000147,172.31.36.0-255,66,21454,7,209662
4132,0.000162,172.217.194.0-255,5738,27192,7,209662
4133,0.000164,172.31.36.0-255,66,27258,7,209662
4134,0.000187,172.217.194.0-255,2902,30160,7,209662
4135,0.000189,172.31.36.0-255,66,30226,7,209662
4136,0.000192,172.217.194.0-255,1125,31351,7,209662
4137,0.000194,172.31.36.0-255,66,31417,7,209662
4138,0.000197,172.217.194.0-255,1484,32901,7,209662
4139,0.000199,172.31.36.0-255,66,32967,7,209662
4140,0.000223,172.217.194.0-255,4320,37287,7,209662
4141,0.000226,172.31.36.0-255,66,37353,7,209662
4142,0.000244,172.217.194.0-255,2902,40255,7,209662
4143,0.000247,172.31.36.0-255,66,40321,7,209662
4144,0.000275,172.217.194.0-255,7156,47477,7,209662
4145,0.000278,172.31.36.0-255,66,47543,7,209662
4146,0.00029,172.217.194.0-255,1125,48668,7,209662
4147,0.000293,172.31.36.0-255,66,48734,7,209662
4148,0.000974,172.217.194.0-255,1484,50218,7,209662
4149,0.000981,172.31.36.0-255,66,50284,7,209662
4150,0.000991,172.217.194.0-255,2902,53186,7,209662
4151,0.000993,172.31.36.0-255,66,53252,7,209662
4152,0.001,172.217.194.0-255,5738,58990,7,209662
4153,0.001002,172.31.36.0-255,66,59056,7,209662
4154,0.001052,172.31.36.0-255,66,59122,7,209662
4155,0.001064,172.31.36.0-255,66,59188,7,209662
4156,0.001086,172.217.194.0-255,3961,63149,7,209662
4157,0.001088,172.31.36.0-255,66,63215,7,209662
4158,0.001129,172.31.36.0-255,66,63281,7,209662
4159,0.001154,172.217.194.0-255,1484,64765,7,209662
4160,0.001158,172.217.194.0-255,1125,65890,7,209662
4161,0.001161,172.31.36.0-255,66,65956,7,209662
4162,0.001167,172.217.194.0-255,4320,70276,7,209662
4163,0.00117,172.31.36.0-255,66,70342,7,209662
4164,0.001213,172.31.36.0-255,66,70408,7,209662
4165,0.00124,172.217.194.0-255,1010,71418,7,209662
4166,0.001292,172.217.194.0-255,198,71616,7,209662
4167,0.001681,172.31.36.0-255,66,71682,7,209662
4168,0.001764,172.217.194.0-255,1484,73166,7,209662
4169,0.001784,172.217.194.0-255,2902,76068,7,209662
4170,0.001787,172.31.36.0-255,66,76134,7,209662
4171,0.00181,172.217.194.0-255,1484,77618,7,209662
4172,0.001824,172.217.194.0-255,4320,81938,7,209662
4173,0.001827,172.31.36.0-255,66,82004,7,209662
4174,0.001832,172.217.194.0-255,4320,86324,7,209662
4175,0.001834,172.31.36.0-255,66,86390,7,209662
4176,0.001849,172.217.194.0-255,4320,90710,7,209662
4177,0.001851,172.31.36.0-255,66,90776,7,209662
4178,0.001869,172.217.194.0-255,2902,93678,7,209662
4179,0.001871,172.31.36.0-255,66,93744,7,209662
4180,0.001882,172.31.36.0-255,66,93810,7,209662
4181,0.001902,172.217.194.0-255,766,94576,7,209662
4182,0.002111,172.31.36.0-255,66,94642,7,209662
4183,0.002415,172.217.194.0-255,1484,96126,7,209662
4184,0.004222,172.217.194.0-255,2902,99028,7,209662
4185,0.004227,172.31.36.0-255,66,99094,7,209662
4186,0.006581,172.217.194.0-255,5738,104832,7,209662
4187,0.006587,172.31.36.0-255,66,104898,7,209662
4188,0.008893,172.217.194.0-255,5738,110636,7,209662
4189,0.008903,172.31.36.0-255,66,110702,7,209662
4190,0.011247,172.217.194.0-255,5738,116440,7,209662
4191,0.011255,172.31.36.0-255,66,116506,7,209662
4192,0.013608,172.217.194.0-255,5738,122244,7,209662
4193,0.013615,172.31.36.0-255,66,122310,7,209662
4194,0.016028,172.217.194.0-255,5738,128048,7,209662
4195,0.016036,172.31.36.0-255,66,128114,7,209662
4196,0.018369,172.217.194.0-255,5738,133852,7,209662
4197,0.018377,172.31.36.0-255,66,133918,7,209662
4198,0.020749,172.217.194.0-255,5738,139656,7,209662
4199,0.020757,172.31.36.0-255,66,139722,7,209662
4200,0.023094,172.217.194.0-255,5738,145460,7,209662
4201,0.023103,172.31.36.0-255,66,145526,7,209662
4202,0.024265,172.31.36.0-255,164,145690,7,209662
4203,0.024297,172.31.36.0-255,1124,146814,7,209662
4204,0.024333,172.31.36.0-255,1514,148328,7,209662
4205,0.024335,172.31.36.0-255,1282,149610,7,209662
4206,0.025445,172.217.194.0-255,5738,155348,7,209662
4207,0.025452,172.31.36.0-255,66,155414,7,209662
4208,0.025841,104.244.42.0-255,66,155480,7,209662
4209,0.025849,104.244.42.0-255,66,155546,7,209662
4210,0.025886,104.244.42.0-255,66,155612,7,209662
4211,0.027781,172.217.194.0-255,5738,161350,7,209662
4212,0.027787,172.31.36.0-255,66,161416,7,209662
4213,0.030117,172.217.194.0-255,5738,167154,7,209662
4214,0.030123,172.31.36.0-255,66,167220,7,209662
4215,0.032456,172.217.194.0-255,5738,172958,7,209662
4216,0.032461,172.31.36.0-255,66,173024,7,209662
4217,0.034773,172.217.194.0-255,5738,178762,7,209662
4218,0.034781,172.31.36.0-255,66,178828,7,209662
4219,0.037126,172.217.194.0-255,4320,183148,7,209662
4220,0.037134,172.31.36.0-255,66,183214,7,209662
4221,0.037168,172.217.194.0-255,1484,184698,7,209662
4222,0.039485,172.217.194.0-255,2902,187600,7,209662
4223,0.03949,172.31.36.0-255,66,187666,7,209662
4224,0.039517,172.217.194.0-255,1484,189150,7,209662
4225,0.041817,172.217.194.0-255,2902,192052,7,209662
4226,0.041822,172.31.36.0-255,66,192118,7,209662
4227,0.041854,172.217.194.0-255,1484,193602,7,209662
4228,0.044181,172.217.194.0-255,4320,197922,7,209662
4229,0.044187,172.31.36.0-255,66,197988,7,209662
4230,0.046512,172.217.194.0-255,5738,203726,7,209662
4231,0.046519,172.31.36.0-255,66,203792,7,209662
4232,0.048859,172.217.194.0-255,4320,208112,7,209662
4233,0.048863,172.31.36.0-255,66,208178,7,209662
4234,0.048895,172.217.194.0-255,1484,209662,7,209662
4235,0.0,74.125.24.0-255,152,152,7,187832
4236,3.6e-05,172.31.36.0-255,66,218,7,187832
4237,4.3e-05,74.125.24.0-255,1484,1702,7,187832
4238,4.8e-05,172.31.36.0-255,66,1768,7,187832
4239,5.1e-05,74.125.24.0-255,1484,3252,7,187832
4240,5.3e-05,172.31.36.0-255,66,3318,7,187832
4241,6e-05,74.125.24.0-255,4320,7638,7,187832
4242,6.3e-05,172.31.36.0-255,66,7704,7,187832
4243,7.1e-05,74.125.24.0-255,6204,13908,7,187832
4244,7.4e-05,172.31.36.0-255,66,13974,7,187832
4245,0.000115,74.125.24.0-255,2902,16876,7,187832
4246,0.000117,172.31.36.0-255,66,16942,7,187832
4247,0.000141,74.125.24.0-255,4320,21262,7,187832
4248,0.000144,172.31.36.0-255,66,21328,7,187832
4249,0.000155,172.31.36.0-255,66,21394,7,187832
4250,0.000158,74.125.24.0-255,1125,22519,7,187832
4251,0.00016,172.31.36.0-255,66,22585,7,187832
4252,0.000332,74.125.24.0-255,1484,24069,7,187832
4253,0.000337,172.31.36.0-255,66,24135,7,187832
4254,0.000343,74.125.24.0-255,2902,27037,7,187832
4255,0.000347,172.31.36.0-255,66,27103,7,187832
4256,0.000363,74.125.24.0-255,2902,30005,7,187832
4257,0.000365,172.31.36.0-255,66,30071,7,187832
4258,0.000369,74.125.24.0-255,1484,31555,7,187832
4259,0.000371,172.31.36.0-255,66,31621,7,187832
4260,0.000395,74.125.24.0-255,5738,37359,7,187832
4261,0.000398,172.31.36.0-255,66,37425,7,187832
4262,0.000412,74.125.24.0-255,1484,38909,7,187832
4263,0.000414,172.31.36.0-255,66,38975,7,187832
4264,0.000436,74.125.24.0-255,5379,44354,7,187832
4265,0.000439,172.31.36.0-255,66,44420,7,187832
4266,0.000447,74.125.24.0-255,7156,51576,7,187832
4267,0.00045,172.31.36.0-255,66,51642,7,187832
4268,0.000473,74.125.24.0-255,5379,57021,7,187832
4269,0.000476,172.31.36.0-255,66,57087,7,187832
4270,0.00049,74.125.24.0-255,399,57486,7,187832
4271,0.000973,74.125.24.0-255,108,57594,7,187832
4272,0.001055,172.31.36.0-255,66,57660,7,187832
4273,0.001212,74.125.24.0-255,333,57993,7,187832
4274,0.001629,74.125.24.0-255,1484,59477,7,187832
4275,0.001636,172.31.36.0-255,66,59543,7,187832
4276,0.001643,74.125.24.0-255,2902,62445,7,187832
4277,0.001645,172.31.36.0-255,66,62511,7,187832
4278,0.001698,74.125.24.0-255,5738,68249,7,187832
4279,0.0017,172.31.36.0-255,66,68315,7,187832
4280,0.001715,172.31.36.0-255,66,68381,7,187832
4281,0.001756,172.31.36.0-255,66,68447,7,187832
4282,0.004031,74.125.24.0-255,1484,69931,7,187832
4283,0.004048,74.125.24.0-255,4320,74251,7,187832
4284,0.004052,172.31.36.0-255,66,74317,7,187832
4285,0.00633,74.125.24.0-255,5738,80055,7,187832
4286,0.006336,172.31.36.0-255,66,80121,7,187832
4287,0.008662,74.125.24.0-255,5738,85859,7,187832
4288,0.008671,172.31.36.0-255,66,85925,7,187832
4289,0.010946,74.125.24.0-255,5738,91663,7,187832
4290,0.010954,172.31.36.0-255,66,91729,7,187832
4291,0.013253,74.125.24.0-255,2902,94631,7,187832
4292,0.013259,172.31.36.0-255,66,94697,7,187832
4293,0.013278,74.125.24.0-255,2902,97599,7,187832
4294,0.013281,172.31.36.0-255,66,97665,7,187832
4295,0.015549,74.125.24.0-255,5738,103403,7,187832
4296,0.015557,172.31.36.0-255,66,103469,7,187832
4297,0.017849,74.125.24.0-255,5738,109207,7,187832
4298,0.017858,172.31.36.0-255,66,109273,7,187832
4299,0.020159,74.125.24.0-255,5738,115011,7,187832
4300,0.020167,172.31.36.0-255,66,115077,7,187832
4301,0.022437,74.125.24.0-255,5738,120815,7,187832
4302,0.022444,172.31.36.0-255,66,120881,7,187832
4303,0.024744,74.125.24.0-255,5738,126619,7,187832
4304,0.024752,172.31.36.0-255,66,126685,7,187832
4305,0.027047,74.125.24.0-255,5738,132423,7,187832
4306,0.027055,172.31.36.0-255,66,132489,7,187832
4307,0.029358,74.125.24.0-255,5738,138227,7,187832
4308,0.029368,172.31.36.0-255,66,138293,7,187832
4309,0.031648,74.125.24.0-255,5738,144031,7,187832
4310,0.031655,172.31.36.0-255,66,144097,7,187832
4311,0.033404,172.31.36.0-255,167,144264,7,187832
4312,0.033436,172.31.36.0-255,1114,145378,7,187832
4313,0.033502,172.31.36.0-255,1514,146892,7,187832
4314,0.033504,172.31.36.0-255,1292,148184,7,187832
4315,0.033946,74.125.24.0-255,5738,153922,7,187832
4316,0.033953,172.31.36.0-255,66,153988,7,187832
4317,0.034949,104.244.42.0-255,66,154054,7,187832
4318,0.034971,104.244.42.0-255,66,154120,7,187832
4319,0.03509,104.244.42.0-255,66,154186,7,187832
4320,0.035619,104.244.42.0-255,108,154294,7,187832
4321,0.035623,172.31.36.0-255,66,154360,7,187832
4322,0.036246,74.125.24.0-255,4320,158680,7,187832
4323,0.03625,172.31.36.0-255,66,158746,7,187832
4324,0.036268,74.125.24.0-255,1484,160230,7,187832
4325,0.038535,74.125.24.0-255,4320,164550,7,187832
4326,0.038541,172.31.36.0-255,66,164616,7,187832
4327,0.040841,74.125.24.0-255,5738,170354,7,187832
4328,0.040847,172.31.36.0-255,66,170420,7,187832
4329,0.04313,74.125.24.0-255,5738,176158,7,187832
4330,0.043137,172.31.36.0-255,66,176224,7,187832
4331,0.045421,74.125.24.0-255,5738,181962,7,187832
4332,0.045428,172.31.36.0-255,66,182028,7,187832
4333,0.047745,74.125.24.0-255,5738,187766,7,187832
4334,0.047753,172.31.36.0-255,66,187832,7,187832
4335,0.0,74.125.24.0-255,153,153,7,267407
4336,3.9e-05,172.31.36.0-255,66,219,7,267407
4337,4.8e-05,74.125.24.0-255,1484,1703,7,267407
4338,5.3e-05,172.31.36.0-255,66,1769,7,267407
4339,5.7e-05,74.125.24.0-255,2902,4671,7,267407
4340,6e-05,172.31.36.0-255,66,4737,7,267407
4341,6.6e-05,74.125.24.0-255,7156,11893,7,267407
4342,6.9e-05,172.31.36.0-255,66,11959,7,267407
4343,7.4e-05,74.125.24.0-255,2059,14018,7,267407
4344,7.6e-05,172.31.36.0-255,66,14084,7,267407
4345,8.8e-05,172.31.36.0-255,66,14150,7,267407
4346,9.4e-05,74.125.24.0-255,5379,19529,7,267407
4347,9.6e-05,172.31.36.0-255,66,19595,7,267407
4348,0.000274,74.125.24.0-255,1484,21079,7,267407
4349,0.000279,172.31.36.0-255,66,21145,7,267407
4350,0.000285,74.125.24.0-255,2902,24047,7,267407
4351,0.000287,172.31.36.0-255,66,24113,7,267407
4352,0.000292,74.125.24.0-255,2902,27015,7,267407
4353,0.000295,172.31.36.0-255,66,27081,7,267407
4354,0.000311,74.125.24.0-255,2902,29983,7,267407
4355,0.000314,172.31.36.0-255,66,30049,7,267407
4356,0.000321,74.125.24.0-255,6797,36846,7,267407
4357,0.000323,172.31.36.0-255,66,36912,7,267407
4358,0.000885,74.125.24.0-255,1484,38396,7,267407
4359,0.00089,172.31.36.0-255,66,38462,7,267407
4360,0.000898,74.125.24.0-255,2902,41364,7,267407
4361,0.0009,172.31.36.0-255,66,41430,7,267407
4362,0.000906,74.125.24.0-255,5738,47168,7,267407
4363,0.000908,172.31.36.0-255,66,47234,7,267407
4364,0.00095,74.125.24.0-255,1484,48718,7,267407
4365,0.000954,172.31.36.0-255,66,48784,7,267407
4366,0.000972,74.125.24.0-255,5379,54163,7,267407
4367,0.000975,172.31.36.0-255,66,54229,7,267407
4368,0.00098,74.125.24.0-255,2902,57131,7,267407
4369,0.000982,172.31.36.0-255,66,57197,7,267407
4370,0.000999,74.125.24.0-255,4320,61517,7,267407
4371,0.001002,172.31.36.0-255,66,61583,7,267407
4372,0.001007,74.125.24.0-255,2902,64485,7,267407
4373,0.001009,172.31.36.0-255,66,64551,7,267407
4374,0.001012,74.125.24.0-255,1484,66035,7,267407
4375,0.001031,74.125.24.0-255,2902,68937,7,267407
4376,0.001034,172.31.36.0-255,66,69003,7,267407
4377,0.00104,74.125.24.0-255,4320,73323,7,267407
4378,0.001042,172.31.36.0-255,66,73389,7,267407
4379,0.001065,74.125.24.0-255,5379,78768,7,267407
4380,0.001069,172.31.36.0-255,66,78834,7,267407
4381,0.001074,74.125.24.0-255,4320,83154,7,267407
4382,0.001076,172.31.36.0-255,66,83220,7,267407
4383,0.001115,74.125.24.0-255,5959,89179,7,267407
4384,0.001119,172.31.36.0-255,66,89245,7,267407
4385,0.001533,74.125.24.0-255,1484,90729,7,267407
4386,0.001554,74.125.24.0-255,2902,93631,7,267407
4387,0.001559,172.31.36.0-255,66,93697,7,267407
4388,0.001566,74.125.24.0-255,4320,98017,7,267407
4389,0.001568,172.31.36.0-255,66,98083,7,267407
4390,0.00158,74.125.24.0-255,2902,100985,7,267407
4391,0.001609,172.31.36.0-255,66,101051,7,267407
4392,0.001634,74.125.24.0-255,5738,106789,7,267407
4393,0.001637,172.31.36.0-255,66,106855,7,267407
4394,0.001649,172.31.36.0-255,66,106921,7,267407
4395,0.001651,74.125.24.0-255,1484,108405,7,267407
4396,0.001673,74.125.24.0-255,2184,110589,7,267407
4397,0.001675,172.31.36.0-255,66,110655,7,267407
4398,0.001785,74.125.24.0-255,1484,112139,7,267407
4399,0.001799,74.125.24.0-255,2902,115041,7,267407
4400,0.001802,172.31.36.0-255,66,115107,7,267407
4401,0.001825,74.125.24.0-255,5738,120845,7,267407
4402,0.001827,172.31.36.0-255,66,120911,7,267407
4403,0.001852,74.125.24.0-255,4320,125231,7,267407
4404,0.001854,172.31.36.0-255,66,125297,7,267407
4405,0.001894,172.31.36.0-255,66,125363,7,267407
4406,0.0019,74.125.24.0-255,7156,132519,7,267407
4407,0.001902,172.31.36.0-255,66,132585,7,267407
4408,0.001922,74.125.24.0-255,3602,136187,7,267407
4409,0.001925,172.31.36.0-255,66,136253,7,267407
4410,0.003995,74.125.24.0-255,1484,137737,7,267407
4411,0.004015,74.125.24.0-255,4320,142057,7,267407
4412,0.004018,172.31.36.0-255,66,142123,7,267407
4413,0.006134,74.125.24.0-255,5738,147861,7,267407
4414,0.006145,172.31.36.0-255,66,147927,7,267407
4415,0.008215,74.125.24.0-255,5738,153665,7,267407
4416,0.008224,172.31.36.0-255,66,153731,7,267407
4417,0.010363,74.125.24.0-255,5738,159469,7,267407
4418,0.01037,172.31.36.0-255,66,159535,7,267407
4419,0.012421,74.125.24.0-255,5738,165273,7,267407
4420,0.012429,172.31.36.0-255,66,165339,7,267407
4421,0.014522,74.125.24.0-255,5738,171077,7,267407
4422,0.014529,172.31.36.0-255,66,171143,7,267407
4423,0.016604,74.125.24.0-255,5738,176881,7,267407
4424,0.016615,172.31.36.0-255,66,176947,7,267407
4425,0.018789,74.125.24.0-255,5738,182685,7,267407
4426,0.018798,172.31.36.0-255,66,182751,7,267407
4427,0.020855,74.125.24.0-255,5738,188489,7,267407
4428,0.020862,172.31.36.0-255,66,188555,7,267407
4429,0.022945,74.125.24.0-255,5738,194293,7,267407
4430,0.022954,172.31.36.0-255,66,194359,7,267407
4431,0.025074,74.125.24.0-255,5738,200097,7,267407
4432,0.025081,172.31.36.0-255,66,200163,7,267407
4433,0.027251,74.125.24.0-255,5738,205901,7,267407
4434,0.027259,172.31.36.0-255,66,205967,7,267407
4435,0.029317,74.125.24.0-255,5738,211705,7,267407
4436,0.029325,172.31.36.0-255,66,211771,7,267407
4437,0.031409,74.125.24.0-255,5738,217509,7,267407
4438,0.031418,172.31.36.0-255,66,217575,7,267407
4439,0.033414,172.31.36.0-255,172,217747,7,267407
4440,0.033445,172.31.36.0-255,1115,218862,7,267407
4441,0.033484,172.31.36.0-255,1514,220376,7,267407
4442,0.033486,172.31.36.0-255,1291,221667,7,267407
4443,0.033522,74.125.24.0-255,5738,227405,7,267407
4444,0.033527,172.31.36.0-255,66,227471,7,267407
4445,0.034954,104.244.42.0-255,66,227537,7,267407
4446,0.034976,104.244.42.0-255,66,227603,7,267407
4447,0.035031,104.244.42.0-255,66,227669,7,267407
4448,0.035617,74.125.24.0-255,2902,230571,7,267407
4449,0.035623,172.31.36.0-255,66,230637,7,267407
4450,0.035644,74.125.24.0-255,2902,233539,7,267407
4451,0.035647,172.31.36.0-255,66,233605,7,267407
4452,0.037706,74.125.24.0-255,2902,236507,7,267407
4453,0.037712,172.31.36.0-255,66,236573,7,267407
4454,0.037772,74.125.24.0-255,2902,239475,7,267407
4455,0.037777,172.31.36.0-255,66,239541,7,267407
4456,0.039817,74.125.24.0-255,2902,242443,7,267407
4457,0.039823,172.31.36.0-255,66,242509,7,267407
4458,0.039873,74.125.24.0-255,2902,245411,7,267407
4459,0.039877,172.31.36.0-255,66,245477,7,267407
4460,0.041932,74.125.24.0-255,4320,249797,7,267407
4461,0.041954,172.31.36.0-255,66,249863,7,267407
4462,0.041966,74.125.24.0-255,1484,251347,7,267407
4463,0.044069,74.125.24.0-255,4320,255667,7,267407
4464,0.044074,172.31.36.0-255,66,255733,7,267407
4465,0.046175,74.125.24.0-255,5738,261471,7,267407
4466,0.04618,172.31.36.0-255,66,261537,7,267407
4467,0.048247,74.125.24.0-255,4320,265857,7,267407
4468,0.048252,172.31.36.0-255,66,265923,7,267407
4469,0.048283,74.125.24.0-255,1484,267407,7,267407
4470,0.0,172.217.194.0-255,146,146,7,295018
4471,2e-05,172.31.36.0-255,66,212,7,295018
4472,2.8e-05,172.217.194.0-255,1484,1696,7,295018
4473,3.2e-05,172.31.36.0-255,66,1762,7,295018
4474,4.7e-05,172.217.194.0-255,2902,4664,7,295018
4475,5e-05,172.31.36.0-255,66,4730,7,295018
4476,5.8e-05,172.217.194.0-255,7156,11886,7,295018
4477,6.2e-05,172.31.36.0-255,66,11952,7,295018
4478,6.6e-05,172.217.194.0-255,2039,13991,7,295018
4479,6.9e-05,172.31.36.0-255,66,14057,7,295018
4480,7.4e-05,172.217.194.0-255,2902,16959,7,295018
4481,7.7e-05,172.31.36.0-255,66,17025,7,295018
4482,9.9e-05,172.217.194.0-255,7156,24181,7,295018
4483,0.000103,172.31.36.0-255,66,24247,7,295018
4484,0.000114,172.217.194.0-255,6797,31044,7,295018
4485,0.000117,172.31.36.0-255,66,31110,7,295018
4486,0.000156,172.217.194.0-255,1484,32594,7,295018
4487,0.000159,172.31.36.0-255,66,32660,7,295018
4488,0.000187,172.217.194.0-255,2902,35562,7,295018
4489,0.00019,172.31.36.0-255,66,35628,7,295018
4490,0.000198,172.217.194.0-255,5738,41366,7,295018
4491,0.000201,172.31.36.0-255,66,41432,7,295018
4492,0.000206,172.217.194.0-255,4320,45752,7,295018
4493,0.000209,172.31.36.0-255,66,45818,7,295018
4494,0.000239,172.217.194.0-255,2543,48361,7,295018
4495,0.000241,172.31.36.0-255,66,48427,7,295018
4496,0.000292,172.217.194.0-255,1484,49911,7,295018
4497,0.000295,172.31.36.0-255,66,49977,7,295018
4498,0.0003,172.217.194.0-255,2902,52879,7,295018
4499,0.000303,172.31.36.0-255,66,52945,7,295018
4500,0.000332,172.217.194.0-255,5738,58683,7,295018
4501,0.000335,172.31.36.0-255,66,58749,7,295018
4502,0.000364,172.217.194.0-255,5738,64487,7,295018
4503,0.000367,172.31.36.0-255,66,64553,7,295018
4504,0.000393,172.217.194.0-255,1705,66258,7,295018
4505,0.000395,172.31.36.0-255,66,66324,7,295018
4506,0.000594,172.217.194.0-255,1484,67808,7,295018
4507,0.000602,172.217.194.0-255,2902,70710,7,295018
4508,0.000607,172.31.36.0-255,66,70776,7,295018
4509,0.000611,172.217.194.0-255,1484,72260,7,295018
4510,0.00064,172.217.194.0-255,4320,76580,7,295018
4511,0.000643,172.31.36.0-255,66,76646,7,295018
4512,0.00065,172.217.194.0-255,5738,82384,7,295018
4513,0.000653,172.31.36.0-255,66,82450,7,295018
4514,0.000683,172.217.194.0-255,4320,86770,7,295018
4515,0.000686,172.31.36.0-255,66,86836,7,295018
4516,0.000692,172.217.194.0-255,4320,91156,7,295018
4517,0.000694,172.31.36.0-255,66,91222,7,295018
4518,0.000725,172.31.36.0-255,66,91288,7,295018
4519,0.00073,172.217.194.0-255,4320,95608,7,295018
4520,0.000732,172.31.36.0-255,66,95674,7,295018
4521,0.000776,172.31.36.0-255,66,95740,7,295018
4522,0.00078,172.217.194.0-255,1980,97720,7,295018
4523,0.000782,172.31.36.0-255,66,97786,7,295018
4524,0.000828,172.217.194.0-255,1484,99270,7,295018
4525,0.000833,172.217.194.0-255,2902,102172,7,295018
4526,0.000836,172.31.36.0-255,66,102238,7,295018
4527,0.000841,172.217.194.0-255,2902,105140,7,295018
4528,0.000843,172.31.36.0-255,66,105206,7,295018
4529,0.000867,172.217.194.0-255,2902,108108,7,295018
4530,0.000869,172.31.36.0-255,66,108174,7,295018
4531,0.000911,172.217.194.0-255,5738,113912,7,295018
4532,0.000914,172.31.36.0-255,66,113978,7,295018
4533,0.000945,172.217.194.0-255,7156,121134,7,295018
4534,0.000948,172.31.36.0-255,66,121200,7,295018
4535,0.000951,172.217.194.0-255,1484,122684,7,295018
4536,0.000964,172.31.36.0-255,66,122750,7,295018
4537,0.000999,172.31.36.0-255,66,122816,7,295018
4538,0.001006,172.217.194.0-255,6797,129613,7,295018
4539,0.001009,172.31.36.0-255,66,129679,7,295018
4540,0.00106,172.217.194.0-255,1484,131163,7,295018
4541,0.001065,172.217.194.0-255,2902,134065,7,295018
4542,0.001067,172.31.36.0-255,66,134131,7,295018
4543,0.001097,172.217.194.0-255,5738,139869,7,295018
4544,0.0011,172.31.36.0-255,66,139935,7,295018
4545,0.001108,172.217.194.0-255,7156,147091,7,295018
4546,0.00111,172.31.36.0-255,66,147157,7,295018
4547,0.001146,172.217.194.0-255,5738,152895,7,295018
4548,0.001149,172.31.36.0-255,66,152961,7,295018
4549,0.001162,172.31.36.0-255,66,153027,7,295018
4550,0.001391,172.217.194.0-255,1484,154511,7,295018
4551,0.001408,172.217.194.0-255,2902,157413,7,295018
4552,0.001411,172.31.36.0-255,66,157479,7,295018
4553,0.001419,172.217.194.0-255,5738,163217,7,295018
4554,0.001421,172.31.36.0-255,66,163283,7,295018
4555,0.001459,172.31.36.0-255,66,163349,7,295018
4556,0.001497,172.217.194.0-255,7156,170505,7,295018
4557,0.001499,172.31.36.0-255,66,170571,7,295018
4558,0.001533,172.217.194.0-255,6438,177009,7,295018
4559,0.001537,172.31.36.0-255,66,177075,7,295018
4560,0.001638,172.217.194.0-255,1484,178559,7,295018
4561,0.001651,172.217.194.0-255,2902,181461,7,295018
4562,0.001654,172.31.36.0-255,66,181527,7,295018
4563,0.001684,172.217.194.0-255,5738,187265,7,295018
4564,0.001689,172.31.36.0-255,66,187331,7,295018
4565,0.001727,172.31.36.0-255,66,187397,7,295018
4566,0.001764,172.217.194.0-255,5738,193135,7,295018
4567,0.001767,172.31.36.0-255,66,193201,7,295018
4568,0.00181,172.31.36.0-255,66,193267,7,295018
4569,0.001835,172.31.36.0-255,66,193333,7,295018
4570,0.001841,172.217.194.0-255,5020,198353,7,295018
4571,0.001844,172.31.36.0-255,66,198419,7,295018
4572,0.001873,172.217.194.0-255,1484,199903,7,295018
4573,0.001878,172.217.194.0-255,2902,202805,7,295018
4574,0.00188,172.31.36.0-255,66,202871,7,295018
4575,0.001887,172.217.194.0-255,5738,208609,7,295018
4576,0.00189,172.31.36.0-255,66,208675,7,295018
4577,0.001925,172.217.194.0-255,2902,211577,7,295018
4578,0.001928,172.31.36.0-255,66,211643,7,295018
4579,0.001962,172.217.194.0-255,7156,218799,7,295018
4580,0.001965,172.31.36.0-255,66,218865,7,295018
4581,0.001983,172.31.36.0-255,66,218931,7,295018
4582,0.001987,172.217.194.0-255,2902,221833,7,295018
4583,0.001989,172.31.36.0-255,66,221899,7,295018
4584,0.002019,172.217.194.0-255,4320,226219,7,295018
4585,0.002022,172.31.36.0-255,66,226285,7,295018
4586,0.002047,172.31.36.0-255,66,226351,7,295018
4587,0.00208,172.217.194.0-255,7156,233507,7,295018
4588,0.002083,172.31.36.0-255,66,233573,7,295018
4589,0.002088,172.217.194.0-255,3602,237175,7,295018
4590,0.00209,172.31.36.0-255,66,237241,7,295018
4591,0.0042,172.217.194.0-255,2902,240143,7,295018
4592,0.004206,172.31.36.0-255,66,240209,7,295018
4593,0.004233,172.217.194.0-255,2902,243111,7,295018
4594,0.004236,172.31.36.0-255,66,243177,7,295018
4595,0.006309,172.217.194.0-255,5738,248915,7,295018
4596,0.006315,172.31.36.0-255,66,248981,7,295018
4597,0.008418,172.217.194.0-255,2902,251883,7,295018
4598,0.008422,172.31.36.0-255,66,251949,7,295018
4599,0.008442,172.217.194.0-255,2902,254851,7,295018
4600,0.008444,172.31.36.0-255,66,254917,7,295018
4601,0.010503,172.217.194.0-255,5738,260655,7,295018
4602,0.010509,172.31.36.0-255,66,260721,7,295018
4603,0.012605,172.217.194.0-255,5738,266459,7,295018
4604,0.012613,172.31.36.0-255,66,266525,7,295018
4605,0.014716,172.217.194.0-255,5738,272263,7,295018
4606,0.014723,172.31.36.0-255,66,272329,7,295018
4607,0.016832,172.217.194.0-255,5738,278067,7,295018
4608,0.016841,172.31.36.0-255,66,278133,7,295018
4609,0.018922,172.217.194.0-255,5738,283871,7,295018
4610,0.018932,172.31.36.0-255,66,283937,7,295018
4611,0.02103,172.217.194.0-255,1653,285590,7,295018
4612,0.021038,172.31.36.0-255,66,285656,7,295018
4613,0.022885,172.31.36.0-255,105,285761,7,295018
4614,0.024962,172.217.194.0-255,66,285827,7,295018
4615,0.038746,172.31.36.0-255,172,285999,7,295018
4616,0.03879,172.31.36.0-255,1113,287112,7,295018
4617,0.038853,172.31.36.0-255,1514,288626,7,295018
4618,0.038855,172.31.36.0-255,1514,290140,7,295018
4619,0.038856,172.31.36.0-255,1514,291654,7,295018
4620,0.038861,172.31.36.0-255,1514,293168,7,295018
4621,0.038882,172.31.36.0-255,1514,294682,7,295018
4622,0.038883,172.31.36.0-255,72,294754,7,295018
4623,0.040319,104.244.42.0-255,66,294820,7,295018
4624,0.04035,104.244.42.0-255,66,294886,7,295018
4625,0.040438,104.244.42.0-255,66,294952,7,295018
4626,0.040444,104.244.42.0-255,66,295018,7,295018
4627,0.0,172.217.194.0-255,153,153,7,248767
4628,1.9e-05,172.31.36.0-255,66,219,7,248767
4629,2.6e-05,172.217.194.0-255,1484,1703,7,248767
4630,3.2e-05,172.31.36.0-255,66,1769,7,248767
4631,6.5e-05,172.217.194.0-255,2902,4671,7,248767
4632,6.8e-05,172.31.36.0-255,66,4737,7,248767
4633,7.5e-05,172.217.194.0-255,5738,10475,7,248767
4634,7.7e-05,172.31.36.0-255,66,10541,7,248767
4635,0.000122,172.31.36.0-255,66,10607,7,248767
4636,0.000177,172.217.194.0-255,2902,13509,7,248767
4637,0.00018,172.31.36.0-255,66,13575,7,248767
4638,0.000207,172.217.194.0-255,2902,16477,7,248767
4639,0.000209,172.31.36.0-255,66,16543,7,248767
4640,0.00025,172.217.194.0-255,3961,20504,7,248767
4641,0.000254,172.31.36.0-255,66,20570,7,248767
4642,0.000283,172.217.194.0-255,1484,22054,7,248767
4643,0.000287,172.31.36.0-255,66,22120,7,248767
4644,0.000292,172.217.194.0-255,2902,25022,7,248767
4645,0.000294,172.31.36.0-255,66,25088,7,248767
4646,0.000304,172.217.194.0-255,2902,27990,7,248767
4647,0.000307,172.31.36.0-255,66,28056,7,248767
4648,0.000338,172.217.194.0-255,2902,30958,7,248767
4649,0.000341,172.31.36.0-255,66,31024,7,248767
4650,0.000362,172.217.194.0-255,6797,37821,7,248767
4651,0.000365,172.31.36.0-255,66,37887,7,248767
4652,0.00043,172.31.36.0-255,66,37953,7,248767
4653,0.000459,172.217.194.0-255,4320,42273,7,248767
4654,0.000462,172.31.36.0-255,66,42339,7,248767
4655,0.000539,172.217.194.0-255,2543,44882,7,248767
4656,0.000542,172.31.36.0-255,66,44948,7,248767
4657,0.000545,172.217.194.0-255,338,45286,7,248767
4658,0.000565,172.217.194.0-255,1484,46770,7,248767
4659,0.000568,172.31.36.0-255,66,46836,7,248767
4660,0.000595,172.217.194.0-255,2902,49738,7,248767
4661,0.000598,172.31.36.0-255,66,49804,7,248767
4662,0.000633,172.31.36.0-255,66,49870,7,248767
4663,0.00069,172.217.194.0-255,2302,52172,7,248767
4664,0.000694,172.31.36.0-255,66,52238,7,248767
4665,0.00079,172.217.194.0-255,1484,53722,7,248767
4666,0.000807,172.217.194.0-255,2902,56624,7,248767
4667,0.000811,172.31.36.0-255,66,56690,7,248767
4668,0.000815,172.217.194.0-255,1484,58174,7,248767
4669,0.000845,172.217.194.0-255,4320,62494,7,248767
4670,0.000848,172.31.36.0-255,66,62560,7,248767
4671,0.000882,172.31.36.0-255,66,62626,7,248767
4672,0.000952,172.217.194.0-255,5738,68364,7,248767
4673,0.000957,172.31.36.0-255,66,68430,7,248767
4674,0.000987,172.217.194.0-255,5738,74168,7,248767
4675,0.00099,172.31.36.0-255,66,74234,7,248767
4676,0.001052,172.217.194.0-255,2184,76418,7,248767
4677,0.001056,172.31.36.0-255,66,76484,7,248767
4678,0.001936,172.217.194.0-255,1484,77968,7,248767
4679,0.001942,172.217.194.0-255,1484,79452,7,248767
4680,0.001946,172.31.36.0-255,66,79518,7,248767
4681,0.001982,172.217.194.0-255,1484,81002,7,248767
4682,0.001989,172.217.194.0-255,5738,86740,7,248767
4683,0.001992,172.31.36.0-255,66,86806,7,248767
4684,0.002001,172.217.194.0-255,7156,93962,7,248767
4685,0.002003,172.31.36.0-255,66,94028,7,248767
4686,0.002017,172.217.194.0-255,1484,95512,7,248767
4687,0.002097,172.217.194.0-255,5738,101250,7,248767
4688,0.002101,172.31.36.0-255,66,101316,7,248767
4689,0.002129,172.217.194.0-255,4320,105636,7,248767
4690,0.002132,172.31.36.0-255,66,105702,7,248767
4691,0.002158,172.217.194.0-255,1484,107186,7,248767
4692,0.002174,172.217.194.0-255,3602,110788,7,248767
4693,0.002177,172.31.36.0-255,66,110854,7,248767
4694,0.002263,172.217.194.0-255,1484,112338,7,248767
4695,0.002285,172.217.194.0-255,2902,115240,7,248767
4696,0.002288,172.31.36.0-255,66,115306,7,248767
4697,0.002315,172.217.194.0-255,5738,121044,7,248767
4698,0.002318,172.31.36.0-255,66,121110,7,248767
4699,0.002334,172.217.194.0-255,1484,122594,7,248767
4700,0.002352,172.217.194.0-255,5738,128332,7,248767
4701,0.002355,172.31.36.0-255,66,128398,7,248767
4702,0.004643,172.217.194.0-255,5738,134136,7,248767
4703,0.00465,172.31.36.0-255,66,134202,7,248767
4704,0.006973,172.217.194.0-255,5738,139940,7,248767
4705,0.006979,172.31.36.0-255,66,140006,7,248767
4706,0.009265,172.217.194.0-255,5738,145744,7,248767
4707,0.009272,172.31.36.0-255,66,145810,7,248767
4708,0.011573,172.217.194.0-255,5738,151548,7,248767
4709,0.011586,172.31.36.0-255,66,151614,7,248767
4710,0.013896,172.217.194.0-255,5738,157352,7,248767
4711,0.01391,172.31.36.0-255,66,157418,7,248767
4712,0.016194,172.217.194.0-255,5738,163156,7,248767
4713,0.016208,172.31.36.0-255,66,163222,7,248767
4714,0.018536,172.217.194.0-255,5738,168960,7,248767
4715,0.018547,172.31.36.0-255,66,169026,7,248767
4716,0.020853,172.217.194.0-255,5738,174764,7,248767
4717,0.020868,172.31.36.0-255,66,174830,7,248767
4718,0.023176,172.217.194.0-255,5738,180568,7,248767
4719,0.023191,172.31.36.0-255,66,180634,7,248767
4720,0.025526,172.217.194.0-255,5738,186372,7,248767
4721,0.025542,172.31.36.0-255,66,186438,7,248767
4722,0.027838,172.217.194.0-255,5738,192176,7,248767
4723,0.02785,172.31.36.0-255,66,192242,7,248767
4724,0.029414,172.31.36.0-255,171,192413,7,248767
4725,0.029444,172.31.36.0-255,1138,193551,7,248767
4726,0.029506,172.31.36.0-255,1514,195065,7,248767
4727,0.029507,172.31.36.0-255,1268,196333,7,248767
4728,0.030137,172.217.194.0-255,5738,202071,7,248767
4729,0.030146,172.31.36.0-255,66,202137,7,248767
4730,0.030997,104.244.42.0-255,66,202203,7,248767
4731,0.031033,104.244.42.0-255,66,202269,7,248767
4732,0.031141,104.244.42.0-255,66,202335,7,248767
4733,0.032436,172.217.194.0-255,5738,208073,7,248767
4734,0.032442,172.31.36.0-255,66,208139,7,248767
4735,0.034727,172.217.194.0-255,5738,213877,7,248767
4736,0.034738,172.31.36.0-255,66,213943,7,248767
4737,0.037015,172.217.194.0-255,5738,219681,7,248767
4738,0.037022,172.31.36.0-255,66,219747,7,248767
4739,0.039312,172.217.194.0-255,5738,225485,7,248767
4740,0.039319,172.31.36.0-255,66,225551,7,248767
4741,0.04159,172.217.194.0-255,5738,231289,7,248767
4742,0.041598,172.31.36.0-255,66,231355,7,248767
4743,0.043906,172.217.194.0-255,5738,237093,7,248767
4744,0.043918,172.31.36.0-255,66,237159,7,248767
4745,0.046224,172.217.194.0-255,5738,242897,7,248767
4746,0.046236,172.31.36.0-255,66,242963,7,248767
4747,0.048526,172.217.194.0-255,5738,248701,7,248767
4748,0.048537,172.31.36.0-255,66,248767,7,248767
4749,0.0,74.125.24.0-255,150,150,7,217089
4750,1.7e-05,172.31.36.0-255,66,216,7,217089
4751,2.4e-05,74.125.24.0-255,1484,1700,7,217089
4752,2.8e-05,172.31.36.0-255,66,1766,7,217089
4753,3.4e-05,74.125.24.0-255,2902,4668,7,217089
4754,4.7e-05,172.31.36.0-255,66,4734,7,217089
4755,5.2e-05,74.125.24.0-255,2902,7636,7,217089
4756,5.5e-05,172.31.36.0-255,66,7702,7,217089
4757,6.1e-05,74.125.24.0-255,4320,12022,7,217089
4758,6.3e-05,172.31.36.0-255,66,12088,7,217089
4759,8.2e-05,74.125.24.0-255,2002,14090,7,217089
4760,8.9e-05,172.31.36.0-255,66,14156,7,217089
4761,9.3e-05,74.125.24.0-255,1484,15640,7,217089
4762,9.5e-05,172.31.36.0-255,66,15706,7,217089
4763,0.000116,74.125.24.0-255,1484,17190,7,217089
4764,0.000118,172.31.36.0-255,66,17256,7,217089
4765,0.000127,74.125.24.0-255,7156,24412,7,217089
4766,0.000133,172.31.36.0-255,66,24478,7,217089
4767,0.000141,74.125.24.0-255,6797,31275,7,217089
4768,0.000143,172.31.36.0-255,66,31341,7,217089
4769,0.000251,74.125.24.0-255,1484,32825,7,217089
4770,0.000254,172.31.36.0-255,66,32891,7,217089
4771,0.00026,74.125.24.0-255,2902,35793,7,217089
4772,0.000262,172.31.36.0-255,66,35859,7,217089
4773,0.000295,74.125.24.0-255,5738,41597,7,217089
4774,0.000297,172.31.36.0-255,66,41663,7,217089
4775,0.000334,172.31.36.0-255,66,41729,7,217089
4776,0.00034,74.125.24.0-255,4320,46049,7,217089
4777,0.000342,172.31.36.0-255,66,46115,7,217089
4778,0.000375,172.31.36.0-255,66,46181,7,217089
4779,0.000382,74.125.24.0-255,376,46557,7,217089
4780,0.000616,74.125.24.0-255,1484,48041,7,217089
4781,0.000623,74.125.24.0-255,2902,50943,7,217089
4782,0.000628,74.125.24.0-255,4320,55263,7,217089
4783,0.000641,74.125.24.0-255,1484,56747,7,217089
4784,0.000646,74.125.24.0-255,4320,61067,7,217089
4785,0.000649,172.31.36.0-255,66,61133,7,217089
4786,0.000655,172.31.36.0-255,66,61199,7,217089
4787,0.000722,74.125.24.0-255,5738,66937,7,217089
4788,0.000747,74.125.24.0-255,2184,69121,7,217089
4789,0.000757,172.31.36.0-255,66,69187,7,217089
4790,0.001022,74.125.24.0-255,1484,70671,7,217089
4791,0.001028,74.125.24.0-255,2902,73573,7,217089
4792,0.001031,172.31.36.0-255,66,73639,7,217089
4793,0.001035,74.125.24.0-255,1484,75123,7,217089
4794,0.001064,74.125.24.0-255,4320,79443,7,217089
4795,0.001072,74.125.24.0-255,7156,86599,7,217089
4796,0.001075,74.125.24.0-255,2902,89501,7,217089
4797,0.001083,172.31.36.0-255,66,89567,7,217089
4798,0.001121,74.125.24.0-255,2184,91751,7,217089
4799,0.001139,172.31.36.0-255,66,91817,7,217089
4800,0.00352,74.125.24.0-255,5738,97555,7,217089
4801,0.003525,172.31.36.0-255,66,97621,7,217089
4802,0.005886,74.125.24.0-255,5738,103359,7,217089
4803,0.005892,172.31.36.0-255,66,103425,7,217089
4804,0.00824,74.125.24.0-255,5738,109163,7,217089
4805,0.008246,172.31.36.0-255,66,109229,7,217089
4806,0.010588,74.125.24.0-255,5738,114967,7,217089
4807,0.01154,172.31.36.0-255,66,115033,7,217089
4808,0.013865,74.125.24.0-255,5738,120771,7,217089
4809,0.013871,172.31.36.0-255,66,120837,7,217089
4810,0.01619,74.125.24.0-255,5738,126575,7,217089
4811,0.016198,172.31.36.0-255,66,126641,7,217089
4812,0.018521,74.125.24.0-255,5738,132379,7,217089
4813,0.018528,172.31.36.0-255,66,132445,7,217089
4814,0.020847,74.125.24.0-255,5738,138183,7,217089
4815,0.020854,172.31.36.0-255,66,138249,7,217089
4816,0.023196,74.125.24.0-255,5738,143987,7,217089
4817,0.023205,172.31.36.0-255,66,144053,7,217089
4818,0.025529,74.125.24.0-255,5738,149791,7,217089
4819,0.025536,172.31.36.0-255,66,149857,7,217089
4820,0.027871,74.125.24.0-255,5738,155595,7,217089
4821,0.027878,172.31.36.0-255,66,155661,7,217089
4822,0.030196,74.125.24.0-255,5738,161399,7,217089
4823,0.030203,172.31.36.0-255,66,161465,7,217089
4824,0.032524,74.125.24.0-255,5738,167203,7,217089
4825,0.032532,172.31.36.0-255,66,167269,7,217089
4826,0.03487,74.125.24.0-255,5738,173007,7,217089
4827,0.034879,172.31.36.0-255,66,173073,7,217089
4828,0.037216,74.125.24.0-255,5738,178811,7,217089
4829,0.037224,172.31.36.0-255,66,178877,7,217089
4830,0.038497,172.31.36.0-255,172,179049,7,217089
4831,0.038537,172.31.36.0-255,1113,180162,7,217089
4832,0.038606,172.31.36.0-255,1514,181676,7,217089
4833,0.038608,172.31.36.0-255,1514,183190,7,217089
4834,0.038609,172.31.36.0-255,1514,184704,7,217089
4835,0.038614,172.31.36.0-255,1514,186218,7,217089
4836,0.038615,172.31.36.0-255,1514,187732,7,217089
4837,0.038616,172.31.36.0-255,73,187805,7,217089
4838,0.039554,74.125.24.0-255,5738,193543,7,217089
4839,0.039562,172.31.36.0-255,66,193609,7,217089
4840,0.040025,104.244.42.0-255,66,193675,7,217089
4841,0.040122,104.244.42.0-255,66,193741,7,217089
4842,0.040169,104.244.42.0-255,66,193807,7,217089
4843,0.040174,104.244.42.0-255,66,193873,7,217089
4844,0.041898,74.125.24.0-255,5738,199611,7,217089
4845,0.041905,172.31.36.0-255,66,199677,7,217089
4846,0.044244,74.125.24.0-255,5738,205415,7,217089
4847,0.044251,172.31.36.0-255,66,205481,7,217089
4848,0.046597,74.125.24.0-255,5738,211219,7,217089
4849,0.046604,172.31.36.0-255,66,211285,7,217089
4850,0.048959,74.125.24.0-255,5738,217023,7,217089
4851,0.04897,172.31.36.0-255,66,217089,7,217089
4852,0.0,172.217.194.0-255,66,66,7,66
4853,0.0,172.217.160.0-255,296,296,7,206411
4854,2.4e-05,172.31.36.0-255,66,362,7,206411
4855,3e-05,172.217.160.0-255,1484,1846,7,206411
4856,3.5e-05,172.31.36.0-255,66,1912,7,206411
4857,9.1e-05,172.217.160.0-255,4320,6232,7,206411
4858,9.5e-05,172.31.36.0-255,66,6298,7,206411
4859,0.000404,172.217.160.0-255,4320,10618,7,206411
4860,0.000412,172.31.36.0-255,66,10684,7,206411
4861,0.000432,172.217.160.0-255,4603,15287,7,206411
4862,0.000436,172.31.36.0-255,66,15353,7,206411
4863,0.001085,172.31.36.0-255,66,15419,7,206411
4864,0.001979,172.217.160.0-255,5738,21157,7,206411
4865,0.001988,172.31.36.0-255,66,21223,7,206411
4866,0.002013,172.217.160.0-255,7156,28379,7,206411
4867,0.002016,172.31.36.0-255,66,28445,7,206411
4868,0.00289,172.217.160.0-255,5738,34183,7,206411
4869,0.002894,172.31.36.0-255,66,34249,7,206411
4870,0.002914,172.217.160.0-255,2902,37151,7,206411
4871,0.002917,172.31.36.0-255,66,37217,7,206411
4872,0.004529,172.217.160.0-255,1484,38701,7,206411
4873,0.004538,172.31.36.0-255,66,38767,7,206411
4874,0.004575,172.217.160.0-255,4320,43087,7,206411
4875,0.004579,172.31.36.0-255,66,43153,7,206411
4876,0.006252,172.217.160.0-255,5738,48891,7,206411
4877,0.006265,172.31.36.0-255,66,48957,7,206411
4878,0.007909,172.217.160.0-255,5738,54695,7,206411
4879,0.007943,172.31.36.0-255,66,54761,7,206411
4880,0.009598,172.217.160.0-255,5738,60499,7,206411
4881,0.00961,172.31.36.0-255,66,60565,7,206411
4882,0.011274,172.217.160.0-255,5738,66303,7,206411
4883,0.011282,172.31.36.0-255,66,66369,7,206411
4884,0.012922,172.217.160.0-255,5738,72107,7,206411
4885,0.012931,172.31.36.0-255,66,72173,7,206411
4886,0.014559,172.217.160.0-255,5738,77911,7,206411
4887,0.014567,172.31.36.0-255,66,77977,7,206411
4888,0.016209,172.217.160.0-255,5738,83715,7,206411
4889,0.016219,172.31.36.0-255,66,83781,7,206411
4890,0.017855,172.217.160.0-255,5738,89519,7,206411
4891,0.017864,172.31.36.0-255,66,89585,7,206411
4892,0.0195,172.217.160.0-255,5738,95323,7,206411
4893,0.019508,172.31.36.0-255,66,95389,7,206411
4894,0.021137,172.217.160.0-255,5738,101127,7,206411
4895,0.021145,172.31.36.0-255,66,101193,7,206411
4896,0.022785,172.217.160.0-255,2902,104095,7,206411
4897,0.022792,172.31.36.0-255,66,104161,7,206411
4898,0.022877,172.217.160.0-255,2902,107063,7,206411
4899,0.022911,172.31.36.0-255,66,107129,7,206411
4900,0.024429,172.217.160.0-255,2902,110031,7,206411
4901,0.024436,172.31.36.0-255,66,110097,7,206411
4902,0.024528,172.217.160.0-255,2902,112999,7,206411
4903,0.024532,172.31.36.0-255,66,113065,7,206411
4904,0.026066,172.217.160.0-255,2902,115967,7,206411
4905,0.026074,172.31.36.0-255,66,116033,7,206411
4906,0.026148,172.217.160.0-255,2902,118935,7,206411
4907,0.026169,172.31.36.0-255,66,119001,7,206411
4908,0.027382,172.31.36.0-255,188,119189,7,206411
4909,0.027417,172.31.36.0-255,958,120147,7,206411
4910,0.027479,172.31.36.0-255,1514,121661,7,206411
4911,0.027481,172.31.36.0-255,1448,123109,7,206411
4912,0.027724,172.217.160.0-255,2902,126011,7,206411
4913,0.02773,172.31.36.0-255,66,126077,7,206411
4914,0.027858,172.217.160.0-255,2902,128979,7,206411
4915,0.027871,172.31.36.0-255,66,129045,7,206411
4916,0.028937,104.244.42.0-255,66,129111,7,206411
4917,0.028991,104.244.42.0-255,66,129177,7,206411
4918,0.029038,104.244.42.0-255,66,129243,7,206411
4919,0.029358,172.217.160.0-255,2902,132145,7,206411
4920,0.029365,172.31.36.0-255,66,132211,7,206411
4921,0.029485,172.217.160.0-255,2902,135113,7,206411
4922,0.029489,172.31.36.0-255,66,135179,7,206411
4923,0.03101,172.217.160.0-255,2902,138081,7,206411
4924,0.031018,172.31.36.0-255,66,138147,7,206411
4925,0.031106,172.217.160.0-255,2902,141049,7,206411
4926,0.031113,172.31.36.0-255,66,141115,7,206411
4927,0.032648,172.217.160.0-255,2902,144017,7,206411
4928,0.032655,172.31.36.0-255,66,144083,7,206411
4929,0.032735,172.217.160.0-255,2902,146985,7,206411
4930,0.032765,172.31.36.0-255,66,147051,7,206411
4931,0.034284,172.217.160.0-255,2902,149953,7,206411
4932,0.03429,172.31.36.0-255,66,150019,7,206411
4933,0.034377,172.217.160.0-255,2902,152921,7,206411
4934,0.034395,172.31.36.0-255,66,152987,7,206411
4935,0.035917,172.217.160.0-255,2902,155889,7,206411
4936,0.035927,172.31.36.0-255,66,155955,7,206411
4937,0.036014,172.217.160.0-255,2902,158857,7,206411
4938,0.036034,172.31.36.0-255,66,158923,7,206411
4939,0.037581,172.217.160.0-255,2902,161825,7,206411
4940,0.037589,172.31.36.0-255,66,161891,7,206411
4941,0.037651,172.217.160.0-255,2902,164793,7,206411
4942,0.037677,172.31.36.0-255,66,164859,7,206411
4943,0.039221,172.217.160.0-255,2902,167761,7,206411
4944,0.039229,172.31.36.0-255,66,167827,7,206411
4945,0.039301,172.217.160.0-255,2902,170729,7,206411
4946,0.039311,172.31.36.0-255,66,170795,7,206411
4947,0.04087,172.217.160.0-255,2902,173697,7,206411
4948,0.040877,172.31.36.0-255,66,173763,7,206411
4949,0.040944,172.217.160.0-255,2902,176665,7,206411
4950,0.040952,172.31.36.0-255,66,176731,7,206411
4951,0.042503,172.217.160.0-255,2902,179633,7,206411
4952,0.04251,172.31.36.0-255,66,179699,7,206411
4953,0.042592,172.217.160.0-255,2902,182601,7,206411
4954,0.042613,172.31.36.0-255,66,182667,7,206411
4955,0.044153,172.217.160.0-255,2902,185569,7,206411
4956,0.04416,172.31.36.0-255,66,185635,7,206411
4957,0.044235,172.217.160.0-255,2902,188537,7,206411
4958,0.04425,172.31.36.0-255,66,188603,7,206411
4959,0.045797,172.217.160.0-255,2902,191505,7,206411
4960,0.045806,172.31.36.0-255,66,191571,7,206411
4961,0.045873,172.217.160.0-255,2902,194473,7,206411
4962,0.045905,172.31.36.0-255,66,194539,7,206411
4963,0.047437,172.217.160.0-255,2902,197441,7,206411
4964,0.047444,172.31.36.0-255,66,197507,7,206411
4965,0.047521,172.217.160.0-255,2902,200409,7,206411
4966,0.047534,172.31.36.0-255,66,200475,7,206411
4967,0.049118,172.217.160.0-255,2902,203377,7,206411
4968,0.049129,172.31.36.0-255,66,203443,7,206411
4969,0.049152,172.217.160.0-255,2902,206345,7,206411
4970,0.049195,172.31.36.0-255,66,206411,7,206411
4971,0.0,172.217.194.0-255,152,152,7,301432
4972,2.4e-05,172.31.36.0-255,66,218,7,301432
4973,3.1e-05,172.217.194.0-255,1484,1702,7,301432
4974,3.4e-05,172.31.36.0-255,66,1768,7,301432
4975,3.9e-05,172.217.194.0-255,2902,4670,7,301432
4976,4.2e-05,172.31.36.0-255,66,4736,7,301432
4977,4.9e-05,172.217.194.0-255,7156,11892,7,301432
4978,5.1e-05,172.31.36.0-255,66,11958,7,301432
4979,5.5e-05,172.217.194.0-255,4839,16797,7,301432
4980,5.8e-05,172.31.36.0-255,66,16863,7,301432
4981,7.9e-05,172.217.194.0-255,1484,18347,7,301432
4982,8.2e-05,172.31.36.0-255,66,18413,7,301432
4983,0.000118,172.31.36.0-255,66,18479,7,301432
4984,0.000178,172.217.194.0-255,5738,24217,7,301432
4985,0.000181,172.31.36.0-255,66,24283,7,301432
4986,0.0002,172.217.194.0-255,5738,30021,7,301432
4987,0.000203,172.31.36.0-255,66,30087,7,301432
4988,0.000216,172.217.194.0-255,2902,32989,7,301432
4989,0.000218,172.31.36.0-255,66,33055,7,301432
4990,0.000234,172.217.194.0-255,3961,37016,7,301432
4991,0.000236,172.31.36.0-255,66,37082,7,301432
4992,0.000242,172.217.194.0-255,7156,44238,7,301432
4993,0.000244,172.31.36.0-255,66,44304,7,301432
4994,0.000271,172.31.36.0-255,66,44370,7,301432
4995,0.000286,172.217.194.0-255,647,45017,7,301432
4996,0.000289,172.31.36.0-255,66,45083,7,301432
4997,0.000498,172.217.194.0-255,1484,46567,7,301432
4998,0.000501,172.31.36.0-255,66,46633,7,301432
4999,0.000506,172.217.194.0-255,2902,49535,7,301432
5000,0.000508,172.31.36.0-255,66,49601,7,301432
5001,0.000548,172.217.194.0-255,5738,55339,7,301432
5002,0.000552,172.217.194.0-255,2902,58241,7,301432
5003,0.000555,172.31.36.0-255,66,58307,7,301432
5004,0.000569,172.31.36.0-255,66,58373,7,301432
5005,0.000585,172.31.36.0-255,66,58439,7,301432
5006,0.000597,172.31.36.0-255,66,58505,7,301432
5007,0.000919,172.217.194.0-255,1484,59989,7,301432
5008,0.000942,172.217.194.0-255,2902,62891,7,301432
5009,0.000945,172.31.36.0-255,66,62957,7,301432
5010,0.00095,172.217.194.0-255,2902,65859,7,301432
5011,0.000952,172.31.36.0-255,66,65925,7,301432
5012,0.000968,172.217.194.0-255,2902,68827,7,301432
5013,0.00097,172.31.36.0-255,66,68893,7,301432
5014,0.000975,172.217.194.0-255,2902,71795,7,301432
5015,0.000976,172.31.36.0-255,66,71861,7,301432
5016,0.001017,172.217.194.0-255,7156,79017,7,301432
5017,0.001024,172.31.36.0-255,66,79083,7,301432
5018,0.001035,172.217.194.0-255,1484,80567,7,301432
5019,0.00105,172.217.194.0-255,2902,83469,7,301432
5020,0.001058,172.31.36.0-255,66,83535,7,301432
5021,0.001076,172.217.194.0-255,2184,85719,7,301432
5022,0.001082,172.217.194.0-255,5738,91457,7,301432
5023,0.001084,172.31.36.0-255,66,91523,7,301432
5024,0.001086,172.217.194.0-255,4320,95843,7,301432
5025,0.001089,172.31.36.0-255,66,95909,7,301432
5026,0.001103,172.31.36.0-255,66,95975,7,301432
5027,0.001115,172.31.36.0-255,66,96041,7,301432
5028,0.001136,172.31.36.0-255,66,96107,7,301432
5029,0.001192,172.217.194.0-255,1484,97591,7,301432
5030,0.001197,172.217.194.0-255,2902,100493,7,301432
5031,0.001208,172.31.36.0-255,66,100559,7,301432
5032,0.001209,172.217.194.0-255,1484,102043,7,301432
5033,0.001223,172.217.194.0-255,4320,106363,7,301432
5034,0.001235,172.31.36.0-255,66,106429,7,301432
5035,0.001241,172.217.194.0-255,4320,110749,7,301432
5036,0.001249,172.31.36.0-255,66,110815,7,301432
5037,0.001259,172.217.194.0-255,5738,116553,7,301432
5038,0.001262,172.31.36.0-255,66,116619,7,301432
5039,0.001273,172.217.194.0-255,2184,118803,7,301432
5040,0.001278,172.31.36.0-255,66,118869,7,301432
5041,0.001553,172.217.194.0-255,1484,120353,7,301432
5042,0.001567,172.217.194.0-255,2902,123255,7,301432
5043,0.001571,172.31.36.0-255,66,123321,7,301432
5044,0.001593,172.217.194.0-255,5738,129059,7,301432
5045,0.001597,172.31.36.0-255,66,129125,7,301432
5046,0.001621,172.217.194.0-255,1484,130609,7,301432
5047,0.001643,172.31.36.0-255,66,130675,7,301432
5048,0.001648,172.217.194.0-255,2902,133577,7,301432
5049,0.001653,172.217.194.0-255,4320,137897,7,301432
5050,0.001661,172.31.36.0-255,66,137963,7,301432
5051,0.001708,172.217.194.0-255,3602,141565,7,301432
5052,0.001713,172.31.36.0-255,66,141631,7,301432
5053,0.001914,172.217.194.0-255,1484,143115,7,301432
5054,0.001928,172.217.194.0-255,2902,146017,7,301432
5055,0.001932,172.31.36.0-255,66,146083,7,301432
5056,0.001956,172.217.194.0-255,5738,151821,7,301432
5057,0.00196,172.217.194.0-255,1484,153305,7,301432
5058,0.001965,172.31.36.0-255,66,153371,7,301432
5059,0.002001,172.217.194.0-255,5738,159109,7,301432
5060,0.002001,172.31.36.0-255,66,159175,7,301432
5061,0.002016,172.31.36.0-255,66,159241,7,301432
5062,0.002042,172.31.36.0-255,66,159307,7,301432
5063,0.004104,172.217.194.0-255,5738,165045,7,301432
5064,0.00411,172.31.36.0-255,66,165111,7,301432
5065,0.006133,172.217.194.0-255,5738,170849,7,301432
5066,0.00614,172.31.36.0-255,66,170915,7,301432
5067,0.008193,172.217.194.0-255,5738,176653,7,301432
5068,0.008197,172.31.36.0-255,66,176719,7,301432
5069,0.010256,172.217.194.0-255,5738,182457,7,301432
5070,0.010262,172.31.36.0-255,66,182523,7,301432
5071,0.012294,172.217.194.0-255,5738,188261,7,301432
5072,0.012299,172.31.36.0-255,66,188327,7,301432
5073,0.014358,172.217.194.0-255,5738,194065,7,301432
5074,0.014369,172.31.36.0-255,66,194131,7,301432
5075,0.016411,172.217.194.0-255,5738,199869,7,301432
5076,0.016417,172.31.36.0-255,66,199935,7,301432
5077,0.018446,172.217.194.0-255,5738,205673,7,301432
5078,0.018453,172.31.36.0-255,66,205739,7,301432
5079,0.020495,172.217.194.0-255,5738,211477,7,301432
5080,0.020502,172.31.36.0-255,66,211543,7,301432
5081,0.022504,172.217.194.0-255,5738,217281,7,301432
5082,0.022512,172.31.36.0-255,66,217347,7,301432
5083,0.024543,172.217.194.0-255,5738,223085,7,301432
5084,0.024551,172.31.36.0-255,66,223151,7,301432
5085,0.026586,172.217.194.0-255,5738,228889,7,301432
5086,0.026593,172.31.36.0-255,66,228955,7,301432
5087,0.028656,172.217.194.0-255,2902,231857,7,301432
5088,0.028662,172.31.36.0-255,66,231923,7,301432
5089,0.028694,172.217.194.0-255,2902,234825,7,301432
5090,0.028697,172.31.36.0-255,66,234891,7,301432
5091,0.029182,172.31.36.0-255,188,235079,7,301432
5092,0.029212,172.31.36.0-255,958,236037,7,301432
5093,0.029297,172.31.36.0-255,1514,237551,7,301432
5094,0.029299,172.31.36.0-255,1514,239065,7,301432
5095,0.029304,172.31.36.0-255,1514,240579,7,301432
5096,0.029306,172.31.36.0-255,1229,241808,7,301432
5097,0.03068,172.217.194.0-255,2902,244710,7,301432
5098,0.030686,172.31.36.0-255,66,244776,7,301432
5099,0.030726,104.244.42.0-255,66,244842,7,301432
5100,0.030763,172.217.194.0-255,2902,247744,7,301432
5101,0.030768,172.31.36.0-255,66,247810,7,301432
5102,0.03083,104.244.42.0-255,66,247876,7,301432
5103,0.030861,104.244.42.0-255,66,247942,7,301432
5104,0.030866,104.244.42.0-255,66,248008,7,301432
5105,0.032684,172.217.194.0-255,2902,250910,7,301432
5106,0.032689,172.31.36.0-255,66,250976,7,301432
5107,0.032798,172.217.194.0-255,2902,253878,7,301432
5108,0.032803,172.31.36.0-255,66,253944,7,301432
5109,0.034717,172.217.194.0-255,2902,256846,7,301432
5110,0.034723,172.31.36.0-255,66,256912,7,301432
5111,0.03483,172.217.194.0-255,2902,259814,7,301432
5112,0.034835,172.31.36.0-255,66,259880,7,301432
5113,0.036738,172.217.194.0-255,2902,262782,7,301432
5114,0.036744,172.31.36.0-255,66,262848,7,301432
5115,0.036851,172.217.194.0-255,2902,265750,7,301432
5116,0.036855,172.31.36.0-255,66,265816,7,301432
5117,0.038753,172.217.194.0-255,2902,268718,7,301432
5118,0.038761,172.31.36.0-255,66,268784,7,301432
5119,0.038873,172.217.194.0-255,2902,271686,7,301432
5120,0.038878,172.31.36.0-255,66,271752,7,301432
5121,0.040777,172.217.194.0-255,2902,274654,7,301432
5122,0.040796,172.31.36.0-255,66,274720,7,301432
5123,0.040949,172.217.194.0-255,2902,277622,7,301432
5124,0.040955,172.31.36.0-255,66,277688,7,301432
5125,0.042832,172.217.194.0-255,2902,280590,7,301432
5126,0.042837,172.31.36.0-255,66,280656,7,301432
5127,0.042948,172.217.194.0-255,2902,283558,7,301432
5128,0.042953,172.31.36.0-255,66,283624,7,301432
5129,0.044862,172.217.194.0-255,2902,286526,7,301432
5130,0.044873,172.31.36.0-255,66,286592,7,301432
5131,0.044965,172.217.194.0-255,2902,289494,7,301432
5132,0.044972,172.31.36.0-255,66,289560,7,301432
5133,0.046878,172.217.194.0-255,2902,292462,7,301432
5134,0.046884,172.31.36.0-255,66,292528,7,301432
5135,0.04697,172.217.194.0-255,2902,295430,7,301432
5136,0.046975,172.31.36.0-255,66,295496,7,301432
5137,0.048898,172.217.194.0-255,2902,298398,7,301432
5138,0.048903,172.31.36.0-255,66,298464,7,301432
5139,0.049001,172.217.194.0-255,2902,301366,7,301432
5140,0.049006,172.31.36.0-255,66,301432,7,301432
5141,0.0,172.31.36.0-255,97,97,7,163
5142,0.005653,172.217.27.0-255,66,163,7,163
5143,0.0,74.125.24.0-255,146,146,7,252247
5144,1.9e-05,172.31.36.0-255,66,212,7,252247
5145,2.6e-05,74.125.24.0-255,1484,1696,7,252247
5146,3.1e-05,172.31.36.0-255,66,1762,7,252247
5147,3.6e-05,74.125.24.0-255,2902,4664,7,252247
5148,3.9e-05,172.31.36.0-255,66,4730,7,252247
5149,5.4e-05,74.125.24.0-255,7156,11886,7,252247
5150,5.9e-05,172.31.36.0-255,66,11952,7,252247
5151,0.000104,172.31.36.0-255,66,12018,7,252247
5152,0.000116,172.31.36.0-255,66,12084,7,252247
5153,0.00013,74.125.24.0-255,4320,16404,7,252247
5154,0.000132,172.31.36.0-255,66,16470,7,252247
5155,0.00017,172.31.36.0-255,66,16536,7,252247
5156,0.000173,74.125.24.0-255,766,17302,7,252247
5157,0.000175,172.31.36.0-255,66,17368,7,252247
5158,0.000512,74.125.24.0-255,1484,18852,7,252247
5159,0.000519,172.31.36.0-255,66,18918,7,252247
5160,0.000525,74.125.24.0-255,2902,21820,7,252247
5161,0.000528,172.31.36.0-255,66,21886,7,252247
5162,0.000532,74.125.24.0-255,1484,23370,7,252247
5163,0.000533,172.31.36.0-255,66,23436,7,252247
5164,0.000571,74.125.24.0-255,4320,27756,7,252247
5165,0.000574,172.31.36.0-255,66,27822,7,252247
5166,0.000581,74.125.24.0-255,6797,34619,7,252247
5167,0.000584,172.31.36.0-255,66,34685,7,252247
5168,0.000639,74.125.24.0-255,1484,36169,7,252247
5169,0.000642,172.31.36.0-255,66,36235,7,252247
5170,0.000648,74.125.24.0-255,2902,39137,7,252247
5171,0.000651,172.31.36.0-255,66,39203,7,252247
5172,0.000677,74.125.24.0-255,5738,44941,7,252247
5173,0.000679,172.31.36.0-255,66,45007,7,252247
5174,0.000704,74.125.24.0-255,1484,46491,7,252247
5175,0.00072,74.125.24.0-255,5959,52450,7,252247
5176,0.000722,172.31.36.0-255,66,52516,7,252247
5177,0.001282,74.125.24.0-255,1484,54000,7,252247
5178,0.001299,74.125.24.0-255,2902,56902,7,252247
5179,0.001303,172.31.36.0-255,66,56968,7,252247
5180,0.001309,74.125.24.0-255,2902,59870,7,252247
5181,0.001311,172.31.36.0-255,66,59936,7,252247
5182,0.001314,74.125.24.0-255,1484,61420,7,252247
5183,0.001347,74.125.24.0-255,5738,67158,7,252247
5184,0.00135,172.31.36.0-255,66,67224,7,252247
5185,0.001363,172.31.36.0-255,66,67290,7,252247
5186,0.001391,74.125.24.0-255,5379,72669,7,252247
5187,0.001398,74.125.24.0-255,7156,79825,7,252247
5188,0.001403,172.31.36.0-255,66,79891,7,252247
5189,0.001406,172.31.36.0-255,66,79957,7,252247
5190,0.001437,172.31.36.0-255,66,80023,7,252247
5191,0.001441,74.125.24.0-255,2184,82207,7,252247
5192,0.001444,172.31.36.0-255,66,82273,7,252247
5193,0.001471,74.125.24.0-255,1484,83757,7,252247
5194,0.001495,74.125.24.0-255,2902,86659,7,252247
5195,0.001497,172.31.36.0-255,66,86725,7,252247
5196,0.001505,74.125.24.0-255,5738,92463,7,252247
5197,0.001507,172.31.36.0-255,66,92529,7,252247
5198,0.001567,172.31.36.0-255,66,92595,7,252247
5199,0.001595,74.125.24.0-255,1484,94079,7,252247
5200,0.001611,172.31.36.0-255,66,94145,7,252247
5201,0.001619,74.125.24.0-255,7156,101301,7,252247
5202,0.001622,172.31.36.0-255,66,101367,7,252247
5203,0.001626,74.125.24.0-255,2902,104269,7,252247
5204,0.001628,172.31.36.0-255,66,104335,7,252247
5205,0.001661,74.125.24.0-255,5738,110073,7,252247
5206,0.001679,172.31.36.0-255,66,110139,7,252247
5207,0.001686,172.31.36.0-255,66,110205,7,252247
5208,0.001696,74.125.24.0-255,2902,113107,7,252247
5209,0.001698,172.31.36.0-255,66,113173,7,252247
5210,0.001701,74.125.24.0-255,766,113939,7,252247
5211,0.001925,74.125.24.0-255,1484,115423,7,252247
5212,0.00193,172.31.36.0-255,66,115489,7,252247
5213,0.00195,74.125.24.0-255,2902,118391,7,252247
5214,0.001952,172.31.36.0-255,66,118457,7,252247
5215,0.001992,74.125.24.0-255,5738,124195,7,252247
5216,0.001995,172.31.36.0-255,66,124261,7,252247
5217,0.002009,172.31.36.0-255,66,124327,7,252247
5218,0.002021,172.31.36.0-255,66,124393,7,252247
5219,0.002025,74.125.24.0-255,2184,126577,7,252247
5220,0.002029,172.31.36.0-255,66,126643,7,252247
5221,0.002056,74.125.24.0-255,2902,129545,7,252247
5222,0.002059,172.31.36.0-255,66,129611,7,252247
5223,0.002064,74.125.24.0-255,2902,132513,7,252247
5224,0.002066,172.31.36.0-255,66,132579,7,252247
5225,0.002095,74.125.24.0-255,4320,136899,7,252247
5226,0.002099,172.31.36.0-255,66,136965,7,252247
5227,0.002116,172.31.36.0-255,66,137031,7,252247
5228,0.00215,74.125.24.0-255,1484,138515,7,252247
5229,0.002165,172.31.36.0-255,66,138581,7,252247
5230,0.004739,74.125.24.0-255,5738,144319,7,252247
5231,0.004748,172.31.36.0-255,66,144385,7,252247
5232,0.007328,74.125.24.0-255,5738,150123,7,252247
5233,0.007332,172.31.36.0-255,66,150189,7,252247
5234,0.009935,74.125.24.0-255,5738,155927,7,252247
5235,0.009942,172.31.36.0-255,66,155993,7,252247
5236,0.012559,74.125.24.0-255,5738,161731,7,252247
5237,0.012567,172.31.36.0-255,66,161797,7,252247
5238,0.01516,74.125.24.0-255,5738,167535,7,252247
5239,0.015168,172.31.36.0-255,66,167601,7,252247
5240,0.017803,74.125.24.0-255,5738,173339,7,252247
5241,0.017816,172.31.36.0-255,66,173405,7,252247
5242,0.020419,74.125.24.0-255,5738,179143,7,252247
5243,0.020429,172.31.36.0-255,66,179209,7,252247
5244,0.023056,74.125.24.0-255,5738,184947,7,252247
5245,0.023069,172.31.36.0-255,66,185013,7,252247
5246,0.02567,74.125.24.0-255,5738,190751,7,252247
5247,0.025676,172.31.36.0-255,66,190817,7,252247
5248,0.02827,74.125.24.0-255,5738,196555,7,252247
5249,0.028279,172.31.36.0-255,66,196621,7,252247
5250,0.030862,74.125.24.0-255,5738,202359,7,252247
5251,0.030869,172.31.36.0-255,66,202425,7,252247
5252,0.033534,74.125.24.0-255,5738,208163,7,252247
5253,0.033542,172.31.36.0-255,66,208229,7,252247
5254,0.036121,74.125.24.0-255,5738,213967,7,252247
5255,0.036129,172.31.36.0-255,66,214033,7,252247
5256,0.036775,172.31.36.0-255,176,214209,7,252247
5257,0.036805,172.31.36.0-255,1115,215324,7,252247
5258,0.03687,172.31.36.0-255,1514,216838,7,252247
5259,0.036872,172.31.36.0-255,1514,218352,7,252247
5260,0.036878,172.31.36.0-255,1514,219866,7,252247
5261,0.036879,172.31.36.0-255,1514,221380,7,252247
5262,0.036902,172.31.36.0-255,1514,222894,7,252247
5263,0.036904,172.31.36.0-255,69,222963,7,252247
5264,0.038314,104.244.42.0-255,66,223029,7,252247
5265,0.038369,104.244.42.0-255,66,223095,7,252247
5266,0.038483,104.244.42.0-255,66,223161,7,252247
5267,0.038544,104.244.42.0-255,66,223227,7,252247
5268,0.038708,74.125.24.0-255,5738,228965,7,252247
5269,0.038714,172.31.36.0-255,66,229031,7,252247
5270,0.041298,74.125.24.0-255,5738,234769,7,252247
5271,0.041307,172.31.36.0-255,66,234835,7,252247
5272,0.043899,74.125.24.0-255,5738,240573,7,252247
5273,0.043907,172.31.36.0-255,66,240639,7,252247
5274,0.04651,74.125.24.0-255,5738,246377,7,252247
5275,0.046519,172.31.36.0-255,66,246443,7,252247
5276,0.049085,74.125.24.0-255,5738,252181,7,252247
5277,0.049091,172.31.36.0-255,66,252247,7,252247
5278,0.0,74.125.24.0-255,153,153,7,220252
5279,2.1e-05,172.31.36.0-255,66,219,7,220252
5280,2.8e-05,74.125.24.0-255,1484,1703,7,220252
5281,3.2e-05,172.31.36.0-255,66,1769,7,220252
5282,3.8e-05,74.125.24.0-255,2902,4671,7,220252
5283,5e-05,172.31.36.0-255,66,4737,7,220252
5284,5.8e-05,74.125.24.0-255,7156,11893,7,220252
5285,6.2e-05,172.31.36.0-255,66,11959,7,220252
5286,7.3e-05,172.31.36.0-255,66,12025,7,220252
5287,7.7e-05,74.125.24.0-255,1484,13509,7,220252
5288,8e-05,172.31.36.0-255,66,13575,7,220252
5289,0.000133,74.125.24.0-255,7156,20731,7,220252
5290,0.000137,172.31.36.0-255,66,20797,7,220252
5291,0.000142,74.125.24.0-255,2543,23340,7,220252
5292,0.000144,172.31.36.0-255,66,23406,7,220252
5293,0.000149,74.125.24.0-255,2902,26308,7,220252
5294,0.000151,172.31.36.0-255,66,26374,7,220252
5295,0.000159,74.125.24.0-255,7156,33530,7,220252
5296,0.000162,172.31.36.0-255,66,33596,7,220252
5297,0.000166,74.125.24.0-255,2902,36498,7,220252
5298,0.000168,172.31.36.0-255,66,36564,7,220252
5299,0.000196,74.125.24.0-255,3961,40525,7,220252
5300,0.000199,172.31.36.0-255,66,40591,7,220252
5301,0.000267,74.125.24.0-255,1484,42075,7,220252
5302,0.000269,172.31.36.0-255,66,42141,7,220252
5303,0.000302,74.125.24.0-255,2902,45043,7,220252
5304,0.000305,172.31.36.0-255,66,45109,7,220252
5305,0.000311,74.125.24.0-255,5738,50847,7,220252
5306,0.000314,172.31.36.0-255,66,50913,7,220252
5307,0.000318,74.125.24.0-255,2902,53815,7,220252
5308,0.000321,172.31.36.0-255,66,53881,7,220252
5309,0.000336,74.125.24.0-255,3961,57842,7,220252
5310,0.000338,172.31.36.0-255,66,57908,7,220252
5311,0.000515,74.125.24.0-255,1484,59392,7,220252
5312,0.000522,74.125.24.0-255,1484,60876,7,220252
5313,0.000525,172.31.36.0-255,66,60942,7,220252
5314,0.000556,74.125.24.0-255,1484,62426,7,220252
5315,0.000563,74.125.24.0-255,5738,68164,7,220252
5316,0.000566,172.31.36.0-255,66,68230,7,220252
5317,0.000573,74.125.24.0-255,5738,73968,7,220252
5318,0.000576,172.31.36.0-255,66,74034,7,220252
5319,0.000606,172.31.36.0-255,66,74100,7,220252
5320,0.000616,172.31.36.0-255,66,74166,7,220252
5321,0.000619,74.125.24.0-255,1484,75650,7,220252
5322,0.000671,172.31.36.0-255,66,75716,7,220252
5323,0.000675,74.125.24.0-255,1156,76872,7,220252
5324,0.000832,74.125.24.0-255,1484,78356,7,220252
5325,0.000836,74.125.24.0-255,2902,81258,7,220252
5326,0.000841,172.31.36.0-255,66,81324,7,220252
5327,0.000846,172.31.36.0-255,66,81390,7,220252
5328,0.000863,74.125.24.0-255,5738,87128,7,220252
5329,0.000866,172.31.36.0-255,66,87194,7,220252
5330,0.000878,172.31.36.0-255,66,87260,7,220252
5331,0.000907,74.125.24.0-255,4320,91580,7,220252
5332,0.00091,172.31.36.0-255,66,91646,7,220252
5333,0.000917,74.125.24.0-255,7156,98802,7,220252
5334,0.00092,172.31.36.0-255,66,98868,7,220252
5335,0.000925,74.125.24.0-255,3602,102470,7,220252
5336,0.000928,172.31.36.0-255,66,102536,7,220252
5337,0.001365,74.125.24.0-255,1484,104020,7,220252
5338,0.001387,74.125.24.0-255,2902,106922,7,220252
5339,0.001391,172.31.36.0-255,66,106988,7,220252
5340,0.001397,74.125.24.0-255,4320,111308,7,220252
5341,0.001399,172.31.36.0-255,66,111374,7,220252
5342,0.001437,172.31.36.0-255,66,111440,7,220252
5343,0.001442,74.125.24.0-255,2902,114342,7,220252
5344,0.001445,172.31.36.0-255,66,114408,7,220252
5345,0.001494,172.31.36.0-255,66,114474,7,220252
5346,0.001498,74.125.24.0-255,1484,115958,7,220252
5347,0.001502,74.125.24.0-255,2902,118860,7,220252
5348,0.001504,172.31.36.0-255,66,118926,7,220252
5349,0.001545,74.125.24.0-255,1484,120410,7,220252
5350,0.001577,74.125.24.0-255,4320,124730,7,220252
5351,0.001581,172.31.36.0-255,66,124796,7,220252
5352,0.001586,74.125.24.0-255,2902,127698,7,220252
5353,0.001588,172.31.36.0-255,66,127764,7,220252
5354,0.001593,74.125.24.0-255,4320,132084,7,220252
5355,0.001595,172.31.36.0-255,66,132150,7,220252
5356,0.001606,172.31.36.0-255,66,132216,7,220252
5357,0.001618,172.31.36.0-255,66,132282,7,220252
5358,0.001625,74.125.24.0-255,5738,138020,7,220252
5359,0.001628,172.31.36.0-255,66,138086,7,220252
5360,0.00168,172.31.36.0-255,66,138152,7,220252
5361,0.001696,172.31.36.0-255,66,138218,7,220252
5362,0.001711,172.31.36.0-255,66,138284,7,220252
5363,0.001724,172.31.36.0-255,66,138350,7,220252
5364,0.001759,172.31.36.0-255,66,138416,7,220252
5365,0.001916,74.125.24.0-255,1484,139900,7,220252
5366,0.001922,74.125.24.0-255,2902,142802,7,220252
5367,0.001926,172.31.36.0-255,66,142868,7,220252
5368,0.001959,74.125.24.0-255,5738,148606,7,220252
5369,0.001962,172.31.36.0-255,66,148672,7,220252
5370,0.001969,74.125.24.0-255,4320,152992,7,220252
5371,0.001971,172.31.36.0-255,66,153058,7,220252
5372,0.002,172.31.36.0-255,66,153124,7,220252
5373,0.002013,172.31.36.0-255,66,153190,7,220252
5374,0.002753,74.125.24.0-255,1484,154674,7,220252
5375,0.002759,74.125.24.0-255,2902,157576,7,220252
5376,0.002763,172.31.36.0-255,66,157642,7,220252
5377,0.002768,74.125.24.0-255,2902,160544,7,220252
5378,0.002771,172.31.36.0-255,66,160610,7,220252
5379,0.002803,74.125.24.0-255,2902,163512,7,220252
5380,0.002806,172.31.36.0-255,66,163578,7,220252
5381,0.002817,172.31.36.0-255,66,163644,7,220252
5382,0.002825,74.125.24.0-255,7156,170800,7,220252
5383,0.002827,172.31.36.0-255,66,170866,7,220252
5384,0.002859,74.125.24.0-255,4320,175186,7,220252
5385,0.002862,172.31.36.0-255,66,175252,7,220252
5386,0.002866,74.125.24.0-255,2184,177436,7,220252
5387,0.002868,172.31.36.0-255,66,177502,7,220252
5388,0.002871,74.125.24.0-255,1484,178986,7,220252
5389,0.002878,74.125.24.0-255,5738,184724,7,220252
5390,0.00288,172.31.36.0-255,66,184790,7,220252
5391,0.002886,74.125.24.0-255,4320,189110,7,220252
5392,0.002887,172.31.36.0-255,66,189176,7,220252
5393,0.002897,172.31.36.0-255,66,189242,7,220252
5394,0.0029,74.125.24.0-255,1484,190726,7,220252
5395,0.002964,74.125.24.0-255,5738,196464,7,220252
5396,0.002967,172.31.36.0-255,66,196530,7,220252
5397,0.002975,74.125.24.0-255,6438,202968,7,220252
5398,0.002977,172.31.36.0-255,66,203034,7,220252
5399,0.002979,74.125.24.0-255,1484,204518,7,220252
5400,0.00299,172.31.36.0-255,66,204584,7,220252
5401,0.002993,74.125.24.0-255,1484,206068,7,220252
5402,0.003015,172.31.36.0-255,66,206134,7,220252
5403,0.003036,74.125.24.0-255,7156,213290,7,220252
5404,0.00304,74.125.24.0-255,2269,215559,7,220252
5405,0.003059,74.125.24.0-255,105,215664,7,220252
5406,0.003063,172.31.36.0-255,66,215730,7,220252
5407,0.016143,172.31.36.0-255,66,215796,7,220252
5408,0.0162,172.31.36.0-255,105,215901,7,220252
5409,0.018484,74.125.24.0-255,66,215967,7,220252
5410,0.037315,172.31.36.0-255,167,216134,7,220252
5411,0.037348,172.31.36.0-255,1114,217248,7,220252
5412,0.03741,172.31.36.0-255,1514,218762,7,220252
5413,0.037412,172.31.36.0-255,1292,220054,7,220252
5414,0.03891,104.244.42.0-255,66,220120,7,220252
5415,0.038943,104.244.42.0-255,66,220186,7,220252
5416,0.038994,104.244.42.0-255,66,220252,7,220252
5417,0.0,74.125.200.0-255,156,156,7,334466
5418,2.1e-05,172.31.36.0-255,66,222,7,334466
5419,2.8e-05,74.125.200.0-255,1484,1706,7,334466
5420,3.2e-05,172.31.36.0-255,66,1772,7,334466
5421,3.8e-05,74.125.200.0-255,2902,4674,7,334466
5422,4.1e-05,172.31.36.0-255,66,4740,7,334466
5423,4.7e-05,74.125.200.0-255,4320,9060,7,334466
5424,5.1e-05,172.31.36.0-255,66,9126,7,334466
5425,0.000102,74.125.200.0-255,4892,14018,7,334466
5426,0.000106,172.31.36.0-255,66,14084,7,334466
5427,0.000179,74.125.200.0-255,1484,15568,7,334466
5428,0.000182,172.31.36.0-255,66,15634,7,334466
5429,0.000202,74.125.200.0-255,2902,18536,7,334466
5430,0.000204,172.31.36.0-255,66,18602,7,334466
5431,0.000209,74.125.200.0-255,2902,21504,7,334466
5432,0.000211,172.31.36.0-255,66,21570,7,334466
5433,0.000214,74.125.200.0-255,1484,23054,7,334466
5434,0.000216,172.31.36.0-255,66,23120,7,334466
5435,0.000241,74.125.200.0-255,2902,26022,7,334466
5436,0.000244,172.31.36.0-255,66,26088,7,334466
5437,0.000261,74.125.200.0-255,2902,28990,7,334466
5438,0.000264,172.31.36.0-255,66,29056,7,334466
5439,0.000282,74.125.200.0-255,2543,31599,7,334466
5440,0.000284,172.31.36.0-255,66,31665,7,334466
5441,0.00032,74.125.200.0-255,1484,33149,7,334466
5442,0.000323,172.31.36.0-255,66,33215,7,334466
5443,0.000343,74.125.200.0-255,2902,36117,7,334466
5444,0.000346,172.31.36.0-255,66,36183,7,334466
5445,0.000349,74.125.200.0-255,1484,37667,7,334466
5446,0.000351,172.31.36.0-255,66,37733,7,334466
5447,0.000367,74.125.200.0-255,4320,42053,7,334466
5448,0.00037,172.31.36.0-255,66,42119,7,334466
5449,0.000374,74.125.200.0-255,2902,45021,7,334466
5450,0.000377,172.31.36.0-255,66,45087,7,334466
5451,0.000392,74.125.200.0-255,1484,46571,7,334466
5452,0.000407,74.125.200.0-255,2543,49114,7,334466
5453,0.000409,172.31.36.0-255,66,49180,7,334466
5454,0.000415,74.125.200.0-255,5738,54918,7,334466
5455,0.000418,172.31.36.0-255,66,54984,7,334466
5456,0.000434,74.125.200.0-255,2902,57886,7,334466
5457,0.000436,172.31.36.0-255,66,57952,7,334466
5458,0.00044,74.125.200.0-255,2902,60854,7,334466
5459,0.000442,172.31.36.0-255,66,60920,7,334466
5460,0.000466,74.125.200.0-255,2902,63822,7,334466
5461,0.000468,172.31.36.0-255,66,63888,7,334466
5462,0.00048,74.125.200.0-255,2898,66786,7,334466
5463,0.000482,172.31.36.0-255,66,66852,7,334466
5464,0.000496,74.125.200.0-255,332,67184,7,334466
5465,0.000767,74.125.200.0-255,1484,68668,7,334466
5466,0.000773,172.31.36.0-255,66,68734,7,334466
5467,0.000776,74.125.200.0-255,1484,70218,7,334466
5468,0.000779,74.125.200.0-255,1484,71702,7,334466
5469,0.000782,172.31.36.0-255,66,71768,7,334466
5470,0.000794,74.125.200.0-255,1484,73252,7,334466
5471,0.000797,74.125.200.0-255,1484,74736,7,334466
5472,0.000799,172.31.36.0-255,66,74802,7,334466
5473,0.000815,74.125.200.0-255,4320,79122,7,334466
5474,0.000818,172.31.36.0-255,66,79188,7,334466
5475,0.000836,74.125.200.0-255,4320,83508,7,334466
5476,0.000841,172.31.36.0-255,66,83574,7,334466
5477,0.000851,74.125.200.0-255,2902,86476,7,334466
5478,0.000853,172.31.36.0-255,66,86542,7,334466
5479,0.000858,74.125.200.0-255,2902,89444,7,334466
5480,0.00086,172.31.36.0-255,66,89510,7,334466
5481,0.000886,74.125.200.0-255,5738,95248,7,334466
5482,0.000889,172.31.36.0-255,66,95314,7,334466
5483,0.000895,74.125.200.0-255,6438,101752,7,334466
5484,0.000897,172.31.36.0-255,66,101818,7,334466
5485,0.001019,74.125.200.0-255,1484,103302,7,334466
5486,0.001024,74.125.200.0-255,1484,104786,7,334466
5487,0.001029,172.31.36.0-255,66,104852,7,334466
5488,0.001044,74.125.200.0-255,1484,106336,7,334466
5489,0.001047,74.125.200.0-255,1484,107820,7,334466
5490,0.001049,172.31.36.0-255,66,107886,7,334466
5491,0.001072,74.125.200.0-255,4320,112206,7,334466
5492,0.001074,172.31.36.0-255,66,112272,7,334466
5493,0.001079,74.125.200.0-255,2902,115174,7,334466
5494,0.001082,172.31.36.0-255,66,115240,7,334466
5495,0.001096,74.125.200.0-255,4320,119560,7,334466
5496,0.001099,172.31.36.0-255,66,119626,7,334466
5497,0.001102,74.125.200.0-255,1484,121110,7,334466
5498,0.001125,74.125.200.0-255,7156,128266,7,334466
5499,0.001128,172.31.36.0-255,66,128332,7,334466
5500,0.001138,172.31.36.0-255,66,128398,7,334466
5501,0.001215,74.125.200.0-255,1484,129882,7,334466
5502,0.001228,74.125.200.0-255,1484,131366,7,334466
5503,0.001232,172.31.36.0-255,66,131432,7,334466
5504,0.001238,74.125.200.0-255,2902,134334,7,334466
5505,0.00124,172.31.36.0-255,66,134400,7,334466
5506,0.001267,74.125.200.0-255,5738,140138,7,334466
5507,0.00127,172.31.36.0-255,66,140204,7,334466
5508,0.001274,74.125.200.0-255,1484,141688,7,334466
5509,0.001291,74.125.200.0-255,2902,144590,7,334466
5510,0.001293,172.31.36.0-255,66,144656,7,334466
5511,0.001299,74.125.200.0-255,4320,148976,7,334466
5512,0.001301,172.31.36.0-255,66,149042,7,334466
5513,0.001318,74.125.200.0-255,1484,150526,7,334466
5514,0.001334,74.125.200.0-255,4320,154846,7,334466
5515,0.001337,172.31.36.0-255,66,154912,7,334466
5516,0.001354,74.125.200.0-255,7156,162068,7,334466
5517,0.001357,172.31.36.0-255,66,162134,7,334466
5518,0.001359,74.125.200.0-255,766,162900,7,334466
5519,0.001422,74.125.200.0-255,1484,164384,7,334466
5520,0.001426,172.31.36.0-255,66,164450,7,334466
5521,0.001432,74.125.200.0-255,4320,168770,7,334466
5522,0.001435,172.31.36.0-255,66,168836,7,334466
5523,0.001457,74.125.200.0-255,5738,174574,7,334466
5524,0.001461,172.31.36.0-255,66,174640,7,334466
5525,0.001485,74.125.200.0-255,5738,180378,7,334466
5526,0.001487,172.31.36.0-255,66,180444,7,334466
5527,0.001512,74.125.200.0-255,5738,186182,7,334466
5528,0.001515,172.31.36.0-255,66,186248,7,334466
5529,0.001521,74.125.200.0-255,4320,190568,7,334466
5530,0.001524,172.31.36.0-255,66,190634,7,334466
5531,0.001565,74.125.200.0-255,1484,192118,7,334466
5532,0.001579,74.125.200.0-255,5020,197138,7,334466
5533,0.001582,172.31.36.0-255,66,197204,7,334466
5534,0.002188,74.125.200.0-255,1484,198688,7,334466
5535,0.002196,74.125.200.0-255,2902,201590,7,334466
5536,0.002201,172.31.36.0-255,66,201656,7,334466
5537,0.002205,74.125.200.0-255,1484,203140,7,334466
5538,0.002226,74.125.200.0-255,4320,207460,7,334466
5539,0.002279,74.125.200.0-255,4320,211780,7,334466
5540,0.002319,74.125.200.0-255,2184,213964,7,334466
5541,0.002323,74.125.200.0-255,2902,216866,7,334466
5542,0.002353,74.125.200.0-255,2902,219768,7,334466
5543,0.004849,172.31.36.0-255,66,219834,7,334466
5544,0.007171,74.125.200.0-255,5738,225572,7,334466
5545,0.007179,172.31.36.0-255,66,225638,7,334466
5546,0.009507,74.125.200.0-255,5738,231376,7,334466
5547,0.009516,172.31.36.0-255,66,231442,7,334466
5548,0.011845,74.125.200.0-255,5738,237180,7,334466
5549,0.011853,172.31.36.0-255,66,237246,7,334466
5550,0.014169,74.125.200.0-255,5738,242984,7,334466
5551,0.014177,172.31.36.0-255,66,243050,7,334466
5552,0.016519,74.125.200.0-255,1484,244534,7,334466
5553,0.016544,74.125.200.0-255,4320,248854,7,334466
5554,0.01655,172.31.36.0-255,66,248920,7,334466
5555,0.018868,74.125.200.0-255,5738,254658,7,334466
5556,0.01888,172.31.36.0-255,66,254724,7,334466
5557,0.021219,74.125.200.0-255,5738,260462,7,334466
5558,0.021232,172.31.36.0-255,66,260528,7,334466
5559,0.023555,74.125.200.0-255,5738,266266,7,334466
5560,0.023563,172.31.36.0-255,66,266332,7,334466
5561,0.025894,74.125.200.0-255,5738,272070,7,334466
5562,0.025904,172.31.36.0-255,66,272136,7,334466
5563,0.028249,74.125.200.0-255,5738,277874,7,334466
5564,0.028259,172.31.36.0-255,66,277940,7,334466
5565,0.03057,74.125.200.0-255,5738,283678,7,334466
5566,0.030578,172.31.36.0-255,66,283744,7,334466
5567,0.031632,172.31.36.0-255,172,283916,7,334466
5568,0.031664,172.31.36.0-255,1115,285031,7,334466
5569,0.031741,172.31.36.0-255,1514,286545,7,334466
5570,0.031742,172.31.36.0-255,1291,287836,7,334466
5571,0.032896,74.125.200.0-255,5738,293574,7,334466
5572,0.032921,172.31.36.0-255,66,293640,7,334466
5573,0.033161,104.244.42.0-255,66,293706,7,334466
5574,0.033239,104.244.42.0-255,66,293772,7,334466
5575,0.03329,104.244.42.0-255,66,293838,7,334466
5576,0.035251,74.125.200.0-255,5738,299576,7,334466
5577,0.035258,172.31.36.0-255,66,299642,7,334466
5578,0.037583,74.125.200.0-255,5738,305380,7,334466
5579,0.03759,172.31.36.0-255,66,305446,7,334466
5580,0.039908,74.125.200.0-255,5738,311184,7,334466
5581,0.039916,172.31.36.0-255,66,311250,7,334466
5582,0.042235,74.125.200.0-255,5738,316988,7,334466
5583,0.042242,172.31.36.0-255,66,317054,7,334466
5584,0.044571,74.125.200.0-255,5738,322792,7,334466
5585,0.044577,172.31.36.0-255,66,322858,7,334466
5586,0.046896,74.125.200.0-255,5738,328596,7,334466
5587,0.046903,172.31.36.0-255,66,328662,7,334466
5588,0.049242,74.125.200.0-255,5738,334400,7,334466
5589,0.049249,172.31.36.0-255,66,334466,7,334466
5590,0.0,74.125.24.0-255,152,152,7,244358
5591,1.9e-05,172.31.36.0-255,66,218,7,244358
5592,2.6e-05,74.125.24.0-255,1484,1702,7,244358
5593,3e-05,172.31.36.0-255,66,1768,7,244358
5594,3.6e-05,74.125.24.0-255,2902,4670,7,244358
5595,3.9e-05,172.31.36.0-255,66,4736,7,244358
5596,4.7e-05,74.125.24.0-255,7156,11892,7,244358
5597,5.1e-05,172.31.36.0-255,66,11958,7,244358
5598,6.7e-05,74.125.24.0-255,1484,13442,7,244358
5599,6.9e-05,172.31.36.0-255,66,13508,7,244358
5600,8.7e-05,74.125.24.0-255,731,14239,7,244358
5601,9e-05,172.31.36.0-255,66,14305,7,244358
5602,0.000229,74.125.24.0-255,1484,15789,7,244358
5603,0.000232,172.31.36.0-255,66,15855,7,244358
5604,0.000238,74.125.24.0-255,2902,18757,7,244358
5605,0.000241,172.31.36.0-255,66,18823,7,244358
5606,0.000245,74.125.24.0-255,2902,21725,7,244358
5607,0.000248,172.31.36.0-255,66,21791,7,244358
5608,0.000271,74.125.24.0-255,2902,24693,7,244358
5609,0.000273,172.31.36.0-255,66,24759,7,244358
5610,0.000291,74.125.24.0-255,6797,31556,7,244358
5611,0.000295,172.31.36.0-255,66,31622,7,244358
5612,0.000339,74.125.24.0-255,2902,34524,7,244358
5613,0.000341,172.31.36.0-255,66,34590,7,244358
5614,0.000356,74.125.24.0-255,4320,38910,7,244358
5615,0.000358,172.31.36.0-255,66,38976,7,244358
5616,0.000373,74.125.24.0-255,1484,40460,7,244358
5617,0.000376,172.31.36.0-255,66,40526,7,244358
5618,0.000406,74.125.24.0-255,7156,47682,7,244358
5619,0.000408,172.31.36.0-255,66,47748,7,244358
5620,0.000425,74.125.24.0-255,1125,48873,7,244358
5621,0.000427,172.31.36.0-255,66,48939,7,244358
5622,0.001142,74.125.24.0-255,1484,50423,7,244358
5623,0.001149,74.125.24.0-255,2902,53325,7,244358
5624,0.001174,74.125.24.0-255,5738,59063,7,244358
5625,0.001186,74.125.24.0-255,1484,60547,7,244358
5626,0.001194,172.31.36.0-255,66,60613,7,244358
5627,0.001229,74.125.24.0-255,5960,66573,7,244358
5628,0.001407,172.31.36.0-255,66,66639,7,244358
5629,0.001474,74.125.24.0-255,1484,68123,7,244358
5630,0.001482,74.125.24.0-255,2902,71025,7,244358
5631,0.001485,74.125.24.0-255,1484,72509,7,244358
5632,0.001489,172.31.36.0-255,66,72575,7,244358
5633,0.0015,74.125.24.0-255,4320,76895,7,244358
5634,0.001503,74.125.24.0-255,1484,78379,7,244358
5635,0.001508,172.31.36.0-255,66,78445,7,244358
5636,0.001549,172.31.36.0-255,66,78511,7,244358
5637,0.00159,74.125.24.0-255,4320,82831,7,244358
5638,0.001603,172.31.36.0-255,66,82897,7,244358
5639,0.001614,74.125.24.0-255,5738,88635,7,244358
5640,0.001625,172.31.36.0-255,66,88701,7,244358
5641,0.001677,74.125.24.0-255,2902,91603,7,244358
5642,0.001714,172.31.36.0-255,66,91669,7,244358
5643,0.001789,74.125.24.0-255,1484,93153,7,244358
5644,0.001808,74.125.24.0-255,2902,96055,7,244358
5645,0.001814,74.125.24.0-255,4320,100375,7,244358
5646,0.001819,172.31.36.0-255,66,100441,7,244358
5647,0.001827,74.125.24.0-255,1484,101925,7,244358
5648,0.00187,172.31.36.0-255,66,101991,7,244358
5649,0.002167,74.125.24.0-255,1484,103475,7,244358
5650,0.002175,74.125.24.0-255,2902,106377,7,244358
5651,0.002181,74.125.24.0-255,5738,112115,7,244358
5652,0.002202,172.31.36.0-255,66,112181,7,244358
5653,0.002214,74.125.24.0-255,5738,117919,7,244358
5654,0.002224,172.31.36.0-255,66,117985,7,244358
5655,0.002231,74.125.24.0-255,7156,125141,7,244358
5656,0.002257,172.31.36.0-255,66,125207,7,244358
5657,0.002296,74.125.24.0-255,5738,130945,7,244358
5658,0.002319,172.31.36.0-255,66,131011,7,244358
5659,0.002338,74.125.24.0-255,5020,136031,7,244358
5660,0.002347,172.31.36.0-255,66,136097,7,244358
5661,0.004644,74.125.24.0-255,5738,141835,7,244358
5662,0.004651,172.31.36.0-255,66,141901,7,244358
5663,0.006917,74.125.24.0-255,5738,147639,7,244358
5664,0.008802,172.31.36.0-255,66,147705,7,244358
5665,0.011128,74.125.24.0-255,5738,153443,7,244358
5666,0.011137,172.31.36.0-255,66,153509,7,244358
5667,0.013406,74.125.24.0-255,5738,159247,7,244358
5668,0.015975,172.31.36.0-255,66,159313,7,244358
5669,0.018255,74.125.24.0-255,5738,165051,7,244358
5670,0.018265,172.31.36.0-255,66,165117,7,244358
5671,0.020529,74.125.24.0-255,5738,170855,7,244358
5672,0.020536,172.31.36.0-255,66,170921,7,244358
5673,0.022821,74.125.24.0-255,5738,176659,7,244358
5674,0.02283,172.31.36.0-255,66,176725,7,244358
5675,0.024719,172.31.36.0-255,172,176897,7,244358
5676,0.02475,172.31.36.0-255,1114,178011,7,244358
5677,0.024813,172.31.36.0-255,1514,179525,7,244358
5678,0.024815,172.31.36.0-255,332,179857,7,244358
5679,0.025104,74.125.24.0-255,5738,185595,7,244358
5680,0.02511,172.31.36.0-255,66,185661,7,244358
5681,0.026292,104.244.42.0-255,66,185727,7,244358
5682,0.0263,104.244.42.0-255,66,185793,7,244358
5683,0.026373,104.244.42.0-255,66,185859,7,244358
5684,0.027402,74.125.24.0-255,5738,191597,7,244358
5685,0.027408,172.31.36.0-255,66,191663,7,244358
5686,0.029697,74.125.24.0-255,5738,197401,7,244358
5687,0.029704,172.31.36.0-255,66,197467,7,244358
5688,0.031974,74.125.24.0-255,5738,203205,7,244358
5689,0.031982,172.31.36.0-255,66,203271,7,244358
5690,0.034257,74.125.24.0-255,5738,209009,7,244358
5691,0.034264,172.31.36.0-255,66,209075,7,244358
5692,0.036531,74.125.24.0-255,5738,214813,7,244358
5693,0.036537,172.31.36.0-255,66,214879,7,244358
5694,0.03767,172.31.36.0-255,105,214984,7,244358
5695,0.037828,172.31.36.0-255,90,215074,7,244358
5696,0.037837,172.31.36.0-255,66,215140,7,244358
5697,0.038822,74.125.24.0-255,5738,220878,7,244358
5698,0.038828,172.31.36.0-255,66,220944,7,244358
5699,0.040208,74.125.130.0-255,66,221010,7,244358
5700,0.040235,74.125.130.0-255,66,221076,7,244358
5701,0.040255,172.31.36.0-255,66,221142,7,244358
5702,0.041089,74.125.24.0-255,5738,226880,7,244358
5703,0.041096,172.31.36.0-255,66,226946,7,244358
5704,0.043395,74.125.24.0-255,5738,232684,7,244358
5705,0.043402,172.31.36.0-255,66,232750,7,244358
5706,0.045663,74.125.24.0-255,5738,238488,7,244358
5707,0.04567,172.31.36.0-255,66,238554,7,244358
5708,0.047965,74.125.24.0-255,5738,244292,7,244358
5709,0.047972,172.31.36.0-255,66,244358,7,244358
5710,0.0,172.31.36.0-255,66,66,7,183875
5711,0.010745,74.125.24.0-255,146,212,7,183875
5712,0.010771,172.31.36.0-255,66,278,7,183875
5713,0.010776,74.125.24.0-255,1484,1762,7,183875
5714,0.010781,172.31.36.0-255,66,1828,7,183875
5715,0.010802,74.125.24.0-255,2902,4730,7,183875
5716,0.010805,172.31.36.0-255,66,4796,7,183875
5717,0.010834,74.125.24.0-255,7156,11952,7,183875
5718,0.010837,172.31.36.0-255,66,12018,7,183875
5719,0.010882,74.125.24.0-255,2902,14920,7,183875
5720,0.010885,172.31.36.0-255,66,14986,7,183875
5721,0.010903,74.125.24.0-255,1993,16979,7,183875
5722,0.010906,172.31.36.0-255,66,17045,7,183875
5723,0.010972,74.125.24.0-255,5738,22783,7,183875
5724,0.010976,172.31.36.0-255,66,22849,7,183875
5725,0.011014,74.125.24.0-255,2902,25751,7,183875
5726,0.011017,172.31.36.0-255,66,25817,7,183875
5727,0.011048,172.31.36.0-255,66,25883,7,183875
5728,0.01115,74.125.24.0-255,4320,30203,7,183875
5729,0.011155,172.31.36.0-255,66,30269,7,183875
5730,0.011167,74.125.24.0-255,1484,31753,7,183875
5731,0.011171,172.31.36.0-255,66,31819,7,183875
5732,0.011218,74.125.24.0-255,6438,38257,7,183875
5733,0.011222,172.31.36.0-255,66,38323,7,183875
5734,0.011277,74.125.24.0-255,2902,41225,7,183875
5735,0.01128,172.31.36.0-255,66,41291,7,183875
5736,0.011308,172.31.36.0-255,66,41357,7,183875
5737,0.011428,74.125.24.0-255,2902,44259,7,183875
5738,0.011432,172.31.36.0-255,66,44325,7,183875
5739,0.011449,74.125.24.0-255,1449,45774,7,183875
5740,0.011451,172.31.36.0-255,66,45840,7,183875
5741,0.011623,74.125.24.0-255,1484,47324,7,183875
5742,0.011634,74.125.24.0-255,2902,50226,7,183875
5743,0.011637,172.31.36.0-255,66,50292,7,183875
5744,0.011643,74.125.24.0-255,2902,53194,7,183875
5745,0.011644,172.31.36.0-255,66,53260,7,183875
5746,0.011661,74.125.24.0-255,2902,56162,7,183875
5747,0.011664,172.31.36.0-255,66,56228,7,183875
5748,0.011715,74.125.24.0-255,7156,63384,7,183875
5749,0.01172,172.31.36.0-255,66,63450,7,183875
5750,0.011739,74.125.24.0-255,2543,65993,7,183875
5751,0.011742,172.31.36.0-255,66,66059,7,183875
5752,0.01182,74.125.24.0-255,5738,71797,7,183875
5753,0.011826,172.31.36.0-255,66,71863,7,183875
5754,0.01185,74.125.24.0-255,4320,76183,7,183875
5755,0.011853,172.31.36.0-255,66,76249,7,183875
5756,0.011941,172.31.36.0-255,66,76315,7,183875
5757,0.011987,172.31.36.0-255,66,76381,7,183875
5758,0.012176,172.31.36.0-255,66,76447,7,183875
5759,0.012209,172.31.36.0-255,66,76513,7,183875
5760,0.012456,172.31.36.0-255,66,76579,7,183875
5761,0.012492,172.31.36.0-255,66,76645,7,183875
5762,0.012732,172.31.36.0-255,66,76711,7,183875
5763,0.012763,172.31.36.0-255,66,76777,7,183875
5764,0.013027,74.125.24.0-255,5738,82515,7,183875
5765,0.013031,172.31.36.0-255,66,82581,7,183875
5766,0.01305,74.125.24.0-255,2184,84765,7,183875
5767,0.013054,172.31.36.0-255,66,84831,7,183875
5768,0.013094,74.125.24.0-255,5738,90569,7,183875
5769,0.013098,172.31.36.0-255,66,90635,7,183875
5770,0.013129,172.31.36.0-255,66,90701,7,183875
5771,0.01316,172.31.36.0-255,66,90767,7,183875
5772,0.013456,74.125.24.0-255,5738,96505,7,183875
5773,0.01346,172.31.36.0-255,66,96571,7,183875
5774,0.013483,172.31.36.0-255,66,96637,7,183875
5775,0.013532,172.31.36.0-255,66,96703,7,183875
5776,0.01383,74.125.24.0-255,7156,103859,7,183875
5777,0.013835,172.31.36.0-255,66,103925,7,183875
5778,0.013874,172.31.36.0-255,66,103991,7,183875
5779,0.014163,74.125.24.0-255,5738,109729,7,183875
5780,0.014168,172.31.36.0-255,66,109795,7,183875
5781,0.01421,172.31.36.0-255,66,109861,7,183875
5782,0.014243,172.31.36.0-255,66,109927,7,183875
5783,0.014257,74.125.24.0-255,5738,115665,7,183875
5784,0.014259,172.31.36.0-255,66,115731,7,183875
5785,0.014278,74.125.24.0-255,7138,122869,7,183875
5786,0.01428,172.31.36.0-255,66,122935,7,183875
5787,0.016865,74.125.24.0-255,5738,128673,7,183875
5788,0.01687,172.31.36.0-255,66,128739,7,183875
5789,0.019477,74.125.24.0-255,5738,134477,7,183875
5790,0.019485,172.31.36.0-255,66,134543,7,183875
5791,0.022074,74.125.24.0-255,5738,140281,7,183875
5792,0.022081,172.31.36.0-255,66,140347,7,183875
5793,0.024708,74.125.24.0-255,5738,146085,7,183875
5794,0.024722,172.31.36.0-255,66,146151,7,183875
5795,0.027335,74.125.24.0-255,5738,151889,7,183875
5796,0.027345,172.31.36.0-255,66,151955,7,183875
5797,0.029937,74.125.24.0-255,5738,157693,7,183875
5798,0.029944,172.31.36.0-255,66,157759,7,183875
5799,0.032537,74.125.24.0-255,5738,163497,7,183875
5800,0.032544,172.31.36.0-255,66,163563,7,183875
5801,0.035153,74.125.24.0-255,5738,169301,7,183875
5802,0.03516,172.31.36.0-255,66,169367,7,183875
5803,0.037775,74.125.24.0-255,5738,175105,7,183875
5804,0.037784,172.31.36.0-255,66,175171,7,183875
5805,0.040405,74.125.24.0-255,3987,179158,7,183875
5806,0.040413,172.31.36.0-255,66,179224,7,183875
5807,0.040816,172.31.36.0-255,188,179412,7,183875
5808,0.040854,172.31.36.0-255,958,180370,7,183875
5809,0.040926,172.31.36.0-255,1514,181884,7,183875
5810,0.040928,172.31.36.0-255,1448,183332,7,183875
5811,0.041039,172.31.36.0-255,105,183437,7,183875
5812,0.042403,104.244.42.0-255,66,183503,7,183875
5813,0.042411,104.244.42.0-255,66,183569,7,183875
5814,0.042493,104.244.42.0-255,66,183635,7,183875
5815,0.043592,74.125.24.0-255,66,183701,7,183875
5816,0.043743,104.244.42.0-255,108,183809,7,183875
5817,0.043747,172.31.36.0-255,66,183875,7,183875
5818,0.0,172.217.194.0-255,146,146,7,215100
5819,2.4e-05,172.31.36.0-255,66,212,7,215100
5820,3.1e-05,172.217.194.0-255,1484,1696,7,215100
5821,3.5e-05,172.31.36.0-255,66,1762,7,215100
5822,4.1e-05,172.217.194.0-255,2902,4664,7,215100
5823,5.3e-05,172.31.36.0-255,66,4730,7,215100
5824,6e-05,172.217.194.0-255,5738,10468,7,215100
5825,6.4e-05,172.31.36.0-255,66,10534,7,215100
5826,6.7e-05,172.217.194.0-255,1484,12018,7,215100
5827,7e-05,172.31.36.0-255,66,12084,7,215100
5828,0.000121,172.31.36.0-255,66,12150,7,215100
5829,0.000129,172.217.194.0-255,6797,18947,7,215100
5830,0.000131,172.31.36.0-255,66,19013,7,215100
5831,0.00014,172.217.194.0-255,1484,20497,7,215100
5832,0.000143,172.31.36.0-255,66,20563,7,215100
5833,0.000148,172.217.194.0-255,2902,23465,7,215100
5834,0.00015,172.31.36.0-255,66,23531,7,215100
5835,0.000155,172.217.194.0-255,2902,26433,7,215100
5836,0.000157,172.31.36.0-255,66,26499,7,215100
5837,0.00019,172.217.194.0-255,2902,29401,7,215100
5838,0.000192,172.31.36.0-255,66,29467,7,215100
5839,0.000199,172.217.194.0-255,5738,35205,7,215100
5840,0.000202,172.31.36.0-255,66,35271,7,215100
5841,0.000241,172.31.36.0-255,66,35337,7,215100
5842,0.000253,172.31.36.0-255,66,35403,7,215100
5843,0.000278,172.217.194.0-255,430,35833,7,215100
5844,0.000284,172.31.36.0-255,66,35899,7,215100
5845,0.000395,172.217.194.0-255,1484,37383,7,215100
5846,0.000399,172.31.36.0-255,66,37449,7,215100
5847,0.000405,172.217.194.0-255,2902,40351,7,215100
5848,0.000408,172.31.36.0-255,66,40417,7,215100
5849,0.000442,172.217.194.0-255,5738,46155,7,215100
5850,0.000445,172.31.36.0-255,66,46221,7,215100
5851,0.000453,172.217.194.0-255,6247,52468,7,215100
5852,0.000566,172.31.36.0-255,66,52534,7,215100
5853,0.001003,172.217.194.0-255,1484,54018,7,215100
5854,0.00101,172.217.194.0-255,2902,56920,7,215100
5855,0.001013,172.31.36.0-255,66,56986,7,215100
5856,0.001018,172.217.194.0-255,1484,58470,7,215100
5857,0.001046,172.217.194.0-255,4320,62790,7,215100
5858,0.001052,172.217.194.0-255,4320,67110,7,215100
5859,0.001064,172.31.36.0-255,66,67176,7,215100
5860,0.001074,172.217.194.0-255,2902,70078,7,215100
5861,0.001093,172.31.36.0-255,66,70144,7,215100
5862,0.001104,172.217.194.0-255,4320,74464,7,215100
5863,0.001122,172.217.194.0-255,3602,78066,7,215100
5864,0.001134,172.31.36.0-255,66,78132,7,215100
5865,0.001409,172.217.194.0-255,1484,79616,7,215100
5866,0.001425,172.217.194.0-255,2902,82518,7,215100
5867,0.001429,172.31.36.0-255,66,82584,7,215100
5868,0.001436,172.217.194.0-255,4320,86904,7,215100
5869,0.001441,172.31.36.0-255,66,86970,7,215100
5870,0.00147,172.217.194.0-255,1484,88454,7,215100
5871,0.001499,172.31.36.0-255,66,88520,7,215100
5872,0.001508,172.217.194.0-255,2902,91422,7,215100
5873,0.001546,172.31.36.0-255,66,91488,7,215100
5874,0.001602,172.217.194.0-255,1484,92972,7,215100
5875,0.001607,172.217.194.0-255,2902,95874,7,215100
5876,0.00161,172.31.36.0-255,66,95940,7,215100
5877,0.001633,172.217.194.0-255,5738,101678,7,215100
5878,0.001645,172.31.36.0-255,66,101744,7,215100
5879,0.001726,172.217.194.0-255,2184,103928,7,215100
5880,0.00175,172.217.194.0-255,2902,106830,7,215100
5881,0.001753,172.217.194.0-255,1484,108314,7,215100
5882,0.001757,172.31.36.0-255,66,108380,7,215100
5883,0.001777,172.217.194.0-255,5738,114118,7,215100
5884,0.001792,172.31.36.0-255,66,114184,7,215100
5885,0.001871,172.31.36.0-255,66,114250,7,215100
5886,0.001899,172.217.194.0-255,1484,115734,7,215100
5887,0.001905,172.217.194.0-255,2902,118636,7,215100
5888,0.00191,172.31.36.0-255,66,118702,7,215100
5889,0.001941,172.217.194.0-255,5738,124440,7,215100
5890,0.001961,172.31.36.0-255,66,124506,7,215100
5891,0.001967,172.217.194.0-255,4320,128826,7,215100
5892,0.002012,172.31.36.0-255,66,128892,7,215100
5893,0.002086,172.217.194.0-255,1484,130376,7,215100
5894,0.002096,172.217.194.0-255,2902,133278,7,215100
5895,0.002101,172.217.194.0-255,4320,137598,7,215100
5896,0.002116,172.217.194.0-255,1484,139082,7,215100
5897,0.002122,172.217.194.0-255,5738,144820,7,215100
5898,0.002145,172.217.194.0-255,7156,151976,7,215100
5899,0.002162,172.217.194.0-255,5738,157714,7,215100
5900,0.002166,172.217.194.0-255,2902,160616,7,215100
5901,0.002178,172.217.194.0-255,2184,162800,7,215100
5902,0.002221,172.217.194.0-255,2902,165702,7,215100
5903,0.002244,172.217.194.0-255,4320,170022,7,215100
5904,0.002252,172.217.194.0-255,7156,177178,7,215100
5905,0.002265,172.217.194.0-255,1484,178662,7,215100
5906,0.002268,172.217.194.0-255,1484,180146,7,215100
5907,0.002324,172.217.194.0-255,3602,183748,7,215100
5908,0.002346,172.217.194.0-255,4320,188068,7,215100
5909,0.002377,172.217.194.0-255,4320,192388,7,215100
5910,0.002391,172.217.194.0-255,2902,195290,7,215100
5911,0.002423,172.217.194.0-255,4320,199610,7,215100
5912,0.002558,172.217.194.0-255,4320,203930,7,215100
5913,0.002591,172.217.194.0-255,2902,206832,7,215100
5914,0.002603,172.217.194.0-255,3634,210466,7,215100
5915,0.002629,172.217.194.0-255,105,210571,7,215100
5916,0.00897,172.31.36.0-255,66,210637,7,215100
5917,0.011348,172.31.36.0-255,105,210742,7,215100
5918,0.013963,172.217.194.0-255,66,210808,7,215100
5919,0.031473,172.31.36.0-255,172,210980,7,215100
5920,0.031507,172.31.36.0-255,1112,212092,7,215100
5921,0.03157,172.31.36.0-255,1514,213606,7,215100
5922,0.031572,172.31.36.0-255,1296,214902,7,215100
5923,0.033023,104.244.42.0-255,66,214968,7,215100
5924,0.033062,104.244.42.0-255,66,215034,7,215100
5925,0.03309,104.244.42.0-255,66,215100,7,215100
5926,0.0,74.125.24.0-255,297,297,7,192277
5927,1.8e-05,172.31.36.0-255,66,363,7,192277
5928,2.5e-05,74.125.24.0-255,1484,1847,7,192277
5929,2.8e-05,172.31.36.0-255,66,1913,7,192277
5930,3.4e-05,74.125.24.0-255,4320,6233,7,192277
5931,4.4e-05,172.31.36.0-255,66,6299,7,192277
5932,5e-05,74.125.24.0-255,4320,10619,7,192277
5933,5.3e-05,172.31.36.0-255,66,10685,7,192277
5934,7.1e-05,74.125.24.0-255,3254,13939,7,192277
5935,7.7e-05,172.31.36.0-255,66,14005,7,192277
5936,0.000166,74.125.24.0-255,1484,15489,7,192277
5937,0.00017,172.31.36.0-255,66,15555,7,192277
5938,0.000176,74.125.24.0-255,2902,18457,7,192277
5939,0.000179,172.31.36.0-255,66,18523,7,192277
5940,0.000209,74.125.24.0-255,5738,24261,7,192277
5941,0.000212,172.31.36.0-255,66,24327,7,192277
5942,0.000217,74.125.24.0-255,4320,28647,7,192277
5943,0.00022,172.31.36.0-255,66,28713,7,192277
5944,0.000248,74.125.24.0-255,2543,31256,7,192277
5945,0.000251,172.31.36.0-255,66,31322,7,192277
5946,0.000561,74.125.24.0-255,1484,32806,7,192277
5947,0.000567,172.31.36.0-255,66,32872,7,192277
5948,0.000572,74.125.24.0-255,2902,35774,7,192277
5949,0.000575,172.31.36.0-255,66,35840,7,192277
5950,0.000605,74.125.24.0-255,5738,41578,7,192277
5951,0.000608,172.31.36.0-255,66,41644,7,192277
5952,0.000614,74.125.24.0-255,5738,47382,7,192277
5953,0.000616,172.31.36.0-255,66,47448,7,192277
5954,0.000644,74.125.24.0-255,6797,54245,7,192277
5955,0.000647,172.31.36.0-255,66,54311,7,192277
5956,0.00065,74.125.24.0-255,1484,55795,7,192277
5957,0.000652,172.31.36.0-255,66,55861,7,192277
5958,0.000695,74.125.24.0-255,1125,56986,7,192277
5959,0.000719,172.31.36.0-255,66,57052,7,192277
5960,0.000746,74.125.24.0-255,363,57415,7,192277
5961,0.001096,172.31.36.0-255,66,57481,7,192277
5962,0.001592,74.125.24.0-255,381,57862,7,192277
5963,0.001793,74.125.24.0-255,1484,59346,7,192277
5964,0.001799,172.31.36.0-255,66,59412,7,192277
5965,0.001806,74.125.24.0-255,2902,62314,7,192277
5966,0.001808,172.31.36.0-255,66,62380,7,192277
5967,0.001835,74.125.24.0-255,5738,68118,7,192277
5968,0.001838,172.31.36.0-255,66,68184,7,192277
5969,0.001877,74.125.24.0-255,6797,74981,7,192277
5970,0.001921,74.125.24.0-255,7156,82137,7,192277
5971,0.00197,74.125.24.0-255,1125,83262,7,192277
5972,0.007115,172.31.36.0-255,66,83328,7,192277
5973,0.009479,74.125.24.0-255,5738,89066,7,192277
5974,0.009488,172.31.36.0-255,66,89132,7,192277
5975,0.01186,74.125.24.0-255,5738,94870,7,192277
5976,0.01187,172.31.36.0-255,66,94936,7,192277
5977,0.014232,74.125.24.0-255,5738,100674,7,192277
5978,0.014239,172.31.36.0-255,66,100740,7,192277
5979,0.016572,74.125.24.0-255,5738,106478,7,192277
5980,0.016583,172.31.36.0-255,66,106544,7,192277
5981,0.018947,74.125.24.0-255,5738,112282,7,192277
5982,0.018956,172.31.36.0-255,66,112348,7,192277
5983,0.021313,74.125.24.0-255,5738,118086,7,192277
5984,0.021321,172.31.36.0-255,66,118152,7,192277
5985,0.023644,74.125.24.0-255,5738,123890,7,192277
5986,0.023652,172.31.36.0-255,66,123956,7,192277
5987,0.026005,74.125.24.0-255,5738,129694,7,192277
5988,0.026011,172.31.36.0-255,66,129760,7,192277
5989,0.026861,172.31.36.0-255,192,129952,7,192277
5990,0.026911,172.31.36.0-255,958,130910,7,192277
5991,0.026971,172.31.36.0-255,1514,132424,7,192277
5992,0.026973,172.31.36.0-255,1448,133872,7,192277
5993,0.028375,74.125.24.0-255,5738,139610,7,192277
5994,0.028383,172.31.36.0-255,66,139676,7,192277
5995,0.028547,104.244.42.0-255,66,139742,7,192277
5996,0.028563,172.31.36.0-255,101,139843,7,192277
5997,0.028652,104.244.42.0-255,66,139909,7,192277
5998,0.028799,104.244.42.0-255,66,139975,7,192277
5999,0.030757,74.125.24.0-255,5738,145713,7,192277
6000,0.030763,172.31.36.0-255,66,145779,7,192277
6001,0.030911,74.125.24.0-255,66,145845,7,192277
6002,0.03314,74.125.24.0-255,5738,151583,7,192277
6003,0.033145,172.31.36.0-255,66,151649,7,192277
6004,0.035509,74.125.24.0-255,5738,157387,7,192277
6005,0.035515,172.31.36.0-255,66,157453,7,192277
6006,0.037839,74.125.24.0-255,5738,163191,7,192277
6007,0.037845,172.31.36.0-255,66,163257,7,192277
6008,0.0402,74.125.24.0-255,5738,168995,7,192277
6009,0.04021,172.31.36.0-255,66,169061,7,192277
6010,0.04258,74.125.24.0-255,5738,174799,7,192277
6011,0.042586,172.31.36.0-255,66,174865,7,192277
6012,0.044961,74.125.24.0-255,5738,180603,7,192277
6013,0.044968,172.31.36.0-255,66,180669,7,192277
6014,0.047317,74.125.24.0-255,5738,186407,7,192277
6015,0.047324,172.31.36.0-255,66,186473,7,192277
6016,0.049674,74.125.24.0-255,5738,192211,7,192277
6017,0.04968,172.31.36.0-255,66,192277,7,192277
6018,0.0,74.125.24.0-255,144,144,7,212496
6019,2.8e-05,172.31.36.0-255,66,210,7,212496
6020,3.6e-05,74.125.24.0-255,1484,1694,7,212496
6021,4.1e-05,172.31.36.0-255,66,1760,7,212496
6022,5.6e-05,74.125.24.0-255,2902,4662,7,212496
6023,6e-05,172.31.36.0-255,66,4728,7,212496
6024,6.8e-05,74.125.24.0-255,7156,11884,7,212496
6025,7.2e-05,172.31.36.0-255,66,11950,7,212496
6026,7.8e-05,74.125.24.0-255,2014,13964,7,212496
6027,8.1e-05,172.31.36.0-255,66,14030,7,212496
6028,0.000258,74.125.24.0-255,1484,15514,7,212496
6029,0.000263,172.31.36.0-255,66,15580,7,212496
6030,0.00027,74.125.24.0-255,2902,18482,7,212496
6031,0.000272,172.31.36.0-255,66,18548,7,212496
6032,0.000285,74.125.24.0-255,5738,24286,7,212496
6033,0.000287,172.31.36.0-255,66,24352,7,212496
6034,0.000338,74.125.24.0-255,6797,31149,7,212496
6035,0.000341,172.31.36.0-255,66,31215,7,212496
6036,0.000348,74.125.24.0-255,5738,36953,7,212496
6037,0.000351,172.31.36.0-255,66,37019,7,212496
6038,0.000372,74.125.24.0-255,1484,38503,7,212496
6039,0.000374,172.31.36.0-255,66,38569,7,212496
6040,0.000387,74.125.24.0-255,5738,44307,7,212496
6041,0.00039,172.31.36.0-255,66,44373,7,212496
6042,0.000413,74.125.24.0-255,3961,48334,7,212496
6043,0.00042,172.31.36.0-255,66,48400,7,212496
6044,0.000883,74.125.24.0-255,1484,49884,7,212496
6045,0.000888,172.31.36.0-255,66,49950,7,212496
6046,0.000894,74.125.24.0-255,2902,52852,7,212496
6047,0.000896,172.31.36.0-255,66,52918,7,212496
6048,0.000902,74.125.24.0-255,2902,55820,7,212496
6049,0.000909,172.31.36.0-255,66,55886,7,212496
6050,0.000916,74.125.24.0-255,7156,63042,7,212496
6051,0.000918,172.31.36.0-255,66,63108,7,212496
6052,0.000981,172.31.36.0-255,66,63174,7,212496
6053,0.000986,74.125.24.0-255,2543,65717,7,212496
6054,0.000988,172.31.36.0-255,66,65783,7,212496
6055,0.001029,172.31.36.0-255,66,65849,7,212496
6056,0.001061,74.125.24.0-255,5960,71809,7,212496
6057,0.001064,172.31.36.0-255,66,71875,7,212496
6058,0.0015,74.125.24.0-255,1484,73359,7,212496
6059,0.001508,74.125.24.0-255,2902,76261,7,212496
6060,0.001512,172.31.36.0-255,66,76327,7,212496
6061,0.001543,74.125.24.0-255,5738,82065,7,212496
6062,0.001546,172.31.36.0-255,66,82131,7,212496
6063,0.001565,172.31.36.0-255,66,82197,7,212496
6064,0.001578,172.31.36.0-255,66,82263,7,212496
6065,0.00158,74.125.24.0-255,766,83029,7,212496
6066,0.001839,172.31.36.0-255,66,83095,7,212496
6067,0.00201,74.125.24.0-255,1484,84579,7,212496
6068,0.002019,74.125.24.0-255,2902,87481,7,212496
6069,0.002023,172.31.36.0-255,66,87547,7,212496
6070,0.002031,74.125.24.0-255,5738,93285,7,212496
6071,0.002033,172.31.36.0-255,66,93351,7,212496
6072,0.00208,172.31.36.0-255,66,93417,7,212496
6073,0.002097,172.31.36.0-255,66,93483,7,212496
6074,0.004396,74.125.24.0-255,5738,99221,7,212496
6075,0.004404,172.31.36.0-255,66,99287,7,212496
6076,0.006705,74.125.24.0-255,4320,103607,7,212496
6077,0.006708,172.31.36.0-255,66,103673,7,212496
6078,0.006734,74.125.24.0-255,1484,105157,7,212496
6079,0.009016,74.125.24.0-255,4320,109477,7,212496
6080,0.009024,172.31.36.0-255,66,109543,7,212496
6081,0.011339,74.125.24.0-255,5738,115281,7,212496
6082,0.011347,172.31.36.0-255,66,115347,7,212496
6083,0.013658,74.125.24.0-255,5738,121085,7,212496
6084,0.013668,172.31.36.0-255,66,121151,7,212496
6085,0.015966,74.125.24.0-255,5738,126889,7,212496
6086,0.015976,172.31.36.0-255,66,126955,7,212496
6087,0.018299,74.125.24.0-255,5738,132693,7,212496
6088,0.018313,172.31.36.0-255,66,132759,7,212496
6089,0.020656,74.125.24.0-255,5738,138497,7,212496
6090,0.020668,172.31.36.0-255,66,138563,7,212496
6091,0.022983,74.125.24.0-255,5738,144301,7,212496
6092,0.022991,172.31.36.0-255,66,144367,7,212496
6093,0.025307,74.125.24.0-255,5738,150105,7,212496
6094,0.025316,172.31.36.0-255,66,150171,7,212496
6095,0.027644,74.125.24.0-255,5738,155909,7,212496
6096,0.027653,172.31.36.0-255,66,155975,7,212496
6097,0.029951,74.125.24.0-255,5738,161713,7,212496
6098,0.029959,172.31.36.0-255,66,161779,7,212496
6099,0.030927,172.31.36.0-255,167,161946,7,212496
6100,0.030958,172.31.36.0-255,1116,163062,7,212496
6101,0.031017,172.31.36.0-255,1514,164576,7,212496
6102,0.031018,172.31.36.0-255,1290,165866,7,212496
6103,0.032271,74.125.24.0-255,5738,171604,7,212496
6104,0.032279,172.31.36.0-255,66,171670,7,212496
6105,0.032458,104.244.42.0-255,66,171736,7,212496
6106,0.032632,104.244.42.0-255,66,171802,7,212496
6107,0.032661,104.244.42.0-255,66,171868,7,212496
6108,0.034572,74.125.24.0-255,5738,177606,7,212496
6109,0.034577,172.31.36.0-255,66,177672,7,212496
6110,0.036898,74.125.24.0-255,5738,183410,7,212496
6111,0.036908,172.31.36.0-255,66,183476,7,212496
6112,0.03923,74.125.24.0-255,5738,189214,7,212496
6113,0.039239,172.31.36.0-255,66,189280,7,212496
6114,0.041564,74.125.24.0-255,5738,195018,7,212496
6115,0.041576,172.31.36.0-255,66,195084,7,212496
6116,0.043897,74.125.24.0-255,5738,200822,7,212496
6117,0.043908,172.31.36.0-255,66,200888,7,212496
6118,0.046203,74.125.24.0-255,5738,206626,7,212496
6119,0.04621,172.31.36.0-255,66,206692,7,212496
6120,0.048506,74.125.24.0-255,5738,212430,7,212496
6121,0.048513,172.31.36.0-255,66,212496,7,212496
6122,0.0,74.125.24.0-255,297,297,7,297870
6123,2.9e-05,172.31.36.0-255,66,363,7,297870
6124,3.7e-05,74.125.24.0-255,1484,1847,7,297870
6125,4.1e-05,172.31.36.0-255,66,1913,7,297870
6126,4.6e-05,74.125.24.0-255,4320,6233,7,297870
6127,4.9e-05,172.31.36.0-255,66,6299,7,297870
6128,6.8e-05,172.31.36.0-255,66,6365,7,297870
6129,7.5e-05,74.125.24.0-255,7156,13521,7,297870
6130,7.7e-05,172.31.36.0-255,66,13587,7,297870
6131,0.00012,172.31.36.0-255,66,13653,7,297870
6132,0.000146,74.125.24.0-255,5738,19391,7,297870
6133,0.000148,172.31.36.0-255,66,19457,7,297870
6134,0.000156,74.125.24.0-255,6438,25895,7,297870
6135,0.000158,172.31.36.0-255,66,25961,7,297870
6136,0.0002,74.125.24.0-255,1484,27445,7,297870
6137,0.000203,172.31.36.0-255,66,27511,7,297870
6138,0.000208,74.125.24.0-255,2902,30413,7,297870
6139,0.000211,172.31.36.0-255,66,30479,7,297870
6140,0.000214,74.125.24.0-255,2902,33381,7,297870
6141,0.000216,172.31.36.0-255,66,33447,7,297870
6142,0.000245,74.125.24.0-255,2902,36349,7,297870
6143,0.000249,172.31.36.0-255,66,36415,7,297870
6144,0.000278,74.125.24.0-255,7134,43549,7,297870
6145,0.000281,172.31.36.0-255,66,43615,7,297870
6146,0.00047,74.125.24.0-255,1484,45099,7,297870
6147,0.000476,74.125.24.0-255,2902,48001,7,297870
6148,0.000478,74.125.24.0-255,1484,49485,7,297870
6149,0.000479,172.31.36.0-255,66,49551,7,297870
6150,0.000483,172.31.36.0-255,66,49617,7,297870
6151,0.000486,172.31.36.0-255,66,49683,7,297870
6152,0.000492,74.125.24.0-255,4320,54003,7,297870
6153,0.000505,74.125.24.0-255,5738,59741,7,297870
6154,0.000506,172.31.36.0-255,66,59807,7,297870
6155,0.000512,172.31.36.0-255,66,59873,7,297870
6156,0.000547,74.125.24.0-255,7156,67029,7,297870
6157,0.000554,74.125.24.0-255,5738,72767,7,297870
6158,0.00056,172.31.36.0-255,66,72833,7,297870
6159,0.000572,74.125.24.0-255,5020,77853,7,297870
6160,0.000576,172.31.36.0-255,66,77919,7,297870
6161,0.000764,74.125.24.0-255,349,78268,7,297870
6162,0.000789,74.125.24.0-255,1484,79752,7,297870
6163,0.000793,172.31.36.0-255,66,79818,7,297870
6164,0.000807,74.125.24.0-255,4320,84138,7,297870
6165,0.000817,172.31.36.0-255,66,84204,7,297870
6166,0.000824,74.125.24.0-255,1484,85688,7,297870
6167,0.000879,74.125.24.0-255,6438,92126,7,297870
6168,0.000883,172.31.36.0-255,66,92192,7,297870
6169,0.000889,172.31.36.0-255,66,92258,7,297870
6170,0.001427,74.125.24.0-255,1484,93742,7,297870
6171,0.001433,74.125.24.0-255,1484,95226,7,297870
6172,0.001436,172.31.36.0-255,66,95292,7,297870
6173,0.001448,74.125.24.0-255,1484,96776,7,297870
6174,0.001459,74.125.24.0-255,5738,102514,7,297870
6175,0.001462,172.31.36.0-255,66,102580,7,297870
6176,0.001515,172.31.36.0-255,66,102646,7,297870
6177,0.001531,172.31.36.0-255,66,102712,7,297870
6178,0.001547,74.125.24.0-255,2184,104896,7,297870
6179,0.001558,172.31.36.0-255,66,104962,7,297870
6180,0.001813,74.125.24.0-255,1484,106446,7,297870
6181,0.001823,74.125.24.0-255,2902,109348,7,297870
6182,0.001827,172.31.36.0-255,66,109414,7,297870
6183,0.001834,74.125.24.0-255,5738,115152,7,297870
6184,0.001836,172.31.36.0-255,66,115218,7,297870
6185,0.001848,74.125.24.0-255,2902,118120,7,297870
6186,0.00185,172.31.36.0-255,66,118186,7,297870
6187,0.001856,74.125.24.0-255,4320,122506,7,297870
6188,0.001858,172.31.36.0-255,66,122572,7,297870
6189,0.001886,74.125.24.0-255,5738,128310,7,297870
6190,0.001895,172.31.36.0-255,66,128376,7,297870
6191,0.001901,74.125.24.0-255,4320,132696,7,297870
6192,0.001903,172.31.36.0-255,66,132762,7,297870
6193,0.001953,74.125.24.0-255,5738,138500,7,297870
6194,0.001971,172.31.36.0-255,66,138566,7,297870
6195,0.002041,74.125.24.0-255,4320,142886,7,297870
6196,0.002066,74.125.24.0-255,4320,147206,7,297870
6197,0.002077,74.125.24.0-255,7156,154362,7,297870
6198,0.002118,172.31.36.0-255,66,154428,7,297870
6199,0.002151,74.125.24.0-255,1484,155912,7,297870
6200,0.002156,74.125.24.0-255,2902,158814,7,297870
6201,0.002158,74.125.24.0-255,1484,160298,7,297870
6202,0.00218,74.125.24.0-255,5738,166036,7,297870
6203,0.002202,74.125.24.0-255,5738,171774,7,297870
6204,0.002206,172.31.36.0-255,66,171840,7,297870
6205,0.002219,74.125.24.0-255,7156,178996,7,297870
6206,0.002262,172.31.36.0-255,66,179062,7,297870
6207,0.002355,74.125.24.0-255,766,179828,7,297870
6208,0.003544,172.31.36.0-255,66,179894,7,297870
6209,0.004566,74.125.24.0-255,4320,184214,7,297870
6210,0.004572,172.31.36.0-255,66,184280,7,297870
6211,0.005851,74.125.24.0-255,1484,185764,7,297870
6212,0.006883,74.125.24.0-255,1484,187248,7,297870
6213,0.006888,172.31.36.0-255,66,187314,7,297870
6214,0.006916,74.125.24.0-255,2902,190216,7,297870
6215,0.006919,172.31.36.0-255,66,190282,7,297870
6216,0.009206,74.125.24.0-255,2902,193184,7,297870
6217,0.009213,172.31.36.0-255,66,193250,7,297870
6218,0.009246,74.125.24.0-255,2902,196152,7,297870
6219,0.00925,172.31.36.0-255,66,196218,7,297870
6220,0.011511,74.125.24.0-255,2902,199120,7,297870
6221,0.011521,172.31.36.0-255,66,199186,7,297870
6222,0.01156,74.125.24.0-255,2902,202088,7,297870
6223,0.011564,172.31.36.0-255,66,202154,7,297870
6224,0.013842,74.125.24.0-255,2902,205056,7,297870
6225,0.013855,172.31.36.0-255,66,205122,7,297870
6226,0.013914,74.125.24.0-255,2902,208024,7,297870
6227,0.013919,172.31.36.0-255,66,208090,7,297870
6228,0.016154,74.125.24.0-255,2902,210992,7,297870
6229,0.016162,172.31.36.0-255,66,211058,7,297870
6230,0.016234,74.125.24.0-255,2902,213960,7,297870
6231,0.016239,172.31.36.0-255,66,214026,7,297870
6232,0.018476,74.125.24.0-255,2902,216928,7,297870
6233,0.018487,172.31.36.0-255,66,216994,7,297870
6234,0.018538,74.125.24.0-255,2902,219896,7,297870
6235,0.018542,172.31.36.0-255,66,219962,7,297870
6236,0.020808,74.125.24.0-255,2902,222864,7,297870
6237,0.020815,172.31.36.0-255,66,222930,7,297870
6238,0.020865,74.125.24.0-255,2902,225832,7,297870
6239,0.02087,172.31.36.0-255,66,225898,7,297870
6240,0.023148,74.125.24.0-255,2902,228800,7,297870
6241,0.023154,172.31.36.0-255,66,228866,7,297870
6242,0.023181,74.125.24.0-255,2902,231768,7,297870
6243,0.023184,172.31.36.0-255,66,231834,7,297870
6244,0.025468,74.125.24.0-255,2902,234736,7,297870
6245,0.025475,172.31.36.0-255,66,234802,7,297870
6246,0.025528,74.125.24.0-255,2902,237704,7,297870
6247,0.025532,172.31.36.0-255,66,237770,7,297870
6248,0.027778,74.125.24.0-255,2902,240672,7,297870
6249,0.027786,172.31.36.0-255,66,240738,7,297870
6250,0.02785,74.125.24.0-255,2902,243640,7,297870
6251,0.027854,172.31.36.0-255,66,243706,7,297870
6252,0.030069,74.125.24.0-255,2902,246608,7,297870
6253,0.030076,172.31.36.0-255,66,246674,7,297870
6254,0.030163,74.125.24.0-255,2902,249576,7,297870
6255,0.030168,172.31.36.0-255,66,249642,7,297870
6256,0.032393,74.125.24.0-255,2902,252544,7,297870
6257,0.032405,172.31.36.0-255,66,252610,7,297870
6258,0.032442,74.125.24.0-255,2902,255512,7,297870
6259,0.032447,172.31.36.0-255,66,255578,7,297870
6260,0.032816,172.31.36.0-255,172,255750,7,297870
6261,0.032859,172.31.36.0-255,1116,256866,7,297870
6262,0.032974,172.31.36.0-255,1514,258380,7,297870
6263,0.032977,172.31.36.0-255,1290,259670,7,297870
6264,0.034393,104.244.42.0-255,66,259736,7,297870
6265,0.034429,104.244.42.0-255,66,259802,7,297870
6266,0.034527,104.244.42.0-255,66,259868,7,297870
6267,0.034703,74.125.24.0-255,2902,262770,7,297870
6268,0.034706,172.31.36.0-255,66,262836,7,297870
6269,0.03474,74.125.24.0-255,2902,265738,7,297870
6270,0.034743,172.31.36.0-255,66,265804,7,297870
6271,0.035148,104.244.42.0-255,108,265912,7,297870
6272,0.035154,172.31.36.0-255,66,265978,7,297870
6273,0.037011,74.125.24.0-255,2902,268880,7,297870
6274,0.037015,172.31.36.0-255,66,268946,7,297870
6275,0.037048,74.125.24.0-255,2902,271848,7,297870
6276,0.037051,172.31.36.0-255,66,271914,7,297870
6277,0.039298,74.125.24.0-255,2902,274816,7,297870
6278,0.039304,172.31.36.0-255,66,274882,7,297870
6279,0.039347,74.125.24.0-255,2902,277784,7,297870
6280,0.039351,172.31.36.0-255,66,277850,7,297870
6281,0.041606,74.125.24.0-255,2902,280752,7,297870
6282,0.041611,172.31.36.0-255,66,280818,7,297870
6283,0.041644,74.125.24.0-255,2902,283720,7,297870
6284,0.041648,172.31.36.0-255,66,283786,7,297870
6285,0.043908,74.125.24.0-255,2902,286688,7,297870
6286,0.043919,172.31.36.0-255,66,286754,7,297870
6287,0.043949,74.125.24.0-255,2902,289656,7,297870
6288,0.043953,172.31.36.0-255,66,289722,7,297870
6289,0.04624,74.125.24.0-255,2902,292624,7,297870
6290,0.046246,172.31.36.0-255,66,292690,7,297870
6291,0.046273,74.125.24.0-255,2902,295592,7,297870
6292,0.046276,172.31.36.0-255,66,295658,7,297870
6293,0.048557,74.125.24.0-255,2041,297699,7,297870
6294,0.048568,172.31.36.0-255,66,297765,7,297870
6295,0.048814,172.31.36.0-255,105,297870,7,297870
6296,0.0,74.125.24.0-255,148,148,7,180045
6297,2.7e-05,172.31.36.0-255,66,214,7,180045
6298,3.4e-05,74.125.24.0-255,1484,1698,7,180045
6299,3.8e-05,172.31.36.0-255,66,1764,7,180045
6300,4.3e-05,74.125.24.0-255,2902,4666,7,180045
6301,4.5e-05,172.31.36.0-255,66,4732,7,180045
6302,4.8e-05,74.125.24.0-255,1484,6216,7,180045
6303,5e-05,172.31.36.0-255,66,6282,7,180045
6304,9.4e-05,74.125.24.0-255,5738,12020,7,180045
6305,9.7e-05,172.31.36.0-255,66,12086,7,180045
6306,0.000115,74.125.24.0-255,1995,14081,7,180045
6307,0.000117,172.31.36.0-255,66,14147,7,180045
6308,0.000557,74.125.24.0-255,1484,15631,7,180045
6309,0.000564,172.31.36.0-255,66,15697,7,180045
6310,0.000584,74.125.24.0-255,2902,18599,7,180045
6311,0.000587,172.31.36.0-255,66,18665,7,180045
6312,0.000594,74.125.24.0-255,5738,24403,7,180045
6313,0.000596,172.31.36.0-255,66,24469,7,180045
6314,0.000603,74.125.24.0-255,6797,31266,7,180045
6315,0.000607,172.31.36.0-255,66,31332,7,180045
6316,0.001285,74.125.24.0-255,1484,32816,7,180045
6317,0.001292,172.31.36.0-255,66,32882,7,180045
6318,0.001313,74.125.24.0-255,2902,35784,7,180045
6319,0.001316,172.31.36.0-255,66,35850,7,180045
6320,0.001322,74.125.24.0-255,5738,41588,7,180045
6321,0.001324,172.31.36.0-255,66,41654,7,180045
6322,0.001367,172.31.36.0-255,66,41720,7,180045
6323,0.001372,74.125.24.0-255,5738,47458,7,180045
6324,0.001374,172.31.36.0-255,66,47524,7,180045
6325,0.00141,74.125.24.0-255,3961,51485,7,180045
6326,0.001413,172.31.36.0-255,66,51551,7,180045
6327,0.001513,74.125.24.0-255,396,51947,7,180045
6328,0.001599,172.31.36.0-255,66,52013,7,180045
6329,0.00178,74.125.24.0-255,348,52361,7,180045
6330,0.001818,172.31.36.0-255,66,52427,7,180045
6331,0.001927,74.125.24.0-255,1484,53911,7,180045
6332,0.001944,74.125.24.0-255,2902,56813,7,180045
6333,0.001948,172.31.36.0-255,66,56879,7,180045
6334,0.001979,74.125.24.0-255,2902,59781,7,180045
6335,0.001983,172.31.36.0-255,66,59847,7,180045
6336,0.002011,74.125.24.0-255,2902,62749,7,180045
6337,0.002014,172.31.36.0-255,66,62815,7,180045
6338,0.002026,172.31.36.0-255,66,62881,7,180045
6339,0.002032,74.125.24.0-255,5738,68619,7,180045
6340,0.002034,172.31.36.0-255,66,68685,7,180045
6341,0.002041,74.125.24.0-255,6797,75482,7,180045
6342,0.002043,172.31.36.0-255,66,75548,7,180045
6343,0.00464,74.125.24.0-255,5738,81286,7,180045
6344,0.004648,172.31.36.0-255,66,81352,7,180045
6345,0.007189,74.125.24.0-255,5738,87090,7,180045
6346,0.007196,172.31.36.0-255,66,87156,7,180045
6347,0.009741,74.125.24.0-255,5738,92894,7,180045
6348,0.009749,172.31.36.0-255,66,92960,7,180045
6349,0.012297,74.125.24.0-255,5738,98698,7,180045
6350,0.012305,172.31.36.0-255,66,98764,7,180045
6351,0.014896,74.125.24.0-255,5738,104502,7,180045
6352,0.014909,172.31.36.0-255,66,104568,7,180045
6353,0.017461,74.125.24.0-255,5738,110306,7,180045
6354,0.017471,172.31.36.0-255,66,110372,7,180045
6355,0.020051,74.125.24.0-255,5738,116110,7,180045
6356,0.02006,172.31.36.0-255,66,116176,7,180045
6357,0.022638,74.125.24.0-255,5738,121914,7,180045
6358,0.022647,172.31.36.0-255,66,121980,7,180045
6359,0.025214,74.125.24.0-255,5738,127718,7,180045
6360,0.025224,172.31.36.0-255,66,127784,7,180045
6361,0.027844,74.125.24.0-255,5738,133522,7,180045
6362,0.027852,172.31.36.0-255,66,133588,7,180045
6363,0.027977,172.31.36.0-255,172,133760,7,180045
6364,0.028004,172.31.36.0-255,1073,134833,7,180045
6365,0.029535,104.244.42.0-255,66,134899,7,180045
6366,0.029574,104.244.42.0-255,66,134965,7,180045
6367,0.030399,74.125.24.0-255,5738,140703,7,180045
6368,0.030408,172.31.36.0-255,66,140769,7,180045
6369,0.032968,74.125.24.0-255,5738,146507,7,180045
6370,0.032972,172.31.36.0-255,66,146573,7,180045
6371,0.035523,74.125.24.0-255,5738,152311,7,180045
6372,0.03553,172.31.36.0-255,66,152377,7,180045
6373,0.038084,74.125.24.0-255,5738,158115,7,180045
6374,0.03809,172.31.36.0-255,66,158181,7,180045
6375,0.040651,74.125.24.0-255,5738,163919,7,180045
6376,0.040657,172.31.36.0-255,66,163985,7,180045
6377,0.043281,74.125.24.0-255,4320,168305,7,180045
6378,0.043304,172.31.36.0-255,66,168371,7,180045
6379,0.043319,74.125.24.0-255,1484,169855,7,180045
6380,0.045882,74.125.24.0-255,4320,174175,7,180045
6381,0.045888,172.31.36.0-255,66,174241,7,180045
6382,0.048446,74.125.24.0-255,5738,179979,7,180045
6383,0.048451,172.31.36.0-255,66,180045,7,180045
6384,0.0,74.125.68.0-255,153,153,7,301272
6385,1.6e-05,172.31.36.0-255,66,219,7,301272
6386,2.3e-05,74.125.68.0-255,1484,1703,7,301272
6387,2.8e-05,172.31.36.0-255,66,1769,7,301272
6388,3.9e-05,74.125.68.0-255,1484,3253,7,301272
6389,4.2e-05,172.31.36.0-255,66,3319,7,301272
6390,4.7e-05,74.125.68.0-255,1484,4803,7,301272
6391,4.9e-05,172.31.36.0-255,66,4869,7,301272
6392,6.9e-05,74.125.68.0-255,1484,6353,7,301272
6393,7.6e-05,172.31.36.0-255,66,6419,7,301272
6394,8.2e-05,74.125.68.0-255,2902,9321,7,301272
6395,8.5e-05,172.31.36.0-255,66,9387,7,301272
6396,0.000105,74.125.68.0-255,4320,13707,7,301272
6397,0.000111,172.31.36.0-255,66,13773,7,301272
6398,0.000116,74.125.68.0-255,2028,15801,7,301272
6399,0.000119,172.31.36.0-255,66,15867,7,301272
6400,0.000152,74.125.68.0-255,2902,18769,7,301272
6401,0.000154,172.31.36.0-255,66,18835,7,301272
6402,0.000162,74.125.68.0-255,7156,25991,7,301272
6403,0.000165,172.31.36.0-255,66,26057,7,301272
6404,0.000192,74.125.68.0-255,2902,28959,7,301272
6405,0.000195,172.31.36.0-255,66,29025,7,301272
6406,0.000218,74.125.68.0-255,2543,31568,7,301272
6407,0.000221,172.31.36.0-255,66,31634,7,301272
6408,0.000265,74.125.68.0-255,1484,33118,7,301272
6409,0.000268,172.31.36.0-255,66,33184,7,301272
6410,0.000272,74.125.68.0-255,1484,34668,7,301272
6411,0.000274,172.31.36.0-255,66,34734,7,301272
6412,0.000303,74.125.68.0-255,2902,37636,7,301272
6413,0.000309,74.125.68.0-255,5738,43374,7,301272
6414,0.000315,172.31.36.0-255,66,43440,7,301272
6415,0.000318,172.31.36.0-255,66,43506,7,301272
6416,0.000327,74.125.68.0-255,2902,46408,7,301272
6417,0.000334,172.31.36.0-255,66,46474,7,301272
6418,0.000367,74.125.68.0-255,3961,50435,7,301272
6419,0.00037,172.31.36.0-255,66,50501,7,301272
6420,0.000373,74.125.68.0-255,1484,51985,7,301272
6421,0.000394,74.125.68.0-255,7156,59141,7,301272
6422,0.000397,172.31.36.0-255,66,59207,7,301272
6423,0.000426,74.125.68.0-255,2902,62109,7,301272
6424,0.000428,172.31.36.0-255,66,62175,7,301272
6425,0.000452,74.125.68.0-255,4318,66493,7,301272
6426,0.000455,172.31.36.0-255,66,66559,7,301272
6427,0.000504,74.125.68.0-255,331,66890,7,301272
6428,0.000883,74.125.68.0-255,1484,68374,7,301272
6429,0.000888,172.31.36.0-255,66,68440,7,301272
6430,0.000894,74.125.68.0-255,2902,71342,7,301272
6431,0.000896,172.31.36.0-255,66,71408,7,301272
6432,0.000899,74.125.68.0-255,1484,72892,7,301272
6433,0.000909,74.125.68.0-255,2902,75794,7,301272
6434,0.000912,172.31.36.0-255,66,75860,7,301272
6435,0.000948,74.125.68.0-255,5738,81598,7,301272
6436,0.000951,172.31.36.0-255,66,81664,7,301272
6437,0.000959,74.125.68.0-255,7156,88820,7,301272
6438,0.000962,172.31.36.0-255,66,88886,7,301272
6439,0.000998,74.125.68.0-255,4320,93206,7,301272
6440,0.001001,172.31.36.0-255,66,93272,7,301272
6441,0.001013,172.31.36.0-255,66,93338,7,301272
6442,0.001153,74.125.68.0-255,1484,94822,7,301272
6443,0.00116,74.125.68.0-255,2902,97724,7,301272
6444,0.001163,172.31.36.0-255,66,97790,7,301272
6445,0.001198,74.125.68.0-255,5738,103528,7,301272
6446,0.001201,172.31.36.0-255,66,103594,7,301272
6447,0.001209,74.125.68.0-255,5738,109332,7,301272
6448,0.00121,172.31.36.0-255,66,109398,7,301272
6449,0.001248,74.125.68.0-255,2902,112300,7,301272
6450,0.001251,172.31.36.0-255,66,112366,7,301272
6451,0.001264,172.31.36.0-255,66,112432,7,301272
6452,0.00127,74.125.68.0-255,5020,117452,7,301272
6453,0.001272,172.31.36.0-255,66,117518,7,301272
6454,0.001991,74.125.68.0-255,1484,119002,7,301272
6455,0.002001,74.125.68.0-255,2902,121904,7,301272
6456,0.002005,172.31.36.0-255,66,121970,7,301272
6457,0.00201,74.125.68.0-255,1484,123454,7,301272
6458,0.002014,74.125.68.0-255,2902,126356,7,301272
6459,0.002016,172.31.36.0-255,66,126422,7,301272
6460,0.002047,74.125.68.0-255,5738,132160,7,301272
6461,0.002049,172.31.36.0-255,66,132226,7,301272
6462,0.002088,172.31.36.0-255,66,132292,7,301272
6463,0.002116,74.125.68.0-255,4320,136612,7,301272
6464,0.002118,172.31.36.0-255,66,136678,7,301272
6465,0.002145,74.125.68.0-255,5020,141698,7,301272
6466,0.002148,172.31.36.0-255,66,141764,7,301272
6467,0.002181,74.125.68.0-255,1484,143248,7,301272
6468,0.002186,74.125.68.0-255,2902,146150,7,301272
6469,0.002188,172.31.36.0-255,66,146216,7,301272
6470,0.00222,74.125.68.0-255,4320,150536,7,301272
6471,0.002222,172.31.36.0-255,66,150602,7,301272
6472,0.002229,74.125.68.0-255,5738,156340,7,301272
6473,0.00223,172.31.36.0-255,66,156406,7,301272
6474,0.002255,74.125.68.0-255,5738,162144,7,301272
6475,0.002258,172.31.36.0-255,66,162210,7,301272
6476,0.00228,74.125.68.0-255,5738,167948,7,301272
6477,0.002282,172.31.36.0-255,66,168014,7,301272
6478,0.002285,74.125.68.0-255,1484,169498,7,301272
6479,0.00232,74.125.68.0-255,6438,175936,7,301272
6480,0.002323,172.31.36.0-255,66,176002,7,301272
6481,0.004605,74.125.68.0-255,5738,181740,7,301272
6482,0.004612,172.31.36.0-255,66,181806,7,301272
6483,0.006927,74.125.68.0-255,5738,187544,7,301272
6484,0.006933,172.31.36.0-255,66,187610,7,301272
6485,0.009217,74.125.68.0-255,5738,193348,7,301272
6486,0.009224,172.31.36.0-255,66,193414,7,301272
6487,0.011511,74.125.68.0-255,5738,199152,7,301272
6488,0.011518,172.31.36.0-255,66,199218,7,301272
6489,0.013804,74.125.68.0-255,5738,204956,7,301272
6490,0.01381,172.31.36.0-255,66,205022,7,301272
6491,0.016095,74.125.68.0-255,5738,210760,7,301272
6492,0.016101,172.31.36.0-255,66,210826,7,301272
6493,0.018384,74.125.68.0-255,5738,216564,7,301272
6494,0.018394,172.31.36.0-255,66,216630,7,301272
6495,0.020688,74.125.68.0-255,5738,222368,7,301272
6496,0.020697,172.31.36.0-255,66,222434,7,301272
6497,0.022998,74.125.68.0-255,5738,228172,7,301272
6498,0.023005,172.31.36.0-255,66,228238,7,301272
6499,0.025285,74.125.68.0-255,5738,233976,7,301272
6500,0.025293,172.31.36.0-255,66,234042,7,301272
6501,0.027577,74.125.68.0-255,5738,239780,7,301272
6502,0.027583,172.31.36.0-255,66,239846,7,301272
6503,0.029865,74.125.68.0-255,5738,245584,7,301272
6504,0.02987,172.31.36.0-255,66,245650,7,301272
6505,0.031085,172.31.36.0-255,172,245822,7,301272
6506,0.031117,172.31.36.0-255,1115,246937,7,301272
6507,0.031189,172.31.36.0-255,1514,248451,7,301272
6508,0.031191,172.31.36.0-255,1514,249965,7,301272
6509,0.031196,172.31.36.0-255,1514,251479,7,301272
6510,0.031197,172.31.36.0-255,1514,252993,7,301272
6511,0.031216,172.31.36.0-255,1514,254507,7,301272
6512,0.031217,172.31.36.0-255,69,254576,7,301272
6513,0.032157,74.125.68.0-255,5738,260314,7,301272
6514,0.032164,172.31.36.0-255,66,260380,7,301272
6515,0.032639,104.244.42.0-255,66,260446,7,301272
6516,0.032661,104.244.42.0-255,66,260512,7,301272
6517,0.032765,104.244.42.0-255,66,260578,7,301272
6518,0.032786,104.244.42.0-255,66,260644,7,301272
6519,0.034452,74.125.68.0-255,5738,266382,7,301272
6520,0.034459,172.31.36.0-255,66,266448,7,301272
6521,0.036754,74.125.68.0-255,5738,272186,7,301272
6522,0.036761,172.31.36.0-255,66,272252,7,301272
6523,0.039058,74.125.68.0-255,5738,277990,7,301272
6524,0.039065,172.31.36.0-255,66,278056,7,301272
6525,0.041351,74.125.68.0-255,5738,283794,7,301272
6526,0.041356,172.31.36.0-255,66,283860,7,301272
6527,0.043654,74.125.68.0-255,5738,289598,7,301272
6528,0.043661,172.31.36.0-255,66,289664,7,301272
6529,0.045953,74.125.68.0-255,5738,295402,7,301272
6530,0.04596,172.31.36.0-255,66,295468,7,301272
6531,0.048256,74.125.68.0-255,5738,301206,7,301272
6532,0.048263,172.31.36.0-255,66,301272,7,301272
6533,0.0,172.217.194.0-255,153,153,7,185022
6534,3.3e-05,172.31.36.0-255,66,219,7,185022
6535,4e-05,172.217.194.0-255,1484,1703,7,185022
6536,4.4e-05,172.31.36.0-255,66,1769,7,185022
6537,5e-05,172.217.194.0-255,2902,4671,7,185022
6538,6e-05,172.31.36.0-255,66,4737,7,185022
6539,6.7e-05,172.217.194.0-255,7156,11893,7,185022
6540,7e-05,172.31.36.0-255,66,11959,7,185022
6541,7.4e-05,172.217.194.0-255,1484,13443,7,185022
6542,7.7e-05,172.31.36.0-255,66,13509,7,185022
6543,0.000126,172.31.36.0-255,66,13575,7,185022
6544,0.000131,172.217.194.0-255,2543,16118,7,185022
6545,0.000133,172.31.36.0-255,66,16184,7,185022
6546,0.000325,172.217.194.0-255,1484,17668,7,185022
6547,0.00033,172.31.36.0-255,66,17734,7,185022
6548,0.000336,172.217.194.0-255,2902,20636,7,185022
6549,0.000339,172.31.36.0-255,66,20702,7,185022
6550,0.000371,172.217.194.0-255,5738,26440,7,185022
6551,0.000374,172.31.36.0-255,66,26506,7,185022
6552,0.000405,172.31.36.0-255,66,26572,7,185022
6553,0.000413,172.217.194.0-255,7156,33728,7,185022
6554,0.000416,172.31.36.0-255,66,33794,7,185022
6555,0.000449,172.217.194.0-255,1484,35278,7,185022
6556,0.000452,172.31.36.0-255,66,35344,7,185022
6557,0.000482,172.217.194.0-255,2184,37528,7,185022
6558,0.000485,172.31.36.0-255,66,37594,7,185022
6559,0.001166,172.217.194.0-255,377,37971,7,185022
6560,0.001173,172.31.36.0-255,66,38037,7,185022
6561,0.00118,172.217.194.0-255,99,38136,7,185022
6562,0.001183,172.31.36.0-255,66,38202,7,185022
6563,0.00248,172.217.194.0-255,2902,41104,7,185022
6564,0.002486,172.31.36.0-255,66,41170,7,185022
6565,0.003177,172.217.194.0-255,1484,42654,7,185022
6566,0.003188,172.217.194.0-255,1484,44138,7,185022
6567,0.003191,172.31.36.0-255,66,44204,7,185022
6568,0.004474,172.217.194.0-255,2902,47106,7,185022
6569,0.004477,172.31.36.0-255,66,47172,7,185022
6570,0.005171,172.217.194.0-255,2902,50074,7,185022
6571,0.005174,172.31.36.0-255,66,50140,7,185022
6572,0.006487,172.217.194.0-255,2902,53042,7,185022
6573,0.006494,172.31.36.0-255,66,53108,7,185022
6574,0.007171,172.217.194.0-255,2902,56010,7,185022
6575,0.007177,172.31.36.0-255,66,56076,7,185022
6576,0.008513,172.217.194.0-255,2902,58978,7,185022
6577,0.00852,172.31.36.0-255,66,59044,7,185022
6578,0.009159,172.217.194.0-255,2902,61946,7,185022
6579,0.009167,172.31.36.0-255,66,62012,7,185022
6580,0.010485,172.217.194.0-255,2902,64914,7,185022
6581,0.010491,172.31.36.0-255,66,64980,7,185022
6582,0.011166,172.217.194.0-255,2902,67882,7,185022
6583,0.011172,172.31.36.0-255,66,67948,7,185022
6584,0.012484,172.217.194.0-255,2902,70850,7,185022
6585,0.012492,172.31.36.0-255,66,70916,7,185022
6586,0.013194,172.217.194.0-255,2902,73818,7,185022
6587,0.0132,172.31.36.0-255,66,73884,7,185022
6588,0.01448,172.217.194.0-255,2902,76786,7,185022
6589,0.014487,172.31.36.0-255,66,76852,7,185022
6590,0.015216,172.217.194.0-255,2902,79754,7,185022
6591,0.015223,172.31.36.0-255,66,79820,7,185022
6592,0.016481,172.217.194.0-255,2902,82722,7,185022
6593,0.016488,172.31.36.0-255,66,82788,7,185022
6594,0.01719,172.217.194.0-255,2902,85690,7,185022
6595,0.017194,172.31.36.0-255,66,85756,7,185022
6596,0.018508,172.217.194.0-255,2902,88658,7,185022
6597,0.018519,172.31.36.0-255,66,88724,7,185022
6598,0.019166,172.217.194.0-255,2902,91626,7,185022
6599,0.019173,172.31.36.0-255,66,91692,7,185022
6600,0.020495,172.217.194.0-255,2902,94594,7,185022
6601,0.020503,172.31.36.0-255,66,94660,7,185022
6602,0.021182,172.217.194.0-255,2902,97562,7,185022
6603,0.021188,172.31.36.0-255,66,97628,7,185022
6604,0.022467,172.217.194.0-255,2902,100530,7,185022
6605,0.022474,172.31.36.0-255,66,100596,7,185022
6606,0.023188,172.217.194.0-255,2902,103498,7,185022
6607,0.023194,172.31.36.0-255,66,103564,7,185022
6608,0.02446,172.217.194.0-255,2902,106466,7,185022
6609,0.024466,172.31.36.0-255,66,106532,7,185022
6610,0.024759,172.31.36.0-255,172,106704,7,185022
6611,0.024897,172.31.36.0-255,1114,107818,7,185022
6612,0.024973,172.31.36.0-255,1514,109332,7,185022
6613,0.024976,172.31.36.0-255,1292,110624,7,185022
6614,0.02516,172.217.194.0-255,2902,113526,7,185022
6615,0.025167,172.31.36.0-255,66,113592,7,185022
6616,0.026297,104.244.42.0-255,66,113658,7,185022
6617,0.026441,104.244.42.0-255,66,113724,7,185022
6618,0.02646,172.217.194.0-255,2902,116626,7,185022
6619,0.026463,172.31.36.0-255,66,116692,7,185022
6620,0.026542,104.244.42.0-255,66,116758,7,185022
6621,0.027159,172.217.194.0-255,2902,119660,7,185022
6622,0.027164,172.31.36.0-255,66,119726,7,185022
6623,0.028444,172.217.194.0-255,2902,122628,7,185022
6624,0.028449,172.31.36.0-255,66,122694,7,185022
6625,0.029169,172.217.194.0-255,2902,125596,7,185022
6626,0.029174,172.31.36.0-255,66,125662,7,185022
6627,0.030434,172.217.194.0-255,2902,128564,7,185022
6628,0.03044,172.31.36.0-255,66,128630,7,185022
6629,0.031173,172.217.194.0-255,2902,131532,7,185022
6630,0.031179,172.31.36.0-255,66,131598,7,185022
6631,0.032427,172.217.194.0-255,2902,134500,7,185022
6632,0.032432,172.31.36.0-255,66,134566,7,185022
6633,0.033179,172.217.194.0-255,2902,137468,7,185022
6634,0.033184,172.31.36.0-255,66,137534,7,185022
6635,0.034407,172.217.194.0-255,2902,140436,7,185022
6636,0.034412,172.31.36.0-255,66,140502,7,185022
6637,0.03517,172.217.194.0-255,2902,143404,7,185022
6638,0.035176,172.31.36.0-255,66,143470,7,185022
6639,0.036378,172.217.194.0-255,2902,146372,7,185022
6640,0.036384,172.31.36.0-255,66,146438,7,185022
6641,0.037179,172.217.194.0-255,2902,149340,7,185022
6642,0.037184,172.31.36.0-255,66,149406,7,185022
6643,0.038359,172.217.194.0-255,2902,152308,7,185022
6644,0.038365,172.31.36.0-255,66,152374,7,185022
6645,0.039143,172.217.194.0-255,2902,155276,7,185022
6646,0.039146,172.31.36.0-255,66,155342,7,185022
6647,0.040368,172.217.194.0-255,2902,158244,7,185022
6648,0.040387,172.31.36.0-255,66,158310,7,185022
6649,0.041101,172.217.194.0-255,2902,161212,7,185022
6650,0.041106,172.31.36.0-255,66,161278,7,185022
6651,0.04238,172.217.194.0-255,2902,164180,7,185022
6652,0.042385,172.31.36.0-255,66,164246,7,185022
6653,0.043119,172.217.194.0-255,2902,167148,7,185022
6654,0.043124,172.31.36.0-255,66,167214,7,185022
6655,0.044383,172.217.194.0-255,2902,170116,7,185022
6656,0.044388,172.31.36.0-255,66,170182,7,185022
6657,0.045117,172.217.194.0-255,2902,173084,7,185022
6658,0.045122,172.31.36.0-255,66,173150,7,185022
6659,0.046378,172.217.194.0-255,2902,176052,7,185022
6660,0.046383,172.31.36.0-255,66,176118,7,185022
6661,0.047112,172.217.194.0-255,2902,179020,7,185022
6662,0.047118,172.31.36.0-255,66,179086,7,185022
6663,0.048385,172.217.194.0-255,2902,181988,7,185022
6664,0.048392,172.31.36.0-255,66,182054,7,185022
6665,0.04915,172.217.194.0-255,2902,184956,7,185022
6666,0.049156,172.31.36.0-255,66,185022,7,185022
6667,0.0,216.58.221.0-255,301,301,7,204197
6668,3e-05,172.31.36.0-255,66,367,7,204197
6669,3.6e-05,216.58.221.0-255,1484,1851,7,204197
6670,4.1e-05,172.31.36.0-255,66,1917,7,204197
6671,4.6e-05,216.58.221.0-255,2902,4819,7,204197
6672,4.9e-05,172.31.36.0-255,66,4885,7,204197
6673,6.3e-05,216.58.221.0-255,5738,10623,7,204197
6674,6.6e-05,172.31.36.0-255,66,10689,7,204197
6675,8.2e-05,216.58.221.0-255,3287,13976,7,204197
6676,8.6e-05,172.31.36.0-255,66,14042,7,204197
6677,0.000609,216.58.221.0-255,1484,15526,7,204197
6678,0.000616,172.31.36.0-255,66,15592,7,204197
6679,0.000626,216.58.221.0-255,2902,18494,7,204197
6680,0.000629,172.31.36.0-255,66,18560,7,204197
6681,0.000643,216.58.221.0-255,5738,24298,7,204197
6682,0.000646,172.31.36.0-255,66,24364,7,204197
6683,0.000654,216.58.221.0-255,6797,31161,7,204197
6684,0.000657,172.31.36.0-255,66,31227,7,204197
6685,0.000842,216.58.221.0-255,1484,32711,7,204197
6686,0.000847,172.31.36.0-255,66,32777,7,204197
6687,0.000854,216.58.221.0-255,2902,35679,7,204197
6688,0.000856,172.31.36.0-255,66,35745,7,204197
6689,0.000861,216.58.221.0-255,4320,40065,7,204197
6690,0.00087,172.31.36.0-255,66,40131,7,204197
6691,0.000898,216.58.221.0-255,1484,41615,7,204197
6692,0.000902,172.31.36.0-255,66,41681,7,204197
6693,0.000915,216.58.221.0-255,6797,48478,7,204197
6694,0.000918,172.31.36.0-255,66,48544,7,204197
6695,0.000925,216.58.221.0-255,7156,55700,7,204197
6696,0.000928,172.31.36.0-255,66,55766,7,204197
6697,0.000939,172.31.36.0-255,66,55832,7,204197
6698,0.00099,216.58.221.0-255,393,56225,7,204197
6699,0.002873,216.58.221.0-255,4320,60545,7,204197
6700,0.00288,172.31.36.0-255,66,60611,7,204197
6701,0.004827,216.58.221.0-255,5738,66349,7,204197
6702,0.004834,172.31.36.0-255,66,66415,7,204197
6703,0.006785,216.58.221.0-255,5738,72153,7,204197
6704,0.006792,172.31.36.0-255,66,72219,7,204197
6705,0.008727,216.58.221.0-255,5738,77957,7,204197
6706,0.008733,172.31.36.0-255,66,78023,7,204197
6707,0.010683,216.58.221.0-255,5738,83761,7,204197
6708,0.010694,172.31.36.0-255,66,83827,7,204197
6709,0.012661,216.58.221.0-255,5738,89565,7,204197
6710,0.012669,172.31.36.0-255,66,89631,7,204197
6711,0.014608,216.58.221.0-255,5738,95369,7,204197
6712,0.014617,172.31.36.0-255,66,95435,7,204197
6713,0.016568,216.58.221.0-255,5738,101173,7,204197
6714,0.016576,172.31.36.0-255,66,101239,7,204197
6715,0.018361,172.31.36.0-255,172,101411,7,204197
6716,0.018394,172.31.36.0-255,1114,102525,7,204197
6717,0.01845,172.31.36.0-255,1514,104039,7,204197
6718,0.018451,172.31.36.0-255,1292,105331,7,204197
6719,0.018522,216.58.221.0-255,5738,111069,7,204197
6720,0.018527,172.31.36.0-255,66,111135,7,204197
6721,0.019971,104.244.42.0-255,66,111201,7,204197
6722,0.02,104.244.42.0-255,66,111267,7,204197
6723,0.020051,104.244.42.0-255,66,111333,7,204197
6724,0.020473,216.58.221.0-255,5738,117071,7,204197
6725,0.020479,172.31.36.0-255,66,117137,7,204197
6726,0.022435,216.58.221.0-255,5738,122875,7,204197
6727,0.022442,172.31.36.0-255,66,122941,7,204197
6728,0.024391,216.58.221.0-255,5738,128679,7,204197
6729,0.024399,172.31.36.0-255,66,128745,7,204197
6730,0.02635,216.58.221.0-255,5738,134483,7,204197
6731,0.026357,172.31.36.0-255,66,134549,7,204197
6732,0.02831,216.58.221.0-255,5738,140287,7,204197
6733,0.028316,172.31.36.0-255,66,140353,7,204197
6734,0.030264,216.58.221.0-255,5738,146091,7,204197
6735,0.03027,172.31.36.0-255,66,146157,7,204197
6736,0.032233,216.58.221.0-255,5738,151895,7,204197
6737,0.03224,172.31.36.0-255,66,151961,7,204197
6738,0.034196,216.58.221.0-255,5738,157699,7,204197
6739,0.034203,172.31.36.0-255,66,157765,7,204197
6740,0.036166,216.58.221.0-255,5738,163503,7,204197
6741,0.036173,172.31.36.0-255,66,163569,7,204197
6742,0.038161,216.58.221.0-255,5738,169307,7,204197
6743,0.03817,172.31.36.0-255,66,169373,7,204197
6744,0.040124,216.58.221.0-255,5738,175111,7,204197
6745,0.040131,172.31.36.0-255,66,175177,7,204197
6746,0.042079,216.58.221.0-255,5738,180915,7,204197
6747,0.042086,172.31.36.0-255,66,180981,7,204197
6748,0.044035,216.58.221.0-255,5738,186719,7,204197
6749,0.044041,172.31.36.0-255,66,186785,7,204197
6750,0.045987,216.58.221.0-255,5738,192523,7,204197
6751,0.045994,172.31.36.0-255,66,192589,7,204197
6752,0.047949,216.58.221.0-255,5738,198327,7,204197
6753,0.047956,172.31.36.0-255,66,198393,7,204197
6754,0.04991,216.58.221.0-255,5738,204131,7,204197
6755,0.049917,172.31.36.0-255,66,204197,7,204197
6756,0.0,74.125.200.0-255,150,150,7,352851
6757,3e-05,172.31.36.0-255,66,216,7,352851
6758,3.6e-05,74.125.200.0-255,1484,1700,7,352851
6759,4e-05,172.31.36.0-255,66,1766,7,352851
6760,7e-05,74.125.200.0-255,2902,4668,7,352851
6761,7.4e-05,172.31.36.0-255,66,4734,7,352851
6762,7.9e-05,74.125.200.0-255,4320,9054,7,352851
6763,8.4e-05,172.31.36.0-255,66,9120,7,352851
6764,0.000111,74.125.200.0-255,6292,15412,7,352851
6765,0.000114,172.31.36.0-255,66,15478,7,352851
6766,0.000121,74.125.200.0-255,7156,22634,7,352851
6767,0.000123,172.31.36.0-255,66,22700,7,352851
6768,0.000147,74.125.200.0-255,1484,24184,7,352851
6769,0.00015,172.31.36.0-255,66,24250,7,352851
6770,0.000178,74.125.200.0-255,6797,31047,7,352851
6771,0.000182,172.31.36.0-255,66,31113,7,352851
6772,0.000224,74.125.200.0-255,1484,32597,7,352851
6773,0.000227,172.31.36.0-255,66,32663,7,352851
6774,0.000253,74.125.200.0-255,2902,35565,7,352851
6775,0.000256,172.31.36.0-255,66,35631,7,352851
6776,0.00029,74.125.200.0-255,4320,39951,7,352851
6777,0.000295,172.31.36.0-255,66,40017,7,352851
6778,0.000331,172.31.36.0-255,66,40083,7,352851
6779,0.000369,172.31.36.0-255,66,40149,7,352851
6780,0.000372,74.125.200.0-255,1484,41633,7,352851
6781,0.000374,172.31.36.0-255,66,41699,7,352851
6782,0.000379,74.125.200.0-255,2902,44601,7,352851
6783,0.000381,172.31.36.0-255,66,44667,7,352851
6784,0.000422,74.125.200.0-255,2902,47569,7,352851
6785,0.000426,172.31.36.0-255,66,47635,7,352851
6786,0.000449,74.125.200.0-255,1436,49071,7,352851
6787,0.000467,74.125.200.0-255,110,49181,7,352851
6788,0.000555,74.125.200.0-255,1484,50665,7,352851
6789,0.000559,172.31.36.0-255,66,50731,7,352851
6790,0.000566,74.125.200.0-255,2902,53633,7,352851
6791,0.000568,172.31.36.0-255,66,53699,7,352851
6792,0.000593,74.125.200.0-255,4320,58019,7,352851
6793,0.000597,172.31.36.0-255,66,58085,7,352851
6794,0.000635,74.125.200.0-255,1484,59569,7,352851
6795,0.000641,74.125.200.0-255,2902,62471,7,352851
6796,0.000643,172.31.36.0-255,66,62537,7,352851
6797,0.000648,74.125.200.0-255,4320,66857,7,352851
6798,0.000651,172.31.36.0-255,66,66923,7,352851
6799,0.000654,74.125.200.0-255,1484,68407,7,352851
6800,0.000657,74.125.200.0-255,1484,69891,7,352851
6801,0.000659,172.31.36.0-255,66,69957,7,352851
6802,0.000688,74.125.200.0-255,1484,71441,7,352851
6803,0.000694,74.125.200.0-255,5738,77179,7,352851
6804,0.000697,172.31.36.0-255,66,77245,7,352851
6805,0.0007,74.125.200.0-255,1484,78729,7,352851
6806,0.000732,74.125.200.0-255,5020,83749,7,352851
6807,0.000736,172.31.36.0-255,66,83815,7,352851
6808,0.000739,74.125.200.0-255,331,84146,7,352851
6809,0.000771,74.125.200.0-255,1484,85630,7,352851
6810,0.000774,172.31.36.0-255,66,85696,7,352851
6811,0.000779,74.125.200.0-255,2902,88598,7,352851
6812,0.000782,172.31.36.0-255,66,88664,7,352851
6813,0.000804,74.125.200.0-255,1484,90148,7,352851
6814,0.000811,74.125.200.0-255,5738,95886,7,352851
6815,0.000818,172.31.36.0-255,66,95952,7,352851
6816,0.000822,74.125.200.0-255,1484,97436,7,352851
6817,0.000845,74.125.200.0-255,5738,103174,7,352851
6818,0.000849,172.31.36.0-255,66,103240,7,352851
6819,0.000891,172.31.36.0-255,66,103306,7,352851
6820,0.000919,74.125.200.0-255,3602,106908,7,352851
6821,0.000922,172.31.36.0-255,66,106974,7,352851
6822,0.000976,74.125.200.0-255,1484,108458,7,352851
6823,0.000993,74.125.200.0-255,2902,111360,7,352851
6824,0.000996,172.31.36.0-255,66,111426,7,352851
6825,0.001,74.125.200.0-255,1484,112910,7,352851
6826,0.001022,74.125.200.0-255,2902,115812,7,352851
6827,0.001025,172.31.36.0-255,66,115878,7,352851
6828,0.001056,74.125.200.0-255,5738,121616,7,352851
6829,0.00106,172.31.36.0-255,66,121682,7,352851
6830,0.001064,74.125.200.0-255,1484,123166,7,352851
6831,0.001098,74.125.200.0-255,2902,126068,7,352851
6832,0.001101,172.31.36.0-255,66,126134,7,352851
6833,0.001134,74.125.200.0-255,4320,130454,7,352851
6834,0.001138,172.31.36.0-255,66,130520,7,352851
6835,0.001145,74.125.200.0-255,5738,136258,7,352851
6836,0.001147,172.31.36.0-255,66,136324,7,352851
6837,0.001167,74.125.200.0-255,2902,139226,7,352851
6838,0.001171,172.31.36.0-255,66,139292,7,352851
6839,0.001176,74.125.200.0-255,2184,141476,7,352851
6840,0.001178,172.31.36.0-255,66,141542,7,352851
6841,0.001419,74.125.200.0-255,1484,143026,7,352851
6842,0.001434,74.125.200.0-255,2902,145928,7,352851
6843,0.001438,172.31.36.0-255,66,145994,7,352851
6844,0.001442,74.125.200.0-255,1484,147478,7,352851
6845,0.001477,74.125.200.0-255,4320,151798,7,352851
6846,0.00148,172.31.36.0-255,66,151864,7,352851
6847,0.001486,74.125.200.0-255,2902,154766,7,352851
6848,0.001488,172.31.36.0-255,66,154832,7,352851
6849,0.001493,74.125.200.0-255,4320,159152,7,352851
6850,0.001495,172.31.36.0-255,66,159218,7,352851
6851,0.001513,172.31.36.0-255,66,159284,7,352851
6852,0.001524,172.31.36.0-255,66,159350,7,352851
6853,0.001653,74.125.200.0-255,1484,160834,7,352851
6854,0.001659,74.125.200.0-255,2902,163736,7,352851
6855,0.001663,172.31.36.0-255,66,163802,7,352851
6856,0.001694,74.125.200.0-255,5738,169540,7,352851
6857,0.001698,172.31.36.0-255,66,169606,7,352851
6858,0.001739,172.31.36.0-255,66,169672,7,352851
6859,0.001745,74.125.200.0-255,4320,173992,7,352851
6860,0.001747,172.31.36.0-255,66,174058,7,352851
6861,0.001776,74.125.200.0-255,6438,180496,7,352851
6862,0.00178,172.31.36.0-255,66,180562,7,352851
6863,0.001839,74.125.200.0-255,1484,182046,7,352851
6864,0.001855,74.125.200.0-255,2902,184948,7,352851
6865,0.001858,172.31.36.0-255,66,185014,7,352851
6866,0.001888,74.125.200.0-255,4320,189334,7,352851
6867,0.001891,172.31.36.0-255,66,189400,7,352851
6868,0.001903,74.125.200.0-255,5738,195138,7,352851
6869,0.001906,172.31.36.0-255,66,195204,7,352851
6870,0.001978,172.31.36.0-255,66,195270,7,352851
6871,0.001985,74.125.200.0-255,5738,201008,7,352851
6872,0.001987,172.31.36.0-255,66,201074,7,352851
6873,0.002014,74.125.200.0-255,3602,204676,7,352851
6874,0.002023,172.31.36.0-255,66,204742,7,352851
6875,0.00203,74.125.200.0-255,5738,210480,7,352851
6876,0.002032,172.31.36.0-255,66,210546,7,352851
6877,0.002057,74.125.200.0-255,4320,214866,7,352851
6878,0.00206,172.31.36.0-255,66,214932,7,352851
6879,0.002071,172.31.36.0-255,66,214998,7,352851
6880,0.002099,74.125.200.0-255,2902,217900,7,352851
6881,0.002104,172.31.36.0-255,66,217966,7,352851
6882,0.002109,74.125.200.0-255,2902,220868,7,352851
6883,0.002111,172.31.36.0-255,66,220934,7,352851
6884,0.004117,74.125.200.0-255,5738,226672,7,352851
6885,0.004125,172.31.36.0-255,66,226738,7,352851
6886,0.006143,74.125.200.0-255,5738,232476,7,352851
6887,0.006146,172.31.36.0-255,66,232542,7,352851
6888,0.008157,74.125.200.0-255,5738,238280,7,352851
6889,0.008163,172.31.36.0-255,66,238346,7,352851
6890,0.0102,74.125.200.0-255,5738,244084,7,352851
6891,0.010208,172.31.36.0-255,66,244150,7,352851
6892,0.012233,74.125.200.0-255,5738,249888,7,352851
6893,0.01224,172.31.36.0-255,66,249954,7,352851
6894,0.014267,74.125.200.0-255,5738,255692,7,352851
6895,0.014278,172.31.36.0-255,66,255758,7,352851
6896,0.0163,74.125.200.0-255,5738,261496,7,352851
6897,0.016308,172.31.36.0-255,66,261562,7,352851
6898,0.018328,74.125.200.0-255,5738,267300,7,352851
6899,0.018335,172.31.36.0-255,66,267366,7,352851
6900,0.020359,74.125.200.0-255,5738,273104,7,352851
6901,0.020369,172.31.36.0-255,66,273170,7,352851
6902,0.022395,74.125.200.0-255,5738,278908,7,352851
6903,0.022402,172.31.36.0-255,66,278974,7,352851
6904,0.024428,74.125.200.0-255,5738,284712,7,352851
6905,0.024435,172.31.36.0-255,66,284778,7,352851
6906,0.026458,74.125.200.0-255,5738,290516,7,352851
6907,0.026465,172.31.36.0-255,66,290582,7,352851
6908,0.028507,74.125.200.0-255,5738,296320,7,352851
6909,0.028513,172.31.36.0-255,66,296386,7,352851
6910,0.029208,172.31.36.0-255,172,296558,7,352851
6911,0.029239,172.31.36.0-255,1115,297673,7,352851
6912,0.029277,172.31.36.0-255,1514,299187,7,352851
6913,0.029278,172.31.36.0-255,1293,300480,7,352851
6914,0.030529,74.125.200.0-255,5738,306218,7,352851
6915,0.030535,172.31.36.0-255,66,306284,7,352851
6916,0.030704,104.244.42.0-255,66,306350,7,352851
6917,0.030724,104.244.42.0-255,66,306416,7,352851
6918,0.03078,104.244.42.0-255,66,306482,7,352851
6919,0.032551,74.125.200.0-255,5738,312220,7,352851
6920,0.032556,172.31.36.0-255,66,312286,7,352851
6921,0.034617,74.125.200.0-255,5738,318024,7,352851
6922,0.034623,172.31.36.0-255,66,318090,7,352851
6923,0.036648,74.125.200.0-255,5738,323828,7,352851
6924,0.036654,172.31.36.0-255,66,323894,7,352851
6925,0.038666,74.125.200.0-255,5738,329632,7,352851
6926,0.038672,172.31.36.0-255,66,329698,7,352851
6927,0.040707,74.125.200.0-255,5738,335436,7,352851
6928,0.040741,172.31.36.0-255,66,335502,7,352851
6929,0.042778,74.125.200.0-255,5738,341240,7,352851
6930,0.042784,172.31.36.0-255,66,341306,7,352851
6931,0.044803,74.125.200.0-255,5738,347044,7,352851
6932,0.044808,172.31.36.0-255,66,347110,7,352851
6933,0.046826,74.125.200.0-255,4979,352089,7,352851
6934,0.046832,172.31.36.0-255,66,352155,7,352851
6935,0.047025,172.31.36.0-255,105,352260,7,352851
6936,0.047051,172.31.36.0-255,105,352365,7,352851
6937,0.047278,172.31.36.0-255,90,352455,7,352851
6938,0.047286,172.31.36.0-255,66,352521,7,352851
6939,0.049014,74.125.200.0-255,66,352587,7,352851
6940,0.049021,74.125.200.0-255,66,352653,7,352851
6941,0.049242,74.125.200.0-255,66,352719,7,352851
6942,0.049275,74.125.200.0-255,66,352785,7,352851
6943,0.049279,172.31.36.0-255,66,352851,7,352851
6944,0.0,74.125.24.0-255,150,150,7,197559
6945,1.4e-05,172.31.36.0-255,66,216,7,197559
6946,2.1e-05,74.125.24.0-255,1484,1700,7,197559
6947,2.5e-05,172.31.36.0-255,66,1766,7,197559
6948,3e-05,74.125.24.0-255,2902,4668,7,197559
6949,3.3e-05,172.31.36.0-255,66,4734,7,197559
6950,4.1e-05,74.125.24.0-255,7156,11890,7,197559
6951,4.4e-05,172.31.36.0-255,66,11956,7,197559
6952,6.1e-05,74.125.24.0-255,2012,13968,7,197559
6953,6.4e-05,172.31.36.0-255,66,14034,7,197559
6954,0.0001,74.125.24.0-255,5738,19772,7,197559
6955,0.000103,172.31.36.0-255,66,19838,7,197559
6956,0.000128,74.125.24.0-255,5738,25576,7,197559
6957,0.00013,172.31.36.0-255,66,25642,7,197559
6958,0.000137,74.125.24.0-255,5379,31021,7,197559
6959,0.000139,172.31.36.0-255,66,31087,7,197559
6960,0.000255,74.125.24.0-255,1484,32571,7,197559
6961,0.00026,172.31.36.0-255,66,32637,7,197559
6962,0.000266,74.125.24.0-255,2902,35539,7,197559
6963,0.000268,172.31.36.0-255,66,35605,7,197559
6964,0.000275,74.125.24.0-255,5738,41343,7,197559
6965,0.000277,172.31.36.0-255,66,41409,7,197559
6966,0.000303,74.125.24.0-255,7156,48565,7,197559
6967,0.000305,172.31.36.0-255,66,48631,7,197559
6968,0.000331,74.125.24.0-255,6797,55428,7,197559
6969,0.000333,172.31.36.0-255,66,55494,7,197559
6970,0.000344,172.31.36.0-255,66,55560,7,197559
6971,0.000384,74.125.24.0-255,1455,57015,7,197559
6972,0.000386,172.31.36.0-255,66,57081,7,197559
6973,0.00039,74.125.24.0-255,113,57194,7,197559
6974,0.000392,172.31.36.0-255,66,57260,7,197559
6975,0.000808,74.125.24.0-255,331,57591,7,197559
6976,0.001006,172.31.36.0-255,66,57657,7,197559
6977,0.001158,74.125.24.0-255,1484,59141,7,197559
6978,0.001167,74.125.24.0-255,2902,62043,7,197559
6979,0.001174,74.125.24.0-255,4320,66363,7,197559
6980,0.001188,74.125.24.0-255,1484,67847,7,197559
6981,0.001227,74.125.24.0-255,1484,69331,7,197559
6982,0.001743,74.125.24.0-255,1484,70815,7,197559
6983,0.001751,74.125.24.0-255,2902,73717,7,197559
6984,0.001757,74.125.24.0-255,5738,79455,7,197559
6985,0.001796,74.125.24.0-255,4320,83775,7,197559
6986,0.001802,74.125.24.0-255,7156,90931,7,197559
6987,0.001835,74.125.24.0-255,3602,94533,7,197559
6988,0.005375,172.31.36.0-255,66,94599,7,197559
6989,0.007767,74.125.24.0-255,5738,100337,7,197559
6990,0.007775,172.31.36.0-255,66,100403,7,197559
6991,0.010152,74.125.24.0-255,5738,106141,7,197559
6992,0.01016,172.31.36.0-255,66,106207,7,197559
6993,0.012516,74.125.24.0-255,5738,111945,7,197559
6994,0.012524,172.31.36.0-255,66,112011,7,197559
6995,0.014898,74.125.24.0-255,5738,117749,7,197559
6996,0.017149,172.31.36.0-255,66,117815,7,197559
6997,0.019526,74.125.24.0-255,5738,123553,7,197559
6998,0.019536,172.31.36.0-255,66,123619,7,197559
6999,0.021893,74.125.24.0-255,5738,129357,7,197559
7000,0.021901,172.31.36.0-255,66,129423,7,197559
7001,0.024287,74.125.24.0-255,5738,135161,7,197559
7002,0.024294,172.31.36.0-255,66,135227,7,197559
7003,0.024923,172.31.36.0-255,172,135399,7,197559
7004,0.024963,172.31.36.0-255,1116,136515,7,197559
7005,0.025028,172.31.36.0-255,1514,138029,7,197559
7006,0.02503,172.31.36.0-255,1292,139321,7,197559
7007,0.026505,104.244.42.0-255,66,139387,7,197559
7008,0.026533,104.244.42.0-255,66,139453,7,197559
7009,0.026576,104.244.42.0-255,66,139519,7,197559
7010,0.026639,74.125.24.0-255,5738,145257,7,197559
7011,0.026644,172.31.36.0-255,66,145323,7,197559
7012,0.029004,74.125.24.0-255,5738,151061,7,197559
7013,0.029011,172.31.36.0-255,66,151127,7,197559
7014,0.031387,74.125.24.0-255,5738,156865,7,197559
7015,0.031394,172.31.36.0-255,66,156931,7,197559
7016,0.033758,74.125.24.0-255,5738,162669,7,197559
7017,0.033765,172.31.36.0-255,66,162735,7,197559
7018,0.036141,74.125.24.0-255,5738,168473,7,197559
7019,0.036146,172.31.36.0-255,66,168539,7,197559
7020,0.038504,74.125.24.0-255,5738,174277,7,197559
7021,0.038511,172.31.36.0-255,66,174343,7,197559
7022,0.040879,74.125.24.0-255,5738,180081,7,197559
7023,0.040886,172.31.36.0-255,66,180147,7,197559
7024,0.043227,74.125.24.0-255,5738,185885,7,197559
7025,0.043233,172.31.36.0-255,66,185951,7,197559
7026,0.045632,74.125.24.0-255,5738,191689,7,197559
7027,0.045638,172.31.36.0-255,66,191755,7,197559
7028,0.048006,74.125.24.0-255,5738,197493,7,197559
7029,0.048013,172.31.36.0-255,66,197559,7,197559
7030,0.0,74.125.24.0-255,153,153,7,299181
7031,2e-05,172.31.36.0-255,66,219,7,299181
7032,2.7e-05,74.125.24.0-255,1484,1703,7,299181
7033,3.2e-05,172.31.36.0-255,66,1769,7,299181
7034,7.9e-05,74.125.24.0-255,2902,4671,7,299181
7035,8.2e-05,172.31.36.0-255,66,4737,7,299181
7036,0.000129,74.125.24.0-255,4320,9057,7,299181
7037,0.000131,172.31.36.0-255,66,9123,7,299181
7038,0.000138,74.125.24.0-255,4890,14013,7,299181
7039,0.00014,172.31.36.0-255,66,14079,7,299181
7040,0.000166,74.125.24.0-255,5738,19817,7,299181
7041,0.000169,172.31.36.0-255,66,19883,7,299181
7042,0.000188,74.125.24.0-255,4320,24203,7,299181
7043,0.00019,172.31.36.0-255,66,24269,7,299181
7044,0.000212,74.125.24.0-255,2902,27171,7,299181
7045,0.000214,172.31.36.0-255,66,27237,7,299181
7046,0.000235,74.125.24.0-255,3961,31198,7,299181
7047,0.000238,172.31.36.0-255,66,31264,7,299181
7048,0.000717,74.125.24.0-255,1484,32748,7,299181
7049,0.000723,172.31.36.0-255,66,32814,7,299181
7050,0.000747,74.125.24.0-255,2902,35716,7,299181
7051,0.00075,172.31.36.0-255,66,35782,7,299181
7052,0.000754,74.125.24.0-255,1484,37266,7,299181
7053,0.000755,172.31.36.0-255,66,37332,7,299181
7054,0.000761,74.125.24.0-255,2902,40234,7,299181
7055,0.000763,172.31.36.0-255,66,40300,7,299181
7056,0.000785,74.125.24.0-255,2902,43202,7,299181
7057,0.000787,172.31.36.0-255,66,43268,7,299181
7058,0.000793,74.125.24.0-255,4320,47588,7,299181
7059,0.000795,172.31.36.0-255,66,47654,7,299181
7060,0.000813,74.125.24.0-255,5379,53033,7,299181
7061,0.000815,172.31.36.0-255,66,53099,7,299181
7062,0.00082,74.125.24.0-255,2902,56001,7,299181
7063,0.000822,172.31.36.0-255,66,56067,7,299181
7064,0.000842,74.125.24.0-255,7156,63223,7,299181
7065,0.000845,172.31.36.0-255,66,63289,7,299181
7066,0.000849,74.125.24.0-255,2853,66142,7,299181
7067,0.000851,172.31.36.0-255,66,66208,7,299181
7068,0.000898,74.125.24.0-255,345,66553,7,299181
7069,0.001003,74.125.24.0-255,1484,68037,7,299181
7070,0.001008,172.31.36.0-255,66,68103,7,299181
7071,0.001014,74.125.24.0-255,2902,71005,7,299181
7072,0.001016,172.31.36.0-255,66,71071,7,299181
7073,0.001032,74.125.24.0-255,5738,76809,7,299181
7074,0.001035,172.31.36.0-255,66,76875,7,299181
7075,0.001077,74.125.24.0-255,6797,83672,7,299181
7076,0.001081,172.31.36.0-255,66,83738,7,299181
7077,0.001118,74.125.24.0-255,5738,89476,7,299181
7078,0.001122,172.31.36.0-255,66,89542,7,299181
7079,0.001144,74.125.24.0-255,7156,96698,7,299181
7080,0.001148,172.31.36.0-255,66,96764,7,299181
7081,0.001227,74.125.24.0-255,3961,100725,7,299181
7082,0.001231,172.31.36.0-255,66,100791,7,299181
7083,0.001348,74.125.24.0-255,1484,102275,7,299181
7084,0.001369,74.125.24.0-255,2902,105177,7,299181
7085,0.001373,172.31.36.0-255,66,105243,7,299181
7086,0.001391,74.125.24.0-255,1484,106727,7,299181
7087,0.001406,74.125.24.0-255,4320,111047,7,299181
7088,0.001409,172.31.36.0-255,66,111113,7,299181
7089,0.001412,74.125.24.0-255,1484,112597,7,299181
7090,0.001417,74.125.24.0-255,2902,115499,7,299181
7091,0.001419,172.31.36.0-255,66,115565,7,299181
7092,0.001435,74.125.24.0-255,5738,121303,7,299181
7093,0.001437,172.31.36.0-255,66,121369,7,299181
7094,0.00148,172.31.36.0-255,66,121435,7,299181
7095,0.001503,74.125.24.0-255,2184,123619,7,299181
7096,0.001505,172.31.36.0-255,66,123685,7,299181
7097,0.001809,74.125.24.0-255,1484,125169,7,299181
7098,0.001818,74.125.24.0-255,2902,128071,7,299181
7099,0.001822,172.31.36.0-255,66,128137,7,299181
7100,0.001842,74.125.24.0-255,2902,131039,7,299181
7101,0.001845,172.31.36.0-255,66,131105,7,299181
7102,0.001862,74.125.24.0-255,2902,134007,7,299181
7103,0.001864,172.31.36.0-255,66,134073,7,299181
7104,0.001869,74.125.24.0-255,2902,136975,7,299181
7105,0.001872,172.31.36.0-255,66,137041,7,299181
7106,0.001903,74.125.24.0-255,7156,144197,7,299181
7107,0.001906,172.31.36.0-255,66,144263,7,299181
7108,0.001925,74.125.24.0-255,2902,147165,7,299181
7109,0.001927,172.31.36.0-255,66,147231,7,299181
7110,0.001941,74.125.24.0-255,4320,151551,7,299181
7111,0.001944,172.31.36.0-255,66,151617,7,299181
7112,0.001962,74.125.24.0-255,5738,157355,7,299181
7113,0.001964,172.31.36.0-255,66,157421,7,299181
7114,0.001967,74.125.24.0-255,766,158187,7,299181
7115,0.003886,74.125.24.0-255,4320,162507,7,299181
7116,0.00389,172.31.36.0-255,66,162573,7,299181
7117,0.005823,74.125.24.0-255,4320,166893,7,299181
7118,0.005827,172.31.36.0-255,66,166959,7,299181
7119,0.005842,74.125.24.0-255,1484,168443,7,299181
7120,0.007758,74.125.24.0-255,4320,172763,7,299181
7121,0.007765,172.31.36.0-255,66,172829,7,299181
7122,0.009716,74.125.24.0-255,5738,178567,7,299181
7123,0.009724,172.31.36.0-255,66,178633,7,299181
7124,0.011676,74.125.24.0-255,5738,184371,7,299181
7125,0.011684,172.31.36.0-255,66,184437,7,299181
7126,0.013615,74.125.24.0-255,5738,190175,7,299181
7127,0.013625,172.31.36.0-255,66,190241,7,299181
7128,0.015541,74.125.24.0-255,5738,195979,7,299181
7129,0.015552,172.31.36.0-255,66,196045,7,299181
7130,0.017456,74.125.24.0-255,5738,201783,7,299181
7131,0.017464,172.31.36.0-255,66,201849,7,299181
7132,0.019385,74.125.24.0-255,5738,207587,7,299181
7133,0.019393,172.31.36.0-255,66,207653,7,299181
7134,0.021326,74.125.24.0-255,5738,213391,7,299181
7135,0.021333,172.31.36.0-255,66,213457,7,299181
7136,0.023244,74.125.24.0-255,5738,219195,7,299181
7137,0.023252,172.31.36.0-255,66,219261,7,299181
7138,0.025182,74.125.24.0-255,5738,224999,7,299181
7139,0.02519,172.31.36.0-255,66,225065,7,299181
7140,0.027094,74.125.24.0-255,5738,230803,7,299181
7141,0.027102,172.31.36.0-255,66,230869,7,299181
7142,0.029017,74.125.24.0-255,5738,236607,7,299181
7143,0.029024,172.31.36.0-255,66,236673,7,299181
7144,0.030949,74.125.24.0-255,5738,242411,7,299181
7145,0.030955,172.31.36.0-255,66,242477,7,299181
7146,0.032721,172.31.36.0-255,176,242653,7,299181
7147,0.032753,172.31.36.0-255,1115,243768,7,299181
7148,0.032813,172.31.36.0-255,1514,245282,7,299181
7149,0.032814,172.31.36.0-255,1291,246573,7,299181
7150,0.032875,74.125.24.0-255,5738,252311,7,299181
7151,0.03288,172.31.36.0-255,66,252377,7,299181
7152,0.034257,104.244.42.0-255,66,252443,7,299181
7153,0.034307,104.244.42.0-255,66,252509,7,299181
7154,0.034347,104.244.42.0-255,66,252575,7,299181
7155,0.034836,74.125.24.0-255,5738,258313,7,299181
7156,0.034842,172.31.36.0-255,66,258379,7,299181
7157,0.034932,104.244.42.0-255,108,258487,7,299181
7158,0.034937,172.31.36.0-255,66,258553,7,299181
7159,0.036776,74.125.24.0-255,5738,264291,7,299181
7160,0.036783,172.31.36.0-255,66,264357,7,299181
7161,0.038719,74.125.24.0-255,5738,270095,7,299181
7162,0.038725,172.31.36.0-255,66,270161,7,299181
7163,0.040654,74.125.24.0-255,5738,275899,7,299181
7164,0.04066,172.31.36.0-255,66,275965,7,299181
7165,0.042601,74.125.24.0-255,5738,281703,7,299181
7166,0.042607,172.31.36.0-255,66,281769,7,299181
7167,0.044542,74.125.24.0-255,5738,287507,7,299181
7168,0.044551,172.31.36.0-255,66,287573,7,299181
7169,0.046486,74.125.24.0-255,5738,293311,7,299181
7170,0.046492,172.31.36.0-255,66,293377,7,299181
7171,0.04841,74.125.24.0-255,5738,299115,7,299181
7172,0.048416,172.31.36.0-255,66,299181,7,299181
7173,0.0,74.125.68.0-255,153,153,7,150454
7174,1.5e-05,172.31.36.0-255,66,219,7,150454
7175,2.2e-05,74.125.68.0-255,1484,1703,7,150454
7176,2.7e-05,172.31.36.0-255,66,1769,7,150454
7177,4e-05,74.125.68.0-255,2902,4671,7,150454
7178,4.3e-05,172.31.36.0-255,66,4737,7,150454
7179,4.6e-05,74.125.68.0-255,1484,6221,7,150454
7180,5e-05,172.31.36.0-255,66,6287,7,150454
7181,7.3e-05,74.125.68.0-255,4320,10607,7,150454
7182,7.7e-05,172.31.36.0-255,66,10673,7,150454
7183,0.000109,74.125.68.0-255,4886,15559,7,150454
7184,0.000112,172.31.36.0-255,66,15625,7,150454
7185,0.000169,74.125.68.0-255,4320,19945,7,150454
7186,0.000172,172.31.36.0-255,66,20011,7,150454
7187,0.000195,74.125.68.0-255,1484,21495,7,150454
7188,0.000197,172.31.36.0-255,66,21561,7,150454
7189,0.000241,74.125.68.0-255,5738,27299,7,150454
7190,0.000244,172.31.36.0-255,66,27365,7,150454
7191,0.000271,74.125.68.0-255,3961,31326,7,150454
7192,0.000274,172.31.36.0-255,66,31392,7,150454
7193,0.000358,74.125.68.0-255,1484,32876,7,150454
7194,0.000362,172.31.36.0-255,66,32942,7,150454
7195,0.000401,172.31.36.0-255,66,33008,7,150454
7196,0.000524,74.125.68.0-255,2543,35551,7,150454
7197,0.000529,172.31.36.0-255,66,35617,7,150454
7198,0.000554,74.125.68.0-255,1484,37101,7,150454
7199,0.000557,172.31.36.0-255,66,37167,7,150454
7200,0.000602,172.31.36.0-255,66,37233,7,150454
7201,0.000783,172.31.36.0-255,66,37299,7,150454
7202,0.000837,172.31.36.0-255,66,37365,7,150454
7203,0.001031,74.125.68.0-255,4320,41685,7,150454
7204,0.001035,172.31.36.0-255,66,41751,7,150454
7205,0.001076,172.31.36.0-255,66,41817,7,150454
7206,0.001219,74.125.68.0-255,5738,47555,7,150454
7207,0.001223,172.31.36.0-255,66,47621,7,150454
7208,0.001273,172.31.36.0-255,66,47687,7,150454
7209,0.001448,74.125.68.0-255,7156,54843,7,150454
7210,0.001453,172.31.36.0-255,66,54909,7,150454
7211,0.001546,172.31.36.0-255,66,54975,7,150454
7212,0.001556,74.125.68.0-255,2884,57859,7,150454
7213,0.001563,172.31.36.0-255,66,57925,7,150454
7214,0.00201,172.31.36.0-255,66,57991,7,150454
7215,0.002084,172.31.36.0-255,66,58057,7,150454
7216,0.002647,74.125.68.0-255,7156,65213,7,150454
7217,0.002652,172.31.36.0-255,66,65279,7,150454
7218,0.002683,74.125.68.0-255,6438,71717,7,150454
7219,0.002814,74.125.68.0-255,7156,78873,7,150454
7220,0.002903,74.125.68.0-255,5738,84611,7,150454
7221,0.003685,74.125.68.0-255,7156,91767,7,150454
7222,0.006518,172.31.36.0-255,66,91833,7,150454
7223,0.008787,74.125.68.0-255,5738,97571,7,150454
7224,0.008794,172.31.36.0-255,66,97637,7,150454
7225,0.011085,74.125.68.0-255,5738,103375,7,150454
7226,0.011092,172.31.36.0-255,66,103441,7,150454
7227,0.013369,74.125.68.0-255,5738,109179,7,150454
7228,0.013377,172.31.36.0-255,66,109245,7,150454
7229,0.015633,74.125.68.0-255,5738,114983,7,150454
7230,0.015641,172.31.36.0-255,66,115049,7,150454
7231,0.017916,74.125.68.0-255,5738,120787,7,150454
7232,0.017925,172.31.36.0-255,66,120853,7,150454
7233,0.020199,74.125.68.0-255,5738,126591,7,150454
7234,0.020208,172.31.36.0-255,66,126657,7,150454
7235,0.022468,74.125.68.0-255,5738,132395,7,150454
7236,0.022475,172.31.36.0-255,66,132461,7,150454
7237,0.024732,74.125.68.0-255,5738,138199,7,150454
7238,0.024739,172.31.36.0-255,66,138265,7,150454
7239,0.027002,74.125.68.0-255,4589,142854,7,150454
7240,0.027009,172.31.36.0-255,66,142920,7,150454
7241,0.027198,172.31.36.0-255,105,143025,7,150454
7242,0.029422,74.125.68.0-255,66,143091,7,150454
7243,0.032871,172.31.36.0-255,192,143283,7,150454
7244,0.0329,172.31.36.0-255,1116,144399,7,150454
7245,0.032963,172.31.36.0-255,1514,145913,7,150454
7246,0.032965,172.31.36.0-255,1514,147427,7,150454
7247,0.032966,172.31.36.0-255,1514,148941,7,150454
7248,0.032968,172.31.36.0-255,1075,150016,7,150454
7249,0.034418,104.244.42.0-255,66,150082,7,150454
7250,0.034468,104.244.42.0-255,66,150148,7,150454
7251,0.034514,104.244.42.0-255,66,150214,7,150454
7252,0.034527,104.244.42.0-255,66,150280,7,150454
7253,0.035204,104.244.42.0-255,108,150388,7,150454
7254,0.035212,172.31.36.0-255,66,150454,7,150454
7255,0.0,172.217.160.0-255,153,153,7,269794
7256,2.8e-05,172.31.36.0-255,66,219,7,269794
7257,3.5e-05,172.217.160.0-255,1484,1703,7,269794
7258,3.9e-05,172.31.36.0-255,66,1769,7,269794
7259,4.3e-05,172.217.160.0-255,2902,4671,7,269794
7260,4.6e-05,172.31.36.0-255,66,4737,7,269794
7261,4.8e-05,172.217.160.0-255,1484,6221,7,269794
7262,5.1e-05,172.31.36.0-255,66,6287,7,269794
7263,7.4e-05,172.217.160.0-255,4320,10607,7,269794
7264,7.6e-05,172.31.36.0-255,66,10673,7,269794
7265,9.4e-05,172.217.160.0-255,3433,14106,7,269794
7266,9.6e-05,172.31.36.0-255,66,14172,7,269794
7267,0.000132,172.217.160.0-255,1484,15656,7,269794
7268,0.000135,172.31.36.0-255,66,15722,7,269794
7269,0.00014,172.217.160.0-255,2902,18624,7,269794
7270,0.000142,172.31.36.0-255,66,18690,7,269794
7271,0.000154,172.217.160.0-255,1484,20174,7,269794
7272,0.000157,172.31.36.0-255,66,20240,7,269794
7273,0.000178,172.217.160.0-255,4320,24560,7,269794
7274,0.000181,172.31.36.0-255,66,24626,7,269794
7275,0.000185,172.217.160.0-255,2902,27528,7,269794
7276,0.000186,172.31.36.0-255,66,27594,7,269794
7277,0.000212,172.217.160.0-255,2902,30496,7,269794
7278,0.000215,172.31.36.0-255,66,30562,7,269794
7279,0.000218,172.217.160.0-255,1125,31687,7,269794
7280,0.00022,172.31.36.0-255,66,31753,7,269794
7281,0.000255,172.217.160.0-255,1484,33237,7,269794
7282,0.000258,172.31.36.0-255,66,33303,7,269794
7283,0.000281,172.217.160.0-255,4320,37623,7,269794
7284,0.000284,172.31.36.0-255,66,37689,7,269794
7285,0.000286,172.217.160.0-255,1484,39173,7,269794
7286,0.000288,172.31.36.0-255,66,39239,7,269794
7287,0.000298,172.217.160.0-255,7156,46395,7,269794
7288,0.0003,172.31.36.0-255,66,46461,7,269794
7289,0.000345,172.217.160.0-255,2543,49004,7,269794
7290,0.000348,172.31.36.0-255,66,49070,7,269794
7291,0.0004,172.217.160.0-255,1484,50554,7,269794
7292,0.000423,172.217.160.0-255,2902,53456,7,269794
7293,0.000426,172.31.36.0-255,66,53522,7,269794
7294,0.000432,172.217.160.0-255,4320,57842,7,269794
7295,0.000435,172.31.36.0-255,66,57908,7,269794
7296,0.00048,172.217.160.0-255,5738,63646,7,269794
7297,0.000483,172.31.36.0-255,66,63712,7,269794
7298,0.000503,172.217.160.0-255,2543,66255,7,269794
7299,0.000505,172.31.36.0-255,66,66321,7,269794
7300,0.000577,172.217.160.0-255,333,66654,7,269794
7301,0.000804,172.31.36.0-255,66,66720,7,269794
7302,0.00099,172.217.160.0-255,410,67130,7,269794
7303,0.001035,172.217.160.0-255,1484,68614,7,269794
7304,0.00104,172.31.36.0-255,66,68680,7,269794
7305,0.001045,172.217.160.0-255,1484,70164,7,269794
7306,0.001057,172.217.160.0-255,1484,71648,7,269794
7307,0.00106,172.31.36.0-255,66,71714,7,269794
7308,0.001067,172.217.160.0-255,5738,77452,7,269794
7309,0.001069,172.31.36.0-255,66,77518,7,269794
7310,0.001113,172.217.160.0-255,4320,81838,7,269794
7311,0.001117,172.31.36.0-255,66,81904,7,269794
7312,0.001133,172.217.160.0-255,2543,84447,7,269794
7313,0.001136,172.31.36.0-255,66,84513,7,269794
7314,0.001149,172.217.160.0-255,1484,85997,7,269794
7315,0.001171,172.217.160.0-255,5738,91735,7,269794
7316,0.001174,172.31.36.0-255,66,91801,7,269794
7317,0.001189,172.217.160.0-255,4320,96121,7,269794
7318,0.001192,172.31.36.0-255,66,96187,7,269794
7319,0.001217,172.217.160.0-255,5379,101566,7,269794
7320,0.00122,172.31.36.0-255,66,101632,7,269794
7321,0.001762,172.217.160.0-255,1484,103116,7,269794
7322,0.00177,172.217.160.0-255,2902,106018,7,269794
7323,0.001774,172.31.36.0-255,66,106084,7,269794
7324,0.001781,172.217.160.0-255,5738,111822,7,269794
7325,0.001783,172.31.36.0-255,66,111888,7,269794
7326,0.001786,172.217.160.0-255,1484,113372,7,269794
7327,0.001808,172.31.36.0-255,66,113438,7,269794
7328,0.001814,172.217.160.0-255,5738,119176,7,269794
7329,0.001817,172.31.36.0-255,66,119242,7,269794
7330,0.001894,172.217.160.0-255,4320,123562,7,269794
7331,0.001896,172.31.36.0-255,66,123628,7,269794
7332,0.001906,172.217.160.0-255,766,124394,7,269794
7333,0.003246,172.31.36.0-255,66,124460,7,269794
7334,0.003776,172.217.160.0-255,4320,128780,7,269794
7335,0.003781,172.31.36.0-255,66,128846,7,269794
7336,0.005145,172.217.160.0-255,1484,130330,7,269794
7337,0.005656,172.217.160.0-255,2902,133232,7,269794
7338,0.005659,172.31.36.0-255,66,133298,7,269794
7339,0.005676,172.217.160.0-255,1484,134782,7,269794
7340,0.007548,172.217.160.0-255,4320,139102,7,269794
7341,0.007557,172.31.36.0-255,66,139168,7,269794
7342,0.009471,172.217.160.0-255,5738,144906,7,269794
7343,0.00948,172.31.36.0-255,66,144972,7,269794
7344,0.011381,172.217.160.0-255,5738,150710,7,269794
7345,0.011391,172.31.36.0-255,66,150776,7,269794
7346,0.013291,172.217.160.0-255,5738,156514,7,269794
7347,0.013305,172.31.36.0-255,66,156580,7,269794
7348,0.015216,172.217.160.0-255,5738,162318,7,269794
7349,0.015234,172.31.36.0-255,66,162384,7,269794
7350,0.01713,172.217.160.0-255,5738,168122,7,269794
7351,0.017142,172.31.36.0-255,66,168188,7,269794
7352,0.019043,172.217.160.0-255,5738,173926,7,269794
7353,0.019056,172.31.36.0-255,66,173992,7,269794
7354,0.020943,172.217.160.0-255,5738,179730,7,269794
7355,0.020953,172.31.36.0-255,66,179796,7,269794
7356,0.022864,172.217.160.0-255,5738,185534,7,269794
7357,0.022876,172.31.36.0-255,66,185600,7,269794
7358,0.024782,172.217.160.0-255,5738,191338,7,269794
7359,0.024802,172.31.36.0-255,66,191404,7,269794
7360,0.026702,172.217.160.0-255,5738,197142,7,269794
7361,0.026715,172.31.36.0-255,66,197208,7,269794
7362,0.028058,172.31.36.0-255,172,197380,7,269794
7363,0.028093,172.31.36.0-255,1116,198496,7,269794
7364,0.028125,172.31.36.0-255,1514,200010,7,269794
7365,0.028127,172.31.36.0-255,1290,201300,7,269794
7366,0.028597,172.217.160.0-255,5738,207038,7,269794
7367,0.028605,172.31.36.0-255,66,207104,7,269794
7368,0.029632,104.244.42.0-255,66,207170,7,269794
7369,0.029679,104.244.42.0-255,66,207236,7,269794
7370,0.029683,104.244.42.0-255,66,207302,7,269794
7371,0.030489,172.217.160.0-255,4320,211622,7,269794
7372,0.030498,172.31.36.0-255,66,211688,7,269794
7373,0.03053,172.217.160.0-255,1484,213172,7,269794
7374,0.032403,172.217.160.0-255,4320,217492,7,269794
7375,0.03241,172.31.36.0-255,66,217558,7,269794
7376,0.034299,172.217.160.0-255,5738,223296,7,269794
7377,0.034309,172.31.36.0-255,66,223362,7,269794
7378,0.036191,172.217.160.0-255,5738,229100,7,269794
7379,0.036201,172.31.36.0-255,66,229166,7,269794
7380,0.038094,172.217.160.0-255,5738,234904,7,269794
7381,0.038103,172.31.36.0-255,66,234970,7,269794
7382,0.040014,172.217.160.0-255,5738,240708,7,269794
7383,0.040023,172.31.36.0-255,66,240774,7,269794
7384,0.041928,172.217.160.0-255,5738,246512,7,269794
7385,0.041946,172.31.36.0-255,66,246578,7,269794
7386,0.043844,172.217.160.0-255,5738,252316,7,269794
7387,0.043857,172.31.36.0-255,66,252382,7,269794
7388,0.04575,172.217.160.0-255,5738,258120,7,269794
7389,0.045761,172.31.36.0-255,66,258186,7,269794
7390,0.047653,172.217.160.0-255,5738,263924,7,269794
7391,0.047666,172.31.36.0-255,66,263990,7,269794
7392,0.049548,172.217.160.0-255,5738,269728,7,269794
7393,0.049555,172.31.36.0-255,66,269794,7,269794
7394,0.0,172.217.194.0-255,150,150,7,261430
7395,1.7e-05,172.31.36.0-255,66,216,7,261430
7396,2.4e-05,172.217.194.0-255,1484,1700,7,261430
7397,2.9e-05,172.31.36.0-255,66,1766,7,261430
7398,3.5e-05,172.217.194.0-255,2902,4668,7,261430
7399,3.8e-05,172.31.36.0-255,66,4734,7,261430
7400,4.5e-05,172.217.194.0-255,5738,10472,7,261430
7401,4.9e-05,172.31.36.0-255,66,10538,7,261430
7402,7.3e-05,172.217.194.0-255,1484,12022,7,261430
7403,7.5e-05,172.31.36.0-255,66,12088,7,261430
7404,8e-05,172.217.194.0-255,2902,14990,7,261430
7405,8.2e-05,172.31.36.0-255,66,15056,7,261430
7406,0.000113,172.31.36.0-255,66,15122,7,261430
7407,0.000117,172.217.194.0-255,2543,17665,7,261430
7408,0.000121,172.31.36.0-255,66,17731,7,261430
7409,0.00016,172.217.194.0-255,1484,19215,7,261430
7410,0.000162,172.31.36.0-255,66,19281,7,261430
7411,0.000167,172.217.194.0-255,2902,22183,7,261430
7412,0.00017,172.31.36.0-255,66,22249,7,261430
7413,0.000193,172.217.194.0-255,5738,27987,7,261430
7414,0.000196,172.31.36.0-255,66,28053,7,261430
7415,0.000204,172.217.194.0-255,6797,34850,7,261430
7416,0.000206,172.31.36.0-255,66,34916,7,261430
7417,0.000258,172.31.36.0-255,66,34982,7,261430
7418,0.000263,172.217.194.0-255,2833,37815,7,261430
7419,0.000265,172.31.36.0-255,66,37881,7,261430
7420,0.000577,172.217.194.0-255,365,38246,7,261430
7421,0.000582,172.31.36.0-255,66,38312,7,261430
7422,0.000717,172.217.194.0-255,1484,39796,7,261430
7423,0.000721,172.31.36.0-255,66,39862,7,261430
7424,0.000726,172.217.194.0-255,2902,42764,7,261430
7425,0.000728,172.31.36.0-255,66,42830,7,261430
7426,0.000734,172.217.194.0-255,4320,47150,7,261430
7427,0.000736,172.31.36.0-255,66,47216,7,261430
7428,0.000754,172.217.194.0-255,1484,48700,7,261430
7429,0.000777,172.217.194.0-255,6248,54948,7,261430
7430,0.000781,172.31.36.0-255,66,55014,7,261430
7431,0.000838,172.217.194.0-255,1484,56498,7,261430
7432,0.000856,172.217.194.0-255,2902,59400,7,261430
7433,0.000859,172.31.36.0-255,66,59466,7,261430
7434,0.000864,172.217.194.0-255,2902,62368,7,261430
7435,0.000866,172.31.36.0-255,66,62434,7,261430
7436,0.000869,172.217.194.0-255,1484,63918,7,261430
7437,0.000895,172.217.194.0-255,5738,69656,7,261430
7438,0.000898,172.31.36.0-255,66,69722,7,261430
7439,0.000934,172.31.36.0-255,66,69788,7,261430
7440,0.000938,172.217.194.0-255,3602,73390,7,261430
7441,0.00094,172.31.36.0-255,66,73456,7,261430
7442,0.001468,172.217.194.0-255,1484,74940,7,261430
7443,0.001475,172.217.194.0-255,2902,77842,7,261430
7444,0.001478,172.31.36.0-255,66,77908,7,261430
7445,0.001485,172.217.194.0-255,5738,83646,7,261430
7446,0.001487,172.31.36.0-255,66,83712,7,261430
7447,0.001511,172.217.194.0-255,2902,86614,7,261430
7448,0.001514,172.31.36.0-255,66,86680,7,261430
7449,0.001545,172.31.36.0-255,66,86746,7,261430
7450,0.001553,172.217.194.0-255,7156,93902,7,261430
7451,0.001555,172.31.36.0-255,66,93968,7,261430
7452,0.001583,172.217.194.0-255,3602,97570,7,261430
7453,0.001586,172.31.36.0-255,66,97636,7,261430
7454,0.002164,172.217.194.0-255,1484,99120,7,261430
7455,0.002175,172.217.194.0-255,2902,102022,7,261430
7456,0.002179,172.31.36.0-255,66,102088,7,261430
7457,0.002186,172.217.194.0-255,5738,107826,7,261430
7458,0.002189,172.31.36.0-255,66,107892,7,261430
7459,0.002195,172.217.194.0-255,4320,112212,7,261430
7460,0.002197,172.31.36.0-255,66,112278,7,261430
7461,0.002222,172.217.194.0-255,2902,115180,7,261430
7462,0.002224,172.31.36.0-255,66,115246,7,261430
7463,0.002236,172.31.36.0-255,66,115312,7,261430
7464,0.002255,172.217.194.0-255,4320,119632,7,261430
7465,0.002257,172.31.36.0-255,66,119698,7,261430
7466,0.002261,172.217.194.0-255,2184,121882,7,261430
7467,0.002263,172.31.36.0-255,66,121948,7,261430
7468,0.002301,172.217.194.0-255,1484,123432,7,261430
7469,0.002315,172.217.194.0-255,2902,126334,7,261430
7470,0.002317,172.31.36.0-255,66,126400,7,261430
7471,0.002343,172.217.194.0-255,5738,132138,7,261430
7472,0.002345,172.31.36.0-255,66,132204,7,261430
7473,0.002352,172.217.194.0-255,5738,137942,7,261430
7474,0.002355,172.31.36.0-255,66,138008,7,261430
7475,0.002378,172.217.194.0-255,2902,140910,7,261430
7476,0.00238,172.31.36.0-255,66,140976,7,261430
7477,0.002423,172.217.194.0-255,5738,146714,7,261430
7478,0.002425,172.31.36.0-255,66,146780,7,261430
7479,0.002458,172.31.36.0-255,66,146846,7,261430
7480,0.004864,172.217.194.0-255,5738,152584,7,261430
7481,0.004871,172.31.36.0-255,66,152650,7,261430
7482,0.007295,172.217.194.0-255,5738,158388,7,261430
7483,0.007301,172.31.36.0-255,66,158454,7,261430
7484,0.009708,172.217.194.0-255,5738,164192,7,261430
7485,0.009715,172.31.36.0-255,66,164258,7,261430
7486,0.012099,172.217.194.0-255,5738,169996,7,261430
7487,0.012108,172.31.36.0-255,66,170062,7,261430
7488,0.014515,172.217.194.0-255,5738,175800,7,261430
7489,0.014524,172.31.36.0-255,66,175866,7,261430
7490,0.016955,172.217.194.0-255,5738,181604,7,261430
7491,0.016972,172.31.36.0-255,66,181670,7,261430
7492,0.019372,172.217.194.0-255,5738,187408,7,261430
7493,0.019384,172.31.36.0-255,66,187474,7,261430
7494,0.021791,172.217.194.0-255,5738,193212,7,261430
7495,0.021801,172.31.36.0-255,66,193278,7,261430
7496,0.024205,172.217.194.0-255,5738,199016,7,261430
7497,0.024214,172.31.36.0-255,66,199082,7,261430
7498,0.026669,172.217.194.0-255,5738,204820,7,261430
7499,0.026679,172.31.36.0-255,66,204886,7,261430
7500,0.029082,172.217.194.0-255,5738,210624,7,261430
7501,0.029091,172.31.36.0-255,66,210690,7,261430
7502,0.031496,172.217.194.0-255,5738,216428,7,261430
7503,0.031505,172.31.36.0-255,66,216494,7,261430
7504,0.033888,172.217.194.0-255,5738,222232,7,261430
7505,0.033897,172.31.36.0-255,66,222298,7,261430
7506,0.036289,172.217.194.0-255,5738,228036,7,261430
7507,0.036296,172.31.36.0-255,66,228102,7,261430
7508,0.036855,172.31.36.0-255,189,228291,7,261430
7509,0.036886,172.31.36.0-255,1115,229406,7,261430
7510,0.03695,172.31.36.0-255,1514,230920,7,261430
7511,0.036951,172.31.36.0-255,1292,232212,7,261430
7512,0.03841,104.244.42.0-255,66,232278,7,261430
7513,0.038438,104.244.42.0-255,66,232344,7,261430
7514,0.038485,104.244.42.0-255,66,232410,7,261430
7515,0.038726,172.217.194.0-255,5738,238148,7,261430
7516,0.038737,172.31.36.0-255,66,238214,7,261430
7517,0.041139,172.217.194.0-255,5738,243952,7,261430
7518,0.041148,172.31.36.0-255,66,244018,7,261430
7519,0.043562,172.217.194.0-255,5738,249756,7,261430
7520,0.043568,172.31.36.0-255,66,249822,7,261430
7521,0.045972,172.217.194.0-255,5738,255560,7,261430
7522,0.04598,172.31.36.0-255,66,255626,7,261430
7523,0.048384,172.217.194.0-255,5738,261364,7,261430
7524,0.04839,172.31.36.0-255,66,261430,7,261430
7525,0.0,74.125.24.0-255,155,155,7,276479
7526,2.5e-05,172.31.36.0-255,66,221,7,276479
7527,3.3e-05,74.125.24.0-255,1484,1705,7,276479
7528,3.8e-05,172.31.36.0-255,66,1771,7,276479
7529,5.2e-05,74.125.24.0-255,2902,4673,7,276479
7530,5.7e-05,172.31.36.0-255,66,4739,7,276479
7531,6.2e-05,74.125.24.0-255,4320,9059,7,276479
7532,6.6e-05,172.31.36.0-255,66,9125,7,276479
7533,8.8e-05,74.125.24.0-255,4886,14011,7,276479
7534,9.5e-05,172.31.36.0-255,66,14077,7,276479
7535,0.000125,74.125.24.0-255,5738,19815,7,276479
7536,0.000128,172.31.36.0-255,66,19881,7,276479
7537,0.000134,74.125.24.0-255,2902,22783,7,276479
7538,0.000136,172.31.36.0-255,66,22849,7,276479
7539,0.000154,74.125.24.0-255,1484,24333,7,276479
7540,0.00016,172.31.36.0-255,66,24399,7,276479
7541,0.000191,74.125.24.0-255,6797,31196,7,276479
7542,0.000194,172.31.36.0-255,66,31262,7,276479
7543,0.000262,74.125.24.0-255,1484,32746,7,276479
7544,0.000264,172.31.36.0-255,66,32812,7,276479
7545,0.00029,74.125.24.0-255,2902,35714,7,276479
7546,0.000293,172.31.36.0-255,66,35780,7,276479
7547,0.0003,74.125.24.0-255,4320,40100,7,276479
7548,0.000302,172.31.36.0-255,66,40166,7,276479
7549,0.000333,74.125.24.0-255,4320,44486,7,276479
7550,0.000336,172.31.36.0-255,66,44552,7,276479
7551,0.000361,74.125.24.0-255,5379,49931,7,276479
7552,0.000363,172.31.36.0-255,66,49997,7,276479
7553,0.000375,172.31.36.0-255,66,50063,7,276479
7554,0.000411,74.125.24.0-255,5692,55755,7,276479
7555,0.000413,172.31.36.0-255,66,55821,7,276479
7556,0.000894,74.125.24.0-255,108,55929,7,276479
7557,0.000928,74.125.24.0-255,1484,57413,7,276479
7558,0.000933,172.31.36.0-255,66,57479,7,276479
7559,0.000938,74.125.24.0-255,1484,58963,7,276479
7560,0.00096,74.125.24.0-255,1484,60447,7,276479
7561,0.000962,172.31.36.0-255,66,60513,7,276479
7562,0.000971,74.125.24.0-255,7156,67669,7,276479
7563,0.000974,172.31.36.0-255,66,67735,7,276479
7564,0.001036,172.31.36.0-255,66,67801,7,276479
7565,0.001047,74.125.24.0-255,5738,73539,7,276479
7566,0.001054,172.31.36.0-255,66,73605,7,276479
7567,0.001061,74.125.24.0-255,5738,79343,7,276479
7568,0.001063,172.31.36.0-255,66,79409,7,276479
7569,0.001076,172.31.36.0-255,66,79475,7,276479
7570,0.001082,74.125.24.0-255,7156,86631,7,276479
7571,0.001085,172.31.36.0-255,66,86697,7,276479
7572,0.00111,74.125.24.0-255,2902,89599,7,276479
7573,0.001113,172.31.36.0-255,66,89665,7,276479
7574,0.001131,172.31.36.0-255,66,89731,7,276479
7575,0.001162,74.125.24.0-255,2450,92181,7,276479
7576,0.001166,172.31.36.0-255,66,92247,7,276479
7577,0.001202,74.125.24.0-255,1484,93731,7,276479
7578,0.001206,74.125.24.0-255,1484,95215,7,276479
7579,0.001208,172.31.36.0-255,66,95281,7,276479
7580,0.001235,74.125.24.0-255,1484,96765,7,276479
7581,0.001241,74.125.24.0-255,5738,102503,7,276479
7582,0.001243,172.31.36.0-255,66,102569,7,276479
7583,0.001249,74.125.24.0-255,4320,106889,7,276479
7584,0.001251,172.31.36.0-255,66,106955,7,276479
7585,0.001284,172.31.36.0-255,66,107021,7,276479
7586,0.001291,74.125.24.0-255,7156,114177,7,276479
7587,0.001293,172.31.36.0-255,66,114243,7,276479
7588,0.001317,74.125.24.0-255,3602,117845,7,276479
7589,0.00132,172.31.36.0-255,66,117911,7,276479
7590,0.001355,74.125.24.0-255,2902,120813,7,276479
7591,0.001358,172.31.36.0-255,66,120879,7,276479
7592,0.00139,74.125.24.0-255,1484,122363,7,276479
7593,0.001397,74.125.24.0-255,4320,126683,7,276479
7594,0.001399,172.31.36.0-255,66,126749,7,276479
7595,0.001412,172.31.36.0-255,66,126815,7,276479
7596,0.001446,74.125.24.0-255,5738,132553,7,276479
7597,0.001449,172.31.36.0-255,66,132619,7,276479
7598,0.001474,172.31.36.0-255,66,132685,7,276479
7599,0.001618,74.125.24.0-255,1484,134169,7,276479
7600,0.001626,74.125.24.0-255,2902,137071,7,276479
7601,0.001628,172.31.36.0-255,66,137137,7,276479
7602,0.001636,74.125.24.0-255,5738,142875,7,276479
7603,0.001639,172.31.36.0-255,66,142941,7,276479
7604,0.001692,172.31.36.0-255,66,143007,7,276479
7605,0.001706,172.31.36.0-255,66,143073,7,276479
7606,0.00179,74.125.24.0-255,1484,144557,7,276479
7607,0.001795,74.125.24.0-255,2902,147459,7,276479
7608,0.001798,172.31.36.0-255,66,147525,7,276479
7609,0.001828,74.125.24.0-255,5738,153263,7,276479
7610,0.001831,172.31.36.0-255,66,153329,7,276479
7611,0.001834,74.125.24.0-255,1484,154813,7,276479
7612,0.001861,74.125.24.0-255,4320,159133,7,276479
7613,0.001864,172.31.36.0-255,66,159199,7,276479
7614,0.001877,74.125.24.0-255,5738,164937,7,276479
7615,0.001879,172.31.36.0-255,66,165003,7,276479
7616,0.001912,74.125.24.0-255,7156,172159,7,276479
7617,0.001915,172.31.36.0-255,66,172225,7,276479
7618,0.001921,74.125.24.0-255,5020,177245,7,276479
7619,0.001924,172.31.36.0-255,66,177311,7,276479
7620,0.001976,74.125.24.0-255,1484,178795,7,276479
7621,0.001988,74.125.24.0-255,2902,181697,7,276479
7622,0.001993,172.31.36.0-255,66,181763,7,276479
7623,0.002022,74.125.24.0-255,5738,187501,7,276479
7624,0.002025,172.31.36.0-255,66,187567,7,276479
7625,0.002038,172.31.36.0-255,66,187633,7,276479
7626,0.002061,74.125.24.0-255,4320,191953,7,276479
7627,0.002063,172.31.36.0-255,66,192019,7,276479
7628,0.002072,74.125.24.0-255,4320,196339,7,276479
7629,0.002075,172.31.36.0-255,66,196405,7,276479
7630,0.002113,74.125.24.0-255,6438,202843,7,276479
7631,0.002117,172.31.36.0-255,66,202909,7,276479
7632,0.00212,74.125.24.0-255,1484,204393,7,276479
7633,0.002151,172.31.36.0-255,66,204459,7,276479
7634,0.002183,74.125.24.0-255,1484,205943,7,276479
7635,0.002196,172.31.36.0-255,66,206009,7,276479
7636,0.0022,74.125.24.0-255,1484,207493,7,276479
7637,0.002202,74.125.24.0-255,1484,208977,7,276479
7638,0.002205,172.31.36.0-255,66,209043,7,276479
7639,0.002241,172.31.36.0-255,66,209109,7,276479
7640,0.002244,74.125.24.0-255,766,209875,7,276479
7641,0.002395,74.125.24.0-255,1484,211359,7,276479
7642,0.002399,74.125.24.0-255,2902,214261,7,276479
7643,0.002401,74.125.24.0-255,1484,215745,7,276479
7644,0.002407,172.31.36.0-255,66,215811,7,276479
7645,0.002415,172.31.36.0-255,66,215877,7,276479
7646,0.002422,74.125.24.0-255,4320,220197,7,276479
7647,0.002424,172.31.36.0-255,66,220263,7,276479
7648,0.002429,74.125.24.0-255,2902,223165,7,276479
7649,0.002437,172.31.36.0-255,66,223231,7,276479
7650,0.00247,74.125.24.0-255,4320,227551,7,276479
7651,0.002472,172.31.36.0-255,66,227617,7,276479
7652,0.002475,74.125.24.0-255,1484,229101,7,276479
7653,0.002491,172.31.36.0-255,66,229167,7,276479
7654,0.002499,74.125.24.0-255,6438,235605,7,276479
7655,0.002501,172.31.36.0-255,66,235671,7,276479
7656,0.002602,74.125.24.0-255,1484,237155,7,276479
7657,0.002608,74.125.24.0-255,2902,240057,7,276479
7658,0.002612,172.31.36.0-255,66,240123,7,276479
7659,0.002617,74.125.24.0-255,2902,243025,7,276479
7660,0.00262,172.31.36.0-255,66,243091,7,276479
7661,0.002641,74.125.24.0-255,2902,245993,7,276479
7662,0.002648,74.125.24.0-255,5738,251731,7,276479
7663,0.002652,172.31.36.0-255,66,251797,7,276479
7664,0.002666,172.31.36.0-255,66,251863,7,276479
7665,0.002674,74.125.24.0-255,7156,259019,7,276479
7666,0.002681,172.31.36.0-255,66,259085,7,276479
7667,0.002692,172.31.36.0-255,66,259151,7,276479
7668,0.002722,74.125.24.0-255,4320,263471,7,276479
7669,0.002725,172.31.36.0-255,66,263537,7,276479
7670,0.002751,172.31.36.0-255,66,263603,7,276479
7671,0.002781,74.125.24.0-255,4650,268253,7,276479
7672,0.002784,172.31.36.0-255,66,268319,7,276479
7673,0.002788,74.125.24.0-255,105,268424,7,276479
7674,0.002895,74.125.24.0-255,129,268553,7,276479
7675,0.005288,172.31.36.0-255,105,268658,7,276479
7676,0.005329,172.31.36.0-255,105,268763,7,276479
7677,0.005606,172.31.36.0-255,90,268853,7,276479
7678,0.005624,172.31.36.0-255,66,268919,7,276479
7679,0.007331,74.125.24.0-255,66,268985,7,276479
7680,0.007346,74.125.24.0-255,66,269051,7,276479
7681,0.007609,74.125.24.0-255,66,269117,7,276479
7682,0.00763,74.125.24.0-255,66,269183,7,276479
7683,0.007639,172.31.36.0-255,66,269249,7,276479
7684,0.007674,74.125.24.0-255,66,269315,7,276479
7685,0.034926,172.31.36.0-255,171,269486,7,276479
7686,0.03496,172.31.36.0-255,1138,270624,7,276479
7687,0.035023,172.31.36.0-255,1514,272138,7,276479
7688,0.035025,172.31.36.0-255,1514,273652,7,276479
7689,0.03503,172.31.36.0-255,1514,275166,7,276479
7690,0.035032,172.31.36.0-255,1049,276215,7,276479
7691,0.036457,104.244.42.0-255,66,276281,7,276479
7692,0.036604,104.244.42.0-255,66,276347,7,276479
7693,0.036639,104.244.42.0-255,66,276413,7,276479
7694,0.03666,104.244.42.0-255,66,276479,7,276479
7695,0.0,172.217.194.0-255,143,143,7,205250
7696,3.3e-05,172.31.36.0-255,66,209,7,205250
7697,4e-05,172.217.194.0-255,1484,1693,7,205250
7698,4.5e-05,172.31.36.0-255,66,1759,7,205250
7699,5e-05,172.217.194.0-255,2902,4661,7,205250
7700,5.4e-05,172.31.36.0-255,66,4727,7,205250
7701,6e-05,172.217.194.0-255,5738,10465,7,205250
7702,6.3e-05,172.31.36.0-255,66,10531,7,205250
7703,0.000105,172.217.194.0-255,3481,14012,7,205250
7704,0.000108,172.31.36.0-255,66,14078,7,205250
7705,0.00014,172.217.194.0-255,1484,15562,7,205250
7706,0.000144,172.31.36.0-255,66,15628,7,205250
7707,0.000158,172.217.194.0-255,2902,18530,7,205250
7708,0.000161,172.31.36.0-255,66,18596,7,205250
7709,0.000166,172.217.194.0-255,5738,24334,7,205250
7710,0.000168,172.31.36.0-255,66,24400,7,205250
7711,0.000216,172.31.36.0-255,66,24466,7,205250
7712,0.000229,172.31.36.0-255,66,24532,7,205250
7713,0.000268,172.217.194.0-255,6797,31329,7,205250
7714,0.00027,172.31.36.0-255,66,31395,7,205250
7715,0.000277,172.217.194.0-255,7156,38551,7,205250
7716,0.00028,172.31.36.0-255,66,38617,7,205250
7717,0.000314,172.31.36.0-255,66,38683,7,205250
7718,0.000333,172.217.194.0-255,397,39080,7,205250
7719,0.000335,172.31.36.0-255,66,39146,7,205250
7720,0.000622,172.217.194.0-255,378,39524,7,205250
7721,0.000626,172.31.36.0-255,66,39590,7,205250
7722,0.000894,172.217.194.0-255,1484,41074,7,205250
7723,0.000899,172.31.36.0-255,66,41140,7,205250
7724,0.000907,172.217.194.0-255,2902,44042,7,205250
7725,0.00091,172.31.36.0-255,66,44108,7,205250
7726,0.000914,172.217.194.0-255,1484,45592,7,205250
7727,0.000937,172.217.194.0-255,4320,49912,7,205250
7728,0.00094,172.31.36.0-255,66,49978,7,205250
7729,0.00095,172.31.36.0-255,66,50044,7,205250
7730,0.000973,172.217.194.0-255,4320,54364,7,205250
7731,0.000976,172.31.36.0-255,66,54430,7,205250
7732,0.000988,172.31.36.0-255,66,54496,7,205250
7733,0.000991,172.217.194.0-255,766,55262,7,205250
7734,0.001372,172.217.194.0-255,1484,56746,7,205250
7735,0.001378,172.31.36.0-255,66,56812,7,205250
7736,0.001384,172.217.194.0-255,2902,59714,7,205250
7737,0.001386,172.31.36.0-255,66,59780,7,205250
7738,0.001393,172.217.194.0-255,5738,65518,7,205250
7739,0.001395,172.31.36.0-255,66,65584,7,205250
7740,0.001436,172.31.36.0-255,66,65650,7,205250
7741,0.001469,172.217.194.0-255,5738,71388,7,205250
7742,0.001471,172.31.36.0-255,66,71454,7,205250
7743,0.00149,172.217.194.0-255,5020,76474,7,205250
7744,0.001492,172.31.36.0-255,66,76540,7,205250
7745,0.001516,172.217.194.0-255,1484,78024,7,205250
7746,0.001521,172.217.194.0-255,2902,80926,7,205250
7747,0.001524,172.31.36.0-255,66,80992,7,205250
7748,0.001546,172.217.194.0-255,5738,86730,7,205250
7749,0.001548,172.31.36.0-255,66,86796,7,205250
7750,0.001577,172.31.36.0-255,66,86862,7,205250
7751,0.001614,172.217.194.0-255,5738,92600,7,205250
7752,0.001617,172.31.36.0-255,66,92666,7,205250
7753,0.001638,172.217.194.0-255,5020,97686,7,205250
7754,0.00164,172.31.36.0-255,66,97752,7,205250
7755,0.001764,172.217.194.0-255,1484,99236,7,205250
7756,0.001769,172.217.194.0-255,2902,102138,7,205250
7757,0.001771,172.31.36.0-255,66,102204,7,205250
7758,0.00179,172.217.194.0-255,5738,107942,7,205250
7759,0.001793,172.31.36.0-255,66,108008,7,205250
7760,0.00181,172.217.194.0-255,2902,110910,7,205250
7761,0.001812,172.31.36.0-255,66,110976,7,205250
7762,0.00184,172.31.36.0-255,66,111042,7,205250
7763,0.001851,172.31.36.0-255,66,111108,7,205250
7764,0.001853,172.217.194.0-255,766,111874,7,205250
7765,0.001933,172.217.194.0-255,1484,113358,7,205250
7766,0.001936,172.31.36.0-255,66,113424,7,205250
7767,0.001941,172.217.194.0-255,2902,116326,7,205250
7768,0.001944,172.31.36.0-255,66,116392,7,205250
7769,0.001948,172.217.194.0-255,2902,119294,7,205250
7770,0.001951,172.31.36.0-255,66,119360,7,205250
7771,0.001974,172.217.194.0-255,2902,122262,7,205250
7772,0.001977,172.31.36.0-255,66,122328,7,205250
7773,0.002025,172.31.36.0-255,66,122394,7,205250
7774,0.002054,172.217.194.0-255,2902,125296,7,205250
7775,0.002057,172.31.36.0-255,66,125362,7,205250
7776,0.002071,172.31.36.0-255,66,125428,7,205250
7777,0.002087,172.31.36.0-255,66,125494,7,205250
7778,0.002093,172.217.194.0-255,5738,131232,7,205250
7779,0.002096,172.31.36.0-255,66,131298,7,205250
7780,0.00213,172.31.36.0-255,66,131364,7,205250
7781,0.00224,172.217.194.0-255,1484,132848,7,205250
7782,0.002245,172.217.194.0-255,1484,134332,7,205250
7783,0.002248,172.31.36.0-255,66,134398,7,205250
7784,0.002268,172.217.194.0-255,1484,135882,7,205250
7785,0.002274,172.217.194.0-255,5738,141620,7,205250
7786,0.002277,172.31.36.0-255,66,141686,7,205250
7787,0.002283,172.217.194.0-255,5738,147424,7,205250
7788,0.002285,172.31.36.0-255,66,147490,7,205250
7789,0.002325,172.31.36.0-255,66,147556,7,205250
7790,0.002328,172.217.194.0-255,1484,149040,7,205250
7791,0.002331,172.31.36.0-255,78,149118,7,205250
7792,0.002337,172.217.194.0-255,5738,154856,7,205250
7793,0.00234,172.31.36.0-255,78,154934,7,205250
7794,0.002358,172.217.194.0-255,5020,159954,7,205250
7795,0.002362,172.31.36.0-255,66,160020,7,205250
7796,0.002376,172.31.36.0-255,66,160086,7,205250
7797,0.002383,172.217.194.0-255,7156,167242,7,205250
7798,0.002385,172.31.36.0-255,66,167308,7,205250
7799,0.002403,172.217.194.0-255,2902,170210,7,205250
7800,0.002406,172.31.36.0-255,66,170276,7,205250
7801,0.002411,172.217.194.0-255,2184,172460,7,205250
7802,0.002413,172.31.36.0-255,66,172526,7,205250
7803,0.002431,172.217.194.0-255,2902,175428,7,205250
7804,0.002434,172.31.36.0-255,78,175506,7,205250
7805,0.002457,172.217.194.0-255,2184,177690,7,205250
7806,0.00246,172.31.36.0-255,78,177768,7,205250
7807,0.002485,172.31.36.0-255,66,177834,7,205250
7808,0.002731,172.217.194.0-255,1484,179318,7,205250
7809,0.002748,172.217.194.0-255,2902,182220,7,205250
7810,0.002751,172.31.36.0-255,66,182286,7,205250
7811,0.002758,172.217.194.0-255,5738,188024,7,205250
7812,0.00276,172.31.36.0-255,66,188090,7,205250
7813,0.002784,172.217.194.0-255,2902,190992,7,205250
7814,0.002787,172.31.36.0-255,66,191058,7,205250
7815,0.002809,172.31.36.0-255,66,191124,7,205250
7816,0.002831,172.217.194.0-255,4320,195444,7,205250
7817,0.002834,172.31.36.0-255,66,195510,7,205250
7818,0.002863,172.31.36.0-255,66,195576,7,205250
7819,0.00292,172.31.36.0-255,66,195642,7,205250
7820,0.002923,172.217.194.0-255,105,195747,7,205250
7821,0.004672,172.31.36.0-255,66,195813,7,205250
7822,0.004699,172.31.36.0-255,105,195918,7,205250
7823,0.007018,172.217.194.0-255,66,195984,7,205250
7824,0.040945,172.31.36.0-255,182,196166,7,205250
7825,0.040979,172.31.36.0-255,1115,197281,7,205250
7826,0.041033,172.31.36.0-255,1514,198795,7,205250
7827,0.041034,172.31.36.0-255,1514,200309,7,205250
7828,0.041036,172.31.36.0-255,1514,201823,7,205250
7829,0.041041,172.31.36.0-255,1514,203337,7,205250
7830,0.041042,172.31.36.0-255,1514,204851,7,205250
7831,0.041043,172.31.36.0-255,69,204920,7,205250
7832,0.042485,104.244.42.0-255,66,204986,7,205250
7833,0.042537,104.244.42.0-255,66,205052,7,205250
7834,0.042592,104.244.42.0-255,66,205118,7,205250
7835,0.042643,104.244.42.0-255,66,205184,7,205250
7836,0.042645,104.244.42.0-255,66,205250,7,205250
7837,0.0,172.31.36.0-255,249,249,7,315
7838,0.006602,74.125.24.0-255,66,315,7,315
7839,0.0,74.125.130.0-255,153,153,7,282214
7840,2.9e-05,172.31.36.0-255,66,219,7,282214
7841,3.6e-05,74.125.130.0-255,1484,1703,7,282214
7842,4.1e-05,172.31.36.0-255,66,1769,7,282214
7843,5.4e-05,74.125.130.0-255,2902,4671,7,282214
7844,5.7e-05,172.31.36.0-255,66,4737,7,282214
7845,6.3e-05,74.125.130.0-255,5738,10475,7,282214
7846,6.5e-05,172.31.36.0-255,66,10541,7,282214
7847,9.3e-05,74.125.130.0-255,7156,17697,7,282214
7848,0.000103,172.31.36.0-255,66,17763,7,282214
7849,0.00013,74.125.130.0-255,6308,24071,7,282214
7850,0.000134,172.31.36.0-255,66,24137,7,282214
7851,0.000141,74.125.130.0-255,6797,30934,7,282214
7852,0.000143,172.31.36.0-255,66,31000,7,282214
7853,0.000233,74.125.130.0-255,1484,32484,7,282214
7854,0.000237,172.31.36.0-255,66,32550,7,282214
7855,0.000243,74.125.130.0-255,2902,35452,7,282214
7856,0.000245,172.31.36.0-255,66,35518,7,282214
7857,0.000277,74.125.130.0-255,5738,41256,7,282214
7858,0.000281,172.31.36.0-255,66,41322,7,282214
7859,0.000288,74.125.130.0-255,5738,47060,7,282214
7860,0.000291,172.31.36.0-255,66,47126,7,282214
7861,0.00032,74.125.130.0-255,2543,49669,7,282214
7862,0.000323,172.31.36.0-255,66,49735,7,282214
7863,0.00034,172.31.36.0-255,66,49801,7,282214
7864,0.000372,74.125.130.0-255,6797,56598,7,282214
7865,0.000376,172.31.36.0-255,66,56664,7,282214
7866,0.000378,74.125.130.0-255,380,57044,7,282214
7867,0.00038,172.31.36.0-255,66,57110,7,282214
7868,0.000522,74.125.130.0-255,363,57473,7,282214
7869,0.000526,172.31.36.0-255,66,57539,7,282214
7870,0.000823,74.125.130.0-255,1484,59023,7,282214
7871,0.000834,74.125.130.0-255,2902,61925,7,282214
7872,0.000837,172.31.36.0-255,66,61991,7,282214
7873,0.000841,74.125.130.0-255,1484,63475,7,282214
7874,0.00087,74.125.130.0-255,4320,67795,7,282214
7875,0.000874,172.31.36.0-255,66,67861,7,282214
7876,0.000912,74.125.130.0-255,7156,75017,7,282214
7877,0.000916,172.31.36.0-255,66,75083,7,282214
7878,0.000944,74.125.130.0-255,5738,80821,7,282214
7879,0.000947,172.31.36.0-255,66,80887,7,282214
7880,0.000965,172.31.36.0-255,66,80953,7,282214
7881,0.000968,74.125.130.0-255,217,81170,7,282214
7882,0.001026,74.125.130.0-255,1484,82654,7,282214
7883,0.001029,172.31.36.0-255,66,82720,7,282214
7884,0.001035,74.125.130.0-255,2902,85622,7,282214
7885,0.001037,172.31.36.0-255,66,85688,7,282214
7886,0.001064,74.125.130.0-255,5738,91426,7,282214
7887,0.001068,172.31.36.0-255,66,91492,7,282214
7888,0.001108,172.31.36.0-255,66,91558,7,282214
7889,0.001125,172.31.36.0-255,66,91624,7,282214
7890,0.001659,74.125.130.0-255,1484,93108,7,282214
7891,0.001665,74.125.130.0-255,2902,96010,7,282214
7892,0.001669,172.31.36.0-255,66,96076,7,282214
7893,0.001675,74.125.130.0-255,2902,98978,7,282214
7894,0.001678,172.31.36.0-255,66,99044,7,282214
7895,0.001702,74.125.130.0-255,2902,101946,7,282214
7896,0.001707,172.31.36.0-255,66,102012,7,282214
7897,0.00171,74.125.130.0-255,7156,109168,7,282214
7898,0.001717,172.31.36.0-255,66,109234,7,282214
7899,0.001741,74.125.130.0-255,2902,112136,7,282214
7900,0.001745,172.31.36.0-255,66,112202,7,282214
7901,0.00176,74.125.130.0-255,2184,114386,7,282214
7902,0.00176,172.31.36.0-255,66,114452,7,282214
7903,0.001763,172.31.36.0-255,66,114518,7,282214
7904,0.001872,74.125.130.0-255,1484,116002,7,282214
7905,0.001877,74.125.130.0-255,2902,118904,7,282214
7906,0.001879,74.125.130.0-255,1484,120388,7,282214
7907,0.001881,172.31.36.0-255,66,120454,7,282214
7908,0.00191,74.125.130.0-255,4320,124774,7,282214
7909,0.001914,172.31.36.0-255,66,124840,7,282214
7910,0.001921,74.125.130.0-255,5738,130578,7,282214
7911,0.001923,172.31.36.0-255,66,130644,7,282214
7912,0.001935,74.125.130.0-255,7156,137800,7,282214
7913,0.001938,172.31.36.0-255,66,137866,7,282214
7914,0.001979,172.31.36.0-255,66,137932,7,282214
7915,0.002003,74.125.130.0-255,1484,139416,7,282214
7916,0.003959,74.125.130.0-255,4320,143736,7,282214
7917,0.003965,172.31.36.0-255,66,143802,7,282214
7918,0.005942,74.125.130.0-255,5738,149540,7,282214
7919,0.005946,172.31.36.0-255,66,149606,7,282214
7920,0.007918,74.125.130.0-255,5738,155344,7,282214
7921,0.007924,172.31.36.0-255,66,155410,7,282214
7922,0.0099,74.125.130.0-255,5738,161148,7,282214
7923,0.009906,172.31.36.0-255,66,161214,7,282214
7924,0.011884,74.125.130.0-255,5738,166952,7,282214
7925,0.01189,172.31.36.0-255,66,167018,7,282214
7926,0.013861,74.125.130.0-255,2902,169920,7,282214
7927,0.013868,172.31.36.0-255,66,169986,7,282214
7928,0.013907,74.125.130.0-255,2902,172888,7,282214
7929,0.01391,172.31.36.0-255,66,172954,7,282214
7930,0.015848,74.125.130.0-255,2902,175856,7,282214
7931,0.015855,172.31.36.0-255,66,175922,7,282214
7932,0.015895,74.125.130.0-255,2902,178824,7,282214
7933,0.015899,172.31.36.0-255,66,178890,7,282214
7934,0.017829,74.125.130.0-255,2902,181792,7,282214
7935,0.017835,172.31.36.0-255,66,181858,7,282214
7936,0.017878,74.125.130.0-255,2902,184760,7,282214
7937,0.017882,172.31.36.0-255,66,184826,7,282214
7938,0.019807,74.125.130.0-255,2902,187728,7,282214
7939,0.019815,172.31.36.0-255,66,187794,7,282214
7940,0.019855,74.125.130.0-255,2902,190696,7,282214
7941,0.019858,172.31.36.0-255,66,190762,7,282214
7942,0.02179,74.125.130.0-255,2902,193664,7,282214
7943,0.021798,172.31.36.0-255,66,193730,7,282214
7944,0.021835,74.125.130.0-255,2902,196632,7,282214
7945,0.021839,172.31.36.0-255,66,196698,7,282214
7946,0.023769,74.125.130.0-255,2902,199600,7,282214
7947,0.023777,172.31.36.0-255,66,199666,7,282214
7948,0.023818,74.125.130.0-255,2902,202568,7,282214
7949,0.023821,172.31.36.0-255,66,202634,7,282214
7950,0.025784,74.125.130.0-255,1484,204118,7,282214
7951,0.025818,74.125.130.0-255,4320,208438,7,282214
7952,0.025824,172.31.36.0-255,66,208504,7,282214
7953,0.0278,74.125.130.0-255,5738,214242,7,282214
7954,0.027808,172.31.36.0-255,66,214308,7,282214
7955,0.027821,172.31.36.0-255,172,214480,7,282214
7956,0.027845,172.31.36.0-255,1115,215595,7,282214
7957,0.027947,172.31.36.0-255,1514,217109,7,282214
7958,0.027949,172.31.36.0-255,1293,218402,7,282214
7959,0.029333,104.244.42.0-255,66,218468,7,282214
7960,0.029375,104.244.42.0-255,66,218534,7,282214
7961,0.02947,104.244.42.0-255,66,218600,7,282214
7962,0.029797,74.125.130.0-255,4320,222920,7,282214
7963,0.029802,172.31.36.0-255,66,222986,7,282214
7964,0.029837,74.125.130.0-255,1484,224470,7,282214
7965,0.031768,74.125.130.0-255,4320,228790,7,282214
7966,0.031774,172.31.36.0-255,66,228856,7,282214
7967,0.033749,74.125.130.0-255,5738,234594,7,282214
7968,0.033755,172.31.36.0-255,66,234660,7,282214
7969,0.035731,74.125.130.0-255,2902,237562,7,282214
7970,0.035736,172.31.36.0-255,66,237628,7,282214
7971,0.035782,74.125.130.0-255,2902,240530,7,282214
7972,0.035785,172.31.36.0-255,66,240596,7,282214
7973,0.037706,74.125.130.0-255,2902,243498,7,282214
7974,0.037711,172.31.36.0-255,66,243564,7,282214
7975,0.037746,74.125.130.0-255,2902,246466,7,282214
7976,0.037749,172.31.36.0-255,66,246532,7,282214
7977,0.039675,74.125.130.0-255,2902,249434,7,282214
7978,0.03968,172.31.36.0-255,66,249500,7,282214
7979,0.039714,74.125.130.0-255,2902,252402,7,282214
7980,0.039717,172.31.36.0-255,66,252468,7,282214
7981,0.041655,74.125.130.0-255,2902,255370,7,282214
7982,0.04166,172.31.36.0-255,66,255436,7,282214
7983,0.041707,74.125.130.0-255,2902,258338,7,282214
7984,0.041711,172.31.36.0-255,66,258404,7,282214
7985,0.043623,74.125.130.0-255,2902,261306,7,282214
7986,0.043629,172.31.36.0-255,66,261372,7,282214
7987,0.043666,74.125.130.0-255,1484,262856,7,282214
7988,0.043684,74.125.130.0-255,1484,264340,7,282214
7989,0.043687,172.31.36.0-255,66,264406,7,282214
7990,0.045598,74.125.130.0-255,2902,267308,7,282214
7991,0.045602,172.31.36.0-255,66,267374,7,282214
7992,0.045645,74.125.130.0-255,2902,270276,7,282214
7993,0.045649,172.31.36.0-255,66,270342,7,282214
7994,0.047564,74.125.130.0-255,2902,273244,7,282214
7995,0.047569,172.31.36.0-255,66,273310,7,282214
7996,0.047608,74.125.130.0-255,2902,276212,7,282214
7997,0.047612,172.31.36.0-255,66,276278,7,282214
7998,0.04953,74.125.130.0-255,2902,279180,7,282214
7999,0.049535,172.31.36.0-255,66,279246,7,282214
8000,0.049576,74.125.130.0-255,2902,282148,7,282214
8001,0.04958,172.31.36.0-255,66,282214,7,282214
8002,0.0,74.125.24.0-255,150,150,7,205777
8003,1.9e-05,172.31.36.0-255,66,216,7,205777
8004,2.6e-05,74.125.24.0-255,1484,1700,7,205777
8005,3.1e-05,172.31.36.0-255,66,1766,7,205777
8006,3.7e-05,74.125.24.0-255,2902,4668,7,205777
8007,4.1e-05,172.31.36.0-255,66,4734,7,205777
8008,4.9e-05,74.125.24.0-255,7156,11890,7,205777
8009,5.2e-05,172.31.36.0-255,66,11956,7,205777
8010,0.000151,74.125.24.0-255,2029,13985,7,205777
8011,0.000155,172.31.36.0-255,66,14051,7,205777
8012,0.000185,74.125.24.0-255,5738,19789,7,205777
8013,0.000188,172.31.36.0-255,66,19855,7,205777
8014,0.000282,172.31.36.0-255,66,19921,7,205777
8015,0.000411,74.125.24.0-255,1125,21046,7,205777
8016,0.000416,172.31.36.0-255,66,21112,7,205777
8017,0.000436,74.125.24.0-255,2902,24014,7,205777
8018,0.000439,172.31.36.0-255,66,24080,7,205777
8019,0.000469,172.31.36.0-255,66,24146,7,205777
8020,0.00066,172.31.36.0-255,66,24212,7,205777
8021,0.000688,172.31.36.0-255,66,24278,7,205777
8022,0.000951,74.125.24.0-255,376,24654,7,205777
8023,0.000955,172.31.36.0-255,66,24720,7,205777
8024,0.000971,74.125.24.0-255,1484,26204,7,205777
8025,0.000973,172.31.36.0-255,66,26270,7,205777
8026,0.001006,74.125.24.0-255,4320,30590,7,205777
8027,0.001009,172.31.36.0-255,66,30656,7,205777
8028,0.001062,74.125.24.0-255,2902,33558,7,205777
8029,0.001065,172.31.36.0-255,66,33624,7,205777
8030,0.001086,74.125.24.0-255,7156,40780,7,205777
8031,0.001093,172.31.36.0-255,66,40846,7,205777
8032,0.001221,74.125.24.0-255,5738,46584,7,205777
8033,0.001226,172.31.36.0-255,66,46650,7,205777
8034,0.001257,172.31.36.0-255,66,46716,7,205777
8035,0.001497,74.125.24.0-255,1484,48200,7,205777
8036,0.001518,74.125.24.0-255,2902,51102,7,205777
8037,0.001522,172.31.36.0-255,66,51168,7,205777
8038,0.001562,74.125.24.0-255,5738,56906,7,205777
8039,0.001577,172.31.36.0-255,66,56972,7,205777
8040,0.001674,74.125.24.0-255,4320,61292,7,205777
8041,0.001678,172.31.36.0-255,66,61358,7,205777
8042,0.001683,172.31.36.0-255,66,61424,7,205777
8043,0.001853,74.125.24.0-255,5738,67162,7,205777
8044,0.001857,172.31.36.0-255,66,67228,7,205777
8045,0.001878,74.125.24.0-255,5020,72248,7,205777
8046,0.002028,74.125.24.0-255,1484,73732,7,205777
8047,0.002047,74.125.24.0-255,2902,76634,7,205777
8048,0.002086,74.125.24.0-255,4320,80954,7,205777
8049,0.002097,74.125.24.0-255,1484,82438,7,205777
8050,0.002205,74.125.24.0-255,7156,89594,7,205777
8051,0.002223,74.125.24.0-255,5738,95332,7,205777
8052,0.002755,74.125.24.0-255,3602,98934,7,205777
8053,0.007419,172.31.36.0-255,66,99000,7,205777
8054,0.009697,74.125.24.0-255,5738,104738,7,205777
8055,0.009705,172.31.36.0-255,66,104804,7,205777
8056,0.011984,74.125.24.0-255,5738,110542,7,205777
8057,0.012308,172.31.36.0-255,66,110608,7,205777
8058,0.014579,74.125.24.0-255,5738,116346,7,205777
8059,0.014593,172.31.36.0-255,66,116412,7,205777
8060,0.016913,74.125.24.0-255,5738,122150,7,205777
8061,0.016923,172.31.36.0-255,66,122216,7,205777
8062,0.019222,74.125.24.0-255,5738,127954,7,205777
8063,0.019233,172.31.36.0-255,66,128020,7,205777
8064,0.021502,74.125.24.0-255,5738,133758,7,205777
8065,0.021509,172.31.36.0-255,66,133824,7,205777
8066,0.023802,74.125.24.0-255,5738,139562,7,205777
8067,0.023809,172.31.36.0-255,66,139628,7,205777
8068,0.026073,74.125.24.0-255,5738,145366,7,205777
8069,0.02608,172.31.36.0-255,66,145432,7,205777
8070,0.028364,74.125.24.0-255,5738,151170,7,205777
8071,0.028373,172.31.36.0-255,66,151236,7,205777
8072,0.030666,74.125.24.0-255,5738,156974,7,205777
8073,0.030675,172.31.36.0-255,66,157040,7,205777
8074,0.032961,74.125.24.0-255,5738,162778,7,205777
8075,0.032971,172.31.36.0-255,66,162844,7,205777
8076,0.034994,172.31.36.0-255,176,163020,7,205777
8077,0.035022,172.31.36.0-255,1073,164093,7,205777
8078,0.035263,74.125.24.0-255,2902,166995,7,205777
8079,0.035269,172.31.36.0-255,66,167061,7,205777
8080,0.035284,74.125.24.0-255,2902,169963,7,205777
8081,0.035311,172.31.36.0-255,66,170029,7,205777
8082,0.036479,104.244.42.0-255,66,170095,7,205777
8083,0.036507,104.244.42.0-255,66,170161,7,205777
8084,0.037545,74.125.24.0-255,2902,173063,7,205777
8085,0.037552,172.31.36.0-255,66,173129,7,205777
8086,0.037594,74.125.24.0-255,2902,176031,7,205777
8087,0.037611,172.31.36.0-255,66,176097,7,205777
8088,0.039835,74.125.24.0-255,2902,178999,7,205777
8089,0.039842,172.31.36.0-255,66,179065,7,205777
8090,0.039881,74.125.24.0-255,2902,181967,7,205777
8091,0.039901,172.31.36.0-255,66,182033,7,205777
8092,0.042123,74.125.24.0-255,2902,184935,7,205777
8093,0.042128,172.31.36.0-255,66,185001,7,205777
8094,0.042166,74.125.24.0-255,2902,187903,7,205777
8095,0.042195,172.31.36.0-255,66,187969,7,205777
8096,0.044412,74.125.24.0-255,2902,190871,7,205777
8097,0.04442,172.31.36.0-255,66,190937,7,205777
8098,0.044461,74.125.24.0-255,2902,193839,7,205777
8099,0.044479,172.31.36.0-255,66,193905,7,205777
8100,0.046703,74.125.24.0-255,2902,196807,7,205777
8101,0.046711,172.31.36.0-255,66,196873,7,205777
8102,0.046798,74.125.24.0-255,2902,199775,7,205777
8103,0.046809,172.31.36.0-255,66,199841,7,205777
8104,0.048995,74.125.24.0-255,2902,202743,7,205777
8105,0.049002,172.31.36.0-255,66,202809,7,205777
8106,0.049082,74.125.24.0-255,2902,205711,7,205777
8107,0.049092,172.31.36.0-255,66,205777,7,205777
8108,0.0,172.217.194.0-255,148,148,7,235981
8109,3.5e-05,172.31.36.0-255,66,214,7,235981
8110,4.2e-05,172.217.194.0-255,1484,1698,7,235981
8111,4.6e-05,172.31.36.0-255,66,1764,7,235981
8112,5.2e-05,172.217.194.0-255,2902,4666,7,235981
8113,5.5e-05,172.31.36.0-255,66,4732,7,235981
8114,6.9e-05,172.217.194.0-255,7156,11888,7,235981
8115,7.2e-05,172.31.36.0-255,66,11954,7,235981
8116,7.5e-05,172.217.194.0-255,1484,13438,7,235981
8117,7.7e-05,172.31.36.0-255,66,13504,7,235981
8118,0.000112,172.217.194.0-255,669,14173,7,235981
8119,0.000114,172.31.36.0-255,66,14239,7,235981
8120,0.000141,172.217.194.0-255,1484,15723,7,235981
8121,0.000143,172.31.36.0-255,66,15789,7,235981
8122,0.00017,172.217.194.0-255,4320,20109,7,235981
8123,0.000173,172.31.36.0-255,66,20175,7,235981
8124,0.000198,172.217.194.0-255,7156,27331,7,235981
8125,0.000201,172.31.36.0-255,66,27397,7,235981
8126,0.000207,172.217.194.0-255,3961,31358,7,235981
8127,0.00021,172.31.36.0-255,66,31424,7,235981
8128,0.000297,172.217.194.0-255,1484,32908,7,235981
8129,0.0003,172.31.36.0-255,66,32974,7,235981
8130,0.000305,172.217.194.0-255,2902,35876,7,235981
8131,0.000308,172.31.36.0-255,66,35942,7,235981
8132,0.000322,172.217.194.0-255,5738,41680,7,235981
8133,0.000326,172.31.36.0-255,66,41746,7,235981
8134,0.000354,172.217.194.0-255,1484,43230,7,235981
8135,0.000357,172.31.36.0-255,66,43296,7,235981
8136,0.000408,172.31.36.0-255,66,43362,7,235981
8137,0.000427,172.31.36.0-255,66,43428,7,235981
8138,0.000429,172.217.194.0-255,341,43769,7,235981
8139,0.000468,172.217.194.0-255,433,44202,7,235981
8140,0.000719,172.217.194.0-255,1484,45686,7,235981
8141,0.000724,172.31.36.0-255,66,45752,7,235981
8142,0.000729,172.217.194.0-255,2902,48654,7,235981
8143,0.000732,172.31.36.0-255,66,48720,7,235981
8144,0.000738,172.217.194.0-255,5738,54458,7,235981
8145,0.000746,172.31.36.0-255,66,54524,7,235981
8146,0.00079,172.31.36.0-255,66,54590,7,235981
8147,0.000804,172.31.36.0-255,66,54656,7,235981
8148,0.001019,172.217.194.0-255,1484,56140,7,235981
8149,0.001025,172.217.194.0-255,2902,59042,7,235981
8150,0.001028,172.31.36.0-255,66,59108,7,235981
8151,0.001059,172.217.194.0-255,5738,64846,7,235981
8152,0.001062,172.31.36.0-255,66,64912,7,235981
8153,0.001069,172.217.194.0-255,5738,70650,7,235981
8154,0.001072,172.31.36.0-255,66,70716,7,235981
8155,0.001103,172.217.194.0-255,7156,77872,7,235981
8156,0.001107,172.31.36.0-255,66,77938,7,235981
8157,0.001118,172.31.36.0-255,66,78004,7,235981
8158,0.001153,172.31.36.0-255,66,78070,7,235981
8159,0.00116,172.217.194.0-255,5738,83808,7,235981
8160,0.001162,172.31.36.0-255,66,83874,7,235981
8161,0.001192,172.217.194.0-255,2902,86776,7,235981
8162,0.001195,172.31.36.0-255,66,86842,7,235981
8163,0.001218,172.31.36.0-255,66,86908,7,235981
8164,0.001221,172.217.194.0-255,766,87674,7,235981
8165,0.001281,172.217.194.0-255,1484,89158,7,235981
8166,0.001285,172.31.36.0-255,66,89224,7,235981
8167,0.001289,172.217.194.0-255,2902,92126,7,235981
8168,0.001291,172.31.36.0-255,66,92192,7,235981
8169,0.001298,172.217.194.0-255,5738,97930,7,235981
8170,0.001302,172.31.36.0-255,66,97996,7,235981
8171,0.001341,172.217.194.0-255,5738,103734,7,235981
8172,0.001344,172.31.36.0-255,66,103800,7,235981
8173,0.001367,172.217.194.0-255,7156,110956,7,235981
8174,0.001372,172.31.36.0-255,66,111022,7,235981
8175,0.001378,172.31.36.0-255,66,111088,7,235981
8176,0.001411,172.217.194.0-255,6438,117526,7,235981
8177,0.001414,172.31.36.0-255,66,117592,7,235981
8178,0.001419,172.217.194.0-255,4320,121912,7,235981
8179,0.001422,172.31.36.0-255,66,121978,7,235981
8180,0.001451,172.217.194.0-255,2902,124880,7,235981
8181,0.001454,172.31.36.0-255,66,124946,7,235981
8182,0.001469,172.31.36.0-255,66,125012,7,235981
8183,0.001475,172.217.194.0-255,5020,130032,7,235981
8184,0.001477,172.31.36.0-255,66,130098,7,235981
8185,0.001522,172.217.194.0-255,1484,131582,7,235981
8186,0.001526,172.217.194.0-255,2902,134484,7,235981
8187,0.00153,172.31.36.0-255,66,134550,7,235981
8188,0.001535,172.217.194.0-255,5738,140288,7,235981
8189,0.001538,172.31.36.0-255,66,140354,7,235981
8190,0.00154,172.217.194.0-255,1484,141838,7,235981
8191,0.001564,172.217.194.0-255,4320,146158,7,235981
8192,0.001569,172.31.36.0-255,66,146224,7,235981
8193,0.001582,172.217.194.0-255,5738,151962,7,235981
8194,0.001586,172.31.36.0-255,66,152028,7,235981
8195,0.001629,172.217.194.0-255,7156,159184,7,235981
8196,0.001633,172.31.36.0-255,66,159250,7,235981
8197,0.00164,172.217.194.0-255,5020,164270,7,235981
8198,0.001644,172.31.36.0-255,66,164336,7,235981
8199,0.001686,172.217.194.0-255,1484,165820,7,235981
8200,0.001691,172.217.194.0-255,2902,168722,7,235981
8201,0.001694,172.31.36.0-255,66,168788,7,235981
8202,0.001717,172.217.194.0-255,5738,174526,7,235981
8203,0.00172,172.31.36.0-255,66,174592,7,235981
8204,0.001723,172.217.194.0-255,1484,176076,7,235981
8205,0.00175,172.31.36.0-255,66,176142,7,235981
8206,0.001757,172.217.194.0-255,5738,181880,7,235981
8207,0.001761,172.31.36.0-255,66,181946,7,235981
8208,0.001792,172.217.194.0-255,5020,186966,7,235981
8209,0.001796,172.31.36.0-255,66,187032,7,235981
8210,0.001889,172.217.194.0-255,1484,188516,7,235981
8211,0.001894,172.217.194.0-255,2902,191418,7,235981
8212,0.001897,172.31.36.0-255,66,191484,7,235981
8213,0.001903,172.217.194.0-255,5738,197222,7,235981
8214,0.001905,172.31.36.0-255,66,197288,7,235981
8215,0.001955,172.31.36.0-255,66,197354,7,235981
8216,0.001983,172.217.194.0-255,2902,200256,7,235981
8217,0.001987,172.31.36.0-255,66,200322,7,235981
8218,0.001998,172.217.194.0-255,766,201088,7,235981
8219,0.002,172.31.36.0-255,66,201154,7,235981
8220,0.002056,172.217.194.0-255,1484,202638,7,235981
8221,0.00206,172.31.36.0-255,66,202704,7,235981
8222,0.002065,172.217.194.0-255,2902,205606,7,235981
8223,0.002068,172.31.36.0-255,66,205672,7,235981
8224,0.002073,172.217.194.0-255,4320,209992,7,235981
8225,0.002076,172.31.36.0-255,66,210058,7,235981
8226,0.002115,172.217.194.0-255,1484,211542,7,235981
8227,0.002131,172.31.36.0-255,66,211608,7,235981
8228,0.002148,172.31.36.0-255,66,211674,7,235981
8229,0.002151,172.217.194.0-255,766,212440,7,235981
8230,0.002207,172.217.194.0-255,1484,213924,7,235981
8231,0.00221,172.31.36.0-255,66,213990,7,235981
8232,0.002216,172.217.194.0-255,4320,218310,7,235981
8233,0.002218,172.31.36.0-255,66,218376,7,235981
8234,0.002236,172.31.36.0-255,66,218442,7,235981
8235,0.002244,172.217.194.0-255,7156,225598,7,235981
8236,0.002246,172.31.36.0-255,66,225664,7,235981
8237,0.002302,172.31.36.0-255,66,225730,7,235981
8238,0.002308,172.217.194.0-255,5377,231107,7,235981
8239,0.00231,172.31.36.0-255,66,231173,7,235981
8240,0.002313,172.217.194.0-255,105,231278,7,235981
8241,0.003569,172.31.36.0-255,66,231344,7,235981
8242,0.003598,172.31.36.0-255,105,231449,7,235981
8243,0.006101,172.217.194.0-255,66,231515,7,235981
8244,0.026665,172.31.36.0-255,172,231687,7,235981
8245,0.026696,172.31.36.0-255,1114,232801,7,235981
8246,0.026735,172.31.36.0-255,1514,234315,7,235981
8247,0.026737,172.31.36.0-255,1294,235609,7,235981
8248,0.028165,104.244.42.0-255,66,235675,7,235981
8249,0.028232,104.244.42.0-255,66,235741,7,235981
8250,0.028245,104.244.42.0-255,66,235807,7,235981
8251,0.028883,104.244.42.0-255,108,235915,7,235981
8252,0.028888,172.31.36.0-255,66,235981,7,235981
8253,0.0,172.217.194.0-255,153,153,7,172430
8254,2.3e-05,172.31.36.0-255,66,219,7,172430
8255,3e-05,172.217.194.0-255,1484,1703,7,172430
8256,3.5e-05,172.31.36.0-255,66,1769,7,172430
8257,4.8e-05,172.217.194.0-255,2902,4671,7,172430
8258,5.1e-05,172.31.36.0-255,66,4737,7,172430
8259,6e-05,172.217.194.0-255,7156,11893,7,172430
8260,6.4e-05,172.31.36.0-255,66,11959,7,172430
8261,8.1e-05,172.31.36.0-255,66,12025,7,172430
8262,9.7e-05,172.217.194.0-255,2543,14568,7,172430
8263,0.000101,172.31.36.0-255,66,14634,7,172430
8264,0.000122,172.217.194.0-255,2902,17536,7,172430
8265,0.000125,172.31.36.0-255,66,17602,7,172430
8266,0.000132,172.217.194.0-255,5738,23340,7,172430
8267,0.000135,172.31.36.0-255,66,23406,7,172430
8268,0.000161,172.217.194.0-255,1484,24890,7,172430
8269,0.000164,172.31.36.0-255,66,24956,7,172430
8270,0.000177,172.217.194.0-255,6797,31753,7,172430
8271,0.00018,172.31.36.0-255,66,31819,7,172430
8272,0.000684,172.217.194.0-255,1484,33303,7,172430
8273,0.00069,172.31.36.0-255,66,33369,7,172430
8274,0.000696,172.217.194.0-255,2902,36271,7,172430
8275,0.000698,172.31.36.0-255,66,36337,7,172430
8276,0.000703,172.217.194.0-255,2902,39239,7,172430
8277,0.000705,172.31.36.0-255,66,39305,7,172430
8278,0.000741,172.217.194.0-255,2902,42207,7,172430
8279,0.000745,172.31.36.0-255,66,42273,7,172430
8280,0.000755,172.217.194.0-255,6797,49070,7,172430
8281,0.000762,172.31.36.0-255,66,49136,7,172430
8282,0.00077,172.217.194.0-255,7156,56292,7,172430
8283,0.000773,172.31.36.0-255,66,56358,7,172430
8284,0.000779,172.217.194.0-255,5738,62096,7,172430
8285,0.000791,172.31.36.0-255,66,62162,7,172430
8286,0.00081,172.217.194.0-255,3961,66123,7,172430
8287,0.000813,172.217.194.0-255,1484,67607,7,172430
8288,0.000824,172.31.36.0-255,66,67673,7,172430
8289,0.000875,172.31.36.0-255,66,67739,7,172430
8290,0.001011,172.217.194.0-255,1484,69223,7,172430
8291,0.001017,172.217.194.0-255,2902,72125,7,172430
8292,0.00102,172.31.36.0-255,66,72191,7,172430
8293,0.001024,172.217.194.0-255,1484,73675,7,172430
8294,0.001049,172.217.194.0-255,4320,77995,7,172430
8295,0.001052,172.217.194.0-255,1484,79479,7,172430
8296,0.001083,172.31.36.0-255,66,79545,7,172430
8297,0.001088,172.31.36.0-255,66,79611,7,172430
8298,0.001114,172.217.194.0-255,1484,81095,7,172430
8299,0.001131,172.217.194.0-255,766,81861,7,172430
8300,0.001139,172.31.36.0-255,66,81927,7,172430
8301,0.001528,172.217.194.0-255,1484,83411,7,172430
8302,0.001535,172.217.194.0-255,2902,86313,7,172430
8303,0.001538,172.31.36.0-255,66,86379,7,172430
8304,0.001544,172.217.194.0-255,4320,90699,7,172430
8305,0.001546,172.31.36.0-255,66,90765,7,172430
8306,0.001566,172.217.194.0-255,1484,92249,7,172430
8307,0.001571,172.217.194.0-255,2902,95151,7,172430
8308,0.00161,172.31.36.0-255,66,95217,7,172430
8309,0.001639,172.217.194.0-255,2902,98119,7,172430
8310,0.001673,172.31.36.0-255,66,98185,7,172430
8311,0.001709,172.217.194.0-255,1484,99669,7,172430
8312,0.001722,172.217.194.0-255,2902,102571,7,172430
8313,0.001743,172.217.194.0-255,5738,108309,7,172430
8314,0.001782,172.31.36.0-255,66,108375,7,172430
8315,0.001787,172.31.36.0-255,66,108441,7,172430
8316,0.00184,172.217.194.0-255,1484,109925,7,172430
8317,0.001855,172.31.36.0-255,66,109991,7,172430
8318,0.001861,172.217.194.0-255,2902,112893,7,172430
8319,0.001865,172.31.36.0-255,66,112959,7,172430
8320,0.001895,172.217.194.0-255,5738,118697,7,172430
8321,0.001902,172.217.194.0-255,5738,124435,7,172430
8322,0.001905,172.217.194.0-255,1484,125919,7,172430
8323,0.001915,172.31.36.0-255,66,125985,7,172430
8324,0.00195,172.217.194.0-255,5020,131005,7,172430
8325,0.001974,172.31.36.0-255,66,131071,7,172430
8326,0.002013,172.217.194.0-255,1484,132555,7,172430
8327,0.002019,172.217.194.0-255,2902,135457,7,172430
8328,0.002045,172.217.194.0-255,5738,141195,7,172430
8329,0.002048,172.31.36.0-255,66,141261,7,172430
8330,0.002053,172.31.36.0-255,66,141327,7,172430
8331,0.002106,172.217.194.0-255,1484,142811,7,172430
8332,0.00213,172.31.36.0-255,66,142877,7,172430
8333,0.00217,172.217.194.0-255,5738,148615,7,172430
8334,0.002175,172.31.36.0-255,66,148681,7,172430
8335,0.002205,172.217.194.0-255,5738,154419,7,172430
8336,0.002256,172.31.36.0-255,66,154485,7,172430
8337,0.0023,172.217.194.0-255,6438,160923,7,172430
8338,0.002374,172.31.36.0-255,66,160989,7,172430
8339,0.002379,172.31.36.0-255,66,161055,7,172430
8340,0.002403,172.217.194.0-255,1484,162539,7,172430
8341,0.002465,172.217.194.0-255,105,162644,7,172430
8342,0.002474,172.31.36.0-255,66,162710,7,172430
8343,0.010232,172.31.36.0-255,105,162815,7,172430
8344,0.010669,172.31.36.0-255,90,162905,7,172430
8345,0.010681,172.31.36.0-255,66,162971,7,172430
8346,0.012508,172.217.194.0-255,66,163037,7,172430
8347,0.012937,172.217.194.0-255,66,163103,7,172430
8348,0.012954,172.217.194.0-255,66,163169,7,172430
8349,0.01296,172.31.36.0-255,66,163235,7,172430
8350,0.040058,172.31.36.0-255,176,163411,7,172430
8351,0.040105,172.31.36.0-255,1113,164524,7,172430
8352,0.040178,172.31.36.0-255,1514,166038,7,172430
8353,0.04018,172.31.36.0-255,1514,167552,7,172430
8354,0.040182,172.31.36.0-255,1514,169066,7,172430
8355,0.040183,172.31.36.0-255,1514,170580,7,172430
8356,0.040184,172.31.36.0-255,1514,172094,7,172430
8357,0.040213,172.31.36.0-255,72,172166,7,172430
8358,0.041624,104.244.42.0-255,66,172232,7,172430
8359,0.041636,104.244.42.0-255,66,172298,7,172430
8360,0.041735,104.244.42.0-255,66,172364,7,172430
8361,0.04174,104.244.42.0-255,66,172430,7,172430
8362,0.0,172.217.194.0-255,152,152,7,189527
8363,3.5e-05,172.31.36.0-255,66,218,7,189527
8364,4.3e-05,172.217.194.0-255,1484,1702,7,189527
8365,4.7e-05,172.31.36.0-255,66,1768,7,189527
8366,5.9e-05,172.217.194.0-255,2902,4670,7,189527
8367,6.2e-05,172.31.36.0-255,66,4736,7,189527
8368,6.9e-05,172.217.194.0-255,4320,9056,7,189527
8369,7.2e-05,172.31.36.0-255,66,9122,7,189527
8370,9.6e-05,172.217.194.0-255,2902,12024,7,189527
8371,9.9e-05,172.31.36.0-255,66,12090,7,189527
8372,0.000106,172.217.194.0-255,7156,19246,7,189527
8373,0.000114,172.31.36.0-255,66,19312,7,189527
8374,0.000143,172.217.194.0-255,649,19961,7,189527
8375,0.000146,172.31.36.0-255,66,20027,7,189527
8376,0.000149,172.217.194.0-255,1484,21511,7,189527
8377,0.000151,172.31.36.0-255,66,21577,7,189527
8378,0.000189,172.31.36.0-255,66,21643,7,189527
8379,0.000493,172.217.194.0-255,1484,23127,7,189527
8380,0.000497,172.217.194.0-255,1484,24611,7,189527
8381,0.000499,172.31.36.0-255,66,24677,7,189527
8382,0.000504,172.31.36.0-255,66,24743,7,189527
8383,0.000527,172.217.194.0-255,1484,26227,7,189527
8384,0.000534,172.31.36.0-255,66,26293,7,189527
8385,0.000542,172.217.194.0-255,4320,30613,7,189527
8386,0.000544,172.31.36.0-255,66,30679,7,189527
8387,0.000548,172.217.194.0-255,1484,32163,7,189527
8388,0.00055,172.31.36.0-255,66,32229,7,189527
8389,0.000583,172.217.194.0-255,7156,39385,7,189527
8390,0.000587,172.31.36.0-255,66,39451,7,189527
8391,0.000604,172.31.36.0-255,66,39517,7,189527
8392,0.000653,172.31.36.0-255,66,39583,7,189527
8393,0.001985,172.217.194.0-255,360,39943,7,189527
8394,0.002025,172.217.194.0-255,1484,41427,7,189527
8395,0.002031,172.31.36.0-255,66,41493,7,189527
8396,0.002035,172.217.194.0-255,1484,42977,7,189527
8397,0.00206,172.217.194.0-255,4320,47297,7,189527
8398,0.002062,172.31.36.0-255,66,47363,7,189527
8399,0.002093,172.217.194.0-255,2902,50265,7,189527
8400,0.002095,172.31.36.0-255,66,50331,7,189527
8401,0.002123,172.217.194.0-255,4320,54651,7,189527
8402,0.002125,172.31.36.0-255,66,54717,7,189527
8403,0.002148,172.217.194.0-255,4320,59037,7,189527
8404,0.00215,172.31.36.0-255,66,59103,7,189527
8405,0.002174,172.217.194.0-255,2902,62005,7,189527
8406,0.002177,172.31.36.0-255,66,62071,7,189527
8407,0.002202,172.217.194.0-255,1484,63555,7,189527
8408,0.002227,172.31.36.0-255,66,63621,7,189527
8409,0.004529,172.217.194.0-255,2902,66523,7,189527
8410,0.004532,172.31.36.0-255,66,66589,7,189527
8411,0.00456,172.217.194.0-255,2902,69491,7,189527
8412,0.004562,172.31.36.0-255,66,69557,7,189527
8413,0.006802,172.217.194.0-255,2902,72459,7,189527
8414,0.006809,172.31.36.0-255,66,72525,7,189527
8415,0.006839,172.217.194.0-255,2902,75427,7,189527
8416,0.006842,172.31.36.0-255,66,75493,7,189527
8417,0.009093,172.217.194.0-255,2902,78395,7,189527
8418,0.009101,172.31.36.0-255,66,78461,7,189527
8419,0.009129,172.217.194.0-255,2902,81363,7,189527
8420,0.009133,172.31.36.0-255,66,81429,7,189527
8421,0.011397,172.217.194.0-255,5738,87167,7,189527
8422,0.011403,172.31.36.0-255,66,87233,7,189527
8423,0.013678,172.217.194.0-255,5738,92971,7,189527
8424,0.013689,172.31.36.0-255,66,93037,7,189527
8425,0.015995,172.217.194.0-255,5738,98775,7,189527
8426,0.016002,172.31.36.0-255,66,98841,7,189527
8427,0.01834,172.217.194.0-255,5738,104579,7,189527
8428,0.018347,172.31.36.0-255,66,104645,7,189527
8429,0.02063,172.217.194.0-255,5738,110383,7,189527
8430,0.020638,172.31.36.0-255,66,110449,7,189527
8431,0.022947,172.217.194.0-255,5738,116187,7,189527
8432,0.022953,172.31.36.0-255,66,116253,7,189527
8433,0.02524,172.217.194.0-255,5738,121991,7,189527
8434,0.025248,172.31.36.0-255,66,122057,7,189527
8435,0.027537,172.217.194.0-255,5738,127795,7,189527
8436,0.027543,172.31.36.0-255,66,127861,7,189527
8437,0.02936,172.31.36.0-255,172,128033,7,189527
8438,0.029389,172.31.36.0-255,1115,129148,7,189527
8439,0.029422,172.31.36.0-255,1514,130662,7,189527
8440,0.029423,172.31.36.0-255,1514,132176,7,189527
8441,0.029428,172.31.36.0-255,1514,133690,7,189527
8442,0.029429,172.31.36.0-255,1514,135204,7,189527
8443,0.029445,172.31.36.0-255,1514,136718,7,189527
8444,0.029446,172.31.36.0-255,69,136787,7,189527
8445,0.029825,172.217.194.0-255,5738,142525,7,189527
8446,0.029831,172.31.36.0-255,66,142591,7,189527
8447,0.030906,104.244.42.0-255,66,142657,7,189527
8448,0.031098,104.244.42.0-255,66,142723,7,189527
8449,0.031105,104.244.42.0-255,66,142789,7,189527
8450,0.031109,104.244.42.0-255,66,142855,7,189527
8451,0.032093,172.217.194.0-255,5738,148593,7,189527
8452,0.0321,172.31.36.0-255,66,148659,7,189527
8453,0.034371,172.217.194.0-255,5738,154397,7,189527
8454,0.034376,172.31.36.0-255,66,154463,7,189527
8455,0.03542,104.244.42.0-255,108,154571,7,189527
8456,0.035425,172.31.36.0-255,66,154637,7,189527
8457,0.036643,172.217.194.0-255,1484,156121,7,189527
8458,0.036672,172.217.194.0-255,4320,160441,7,189527
8459,0.036676,172.31.36.0-255,66,160507,7,189527
8460,0.038956,172.217.194.0-255,5738,166245,7,189527
8461,0.038962,172.31.36.0-255,66,166311,7,189527
8462,0.041224,172.217.194.0-255,5738,172049,7,189527
8463,0.041229,172.31.36.0-255,66,172115,7,189527
8464,0.043506,172.217.194.0-255,5738,177853,7,189527
8465,0.043511,172.31.36.0-255,66,177919,7,189527
8466,0.04582,172.217.194.0-255,5738,183657,7,189527
8467,0.045826,172.31.36.0-255,66,183723,7,189527
8468,0.048091,172.217.194.0-255,5738,189461,7,189527
8469,0.048098,172.31.36.0-255,66,189527,7,189527
8470,0.0,74.125.24.0-255,146,146,7,198685
8471,2.8e-05,172.31.36.0-255,66,212,7,198685
8472,3.5e-05,74.125.24.0-255,1484,1696,7,198685
8473,3.9e-05,172.31.36.0-255,66,1762,7,198685
8474,4.4e-05,74.125.24.0-255,2902,4664,7,198685
8475,4.7e-05,172.31.36.0-255,66,4730,7,198685
8476,7.8e-05,74.125.24.0-255,7156,11886,7,198685
8477,8.6e-05,172.31.36.0-255,66,11952,7,198685
8478,9.3e-05,74.125.24.0-255,2002,13954,7,198685
8479,9.4e-05,172.31.36.0-255,66,14020,7,198685
8480,0.000133,74.125.24.0-255,1484,15504,7,198685
8481,0.000136,172.31.36.0-255,66,15570,7,198685
8482,0.000148,74.125.24.0-255,1484,17054,7,198685
8483,0.000154,172.31.36.0-255,66,17120,7,198685
8484,0.000181,74.125.24.0-255,1484,18604,7,198685
8485,0.000184,172.31.36.0-255,66,18670,7,198685
8486,0.00019,74.125.24.0-255,5738,24408,7,198685
8487,0.000193,172.31.36.0-255,66,24474,7,198685
8488,0.000203,74.125.24.0-255,2902,27376,7,198685
8489,0.000205,172.31.36.0-255,66,27442,7,198685
8490,0.000238,74.125.24.0-255,3961,31403,7,198685
8491,0.000242,172.31.36.0-255,66,31469,7,198685
8492,0.00036,74.125.24.0-255,1484,32953,7,198685
8493,0.000365,172.31.36.0-255,66,33019,7,198685
8494,0.00037,74.125.24.0-255,2902,35921,7,198685
8495,0.000372,172.31.36.0-255,66,35987,7,198685
8496,0.000376,74.125.24.0-255,1484,37471,7,198685
8497,0.000384,172.31.36.0-255,66,37537,7,198685
8498,0.000414,74.125.24.0-255,4320,41857,7,198685
8499,0.000418,172.31.36.0-255,66,41923,7,198685
8500,0.000426,74.125.24.0-255,6797,48720,7,198685
8501,0.000429,172.31.36.0-255,66,48786,7,198685
8502,0.000467,172.31.36.0-255,66,48852,7,198685
8503,0.000502,172.31.36.0-255,66,48918,7,198685
8504,0.000524,74.125.24.0-255,111,49029,7,198685
8505,0.000547,74.125.24.0-255,330,49359,7,198685
8506,0.000799,172.31.36.0-255,66,49425,7,198685
8507,0.000895,74.125.24.0-255,1484,50909,7,198685
8508,0.000914,74.125.24.0-255,2902,53811,7,198685
8509,0.000918,172.31.36.0-255,66,53877,7,198685
8510,0.000925,74.125.24.0-255,5738,59615,7,198685
8511,0.000927,172.31.36.0-255,66,59681,7,198685
8512,0.000964,172.31.36.0-255,66,59747,7,198685
8513,0.000969,74.125.24.0-255,2902,62649,7,198685
8514,0.000971,172.31.36.0-255,66,62715,7,198685
8515,0.001011,172.31.36.0-255,66,62781,7,198685
8516,0.001016,74.125.24.0-255,2184,64965,7,198685
8517,0.001018,172.31.36.0-255,66,65031,7,198685
8518,0.001815,74.125.24.0-255,1484,66515,7,198685
8519,0.001823,74.125.24.0-255,2902,69417,7,198685
8520,0.001827,172.31.36.0-255,66,69483,7,198685
8521,0.001834,74.125.24.0-255,5738,75221,7,198685
8522,0.001835,172.31.36.0-255,66,75287,7,198685
8523,0.00187,172.31.36.0-255,66,75353,7,198685
8524,0.001897,74.125.24.0-255,1484,76837,7,198685
8525,0.001903,74.125.24.0-255,5738,82575,7,198685
8526,0.001905,172.31.36.0-255,66,82641,7,198685
8527,0.001932,74.125.24.0-255,5020,87661,7,198685
8528,0.002922,172.31.36.0-255,66,87727,7,198685
8529,0.005509,74.125.24.0-255,4320,92047,7,198685
8530,0.005516,172.31.36.0-255,66,92113,7,198685
8531,0.005553,74.125.24.0-255,1484,93597,7,198685
8532,0.00808,74.125.24.0-255,4320,97917,7,198685
8533,0.008086,172.31.36.0-255,66,97983,7,198685
8534,0.010646,74.125.24.0-255,5738,103721,7,198685
8535,0.010654,172.31.36.0-255,66,103787,7,198685
8536,0.01325,74.125.24.0-255,5738,109525,7,198685
8537,0.013262,172.31.36.0-255,66,109591,7,198685
8538,0.015824,74.125.24.0-255,5738,115329,7,198685
8539,0.015835,172.31.36.0-255,66,115395,7,198685
8540,0.018412,74.125.24.0-255,5738,121133,7,198685
8541,0.01842,172.31.36.0-255,66,121199,7,198685
8542,0.020979,74.125.24.0-255,5738,126937,7,198685
8543,0.020986,172.31.36.0-255,66,127003,7,198685
8544,0.02356,74.125.24.0-255,5738,132741,7,198685
8545,0.023567,172.31.36.0-255,66,132807,7,198685
8546,0.026145,74.125.24.0-255,5738,138545,7,198685
8547,0.026153,172.31.36.0-255,66,138611,7,198685
8548,0.028712,74.125.24.0-255,5738,144349,7,198685
8549,0.02872,172.31.36.0-255,66,144415,7,198685
8550,0.029053,172.31.36.0-255,172,144587,7,198685
8551,0.029087,172.31.36.0-255,1113,145700,7,198685
8552,0.029137,172.31.36.0-255,1514,147214,7,198685
8553,0.029139,172.31.36.0-255,1514,148728,7,198685
8554,0.02914,172.31.36.0-255,1514,150242,7,198685
8555,0.029141,172.31.36.0-255,1514,151756,7,198685
8556,0.029172,172.31.36.0-255,1514,153270,7,198685
8557,0.029174,172.31.36.0-255,71,153341,7,198685
8558,0.030615,104.244.42.0-255,66,153407,7,198685
8559,0.030667,104.244.42.0-255,66,153473,7,198685
8560,0.030705,104.244.42.0-255,66,153539,7,198685
8561,0.030726,104.244.42.0-255,66,153605,7,198685
8562,0.031302,74.125.24.0-255,4320,157925,7,198685
8563,0.031309,172.31.36.0-255,66,157991,7,198685
8564,0.031337,74.125.24.0-255,1484,159475,7,198685
8565,0.033887,74.125.24.0-255,4320,163795,7,198685
8566,0.033894,172.31.36.0-255,66,163861,7,198685
8567,0.036466,74.125.24.0-255,5738,169599,7,198685
8568,0.036473,172.31.36.0-255,66,169665,7,198685
8569,0.039045,74.125.24.0-255,5738,175403,7,198685
8570,0.039051,172.31.36.0-255,66,175469,7,198685
8571,0.041623,74.125.24.0-255,5738,181207,7,198685
8572,0.041628,172.31.36.0-255,66,181273,7,198685
8573,0.04418,74.125.24.0-255,5738,187011,7,198685
8574,0.044186,172.31.36.0-255,66,187077,7,198685
8575,0.046784,74.125.24.0-255,5738,192815,7,198685
8576,0.04679,172.31.36.0-255,66,192881,7,198685
8577,0.049377,74.125.24.0-255,5738,198619,7,198685
8578,0.049384,172.31.36.0-255,66,198685,7,198685
8579,0.0,74.125.24.0-255,290,290,7,274190
8580,3.5e-05,172.31.36.0-255,66,356,7,274190
8581,4.1e-05,74.125.24.0-255,1484,1840,7,274190
8582,4.6e-05,172.31.36.0-255,66,1906,7,274190
8583,5.2e-05,74.125.24.0-255,4320,6226,7,274190
8584,5.5e-05,172.31.36.0-255,66,6292,7,274190
8585,8.8e-05,172.31.36.0-255,66,6358,7,274190
8586,0.000136,74.125.24.0-255,1484,7842,7,274190
8587,0.000139,172.31.36.0-255,66,7908,7,274190
8588,0.000145,74.125.24.0-255,2902,10810,7,274190
8589,0.000148,172.31.36.0-255,66,10876,7,274190
8590,0.000155,74.125.24.0-255,5738,16614,7,274190
8591,0.000157,172.31.36.0-255,66,16680,7,274190
8592,0.000195,74.125.24.0-255,6797,23477,7,274190
8593,0.000198,172.31.36.0-255,66,23543,7,274190
8594,0.000251,74.125.24.0-255,1484,25027,7,274190
8595,0.000254,172.31.36.0-255,66,25093,7,274190
8596,0.000259,74.125.24.0-255,2902,27995,7,274190
8597,0.000262,172.31.36.0-255,66,28061,7,274190
8598,0.000282,74.125.24.0-255,5738,33799,7,274190
8599,0.000286,172.31.36.0-255,66,33865,7,274190
8600,0.00032,74.125.24.0-255,4320,38185,7,274190
8601,0.000324,172.31.36.0-255,66,38251,7,274190
8602,0.000354,172.31.36.0-255,66,38317,7,274190
8603,0.000414,74.125.24.0-255,4320,42637,7,274190
8604,0.000419,172.31.36.0-255,66,42703,7,274190
8605,0.000447,74.125.24.0-255,2902,45605,7,274190
8606,0.00045,172.31.36.0-255,66,45671,7,274190
8607,0.00047,74.125.24.0-255,2878,48549,7,274190
8608,0.000473,172.31.36.0-255,66,48615,7,274190
8609,0.000476,74.125.24.0-255,109,48724,7,274190
8610,0.000546,74.125.24.0-255,332,49056,7,274190
8611,0.000845,172.31.36.0-255,66,49122,7,274190
8612,0.001028,74.125.24.0-255,1484,50606,7,274190
8613,0.001039,74.125.24.0-255,2902,53508,7,274190
8614,0.001043,172.31.36.0-255,66,53574,7,274190
8615,0.001051,74.125.24.0-255,5738,59312,7,274190
8616,0.001053,172.31.36.0-255,66,59378,7,274190
8617,0.001079,74.125.24.0-255,2902,62280,7,274190
8618,0.001082,172.31.36.0-255,66,62346,7,274190
8619,0.001105,172.31.36.0-255,66,62412,7,274190
8620,0.001193,172.31.36.0-255,66,62478,7,274190
8621,0.001333,74.125.24.0-255,1484,63962,7,274190
8622,0.00134,74.125.24.0-255,2902,66864,7,274190
8623,0.001343,172.31.36.0-255,66,66930,7,274190
8624,0.00135,74.125.24.0-255,5738,72668,7,274190
8625,0.001353,172.31.36.0-255,66,72734,7,274190
8626,0.001385,74.125.24.0-255,5738,78472,7,274190
8627,0.001388,172.31.36.0-255,66,78538,7,274190
8628,0.001412,74.125.24.0-255,7156,85694,7,274190
8629,0.001414,172.31.36.0-255,66,85760,7,274190
8630,0.001471,74.125.24.0-255,7156,92916,7,274190
8631,0.001476,172.31.36.0-255,66,92982,7,274190
8632,0.001497,74.125.24.0-255,3602,96584,7,274190
8633,0.001501,172.31.36.0-255,66,96650,7,274190
8634,0.001769,74.125.24.0-255,1484,98134,7,274190
8635,0.001775,74.125.24.0-255,2902,101036,7,274190
8636,0.00178,172.31.36.0-255,66,101102,7,274190
8637,0.001788,74.125.24.0-255,5738,106840,7,274190
8638,0.00179,172.31.36.0-255,66,106906,7,274190
8639,0.001833,74.125.24.0-255,7156,114062,7,274190
8640,0.001837,172.31.36.0-255,66,114128,7,274190
8641,0.001854,74.125.24.0-255,1484,115612,7,274190
8642,0.00188,74.125.24.0-255,5738,121350,7,274190
8643,0.001883,172.31.36.0-255,66,121416,7,274190
8644,0.001904,74.125.24.0-255,4320,125736,7,274190
8645,0.001907,172.31.36.0-255,66,125802,7,274190
8646,0.00195,74.125.24.0-255,2902,128704,7,274190
8647,0.001953,172.31.36.0-255,66,128770,7,274190
8648,0.00197,74.125.24.0-255,1484,130254,7,274190
8649,0.001981,74.125.24.0-255,766,131020,7,274190
8650,0.001983,172.31.36.0-255,66,131086,7,274190
8651,0.002008,74.125.24.0-255,7156,138242,7,274190
8652,0.00201,172.31.36.0-255,66,138308,7,274190
8653,0.002041,74.125.24.0-255,4320,142628,7,274190
8654,0.002044,172.31.36.0-255,66,142694,7,274190
8655,0.002085,172.31.36.0-255,66,142760,7,274190
8656,0.002104,74.125.24.0-255,4320,147080,7,274190
8657,0.002107,172.31.36.0-255,66,147146,7,274190
8658,0.002165,74.125.24.0-255,5738,152884,7,274190
8659,0.002169,172.31.36.0-255,66,152950,7,274190
8660,0.002211,74.125.24.0-255,3602,156552,7,274190
8661,0.002214,172.31.36.0-255,66,156618,7,274190
8662,0.002241,172.31.36.0-255,66,156684,7,274190
8663,0.002323,74.125.24.0-255,7156,163840,7,274190
8664,0.002326,172.31.36.0-255,66,163906,7,274190
8665,0.002357,172.31.36.0-255,66,163972,7,274190
8666,0.002478,74.125.24.0-255,2902,166874,7,274190
8667,0.002481,172.31.36.0-255,66,166940,7,274190
8668,0.002522,172.31.36.0-255,66,167006,7,274190
8669,0.002645,74.125.24.0-255,4320,171326,7,274190
8670,0.002648,172.31.36.0-255,66,171392,7,274190
8671,0.002671,74.125.24.0-255,6438,177830,7,274190
8672,0.002674,172.31.36.0-255,66,177896,7,274190
8673,0.002721,74.125.24.0-255,7156,185052,7,274190
8674,0.002725,172.31.36.0-255,66,185118,7,274190
8675,0.002764,172.31.36.0-255,66,185184,7,274190
8676,0.00297,74.125.24.0-255,5738,190922,7,274190
8677,0.002974,172.31.36.0-255,66,190988,7,274190
8678,0.003004,172.31.36.0-255,66,191054,7,274190
8679,0.003096,74.125.24.0-255,5738,196792,7,274190
8680,0.0031,172.31.36.0-255,66,196858,7,274190
8681,0.003134,172.31.36.0-255,66,196924,7,274190
8682,0.005714,74.125.24.0-255,5738,202662,7,274190
8683,0.005721,172.31.36.0-255,66,202728,7,274190
8684,0.008336,74.125.24.0-255,5738,208466,7,274190
8685,0.008343,172.31.36.0-255,66,208532,7,274190
8686,0.010947,74.125.24.0-255,5738,214270,7,274190
8687,0.010954,172.31.36.0-255,66,214336,7,274190
8688,0.01355,74.125.24.0-255,5738,220074,7,274190
8689,0.013568,172.31.36.0-255,66,220140,7,274190
8690,0.016188,74.125.24.0-255,5738,225878,7,274190
8691,0.016198,172.31.36.0-255,66,225944,7,274190
8692,0.018808,74.125.24.0-255,5738,231682,7,274190
8693,0.018817,172.31.36.0-255,66,231748,7,274190
8694,0.021428,74.125.24.0-255,5738,237486,7,274190
8695,0.021434,172.31.36.0-255,66,237552,7,274190
8696,0.024021,74.125.24.0-255,5738,243290,7,274190
8697,0.024028,172.31.36.0-255,66,243356,7,274190
8698,0.026662,74.125.24.0-255,5738,249094,7,274190
8699,0.026669,172.31.36.0-255,66,249160,7,274190
8700,0.027808,172.31.36.0-255,188,249348,7,274190
8701,0.027851,172.31.36.0-255,958,250306,7,274190
8702,0.027939,172.31.36.0-255,1514,251820,7,274190
8703,0.027942,172.31.36.0-255,1448,253268,7,274190
8704,0.029272,74.125.24.0-255,5738,259006,7,274190
8705,0.029278,172.31.36.0-255,66,259072,7,274190
8706,0.029321,104.244.42.0-255,66,259138,7,274190
8707,0.029369,104.244.42.0-255,66,259204,7,274190
8708,0.029571,104.244.42.0-255,66,259270,7,274190
8709,0.030973,104.244.42.0-255,108,259378,7,274190
8710,0.030978,172.31.36.0-255,66,259444,7,274190
8711,0.031868,74.125.24.0-255,2902,262346,7,274190
8712,0.031872,172.31.36.0-255,66,262412,7,274190
8713,0.031906,74.125.24.0-255,2902,265314,7,274190
8714,0.03191,172.31.36.0-255,66,265380,7,274190
8715,0.034479,74.125.24.0-255,2902,268282,7,274190
8716,0.034485,172.31.36.0-255,66,268348,7,274190
8717,0.034525,74.125.24.0-255,2902,271250,7,274190
8718,0.034529,172.31.36.0-255,66,271316,7,274190
8719,0.037111,74.125.24.0-255,2637,273953,7,274190
8720,0.037117,172.31.36.0-255,66,274019,7,274190
8721,0.037274,172.31.36.0-255,105,274124,7,274190
8722,0.039825,74.125.24.0-255,66,274190,7,274190
8723,0.0,74.125.24.0-255,298,298,7,228071
8724,3.1e-05,172.31.36.0-255,66,364,7,228071
8725,3.7e-05,74.125.24.0-255,1484,1848,7,228071
8726,4.2e-05,172.31.36.0-255,66,1914,7,228071
8727,4.7e-05,74.125.24.0-255,4320,6234,7,228071
8728,5e-05,172.31.36.0-255,66,6300,7,228071
8729,7.2e-05,172.31.36.0-255,66,6366,7,228071
8730,0.000132,74.125.24.0-255,2902,9268,7,228071
8731,0.000137,172.31.36.0-255,66,9334,7,228071
8732,0.000176,172.31.36.0-255,66,9400,7,228071
8733,0.000276,74.125.24.0-255,1484,10884,7,228071
8734,0.00028,172.31.36.0-255,66,10950,7,228071
8735,0.000302,74.125.24.0-255,2902,13852,7,228071
8736,0.000321,172.31.36.0-255,66,13918,7,228071
8737,0.000328,74.125.24.0-255,5738,19656,7,228071
8738,0.000331,172.31.36.0-255,66,19722,7,228071
8739,0.000382,74.125.24.0-255,5738,25460,7,228071
8740,0.000386,172.31.36.0-255,66,25526,7,228071
8741,0.000411,172.31.36.0-255,66,25592,7,228071
8742,0.000521,172.31.36.0-255,66,25658,7,228071
8743,0.000589,74.125.24.0-255,381,26039,7,228071
8744,0.000593,172.31.36.0-255,66,26105,7,228071
8745,0.000622,172.31.36.0-255,66,26171,7,228071
8746,0.000639,74.125.24.0-255,4320,30491,7,228071
8747,0.000645,172.31.36.0-255,66,30557,7,228071
8748,0.000738,172.31.36.0-255,66,30623,7,228071
8749,0.000773,172.31.36.0-255,66,30689,7,228071
8750,0.001096,74.125.24.0-255,1484,32173,7,228071
8751,0.001105,74.125.24.0-255,2902,35075,7,228071
8752,0.001109,172.31.36.0-255,66,35141,7,228071
8753,0.001137,74.125.24.0-255,5738,40879,7,228071
8754,0.001141,172.31.36.0-255,66,40945,7,228071
8755,0.001184,74.125.24.0-255,4320,45265,7,228071
8756,0.001188,172.31.36.0-255,66,45331,7,228071
8757,0.001234,172.31.36.0-255,66,45397,7,228071
8758,0.001344,172.31.36.0-255,66,45463,7,228071
8759,0.001406,74.125.24.0-255,7156,52619,7,228071
8760,0.00141,172.31.36.0-255,66,52685,7,228071
8761,0.001448,172.31.36.0-255,66,52751,7,228071
8762,0.001622,172.31.36.0-255,66,52817,7,228071
8763,0.001807,74.125.24.0-255,1484,54301,7,228071
8764,0.001813,74.125.24.0-255,2902,57203,7,228071
8765,0.001816,172.31.36.0-255,66,57269,7,228071
8766,0.001851,74.125.24.0-255,5738,63007,7,228071
8767,0.001855,172.31.36.0-255,66,63073,7,228071
8768,0.001892,74.125.24.0-255,7156,70229,7,228071
8769,0.001895,172.31.36.0-255,66,70295,7,228071
8770,0.001919,74.125.24.0-255,2902,73197,7,228071
8771,0.001922,172.31.36.0-255,66,73263,7,228071
8772,0.001975,74.125.24.0-255,4320,77583,7,228071
8773,0.001979,172.31.36.0-255,66,77649,7,228071
8774,0.002007,74.125.24.0-255,5738,83387,7,228071
8775,0.00201,172.31.36.0-255,66,83453,7,228071
8776,0.002075,74.125.24.0-255,3602,87055,7,228071
8777,0.002079,172.31.36.0-255,66,87121,7,228071
8778,0.002237,74.125.24.0-255,1484,88605,7,228071
8779,0.002259,74.125.24.0-255,2902,91507,7,228071
8780,0.002263,172.31.36.0-255,66,91573,7,228071
8781,0.00227,74.125.24.0-255,5738,97311,7,228071
8782,0.002271,172.31.36.0-255,66,97377,7,228071
8783,0.002311,74.125.24.0-255,4320,101697,7,228071
8784,0.002315,172.31.36.0-255,66,101763,7,228071
8785,0.002349,172.31.36.0-255,66,101829,7,228071
8786,0.004606,74.125.24.0-255,5738,107567,7,228071
8787,0.004612,172.31.36.0-255,66,107633,7,228071
8788,0.006875,74.125.24.0-255,5738,113371,7,228071
8789,0.00688,172.31.36.0-255,66,113437,7,228071
8790,0.009121,74.125.24.0-255,5738,119175,7,228071
8791,0.009129,172.31.36.0-255,66,119241,7,228071
8792,0.011396,74.125.24.0-255,5738,124979,7,228071
8793,0.011405,172.31.36.0-255,66,125045,7,228071
8794,0.013659,74.125.24.0-255,5738,130783,7,228071
8795,0.013668,172.31.36.0-255,66,130849,7,228071
8796,0.015946,74.125.24.0-255,5738,136587,7,228071
8797,0.015954,172.31.36.0-255,66,136653,7,228071
8798,0.018196,74.125.24.0-255,5738,142391,7,228071
8799,0.018203,172.31.36.0-255,66,142457,7,228071
8800,0.020457,74.125.24.0-255,5738,148195,7,228071
8801,0.020464,172.31.36.0-255,66,148261,7,228071
8802,0.022709,74.125.24.0-255,5738,153999,7,228071
8803,0.022716,172.31.36.0-255,66,154065,7,228071
8804,0.024963,74.125.24.0-255,5738,159803,7,228071
8805,0.024973,172.31.36.0-255,66,159869,7,228071
8806,0.027224,74.125.24.0-255,5738,165607,7,228071
8807,0.027232,172.31.36.0-255,66,165673,7,228071
8808,0.029498,74.125.24.0-255,5738,171411,7,228071
8809,0.029506,172.31.36.0-255,66,171477,7,228071
8810,0.031757,74.125.24.0-255,5738,177215,7,228071
8811,0.031764,172.31.36.0-255,66,177281,7,228071
8812,0.034006,74.125.24.0-255,5738,183019,7,228071
8813,0.034013,172.31.36.0-255,66,183085,7,228071
8814,0.034252,172.31.36.0-255,172,183257,7,228071
8815,0.034298,172.31.36.0-255,1115,184372,7,228071
8816,0.034378,172.31.36.0-255,1514,185886,7,228071
8817,0.03438,172.31.36.0-255,1293,187179,7,228071
8818,0.035798,104.244.42.0-255,66,187245,7,228071
8819,0.035874,104.244.42.0-255,66,187311,7,228071
8820,0.035923,104.244.42.0-255,66,187377,7,228071
8821,0.036268,74.125.24.0-255,1484,188861,7,228071
8822,0.0363,74.125.24.0-255,4320,193181,7,228071
8823,0.036318,172.31.36.0-255,66,193247,7,228071
8824,0.038565,74.125.24.0-255,5738,198985,7,228071
8825,0.038572,172.31.36.0-255,66,199051,7,228071
8826,0.040809,74.125.24.0-255,5738,204789,7,228071
8827,0.040815,172.31.36.0-255,66,204855,7,228071
8828,0.043069,74.125.24.0-255,5738,210593,7,228071
8829,0.043075,172.31.36.0-255,66,210659,7,228071
8830,0.045328,74.125.24.0-255,5738,216397,7,228071
8831,0.045334,172.31.36.0-255,66,216463,7,228071
8832,0.047609,74.125.24.0-255,5738,222201,7,228071
8833,0.047615,172.31.36.0-255,66,222267,7,228071
8834,0.04988,74.125.24.0-255,5738,228005,7,228071
8835,0.049885,172.31.36.0-255,66,228071,7,228071
8836,0.0,74.125.24.0-255,150,150,7,269501
8837,2.5e-05,172.31.36.0-255,66,216,7,269501
8838,3.2e-05,74.125.24.0-255,1484,1700,7,269501
8839,3.7e-05,172.31.36.0-255,66,1766,7,269501
8840,4.4e-05,74.125.24.0-255,2902,4668,7,269501
8841,4.8e-05,172.31.36.0-255,66,4734,7,269501
8842,5.5e-05,74.125.24.0-255,5738,10472,7,269501
8843,5.8e-05,172.31.36.0-255,66,10538,7,269501
8844,7.2e-05,172.31.36.0-255,66,10604,7,269501
8845,0.0001,74.125.24.0-255,7156,17760,7,269501
8846,0.000104,172.31.36.0-255,66,17826,7,269501
8847,0.000133,74.125.24.0-255,2543,20369,7,269501
8848,0.000136,172.31.36.0-255,66,20435,7,269501
8849,0.000139,74.125.24.0-255,1484,21919,7,269501
8850,0.000141,172.31.36.0-255,66,21985,7,269501
8851,0.000145,74.125.24.0-255,2902,24887,7,269501
8852,0.000147,172.31.36.0-255,66,24953,7,269501
8853,0.000155,74.125.24.0-255,5738,30691,7,269501
8854,0.000158,172.31.36.0-255,66,30757,7,269501
8855,0.000183,74.125.24.0-255,4320,35077,7,269501
8856,0.000186,172.31.36.0-255,66,35143,7,269501
8857,0.000202,74.125.24.0-255,2543,37686,7,269501
8858,0.000204,172.31.36.0-255,66,37752,7,269501
8859,0.000223,74.125.24.0-255,7156,44908,7,269501
8860,0.000226,172.31.36.0-255,66,44974,7,269501
8861,0.000241,74.125.24.0-255,4320,49294,7,269501
8862,0.000244,172.31.36.0-255,66,49360,7,269501
8863,0.000258,74.125.24.0-255,4320,53680,7,269501
8864,0.00026,172.31.36.0-255,66,53746,7,269501
8865,0.000264,74.125.24.0-255,1420,55166,7,269501
8866,0.000266,172.31.36.0-255,66,55232,7,269501
8867,0.000717,74.125.24.0-255,130,55362,7,269501
8868,0.000721,74.125.24.0-255,348,55710,7,269501
8869,0.001044,172.31.36.0-255,66,55776,7,269501
8870,0.001314,74.125.24.0-255,1484,57260,7,269501
8871,0.001325,74.125.24.0-255,2902,60162,7,269501
8872,0.001329,172.31.36.0-255,66,60228,7,269501
8873,0.001333,74.125.24.0-255,1484,61712,7,269501
8874,0.001353,74.125.24.0-255,4320,66032,7,269501
8875,0.001355,172.31.36.0-255,66,66098,7,269501
8876,0.001378,74.125.24.0-255,1484,67582,7,269501
8877,0.001391,74.125.24.0-255,4320,71902,7,269501
8878,0.001394,172.31.36.0-255,66,71968,7,269501
8879,0.001408,74.125.24.0-255,4320,76288,7,269501
8880,0.00141,172.31.36.0-255,66,76354,7,269501
8881,0.001426,172.31.36.0-255,66,76420,7,269501
8882,0.00193,74.125.24.0-255,1484,77904,7,269501
8883,0.00194,74.125.24.0-255,2902,80806,7,269501
8884,0.001945,172.31.36.0-255,66,80872,7,269501
8885,0.001954,74.125.24.0-255,4320,85192,7,269501
8886,0.001956,172.31.36.0-255,66,85258,7,269501
8887,0.001976,74.125.24.0-255,1484,86742,7,269501
8888,0.001984,74.125.24.0-255,7156,93898,7,269501
8889,0.001986,172.31.36.0-255,66,93964,7,269501
8890,0.001991,74.125.24.0-255,2902,96866,7,269501
8891,0.001993,172.31.36.0-255,66,96932,7,269501
8892,0.002028,172.31.36.0-255,66,96998,7,269501
8893,0.002033,74.125.24.0-255,2184,99182,7,269501
8894,0.002035,172.31.36.0-255,66,99248,7,269501
8895,0.002039,74.125.24.0-255,2902,102150,7,269501
8896,0.002043,172.31.36.0-255,66,102216,7,269501
8897,0.002073,74.125.24.0-255,7156,109372,7,269501
8898,0.002075,172.31.36.0-255,66,109438,7,269501
8899,0.002083,74.125.24.0-255,7156,116594,7,269501
8900,0.002085,172.31.36.0-255,66,116660,7,269501
8901,0.002111,74.125.24.0-255,7156,123816,7,269501
8902,0.002115,172.31.36.0-255,66,123882,7,269501
8903,0.002141,172.31.36.0-255,66,123948,7,269501
8904,0.002143,74.125.24.0-255,766,124714,7,269501
8905,0.00219,74.125.24.0-255,1484,126198,7,269501
8906,0.002192,172.31.36.0-255,66,126264,7,269501
8907,0.002196,74.125.24.0-255,1484,127748,7,269501
8908,0.002207,74.125.24.0-255,1484,129232,7,269501
8909,0.002209,172.31.36.0-255,66,129298,7,269501
8910,0.002217,74.125.24.0-255,5738,135036,7,269501
8911,0.002219,172.31.36.0-255,66,135102,7,269501
8912,0.002244,74.125.24.0-255,2902,138004,7,269501
8913,0.002246,172.31.36.0-255,66,138070,7,269501
8914,0.002268,172.31.36.0-255,66,138136,7,269501
8915,0.002304,74.125.24.0-255,4320,142456,7,269501
8916,0.002307,172.31.36.0-255,66,142522,7,269501
8917,0.00233,74.125.24.0-255,6438,148960,7,269501
8918,0.002333,172.31.36.0-255,66,149026,7,269501
8919,0.002347,172.31.36.0-255,66,149092,7,269501
8920,0.00239,74.125.24.0-255,2902,151994,7,269501
8921,0.003374,172.31.36.0-255,66,152060,7,269501
8922,0.005734,74.125.24.0-255,5738,157798,7,269501
8923,0.005741,172.31.36.0-255,66,157864,7,269501
8924,0.008081,74.125.24.0-255,5738,163602,7,269501
8925,0.008085,172.31.36.0-255,66,163668,7,269501
8926,0.01044,74.125.24.0-255,5738,169406,7,269501
8927,0.010449,172.31.36.0-255,66,169472,7,269501
8928,0.012793,74.125.24.0-255,5738,175210,7,269501
8929,0.012806,172.31.36.0-255,66,175276,7,269501
8930,0.015182,74.125.24.0-255,5738,181014,7,269501
8931,0.015193,172.31.36.0-255,66,181080,7,269501
8932,0.017567,74.125.24.0-255,5738,186818,7,269501
8933,0.017583,172.31.36.0-255,66,186884,7,269501
8934,0.019945,74.125.24.0-255,5738,192622,7,269501
8935,0.019958,172.31.36.0-255,66,192688,7,269501
8936,0.022346,74.125.24.0-255,5738,198426,7,269501
8937,0.022356,172.31.36.0-255,66,198492,7,269501
8938,0.024773,74.125.24.0-255,5738,204230,7,269501
8939,0.024783,172.31.36.0-255,66,204296,7,269501
8940,0.027129,74.125.24.0-255,5738,210034,7,269501
8941,0.027141,172.31.36.0-255,66,210100,7,269501
8942,0.029554,74.125.24.0-255,5738,215838,7,269501
8943,0.029562,172.31.36.0-255,66,215904,7,269501
8944,0.030727,172.31.36.0-255,172,216076,7,269501
8945,0.030763,172.31.36.0-255,1115,217191,7,269501
8946,0.030835,172.31.36.0-255,1514,218705,7,269501
8947,0.030837,172.31.36.0-255,1514,220219,7,269501
8948,0.030838,172.31.36.0-255,1514,221733,7,269501
8949,0.030839,172.31.36.0-255,1072,222805,7,269501
8950,0.031909,74.125.24.0-255,5738,228543,7,269501
8951,0.031919,172.31.36.0-255,66,228609,7,269501
8952,0.03231,104.244.42.0-255,66,228675,7,269501
8953,0.032344,104.244.42.0-255,66,228741,7,269501
8954,0.032395,104.244.42.0-255,66,228807,7,269501
8955,0.032415,104.244.42.0-255,66,228873,7,269501
8956,0.034302,74.125.24.0-255,5738,234611,7,269501
8957,0.034307,172.31.36.0-255,66,234677,7,269501
8958,0.036723,74.125.24.0-255,5738,240415,7,269501
8959,0.036731,172.31.36.0-255,66,240481,7,269501
8960,0.039079,74.125.24.0-255,5738,246219,7,269501
8961,0.039086,172.31.36.0-255,66,246285,7,269501
8962,0.041431,74.125.24.0-255,5738,252023,7,269501
8963,0.041442,172.31.36.0-255,66,252089,7,269501
8964,0.043815,74.125.24.0-255,5738,257827,7,269501
8965,0.043823,172.31.36.0-255,66,257893,7,269501
8966,0.04621,74.125.24.0-255,5738,263631,7,269501
8967,0.046218,172.31.36.0-255,66,263697,7,269501
8968,0.048583,74.125.24.0-255,5738,269435,7,269501
8969,0.048595,172.31.36.0-255,66,269501,7,269501
8970,0.0,74.125.200.0-255,153,153,7,352909
8971,2.5e-05,172.31.36.0-255,66,219,7,352909
8972,3.2e-05,74.125.200.0-255,1484,1703,7,352909
8973,3.6e-05,172.31.36.0-255,66,1769,7,352909
8974,4.1e-05,74.125.200.0-255,2902,4671,7,352909
8975,4.3e-05,172.31.36.0-255,66,4737,7,352909
8976,4.6e-05,74.125.200.0-255,1484,6221,7,352909
8977,4.9e-05,172.31.36.0-255,66,6287,7,352909
8978,6.8e-05,74.125.200.0-255,2902,9189,7,352909
8979,7e-05,172.31.36.0-255,66,9255,7,352909
8980,7.6e-05,74.125.200.0-255,4909,14164,7,352909
8981,7.9e-05,172.31.36.0-255,66,14230,7,352909
8982,0.000132,74.125.200.0-255,2902,17132,7,352909
8983,0.000136,172.31.36.0-255,66,17198,7,352909
8984,0.000158,74.125.200.0-255,2902,20100,7,352909
8985,0.000161,172.31.36.0-255,66,20166,7,352909
8986,0.000166,74.125.200.0-255,4320,24486,7,352909
8987,0.000168,172.31.36.0-255,66,24552,7,352909
8988,0.000197,74.125.200.0-255,1484,26036,7,352909
8989,0.0002,172.31.36.0-255,66,26102,7,352909
8990,0.000214,74.125.200.0-255,5379,31481,7,352909
8991,0.000217,172.31.36.0-255,66,31547,7,352909
8992,0.00041,74.125.200.0-255,1484,33031,7,352909
8993,0.000414,172.31.36.0-255,66,33097,7,352909
8994,0.000438,74.125.200.0-255,2902,35999,7,352909
8995,0.00044,172.31.36.0-255,66,36065,7,352909
8996,0.000453,74.125.200.0-255,1484,37549,7,352909
8997,0.000456,172.31.36.0-255,66,37615,7,352909
8998,0.000489,74.125.200.0-255,4320,41935,7,352909
8999,0.000492,172.31.36.0-255,66,42001,7,352909
9000,0.0005,74.125.200.0-255,6797,48798,7,352909
9001,0.000502,172.31.36.0-255,66,48864,7,352909
9002,0.000505,74.125.200.0-255,1484,50348,7,352909
9003,0.000528,74.125.200.0-255,2902,53250,7,352909
9004,0.000531,172.31.36.0-255,66,53316,7,352909
9005,0.000539,74.125.200.0-255,5738,59054,7,352909
9006,0.000541,172.31.36.0-255,66,59120,7,352909
9007,0.000565,74.125.200.0-255,1484,60604,7,352909
9008,0.00057,74.125.200.0-255,2902,63506,7,352909
9009,0.000572,172.31.36.0-255,66,63572,7,352909
9010,0.000601,74.125.200.0-255,2819,66391,7,352909
9011,0.000604,172.31.36.0-255,66,66457,7,352909
9012,0.000654,74.125.200.0-255,132,66589,7,352909
9013,0.00078,74.125.200.0-255,1484,68073,7,352909
9014,0.000785,172.31.36.0-255,66,68139,7,352909
9015,0.000805,74.125.200.0-255,2902,71041,7,352909
9016,0.000809,172.31.36.0-255,66,71107,7,352909
9017,0.000815,74.125.200.0-255,4320,75427,7,352909
9018,0.000816,172.31.36.0-255,66,75493,7,352909
9019,0.000845,74.125.200.0-255,7156,82649,7,352909
9020,0.000848,172.31.36.0-255,66,82715,7,352909
9021,0.000862,74.125.200.0-255,1484,84199,7,352909
9022,0.000875,74.125.200.0-255,2902,87101,7,352909
9023,0.000878,172.31.36.0-255,66,87167,7,352909
9024,0.000883,74.125.200.0-255,4320,91487,7,352909
9025,0.000885,172.31.36.0-255,66,91553,7,352909
9026,0.000891,74.125.200.0-255,4320,95873,7,352909
9027,0.000894,172.31.36.0-255,66,95939,7,352909
9028,0.000915,74.125.200.0-255,4320,100259,7,352909
9029,0.000918,172.31.36.0-255,66,100325,7,352909
9030,0.000921,74.125.200.0-255,766,101091,7,352909
9031,0.001049,74.125.200.0-255,1484,102575,7,352909
9032,0.001054,172.31.36.0-255,66,102641,7,352909
9033,0.001059,74.125.200.0-255,1484,104125,7,352909
9034,0.001063,74.125.200.0-255,2902,107027,7,352909
9035,0.001066,172.31.36.0-255,66,107093,7,352909
9036,0.001091,74.125.200.0-255,5738,112831,7,352909
9037,0.001094,172.31.36.0-255,66,112897,7,352909
9038,0.001119,74.125.200.0-255,4320,117217,7,352909
9039,0.001122,172.31.36.0-255,66,117283,7,352909
9040,0.001128,74.125.200.0-255,5738,123021,7,352909
9041,0.001131,172.31.36.0-255,66,123087,7,352909
9042,0.001169,172.31.36.0-255,66,123153,7,352909
9043,0.001187,74.125.200.0-255,2902,126055,7,352909
9044,0.001189,172.31.36.0-255,66,126121,7,352909
9045,0.001192,74.125.200.0-255,464,126585,7,352909
9046,0.001337,74.125.200.0-255,1484,128069,7,352909
9047,0.001339,172.31.36.0-255,66,128135,7,352909
9048,0.001344,74.125.200.0-255,2902,131037,7,352909
9049,0.001346,172.31.36.0-255,66,131103,7,352909
9050,0.001356,74.125.200.0-255,1484,132587,7,352909
9051,0.001389,74.125.200.0-255,2902,135489,7,352909
9052,0.001392,172.31.36.0-255,66,135555,7,352909
9053,0.001412,74.125.200.0-255,2902,138457,7,352909
9054,0.001414,172.31.36.0-255,66,138523,7,352909
9055,0.001437,74.125.200.0-255,4320,142843,7,352909
9056,0.00144,172.31.36.0-255,66,142909,7,352909
9057,0.001468,74.125.200.0-255,7156,150065,7,352909
9058,0.00147,172.31.36.0-255,66,150131,7,352909
9059,0.001496,74.125.200.0-255,1484,151615,7,352909
9060,0.001515,74.125.200.0-255,7156,158771,7,352909
9061,0.001517,172.31.36.0-255,66,158837,7,352909
9062,0.001521,74.125.200.0-255,2184,161021,7,352909
9063,0.001523,172.31.36.0-255,66,161087,7,352909
9064,0.001699,74.125.200.0-255,1484,162571,7,352909
9065,0.001721,74.125.200.0-255,2902,165473,7,352909
9066,0.001723,172.31.36.0-255,66,165539,7,352909
9067,0.001735,74.125.200.0-255,1484,167023,7,352909
9068,0.001756,74.125.200.0-255,2902,169925,7,352909
9069,0.001758,172.31.36.0-255,66,169991,7,352909
9070,0.001777,74.125.200.0-255,5738,175729,7,352909
9071,0.001779,172.31.36.0-255,66,175795,7,352909
9072,0.001784,74.125.200.0-255,4320,180115,7,352909
9073,0.001786,172.31.36.0-255,66,180181,7,352909
9074,0.001807,74.125.200.0-255,4320,184501,7,352909
9075,0.001809,172.31.36.0-255,66,184567,7,352909
9076,0.001819,172.31.36.0-255,66,184633,7,352909
9077,0.001874,74.125.200.0-255,3602,188235,7,352909
9078,0.001876,172.31.36.0-255,66,188301,7,352909
9079,0.001881,74.125.200.0-255,4320,192621,7,352909
9080,0.001883,172.31.36.0-255,66,192687,7,352909
9081,0.001921,74.125.200.0-255,2902,195589,7,352909
9082,0.001924,172.31.36.0-255,66,195655,7,352909
9083,0.001939,74.125.200.0-255,2902,198557,7,352909
9084,0.001941,172.31.36.0-255,66,198623,7,352909
9085,0.001953,74.125.200.0-255,2902,201525,7,352909
9086,0.001954,172.31.36.0-255,66,201591,7,352909
9087,0.001977,74.125.200.0-255,4320,205911,7,352909
9088,0.001979,172.31.36.0-255,66,205977,7,352909
9089,0.001982,74.125.200.0-255,1484,207461,7,352909
9090,0.002002,74.125.200.0-255,4320,211781,7,352909
9091,0.002004,172.31.36.0-255,66,211847,7,352909
9092,0.00201,74.125.200.0-255,7156,219003,7,352909
9093,0.002012,172.31.36.0-255,66,219069,7,352909
9094,0.002015,74.125.200.0-255,766,219835,7,352909
9095,0.00217,74.125.200.0-255,1484,221319,7,352909
9096,0.002172,172.31.36.0-255,66,221385,7,352909
9097,0.002191,74.125.200.0-255,2902,224287,7,352909
9098,0.002193,172.31.36.0-255,66,224353,7,352909
9099,0.002214,74.125.200.0-255,5738,230091,7,352909
9100,0.002216,172.31.36.0-255,66,230157,7,352909
9101,0.002232,74.125.200.0-255,1484,231641,7,352909
9102,0.002248,74.125.200.0-255,2902,234543,7,352909
9103,0.00225,172.31.36.0-255,66,234609,7,352909
9104,0.002272,74.125.200.0-255,4320,238929,7,352909
9105,0.002274,172.31.36.0-255,66,238995,7,352909
9106,0.002284,172.31.36.0-255,66,239061,7,352909
9107,0.00229,74.125.200.0-255,5020,244081,7,352909
9108,0.002292,172.31.36.0-255,66,244147,7,352909
9109,0.004831,74.125.200.0-255,5738,249885,7,352909
9110,0.004839,172.31.36.0-255,66,249951,7,352909
9111,0.00739,74.125.200.0-255,5738,255689,7,352909
9112,0.007396,172.31.36.0-255,66,255755,7,352909
9113,0.009944,74.125.200.0-255,5738,261493,7,352909
9114,0.009952,172.31.36.0-255,66,261559,7,352909
9115,0.012505,74.125.200.0-255,5738,267297,7,352909
9116,0.012515,172.31.36.0-255,66,267363,7,352909
9117,0.015061,74.125.200.0-255,5738,273101,7,352909
9118,0.015068,172.31.36.0-255,66,273167,7,352909
9119,0.017657,74.125.200.0-255,5738,278905,7,352909
9120,0.017668,172.31.36.0-255,66,278971,7,352909
9121,0.020221,74.125.200.0-255,5738,284709,7,352909
9122,0.020229,172.31.36.0-255,66,284775,7,352909
9123,0.022777,74.125.200.0-255,5738,290513,7,352909
9124,0.022786,172.31.36.0-255,66,290579,7,352909
9125,0.0249,172.31.36.0-255,172,290751,7,352909
9126,0.02493,172.31.36.0-255,1114,291865,7,352909
9127,0.024967,172.31.36.0-255,1514,293379,7,352909
9128,0.024969,172.31.36.0-255,1292,294671,7,352909
9129,0.025336,74.125.200.0-255,5738,300409,7,352909
9130,0.025343,172.31.36.0-255,66,300475,7,352909
9131,0.026418,104.244.42.0-255,66,300541,7,352909
9132,0.026464,104.244.42.0-255,66,300607,7,352909
9133,0.026527,104.244.42.0-255,66,300673,7,352909
9134,0.02789,74.125.200.0-255,5738,306411,7,352909
9135,0.027896,172.31.36.0-255,66,306477,7,352909
9136,0.030444,74.125.200.0-255,5738,312215,7,352909
9137,0.03045,172.31.36.0-255,66,312281,7,352909
9138,0.033,74.125.200.0-255,5738,318019,7,352909
9139,0.033006,172.31.36.0-255,66,318085,7,352909
9140,0.035558,74.125.200.0-255,5738,323823,7,352909
9141,0.035564,172.31.36.0-255,66,323889,7,352909
9142,0.038116,74.125.200.0-255,5738,329627,7,352909
9143,0.03812,172.31.36.0-255,66,329693,7,352909
9144,0.040661,74.125.200.0-255,5738,335431,7,352909
9145,0.040681,172.31.36.0-255,66,335497,7,352909
9146,0.043232,74.125.200.0-255,5738,341235,7,352909
9147,0.043237,172.31.36.0-255,66,341301,7,352909
9148,0.045787,74.125.200.0-255,5738,347039,7,352909
9149,0.045793,172.31.36.0-255,66,347105,7,352909
9150,0.048334,74.125.200.0-255,5738,352843,7,352909
9151,0.04834,172.31.36.0-255,66,352909,7,352909
9152,0.0,172.217.27.0-255,146,146,7,273214
9153,3.4e-05,172.31.36.0-255,66,212,7,273214
9154,4.2e-05,172.217.27.0-255,1484,1696,7,273214
9155,4.6e-05,172.31.36.0-255,66,1762,7,273214
9156,5.1e-05,172.217.27.0-255,2902,4664,7,273214
9157,6.2e-05,172.31.36.0-255,66,4730,7,273214
9158,6.9e-05,172.217.27.0-255,7156,11886,7,273214
9159,7.3e-05,172.31.36.0-255,66,11952,7,273214
9160,7.7e-05,172.217.27.0-255,1967,13919,7,273214
9161,8e-05,172.31.36.0-255,66,13985,7,273214
9162,0.000122,172.217.27.0-255,1484,15469,7,273214
9163,0.000125,172.31.36.0-255,66,15535,7,273214
9164,0.00013,172.217.27.0-255,2902,18437,7,273214
9165,0.000133,172.31.36.0-255,66,18503,7,273214
9166,0.000146,172.217.27.0-255,5738,24241,7,273214
9167,0.00015,172.31.36.0-255,66,24307,7,273214
9168,0.000156,172.217.27.0-255,6797,31104,7,273214
9169,0.000159,172.31.36.0-255,66,31170,7,273214
9170,0.000559,172.217.27.0-255,1484,32654,7,273214
9171,0.000564,172.31.36.0-255,66,32720,7,273214
9172,0.000571,172.217.27.0-255,2902,35622,7,273214
9173,0.000574,172.31.36.0-255,66,35688,7,273214
9174,0.000588,172.217.27.0-255,5738,41426,7,273214
9175,0.00059,172.31.36.0-255,66,41492,7,273214
9176,0.00062,172.217.27.0-255,6797,48289,7,273214
9177,0.000629,172.31.36.0-255,66,48355,7,273214
9178,0.000708,172.217.27.0-255,1484,49839,7,273214
9179,0.000713,172.217.27.0-255,2902,52741,7,273214
9180,0.000714,172.31.36.0-255,66,52807,7,273214
9181,0.000719,172.31.36.0-255,66,52873,7,273214
9182,0.000752,172.217.27.0-255,5738,58611,7,273214
9183,0.000756,172.31.36.0-255,66,58677,7,273214
9184,0.000761,172.217.27.0-255,4320,62997,7,273214
9185,0.000764,172.31.36.0-255,66,63063,7,273214
9186,0.000785,172.217.27.0-255,2873,65936,7,273214
9187,0.000788,172.31.36.0-255,66,66002,7,273214
9188,0.001332,172.217.27.0-255,115,66117,7,273214
9189,0.001448,172.217.27.0-255,1484,67601,7,273214
9190,0.001454,172.31.36.0-255,66,67667,7,273214
9191,0.001461,172.217.27.0-255,2902,70569,7,273214
9192,0.001463,172.31.36.0-255,66,70635,7,273214
9193,0.00147,172.217.27.0-255,5738,76373,7,273214
9194,0.001481,172.31.36.0-255,66,76439,7,273214
9195,0.001488,172.217.27.0-255,6797,83236,7,273214
9196,0.001491,172.31.36.0-255,66,83302,7,273214
9197,0.00154,172.217.27.0-255,4320,87622,7,273214
9198,0.001544,172.31.36.0-255,66,87688,7,273214
9199,0.001553,172.217.27.0-255,5738,93426,7,273214
9200,0.001561,172.31.36.0-255,66,93492,7,273214
9201,0.001572,172.217.27.0-255,6797,100289,7,273214
9202,0.001577,172.31.36.0-255,66,100355,7,273214
9203,0.003229,172.217.27.0-255,5738,106093,7,273214
9204,0.003236,172.31.36.0-255,66,106159,7,273214
9205,0.004876,172.217.27.0-255,4320,110479,7,273214
9206,0.00488,172.31.36.0-255,66,110545,7,273214
9207,0.004907,172.217.27.0-255,1484,112029,7,273214
9208,0.006524,172.217.27.0-255,4320,116349,7,273214
9209,0.00653,172.31.36.0-255,66,116415,7,273214
9210,0.00817,172.217.27.0-255,5738,122153,7,273214
9211,0.008178,172.31.36.0-255,66,122219,7,273214
9212,0.009826,172.217.27.0-255,5738,127957,7,273214
9213,0.009833,172.31.36.0-255,66,128023,7,273214
9214,0.011483,172.217.27.0-255,5738,133761,7,273214
9215,0.01149,172.31.36.0-255,66,133827,7,273214
9216,0.013143,172.217.27.0-255,5738,139565,7,273214
9217,0.013154,172.31.36.0-255,66,139631,7,273214
9218,0.014804,172.217.27.0-255,5738,145369,7,273214
9219,0.014811,172.31.36.0-255,66,145435,7,273214
9220,0.016506,172.217.27.0-255,5738,151173,7,273214
9221,0.016513,172.31.36.0-255,66,151239,7,273214
9222,0.01816,172.217.27.0-255,5738,156977,7,273214
9223,0.018167,172.31.36.0-255,66,157043,7,273214
9224,0.01982,172.217.27.0-255,5738,162781,7,273214
9225,0.019827,172.31.36.0-255,66,162847,7,273214
9226,0.021468,172.217.27.0-255,5738,168585,7,273214
9227,0.021476,172.31.36.0-255,66,168651,7,273214
9228,0.023133,172.217.27.0-255,5738,174389,7,273214
9229,0.023139,172.31.36.0-255,66,174455,7,273214
9230,0.024786,172.217.27.0-255,5738,180193,7,273214
9231,0.024794,172.31.36.0-255,66,180259,7,273214
9232,0.025863,172.31.36.0-255,188,180447,7,273214
9233,0.025893,172.31.36.0-255,958,181405,7,273214
9234,0.025933,172.31.36.0-255,1514,182919,7,273214
9235,0.025935,172.31.36.0-255,1514,184433,7,273214
9236,0.02594,172.31.36.0-255,1514,185947,7,273214
9237,0.025941,172.31.36.0-255,1229,187176,7,273214
9238,0.02644,172.217.27.0-255,5738,192914,7,273214
9239,0.026447,172.31.36.0-255,66,192980,7,273214
9240,0.027441,104.244.42.0-255,66,193046,7,273214
9241,0.027448,104.244.42.0-255,66,193112,7,273214
9242,0.027529,104.244.42.0-255,66,193178,7,273214
9243,0.027532,104.244.42.0-255,66,193244,7,273214
9244,0.028096,172.217.27.0-255,5738,198982,7,273214
9245,0.0281,172.31.36.0-255,66,199048,7,273214
9246,0.029748,172.217.27.0-255,5738,204786,7,273214
9247,0.029753,172.31.36.0-255,66,204852,7,273214
9248,0.031397,172.217.27.0-255,5738,210590,7,273214
9249,0.031403,172.31.36.0-255,66,210656,7,273214
9250,0.033076,172.217.27.0-255,5738,216394,7,273214
9251,0.033082,172.31.36.0-255,66,216460,7,273214
9252,0.034767,172.217.27.0-255,4320,220780,7,273214
9253,0.034773,172.31.36.0-255,66,220846,7,273214
9254,0.034809,172.217.27.0-255,1484,222330,7,273214
9255,0.036415,172.217.27.0-255,4320,226650,7,273214
9256,0.036421,172.31.36.0-255,66,226716,7,273214
9257,0.038068,172.217.27.0-255,1484,228200,7,273214
9258,0.038101,172.217.27.0-255,4320,232520,7,273214
9259,0.038105,172.31.36.0-255,66,232586,7,273214
9260,0.039758,172.217.27.0-255,5738,238324,7,273214
9261,0.039764,172.31.36.0-255,66,238390,7,273214
9262,0.041409,172.217.27.0-255,5738,244128,7,273214
9263,0.041414,172.31.36.0-255,66,244194,7,273214
9264,0.043059,172.217.27.0-255,5738,249932,7,273214
9265,0.043064,172.31.36.0-255,66,249998,7,273214
9266,0.044721,172.217.27.0-255,5738,255736,7,273214
9267,0.044727,172.31.36.0-255,66,255802,7,273214
9268,0.046378,172.217.27.0-255,5738,261540,7,273214
9269,0.046385,172.31.36.0-255,66,261606,7,273214
9270,0.048036,172.217.27.0-255,5738,267344,7,273214
9271,0.048042,172.31.36.0-255,66,267410,7,273214
9272,0.049686,172.217.27.0-255,5738,273148,7,273214
9273,0.049692,172.31.36.0-255,66,273214,7,273214
9274,0.0,172.217.24.0-255,153,153,7,307721
9275,2.7e-05,172.31.36.0-255,66,219,7,307721
9276,3.3e-05,172.217.24.0-255,1484,1703,7,307721
9277,3.8e-05,172.31.36.0-255,66,1769,7,307721
9278,4.1e-05,172.217.24.0-255,1484,3253,7,307721
9279,4.3e-05,172.31.36.0-255,66,3319,7,307721
9280,6.5e-05,172.217.24.0-255,2902,6221,7,307721
9281,6.7e-05,172.31.36.0-255,66,6287,7,307721
9282,7.3e-05,172.217.24.0-255,5738,12025,7,307721
9283,7.5e-05,172.31.36.0-255,66,12091,7,307721
9284,9.4e-05,172.217.24.0-255,2067,14158,7,307721
9285,9.7e-05,172.31.36.0-255,66,14224,7,307721
9286,0.000138,172.217.24.0-255,1484,15708,7,307721
9287,0.000142,172.31.36.0-255,66,15774,7,307721
9288,0.000166,172.217.24.0-255,1484,17258,7,307721
9289,0.00017,172.31.36.0-255,66,17324,7,307721
9290,0.000185,172.217.24.0-255,1484,18808,7,307721
9291,0.000187,172.31.36.0-255,66,18874,7,307721
9292,0.000193,172.217.24.0-255,5738,24612,7,307721
9293,0.000196,172.31.36.0-255,66,24678,7,307721
9294,0.000203,172.217.24.0-255,6797,31475,7,307721
9295,0.000205,172.31.36.0-255,66,31541,7,307721
9296,0.000359,172.217.24.0-255,1484,33025,7,307721
9297,0.000363,172.31.36.0-255,66,33091,7,307721
9298,0.000367,172.217.24.0-255,1484,34575,7,307721
9299,0.000369,172.31.36.0-255,66,34641,7,307721
9300,0.000381,172.217.24.0-255,1484,36125,7,307721
9301,0.000384,172.31.36.0-255,66,36191,7,307721
9302,0.00039,172.217.24.0-255,5738,41929,7,307721
9303,0.000393,172.31.36.0-255,66,41995,7,307721
9304,0.000396,172.217.24.0-255,1484,43479,7,307721
9305,0.000399,172.31.36.0-255,66,43545,7,307721
9306,0.000417,172.217.24.0-255,4320,47865,7,307721
9307,0.00042,172.31.36.0-255,66,47931,7,307721
9308,0.000423,172.217.24.0-255,1484,49415,7,307721
9309,0.000444,172.217.24.0-255,5379,54794,7,307721
9310,0.000448,172.31.36.0-255,66,54860,7,307721
9311,0.000453,172.217.24.0-255,4320,59180,7,307721
9312,0.000455,172.31.36.0-255,66,59246,7,307721
9313,0.000497,172.217.24.0-255,4320,63566,7,307721
9314,0.000502,172.31.36.0-255,66,63632,7,307721
9315,0.000519,172.217.24.0-255,2543,66175,7,307721
9316,0.000523,172.31.36.0-255,66,66241,7,307721
9317,0.000526,172.217.24.0-255,356,66597,7,307721
9318,0.000818,172.31.36.0-255,66,66663,7,307721
9319,0.00103,172.217.24.0-255,387,67050,7,307721
9320,0.001105,172.217.24.0-255,1484,68534,7,307721
9321,0.001109,172.31.36.0-255,66,68600,7,307721
9322,0.001115,172.217.24.0-255,2902,71502,7,307721
9323,0.001117,172.31.36.0-255,66,71568,7,307721
9324,0.001122,172.217.24.0-255,4320,75888,7,307721
9325,0.001124,172.31.36.0-255,66,75954,7,307721
9326,0.001136,172.217.24.0-255,1484,77438,7,307721
9327,0.00116,172.217.24.0-255,4320,81758,7,307721
9328,0.001163,172.31.36.0-255,66,81824,7,307721
9329,0.001182,172.217.24.0-255,2543,84367,7,307721
9330,0.001185,172.31.36.0-255,66,84433,7,307721
9331,0.001188,172.217.24.0-255,1484,85917,7,307721
9332,0.001207,172.217.24.0-255,5738,91655,7,307721
9333,0.00121,172.31.36.0-255,66,91721,7,307721
9334,0.001216,172.217.24.0-255,7156,98877,7,307721
9335,0.001218,172.31.36.0-255,66,98943,7,307721
9336,0.001236,172.217.24.0-255,1484,100427,7,307721
9337,0.001248,172.217.24.0-255,1125,101552,7,307721
9338,0.001251,172.31.36.0-255,66,101618,7,307721
9339,0.001547,172.217.24.0-255,1484,103102,7,307721
9340,0.001554,172.217.24.0-255,2902,106004,7,307721
9341,0.001558,172.31.36.0-255,66,106070,7,307721
9342,0.001564,172.217.24.0-255,4320,110390,7,307721
9343,0.001566,172.31.36.0-255,66,110456,7,307721
9344,0.001578,172.217.24.0-255,1484,111940,7,307721
9345,0.001583,172.217.24.0-255,5738,117678,7,307721
9346,0.001585,172.31.36.0-255,66,117744,7,307721
9347,0.001609,172.217.24.0-255,1484,119228,7,307721
9348,0.001623,172.31.36.0-255,66,119294,7,307721
9349,0.001627,172.217.24.0-255,2184,121478,7,307721
9350,0.001628,172.31.36.0-255,66,121544,7,307721
9351,0.001693,172.217.24.0-255,1484,123028,7,307721
9352,0.00171,172.217.24.0-255,2902,125930,7,307721
9353,0.001712,172.31.36.0-255,66,125996,7,307721
9354,0.001716,172.217.24.0-255,2902,128898,7,307721
9355,0.001718,172.31.36.0-255,66,128964,7,307721
9356,0.001733,172.217.24.0-255,2902,131866,7,307721
9357,0.001735,172.31.36.0-255,66,131932,7,307721
9358,0.001742,172.217.24.0-255,7156,139088,7,307721
9359,0.001744,172.31.36.0-255,66,139154,7,307721
9360,0.001788,172.31.36.0-255,66,139220,7,307721
9361,0.001791,172.217.24.0-255,2184,141404,7,307721
9362,0.001793,172.31.36.0-255,66,141470,7,307721
9363,0.001876,172.217.24.0-255,1484,142954,7,307721
9364,0.00188,172.217.24.0-255,2902,145856,7,307721
9365,0.001896,172.217.24.0-255,5738,151594,7,307721
9366,0.001911,172.217.24.0-255,1484,153078,7,307721
9367,0.00192,172.217.24.0-255,1484,154562,7,307721
9368,0.001934,172.217.24.0-255,4320,158882,7,307721
9369,0.001947,172.217.24.0-255,5738,164620,7,307721
9370,0.00199,172.217.24.0-255,7156,171776,7,307721
9371,0.002,172.217.24.0-255,1484,173260,7,307721
9372,0.002003,172.217.24.0-255,2184,175444,7,307721
9373,0.002006,172.217.24.0-255,2902,178346,7,307721
9374,0.00474,172.31.36.0-255,66,178412,7,307721
9375,0.006751,172.217.24.0-255,5738,184150,7,307721
9376,0.006757,172.31.36.0-255,66,184216,7,307721
9377,0.008737,172.217.24.0-255,5738,189954,7,307721
9378,0.008743,172.31.36.0-255,66,190020,7,307721
9379,0.010921,172.217.24.0-255,5738,195758,7,307721
9380,0.010957,172.31.36.0-255,66,195824,7,307721
9381,0.012961,172.217.24.0-255,5738,201562,7,307721
9382,0.012968,172.31.36.0-255,66,201628,7,307721
9383,0.014948,172.217.24.0-255,5738,207366,7,307721
9384,0.014956,172.31.36.0-255,66,207432,7,307721
9385,0.016942,172.217.24.0-255,5738,213170,7,307721
9386,0.01695,172.31.36.0-255,66,213236,7,307721
9387,0.018937,172.217.24.0-255,5738,218974,7,307721
9388,0.018944,172.31.36.0-255,66,219040,7,307721
9389,0.020949,172.217.24.0-255,5738,224778,7,307721
9390,0.020957,172.31.36.0-255,66,224844,7,307721
9391,0.022946,172.217.24.0-255,5738,230582,7,307721
9392,0.022956,172.31.36.0-255,66,230648,7,307721
9393,0.024939,172.217.24.0-255,5738,236386,7,307721
9394,0.024945,172.31.36.0-255,66,236452,7,307721
9395,0.026927,172.217.24.0-255,5738,242190,7,307721
9396,0.026935,172.31.36.0-255,66,242256,7,307721
9397,0.028916,172.217.24.0-255,4320,246576,7,307721
9398,0.028923,172.31.36.0-255,66,246642,7,307721
9399,0.028936,172.217.24.0-255,1484,248126,7,307721
9400,0.030897,172.217.24.0-255,4320,252446,7,307721
9401,0.030902,172.31.36.0-255,66,252512,7,307721
9402,0.031746,172.31.36.0-255,172,252684,7,307721
9403,0.031773,172.31.36.0-255,1115,253799,7,307721
9404,0.031811,172.31.36.0-255,564,254363,7,307721
9405,0.032888,172.217.24.0-255,5738,260101,7,307721
9406,0.032895,172.31.36.0-255,66,260167,7,307721
9407,0.033318,104.244.42.0-255,66,260233,7,307721
9408,0.033326,104.244.42.0-255,66,260299,7,307721
9409,0.033356,104.244.42.0-255,66,260365,7,307721
9410,0.03488,172.217.24.0-255,5738,266103,7,307721
9411,0.034884,172.31.36.0-255,66,266169,7,307721
9412,0.036862,172.217.24.0-255,2902,269071,7,307721
9413,0.036867,172.31.36.0-255,66,269137,7,307721
9414,0.036893,172.217.24.0-255,2902,272039,7,307721
9415,0.036896,172.31.36.0-255,66,272105,7,307721
9416,0.038844,172.217.24.0-255,2902,275007,7,307721
9417,0.03885,172.31.36.0-255,66,275073,7,307721
9418,0.038882,172.217.24.0-255,2902,277975,7,307721
9419,0.038885,172.31.36.0-255,66,278041,7,307721
9420,0.040821,172.217.24.0-255,2902,280943,7,307721
9421,0.040828,172.31.36.0-255,66,281009,7,307721
9422,0.040848,172.217.24.0-255,2902,283911,7,307721
9423,0.040851,172.31.36.0-255,66,283977,7,307721
9424,0.042798,172.217.24.0-255,2902,286879,7,307721
9425,0.042804,172.31.36.0-255,66,286945,7,307721
9426,0.042838,172.217.24.0-255,2902,289847,7,307721
9427,0.042841,172.31.36.0-255,66,289913,7,307721
9428,0.044771,172.217.24.0-255,2902,292815,7,307721
9429,0.044777,172.31.36.0-255,66,292881,7,307721
9430,0.04481,172.217.24.0-255,2902,295783,7,307721
9431,0.044814,172.31.36.0-255,66,295849,7,307721
9432,0.046746,172.217.24.0-255,2902,298751,7,307721
9433,0.046751,172.31.36.0-255,66,298817,7,307721
9434,0.046839,172.217.24.0-255,2902,301719,7,307721
9435,0.046841,172.31.36.0-255,66,301785,7,307721
9436,0.048724,172.217.24.0-255,2902,304687,7,307721
9437,0.04873,172.31.36.0-255,66,304753,7,307721
9438,0.048798,172.217.24.0-255,2902,307655,7,307721
9439,0.048803,172.31.36.0-255,66,307721,7,307721
9440,0.0,172.217.194.0-255,142,142,7,216434
9441,2.4e-05,172.31.36.0-255,66,208,7,216434
9442,3.1e-05,172.217.194.0-255,1484,1692,7,216434
9443,3.6e-05,172.31.36.0-255,66,1758,7,216434
9444,4.9e-05,172.217.194.0-255,2902,4660,7,216434
9445,5.3e-05,172.31.36.0-255,66,4726,7,216434
9446,6.1e-05,172.217.194.0-255,7156,11882,7,216434
9447,6.4e-05,172.31.36.0-255,66,11948,7,216434
9448,6.8e-05,172.217.194.0-255,2045,13993,7,216434
9449,7e-05,172.31.36.0-255,66,14059,7,216434
9450,7.6e-05,172.217.194.0-255,2902,16961,7,216434
9451,7.8e-05,172.31.36.0-255,66,17027,7,216434
9452,0.0001,172.217.194.0-255,7156,24183,7,216434
9453,0.000109,172.31.36.0-255,66,24249,7,216434
9454,0.000116,172.217.194.0-255,5738,29987,7,216434
9455,0.000118,172.31.36.0-255,66,30053,7,216434
9456,0.000158,172.217.194.0-255,1125,31178,7,216434
9457,0.000161,172.31.36.0-255,66,31244,7,216434
9458,0.000264,172.217.194.0-255,1484,32728,7,216434
9459,0.000268,172.31.36.0-255,66,32794,7,216434
9460,0.000273,172.217.194.0-255,2902,35696,7,216434
9461,0.000275,172.31.36.0-255,66,35762,7,216434
9462,0.000288,172.217.194.0-255,5738,41500,7,216434
9463,0.000291,172.31.36.0-255,66,41566,7,216434
9464,0.000328,172.31.36.0-255,66,41632,7,216434
9465,0.000341,172.31.36.0-255,66,41698,7,216434
9466,0.000375,172.217.194.0-255,4268,45966,7,216434
9467,0.000378,172.31.36.0-255,66,46032,7,216434
9468,0.000455,172.217.194.0-255,1484,47516,7,216434
9469,0.000458,172.31.36.0-255,66,47582,7,216434
9470,0.000485,172.217.194.0-255,2902,50484,7,216434
9471,0.000488,172.31.36.0-255,66,50550,7,216434
9472,0.000495,172.217.194.0-255,5738,56288,7,216434
9473,0.000497,172.31.36.0-255,66,56354,7,216434
9474,0.000543,172.31.36.0-255,66,56420,7,216434
9475,0.00057,172.217.194.0-255,4320,60740,7,216434
9476,0.000573,172.31.36.0-255,66,60806,7,216434
9477,0.000591,172.217.194.0-255,5671,66477,7,216434
9478,0.000594,172.31.36.0-255,66,66543,7,216434
9479,0.000927,172.217.194.0-255,1484,68027,7,216434
9480,0.00095,172.217.194.0-255,2902,70929,7,216434
9481,0.000954,172.31.36.0-255,66,70995,7,216434
9482,0.000986,172.217.194.0-255,5738,76733,7,216434
9483,0.000989,172.31.36.0-255,66,76799,7,216434
9484,0.001028,172.31.36.0-255,66,76865,7,216434
9485,0.001059,172.217.194.0-255,4320,81185,7,216434
9486,0.001062,172.31.36.0-255,66,81251,7,216434
9487,0.001074,172.31.36.0-255,66,81317,7,216434
9488,0.001078,172.217.194.0-255,2184,83501,7,216434
9489,0.00108,172.31.36.0-255,66,83567,7,216434
9490,0.001162,172.217.194.0-255,1484,85051,7,216434
9491,0.001167,172.217.194.0-255,2902,87953,7,216434
9492,0.00117,172.31.36.0-255,66,88019,7,216434
9493,0.001177,172.217.194.0-255,5738,93757,7,216434
9494,0.001179,172.31.36.0-255,66,93823,7,216434
9495,0.001187,172.217.194.0-255,1484,95307,7,216434
9496,0.00121,172.217.194.0-255,7156,102463,7,216434
9497,0.001212,172.31.36.0-255,66,102529,7,216434
9498,0.001241,172.217.194.0-255,2902,105431,7,216434
9499,0.001244,172.31.36.0-255,66,105497,7,216434
9500,0.001285,172.31.36.0-255,66,105563,7,216434
9501,0.001306,172.31.36.0-255,66,105629,7,216434
9502,0.00132,172.31.36.0-255,66,105695,7,216434
9503,0.001348,172.217.194.0-255,1484,107179,7,216434
9504,0.001363,172.217.194.0-255,5738,112917,7,216434
9505,0.001366,172.31.36.0-255,66,112983,7,216434
9506,0.001429,172.31.36.0-255,66,113049,7,216434
9507,0.001447,172.31.36.0-255,66,113115,7,216434
9508,0.001613,172.217.194.0-255,1484,114599,7,216434
9509,0.00162,172.217.194.0-255,2902,117501,7,216434
9510,0.001624,172.31.36.0-255,66,117567,7,216434
9511,0.001629,172.217.194.0-255,2902,120469,7,216434
9512,0.001631,172.31.36.0-255,66,120535,7,216434
9513,0.001664,172.217.194.0-255,2902,123437,7,216434
9514,0.001668,172.31.36.0-255,66,123503,7,216434
9515,0.001688,172.31.36.0-255,66,123569,7,216434
9516,0.001699,172.31.36.0-255,66,123635,7,216434
9517,0.001724,172.217.194.0-255,1484,125119,7,216434
9518,0.001727,172.217.194.0-255,766,125885,7,216434
9519,0.00173,172.31.36.0-255,66,125951,7,216434
9520,0.002325,172.217.194.0-255,1484,127435,7,216434
9521,0.002332,172.217.194.0-255,2902,130337,7,216434
9522,0.002337,172.31.36.0-255,66,130403,7,216434
9523,0.002343,172.217.194.0-255,2902,133305,7,216434
9524,0.002346,172.31.36.0-255,66,133371,7,216434
9525,0.002383,172.217.194.0-255,2902,136273,7,216434
9526,0.002385,172.31.36.0-255,66,136339,7,216434
9527,0.002392,172.217.194.0-255,5738,142077,7,216434
9528,0.002395,172.31.36.0-255,66,142143,7,216434
9529,0.002409,172.31.36.0-255,66,142209,7,216434
9530,0.002415,172.217.194.0-255,5020,147229,7,216434
9531,0.002417,172.31.36.0-255,66,147295,7,216434
9532,0.002476,172.217.194.0-255,1484,148779,7,216434
9533,0.002488,172.217.194.0-255,2902,151681,7,216434
9534,0.002491,172.31.36.0-255,66,151747,7,216434
9535,0.002495,172.217.194.0-255,2902,154649,7,216434
9536,0.002498,172.31.36.0-255,66,154715,7,216434
9537,0.002517,172.217.194.0-255,2902,157617,7,216434
9538,0.002519,172.31.36.0-255,66,157683,7,216434
9539,0.002536,172.31.36.0-255,66,157749,7,216434
9540,0.002558,172.217.194.0-255,4320,162069,7,216434
9541,0.002561,172.31.36.0-255,66,162135,7,216434
9542,0.002572,172.31.36.0-255,66,162201,7,216434
9543,0.002613,172.217.194.0-255,3602,165803,7,216434
9544,0.002616,172.31.36.0-255,66,165869,7,216434
9545,0.002631,172.31.36.0-255,66,165935,7,216434
9546,0.002645,172.31.36.0-255,66,166001,7,216434
9547,0.002651,172.217.194.0-255,4320,170321,7,216434
9548,0.002653,172.31.36.0-255,66,170387,7,216434
9549,0.002689,172.217.194.0-255,6438,176825,7,216434
9550,0.002691,172.31.36.0-255,66,176891,7,216434
9551,0.005288,172.217.194.0-255,4320,181211,7,216434
9552,0.005292,172.31.36.0-255,66,181277,7,216434
9553,0.005319,172.217.194.0-255,1484,182761,7,216434
9554,0.007904,172.217.194.0-255,4320,187081,7,216434
9555,0.007911,172.31.36.0-255,66,187147,7,216434
9556,0.010492,172.217.194.0-255,2902,190049,7,216434
9557,0.0105,172.31.36.0-255,66,190115,7,216434
9558,0.010533,172.217.194.0-255,2902,193017,7,216434
9559,0.010536,172.31.36.0-255,66,193083,7,216434
9560,0.013113,172.217.194.0-255,5738,198821,7,216434
9561,0.013121,172.31.36.0-255,66,198887,7,216434
9562,0.015696,172.217.194.0-255,5738,204625,7,216434
9563,0.015706,172.31.36.0-255,66,204691,7,216434
9564,0.018313,172.217.194.0-255,5738,210429,7,216434
9565,0.018326,172.31.36.0-255,66,210495,7,216434
9566,0.020921,172.217.194.0-255,3652,214147,7,216434
9567,0.020929,172.31.36.0-255,66,214213,7,216434
9568,0.02171,172.31.36.0-255,105,214318,7,216434
9569,0.024279,172.217.194.0-255,66,214384,7,216434
9570,0.038116,172.31.36.0-255,172,214556,7,216434
9571,0.038171,172.31.36.0-255,1113,215669,7,216434
9572,0.038229,172.31.36.0-255,567,216236,7,216434
9573,0.039712,104.244.42.0-255,66,216302,7,216434
9574,0.039749,104.244.42.0-255,66,216368,7,216434
9575,0.039805,104.244.42.0-255,66,216434,7,216434
9576,0.0,172.217.194.0-255,66,66,7,66
9577,0.0,74.125.24.0-255,153,153,7,170423
9578,2.4e-05,172.31.36.0-255,66,219,7,170423
9579,3e-05,74.125.24.0-255,1484,1703,7,170423
9580,3.4e-05,172.31.36.0-255,66,1769,7,170423
9581,3.8e-05,74.125.24.0-255,2902,4671,7,170423
9582,4e-05,172.31.36.0-255,66,4737,7,170423
9583,5.4e-05,74.125.24.0-255,7156,11893,7,170423
9584,5.7e-05,172.31.36.0-255,66,11959,7,170423
9585,6e-05,74.125.24.0-255,1965,13924,7,170423
9586,6.3e-05,172.31.36.0-255,66,13990,7,170423
9587,7.4e-05,172.31.36.0-255,66,14056,7,170423
9588,0.000112,74.125.24.0-255,5379,19435,7,170423
9589,0.000115,172.31.36.0-255,66,19501,7,170423
9590,0.000154,74.125.24.0-255,1484,20985,7,170423
9591,0.000156,172.31.36.0-255,66,21051,7,170423
9592,0.000182,74.125.24.0-255,2902,23953,7,170423
9593,0.000186,172.31.36.0-255,66,24019,7,170423
9594,0.000191,74.125.24.0-255,5738,29757,7,170423
9595,0.000194,172.31.36.0-255,66,29823,7,170423
9596,0.000197,74.125.24.0-255,2902,32725,7,170423
9597,0.000199,172.31.36.0-255,66,32791,7,170423
9598,0.000224,74.125.24.0-255,5738,38529,7,170423
9599,0.00023,172.31.36.0-255,66,38595,7,170423
9600,0.000258,74.125.24.0-255,5379,43974,7,170423
9601,0.000262,172.31.36.0-255,66,44040,7,170423
9602,0.000266,74.125.24.0-255,2902,46942,7,170423
9603,0.000269,172.31.36.0-255,66,47008,7,170423
9604,0.000294,74.125.24.0-255,4320,51328,7,170423
9605,0.000297,172.31.36.0-255,66,51394,7,170423
9606,0.000322,74.125.24.0-255,2921,54315,7,170423
9607,0.000325,172.31.36.0-255,66,54381,7,170423
9608,0.000328,74.125.24.0-255,331,54712,7,170423
9609,0.000514,74.125.24.0-255,1484,56196,7,170423
9610,0.000519,172.31.36.0-255,66,56262,7,170423
9611,0.000523,74.125.24.0-255,2902,59164,7,170423
9612,0.000525,172.31.36.0-255,66,59230,7,170423
9613,0.000529,74.125.24.0-255,2902,62132,7,170423
9614,0.000537,172.31.36.0-255,66,62198,7,170423
9615,0.000563,74.125.24.0-255,2902,65100,7,170423
9616,0.000565,172.31.36.0-255,66,65166,7,170423
9617,0.000568,74.125.24.0-255,1484,66650,7,170423
9618,0.000583,172.31.36.0-255,66,66716,7,170423
9619,0.000586,74.125.24.0-255,1484,68200,7,170423
9620,0.000629,172.31.36.0-255,66,68266,7,170423
9621,0.001026,74.125.24.0-255,1484,69750,7,170423
9622,0.001036,74.125.24.0-255,2902,72652,7,170423
9623,0.00104,172.31.36.0-255,66,72718,7,170423
9624,0.001047,74.125.24.0-255,5738,78456,7,170423
9625,0.001049,172.31.36.0-255,66,78522,7,170423
9626,0.001109,172.31.36.0-255,66,78588,7,170423
9627,0.001126,74.125.24.0-255,2902,81490,7,170423
9628,0.001129,172.31.36.0-255,66,81556,7,170423
9629,0.001167,172.31.36.0-255,66,81622,7,170423
9630,0.00117,74.125.24.0-255,1484,83106,7,170423
9631,0.001173,74.125.24.0-255,2902,86008,7,170423
9632,0.001175,172.31.36.0-255,66,86074,7,170423
9633,0.001208,74.125.24.0-255,5738,91812,7,170423
9634,0.001211,172.31.36.0-255,66,91878,7,170423
9635,0.001218,74.125.24.0-255,7156,99034,7,170423
9636,0.00122,172.31.36.0-255,66,99100,7,170423
9637,0.001238,172.31.36.0-255,66,99166,7,170423
9638,0.001242,74.125.24.0-255,2184,101350,7,170423
9639,0.001244,172.31.36.0-255,66,101416,7,170423
9640,0.001307,74.125.24.0-255,1484,102900,7,170423
9641,0.001313,74.125.24.0-255,2902,105802,7,170423
9642,0.001317,172.31.36.0-255,66,105868,7,170423
9643,0.00132,74.125.24.0-255,1484,107352,7,170423
9644,0.001351,74.125.24.0-255,4320,111672,7,170423
9645,0.001355,172.31.36.0-255,66,111738,7,170423
9646,0.001366,172.31.36.0-255,66,111804,7,170423
9647,0.001376,74.125.24.0-255,5738,117542,7,170423
9648,0.001378,172.31.36.0-255,66,117608,7,170423
9649,0.001416,74.125.24.0-255,5020,122628,7,170423
9650,0.001419,172.31.36.0-255,66,122694,7,170423
9651,0.001737,74.125.24.0-255,1484,124178,7,170423
9652,0.001744,74.125.24.0-255,2902,127080,7,170423
9653,0.001748,172.31.36.0-255,66,127146,7,170423
9654,0.001753,74.125.24.0-255,2902,130048,7,170423
9655,0.001755,172.31.36.0-255,66,130114,7,170423
9656,0.001759,74.125.24.0-255,2902,133016,7,170423
9657,0.001766,172.31.36.0-255,66,133082,7,170423
9658,0.001797,74.125.24.0-255,1484,134566,7,170423
9659,0.001809,172.31.36.0-255,66,134632,7,170423
9660,0.001813,74.125.24.0-255,2902,137534,7,170423
9661,0.001815,172.31.36.0-255,66,137600,7,170423
9662,0.001854,172.31.36.0-255,66,137666,7,170423
9663,0.001983,74.125.24.0-255,1484,139150,7,170423
9664,0.001989,74.125.24.0-255,2902,142052,7,170423
9665,0.001992,172.31.36.0-255,66,142118,7,170423
9666,0.001995,74.125.24.0-255,1484,143602,7,170423
9667,0.002022,74.125.24.0-255,4320,147922,7,170423
9668,0.002025,172.31.36.0-255,66,147988,7,170423
9669,0.002031,74.125.24.0-255,5738,153726,7,170423
9670,0.002033,172.31.36.0-255,66,153792,7,170423
9671,0.002055,172.31.36.0-255,66,153858,7,170423
9672,0.002076,74.125.24.0-255,2902,156760,7,170423
9673,0.002078,172.31.36.0-255,66,156826,7,170423
9674,0.002096,172.31.36.0-255,66,156892,7,170423
9675,0.002111,172.31.36.0-255,66,156958,7,170423
9676,0.00215,74.125.24.0-255,4320,161278,7,170423
9677,0.002152,172.31.36.0-255,66,161344,7,170423
9678,0.00218,74.125.24.0-255,3602,164946,7,170423
9679,0.002183,172.31.36.0-255,66,165012,7,170423
9680,0.002197,172.31.36.0-255,66,165078,7,170423
9681,0.002207,172.31.36.0-255,66,165144,7,170423
9682,0.002217,172.31.36.0-255,66,165210,7,170423
9683,0.002261,172.31.36.0-255,66,165276,7,170423
9684,0.002271,172.31.36.0-255,66,165342,7,170423
9685,0.00229,172.31.36.0-255,66,165408,7,170423
9686,0.002331,172.31.36.0-255,66,165474,7,170423
9687,0.002346,172.31.36.0-255,66,165540,7,170423
9688,0.002368,172.31.36.0-255,66,165606,7,170423
9689,0.002383,172.31.36.0-255,66,165672,7,170423
9690,0.002385,74.125.24.0-255,105,165777,7,170423
9691,0.003669,172.31.36.0-255,101,165878,7,170423
9692,0.004528,172.31.36.0-255,105,165983,7,170423
9693,0.006214,74.125.24.0-255,66,166049,7,170423
9694,0.007092,74.125.24.0-255,66,166115,7,170423
9695,0.026532,172.31.36.0-255,188,166303,7,170423
9696,0.026567,172.31.36.0-255,958,167261,7,170423
9697,0.026626,172.31.36.0-255,1514,168775,7,170423
9698,0.026628,172.31.36.0-255,1450,170225,7,170423
9699,0.028059,104.244.42.0-255,66,170291,7,170423
9700,0.028097,104.244.42.0-255,66,170357,7,170423
9701,0.02819,104.244.42.0-255,66,170423,7,170423
9702,0.0,172.217.27.0-255,153,153,7,252370
9703,2.5e-05,172.31.36.0-255,66,219,7,252370
9704,3.3e-05,172.217.27.0-255,1484,1703,7,252370
9705,3.8e-05,172.31.36.0-255,66,1769,7,252370
9706,4.6e-05,172.217.27.0-255,2902,4671,7,252370
9707,5e-05,172.31.36.0-255,66,4737,7,252370
9708,5.4e-05,172.217.27.0-255,1484,6221,7,252370
9709,5.6e-05,172.31.36.0-255,66,6287,7,252370
9710,6.1e-05,172.217.27.0-255,2902,9189,7,252370
9711,6.4e-05,172.31.36.0-255,66,9255,7,252370
9712,9.6e-05,172.217.27.0-255,6224,15479,7,252370
9713,9.8e-05,172.31.36.0-255,66,15545,7,252370
9714,0.00011,172.31.36.0-255,66,15611,7,252370
9715,0.000126,172.217.27.0-255,2902,18513,7,252370
9716,0.000128,172.31.36.0-255,66,18579,7,252370
9717,0.000143,172.217.27.0-255,3961,22540,7,252370
9718,0.000146,172.31.36.0-255,66,22606,7,252370
9719,0.000215,172.217.27.0-255,1484,24090,7,252370
9720,0.000218,172.31.36.0-255,66,24156,7,252370
9721,0.000223,172.217.27.0-255,2902,27058,7,252370
9722,0.000225,172.31.36.0-255,66,27124,7,252370
9723,0.000254,172.217.27.0-255,5738,32862,7,252370
9724,0.000257,172.31.36.0-255,66,32928,7,252370
9725,0.000264,172.217.27.0-255,6797,39725,7,252370
9726,0.000266,172.31.36.0-255,66,39791,7,252370
9727,0.001057,172.217.27.0-255,1484,41275,7,252370
9728,0.001064,172.31.36.0-255,66,41341,7,252370
9729,0.001072,172.217.27.0-255,2902,44243,7,252370
9730,0.001075,172.31.36.0-255,66,44309,7,252370
9731,0.001082,172.217.27.0-255,5738,50047,7,252370
9732,0.001084,172.31.36.0-255,66,50113,7,252370
9733,0.001099,172.217.27.0-255,2902,53015,7,252370
9734,0.001101,172.31.36.0-255,66,53081,7,252370
9735,0.001121,172.217.27.0-255,3961,57042,7,252370
9736,0.001124,172.31.36.0-255,66,57108,7,252370
9737,0.001131,172.217.27.0-255,7156,64264,7,252370
9738,0.001133,172.31.36.0-255,66,64330,7,252370
9739,0.001167,172.31.36.0-255,66,64396,7,252370
9740,0.001223,172.217.27.0-255,1484,65880,7,252370
9741,0.001228,172.217.27.0-255,1484,67364,7,252370
9742,0.001231,172.31.36.0-255,66,67430,7,252370
9743,0.001247,172.217.27.0-255,1484,68914,7,252370
9744,0.001255,172.217.27.0-255,5738,74652,7,252370
9745,0.001257,172.31.36.0-255,66,74718,7,252370
9746,0.001263,172.217.27.0-255,2902,77620,7,252370
9747,0.001265,172.31.36.0-255,66,77686,7,252370
9748,0.001289,172.217.27.0-255,4320,82006,7,252370
9749,0.001292,172.31.36.0-255,66,82072,7,252370
9750,0.001295,172.217.27.0-255,287,82359,7,252370
9751,0.002928,172.217.27.0-255,4320,86679,7,252370
9752,0.002938,172.31.36.0-255,66,86745,7,252370
9753,0.004565,172.217.27.0-255,4320,91065,7,252370
9754,0.004569,172.31.36.0-255,66,91131,7,252370
9755,0.004586,172.217.27.0-255,1484,92615,7,252370
9756,0.006224,172.217.27.0-255,4320,96935,7,252370
9757,0.006231,172.31.36.0-255,66,97001,7,252370
9758,0.007875,172.217.27.0-255,5738,102739,7,252370
9759,0.007884,172.31.36.0-255,66,102805,7,252370
9760,0.009531,172.217.27.0-255,5738,108543,7,252370
9761,0.00954,172.31.36.0-255,66,108609,7,252370
9762,0.011188,172.217.27.0-255,5738,114347,7,252370
9763,0.011197,172.31.36.0-255,66,114413,7,252370
9764,0.012838,172.217.27.0-255,5738,120151,7,252370
9765,0.012848,172.31.36.0-255,66,120217,7,252370
9766,0.014496,172.217.27.0-255,5738,125955,7,252370
9767,0.014507,172.31.36.0-255,66,126021,7,252370
9768,0.016194,172.217.27.0-255,5738,131759,7,252370
9769,0.016205,172.31.36.0-255,66,131825,7,252370
9770,0.017885,172.217.27.0-255,5738,137563,7,252370
9771,0.017897,172.31.36.0-255,66,137629,7,252370
9772,0.019544,172.217.27.0-255,5738,143367,7,252370
9773,0.019555,172.31.36.0-255,66,143433,7,252370
9774,0.021188,172.217.27.0-255,5738,149171,7,252370
9775,0.021197,172.31.36.0-255,66,149237,7,252370
9776,0.022847,172.217.27.0-255,5738,154975,7,252370
9777,0.022855,172.31.36.0-255,66,155041,7,252370
9778,0.0245,172.217.27.0-255,5738,160779,7,252370
9779,0.024509,172.31.36.0-255,66,160845,7,252370
9780,0.026163,172.217.27.0-255,5738,166583,7,252370
9781,0.026171,172.31.36.0-255,66,166649,7,252370
9782,0.0278,172.217.27.0-255,5738,172387,7,252370
9783,0.027807,172.31.36.0-255,66,172453,7,252370
9784,0.029236,172.31.36.0-255,172,172625,7,252370
9785,0.029278,172.31.36.0-255,1114,173739,7,252370
9786,0.029345,172.31.36.0-255,1514,175253,7,252370
9787,0.029347,172.31.36.0-255,1293,176546,7,252370
9788,0.029435,172.217.27.0-255,5738,182284,7,252370
9789,0.02944,172.31.36.0-255,66,182350,7,252370
9790,0.030783,104.244.42.0-255,66,182416,7,252370
9791,0.030812,104.244.42.0-255,66,182482,7,252370
9792,0.030935,104.244.42.0-255,66,182548,7,252370
9793,0.031098,172.217.27.0-255,5738,188286,7,252370
9794,0.031104,172.31.36.0-255,66,188352,7,252370
9795,0.032782,172.217.27.0-255,5738,194090,7,252370
9796,0.032789,172.31.36.0-255,66,194156,7,252370
9797,0.034428,172.217.27.0-255,5738,199894,7,252370
9798,0.034435,172.31.36.0-255,66,199960,7,252370
9799,0.036079,172.217.27.0-255,5738,205698,7,252370
9800,0.036085,172.31.36.0-255,66,205764,7,252370
9801,0.037729,172.217.27.0-255,5738,211502,7,252370
9802,0.037736,172.31.36.0-255,66,211568,7,252370
9803,0.037792,104.244.42.0-255,108,211676,7,252370
9804,0.037795,172.31.36.0-255,66,211742,7,252370
9805,0.039386,172.217.27.0-255,5738,217480,7,252370
9806,0.039395,172.31.36.0-255,66,217546,7,252370
9807,0.041038,172.217.27.0-255,5738,223284,7,252370
9808,0.041049,172.31.36.0-255,66,223350,7,252370
9809,0.042701,172.217.27.0-255,5738,229088,7,252370
9810,0.042707,172.31.36.0-255,66,229154,7,252370
9811,0.044341,172.217.27.0-255,5738,234892,7,252370
9812,0.044347,172.31.36.0-255,66,234958,7,252370
9813,0.045991,172.217.27.0-255,5738,240696,7,252370
9814,0.046006,172.31.36.0-255,66,240762,7,252370
9815,0.047658,172.217.27.0-255,5738,246500,7,252370
9816,0.047675,172.31.36.0-255,66,246566,7,252370
9817,0.049323,172.217.27.0-255,5738,252304,7,252370
9818,0.049338,172.31.36.0-255,66,252370,7,252370
9819,0.0,74.125.24.0-255,153,153,7,260476
9820,2.1e-05,172.31.36.0-255,66,219,7,260476
9821,5.4e-05,74.125.24.0-255,1484,1703,7,260476
9822,5.8e-05,172.31.36.0-255,66,1769,7,260476
9823,6.3e-05,74.125.24.0-255,2902,4671,7,260476
9824,6.5e-05,172.31.36.0-255,66,4737,7,260476
9825,6.8e-05,74.125.24.0-255,1484,6221,7,260476
9826,7e-05,172.31.36.0-255,66,6287,7,260476
9827,9.7e-05,74.125.24.0-255,4320,10607,7,260476
9828,0.0001,172.31.36.0-255,66,10673,7,260476
9829,0.000105,74.125.24.0-255,3496,14169,7,260476
9830,0.000108,172.31.36.0-255,66,14235,7,260476
9831,0.0006,74.125.24.0-255,1484,15719,7,260476
9832,0.000606,172.31.36.0-255,66,15785,7,260476
9833,0.000616,74.125.24.0-255,2902,18687,7,260476
9834,0.000619,172.31.36.0-255,66,18753,7,260476
9835,0.000625,74.125.24.0-255,5738,24491,7,260476
9836,0.000627,172.31.36.0-255,66,24557,7,260476
9837,0.00067,74.125.24.0-255,7156,31713,7,260476
9838,0.000674,172.31.36.0-255,66,31779,7,260476
9839,0.000693,74.125.24.0-255,3961,35740,7,260476
9840,0.000696,172.31.36.0-255,66,35806,7,260476
9841,0.00071,172.31.36.0-255,66,35872,7,260476
9842,0.000712,74.125.24.0-255,1125,36997,7,260476
9843,0.000714,172.31.36.0-255,66,37063,7,260476
9844,0.000739,74.125.24.0-255,1484,38547,7,260476
9845,0.000743,172.31.36.0-255,66,38613,7,260476
9846,0.000763,74.125.24.0-255,4320,42933,7,260476
9847,0.000767,172.31.36.0-255,66,42999,7,260476
9848,0.000772,74.125.24.0-255,4320,47319,7,260476
9849,0.000774,172.31.36.0-255,66,47385,7,260476
9850,0.00078,74.125.24.0-255,4320,51705,7,260476
9851,0.000792,74.125.24.0-255,1484,53189,7,260476
9852,0.000806,74.125.24.0-255,1397,54586,7,260476
9853,0.000914,74.125.24.0-255,383,54969,7,260476
9854,0.001042,74.125.24.0-255,1484,56453,7,260476
9855,0.001057,74.125.24.0-255,2902,59355,7,260476
9856,0.001084,74.125.24.0-255,4320,63675,7,260476
9857,0.001133,74.125.24.0-255,5738,69413,7,260476
9858,0.001145,74.125.24.0-255,2543,71956,7,260476
9859,0.00117,74.125.24.0-255,4320,76276,7,260476
9860,0.001188,74.125.24.0-255,2902,79178,7,260476
9861,0.001202,74.125.24.0-255,4320,83498,7,260476
9862,0.001218,74.125.24.0-255,4320,87818,7,260476
9863,0.001221,74.125.24.0-255,1125,88943,7,260476
9864,0.001563,74.125.24.0-255,1484,90427,7,260476
9865,0.001579,74.125.24.0-255,2902,93329,7,260476
9866,0.001615,74.125.24.0-255,5738,99067,7,260476
9867,0.001622,74.125.24.0-255,5738,104805,7,260476
9868,0.001641,74.125.24.0-255,7156,111961,7,260476
9869,0.001646,74.125.24.0-255,5738,117699,7,260476
9870,0.001647,172.31.36.0-255,66,117765,7,260476
9871,0.001655,172.31.36.0-255,66,117831,7,260476
9872,0.001699,74.125.24.0-255,5020,122851,7,260476
9873,0.00171,172.31.36.0-255,66,122917,7,260476
9874,0.001721,74.125.24.0-255,4320,127237,7,260476
9875,0.001727,172.31.36.0-255,66,127303,7,260476
9876,0.001746,74.125.24.0-255,1484,128787,7,260476
9877,0.001751,74.125.24.0-255,4320,133107,7,260476
9878,0.001766,172.31.36.0-255,66,133173,7,260476
9879,0.00178,74.125.24.0-255,2902,136075,7,260476
9880,0.001783,74.125.24.0-255,1484,137559,7,260476
9881,0.001795,172.31.36.0-255,66,137625,7,260476
9882,0.001833,172.31.36.0-255,66,137691,7,260476
9883,0.001864,74.125.24.0-255,1484,139175,7,260476
9884,0.001876,74.125.24.0-255,2902,142077,7,260476
9885,0.001894,172.31.36.0-255,66,142143,7,260476
9886,0.001896,74.125.24.0-255,4320,146463,7,260476
9887,0.001899,172.31.36.0-255,66,146529,7,260476
9888,0.001913,74.125.24.0-255,1484,148013,7,260476
9889,0.001949,74.125.24.0-255,5738,153751,7,260476
9890,0.001952,172.31.36.0-255,66,153817,7,260476
9891,0.001958,172.31.36.0-255,66,153883,7,260476
9892,0.001987,74.125.24.0-255,4320,158203,7,260476
9893,0.001999,172.31.36.0-255,66,158269,7,260476
9894,0.002003,74.125.24.0-255,766,159035,7,260476
9895,0.002035,74.125.24.0-255,1484,160519,7,260476
9896,0.002042,172.31.36.0-255,66,160585,7,260476
9897,0.00206,74.125.24.0-255,2902,163487,7,260476
9898,0.002067,74.125.24.0-255,5738,169225,7,260476
9899,0.002072,172.31.36.0-255,66,169291,7,260476
9900,0.002123,172.31.36.0-255,66,169357,7,260476
9901,0.002141,74.125.24.0-255,1484,170841,7,260476
9902,0.002173,172.31.36.0-255,66,170907,7,260476
9903,0.00222,74.125.24.0-255,1484,172391,7,260476
9904,0.002239,74.125.24.0-255,2902,175293,7,260476
9905,0.002251,172.31.36.0-255,66,175359,7,260476
9906,0.002262,74.125.24.0-255,5738,181097,7,260476
9907,0.002267,172.31.36.0-255,66,181163,7,260476
9908,0.002278,74.125.24.0-255,1484,182647,7,260476
9909,0.002324,74.125.24.0-255,5738,188385,7,260476
9910,0.00233,172.31.36.0-255,66,188451,7,260476
9911,0.00235,74.125.24.0-255,5020,193471,7,260476
9912,0.002357,172.31.36.0-255,66,193537,7,260476
9913,0.002401,74.125.24.0-255,1484,195021,7,260476
9914,0.00242,74.125.24.0-255,2902,197923,7,260476
9915,0.002426,74.125.24.0-255,5738,203661,7,260476
9916,0.002427,172.31.36.0-255,66,203727,7,260476
9917,0.002432,172.31.36.0-255,66,203793,7,260476
9918,0.002471,172.31.36.0-255,66,203859,7,260476
9919,0.002519,172.31.36.0-255,66,203925,7,260476
9920,0.002533,74.125.24.0-255,2184,206109,7,260476
9921,0.002537,172.31.36.0-255,66,206175,7,260476
9922,0.00259,74.125.24.0-255,1484,207659,7,260476
9923,0.002595,74.125.24.0-255,2902,210561,7,260476
9924,0.002606,172.31.36.0-255,66,210627,7,260476
9925,0.002607,74.125.24.0-255,1484,212111,7,260476
9926,0.002623,74.125.24.0-255,4320,216431,7,260476
9927,0.00263,172.31.36.0-255,66,216497,7,260476
9928,0.002682,74.125.24.0-255,1484,217981,7,260476
9929,0.002684,172.31.36.0-255,66,218047,7,260476
9930,0.002685,74.125.24.0-255,1484,219531,7,260476
9931,0.00269,172.31.36.0-255,66,219597,7,260476
9932,0.002695,74.125.24.0-255,1484,221081,7,260476
9933,0.002698,74.125.24.0-255,1484,222565,7,260476
9934,0.002705,172.31.36.0-255,66,222631,7,260476
9935,0.002721,74.125.24.0-255,1484,224115,7,260476
9936,0.002727,74.125.24.0-255,4320,228435,7,260476
9937,0.002741,172.31.36.0-255,66,228501,7,260476
9938,0.002764,172.31.36.0-255,66,228567,7,260476
9939,0.002766,74.125.24.0-255,4320,232887,7,260476
9940,0.002771,172.31.36.0-255,66,232953,7,260476
9941,0.00281,74.125.24.0-255,5738,238691,7,260476
9942,0.002823,172.31.36.0-255,66,238757,7,260476
9943,0.002836,74.125.24.0-255,4320,243077,7,260476
9944,0.002839,172.31.36.0-255,66,243143,7,260476
9945,0.002843,172.31.36.0-255,66,243209,7,260476
9946,0.002863,74.125.24.0-255,5738,248947,7,260476
9947,0.002876,172.31.36.0-255,66,249013,7,260476
9948,0.002893,172.31.36.0-255,66,249079,7,260476
9949,0.002932,74.125.24.0-255,6523,255602,7,260476
9950,0.002936,172.31.36.0-255,66,255668,7,260476
9951,0.002947,74.125.24.0-255,105,255773,7,260476
9952,0.005018,172.31.36.0-255,66,255839,7,260476
9953,0.005045,172.31.36.0-255,105,255944,7,260476
9954,0.007625,74.125.24.0-255,66,256010,7,260476
9955,0.026366,172.31.36.0-255,172,256182,7,260476
9956,0.0264,172.31.36.0-255,1115,257297,7,260476
9957,0.026437,172.31.36.0-255,1514,258811,7,260476
9958,0.026438,172.31.36.0-255,1293,260104,7,260476
9959,0.027888,104.244.42.0-255,66,260170,7,260476
9960,0.027944,104.244.42.0-255,66,260236,7,260476
9961,0.027946,104.244.42.0-255,66,260302,7,260476
9962,0.028607,104.244.42.0-255,108,260410,7,260476
9963,0.028612,172.31.36.0-255,66,260476,7,260476
9964,0.0,172.217.194.0-255,297,297,7,175679
9965,3.5e-05,172.31.36.0-255,66,363,7,175679
9966,4.2e-05,172.217.194.0-255,1484,1847,7,175679
9967,4.7e-05,172.31.36.0-255,66,1913,7,175679
9968,5.3e-05,172.217.194.0-255,4320,6233,7,175679
9969,5.5e-05,172.31.36.0-255,66,6299,7,175679
9970,6.6e-05,172.31.36.0-255,66,6365,7,175679
9971,0.00011,172.31.36.0-255,66,6431,7,175679
9972,0.000157,172.31.36.0-255,66,6497,7,175679
9973,0.000186,172.31.36.0-255,66,6563,7,175679
9974,0.000204,172.217.194.0-255,7156,13719,7,175679
9975,0.000207,172.31.36.0-255,66,13785,7,175679
9976,0.000242,172.217.194.0-255,1484,15269,7,175679
9977,0.000245,172.31.36.0-255,66,15335,7,175679
9978,0.000266,172.217.194.0-255,6797,22132,7,175679
9979,0.000269,172.31.36.0-255,66,22198,7,175679
9980,0.000279,172.31.36.0-255,66,22264,7,175679
9981,0.000291,172.217.194.0-255,1402,23666,7,175679
9982,0.000294,172.31.36.0-255,66,23732,7,175679
9983,0.000334,172.217.194.0-255,118,23850,7,175679
9984,0.000338,172.31.36.0-255,66,23916,7,175679
9985,0.000368,172.217.194.0-255,379,24295,7,175679
9986,0.000373,172.31.36.0-255,66,24361,7,175679
9987,0.000568,172.217.194.0-255,1484,25845,7,175679
9988,0.000572,172.31.36.0-255,66,25911,7,175679
9989,0.000577,172.217.194.0-255,2902,28813,7,175679
9990,0.00058,172.31.36.0-255,66,28879,7,175679
9991,0.000585,172.217.194.0-255,4320,33199,7,175679
9992,0.000588,172.31.36.0-255,66,33265,7,175679
9993,0.000605,172.217.194.0-255,1484,34749,7,175679
9994,0.000617,172.31.36.0-255,66,34815,7,175679
9995,0.000661,172.217.194.0-255,7156,41971,7,175679
9996,0.000664,172.31.36.0-255,66,42037,7,175679
9997,0.000688,172.31.36.0-255,66,42103,7,175679
9998,0.00077,172.217.194.0-255,1484,43587,7,175679
9999,0.000775,172.217.194.0-255,2902,46489,7,175679
10000,0.000778,172.31.36.0-255,66,46555,7,175679
10001,0.000783,172.217.194.0-255,1484,48039,7,175679
10002,0.000801,172.217.194.0-255,4320,52359,7,175679
10003,0.000804,172.31.36.0-255,66,52425,7,175679
10004,0.000817,172.31.36.0-255,66,52491,7,175679
10005,0.000861,172.217.194.0-255,5738,58229,7,175679
10006,0.000865,172.31.36.0-255,66,58295,7,175679
10007,0.000891,172.31.36.0-255,66,58361,7,175679
10008,0.00099,172.217.194.0-255,1484,59845,7,175679
10009,0.000994,172.217.194.0-255,1484,61329,7,175679
10010,0.000998,172.31.36.0-255,66,61395,7,175679
10011,0.001019,172.217.194.0-255,1484,62879,7,175679
10012,0.001026,172.217.194.0-255,5738,68617,7,175679
10013,0.001029,172.31.36.0-255,66,68683,7,175679
10014,0.001043,172.217.194.0-255,4320,73003,7,175679
10015,0.001047,172.31.36.0-255,66,73069,7,175679
10016,0.001077,172.31.36.0-255,66,73135,7,175679
10017,0.001088,172.31.36.0-255,66,73201,7,175679
10018,0.001162,172.31.36.0-255,66,73267,7,175679
10019,0.001178,172.31.36.0-255,66,73333,7,175679
10020,0.001181,172.217.194.0-255,766,74099,7,175679
10021,0.001203,172.217.194.0-255,2902,77001,7,175679
10022,0.001206,172.31.36.0-255,66,77067,7,175679
10023,0.001227,172.217.194.0-255,7156,84223,7,175679
10024,0.00123,172.31.36.0-255,66,84289,7,175679
10025,0.001237,172.217.194.0-255,4320,88609,7,175679
10026,0.001239,172.31.36.0-255,66,88675,7,175679
10027,0.001257,172.217.194.0-255,7156,95831,7,175679
10028,0.00126,172.31.36.0-255,66,95897,7,175679
10029,0.001266,172.217.194.0-255,4320,100217,7,175679
10030,0.001269,172.31.36.0-255,66,100283,7,175679
10031,0.001304,172.31.36.0-255,66,100349,7,175679
10032,0.001316,172.31.36.0-255,66,100415,7,175679
10033,0.001331,172.217.194.0-255,2902,103317,7,175679
10034,0.001334,172.31.36.0-255,66,103383,7,175679
10035,0.001352,172.31.36.0-255,66,103449,7,175679
10036,0.001369,172.217.194.0-255,4320,107769,7,175679
10037,0.001372,172.31.36.0-255,66,107835,7,175679
10038,0.001387,172.217.194.0-255,6438,114273,7,175679
10039,0.00139,172.31.36.0-255,66,114339,7,175679
10040,0.001796,172.217.194.0-255,1484,115823,7,175679
10041,0.001802,172.217.194.0-255,2902,118725,7,175679
10042,0.001807,172.31.36.0-255,66,118791,7,175679
10043,0.001831,172.217.194.0-255,5738,124529,7,175679
10044,0.001834,172.31.36.0-255,66,124595,7,175679
10045,0.001842,172.217.194.0-255,7156,131751,7,175679
10046,0.001844,172.31.36.0-255,66,131817,7,175679
10047,0.001878,172.31.36.0-255,66,131883,7,175679
10048,0.001882,172.217.194.0-255,2184,134067,7,175679
10049,0.001884,172.31.36.0-255,66,134133,7,175679
10050,0.001935,172.217.194.0-255,1484,135617,7,175679
10051,0.001956,172.217.194.0-255,2902,138519,7,175679
10052,0.001961,172.31.36.0-255,66,138585,7,175679
10053,0.001979,172.217.194.0-255,5738,144323,7,175679
10054,0.001982,172.31.36.0-255,66,144389,7,175679
10055,0.001989,172.217.194.0-255,5738,150127,7,175679
10056,0.001991,172.31.36.0-255,66,150193,7,175679
10057,0.001998,172.217.194.0-255,5738,155931,7,175679
10058,0.002,172.31.36.0-255,66,155997,7,175679
10059,0.002021,172.217.194.0-255,7156,163153,7,175679
10060,0.002024,172.31.36.0-255,66,163219,7,175679
10061,0.002045,172.217.194.0-255,7156,170375,7,175679
10062,0.002048,172.31.36.0-255,66,170441,7,175679
10063,0.002077,172.31.36.0-255,66,170507,7,175679
10064,0.002098,172.31.36.0-255,66,170573,7,175679
10065,0.002113,172.31.36.0-255,66,170639,7,175679
10066,0.002197,172.31.36.0-255,66,170705,7,175679
10067,0.002199,172.217.194.0-255,340,171045,7,175679
10068,0.002215,172.217.194.0-255,105,171150,7,175679
10069,0.003602,172.31.36.0-255,66,171216,7,175679
10070,0.003631,172.31.36.0-255,105,171321,7,175679
10071,0.00597,172.217.194.0-255,66,171387,7,175679
10072,0.028594,172.31.36.0-255,172,171559,7,175679
10073,0.028648,172.31.36.0-255,1114,172673,7,175679
10074,0.028682,172.31.36.0-255,1514,174187,7,175679
10075,0.028684,172.31.36.0-255,1294,175481,7,175679
10076,0.030106,104.244.42.0-255,66,175547,7,175679
10077,0.030196,104.244.42.0-255,66,175613,7,175679
10078,0.030243,104.244.42.0-255,66,175679,7,175679
10079,0.0,74.125.24.0-255,153,153,7,332255
10080,2.9e-05,172.31.36.0-255,66,219,7,332255
10081,3.6e-05,74.125.24.0-255,1484,1703,7,332255
10082,4e-05,172.31.36.0-255,66,1769,7,332255
10083,4.5e-05,74.125.24.0-255,2902,4671,7,332255
10084,5.5e-05,172.31.36.0-255,66,4737,7,332255
10085,6.2e-05,74.125.24.0-255,7156,11893,7,332255
10086,6.4e-05,172.31.36.0-255,66,11959,7,332255
10087,6.8e-05,74.125.24.0-255,1484,13443,7,332255
10088,6.9e-05,172.31.36.0-255,66,13509,7,332255
10089,9.3e-05,74.125.24.0-255,674,14183,7,332255
10090,9.6e-05,172.31.36.0-255,66,14249,7,332255
10091,0.000127,74.125.24.0-255,1484,15733,7,332255
10092,0.000131,172.31.36.0-255,66,15799,7,332255
10093,0.000136,74.125.24.0-255,2902,18701,7,332255
10094,0.000138,172.31.36.0-255,66,18767,7,332255
10095,0.000172,74.125.24.0-255,5738,24505,7,332255
10096,0.000174,172.31.36.0-255,66,24571,7,332255
10097,0.000212,74.125.24.0-255,6797,31368,7,332255
10098,0.000215,172.31.36.0-255,66,31434,7,332255
10099,0.000222,74.125.24.0-255,7156,38590,7,332255
10100,0.000224,172.31.36.0-255,66,38656,7,332255
10101,0.000227,74.125.24.0-255,1484,40140,7,332255
10102,0.000234,172.31.36.0-255,66,40206,7,332255
10103,0.000276,172.31.36.0-255,66,40272,7,332255
10104,0.00041,74.125.24.0-255,1484,41756,7,332255
10105,0.000414,172.31.36.0-255,66,41822,7,332255
10106,0.000419,74.125.24.0-255,2902,44724,7,332255
10107,0.000422,172.31.36.0-255,66,44790,7,332255
10108,0.000453,74.125.24.0-255,2902,47692,7,332255
10109,0.000457,172.31.36.0-255,66,47758,7,332255
10110,0.000462,74.125.24.0-255,4320,52078,7,332255
10111,0.000474,172.31.36.0-255,66,52144,7,332255
10112,0.000521,74.125.24.0-255,5960,58104,7,332255
10113,0.000534,172.31.36.0-255,66,58170,7,332255
10114,0.000535,74.125.24.0-255,4320,62490,7,332255
10115,0.00054,172.31.36.0-255,66,62556,7,332255
10116,0.000566,74.125.24.0-255,5738,68294,7,332255
10117,0.000576,172.31.36.0-255,66,68360,7,332255
10118,0.000625,74.125.24.0-255,5738,74098,7,332255
10119,0.000627,172.31.36.0-255,66,74164,7,332255
10120,0.000637,172.31.36.0-255,66,74230,7,332255
10121,0.000665,74.125.24.0-255,5738,79968,7,332255
10122,0.000669,74.125.24.0-255,2184,82152,7,332255
10123,0.000672,172.31.36.0-255,66,82218,7,332255
10124,0.000677,172.31.36.0-255,66,82284,7,332255
10125,0.000883,74.125.24.0-255,1484,83768,7,332255
10126,0.000902,74.125.24.0-255,2902,86670,7,332255
10127,0.000906,172.31.36.0-255,66,86736,7,332255
10128,0.000912,74.125.24.0-255,2902,89638,7,332255
10129,0.000916,172.31.36.0-255,66,89704,7,332255
10130,0.000943,74.125.24.0-255,2902,92606,7,332255
10131,0.00095,172.31.36.0-255,66,92672,7,332255
10132,0.000987,74.125.24.0-255,7156,99828,7,332255
10133,0.00099,172.31.36.0-255,66,99894,7,332255
10134,0.001023,74.125.24.0-255,5738,105632,7,332255
10135,0.001034,172.31.36.0-255,66,105698,7,332255
10136,0.001039,172.31.36.0-255,66,105764,7,332255
10137,0.00106,74.125.24.0-255,1484,107248,7,332255
10138,0.001064,74.125.24.0-255,2902,110150,7,332255
10139,0.001084,172.31.36.0-255,66,110216,7,332255
10140,0.00109,74.125.24.0-255,5738,115954,7,332255
10141,0.001096,74.125.24.0-255,5738,121692,7,332255
10142,0.001099,172.31.36.0-255,66,121758,7,332255
10143,0.001112,172.31.36.0-255,66,121824,7,332255
10144,0.001133,74.125.24.0-255,7156,128980,7,332255
10145,0.001138,172.31.36.0-255,66,129046,7,332255
10146,0.001139,74.125.24.0-255,4320,133366,7,332255
10147,0.001143,172.31.36.0-255,66,133432,7,332255
10148,0.001153,74.125.24.0-255,5738,139170,7,332255
10149,0.001157,172.31.36.0-255,66,139236,7,332255
10150,0.001189,74.125.24.0-255,766,140002,7,332255
10151,0.001349,74.125.24.0-255,1484,141486,7,332255
10152,0.001353,172.31.36.0-255,66,141552,7,332255
10153,0.001359,74.125.24.0-255,2902,144454,7,332255
10154,0.001361,74.125.24.0-255,1484,145938,7,332255
10155,0.001362,172.31.36.0-255,66,146004,7,332255
10156,0.001395,74.125.24.0-255,4320,150324,7,332255
10157,0.001411,172.31.36.0-255,66,150390,7,332255
10158,0.001415,172.31.36.0-255,66,150456,7,332255
10159,0.001429,172.31.36.0-255,66,150522,7,332255
10160,0.00145,74.125.24.0-255,766,151288,7,332255
10161,0.001475,74.125.24.0-255,1484,152772,7,332255
10162,0.001483,172.31.36.0-255,66,152838,7,332255
10163,0.001489,74.125.24.0-255,2902,155740,7,332255
10164,0.001503,172.31.36.0-255,66,155806,7,332255
10165,0.00151,74.125.24.0-255,1484,157290,7,332255
10166,0.001522,74.125.24.0-255,5738,163028,7,332255
10167,0.001529,74.125.24.0-255,7156,170184,7,332255
10168,0.00153,172.31.36.0-255,66,170250,7,332255
10169,0.001537,172.31.36.0-255,66,170316,7,332255
10170,0.00155,74.125.24.0-255,4320,174636,7,332255
10171,0.001556,172.31.36.0-255,66,174702,7,332255
10172,0.001567,74.125.24.0-255,4320,179022,7,332255
10173,0.00157,172.31.36.0-255,66,179088,7,332255
10174,0.001606,74.125.24.0-255,6438,185526,7,332255
10175,0.001614,172.31.36.0-255,66,185592,7,332255
10176,0.001872,74.125.24.0-255,1484,187076,7,332255
10177,0.001893,74.125.24.0-255,2902,189978,7,332255
10178,0.001897,172.31.36.0-255,66,190044,7,332255
10179,0.001903,74.125.24.0-255,2902,192946,7,332255
10180,0.001907,172.31.36.0-255,66,193012,7,332255
10181,0.001938,74.125.24.0-255,2902,195914,7,332255
10182,0.00195,74.125.24.0-255,5738,201652,7,332255
10183,0.00195,172.31.36.0-255,66,201718,7,332255
10184,0.001954,74.125.24.0-255,2902,204620,7,332255
10185,0.001955,172.31.36.0-255,66,204686,7,332255
10186,0.001971,172.31.36.0-255,66,204752,7,332255
10187,0.001998,74.125.24.0-255,5020,209772,7,332255
10188,0.002013,172.31.36.0-255,66,209838,7,332255
10189,0.002071,172.31.36.0-255,101,209939,7,332255
10190,0.004038,74.125.24.0-255,5738,215677,7,332255
10191,0.004044,172.31.36.0-255,66,215743,7,332255
10192,0.004047,74.125.24.0-255,66,215809,7,332255
10193,0.00606,74.125.24.0-255,5738,221547,7,332255
10194,0.007808,172.31.36.0-255,66,221613,7,332255
10195,0.009833,74.125.24.0-255,5738,227351,7,332255
10196,0.00984,172.31.36.0-255,66,227417,7,332255
10197,0.011883,74.125.24.0-255,5738,233155,7,332255
10198,0.013233,172.31.36.0-255,66,233221,7,332255
10199,0.015284,74.125.24.0-255,5738,238959,7,332255
10200,0.015297,172.31.36.0-255,66,239025,7,332255
10201,0.01731,74.125.24.0-255,5738,244763,7,332255
10202,0.017318,172.31.36.0-255,66,244829,7,332255
10203,0.01935,74.125.24.0-255,5738,250567,7,332255
10204,0.019357,172.31.36.0-255,66,250633,7,332255
10205,0.021438,74.125.24.0-255,5738,256371,7,332255
10206,0.021444,172.31.36.0-255,66,256437,7,332255
10207,0.02349,74.125.24.0-255,5738,262175,7,332255
10208,0.023497,172.31.36.0-255,66,262241,7,332255
10209,0.025511,74.125.24.0-255,5738,267979,7,332255
10210,0.025519,172.31.36.0-255,66,268045,7,332255
10211,0.027574,74.125.24.0-255,5738,273783,7,332255
10212,0.027581,172.31.36.0-255,66,273849,7,332255
10213,0.028622,172.31.36.0-255,172,274021,7,332255
10214,0.028655,172.31.36.0-255,1115,275136,7,332255
10215,0.028695,172.31.36.0-255,1514,276650,7,332255
10216,0.028696,172.31.36.0-255,1291,277941,7,332255
10217,0.029601,74.125.24.0-255,4320,282261,7,332255
10218,0.029608,172.31.36.0-255,66,282327,7,332255
10219,0.029643,74.125.24.0-255,1484,283811,7,332255
10220,0.030236,104.244.42.0-255,66,283877,7,332255
10221,0.030243,104.244.42.0-255,66,283943,7,332255
10222,0.030267,104.244.42.0-255,66,284009,7,332255
10223,0.031611,74.125.24.0-255,4320,288329,7,332255
10224,0.031616,172.31.36.0-255,66,288395,7,332255
10225,0.033675,74.125.24.0-255,5738,294133,7,332255
10226,0.033729,172.31.36.0-255,66,294199,7,332255
10227,0.035753,74.125.24.0-255,5738,299937,7,332255
10228,0.035758,172.31.36.0-255,66,300003,7,332255
10229,0.037784,74.125.24.0-255,4320,304323,7,332255
10230,0.037789,172.31.36.0-255,66,304389,7,332255
10231,0.037821,74.125.24.0-255,1484,305873,7,332255
10232,0.039842,74.125.24.0-255,4320,310193,7,332255
10233,0.039847,172.31.36.0-255,66,310259,7,332255
10234,0.041871,74.125.24.0-255,4320,314579,7,332255
10235,0.041877,172.31.36.0-255,66,314645,7,332255
10236,0.041906,74.125.24.0-255,1484,316129,7,332255
10237,0.043884,74.125.24.0-255,4320,320449,7,332255
10238,0.04389,172.31.36.0-255,66,320515,7,332255
10239,0.045974,74.125.24.0-255,5738,326253,7,332255
10240,0.04603,172.31.36.0-255,66,326319,7,332255
10241,0.048021,74.125.24.0-255,2902,329221,7,332255
10242,0.048027,172.31.36.0-255,66,329287,7,332255
10243,0.04806,74.125.24.0-255,2902,332189,7,332255
10244,0.048077,172.31.36.0-255,66,332255,7,332255
10245,0.0,74.125.24.0-255,153,153,7,244587
10246,1.7e-05,172.31.36.0-255,66,219,7,244587
10247,2.4e-05,74.125.24.0-255,1484,1703,7,244587
10248,2.8e-05,172.31.36.0-255,66,1769,7,244587
10249,3.4e-05,74.125.24.0-255,2902,4671,7,244587
10250,3.7e-05,172.31.36.0-255,66,4737,7,244587
10251,5.3e-05,74.125.24.0-255,7156,11893,7,244587
10252,5.7e-05,172.31.36.0-255,66,11959,7,244587
10253,9.4e-05,172.31.36.0-255,66,12025,7,244587
10254,0.000123,74.125.24.0-255,4892,16917,7,244587
10255,0.000126,172.31.36.0-255,66,16983,7,244587
10256,0.000131,74.125.24.0-255,2543,19526,7,244587
10257,0.000134,172.31.36.0-255,66,19592,7,244587
10258,0.000169,74.125.24.0-255,1484,21076,7,244587
10259,0.000172,172.31.36.0-255,66,21142,7,244587
10260,0.000178,74.125.24.0-255,2902,24044,7,244587
10261,0.000181,172.31.36.0-255,66,24110,7,244587
10262,0.000192,74.125.24.0-255,5738,29848,7,244587
10263,0.000195,172.31.36.0-255,66,29914,7,244587
10264,0.0002,74.125.24.0-255,4320,34234,7,244587
10265,0.000202,172.31.36.0-255,66,34300,7,244587
10266,0.000216,172.31.36.0-255,66,34366,7,244587
10267,0.000222,74.125.24.0-255,4320,38686,7,244587
10268,0.000225,172.31.36.0-255,66,38752,7,244587
10269,0.00025,74.125.24.0-255,2812,41564,7,244587
10270,0.000257,172.31.36.0-255,66,41630,7,244587
10271,0.000386,74.125.24.0-255,135,41765,7,244587
10272,0.000391,172.31.36.0-255,66,41831,7,244587
10273,0.000994,74.125.24.0-255,348,42179,7,244587
10274,0.001,172.31.36.0-255,66,42245,7,244587
10275,0.001142,74.125.24.0-255,1484,43729,7,244587
10276,0.001151,74.125.24.0-255,2902,46631,7,244587
10277,0.001156,172.31.36.0-255,66,46697,7,244587
10278,0.001163,74.125.24.0-255,4320,51017,7,244587
10279,0.001165,172.31.36.0-255,66,51083,7,244587
10280,0.001188,74.125.24.0-255,1484,52567,7,244587
10281,0.001205,172.31.36.0-255,66,52633,7,244587
10282,0.001246,74.125.24.0-255,7156,59789,7,244587
10283,0.001248,172.31.36.0-255,66,59855,7,244587
10284,0.001276,74.125.24.0-255,5020,64875,7,244587
10285,0.001278,172.31.36.0-255,66,64941,7,244587
10286,0.001443,74.125.24.0-255,1484,66425,7,244587
10287,0.001458,74.125.24.0-255,2902,69327,7,244587
10288,0.001462,172.31.36.0-255,66,69393,7,244587
10289,0.001493,74.125.24.0-255,5738,75131,7,244587
10290,0.001496,172.31.36.0-255,66,75197,7,244587
10291,0.001508,172.31.36.0-255,66,75263,7,244587
10292,0.001538,74.125.24.0-255,5738,81001,7,244587
10293,0.00154,172.31.36.0-255,66,81067,7,244587
10294,0.001565,172.31.36.0-255,66,81133,7,244587
10295,0.001715,74.125.24.0-255,1484,82617,7,244587
10296,0.001724,74.125.24.0-255,2902,85519,7,244587
10297,0.001728,172.31.36.0-255,66,85585,7,244587
10298,0.001736,74.125.24.0-255,5738,91323,7,244587
10299,0.001738,172.31.36.0-255,66,91389,7,244587
10300,0.001743,74.125.24.0-255,2902,94291,7,244587
10301,0.001751,172.31.36.0-255,66,94357,7,244587
10302,0.001754,74.125.24.0-255,1484,95841,7,244587
10303,0.001794,172.31.36.0-255,66,95907,7,244587
10304,0.0018,74.125.24.0-255,2902,98809,7,244587
10305,0.001802,172.31.36.0-255,66,98875,7,244587
10306,0.001843,172.31.36.0-255,66,98941,7,244587
10307,0.001857,172.31.36.0-255,66,99007,7,244587
10308,0.001862,74.125.24.0-255,4320,103327,7,244587
10309,0.001864,172.31.36.0-255,66,103393,7,244587
10310,0.001888,74.125.24.0-255,2902,106295,7,244587
10311,0.001891,172.31.36.0-255,66,106361,7,244587
10312,0.00191,172.31.36.0-255,66,106427,7,244587
10313,0.001924,74.125.24.0-255,5020,111447,7,244587
10314,0.001931,172.31.36.0-255,66,111513,7,244587
10315,0.001983,74.125.24.0-255,1484,112997,7,244587
10316,0.002018,74.125.24.0-255,1484,114481,7,244587
10317,0.002021,172.31.36.0-255,66,114547,7,244587
10318,0.002053,74.125.24.0-255,1484,116031,7,244587
10319,0.002061,74.125.24.0-255,5738,121769,7,244587
10320,0.002064,172.31.36.0-255,66,121835,7,244587
10321,0.002083,172.31.36.0-255,66,121901,7,244587
10322,0.002095,172.31.36.0-255,66,121967,7,244587
10323,0.002099,74.125.24.0-255,2184,124151,7,244587
10324,0.0021,172.31.36.0-255,66,124217,7,244587
10325,0.004359,74.125.24.0-255,5738,129955,7,244587
10326,0.004366,172.31.36.0-255,66,130021,7,244587
10327,0.006646,74.125.24.0-255,5738,135759,7,244587
10328,0.00665,172.31.36.0-255,66,135825,7,244587
10329,0.008928,74.125.24.0-255,5738,141563,7,244587
10330,0.008935,172.31.36.0-255,66,141629,7,244587
10331,0.011241,74.125.24.0-255,5738,147367,7,244587
10332,0.01125,172.31.36.0-255,66,147433,7,244587
10333,0.013559,74.125.24.0-255,5738,153171,7,244587
10334,0.013568,172.31.36.0-255,66,153237,7,244587
10335,0.015862,74.125.24.0-255,5738,158975,7,244587
10336,0.015873,172.31.36.0-255,66,159041,7,244587
10337,0.018164,74.125.24.0-255,5738,164779,7,244587
10338,0.018172,172.31.36.0-255,66,164845,7,244587
10339,0.020444,74.125.24.0-255,5738,170583,7,244587
10340,0.020452,172.31.36.0-255,66,170649,7,244587
10341,0.022741,74.125.24.0-255,5738,176387,7,244587
10342,0.022748,172.31.36.0-255,66,176453,7,244587
10343,0.025023,74.125.24.0-255,5738,182191,7,244587
10344,0.02503,172.31.36.0-255,66,182257,7,244587
10345,0.027319,74.125.24.0-255,5738,187995,7,244587
10346,0.027326,172.31.36.0-255,66,188061,7,244587
10347,0.029616,74.125.24.0-255,5738,193799,7,244587
10348,0.029624,172.31.36.0-255,66,193865,7,244587
10349,0.030265,172.31.36.0-255,172,194037,7,244587
10350,0.0303,172.31.36.0-255,1115,195152,7,244587
10351,0.030361,172.31.36.0-255,1514,196666,7,244587
10352,0.030362,172.31.36.0-255,1291,197957,7,244587
10353,0.03181,104.244.42.0-255,66,198023,7,244587
10354,0.031861,104.244.42.0-255,66,198089,7,244587
10355,0.031878,104.244.42.0-255,66,198155,7,244587
10356,0.031905,74.125.24.0-255,5738,203893,7,244587
10357,0.03191,172.31.36.0-255,66,203959,7,244587
10358,0.034203,74.125.24.0-255,5738,209697,7,244587
10359,0.03421,172.31.36.0-255,66,209763,7,244587
10360,0.036469,74.125.24.0-255,5738,215501,7,244587
10361,0.036476,172.31.36.0-255,66,215567,7,244587
10362,0.038749,74.125.24.0-255,5738,221305,7,244587
10363,0.038755,172.31.36.0-255,66,221371,7,244587
10364,0.041069,74.125.24.0-255,5738,227109,7,244587
10365,0.041078,172.31.36.0-255,66,227175,7,244587
10366,0.043364,74.125.24.0-255,5738,232913,7,244587
10367,0.04337,172.31.36.0-255,66,232979,7,244587
10368,0.045671,74.125.24.0-255,5738,238717,7,244587
10369,0.045677,172.31.36.0-255,66,238783,7,244587
10370,0.047947,74.125.24.0-255,5738,244521,7,244587
10371,0.047954,172.31.36.0-255,66,244587,7,244587
10372,0.0,172.217.194.0-255,153,153,7,184289
10373,2.4e-05,172.31.36.0-255,66,219,7,184289
10374,3.1e-05,172.217.194.0-255,1484,1703,7,184289
10375,3.5e-05,172.31.36.0-255,66,1769,7,184289
10376,4.1e-05,172.217.194.0-255,2902,4671,7,184289
10377,5.2e-05,172.31.36.0-255,66,4737,7,184289
10378,6e-05,172.217.194.0-255,7156,11893,7,184289
10379,6.3e-05,172.31.36.0-255,66,11959,7,184289
10380,6.7e-05,172.217.194.0-255,2104,14063,7,184289
10381,7.1e-05,172.31.36.0-255,66,14129,7,184289
10382,0.000123,172.31.36.0-255,66,14195,7,184289
10383,0.000129,172.217.194.0-255,5379,19574,7,184289
10384,0.000132,172.31.36.0-255,66,19640,7,184289
10385,0.000199,172.217.194.0-255,1484,21124,7,184289
10386,0.000202,172.31.36.0-255,66,21190,7,184289
10387,0.000207,172.217.194.0-255,2902,24092,7,184289
10388,0.000209,172.31.36.0-255,66,24158,7,184289
10389,0.00023,172.217.194.0-255,4320,28478,7,184289
10390,0.000236,172.31.36.0-255,66,28544,7,184289
10391,0.000263,172.217.194.0-255,1484,30028,7,184289
10392,0.000265,172.31.36.0-255,66,30094,7,184289
10393,0.000286,172.31.36.0-255,66,30160,7,184289
10394,0.000319,172.31.36.0-255,66,30226,7,184289
10395,0.000955,172.217.194.0-255,381,30607,7,184289
10396,0.000961,172.31.36.0-255,66,30673,7,184289
10397,0.001256,172.217.194.0-255,1484,32157,7,184289
10398,0.001262,172.31.36.0-255,66,32223,7,184289
10399,0.001272,172.217.194.0-255,2902,35125,7,184289
10400,0.001274,172.31.36.0-255,66,35191,7,184289
10401,0.001286,172.217.194.0-255,5738,40929,7,184289
10402,0.001288,172.31.36.0-255,66,40995,7,184289
10403,0.001294,172.217.194.0-255,4320,45315,7,184289
10404,0.001297,172.31.36.0-255,66,45381,7,184289
10405,0.001348,172.31.36.0-255,66,45447,7,184289
10406,0.001366,172.31.36.0-255,66,45513,7,184289
10407,0.001507,172.217.194.0-255,1484,46997,7,184289
10408,0.001515,172.217.194.0-255,2902,49899,7,184289
10409,0.001518,172.31.36.0-255,66,49965,7,184289
10410,0.001541,172.217.194.0-255,5738,55703,7,184289
10411,0.001543,172.31.36.0-255,66,55769,7,184289
10412,0.00155,172.217.194.0-255,5738,61507,7,184289
10413,0.001552,172.31.36.0-255,66,61573,7,184289
10414,0.001591,172.217.194.0-255,7156,68729,7,184289
10415,0.001593,172.31.36.0-255,66,68795,7,184289
10416,0.001605,172.31.36.0-255,66,68861,7,184289
10417,0.001613,172.217.194.0-255,1484,70345,7,184289
10418,0.001643,172.217.194.0-255,2902,73247,7,184289
10419,0.001646,172.31.36.0-255,66,73313,7,184289
10420,0.001653,172.217.194.0-255,5738,79051,7,184289
10421,0.001655,172.31.36.0-255,66,79117,7,184289
10422,0.001695,172.217.194.0-255,4320,83437,7,184289
10423,0.001698,172.31.36.0-255,66,83503,7,184289
10424,0.001735,172.31.36.0-255,66,83569,7,184289
10425,0.001747,172.31.36.0-255,66,83635,7,184289
10426,0.001776,172.31.36.0-255,66,83701,7,184289
10427,0.001789,172.31.36.0-255,66,83767,7,184289
10428,0.001829,172.31.36.0-255,66,83833,7,184289
10429,0.001845,172.31.36.0-255,66,83899,7,184289
10430,0.00191,172.31.36.0-255,66,83965,7,184289
10431,0.00193,172.31.36.0-255,66,84031,7,184289
10432,0.001952,172.31.36.0-255,66,84097,7,184289
10433,0.001984,172.217.194.0-255,3602,87699,7,184289
10434,0.001986,172.31.36.0-255,66,87765,7,184289
10435,0.00206,172.217.194.0-255,1484,89249,7,184289
10436,0.002067,172.217.194.0-255,2902,92151,7,184289
10437,0.00207,172.31.36.0-255,66,92217,7,184289
10438,0.002076,172.217.194.0-255,4320,96537,7,184289
10439,0.002078,172.31.36.0-255,66,96603,7,184289
10440,0.002096,172.217.194.0-255,1484,98087,7,184289
10441,0.002102,172.217.194.0-255,4320,102407,7,184289
10442,0.002105,172.31.36.0-255,66,102473,7,184289
10443,0.002139,172.31.36.0-255,66,102539,7,184289
10444,0.002156,172.31.36.0-255,66,102605,7,184289
10445,0.002183,172.217.194.0-255,1484,104089,7,184289
10446,0.002203,172.217.194.0-255,2902,106991,7,184289
10447,0.002206,172.31.36.0-255,66,107057,7,184289
10448,0.002213,172.217.194.0-255,5738,112795,7,184289
10449,0.002215,172.31.36.0-255,66,112861,7,184289
10450,0.00226,172.31.36.0-255,66,112927,7,184289
10451,0.002304,172.31.36.0-255,66,112993,7,184289
10452,0.002398,172.217.194.0-255,1484,114477,7,184289
10453,0.002404,172.217.194.0-255,2902,117379,7,184289
10454,0.002407,172.31.36.0-255,66,117445,7,184289
10455,0.00243,172.217.194.0-255,2902,120347,7,184289
10456,0.002433,172.31.36.0-255,66,120413,7,184289
10457,0.002461,172.217.194.0-255,2902,123315,7,184289
10458,0.002464,172.31.36.0-255,66,123381,7,184289
10459,0.00247,172.217.194.0-255,5738,129119,7,184289
10460,0.002473,172.31.36.0-255,66,129185,7,184289
10461,0.002479,172.217.194.0-255,5738,134923,7,184289
10462,0.002486,172.31.36.0-255,66,134989,7,184289
10463,0.00252,172.217.194.0-255,7156,142145,7,184289
10464,0.002527,172.31.36.0-255,66,142211,7,184289
10465,0.002533,172.217.194.0-255,5020,147231,7,184289
10466,0.002536,172.31.36.0-255,66,147297,7,184289
10467,0.002565,172.217.194.0-255,1484,148781,7,184289
10468,0.00257,172.217.194.0-255,2902,151683,7,184289
10469,0.002572,172.31.36.0-255,66,151749,7,184289
10470,0.002579,172.217.194.0-255,5738,157487,7,184289
10471,0.002581,172.31.36.0-255,66,157553,7,184289
10472,0.002604,172.217.194.0-255,7156,164709,7,184289
10473,0.00261,172.31.36.0-255,66,164775,7,184289
10474,0.002638,172.217.194.0-255,5738,170513,7,184289
10475,0.002641,172.31.36.0-255,66,170579,7,184289
10476,0.002655,172.217.194.0-255,2902,173481,7,184289
10477,0.002661,172.31.36.0-255,66,173547,7,184289
10478,0.002684,172.31.36.0-255,66,173613,7,184289
10479,0.002697,172.31.36.0-255,66,173679,7,184289
10480,0.002723,172.217.194.0-255,1484,175163,7,184289
10481,0.002732,172.217.194.0-255,4148,179311,7,184289
10482,0.002735,172.31.36.0-255,66,179377,7,184289
10483,0.002862,172.217.194.0-255,97,179474,7,184289
10484,0.002933,172.217.194.0-255,105,179579,7,184289
10485,0.011888,172.31.36.0-255,66,179645,7,184289
10486,0.011934,172.31.36.0-255,105,179750,7,184289
10487,0.013349,172.217.194.0-255,105,179855,7,184289
10488,0.01336,172.31.36.0-255,78,179933,7,184289
10489,0.014578,172.217.194.0-255,66,179999,7,184289
10490,0.032252,172.31.36.0-255,172,180171,7,184289
10491,0.032283,172.31.36.0-255,1114,181285,7,184289
10492,0.032344,172.31.36.0-255,1514,182799,7,184289
10493,0.032346,172.31.36.0-255,1292,184091,7,184289
10494,0.033806,104.244.42.0-255,66,184157,7,184289
10495,0.033836,104.244.42.0-255,66,184223,7,184289
10496,0.033912,104.244.42.0-255,66,184289,7,184289
10497,0.0,172.217.194.0-255,146,146,7,235918
10498,2.2e-05,172.31.36.0-255,66,212,7,235918
10499,3e-05,172.217.194.0-255,1484,1696,7,235918
10500,3.5e-05,172.31.36.0-255,66,1762,7,235918
10501,4e-05,172.217.194.0-255,2902,4664,7,235918
10502,4.3e-05,172.31.36.0-255,66,4730,7,235918
10503,5.1e-05,172.217.194.0-255,7156,11886,7,235918
10504,5.3e-05,172.31.36.0-255,66,11952,7,235918
10505,7.8e-05,172.217.194.0-255,1931,13883,7,235918
10506,8.1e-05,172.31.36.0-255,66,13949,7,235918
10507,9.8e-05,172.217.194.0-255,2902,16851,7,235918
10508,0.000101,172.31.36.0-255,66,16917,7,235918
10509,0.000131,172.217.194.0-255,5738,22655,7,235918
10510,0.000135,172.31.36.0-255,66,22721,7,235918
10511,0.000181,172.31.36.0-255,66,22787,7,235918
10512,0.000186,172.217.194.0-255,2902,25689,7,235918
10513,0.000187,172.31.36.0-255,66,25755,7,235918
10514,0.000199,172.217.194.0-255,1484,27239,7,235918
10515,0.000201,172.31.36.0-255,66,27305,7,235918
10516,0.000237,172.217.194.0-255,2902,30207,7,235918
10517,0.00024,172.31.36.0-255,66,30273,7,235918
10518,0.000267,172.217.194.0-255,6797,37070,7,235918
10519,0.000269,172.31.36.0-255,66,37136,7,235918
10520,0.000298,172.217.194.0-255,2902,40038,7,235918
10521,0.0003,172.31.36.0-255,66,40104,7,235918
10522,0.000323,172.217.194.0-255,7156,47260,7,235918
10523,0.000326,172.31.36.0-255,66,47326,7,235918
10524,0.000331,172.217.194.0-255,4320,51646,7,235918
10525,0.000334,172.31.36.0-255,66,51712,7,235918
10526,0.000347,172.217.194.0-255,2543,54255,7,235918
10527,0.000349,172.31.36.0-255,66,54321,7,235918
10528,0.000352,172.217.194.0-255,379,54700,7,235918
10529,0.000628,172.217.194.0-255,364,55064,7,235918
10530,0.000884,172.217.194.0-255,1484,56548,7,235918
10531,0.000889,172.31.36.0-255,66,56614,7,235918
10532,0.000895,172.217.194.0-255,2902,59516,7,235918
10533,0.000897,172.31.36.0-255,66,59582,7,235918
10534,0.000902,172.217.194.0-255,2902,62484,7,235918
10535,0.000904,172.31.36.0-255,66,62550,7,235918
10536,0.000922,172.217.194.0-255,2902,65452,7,235918
10537,0.000924,172.31.36.0-255,66,65518,7,235918
10538,0.000942,172.217.194.0-255,5738,71256,7,235918
10539,0.000951,172.31.36.0-255,66,71322,7,235918
10540,0.000957,172.217.194.0-255,2902,74224,7,235918
10541,0.000958,172.31.36.0-255,66,74290,7,235918
10542,0.000969,172.31.36.0-255,66,74356,7,235918
10543,0.000992,172.217.194.0-255,1484,75840,7,235918
10544,0.000999,172.217.194.0-255,5020,80860,7,235918
10545,0.001001,172.31.36.0-255,66,80926,7,235918
10546,0.00145,172.217.194.0-255,1484,82410,7,235918
10547,0.001456,172.217.194.0-255,2902,85312,7,235918
10548,0.001459,172.31.36.0-255,66,85378,7,235918
10549,0.001466,172.217.194.0-255,5738,91116,7,235918
10550,0.001467,172.31.36.0-255,66,91182,7,235918
10551,0.001486,172.217.194.0-255,5738,96920,7,235918
10552,0.001488,172.31.36.0-255,66,96986,7,235918
10553,0.001519,172.217.194.0-255,7156,104142,7,235918
10554,0.001521,172.31.36.0-255,66,104208,7,235918
10555,0.001535,172.31.36.0-255,66,104274,7,235918
10556,0.00156,172.217.194.0-255,1484,105758,7,235918
10557,0.001565,172.217.194.0-255,2902,108660,7,235918
10558,0.001567,172.31.36.0-255,66,108726,7,235918
10559,0.001574,172.217.194.0-255,5738,114464,7,235918
10560,0.001576,172.31.36.0-255,66,114530,7,235918
10561,0.001601,172.217.194.0-255,7156,121686,7,235918
10562,0.001604,172.31.36.0-255,66,121752,7,235918
10563,0.001628,172.217.194.0-255,5738,127490,7,235918
10564,0.001631,172.31.36.0-255,66,127556,7,235918
10565,0.001643,172.31.36.0-255,66,127622,7,235918
10566,0.001675,172.217.194.0-255,1484,129106,7,235918
10567,0.001679,172.217.194.0-255,2902,132008,7,235918
10568,0.001682,172.31.36.0-255,66,132074,7,235918
10569,0.001688,172.217.194.0-255,5738,137812,7,235918
10570,0.001691,172.31.36.0-255,66,137878,7,235918
10571,0.001736,172.31.36.0-255,66,137944,7,235918
10572,0.001748,172.31.36.0-255,66,138010,7,235918
10573,0.00175,172.217.194.0-255,766,138776,7,235918
10574,0.001965,172.217.194.0-255,1484,140260,7,235918
10575,0.00197,172.31.36.0-255,66,140326,7,235918
10576,0.001976,172.217.194.0-255,2902,143228,7,235918
10577,0.001977,172.31.36.0-255,66,143294,7,235918
10578,0.002037,172.217.194.0-255,5738,149032,7,235918
10579,0.00204,172.31.36.0-255,66,149098,7,235918
10580,0.002052,172.31.36.0-255,66,149164,7,235918
10581,0.002059,172.217.194.0-255,5738,154902,7,235918
10582,0.002062,172.31.36.0-255,66,154968,7,235918
10583,0.002114,172.31.36.0-255,66,155034,7,235918
10584,0.002618,172.217.194.0-255,1484,156518,7,235918
10585,0.002624,172.217.194.0-255,2902,159420,7,235918
10586,0.002628,172.31.36.0-255,66,159486,7,235918
10587,0.002635,172.217.194.0-255,5738,165224,7,235918
10588,0.002637,172.31.36.0-255,66,165290,7,235918
10589,0.002659,172.217.194.0-255,5738,171028,7,235918
10590,0.002662,172.31.36.0-255,66,171094,7,235918
10591,0.002673,172.217.194.0-255,5738,176832,7,235918
10592,0.002676,172.31.36.0-255,66,176898,7,235918
10593,0.002695,172.217.194.0-255,7156,184054,7,235918
10594,0.002697,172.31.36.0-255,66,184120,7,235918
10595,0.002704,172.217.194.0-255,5020,189140,7,235918
10596,0.002706,172.31.36.0-255,66,189206,7,235918
10597,0.003066,172.217.194.0-255,1484,190690,7,235918
10598,0.003088,172.217.194.0-255,2902,193592,7,235918
10599,0.003092,172.31.36.0-255,66,193658,7,235918
10600,0.003099,172.217.194.0-255,5738,199396,7,235918
10601,0.003101,172.31.36.0-255,66,199462,7,235918
10602,0.003118,172.217.194.0-255,1484,200946,7,235918
10603,0.003141,172.31.36.0-255,66,201012,7,235918
10604,0.003197,172.31.36.0-255,66,201078,7,235918
10605,0.003208,172.31.36.0-255,66,201144,7,235918
10606,0.00323,172.217.194.0-255,2902,204046,7,235918
10607,0.003232,172.31.36.0-255,66,204112,7,235918
10608,0.003237,172.217.194.0-255,4320,208432,7,235918
10609,0.003241,172.31.36.0-255,66,208498,7,235918
10610,0.003274,172.31.36.0-255,66,208564,7,235918
10611,0.003276,172.217.194.0-255,1484,210048,7,235918
10612,0.003306,172.217.194.0-255,1484,211532,7,235918
10613,0.003309,172.31.36.0-255,66,211598,7,235918
10614,0.003337,172.31.36.0-255,66,211664,7,235918
10615,0.003361,172.217.194.0-255,4320,215984,7,235918
10616,0.003364,172.31.36.0-255,66,216050,7,235918
10617,0.003375,172.31.36.0-255,66,216116,7,235918
10618,0.003387,172.31.36.0-255,66,216182,7,235918
10619,0.003393,172.217.194.0-255,5738,221920,7,235918
10620,0.003395,172.31.36.0-255,66,221986,7,235918
10621,0.003412,172.31.36.0-255,66,222052,7,235918
10622,0.003452,172.217.194.0-255,2902,224954,7,235918
10623,0.003455,172.31.36.0-255,66,225020,7,235918
10624,0.003484,172.31.36.0-255,66,225086,7,235918
10625,0.003493,172.217.194.0-255,6139,231225,7,235918
10626,0.003496,172.31.36.0-255,66,231291,7,235918
10627,0.003498,172.217.194.0-255,105,231396,7,235918
10628,0.013599,172.31.36.0-255,66,231462,7,235918
10629,0.013654,172.31.36.0-255,105,231567,7,235918
10630,0.01594,172.217.194.0-255,66,231633,7,235918
10631,0.039787,172.31.36.0-255,167,231800,7,235918
10632,0.039819,172.31.36.0-255,1114,232914,7,235918
10633,0.039885,172.31.36.0-255,1514,234428,7,235918
10634,0.039887,172.31.36.0-255,1292,235720,7,235918
10635,0.041343,104.244.42.0-255,66,235786,7,235918
10636,0.041428,104.244.42.0-255,66,235852,7,235918
10637,0.041503,104.244.42.0-255,66,235918,7,235918
10638,0.0,74.125.24.0-255,153,153,7,190370
10639,1.4e-05,172.31.36.0-255,66,219,7,190370
10640,2e-05,74.125.24.0-255,1484,1703,7,190370
10641,2.4e-05,172.31.36.0-255,66,1769,7,190370
10642,2.7e-05,74.125.24.0-255,1484,3253,7,190370
10643,3e-05,172.31.36.0-255,66,3319,7,190370
10644,5.3e-05,74.125.24.0-255,1484,4803,7,190370
10645,5.5e-05,172.31.36.0-255,66,4869,7,190370
10646,6.3e-05,74.125.24.0-255,7156,12025,7,190370
10647,6.6e-05,172.31.36.0-255,66,12091,7,190370
10648,8.7e-05,74.125.24.0-255,2103,14194,7,190370
10649,8.9e-05,172.31.36.0-255,66,14260,7,190370
10650,0.000164,74.125.24.0-255,1484,15744,7,190370
10651,0.000167,172.31.36.0-255,66,15810,7,190370
10652,0.000171,74.125.24.0-255,2902,18712,7,190370
10653,0.000173,172.31.36.0-255,66,18778,7,190370
10654,0.000187,74.125.24.0-255,5738,24516,7,190370
10655,0.00019,172.31.36.0-255,66,24582,7,190370
10656,0.000227,74.125.24.0-255,7156,31738,7,190370
10657,0.00023,172.31.36.0-255,66,31804,7,190370
10658,0.000257,74.125.24.0-255,6797,38601,7,190370
10659,0.000259,172.31.36.0-255,66,38667,7,190370
10660,0.00027,172.31.36.0-255,66,38733,7,190370
10661,0.000313,172.31.36.0-255,66,38799,7,190370
10662,0.000336,74.125.24.0-255,131,38930,7,190370
10663,0.000338,172.31.36.0-255,66,38996,7,190370
10664,0.000502,74.125.24.0-255,1484,40480,7,190370
10665,0.000505,172.31.36.0-255,66,40546,7,190370
10666,0.000523,74.125.24.0-255,2902,43448,7,190370
10667,0.000525,172.31.36.0-255,66,43514,7,190370
10668,0.000531,74.125.24.0-255,5738,49252,7,190370
10669,0.000533,172.31.36.0-255,66,49318,7,190370
10670,0.000563,172.31.36.0-255,66,49384,7,190370
10671,0.000582,74.125.24.0-255,2902,52286,7,190370
10672,0.000584,172.31.36.0-255,66,52352,7,190370
10673,0.000595,172.31.36.0-255,66,52418,7,190370
10674,0.000598,74.125.24.0-255,766,53184,7,190370
10675,0.000672,74.125.24.0-255,1484,54668,7,190370
10676,0.000675,172.31.36.0-255,66,54734,7,190370
10677,0.00068,74.125.24.0-255,2902,57636,7,190370
10678,0.000682,172.31.36.0-255,66,57702,7,190370
10679,0.000701,74.125.24.0-255,5738,63440,7,190370
10680,0.000704,172.31.36.0-255,66,63506,7,190370
10681,0.000721,74.125.24.0-255,5738,69244,7,190370
10682,0.000724,172.31.36.0-255,66,69310,7,190370
10683,0.000745,74.125.24.0-255,2902,72212,7,190370
10684,0.000748,172.31.36.0-255,66,72278,7,190370
10685,0.000785,74.125.24.0-255,7156,79434,7,190370
10686,0.000789,172.31.36.0-255,66,79500,7,190370
10687,0.000811,172.31.36.0-255,66,79566,7,190370
10688,0.000841,74.125.24.0-255,1484,81050,7,190370
10689,0.000845,74.125.24.0-255,2902,83952,7,190370
10690,0.000849,172.31.36.0-255,66,84018,7,190370
10691,0.000871,74.125.24.0-255,5738,89756,7,190370
10692,0.000875,172.31.36.0-255,66,89822,7,190370
10693,0.000881,74.125.24.0-255,5738,95560,7,190370
10694,0.000883,172.31.36.0-255,66,95626,7,190370
10695,0.000898,74.125.24.0-255,4320,99946,7,190370
10696,0.000901,172.31.36.0-255,66,100012,7,190370
10697,0.000918,74.125.24.0-255,1484,101496,7,190370
10698,0.000931,74.125.24.0-255,5738,107234,7,190370
10699,0.000935,172.31.36.0-255,66,107300,7,190370
10700,0.000952,74.125.24.0-255,6438,113738,7,190370
10701,0.000955,172.31.36.0-255,66,113804,7,190370
10702,0.001135,74.125.24.0-255,1484,115288,7,190370
10703,0.001143,74.125.24.0-255,2902,118190,7,190370
10704,0.001146,172.31.36.0-255,66,118256,7,190370
10705,0.001151,74.125.24.0-255,2902,121158,7,190370
10706,0.001153,172.31.36.0-255,66,121224,7,190370
10707,0.001168,74.125.24.0-255,2902,124126,7,190370
10708,0.001171,172.31.36.0-255,66,124192,7,190370
10709,0.001183,172.31.36.0-255,66,124258,7,190370
10710,0.001233,74.125.24.0-255,4320,128578,7,190370
10711,0.001238,172.31.36.0-255,66,128644,7,190370
10712,0.001264,172.31.36.0-255,66,128710,7,190370
10713,0.001326,74.125.24.0-255,1484,130194,7,190370
10714,0.001332,74.125.24.0-255,2902,133096,7,190370
10715,0.001335,172.31.36.0-255,66,133162,7,190370
10716,0.001342,74.125.24.0-255,4320,137482,7,190370
10717,0.001344,172.31.36.0-255,66,137548,7,190370
10718,0.001364,74.125.24.0-255,1484,139032,7,190370
10719,0.001389,172.31.36.0-255,66,139098,7,190370
10720,0.001408,74.125.24.0-255,4320,143418,7,190370
10721,0.001411,172.31.36.0-255,66,143484,7,190370
10722,0.001428,74.125.24.0-255,1484,144968,7,190370
10723,0.001454,172.31.36.0-255,66,145034,7,190370
10724,0.001485,172.31.36.0-255,66,145100,7,190370
10725,0.00152,172.31.36.0-255,66,145166,7,190370
10726,0.001535,74.125.24.0-255,1484,146650,7,190370
10727,0.001549,74.125.24.0-255,1484,148134,7,190370
10728,0.001552,172.31.36.0-255,66,148200,7,190370
10729,0.001583,172.31.36.0-255,66,148266,7,190370
10730,0.001986,74.125.24.0-255,1484,149750,7,190370
10731,0.001993,74.125.24.0-255,2902,152652,7,190370
10732,0.001997,172.31.36.0-255,66,152718,7,190370
10733,0.002,74.125.24.0-255,1484,154202,7,190370
10734,0.00202,74.125.24.0-255,4320,158522,7,190370
10735,0.002023,172.31.36.0-255,66,158588,7,190370
10736,0.002026,74.125.24.0-255,1484,160072,7,190370
10737,0.002049,172.31.36.0-255,66,160138,7,190370
10738,0.002069,74.125.24.0-255,2902,163040,7,190370
10739,0.002072,172.31.36.0-255,66,163106,7,190370
10740,0.002076,74.125.24.0-255,1484,164590,7,190370
10741,0.002083,74.125.24.0-255,5738,170328,7,190370
10742,0.002086,172.31.36.0-255,66,170394,7,190370
10743,0.002103,172.31.36.0-255,66,170460,7,190370
10744,0.002121,74.125.24.0-255,2184,172644,7,190370
10745,0.002124,172.31.36.0-255,66,172710,7,190370
10746,0.002138,172.31.36.0-255,66,172776,7,190370
10747,0.002172,172.31.36.0-255,66,172842,7,190370
10748,0.002212,172.31.36.0-255,66,172908,7,190370
10749,0.002232,172.31.36.0-255,66,172974,7,190370
10750,0.002257,172.31.36.0-255,66,173040,7,190370
10751,0.002315,172.31.36.0-255,66,173106,7,190370
10752,0.002337,74.125.24.0-255,766,173872,7,190370
10753,0.004532,74.125.24.0-255,4320,178192,7,190370
10754,0.00454,172.31.36.0-255,66,178258,7,190370
10755,0.006763,74.125.24.0-255,5738,183996,7,190370
10756,0.006767,172.31.36.0-255,66,184062,7,190370
10757,0.008986,74.125.24.0-255,1779,185841,7,190370
10758,0.008992,172.31.36.0-255,66,185907,7,190370
10759,0.009133,172.31.36.0-255,105,186012,7,190370
10760,0.011275,74.125.24.0-255,66,186078,7,190370
10761,0.03224,172.31.36.0-255,172,186250,7,190370
10762,0.032297,172.31.36.0-255,1114,187364,7,190370
10763,0.032371,172.31.36.0-255,1514,188878,7,190370
10764,0.032374,172.31.36.0-255,1294,190172,7,190370
10765,0.033788,104.244.42.0-255,66,190238,7,190370
10766,0.033832,104.244.42.0-255,66,190304,7,190370
10767,0.03392,104.244.42.0-255,66,190370,7,190370
10768,0.0,172.31.36.0-255,105,105,7,459
10769,0.000165,172.31.36.0-255,90,195,7,459
10770,0.000174,172.31.36.0-255,66,261,7,459
10771,0.002367,74.125.130.0-255,66,327,7,459
10772,0.002382,74.125.130.0-255,66,393,7,459
10773,0.002387,172.31.36.0-255,66,459,7,459
10774,0.0,172.217.194.0-255,153,153,7,239360
10775,2e-05,172.31.36.0-255,66,219,7,239360
10776,2.7e-05,172.217.194.0-255,1484,1703,7,239360
10777,3.1e-05,172.31.36.0-255,66,1769,7,239360
10778,3.6e-05,172.217.194.0-255,2902,4671,7,239360
10779,4.7e-05,172.31.36.0-255,66,4737,7,239360
10780,5.3e-05,172.217.194.0-255,7156,11893,7,239360
10781,5.6e-05,172.31.36.0-255,66,11959,7,239360
10782,9e-05,172.217.194.0-255,1976,13935,7,239360
10783,9.2e-05,172.31.36.0-255,66,14001,7,239360
10784,0.000105,172.31.36.0-255,66,14067,7,239360
10785,0.000131,172.217.194.0-255,5379,19446,7,239360
10786,0.000134,172.31.36.0-255,66,19512,7,239360
10787,0.000278,172.217.194.0-255,1484,20996,7,239360
10788,0.000281,172.31.36.0-255,66,21062,7,239360
10789,0.000308,172.217.194.0-255,2902,23964,7,239360
10790,0.00031,172.31.36.0-255,66,24030,7,239360
10791,0.000315,172.217.194.0-255,2902,26932,7,239360
10792,0.000317,172.31.36.0-255,66,26998,7,239360
10793,0.000333,172.217.194.0-255,2902,29900,7,239360
10794,0.000335,172.31.36.0-255,66,29966,7,239360
10795,0.000341,172.217.194.0-255,1484,31450,7,239360
10796,0.000343,172.31.36.0-255,66,31516,7,239360
10797,0.000373,172.217.194.0-255,5379,36895,7,239360
10798,0.000378,172.31.36.0-255,66,36961,7,239360
10799,0.000813,172.217.194.0-255,1484,38445,7,239360
10800,0.000818,172.31.36.0-255,66,38511,7,239360
10801,0.000823,172.217.194.0-255,2902,41413,7,239360
10802,0.000826,172.31.36.0-255,66,41479,7,239360
10803,0.000836,172.217.194.0-255,5738,47217,7,239360
10804,0.000838,172.31.36.0-255,66,47283,7,239360
10805,0.000843,172.217.194.0-255,4320,51603,7,239360
10806,0.000844,172.31.36.0-255,66,51669,7,239360
10807,0.000884,172.31.36.0-255,66,51735,7,239360
10808,0.000931,172.31.36.0-255,66,51801,7,239360
10809,0.00097,172.31.36.0-255,66,51867,7,239360
10810,0.001223,172.217.194.0-255,1484,53351,7,239360
10811,0.001231,172.217.194.0-255,2902,56253,7,239360
10812,0.001234,172.31.36.0-255,66,56319,7,239360
10813,0.001242,172.217.194.0-255,5738,62057,7,239360
10814,0.001244,172.31.36.0-255,66,62123,7,239360
10815,0.001286,172.31.36.0-255,66,62189,7,239360
10816,0.001325,172.217.194.0-255,4320,66509,7,239360
10817,0.001329,172.31.36.0-255,66,66575,7,239360
10818,0.001362,172.217.194.0-255,6438,73013,7,239360
10819,0.001365,172.31.36.0-255,66,73079,7,239360
10820,0.001472,172.217.194.0-255,1484,74563,7,239360
10821,0.001478,172.217.194.0-255,2902,77465,7,239360
10822,0.001481,172.31.36.0-255,66,77531,7,239360
10823,0.001487,172.217.194.0-255,4320,81851,7,239360
10824,0.001489,172.31.36.0-255,66,81917,7,239360
10825,0.001507,172.217.194.0-255,1484,83401,7,239360
10826,0.001553,172.31.36.0-255,66,83467,7,239360
10827,0.001581,172.217.194.0-255,1484,84951,7,239360
10828,0.001594,172.31.36.0-255,66,85017,7,239360
10829,0.001787,172.217.194.0-255,1484,86501,7,239360
10830,0.001791,172.217.194.0-255,1484,87985,7,239360
10831,0.001794,172.31.36.0-255,66,88051,7,239360
10832,0.001828,172.217.194.0-255,1484,89535,7,239360
10833,0.001834,172.217.194.0-255,5738,95273,7,239360
10834,0.001837,172.31.36.0-255,66,95339,7,239360
10835,0.001845,172.217.194.0-255,7156,102495,7,239360
10836,0.001847,172.31.36.0-255,66,102561,7,239360
10837,0.00187,172.217.194.0-255,5738,108299,7,239360
10838,0.001873,172.31.36.0-255,66,108365,7,239360
10839,0.001914,172.31.36.0-255,66,108431,7,239360
10840,0.003983,172.217.194.0-255,2902,111333,7,239360
10841,0.00399,172.31.36.0-255,66,111399,7,239360
10842,0.004017,172.217.194.0-255,2902,114301,7,239360
10843,0.004019,172.31.36.0-255,66,114367,7,239360
10844,0.006088,172.217.194.0-255,4320,118687,7,239360
10845,0.006091,172.31.36.0-255,66,118753,7,239360
10846,0.006109,172.217.194.0-255,1484,120237,7,239360
10847,0.008155,172.217.194.0-255,4320,124557,7,239360
10848,0.00816,172.31.36.0-255,66,124623,7,239360
10849,0.010273,172.217.194.0-255,5738,130361,7,239360
10850,0.010281,172.31.36.0-255,66,130427,7,239360
10851,0.012384,172.217.194.0-255,5738,136165,7,239360
10852,0.012396,172.31.36.0-255,66,136231,7,239360
10853,0.014523,172.217.194.0-255,5738,141969,7,239360
10854,0.01453,172.31.36.0-255,66,142035,7,239360
10855,0.016576,172.217.194.0-255,4320,146355,7,239360
10856,0.016584,172.31.36.0-255,66,146421,7,239360
10857,0.016612,172.217.194.0-255,1484,147905,7,239360
10858,0.018688,172.217.194.0-255,4320,152225,7,239360
10859,0.018698,172.31.36.0-255,66,152291,7,239360
10860,0.02081,172.217.194.0-255,5738,158029,7,239360
10861,0.020819,172.31.36.0-255,66,158095,7,239360
10862,0.022943,172.217.194.0-255,5738,163833,7,239360
10863,0.022952,172.31.36.0-255,66,163899,7,239360
10864,0.025048,172.217.194.0-255,5738,169637,7,239360
10865,0.025055,172.31.36.0-255,66,169703,7,239360
10866,0.027163,172.217.194.0-255,5738,175441,7,239360
10867,0.027171,172.31.36.0-255,66,175507,7,239360
10868,0.029259,172.217.194.0-255,5738,181245,7,239360
10869,0.029272,172.31.36.0-255,66,181311,7,239360
10870,0.031351,172.217.194.0-255,5738,187049,7,239360
10871,0.03136,172.31.36.0-255,66,187115,7,239360
10872,0.033458,172.217.194.0-255,5738,192853,7,239360
10873,0.033466,172.31.36.0-255,66,192919,7,239360
10874,0.03558,172.217.194.0-255,4320,197239,7,239360
10875,0.035585,172.31.36.0-255,66,197305,7,239360
10876,0.035612,172.217.194.0-255,1484,198789,7,239360
10877,0.03651,172.31.36.0-255,172,198961,7,239360
10878,0.036542,172.31.36.0-255,1116,200077,7,239360
10879,0.036605,172.31.36.0-255,1514,201591,7,239360
10880,0.036607,172.31.36.0-255,1514,203105,7,239360
10881,0.036609,172.31.36.0-255,1514,204619,7,239360
10882,0.036634,172.31.36.0-255,1071,205690,7,239360
10883,0.037702,172.217.194.0-255,4320,210010,7,239360
10884,0.037708,172.31.36.0-255,66,210076,7,239360
10885,0.03808,104.244.42.0-255,66,210142,7,239360
10886,0.038131,104.244.42.0-255,66,210208,7,239360
10887,0.038152,104.244.42.0-255,66,210274,7,239360
10888,0.038163,104.244.42.0-255,66,210340,7,239360
10889,0.039813,172.217.194.0-255,5738,216078,7,239360
10890,0.03982,172.31.36.0-255,66,216144,7,239360
10891,0.041905,172.217.194.0-255,5738,221882,7,239360
10892,0.041912,172.31.36.0-255,66,221948,7,239360
10893,0.044019,172.217.194.0-255,5738,227686,7,239360
10894,0.044027,172.31.36.0-255,66,227752,7,239360
10895,0.046132,172.217.194.0-255,5738,233490,7,239360
10896,0.046139,172.31.36.0-255,66,233556,7,239360
10897,0.048255,172.217.194.0-255,5738,239294,7,239360
10898,0.048262,172.31.36.0-255,66,239360,7,239360
10899,0.0,74.125.130.0-255,153,153,7,191187
10900,2.7e-05,172.31.36.0-255,66,219,7,191187
10901,6.3e-05,74.125.130.0-255,1484,1703,7,191187
10902,6.8e-05,172.31.36.0-255,66,1769,7,191187
10903,8.9e-05,74.125.130.0-255,2902,4671,7,191187
10904,9.3e-05,172.31.36.0-255,66,4737,7,191187
10905,9.7e-05,74.125.130.0-255,2902,7639,7,191187
10906,0.000101,172.31.36.0-255,66,7705,7,191187
10907,0.000123,74.125.130.0-255,4320,12025,7,191187
10908,0.000126,172.31.36.0-255,66,12091,7,191187
10909,0.000142,74.125.130.0-255,1993,14084,7,191187
10910,0.000145,172.31.36.0-255,66,14150,7,191187
10911,0.000148,74.125.130.0-255,1484,15634,7,191187
10912,0.000151,172.31.36.0-255,66,15700,7,191187
10913,0.000168,74.125.130.0-255,1484,17184,7,191187
10914,0.00017,172.31.36.0-255,66,17250,7,191187
10915,0.000178,74.125.130.0-255,7156,24406,7,191187
10916,0.000181,172.31.36.0-255,66,24472,7,191187
10917,0.000184,74.125.130.0-255,1484,25956,7,191187
10918,0.000186,172.31.36.0-255,66,26022,7,191187
10919,0.000203,74.125.130.0-255,1484,27506,7,191187
10920,0.000206,172.31.36.0-255,66,27572,7,191187
10921,0.000212,74.125.130.0-255,3961,31533,7,191187
10922,0.000214,172.31.36.0-255,66,31599,7,191187
10923,0.000821,74.125.130.0-255,1484,33083,7,191187
10924,0.000827,172.31.36.0-255,66,33149,7,191187
10925,0.000837,74.125.130.0-255,2902,36051,7,191187
10926,0.000839,172.31.36.0-255,66,36117,7,191187
10927,0.000844,74.125.130.0-255,2902,39019,7,191187
10928,0.000846,172.31.36.0-255,66,39085,7,191187
10929,0.000851,74.125.130.0-255,4320,43405,7,191187
10930,0.000853,172.31.36.0-255,66,43471,7,191187
10931,0.000879,172.31.36.0-255,66,43537,7,191187
10932,0.000894,74.125.130.0-255,1484,45021,7,191187
10933,0.000924,172.31.36.0-255,66,45087,7,191187
10934,0.000959,74.125.130.0-255,378,45465,7,191187
10935,0.000963,74.125.130.0-255,365,45830,7,191187
10936,0.001116,74.125.130.0-255,1484,47314,7,191187
10937,0.001122,172.31.36.0-255,66,47380,7,191187
10938,0.001127,74.125.130.0-255,2902,50282,7,191187
10939,0.001129,172.31.36.0-255,66,50348,7,191187
10940,0.001135,74.125.130.0-255,4320,54668,7,191187
10941,0.001138,172.31.36.0-255,66,54734,7,191187
10942,0.001156,74.125.130.0-255,1484,56218,7,191187
10943,0.001161,74.125.130.0-255,4320,60538,7,191187
10944,0.001164,172.31.36.0-255,66,60604,7,191187
10945,0.001195,74.125.130.0-255,2902,63506,7,191187
10946,0.001197,172.31.36.0-255,66,63572,7,191187
10947,0.001215,74.125.130.0-255,2902,66474,7,191187
10948,0.001218,172.31.36.0-255,66,66540,7,191187
10949,0.00123,172.31.36.0-255,66,66606,7,191187
10950,0.001233,74.125.130.0-255,2184,68790,7,191187
10951,0.001235,172.31.36.0-255,66,68856,7,191187
10952,0.003449,74.125.130.0-255,2902,71758,7,191187
10953,0.003453,172.31.36.0-255,66,71824,7,191187
10954,0.003472,74.125.130.0-255,2902,74726,7,191187
10955,0.003474,172.31.36.0-255,66,74792,7,191187
10956,0.005708,74.125.130.0-255,4320,79112,7,191187
10957,0.005715,172.31.36.0-255,66,79178,7,191187
10958,0.005734,74.125.130.0-255,1484,80662,7,191187
10959,0.007953,74.125.130.0-255,4320,84982,7,191187
10960,0.00796,172.31.36.0-255,66,85048,7,191187
10961,0.010212,74.125.130.0-255,4320,89368,7,191187
10962,0.010219,172.31.36.0-255,66,89434,7,191187
10963,0.010238,74.125.130.0-255,1484,90918,7,191187
10964,0.012486,74.125.130.0-255,4320,95238,7,191187
10965,0.012495,172.31.36.0-255,66,95304,7,191187
10966,0.014739,74.125.130.0-255,5738,101042,7,191187
10967,0.014747,172.31.36.0-255,66,101108,7,191187
10968,0.016997,74.125.130.0-255,5738,106846,7,191187
10969,0.017004,172.31.36.0-255,66,106912,7,191187
10970,0.019239,74.125.130.0-255,5738,112650,7,191187
10971,0.01925,172.31.36.0-255,66,112716,7,191187
10972,0.021496,74.125.130.0-255,5738,118454,7,191187
10973,0.021505,172.31.36.0-255,66,118520,7,191187
10974,0.02375,74.125.130.0-255,5738,124258,7,191187
10975,0.023755,172.31.36.0-255,66,124324,7,191187
10976,0.023808,172.31.36.0-255,187,124511,7,191187
10977,0.023832,172.31.36.0-255,982,125493,7,191187
10978,0.023869,172.31.36.0-255,1514,127007,7,191187
10979,0.02387,172.31.36.0-255,1424,128431,7,191187
10980,0.025382,104.244.42.0-255,66,128497,7,191187
10981,0.025404,104.244.42.0-255,66,128563,7,191187
10982,0.025496,104.244.42.0-255,66,128629,7,191187
10983,0.025986,74.125.130.0-255,5738,134367,7,191187
10984,0.02599,172.31.36.0-255,66,134433,7,191187
10985,0.028218,74.125.130.0-255,5738,140171,7,191187
10986,0.028223,172.31.36.0-255,66,140237,7,191187
10987,0.030464,74.125.130.0-255,5738,145975,7,191187
10988,0.030469,172.31.36.0-255,66,146041,7,191187
10989,0.032706,74.125.130.0-255,5738,151779,7,191187
10990,0.032712,172.31.36.0-255,66,151845,7,191187
10991,0.034953,74.125.130.0-255,5738,157583,7,191187
10992,0.034959,172.31.36.0-255,66,157649,7,191187
10993,0.037193,74.125.130.0-255,5738,163387,7,191187
10994,0.037198,172.31.36.0-255,66,163453,7,191187
10995,0.039442,74.125.130.0-255,5738,169191,7,191187
10996,0.039448,172.31.36.0-255,66,169257,7,191187
10997,0.041692,74.125.130.0-255,5738,174995,7,191187
10998,0.041698,172.31.36.0-255,66,175061,7,191187
10999,0.043931,74.125.130.0-255,4320,179381,7,191187
11000,0.043937,172.31.36.0-255,66,179447,7,191187
11001,0.043965,74.125.130.0-255,1484,180931,7,191187
11002,0.046176,74.125.130.0-255,4320,185251,7,191187
11003,0.046181,172.31.36.0-255,66,185317,7,191187
11004,0.04841,74.125.130.0-255,4320,189637,7,191187
11005,0.048416,172.31.36.0-255,66,189703,7,191187
11006,0.048444,74.125.130.0-255,1484,191187,7,191187
11007,0.0,172.217.24.0-255,153,153,7,222512
11008,1.7e-05,172.31.36.0-255,66,219,7,222512
11009,2.5e-05,172.217.24.0-255,1484,1703,7,222512
11010,2.9e-05,172.31.36.0-255,66,1769,7,222512
11011,3.5e-05,172.217.24.0-255,2902,4671,7,222512
11012,4.6e-05,172.31.36.0-255,66,4737,7,222512
11013,5.2e-05,172.217.24.0-255,4320,9057,7,222512
11014,5.5e-05,172.31.36.0-255,66,9123,7,222512
11015,0.000104,172.217.24.0-255,4840,13963,7,222512
11016,0.00011,172.31.36.0-255,66,14029,7,222512
11017,0.000114,172.217.24.0-255,1484,15513,7,222512
11018,0.000116,172.31.36.0-255,66,15579,7,222512
11019,0.000159,172.217.24.0-255,4320,19899,7,222512
11020,0.000161,172.31.36.0-255,66,19965,7,222512
11021,0.000178,172.31.36.0-255,66,20031,7,222512
11022,0.000183,172.217.24.0-255,2543,22574,7,222512
11023,0.000185,172.31.36.0-255,66,22640,7,222512
11024,0.000226,172.217.24.0-255,1484,24124,7,222512
11025,0.000228,172.31.36.0-255,66,24190,7,222512
11026,0.000232,172.217.24.0-255,1484,25674,7,222512
11027,0.000234,172.31.36.0-255,66,25740,7,222512
11028,0.000266,172.217.24.0-255,1484,27224,7,222512
11029,0.000268,172.31.36.0-255,66,27290,7,222512
11030,0.000276,172.217.24.0-255,5738,33028,7,222512
11031,0.000278,172.31.36.0-255,66,33094,7,222512
11032,0.000291,172.217.24.0-255,6797,39891,7,222512
11033,0.000293,172.31.36.0-255,66,39957,7,222512
11034,0.000424,172.217.24.0-255,1484,41441,7,222512
11035,0.000428,172.31.36.0-255,66,41507,7,222512
11036,0.000434,172.217.24.0-255,2902,44409,7,222512
11037,0.000436,172.31.36.0-255,66,44475,7,222512
11038,0.000464,172.217.24.0-255,5738,50213,7,222512
11039,0.000467,172.31.36.0-255,66,50279,7,222512
11040,0.000496,172.217.24.0-255,7091,57370,7,222512
11041,0.000499,172.31.36.0-255,66,57436,7,222512
11042,0.001493,172.217.24.0-255,134,57570,7,222512
11043,0.001627,172.217.24.0-255,1484,59054,7,222512
11044,0.001633,172.31.36.0-255,66,59120,7,222512
11045,0.001641,172.217.24.0-255,2902,62022,7,222512
11046,0.001643,172.31.36.0-255,66,62088,7,222512
11047,0.001657,172.217.24.0-255,5738,67826,7,222512
11048,0.00166,172.31.36.0-255,66,67892,7,222512
11049,0.001663,172.217.24.0-255,1484,69376,7,222512
11050,0.001712,172.31.36.0-255,66,69442,7,222512
11051,0.001719,172.217.24.0-255,7156,76598,7,222512
11052,0.001721,172.31.36.0-255,66,76664,7,222512
11053,0.001757,172.217.24.0-255,2543,79207,7,222512
11054,0.00176,172.31.36.0-255,66,79273,7,222512
11055,0.003652,172.217.24.0-255,2902,82175,7,222512
11056,0.00366,172.31.36.0-255,66,82241,7,222512
11057,0.003691,172.217.24.0-255,2902,85143,7,222512
11058,0.003695,172.31.36.0-255,66,85209,7,222512
11059,0.0056,172.217.24.0-255,2902,88111,7,222512
11060,0.005605,172.31.36.0-255,66,88177,7,222512
11061,0.005636,172.217.24.0-255,2902,91079,7,222512
11062,0.005639,172.31.36.0-255,66,91145,7,222512
11063,0.007541,172.217.24.0-255,2902,94047,7,222512
11064,0.007548,172.31.36.0-255,66,94113,7,222512
11065,0.007594,172.217.24.0-255,2902,97015,7,222512
11066,0.007598,172.31.36.0-255,66,97081,7,222512
11067,0.009484,172.217.24.0-255,2902,99983,7,222512
11068,0.009492,172.31.36.0-255,66,100049,7,222512
11069,0.009525,172.217.24.0-255,2902,102951,7,222512
11070,0.009529,172.31.36.0-255,66,103017,7,222512
11071,0.011423,172.217.24.0-255,2902,105919,7,222512
11072,0.011431,172.31.36.0-255,66,105985,7,222512
11073,0.011459,172.217.24.0-255,2902,108887,7,222512
11074,0.011462,172.31.36.0-255,66,108953,7,222512
11075,0.01337,172.217.24.0-255,2902,111855,7,222512
11076,0.013378,172.31.36.0-255,66,111921,7,222512
11077,0.013412,172.217.24.0-255,2902,114823,7,222512
11078,0.013415,172.31.36.0-255,66,114889,7,222512
11079,0.015319,172.217.24.0-255,2902,117791,7,222512
11080,0.015327,172.31.36.0-255,66,117857,7,222512
11081,0.01536,172.217.24.0-255,2902,120759,7,222512
11082,0.015363,172.31.36.0-255,66,120825,7,222512
11083,0.017271,172.217.24.0-255,4320,125145,7,222512
11084,0.01728,172.31.36.0-255,66,125211,7,222512
11085,0.017311,172.217.24.0-255,1484,126695,7,222512
11086,0.019233,172.217.24.0-255,4320,131015,7,222512
11087,0.019245,172.31.36.0-255,66,131081,7,222512
11088,0.021182,172.217.24.0-255,5738,136819,7,222512
11089,0.02119,172.31.36.0-255,66,136885,7,222512
11090,0.023129,172.217.24.0-255,5738,142623,7,222512
11091,0.023138,172.31.36.0-255,66,142689,7,222512
11092,0.025075,172.217.24.0-255,5738,148427,7,222512
11093,0.025082,172.31.36.0-255,66,148493,7,222512
11094,0.026733,172.31.36.0-255,187,148680,7,222512
11095,0.026763,172.31.36.0-255,982,149662,7,222512
11096,0.026822,172.31.36.0-255,1514,151176,7,222512
11097,0.026824,172.31.36.0-255,1424,152600,7,222512
11098,0.027013,172.217.24.0-255,5738,158338,7,222512
11099,0.027019,172.31.36.0-255,66,158404,7,222512
11100,0.028299,104.244.42.0-255,66,158470,7,222512
11101,0.028332,104.244.42.0-255,66,158536,7,222512
11102,0.02843,104.244.42.0-255,66,158602,7,222512
11103,0.028968,172.217.24.0-255,5738,164340,7,222512
11104,0.028974,172.31.36.0-255,66,164406,7,222512
11105,0.030963,172.217.24.0-255,5738,170144,7,222512
11106,0.030969,172.31.36.0-255,66,170210,7,222512
11107,0.032906,172.217.24.0-255,5738,175948,7,222512
11108,0.032912,172.31.36.0-255,66,176014,7,222512
11109,0.034867,172.217.24.0-255,5738,181752,7,222512
11110,0.034874,172.31.36.0-255,66,181818,7,222512
11111,0.036809,172.217.24.0-255,1484,183302,7,222512
11112,0.036829,172.217.24.0-255,4320,187622,7,222512
11113,0.036835,172.31.36.0-255,66,187688,7,222512
11114,0.03879,172.217.24.0-255,5738,193426,7,222512
11115,0.038798,172.31.36.0-255,66,193492,7,222512
11116,0.040756,172.217.24.0-255,5738,199230,7,222512
11117,0.040763,172.31.36.0-255,66,199296,7,222512
11118,0.042705,172.217.24.0-255,5738,205034,7,222512
11119,0.042711,172.31.36.0-255,66,205100,7,222512
11120,0.044653,172.217.24.0-255,5738,210838,7,222512
11121,0.04466,172.31.36.0-255,66,210904,7,222512
11122,0.046601,172.217.24.0-255,5738,216642,7,222512
11123,0.046607,172.31.36.0-255,66,216708,7,222512
11124,0.048554,172.217.24.0-255,5738,222446,7,222512
11125,0.04856,172.31.36.0-255,66,222512,7,222512
11126,0.0,172.217.160.0-255,150,150,7,306299
11127,3.6e-05,172.31.36.0-255,66,216,7,306299
11128,4.3e-05,172.217.160.0-255,1484,1700,7,306299
11129,4.7e-05,172.31.36.0-255,66,1766,7,306299
11130,5.2e-05,172.217.160.0-255,2902,4668,7,306299
11131,5.4e-05,172.31.36.0-255,66,4734,7,306299
11132,6.1e-05,172.217.160.0-255,7156,11890,7,306299
11133,6.4e-05,172.31.36.0-255,66,11956,7,306299
11134,6.9e-05,172.217.160.0-255,3409,15365,7,306299
11135,7.1e-05,172.31.36.0-255,66,15431,7,306299
11136,8.6e-05,172.31.36.0-255,66,15497,7,306299
11137,0.000136,172.217.160.0-255,2543,18040,7,306299
11138,0.00014,172.31.36.0-255,66,18106,7,306299
11139,0.000168,172.217.160.0-255,1484,19590,7,306299
11140,0.000171,172.31.36.0-255,66,19656,7,306299
11141,0.000188,172.217.160.0-255,2902,22558,7,306299
11142,0.00019,172.31.36.0-255,66,22624,7,306299
11143,0.000196,172.217.160.0-255,4320,26944,7,306299
11144,0.000198,172.31.36.0-255,66,27010,7,306299
11145,0.000234,172.217.160.0-255,2902,29912,7,306299
11146,0.000236,172.31.36.0-255,66,29978,7,306299
11147,0.00026,172.217.160.0-255,5379,35357,7,306299
11148,0.000263,172.31.36.0-255,66,35423,7,306299
11149,0.000291,172.217.160.0-255,1484,36907,7,306299
11150,0.000294,172.31.36.0-255,66,36973,7,306299
11151,0.000298,172.217.160.0-255,2902,39875,7,306299
11152,0.000301,172.31.36.0-255,66,39941,7,306299
11153,0.000321,172.217.160.0-255,5738,45679,7,306299
11154,0.000324,172.31.36.0-255,66,45745,7,306299
11155,0.000348,172.217.160.0-255,6797,52542,7,306299
11156,0.000353,172.31.36.0-255,66,52608,7,306299
11157,0.000371,172.217.160.0-255,375,52983,7,306299
11158,0.000795,172.31.36.0-255,66,53049,7,306299
11159,0.000935,172.217.160.0-255,101,53150,7,306299
11160,0.001043,172.217.160.0-255,1484,54634,7,306299
11161,0.001048,172.31.36.0-255,66,54700,7,306299
11162,0.001054,172.217.160.0-255,2902,57602,7,306299
11163,0.001057,172.31.36.0-255,66,57668,7,306299
11164,0.001061,172.217.160.0-255,2902,60570,7,306299
11165,0.001063,172.31.36.0-255,66,60636,7,306299
11166,0.001078,172.217.160.0-255,2902,63538,7,306299
11167,0.001081,172.31.36.0-255,66,63604,7,306299
11168,0.001098,172.217.160.0-255,2902,66506,7,306299
11169,0.0011,172.31.36.0-255,66,66572,7,306299
11170,0.001114,172.217.160.0-255,3961,70533,7,306299
11171,0.001117,172.31.36.0-255,66,70599,7,306299
11172,0.001123,172.217.160.0-255,5738,76337,7,306299
11173,0.001124,172.31.36.0-255,66,76403,7,306299
11174,0.001145,172.217.160.0-255,1484,77887,7,306299
11175,0.001152,172.217.160.0-255,5738,83625,7,306299
11176,0.001154,172.31.36.0-255,66,83691,7,306299
11177,0.001173,172.217.160.0-255,3961,87652,7,306299
11178,0.001175,172.31.36.0-255,66,87718,7,306299
11179,0.001397,172.217.160.0-255,1484,89202,7,306299
11180,0.001404,172.217.160.0-255,2902,92104,7,306299
11181,0.001408,172.31.36.0-255,66,92170,7,306299
11182,0.001414,172.217.160.0-255,4320,96490,7,306299
11183,0.001416,172.31.36.0-255,66,96556,7,306299
11184,0.001429,172.217.160.0-255,1484,98040,7,306299
11185,0.001435,172.217.160.0-255,4320,102360,7,306299
11186,0.001437,172.31.36.0-255,66,102426,7,306299
11187,0.001474,172.31.36.0-255,66,102492,7,306299
11188,0.001486,172.31.36.0-255,66,102558,7,306299
11189,0.001519,172.217.160.0-255,1484,104042,7,306299
11190,0.001523,172.217.160.0-255,1484,105526,7,306299
11191,0.001525,172.31.36.0-255,66,105592,7,306299
11192,0.001544,172.217.160.0-255,1484,107076,7,306299
11193,0.001569,172.217.160.0-255,5738,112814,7,306299
11194,0.001574,172.31.36.0-255,66,112880,7,306299
11195,0.001589,172.31.36.0-255,66,112946,7,306299
11196,0.00161,172.217.160.0-255,4320,117266,7,306299
11197,0.001612,172.31.36.0-255,66,117332,7,306299
11198,0.001635,172.217.160.0-255,6438,123770,7,306299
11199,0.001638,172.31.36.0-255,66,123836,7,306299
11200,0.001652,172.217.160.0-255,4320,128156,7,306299
11201,0.001655,172.31.36.0-255,66,128222,7,306299
11202,0.001683,172.217.160.0-255,5738,133960,7,306299
11203,0.001688,172.31.36.0-255,66,134026,7,306299
11204,0.001693,172.217.160.0-255,4320,138346,7,306299
11205,0.001696,172.31.36.0-255,66,138412,7,306299
11206,0.00172,172.217.160.0-255,7156,145568,7,306299
11207,0.001724,172.31.36.0-255,66,145634,7,306299
11208,0.00173,172.217.160.0-255,5738,151372,7,306299
11209,0.001732,172.31.36.0-255,66,151438,7,306299
11210,0.001764,172.217.160.0-255,6438,157876,7,306299
11211,0.001768,172.31.36.0-255,66,157942,7,306299
11212,0.001906,172.217.160.0-255,1484,159426,7,306299
11213,0.00192,172.217.160.0-255,1484,160910,7,306299
11214,0.001922,172.31.36.0-255,66,160976,7,306299
11215,0.001942,172.217.160.0-255,1484,162460,7,306299
11216,0.001948,172.217.160.0-255,5738,168198,7,306299
11217,0.00195,172.31.36.0-255,66,168264,7,306299
11218,0.002012,172.31.36.0-255,66,168330,7,306299
11219,0.003917,172.217.160.0-255,4320,172650,7,306299
11220,0.00392,172.31.36.0-255,66,172716,7,306299
11221,0.003936,172.217.160.0-255,1484,174200,7,306299
11222,0.005829,172.217.160.0-255,4320,178520,7,306299
11223,0.005836,172.31.36.0-255,66,178586,7,306299
11224,0.007765,172.217.160.0-255,5738,184324,7,306299
11225,0.00777,172.31.36.0-255,66,184390,7,306299
11226,0.009685,172.217.160.0-255,5738,190128,7,306299
11227,0.009692,172.31.36.0-255,66,190194,7,306299
11228,0.011618,172.217.160.0-255,5738,195932,7,306299
11229,0.011625,172.31.36.0-255,66,195998,7,306299
11230,0.013568,172.217.160.0-255,5738,201736,7,306299
11231,0.013575,172.31.36.0-255,66,201802,7,306299
11232,0.015509,172.217.160.0-255,5738,207540,7,306299
11233,0.015517,172.31.36.0-255,66,207606,7,306299
11234,0.017451,172.217.160.0-255,5738,213344,7,306299
11235,0.01746,172.31.36.0-255,66,213410,7,306299
11236,0.01939,172.217.160.0-255,5738,219148,7,306299
11237,0.019398,172.31.36.0-255,66,219214,7,306299
11238,0.021316,172.217.160.0-255,5738,224952,7,306299
11239,0.021322,172.31.36.0-255,66,225018,7,306299
11240,0.023234,172.217.160.0-255,5738,230756,7,306299
11241,0.023239,172.31.36.0-255,66,230822,7,306299
11242,0.025201,172.217.160.0-255,5738,236560,7,306299
11243,0.025208,172.31.36.0-255,66,236626,7,306299
11244,0.027129,172.217.160.0-255,4320,240946,7,306299
11245,0.027135,172.31.36.0-255,66,241012,7,306299
11246,0.027156,172.217.160.0-255,1484,242496,7,306299
11247,0.02905,172.217.160.0-255,4320,246816,7,306299
11248,0.029057,172.31.36.0-255,66,246882,7,306299
11249,0.03048,172.31.36.0-255,172,247054,7,306299
11250,0.030527,172.31.36.0-255,1073,248127,7,306299
11251,0.03098,172.217.160.0-255,5738,253865,7,306299
11252,0.030986,172.31.36.0-255,66,253931,7,306299
11253,0.032022,104.244.42.0-255,66,253997,7,306299
11254,0.032065,104.244.42.0-255,66,254063,7,306299
11255,0.032899,172.217.160.0-255,5738,259801,7,306299
11256,0.032906,172.31.36.0-255,66,259867,7,306299
11257,0.034829,172.217.160.0-255,5738,265605,7,306299
11258,0.034836,172.31.36.0-255,66,265671,7,306299
11259,0.036754,172.217.160.0-255,5738,271409,7,306299
11260,0.03676,172.31.36.0-255,66,271475,7,306299
11261,0.038679,172.217.160.0-255,5738,277213,7,306299
11262,0.038685,172.31.36.0-255,66,277279,7,306299
11263,0.040605,172.217.160.0-255,5738,283017,7,306299
11264,0.040614,172.31.36.0-255,66,283083,7,306299
11265,0.042536,172.217.160.0-255,5738,288821,7,306299
11266,0.042543,172.31.36.0-255,66,288887,7,306299
11267,0.044453,172.217.160.0-255,5738,294625,7,306299
11268,0.044458,172.31.36.0-255,66,294691,7,306299
11269,0.046368,172.217.160.0-255,5738,300429,7,306299
11270,0.046374,172.31.36.0-255,66,300495,7,306299
11271,0.0483,172.217.160.0-255,5738,306233,7,306299
11272,0.048306,172.31.36.0-255,66,306299,7,306299
11273,0.0,172.217.160.0-255,146,146,7,290523
11274,1.9e-05,172.31.36.0-255,66,212,7,290523
11275,2.6e-05,172.217.160.0-255,1484,1696,7,290523
11276,2.9e-05,172.31.36.0-255,66,1762,7,290523
11277,3.5e-05,172.217.160.0-255,2902,4664,7,290523
11278,3.9e-05,172.31.36.0-255,66,4730,7,290523
11279,4.7e-05,172.217.160.0-255,7156,11886,7,290523
11280,5e-05,172.31.36.0-255,66,11952,7,290523
11281,5.4e-05,172.217.160.0-255,1985,13937,7,290523
11282,5.7e-05,172.31.36.0-255,66,14003,7,290523
11283,8.8e-05,172.217.160.0-255,2902,16905,7,290523
11284,9.1e-05,172.31.36.0-255,66,16971,7,290523
11285,9.6e-05,172.217.160.0-255,2902,19873,7,290523
11286,9.8e-05,172.31.36.0-255,66,19939,7,290523
11287,0.000123,172.217.160.0-255,7156,27095,7,290523
11288,0.000126,172.31.36.0-255,66,27161,7,290523
11289,0.000177,172.31.36.0-255,66,27227,7,290523
11290,0.000199,172.217.160.0-255,3961,31188,7,290523
11291,0.000201,172.31.36.0-255,66,31254,7,290523
11292,0.000266,172.31.36.0-255,66,31320,7,290523
11293,0.000319,172.217.160.0-255,4320,35640,7,290523
11294,0.000321,172.31.36.0-255,66,35706,7,290523
11295,0.000338,172.217.160.0-255,4320,40026,7,290523
11296,0.000341,172.31.36.0-255,66,40092,7,290523
11297,0.000386,172.217.160.0-255,5738,45830,7,290523
11298,0.000389,172.31.36.0-255,66,45896,7,290523
11299,0.000407,172.217.160.0-255,2813,48709,7,290523
11300,0.000409,172.31.36.0-255,66,48775,7,290523
11301,0.000821,172.217.160.0-255,407,49182,7,290523
11302,0.000826,172.31.36.0-255,66,49248,7,290523
11303,0.000928,172.217.160.0-255,1484,50732,7,290523
11304,0.000933,172.217.160.0-255,1484,52216,7,290523
11305,0.000936,172.31.36.0-255,66,52282,7,290523
11306,0.000953,172.217.160.0-255,1484,53766,7,290523
11307,0.000958,172.217.160.0-255,2902,56668,7,290523
11308,0.000961,172.31.36.0-255,66,56734,7,290523
11309,0.00098,172.217.160.0-255,2902,59636,7,290523
11310,0.000982,172.31.36.0-255,66,59702,7,290523
11311,0.00099,172.217.160.0-255,7156,66858,7,290523
11312,0.000991,172.31.36.0-255,66,66924,7,290523
11313,0.001008,172.217.160.0-255,1125,68049,7,290523
11314,0.001067,172.31.36.0-255,66,68115,7,290523
11315,0.001086,172.217.160.0-255,5379,73494,7,290523
11316,0.001088,172.31.36.0-255,66,73560,7,290523
11317,0.001266,172.217.160.0-255,1484,75044,7,290523
11318,0.001272,172.217.160.0-255,2902,77946,7,290523
11319,0.001275,172.31.36.0-255,66,78012,7,290523
11320,0.00131,172.217.160.0-255,2902,80914,7,290523
11321,0.001313,172.31.36.0-255,66,80980,7,290523
11322,0.001333,172.217.160.0-255,2902,83882,7,290523
11323,0.001349,172.31.36.0-255,66,83948,7,290523
11324,0.001356,172.31.36.0-255,66,84014,7,290523
11325,0.001425,172.217.160.0-255,1484,85498,7,290523
11326,0.001429,172.217.160.0-255,1484,86982,7,290523
11327,0.001432,172.31.36.0-255,66,87048,7,290523
11328,0.001461,172.31.36.0-255,66,87114,7,290523
11329,0.0015,172.217.160.0-255,7156,94270,7,290523
11330,0.001503,172.31.36.0-255,66,94336,7,290523
11331,0.001522,172.217.160.0-255,5738,100074,7,290523
11332,0.001525,172.31.36.0-255,66,100140,7,290523
11333,0.001598,172.217.160.0-255,7156,107296,7,290523
11334,0.001601,172.31.36.0-255,66,107362,7,290523
11335,0.001637,172.31.36.0-255,66,107428,7,290523
11336,0.001744,172.217.160.0-255,5738,113166,7,290523
11337,0.001749,172.31.36.0-255,66,113232,7,290523
11338,0.001803,172.31.36.0-255,101,113333,7,290523
11339,0.0019,172.217.160.0-255,5738,119071,7,290523
11340,0.001905,172.31.36.0-255,66,119137,7,290523
11341,0.001935,172.31.36.0-255,66,119203,7,290523
11342,0.0034,172.217.160.0-255,66,119269,7,290523
11343,0.003556,172.217.160.0-255,5738,125007,7,290523
11344,0.003562,172.31.36.0-255,66,125073,7,290523
11345,0.005182,172.217.160.0-255,5738,130811,7,290523
11346,0.005185,172.31.36.0-255,66,130877,7,290523
11347,0.006798,172.217.160.0-255,5738,136615,7,290523
11348,0.006803,172.31.36.0-255,66,136681,7,290523
11349,0.008436,172.217.160.0-255,5738,142419,7,290523
11350,0.008443,172.31.36.0-255,66,142485,7,290523
11351,0.010102,172.217.160.0-255,5738,148223,7,290523
11352,0.01011,172.31.36.0-255,66,148289,7,290523
11353,0.011746,172.217.160.0-255,5738,154027,7,290523
11354,0.011754,172.31.36.0-255,66,154093,7,290523
11355,0.013377,172.217.160.0-255,5738,159831,7,290523
11356,0.013383,172.31.36.0-255,66,159897,7,290523
11357,0.015009,172.217.160.0-255,5738,165635,7,290523
11358,0.015019,172.31.36.0-255,66,165701,7,290523
11359,0.016647,172.217.160.0-255,5738,171439,7,290523
11360,0.016656,172.31.36.0-255,66,171505,7,290523
11361,0.018282,172.217.160.0-255,5738,177243,7,290523
11362,0.018288,172.31.36.0-255,66,177309,7,290523
11363,0.019911,172.217.160.0-255,5738,183047,7,290523
11364,0.019918,172.31.36.0-255,66,183113,7,290523
11365,0.021548,172.217.160.0-255,4320,187433,7,290523
11366,0.021556,172.31.36.0-255,66,187499,7,290523
11367,0.021575,172.217.160.0-255,1484,188983,7,290523
11368,0.023179,172.217.160.0-255,4320,193303,7,290523
11369,0.023189,172.31.36.0-255,66,193369,7,290523
11370,0.024822,172.217.160.0-255,5738,199107,7,290523
11371,0.024828,172.31.36.0-255,66,199173,7,290523
11372,0.026464,172.217.160.0-255,5738,204911,7,290523
11373,0.02647,172.31.36.0-255,66,204977,7,290523
11374,0.028093,172.217.160.0-255,5738,210715,7,290523
11375,0.0281,172.31.36.0-255,66,210781,7,290523
11376,0.029458,172.31.36.0-255,172,210953,7,290523
11377,0.029489,172.31.36.0-255,1114,212067,7,290523
11378,0.029549,172.31.36.0-255,1514,213581,7,290523
11379,0.029551,172.31.36.0-255,1292,214873,7,290523
11380,0.029727,172.217.160.0-255,5738,220611,7,290523
11381,0.029733,172.31.36.0-255,66,220677,7,290523
11382,0.031056,104.244.42.0-255,66,220743,7,290523
11383,0.031094,104.244.42.0-255,66,220809,7,290523
11384,0.031117,104.244.42.0-255,66,220875,7,290523
11385,0.03135,172.217.160.0-255,5738,226613,7,290523
11386,0.031356,172.31.36.0-255,66,226679,7,290523
11387,0.032978,172.217.160.0-255,5738,232417,7,290523
11388,0.032985,172.31.36.0-255,66,232483,7,290523
11389,0.03461,172.217.160.0-255,5738,238221,7,290523
11390,0.034617,172.31.36.0-255,66,238287,7,290523
11391,0.036238,172.217.160.0-255,5738,244025,7,290523
11392,0.036244,172.31.36.0-255,66,244091,7,290523
11393,0.037874,172.217.160.0-255,5738,249829,7,290523
11394,0.03788,172.31.36.0-255,66,249895,7,290523
11395,0.039522,172.217.160.0-255,5738,255633,7,290523
11396,0.039529,172.31.36.0-255,66,255699,7,290523
11397,0.041148,172.217.160.0-255,5738,261437,7,290523
11398,0.041154,172.31.36.0-255,66,261503,7,290523
11399,0.042777,172.217.160.0-255,5738,267241,7,290523
11400,0.042784,172.31.36.0-255,66,267307,7,290523
11401,0.044413,172.217.160.0-255,5738,273045,7,290523
11402,0.044418,172.31.36.0-255,66,273111,7,290523
11403,0.046054,172.217.160.0-255,5738,278849,7,290523
11404,0.046061,172.31.36.0-255,66,278915,7,290523
11405,0.047687,172.217.160.0-255,5738,284653,7,290523
11406,0.047693,172.31.36.0-255,66,284719,7,290523
11407,0.049326,172.217.160.0-255,5738,290457,7,290523
11408,0.049332,172.31.36.0-255,66,290523,7,290523
11409,0.0,74.125.24.0-255,154,154,7,188947
11410,3.1e-05,172.31.36.0-255,66,220,7,188947
11411,3.8e-05,74.125.24.0-255,1484,1704,7,188947
11412,4.3e-05,172.31.36.0-255,66,1770,7,188947
11413,4.8e-05,74.125.24.0-255,2902,4672,7,188947
11414,5e-05,172.31.36.0-255,66,4738,7,188947
11415,6.8e-05,74.125.24.0-255,7156,11894,7,188947
11416,7.1e-05,172.31.36.0-255,66,11960,7,188947
11417,7.5e-05,74.125.24.0-255,2020,13980,7,188947
11418,7.7e-05,172.31.36.0-255,66,14046,7,188947
11419,9.1e-05,172.31.36.0-255,66,14112,7,188947
11420,9.4e-05,74.125.24.0-255,1484,15596,7,188947
11421,9.6e-05,172.31.36.0-255,66,15662,7,188947
11422,0.000122,74.125.24.0-255,3961,19623,7,188947
11423,0.000125,172.31.36.0-255,66,19689,7,188947
11424,0.000287,74.125.24.0-255,1484,21173,7,188947
11425,0.000292,172.31.36.0-255,66,21239,7,188947
11426,0.000298,74.125.24.0-255,2902,24141,7,188947
11427,0.000301,172.31.36.0-255,66,24207,7,188947
11428,0.000327,74.125.24.0-255,5738,29945,7,188947
11429,0.000331,172.31.36.0-255,66,30011,7,188947
11430,0.000351,74.125.24.0-255,7156,37167,7,188947
11431,0.000355,172.31.36.0-255,66,37233,7,188947
11432,0.000386,74.125.24.0-255,5738,42971,7,188947
11433,0.00039,172.31.36.0-255,66,43037,7,188947
11434,0.000397,74.125.24.0-255,7156,50193,7,188947
11435,0.000399,172.31.36.0-255,66,50259,7,188947
11436,0.000404,74.125.24.0-255,3602,53861,7,188947
11437,0.000406,172.31.36.0-255,66,53927,7,188947
11438,0.000436,74.125.24.0-255,399,54326,7,188947
11439,0.000439,172.31.36.0-255,66,54392,7,188947
11440,0.000479,74.125.24.0-255,111,54503,7,188947
11441,0.000666,74.125.24.0-255,1484,55987,7,188947
11442,0.00067,172.31.36.0-255,66,56053,7,188947
11443,0.000675,74.125.24.0-255,2902,58955,7,188947
11444,0.000677,172.31.36.0-255,66,59021,7,188947
11445,0.000683,74.125.24.0-255,4320,63341,7,188947
11446,0.000692,172.31.36.0-255,66,63407,7,188947
11447,0.000714,74.125.24.0-255,1484,64891,7,188947
11448,0.000726,172.31.36.0-255,66,64957,7,188947
11449,0.000756,74.125.24.0-255,2902,67859,7,188947
11450,0.000759,172.31.36.0-255,66,67925,7,188947
11451,0.000797,172.31.36.0-255,66,67991,7,188947
11452,0.001292,74.125.24.0-255,1484,69475,7,188947
11453,0.001303,74.125.24.0-255,2902,72377,7,188947
11454,0.001307,172.31.36.0-255,66,72443,7,188947
11455,0.001311,74.125.24.0-255,1484,73927,7,188947
11456,0.001315,74.125.24.0-255,2902,76829,7,188947
11457,0.001317,172.31.36.0-255,66,76895,7,188947
11458,0.00132,74.125.24.0-255,1484,78379,7,188947
11459,0.001353,74.125.24.0-255,4320,82699,7,188947
11460,0.001356,172.31.36.0-255,66,82765,7,188947
11461,0.001386,74.125.24.0-255,5738,88503,7,188947
11462,0.001389,172.31.36.0-255,66,88569,7,188947
11463,0.001421,74.125.24.0-255,7156,95725,7,188947
11464,0.001425,172.31.36.0-255,66,95791,7,188947
11465,0.001431,74.125.24.0-255,5738,101529,7,188947
11466,0.001433,172.31.36.0-255,66,101595,7,188947
11467,0.001435,74.125.24.0-255,766,102361,7,188947
11468,0.001592,74.125.24.0-255,1484,103845,7,188947
11469,0.001597,172.31.36.0-255,66,103911,7,188947
11470,0.001602,74.125.24.0-255,2902,106813,7,188947
11471,0.001604,172.31.36.0-255,66,106879,7,188947
11472,0.001608,74.125.24.0-255,2902,109781,7,188947
11473,0.00161,172.31.36.0-255,66,109847,7,188947
11474,0.001641,74.125.24.0-255,2902,112749,7,188947
11475,0.001645,172.31.36.0-255,66,112815,7,188947
11476,0.001656,172.31.36.0-255,66,112881,7,188947
11477,0.001683,172.31.36.0-255,66,112947,7,188947
11478,0.001722,74.125.24.0-255,5020,117967,7,188947
11479,0.001728,172.31.36.0-255,66,118033,7,188947
11480,0.001741,172.31.36.0-255,66,118099,7,188947
11481,0.00175,172.31.36.0-255,66,118165,7,188947
11482,0.001785,74.125.24.0-255,6438,124603,7,188947
11483,0.001791,172.31.36.0-255,66,124669,7,188947
11484,0.001795,74.125.24.0-255,2902,127571,7,188947
11485,0.001797,172.31.36.0-255,66,127637,7,188947
11486,0.001801,74.125.24.0-255,4320,131957,7,188947
11487,0.001802,172.31.36.0-255,66,132023,7,188947
11488,0.001811,172.31.36.0-255,66,132089,7,188947
11489,0.001838,74.125.24.0-255,5738,137827,7,188947
11490,0.001841,172.31.36.0-255,66,137893,7,188947
11491,0.001871,74.125.24.0-255,4320,142213,7,188947
11492,0.001873,172.31.36.0-255,66,142279,7,188947
11493,0.001905,172.31.36.0-255,66,142345,7,188947
11494,0.00193,74.125.24.0-255,5738,148083,7,188947
11495,0.001932,172.31.36.0-255,66,148149,7,188947
11496,0.001937,74.125.24.0-255,5738,153887,7,188947
11497,0.001939,172.31.36.0-255,66,153953,7,188947
11498,0.001963,74.125.24.0-255,1484,155437,7,188947
11499,0.001968,74.125.24.0-255,2902,158339,7,188947
11500,0.00197,172.31.36.0-255,66,158405,7,188947
11501,0.002012,172.31.36.0-255,66,158471,7,188947
11502,0.002041,172.31.36.0-255,66,158537,7,188947
11503,0.002068,74.125.24.0-255,6438,164975,7,188947
11504,0.002071,172.31.36.0-255,66,165041,7,188947
11505,0.002083,172.31.36.0-255,66,165107,7,188947
11506,0.002107,74.125.24.0-255,1484,166591,7,188947
11507,0.002112,74.125.24.0-255,4320,170911,7,188947
11508,0.002115,172.31.36.0-255,66,170977,7,188947
11509,0.002189,172.31.36.0-255,66,171043,7,188947
11510,0.002221,74.125.24.0-255,6438,177481,7,188947
11511,0.002225,172.31.36.0-255,66,177547,7,188947
11512,0.002247,172.31.36.0-255,66,177613,7,188947
11513,0.002259,172.31.36.0-255,66,177679,7,188947
11514,0.0023,172.31.36.0-255,66,177745,7,188947
11515,0.002307,74.125.24.0-255,6438,184183,7,188947
11516,0.002309,172.31.36.0-255,66,184249,7,188947
11517,0.002367,172.31.36.0-255,66,184315,7,188947
11518,0.00237,74.125.24.0-255,105,184420,7,188947
11519,0.00421,172.31.36.0-255,66,184486,7,188947
11520,0.004246,172.31.36.0-255,105,184591,7,188947
11521,0.006828,74.125.24.0-255,66,184657,7,188947
11522,0.030689,172.31.36.0-255,172,184829,7,188947
11523,0.030743,172.31.36.0-255,1115,185944,7,188947
11524,0.030822,172.31.36.0-255,1514,187458,7,188947
11525,0.030824,172.31.36.0-255,1291,188749,7,188947
11526,0.032204,104.244.42.0-255,66,188815,7,188947
11527,0.032333,104.244.42.0-255,66,188881,7,188947
11528,0.032386,104.244.42.0-255,66,188947,7,188947
11529,0.0,172.217.194.0-255,153,153,7,216928
11530,2.3e-05,172.31.36.0-255,66,219,7,216928
11531,3.1e-05,172.217.194.0-255,1484,1703,7,216928
11532,3.5e-05,172.31.36.0-255,66,1769,7,216928
11533,4.1e-05,172.217.194.0-255,2902,4671,7,216928
11534,4.4e-05,172.31.36.0-255,66,4737,7,216928
11535,5.2e-05,172.217.194.0-255,7156,11893,7,216928
11536,5.5e-05,172.31.36.0-255,66,11959,7,216928
11537,5.9e-05,172.217.194.0-255,2019,13978,7,216928
11538,6.1e-05,172.31.36.0-255,66,14044,7,216928
11539,6.6e-05,172.217.194.0-255,1484,15528,7,216928
11540,6.8e-05,172.31.36.0-255,66,15594,7,216928
11541,9.1e-05,172.217.194.0-255,1484,17078,7,216928
11542,9.5e-05,172.31.36.0-255,66,17144,7,216928
11543,0.000102,172.217.194.0-255,7156,24300,7,216928
11544,0.000104,172.31.36.0-255,66,24366,7,216928
11545,0.000116,172.31.36.0-255,66,24432,7,216928
11546,0.000172,172.217.194.0-255,4320,28752,7,216928
11547,0.000175,172.31.36.0-255,66,28818,7,216928
11548,0.000208,172.31.36.0-255,66,28884,7,216928
11549,0.000344,172.217.194.0-255,1484,30368,7,216928
11550,0.000349,172.31.36.0-255,66,30434,7,216928
11551,0.000353,172.217.194.0-255,1484,31918,7,216928
11552,0.000356,172.31.36.0-255,66,31984,7,216928
11553,0.000369,172.217.194.0-255,1484,33468,7,216928
11554,0.000371,172.31.36.0-255,66,33534,7,216928
11555,0.000374,172.217.194.0-255,1484,35018,7,216928
11556,0.000376,172.31.36.0-255,66,35084,7,216928
11557,0.000396,172.217.194.0-255,4320,39404,7,216928
11558,0.000398,172.31.36.0-255,66,39470,7,216928
11559,0.000422,172.217.194.0-255,2902,42372,7,216928
11560,0.000424,172.31.36.0-255,66,42438,7,216928
11561,0.000438,172.217.194.0-255,4550,46988,7,216928
11562,0.000441,172.31.36.0-255,66,47054,7,216928
11563,0.001103,172.217.194.0-255,1484,48538,7,216928
11564,0.001114,172.217.194.0-255,2902,51440,7,216928
11565,0.001117,172.31.36.0-255,66,51506,7,216928
11566,0.001123,172.217.194.0-255,2902,54408,7,216928
11567,0.001125,172.31.36.0-255,66,54474,7,216928
11568,0.001131,172.217.194.0-255,4320,58794,7,216928
11569,0.001133,172.31.36.0-255,66,58860,7,216928
11570,0.001162,172.217.194.0-255,1484,60344,7,216928
11571,0.001184,172.217.194.0-255,7156,67500,7,216928
11572,0.001187,172.31.36.0-255,66,67566,7,216928
11573,0.001198,172.31.36.0-255,66,67632,7,216928
11574,0.001219,172.217.194.0-255,1484,69116,7,216928
11575,0.001243,172.217.194.0-255,3602,72718,7,216928
11576,0.001246,172.31.36.0-255,66,72784,7,216928
11577,0.001638,172.217.194.0-255,1484,74268,7,216928
11578,0.001647,172.217.194.0-255,2902,77170,7,216928
11579,0.001652,172.31.36.0-255,66,77236,7,216928
11580,0.001659,172.217.194.0-255,5738,82974,7,216928
11581,0.001661,172.31.36.0-255,66,83040,7,216928
11582,0.001668,172.217.194.0-255,7156,90196,7,216928
11583,0.00167,172.31.36.0-255,66,90262,7,216928
11584,0.001694,172.217.194.0-255,5738,96000,7,216928
11585,0.001696,172.31.36.0-255,66,96066,7,216928
11586,0.001709,172.31.36.0-255,66,96132,7,216928
11587,0.001738,172.217.194.0-255,2902,99034,7,216928
11588,0.001741,172.31.36.0-255,66,99100,7,216928
11589,0.001789,172.31.36.0-255,66,99166,7,216928
11590,0.001793,172.217.194.0-255,2902,102068,7,216928
11591,0.001795,172.31.36.0-255,66,102134,7,216928
11592,0.001823,172.31.36.0-255,66,102200,7,216928
11593,0.004154,172.217.194.0-255,5738,107938,7,216928
11594,0.004159,172.31.36.0-255,66,108004,7,216928
11595,0.006473,172.217.194.0-255,5738,113742,7,216928
11596,0.006479,172.31.36.0-255,66,113808,7,216928
11597,0.008816,172.217.194.0-255,5738,119546,7,216928
11598,0.008824,172.31.36.0-255,66,119612,7,216928
11599,0.01117,172.217.194.0-255,5738,125350,7,216928
11600,0.011178,172.31.36.0-255,66,125416,7,216928
11601,0.013521,172.217.194.0-255,5738,131154,7,216928
11602,0.01353,172.31.36.0-255,66,131220,7,216928
11603,0.015881,172.217.194.0-255,5738,136958,7,216928
11604,0.015892,172.31.36.0-255,66,137024,7,216928
11605,0.01824,172.217.194.0-255,5738,142762,7,216928
11606,0.018246,172.31.36.0-255,66,142828,7,216928
11607,0.020577,172.217.194.0-255,5738,148566,7,216928
11608,0.020585,172.31.36.0-255,66,148632,7,216928
11609,0.022975,172.217.194.0-255,5738,154370,7,216928
11610,0.022983,172.31.36.0-255,66,154436,7,216928
11611,0.025314,172.217.194.0-255,5738,160174,7,216928
11612,0.025321,172.31.36.0-255,66,160240,7,216928
11613,0.02767,172.217.194.0-255,5738,165978,7,216928
11614,0.027679,172.31.36.0-255,66,166044,7,216928
11615,0.03,172.217.194.0-255,5738,171782,7,216928
11616,0.030008,172.31.36.0-255,66,171848,7,216928
11617,0.032345,172.217.194.0-255,5738,177586,7,216928
11618,0.032352,172.31.36.0-255,66,177652,7,216928
11619,0.034698,172.217.194.0-255,5738,183390,7,216928
11620,0.034707,172.31.36.0-255,66,183456,7,216928
11621,0.037059,172.217.194.0-255,5738,189194,7,216928
11622,0.037067,172.31.36.0-255,66,189260,7,216928
11623,0.039423,172.217.194.0-255,5738,194998,7,216928
11624,0.039434,172.31.36.0-255,66,195064,7,216928
11625,0.041771,172.217.194.0-255,5738,200802,7,216928
11626,0.041785,172.31.36.0-255,66,200868,7,216928
11627,0.044107,172.217.194.0-255,5738,206606,7,216928
11628,0.044116,172.31.36.0-255,66,206672,7,216928
11629,0.046454,172.217.194.0-255,4320,210992,7,216928
11630,0.046462,172.31.36.0-255,66,211058,7,216928
11631,0.046483,172.217.194.0-255,1484,212542,7,216928
11632,0.048804,172.217.194.0-255,4320,216862,7,216928
11633,0.048811,172.31.36.0-255,66,216928,7,216928
11634,0.0,172.217.194.0-255,143,143,7,232520
11635,2.2e-05,172.31.36.0-255,66,209,7,232520
11636,2.9e-05,172.217.194.0-255,1484,1693,7,232520
11637,3.4e-05,172.31.36.0-255,66,1759,7,232520
11638,4.7e-05,172.217.194.0-255,2902,4661,7,232520
11639,5e-05,172.31.36.0-255,66,4727,7,232520
11640,5.7e-05,172.217.194.0-255,7156,11883,7,232520
11641,6e-05,172.31.36.0-255,66,11949,7,232520
11642,6.7e-05,172.217.194.0-255,6249,18198,7,232520
11643,7e-05,172.31.36.0-255,66,18264,7,232520
11644,0.000124,172.31.36.0-255,66,18330,7,232520
11645,0.000142,172.31.36.0-255,66,18396,7,232520
11646,0.000147,172.217.194.0-255,3961,22357,7,232520
11647,0.000149,172.31.36.0-255,66,22423,7,232520
11648,0.000199,172.217.194.0-255,5738,28161,7,232520
11649,0.000202,172.31.36.0-255,66,28227,7,232520
11650,0.000239,172.31.36.0-255,66,28293,7,232520
11651,0.000734,172.217.194.0-255,368,28661,7,232520
11652,0.000739,172.31.36.0-255,66,28727,7,232520
11653,0.001043,172.217.194.0-255,1484,30211,7,232520
11654,0.001047,172.31.36.0-255,66,30277,7,232520
11655,0.001055,172.217.194.0-255,2902,33179,7,232520
11656,0.001057,172.31.36.0-255,66,33245,7,232520
11657,0.001066,172.217.194.0-255,2902,36147,7,232520
11658,0.001068,172.31.36.0-255,66,36213,7,232520
11659,0.001102,172.217.194.0-255,2902,39115,7,232520
11660,0.001105,172.31.36.0-255,66,39181,7,232520
11661,0.001118,172.31.36.0-255,66,39247,7,232520
11662,0.001129,172.31.36.0-255,66,39313,7,232520
11663,0.001246,172.217.194.0-255,1484,40797,7,232520
11664,0.001253,172.217.194.0-255,2902,43699,7,232520
11665,0.001256,172.31.36.0-255,66,43765,7,232520
11666,0.001263,172.217.194.0-255,5738,49503,7,232520
11667,0.001265,172.31.36.0-255,66,49569,7,232520
11668,0.001294,172.217.194.0-255,5738,55307,7,232520
11669,0.001297,172.31.36.0-255,66,55373,7,232520
11670,0.001327,172.217.194.0-255,7156,62529,7,232520
11671,0.001329,172.31.36.0-255,66,62595,7,232520
11672,0.001339,172.31.36.0-255,66,62661,7,232520
11673,0.001346,172.217.194.0-255,766,63427,7,232520
11674,0.001517,172.217.194.0-255,1484,64911,7,232520
11675,0.001522,172.31.36.0-255,66,64977,7,232520
11676,0.001527,172.217.194.0-255,2902,67879,7,232520
11677,0.00153,172.31.36.0-255,66,67945,7,232520
11678,0.001539,172.217.194.0-255,5738,73683,7,232520
11679,0.001541,172.31.36.0-255,66,73749,7,232520
11680,0.001572,172.31.36.0-255,66,73815,7,232520
11681,0.001593,172.217.194.0-255,4320,78135,7,232520
11682,0.001596,172.31.36.0-255,66,78201,7,232520
11683,0.0016,172.217.194.0-255,2902,81103,7,232520
11684,0.001602,172.31.36.0-255,66,81169,7,232520
11685,0.001639,172.31.36.0-255,66,81235,7,232520
11686,0.001696,172.217.194.0-255,1484,82719,7,232520
11687,0.001701,172.217.194.0-255,2902,85621,7,232520
11688,0.001704,172.31.36.0-255,66,85687,7,232520
11689,0.00171,172.217.194.0-255,5738,91425,7,232520
11690,0.001713,172.31.36.0-255,66,91491,7,232520
11691,0.001737,172.217.194.0-255,5738,97229,7,232520
11692,0.001739,172.31.36.0-255,66,97295,7,232520
11693,0.001767,172.217.194.0-255,7156,104451,7,232520
11694,0.00177,172.31.36.0-255,66,104517,7,232520
11695,0.001785,172.31.36.0-255,66,104583,7,232520
11696,0.001924,172.217.194.0-255,1484,106067,7,232520
11697,0.00194,172.217.194.0-255,2902,108969,7,232520
11698,0.001944,172.31.36.0-255,66,109035,7,232520
11699,0.001968,172.217.194.0-255,4320,113355,7,232520
11700,0.001971,172.31.36.0-255,66,113421,7,232520
11701,0.001992,172.217.194.0-255,1484,114905,7,232520
11702,0.001999,172.217.194.0-255,7156,122061,7,232520
11703,0.002003,172.217.194.0-255,2902,124963,7,232520
11704,0.002033,172.217.194.0-255,5738,130701,7,232520
11705,0.00204,172.217.194.0-255,5738,136439,7,232520
11706,0.002071,172.217.194.0-255,2184,138623,7,232520
11707,0.002179,172.217.194.0-255,1484,140107,7,232520
11708,0.002198,172.217.194.0-255,2902,143009,7,232520
11709,0.002204,172.217.194.0-255,4320,147329,7,232520
11710,0.002216,172.217.194.0-255,1484,148813,7,232520
11711,0.002219,172.217.194.0-255,1484,150297,7,232520
11712,0.002293,172.217.194.0-255,2184,152481,7,232520
11713,0.002341,172.217.194.0-255,1484,153965,7,232520
11714,0.002344,172.217.194.0-255,1484,155449,7,232520
11715,0.002363,172.217.194.0-255,1484,156933,7,232520
11716,0.00237,172.217.194.0-255,5738,162671,7,232520
11717,0.002383,172.217.194.0-255,4320,166991,7,232520
11718,0.002413,172.217.194.0-255,2902,169893,7,232520
11719,0.002431,172.217.194.0-255,5738,175631,7,232520
11720,0.002456,172.217.194.0-255,2902,178533,7,232520
11721,0.002472,172.217.194.0-255,7156,185689,7,232520
11722,0.002497,172.217.194.0-255,5738,191427,7,232520
11723,0.002549,172.217.194.0-255,1484,192911,7,232520
11724,0.002598,172.217.194.0-255,3602,196513,7,232520
11725,0.004902,172.31.36.0-255,66,196579,7,232520
11726,0.007458,172.217.194.0-255,5738,202317,7,232520
11727,0.007465,172.31.36.0-255,66,202383,7,232520
11728,0.009963,172.217.194.0-255,5738,208121,7,232520
11729,0.00997,172.31.36.0-255,66,208187,7,232520
11730,0.012468,172.217.194.0-255,5738,213925,7,232520
11731,0.012476,172.31.36.0-255,66,213991,7,232520
11732,0.014988,172.217.194.0-255,5738,219729,7,232520
11733,0.014997,172.31.36.0-255,66,219795,7,232520
11734,0.017527,172.217.194.0-255,5738,225533,7,232520
11735,0.017535,172.31.36.0-255,66,225599,7,232520
11736,0.020057,172.217.194.0-255,5738,231337,7,232520
11737,0.020066,172.31.36.0-255,66,231403,7,232520
11738,0.022562,172.217.194.0-255,880,232283,7,232520
11739,0.02291,172.31.36.0-255,66,232349,7,232520
11740,0.022958,172.31.36.0-255,105,232454,7,232520
11741,0.025413,172.217.194.0-255,66,232520,7,232520
11742,0.0,172.31.36.0-255,105,105,7,105
11743,0.0,172.217.194.0-255,153,153,7,289073
11744,2.3e-05,172.31.36.0-255,66,219,7,289073
11745,3.1e-05,172.217.194.0-255,1484,1703,7,289073
11746,3.6e-05,172.31.36.0-255,66,1769,7,289073
11747,4.2e-05,172.217.194.0-255,2902,4671,7,289073
11748,5.3e-05,172.31.36.0-255,66,4737,7,289073
11749,6.2e-05,172.217.194.0-255,7156,11893,7,289073
11750,6.5e-05,172.31.36.0-255,66,11959,7,289073
11751,7.9e-05,172.31.36.0-255,66,12025,7,289073
11752,0.000105,172.217.194.0-255,4320,16345,7,289073
11753,0.000112,172.31.36.0-255,66,16411,7,289073
11754,0.00014,172.217.194.0-255,3961,20372,7,289073
11755,0.000144,172.31.36.0-255,66,20438,7,289073
11756,0.000147,172.217.194.0-255,1484,21922,7,289073
11757,0.000149,172.31.36.0-255,66,21988,7,289073
11758,0.000154,172.217.194.0-255,2902,24890,7,289073
11759,0.000157,172.31.36.0-255,66,24956,7,289073
11760,0.00016,172.217.194.0-255,1484,26440,7,289073
11761,0.000163,172.31.36.0-255,66,26506,7,289073
11762,0.000195,172.217.194.0-255,4320,30826,7,289073
11763,0.000198,172.31.36.0-255,66,30892,7,289073
11764,0.000206,172.217.194.0-255,6797,37689,7,289073
11765,0.000208,172.31.36.0-255,66,37755,7,289073
11766,0.000908,172.217.194.0-255,1484,39239,7,289073
11767,0.000914,172.31.36.0-255,66,39305,7,289073
11768,0.000921,172.217.194.0-255,2902,42207,7,289073
11769,0.000923,172.31.36.0-255,66,42273,7,289073
11770,0.000935,172.217.194.0-255,5738,48011,7,289073
11771,0.000938,172.31.36.0-255,66,48077,7,289073
11772,0.000974,172.217.194.0-255,6797,54874,7,289073
11773,0.000977,172.31.36.0-255,66,54940,7,289073
11774,0.001002,172.217.194.0-255,1484,56424,7,289073
11775,0.001024,172.217.194.0-255,5738,62162,7,289073
11776,0.001026,172.31.36.0-255,66,62228,7,289073
11777,0.00103,172.217.194.0-255,1484,63712,7,289073
11778,0.001066,172.31.36.0-255,66,63778,7,289073
11779,0.001074,172.217.194.0-255,7156,70934,7,289073
11780,0.001076,172.31.36.0-255,66,71000,7,289073
11781,0.001132,172.31.36.0-255,66,71066,7,289073
11782,0.001284,172.217.194.0-255,1484,72550,7,289073
11783,0.001289,172.217.194.0-255,1484,74034,7,289073
11784,0.001293,172.31.36.0-255,66,74100,7,289073
11785,0.001317,172.217.194.0-255,1484,75584,7,289073
11786,0.001325,172.217.194.0-255,5738,81322,7,289073
11787,0.001328,172.31.36.0-255,66,81388,7,289073
11788,0.001339,172.31.36.0-255,66,81454,7,289073
11789,0.001385,172.217.194.0-255,5020,86474,7,289073
11790,0.001402,172.31.36.0-255,66,86540,7,289073
11791,0.001612,172.217.194.0-255,1484,88024,7,289073
11792,0.001627,172.217.194.0-255,2902,90926,7,289073
11793,0.001631,172.31.36.0-255,66,90992,7,289073
11794,0.001637,172.217.194.0-255,2902,93894,7,289073
11795,0.001639,172.31.36.0-255,66,93960,7,289073
11796,0.00166,172.217.194.0-255,2902,96862,7,289073
11797,0.001667,172.31.36.0-255,66,96928,7,289073
11798,0.001673,172.217.194.0-255,4320,101248,7,289073
11799,0.001675,172.31.36.0-255,66,101314,7,289073
11800,0.001732,172.217.194.0-255,2184,103498,7,289073
11801,0.001738,172.31.36.0-255,66,103564,7,289073
11802,0.001746,172.31.36.0-255,66,103630,7,289073
11803,0.001756,172.217.194.0-255,2902,106532,7,289073
11804,0.001762,172.31.36.0-255,66,106598,7,289073
11805,0.00179,172.217.194.0-255,7156,113754,7,289073
11806,0.001823,172.31.36.0-255,66,113820,7,289073
11807,0.001832,172.217.194.0-255,2902,116722,7,289073
11808,0.001841,172.31.36.0-255,66,116788,7,289073
11809,0.001895,172.31.36.0-255,66,116854,7,289073
11810,0.001948,172.217.194.0-255,1484,118338,7,289073
11811,0.001952,172.217.194.0-255,1484,119822,7,289073
11812,0.001964,172.217.194.0-255,1484,121306,7,289073
11813,0.001969,172.217.194.0-255,2902,124208,7,289073
11814,0.001973,172.31.36.0-255,66,124274,7,289073
11815,0.001987,172.217.194.0-255,2902,127176,7,289073
11816,0.001997,172.217.194.0-255,5738,132914,7,289073
11817,0.001999,172.217.194.0-255,1484,134398,7,289073
11818,0.002003,172.31.36.0-255,66,134464,7,289073
11819,0.002015,172.217.194.0-255,5738,140202,7,289073
11820,0.002033,172.217.194.0-255,5738,145940,7,289073
11821,0.002039,172.217.194.0-255,5020,150960,7,289073
11822,0.002061,172.31.36.0-255,66,151026,7,289073
11823,0.004063,172.217.194.0-255,5738,156764,7,289073
11824,0.00407,172.31.36.0-255,66,156830,7,289073
11825,0.006139,172.217.194.0-255,5738,162568,7,289073
11826,0.006147,172.31.36.0-255,66,162634,7,289073
11827,0.008177,172.217.194.0-255,5738,168372,7,289073
11828,0.008185,172.31.36.0-255,66,168438,7,289073
11829,0.010208,172.217.194.0-255,5738,174176,7,289073
11830,0.010216,172.31.36.0-255,66,174242,7,289073
11831,0.012222,172.217.194.0-255,5738,179980,7,289073
11832,0.01223,172.31.36.0-255,66,180046,7,289073
11833,0.014302,172.217.194.0-255,5738,185784,7,289073
11834,0.01431,172.31.36.0-255,66,185850,7,289073
11835,0.016363,172.217.194.0-255,5738,191588,7,289073
11836,0.016373,172.31.36.0-255,66,191654,7,289073
11837,0.018389,172.217.194.0-255,5738,197392,7,289073
11838,0.0184,172.31.36.0-255,66,197458,7,289073
11839,0.020422,172.217.194.0-255,5738,203196,7,289073
11840,0.020432,172.31.36.0-255,66,203262,7,289073
11841,0.022486,172.217.194.0-255,5738,209000,7,289073
11842,0.022494,172.31.36.0-255,66,209066,7,289073
11843,0.024517,172.217.194.0-255,5738,214804,7,289073
11844,0.024523,172.31.36.0-255,66,214870,7,289073
11845,0.026546,172.217.194.0-255,2902,217772,7,289073
11846,0.026553,172.31.36.0-255,66,217838,7,289073
11847,0.026582,172.217.194.0-255,2902,220740,7,289073
11848,0.026586,172.31.36.0-255,66,220806,7,289073
11849,0.028588,172.217.194.0-255,2902,223708,7,289073
11850,0.028596,172.31.36.0-255,66,223774,7,289073
11851,0.028625,172.217.194.0-255,2902,226676,7,289073
11852,0.028628,172.31.36.0-255,66,226742,7,289073
11853,0.030629,172.217.194.0-255,5738,232480,7,289073
11854,0.030637,172.31.36.0-255,66,232546,7,289073
11855,0.032669,172.217.194.0-255,5738,238284,7,289073
11856,0.032677,172.31.36.0-255,66,238350,7,289073
11857,0.034698,172.217.194.0-255,5738,244088,7,289073
11858,0.034706,172.31.36.0-255,66,244154,7,289073
11859,0.035257,172.31.36.0-255,172,244326,7,289073
11860,0.035286,172.31.36.0-255,1114,245440,7,289073
11861,0.035343,172.31.36.0-255,1514,246954,7,289073
11862,0.035345,172.31.36.0-255,1293,248247,7,289073
11863,0.036733,172.217.194.0-255,5738,253985,7,289073
11864,0.036745,172.31.36.0-255,66,254051,7,289073
11865,0.036785,104.244.42.0-255,66,254117,7,289073
11866,0.036863,104.244.42.0-255,66,254183,7,289073
11867,0.036867,104.244.42.0-255,66,254249,7,289073
11868,0.038757,172.217.194.0-255,5738,259987,7,289073
11869,0.038765,172.31.36.0-255,66,260053,7,289073
11870,0.040816,172.217.194.0-255,5738,265791,7,289073
11871,0.040826,172.31.36.0-255,66,265857,7,289073
11872,0.042873,172.217.194.0-255,5738,271595,7,289073
11873,0.04288,172.31.36.0-255,66,271661,7,289073
11874,0.044926,172.217.194.0-255,5738,277399,7,289073
11875,0.044934,172.31.36.0-255,66,277465,7,289073
11876,0.046985,172.217.194.0-255,5738,283203,7,289073
11877,0.046992,172.31.36.0-255,66,283269,7,289073
11878,0.049018,172.217.194.0-255,5738,289007,7,289073
11879,0.049025,172.31.36.0-255,66,289073,7,289073
11880,0.0,74.125.24.0-255,153,153,7,173816
11881,3.4e-05,172.31.36.0-255,66,219,7,173816
11882,4.1e-05,74.125.24.0-255,1484,1703,7,173816
11883,4.6e-05,172.31.36.0-255,66,1769,7,173816
11884,5.1e-05,74.125.24.0-255,2902,4671,7,173816
11885,6.5e-05,172.31.36.0-255,66,4737,7,173816
11886,7.1e-05,74.125.24.0-255,7156,11893,7,173816
11887,7.4e-05,172.31.36.0-255,66,11959,7,173816
11888,0.000103,74.125.24.0-255,5738,17697,7,173816
11889,0.000112,172.31.36.0-255,66,17763,7,173816
11890,0.000147,172.31.36.0-255,66,17829,7,173816
11891,0.000188,172.31.36.0-255,66,17895,7,173816
11892,0.00022,172.31.36.0-255,66,17961,7,173816
11893,0.000224,74.125.24.0-255,2184,20145,7,173816
11894,0.000227,172.31.36.0-255,66,20211,7,173816
11895,0.000295,74.125.24.0-255,1484,21695,7,173816
11896,0.0003,172.31.36.0-255,66,21761,7,173816
11897,0.000305,74.125.24.0-255,2902,24663,7,173816
11898,0.000308,172.31.36.0-255,66,24729,7,173816
11899,0.000319,74.125.24.0-255,5738,30467,7,173816
11900,0.000322,172.31.36.0-255,66,30533,7,173816
11901,0.000329,74.125.24.0-255,7151,37684,7,173816
11902,0.000332,172.31.36.0-255,66,37750,7,173816
11903,0.000358,74.125.24.0-255,332,38082,7,173816
11904,0.000361,172.31.36.0-255,66,38148,7,173816
11905,0.000521,74.125.24.0-255,1484,39632,7,173816
11906,0.000525,172.31.36.0-255,66,39698,7,173816
11907,0.00053,74.125.24.0-255,2902,42600,7,173816
11908,0.000533,172.31.36.0-255,66,42666,7,173816
11909,0.000561,74.125.24.0-255,5738,48404,7,173816
11910,0.000565,172.31.36.0-255,66,48470,7,173816
11911,0.000569,74.125.24.0-255,2902,51372,7,173816
11912,0.000571,172.31.36.0-255,66,51438,7,173816
11913,0.000579,74.125.24.0-255,7156,58594,7,173816
11914,0.000582,172.31.36.0-255,66,58660,7,173816
11915,0.000615,74.125.24.0-255,2902,61562,7,173816
11916,0.000621,172.31.36.0-255,66,61628,7,173816
11917,0.000648,74.125.24.0-255,5738,67366,7,173816
11918,0.000651,172.31.36.0-255,66,67432,7,173816
11919,0.000679,74.125.24.0-255,5020,72452,7,173816
11920,0.000682,172.31.36.0-255,66,72518,7,173816
11921,0.000766,74.125.24.0-255,1484,74002,7,173816
11922,0.000771,74.125.24.0-255,1484,75486,7,173816
11923,0.000774,172.31.36.0-255,66,75552,7,173816
11924,0.0008,74.125.24.0-255,1484,77036,7,173816
11925,0.000806,74.125.24.0-255,5738,82774,7,173816
11926,0.000809,172.31.36.0-255,66,82840,7,173816
11927,0.000827,172.31.36.0-255,66,82906,7,173816
11928,0.000877,172.31.36.0-255,66,82972,7,173816
11929,0.000906,74.125.24.0-255,6438,89410,7,173816
11930,0.00091,172.31.36.0-255,66,89476,7,173816
11931,0.000916,74.125.24.0-255,5738,95214,7,173816
11932,0.000919,172.31.36.0-255,66,95280,7,173816
11933,0.000951,74.125.24.0-255,4320,99600,7,173816
11934,0.000954,172.31.36.0-255,66,99666,7,173816
11935,0.000973,172.31.36.0-255,66,99732,7,173816
11936,0.000987,172.31.36.0-255,66,99798,7,173816
11937,0.001026,74.125.24.0-255,1484,101282,7,173816
11938,0.001029,74.125.24.0-255,1484,102766,7,173816
11939,0.001032,172.31.36.0-255,66,102832,7,173816
11940,0.001058,74.125.24.0-255,1484,104316,7,173816
11941,0.001064,74.125.24.0-255,5738,110054,7,173816
11942,0.001067,172.31.36.0-255,66,110120,7,173816
11943,0.001075,74.125.24.0-255,7156,117276,7,173816
11944,0.001079,172.31.36.0-255,66,117342,7,173816
11945,0.00109,172.31.36.0-255,66,117408,7,173816
11946,0.001128,172.31.36.0-255,66,117474,7,173816
11947,0.001163,172.31.36.0-255,66,117540,7,173816
11948,0.001193,74.125.24.0-255,4320,121860,7,173816
11949,0.001196,172.31.36.0-255,66,121926,7,173816
11950,0.001232,74.125.24.0-255,7156,129082,7,173816
11951,0.001235,172.31.36.0-255,66,129148,7,173816
11952,0.001314,172.31.36.0-255,66,129214,7,173816
11953,0.001339,172.31.36.0-255,66,129280,7,173816
11954,0.001355,172.31.36.0-255,66,129346,7,173816
11955,0.001377,74.125.24.0-255,7156,136502,7,173816
11956,0.001381,172.31.36.0-255,66,136568,7,173816
11957,0.001398,172.31.36.0-255,66,136634,7,173816
11958,0.001414,172.31.36.0-255,66,136700,7,173816
11959,0.001417,74.125.24.0-255,217,136917,7,173816
11960,0.001462,172.31.36.0-255,66,136983,7,173816
11961,0.001474,172.31.36.0-255,66,137049,7,173816
11962,0.001502,74.125.24.0-255,1484,138533,7,173816
11963,0.001526,172.31.36.0-255,66,138599,7,173816
11964,0.001531,74.125.24.0-255,2902,141501,7,173816
11965,0.001533,172.31.36.0-255,66,141567,7,173816
11966,0.00156,74.125.24.0-255,4320,145887,7,173816
11967,0.001564,172.31.36.0-255,66,145953,7,173816
11968,0.001574,172.31.36.0-255,66,146019,7,173816
11969,0.001583,74.125.24.0-255,2902,148921,7,173816
11970,0.001586,172.31.36.0-255,66,148987,7,173816
11971,0.001627,172.31.36.0-255,66,149053,7,173816
11972,0.00164,172.31.36.0-255,66,149119,7,173816
11973,0.001654,172.31.36.0-255,66,149185,7,173816
11974,0.001831,74.125.24.0-255,1484,150669,7,173816
11975,0.001837,74.125.24.0-255,2902,153571,7,173816
11976,0.00184,172.31.36.0-255,66,153637,7,173816
11977,0.001846,74.125.24.0-255,4320,157957,7,173816
11978,0.001849,172.31.36.0-255,66,158023,7,173816
11979,0.001878,74.125.24.0-255,1484,159507,7,173816
11980,0.001925,172.31.36.0-255,66,159573,7,173816
11981,0.001953,74.125.24.0-255,1484,161057,7,173816
11982,0.00196,74.125.24.0-255,7156,168213,7,173816
11983,0.001963,172.31.36.0-255,66,168279,7,173816
11984,0.001966,74.125.24.0-255,878,169157,7,173816
11985,0.001969,74.125.24.0-255,105,169262,7,173816
11986,0.00358,172.31.36.0-255,66,169328,7,173816
11987,0.003607,172.31.36.0-255,105,169433,7,173816
11988,0.006156,74.125.24.0-255,66,169499,7,173816
11989,0.031861,172.31.36.0-255,199,169698,7,173816
11990,0.03189,172.31.36.0-255,1139,170837,7,173816
11991,0.031933,172.31.36.0-255,1514,172351,7,173816
11992,0.031934,172.31.36.0-255,1267,173618,7,173816
11993,0.03341,104.244.42.0-255,66,173684,7,173816
11994,0.033434,104.244.42.0-255,66,173750,7,173816
11995,0.033512,104.244.42.0-255,66,173816,7,173816
11996,0.0,74.125.24.0-255,153,153,7,197234
11997,2.2e-05,172.31.36.0-255,66,219,7,197234
11998,2.9e-05,74.125.24.0-255,1484,1703,7,197234
11999,3.2e-05,172.31.36.0-255,66,1769,7,197234
12000,3.8e-05,74.125.24.0-255,2902,4671,7,197234
12001,4.1e-05,172.31.36.0-255,66,4737,7,197234
12002,4.7e-05,74.125.24.0-255,7156,11893,7,197234
12003,5e-05,172.31.36.0-255,66,11959,7,197234
12004,5.3e-05,74.125.24.0-255,1484,13443,7,197234
12005,5.5e-05,172.31.36.0-255,66,13509,7,197234
12006,0.000109,172.31.36.0-255,66,13575,7,197234
12007,0.000115,74.125.24.0-255,6797,20372,7,197234
12008,0.000117,172.31.36.0-255,66,20438,7,197234
12009,0.000242,74.125.24.0-255,1484,21922,7,197234
12010,0.000246,172.31.36.0-255,66,21988,7,197234
12011,0.000273,74.125.24.0-255,2902,24890,7,197234
12012,0.000276,172.31.36.0-255,66,24956,7,197234
12013,0.000281,74.125.24.0-255,5738,30694,7,197234
12014,0.000284,172.31.36.0-255,66,30760,7,197234
12015,0.000301,74.125.24.0-255,6797,37557,7,197234
12016,0.000303,172.31.36.0-255,66,37623,7,197234
12017,0.000307,74.125.24.0-255,2902,40525,7,197234
12018,0.000309,172.31.36.0-255,66,40591,7,197234
12019,0.00033,74.125.24.0-255,4320,44911,7,197234
12020,0.000333,172.31.36.0-255,66,44977,7,197234
12021,0.00036,172.31.36.0-255,66,45043,7,197234
12022,0.000363,74.125.24.0-255,130,45173,7,197234
12023,0.000365,172.31.36.0-255,66,45239,7,197234
12024,0.000917,74.125.24.0-255,353,45592,7,197234
12025,0.000921,172.31.36.0-255,66,45658,7,197234
12026,0.001032,74.125.24.0-255,1484,47142,7,197234
12027,0.001041,74.125.24.0-255,2902,50044,7,197234
12028,0.001045,172.31.36.0-255,66,50110,7,197234
12029,0.001051,74.125.24.0-255,5738,55848,7,197234
12030,0.001053,172.31.36.0-255,66,55914,7,197234
12031,0.001056,74.125.24.0-255,1484,57398,7,197234
12032,0.00108,172.31.36.0-255,66,57464,7,197234
12033,0.00109,172.31.36.0-255,66,57530,7,197234
12034,0.001126,74.125.24.0-255,2184,59714,7,197234
12035,0.001129,172.31.36.0-255,66,59780,7,197234
12036,0.001904,74.125.24.0-255,1484,61264,7,197234
12037,0.001912,74.125.24.0-255,2902,64166,7,197234
12038,0.001916,172.31.36.0-255,66,64232,7,197234
12039,0.001923,74.125.24.0-255,5738,69970,7,197234
12040,0.001924,172.31.36.0-255,66,70036,7,197234
12041,0.001927,74.125.24.0-255,1484,71520,7,197234
12042,0.00195,74.125.24.0-255,2902,74422,7,197234
12043,0.001952,172.31.36.0-255,66,74488,7,197234
12044,0.001958,74.125.24.0-255,5738,80226,7,197234
12045,0.00196,172.31.36.0-255,66,80292,7,197234
12046,0.001988,172.31.36.0-255,66,80358,7,197234
12047,0.001993,74.125.24.0-255,3602,83960,7,197234
12048,0.001994,172.31.36.0-255,66,84026,7,197234
12049,0.004405,74.125.24.0-255,4320,88346,7,197234
12050,0.00441,172.31.36.0-255,66,88412,7,197234
12051,0.004421,74.125.24.0-255,1484,89896,7,197234
12052,0.006797,74.125.24.0-255,4320,94216,7,197234
12053,0.006812,172.31.36.0-255,66,94282,7,197234
12054,0.009217,74.125.24.0-255,5738,100020,7,197234
12055,0.009225,172.31.36.0-255,66,100086,7,197234
12056,0.011649,74.125.24.0-255,5738,105824,7,197234
12057,0.01166,172.31.36.0-255,66,105890,7,197234
12058,0.01406,74.125.24.0-255,5738,111628,7,197234
12059,0.014073,172.31.36.0-255,66,111694,7,197234
12060,0.016483,74.125.24.0-255,5738,117432,7,197234
12061,0.016495,172.31.36.0-255,66,117498,7,197234
12062,0.018881,74.125.24.0-255,5738,123236,7,197234
12063,0.018888,172.31.36.0-255,66,123302,7,197234
12064,0.021287,74.125.24.0-255,5738,129040,7,197234
12065,0.021294,172.31.36.0-255,66,129106,7,197234
12066,0.023447,172.31.36.0-255,166,129272,7,197234
12067,0.023483,172.31.36.0-255,1138,130410,7,197234
12068,0.02354,172.31.36.0-255,1514,131924,7,197234
12069,0.023541,172.31.36.0-255,1268,133192,7,197234
12070,0.023699,74.125.24.0-255,5738,138930,7,197234
12071,0.023705,172.31.36.0-255,66,138996,7,197234
12072,0.024994,104.244.42.0-255,66,139062,7,197234
12073,0.025044,104.244.42.0-255,66,139128,7,197234
12074,0.025126,104.244.42.0-255,66,139194,7,197234
12075,0.026097,74.125.24.0-255,5738,144932,7,197234
12076,0.026102,172.31.36.0-255,66,144998,7,197234
12077,0.028523,74.125.24.0-255,5738,150736,7,197234
12078,0.028537,172.31.36.0-255,66,150802,7,197234
12079,0.030934,74.125.24.0-255,5738,156540,7,197234
12080,0.030941,172.31.36.0-255,66,156606,7,197234
12081,0.033364,74.125.24.0-255,5738,162344,7,197234
12082,0.033372,172.31.36.0-255,66,162410,7,197234
12083,0.035745,74.125.24.0-255,5738,168148,7,197234
12084,0.035752,172.31.36.0-255,66,168214,7,197234
12085,0.038139,74.125.24.0-255,5738,173952,7,197234
12086,0.038146,172.31.36.0-255,66,174018,7,197234
12087,0.040532,74.125.24.0-255,5738,179756,7,197234
12088,0.040539,172.31.36.0-255,66,179822,7,197234
12089,0.042947,74.125.24.0-255,5738,185560,7,197234
12090,0.042959,172.31.36.0-255,66,185626,7,197234
12091,0.045341,74.125.24.0-255,5738,191364,7,197234
12092,0.045352,172.31.36.0-255,66,191430,7,197234
12093,0.047749,74.125.24.0-255,5738,197168,7,197234
12094,0.047756,172.31.36.0-255,66,197234,7,197234
12095,0.0,172.217.194.0-255,153,153,7,279639
12096,2.3e-05,172.31.36.0-255,66,219,7,279639
12097,3e-05,172.217.194.0-255,1484,1703,7,279639
12098,3.6e-05,172.31.36.0-255,66,1769,7,279639
12099,4.2e-05,172.217.194.0-255,2902,4671,7,279639
12100,4.5e-05,172.31.36.0-255,66,4737,7,279639
12101,5.2e-05,172.217.194.0-255,5738,10475,7,279639
12102,5.5e-05,172.31.36.0-255,66,10541,7,279639
12103,8.3e-05,172.217.194.0-255,3492,14033,7,279639
12104,8.7e-05,172.31.36.0-255,66,14099,7,279639
12105,0.000124,172.217.194.0-255,4320,18419,7,279639
12106,0.000127,172.31.36.0-255,66,18485,7,279639
12107,0.00015,172.217.194.0-255,7156,25641,7,279639
12108,0.000152,172.31.36.0-255,66,25707,7,279639
12109,0.000158,172.217.194.0-255,4320,30027,7,279639
12110,0.00016,172.31.36.0-255,66,30093,7,279639
12111,0.00018,172.217.194.0-255,1125,31218,7,279639
12112,0.000182,172.31.36.0-255,66,31284,7,279639
12113,0.000592,172.217.194.0-255,1484,32768,7,279639
12114,0.000598,172.31.36.0-255,66,32834,7,279639
12115,0.000604,172.217.194.0-255,2902,35736,7,279639
12116,0.000606,172.31.36.0-255,66,35802,7,279639
12117,0.000636,172.217.194.0-255,5738,41540,7,279639
12118,0.00064,172.31.36.0-255,66,41606,7,279639
12119,0.000688,172.31.36.0-255,66,41672,7,279639
12120,0.000707,172.217.194.0-255,1484,43156,7,279639
12121,0.000711,172.31.36.0-255,66,43222,7,279639
12122,0.000733,172.31.36.0-255,66,43288,7,279639
12123,0.002286,172.217.194.0-255,365,43653,7,279639
12124,0.002293,172.31.36.0-255,66,43719,7,279639
12125,0.002324,172.217.194.0-255,1484,45203,7,279639
12126,0.002329,172.217.194.0-255,1484,46687,7,279639
12127,0.002331,172.31.36.0-255,66,46753,7,279639
12128,0.002368,172.217.194.0-255,7156,53909,7,279639
12129,0.00237,172.31.36.0-255,66,53975,7,279639
12130,0.002376,172.217.194.0-255,4320,58295,7,279639
12131,0.002379,172.31.36.0-255,66,58361,7,279639
12132,0.002393,172.217.194.0-255,4320,62681,7,279639
12133,0.002395,172.31.36.0-255,66,62747,7,279639
12134,0.002402,172.217.194.0-255,5738,68485,7,279639
12135,0.002405,172.31.36.0-255,66,68551,7,279639
12136,0.002434,172.217.194.0-255,5738,74289,7,279639
12137,0.002436,172.31.36.0-255,66,74355,7,279639
12138,0.002477,172.217.194.0-255,3602,77957,7,279639
12139,0.002479,172.31.36.0-255,66,78023,7,279639
12140,0.003744,172.217.194.0-255,1484,79507,7,279639
12141,0.003758,172.217.194.0-255,2902,82409,7,279639
12142,0.00376,172.31.36.0-255,66,82475,7,279639
12143,0.00378,172.217.194.0-255,5738,88213,7,279639
12144,0.003782,172.31.36.0-255,66,88279,7,279639
12145,0.003843,172.217.194.0-255,4320,92599,7,279639
12146,0.003845,172.31.36.0-255,66,92665,7,279639
12147,0.003863,172.217.194.0-255,2902,95567,7,279639
12148,0.003866,172.31.36.0-255,66,95633,7,279639
12149,0.003872,172.217.194.0-255,5738,101371,7,279639
12150,0.003874,172.31.36.0-255,66,101437,7,279639
12151,0.003902,172.217.194.0-255,7156,108593,7,279639
12152,0.003904,172.31.36.0-255,66,108659,7,279639
12153,0.003954,172.217.194.0-255,5020,113679,7,279639
12154,0.003956,172.31.36.0-255,66,113745,7,279639
12155,0.003968,172.217.194.0-255,1484,115229,7,279639
12156,0.003985,172.217.194.0-255,4320,119549,7,279639
12157,0.003988,172.31.36.0-255,66,119615,7,279639
12158,0.004002,172.217.194.0-255,2902,122517,7,279639
12159,0.004005,172.31.36.0-255,66,122583,7,279639
12160,0.004039,172.31.36.0-255,66,122649,7,279639
12161,0.004046,172.217.194.0-255,5738,128387,7,279639
12162,0.004048,172.31.36.0-255,66,128453,7,279639
12163,0.004079,172.31.36.0-255,66,128519,7,279639
12164,0.004151,172.217.194.0-255,1484,130003,7,279639
12165,0.004169,172.217.194.0-255,2902,132905,7,279639
12166,0.004171,172.31.36.0-255,66,132971,7,279639
12167,0.004195,172.217.194.0-255,5738,138709,7,279639
12168,0.004198,172.31.36.0-255,66,138775,7,279639
12169,0.004235,172.217.194.0-255,7156,145931,7,279639
12170,0.004238,172.31.36.0-255,66,145997,7,279639
12171,0.00427,172.217.194.0-255,5738,151735,7,279639
12172,0.004273,172.31.36.0-255,66,151801,7,279639
12173,0.004291,172.217.194.0-255,7156,158957,7,279639
12174,0.004293,172.31.36.0-255,66,159023,7,279639
12175,0.004313,172.217.194.0-255,3602,162625,7,279639
12176,0.004315,172.31.36.0-255,66,162691,7,279639
12177,0.00444,172.217.194.0-255,1484,164175,7,279639
12178,0.004456,172.217.194.0-255,2902,167077,7,279639
12179,0.00446,172.31.36.0-255,66,167143,7,279639
12180,0.004477,172.217.194.0-255,1484,168627,7,279639
12181,0.004495,172.217.194.0-255,5738,174365,7,279639
12182,0.004498,172.31.36.0-255,66,174431,7,279639
12183,0.004544,172.217.194.0-255,2902,177333,7,279639
12184,0.004546,172.31.36.0-255,66,177399,7,279639
12185,0.004567,172.31.36.0-255,66,177465,7,279639
12186,0.004587,172.217.194.0-255,4320,181785,7,279639
12187,0.00459,172.31.36.0-255,66,181851,7,279639
12188,0.004612,172.217.194.0-255,6438,188289,7,279639
12189,0.004614,172.31.36.0-255,66,188355,7,279639
12190,0.004621,172.217.194.0-255,5738,194093,7,279639
12191,0.004624,172.31.36.0-255,66,194159,7,279639
12192,0.004644,172.217.194.0-255,5738,199897,7,279639
12193,0.004646,172.31.36.0-255,66,199963,7,279639
12194,0.004649,172.217.194.0-255,1484,201447,7,279639
12195,0.004685,172.31.36.0-255,66,201513,7,279639
12196,0.004709,172.217.194.0-255,5738,207251,7,279639
12197,0.004711,172.31.36.0-255,66,207317,7,279639
12198,0.004719,172.217.194.0-255,6438,213755,7,279639
12199,0.004722,172.31.36.0-255,66,213821,7,279639
12200,0.004724,172.217.194.0-255,1484,215305,7,279639
12201,0.004743,172.217.194.0-255,1484,216789,7,279639
12202,0.004746,172.31.36.0-255,66,216855,7,279639
12203,0.004752,172.217.194.0-255,4320,221175,7,279639
12204,0.004754,172.31.36.0-255,66,221241,7,279639
12205,0.004768,172.217.194.0-255,1484,222725,7,279639
12206,0.004779,172.217.194.0-255,1484,224209,7,279639
12207,0.004781,172.31.36.0-255,66,224275,7,279639
12208,0.004784,172.217.194.0-255,1484,225759,7,279639
12209,0.004804,172.217.194.0-255,5738,231497,7,279639
12210,0.004807,172.31.36.0-255,66,231563,7,279639
12211,0.004811,172.217.194.0-255,2902,234465,7,279639
12212,0.004813,172.31.36.0-255,66,234531,7,279639
12213,0.004835,172.31.36.0-255,66,234597,7,279639
12214,0.00484,172.217.194.0-255,4320,238917,7,279639
12215,0.004843,172.31.36.0-255,66,238983,7,279639
12216,0.004845,172.217.194.0-255,766,239749,7,279639
12217,0.005017,172.217.194.0-255,1484,241233,7,279639
12218,0.005021,172.31.36.0-255,66,241299,7,279639
12219,0.005036,172.217.194.0-255,2902,244201,7,279639
12220,0.005039,172.31.36.0-255,66,244267,7,279639
12221,0.005042,172.217.194.0-255,1484,245751,7,279639
12222,0.005065,172.217.194.0-255,4320,250071,7,279639
12223,0.005068,172.31.36.0-255,66,250137,7,279639
12224,0.00508,172.31.36.0-255,66,250203,7,279639
12225,0.005099,172.217.194.0-255,1484,251687,7,279639
12226,0.005139,172.31.36.0-255,66,251753,7,279639
12227,0.005153,172.31.36.0-255,66,251819,7,279639
12228,0.00517,172.217.194.0-255,1484,253303,7,279639
12229,0.005182,172.31.36.0-255,66,253369,7,279639
12230,0.005202,172.217.194.0-255,2902,256271,7,279639
12231,0.005205,172.31.36.0-255,66,256337,7,279639
12232,0.005245,172.31.36.0-255,66,256403,7,279639
12233,0.00526,172.31.36.0-255,66,256469,7,279639
12234,0.005287,172.217.194.0-255,2902,259371,7,279639
12235,0.00529,172.31.36.0-255,66,259437,7,279639
12236,0.005302,172.31.36.0-255,66,259503,7,279639
12237,0.005309,172.217.194.0-255,7156,266659,7,279639
12238,0.005312,172.31.36.0-255,66,266725,7,279639
12239,0.005317,172.217.194.0-255,4320,271045,7,279639
12240,0.005319,172.31.36.0-255,66,271111,7,279639
12241,0.005344,172.217.194.0-255,3559,274670,7,279639
12242,0.005347,172.31.36.0-255,66,274736,7,279639
12243,0.00535,172.217.194.0-255,97,274833,7,279639
12244,0.005403,172.217.194.0-255,105,274938,7,279639
12245,0.008236,172.31.36.0-255,66,275004,7,279639
12246,0.008274,172.31.36.0-255,105,275109,7,279639
12247,0.010559,172.217.194.0-255,66,275175,7,279639
12248,0.032521,172.31.36.0-255,172,275347,7,279639
12249,0.03257,172.31.36.0-255,1115,276462,7,279639
12250,0.032646,172.31.36.0-255,1514,277976,7,279639
12251,0.032648,172.31.36.0-255,1291,279267,7,279639
12252,0.034088,104.244.42.0-255,66,279333,7,279639
12253,0.034137,104.244.42.0-255,66,279399,7,279639
12254,0.034237,104.244.42.0-255,66,279465,7,279639
12255,0.034757,104.244.42.0-255,108,279573,7,279639
12256,0.034765,172.31.36.0-255,66,279639,7,279639
12257,0.0,172.217.194.0-255,290,290,7,189732
12258,2.9e-05,172.31.36.0-255,66,356,7,189732
12259,3.5e-05,172.217.194.0-255,1484,1840,7,189732
12260,4e-05,172.31.36.0-255,66,1906,7,189732
12261,4.6e-05,172.217.194.0-255,4320,6226,7,189732
12262,4.8e-05,172.31.36.0-255,66,6292,7,189732
12263,5.1e-05,172.217.194.0-255,1484,7776,7,189732
12264,5.3e-05,172.31.36.0-255,66,7842,7,189732
12265,6.4e-05,172.31.36.0-255,66,7908,7,189732
12266,0.000106,172.31.36.0-255,66,7974,7,189732
12267,0.000131,172.217.194.0-255,1484,9458,7,189732
12268,0.000134,172.31.36.0-255,66,9524,7,189732
12269,0.000139,172.217.194.0-255,2902,12426,7,189732
12270,0.00014,172.31.36.0-255,66,12492,7,189732
12271,0.000144,172.217.194.0-255,1484,13976,7,189732
12272,0.000147,172.31.36.0-255,66,14042,7,189732
12273,0.000167,172.217.194.0-255,4320,18362,7,189732
12274,0.000169,172.31.36.0-255,66,18428,7,189732
12275,0.000176,172.217.194.0-255,4320,22748,7,189732
12276,0.000178,172.31.36.0-255,66,22814,7,189732
12277,0.000211,172.31.36.0-255,66,22880,7,189732
12278,0.000231,172.217.194.0-255,4320,27200,7,189732
12279,0.000234,172.31.36.0-255,66,27266,7,189732
12280,0.00025,172.217.194.0-255,6438,33704,7,189732
12281,0.000253,172.31.36.0-255,66,33770,7,189732
12282,0.000449,172.217.194.0-255,647,34417,7,189732
12283,0.000453,172.31.36.0-255,66,34483,7,189732
12284,0.000838,172.217.194.0-255,1484,35967,7,189732
12285,0.000843,172.31.36.0-255,66,36033,7,189732
12286,0.000849,172.217.194.0-255,1484,37517,7,189732
12287,0.000864,172.217.194.0-255,1484,39001,7,189732
12288,0.000866,172.31.36.0-255,66,39067,7,189732
12289,0.000874,172.217.194.0-255,5738,44805,7,189732
12290,0.000876,172.31.36.0-255,66,44871,7,189732
12291,0.000892,172.217.194.0-255,4320,49191,7,189732
12292,0.000894,172.31.36.0-255,66,49257,7,189732
12293,0.000928,172.31.36.0-255,66,49323,7,189732
12294,0.000943,172.217.194.0-255,4320,53643,7,189732
12295,0.000945,172.31.36.0-255,66,53709,7,189732
12296,0.00097,172.217.194.0-255,6438,60147,7,189732
12297,0.000984,172.31.36.0-255,66,60213,7,189732
12298,0.001033,172.217.194.0-255,1484,61697,7,189732
12299,0.00105,172.217.194.0-255,2902,64599,7,189732
12300,0.001053,172.217.194.0-255,1484,66083,7,189732
12301,0.001061,172.31.36.0-255,66,66149,7,189732
12302,0.001072,172.217.194.0-255,4320,70469,7,189732
12303,0.001076,172.217.194.0-255,2902,73371,7,189732
12304,0.001078,172.31.36.0-255,66,73437,7,189732
12305,0.001082,172.31.36.0-255,66,73503,7,189732
12306,0.001126,172.31.36.0-255,66,73569,7,189732
12307,0.001131,172.31.36.0-255,66,73635,7,189732
12308,0.001134,172.217.194.0-255,1484,75119,7,189732
12309,0.00118,172.31.36.0-255,66,75185,7,189732
12310,0.001216,172.217.194.0-255,7156,82341,7,189732
12311,0.001228,172.31.36.0-255,66,82407,7,189732
12312,0.001236,172.217.194.0-255,5020,87427,7,189732
12313,0.001242,172.31.36.0-255,66,87493,7,189732
12314,0.001256,172.31.36.0-255,66,87559,7,189732
12315,0.001258,172.217.194.0-255,2902,90461,7,189732
12316,0.00126,172.31.36.0-255,66,90527,7,189732
12317,0.001276,172.31.36.0-255,66,90593,7,189732
12318,0.0013,172.31.36.0-255,66,90659,7,189732
12319,0.001302,172.217.194.0-255,2902,93561,7,189732
12320,0.001317,172.217.194.0-255,5738,99299,7,189732
12321,0.001325,172.31.36.0-255,66,99365,7,189732
12322,0.001328,172.217.194.0-255,1484,100849,7,189732
12323,0.001335,172.217.194.0-255,5738,106587,7,189732
12324,0.00134,172.31.36.0-255,66,106653,7,189732
12325,0.001349,172.217.194.0-255,4320,110973,7,189732
12326,0.001358,172.31.36.0-255,66,111039,7,189732
12327,0.001361,172.217.194.0-255,1484,112523,7,189732
12328,0.001366,172.217.194.0-255,4320,116843,7,189732
12329,0.001377,172.217.194.0-255,2902,119745,7,189732
12330,0.001378,172.31.36.0-255,66,119811,7,189732
12331,0.001383,172.31.36.0-255,66,119877,7,189732
12332,0.001399,172.217.194.0-255,5020,124897,7,189732
12333,0.00141,172.31.36.0-255,66,124963,7,189732
12334,0.001483,172.217.194.0-255,1484,126447,7,189732
12335,0.001487,172.217.194.0-255,1484,127931,7,189732
12336,0.00149,172.31.36.0-255,66,127997,7,189732
12337,0.001503,172.217.194.0-255,1484,129481,7,189732
12338,0.00151,172.217.194.0-255,5738,135219,7,189732
12339,0.001519,172.31.36.0-255,66,135285,7,189732
12340,0.001533,172.217.194.0-255,7156,142441,7,189732
12341,0.001547,172.31.36.0-255,66,142507,7,189732
12342,0.001555,172.217.194.0-255,5738,148245,7,189732
12343,0.00156,172.217.194.0-255,2902,151147,7,189732
12344,0.001572,172.31.36.0-255,66,151213,7,189732
12345,0.001586,172.31.36.0-255,66,151279,7,189732
12346,0.001681,172.217.194.0-255,1484,152763,7,189732
12347,0.001686,172.217.194.0-255,2902,155665,7,189732
12348,0.001691,172.217.194.0-255,2902,158567,7,189732
12349,0.001699,172.31.36.0-255,66,158633,7,189732
12350,0.001709,172.217.194.0-255,2902,161535,7,189732
12351,0.001712,172.31.36.0-255,66,161601,7,189732
12352,0.001719,172.217.194.0-255,7156,168757,7,189732
12353,0.00173,172.31.36.0-255,66,168823,7,189732
12354,0.001741,172.217.194.0-255,2902,171725,7,189732
12355,0.001745,172.217.194.0-255,1484,173209,7,189732
12356,0.001747,172.31.36.0-255,66,173275,7,189732
12357,0.001798,172.31.36.0-255,66,173341,7,189732
12358,0.001803,172.31.36.0-255,66,173407,7,189732
12359,0.001834,172.217.194.0-255,5738,179145,7,189732
12360,0.00184,172.31.36.0-255,66,179211,7,189732
12361,0.001895,172.31.36.0-255,66,179277,7,189732
12362,0.001908,172.31.36.0-255,66,179343,7,189732
12363,0.001952,172.31.36.0-255,66,179409,7,189732
12364,0.00198,172.31.36.0-255,66,179475,7,189732
12365,0.001986,172.31.36.0-255,66,179541,7,189732
12366,0.002014,172.217.194.0-255,492,180033,7,189732
12367,0.002016,172.31.36.0-255,101,180134,7,189732
12368,0.002017,172.217.194.0-255,105,180239,7,189732
12369,0.003657,172.31.36.0-255,66,180305,7,189732
12370,0.003675,172.31.36.0-255,105,180410,7,189732
12371,0.004255,172.217.194.0-255,66,180476,7,189732
12372,0.005935,172.217.194.0-255,66,180542,7,189732
12373,0.034186,172.31.36.0-255,172,180714,7,189732
12374,0.034218,172.31.36.0-255,1113,181827,7,189732
12375,0.034263,172.31.36.0-255,1514,183341,7,189732
12376,0.034265,172.31.36.0-255,1514,184855,7,189732
12377,0.034266,172.31.36.0-255,1514,186369,7,189732
12378,0.034272,172.31.36.0-255,1514,187883,7,189732
12379,0.034273,172.31.36.0-255,1514,189397,7,189732
12380,0.034274,172.31.36.0-255,71,189468,7,189732
12381,0.035746,104.244.42.0-255,66,189534,7,189732
12382,0.03579,104.244.42.0-255,66,189600,7,189732
12383,0.035849,104.244.42.0-255,66,189666,7,189732
12384,0.035854,104.244.42.0-255,66,189732,7,189732
12385,0.0,172.217.194.0-255,153,153,7,211433
12386,3.7e-05,172.31.36.0-255,66,219,7,211433
12387,4.5e-05,172.217.194.0-255,1484,1703,7,211433
12388,5e-05,172.31.36.0-255,66,1769,7,211433
12389,5.6e-05,172.217.194.0-255,2902,4671,7,211433
12390,5.8e-05,172.31.36.0-255,66,4737,7,211433
12391,6.6e-05,172.217.194.0-255,7156,11893,7,211433
12392,8.3e-05,172.31.36.0-255,66,11959,7,211433
12393,0.000105,172.217.194.0-255,2082,14041,7,211433
12394,0.000108,172.31.36.0-255,66,14107,7,211433
12395,0.000442,172.217.194.0-255,1484,15591,7,211433
12396,0.000447,172.31.36.0-255,66,15657,7,211433
12397,0.000454,172.217.194.0-255,2902,18559,7,211433
12398,0.000457,172.31.36.0-255,66,18625,7,211433
12399,0.000463,172.217.194.0-255,4320,22945,7,211433
12400,0.000465,172.31.36.0-255,66,23011,7,211433
12401,0.000511,172.217.194.0-255,4320,27331,7,211433
12402,0.000514,172.31.36.0-255,66,27397,7,211433
12403,0.000532,172.217.194.0-255,3961,31358,7,211433
12404,0.000536,172.31.36.0-255,66,31424,7,211433
12405,0.000596,172.217.194.0-255,1484,32908,7,211433
12406,0.000599,172.31.36.0-255,66,32974,7,211433
12407,0.000613,172.217.194.0-255,2902,35876,7,211433
12408,0.000616,172.31.36.0-255,66,35942,7,211433
12409,0.00064,172.217.194.0-255,5738,41680,7,211433
12410,0.000644,172.31.36.0-255,66,41746,7,211433
12411,0.000659,172.217.194.0-255,4320,46066,7,211433
12412,0.000663,172.31.36.0-255,66,46132,7,211433
12413,0.000679,172.217.194.0-255,5738,51870,7,211433
12414,0.000683,172.31.36.0-255,66,51936,7,211433
12415,0.000713,172.217.194.0-255,3961,55897,7,211433
12416,0.000716,172.31.36.0-255,66,55963,7,211433
12417,0.000727,172.31.36.0-255,66,56029,7,211433
12418,0.000983,172.217.194.0-255,365,56394,7,211433
12419,0.001209,172.217.194.0-255,1484,57878,7,211433
12420,0.001214,172.31.36.0-255,66,57944,7,211433
12421,0.001219,172.217.194.0-255,2902,60846,7,211433
12422,0.001221,172.31.36.0-255,66,60912,7,211433
12423,0.001236,172.217.194.0-255,2902,63814,7,211433
12424,0.001238,172.31.36.0-255,66,63880,7,211433
12425,0.001266,172.217.194.0-255,7156,71036,7,211433
12426,0.001269,172.31.36.0-255,66,71102,7,211433
12427,0.001275,172.217.194.0-255,5738,76840,7,211433
12428,0.001277,172.31.36.0-255,66,76906,7,211433
12429,0.001307,172.31.36.0-255,66,76972,7,211433
12430,0.001311,172.217.194.0-255,3602,80574,7,211433
12431,0.001313,172.31.36.0-255,66,80640,7,211433
12432,0.002414,172.217.194.0-255,1484,82124,7,211433
12433,0.002427,172.217.194.0-255,2902,85026,7,211433
12434,0.00243,172.31.36.0-255,66,85092,7,211433
12435,0.002433,172.217.194.0-255,1484,86576,7,211433
12436,0.002455,172.217.194.0-255,4320,90896,7,211433
12437,0.002458,172.31.36.0-255,66,90962,7,211433
12438,0.002464,172.217.194.0-255,5738,96700,7,211433
12439,0.002466,172.31.36.0-255,66,96766,7,211433
12440,0.002469,172.217.194.0-255,1484,98250,7,211433
12441,0.002499,172.31.36.0-255,66,98316,7,211433
12442,0.002504,172.217.194.0-255,5020,103336,7,211433
12443,0.002507,172.31.36.0-255,66,103402,7,211433
12444,0.005135,172.217.194.0-255,5738,109140,7,211433
12445,0.005142,172.31.36.0-255,66,109206,7,211433
12446,0.007791,172.217.194.0-255,5738,114944,7,211433
12447,0.007799,172.31.36.0-255,66,115010,7,211433
12448,0.010455,172.217.194.0-255,5738,120748,7,211433
12449,0.010462,172.31.36.0-255,66,120814,7,211433
12450,0.013056,172.217.194.0-255,5738,126552,7,211433
12451,0.013063,172.31.36.0-255,66,126618,7,211433
12452,0.015722,172.217.194.0-255,5738,132356,7,211433
12453,0.01573,172.31.36.0-255,66,132422,7,211433
12454,0.018324,172.217.194.0-255,5738,138160,7,211433
12455,0.018333,172.31.36.0-255,66,138226,7,211433
12456,0.020948,172.217.194.0-255,5738,143964,7,211433
12457,0.020956,172.31.36.0-255,66,144030,7,211433
12458,0.021315,172.31.36.0-255,164,144194,7,211433
12459,0.021356,172.31.36.0-255,1122,145316,7,211433
12460,0.021387,172.31.36.0-255,1514,146830,7,211433
12461,0.021389,172.31.36.0-255,1514,148344,7,211433
12462,0.021391,172.31.36.0-255,1514,149858,7,211433
12463,0.021392,172.31.36.0-255,105,149963,7,211433
12464,0.022886,104.244.42.0-255,66,150029,7,211433
12465,0.022935,104.244.42.0-255,66,150095,7,211433
12466,0.022982,104.244.42.0-255,66,150161,7,211433
12467,0.022984,104.244.42.0-255,66,150227,7,211433
12468,0.023581,172.217.194.0-255,5738,155965,7,211433
12469,0.023586,172.31.36.0-255,66,156031,7,211433
12470,0.02625,172.217.194.0-255,5738,161769,7,211433
12471,0.026256,172.31.36.0-255,66,161835,7,211433
12472,0.028864,172.217.194.0-255,5738,167573,7,211433
12473,0.02887,172.31.36.0-255,66,167639,7,211433
12474,0.031525,172.217.194.0-255,5738,173377,7,211433
12475,0.03153,172.31.36.0-255,66,173443,7,211433
12476,0.034114,172.217.194.0-255,1484,174927,7,211433
12477,0.034147,172.217.194.0-255,4320,179247,7,211433
12478,0.034152,172.31.36.0-255,66,179313,7,211433
12479,0.036762,172.217.194.0-255,5738,185051,7,211433
12480,0.036768,172.31.36.0-255,66,185117,7,211433
12481,0.039406,172.217.194.0-255,5738,190855,7,211433
12482,0.039411,172.31.36.0-255,66,190921,7,211433
12483,0.042055,172.217.194.0-255,4320,195241,7,211433
12484,0.042059,172.31.36.0-255,66,195307,7,211433
12485,0.042088,172.217.194.0-255,1484,196791,7,211433
12486,0.044704,172.217.194.0-255,4320,201111,7,211433
12487,0.044711,172.31.36.0-255,66,201177,7,211433
12488,0.047319,172.217.194.0-255,4320,205497,7,211433
12489,0.047324,172.31.36.0-255,66,205563,7,211433
12490,0.047356,172.217.194.0-255,1484,207047,7,211433
12491,0.049908,172.217.194.0-255,4320,211367,7,211433
12492,0.049913,172.31.36.0-255,66,211433,7,211433
12493,0.0,74.125.68.0-255,325,325,7,206148
12494,2.3e-05,172.31.36.0-255,66,391,7,206148
12495,5.2e-05,74.125.68.0-255,1484,1875,7,206148
12496,5.6e-05,172.31.36.0-255,66,1941,7,206148
12497,6.4e-05,74.125.68.0-255,2902,4843,7,206148
12498,6.7e-05,172.31.36.0-255,66,4909,7,206148
12499,7.6e-05,74.125.68.0-255,5738,10647,7,206148
12500,7.8e-05,172.31.36.0-255,66,10713,7,206148
12501,8.4e-05,74.125.68.0-255,3384,14097,7,206148
12502,8.6e-05,172.31.36.0-255,66,14163,7,206148
12503,0.000126,74.125.68.0-255,1484,15647,7,206148
12504,0.000129,172.31.36.0-255,66,15713,7,206148
12505,0.000132,74.125.68.0-255,1484,17197,7,206148
12506,0.000134,172.31.36.0-255,66,17263,7,206148
12507,0.000148,74.125.68.0-255,1484,18747,7,206148
12508,0.000151,172.31.36.0-255,66,18813,7,206148
12509,0.000157,74.125.68.0-255,4320,23133,7,206148
12510,0.000159,172.31.36.0-255,66,23199,7,206148
12511,0.000172,74.125.68.0-255,1484,24683,7,206148
12512,0.000174,172.31.36.0-255,66,24749,7,206148
12513,0.000177,74.125.68.0-255,1484,26233,7,206148
12514,0.00018,172.31.36.0-255,66,26299,7,206148
12515,0.000206,74.125.68.0-255,5379,31678,7,206148
12516,0.000209,172.31.36.0-255,66,31744,7,206148
12517,0.000259,74.125.68.0-255,1484,33228,7,206148
12518,0.000262,172.31.36.0-255,66,33294,7,206148
12519,0.000276,74.125.68.0-255,2902,36196,7,206148
12520,0.000278,172.31.36.0-255,66,36262,7,206148
12521,0.000281,74.125.68.0-255,1484,37746,7,206148
12522,0.000283,172.31.36.0-255,66,37812,7,206148
12523,0.000305,74.125.68.0-255,2902,40714,7,206148
12524,0.000308,172.31.36.0-255,66,40780,7,206148
12525,0.00035,74.125.68.0-255,1484,42264,7,206148
12526,0.000367,74.125.68.0-255,6797,49061,7,206148
12527,0.000371,172.31.36.0-255,66,49127,7,206148
12528,0.000474,74.125.68.0-255,1484,50611,7,206148
12529,0.000478,74.125.68.0-255,1484,52095,7,206148
12530,0.000481,172.31.36.0-255,66,52161,7,206148
12531,0.000486,74.125.68.0-255,2902,55063,7,206148
12532,0.000488,172.31.36.0-255,66,55129,7,206148
12533,0.000517,74.125.68.0-255,5738,60867,7,206148
12534,0.00052,172.31.36.0-255,66,60933,7,206148
12535,0.000543,74.125.68.0-255,5712,66645,7,206148
12536,0.000546,172.31.36.0-255,66,66711,7,206148
12537,0.000549,74.125.68.0-255,345,67056,7,206148
12538,0.00115,74.125.68.0-255,1484,68540,7,206148
12539,0.001155,172.31.36.0-255,66,68606,7,206148
12540,0.001162,74.125.68.0-255,2902,71508,7,206148
12541,0.001164,172.31.36.0-255,66,71574,7,206148
12542,0.001188,74.125.68.0-255,5738,77312,7,206148
12543,0.00119,172.31.36.0-255,66,77378,7,206148
12544,0.001195,74.125.68.0-255,2902,80280,7,206148
12545,0.001197,172.31.36.0-255,66,80346,7,206148
12546,0.00123,172.31.36.0-255,66,80412,7,206148
12547,0.001271,172.31.36.0-255,66,80478,7,206148
12548,0.001274,74.125.68.0-255,766,81244,7,206148
12549,0.00155,172.31.36.0-255,66,81310,7,206148
12550,0.003535,74.125.68.0-255,4320,85630,7,206148
12551,0.003546,172.31.36.0-255,66,85696,7,206148
12552,0.003818,74.125.68.0-255,1484,87180,7,206148
12553,0.005808,74.125.68.0-255,4320,91500,7,206148
12554,0.005815,172.31.36.0-255,66,91566,7,206148
12555,0.008077,74.125.68.0-255,5738,97304,7,206148
12556,0.008085,172.31.36.0-255,66,97370,7,206148
12557,0.01037,74.125.68.0-255,5738,103108,7,206148
12558,0.010384,172.31.36.0-255,66,103174,7,206148
12559,0.012659,74.125.68.0-255,5738,108912,7,206148
12560,0.012675,172.31.36.0-255,66,108978,7,206148
12561,0.014958,74.125.68.0-255,5738,114716,7,206148
12562,0.014972,172.31.36.0-255,66,114782,7,206148
12563,0.017252,74.125.68.0-255,5738,120520,7,206148
12564,0.017268,172.31.36.0-255,66,120586,7,206148
12565,0.019544,74.125.68.0-255,5738,126324,7,206148
12566,0.019556,172.31.36.0-255,66,126390,7,206148
12567,0.021854,74.125.68.0-255,5738,132128,7,206148
12568,0.021873,172.31.36.0-255,66,132194,7,206148
12569,0.024142,74.125.68.0-255,5738,137932,7,206148
12570,0.024158,172.31.36.0-255,66,137998,7,206148
12571,0.026431,74.125.68.0-255,5738,143736,7,206148
12572,0.026445,172.31.36.0-255,66,143802,7,206148
12573,0.028715,74.125.68.0-255,5738,149540,7,206148
12574,0.028728,172.31.36.0-255,66,149606,7,206148
12575,0.030447,172.31.36.0-255,188,149794,7,206148
12576,0.030482,172.31.36.0-255,958,150752,7,206148
12577,0.030546,172.31.36.0-255,1514,152266,7,206148
12578,0.030548,172.31.36.0-255,1448,153714,7,206148
12579,0.031004,74.125.68.0-255,5738,159452,7,206148
12580,0.031013,172.31.36.0-255,66,159518,7,206148
12581,0.031982,104.244.42.0-255,66,159584,7,206148
12582,0.032078,104.244.42.0-255,66,159650,7,206148
12583,0.03213,104.244.42.0-255,66,159716,7,206148
12584,0.03327,74.125.68.0-255,5738,165454,7,206148
12585,0.033279,172.31.36.0-255,66,165520,7,206148
12586,0.035543,74.125.68.0-255,5738,171258,7,206148
12587,0.035552,172.31.36.0-255,66,171324,7,206148
12588,0.037808,74.125.68.0-255,5738,177062,7,206148
12589,0.037815,172.31.36.0-255,66,177128,7,206148
12590,0.040188,74.125.68.0-255,5738,182866,7,206148
12591,0.040197,172.31.36.0-255,66,182932,7,206148
12592,0.042474,74.125.68.0-255,5738,188670,7,206148
12593,0.042488,172.31.36.0-255,66,188736,7,206148
12594,0.044774,74.125.68.0-255,5738,194474,7,206148
12595,0.044787,172.31.36.0-255,66,194540,7,206148
12596,0.047064,74.125.68.0-255,5738,200278,7,206148
12597,0.047075,172.31.36.0-255,66,200344,7,206148
12598,0.049354,74.125.68.0-255,5738,206082,7,206148
12599,0.049364,172.31.36.0-255,66,206148,7,206148
12600,0.0,172.31.36.0-255,105,105,7,525
12601,0.000224,172.31.36.0-255,90,195,7,525
12602,0.000234,172.31.36.0-255,66,261,7,525
12603,0.002516,74.125.24.0-255,66,327,7,525
12604,0.002528,74.125.24.0-255,66,393,7,525
12605,0.002534,172.31.36.0-255,66,459,7,525
12606,0.002547,74.125.24.0-255,66,525,7,525
12607,0.0,74.125.68.0-255,296,296,7,270491
12608,2.4e-05,172.31.36.0-255,66,362,7,270491
12609,3.1e-05,74.125.68.0-255,1484,1846,7,270491
12610,3.6e-05,172.31.36.0-255,66,1912,7,270491
12611,4.2e-05,74.125.68.0-255,2902,4814,7,270491
12612,5.4e-05,172.31.36.0-255,66,4880,7,270491
12613,6.2e-05,74.125.68.0-255,5738,10618,7,270491
12614,6.5e-05,172.31.36.0-255,66,10684,7,270491
12615,7e-05,74.125.68.0-255,3252,13936,7,270491
12616,7.4e-05,172.31.36.0-255,66,14002,7,270491
12617,0.0001,74.125.68.0-255,4320,18322,7,270491
12618,0.000104,172.31.36.0-255,66,18388,7,270491
12619,0.000115,74.125.68.0-255,5738,24126,7,270491
12620,0.000118,172.31.36.0-255,66,24192,7,270491
12621,0.000147,74.125.68.0-255,7156,31348,7,270491
12622,0.00015,172.31.36.0-255,66,31414,7,270491
12623,0.000174,74.125.68.0-255,4320,35734,7,270491
12624,0.000177,172.31.36.0-255,66,35800,7,270491
12625,0.000181,74.125.68.0-255,1484,37284,7,270491
12626,0.000183,172.31.36.0-255,66,37350,7,270491
12627,0.000219,74.125.68.0-255,4320,41670,7,270491
12628,0.000222,172.31.36.0-255,66,41736,7,270491
12629,0.00023,74.125.68.0-255,6438,48174,7,270491
12630,0.000232,172.31.36.0-255,66,48240,7,270491
12631,0.000254,74.125.68.0-255,1484,49724,7,270491
12632,0.000256,172.31.36.0-255,66,49790,7,270491
12633,0.000287,74.125.68.0-255,2902,52692,7,270491
12634,0.000289,172.31.36.0-255,66,52758,7,270491
12635,0.000296,74.125.68.0-255,5738,58496,7,270491
12636,0.000299,172.31.36.0-255,66,58562,7,270491
12637,0.000302,74.125.68.0-255,1484,60046,7,270491
12638,0.000304,172.31.36.0-255,66,60112,7,270491
12639,0.000341,74.125.68.0-255,5379,65491,7,270491
12640,0.000343,172.31.36.0-255,66,65557,7,270491
12641,0.000899,74.125.68.0-255,646,66203,7,270491
12642,0.001083,172.31.36.0-255,66,66269,7,270491
12643,0.001276,74.125.68.0-255,1484,67753,7,270491
12644,0.001282,172.31.36.0-255,66,67819,7,270491
12645,0.001291,74.125.68.0-255,2902,70721,7,270491
12646,0.001293,172.31.36.0-255,66,70787,7,270491
12647,0.001335,74.125.68.0-255,5738,76525,7,270491
12648,0.001341,74.125.68.0-255,2902,79427,7,270491
12649,0.001346,74.125.68.0-255,4320,83747,7,270491
12650,0.001384,74.125.68.0-255,5738,89485,7,270491
12651,0.0014,74.125.68.0-255,1484,90969,7,270491
12652,0.001414,74.125.68.0-255,5738,96707,7,270491
12653,0.001432,74.125.68.0-255,3053,99760,7,270491
12654,0.001527,74.125.68.0-255,1484,101244,7,270491
12655,0.001557,74.125.68.0-255,2902,104146,7,270491
12656,0.001581,74.125.68.0-255,5738,109884,7,270491
12657,0.001609,74.125.68.0-255,4320,114204,7,270491
12658,0.001625,74.125.68.0-255,2902,117106,7,270491
12659,0.00163,74.125.68.0-255,4320,121426,7,270491
12660,0.001684,74.125.68.0-255,2184,123610,7,270491
12661,0.002053,74.125.68.0-255,1484,125094,7,270491
12662,0.002063,74.125.68.0-255,2902,127996,7,270491
12663,0.002069,74.125.68.0-255,5738,133734,7,270491
12664,0.00212,74.125.68.0-255,4320,138054,7,270491
12665,0.002127,74.125.68.0-255,5738,143792,7,270491
12666,0.002141,74.125.68.0-255,2902,146694,7,270491
12667,0.002167,74.125.68.0-255,7156,153850,7,270491
12668,0.002194,74.125.68.0-255,3602,157452,7,270491
12669,0.007073,172.31.36.0-255,66,157518,7,270491
12670,0.009312,74.125.68.0-255,5738,163256,7,270491
12671,0.009319,172.31.36.0-255,66,163322,7,270491
12672,0.011553,74.125.68.0-255,5738,169060,7,270491
12673,0.011563,172.31.36.0-255,66,169126,7,270491
12674,0.013786,74.125.68.0-255,5738,174864,7,270491
12675,0.013795,172.31.36.0-255,66,174930,7,270491
12676,0.016032,74.125.68.0-255,5738,180668,7,270491
12677,0.016043,172.31.36.0-255,66,180734,7,270491
12678,0.01826,74.125.68.0-255,5738,186472,7,270491
12679,0.018266,172.31.36.0-255,66,186538,7,270491
12680,0.020486,74.125.68.0-255,5738,192276,7,270491
12681,0.020495,172.31.36.0-255,66,192342,7,270491
12682,0.022721,74.125.68.0-255,5738,198080,7,270491
12683,0.02273,172.31.36.0-255,66,198146,7,270491
12684,0.024964,74.125.68.0-255,5738,203884,7,270491
12685,0.024975,172.31.36.0-255,66,203950,7,270491
12686,0.027206,74.125.68.0-255,5738,209688,7,270491
12687,0.027213,172.31.36.0-255,66,209754,7,270491
12688,0.027788,172.31.36.0-255,172,209926,7,270491
12689,0.027861,172.31.36.0-255,1073,210999,7,270491
12690,0.029327,104.244.42.0-255,66,211065,7,270491
12691,0.0294,104.244.42.0-255,66,211131,7,270491
12692,0.02941,74.125.68.0-255,2902,214033,7,270491
12693,0.029414,172.31.36.0-255,66,214099,7,270491
12694,0.029447,74.125.68.0-255,2902,217001,7,270491
12695,0.029475,172.31.36.0-255,66,217067,7,270491
12696,0.031615,74.125.68.0-255,2902,219969,7,270491
12697,0.03162,172.31.36.0-255,66,220035,7,270491
12698,0.031666,74.125.68.0-255,2902,222937,7,270491
12699,0.031674,172.31.36.0-255,66,223003,7,270491
12700,0.033823,74.125.68.0-255,2902,225905,7,270491
12701,0.033828,172.31.36.0-255,66,225971,7,270491
12702,0.033885,74.125.68.0-255,2902,228873,7,270491
12703,0.033918,172.31.36.0-255,66,228939,7,270491
12704,0.036039,74.125.68.0-255,2902,231841,7,270491
12705,0.036045,172.31.36.0-255,66,231907,7,270491
12706,0.036159,74.125.68.0-255,2902,234809,7,270491
12707,0.036164,172.31.36.0-255,66,234875,7,270491
12708,0.038253,74.125.68.0-255,2902,237777,7,270491
12709,0.038258,172.31.36.0-255,66,237843,7,270491
12710,0.038383,74.125.68.0-255,2902,240745,7,270491
12711,0.038387,172.31.36.0-255,66,240811,7,270491
12712,0.040535,74.125.68.0-255,2902,243713,7,270491
12713,0.040542,172.31.36.0-255,66,243779,7,270491
12714,0.040612,74.125.68.0-255,2902,246681,7,270491
12715,0.04093,172.31.36.0-255,66,246747,7,270491
12716,0.042753,74.125.68.0-255,2902,249649,7,270491
12717,0.042759,172.31.36.0-255,66,249715,7,270491
12718,0.043138,74.125.68.0-255,2902,252617,7,270491
12719,0.043143,172.31.36.0-255,66,252683,7,270491
12720,0.044963,74.125.68.0-255,2902,255585,7,270491
12721,0.044968,172.31.36.0-255,66,255651,7,270491
12722,0.045353,74.125.68.0-255,2902,258553,7,270491
12723,0.045359,172.31.36.0-255,66,258619,7,270491
12724,0.047183,74.125.68.0-255,2902,261521,7,270491
12725,0.047188,172.31.36.0-255,66,261587,7,270491
12726,0.047564,74.125.68.0-255,2902,264489,7,270491
12727,0.047569,172.31.36.0-255,66,264555,7,270491
12728,0.049435,74.125.68.0-255,2902,267457,7,270491
12729,0.049441,172.31.36.0-255,66,267523,7,270491
12730,0.049777,74.125.68.0-255,2902,270425,7,270491
12731,0.049782,172.31.36.0-255,66,270491,7,270491
12732,0.0,74.125.68.0-255,143,143,7,261182
12733,2.3e-05,172.31.36.0-255,66,209,7,261182
12734,3e-05,74.125.68.0-255,1484,1693,7,261182
12735,3.4e-05,172.31.36.0-255,66,1759,7,261182
12736,3.9e-05,74.125.68.0-255,2902,4661,7,261182
12737,4.2e-05,172.31.36.0-255,66,4727,7,261182
12738,7.8e-05,74.125.68.0-255,7156,11883,7,261182
12739,8.2e-05,172.31.36.0-255,66,11949,7,261182
12740,8.6e-05,74.125.68.0-255,2085,14034,7,261182
12741,8.8e-05,172.31.36.0-255,66,14100,7,261182
12742,0.0002,74.125.68.0-255,1484,15584,7,261182
12743,0.000205,172.31.36.0-255,66,15650,7,261182
12744,0.000212,74.125.68.0-255,2902,18552,7,261182
12745,0.000215,172.31.36.0-255,66,18618,7,261182
12746,0.000219,74.125.68.0-255,1484,20102,7,261182
12747,0.000221,172.31.36.0-255,66,20168,7,261182
12748,0.000226,74.125.68.0-255,2902,23070,7,261182
12749,0.000228,172.31.36.0-255,66,23136,7,261182
12750,0.00025,74.125.68.0-255,5738,28874,7,261182
12751,0.000253,172.31.36.0-255,66,28940,7,261182
12752,0.000281,74.125.68.0-255,2543,31483,7,261182
12753,0.000284,172.31.36.0-255,66,31549,7,261182
12754,0.000289,74.125.68.0-255,2902,34451,7,261182
12755,0.000291,172.31.36.0-255,66,34517,7,261182
12756,0.000294,74.125.68.0-255,1484,36001,7,261182
12757,0.000297,172.31.36.0-255,66,36067,7,261182
12758,0.000325,74.125.68.0-255,5738,41805,7,261182
12759,0.000328,172.31.36.0-255,66,41871,7,261182
12760,0.000336,74.125.68.0-255,7156,49027,7,261182
12761,0.000338,172.31.36.0-255,66,49093,7,261182
12762,0.000344,74.125.68.0-255,4320,53413,7,261182
12763,0.000347,172.31.36.0-255,66,53479,7,261182
12764,0.000374,74.125.68.0-255,4320,57799,7,261182
12765,0.000377,172.31.36.0-255,66,57865,7,261182
12766,0.000388,172.31.36.0-255,66,57931,7,261182
12767,0.000401,74.125.68.0-255,395,58326,7,261182
12768,0.000445,74.125.68.0-255,348,58674,7,261182
12769,0.000531,74.125.68.0-255,1484,60158,7,261182
12770,0.000537,172.31.36.0-255,66,60224,7,261182
12771,0.000543,74.125.68.0-255,2902,63126,7,261182
12772,0.000546,172.31.36.0-255,66,63192,7,261182
12773,0.000579,74.125.68.0-255,5738,68930,7,261182
12774,0.000582,172.31.36.0-255,66,68996,7,261182
12775,0.000588,74.125.68.0-255,4320,73316,7,261182
12776,0.00059,172.31.36.0-255,66,73382,7,261182
12777,0.000597,74.125.68.0-255,5738,79120,7,261182
12778,0.000599,172.31.36.0-255,66,79186,7,261182
12779,0.000636,172.31.36.0-255,66,79252,7,261182
12780,0.000641,74.125.68.0-255,2184,81436,7,261182
12781,0.000644,172.31.36.0-255,66,81502,7,261182
12782,0.000866,74.125.68.0-255,1484,82986,7,261182
12783,0.000889,74.125.68.0-255,2902,85888,7,261182
12784,0.000894,172.31.36.0-255,66,85954,7,261182
12785,0.000899,74.125.68.0-255,2902,88856,7,261182
12786,0.000901,172.31.36.0-255,66,88922,7,261182
12787,0.000906,74.125.68.0-255,4320,93242,7,261182
12788,0.000909,172.31.36.0-255,66,93308,7,261182
12789,0.000945,172.31.36.0-255,66,93374,7,261182
12790,0.000952,74.125.68.0-255,5738,99112,7,261182
12791,0.000954,172.31.36.0-255,66,99178,7,261182
12792,0.000962,74.125.68.0-255,7156,106334,7,261182
12793,0.000964,172.31.36.0-255,66,106400,7,261182
12794,0.000976,74.125.68.0-255,766,107166,7,261182
12795,0.001881,74.125.68.0-255,1484,108650,7,261182
12796,0.001886,172.31.36.0-255,66,108716,7,261182
12797,0.001892,74.125.68.0-255,2902,111618,7,261182
12798,0.001894,172.31.36.0-255,66,111684,7,261182
12799,0.001897,74.125.68.0-255,1484,113168,7,261182
12800,0.001923,74.125.68.0-255,2902,116070,7,261182
12801,0.001926,172.31.36.0-255,66,116136,7,261182
12802,0.001932,74.125.68.0-255,4320,120456,7,261182
12803,0.001935,172.31.36.0-255,66,120522,7,261182
12804,0.001945,74.125.68.0-255,1484,122006,7,261182
12805,0.001974,172.31.36.0-255,66,122072,7,261182
12806,0.001982,74.125.68.0-255,7156,129228,7,261182
12807,0.001984,172.31.36.0-255,66,129294,7,261182
12808,0.002014,74.125.68.0-255,2902,132196,7,261182
12809,0.002017,172.31.36.0-255,66,132262,7,261182
12810,0.00202,74.125.68.0-255,766,133028,7,261182
12811,0.002243,74.125.68.0-255,1484,134512,7,261182
12812,0.002249,172.31.36.0-255,66,134578,7,261182
12813,0.002263,74.125.68.0-255,2902,137480,7,261182
12814,0.002266,172.31.36.0-255,66,137546,7,261182
12815,0.002271,74.125.68.0-255,4320,141866,7,261182
12816,0.002274,172.31.36.0-255,66,141932,7,261182
12817,0.002276,74.125.68.0-255,1484,143416,7,261182
12818,0.004527,74.125.68.0-255,4320,147736,7,261182
12819,0.004534,172.31.36.0-255,66,147802,7,261182
12820,0.006789,74.125.68.0-255,4320,152122,7,261182
12821,0.006791,172.31.36.0-255,66,152188,7,261182
12822,0.006808,74.125.68.0-255,1484,153672,7,261182
12823,0.009045,74.125.68.0-255,4320,157992,7,261182
12824,0.00905,172.31.36.0-255,66,158058,7,261182
12825,0.011321,74.125.68.0-255,5738,163796,7,261182
12826,0.01133,172.31.36.0-255,66,163862,7,261182
12827,0.013595,74.125.68.0-255,5738,169600,7,261182
12828,0.013604,172.31.36.0-255,66,169666,7,261182
12829,0.015868,74.125.68.0-255,5738,175404,7,261182
12830,0.015876,172.31.36.0-255,66,175470,7,261182
12831,0.018152,74.125.68.0-255,5738,181208,7,261182
12832,0.01816,172.31.36.0-255,66,181274,7,261182
12833,0.020422,74.125.68.0-255,5738,187012,7,261182
12834,0.020429,172.31.36.0-255,66,187078,7,261182
12835,0.022694,74.125.68.0-255,5738,192816,7,261182
12836,0.022702,172.31.36.0-255,66,192882,7,261182
12837,0.024971,74.125.68.0-255,5738,198620,7,261182
12838,0.024978,172.31.36.0-255,66,198686,7,261182
12839,0.025984,172.31.36.0-255,164,198850,7,261182
12840,0.026015,172.31.36.0-255,1121,199971,7,261182
12841,0.026073,172.31.36.0-255,1514,201485,7,261182
12842,0.026075,172.31.36.0-255,1285,202770,7,261182
12843,0.027259,74.125.68.0-255,5738,208508,7,261182
12844,0.027266,172.31.36.0-255,66,208574,7,261182
12845,0.027504,104.244.42.0-255,66,208640,7,261182
12846,0.027589,104.244.42.0-255,66,208706,7,261182
12847,0.027629,104.244.42.0-255,66,208772,7,261182
12848,0.028217,104.244.42.0-255,108,208880,7,261182
12849,0.028224,172.31.36.0-255,66,208946,7,261182
12850,0.02954,74.125.68.0-255,5738,214684,7,261182
12851,0.029544,172.31.36.0-255,66,214750,7,261182
12852,0.031833,74.125.68.0-255,5738,220488,7,261182
12853,0.03184,172.31.36.0-255,66,220554,7,261182
12854,0.034132,74.125.68.0-255,5738,226292,7,261182
12855,0.034139,172.31.36.0-255,66,226358,7,261182
12856,0.036407,74.125.68.0-255,5738,232096,7,261182
12857,0.036414,172.31.36.0-255,66,232162,7,261182
12858,0.038687,74.125.68.0-255,5738,237900,7,261182
12859,0.038694,172.31.36.0-255,66,237966,7,261182
12860,0.040969,74.125.68.0-255,5738,243704,7,261182
12861,0.040975,172.31.36.0-255,66,243770,7,261182
12862,0.04326,74.125.68.0-255,5738,249508,7,261182
12863,0.043266,172.31.36.0-255,66,249574,7,261182
12864,0.045536,74.125.68.0-255,5738,255312,7,261182
12865,0.045544,172.31.36.0-255,66,255378,7,261182
12866,0.047808,74.125.68.0-255,5738,261116,7,261182
12867,0.047814,172.31.36.0-255,66,261182,7,261182
12868,0.0,172.217.194.0-255,147,147,7,205511
12869,1.6e-05,172.31.36.0-255,66,213,7,205511
12870,2.3e-05,172.217.194.0-255,1484,1697,7,205511
12871,2.7e-05,172.31.36.0-255,66,1763,7,205511
12872,3.4e-05,172.217.194.0-255,2902,4665,7,205511
12873,3.7e-05,172.31.36.0-255,66,4731,7,205511
12874,4.5e-05,172.217.194.0-255,5738,10469,7,205511
12875,4.8e-05,172.31.36.0-255,66,10535,7,205511
12876,9.7e-05,172.217.194.0-255,3420,13955,7,205511
12877,9.9e-05,172.31.36.0-255,66,14021,7,205511
12878,0.000533,172.217.194.0-255,1484,15505,7,205511
12879,0.000539,172.31.36.0-255,66,15571,7,205511
12880,0.000547,172.217.194.0-255,2902,18473,7,205511
12881,0.00055,172.31.36.0-255,66,18539,7,205511
12882,0.000557,172.217.194.0-255,5738,24277,7,205511
12883,0.000559,172.31.36.0-255,66,24343,7,205511
12884,0.000563,172.217.194.0-255,1484,25827,7,205511
12885,0.000565,172.31.36.0-255,66,25893,7,205511
12886,0.000587,172.217.194.0-255,5379,31272,7,205511
12887,0.000591,172.31.36.0-255,66,31338,7,205511
12888,0.000664,172.217.194.0-255,1484,32822,7,205511
12889,0.000667,172.31.36.0-255,66,32888,7,205511
12890,0.000685,172.217.194.0-255,2902,35790,7,205511
12891,0.000687,172.31.36.0-255,66,35856,7,205511
12892,0.000695,172.217.194.0-255,5738,41594,7,205511
12893,0.000698,172.31.36.0-255,66,41660,7,205511
12894,0.000747,172.31.36.0-255,66,41726,7,205511
12895,0.000807,172.217.194.0-255,7156,48882,7,205511
12896,0.000811,172.31.36.0-255,66,48948,7,205511
12897,0.000827,172.217.194.0-255,2859,51807,7,205511
12898,0.000829,172.31.36.0-255,66,51873,7,205511
12899,0.000938,172.217.194.0-255,364,52237,7,205511
12900,0.001284,172.217.194.0-255,1484,53721,7,205511
12901,0.001292,172.31.36.0-255,66,53787,7,205511
12902,0.001298,172.217.194.0-255,2902,56689,7,205511
12903,0.0013,172.31.36.0-255,66,56755,7,205511
12904,0.001307,172.217.194.0-255,5738,62493,7,205511
12905,0.00131,172.31.36.0-255,66,62559,7,205511
12906,0.001313,172.217.194.0-255,1484,64043,7,205511
12907,0.001341,172.31.36.0-255,66,64109,7,205511
12908,0.001758,172.217.194.0-255,1484,65593,7,205511
12909,0.001764,172.217.194.0-255,2902,68495,7,205511
12910,0.00177,172.217.194.0-255,4320,72815,7,205511
12911,0.001784,172.217.194.0-255,1484,74299,7,205511
12912,0.00179,172.217.194.0-255,5738,80037,7,205511
12913,0.001839,172.217.194.0-255,5020,85057,7,205511
12914,0.002962,172.31.36.0-255,66,85123,7,205511
12915,0.005232,172.217.194.0-255,5738,90861,7,205511
12916,0.005239,172.31.36.0-255,66,90927,7,205511
12917,0.007542,172.217.194.0-255,5738,96665,7,205511
12918,0.007549,172.31.36.0-255,66,96731,7,205511
12919,0.009826,172.217.194.0-255,5738,102469,7,205511
12920,0.009834,172.31.36.0-255,66,102535,7,205511
12921,0.012144,172.217.194.0-255,5738,108273,7,205511
12922,0.012152,172.31.36.0-255,66,108339,7,205511
12923,0.014455,172.217.194.0-255,5738,114077,7,205511
12924,0.014462,172.31.36.0-255,66,114143,7,205511
12925,0.016747,172.217.194.0-255,5738,119881,7,205511
12926,0.016757,172.31.36.0-255,66,119947,7,205511
12927,0.019064,172.217.194.0-255,5738,125685,7,205511
12928,0.019071,172.31.36.0-255,66,125751,7,205511
12929,0.021366,172.217.194.0-255,5738,131489,7,205511
12930,0.021374,172.31.36.0-255,66,131555,7,205511
12931,0.023674,172.217.194.0-255,5738,137293,7,205511
12932,0.023683,172.31.36.0-255,66,137359,7,205511
12933,0.026034,172.217.194.0-255,5738,143097,7,205511
12934,0.026042,172.31.36.0-255,66,143163,7,205511
12935,0.028344,172.217.194.0-255,5738,148901,7,205511
12936,0.02835,172.31.36.0-255,66,148967,7,205511
12937,0.029004,172.31.36.0-255,188,149155,7,205511
12938,0.029037,172.31.36.0-255,958,150113,7,205511
12939,0.029097,172.31.36.0-255,1514,151627,7,205511
12940,0.029099,172.31.36.0-255,1450,153077,7,205511
12941,0.030548,104.244.42.0-255,66,153143,7,205511
12942,0.030613,172.217.194.0-255,5738,158881,7,205511
12943,0.030618,172.31.36.0-255,66,158947,7,205511
12944,0.030626,104.244.42.0-255,66,159013,7,205511
12945,0.03065,104.244.42.0-255,66,159079,7,205511
12946,0.032873,172.217.194.0-255,5738,164817,7,205511
12947,0.03288,172.31.36.0-255,66,164883,7,205511
12948,0.035175,172.217.194.0-255,5738,170621,7,205511
12949,0.035183,172.31.36.0-255,66,170687,7,205511
12950,0.037482,172.217.194.0-255,5738,176425,7,205511
12951,0.037489,172.31.36.0-255,66,176491,7,205511
12952,0.039781,172.217.194.0-255,5738,182229,7,205511
12953,0.039791,172.31.36.0-255,66,182295,7,205511
12954,0.042122,172.217.194.0-255,5738,188033,7,205511
12955,0.042129,172.31.36.0-255,66,188099,7,205511
12956,0.044414,172.217.194.0-255,5738,193837,7,205511
12957,0.044421,172.31.36.0-255,66,193903,7,205511
12958,0.046691,172.217.194.0-255,5738,199641,7,205511
12959,0.046697,172.31.36.0-255,66,199707,7,205511
12960,0.049002,172.217.194.0-255,5738,205445,7,205511
12961,0.049008,172.31.36.0-255,66,205511,7,205511
12962,0.0,172.217.194.0-255,153,153,7,227556
12963,2.7e-05,172.31.36.0-255,66,219,7,227556
12964,3.5e-05,172.217.194.0-255,1484,1703,7,227556
12965,4e-05,172.31.36.0-255,66,1769,7,227556
12966,4.5e-05,172.217.194.0-255,2902,4671,7,227556
12967,4.8e-05,172.31.36.0-255,66,4737,7,227556
12968,5.6e-05,172.217.194.0-255,7156,11893,7,227556
12969,5.9e-05,172.31.36.0-255,66,11959,7,227556
12970,0.0001,172.31.36.0-255,66,12025,7,227556
12971,0.000133,172.217.194.0-255,3961,15986,7,227556
12972,0.000136,172.31.36.0-255,66,16052,7,227556
12973,0.000166,172.217.194.0-255,1484,17536,7,227556
12974,0.000169,172.31.36.0-255,66,17602,7,227556
12975,0.000175,172.217.194.0-255,2902,20504,7,227556
12976,0.000178,172.31.36.0-255,66,20570,7,227556
12977,0.000183,172.217.194.0-255,2902,23472,7,227556
12978,0.000185,172.31.36.0-255,66,23538,7,227556
12979,0.000208,172.217.194.0-255,2902,26440,7,227556
12980,0.000211,172.31.36.0-255,66,26506,7,227556
12981,0.000226,172.31.36.0-255,66,26572,7,227556
12982,0.000251,172.217.194.0-255,2543,29115,7,227556
12983,0.000254,172.31.36.0-255,66,29181,7,227556
12984,0.000264,172.31.36.0-255,66,29247,7,227556
12985,0.000267,172.217.194.0-255,1125,30372,7,227556
12986,0.000269,172.31.36.0-255,66,30438,7,227556
12987,0.000849,172.217.194.0-255,646,31084,7,227556
12988,0.000855,172.31.36.0-255,66,31150,7,227556
12989,0.001772,172.217.194.0-255,1484,32634,7,227556
12990,0.001779,172.31.36.0-255,66,32700,7,227556
12991,0.001784,172.217.194.0-255,2902,35602,7,227556
12992,0.001787,172.31.36.0-255,66,35668,7,227556
12993,0.001805,172.217.194.0-255,5738,41406,7,227556
12994,0.001807,172.31.36.0-255,66,41472,7,227556
12995,0.001831,172.217.194.0-255,5738,47210,7,227556
12996,0.001833,172.31.36.0-255,66,47276,7,227556
12997,0.001854,172.217.194.0-255,7156,54432,7,227556
12998,0.001856,172.31.36.0-255,66,54498,7,227556
12999,0.001859,172.217.194.0-255,1484,55982,7,227556
13000,0.001875,172.217.194.0-255,4320,60302,7,227556
13001,0.001877,172.31.36.0-255,66,60368,7,227556
13002,0.001901,172.217.194.0-255,5020,65388,7,227556
13003,0.001903,172.31.36.0-255,66,65454,7,227556
13004,0.002281,172.217.194.0-255,1484,66938,7,227556
13005,0.002293,172.217.194.0-255,2902,69840,7,227556
13006,0.002296,172.31.36.0-255,66,69906,7,227556
13007,0.002301,172.217.194.0-255,4320,74226,7,227556
13008,0.002303,172.31.36.0-255,66,74292,7,227556
13009,0.002314,172.217.194.0-255,1484,75776,7,227556
13010,0.002326,172.217.194.0-255,4320,80096,7,227556
13011,0.002328,172.31.36.0-255,66,80162,7,227556
13012,0.002353,172.31.36.0-255,66,80228,7,227556
13013,0.00236,172.217.194.0-255,7156,87384,7,227556
13014,0.002361,172.31.36.0-255,66,87450,7,227556
13015,0.002381,172.217.194.0-255,3602,91052,7,227556
13016,0.002383,172.31.36.0-255,66,91118,7,227556
13017,0.002437,172.217.194.0-255,1484,92602,7,227556
13018,0.002451,172.217.194.0-255,2902,95504,7,227556
13019,0.002453,172.31.36.0-255,66,95570,7,227556
13020,0.002475,172.217.194.0-255,5738,101308,7,227556
13021,0.002477,172.31.36.0-255,66,101374,7,227556
13022,0.002482,172.217.194.0-255,4320,105694,7,227556
13023,0.002483,172.31.36.0-255,66,105760,7,227556
13024,0.00251,172.31.36.0-255,66,105826,7,227556
13025,0.002552,172.217.194.0-255,5738,111564,7,227556
13026,0.002554,172.31.36.0-255,66,111630,7,227556
13027,0.002574,172.217.194.0-255,5020,116650,7,227556
13028,0.002577,172.31.36.0-255,66,116716,7,227556
13029,0.002624,172.31.36.0-255,66,116782,7,227556
13030,0.002647,172.217.194.0-255,2902,119684,7,227556
13031,0.002649,172.31.36.0-255,66,119750,7,227556
13032,0.002662,172.31.36.0-255,66,119816,7,227556
13033,0.002664,172.217.194.0-255,1484,121300,7,227556
13034,0.005238,172.217.194.0-255,4320,125620,7,227556
13035,0.005243,172.31.36.0-255,66,125686,7,227556
13036,0.007817,172.217.194.0-255,5738,131424,7,227556
13037,0.007825,172.31.36.0-255,66,131490,7,227556
13038,0.010402,172.217.194.0-255,5738,137228,7,227556
13039,0.010414,172.31.36.0-255,66,137294,7,227556
13040,0.013005,172.217.194.0-255,5738,143032,7,227556
13041,0.013017,172.31.36.0-255,66,143098,7,227556
13042,0.015586,172.217.194.0-255,5738,148836,7,227556
13043,0.015599,172.31.36.0-255,66,148902,7,227556
13044,0.018186,172.217.194.0-255,5738,154640,7,227556
13045,0.018199,172.31.36.0-255,66,154706,7,227556
13046,0.020777,172.217.194.0-255,5738,160444,7,227556
13047,0.020785,172.31.36.0-255,66,160510,7,227556
13048,0.023358,172.217.194.0-255,5738,166248,7,227556
13049,0.023366,172.31.36.0-255,66,166314,7,227556
13050,0.025934,172.217.194.0-255,5738,172052,7,227556
13051,0.025942,172.31.36.0-255,66,172118,7,227556
13052,0.028497,172.217.194.0-255,5738,177856,7,227556
13053,0.028508,172.31.36.0-255,66,177922,7,227556
13054,0.029119,172.31.36.0-255,172,178094,7,227556
13055,0.029408,172.31.36.0-255,1116,179210,7,227556
13056,0.029489,172.31.36.0-255,1514,180724,7,227556
13057,0.029492,172.31.36.0-255,1290,182014,7,227556
13058,0.030685,104.244.42.0-255,66,182080,7,227556
13059,0.030971,104.244.42.0-255,66,182146,7,227556
13060,0.031047,172.217.194.0-255,2902,185048,7,227556
13061,0.031051,172.31.36.0-255,66,185114,7,227556
13062,0.031077,104.244.42.0-255,66,185180,7,227556
13063,0.031092,172.217.194.0-255,2902,188082,7,227556
13064,0.031095,172.31.36.0-255,66,188148,7,227556
13065,0.03363,172.217.194.0-255,2902,191050,7,227556
13066,0.033635,172.31.36.0-255,66,191116,7,227556
13067,0.033663,172.217.194.0-255,2902,194018,7,227556
13068,0.033666,172.31.36.0-255,66,194084,7,227556
13069,0.03621,172.217.194.0-255,4320,198404,7,227556
13070,0.036215,172.31.36.0-255,66,198470,7,227556
13071,0.036244,172.217.194.0-255,1484,199954,7,227556
13072,0.038764,172.217.194.0-255,4320,204274,7,227556
13073,0.03877,172.31.36.0-255,66,204340,7,227556
13074,0.041344,172.217.194.0-255,5738,210078,7,227556
13075,0.041351,172.31.36.0-255,66,210144,7,227556
13076,0.043915,172.217.194.0-255,5738,215882,7,227556
13077,0.043922,172.31.36.0-255,66,215948,7,227556
13078,0.046497,172.217.194.0-255,5738,221686,7,227556
13079,0.046503,172.31.36.0-255,66,221752,7,227556
13080,0.049069,172.217.194.0-255,5738,227490,7,227556
13081,0.049075,172.31.36.0-255,66,227556,7,227556
13082,0.0,172.217.194.0-255,169,169,7,187367
13083,2.7e-05,172.31.36.0-255,66,235,7,187367
13084,3.4e-05,172.217.194.0-255,1484,1719,7,187367
13085,3.8e-05,172.31.36.0-255,66,1785,7,187367
13086,4.3e-05,172.217.194.0-255,2902,4687,7,187367
13087,4.5e-05,172.31.36.0-255,66,4753,7,187367
13088,5.8e-05,172.217.194.0-255,7156,11909,7,187367
13089,6.1e-05,172.31.36.0-255,66,11975,7,187367
13090,6.7e-05,172.217.194.0-255,5738,17713,7,187367
13091,7e-05,172.31.36.0-255,66,17779,7,187367
13092,8.4e-05,172.217.194.0-255,2028,19807,7,187367
13093,8.6e-05,172.31.36.0-255,66,19873,7,187367
13094,0.000103,172.31.36.0-255,66,19939,7,187367
13095,0.000106,172.217.194.0-255,2543,22482,7,187367
13096,0.000108,172.31.36.0-255,66,22548,7,187367
13097,0.000206,172.217.194.0-255,1484,24032,7,187367
13098,0.00021,172.31.36.0-255,66,24098,7,187367
13099,0.000215,172.217.194.0-255,2902,27000,7,187367
13100,0.000218,172.31.36.0-255,66,27066,7,187367
13101,0.000223,172.217.194.0-255,5738,32804,7,187367
13102,0.000225,172.31.36.0-255,66,32870,7,187367
13103,0.000253,172.217.194.0-255,7156,40026,7,187367
13104,0.000256,172.31.36.0-255,66,40092,7,187367
13105,0.000286,172.217.194.0-255,6797,46889,7,187367
13106,0.000289,172.31.36.0-255,66,46955,7,187367
13107,0.000298,172.31.36.0-255,66,47021,7,187367
13108,0.000325,172.217.194.0-255,1414,48435,7,187367
13109,0.000328,172.31.36.0-255,66,48501,7,187367
13110,0.0005,172.217.194.0-255,100,48601,7,187367
13111,0.000504,172.31.36.0-255,66,48667,7,187367
13112,0.000585,172.217.194.0-255,1484,50151,7,187367
13113,0.000591,172.217.194.0-255,2902,53053,7,187367
13114,0.000594,172.31.36.0-255,66,53119,7,187367
13115,0.000598,172.217.194.0-255,2902,56021,7,187367
13116,0.000601,172.31.36.0-255,66,56087,7,187367
13117,0.000623,172.217.194.0-255,2902,58989,7,187367
13118,0.000625,172.31.36.0-255,66,59055,7,187367
13119,0.000631,172.217.194.0-255,6797,65852,7,187367
13120,0.000633,172.31.36.0-255,66,65918,7,187367
13121,0.000702,172.31.36.0-255,66,65984,7,187367
13122,0.000724,172.217.194.0-255,1484,67468,7,187367
13123,0.000729,172.217.194.0-255,2543,70011,7,187367
13124,0.000732,172.31.36.0-255,66,70077,7,187367
13125,0.000868,172.217.194.0-255,1484,71561,7,187367
13126,0.00088,172.217.194.0-255,2902,74463,7,187367
13127,0.000883,172.31.36.0-255,66,74529,7,187367
13128,0.000888,172.217.194.0-255,4320,78849,7,187367
13129,0.00089,172.31.36.0-255,66,78915,7,187367
13130,0.000906,172.217.194.0-255,1484,80399,7,187367
13131,0.000924,172.217.194.0-255,7156,87555,7,187367
13132,0.000927,172.31.36.0-255,66,87621,7,187367
13133,0.000954,172.217.194.0-255,5738,93359,7,187367
13134,0.000957,172.31.36.0-255,66,93425,7,187367
13135,0.000966,172.31.36.0-255,66,93491,7,187367
13136,0.000973,172.217.194.0-255,766,94257,7,187367
13137,0.001008,172.217.194.0-255,1484,95741,7,187367
13138,0.00101,172.31.36.0-255,66,95807,7,187367
13139,0.001036,172.217.194.0-255,4320,100127,7,187367
13140,0.001039,172.31.36.0-255,66,100193,7,187367
13141,0.001042,172.217.194.0-255,1484,101677,7,187367
13142,0.001048,172.217.194.0-255,7156,108833,7,187367
13143,0.00105,172.31.36.0-255,66,108899,7,187367
13144,0.001076,172.217.194.0-255,2902,111801,7,187367
13145,0.001078,172.31.36.0-255,66,111867,7,187367
13146,0.001098,172.217.194.0-255,7156,119023,7,187367
13147,0.0011,172.31.36.0-255,66,119089,7,187367
13148,0.001141,172.31.36.0-255,66,119155,7,187367
13149,0.001154,172.31.36.0-255,66,119221,7,187367
13150,0.00118,172.217.194.0-255,1484,120705,7,187367
13151,0.001193,172.31.36.0-255,66,120771,7,187367
13152,0.001196,172.217.194.0-255,1484,122255,7,187367
13153,0.001233,172.31.36.0-255,66,122321,7,187367
13154,0.001258,172.217.194.0-255,5020,127341,7,187367
13155,0.001262,172.31.36.0-255,66,127407,7,187367
13156,0.001264,172.217.194.0-255,1484,128891,7,187367
13157,0.001268,172.217.194.0-255,2902,131793,7,187367
13158,0.00127,172.31.36.0-255,66,131859,7,187367
13159,0.001298,172.217.194.0-255,4320,136179,7,187367
13160,0.001301,172.31.36.0-255,66,136245,7,187367
13161,0.001316,172.217.194.0-255,1484,137729,7,187367
13162,0.001319,172.217.194.0-255,1484,139213,7,187367
13163,0.001321,172.31.36.0-255,66,139279,7,187367
13164,0.001368,172.217.194.0-255,2902,142181,7,187367
13165,0.001371,172.31.36.0-255,66,142247,7,187367
13166,0.001399,172.31.36.0-255,66,142313,7,187367
13167,0.001409,172.31.36.0-255,66,142379,7,187367
13168,0.001435,172.217.194.0-255,1484,143863,7,187367
13169,0.001439,172.217.194.0-255,2902,146765,7,187367
13170,0.001443,172.31.36.0-255,66,146831,7,187367
13171,0.00147,172.217.194.0-255,5738,152569,7,187367
13172,0.001473,172.31.36.0-255,66,152635,7,187367
13173,0.001548,172.31.36.0-255,66,152701,7,187367
13174,0.001558,172.31.36.0-255,66,152767,7,187367
13175,0.001567,172.217.194.0-255,2184,154951,7,187367
13176,0.001569,172.31.36.0-255,66,155017,7,187367
13177,0.001605,172.217.194.0-255,1484,156501,7,187367
13178,0.001618,172.217.194.0-255,2902,159403,7,187367
13179,0.001621,172.31.36.0-255,66,159469,7,187367
13180,0.001626,172.217.194.0-255,4320,163789,7,187367
13181,0.001629,172.31.36.0-255,66,163855,7,187367
13182,0.001644,172.217.194.0-255,1484,165339,7,187367
13183,0.001649,172.217.194.0-255,2902,168241,7,187367
13184,0.001651,172.31.36.0-255,66,168307,7,187367
13185,0.001683,172.31.36.0-255,66,168373,7,187367
13186,0.001725,172.31.36.0-255,66,168439,7,187367
13187,0.001735,172.31.36.0-255,66,168505,7,187367
13188,0.001758,172.217.194.0-255,2902,171407,7,187367
13189,0.00176,172.31.36.0-255,66,171473,7,187367
13190,0.001763,172.217.194.0-255,1484,172957,7,187367
13191,0.001801,172.31.36.0-255,66,173023,7,187367
13192,0.001827,172.31.36.0-255,66,173089,7,187367
13193,0.001838,172.31.36.0-255,66,173155,7,187367
13194,0.001871,172.31.36.0-255,66,173221,7,187367
13195,0.001876,172.217.194.0-255,4546,177767,7,187367
13196,0.001878,172.31.36.0-255,66,177833,7,187367
13197,0.001906,172.217.194.0-255,105,177938,7,187367
13198,0.003271,172.31.36.0-255,66,178004,7,187367
13199,0.003299,172.31.36.0-255,105,178109,7,187367
13200,0.005347,172.217.194.0-255,66,178175,7,187367
13201,0.034698,172.31.36.0-255,172,178347,7,187367
13202,0.034727,172.31.36.0-255,1113,179460,7,187367
13203,0.034771,172.31.36.0-255,1514,180974,7,187367
13204,0.034772,172.31.36.0-255,1514,182488,7,187367
13205,0.034774,172.31.36.0-255,1514,184002,7,187367
13206,0.034779,172.31.36.0-255,1514,185516,7,187367
13207,0.03478,172.31.36.0-255,1514,187030,7,187367
13208,0.034781,172.31.36.0-255,73,187103,7,187367
13209,0.036241,104.244.42.0-255,66,187169,7,187367
13210,0.036308,104.244.42.0-255,66,187235,7,187367
13211,0.03631,104.244.42.0-255,66,187301,7,187367
13212,0.036321,104.244.42.0-255,66,187367,7,187367
13213,0.0,74.125.200.0-255,146,146,7,277932
13214,2.7e-05,172.31.36.0-255,66,212,7,277932
13215,3.6e-05,74.125.200.0-255,1484,1696,7,277932
13216,4.1e-05,172.31.36.0-255,66,1762,7,277932
13217,4.8e-05,74.125.200.0-255,2902,4664,7,277932
13218,5.2e-05,172.31.36.0-255,66,4730,7,277932
13219,6e-05,74.125.200.0-255,5738,10468,7,277932
13220,6.3e-05,172.31.36.0-255,66,10534,7,277932
13221,6.8e-05,74.125.200.0-255,3490,14024,7,277932
13222,7.1e-05,172.31.36.0-255,66,14090,7,277932
13223,9.1e-05,74.125.200.0-255,4320,18410,7,277932
13224,9.5e-05,172.31.36.0-255,66,18476,7,277932
13225,0.000122,74.125.200.0-255,7156,25632,7,277932
13226,0.000124,172.31.36.0-255,66,25698,7,277932
13227,0.000172,74.125.200.0-255,5379,31077,7,277932
13228,0.000174,172.31.36.0-255,66,31143,7,277932
13229,0.000291,74.125.200.0-255,1484,32627,7,277932
13230,0.000295,172.31.36.0-255,66,32693,7,277932
13231,0.000301,74.125.200.0-255,2902,35595,7,277932
13232,0.000303,172.31.36.0-255,66,35661,7,277932
13233,0.000315,74.125.200.0-255,1484,37145,7,277932
13234,0.000318,172.31.36.0-255,66,37211,7,277932
13235,0.000345,74.125.200.0-255,2902,40113,7,277932
13236,0.000348,172.31.36.0-255,66,40179,7,277932
13237,0.000352,74.125.200.0-255,2902,43081,7,277932
13238,0.000354,172.31.36.0-255,66,43147,7,277932
13239,0.000367,74.125.200.0-255,2902,46049,7,277932
13240,0.00037,172.31.36.0-255,66,46115,7,277932
13241,0.000375,74.125.200.0-255,2543,48658,7,277932
13242,0.000377,172.31.36.0-255,66,48724,7,277932
13243,0.000464,74.125.200.0-255,7156,55880,7,277932
13244,0.000469,172.31.36.0-255,66,55946,7,277932
13245,0.000479,74.125.200.0-255,2902,58848,7,277932
13246,0.000481,172.31.36.0-255,66,58914,7,277932
13247,0.000501,74.125.200.0-255,1484,60398,7,277932
13248,0.000503,172.31.36.0-255,66,60464,7,277932
13249,0.00051,74.125.200.0-255,5656,66120,7,277932
13250,0.000512,172.31.36.0-255,66,66186,7,277932
13251,0.000532,74.125.200.0-255,127,66313,7,277932
13252,0.000534,172.31.36.0-255,66,66379,7,277932
13253,0.000616,74.125.200.0-255,347,66726,7,277932
13254,0.00062,172.31.36.0-255,66,66792,7,277932
13255,0.001223,74.125.200.0-255,1484,68276,7,277932
13256,0.00123,172.31.36.0-255,66,68342,7,277932
13257,0.001235,74.125.200.0-255,1484,69826,7,277932
13258,0.001238,172.31.36.0-255,66,69892,7,277932
13259,0.001252,74.125.200.0-255,1484,71376,7,277932
13260,0.001255,172.31.36.0-255,66,71442,7,277932
13261,0.001293,74.125.200.0-255,1484,72926,7,277932
13262,0.001296,172.31.36.0-255,66,72992,7,277932
13263,0.001313,74.125.200.0-255,2902,75894,7,277932
13264,0.001316,172.31.36.0-255,66,75960,7,277932
13265,0.001348,74.125.200.0-255,2902,78862,7,277932
13266,0.001352,172.31.36.0-255,66,78928,7,277932
13267,0.001372,74.125.200.0-255,4320,83248,7,277932
13268,0.001375,74.125.200.0-255,1484,84732,7,277932
13269,0.001378,172.31.36.0-255,66,84798,7,277932
13270,0.001381,172.31.36.0-255,66,84864,7,277932
13271,0.001421,74.125.200.0-255,1484,86348,7,277932
13272,0.001424,172.31.36.0-255,66,86414,7,277932
13273,0.00145,74.125.200.0-255,1484,87898,7,277932
13274,0.001453,172.31.36.0-255,66,87964,7,277932
13275,0.00146,74.125.200.0-255,5738,93702,7,277932
13276,0.001462,172.31.36.0-255,66,93768,7,277932
13277,0.001466,74.125.200.0-255,1484,95252,7,277932
13278,0.001468,172.31.36.0-255,66,95318,7,277932
13279,0.001487,74.125.200.0-255,2902,98220,7,277932
13280,0.001491,172.31.36.0-255,66,98286,7,277932
13281,0.001505,74.125.200.0-255,3602,101888,7,277932
13282,0.001507,172.31.36.0-255,66,101954,7,277932
13283,0.001681,74.125.200.0-255,1484,103438,7,277932
13284,0.001686,74.125.200.0-255,1484,104922,7,277932
13285,0.001689,172.31.36.0-255,66,104988,7,277932
13286,0.001732,74.125.200.0-255,1484,106472,7,277932
13287,0.001748,74.125.200.0-255,1484,107956,7,277932
13288,0.001751,172.31.36.0-255,66,108022,7,277932
13289,0.001754,74.125.200.0-255,1484,109506,7,277932
13290,0.001758,74.125.200.0-255,2902,112408,7,277932
13291,0.00176,172.31.36.0-255,66,112474,7,277932
13292,0.00179,74.125.200.0-255,5738,118212,7,277932
13293,0.001793,74.125.200.0-255,1484,119696,7,277932
13294,0.001796,74.125.200.0-255,1484,121180,7,277932
13295,0.001808,74.125.200.0-255,1484,122664,7,277932
13296,0.00182,172.31.36.0-255,66,122730,7,277932
13297,0.001836,74.125.200.0-255,5738,128468,7,277932
13298,0.001841,74.125.200.0-255,2902,131370,7,277932
13299,0.001856,172.31.36.0-255,66,131436,7,277932
13300,0.00186,74.125.200.0-255,1484,132920,7,277932
13301,0.001895,74.125.200.0-255,1484,134404,7,277932
13302,0.001906,172.31.36.0-255,66,134470,7,277932
13303,0.001912,74.125.200.0-255,2184,136654,7,277932
13304,0.001917,172.31.36.0-255,66,136720,7,277932
13305,0.002171,74.125.200.0-255,1484,138204,7,277932
13306,0.002177,74.125.200.0-255,2902,141106,7,277932
13307,0.002181,172.31.36.0-255,66,141172,7,277932
13308,0.002206,74.125.200.0-255,5738,146910,7,277932
13309,0.002208,172.31.36.0-255,66,146976,7,277932
13310,0.002229,74.125.200.0-255,4320,151296,7,277932
13311,0.002231,172.31.36.0-255,66,151362,7,277932
13312,0.002247,74.125.200.0-255,2902,154264,7,277932
13313,0.002249,172.31.36.0-255,66,154330,7,277932
13314,0.002252,74.125.200.0-255,1484,155814,7,277932
13315,0.002255,74.125.200.0-255,1484,157298,7,277932
13316,0.002257,172.31.36.0-255,66,157364,7,277932
13317,0.002271,74.125.200.0-255,1484,158848,7,277932
13318,0.004504,74.125.200.0-255,4320,163168,7,277932
13319,0.004518,172.31.36.0-255,66,163234,7,277932
13320,0.006772,74.125.200.0-255,5738,168972,7,277932
13321,0.006779,172.31.36.0-255,66,169038,7,277932
13322,0.009023,74.125.200.0-255,5738,174776,7,277932
13323,0.009031,172.31.36.0-255,66,174842,7,277932
13324,0.011293,74.125.200.0-255,5738,180580,7,277932
13325,0.011304,172.31.36.0-255,66,180646,7,277932
13326,0.013574,74.125.200.0-255,5738,186384,7,277932
13327,0.01359,172.31.36.0-255,66,186450,7,277932
13328,0.015868,74.125.200.0-255,5738,192188,7,277932
13329,0.015889,172.31.36.0-255,66,192254,7,277932
13330,0.018167,74.125.200.0-255,5738,197992,7,277932
13331,0.018184,172.31.36.0-255,66,198058,7,277932
13332,0.020482,74.125.200.0-255,5738,203796,7,277932
13333,0.020499,172.31.36.0-255,66,203862,7,277932
13334,0.022761,74.125.200.0-255,5738,209600,7,277932
13335,0.022774,172.31.36.0-255,66,209666,7,277932
13336,0.025026,74.125.200.0-255,5738,215404,7,277932
13337,0.025042,172.31.36.0-255,66,215470,7,277932
13338,0.027302,74.125.200.0-255,5738,221208,7,277932
13339,0.02732,172.31.36.0-255,66,221274,7,277932
13340,0.029418,172.31.36.0-255,172,221446,7,277932
13341,0.02945,172.31.36.0-255,1114,222560,7,277932
13342,0.02951,172.31.36.0-255,1514,224074,7,277932
13343,0.029512,172.31.36.0-255,1292,225366,7,277932
13344,0.029554,74.125.200.0-255,1484,226850,7,277932
13345,0.029576,74.125.200.0-255,4320,231170,7,277932
13346,0.029579,172.31.36.0-255,66,231236,7,277932
13347,0.030979,104.244.42.0-255,66,231302,7,277932
13348,0.031057,104.244.42.0-255,66,231368,7,277932
13349,0.03106,104.244.42.0-255,66,231434,7,277932
13350,0.031821,74.125.200.0-255,1484,232918,7,277932
13351,0.031842,74.125.200.0-255,4320,237238,7,277932
13352,0.031851,172.31.36.0-255,66,237304,7,277932
13353,0.034133,74.125.200.0-255,5738,243042,7,277932
13354,0.03415,172.31.36.0-255,66,243108,7,277932
13355,0.036407,74.125.200.0-255,5738,248846,7,277932
13356,0.036422,172.31.36.0-255,66,248912,7,277932
13357,0.038695,74.125.200.0-255,5738,254650,7,277932
13358,0.038706,172.31.36.0-255,66,254716,7,277932
13359,0.040969,74.125.200.0-255,5738,260454,7,277932
13360,0.040982,172.31.36.0-255,66,260520,7,277932
13361,0.04327,74.125.200.0-255,5738,266258,7,277932
13362,0.04328,172.31.36.0-255,66,266324,7,277932
13363,0.045548,74.125.200.0-255,5738,272062,7,277932
13364,0.045559,172.31.36.0-255,66,272128,7,277932
13365,0.047867,74.125.200.0-255,5738,277866,7,277932
13366,0.04788,172.31.36.0-255,66,277932,7,277932
13367,0.0,74.125.24.0-255,150,150,7,216812
13368,2.4e-05,172.31.36.0-255,66,216,7,216812
13369,3e-05,74.125.24.0-255,1484,1700,7,216812
13370,3.4e-05,172.31.36.0-255,66,1766,7,216812
13371,3.9e-05,74.125.24.0-255,2902,4668,7,216812
13372,4.9e-05,172.31.36.0-255,66,4734,7,216812
13373,5.4e-05,74.125.24.0-255,4320,9054,7,216812
13374,5.6e-05,172.31.36.0-255,66,9120,7,216812
13375,9e-05,74.125.24.0-255,2902,12022,7,216812
13376,9.2e-05,172.31.36.0-255,66,12088,7,216812
13377,9.6e-05,74.125.24.0-255,1985,14073,7,216812
13378,9.8e-05,172.31.36.0-255,66,14139,7,216812
13379,0.000161,74.125.24.0-255,1484,15623,7,216812
13380,0.000164,172.31.36.0-255,66,15689,7,216812
13381,0.000193,74.125.24.0-255,2902,18591,7,216812
13382,0.000197,172.31.36.0-255,66,18657,7,216812
13383,0.000203,74.125.24.0-255,5738,24395,7,216812
13384,0.000205,172.31.36.0-255,66,24461,7,216812
13385,0.000236,74.125.24.0-255,6797,31258,7,216812
13386,0.000239,172.31.36.0-255,66,31324,7,216812
13387,0.000703,74.125.24.0-255,1484,32808,7,216812
13388,0.000709,172.31.36.0-255,66,32874,7,216812
13389,0.000718,74.125.24.0-255,2902,35776,7,216812
13390,0.000727,172.31.36.0-255,66,35842,7,216812
13391,0.000734,74.125.24.0-255,5738,41580,7,216812
13392,0.000738,172.31.36.0-255,66,41646,7,216812
13393,0.000743,74.125.24.0-255,4320,45966,7,216812
13394,0.000745,172.31.36.0-255,66,46032,7,216812
13395,0.000779,74.125.24.0-255,2543,48575,7,216812
13396,0.000782,172.31.36.0-255,66,48641,7,216812
13397,0.000796,172.31.36.0-255,66,48707,7,216812
13398,0.000806,74.125.24.0-255,2543,51250,7,216812
13399,0.000808,172.31.36.0-255,66,51316,7,216812
13400,0.000811,74.125.24.0-255,402,51718,7,216812
13401,0.000861,74.125.24.0-255,343,52061,7,216812
13402,0.001096,74.125.24.0-255,1484,53545,7,216812
13403,0.001104,172.31.36.0-255,66,53611,7,216812
13404,0.00111,74.125.24.0-255,2902,56513,7,216812
13405,0.001112,172.31.36.0-255,66,56579,7,216812
13406,0.001118,74.125.24.0-255,5738,62317,7,216812
13407,0.00112,172.31.36.0-255,66,62383,7,216812
13408,0.001136,172.31.36.0-255,66,62449,7,216812
13409,0.001174,74.125.24.0-255,4320,66769,7,216812
13410,0.001176,172.31.36.0-255,66,66835,7,216812
13411,0.001186,172.31.36.0-255,66,66901,7,216812
13412,0.001195,74.125.24.0-255,2184,69085,7,216812
13413,0.001197,172.31.36.0-255,66,69151,7,216812
13414,0.001854,74.125.24.0-255,1484,70635,7,216812
13415,0.001858,74.125.24.0-255,2902,73537,7,216812
13416,0.001861,172.31.36.0-255,66,73603,7,216812
13417,0.001864,74.125.24.0-255,1484,75087,7,216812
13418,0.001891,74.125.24.0-255,4320,79407,7,216812
13419,0.001893,172.31.36.0-255,66,79473,7,216812
13420,0.001905,172.31.36.0-255,66,79539,7,216812
13421,0.001933,74.125.24.0-255,2902,82441,7,216812
13422,0.001935,172.31.36.0-255,66,82507,7,216812
13423,0.001945,172.31.36.0-255,66,82573,7,216812
13424,0.00197,74.125.24.0-255,2184,84757,7,216812
13425,0.001972,172.31.36.0-255,66,84823,7,216812
13426,0.002197,74.125.24.0-255,1484,86307,7,216812
13427,0.002201,74.125.24.0-255,1484,87791,7,216812
13428,0.002203,172.31.36.0-255,66,87857,7,216812
13429,0.002215,74.125.24.0-255,1484,89341,7,216812
13430,0.002225,74.125.24.0-255,5738,95079,7,216812
13431,0.002229,172.31.36.0-255,66,95145,7,216812
13432,0.002269,172.31.36.0-255,66,95211,7,216812
13433,0.002285,172.31.36.0-255,66,95277,7,216812
13434,0.002402,74.125.24.0-255,1484,96761,7,216812
13435,0.002414,74.125.24.0-255,1484,98245,7,216812
13436,0.002416,172.31.36.0-255,66,98311,7,216812
13437,0.002425,74.125.24.0-255,1484,99795,7,216812
13438,0.002434,74.125.24.0-255,4320,104115,7,216812
13439,0.002436,172.31.36.0-255,66,104181,7,216812
13440,0.002459,74.125.24.0-255,1484,105665,7,216812
13441,0.002469,172.31.36.0-255,66,105731,7,216812
13442,0.002472,74.125.24.0-255,1484,107215,7,216812
13443,0.002504,74.125.24.0-255,4320,111535,7,216812
13444,0.002507,172.31.36.0-255,66,111601,7,216812
13445,0.002541,172.31.36.0-255,66,111667,7,216812
13446,0.002557,74.125.24.0-255,2902,114569,7,216812
13447,0.00256,172.31.36.0-255,66,114635,7,216812
13448,0.002584,74.125.24.0-255,2902,117537,7,216812
13449,0.002586,172.31.36.0-255,66,117603,7,216812
13450,0.002594,74.125.24.0-255,7156,124759,7,216812
13451,0.002596,172.31.36.0-255,66,124825,7,216812
13452,0.002601,74.125.24.0-255,4320,129145,7,216812
13453,0.002603,172.31.36.0-255,66,129211,7,216812
13454,0.002647,172.31.36.0-255,66,129277,7,216812
13455,0.002654,74.125.24.0-255,6438,135715,7,216812
13456,0.002656,172.31.36.0-255,66,135781,7,216812
13457,0.002659,74.125.24.0-255,1484,137265,7,216812
13458,0.002688,74.125.24.0-255,2902,140167,7,216812
13459,0.00269,172.31.36.0-255,66,140233,7,216812
13460,0.002695,74.125.24.0-255,4320,144553,7,216812
13461,0.002697,172.31.36.0-255,66,144619,7,216812
13462,0.002737,74.125.24.0-255,1484,146103,7,216812
13463,0.002754,172.31.36.0-255,66,146169,7,216812
13464,0.00276,74.125.24.0-255,5738,151907,7,216812
13465,0.002763,172.31.36.0-255,66,151973,7,216812
13466,0.0028,74.125.24.0-255,7156,159129,7,216812
13467,0.002804,172.31.36.0-255,66,159195,7,216812
13468,0.002807,74.125.24.0-255,766,159961,7,216812
13469,0.003092,74.125.24.0-255,1484,161445,7,216812
13470,0.003097,172.31.36.0-255,66,161511,7,216812
13471,0.003102,74.125.24.0-255,2902,164413,7,216812
13472,0.003104,172.31.36.0-255,66,164479,7,216812
13473,0.003107,74.125.24.0-255,1484,165963,7,216812
13474,0.003133,74.125.24.0-255,4320,170283,7,216812
13475,0.003137,172.31.36.0-255,66,170349,7,216812
13476,0.003142,74.125.24.0-255,4320,174669,7,216812
13477,0.003144,172.31.36.0-255,66,174735,7,216812
13478,0.003147,74.125.24.0-255,1484,176219,7,216812
13479,0.003194,74.125.24.0-255,1484,177703,7,216812
13480,0.003197,172.31.36.0-255,66,177769,7,216812
13481,0.003241,172.31.36.0-255,66,177835,7,216812
13482,0.003246,74.125.24.0-255,3602,181437,7,216812
13483,0.003248,172.31.36.0-255,66,181503,7,216812
13484,0.003298,74.125.24.0-255,1484,182987,7,216812
13485,0.003304,74.125.24.0-255,2902,185889,7,216812
13486,0.003307,172.31.36.0-255,66,185955,7,216812
13487,0.003311,74.125.24.0-255,2902,188857,7,216812
13488,0.003314,172.31.36.0-255,66,188923,7,216812
13489,0.003345,74.125.24.0-255,2902,191825,7,216812
13490,0.003349,172.31.36.0-255,66,191891,7,216812
13491,0.003352,74.125.24.0-255,1484,193375,7,216812
13492,0.003368,172.31.36.0-255,66,193441,7,216812
13493,0.003373,74.125.24.0-255,2902,196343,7,216812
13494,0.003376,172.31.36.0-255,66,196409,7,216812
13495,0.003418,74.125.24.0-255,5738,202147,7,216812
13496,0.003419,172.31.36.0-255,66,202213,7,216812
13497,0.003423,172.31.36.0-255,66,202279,7,216812
13498,0.003453,172.31.36.0-255,66,202345,7,216812
13499,0.003465,172.31.36.0-255,66,202411,7,216812
13500,0.00349,74.125.24.0-255,2902,205313,7,216812
13501,0.003495,172.31.36.0-255,66,205379,7,216812
13502,0.003538,172.31.36.0-255,66,205445,7,216812
13503,0.003566,74.125.24.0-255,2902,208347,7,216812
13504,0.00357,172.31.36.0-255,66,208413,7,216812
13505,0.003573,74.125.24.0-255,1484,209897,7,216812
13506,0.00359,172.31.36.0-255,66,209963,7,216812
13507,0.003592,74.125.24.0-255,1484,211447,7,216812
13508,0.003595,74.125.24.0-255,554,212001,7,216812
13509,0.003597,172.31.36.0-255,66,212067,7,216812
13510,0.0036,74.125.24.0-255,97,212164,7,216812
13511,0.003602,74.125.24.0-255,105,212269,7,216812
13512,0.006096,172.31.36.0-255,66,212335,7,216812
13513,0.006124,172.31.36.0-255,105,212440,7,216812
13514,0.008445,74.125.24.0-255,66,212506,7,216812
13515,0.027266,172.31.36.0-255,188,212694,7,216812
13516,0.0273,172.31.36.0-255,958,213652,7,216812
13517,0.027341,172.31.36.0-255,1514,215166,7,216812
13518,0.027343,172.31.36.0-255,1448,216614,7,216812
13519,0.028843,104.244.42.0-255,66,216680,7,216812
13520,0.028852,104.244.42.0-255,66,216746,7,216812
13521,0.028921,104.244.42.0-255,66,216812,7,216812
13522,0.0,74.125.24.0-255,431,431,7,99105
13523,2.8e-05,74.125.24.0-255,1484,1915,7,99105
13524,3.8e-05,172.31.36.0-255,66,1981,7,99105
13525,4.6e-05,74.125.24.0-255,2902,4883,7,99105
13526,5e-05,172.31.36.0-255,66,4949,7,99105
13527,6.3e-05,74.125.24.0-255,4320,9269,7,99105
13528,6.6e-05,172.31.36.0-255,66,9335,7,99105
13529,0.000208,74.125.24.0-255,1484,10819,7,99105
13530,0.000229,74.125.24.0-255,3578,14397,7,99105
13531,0.000235,172.31.36.0-255,66,14463,7,99105
13532,0.00042,74.125.24.0-255,1484,15947,7,99105
13533,0.000475,74.125.24.0-255,2902,18849,7,99105
13534,0.00048,172.31.36.0-255,66,18915,7,99105
13535,0.000599,74.125.24.0-255,2902,21817,7,99105
13536,0.000606,172.31.36.0-255,66,21883,7,99105
13537,0.000633,74.125.24.0-255,2902,24785,7,99105
13538,0.000637,172.31.36.0-255,66,24851,7,99105
13539,0.000828,74.125.24.0-255,5521,30372,7,99105
13540,0.00086,172.31.36.0-255,66,30438,7,99105
13541,0.002121,74.125.24.0-255,5738,36176,7,99105
13542,0.002361,74.125.24.0-255,5738,41914,7,99105
13543,0.002954,74.125.24.0-255,4320,46234,7,99105
13544,0.003513,74.125.24.0-255,2902,49136,7,99105
13545,0.003975,74.125.24.0-255,5738,54874,7,99105
13546,0.004366,172.31.36.0-255,66,54940,7,99105
13547,0.004441,172.31.36.0-255,66,55006,7,99105
13548,0.004645,172.31.36.0-255,66,55072,7,99105
13549,0.006373,172.31.36.0-255,66,55138,7,99105
13550,0.006464,172.31.36.0-255,66,55204,7,99105
13551,0.006488,74.125.24.0-255,1484,56688,7,99105
13552,0.006704,74.125.24.0-255,1954,58642,7,99105
13553,0.006741,74.125.24.0-255,1484,60126,7,99105
13554,0.006789,74.125.24.0-255,1014,61140,7,99105
13555,0.006988,74.125.24.0-255,5738,66878,7,99105
13556,0.007019,74.125.24.0-255,5456,72334,7,99105
13557,0.007087,172.31.36.0-255,66,72400,7,99105
13558,0.008376,74.125.24.0-255,1766,74166,7,99105
13559,0.008383,172.31.36.0-255,66,74232,7,99105
13560,0.008394,74.125.24.0-255,7156,81388,7,99105
13561,0.008397,172.31.36.0-255,66,81454,7,99105
13562,0.008448,172.31.36.0-255,66,81520,7,99105
13563,0.009145,74.125.24.0-255,5738,87258,7,99105
13564,0.009151,172.31.36.0-255,66,87324,7,99105
13565,0.009243,172.31.36.0-255,66,87390,7,99105
13566,0.00927,74.125.24.0-255,1484,88874,7,99105
13567,0.00957,172.31.36.0-255,66,88940,7,99105
13568,0.009607,172.31.36.0-255,66,89006,7,99105
13569,0.01046,172.31.36.0-255,66,89072,7,99105
13570,0.010506,172.31.36.0-255,66,89138,7,99105
13571,0.010548,172.31.36.0-255,66,89204,7,99105
13572,0.010817,172.31.36.0-255,66,89270,7,99105
13573,0.010858,172.31.36.0-255,66,89336,7,99105
13574,0.011289,172.31.36.0-255,66,89402,7,99105
13575,0.011475,74.125.24.0-255,4320,93722,7,99105
13576,0.011571,74.125.24.0-255,4320,98042,7,99105
13577,0.011801,74.125.24.0-255,826,98868,7,99105
13578,0.015832,172.31.36.0-255,66,98934,7,99105
13579,0.017082,172.31.36.0-255,105,99039,7,99105
13580,0.019024,74.125.24.0-255,66,99105,7,99105
13581,0.0,172.31.36.0-255,105,105,7,105
13582,0.0,74.125.68.0-255,143,143,7,200595
13583,2.2e-05,172.31.36.0-255,66,209,7,200595
13584,3e-05,74.125.68.0-255,1484,1693,7,200595
13585,3.4e-05,172.31.36.0-255,66,1759,7,200595
13586,3.9e-05,74.125.68.0-255,2902,4661,7,200595
13587,4.3e-05,172.31.36.0-255,66,4727,7,200595
13588,4.8e-05,74.125.68.0-255,2902,7629,7,200595
13589,5e-05,172.31.36.0-255,66,7695,7,200595
13590,5.7e-05,74.125.68.0-255,4320,12015,7,200595
13591,5.9e-05,172.31.36.0-255,66,12081,7,200595
13592,8.2e-05,74.125.68.0-255,2003,14084,7,200595
13593,8.5e-05,172.31.36.0-255,66,14150,7,200595
13594,0.0002,74.125.68.0-255,1484,15634,7,200595
13595,0.000204,172.31.36.0-255,66,15700,7,200595
13596,0.000223,74.125.68.0-255,2902,18602,7,200595
13597,0.000226,172.31.36.0-255,66,18668,7,200595
13598,0.00023,74.125.68.0-255,1484,20152,7,200595
13599,0.000232,172.31.36.0-255,66,20218,7,200595
13600,0.000245,74.125.68.0-255,1484,21702,7,200595
13601,0.000247,172.31.36.0-255,66,21768,7,200595
13602,0.000264,74.125.68.0-255,4320,26088,7,200595
13603,0.000266,172.31.36.0-255,66,26154,7,200595
13604,0.000295,74.125.68.0-255,4320,30474,7,200595
13605,0.000298,172.31.36.0-255,66,30540,7,200595
13606,0.000322,74.125.68.0-255,3961,34501,7,200595
13607,0.000324,172.31.36.0-255,66,34567,7,200595
13608,0.000335,172.31.36.0-255,66,34633,7,200595
13609,0.000346,172.31.36.0-255,66,34699,7,200595
13610,0.000369,74.125.68.0-255,2902,37601,7,200595
13611,0.000371,172.31.36.0-255,66,37667,7,200595
13612,0.000389,74.125.68.0-255,1484,39151,7,200595
13613,0.000417,172.31.36.0-255,66,39217,7,200595
13614,0.00042,74.125.68.0-255,678,39895,7,200595
13615,0.000747,74.125.68.0-255,1484,41379,7,200595
13616,0.000753,172.31.36.0-255,66,41445,7,200595
13617,0.000759,74.125.68.0-255,2902,44347,7,200595
13618,0.000761,172.31.36.0-255,66,44413,7,200595
13619,0.000781,74.125.68.0-255,5738,50151,7,200595
13620,0.000783,172.31.36.0-255,66,50217,7,200595
13621,0.000807,74.125.68.0-255,7156,57373,7,200595
13622,0.00081,172.31.36.0-255,66,57439,7,200595
13623,0.000832,74.125.68.0-255,2902,60341,7,200595
13624,0.000835,172.31.36.0-255,66,60407,7,200595
13625,0.000863,172.31.36.0-255,66,60473,7,200595
13626,0.000888,74.125.68.0-255,3602,64075,7,200595
13627,0.000891,172.31.36.0-255,66,64141,7,200595
13628,0.00225,74.125.68.0-255,1484,65625,7,200595
13629,0.002262,74.125.68.0-255,2902,68527,7,200595
13630,0.002266,172.31.36.0-255,66,68593,7,200595
13631,0.002275,74.125.68.0-255,5738,74331,7,200595
13632,0.002277,172.31.36.0-255,66,74397,7,200595
13633,0.002333,172.31.36.0-255,66,74463,7,200595
13634,0.002344,172.31.36.0-255,66,74529,7,200595
13635,0.00235,74.125.68.0-255,5020,79549,7,200595
13636,0.002352,172.31.36.0-255,66,79615,7,200595
13637,0.004653,74.125.68.0-255,1484,81099,7,200595
13638,0.00467,74.125.68.0-255,4320,85419,7,200595
13639,0.004672,172.31.36.0-255,66,85485,7,200595
13640,0.006991,74.125.68.0-255,5738,91223,7,200595
13641,0.006998,172.31.36.0-255,66,91289,7,200595
13642,0.009322,74.125.68.0-255,5738,97027,7,200595
13643,0.009331,172.31.36.0-255,66,97093,7,200595
13644,0.011659,74.125.68.0-255,5738,102831,7,200595
13645,0.011667,172.31.36.0-255,66,102897,7,200595
13646,0.013991,74.125.68.0-255,5738,108635,7,200595
13647,0.013999,172.31.36.0-255,66,108701,7,200595
13648,0.016331,74.125.68.0-255,5738,114439,7,200595
13649,0.016338,172.31.36.0-255,66,114505,7,200595
13650,0.018656,74.125.68.0-255,5738,120243,7,200595
13651,0.018666,172.31.36.0-255,66,120309,7,200595
13652,0.020993,74.125.68.0-255,5738,126047,7,200595
13653,0.021002,172.31.36.0-255,66,126113,7,200595
13654,0.023322,74.125.68.0-255,5738,131851,7,200595
13655,0.02333,172.31.36.0-255,66,131917,7,200595
13656,0.025664,74.125.68.0-255,5738,137655,7,200595
13657,0.025671,172.31.36.0-255,66,137721,7,200595
13658,0.028017,74.125.68.0-255,5738,143459,7,200595
13659,0.028032,172.31.36.0-255,66,143525,7,200595
13660,0.030392,74.125.68.0-255,5738,149263,7,200595
13661,0.030406,172.31.36.0-255,66,149329,7,200595
13662,0.032734,74.125.68.0-255,5738,155067,7,200595
13663,0.032743,172.31.36.0-255,66,155133,7,200595
13664,0.03328,172.31.36.0-255,188,155321,7,200595
13665,0.033313,172.31.36.0-255,958,156279,7,200595
13666,0.033376,172.31.36.0-255,1514,157793,7,200595
13667,0.033378,172.31.36.0-255,1448,159241,7,200595
13668,0.034816,104.244.42.0-255,66,159307,7,200595
13669,0.034877,104.244.42.0-255,66,159373,7,200595
13670,0.035005,104.244.42.0-255,66,159439,7,200595
13671,0.035077,74.125.68.0-255,2902,162341,7,200595
13672,0.035082,172.31.36.0-255,66,162407,7,200595
13673,0.035099,74.125.68.0-255,2902,165309,7,200595
13674,0.035102,172.31.36.0-255,66,165375,7,200595
13675,0.037405,74.125.68.0-255,2902,168277,7,200595
13676,0.037411,172.31.36.0-255,66,168343,7,200595
13677,0.037435,74.125.68.0-255,2902,171245,7,200595
13678,0.037438,172.31.36.0-255,66,171311,7,200595
13679,0.039736,74.125.68.0-255,2902,174213,7,200595
13680,0.039743,172.31.36.0-255,66,174279,7,200595
13681,0.039763,74.125.68.0-255,2902,177181,7,200595
13682,0.039766,172.31.36.0-255,66,177247,7,200595
13683,0.042062,74.125.68.0-255,2902,180149,7,200595
13684,0.042071,172.31.36.0-255,66,180215,7,200595
13685,0.042085,74.125.68.0-255,2902,183117,7,200595
13686,0.042089,172.31.36.0-255,66,183183,7,200595
13687,0.044432,74.125.68.0-255,5738,188921,7,200595
13688,0.044444,172.31.36.0-255,66,188987,7,200595
13689,0.046775,74.125.68.0-255,5738,194725,7,200595
13690,0.046782,172.31.36.0-255,66,194791,7,200595
13691,0.049108,74.125.68.0-255,5738,200529,7,200595
13692,0.049115,172.31.36.0-255,66,200595,7,200595
13693,0.0,172.217.194.0-255,153,153,7,238781
13694,2.3e-05,172.31.36.0-255,66,219,7,238781
13695,3.1e-05,172.217.194.0-255,1484,1703,7,238781
13696,3.5e-05,172.31.36.0-255,66,1769,7,238781
13697,4.1e-05,172.217.194.0-255,2902,4671,7,238781
13698,4.5e-05,172.31.36.0-255,66,4737,7,238781
13699,5.1e-05,172.217.194.0-255,4320,9057,7,238781
13700,5.4e-05,172.31.36.0-255,66,9123,7,238781
13701,7.9e-05,172.217.194.0-255,4905,14028,7,238781
13702,8.2e-05,172.31.36.0-255,66,14094,7,238781
13703,0.000157,172.217.194.0-255,1484,15578,7,238781
13704,0.000161,172.31.36.0-255,66,15644,7,238781
13705,0.000166,172.217.194.0-255,2902,18546,7,238781
13706,0.000168,172.31.36.0-255,66,18612,7,238781
13707,0.000198,172.217.194.0-255,5738,24350,7,238781
13708,0.000201,172.31.36.0-255,66,24416,7,238781
13709,0.000223,172.217.194.0-255,6797,31213,7,238781
13710,0.000225,172.31.36.0-255,66,31279,7,238781
13711,0.000229,172.217.194.0-255,1484,32763,7,238781
13712,0.000231,172.31.36.0-255,66,32829,7,238781
13713,0.000255,172.217.194.0-255,5738,38567,7,238781
13714,0.000258,172.31.36.0-255,66,38633,7,238781
13715,0.000261,172.217.194.0-255,1484,40117,7,238781
13716,0.000263,172.31.36.0-255,66,40183,7,238781
13717,0.000297,172.31.36.0-255,66,40249,7,238781
13718,0.000314,172.217.194.0-255,1484,41733,7,238781
13719,0.000316,172.31.36.0-255,66,41799,7,238781
13720,0.000334,172.217.194.0-255,2902,44701,7,238781
13721,0.000336,172.31.36.0-255,66,44767,7,238781
13722,0.000343,172.217.194.0-255,5738,50505,7,238781
13723,0.000346,172.31.36.0-255,66,50571,7,238781
13724,0.000375,172.217.194.0-255,4320,54891,7,238781
13725,0.000378,172.31.36.0-255,66,54957,7,238781
13726,0.00039,172.217.194.0-255,2543,57500,7,238781
13727,0.000393,172.31.36.0-255,66,57566,7,238781
13728,0.000404,172.217.194.0-255,377,57943,7,238781
13729,0.000449,172.217.194.0-255,98,58041,7,238781
13730,0.000536,172.217.194.0-255,1484,59525,7,238781
13731,0.00054,172.31.36.0-255,66,59591,7,238781
13732,0.000554,172.217.194.0-255,2902,62493,7,238781
13733,0.000557,172.31.36.0-255,66,62559,7,238781
13734,0.000564,172.217.194.0-255,5738,68297,7,238781
13735,0.000567,172.31.36.0-255,66,68363,7,238781
13736,0.00057,172.217.194.0-255,1484,69847,7,238781
13737,0.000597,172.217.194.0-255,4320,74167,7,238781
13738,0.000601,172.31.36.0-255,66,74233,7,238781
13739,0.000633,172.217.194.0-255,5379,79612,7,238781
13740,0.000637,172.31.36.0-255,66,79678,7,238781
13741,0.000643,172.217.194.0-255,5738,85416,7,238781
13742,0.000645,172.31.36.0-255,66,85482,7,238781
13743,0.000684,172.217.194.0-255,7097,92579,7,238781
13744,0.000687,172.31.36.0-255,66,92645,7,238781
13745,0.000796,172.217.194.0-255,1484,94129,7,238781
13746,0.000802,172.217.194.0-255,2902,97031,7,238781
13747,0.000805,172.31.36.0-255,66,97097,7,238781
13748,0.000811,172.217.194.0-255,5738,102835,7,238781
13749,0.000814,172.31.36.0-255,66,102901,7,238781
13750,0.000868,172.31.36.0-255,66,102967,7,238781
13751,0.000888,172.217.194.0-255,5738,108705,7,238781
13752,0.000891,172.31.36.0-255,66,108771,7,238781
13753,0.000921,172.31.36.0-255,66,108837,7,238781
13754,0.000938,172.217.194.0-255,5738,114575,7,238781
13755,0.00094,172.31.36.0-255,66,114641,7,238781
13756,0.000989,172.31.36.0-255,66,114707,7,238781
13757,0.000996,172.31.36.0-255,66,114773,7,238781
13758,0.001001,172.217.194.0-255,2902,117675,7,238781
13759,0.001003,172.31.36.0-255,66,117741,7,238781
13760,0.001009,172.217.194.0-255,3602,121343,7,238781
13761,0.001011,172.31.36.0-255,66,121409,7,238781
13762,0.001029,172.217.194.0-255,1484,122893,7,238781
13763,0.001049,172.217.194.0-255,2902,125795,7,238781
13764,0.001052,172.31.36.0-255,66,125861,7,238781
13765,0.001059,172.217.194.0-255,5738,131599,7,238781
13766,0.001061,172.31.36.0-255,66,131665,7,238781
13767,0.001085,172.217.194.0-255,5738,137403,7,238781
13768,0.001088,172.31.36.0-255,66,137469,7,238781
13769,0.001111,172.217.194.0-255,7156,144625,7,238781
13770,0.001114,172.31.36.0-255,66,144691,7,238781
13771,0.001126,172.31.36.0-255,66,144757,7,238781
13772,0.001154,172.217.194.0-255,2902,147659,7,238781
13773,0.001156,172.31.36.0-255,66,147725,7,238781
13774,0.001162,172.217.194.0-255,4320,152045,7,238781
13775,0.001164,172.31.36.0-255,66,152111,7,238781
13776,0.001169,172.217.194.0-255,4320,156431,7,238781
13777,0.001171,172.31.36.0-255,66,156497,7,238781
13778,0.001194,172.217.194.0-255,4320,160817,7,238781
13779,0.001197,172.31.36.0-255,66,160883,7,238781
13780,0.001205,172.217.194.0-255,7156,168039,7,238781
13781,0.001208,172.31.36.0-255,66,168105,7,238781
13782,0.001251,172.31.36.0-255,66,168171,7,238781
13783,0.001274,172.217.194.0-255,1484,169655,7,238781
13784,0.001297,172.217.194.0-255,2902,172557,7,238781
13785,0.0013,172.31.36.0-255,66,172623,7,238781
13786,0.001307,172.217.194.0-255,5738,178361,7,238781
13787,0.00131,172.31.36.0-255,66,178427,7,238781
13788,0.001313,172.217.194.0-255,1484,179911,7,238781
13789,0.001356,172.31.36.0-255,66,179977,7,238781
13790,0.001369,172.31.36.0-255,66,180043,7,238781
13791,0.001393,172.217.194.0-255,1484,181527,7,238781
13792,0.001399,172.217.194.0-255,2902,184429,7,238781
13793,0.001402,172.31.36.0-255,66,184495,7,238781
13794,0.001427,172.217.194.0-255,5738,190233,7,238781
13795,0.001431,172.31.36.0-255,66,190299,7,238781
13796,0.001435,172.217.194.0-255,2902,193201,7,238781
13797,0.001437,172.31.36.0-255,66,193267,7,238781
13798,0.00146,172.31.36.0-255,66,193333,7,238781
13799,0.001471,172.31.36.0-255,66,193399,7,238781
13800,0.001519,172.217.194.0-255,2184,195583,7,238781
13801,0.001522,172.31.36.0-255,66,195649,7,238781
13802,0.001604,172.217.194.0-255,1484,197133,7,238781
13803,0.001607,172.217.194.0-255,1484,198617,7,238781
13804,0.001613,172.31.36.0-255,66,198683,7,238781
13805,0.001621,172.217.194.0-255,1484,200167,7,238781
13806,0.001626,172.217.194.0-255,2902,203069,7,238781
13807,0.001629,172.31.36.0-255,66,203135,7,238781
13808,0.001651,172.217.194.0-255,2902,206037,7,238781
13809,0.001658,172.217.194.0-255,7156,213193,7,238781
13810,0.001662,172.31.36.0-255,66,213259,7,238781
13811,0.001669,172.31.36.0-255,66,213325,7,238781
13812,0.001687,172.217.194.0-255,4320,217645,7,238781
13813,0.001689,172.31.36.0-255,66,217711,7,238781
13814,0.001727,172.31.36.0-255,66,217777,7,238781
13815,0.001731,172.217.194.0-255,2184,219961,7,238781
13816,0.001733,172.31.36.0-255,66,220027,7,238781
13817,0.001756,172.31.36.0-255,66,220093,7,238781
13818,0.001804,172.31.36.0-255,66,220159,7,238781
13819,0.001832,172.217.194.0-255,7156,227315,7,238781
13820,0.001847,172.31.36.0-255,66,227381,7,238781
13821,0.00185,172.217.194.0-255,1484,228865,7,238781
13822,0.001853,172.217.194.0-255,1484,230349,7,238781
13823,0.001859,172.31.36.0-255,66,230415,7,238781
13824,0.00189,172.217.194.0-255,3602,234017,7,238781
13825,0.001929,172.31.36.0-255,66,234083,7,238781
13826,0.001946,172.31.36.0-255,66,234149,7,238781
13827,0.001975,172.217.194.0-255,105,234254,7,238781
13828,0.001979,172.31.36.0-255,66,234320,7,238781
13829,0.004747,172.31.36.0-255,105,234425,7,238781
13830,0.007264,172.217.194.0-255,66,234491,7,238781
13831,0.030265,172.31.36.0-255,172,234663,7,238781
13832,0.030298,172.31.36.0-255,1114,235777,7,238781
13833,0.030356,172.31.36.0-255,1514,237291,7,238781
13834,0.030358,172.31.36.0-255,1292,238583,7,238781
13835,0.031824,104.244.42.0-255,66,238649,7,238781
13836,0.031918,104.244.42.0-255,66,238715,7,238781
13837,0.031946,104.244.42.0-255,66,238781,7,238781
13838,0.0,74.125.200.0-255,143,143,7,362001
13839,4.3e-05,172.31.36.0-255,66,209,7,362001
13840,5.2e-05,74.125.200.0-255,1484,1693,7,362001
13841,5.7e-05,172.31.36.0-255,66,1759,7,362001
13842,6.3e-05,74.125.200.0-255,2902,4661,7,362001
13843,6.7e-05,172.31.36.0-255,66,4727,7,362001
13844,7.5e-05,74.125.200.0-255,7156,11883,7,362001
13845,7.9e-05,172.31.36.0-255,66,11949,7,362001
13846,0.000102,74.125.200.0-255,2084,14033,7,362001
13847,0.000104,172.31.36.0-255,66,14099,7,362001
13848,0.000146,74.125.200.0-255,1484,15583,7,362001
13849,0.000149,172.31.36.0-255,66,15649,7,362001
13850,0.000164,74.125.200.0-255,2902,18551,7,362001
13851,0.000167,172.31.36.0-255,66,18617,7,362001
13852,0.000189,74.125.200.0-255,5738,24355,7,362001
13853,0.000192,172.31.36.0-255,66,24421,7,362001
13854,0.0002,74.125.200.0-255,6797,31218,7,362001
13855,0.000202,172.31.36.0-255,66,31284,7,362001
13856,0.00024,74.125.200.0-255,5738,37022,7,362001
13857,0.000244,172.31.36.0-255,66,37088,7,362001
13858,0.000267,74.125.200.0-255,1484,38572,7,362001
13859,0.000269,172.31.36.0-255,66,38638,7,362001
13860,0.000276,74.125.200.0-255,5738,44376,7,362001
13861,0.000279,172.31.36.0-255,66,44442,7,362001
13862,0.000306,74.125.200.0-255,3961,48403,7,362001
13863,0.000308,172.31.36.0-255,66,48469,7,362001
13864,0.000335,74.125.200.0-255,4320,52789,7,362001
13865,0.00034,172.31.36.0-255,66,52855,7,362001
13866,0.000368,74.125.200.0-255,7156,60011,7,362001
13867,0.000372,172.31.36.0-255,66,60077,7,362001
13868,0.000429,74.125.200.0-255,4320,64397,7,362001
13869,0.000433,172.31.36.0-255,66,64463,7,362001
13870,0.000446,74.125.200.0-255,1462,65925,7,362001
13871,0.000451,74.125.200.0-255,349,66274,7,362001
13872,0.000454,172.31.36.0-255,66,66340,7,362001
13873,0.000644,74.125.200.0-255,1484,67824,7,362001
13874,0.000667,74.125.200.0-255,2902,70726,7,362001
13875,0.000671,172.31.36.0-255,66,70792,7,362001
13876,0.000676,74.125.200.0-255,2902,73694,7,362001
13877,0.000678,172.31.36.0-255,66,73760,7,362001
13878,0.000693,74.125.200.0-255,2902,76662,7,362001
13879,0.000696,172.31.36.0-255,66,76728,7,362001
13880,0.000724,172.31.36.0-255,66,76794,7,362001
13881,0.000745,74.125.200.0-255,2902,79696,7,362001
13882,0.000748,172.31.36.0-255,66,79762,7,362001
13883,0.000762,172.31.36.0-255,66,79828,7,362001
13884,0.000992,74.125.200.0-255,1484,81312,7,362001
13885,0.000997,74.125.200.0-255,1484,82796,7,362001
13886,0.001,172.31.36.0-255,66,82862,7,362001
13887,0.001014,74.125.200.0-255,1484,84346,7,362001
13888,0.001017,74.125.200.0-255,1484,85830,7,362001
13889,0.001019,172.31.36.0-255,66,85896,7,362001
13890,0.00104,74.125.200.0-255,5738,91634,7,362001
13891,0.001043,172.31.36.0-255,66,91700,7,362001
13892,0.001059,74.125.200.0-255,1484,93184,7,362001
13893,0.001076,74.125.200.0-255,4320,97504,7,362001
13894,0.001081,74.125.200.0-255,2902,100406,7,362001
13895,0.001081,172.31.36.0-255,66,100472,7,362001
13896,0.001084,172.31.36.0-255,66,100538,7,362001
13897,0.001103,74.125.200.0-255,4320,104858,7,362001
13898,0.001105,172.31.36.0-255,66,104924,7,362001
13899,0.001143,172.31.36.0-255,66,104990,7,362001
13900,0.001159,74.125.200.0-255,1484,106474,7,362001
13901,0.001172,74.125.200.0-255,2902,109376,7,362001
13902,0.001175,172.31.36.0-255,66,109442,7,362001
13903,0.001194,74.125.200.0-255,1484,110926,7,362001
13904,0.001211,74.125.200.0-255,4320,115246,7,362001
13905,0.001214,172.31.36.0-255,66,115312,7,362001
13906,0.001219,74.125.200.0-255,2902,118214,7,362001
13907,0.001221,172.31.36.0-255,66,118280,7,362001
13908,0.001245,74.125.200.0-255,2902,121182,7,362001
13909,0.001248,172.31.36.0-255,66,121248,7,362001
13910,0.001256,74.125.200.0-255,7156,128404,7,362001
13911,0.001258,172.31.36.0-255,66,128470,7,362001
13912,0.001304,172.31.36.0-255,66,128536,7,362001
13913,0.001321,74.125.200.0-255,1484,130020,7,362001
13914,0.001326,74.125.200.0-255,2902,132922,7,362001
13915,0.001328,172.31.36.0-255,66,132988,7,362001
13916,0.00134,74.125.200.0-255,1484,134472,7,362001
13917,0.001358,74.125.200.0-255,4320,138792,7,362001
13918,0.00136,172.31.36.0-255,66,138858,7,362001
13919,0.001366,74.125.200.0-255,2902,141760,7,362001
13920,0.001369,172.31.36.0-255,66,141826,7,362001
13921,0.001384,74.125.200.0-255,4320,146146,7,362001
13922,0.001387,172.31.36.0-255,66,146212,7,362001
13923,0.001398,172.31.36.0-255,66,146278,7,362001
13924,0.00142,74.125.200.0-255,4320,150598,7,362001
13925,0.001423,172.31.36.0-255,66,150664,7,362001
13926,0.001445,74.125.200.0-255,3602,154266,7,362001
13927,0.001448,172.31.36.0-255,66,154332,7,362001
13928,0.001487,74.125.200.0-255,1484,155816,7,362001
13929,0.00149,74.125.200.0-255,1484,157300,7,362001
13930,0.001493,172.31.36.0-255,66,157366,7,362001
13931,0.001507,74.125.200.0-255,1484,158850,7,362001
13932,0.001523,74.125.200.0-255,4320,163170,7,362001
13933,0.001525,172.31.36.0-255,66,163236,7,362001
13934,0.00153,74.125.200.0-255,2902,166138,7,362001
13935,0.001532,172.31.36.0-255,66,166204,7,362001
13936,0.001551,74.125.200.0-255,2902,169106,7,362001
13937,0.001554,172.31.36.0-255,66,169172,7,362001
13938,0.001562,74.125.200.0-255,7156,176328,7,362001
13939,0.001564,172.31.36.0-255,66,176394,7,362001
13940,0.001587,74.125.200.0-255,4320,180714,7,362001
13941,0.001591,172.31.36.0-255,66,180780,7,362001
13942,0.001596,74.125.200.0-255,4320,185100,7,362001
13943,0.001599,172.31.36.0-255,66,185166,7,362001
13944,0.001612,74.125.200.0-255,1484,186650,7,362001
13945,0.001627,74.125.200.0-255,2184,188834,7,362001
13946,0.001631,172.31.36.0-255,66,188900,7,362001
13947,0.001993,74.125.200.0-255,1484,190384,7,362001
13948,0.002,74.125.200.0-255,2902,193286,7,362001
13949,0.002003,172.31.36.0-255,66,193352,7,362001
13950,0.002045,74.125.200.0-255,1484,194836,7,362001
13951,0.002067,74.125.200.0-255,4320,199156,7,362001
13952,0.00207,172.31.36.0-255,66,199222,7,362001
13953,0.002076,74.125.200.0-255,2902,202124,7,362001
13954,0.002105,74.125.200.0-255,4320,206444,7,362001
13955,0.002113,172.31.36.0-255,66,206510,7,362001
13956,0.00212,74.125.200.0-255,7156,213666,7,362001
13957,0.002122,74.125.200.0-255,766,214432,7,362001
13958,0.002253,74.125.200.0-255,1484,215916,7,362001
13959,0.002258,74.125.200.0-255,1484,217400,7,362001
13960,0.002279,74.125.200.0-255,1484,218884,7,362001
13961,0.002287,74.125.200.0-255,5738,224622,7,362001
13962,0.002289,74.125.200.0-255,1484,226106,7,362001
13963,0.002303,74.125.200.0-255,5738,231844,7,362001
13964,0.002336,74.125.200.0-255,4320,236164,7,362001
13965,0.002357,74.125.200.0-255,5738,241902,7,362001
13966,0.002376,74.125.200.0-255,4320,246222,7,362001
13967,0.002394,74.125.200.0-255,6438,252660,7,362001
13968,0.002396,74.125.200.0-255,1484,254144,7,362001
13969,0.002401,74.125.200.0-255,2902,257046,7,362001
13970,0.002412,74.125.200.0-255,1484,258530,7,362001
13971,0.002428,74.125.200.0-255,4320,262850,7,362001
13972,0.002433,74.125.200.0-255,4320,267170,7,362001
13973,0.002446,74.125.200.0-255,1484,268654,7,362001
13974,0.002473,74.125.200.0-255,5738,274392,7,362001
13975,0.002483,74.125.200.0-255,1484,275876,7,362001
13976,0.002495,74.125.200.0-255,1484,277360,7,362001
13977,0.002515,74.125.200.0-255,5020,282380,7,362001
13978,0.002543,74.125.200.0-255,4320,286700,7,362001
13979,0.002557,74.125.200.0-255,2902,289602,7,362001
13980,0.002562,74.125.200.0-255,4320,293922,7,362001
13981,0.002586,74.125.200.0-255,4320,298242,7,362001
13982,0.002614,74.125.200.0-255,4320,302562,7,362001
13983,0.008413,172.31.36.0-255,66,302628,7,362001
13984,0.008423,172.31.36.0-255,66,302694,7,362001
13985,0.008427,172.31.36.0-255,66,302760,7,362001
13986,0.008432,172.31.36.0-255,66,302826,7,362001
13987,0.008437,172.31.36.0-255,66,302892,7,362001
13988,0.00844,172.31.36.0-255,66,302958,7,362001
13989,0.008446,172.31.36.0-255,66,303024,7,362001
13990,0.008449,172.31.36.0-255,66,303090,7,362001
13991,0.008452,172.31.36.0-255,66,303156,7,362001
13992,0.008455,172.31.36.0-255,66,303222,7,362001
13993,0.008459,172.31.36.0-255,66,303288,7,362001
13994,0.008463,172.31.36.0-255,66,303354,7,362001
13995,0.008467,172.31.36.0-255,66,303420,7,362001
13996,0.008471,172.31.36.0-255,66,303486,7,362001
13997,0.008475,172.31.36.0-255,66,303552,7,362001
13998,0.008478,172.31.36.0-255,66,303618,7,362001
13999,0.008482,172.31.36.0-255,66,303684,7,362001
14000,0.008485,172.31.36.0-255,66,303750,7,362001
14001,0.008488,172.31.36.0-255,66,303816,7,362001
14002,0.008491,172.31.36.0-255,66,303882,7,362001
14003,0.008494,172.31.36.0-255,66,303948,7,362001
14004,0.008497,172.31.36.0-255,66,304014,7,362001
14005,0.008501,172.31.36.0-255,66,304080,7,362001
14006,0.011075,74.125.200.0-255,5738,309818,7,362001
14007,0.011091,172.31.36.0-255,66,309884,7,362001
14008,0.013668,74.125.200.0-255,5738,315622,7,362001
14009,0.013686,172.31.36.0-255,66,315688,7,362001
14010,0.016269,74.125.200.0-255,5738,321426,7,362001
14011,0.016287,172.31.36.0-255,66,321492,7,362001
14012,0.018869,74.125.200.0-255,5738,327230,7,362001
14013,0.018887,172.31.36.0-255,66,327296,7,362001
14014,0.019011,172.31.36.0-255,101,327397,7,362001
14015,0.021488,74.125.200.0-255,5738,333135,7,362001
14016,0.021508,172.31.36.0-255,66,333201,7,362001
14017,0.02153,74.125.200.0-255,66,333267,7,362001
14018,0.024115,74.125.200.0-255,5738,339005,7,362001
14019,0.024128,172.31.36.0-255,66,339071,7,362001
14020,0.026713,74.125.200.0-255,5738,344809,7,362001
14021,0.026731,172.31.36.0-255,66,344875,7,362001
14022,0.029312,74.125.200.0-255,5738,350613,7,362001
14023,0.02933,172.31.36.0-255,66,350679,7,362001
14024,0.031909,74.125.200.0-255,5738,356417,7,362001
14025,0.031924,172.31.36.0-255,66,356483,7,362001
14026,0.034494,74.125.200.0-255,1037,357520,7,362001
14027,0.034713,172.31.36.0-255,105,357625,7,362001
14028,0.038396,172.31.36.0-255,192,357817,7,362001
14029,0.038454,172.31.36.0-255,1115,358932,7,362001
14030,0.038533,172.31.36.0-255,1514,360446,7,362001
14031,0.038535,172.31.36.0-255,1291,361737,7,362001
14032,0.039924,104.244.42.0-255,66,361803,7,362001
14033,0.04004,104.244.42.0-255,66,361869,7,362001
14034,0.040082,104.244.42.0-255,66,361935,7,362001
14035,0.042542,74.125.200.0-255,66,362001,7,362001
14036,0.0,74.125.24.0-255,152,152,7,244516
14037,2.3e-05,172.31.36.0-255,66,218,7,244516
14038,3e-05,74.125.24.0-255,1484,1702,7,244516
14039,3.5e-05,172.31.36.0-255,66,1768,7,244516
14040,4e-05,74.125.24.0-255,2902,4670,7,244516
14041,4.4e-05,172.31.36.0-255,66,4736,7,244516
14042,5.1e-05,74.125.24.0-255,5738,10474,7,244516
14043,5.5e-05,172.31.36.0-255,66,10540,7,244516
14044,9.6e-05,172.31.36.0-255,66,10606,7,244516
14045,9.9e-05,74.125.24.0-255,1484,12090,7,244516
14046,0.000102,172.31.36.0-255,66,12156,7,244516
14047,0.000113,172.31.36.0-255,66,12222,7,244516
14048,0.000143,172.31.36.0-255,66,12288,7,244516
14049,0.000149,74.125.24.0-255,5020,17308,7,244516
14050,0.000151,172.31.36.0-255,66,17374,7,244516
14051,0.000165,74.125.24.0-255,2902,20276,7,244516
14052,0.000167,172.31.36.0-255,66,20342,7,244516
14053,0.000183,74.125.24.0-255,2902,23244,7,244516
14054,0.000185,172.31.36.0-255,66,23310,7,244516
14055,0.000195,74.125.24.0-255,7156,30466,7,244516
14056,0.000197,172.31.36.0-255,66,30532,7,244516
14057,0.000243,74.125.24.0-255,4304,34836,7,244516
14058,0.000245,172.31.36.0-255,66,34902,7,244516
14059,0.000511,74.125.24.0-255,1484,36386,7,244516
14060,0.000517,172.31.36.0-255,66,36452,7,244516
14061,0.000523,74.125.24.0-255,2902,39354,7,244516
14062,0.000526,172.31.36.0-255,66,39420,7,244516
14063,0.000531,74.125.24.0-255,4320,43740,7,244516
14064,0.000533,172.31.36.0-255,66,43806,7,244516
14065,0.000557,74.125.24.0-255,1484,45290,7,244516
14066,0.000566,74.125.24.0-255,5738,51028,7,244516
14067,0.000586,74.125.24.0-255,7156,58184,7,244516
14068,0.000591,74.125.24.0-255,2902,61086,7,244516
14069,0.000604,172.31.36.0-255,66,61152,7,244516
14070,0.000619,172.31.36.0-255,66,61218,7,244516
14071,0.001423,74.125.24.0-255,1484,62702,7,244516
14072,0.001448,74.125.24.0-255,2902,65604,7,244516
14073,0.001453,172.31.36.0-255,66,65670,7,244516
14074,0.00146,74.125.24.0-255,5738,71408,7,244516
14075,0.001485,74.125.24.0-255,2902,74310,7,244516
14076,0.001511,74.125.24.0-255,1484,75794,7,244516
14077,0.001532,74.125.24.0-255,7156,82950,7,244516
14078,0.00156,74.125.24.0-255,2184,85134,7,244516
14079,0.001614,74.125.24.0-255,1484,86618,7,244516
14080,0.001618,74.125.24.0-255,1484,88102,7,244516
14081,0.00163,74.125.24.0-255,1484,89586,7,244516
14082,0.001636,74.125.24.0-255,4320,93906,7,244516
14083,0.001656,74.125.24.0-255,1484,95390,7,244516
14084,0.001693,74.125.24.0-255,4320,99710,7,244516
14085,0.001732,74.125.24.0-255,4320,104030,7,244516
14086,0.001747,74.125.24.0-255,5738,109768,7,244516
14087,0.001784,74.125.24.0-255,7156,116924,7,244516
14088,0.001894,74.125.24.0-255,1484,118408,7,244516
14089,0.001909,74.125.24.0-255,2902,121310,7,244516
14090,0.001913,74.125.24.0-255,1484,122794,7,244516
14091,0.001934,74.125.24.0-255,4320,127114,7,244516
14092,0.001975,74.125.24.0-255,2902,130016,7,244516
14093,0.00198,74.125.24.0-255,2902,132918,7,244516
14094,0.002,74.125.24.0-255,5738,138656,7,244516
14095,0.002011,74.125.24.0-255,2184,140840,7,244516
14096,0.002043,74.125.24.0-255,5738,146578,7,244516
14097,0.002057,74.125.24.0-255,1484,148062,7,244516
14098,0.002064,74.125.24.0-255,5738,153800,7,244516
14099,0.002082,74.125.24.0-255,2902,156702,7,244516
14100,0.002102,74.125.24.0-255,2902,159604,7,244516
14101,0.002151,74.125.24.0-255,1484,161088,7,244516
14102,0.002188,74.125.24.0-255,3602,164690,7,244516
14103,0.002205,74.125.24.0-255,6438,171128,7,244516
14104,0.002213,74.125.24.0-255,7156,178284,7,244516
14105,0.002292,74.125.24.0-255,1484,179768,7,244516
14106,0.002296,74.125.24.0-255,2902,182670,7,244516
14107,0.002303,74.125.24.0-255,5738,188408,7,244516
14108,0.002354,74.125.24.0-255,1484,189892,7,244516
14109,0.006914,172.31.36.0-255,66,189958,7,244516
14110,0.009316,74.125.24.0-255,5738,195696,7,244516
14111,0.009323,172.31.36.0-255,66,195762,7,244516
14112,0.011686,74.125.24.0-255,5738,201500,7,244516
14113,0.011693,172.31.36.0-255,66,201566,7,244516
14114,0.01407,74.125.24.0-255,5738,207304,7,244516
14115,0.014078,172.31.36.0-255,66,207370,7,244516
14116,0.016444,74.125.24.0-255,5738,213108,7,244516
14117,0.017676,172.31.36.0-255,66,213174,7,244516
14118,0.020028,74.125.24.0-255,5738,218912,7,244516
14119,0.020039,172.31.36.0-255,66,218978,7,244516
14120,0.022426,74.125.24.0-255,5738,224716,7,244516
14121,0.022435,172.31.36.0-255,66,224782,7,244516
14122,0.024819,74.125.24.0-255,5738,230520,7,244516
14123,0.024828,172.31.36.0-255,66,230586,7,244516
14124,0.027206,74.125.24.0-255,5738,236324,7,244516
14125,0.027214,172.31.36.0-255,66,236390,7,244516
14126,0.029603,74.125.24.0-255,3423,239813,7,244516
14127,0.029611,172.31.36.0-255,66,239879,7,244516
14128,0.029791,172.31.36.0-255,105,239984,7,244516
14129,0.032137,74.125.24.0-255,66,240050,7,244516
14130,0.035198,172.31.36.0-255,172,240222,7,244516
14131,0.035228,172.31.36.0-255,1114,241336,7,244516
14132,0.035288,172.31.36.0-255,1514,242850,7,244516
14133,0.03529,172.31.36.0-255,1294,244144,7,244516
14134,0.036733,104.244.42.0-255,66,244210,7,244516
14135,0.036751,104.244.42.0-255,66,244276,7,244516
14136,0.036828,104.244.42.0-255,66,244342,7,244516
14137,0.037332,104.244.42.0-255,108,244450,7,244516
14138,0.037338,172.31.36.0-255,66,244516,7,244516
14139,0.0,172.217.194.0-255,153,153,7,242000
14140,3.1e-05,172.31.36.0-255,66,219,7,242000
14141,3.8e-05,172.217.194.0-255,1484,1703,7,242000
14142,4.2e-05,172.31.36.0-255,66,1769,7,242000
14143,4.8e-05,172.217.194.0-255,2902,4671,7,242000
14144,5.8e-05,172.31.36.0-255,66,4737,7,242000
14145,6.7e-05,172.217.194.0-255,7156,11893,7,242000
14146,7.2e-05,172.31.36.0-255,66,11959,7,242000
14147,9.1e-05,172.217.194.0-255,2144,14103,7,242000
14148,9.3e-05,172.31.36.0-255,66,14169,7,242000
14149,0.000185,172.217.194.0-255,1484,15653,7,242000
14150,0.00019,172.31.36.0-255,66,15719,7,242000
14151,0.000195,172.217.194.0-255,2902,18621,7,242000
14152,0.000197,172.31.36.0-255,66,18687,7,242000
14153,0.000232,172.217.194.0-255,5738,24425,7,242000
14154,0.000235,172.31.36.0-255,66,24491,7,242000
14155,0.00027,172.217.194.0-255,6797,31288,7,242000
14156,0.000275,172.31.36.0-255,66,31354,7,242000
14157,0.000307,172.217.194.0-255,1484,32838,7,242000
14158,0.00031,172.31.36.0-255,66,32904,7,242000
14159,0.000315,172.217.194.0-255,2902,35806,7,242000
14160,0.000318,172.31.36.0-255,66,35872,7,242000
14161,0.000322,172.217.194.0-255,2902,38774,7,242000
14162,0.000325,172.31.36.0-255,66,38840,7,242000
14163,0.000346,172.217.194.0-255,2902,41742,7,242000
14164,0.00035,172.31.36.0-255,66,41808,7,242000
14165,0.000357,172.217.194.0-255,6797,48605,7,242000
14166,0.00036,172.31.36.0-255,66,48671,7,242000
14167,0.000465,172.217.194.0-255,1484,50155,7,242000
14168,0.000469,172.31.36.0-255,66,50221,7,242000
14169,0.000474,172.217.194.0-255,2902,53123,7,242000
14170,0.000477,172.31.36.0-255,66,53189,7,242000
14171,0.000495,172.217.194.0-255,4320,57509,7,242000
14172,0.000498,172.31.36.0-255,66,57575,7,242000
14173,0.000518,172.217.194.0-255,1484,59059,7,242000
14174,0.000532,172.217.194.0-255,6797,65856,7,242000
14175,0.000535,172.31.36.0-255,66,65922,7,242000
14176,0.000955,172.217.194.0-255,647,66569,7,242000
14177,0.001301,172.217.194.0-255,1484,68053,7,242000
14178,0.001307,172.31.36.0-255,66,68119,7,242000
14179,0.001314,172.217.194.0-255,2902,71021,7,242000
14180,0.001316,172.31.36.0-255,66,71087,7,242000
14181,0.001321,172.217.194.0-255,2902,73989,7,242000
14182,0.00133,172.31.36.0-255,66,74055,7,242000
14183,0.001337,172.217.194.0-255,7156,81211,7,242000
14184,0.00134,172.31.36.0-255,66,81277,7,242000
14185,0.001407,172.31.36.0-255,66,81343,7,242000
14186,0.001412,172.217.194.0-255,3602,84945,7,242000
14187,0.001414,172.31.36.0-255,66,85011,7,242000
14188,0.002362,172.217.194.0-255,1484,86495,7,242000
14189,0.002369,172.217.194.0-255,1484,87979,7,242000
14190,0.002372,172.31.36.0-255,66,88045,7,242000
14191,0.002401,172.217.194.0-255,1484,89529,7,242000
14192,0.002407,172.217.194.0-255,5738,95267,7,242000
14193,0.002409,172.31.36.0-255,66,95333,7,242000
14194,0.002428,172.31.36.0-255,66,95399,7,242000
14195,0.002433,172.217.194.0-255,5738,101137,7,242000
14196,0.002435,172.31.36.0-255,66,101203,7,242000
14197,0.00246,172.217.194.0-255,5020,106223,7,242000
14198,0.002462,172.31.36.0-255,66,106289,7,242000
14199,0.002487,172.217.194.0-255,1484,107773,7,242000
14200,0.002491,172.217.194.0-255,2902,110675,7,242000
14201,0.002493,172.31.36.0-255,66,110741,7,242000
14202,0.002498,172.217.194.0-255,2902,113643,7,242000
14203,0.002499,172.31.36.0-255,66,113709,7,242000
14204,0.002519,172.217.194.0-255,2902,116611,7,242000
14205,0.002521,172.31.36.0-255,66,116677,7,242000
14206,0.002531,172.217.194.0-255,5738,122415,7,242000
14207,0.002533,172.31.36.0-255,66,122481,7,242000
14208,0.002562,172.217.194.0-255,7156,129637,7,242000
14209,0.002565,172.31.36.0-255,66,129703,7,242000
14210,0.002575,172.31.36.0-255,66,129769,7,242000
14211,0.002578,172.217.194.0-255,766,130535,7,242000
14212,0.002639,172.217.194.0-255,1484,132019,7,242000
14213,0.002642,172.31.36.0-255,66,132085,7,242000
14214,0.005175,172.217.194.0-255,2902,134987,7,242000
14215,0.005181,172.31.36.0-255,66,135053,7,242000
14216,0.005244,172.217.194.0-255,2902,137955,7,242000
14217,0.005247,172.31.36.0-255,66,138021,7,242000
14218,0.007765,172.217.194.0-255,2902,140923,7,242000
14219,0.007771,172.31.36.0-255,66,140989,7,242000
14220,0.007835,172.217.194.0-255,2902,143891,7,242000
14221,0.007839,172.31.36.0-255,66,143957,7,242000
14222,0.010355,172.217.194.0-255,2902,146859,7,242000
14223,0.010363,172.31.36.0-255,66,146925,7,242000
14224,0.01043,172.217.194.0-255,2902,149827,7,242000
14225,0.010434,172.31.36.0-255,66,149893,7,242000
14226,0.01296,172.217.194.0-255,2902,152795,7,242000
14227,0.012967,172.31.36.0-255,66,152861,7,242000
14228,0.013008,172.217.194.0-255,1484,154345,7,242000
14229,0.013026,172.217.194.0-255,1484,155829,7,242000
14230,0.01303,172.31.36.0-255,66,155895,7,242000
14231,0.015568,172.217.194.0-255,2902,158797,7,242000
14232,0.015577,172.31.36.0-255,66,158863,7,242000
14233,0.015656,172.217.194.0-255,2902,161765,7,242000
14234,0.015662,172.31.36.0-255,66,161831,7,242000
14235,0.018194,172.217.194.0-255,2902,164733,7,242000
14236,0.018202,172.31.36.0-255,66,164799,7,242000
14237,0.018305,172.217.194.0-255,2902,167701,7,242000
14238,0.018311,172.31.36.0-255,66,167767,7,242000
14239,0.020824,172.217.194.0-255,2902,170669,7,242000
14240,0.02083,172.31.36.0-255,66,170735,7,242000
14241,0.02093,172.217.194.0-255,2902,173637,7,242000
14242,0.020935,172.31.36.0-255,66,173703,7,242000
14243,0.022776,172.31.36.0-255,172,173875,7,242000
14244,0.022804,172.31.36.0-255,1114,174989,7,242000
14245,0.022848,172.31.36.0-255,1514,176503,7,242000
14246,0.02285,172.31.36.0-255,333,176836,7,242000
14247,0.02344,172.217.194.0-255,2902,179738,7,242000
14248,0.023446,172.31.36.0-255,66,179804,7,242000
14249,0.023543,172.217.194.0-255,2902,182706,7,242000
14250,0.023548,172.31.36.0-255,66,182772,7,242000
14251,0.02429,104.244.42.0-255,66,182838,7,242000
14252,0.024345,104.244.42.0-255,66,182904,7,242000
14253,0.0244,104.244.42.0-255,66,182970,7,242000
14254,0.026035,172.217.194.0-255,2902,185872,7,242000
14255,0.026039,172.31.36.0-255,66,185938,7,242000
14256,0.026166,172.217.194.0-255,2902,188840,7,242000
14257,0.026171,172.31.36.0-255,66,188906,7,242000
14258,0.028671,172.217.194.0-255,2902,191808,7,242000
14259,0.028677,172.31.36.0-255,66,191874,7,242000
14260,0.028758,172.217.194.0-255,2902,194776,7,242000
14261,0.028763,172.31.36.0-255,66,194842,7,242000
14262,0.031266,172.217.194.0-255,2902,197744,7,242000
14263,0.031272,172.31.36.0-255,66,197810,7,242000
14264,0.031342,172.217.194.0-255,2902,200712,7,242000
14265,0.031347,172.31.36.0-255,66,200778,7,242000
14266,0.033872,172.217.194.0-255,2902,203680,7,242000
14267,0.033878,172.31.36.0-255,66,203746,7,242000
14268,0.033935,172.217.194.0-255,2902,206648,7,242000
14269,0.033939,172.31.36.0-255,66,206714,7,242000
14270,0.036479,172.217.194.0-255,2902,209616,7,242000
14271,0.036484,172.31.36.0-255,66,209682,7,242000
14272,0.036529,172.217.194.0-255,1484,211166,7,242000
14273,0.036544,172.217.194.0-255,1484,212650,7,242000
14274,0.036547,172.31.36.0-255,66,212716,7,242000
14275,0.039085,172.217.194.0-255,2902,215618,7,242000
14276,0.039091,172.31.36.0-255,66,215684,7,242000
14277,0.039129,172.217.194.0-255,2902,218586,7,242000
14278,0.039132,172.31.36.0-255,66,218652,7,242000
14279,0.041681,172.217.194.0-255,2902,221554,7,242000
14280,0.041685,172.31.36.0-255,66,221620,7,242000
14281,0.041725,172.217.194.0-255,2902,224522,7,242000
14282,0.041728,172.31.36.0-255,66,224588,7,242000
14283,0.044336,172.217.194.0-255,5738,230326,7,242000
14284,0.044341,172.31.36.0-255,66,230392,7,242000
14285,0.046952,172.217.194.0-255,5738,236130,7,242000
14286,0.046957,172.31.36.0-255,66,236196,7,242000
14287,0.049529,172.217.194.0-255,5738,241934,7,242000
14288,0.049534,172.31.36.0-255,66,242000,7,242000
14289,0.0,74.125.24.0-255,153,153,7,259308
14290,2.9e-05,172.31.36.0-255,66,219,7,259308
14291,3.6e-05,74.125.24.0-255,1484,1703,7,259308
14292,4.1e-05,172.31.36.0-255,66,1769,7,259308
14293,5.3e-05,74.125.24.0-255,2902,4671,7,259308
14294,5.8e-05,172.31.36.0-255,66,4737,7,259308
14295,6.9e-05,74.125.24.0-255,1484,6221,7,259308
14296,7.1e-05,172.31.36.0-255,66,6287,7,259308
14297,7.6e-05,74.125.24.0-255,2902,9189,7,259308
14298,8.4e-05,172.31.36.0-255,66,9255,7,259308
14299,0.000127,74.125.24.0-255,4911,14166,7,259308
14300,0.000131,172.31.36.0-255,66,14232,7,259308
14301,0.000202,74.125.24.0-255,1484,15716,7,259308
14302,0.000205,172.31.36.0-255,66,15782,7,259308
14303,0.00021,74.125.24.0-255,2902,18684,7,259308
14304,0.000212,172.31.36.0-255,66,18750,7,259308
14305,0.000243,74.125.24.0-255,5738,24488,7,259308
14306,0.000247,172.31.36.0-255,66,24554,7,259308
14307,0.000272,172.31.36.0-255,66,24620,7,259308
14308,0.000292,74.125.24.0-255,5379,29999,7,259308
14309,0.000295,172.31.36.0-255,66,30065,7,259308
14310,0.0003,74.125.24.0-255,2902,32967,7,259308
14311,0.000303,172.31.36.0-255,66,33033,7,259308
14312,0.000323,74.125.24.0-255,1484,34517,7,259308
14313,0.000326,172.31.36.0-255,66,34583,7,259308
14314,0.000369,172.31.36.0-255,66,34649,7,259308
14315,0.000375,74.125.24.0-255,5020,39669,7,259308
14316,0.000378,172.31.36.0-255,66,39735,7,259308
14317,0.000381,74.125.24.0-255,427,40162,7,259308
14318,0.000383,172.31.36.0-255,66,40228,7,259308
14319,0.000412,74.125.24.0-255,347,40575,7,259308
14320,0.000622,74.125.24.0-255,1484,42059,7,259308
14321,0.000627,74.125.24.0-255,2902,44961,7,259308
14322,0.000628,172.31.36.0-255,66,45027,7,259308
14323,0.000633,172.31.36.0-255,66,45093,7,259308
14324,0.000653,74.125.24.0-255,5738,50831,7,259308
14325,0.000656,172.31.36.0-255,66,50897,7,259308
14326,0.000659,74.125.24.0-255,1484,52381,7,259308
14327,0.000696,172.31.36.0-255,66,52447,7,259308
14328,0.000717,172.31.36.0-255,66,52513,7,259308
14329,0.000728,74.125.24.0-255,2184,54697,7,259308
14330,0.000733,172.31.36.0-255,66,54763,7,259308
14331,0.000875,74.125.24.0-255,1484,56247,7,259308
14332,0.000881,74.125.24.0-255,2902,59149,7,259308
14333,0.000884,172.31.36.0-255,66,59215,7,259308
14334,0.000902,74.125.24.0-255,2902,62117,7,259308
14335,0.000922,74.125.24.0-255,2902,65019,7,259308
14336,0.000927,172.31.36.0-255,66,65085,7,259308
14337,0.000939,74.125.24.0-255,1484,66569,7,259308
14338,0.000973,172.31.36.0-255,66,66635,7,259308
14339,0.000994,74.125.24.0-255,4320,70955,7,259308
14340,0.000999,172.31.36.0-255,66,71021,7,259308
14341,0.001027,74.125.24.0-255,6438,77459,7,259308
14342,0.00103,74.125.24.0-255,1484,78943,7,259308
14343,0.001033,172.31.36.0-255,66,79009,7,259308
14344,0.001044,74.125.24.0-255,2902,81911,7,259308
14345,0.001055,74.125.24.0-255,5738,87649,7,259308
14346,0.001054,172.31.36.0-255,66,87715,7,259308
14347,0.001059,172.31.36.0-255,66,87781,7,259308
14348,0.001116,172.31.36.0-255,66,87847,7,259308
14349,0.001131,74.125.24.0-255,2902,90749,7,259308
14350,0.001139,172.31.36.0-255,66,90815,7,259308
14351,0.001164,172.31.36.0-255,66,90881,7,259308
14352,0.001188,74.125.24.0-255,1484,92365,7,259308
14353,0.001192,74.125.24.0-255,1484,93849,7,259308
14354,0.001198,172.31.36.0-255,66,93915,7,259308
14355,0.001202,74.125.24.0-255,1484,95399,7,259308
14356,0.001208,74.125.24.0-255,2902,98301,7,259308
14357,0.001215,172.31.36.0-255,66,98367,7,259308
14358,0.001241,74.125.24.0-255,2902,101269,7,259308
14359,0.001249,172.31.36.0-255,66,101335,7,259308
14360,0.001263,172.31.36.0-255,66,101401,7,259308
14361,0.001315,172.31.36.0-255,66,101467,7,259308
14362,0.001342,74.125.24.0-255,1484,102951,7,259308
14363,0.001358,74.125.24.0-255,2902,105853,7,259308
14364,0.001363,74.125.24.0-255,2902,108755,7,259308
14365,0.001363,172.31.36.0-255,66,108821,7,259308
14366,0.001368,172.31.36.0-255,66,108887,7,259308
14367,0.00139,74.125.24.0-255,2902,111789,7,259308
14368,0.001396,172.31.36.0-255,66,111855,7,259308
14369,0.001411,172.31.36.0-255,66,111921,7,259308
14370,0.001423,74.125.24.0-255,4320,116241,7,259308
14371,0.001435,172.31.36.0-255,66,116307,7,259308
14372,0.001496,74.125.24.0-255,1484,117791,7,259308
14373,0.001501,172.31.36.0-255,66,117857,7,259308
14374,0.001509,74.125.24.0-255,2902,120759,7,259308
14375,0.001511,172.31.36.0-255,66,120825,7,259308
14376,0.001561,172.31.36.0-255,66,120891,7,259308
14377,0.001714,74.125.24.0-255,1484,122375,7,259308
14378,0.00173,74.125.24.0-255,2902,125277,7,259308
14379,0.001735,172.31.36.0-255,66,125343,7,259308
14380,0.001741,74.125.24.0-255,5738,131081,7,259308
14381,0.001747,74.125.24.0-255,4320,135401,7,259308
14382,0.001748,172.31.36.0-255,66,135467,7,259308
14383,0.001765,172.31.36.0-255,66,135533,7,259308
14384,0.001774,74.125.24.0-255,1484,137017,7,259308
14385,0.001821,172.31.36.0-255,66,137083,7,259308
14386,0.002089,74.125.24.0-255,1484,138567,7,259308
14387,0.002096,74.125.24.0-255,2902,141469,7,259308
14388,0.002101,172.31.36.0-255,66,141535,7,259308
14389,0.002125,74.125.24.0-255,5738,147273,7,259308
14390,0.002138,172.31.36.0-255,66,147339,7,259308
14391,0.004212,74.125.24.0-255,5738,153077,7,259308
14392,0.004219,172.31.36.0-255,66,153143,7,259308
14393,0.006313,74.125.24.0-255,5738,158881,7,259308
14394,0.00836,172.31.36.0-255,66,158947,7,259308
14395,0.010487,74.125.24.0-255,5738,164685,7,259308
14396,0.010495,172.31.36.0-255,66,164751,7,259308
14397,0.012554,74.125.24.0-255,5738,170489,7,259308
14398,0.016563,172.31.36.0-255,66,170555,7,259308
14399,0.01869,74.125.24.0-255,5738,176293,7,259308
14400,0.018703,172.31.36.0-255,66,176359,7,259308
14401,0.020759,74.125.24.0-255,5738,182097,7,259308
14402,0.020767,172.31.36.0-255,66,182163,7,259308
14403,0.022856,74.125.24.0-255,5738,187901,7,259308
14404,0.022862,172.31.36.0-255,66,187967,7,259308
14405,0.024942,74.125.24.0-255,5738,193705,7,259308
14406,0.024949,172.31.36.0-255,66,193771,7,259308
14407,0.027036,74.125.24.0-255,5738,199509,7,259308
14408,0.027042,172.31.36.0-255,66,199575,7,259308
14409,0.027897,172.31.36.0-255,171,199746,7,259308
14410,0.027927,172.31.36.0-255,1139,200885,7,259308
14411,0.027967,172.31.36.0-255,1514,202399,7,259308
14412,0.027969,172.31.36.0-255,1267,203666,7,259308
14413,0.029117,74.125.24.0-255,5738,209404,7,259308
14414,0.029124,172.31.36.0-255,66,209470,7,259308
14415,0.029469,104.244.42.0-255,66,209536,7,259308
14416,0.029477,104.244.42.0-255,66,209602,7,259308
14417,0.029553,104.244.42.0-255,66,209668,7,259308
14418,0.030217,104.244.42.0-255,108,209776,7,259308
14419,0.030238,172.31.36.0-255,66,209842,7,259308
14420,0.031211,74.125.24.0-255,4320,214162,7,259308
14421,0.031215,172.31.36.0-255,66,214228,7,259308
14422,0.03125,74.125.24.0-255,1484,215712,7,259308
14423,0.033318,74.125.24.0-255,2902,218614,7,259308
14424,0.033325,172.31.36.0-255,66,218680,7,259308
14425,0.035387,74.125.24.0-255,5738,224418,7,259308
14426,0.035441,172.31.36.0-255,66,224484,7,259308
14427,0.037532,74.125.24.0-255,5738,230222,7,259308
14428,0.037537,172.31.36.0-255,66,230288,7,259308
14429,0.039629,74.125.24.0-255,5738,236026,7,259308
14430,0.039635,172.31.36.0-255,66,236092,7,259308
14431,0.041698,74.125.24.0-255,5738,241830,7,259308
14432,0.041704,172.31.36.0-255,66,241896,7,259308
14433,0.043824,74.125.24.0-255,5738,247634,7,259308
14434,0.04383,172.31.36.0-255,66,247700,7,259308
14435,0.045909,74.125.24.0-255,5738,253438,7,259308
14436,0.045915,172.31.36.0-255,66,253504,7,259308
14437,0.047995,74.125.24.0-255,5738,259242,7,259308
14438,0.048001,172.31.36.0-255,66,259308,7,259308
14439,0.0,172.217.194.0-255,156,156,7,73506
14440,2.4e-05,172.31.36.0-255,66,222,7,73506
14441,3.1e-05,172.217.194.0-255,1484,1706,7,73506
14442,3.7e-05,172.31.36.0-255,66,1772,7,73506
14443,5.1e-05,172.217.194.0-255,2902,4674,7,73506
14444,5.5e-05,172.31.36.0-255,66,4740,7,73506
14445,0.000102,172.217.194.0-255,5738,10478,7,73506
14446,0.000105,172.31.36.0-255,66,10544,7,73506
14447,0.000128,172.217.194.0-255,1484,12028,7,73506
14448,0.000131,172.31.36.0-255,66,12094,7,73506
14449,0.000281,172.217.194.0-255,2039,14133,7,73506
14450,0.000286,172.31.36.0-255,66,14199,7,73506
14451,0.000335,172.217.194.0-255,4320,18519,7,73506
14452,0.000339,172.31.36.0-255,66,18585,7,73506
14453,0.000361,172.217.194.0-255,7156,25741,7,73506
14454,0.000364,172.31.36.0-255,66,25807,7,73506
14455,0.000639,172.217.194.0-255,5379,31186,7,73506
14456,0.000645,172.31.36.0-255,66,31252,7,73506
14457,0.000784,172.31.36.0-255,66,31318,7,73506
14458,0.000823,172.31.36.0-255,66,31384,7,73506
14459,0.001412,172.31.36.0-255,66,31450,7,73506
14460,0.001692,172.31.36.0-255,66,31516,7,73506
14461,0.001741,172.31.36.0-255,66,31582,7,73506
14462,0.002569,172.31.36.0-255,66,31648,7,73506
14463,0.002618,172.31.36.0-255,66,31714,7,73506
14464,0.004513,172.217.194.0-255,1484,33198,7,73506
14465,0.00455,172.217.194.0-255,7156,40354,7,73506
14466,0.005794,172.31.36.0-255,66,40420,7,73506
14467,0.005953,172.217.194.0-255,1484,41904,7,73506
14468,0.006002,172.31.36.0-255,66,41970,7,73506
14469,0.006071,172.31.36.0-255,66,42036,7,73506
14470,0.007001,172.217.194.0-255,7156,49192,7,73506
14471,0.007007,172.31.36.0-255,66,49258,7,73506
14472,0.007052,172.31.36.0-255,66,49324,7,73506
14473,0.007742,172.31.36.0-255,66,49390,7,73506
14474,0.007777,172.217.194.0-255,7156,56546,7,73506
14475,0.007779,172.31.36.0-255,66,56612,7,73506
14476,0.008446,172.31.36.0-255,66,56678,7,73506
14477,0.008496,172.31.36.0-255,66,56744,7,73506
14478,0.009406,172.31.36.0-255,66,56810,7,73506
14479,0.009656,172.217.194.0-255,5738,62548,7,73506
14480,0.009659,172.31.36.0-255,66,62614,7,73506
14481,0.009694,172.31.36.0-255,66,62680,7,73506
14482,0.009711,172.217.194.0-255,2902,65582,7,73506
14483,0.009713,172.31.36.0-255,66,65648,7,73506
14484,0.010628,172.31.36.0-255,66,65714,7,73506
14485,0.010657,172.217.194.0-255,3247,68961,7,73506
14486,0.010659,172.31.36.0-255,66,69027,7,73506
14487,0.011521,172.31.36.0-255,105,69132,7,73506
14488,0.013495,172.217.194.0-255,66,69198,7,73506
14489,0.03465,172.31.36.0-255,188,69386,7,73506
14490,0.0347,172.31.36.0-255,958,70344,7,73506
14491,0.034759,172.31.36.0-255,1514,71858,7,73506
14492,0.034761,172.31.36.0-255,1450,73308,7,73506
14493,0.0362,104.244.42.0-255,66,73374,7,73506
14494,0.036229,104.244.42.0-255,66,73440,7,73506
14495,0.036344,104.244.42.0-255,66,73506,7,73506
14496,0.0,74.125.200.0-255,143,143,7,263040
14497,2.6e-05,172.31.36.0-255,66,209,7,263040
14498,3.1e-05,74.125.200.0-255,1484,1693,7,263040
14499,3.5e-05,172.31.36.0-255,66,1759,7,263040
14500,5.4e-05,74.125.200.0-255,2902,4661,7,263040
14501,5.7e-05,172.31.36.0-255,66,4727,7,263040
14502,6.1e-05,74.125.200.0-255,4320,9047,7,263040
14503,6.4e-05,172.31.36.0-255,66,9113,7,263040
14504,0.000101,74.125.200.0-255,4855,13968,7,263040
14505,0.000104,172.31.36.0-255,66,14034,7,263040
14506,0.000138,74.125.200.0-255,2902,16936,7,263040
14507,0.000142,172.31.36.0-255,66,17002,7,263040
14508,0.00016,74.125.200.0-255,2902,19904,7,263040
14509,0.000163,172.31.36.0-255,66,19970,7,263040
14510,0.000168,74.125.200.0-255,2902,22872,7,263040
14511,0.00017,172.31.36.0-255,66,22938,7,263040
14512,0.000203,74.125.200.0-255,4320,27258,7,263040
14513,0.000206,172.31.36.0-255,66,27324,7,263040
14514,0.000224,74.125.200.0-255,3961,31285,7,263040
14515,0.000227,172.31.36.0-255,66,31351,7,263040
14516,0.000386,74.125.200.0-255,1484,32835,7,263040
14517,0.000391,172.31.36.0-255,66,32901,7,263040
14518,0.000395,74.125.200.0-255,1484,34385,7,263040
14519,0.000398,172.31.36.0-255,66,34451,7,263040
14520,0.000418,74.125.200.0-255,2902,37353,7,263040
14521,0.000421,172.31.36.0-255,66,37419,7,263040
14522,0.000428,74.125.200.0-255,5738,43157,7,263040
14523,0.000431,172.31.36.0-255,66,43223,7,263040
14524,0.000454,74.125.200.0-255,4320,47543,7,263040
14525,0.000458,172.31.36.0-255,66,47609,7,263040
14526,0.000485,74.125.200.0-255,3961,51570,7,263040
14527,0.000488,172.31.36.0-255,66,51636,7,263040
14528,0.000499,172.31.36.0-255,66,51702,7,263040
14529,0.000502,74.125.200.0-255,1484,53186,7,263040
14530,0.000518,74.125.200.0-255,4271,57457,7,263040
14531,0.000521,172.31.36.0-255,66,57523,7,263040
14532,0.000545,74.125.200.0-255,109,57632,7,263040
14533,0.000603,74.125.200.0-255,333,57965,7,263040
14534,0.000856,74.125.200.0-255,1484,59449,7,263040
14535,0.000862,172.31.36.0-255,66,59515,7,263040
14536,0.000868,74.125.200.0-255,2902,62417,7,263040
14537,0.00087,172.31.36.0-255,66,62483,7,263040
14538,0.000873,74.125.200.0-255,1484,63967,7,263040
14539,0.000893,74.125.200.0-255,4320,68287,7,263040
14540,0.000897,172.31.36.0-255,66,68353,7,263040
14541,0.000902,74.125.200.0-255,2902,71255,7,263040
14542,0.000904,172.31.36.0-255,66,71321,7,263040
14543,0.000932,74.125.200.0-255,5738,77059,7,263040
14544,0.000936,172.31.36.0-255,66,77125,7,263040
14545,0.000949,172.31.36.0-255,66,77191,7,263040
14546,0.000956,74.125.200.0-255,5020,82211,7,263040
14547,0.000958,172.31.36.0-255,66,82277,7,263040
14548,0.001601,74.125.200.0-255,1484,83761,7,263040
14549,0.001616,74.125.200.0-255,2902,86663,7,263040
14550,0.001621,172.31.36.0-255,66,86729,7,263040
14551,0.001636,74.125.200.0-255,2902,89631,7,263040
14552,0.001638,172.31.36.0-255,66,89697,7,263040
14553,0.001652,74.125.200.0-255,2902,92599,7,263040
14554,0.001654,172.31.36.0-255,66,92665,7,263040
14555,0.00169,172.31.36.0-255,66,92731,7,263040
14556,0.001718,74.125.200.0-255,5738,98469,7,263040
14557,0.00172,172.31.36.0-255,66,98535,7,263040
14558,0.00174,74.125.200.0-255,5020,103555,7,263040
14559,0.001742,172.31.36.0-255,66,103621,7,263040
14560,0.001772,74.125.200.0-255,1484,105105,7,263040
14561,0.001787,74.125.200.0-255,2902,108007,7,263040
14562,0.001789,172.31.36.0-255,66,108073,7,263040
14563,0.001799,74.125.200.0-255,1484,109557,7,263040
14564,0.001813,74.125.200.0-255,4320,113877,7,263040
14565,0.001815,172.31.36.0-255,66,113943,7,263040
14566,0.00182,74.125.200.0-255,4320,118263,7,263040
14567,0.001822,172.31.36.0-255,66,118329,7,263040
14568,0.001833,74.125.200.0-255,2902,121231,7,263040
14569,0.001835,172.31.36.0-255,66,121297,7,263040
14570,0.001856,172.31.36.0-255,66,121363,7,263040
14571,0.001882,172.31.36.0-255,66,121429,7,263040
14572,0.002046,74.125.200.0-255,1484,122913,7,263040
14573,0.002098,74.125.200.0-255,1484,124397,7,263040
14574,0.002101,172.31.36.0-255,66,124463,7,263040
14575,0.002121,74.125.200.0-255,1484,125947,7,263040
14576,0.002126,74.125.200.0-255,4320,130267,7,263040
14577,0.002128,172.31.36.0-255,66,130333,7,263040
14578,0.002138,172.31.36.0-255,66,130399,7,263040
14579,0.002142,74.125.200.0-255,4320,134719,7,263040
14580,0.002144,172.31.36.0-255,66,134785,7,263040
14581,0.00218,74.125.200.0-255,7156,141941,7,263040
14582,0.002195,74.125.200.0-255,5020,146961,7,263040
14583,0.004803,172.31.36.0-255,66,147027,7,263040
14584,0.007077,74.125.200.0-255,5738,152765,7,263040
14585,0.007083,172.31.36.0-255,66,152831,7,263040
14586,0.009352,74.125.200.0-255,5738,158569,7,263040
14587,0.009361,172.31.36.0-255,66,158635,7,263040
14588,0.011632,74.125.200.0-255,5738,164373,7,263040
14589,0.01164,172.31.36.0-255,66,164439,7,263040
14590,0.013924,74.125.200.0-255,5738,170177,7,263040
14591,0.013935,172.31.36.0-255,66,170243,7,263040
14592,0.016219,74.125.200.0-255,5738,175981,7,263040
14593,0.016226,172.31.36.0-255,66,176047,7,263040
14594,0.018505,74.125.200.0-255,5738,181785,7,263040
14595,0.018511,172.31.36.0-255,66,181851,7,263040
14596,0.020792,74.125.200.0-255,5738,187589,7,263040
14597,0.020799,172.31.36.0-255,66,187655,7,263040
14598,0.023079,74.125.200.0-255,5738,193393,7,263040
14599,0.023087,172.31.36.0-255,66,193459,7,263040
14600,0.023163,172.31.36.0-255,167,193626,7,263040
14601,0.023185,172.31.36.0-255,1115,194741,7,263040
14602,0.02325,172.31.36.0-255,1514,196255,7,263040
14603,0.023252,172.31.36.0-255,1291,197546,7,263040
14604,0.024698,104.244.42.0-255,66,197612,7,263040
14605,0.024737,104.244.42.0-255,66,197678,7,263040
14606,0.02479,104.244.42.0-255,66,197744,7,263040
14607,0.025368,74.125.200.0-255,2902,200646,7,263040
14608,0.025376,172.31.36.0-255,66,200712,7,263040
14609,0.025407,74.125.200.0-255,2902,203614,7,263040
14610,0.025411,172.31.36.0-255,66,203680,7,263040
14611,0.027651,74.125.200.0-255,2902,206582,7,263040
14612,0.02766,172.31.36.0-255,66,206648,7,263040
14613,0.027699,74.125.200.0-255,2902,209550,7,263040
14614,0.027702,172.31.36.0-255,66,209616,7,263040
14615,0.02993,74.125.200.0-255,2902,212518,7,263040
14616,0.029935,172.31.36.0-255,66,212584,7,263040
14617,0.029965,74.125.200.0-255,2902,215486,7,263040
14618,0.029969,172.31.36.0-255,66,215552,7,263040
14619,0.032219,74.125.200.0-255,2902,218454,7,263040
14620,0.032225,172.31.36.0-255,66,218520,7,263040
14621,0.032272,74.125.200.0-255,2902,221422,7,263040
14622,0.032276,172.31.36.0-255,66,221488,7,263040
14623,0.034488,74.125.200.0-255,2902,224390,7,263040
14624,0.034494,172.31.36.0-255,66,224456,7,263040
14625,0.034538,74.125.200.0-255,2902,227358,7,263040
14626,0.034544,172.31.36.0-255,66,227424,7,263040
14627,0.036787,74.125.200.0-255,2902,230326,7,263040
14628,0.036793,172.31.36.0-255,66,230392,7,263040
14629,0.036822,74.125.200.0-255,2902,233294,7,263040
14630,0.036826,172.31.36.0-255,66,233360,7,263040
14631,0.039059,74.125.200.0-255,2902,236262,7,263040
14632,0.039064,172.31.36.0-255,66,236328,7,263040
14633,0.039099,74.125.200.0-255,2902,239230,7,263040
14634,0.039102,172.31.36.0-255,66,239296,7,263040
14635,0.041329,74.125.200.0-255,2902,242198,7,263040
14636,0.04135,172.31.36.0-255,66,242264,7,263040
14637,0.041372,74.125.200.0-255,2902,245166,7,263040
14638,0.041379,172.31.36.0-255,66,245232,7,263040
14639,0.043622,74.125.200.0-255,2902,248134,7,263040
14640,0.043628,172.31.36.0-255,66,248200,7,263040
14641,0.043664,74.125.200.0-255,2902,251102,7,263040
14642,0.043667,172.31.36.0-255,66,251168,7,263040
14643,0.045897,74.125.200.0-255,2902,254070,7,263040
14644,0.045903,172.31.36.0-255,66,254136,7,263040
14645,0.045935,74.125.200.0-255,2902,257038,7,263040
14646,0.045938,172.31.36.0-255,66,257104,7,263040
14647,0.04817,74.125.200.0-255,2902,260006,7,263040
14648,0.048175,172.31.36.0-255,66,260072,7,263040
14649,0.048213,74.125.200.0-255,2902,262974,7,263040
14650,0.048216,172.31.36.0-255,66,263040,7,263040
14651,0.0,74.125.24.0-255,318,318,7,196358
14652,2e-05,172.31.36.0-255,66,384,7,196358
14653,2.7e-05,74.125.24.0-255,1484,1868,7,196358
14654,3.2e-05,172.31.36.0-255,66,1934,7,196358
14655,4.6e-05,74.125.24.0-255,4320,6254,7,196358
14656,5e-05,172.31.36.0-255,66,6320,7,196358
14657,5.8e-05,74.125.24.0-255,7156,13476,7,196358
14658,6.1e-05,172.31.36.0-255,66,13542,7,196358
14659,6.4e-05,74.125.24.0-255,522,14064,7,196358
14660,6.7e-05,172.31.36.0-255,66,14130,7,196358
14661,0.001119,74.125.24.0-255,1484,15614,7,196358
14662,0.001127,172.31.36.0-255,66,15680,7,196358
14663,0.001138,74.125.24.0-255,2902,18582,7,196358
14664,0.00114,172.31.36.0-255,66,18648,7,196358
14665,0.001153,74.125.24.0-255,5738,24386,7,196358
14666,0.001155,172.31.36.0-255,66,24452,7,196358
14667,0.001163,74.125.24.0-255,6797,31249,7,196358
14668,0.001165,172.31.36.0-255,66,31315,7,196358
14669,0.001173,74.125.24.0-255,7156,38471,7,196358
14670,0.001176,172.31.36.0-255,66,38537,7,196358
14671,0.001218,172.31.36.0-255,66,38603,7,196358
14672,0.00123,172.31.36.0-255,66,38669,7,196358
14673,0.001284,172.31.36.0-255,66,38735,7,196358
14674,0.001318,74.125.24.0-255,398,39133,7,196358
14675,0.001322,172.31.36.0-255,66,39199,7,196358
14676,0.001372,74.125.24.0-255,112,39311,7,196358
14677,0.001375,172.31.36.0-255,66,39377,7,196358
14678,0.001974,74.125.24.0-255,1484,40861,7,196358
14679,0.00198,172.31.36.0-255,66,40927,7,196358
14680,0.001986,74.125.24.0-255,2902,43829,7,196358
14681,0.001989,172.31.36.0-255,66,43895,7,196358
14682,0.002,74.125.24.0-255,5738,49633,7,196358
14683,0.002004,172.31.36.0-255,66,49699,7,196358
14684,0.002008,74.125.24.0-255,2902,52601,7,196358
14685,0.00201,172.31.36.0-255,66,52667,7,196358
14686,0.002026,74.125.24.0-255,4320,56987,7,196358
14687,0.002029,172.31.36.0-255,66,57053,7,196358
14688,0.004039,74.125.24.0-255,4320,61373,7,196358
14689,0.004046,172.31.36.0-255,66,61439,7,196358
14690,0.004075,74.125.24.0-255,1484,62923,7,196358
14691,0.006051,74.125.24.0-255,4320,67243,7,196358
14692,0.006058,172.31.36.0-255,66,67309,7,196358
14693,0.00807,74.125.24.0-255,5738,73047,7,196358
14694,0.008078,172.31.36.0-255,66,73113,7,196358
14695,0.0101,74.125.24.0-255,5738,78851,7,196358
14696,0.010108,172.31.36.0-255,66,78917,7,196358
14697,0.01215,74.125.24.0-255,5738,84655,7,196358
14698,0.012159,172.31.36.0-255,66,84721,7,196358
14699,0.014201,74.125.24.0-255,5738,90459,7,196358
14700,0.014208,172.31.36.0-255,66,90525,7,196358
14701,0.016244,74.125.24.0-255,5738,96263,7,196358
14702,0.016253,172.31.36.0-255,66,96329,7,196358
14703,0.018268,74.125.24.0-255,5738,102067,7,196358
14704,0.018277,172.31.36.0-255,66,102133,7,196358
14705,0.020304,74.125.24.0-255,5738,107871,7,196358
14706,0.020312,172.31.36.0-255,66,107937,7,196358
14707,0.022327,74.125.24.0-255,5738,113675,7,196358
14708,0.022336,172.31.36.0-255,66,113741,7,196358
14709,0.024369,74.125.24.0-255,5738,119479,7,196358
14710,0.024377,172.31.36.0-255,66,119545,7,196358
14711,0.02643,74.125.24.0-255,5738,125283,7,196358
14712,0.026437,172.31.36.0-255,66,125349,7,196358
14713,0.028461,74.125.24.0-255,5738,131087,7,196358
14714,0.028473,172.31.36.0-255,66,131153,7,196358
14715,0.030493,74.125.24.0-255,5738,136891,7,196358
14716,0.030509,172.31.36.0-255,66,136957,7,196358
14717,0.032536,74.125.24.0-255,5738,142695,7,196358
14718,0.032551,172.31.36.0-255,66,142761,7,196358
14719,0.034602,74.125.24.0-255,5738,148499,7,196358
14720,0.034612,172.31.36.0-255,66,148565,7,196358
14721,0.036619,74.125.24.0-255,5738,154303,7,196358
14722,0.036628,172.31.36.0-255,66,154369,7,196358
14723,0.038636,74.125.24.0-255,5738,160107,7,196358
14724,0.038646,172.31.36.0-255,66,160173,7,196358
14725,0.040626,172.31.36.0-255,172,160345,7,196358
14726,0.040666,74.125.24.0-255,5738,166083,7,196358
14727,0.04067,172.31.36.0-255,66,166149,7,196358
14728,0.040675,172.31.36.0-255,1114,167263,7,196358
14729,0.040802,172.31.36.0-255,1514,168777,7,196358
14730,0.040803,172.31.36.0-255,1514,170291,7,196358
14731,0.040804,172.31.36.0-255,1514,171805,7,196358
14732,0.04083,172.31.36.0-255,1073,172878,7,196358
14733,0.042148,104.244.42.0-255,66,172944,7,196358
14734,0.042226,104.244.42.0-255,66,173010,7,196358
14735,0.04237,104.244.42.0-255,66,173076,7,196358
14736,0.042377,104.244.42.0-255,66,173142,7,196358
14737,0.042689,74.125.24.0-255,5738,178880,7,196358
14738,0.042698,172.31.36.0-255,66,178946,7,196358
14739,0.044717,74.125.24.0-255,5738,184684,7,196358
14740,0.044727,172.31.36.0-255,66,184750,7,196358
14741,0.046752,74.125.24.0-255,5738,190488,7,196358
14742,0.046761,172.31.36.0-255,66,190554,7,196358
14743,0.048789,74.125.24.0-255,5738,196292,7,196358
14744,0.0488,172.31.36.0-255,66,196358,7,196358
14745,0.0,74.125.68.0-255,142,142,7,242503
14746,2.2e-05,172.31.36.0-255,66,208,7,242503
14747,3e-05,74.125.68.0-255,1484,1692,7,242503
14748,3.4e-05,172.31.36.0-255,66,1758,7,242503
14749,4.1e-05,74.125.68.0-255,2902,4660,7,242503
14750,4.4e-05,172.31.36.0-255,66,4726,7,242503
14751,4.8e-05,74.125.68.0-255,1484,6210,7,242503
14752,5e-05,172.31.36.0-255,66,6276,7,242503
14753,5.4e-05,74.125.68.0-255,1484,7760,7,242503
14754,5.7e-05,172.31.36.0-255,66,7826,7,242503
14755,9e-05,74.125.68.0-255,4320,12146,7,242503
14756,9.2e-05,172.31.36.0-255,66,12212,7,242503
14757,0.000106,172.31.36.0-255,66,12278,7,242503
14758,0.000117,172.31.36.0-255,66,12344,7,242503
14759,0.000182,74.125.68.0-255,1484,13828,7,242503
14760,0.000185,172.31.36.0-255,66,13894,7,242503
14761,0.000213,74.125.68.0-255,2902,16796,7,242503
14762,0.000215,172.31.36.0-255,66,16862,7,242503
14763,0.00024,74.125.68.0-255,5738,22600,7,242503
14764,0.000242,172.31.36.0-255,66,22666,7,242503
14765,0.000246,74.125.68.0-255,2902,25568,7,242503
14766,0.000248,172.31.36.0-255,66,25634,7,242503
14767,0.000254,74.125.68.0-255,3961,29595,7,242503
14768,0.000257,172.31.36.0-255,66,29661,7,242503
14769,0.000268,172.31.36.0-255,66,29727,7,242503
14770,0.000272,74.125.68.0-255,4320,34047,7,242503
14771,0.000276,172.31.36.0-255,66,34113,7,242503
14772,0.000319,74.125.68.0-255,1484,35597,7,242503
14773,0.000321,172.31.36.0-255,66,35663,7,242503
14774,0.000333,74.125.68.0-255,2881,38544,7,242503
14775,0.000336,172.31.36.0-255,66,38610,7,242503
14776,0.000395,74.125.68.0-255,1484,40094,7,242503
14777,0.00041,74.125.68.0-255,2902,42996,7,242503
14778,0.000413,172.31.36.0-255,66,43062,7,242503
14779,0.000432,74.125.68.0-255,1484,44546,7,242503
14780,0.000437,74.125.68.0-255,2902,47448,7,242503
14781,0.000439,172.31.36.0-255,66,47514,7,242503
14782,0.000456,74.125.68.0-255,4320,51834,7,242503
14783,0.000458,172.31.36.0-255,66,51900,7,242503
14784,0.00048,74.125.68.0-255,1484,53384,7,242503
14785,0.000483,74.125.68.0-255,1484,54868,7,242503
14786,0.000485,172.31.36.0-255,66,54934,7,242503
14787,0.000538,74.125.68.0-255,827,55761,7,242503
14788,0.000556,74.125.68.0-255,1484,57245,7,242503
14789,0.00056,172.31.36.0-255,66,57311,7,242503
14790,0.00058,74.125.68.0-255,4320,61631,7,242503
14791,0.000583,172.31.36.0-255,66,61697,7,242503
14792,0.000587,74.125.68.0-255,1484,63181,7,242503
14793,0.000616,172.31.36.0-255,66,63247,7,242503
14794,0.000619,74.125.68.0-255,1125,64372,7,242503
14795,0.00144,172.31.36.0-255,66,64438,7,242503
14796,0.001578,74.125.68.0-255,1484,65922,7,242503
14797,0.001586,74.125.68.0-255,2902,68824,7,242503
14798,0.00159,172.31.36.0-255,66,68890,7,242503
14799,0.001594,74.125.68.0-255,1484,70374,7,242503
14800,0.001599,74.125.68.0-255,2902,73276,7,242503
14801,0.001601,172.31.36.0-255,66,73342,7,242503
14802,0.001643,74.125.68.0-255,4320,77662,7,242503
14803,0.001646,172.31.36.0-255,66,77728,7,242503
14804,0.001661,74.125.68.0-255,1484,79212,7,242503
14805,0.001678,74.125.68.0-255,4320,83532,7,242503
14806,0.00168,172.31.36.0-255,66,83598,7,242503
14807,0.001705,74.125.68.0-255,4320,87918,7,242503
14808,0.001707,172.31.36.0-255,66,87984,7,242503
14809,0.001713,74.125.68.0-255,5738,93722,7,242503
14810,0.001716,172.31.36.0-255,66,93788,7,242503
14811,0.001762,74.125.68.0-255,5020,98808,7,242503
14812,0.001764,172.31.36.0-255,66,98874,7,242503
14813,0.003735,74.125.68.0-255,5738,104612,7,242503
14814,0.003745,172.31.36.0-255,66,104678,7,242503
14815,0.005736,74.125.68.0-255,5738,110416,7,242503
14816,0.005742,172.31.36.0-255,66,110482,7,242503
14817,0.007708,74.125.68.0-255,5738,116220,7,242503
14818,0.007715,172.31.36.0-255,66,116286,7,242503
14819,0.009693,74.125.68.0-255,5738,122024,7,242503
14820,0.0097,172.31.36.0-255,66,122090,7,242503
14821,0.011679,74.125.68.0-255,5738,127828,7,242503
14822,0.011692,172.31.36.0-255,66,127894,7,242503
14823,0.013671,74.125.68.0-255,5738,133632,7,242503
14824,0.013678,172.31.36.0-255,66,133698,7,242503
14825,0.015655,74.125.68.0-255,5738,139436,7,242503
14826,0.015666,172.31.36.0-255,66,139502,7,242503
14827,0.017642,74.125.68.0-255,5738,145240,7,242503
14828,0.017652,172.31.36.0-255,66,145306,7,242503
14829,0.019653,74.125.68.0-255,5738,151044,7,242503
14830,0.019661,172.31.36.0-255,66,151110,7,242503
14831,0.02164,74.125.68.0-255,5738,156848,7,242503
14832,0.021649,172.31.36.0-255,66,156914,7,242503
14833,0.023629,74.125.68.0-255,5738,162652,7,242503
14834,0.023638,172.31.36.0-255,66,162718,7,242503
14835,0.025617,74.125.68.0-255,5738,168456,7,242503
14836,0.025624,172.31.36.0-255,66,168522,7,242503
14837,0.027591,74.125.68.0-255,5738,174260,7,242503
14838,0.027596,172.31.36.0-255,66,174326,7,242503
14839,0.028299,172.31.36.0-255,215,174541,7,242503
14840,0.028328,172.31.36.0-255,958,175499,7,242503
14841,0.028389,172.31.36.0-255,1514,177013,7,242503
14842,0.028391,172.31.36.0-255,1448,178461,7,242503
14843,0.029571,74.125.68.0-255,5738,184199,7,242503
14844,0.029578,172.31.36.0-255,66,184265,7,242503
14845,0.029879,104.244.42.0-255,66,184331,7,242503
14846,0.029905,104.244.42.0-255,66,184397,7,242503
14847,0.029989,104.244.42.0-255,66,184463,7,242503
14848,0.031563,74.125.68.0-255,5738,190201,7,242503
14849,0.03157,172.31.36.0-255,66,190267,7,242503
14850,0.033562,74.125.68.0-255,5738,196005,7,242503
14851,0.033569,172.31.36.0-255,66,196071,7,242503
14852,0.035547,74.125.68.0-255,5738,201809,7,242503
14853,0.035554,172.31.36.0-255,66,201875,7,242503
14854,0.037531,74.125.68.0-255,5738,207613,7,242503
14855,0.037538,172.31.36.0-255,66,207679,7,242503
14856,0.039514,74.125.68.0-255,5738,213417,7,242503
14857,0.03952,172.31.36.0-255,66,213483,7,242503
14858,0.041494,74.125.68.0-255,5738,219221,7,242503
14859,0.041503,172.31.36.0-255,66,219287,7,242503
14860,0.043483,74.125.68.0-255,5738,225025,7,242503
14861,0.043489,172.31.36.0-255,66,225091,7,242503
14862,0.045474,74.125.68.0-255,5738,230829,7,242503
14863,0.04548,172.31.36.0-255,66,230895,7,242503
14864,0.047464,74.125.68.0-255,5738,236633,7,242503
14865,0.047471,172.31.36.0-255,66,236699,7,242503
14866,0.049471,74.125.68.0-255,5738,242437,7,242503
14867,0.049478,172.31.36.0-255,66,242503,7,242503
14868,0.0,74.125.24.0-255,153,153,7,211657
14869,3.4e-05,172.31.36.0-255,66,219,7,211657
14870,4.1e-05,74.125.24.0-255,1484,1703,7,211657
14871,4.5e-05,172.31.36.0-255,66,1769,7,211657
14872,5e-05,74.125.24.0-255,2902,4671,7,211657
14873,5.3e-05,172.31.36.0-255,66,4737,7,211657
14874,6.7e-05,74.125.24.0-255,7156,11893,7,211657
14875,7e-05,172.31.36.0-255,66,11959,7,211657
14876,7.3e-05,74.125.24.0-255,2049,14008,7,211657
14877,7.6e-05,172.31.36.0-255,66,14074,7,211657
14878,0.000129,74.125.24.0-255,7156,21230,7,211657
14879,0.000132,172.31.36.0-255,66,21296,7,211657
14880,0.000142,172.31.36.0-255,66,21362,7,211657
14881,0.000162,74.125.24.0-255,1125,22487,7,211657
14882,0.000165,172.31.36.0-255,66,22553,7,211657
14883,0.000278,74.125.24.0-255,1484,24037,7,211657
14884,0.000284,74.125.24.0-255,2902,26939,7,211657
14885,0.000284,172.31.36.0-255,66,27005,7,211657
14886,0.00029,172.31.36.0-255,66,27071,7,211657
14887,0.000338,74.125.24.0-255,5738,32809,7,211657
14888,0.000342,172.31.36.0-255,66,32875,7,211657
14889,0.00035,74.125.24.0-255,6797,39672,7,211657
14890,0.000353,172.31.36.0-255,66,39738,7,211657
14891,0.000787,74.125.24.0-255,1484,41222,7,211657
14892,0.000792,172.31.36.0-255,66,41288,7,211657
14893,0.000802,74.125.24.0-255,2902,44190,7,211657
14894,0.000811,172.31.36.0-255,66,44256,7,211657
14895,0.000818,74.125.24.0-255,5738,49994,7,211657
14896,0.00082,172.31.36.0-255,66,50060,7,211657
14897,0.000824,74.125.24.0-255,1484,51544,7,211657
14898,0.000826,172.31.36.0-255,66,51610,7,211657
14899,0.00086,74.125.24.0-255,2902,54512,7,211657
14900,0.000876,74.125.24.0-255,2543,57055,7,211657
14901,0.001092,74.125.24.0-255,646,57701,7,211657
14902,0.001411,74.125.24.0-255,1484,59185,7,211657
14903,0.001419,74.125.24.0-255,2902,62087,7,211657
14904,0.001421,74.125.24.0-255,1484,63571,7,211657
14905,0.001434,74.125.24.0-255,4320,67891,7,211657
14906,0.001437,74.125.24.0-255,1484,69375,7,211657
14907,0.001457,74.125.24.0-255,4320,73695,7,211657
14908,0.001507,74.125.24.0-255,5020,78715,7,211657
14909,0.001961,74.125.24.0-255,1484,80199,7,211657
14910,0.001976,74.125.24.0-255,2902,83101,7,211657
14911,0.001999,74.125.24.0-255,1484,84585,7,211657
14912,0.002036,74.125.24.0-255,4320,88905,7,211657
14913,0.002094,74.125.24.0-255,2184,91089,7,211657
14914,0.002108,74.125.24.0-255,2902,93991,7,211657
14915,0.002127,74.125.24.0-255,4320,98311,7,211657
14916,0.002143,74.125.24.0-255,2902,101213,7,211657
14917,0.002161,74.125.24.0-255,4320,105533,7,211657
14918,0.002178,74.125.24.0-255,2902,108435,7,211657
14919,0.002191,74.125.24.0-255,4320,112755,7,211657
14920,0.002209,74.125.24.0-255,2902,115657,7,211657
14921,0.002211,74.125.24.0-255,1484,117141,7,211657
14922,0.006519,172.31.36.0-255,66,117207,7,211657
14923,0.009101,74.125.24.0-255,5738,122945,7,211657
14924,0.009107,172.31.36.0-255,66,123011,7,211657
14925,0.011716,74.125.24.0-255,5738,128749,7,211657
14926,0.011724,172.31.36.0-255,66,128815,7,211657
14927,0.014337,74.125.24.0-255,5738,134553,7,211657
14928,0.014347,172.31.36.0-255,66,134619,7,211657
14929,0.016937,74.125.24.0-255,5738,140357,7,211657
14930,0.016946,172.31.36.0-255,66,140423,7,211657
14931,0.019563,74.125.24.0-255,5738,146161,7,211657
14932,0.01957,172.31.36.0-255,66,146227,7,211657
14933,0.022166,74.125.24.0-255,4320,150547,7,211657
14934,0.022174,172.31.36.0-255,66,150613,7,211657
14935,0.022205,74.125.24.0-255,1484,152097,7,211657
14936,0.024764,74.125.24.0-255,4320,156417,7,211657
14937,0.02477,172.31.36.0-255,66,156483,7,211657
14938,0.02546,172.31.36.0-255,172,156655,7,211657
14939,0.025501,172.31.36.0-255,1114,157769,7,211657
14940,0.025571,172.31.36.0-255,1514,159283,7,211657
14941,0.025573,172.31.36.0-255,1292,160575,7,211657
14942,0.027001,104.244.42.0-255,66,160641,7,211657
14943,0.027042,104.244.42.0-255,66,160707,7,211657
14944,0.027136,104.244.42.0-255,66,160773,7,211657
14945,0.027355,74.125.24.0-255,5738,166511,7,211657
14946,0.027405,172.31.36.0-255,66,166577,7,211657
14947,0.030057,74.125.24.0-255,5738,172315,7,211657
14948,0.030065,172.31.36.0-255,66,172381,7,211657
14949,0.032656,74.125.24.0-255,5738,178119,7,211657
14950,0.032663,172.31.36.0-255,66,178185,7,211657
14951,0.035252,74.125.24.0-255,5738,183923,7,211657
14952,0.03526,172.31.36.0-255,66,183989,7,211657
14953,0.037827,74.125.24.0-255,5738,189727,7,211657
14954,0.037833,172.31.36.0-255,66,189793,7,211657
14955,0.04046,74.125.24.0-255,5738,195531,7,211657
14956,0.040465,172.31.36.0-255,66,195597,7,211657
14957,0.043058,74.125.24.0-255,4320,199917,7,211657
14958,0.043063,172.31.36.0-255,66,199983,7,211657
14959,0.043092,74.125.24.0-255,1484,201467,7,211657
14960,0.045668,74.125.24.0-255,4320,205787,7,211657
14961,0.045675,172.31.36.0-255,66,205853,7,211657
14962,0.048298,74.125.24.0-255,5738,211591,7,211657
14963,0.04835,172.31.36.0-255,66,211657,7,211657
14964,0.0,172.217.26.0-255,66,66,7,66
14965,0.0,172.217.194.0-255,153,153,7,144855
14966,2.2e-05,172.31.36.0-255,66,219,7,144855
14967,3e-05,172.217.194.0-255,1484,1703,7,144855
14968,3.4e-05,172.31.36.0-255,66,1769,7,144855
14969,4e-05,172.217.194.0-255,2902,4671,7,144855
14970,4.3e-05,172.31.36.0-255,66,4737,7,144855
14971,6.4e-05,172.217.194.0-255,1484,6221,7,144855
14972,6.6e-05,172.31.36.0-255,66,6287,7,144855
14973,0.000109,172.217.194.0-255,2902,9189,7,144855
14974,0.000111,172.31.36.0-255,66,9255,7,144855
14975,0.000189,172.217.194.0-255,6306,15561,7,144855
14976,0.000193,172.31.36.0-255,66,15627,7,144855
14977,0.000334,172.217.194.0-255,5738,21365,7,144855
14978,0.00034,172.31.36.0-255,66,21431,7,144855
14979,0.000369,172.31.36.0-255,66,21497,7,144855
14980,0.000698,172.31.36.0-255,66,21563,7,144855
14981,0.000725,172.31.36.0-255,66,21629,7,144855
14982,0.00111,172.217.194.0-255,4320,25949,7,144855
14983,0.001116,172.31.36.0-255,66,26015,7,144855
14984,0.001142,172.31.36.0-255,66,26081,7,144855
14985,0.001524,172.31.36.0-255,66,26147,7,144855
14986,0.001558,172.31.36.0-255,66,26213,7,144855
14987,0.002332,172.217.194.0-255,5738,31951,7,144855
14988,0.002337,172.31.36.0-255,66,32017,7,144855
14989,0.002378,172.31.36.0-255,66,32083,7,144855
14990,0.006692,172.31.36.0-255,66,32149,7,144855
14991,0.008973,172.217.194.0-255,5738,37887,7,144855
14992,0.008981,172.31.36.0-255,66,37953,7,144855
14993,0.011277,172.217.194.0-255,5738,43691,7,144855
14994,0.011286,172.31.36.0-255,66,43757,7,144855
14995,0.013594,172.217.194.0-255,5738,49495,7,144855
14996,0.013605,172.31.36.0-255,66,49561,7,144855
14997,0.016048,172.217.194.0-255,4320,53881,7,144855
14998,0.016057,172.31.36.0-255,66,53947,7,144855
14999,0.016079,172.217.194.0-255,1484,55431,7,144855
15000,0.018344,172.217.194.0-255,4320,59751,7,144855
15001,0.01835,172.31.36.0-255,66,59817,7,144855
15002,0.020633,172.217.194.0-255,5738,65555,7,144855
15003,0.02068,172.31.36.0-255,66,65621,7,144855
15004,0.023001,172.217.194.0-255,5738,71359,7,144855
15005,0.02302,172.31.36.0-255,66,71425,7,144855
15006,0.025298,172.217.194.0-255,5738,77163,7,144855
15007,0.025305,172.31.36.0-255,66,77229,7,144855
15008,0.027622,172.217.194.0-255,5738,82967,7,144855
15009,0.02763,172.31.36.0-255,66,83033,7,144855
15010,0.029917,172.217.194.0-255,5738,88771,7,144855
15011,0.029925,172.31.36.0-255,66,88837,7,144855
15012,0.032203,172.217.194.0-255,5738,94575,7,144855
15013,0.032211,172.31.36.0-255,66,94641,7,144855
15014,0.034494,172.217.194.0-255,5738,100379,7,144855
15015,0.034503,172.31.36.0-255,66,100445,7,144855
15016,0.036783,172.217.194.0-255,5738,106183,7,144855
15017,0.03679,172.31.36.0-255,66,106249,7,144855
15018,0.039089,172.217.194.0-255,5738,111987,7,144855
15019,0.039097,172.31.36.0-255,66,112053,7,144855
15020,0.040796,172.31.36.0-255,172,112225,7,144855
15021,0.040829,172.31.36.0-255,1115,113340,7,144855
15022,0.04092,172.31.36.0-255,1514,114854,7,144855
15023,0.040922,172.31.36.0-255,1514,116368,7,144855
15024,0.040923,172.31.36.0-255,1514,117882,7,144855
15025,0.040929,172.31.36.0-255,1514,119396,7,144855
15026,0.04093,172.31.36.0-255,1514,120910,7,144855
15027,0.040931,172.31.36.0-255,69,120979,7,144855
15028,0.041368,172.217.194.0-255,5738,126717,7,144855
15029,0.041377,172.31.36.0-255,66,126783,7,144855
15030,0.042326,104.244.42.0-255,66,126849,7,144855
15031,0.042362,104.244.42.0-255,66,126915,7,144855
15032,0.042563,104.244.42.0-255,66,126981,7,144855
15033,0.04257,104.244.42.0-255,66,127047,7,144855
15034,0.043643,172.217.194.0-255,2902,129949,7,144855
15035,0.043649,172.31.36.0-255,66,130015,7,144855
15036,0.043673,172.217.194.0-255,2902,132917,7,144855
15037,0.043698,172.31.36.0-255,66,132983,7,144855
15038,0.045935,172.217.194.0-255,2902,135885,7,144855
15039,0.045942,172.31.36.0-255,66,135951,7,144855
15040,0.045976,172.217.194.0-255,2902,138853,7,144855
15041,0.045999,172.31.36.0-255,66,138919,7,144855
15042,0.048227,172.217.194.0-255,2902,141821,7,144855
15043,0.048234,172.31.36.0-255,66,141887,7,144855
15044,0.048279,172.217.194.0-255,2902,144789,7,144855
15045,0.048321,172.31.36.0-255,66,144855,7,144855
15046,0.0,172.217.194.0-255,159,159,7,224381
15047,2.4e-05,172.31.36.0-255,66,225,7,224381
15048,3.1e-05,172.217.194.0-255,1484,1709,7,224381
15049,3.6e-05,172.31.36.0-255,66,1775,7,224381
15050,4.2e-05,172.217.194.0-255,2902,4677,7,224381
15051,4.6e-05,172.31.36.0-255,66,4743,7,224381
15052,5.2e-05,172.217.194.0-255,5738,10481,7,224381
15053,5.5e-05,172.31.36.0-255,66,10547,7,224381
15054,6.7e-05,172.31.36.0-255,66,10613,7,224381
15055,0.000102,172.217.194.0-255,2037,12650,7,224381
15056,0.000105,172.31.36.0-255,66,12716,7,224381
15057,0.000122,172.31.36.0-255,66,12782,7,224381
15058,0.000154,172.217.194.0-255,7156,19938,7,224381
15059,0.000157,172.31.36.0-255,66,20004,7,224381
15060,0.000179,172.217.194.0-255,3602,23606,7,224381
15061,0.000181,172.31.36.0-255,66,23672,7,224381
15062,0.000344,172.217.194.0-255,1484,25156,7,224381
15063,0.000349,172.31.36.0-255,66,25222,7,224381
15064,0.000353,172.217.194.0-255,1484,26706,7,224381
15065,0.000355,172.31.36.0-255,66,26772,7,224381
15066,0.000371,172.217.194.0-255,1484,28256,7,224381
15067,0.000373,172.31.36.0-255,66,28322,7,224381
15068,0.000379,172.217.194.0-255,4320,32642,7,224381
15069,0.000382,172.31.36.0-255,66,32708,7,224381
15070,0.000387,172.217.194.0-255,4320,37028,7,224381
15071,0.00039,172.31.36.0-255,66,37094,7,224381
15072,0.000415,172.217.194.0-255,4249,41343,7,224381
15073,0.000419,172.31.36.0-255,66,41409,7,224381
15074,0.000422,172.217.194.0-255,98,41507,7,224381
15075,0.000424,172.31.36.0-255,66,41573,7,224381
15076,0.000475,172.217.194.0-255,1484,43057,7,224381
15077,0.000479,172.217.194.0-255,1484,44541,7,224381
15078,0.000481,172.31.36.0-255,66,44607,7,224381
15079,0.000498,172.217.194.0-255,1484,46091,7,224381
15080,0.000506,172.217.194.0-255,5738,51829,7,224381
15081,0.000508,172.31.36.0-255,66,51895,7,224381
15082,0.000513,172.217.194.0-255,4320,56215,7,224381
15083,0.000516,172.31.36.0-255,66,56281,7,224381
15084,0.000542,172.31.36.0-255,66,56347,7,224381
15085,0.000555,172.31.36.0-255,66,56413,7,224381
15086,0.00059,172.217.194.0-255,4320,60733,7,224381
15087,0.000593,172.31.36.0-255,66,60799,7,224381
15088,0.000623,172.31.36.0-255,66,60865,7,224381
15089,0.000751,172.217.194.0-255,1484,62349,7,224381
15090,0.000757,172.217.194.0-255,2902,65251,7,224381
15091,0.00076,172.31.36.0-255,66,65317,7,224381
15092,0.000767,172.217.194.0-255,5738,71055,7,224381
15093,0.000769,172.31.36.0-255,66,71121,7,224381
15094,0.000797,172.217.194.0-255,7156,78277,7,224381
15095,0.0008,172.31.36.0-255,66,78343,7,224381
15096,0.00082,172.217.194.0-255,5738,84081,7,224381
15097,0.000823,172.31.36.0-255,66,84147,7,224381
15098,0.000845,172.217.194.0-255,5738,89885,7,224381
15099,0.000848,172.31.36.0-255,66,89951,7,224381
15100,0.000865,172.217.194.0-255,5020,94971,7,224381
15101,0.000868,172.31.36.0-255,66,95037,7,224381
15102,0.001441,172.217.194.0-255,1484,96521,7,224381
15103,0.001448,172.217.194.0-255,2902,99423,7,224381
15104,0.001452,172.31.36.0-255,66,99489,7,224381
15105,0.001476,172.217.194.0-255,5738,105227,7,224381
15106,0.001479,172.31.36.0-255,66,105293,7,224381
15107,0.001516,172.217.194.0-255,2902,108195,7,224381
15108,0.001518,172.31.36.0-255,66,108261,7,224381
15109,0.001538,172.31.36.0-255,66,108327,7,224381
15110,0.00155,172.31.36.0-255,66,108393,7,224381
15111,0.001633,172.217.194.0-255,1484,109877,7,224381
15112,0.001637,172.217.194.0-255,1484,111361,7,224381
15113,0.00164,172.31.36.0-255,66,111427,7,224381
15114,0.001654,172.217.194.0-255,1484,112911,7,224381
15115,0.001666,172.217.194.0-255,1484,114395,7,224381
15116,0.001669,172.31.36.0-255,66,114461,7,224381
15117,0.001692,172.217.194.0-255,4320,118781,7,224381
15118,0.001695,172.31.36.0-255,66,118847,7,224381
15119,0.001709,172.31.36.0-255,66,118913,7,224381
15120,0.001722,172.31.36.0-255,66,118979,7,224381
15121,0.002014,172.217.194.0-255,1484,120463,7,224381
15122,0.00202,172.217.194.0-255,2902,123365,7,224381
15123,0.002024,172.31.36.0-255,66,123431,7,224381
15124,0.002058,172.217.194.0-255,4320,127751,7,224381
15125,0.002062,172.31.36.0-255,66,127817,7,224381
15126,0.002075,172.217.194.0-255,1484,129301,7,224381
15127,0.002083,172.217.194.0-255,7156,136457,7,224381
15128,0.002085,172.31.36.0-255,66,136523,7,224381
15129,0.002088,172.217.194.0-255,1484,138007,7,224381
15130,0.002107,172.217.194.0-255,7156,145163,7,224381
15131,0.002109,172.31.36.0-255,66,145229,7,224381
15132,0.002136,172.217.194.0-255,5738,150967,7,224381
15133,0.002139,172.31.36.0-255,66,151033,7,224381
15134,0.002143,172.217.194.0-255,2184,153217,7,224381
15135,0.002145,172.31.36.0-255,66,153283,7,224381
15136,0.002168,172.217.194.0-255,4320,157603,7,224381
15137,0.00217,172.31.36.0-255,66,157669,7,224381
15138,0.002198,172.217.194.0-255,5738,163407,7,224381
15139,0.002201,172.31.36.0-255,66,163473,7,224381
15140,0.002204,172.217.194.0-255,1484,164957,7,224381
15141,0.002229,172.31.36.0-255,66,165023,7,224381
15142,0.002273,172.31.36.0-255,66,165089,7,224381
15143,0.002291,172.217.194.0-255,2184,167273,7,224381
15144,0.002294,172.31.36.0-255,66,167339,7,224381
15145,0.002373,172.217.194.0-255,1484,168823,7,224381
15146,0.002391,172.217.194.0-255,2902,171725,7,224381
15147,0.002394,172.31.36.0-255,66,171791,7,224381
15148,0.002418,172.217.194.0-255,5738,177529,7,224381
15149,0.002422,172.31.36.0-255,66,177595,7,224381
15150,0.002433,172.31.36.0-255,66,177661,7,224381
15151,0.002465,172.217.194.0-255,4320,181981,7,224381
15152,0.002468,172.31.36.0-255,66,182047,7,224381
15153,0.002501,172.31.36.0-255,66,182113,7,224381
15154,0.002534,172.31.36.0-255,66,182179,7,224381
15155,0.002537,172.217.194.0-255,1484,183663,7,224381
15156,0.00254,172.217.194.0-255,1484,185147,7,224381
15157,0.002542,172.31.36.0-255,66,185213,7,224381
15158,0.00257,172.31.36.0-255,66,185279,7,224381
15159,0.002573,172.217.194.0-255,766,186045,7,224381
15160,0.002955,172.217.194.0-255,1484,187529,7,224381
15161,0.002961,172.31.36.0-255,66,187595,7,224381
15162,0.002967,172.217.194.0-255,2902,190497,7,224381
15163,0.00297,172.31.36.0-255,66,190563,7,224381
15164,0.002973,172.217.194.0-255,1484,192047,7,224381
15165,0.002993,172.217.194.0-255,4320,196367,7,224381
15166,0.002997,172.31.36.0-255,66,196433,7,224381
15167,0.003002,172.217.194.0-255,4320,200753,7,224381
15168,0.003005,172.31.36.0-255,66,200819,7,224381
15169,0.003041,172.31.36.0-255,66,200885,7,224381
15170,0.003044,172.217.194.0-255,1484,202369,7,224381
15171,0.003047,172.31.36.0-255,78,202447,7,224381
15172,0.003062,172.31.36.0-255,66,202513,7,224381
15173,0.003073,172.31.36.0-255,66,202579,7,224381
15174,0.003076,172.217.194.0-255,1484,204063,7,224381
15175,0.003083,172.217.194.0-255,5738,209801,7,224381
15176,0.003085,172.31.36.0-255,66,209867,7,224381
15177,0.003109,172.217.194.0-255,2902,212769,7,224381
15178,0.003112,172.31.36.0-255,66,212835,7,224381
15179,0.003118,172.217.194.0-255,6830,219665,7,224381
15180,0.00312,172.31.36.0-255,66,219731,7,224381
15181,0.003161,172.217.194.0-255,105,219836,7,224381
15182,0.010884,172.31.36.0-255,66,219902,7,224381
15183,0.01093,172.31.36.0-255,105,220007,7,224381
15184,0.013564,172.217.194.0-255,66,220073,7,224381
15185,0.029907,172.31.36.0-255,190,220263,7,224381
15186,0.02994,172.31.36.0-255,1115,221378,7,224381
15187,0.030003,172.31.36.0-255,1514,222892,7,224381
15188,0.030004,172.31.36.0-255,1291,224183,7,224381
15189,0.031454,104.244.42.0-255,66,224249,7,224381
15190,0.031554,104.244.42.0-255,66,224315,7,224381
15191,0.031612,104.244.42.0-255,66,224381,7,224381
15192,0.0,74.125.24.0-255,153,153,7,312157
15193,3.6e-05,172.31.36.0-255,66,219,7,312157
15194,4.4e-05,74.125.24.0-255,1484,1703,7,312157
15195,4.8e-05,172.31.36.0-255,66,1769,7,312157
15196,5.3e-05,74.125.24.0-255,2902,4671,7,312157
15197,5.5e-05,172.31.36.0-255,66,4737,7,312157
15198,6.1e-05,74.125.24.0-255,7156,11893,7,312157
15199,6.3e-05,172.31.36.0-255,66,11959,7,312157
15200,6.7e-05,74.125.24.0-255,2020,13979,7,312157
15201,7e-05,172.31.36.0-255,66,14045,7,312157
15202,0.000113,74.125.24.0-255,1484,15529,7,312157
15203,0.000117,172.31.36.0-255,66,15595,7,312157
15204,0.000123,74.125.24.0-255,2902,18497,7,312157
15205,0.000127,172.31.36.0-255,66,18563,7,312157
15206,0.000148,74.125.24.0-255,5738,24301,7,312157
15207,0.000151,172.31.36.0-255,66,24367,7,312157
15208,0.000179,74.125.24.0-255,6797,31164,7,312157
15209,0.000181,172.31.36.0-255,66,31230,7,312157
15210,0.000187,74.125.24.0-255,7156,38386,7,312157
15211,0.000189,172.31.36.0-255,66,38452,7,312157
15212,0.000238,172.31.36.0-255,66,38518,7,312157
15213,0.000255,74.125.24.0-255,1484,40002,7,312157
15214,0.000258,172.31.36.0-255,66,40068,7,312157
15215,0.000282,74.125.24.0-255,1484,41552,7,312157
15216,0.000284,172.31.36.0-255,66,41618,7,312157
15217,0.000289,74.125.24.0-255,4320,45938,7,312157
15218,0.000291,172.31.36.0-255,66,46004,7,312157
15219,0.000305,74.125.24.0-255,2902,48906,7,312157
15220,0.000307,172.31.36.0-255,66,48972,7,312157
15221,0.000334,74.125.24.0-255,5738,54710,7,312157
15222,0.000336,172.31.36.0-255,66,54776,7,312157
15223,0.000339,74.125.24.0-255,1125,55901,7,312157
15224,0.000351,74.125.24.0-255,646,56547,7,312157
15225,0.000353,172.31.36.0-255,66,56613,7,312157
15226,0.000599,74.125.24.0-255,1484,58097,7,312157
15227,0.000615,74.125.24.0-255,2902,60999,7,312157
15228,0.000618,172.31.36.0-255,66,61065,7,312157
15229,0.000623,74.125.24.0-255,2902,63967,7,312157
15230,0.000624,172.31.36.0-255,66,64033,7,312157
15231,0.000637,74.125.24.0-255,2902,66935,7,312157
15232,0.00064,172.31.36.0-255,66,67001,7,312157
15233,0.000662,74.125.24.0-255,4320,71321,7,312157
15234,0.000665,172.31.36.0-255,66,71387,7,312157
15235,0.000683,74.125.24.0-255,1994,73381,7,312157
15236,0.000685,172.31.36.0-255,66,73447,7,312157
15237,0.001262,74.125.24.0-255,1484,74931,7,312157
15238,0.001273,74.125.24.0-255,2902,77833,7,312157
15239,0.001277,172.31.36.0-255,66,77899,7,312157
15240,0.001302,74.125.24.0-255,5738,83637,7,312157
15241,0.001305,172.31.36.0-255,66,83703,7,312157
15242,0.00134,172.31.36.0-255,66,83769,7,312157
15243,0.001362,74.125.24.0-255,4320,88089,7,312157
15244,0.001366,172.31.36.0-255,66,88155,7,312157
15245,0.001372,74.125.24.0-255,5738,93893,7,312157
15246,0.001374,172.31.36.0-255,66,93959,7,312157
15247,0.00139,74.125.24.0-255,5020,98979,7,312157
15248,0.001393,172.31.36.0-255,66,99045,7,312157
15249,0.001479,74.125.24.0-255,1484,100529,7,312157
15250,0.001485,74.125.24.0-255,2902,103431,7,312157
15251,0.001489,172.31.36.0-255,66,103497,7,312157
15252,0.001492,74.125.24.0-255,1484,104981,7,312157
15253,0.001512,74.125.24.0-255,4320,109301,7,312157
15254,0.001515,172.31.36.0-255,66,109367,7,312157
15255,0.001521,74.125.24.0-255,4320,113687,7,312157
15256,0.001524,172.31.36.0-255,66,113753,7,312157
15257,0.001567,172.31.36.0-255,66,113819,7,312157
15258,0.00158,172.31.36.0-255,66,113885,7,312157
15259,0.001648,74.125.24.0-255,1484,115369,7,312157
15260,0.001653,74.125.24.0-255,2902,118271,7,312157
15261,0.001656,172.31.36.0-255,66,118337,7,312157
15262,0.001683,74.125.24.0-255,5738,124075,7,312157
15263,0.001685,172.31.36.0-255,66,124141,7,312157
15264,0.001689,74.125.24.0-255,1484,125625,7,312157
15265,0.001723,172.31.36.0-255,66,125691,7,312157
15266,0.001735,172.31.36.0-255,66,125757,7,312157
15267,0.001855,74.125.24.0-255,1484,127241,7,312157
15268,0.001861,74.125.24.0-255,2902,130143,7,312157
15269,0.001864,172.31.36.0-255,66,130209,7,312157
15270,0.00187,74.125.24.0-255,4320,134529,7,312157
15271,0.001871,172.31.36.0-255,66,134595,7,312157
15272,0.001884,74.125.24.0-255,1484,136079,7,312157
15273,0.001916,172.31.36.0-255,66,136145,7,312157
15274,0.001928,172.31.36.0-255,66,136211,7,312157
15275,0.001943,74.125.24.0-255,2184,138395,7,312157
15276,0.001945,172.31.36.0-255,66,138461,7,312157
15277,0.00201,74.125.24.0-255,1484,139945,7,312157
15278,0.002022,74.125.24.0-255,2902,142847,7,312157
15279,0.002024,172.31.36.0-255,66,142913,7,312157
15280,0.002028,74.125.24.0-255,1484,144397,7,312157
15281,0.002046,74.125.24.0-255,4320,148717,7,312157
15282,0.002049,172.31.36.0-255,66,148783,7,312157
15283,0.002051,74.125.24.0-255,1484,150267,7,312157
15284,0.002058,74.125.24.0-255,4320,154587,7,312157
15285,0.002059,172.31.36.0-255,66,154653,7,312157
15286,0.002073,74.125.24.0-255,4320,158973,7,312157
15287,0.002075,172.31.36.0-255,66,159039,7,312157
15288,0.002105,74.125.24.0-255,7156,166195,7,312157
15289,0.002108,172.31.36.0-255,66,166261,7,312157
15290,0.002137,74.125.24.0-255,6438,172699,7,312157
15291,0.002141,172.31.36.0-255,66,172765,7,312157
15292,0.002205,172.31.36.0-255,66,172831,7,312157
15293,0.002219,172.31.36.0-255,66,172897,7,312157
15294,0.002224,74.125.24.0-255,3602,176499,7,312157
15295,0.002226,172.31.36.0-255,66,176565,7,312157
15296,0.002248,74.125.24.0-255,1484,178049,7,312157
15297,0.002264,74.125.24.0-255,2902,180951,7,312157
15298,0.002267,172.31.36.0-255,66,181017,7,312157
15299,0.004466,74.125.24.0-255,1484,182501,7,312157
15300,0.004494,74.125.24.0-255,4320,186821,7,312157
15301,0.004502,172.31.36.0-255,66,186887,7,312157
15302,0.006739,74.125.24.0-255,5738,192625,7,312157
15303,0.006748,172.31.36.0-255,66,192691,7,312157
15304,0.008993,74.125.24.0-255,5738,198429,7,312157
15305,0.009007,172.31.36.0-255,66,198495,7,312157
15306,0.011249,74.125.24.0-255,5738,204233,7,312157
15307,0.011263,172.31.36.0-255,66,204299,7,312157
15308,0.013503,74.125.24.0-255,5738,210037,7,312157
15309,0.013518,172.31.36.0-255,66,210103,7,312157
15310,0.01577,74.125.24.0-255,5738,215841,7,312157
15311,0.015789,172.31.36.0-255,66,215907,7,312157
15312,0.018041,74.125.24.0-255,5738,221645,7,312157
15313,0.018055,172.31.36.0-255,66,221711,7,312157
15314,0.020314,74.125.24.0-255,5738,227449,7,312157
15315,0.020329,172.31.36.0-255,66,227515,7,312157
15316,0.022568,74.125.24.0-255,5738,233253,7,312157
15317,0.022582,172.31.36.0-255,66,233319,7,312157
15318,0.024836,74.125.24.0-255,5738,239057,7,312157
15319,0.024846,172.31.36.0-255,66,239123,7,312157
15320,0.027085,74.125.24.0-255,5738,244861,7,312157
15321,0.027102,172.31.36.0-255,66,244927,7,312157
15322,0.029391,74.125.24.0-255,5738,250665,7,312157
15323,0.029412,172.31.36.0-255,66,250731,7,312157
15324,0.031671,74.125.24.0-255,5738,256469,7,312157
15325,0.031689,172.31.36.0-255,66,256535,7,312157
15326,0.033033,172.31.36.0-255,172,256707,7,312157
15327,0.033184,172.31.36.0-255,1115,257822,7,312157
15328,0.03327,172.31.36.0-255,1514,259336,7,312157
15329,0.033272,172.31.36.0-255,1514,260850,7,312157
15330,0.033273,172.31.36.0-255,1514,262364,7,312157
15331,0.033274,172.31.36.0-255,1514,263878,7,312157
15332,0.033313,172.31.36.0-255,1514,265392,7,312157
15333,0.033319,172.31.36.0-255,69,265461,7,312157
15334,0.033932,74.125.24.0-255,5738,271199,7,312157
15335,0.033943,172.31.36.0-255,66,271265,7,312157
15336,0.034588,104.244.42.0-255,66,271331,7,312157
15337,0.034705,104.244.42.0-255,66,271397,7,312157
15338,0.034862,104.244.42.0-255,66,271463,7,312157
15339,0.034869,104.244.42.0-255,66,271529,7,312157
15340,0.0362,74.125.24.0-255,5738,277267,7,312157
15341,0.036238,172.31.36.0-255,66,277333,7,312157
15342,0.038545,74.125.24.0-255,5738,283071,7,312157
15343,0.038559,172.31.36.0-255,66,283137,7,312157
15344,0.040788,74.125.24.0-255,5738,288875,7,312157
15345,0.040799,172.31.36.0-255,66,288941,7,312157
15346,0.043034,74.125.24.0-255,5738,294679,7,312157
15347,0.043048,172.31.36.0-255,66,294745,7,312157
15348,0.04528,74.125.24.0-255,5738,300483,7,312157
15349,0.045309,172.31.36.0-255,66,300549,7,312157
15350,0.047554,74.125.24.0-255,5738,306287,7,312157
15351,0.047564,172.31.36.0-255,66,306353,7,312157
15352,0.049801,74.125.24.0-255,5738,312091,7,312157
15353,0.049809,172.31.36.0-255,66,312157,7,312157
15354,0.0,74.125.68.0-255,152,152,7,244846
15355,2.8e-05,172.31.36.0-255,66,218,7,244846
15356,3.5e-05,74.125.68.0-255,1484,1702,7,244846
15357,3.9e-05,172.31.36.0-255,66,1768,7,244846
15358,4.2e-05,74.125.68.0-255,1484,3252,7,244846
15359,4.4e-05,172.31.36.0-255,66,3318,7,244846
15360,5.7e-05,74.125.68.0-255,2902,6220,7,244846
15361,5.9e-05,172.31.36.0-255,66,6286,7,244846
15362,8.9e-05,74.125.68.0-255,5738,12024,7,244846
15363,9.4e-05,172.31.36.0-255,66,12090,7,244846
15364,9.8e-05,74.125.68.0-255,1976,14066,7,244846
15365,0.0001,172.31.36.0-255,66,14132,7,244846
15366,0.000139,74.125.68.0-255,1484,15616,7,244846
15367,0.000142,172.31.36.0-255,66,15682,7,244846
15368,0.000167,74.125.68.0-255,2902,18584,7,244846
15369,0.000173,172.31.36.0-255,66,18650,7,244846
15370,0.000198,74.125.68.0-255,2902,21552,7,244846
15371,0.000201,172.31.36.0-255,66,21618,7,244846
15372,0.000226,74.125.68.0-255,2902,24520,7,244846
15373,0.000229,172.31.36.0-255,66,24586,7,244846
15374,0.000234,74.125.68.0-255,4320,28906,7,244846
15375,0.000237,172.31.36.0-255,66,28972,7,244846
15376,0.000241,74.125.68.0-255,2543,31515,7,244846
15377,0.000248,172.31.36.0-255,66,31581,7,244846
15378,0.00031,74.125.68.0-255,1484,33065,7,244846
15379,0.000315,172.31.36.0-255,66,33131,7,244846
15380,0.000321,74.125.68.0-255,2902,36033,7,244846
15381,0.000323,172.31.36.0-255,66,36099,7,244846
15382,0.000326,74.125.68.0-255,1484,37583,7,244846
15383,0.000333,172.31.36.0-255,66,37649,7,244846
15384,0.000361,74.125.68.0-255,4320,41969,7,244846
15385,0.000369,172.31.36.0-255,66,42035,7,244846
15386,0.000376,74.125.68.0-255,4320,46355,7,244846
15387,0.000378,172.31.36.0-255,66,46421,7,244846
15388,0.00041,74.125.68.0-255,2543,48964,7,244846
15389,0.000413,172.31.36.0-255,66,49030,7,244846
15390,0.000485,74.125.68.0-255,1484,50514,7,244846
15391,0.000488,74.125.68.0-255,1484,51998,7,244846
15392,0.000494,172.31.36.0-255,66,52064,7,244846
15393,0.000511,74.125.68.0-255,1484,53548,7,244846
15394,0.000516,74.125.68.0-255,2902,56450,7,244846
15395,0.000519,172.31.36.0-255,66,56516,7,244846
15396,0.000542,74.125.68.0-255,1484,58000,7,244846
15397,0.000556,172.31.36.0-255,66,58066,7,244846
15398,0.000648,74.125.68.0-255,332,58398,7,244846
15399,0.000851,172.31.36.0-255,66,58464,7,244846
15400,0.001208,74.125.68.0-255,1484,59948,7,244846
15401,0.001217,74.125.68.0-255,1484,61432,7,244846
15402,0.001221,172.31.36.0-255,66,61498,7,244846
15403,0.001253,74.125.68.0-255,1484,62982,7,244846
15404,0.001256,74.125.68.0-255,1484,64466,7,244846
15405,0.001258,172.31.36.0-255,66,64532,7,244846
15406,0.001263,74.125.68.0-255,2902,67434,7,244846
15407,0.001266,172.31.36.0-255,66,67500,7,244846
15408,0.001278,74.125.68.0-255,5738,73238,7,244846
15409,0.00128,172.31.36.0-255,66,73304,7,244846
15410,0.00131,74.125.68.0-255,5738,79042,7,244846
15411,0.001313,172.31.36.0-255,66,79108,7,244846
15412,0.001345,74.125.68.0-255,4320,83428,7,244846
15413,0.001347,172.31.36.0-255,66,83494,7,244846
15414,0.001358,172.31.36.0-255,66,83560,7,244846
15415,0.001795,74.125.68.0-255,1484,85044,7,244846
15416,0.001812,74.125.68.0-255,1484,86528,7,244846
15417,0.001814,172.31.36.0-255,66,86594,7,244846
15418,0.001834,74.125.68.0-255,1484,88078,7,244846
15419,0.001839,74.125.68.0-255,4320,92398,7,244846
15420,0.001841,172.31.36.0-255,66,92464,7,244846
15421,0.00187,172.31.36.0-255,66,92530,7,244846
15422,0.001874,74.125.68.0-255,2902,95432,7,244846
15423,0.001875,172.31.36.0-255,66,95498,7,244846
15424,0.001912,74.125.68.0-255,2902,98400,7,244846
15425,0.001914,172.31.36.0-255,66,98466,7,244846
15426,0.00192,74.125.68.0-255,7156,105622,7,244846
15427,0.001923,172.31.36.0-255,66,105688,7,244846
15428,0.001932,74.125.68.0-255,3602,109290,7,244846
15429,0.001934,172.31.36.0-255,66,109356,7,244846
15430,0.003897,74.125.68.0-255,1484,110840,7,244846
15431,0.003919,74.125.68.0-255,4320,115160,7,244846
15432,0.003923,172.31.36.0-255,66,115226,7,244846
15433,0.005915,74.125.68.0-255,5738,120964,7,244846
15434,0.005921,172.31.36.0-255,66,121030,7,244846
15435,0.00792,74.125.68.0-255,5738,126768,7,244846
15436,0.007926,172.31.36.0-255,66,126834,7,244846
15437,0.009933,74.125.68.0-255,5738,132572,7,244846
15438,0.009942,172.31.36.0-255,66,132638,7,244846
15439,0.01206,74.125.68.0-255,5738,138376,7,244846
15440,0.012066,172.31.36.0-255,66,138442,7,244846
15441,0.014066,74.125.68.0-255,5738,144180,7,244846
15442,0.014073,172.31.36.0-255,66,144246,7,244846
15443,0.016068,74.125.68.0-255,5738,149984,7,244846
15444,0.016077,172.31.36.0-255,66,150050,7,244846
15445,0.01807,74.125.68.0-255,5738,155788,7,244846
15446,0.018078,172.31.36.0-255,66,155854,7,244846
15447,0.020073,74.125.68.0-255,5738,161592,7,244846
15448,0.02008,172.31.36.0-255,66,161658,7,244846
15449,0.022076,74.125.68.0-255,4320,165978,7,244846
15450,0.022082,172.31.36.0-255,66,166044,7,244846
15451,0.022111,74.125.68.0-255,1484,167528,7,244846
15452,0.022945,172.31.36.0-255,188,167716,7,244846
15453,0.022987,172.31.36.0-255,958,168674,7,244846
15454,0.023059,172.31.36.0-255,1514,170188,7,244846
15455,0.023062,172.31.36.0-255,1448,171636,7,244846
15456,0.024088,74.125.68.0-255,4320,175956,7,244846
15457,0.024094,172.31.36.0-255,66,176022,7,244846
15458,0.024486,104.244.42.0-255,66,176088,7,244846
15459,0.024523,104.244.42.0-255,66,176154,7,244846
15460,0.024672,104.244.42.0-255,66,176220,7,244846
15461,0.026063,74.125.68.0-255,1484,177704,7,244846
15462,0.026093,74.125.68.0-255,4320,182024,7,244846
15463,0.026098,172.31.36.0-255,66,182090,7,244846
15464,0.028094,74.125.68.0-255,5738,187828,7,244846
15465,0.028102,172.31.36.0-255,66,187894,7,244846
15466,0.030106,74.125.68.0-255,4320,192214,7,244846
15467,0.030115,172.31.36.0-255,66,192280,7,244846
15468,0.030155,74.125.68.0-255,1484,193764,7,244846
15469,0.032096,74.125.68.0-255,4320,198084,7,244846
15470,0.032103,172.31.36.0-255,66,198150,7,244846
15471,0.034098,74.125.68.0-255,5738,203888,7,244846
15472,0.034105,172.31.36.0-255,66,203954,7,244846
15473,0.036172,74.125.68.0-255,5738,209692,7,244846
15474,0.03618,172.31.36.0-255,66,209758,7,244846
15475,0.038203,74.125.68.0-255,5738,215496,7,244846
15476,0.038213,172.31.36.0-255,66,215562,7,244846
15477,0.040192,74.125.68.0-255,5738,221300,7,244846
15478,0.040201,172.31.36.0-255,66,221366,7,244846
15479,0.04222,74.125.68.0-255,5738,227104,7,244846
15480,0.042232,172.31.36.0-255,66,227170,7,244846
15481,0.044237,74.125.68.0-255,5738,232908,7,244846
15482,0.044245,172.31.36.0-255,66,232974,7,244846
15483,0.04624,74.125.68.0-255,2902,235876,7,244846
15484,0.046246,172.31.36.0-255,66,235942,7,244846
15485,0.046282,74.125.68.0-255,2902,238844,7,244846
15486,0.046286,172.31.36.0-255,66,238910,7,244846
15487,0.048234,74.125.68.0-255,2902,241812,7,244846
15488,0.048239,172.31.36.0-255,66,241878,7,244846
15489,0.04831,74.125.68.0-255,2902,244780,7,244846
15490,0.048315,172.31.36.0-255,66,244846,7,244846
15491,0.0,172.217.194.0-255,153,153,7,246051
15492,2.7e-05,172.31.36.0-255,66,219,7,246051
15493,3.4e-05,172.217.194.0-255,1484,1703,7,246051
15494,4e-05,172.31.36.0-255,66,1769,7,246051
15495,4.5e-05,172.217.194.0-255,2902,4671,7,246051
15496,4.8e-05,172.31.36.0-255,66,4737,7,246051
15497,6.3e-05,172.217.194.0-255,7156,11893,7,246051
15498,6.6e-05,172.31.36.0-255,66,11959,7,246051
15499,6.9e-05,172.217.194.0-255,1484,13443,7,246051
15500,7.1e-05,172.31.36.0-255,66,13509,7,246051
15501,0.000118,172.31.36.0-255,66,13575,7,246051
15502,0.000125,172.217.194.0-255,5738,19313,7,246051
15503,0.000127,172.31.36.0-255,66,19379,7,246051
15504,0.000144,172.217.194.0-255,1125,20504,7,246051
15505,0.000146,172.31.36.0-255,66,20570,7,246051
15506,0.0002,172.217.194.0-255,1484,22054,7,246051
15507,0.000203,172.31.36.0-255,66,22120,7,246051
15508,0.000208,172.217.194.0-255,2902,25022,7,246051
15509,0.00021,172.31.36.0-255,66,25088,7,246051
15510,0.000222,172.217.194.0-255,5738,30826,7,246051
15511,0.000225,172.31.36.0-255,66,30892,7,246051
15512,0.000269,172.31.36.0-255,66,30958,7,246051
15513,0.000273,172.217.194.0-255,1484,32442,7,246051
15514,0.000275,172.31.36.0-255,66,32508,7,246051
15515,0.000341,172.31.36.0-255,66,32574,7,246051
15516,0.000469,172.217.194.0-255,1484,34058,7,246051
15517,0.000473,172.31.36.0-255,66,34124,7,246051
15518,0.000478,172.217.194.0-255,2902,37026,7,246051
15519,0.000481,172.31.36.0-255,66,37092,7,246051
15520,0.000493,172.217.194.0-255,5738,42830,7,246051
15521,0.000497,172.217.194.0-255,1484,44314,7,246051
15522,0.0005,172.31.36.0-255,66,44380,7,246051
15523,0.000523,172.31.36.0-255,66,44446,7,246051
15524,0.000539,172.217.194.0-255,2902,47348,7,246051
15525,0.000553,172.31.36.0-255,66,47414,7,246051
15526,0.000578,172.31.36.0-255,66,47480,7,246051
15527,0.000604,172.217.194.0-255,2184,49664,7,246051
15528,0.000621,172.31.36.0-255,66,49730,7,246051
15529,0.00073,172.217.194.0-255,1484,51214,7,246051
15530,0.000744,172.217.194.0-255,1484,52698,7,246051
15531,0.000749,172.31.36.0-255,66,52764,7,246051
15532,0.000754,172.217.194.0-255,2902,55666,7,246051
15533,0.000764,172.31.36.0-255,66,55732,7,246051
15534,0.000776,172.217.194.0-255,5738,61470,7,246051
15535,0.000789,172.31.36.0-255,66,61536,7,246051
15536,0.000808,172.217.194.0-255,5738,67274,7,246051
15537,0.000811,172.31.36.0-255,66,67340,7,246051
15538,0.000834,172.217.194.0-255,7156,74496,7,246051
15539,0.000846,172.31.36.0-255,66,74562,7,246051
15540,0.000851,172.31.36.0-255,66,74628,7,246051
15541,0.000902,172.31.36.0-255,66,74694,7,246051
15542,0.000908,172.217.194.0-255,1484,76178,7,246051
15543,0.000942,172.31.36.0-255,66,76244,7,246051
15544,0.000989,172.217.194.0-255,1484,77728,7,246051
15545,0.000994,172.217.194.0-255,2902,80630,7,246051
15546,0.000998,172.31.36.0-255,66,80696,7,246051
15547,0.001029,172.217.194.0-255,5738,86434,7,246051
15548,0.001036,172.31.36.0-255,66,86500,7,246051
15549,0.001063,172.217.194.0-255,4320,90820,7,246051
15550,0.001071,172.31.36.0-255,66,90886,7,246051
15551,0.001078,172.217.194.0-255,2543,93429,7,246051
15552,0.001086,172.31.36.0-255,66,93495,7,246051
15553,0.001144,172.217.194.0-255,1484,94979,7,246051
15554,0.001161,172.217.194.0-255,2902,97881,7,246051
15555,0.001164,172.31.36.0-255,66,97947,7,246051
15556,0.001171,172.217.194.0-255,4320,102267,7,246051
15557,0.001191,172.31.36.0-255,66,102333,7,246051
15558,0.001194,172.217.194.0-255,1484,103817,7,246051
15559,0.001201,172.217.194.0-255,5738,109555,7,246051
15560,0.001207,172.31.36.0-255,66,109621,7,246051
15561,0.001225,172.217.194.0-255,7156,116777,7,246051
15562,0.001244,172.31.36.0-255,66,116843,7,246051
15563,0.001248,172.31.36.0-255,66,116909,7,246051
15564,0.001525,172.217.194.0-255,1484,118393,7,246051
15565,0.001529,172.217.194.0-255,1484,119877,7,246051
15566,0.001532,172.31.36.0-255,66,119943,7,246051
15567,0.001554,172.217.194.0-255,1484,121427,7,246051
15568,0.001561,172.217.194.0-255,5738,127165,7,246051
15569,0.001571,172.31.36.0-255,66,127231,7,246051
15570,0.001606,172.31.36.0-255,66,127297,7,246051
15571,0.001673,172.31.36.0-255,66,127363,7,246051
15572,0.001824,172.217.194.0-255,1484,128847,7,246051
15573,0.00183,172.217.194.0-255,2902,131749,7,246051
15574,0.001833,172.31.36.0-255,66,131815,7,246051
15575,0.00184,172.217.194.0-255,5738,137553,7,246051
15576,0.001844,172.31.36.0-255,66,137619,7,246051
15577,0.001886,172.31.36.0-255,66,137685,7,246051
15578,0.0019,172.31.36.0-255,66,137751,7,246051
15579,0.001913,172.217.194.0-255,766,138517,7,246051
15580,0.002557,172.31.36.0-255,66,138583,7,246051
15581,0.004255,172.217.194.0-255,4320,142903,7,246051
15582,0.004893,172.217.194.0-255,1484,144387,7,246051
15583,0.008416,172.31.36.0-255,66,144453,7,246051
15584,0.01078,172.217.194.0-255,5738,150191,7,246051
15585,0.01084,172.31.36.0-255,66,150257,7,246051
15586,0.013203,172.217.194.0-255,5738,155995,7,246051
15587,0.013211,172.31.36.0-255,66,156061,7,246051
15588,0.015569,172.217.194.0-255,5738,161799,7,246051
15589,0.015576,172.31.36.0-255,66,161865,7,246051
15590,0.017931,172.217.194.0-255,5738,167603,7,246051
15591,0.017937,172.31.36.0-255,66,167669,7,246051
15592,0.020336,172.217.194.0-255,5738,173407,7,246051
15593,0.020345,172.31.36.0-255,66,173473,7,246051
15594,0.022709,172.217.194.0-255,5738,179211,7,246051
15595,0.022717,172.31.36.0-255,66,179277,7,246051
15596,0.025087,172.217.194.0-255,5738,185015,7,246051
15597,0.025096,172.31.36.0-255,66,185081,7,246051
15598,0.026641,172.31.36.0-255,164,185245,7,246051
15599,0.026671,172.31.36.0-255,1125,186370,7,246051
15600,0.026709,172.31.36.0-255,1514,187884,7,246051
15601,0.026711,172.31.36.0-255,1281,189165,7,246051
15602,0.027462,172.217.194.0-255,5738,194903,7,246051
15603,0.02747,172.31.36.0-255,66,194969,7,246051
15604,0.028217,104.244.42.0-255,66,195035,7,246051
15605,0.028225,104.244.42.0-255,66,195101,7,246051
15606,0.028246,104.244.42.0-255,66,195167,7,246051
15607,0.02982,172.217.194.0-255,5738,200905,7,246051
15608,0.029826,172.31.36.0-255,66,200971,7,246051
15609,0.032189,172.217.194.0-255,5738,206709,7,246051
15610,0.032195,172.31.36.0-255,66,206775,7,246051
15611,0.034539,172.217.194.0-255,5738,212513,7,246051
15612,0.034545,172.31.36.0-255,66,212579,7,246051
15613,0.03691,172.217.194.0-255,5738,218317,7,246051
15614,0.036914,172.31.36.0-255,66,218383,7,246051
15615,0.039272,172.217.194.0-255,5738,224121,7,246051
15616,0.039277,172.31.36.0-255,66,224187,7,246051
15617,0.041643,172.217.194.0-255,5738,229925,7,246051
15618,0.041648,172.31.36.0-255,66,229991,7,246051
15619,0.043994,172.217.194.0-255,4320,234311,7,246051
15620,0.044,172.31.36.0-255,66,234377,7,246051
15621,0.044031,172.217.194.0-255,1484,235861,7,246051
15622,0.046339,172.217.194.0-255,4320,240181,7,246051
15623,0.046346,172.31.36.0-255,66,240247,7,246051
15624,0.04869,172.217.194.0-255,5738,245985,7,246051
15625,0.048747,172.31.36.0-255,66,246051,7,246051
15626,0.0,74.125.24.0-255,297,297,7,275950
15627,1.6e-05,172.31.36.0-255,66,363,7,275950
15628,2.3e-05,74.125.24.0-255,1484,1847,7,275950
15629,2.7e-05,172.31.36.0-255,66,1913,7,275950
15630,3.4e-05,74.125.24.0-255,4320,6233,7,275950
15631,4.6e-05,172.31.36.0-255,66,6299,7,275950
15632,5.2e-05,74.125.24.0-255,4320,10619,7,275950
15633,5.5e-05,172.31.36.0-255,66,10685,7,275950
15634,8e-05,74.125.24.0-255,3235,13920,7,275950
15635,8.3e-05,172.31.36.0-255,66,13986,7,275950
15636,0.000103,172.31.36.0-255,66,14052,7,275950
15637,0.00011,74.125.24.0-255,2543,16595,7,275950
15638,0.000113,172.31.36.0-255,66,16661,7,275950
15639,0.000147,74.125.24.0-255,2902,19563,7,275950
15640,0.00015,172.31.36.0-255,66,19629,7,275950
15641,0.000201,74.125.24.0-255,4320,23949,7,275950
15642,0.000206,172.31.36.0-255,66,24015,7,275950
15643,0.000216,172.31.36.0-255,66,24081,7,275950
15644,0.000219,74.125.24.0-255,1125,25206,7,275950
15645,0.000221,172.31.36.0-255,66,25272,7,275950
15646,0.001032,74.125.24.0-255,1484,26756,7,275950
15647,0.00104,172.31.36.0-255,66,26822,7,275950
15648,0.001049,74.125.24.0-255,2902,29724,7,275950
15649,0.001051,172.31.36.0-255,66,29790,7,275950
15650,0.001064,74.125.24.0-255,5738,35528,7,275950
15651,0.001066,172.31.36.0-255,66,35594,7,275950
15652,0.001073,74.125.24.0-255,6797,42391,7,275950
15653,0.001075,172.31.36.0-255,66,42457,7,275950
15654,0.001129,172.31.36.0-255,66,42523,7,275950
15655,0.001134,74.125.24.0-255,2543,45066,7,275950
15656,0.001136,172.31.36.0-255,66,45132,7,275950
15657,0.001161,74.125.24.0-255,1484,46616,7,275950
15658,0.001166,74.125.24.0-255,1484,48100,7,275950
15659,0.001169,172.31.36.0-255,66,48166,7,275950
15660,0.001194,74.125.24.0-255,1484,49650,7,275950
15661,0.0012,74.125.24.0-255,5738,55388,7,275950
15662,0.001203,172.31.36.0-255,66,55454,7,275950
15663,0.001208,74.125.24.0-255,2902,58356,7,275950
15664,0.00121,172.31.36.0-255,66,58422,7,275950
15665,0.001233,74.125.24.0-255,4542,62964,7,275950
15666,0.001241,172.31.36.0-255,66,63030,7,275950
15667,0.001464,74.125.24.0-255,1484,64514,7,275950
15668,0.001472,74.125.24.0-255,2902,67416,7,275950
15669,0.001476,172.31.36.0-255,66,67482,7,275950
15670,0.001522,74.125.24.0-255,5738,73220,7,275950
15671,0.001525,172.31.36.0-255,66,73286,7,275950
15672,0.001531,74.125.24.0-255,4320,77606,7,275950
15673,0.001533,172.31.36.0-255,66,77672,7,275950
15674,0.001537,74.125.24.0-255,2902,80574,7,275950
15675,0.001539,172.31.36.0-255,66,80640,7,275950
15676,0.001574,172.31.36.0-255,66,80706,7,275950
15677,0.00158,74.125.24.0-255,5738,86444,7,275950
15678,0.001583,172.31.36.0-255,66,86510,7,275950
15679,0.001616,74.125.24.0-255,5738,92248,7,275950
15680,0.001619,172.31.36.0-255,66,92314,7,275950
15681,0.001657,172.31.36.0-255,66,92380,7,275950
15682,0.001663,74.125.24.0-255,5738,98118,7,275950
15683,0.001665,172.31.36.0-255,66,98184,7,275950
15684,0.001692,74.125.24.0-255,7156,105340,7,275950
15685,0.001695,172.31.36.0-255,66,105406,7,275950
15686,0.001709,172.31.36.0-255,66,105472,7,275950
15687,0.001714,74.125.24.0-255,2902,108374,7,275950
15688,0.001716,172.31.36.0-255,66,108440,7,275950
15689,0.001754,172.31.36.0-255,66,108506,7,275950
15690,0.001788,74.125.24.0-255,7156,115662,7,275950
15691,0.001791,172.31.36.0-255,66,115728,7,275950
15692,0.001818,74.125.24.0-255,3602,119330,7,275950
15693,0.001821,172.31.36.0-255,66,119396,7,275950
15694,0.001844,74.125.24.0-255,1484,120880,7,275950
15695,0.001863,74.125.24.0-255,2902,123782,7,275950
15696,0.001866,172.31.36.0-255,66,123848,7,275950
15697,0.001872,74.125.24.0-255,5738,129586,7,275950
15698,0.001875,172.31.36.0-255,66,129652,7,275950
15699,0.001914,74.125.24.0-255,1484,131136,7,275950
15700,0.001943,172.31.36.0-255,66,131202,7,275950
15701,0.001986,172.31.36.0-255,66,131268,7,275950
15702,0.002098,74.125.24.0-255,1484,132752,7,275950
15703,0.002104,74.125.24.0-255,2902,135654,7,275950
15704,0.002107,172.31.36.0-255,66,135720,7,275950
15705,0.002114,74.125.24.0-255,4320,140040,7,275950
15706,0.002117,172.31.36.0-255,66,140106,7,275950
15707,0.002136,74.125.24.0-255,1484,141590,7,275950
15708,0.002175,172.31.36.0-255,66,141656,7,275950
15709,0.002186,172.31.36.0-255,66,141722,7,275950
15710,0.00219,74.125.24.0-255,2184,143906,7,275950
15711,0.002192,172.31.36.0-255,66,143972,7,275950
15712,0.004341,74.125.24.0-255,5738,149710,7,275950
15713,0.004349,172.31.36.0-255,66,149776,7,275950
15714,0.006508,74.125.24.0-255,5738,155514,7,275950
15715,0.006515,172.31.36.0-255,66,155580,7,275950
15716,0.008658,74.125.24.0-255,5738,161318,7,275950
15717,0.008665,172.31.36.0-255,66,161384,7,275950
15718,0.010787,74.125.24.0-255,5738,167122,7,275950
15719,0.010794,172.31.36.0-255,66,167188,7,275950
15720,0.012959,74.125.24.0-255,5738,172926,7,275950
15721,0.012967,172.31.36.0-255,66,172992,7,275950
15722,0.015104,74.125.24.0-255,5738,178730,7,275950
15723,0.015114,172.31.36.0-255,66,178796,7,275950
15724,0.017259,74.125.24.0-255,5738,184534,7,275950
15725,0.01727,172.31.36.0-255,66,184600,7,275950
15726,0.019396,74.125.24.0-255,5738,190338,7,275950
15727,0.019404,172.31.36.0-255,66,190404,7,275950
15728,0.021526,74.125.24.0-255,5738,196142,7,275950
15729,0.021534,172.31.36.0-255,66,196208,7,275950
15730,0.023664,74.125.24.0-255,5738,201946,7,275950
15731,0.023672,172.31.36.0-255,66,202012,7,275950
15732,0.025835,74.125.24.0-255,5738,207750,7,275950
15733,0.025842,172.31.36.0-255,66,207816,7,275950
15734,0.027999,74.125.24.0-255,5738,213554,7,275950
15735,0.028007,172.31.36.0-255,66,213620,7,275950
15736,0.030168,74.125.24.0-255,5738,219358,7,275950
15737,0.030176,172.31.36.0-255,66,219424,7,275950
15738,0.030292,172.31.36.0-255,172,219596,7,275950
15739,0.030321,172.31.36.0-255,1116,220712,7,275950
15740,0.030378,172.31.36.0-255,1514,222226,7,275950
15741,0.03038,172.31.36.0-255,1290,223516,7,275950
15742,0.03187,104.244.42.0-255,66,223582,7,275950
15743,0.031879,104.244.42.0-255,66,223648,7,275950
15744,0.031959,104.244.42.0-255,66,223714,7,275950
15745,0.032334,74.125.24.0-255,5738,229452,7,275950
15746,0.03234,172.31.36.0-255,66,229518,7,275950
15747,0.034501,74.125.24.0-255,5738,235256,7,275950
15748,0.034508,172.31.36.0-255,66,235322,7,275950
15749,0.036669,74.125.24.0-255,5738,241060,7,275950
15750,0.036676,172.31.36.0-255,66,241126,7,275950
15751,0.038829,74.125.24.0-255,5738,246864,7,275950
15752,0.038835,172.31.36.0-255,66,246930,7,275950
15753,0.040992,74.125.24.0-255,5738,252668,7,275950
15754,0.041001,172.31.36.0-255,66,252734,7,275950
15755,0.043134,74.125.24.0-255,5738,258472,7,275950
15756,0.043141,172.31.36.0-255,66,258538,7,275950
15757,0.045284,74.125.24.0-255,5738,264276,7,275950
15758,0.045291,172.31.36.0-255,66,264342,7,275950
15759,0.047474,74.125.24.0-255,5738,270080,7,275950
15760,0.047481,172.31.36.0-255,66,270146,7,275950
15761,0.049674,74.125.24.0-255,5738,275884,7,275950
15762,0.049681,172.31.36.0-255,66,275950,7,275950
15763,0.0,172.217.194.0-255,150,150,7,182972
15764,2.4e-05,172.31.36.0-255,66,216,7,182972
15765,3.1e-05,172.217.194.0-255,1484,1700,7,182972
15766,3.6e-05,172.31.36.0-255,66,1766,7,182972
15767,4.2e-05,172.217.194.0-255,2902,4668,7,182972
15768,4.5e-05,172.31.36.0-255,66,4734,7,182972
15769,5.3e-05,172.217.194.0-255,7156,11890,7,182972
15770,5.6e-05,172.31.36.0-255,66,11956,7,182972
15771,6.8e-05,172.31.36.0-255,66,12022,7,182972
15772,9.5e-05,172.31.36.0-255,66,12088,7,182972
15773,0.000144,172.31.36.0-255,66,12154,7,182972
15774,0.000155,172.31.36.0-255,66,12220,7,182972
15775,0.0002,172.217.194.0-255,7156,19376,7,182972
15776,0.000204,172.31.36.0-255,66,19442,7,182972
15777,0.000232,172.31.36.0-255,66,19508,7,182972
15778,0.000256,172.217.194.0-255,98,19606,7,182972
15779,0.00026,172.31.36.0-255,66,19672,7,182972
15780,0.000284,172.217.194.0-255,366,20038,7,182972
15781,0.000287,172.31.36.0-255,66,20104,7,182972
15782,0.000375,172.217.194.0-255,1484,21588,7,182972
15783,0.000379,172.31.36.0-255,66,21654,7,182972
15784,0.000384,172.217.194.0-255,2902,24556,7,182972
15785,0.000387,172.31.36.0-255,66,24622,7,182972
15786,0.000402,172.217.194.0-255,5738,30360,7,182972
15787,0.000405,172.31.36.0-255,66,30426,7,182972
15788,0.000456,172.217.194.0-255,5738,36164,7,182972
15789,0.00046,172.31.36.0-255,66,36230,7,182972
15790,0.000481,172.217.194.0-255,6797,43027,7,182972
15791,0.000485,172.31.36.0-255,66,43093,7,182972
15792,0.000502,172.217.194.0-255,7156,50249,7,182972
15793,0.000505,172.31.36.0-255,66,50315,7,182972
15794,0.000531,172.217.194.0-255,3961,54276,7,182972
15795,0.000536,172.31.36.0-255,66,54342,7,182972
15796,0.000947,172.217.194.0-255,1484,55826,7,182972
15797,0.000954,172.217.194.0-255,2902,58728,7,182972
15798,0.000957,172.31.36.0-255,66,58794,7,182972
15799,0.000963,172.217.194.0-255,4320,63114,7,182972
15800,0.000966,172.31.36.0-255,66,63180,7,182972
15801,0.000993,172.217.194.0-255,1484,64664,7,182972
15802,0.001006,172.31.36.0-255,66,64730,7,182972
15803,0.001012,172.217.194.0-255,5738,70468,7,182972
15804,0.001014,172.31.36.0-255,66,70534,7,182972
15805,0.001032,172.217.194.0-255,5020,75554,7,182972
15806,0.001035,172.31.36.0-255,66,75620,7,182972
15807,0.001071,172.31.36.0-255,66,75686,7,182972
15808,0.001078,172.217.194.0-255,5738,81424,7,182972
15809,0.00108,172.31.36.0-255,66,81490,7,182972
15810,0.001096,172.217.194.0-255,7156,88646,7,182972
15811,0.001099,172.31.36.0-255,66,88712,7,182972
15812,0.001155,172.31.36.0-255,66,88778,7,182972
15813,0.001158,172.217.194.0-255,1484,90262,7,182972
15814,0.001175,172.217.194.0-255,2902,93164,7,182972
15815,0.001178,172.31.36.0-255,66,93230,7,182972
15816,0.001183,172.217.194.0-255,2902,96132,7,182972
15817,0.001185,172.31.36.0-255,66,96198,7,182972
15818,0.001202,172.217.194.0-255,2902,99100,7,182972
15819,0.001205,172.31.36.0-255,66,99166,7,182972
15820,0.001242,172.31.36.0-255,66,99232,7,182972
15821,0.001255,172.31.36.0-255,66,99298,7,182972
15822,0.001259,172.217.194.0-255,2184,101482,7,182972
15823,0.00126,172.31.36.0-255,66,101548,7,182972
15824,0.001323,172.217.194.0-255,1484,103032,7,182972
15825,0.001328,172.217.194.0-255,1484,104516,7,182972
15826,0.001331,172.31.36.0-255,66,104582,7,182972
15827,0.001348,172.217.194.0-255,1484,106066,7,182972
15828,0.001354,172.217.194.0-255,5738,111804,7,182972
15829,0.001357,172.31.36.0-255,66,111870,7,182972
15830,0.001362,172.217.194.0-255,4320,116190,7,182972
15831,0.001364,172.31.36.0-255,66,116256,7,182972
15832,0.00138,172.217.194.0-255,1484,117740,7,182972
15833,0.001385,172.217.194.0-255,2902,120642,7,182972
15834,0.001389,172.31.36.0-255,66,120708,7,182972
15835,0.001424,172.217.194.0-255,5020,125728,7,182972
15836,0.001424,172.31.36.0-255,66,125794,7,182972
15837,0.001427,172.31.36.0-255,66,125860,7,182972
15838,0.001471,172.217.194.0-255,7156,133016,7,182972
15839,0.001475,172.31.36.0-255,66,133082,7,182972
15840,0.001495,172.217.194.0-255,1484,134566,7,182972
15841,0.001512,172.31.36.0-255,66,134632,7,182972
15842,0.001528,172.217.194.0-255,2902,137534,7,182972
15843,0.001531,172.31.36.0-255,66,137600,7,182972
15844,0.00156,172.31.36.0-255,66,137666,7,182972
15845,0.001575,172.31.36.0-255,66,137732,7,182972
15846,0.001597,172.217.194.0-255,7156,144888,7,182972
15847,0.0016,172.31.36.0-255,66,144954,7,182972
15848,0.001611,172.31.36.0-255,66,145020,7,182972
15849,0.001641,172.217.194.0-255,1484,146504,7,182972
15850,0.001646,172.217.194.0-255,2902,149406,7,182972
15851,0.001648,172.31.36.0-255,66,149472,7,182972
15852,0.001654,172.217.194.0-255,5738,155210,7,182972
15853,0.001657,172.31.36.0-255,66,155276,7,182972
15854,0.001691,172.31.36.0-255,66,155342,7,182972
15855,0.00173,172.217.194.0-255,2902,158244,7,182972
15856,0.001734,172.31.36.0-255,66,158310,7,182972
15857,0.001764,172.31.36.0-255,66,158376,7,182972
15858,0.001828,172.31.36.0-255,66,158442,7,182972
15859,0.001855,172.217.194.0-255,7156,165598,7,182972
15860,0.001859,172.31.36.0-255,66,165664,7,182972
15861,0.001876,172.31.36.0-255,66,165730,7,182972
15862,0.001895,172.31.36.0-255,66,165796,7,182972
15863,0.0019,172.31.36.0-255,66,165862,7,182972
15864,0.001902,172.217.194.0-255,7156,173018,7,182972
15865,0.001911,172.31.36.0-255,66,173084,7,182972
15866,0.001942,172.217.194.0-255,2121,175205,7,182972
15867,0.001945,172.31.36.0-255,66,175271,7,182972
15868,0.001962,172.217.194.0-255,105,175376,7,182972
15869,0.003688,172.31.36.0-255,66,175442,7,182972
15870,0.003715,172.31.36.0-255,105,175547,7,182972
15871,0.005945,172.217.194.0-255,66,175613,7,182972
15872,0.032791,172.31.36.0-255,188,175801,7,182972
15873,0.032818,172.31.36.0-255,958,176759,7,182972
15874,0.03287,172.31.36.0-255,1514,178273,7,182972
15875,0.032872,172.31.36.0-255,1514,179787,7,182972
15876,0.032873,172.31.36.0-255,1514,181301,7,182972
15877,0.032874,172.31.36.0-255,1233,182534,7,182972
15878,0.03432,104.244.42.0-255,66,182600,7,182972
15879,0.034365,104.244.42.0-255,66,182666,7,182972
15880,0.034412,104.244.42.0-255,66,182732,7,182972
15881,0.034416,104.244.42.0-255,66,182798,7,182972
15882,0.035202,104.244.42.0-255,108,182906,7,182972
15883,0.035212,172.31.36.0-255,66,182972,7,182972
15884,0.0,74.125.24.0-255,152,152,7,241805
15885,3.4e-05,172.31.36.0-255,66,218,7,241805
15886,4e-05,74.125.24.0-255,1484,1702,7,241805
15887,4.5e-05,172.31.36.0-255,66,1768,7,241805
15888,5.1e-05,74.125.24.0-255,2902,4670,7,241805
15889,6.2e-05,172.31.36.0-255,66,4736,7,241805
15890,6.9e-05,74.125.24.0-255,7156,11892,7,241805
15891,7.3e-05,172.31.36.0-255,66,11958,7,241805
15892,7.7e-05,74.125.24.0-255,2048,14006,7,241805
15893,8e-05,172.31.36.0-255,66,14072,7,241805
15894,0.000337,74.125.24.0-255,1484,15556,7,241805
15895,0.000343,172.31.36.0-255,66,15622,7,241805
15896,0.000349,74.125.24.0-255,2902,18524,7,241805
15897,0.000352,172.31.36.0-255,66,18590,7,241805
15898,0.000366,74.125.24.0-255,5738,24328,7,241805
15899,0.00037,172.31.36.0-255,66,24394,7,241805
15900,0.000378,74.125.24.0-255,6797,31191,7,241805
15901,0.00038,172.31.36.0-255,66,31257,7,241805
15902,0.000527,74.125.24.0-255,1484,32741,7,241805
15903,0.000532,172.31.36.0-255,66,32807,7,241805
15904,0.000538,74.125.24.0-255,2902,35709,7,241805
15905,0.00054,172.31.36.0-255,66,35775,7,241805
15906,0.000578,74.125.24.0-255,5738,41513,7,241805
15907,0.000582,172.31.36.0-255,66,41579,7,241805
15908,0.00059,74.125.24.0-255,6797,48376,7,241805
15909,0.000593,172.31.36.0-255,66,48442,7,241805
15910,0.000623,74.125.24.0-255,1484,49926,7,241805
15911,0.000626,172.31.36.0-255,66,49992,7,241805
15912,0.000658,172.31.36.0-255,66,50058,7,241805
15913,0.000662,74.125.24.0-255,2543,52601,7,241805
15914,0.000664,172.31.36.0-255,66,52667,7,241805
15915,0.000703,74.125.24.0-255,413,53080,7,241805
15916,0.0008,172.31.36.0-255,66,53146,7,241805
15917,0.000848,74.125.24.0-255,330,53476,7,241805
15918,0.000865,172.31.36.0-255,66,53542,7,241805
15919,0.001251,74.125.24.0-255,1484,55026,7,241805
15920,0.001261,74.125.24.0-255,2902,57928,7,241805
15921,0.001266,172.31.36.0-255,66,57994,7,241805
15922,0.001295,74.125.24.0-255,5738,63732,7,241805
15923,0.001298,172.31.36.0-255,66,63798,7,241805
15924,0.001303,74.125.24.0-255,2902,66700,7,241805
15925,0.001305,172.31.36.0-255,66,66766,7,241805
15926,0.001338,74.125.24.0-255,2902,69668,7,241805
15927,0.001342,172.31.36.0-255,66,69734,7,241805
15928,0.001356,172.31.36.0-255,66,69800,7,241805
15929,0.001362,74.125.24.0-255,5020,74820,7,241805
15930,0.001364,172.31.36.0-255,66,74886,7,241805
15931,0.001592,74.125.24.0-255,1484,76370,7,241805
15932,0.001599,74.125.24.0-255,2902,79272,7,241805
15933,0.001603,172.31.36.0-255,66,79338,7,241805
15934,0.001632,74.125.24.0-255,5738,85076,7,241805
15935,0.001634,172.31.36.0-255,66,85142,7,241805
15936,0.001655,74.125.24.0-255,7156,92298,7,241805
15937,0.001658,172.31.36.0-255,66,92364,7,241805
15938,0.001688,74.125.24.0-255,4320,96684,7,241805
15939,0.001691,172.31.36.0-255,66,96750,7,241805
15940,0.001704,172.31.36.0-255,66,96816,7,241805
15941,0.001807,74.125.24.0-255,1484,98300,7,241805
15942,0.001821,74.125.24.0-255,2902,101202,7,241805
15943,0.001824,172.31.36.0-255,66,101268,7,241805
15944,0.001852,74.125.24.0-255,5738,107006,7,241805
15945,0.001854,172.31.36.0-255,66,107072,7,241805
15946,0.001861,74.125.24.0-255,7156,114228,7,241805
15947,0.001863,172.31.36.0-255,66,114294,7,241805
15948,0.001868,74.125.24.0-255,4320,118614,7,241805
15949,0.001871,172.31.36.0-255,66,118680,7,241805
15950,0.001912,172.31.36.0-255,66,118746,7,241805
15951,0.001916,74.125.24.0-255,2184,120930,7,241805
15952,0.001918,172.31.36.0-255,66,120996,7,241805
15953,0.00423,74.125.24.0-255,2902,123898,7,241805
15954,0.004234,172.31.36.0-255,66,123964,7,241805
15955,0.004253,74.125.24.0-255,2902,126866,7,241805
15956,0.004256,172.31.36.0-255,66,126932,7,241805
15957,0.006537,74.125.24.0-255,2902,129834,7,241805
15958,0.006544,172.31.36.0-255,66,129900,7,241805
15959,0.006572,74.125.24.0-255,2902,132802,7,241805
15960,0.006576,172.31.36.0-255,66,132868,7,241805
15961,0.008884,74.125.24.0-255,5738,138606,7,241805
15962,0.008892,172.31.36.0-255,66,138672,7,241805
15963,0.011262,74.125.24.0-255,4320,142992,7,241805
15964,0.01127,172.31.36.0-255,66,143058,7,241805
15965,0.011299,74.125.24.0-255,1484,144542,7,241805
15966,0.013592,74.125.24.0-255,4320,148862,7,241805
15967,0.013603,172.31.36.0-255,66,148928,7,241805
15968,0.015899,74.125.24.0-255,5738,154666,7,241805
15969,0.015906,172.31.36.0-255,66,154732,7,241805
15970,0.018191,74.125.24.0-255,5738,160470,7,241805
15971,0.018198,172.31.36.0-255,66,160536,7,241805
15972,0.020498,74.125.24.0-255,5738,166274,7,241805
15973,0.020506,172.31.36.0-255,66,166340,7,241805
15974,0.022846,74.125.24.0-255,5738,172078,7,241805
15975,0.022854,172.31.36.0-255,66,172144,7,241805
15976,0.024956,172.31.36.0-255,176,172320,7,241805
15977,0.024986,172.31.36.0-255,1114,173434,7,241805
15978,0.025028,172.31.36.0-255,1514,174948,7,241805
15979,0.02503,172.31.36.0-255,1514,176462,7,241805
15980,0.025032,172.31.36.0-255,1514,177976,7,241805
15981,0.025033,172.31.36.0-255,1073,179049,7,241805
15982,0.025155,74.125.24.0-255,5738,184787,7,241805
15983,0.025161,172.31.36.0-255,66,184853,7,241805
15984,0.026481,104.244.42.0-255,66,184919,7,241805
15985,0.026516,104.244.42.0-255,66,184985,7,241805
15986,0.026569,104.244.42.0-255,66,185051,7,241805
15987,0.026574,104.244.42.0-255,66,185117,7,241805
15988,0.027502,74.125.24.0-255,5738,190855,7,241805
15989,0.027508,172.31.36.0-255,66,190921,7,241805
15990,0.029824,74.125.24.0-255,5738,196659,7,241805
15991,0.029837,172.31.36.0-255,66,196725,7,241805
15992,0.032164,74.125.24.0-255,5738,202463,7,241805
15993,0.032172,172.31.36.0-255,66,202529,7,241805
15994,0.034501,74.125.24.0-255,5738,208267,7,241805
15995,0.034508,172.31.36.0-255,66,208333,7,241805
15996,0.036822,74.125.24.0-255,5738,214071,7,241805
15997,0.036828,172.31.36.0-255,66,214137,7,241805
15998,0.039171,74.125.24.0-255,5738,219875,7,241805
15999,0.039177,172.31.36.0-255,66,219941,7,241805
16000,0.041481,74.125.24.0-255,5738,225679,7,241805
16001,0.041488,172.31.36.0-255,66,225745,7,241805
16002,0.043807,74.125.24.0-255,4320,230065,7,241805
16003,0.043812,172.31.36.0-255,66,230131,7,241805
16004,0.043845,74.125.24.0-255,1484,231615,7,241805
16005,0.046123,74.125.24.0-255,4320,235935,7,241805
16006,0.046131,172.31.36.0-255,66,236001,7,241805
16007,0.048418,74.125.24.0-255,5738,241739,7,241805
16008,0.048424,172.31.36.0-255,66,241805,7,241805
16009,0.0,172.217.194.0-255,297,297,7,213549
16010,2.4e-05,172.31.36.0-255,66,363,7,213549
16011,3.1e-05,172.217.194.0-255,1484,1847,7,213549
16012,3.6e-05,172.31.36.0-255,66,1913,7,213549
16013,4.4e-05,172.217.194.0-255,4320,6233,7,213549
16014,4.7e-05,172.31.36.0-255,66,6299,7,213549
16015,5e-05,172.217.194.0-255,1484,7783,7,213549
16016,5.3e-05,172.31.36.0-255,66,7849,7,213549
16017,8.9e-05,172.31.36.0-255,66,7915,7,213549
16018,0.000101,172.31.36.0-255,66,7981,7,213549
16019,0.000118,172.217.194.0-255,6797,14778,7,213549
16020,0.000122,172.31.36.0-255,66,14844,7,213549
16021,0.000399,172.217.194.0-255,1484,16328,7,213549
16022,0.000405,172.217.194.0-255,2902,19230,7,213549
16023,0.000411,172.31.36.0-255,66,19296,7,213549
16024,0.00042,172.31.36.0-255,66,19362,7,213549
16025,0.000455,172.217.194.0-255,2902,22264,7,213549
16026,0.000459,172.31.36.0-255,66,22330,7,213549
16027,0.000491,172.217.194.0-255,2902,25232,7,213549
16028,0.000493,172.31.36.0-255,66,25298,7,213549
16029,0.000506,172.217.194.0-255,1484,26782,7,213549
16030,0.000509,172.31.36.0-255,66,26848,7,213549
16031,0.000521,172.31.36.0-255,66,26914,7,213549
16032,0.000525,172.217.194.0-255,2902,29816,7,213549
16033,0.000528,172.31.36.0-255,66,29882,7,213549
16034,0.000568,172.31.36.0-255,66,29948,7,213549
16035,0.00071,172.217.194.0-255,380,30328,7,213549
16036,0.000714,172.31.36.0-255,66,30394,7,213549
16037,0.000745,172.217.194.0-255,98,30492,7,213549
16038,0.001119,172.31.36.0-255,66,30558,7,213549
16039,0.001345,172.217.194.0-255,1484,32042,7,213549
16040,0.001354,172.217.194.0-255,2902,34944,7,213549
16041,0.001358,172.31.36.0-255,66,35010,7,213549
16042,0.001363,172.217.194.0-255,2902,37912,7,213549
16043,0.001365,172.31.36.0-255,66,37978,7,213549
16044,0.001379,172.217.194.0-255,2902,40880,7,213549
16045,0.001381,172.31.36.0-255,66,40946,7,213549
16046,0.001405,172.217.194.0-255,4320,45266,7,213549
16047,0.001407,172.31.36.0-255,66,45332,7,213549
16048,0.001422,172.217.194.0-255,4320,49652,7,213549
16049,0.001424,172.31.36.0-255,66,49718,7,213549
16050,0.001461,172.31.36.0-255,66,49784,7,213549
16051,0.001536,172.217.194.0-255,5020,54804,7,213549
16052,0.00154,172.31.36.0-255,66,54870,7,213549
16053,0.001808,172.217.194.0-255,1484,56354,7,213549
16054,0.001829,172.217.194.0-255,2902,59256,7,213549
16055,0.001833,172.31.36.0-255,66,59322,7,213549
16056,0.001863,172.217.194.0-255,5738,65060,7,213549
16057,0.001866,172.31.36.0-255,66,65126,7,213549
16058,0.001899,172.217.194.0-255,1484,66610,7,213549
16059,0.001919,172.217.194.0-255,5738,72348,7,213549
16060,0.001922,172.31.36.0-255,66,72414,7,213549
16061,0.001927,172.217.194.0-255,2902,75316,7,213549
16062,0.001928,172.31.36.0-255,66,75382,7,213549
16063,0.001976,172.31.36.0-255,66,75448,7,213549
16064,0.002013,172.217.194.0-255,2902,78350,7,213549
16065,0.002016,172.31.36.0-255,66,78416,7,213549
16066,0.003966,172.217.194.0-255,2902,81318,7,213549
16067,0.003977,172.31.36.0-255,66,81384,7,213549
16068,0.004018,172.217.194.0-255,2902,84286,7,213549
16069,0.004023,172.31.36.0-255,66,84352,7,213549
16070,0.005962,172.217.194.0-255,2902,87254,7,213549
16071,0.005971,172.31.36.0-255,66,87320,7,213549
16072,0.006002,172.217.194.0-255,2902,90222,7,213549
16073,0.006004,172.31.36.0-255,66,90288,7,213549
16074,0.007964,172.217.194.0-255,5738,96026,7,213549
16075,0.007968,172.31.36.0-255,66,96092,7,213549
16076,0.009974,172.217.194.0-255,5738,101830,7,213549
16077,0.009984,172.31.36.0-255,66,101896,7,213549
16078,0.012013,172.217.194.0-255,5738,107634,7,213549
16079,0.012027,172.31.36.0-255,66,107700,7,213549
16080,0.014012,172.217.194.0-255,5738,113438,7,213549
16081,0.01403,172.31.36.0-255,66,113504,7,213549
16082,0.01604,172.217.194.0-255,5738,119242,7,213549
16083,0.016059,172.31.36.0-255,66,119308,7,213549
16084,0.018067,172.217.194.0-255,5738,125046,7,213549
16085,0.018086,172.31.36.0-255,66,125112,7,213549
16086,0.020063,172.217.194.0-255,5738,130850,7,213549
16087,0.020075,172.31.36.0-255,66,130916,7,213549
16088,0.022094,172.217.194.0-255,5738,136654,7,213549
16089,0.022107,172.31.36.0-255,66,136720,7,213549
16090,0.024108,172.217.194.0-255,5738,142458,7,213549
16091,0.024121,172.31.36.0-255,66,142524,7,213549
16092,0.026118,172.217.194.0-255,5738,148262,7,213549
16093,0.02613,172.31.36.0-255,66,148328,7,213549
16094,0.028125,172.217.194.0-255,5738,154066,7,213549
16095,0.028139,172.31.36.0-255,66,154132,7,213549
16096,0.030145,172.217.194.0-255,5738,159870,7,213549
16097,0.030156,172.31.36.0-255,66,159936,7,213549
16098,0.032173,172.217.194.0-255,5738,165674,7,213549
16099,0.032186,172.31.36.0-255,66,165740,7,213549
16100,0.034219,172.217.194.0-255,5738,171478,7,213549
16101,0.034233,172.31.36.0-255,66,171544,7,213549
16102,0.036227,172.217.194.0-255,5738,177282,7,213549
16103,0.036238,172.31.36.0-255,66,177348,7,213549
16104,0.036727,172.31.36.0-255,172,177520,7,213549
16105,0.036766,172.31.36.0-255,1073,178593,7,213549
16106,0.038247,172.217.194.0-255,5738,184331,7,213549
16107,0.038263,172.31.36.0-255,66,184397,7,213549
16108,0.038285,104.244.42.0-255,66,184463,7,213549
16109,0.038293,104.244.42.0-255,66,184529,7,213549
16110,0.040265,172.217.194.0-255,5738,190267,7,213549
16111,0.040281,172.31.36.0-255,66,190333,7,213549
16112,0.042283,172.217.194.0-255,5738,196071,7,213549
16113,0.042295,172.31.36.0-255,66,196137,7,213549
16114,0.044286,172.217.194.0-255,5738,201875,7,213549
16115,0.044299,172.31.36.0-255,66,201941,7,213549
16116,0.046284,172.217.194.0-255,5738,207679,7,213549
16117,0.046293,172.31.36.0-255,66,207745,7,213549
16118,0.048313,172.217.194.0-255,5738,213483,7,213549
16119,0.048325,172.31.36.0-255,66,213549,7,213549
16120,0.0,74.125.200.0-255,153,153,7,312214
16121,2.2e-05,172.31.36.0-255,66,219,7,312214
16122,2.9e-05,74.125.200.0-255,1484,1703,7,312214
16123,3.4e-05,172.31.36.0-255,66,1769,7,312214
16124,3.7e-05,74.125.200.0-255,1484,3253,7,312214
16125,4e-05,172.31.36.0-255,66,3319,7,312214
16126,4.5e-05,74.125.200.0-255,2902,6221,7,312214
16127,4.8e-05,172.31.36.0-255,66,6287,7,312214
16128,8.2e-05,74.125.200.0-255,2902,9189,7,312214
16129,8.5e-05,172.31.36.0-255,66,9255,7,312214
16130,0.0001,74.125.200.0-255,1484,10739,7,312214
16131,0.000102,172.31.36.0-255,66,10805,7,312214
16132,0.000119,74.125.200.0-255,1484,12289,7,312214
16133,0.000121,172.31.36.0-255,66,12355,7,312214
16134,0.000145,74.125.200.0-255,1948,14303,7,312214
16135,0.000147,172.31.36.0-255,66,14369,7,312214
16136,0.000283,74.125.200.0-255,1484,15853,7,312214
16137,0.000287,172.31.36.0-255,66,15919,7,312214
16138,0.000291,74.125.200.0-255,1484,17403,7,312214
16139,0.000294,172.31.36.0-255,66,17469,7,312214
16140,0.000309,74.125.200.0-255,1484,18953,7,312214
16141,0.000311,172.31.36.0-255,66,19019,7,312214
16142,0.000332,74.125.200.0-255,2902,21921,7,312214
16143,0.000335,172.31.36.0-255,66,21987,7,312214
16144,0.000355,74.125.200.0-255,1484,23471,7,312214
16145,0.000357,172.31.36.0-255,66,23537,7,312214
16146,0.000363,74.125.200.0-255,5738,29275,7,312214
16147,0.000366,172.31.36.0-255,66,29341,7,312214
16148,0.000369,74.125.200.0-255,1484,30825,7,312214
16149,0.000371,172.31.36.0-255,66,30891,7,312214
16150,0.000387,74.125.200.0-255,6797,37688,7,312214
16151,0.00039,172.31.36.0-255,66,37754,7,312214
16152,0.000407,74.125.200.0-255,1484,39238,7,312214
16153,0.000433,74.125.200.0-255,7156,46394,7,312214
16154,0.000436,172.31.36.0-255,66,46460,7,312214
16155,0.000442,74.125.200.0-255,4320,50780,7,312214
16156,0.000444,172.31.36.0-255,66,50846,7,312214
16157,0.000473,74.125.200.0-255,5738,56584,7,312214
16158,0.000476,172.31.36.0-255,66,56650,7,312214
16159,0.000482,74.125.200.0-255,4320,60970,7,312214
16160,0.000484,172.31.36.0-255,66,61036,7,312214
16161,0.000489,74.125.200.0-255,2902,63938,7,312214
16162,0.000491,172.31.36.0-255,66,64004,7,312214
16163,0.00051,74.125.200.0-255,2184,66188,7,312214
16164,0.000512,172.31.36.0-255,66,66254,7,312214
16165,0.000515,74.125.200.0-255,397,66651,7,312214
16166,0.000536,74.125.200.0-255,111,66762,7,312214
16167,0.000665,74.125.200.0-255,1484,68246,7,312214
16168,0.000671,172.31.36.0-255,66,68312,7,312214
16169,0.000689,74.125.200.0-255,2902,71214,7,312214
16170,0.000692,172.31.36.0-255,66,71280,7,312214
16171,0.000719,74.125.200.0-255,5738,77018,7,312214
16172,0.000738,172.31.36.0-255,66,77084,7,312214
16173,0.000743,74.125.200.0-255,2902,79986,7,312214
16174,0.000745,172.31.36.0-255,66,80052,7,312214
16175,0.000751,74.125.200.0-255,4320,84372,7,312214
16176,0.000754,172.31.36.0-255,66,84438,7,312214
16177,0.000774,74.125.200.0-255,1484,85922,7,312214
16178,0.000803,74.125.200.0-255,2902,88824,7,312214
16179,0.000806,172.31.36.0-255,66,88890,7,312214
16180,0.000813,74.125.200.0-255,5738,94628,7,312214
16181,0.000815,172.31.36.0-255,66,94694,7,312214
16182,0.000839,74.125.200.0-255,6438,101132,7,312214
16183,0.000841,172.31.36.0-255,66,101198,7,312214
16184,0.001398,74.125.200.0-255,1484,102682,7,312214
16185,0.001406,74.125.200.0-255,2902,105584,7,312214
16186,0.001411,172.31.36.0-255,66,105650,7,312214
16187,0.00143,74.125.200.0-255,1484,107134,7,312214
16188,0.001449,74.125.200.0-255,2902,110036,7,312214
16189,0.001452,172.31.36.0-255,66,110102,7,312214
16190,0.001459,74.125.200.0-255,5738,115840,7,312214
16191,0.001462,172.31.36.0-255,66,115906,7,312214
16192,0.00149,74.125.200.0-255,5738,121644,7,312214
16193,0.001492,172.31.36.0-255,66,121710,7,312214
16194,0.0015,74.125.200.0-255,7156,128866,7,312214
16195,0.001502,172.31.36.0-255,66,128932,7,312214
16196,0.001536,74.125.200.0-255,6438,135370,7,312214
16197,0.001539,172.31.36.0-255,66,135436,7,312214
16198,0.001564,74.125.200.0-255,7156,142592,7,312214
16199,0.001567,172.31.36.0-255,66,142658,7,312214
16200,0.00157,74.125.200.0-255,1484,144142,7,312214
16201,0.00159,74.125.200.0-255,5738,149880,7,312214
16202,0.001593,172.31.36.0-255,66,149946,7,312214
16203,0.001596,74.125.200.0-255,1484,151430,7,312214
16204,0.001611,74.125.200.0-255,4320,155750,7,312214
16205,0.001614,172.31.36.0-255,66,155816,7,312214
16206,0.001636,74.125.200.0-255,2902,158718,7,312214
16207,0.001639,172.31.36.0-255,66,158784,7,312214
16208,0.001646,74.125.200.0-255,5738,164522,7,312214
16209,0.001648,172.31.36.0-255,66,164588,7,312214
16210,0.001667,74.125.200.0-255,5020,169608,7,312214
16211,0.001669,172.31.36.0-255,66,169674,7,312214
16212,0.003648,74.125.200.0-255,2902,172576,7,312214
16213,0.003654,172.31.36.0-255,66,172642,7,312214
16214,0.003668,74.125.200.0-255,2902,175544,7,312214
16215,0.003671,172.31.36.0-255,66,175610,7,312214
16216,0.005648,74.125.200.0-255,5738,181348,7,312214
16217,0.005656,172.31.36.0-255,66,181414,7,312214
16218,0.007649,74.125.200.0-255,5738,187152,7,312214
16219,0.007659,172.31.36.0-255,66,187218,7,312214
16220,0.009647,74.125.200.0-255,5738,192956,7,312214
16221,0.009657,172.31.36.0-255,66,193022,7,312214
16222,0.011696,74.125.200.0-255,5738,198760,7,312214
16223,0.011709,172.31.36.0-255,66,198826,7,312214
16224,0.013699,74.125.200.0-255,4320,203146,7,312214
16225,0.013708,172.31.36.0-255,66,203212,7,312214
16226,0.01373,74.125.200.0-255,1484,204696,7,312214
16227,0.015693,74.125.200.0-255,4320,209016,7,312214
16228,0.0157,172.31.36.0-255,66,209082,7,312214
16229,0.017686,74.125.200.0-255,5738,214820,7,312214
16230,0.017693,172.31.36.0-255,66,214886,7,312214
16231,0.01969,74.125.200.0-255,5738,220624,7,312214
16232,0.019698,172.31.36.0-255,66,220690,7,312214
16233,0.021691,74.125.200.0-255,5738,226428,7,312214
16234,0.021698,172.31.36.0-255,66,226494,7,312214
16235,0.022467,172.31.36.0-255,172,226666,7,312214
16236,0.022498,172.31.36.0-255,1114,227780,7,312214
16237,0.022559,172.31.36.0-255,1514,229294,7,312214
16238,0.022561,172.31.36.0-255,1292,230586,7,312214
16239,0.023698,74.125.200.0-255,5738,236324,7,312214
16240,0.023704,172.31.36.0-255,66,236390,7,312214
16241,0.023988,104.244.42.0-255,66,236456,7,312214
16242,0.02411,104.244.42.0-255,66,236522,7,312214
16243,0.024134,104.244.42.0-255,66,236588,7,312214
16244,0.024636,104.244.42.0-255,108,236696,7,312214
16245,0.024641,172.31.36.0-255,66,236762,7,312214
16246,0.025694,74.125.200.0-255,5738,242500,7,312214
16247,0.025699,172.31.36.0-255,66,242566,7,312214
16248,0.027699,74.125.200.0-255,5738,248304,7,312214
16249,0.027706,172.31.36.0-255,66,248370,7,312214
16250,0.029689,74.125.200.0-255,5738,254108,7,312214
16251,0.029696,172.31.36.0-255,66,254174,7,312214
16252,0.031678,74.125.200.0-255,5738,259912,7,312214
16253,0.031685,172.31.36.0-255,66,259978,7,312214
16254,0.03369,74.125.200.0-255,5738,265716,7,312214
16255,0.033703,172.31.36.0-255,66,265782,7,312214
16256,0.035712,74.125.200.0-255,5738,271520,7,312214
16257,0.035721,172.31.36.0-255,66,271586,7,312214
16258,0.037708,74.125.200.0-255,5738,277324,7,312214
16259,0.037715,172.31.36.0-255,66,277390,7,312214
16260,0.039708,74.125.200.0-255,5738,283128,7,312214
16261,0.039717,172.31.36.0-255,66,283194,7,312214
16262,0.041762,74.125.200.0-255,5738,288932,7,312214
16263,0.041772,172.31.36.0-255,66,288998,7,312214
16264,0.04377,74.125.200.0-255,5738,294736,7,312214
16265,0.043777,172.31.36.0-255,66,294802,7,312214
16266,0.045772,74.125.200.0-255,5738,300540,7,312214
16267,0.045779,172.31.36.0-255,66,300606,7,312214
16268,0.04778,74.125.200.0-255,5738,306344,7,312214
16269,0.047789,172.31.36.0-255,66,306410,7,312214
16270,0.049784,74.125.200.0-255,5738,312148,7,312214
16271,0.049794,172.31.36.0-255,66,312214,7,312214
16272,0.0,172.31.36.0-255,105,105,7,276
16273,0.002087,157.240.13.0-255,105,210,7,276
16274,0.002103,172.31.36.0-255,66,276,7,276
16275,0.0,172.217.194.0-255,153,153,7,202778
16276,1.7e-05,172.31.36.0-255,66,219,7,202778
16277,2.4e-05,172.217.194.0-255,1484,1703,7,202778
16278,2.9e-05,172.31.36.0-255,66,1769,7,202778
16279,4.3e-05,172.217.194.0-255,2902,4671,7,202778
16280,4.7e-05,172.31.36.0-255,66,4737,7,202778
16281,5.4e-05,172.217.194.0-255,7156,11893,7,202778
16282,5.7e-05,172.31.36.0-255,66,11959,7,202778
16283,6e-05,172.217.194.0-255,1484,13443,7,202778
16284,6.2e-05,172.31.36.0-255,66,13509,7,202778
16285,9.6e-05,172.217.194.0-255,3483,16992,7,202778
16286,9.9e-05,172.31.36.0-255,66,17058,7,202778
16287,0.000139,172.31.36.0-255,66,17124,7,202778
16288,0.000183,172.217.194.0-255,1484,18608,7,202778
16289,0.000185,172.31.36.0-255,66,18674,7,202778
16290,0.00019,172.217.194.0-255,2902,21576,7,202778
16291,0.000192,172.31.36.0-255,66,21642,7,202778
16292,0.000212,172.217.194.0-255,2902,24544,7,202778
16293,0.000215,172.31.36.0-255,66,24610,7,202778
16294,0.00024,172.217.194.0-255,2902,27512,7,202778
16295,0.000242,172.31.36.0-255,66,27578,7,202778
16296,0.00025,172.217.194.0-255,6797,34375,7,202778
16297,0.000252,172.31.36.0-255,66,34441,7,202778
16298,0.000298,172.31.36.0-255,66,34507,7,202778
16299,0.000303,172.217.194.0-255,2543,37050,7,202778
16300,0.000305,172.31.36.0-255,66,37116,7,202778
16301,0.000699,172.217.194.0-255,646,37762,7,202778
16302,0.000705,172.31.36.0-255,66,37828,7,202778
16303,0.00126,172.217.194.0-255,1484,39312,7,202778
16304,0.001266,172.31.36.0-255,66,39378,7,202778
16305,0.001275,172.217.194.0-255,2902,42280,7,202778
16306,0.001278,172.31.36.0-255,66,42346,7,202778
16307,0.001291,172.217.194.0-255,5738,48084,7,202778
16308,0.001293,172.31.36.0-255,66,48150,7,202778
16309,0.0013,172.217.194.0-255,6248,54398,7,202778
16310,0.001302,172.31.36.0-255,66,54464,7,202778
16311,0.001675,172.217.194.0-255,1484,55948,7,202778
16312,0.001684,172.217.194.0-255,2902,58850,7,202778
16313,0.001688,172.31.36.0-255,66,58916,7,202778
16314,0.001718,172.217.194.0-255,4320,63236,7,202778
16315,0.00172,172.31.36.0-255,66,63302,7,202778
16316,0.001732,172.31.36.0-255,66,63368,7,202778
16317,0.001762,172.31.36.0-255,66,63434,7,202778
16318,0.001785,172.217.194.0-255,1484,64918,7,202778
16319,0.001808,172.217.194.0-255,3602,68520,7,202778
16320,0.00181,172.31.36.0-255,66,68586,7,202778
16321,0.002167,172.217.194.0-255,1484,70070,7,202778
16322,0.002176,172.217.194.0-255,2902,72972,7,202778
16323,0.002179,172.31.36.0-255,66,73038,7,202778
16324,0.002207,172.217.194.0-255,5738,78776,7,202778
16325,0.002209,172.31.36.0-255,66,78842,7,202778
16326,0.002246,172.31.36.0-255,66,78908,7,202778
16327,0.002297,172.31.36.0-255,66,78974,7,202778
16328,0.002335,172.31.36.0-255,66,79040,7,202778
16329,0.002344,172.217.194.0-255,7156,86196,7,202778
16330,0.002346,172.31.36.0-255,66,86262,7,202778
16331,0.002375,172.217.194.0-255,1484,87746,7,202778
16332,0.002378,172.217.194.0-255,1484,89230,7,202778
16333,0.002381,172.31.36.0-255,66,89296,7,202778
16334,0.002416,172.31.36.0-255,66,89362,7,202778
16335,0.004781,172.217.194.0-255,5738,95100,7,202778
16336,0.004788,172.31.36.0-255,66,95166,7,202778
16337,0.00715,172.217.194.0-255,5738,100904,7,202778
16338,0.007155,172.31.36.0-255,66,100970,7,202778
16339,0.009567,172.217.194.0-255,5738,106708,7,202778
16340,0.009576,172.31.36.0-255,66,106774,7,202778
16341,0.011968,172.217.194.0-255,5738,112512,7,202778
16342,0.011977,172.31.36.0-255,66,112578,7,202778
16343,0.014358,172.217.194.0-255,5738,118316,7,202778
16344,0.014368,172.31.36.0-255,66,118382,7,202778
16345,0.016718,172.217.194.0-255,5738,124120,7,202778
16346,0.016728,172.31.36.0-255,66,124186,7,202778
16347,0.01911,172.217.194.0-255,5738,129924,7,202778
16348,0.019123,172.31.36.0-255,66,129990,7,202778
16349,0.021486,172.217.194.0-255,5738,135728,7,202778
16350,0.021495,172.31.36.0-255,66,135794,7,202778
16351,0.02388,172.217.194.0-255,5738,141532,7,202778
16352,0.023889,172.31.36.0-255,66,141598,7,202778
16353,0.026305,172.217.194.0-255,4320,145918,7,202778
16354,0.026312,172.31.36.0-255,66,145984,7,202778
16355,0.02634,172.217.194.0-255,1484,147468,7,202778
16356,0.028697,172.217.194.0-255,4320,151788,7,202778
16357,0.028705,172.31.36.0-255,66,151854,7,202778
16358,0.031076,172.217.194.0-255,5738,157592,7,202778
16359,0.031084,172.31.36.0-255,66,157658,7,202778
16360,0.032414,172.31.36.0-255,176,157834,7,202778
16361,0.032452,172.31.36.0-255,1114,158948,7,202778
16362,0.03251,172.31.36.0-255,1514,160462,7,202778
16363,0.032512,172.31.36.0-255,1292,161754,7,202778
16364,0.033464,172.217.194.0-255,5738,167492,7,202778
16365,0.033472,172.31.36.0-255,66,167558,7,202778
16366,0.033936,104.244.42.0-255,66,167624,7,202778
16367,0.034007,104.244.42.0-255,66,167690,7,202778
16368,0.034069,104.244.42.0-255,66,167756,7,202778
16369,0.035883,172.217.194.0-255,5738,173494,7,202778
16370,0.03589,172.31.36.0-255,66,173560,7,202778
16371,0.038276,172.217.194.0-255,5738,179298,7,202778
16372,0.038284,172.31.36.0-255,66,179364,7,202778
16373,0.040649,172.217.194.0-255,5738,185102,7,202778
16374,0.040655,172.31.36.0-255,66,185168,7,202778
16375,0.043008,172.217.194.0-255,5738,190906,7,202778
16376,0.043014,172.31.36.0-255,66,190972,7,202778
16377,0.045387,172.217.194.0-255,2902,193874,7,202778
16378,0.045394,172.31.36.0-255,66,193940,7,202778
16379,0.045421,172.217.194.0-255,2902,196842,7,202778
16380,0.045425,172.31.36.0-255,66,196908,7,202778
16381,0.047782,172.217.194.0-255,4320,201228,7,202778
16382,0.047789,172.31.36.0-255,66,201294,7,202778
16383,0.047814,172.217.194.0-255,1484,202778,7,202778
16384,0.0,172.217.194.0-255,66,66,7,66
16385,0.0,172.31.36.0-255,105,105,7,105
16386,0.0,74.125.24.0-255,155,155,7,234925
16387,3e-05,172.31.36.0-255,66,221,7,234925
16388,3.7e-05,74.125.24.0-255,1484,1705,7,234925
16389,4e-05,172.31.36.0-255,66,1771,7,234925
16390,4.5e-05,74.125.24.0-255,2902,4673,7,234925
16391,4.7e-05,172.31.36.0-255,66,4739,7,234925
16392,6.1e-05,74.125.24.0-255,5738,10477,7,234925
16393,6.3e-05,172.31.36.0-255,66,10543,7,234925
16394,9.2e-05,74.125.24.0-255,3464,14007,7,234925
16395,9.4e-05,172.31.36.0-255,66,14073,7,234925
16396,0.000188,74.125.24.0-255,1484,15557,7,234925
16397,0.000193,172.31.36.0-255,66,15623,7,234925
16398,0.000198,74.125.24.0-255,2902,18525,7,234925
16399,0.0002,172.31.36.0-255,66,18591,7,234925
16400,0.000237,74.125.24.0-255,5738,24329,7,234925
16401,0.00024,172.31.36.0-255,66,24395,7,234925
16402,0.000248,74.125.24.0-255,7156,31551,7,234925
16403,0.00025,172.31.36.0-255,66,31617,7,234925
16404,0.000282,74.125.24.0-255,2543,34160,7,234925
16405,0.000286,172.31.36.0-255,66,34226,7,234925
16406,0.000298,172.31.36.0-255,66,34292,7,234925
16407,0.00032,172.31.36.0-255,66,34358,7,234925
16408,0.000372,172.31.36.0-255,66,34424,7,234925
16409,0.000443,74.125.24.0-255,130,34554,7,234925
16410,0.000447,172.31.36.0-255,66,34620,7,234925
16411,0.000451,74.125.24.0-255,347,34967,7,234925
16412,0.000455,172.31.36.0-255,66,35033,7,234925
16413,0.000818,74.125.24.0-255,1484,36517,7,234925
16414,0.000823,172.31.36.0-255,66,36583,7,234925
16415,0.000856,74.125.24.0-255,2902,39485,7,234925
16416,0.00086,172.31.36.0-255,66,39551,7,234925
16417,0.000868,74.125.24.0-255,5738,45289,7,234925
16418,0.000872,172.31.36.0-255,66,45355,7,234925
16419,0.000886,172.31.36.0-255,66,45421,7,234925
16420,0.000891,74.125.24.0-255,4320,49741,7,234925
16421,0.000893,172.31.36.0-255,66,49807,7,234925
16422,0.000929,74.125.24.0-255,1484,51291,7,234925
16423,0.000937,74.125.24.0-255,7156,58447,7,234925
16424,0.00094,172.31.36.0-255,66,58513,7,234925
16425,0.000943,74.125.24.0-255,766,59279,7,234925
16426,0.001148,172.31.36.0-255,66,59345,7,234925
16427,0.001368,74.125.24.0-255,1484,60829,7,234925
16428,0.001378,74.125.24.0-255,2902,63731,7,234925
16429,0.001382,172.31.36.0-255,66,63797,7,234925
16430,0.001389,74.125.24.0-255,5738,69535,7,234925
16431,0.001391,172.31.36.0-255,66,69601,7,234925
16432,0.001413,172.31.36.0-255,66,69667,7,234925
16433,0.001482,172.31.36.0-255,66,69733,7,234925
16434,0.001942,74.125.24.0-255,1484,71217,7,234925
16435,0.00195,74.125.24.0-255,2902,74119,7,234925
16436,0.001955,172.31.36.0-255,66,74185,7,234925
16437,0.001961,74.125.24.0-255,4320,78505,7,234925
16438,0.001963,172.31.36.0-255,66,78571,7,234925
16439,0.001984,74.125.24.0-255,1484,80055,7,234925
16440,0.002012,172.31.36.0-255,66,80121,7,234925
16441,0.002018,74.125.24.0-255,4320,84441,7,234925
16442,0.002019,172.31.36.0-255,66,84507,7,234925
16443,0.00206,74.125.24.0-255,4320,88827,7,234925
16444,0.002063,172.31.36.0-255,66,88893,7,234925
16445,0.002086,74.125.24.0-255,2184,91077,7,234925
16446,0.002088,172.31.36.0-255,66,91143,7,234925
16447,0.002196,74.125.24.0-255,1484,92627,7,234925
16448,0.002201,74.125.24.0-255,2902,95529,7,234925
16449,0.002205,172.31.36.0-255,66,95595,7,234925
16450,0.002212,74.125.24.0-255,5738,101333,7,234925
16451,0.002214,172.31.36.0-255,66,101399,7,234925
16452,0.002249,172.31.36.0-255,66,101465,7,234925
16453,0.00228,172.31.36.0-255,66,101531,7,234925
16454,0.002291,172.31.36.0-255,66,101597,7,234925
16455,0.00231,74.125.24.0-255,1484,103081,7,234925
16456,0.002318,74.125.24.0-255,7156,110237,7,234925
16457,0.002321,172.31.36.0-255,66,110303,7,234925
16458,0.002358,172.31.36.0-255,66,110369,7,234925
16459,0.002363,74.125.24.0-255,5020,115389,7,234925
16460,0.002365,172.31.36.0-255,66,115455,7,234925
16461,0.00466,74.125.24.0-255,4320,119775,7,234925
16462,0.004663,172.31.36.0-255,66,119841,7,234925
16463,0.004691,74.125.24.0-255,1484,121325,7,234925
16464,0.006956,74.125.24.0-255,4320,125645,7,234925
16465,0.006962,172.31.36.0-255,66,125711,7,234925
16466,0.009251,74.125.24.0-255,5738,131449,7,234925
16467,0.009258,172.31.36.0-255,66,131515,7,234925
16468,0.011555,74.125.24.0-255,5738,137253,7,234925
16469,0.01156,172.31.36.0-255,66,137319,7,234925
16470,0.013896,74.125.24.0-255,5738,143057,7,234925
16471,0.013919,172.31.36.0-255,66,143123,7,234925
16472,0.016232,74.125.24.0-255,5738,148861,7,234925
16473,0.016251,172.31.36.0-255,66,148927,7,234925
16474,0.018563,74.125.24.0-255,5738,154665,7,234925
16475,0.018575,172.31.36.0-255,105,154770,7,234925
16476,0.01858,172.31.36.0-255,66,154836,7,234925
16477,0.02008,157.240.13.0-255,105,154941,7,234925
16478,0.020099,172.31.36.0-255,66,155007,7,234925
16479,0.020886,74.125.24.0-255,5738,160745,7,234925
16480,0.020895,172.31.36.0-255,66,160811,7,234925
16481,0.023206,74.125.24.0-255,5738,166549,7,234925
16482,0.02322,172.31.36.0-255,66,166615,7,234925
16483,0.025526,74.125.24.0-255,5738,172353,7,234925
16484,0.025535,172.31.36.0-255,66,172419,7,234925
16485,0.027847,74.125.24.0-255,5738,178157,7,234925
16486,0.027857,172.31.36.0-255,66,178223,7,234925
16487,0.030173,74.125.24.0-255,5738,183961,7,234925
16488,0.030181,172.31.36.0-255,66,184027,7,234925
16489,0.032519,74.125.24.0-255,5738,189765,7,234925
16490,0.032526,172.31.36.0-255,66,189831,7,234925
16491,0.034833,74.125.24.0-255,5738,195569,7,234925
16492,0.034843,172.31.36.0-255,66,195635,7,234925
16493,0.037158,74.125.24.0-255,5738,201373,7,234925
16494,0.037168,172.31.36.0-255,66,201439,7,234925
16495,0.039496,74.125.24.0-255,5738,207177,7,234925
16496,0.039502,172.31.36.0-255,66,207243,7,234925
16497,0.041774,172.31.36.0-255,172,207415,7,234925
16498,0.041808,74.125.24.0-255,5738,213153,7,234925
16499,0.041817,172.31.36.0-255,66,213219,7,234925
16500,0.041823,172.31.36.0-255,1114,214333,7,234925
16501,0.041916,172.31.36.0-255,1514,215847,7,234925
16502,0.041918,172.31.36.0-255,1294,217141,7,234925
16503,0.043261,104.244.42.0-255,66,217207,7,234925
16504,0.043309,104.244.42.0-255,66,217273,7,234925
16505,0.043413,104.244.42.0-255,66,217339,7,234925
16506,0.043969,104.244.42.0-255,108,217447,7,234925
16507,0.043975,172.31.36.0-255,66,217513,7,234925
16508,0.0441,74.125.24.0-255,5738,223251,7,234925
16509,0.04412,172.31.36.0-255,66,223317,7,234925
16510,0.046409,74.125.24.0-255,5738,229055,7,234925
16511,0.046415,172.31.36.0-255,66,229121,7,234925
16512,0.048691,74.125.24.0-255,5738,234859,7,234925
16513,0.048696,172.31.36.0-255,66,234925,7,234925
16514,0.0,74.125.68.0-255,153,153,7,219511
16515,2.7e-05,172.31.36.0-255,66,219,7,219511
16516,3.4e-05,74.125.68.0-255,1484,1703,7,219511
16517,3.9e-05,172.31.36.0-255,66,1769,7,219511
16518,4.4e-05,74.125.68.0-255,2902,4671,7,219511
16519,4.7e-05,172.31.36.0-255,66,4737,7,219511
16520,5.3e-05,74.125.68.0-255,5738,10475,7,219511
16521,5.6e-05,172.31.36.0-255,66,10541,7,219511
16522,8.2e-05,74.125.68.0-255,3466,14007,7,219511
16523,8.4e-05,172.31.36.0-255,66,14073,7,219511
16524,0.000151,74.125.68.0-255,1484,15557,7,219511
16525,0.000157,172.31.36.0-255,66,15623,7,219511
16526,0.000162,74.125.68.0-255,2902,18525,7,219511
16527,0.000165,172.31.36.0-255,66,18591,7,219511
16528,0.000171,74.125.68.0-255,5738,24329,7,219511
16529,0.000173,172.31.36.0-255,66,24395,7,219511
16530,0.000197,74.125.68.0-255,2902,27297,7,219511
16531,0.000199,172.31.36.0-255,66,27363,7,219511
16532,0.000218,74.125.68.0-255,3961,31324,7,219511
16533,0.000221,172.31.36.0-255,66,31390,7,219511
16534,0.000398,74.125.68.0-255,1484,32874,7,219511
16535,0.000404,172.31.36.0-255,66,32940,7,219511
16536,0.000415,74.125.68.0-255,2902,35842,7,219511
16537,0.000418,172.31.36.0-255,66,35908,7,219511
16538,0.000421,74.125.68.0-255,1484,37392,7,219511
16539,0.000423,172.31.36.0-255,66,37458,7,219511
16540,0.000428,74.125.68.0-255,2902,40360,7,219511
16541,0.000431,172.31.36.0-255,66,40426,7,219511
16542,0.000485,74.125.68.0-255,5738,46164,7,219511
16543,0.000489,172.31.36.0-255,66,46230,7,219511
16544,0.000496,74.125.68.0-255,5379,51609,7,219511
16545,0.000499,172.31.36.0-255,66,51675,7,219511
16546,0.000501,74.125.68.0-255,5738,57413,7,219511
16547,0.000504,172.31.36.0-255,66,57479,7,219511
16548,0.000535,172.31.36.0-255,66,57545,7,219511
16549,0.000538,74.125.68.0-255,127,57672,7,219511
16550,0.000667,74.125.68.0-255,1484,59156,7,219511
16551,0.00067,172.31.36.0-255,66,59222,7,219511
16552,0.000687,74.125.68.0-255,2902,62124,7,219511
16553,0.00069,172.31.36.0-255,66,62190,7,219511
16554,0.00071,74.125.68.0-255,5738,67928,7,219511
16555,0.000714,172.31.36.0-255,66,67994,7,219511
16556,0.000729,74.125.68.0-255,5738,73732,7,219511
16557,0.000732,172.31.36.0-255,66,73798,7,219511
16558,0.000753,74.125.68.0-255,1125,74923,7,219511
16559,0.000774,74.125.68.0-255,2902,77825,7,219511
16560,0.000777,172.31.36.0-255,66,77891,7,219511
16561,0.000799,74.125.68.0-255,4320,82211,7,219511
16562,0.000802,172.31.36.0-255,66,82277,7,219511
16563,0.000806,74.125.68.0-255,1484,83761,7,219511
16564,0.000825,74.125.68.0-255,7156,90917,7,219511
16565,0.000828,172.31.36.0-255,66,90983,7,219511
16566,0.000831,74.125.68.0-255,1125,92108,7,219511
16567,0.000852,74.125.68.0-255,351,92459,7,219511
16568,0.001101,172.31.36.0-255,66,92525,7,219511
16569,0.00547,74.125.68.0-255,1484,94009,7,219511
16570,0.005488,74.125.68.0-255,1484,95493,7,219511
16571,0.005492,172.31.36.0-255,66,95559,7,219511
16572,0.005498,74.125.68.0-255,2902,98461,7,219511
16573,0.005499,172.31.36.0-255,66,98527,7,219511
16574,0.007722,74.125.68.0-255,2902,101429,7,219511
16575,0.00773,172.31.36.0-255,66,101495,7,219511
16576,0.00775,74.125.68.0-255,2902,104397,7,219511
16577,0.007753,172.31.36.0-255,66,104463,7,219511
16578,0.009961,74.125.68.0-255,2902,107365,7,219511
16579,0.009968,172.31.36.0-255,66,107431,7,219511
16580,0.009989,74.125.68.0-255,2902,110333,7,219511
16581,0.009992,172.31.36.0-255,66,110399,7,219511
16582,0.012202,74.125.68.0-255,2902,113301,7,219511
16583,0.012209,172.31.36.0-255,66,113367,7,219511
16584,0.012229,74.125.68.0-255,2902,116269,7,219511
16585,0.012233,172.31.36.0-255,66,116335,7,219511
16586,0.014493,74.125.68.0-255,5738,122073,7,219511
16587,0.014502,172.31.36.0-255,66,122139,7,219511
16588,0.016753,74.125.68.0-255,5738,127877,7,219511
16589,0.016761,172.31.36.0-255,66,127943,7,219511
16590,0.019021,74.125.68.0-255,5738,133681,7,219511
16591,0.019027,172.31.36.0-255,66,133747,7,219511
16592,0.021269,74.125.68.0-255,5738,139485,7,219511
16593,0.021276,172.31.36.0-255,66,139551,7,219511
16594,0.023518,74.125.68.0-255,5738,145289,7,219511
16595,0.023526,172.31.36.0-255,66,145355,7,219511
16596,0.025781,74.125.68.0-255,5738,151093,7,219511
16597,0.025791,172.31.36.0-255,66,151159,7,219511
16598,0.028044,74.125.68.0-255,5738,156897,7,219511
16599,0.028051,172.31.36.0-255,66,156963,7,219511
16600,0.028803,172.31.36.0-255,172,157135,7,219511
16601,0.028847,172.31.36.0-255,1113,158248,7,219511
16602,0.028948,172.31.36.0-255,1514,159762,7,219511
16603,0.028951,172.31.36.0-255,1514,161276,7,219511
16604,0.028954,172.31.36.0-255,1514,162790,7,219511
16605,0.028961,172.31.36.0-255,1514,164304,7,219511
16606,0.028962,172.31.36.0-255,1514,165818,7,219511
16607,0.028963,172.31.36.0-255,71,165889,7,219511
16608,0.030293,74.125.68.0-255,2902,168791,7,219511
16609,0.030299,172.31.36.0-255,66,168857,7,219511
16610,0.030342,104.244.42.0-255,66,168923,7,219511
16611,0.030349,74.125.68.0-255,2902,171825,7,219511
16612,0.030352,172.31.36.0-255,66,171891,7,219511
16613,0.030433,104.244.42.0-255,66,171957,7,219511
16614,0.030507,104.244.42.0-255,66,172023,7,219511
16615,0.032519,74.125.68.0-255,2902,174925,7,219511
16616,0.032524,172.31.36.0-255,66,174991,7,219511
16617,0.032569,74.125.68.0-255,2902,177893,7,219511
16618,0.032572,172.31.36.0-255,66,177959,7,219511
16619,0.03475,74.125.68.0-255,2902,180861,7,219511
16620,0.034755,172.31.36.0-255,66,180927,7,219511
16621,0.034788,74.125.68.0-255,2902,183829,7,219511
16622,0.034791,172.31.36.0-255,66,183895,7,219511
16623,0.036992,74.125.68.0-255,2902,186797,7,219511
16624,0.036997,172.31.36.0-255,66,186863,7,219511
16625,0.037033,74.125.68.0-255,2902,189765,7,219511
16626,0.037036,172.31.36.0-255,66,189831,7,219511
16627,0.039239,74.125.68.0-255,2902,192733,7,219511
16628,0.039245,172.31.36.0-255,66,192799,7,219511
16629,0.039272,74.125.68.0-255,2902,195701,7,219511
16630,0.039274,172.31.36.0-255,66,195767,7,219511
16631,0.04147,74.125.68.0-255,2902,198669,7,219511
16632,0.041476,172.31.36.0-255,66,198735,7,219511
16633,0.041507,74.125.68.0-255,2902,201637,7,219511
16634,0.041511,172.31.36.0-255,66,201703,7,219511
16635,0.043723,74.125.68.0-255,2902,204605,7,219511
16636,0.043728,172.31.36.0-255,66,204671,7,219511
16637,0.043763,74.125.68.0-255,2902,207573,7,219511
16638,0.043766,172.31.36.0-255,66,207639,7,219511
16639,0.045952,74.125.68.0-255,2902,210541,7,219511
16640,0.045972,172.31.36.0-255,66,210607,7,219511
16641,0.045992,74.125.68.0-255,2902,213509,7,219511
16642,0.045996,172.31.36.0-255,66,213575,7,219511
16643,0.048192,74.125.68.0-255,2902,216477,7,219511
16644,0.048198,172.31.36.0-255,66,216543,7,219511
16645,0.048224,74.125.68.0-255,2902,219445,7,219511
16646,0.048226,172.31.36.0-255,66,219511,7,219511
16647,0.0,74.125.24.0-255,147,147,7,283813
16648,1.7e-05,172.31.36.0-255,66,213,7,283813
16649,2.3e-05,74.125.24.0-255,1484,1697,7,283813
16650,2.8e-05,172.31.36.0-255,66,1763,7,283813
16651,3.3e-05,74.125.24.0-255,2902,4665,7,283813
16652,4.5e-05,172.31.36.0-255,66,4731,7,283813
16653,5.3e-05,74.125.24.0-255,7156,11887,7,283813
16654,5.7e-05,172.31.36.0-255,66,11953,7,283813
16655,6.1e-05,74.125.24.0-255,2080,14033,7,283813
16656,6.3e-05,172.31.36.0-255,66,14099,7,283813
16657,6.8e-05,74.125.24.0-255,1484,15583,7,283813
16658,7e-05,172.31.36.0-255,66,15649,7,283813
16659,0.000119,172.31.36.0-255,66,15715,7,283813
16660,0.000125,74.125.24.0-255,5379,21094,7,283813
16661,0.000128,172.31.36.0-255,66,21160,7,283813
16662,0.000162,74.125.24.0-255,1484,22644,7,283813
16663,0.000164,172.31.36.0-255,66,22710,7,283813
16664,0.00017,74.125.24.0-255,2902,25612,7,283813
16665,0.000172,172.31.36.0-255,66,25678,7,283813
16666,0.000184,74.125.24.0-255,5738,31416,7,283813
16667,0.000186,172.31.36.0-255,66,31482,7,283813
16668,0.000207,74.125.24.0-255,1484,32966,7,283813
16669,0.000209,172.31.36.0-255,66,33032,7,283813
16670,0.000253,172.31.36.0-255,66,33098,7,283813
16671,0.00031,74.125.24.0-255,4320,37418,7,283813
16672,0.000312,172.31.36.0-255,66,37484,7,283813
16673,0.000341,74.125.24.0-255,5655,43139,7,283813
16674,0.000343,172.31.36.0-255,66,43205,7,283813
16675,0.000346,74.125.24.0-255,379,43584,7,283813
16676,0.000348,172.31.36.0-255,66,43650,7,283813
16677,0.00038,74.125.24.0-255,1484,45134,7,283813
16678,0.000387,74.125.24.0-255,4320,49454,7,283813
16679,0.000389,172.31.36.0-255,66,49520,7,283813
16680,0.000392,74.125.24.0-255,1484,51004,7,283813
16681,0.000423,172.31.36.0-255,66,51070,7,283813
16682,0.000426,74.125.24.0-255,1125,52195,7,283813
16683,0.000532,74.125.24.0-255,1484,53679,7,283813
16684,0.000535,172.31.36.0-255,66,53745,7,283813
16685,0.000592,74.125.24.0-255,2902,56647,7,283813
16686,0.000595,172.31.36.0-255,66,56713,7,283813
16687,0.000602,74.125.24.0-255,5738,62451,7,283813
16688,0.000605,172.31.36.0-255,66,62517,7,283813
16689,0.000615,74.125.24.0-255,4320,66837,7,283813
16690,0.000617,172.31.36.0-255,66,66903,7,283813
16691,0.000659,74.125.24.0-255,6797,73700,7,283813
16692,0.000662,172.31.36.0-255,66,73766,7,283813
16693,0.000675,172.31.36.0-255,66,73832,7,283813
16694,0.000678,74.125.24.0-255,1484,75316,7,283813
16695,0.000698,74.125.24.0-255,2902,78218,7,283813
16696,0.0007,172.31.36.0-255,66,78284,7,283813
16697,0.000736,74.125.24.0-255,5738,84022,7,283813
16698,0.000739,172.31.36.0-255,66,84088,7,283813
16699,0.000751,172.31.36.0-255,66,84154,7,283813
16700,0.000794,74.125.24.0-255,7156,91310,7,283813
16701,0.000797,172.31.36.0-255,66,91376,7,283813
16702,0.000828,74.125.24.0-255,4320,95696,7,283813
16703,0.00083,172.31.36.0-255,66,95762,7,283813
16704,0.000848,172.31.36.0-255,66,95828,7,283813
16705,0.000851,74.125.24.0-255,1125,96953,7,283813
16706,0.000913,74.125.24.0-255,1484,98437,7,283813
16707,0.000916,172.31.36.0-255,66,98503,7,283813
16708,0.000939,74.125.24.0-255,2902,101405,7,283813
16709,0.000942,172.31.36.0-255,66,101471,7,283813
16710,0.000945,74.125.24.0-255,1484,102955,7,283813
16711,0.000974,74.125.24.0-255,4320,107275,7,283813
16712,0.000977,172.31.36.0-255,66,107341,7,283813
16713,0.000983,74.125.24.0-255,4320,111661,7,283813
16714,0.000986,172.31.36.0-255,66,111727,7,283813
16715,0.001024,172.31.36.0-255,66,111793,7,283813
16716,0.001027,74.125.24.0-255,1484,113277,7,283813
16717,0.001032,74.125.24.0-255,2902,116179,7,283813
16718,0.001035,172.31.36.0-255,66,116245,7,283813
16719,0.001039,74.125.24.0-255,2902,119147,7,283813
16720,0.001042,172.31.36.0-255,66,119213,7,283813
16721,0.001067,74.125.24.0-255,2902,122115,7,283813
16722,0.00107,172.31.36.0-255,66,122181,7,283813
16723,0.001073,74.125.24.0-255,766,122947,7,283813
16724,0.001115,74.125.24.0-255,1484,124431,7,283813
16725,0.001118,172.31.36.0-255,66,124497,7,283813
16726,0.001137,74.125.24.0-255,4320,128817,7,283813
16727,0.001141,172.31.36.0-255,66,128883,7,283813
16728,0.001168,74.125.24.0-255,7156,136039,7,283813
16729,0.001172,172.31.36.0-255,66,136105,7,283813
16730,0.001176,74.125.24.0-255,2902,139007,7,283813
16731,0.001178,172.31.36.0-255,66,139073,7,283813
16732,0.001226,172.31.36.0-255,66,139139,7,283813
16733,0.001262,172.31.36.0-255,66,139205,7,283813
16734,0.001324,172.31.36.0-255,66,139271,7,283813
16735,0.001327,172.31.36.0-255,66,139337,7,283813
16736,0.001344,74.125.24.0-255,2184,141521,7,283813
16737,0.001348,172.31.36.0-255,66,141587,7,283813
16738,0.003319,74.125.24.0-255,4320,145907,7,283813
16739,0.003326,172.31.36.0-255,66,145973,7,283813
16740,0.003359,74.125.24.0-255,1484,147457,7,283813
16741,0.005277,74.125.24.0-255,4320,151777,7,283813
16742,0.005285,172.31.36.0-255,66,151843,7,283813
16743,0.007249,74.125.24.0-255,5738,157581,7,283813
16744,0.007256,172.31.36.0-255,66,157647,7,283813
16745,0.009227,74.125.24.0-255,5738,163385,7,283813
16746,0.00923,172.31.36.0-255,66,163451,7,283813
16747,0.011201,74.125.24.0-255,5738,169189,7,283813
16748,0.011209,172.31.36.0-255,66,169255,7,283813
16749,0.013176,74.125.24.0-255,5738,174993,7,283813
16750,0.013185,172.31.36.0-255,66,175059,7,283813
16751,0.015174,74.125.24.0-255,5738,180797,7,283813
16752,0.015183,172.31.36.0-255,66,180863,7,283813
16753,0.017165,74.125.24.0-255,5738,186601,7,283813
16754,0.017172,172.31.36.0-255,66,186667,7,283813
16755,0.019138,74.125.24.0-255,5738,192405,7,283813
16756,0.019144,172.31.36.0-255,66,192471,7,283813
16757,0.021114,74.125.24.0-255,5738,198209,7,283813
16758,0.021122,172.31.36.0-255,66,198275,7,283813
16759,0.023124,74.125.24.0-255,5738,204013,7,283813
16760,0.023132,172.31.36.0-255,66,204079,7,283813
16761,0.025107,74.125.24.0-255,5738,209817,7,283813
16762,0.025115,172.31.36.0-255,66,209883,7,283813
16763,0.027116,74.125.24.0-255,5738,215621,7,283813
16764,0.027123,172.31.36.0-255,66,215687,7,283813
16765,0.028408,172.31.36.0-255,164,215851,7,283813
16766,0.028442,172.31.36.0-255,1121,216972,7,283813
16767,0.028496,172.31.36.0-255,1514,218486,7,283813
16768,0.028498,172.31.36.0-255,1285,219771,7,283813
16769,0.029115,74.125.24.0-255,5738,225509,7,283813
16770,0.029121,172.31.36.0-255,66,225575,7,283813
16771,0.029953,104.244.42.0-255,66,225641,7,283813
16772,0.029994,104.244.42.0-255,66,225707,7,283813
16773,0.030044,104.244.42.0-255,66,225773,7,283813
16774,0.031087,74.125.24.0-255,5738,231511,7,283813
16775,0.031093,172.31.36.0-255,66,231577,7,283813
16776,0.033087,74.125.24.0-255,5738,237315,7,283813
16777,0.033094,172.31.36.0-255,66,237381,7,283813
16778,0.035076,74.125.24.0-255,5738,243119,7,283813
16779,0.035087,172.31.36.0-255,66,243185,7,283813
16780,0.037063,74.125.24.0-255,5738,248923,7,283813
16781,0.03707,172.31.36.0-255,66,248989,7,283813
16782,0.039044,74.125.24.0-255,5738,254727,7,283813
16783,0.039052,172.31.36.0-255,66,254793,7,283813
16784,0.04101,74.125.24.0-255,5738,260531,7,283813
16785,0.041016,172.31.36.0-255,66,260597,7,283813
16786,0.04299,74.125.24.0-255,5738,266335,7,283813
16787,0.042998,172.31.36.0-255,66,266401,7,283813
16788,0.045001,74.125.24.0-255,5738,272139,7,283813
16789,0.045007,172.31.36.0-255,66,272205,7,283813
16790,0.046982,74.125.24.0-255,5738,277943,7,283813
16791,0.046987,172.31.36.0-255,66,278009,7,283813
16792,0.048954,74.125.24.0-255,5738,283747,7,283813
16793,0.048962,172.31.36.0-255,66,283813,7,283813
16794,0.0,172.217.194.0-255,157,157,7,233642
16795,2.6e-05,172.31.36.0-255,66,223,7,233642
16796,5.7e-05,172.217.194.0-255,1484,1707,7,233642
16797,6.2e-05,172.31.36.0-255,66,1773,7,233642
16798,6.7e-05,172.217.194.0-255,2902,4675,7,233642
16799,7e-05,172.31.36.0-255,66,4741,7,233642
16800,8.4e-05,172.217.194.0-255,7156,11897,7,233642
16801,8.7e-05,172.31.36.0-255,66,11963,7,233642
16802,9.4e-05,172.217.194.0-255,4830,16793,7,233642
16803,9.6e-05,172.31.36.0-255,66,16859,7,233642
16804,0.000102,172.217.194.0-255,5738,22597,7,233642
16805,0.000105,172.31.36.0-255,66,22663,7,233642
16806,0.000146,172.31.36.0-255,66,22729,7,233642
16807,0.000227,172.217.194.0-255,1484,24213,7,233642
16808,0.000231,172.31.36.0-255,66,24279,7,233642
16809,0.000236,172.217.194.0-255,2902,27181,7,233642
16810,0.000239,172.31.36.0-255,66,27247,7,233642
16811,0.000267,172.217.194.0-255,5738,32985,7,233642
16812,0.000272,172.31.36.0-255,66,33051,7,233642
16813,0.000305,172.217.194.0-255,6797,39848,7,233642
16814,0.000309,172.31.36.0-255,66,39914,7,233642
16815,0.002479,172.217.194.0-255,1484,41398,7,233642
16816,0.002485,172.31.36.0-255,66,41464,7,233642
16817,0.002511,172.217.194.0-255,2902,44366,7,233642
16818,0.002514,172.31.36.0-255,66,44432,7,233642
16819,0.002519,172.217.194.0-255,2902,47334,7,233642
16820,0.002521,172.31.36.0-255,66,47400,7,233642
16821,0.002528,172.217.194.0-255,5738,53138,7,233642
16822,0.002529,172.31.36.0-255,66,53204,7,233642
16823,0.002553,172.217.194.0-255,1484,54688,7,233642
16824,0.002556,172.31.36.0-255,66,54754,7,233642
16825,0.002566,172.217.194.0-255,2543,57297,7,233642
16826,0.002568,172.31.36.0-255,66,57363,7,233642
16827,0.002573,172.217.194.0-255,2902,60265,7,233642
16828,0.002575,172.31.36.0-255,66,60331,7,233642
16829,0.002611,172.217.194.0-255,7156,67487,7,233642
16830,0.002615,172.31.36.0-255,66,67553,7,233642
16831,0.002622,172.217.194.0-255,6797,74350,7,233642
16832,0.002624,172.31.36.0-255,66,74416,7,233642
16833,0.002662,172.217.194.0-255,1484,75900,7,233642
16834,0.002668,172.217.194.0-255,2902,78802,7,233642
16835,0.002671,172.31.36.0-255,66,78868,7,233642
16836,0.002704,172.217.194.0-255,5738,84606,7,233642
16837,0.002707,172.31.36.0-255,66,84672,7,233642
16838,0.002715,172.217.194.0-255,6797,91469,7,233642
16839,0.002718,172.31.36.0-255,66,91535,7,233642
16840,0.002756,172.31.36.0-255,66,91601,7,233642
16841,0.002787,172.217.194.0-255,5738,97339,7,233642
16842,0.002791,172.31.36.0-255,66,97405,7,233642
16843,0.002796,172.217.194.0-255,2428,99833,7,233642
16844,0.0028,172.31.36.0-255,66,99899,7,233642
16845,0.002831,172.217.194.0-255,1484,101383,7,233642
16846,0.002883,172.31.36.0-255,66,101449,7,233642
16847,0.00301,172.217.194.0-255,1484,102933,7,233642
16848,0.003017,172.217.194.0-255,2902,105835,7,233642
16849,0.00302,172.31.36.0-255,66,105901,7,233642
16850,0.003043,172.217.194.0-255,5738,111639,7,233642
16851,0.003046,172.31.36.0-255,66,111705,7,233642
16852,0.003085,172.31.36.0-255,66,111771,7,233642
16853,0.003125,172.217.194.0-255,7156,118927,7,233642
16854,0.003128,172.31.36.0-255,66,118993,7,233642
16855,0.003163,172.31.36.0-255,66,119059,7,233642
16856,0.003167,172.217.194.0-255,1484,120543,7,233642
16857,0.003172,172.217.194.0-255,2902,123445,7,233642
16858,0.003174,172.31.36.0-255,66,123511,7,233642
16859,0.003201,172.217.194.0-255,5738,129249,7,233642
16860,0.003204,172.31.36.0-255,66,129315,7,233642
16861,0.003223,172.217.194.0-255,5738,135053,7,233642
16862,0.003232,172.31.36.0-255,66,135119,7,233642
16863,0.003261,172.217.194.0-255,7156,142275,7,233642
16864,0.003264,172.31.36.0-255,66,142341,7,233642
16865,0.003314,172.31.36.0-255,66,142407,7,233642
16866,0.003321,172.217.194.0-255,7156,149563,7,233642
16867,0.003323,172.31.36.0-255,66,149629,7,233642
16868,0.003359,172.217.194.0-255,4320,153949,7,233642
16869,0.003362,172.31.36.0-255,66,154015,7,233642
16870,0.00338,172.31.36.0-255,66,154081,7,233642
16871,0.00341,172.31.36.0-255,66,154147,7,233642
16872,0.003441,172.217.194.0-255,3602,157749,7,233642
16873,0.003444,172.31.36.0-255,66,157815,7,233642
16874,0.003464,172.31.36.0-255,66,157881,7,233642
16875,0.003476,172.31.36.0-255,66,157947,7,233642
16876,0.003488,172.31.36.0-255,66,158013,7,233642
16877,0.003502,172.31.36.0-255,66,158079,7,233642
16878,0.003558,172.217.194.0-255,1484,159563,7,233642
16879,0.003563,172.217.194.0-255,2902,162465,7,233642
16880,0.003566,172.31.36.0-255,66,162531,7,233642
16881,0.003573,172.217.194.0-255,5738,168269,7,233642
16882,0.003575,172.31.36.0-255,66,168335,7,233642
16883,0.003578,172.217.194.0-255,1484,169819,7,233642
16884,0.00361,172.217.194.0-255,2902,172721,7,233642
16885,0.003614,172.31.36.0-255,66,172787,7,233642
16886,0.003632,172.31.36.0-255,66,172853,7,233642
16887,0.003635,172.217.194.0-255,1484,174337,7,233642
16888,0.003665,172.217.194.0-255,6438,180775,7,233642
16889,0.003669,172.31.36.0-255,66,180841,7,233642
16890,0.003756,172.217.194.0-255,1484,182325,7,233642
16891,0.003774,172.217.194.0-255,2902,185227,7,233642
16892,0.003777,172.31.36.0-255,66,185293,7,233642
16893,0.003783,172.217.194.0-255,4320,189613,7,233642
16894,0.003786,172.31.36.0-255,66,189679,7,233642
16895,0.003808,172.217.194.0-255,1484,191163,7,233642
16896,0.003813,172.217.194.0-255,2902,194065,7,233642
16897,0.003816,172.31.36.0-255,66,194131,7,233642
16898,0.003821,172.217.194.0-255,4320,198451,7,233642
16899,0.003825,172.31.36.0-255,66,198517,7,233642
16900,0.003829,172.217.194.0-255,2902,201419,7,233642
16901,0.003833,172.31.36.0-255,66,201485,7,233642
16902,0.003869,172.217.194.0-255,5738,207223,7,233642
16903,0.003878,172.31.36.0-255,66,207289,7,233642
16904,0.003889,172.31.36.0-255,66,207355,7,233642
16905,0.004364,172.217.194.0-255,1484,208839,7,233642
16906,0.004371,172.217.194.0-255,2902,211741,7,233642
16907,0.004374,172.31.36.0-255,66,211807,7,233642
16908,0.004405,172.217.194.0-255,5738,217545,7,233642
16909,0.004409,172.31.36.0-255,66,217611,7,233642
16910,0.004415,172.217.194.0-255,7156,224767,7,233642
16911,0.004417,172.31.36.0-255,66,224833,7,233642
16912,0.004454,172.31.36.0-255,66,224899,7,233642
16913,0.004485,172.217.194.0-255,1484,226383,7,233642
16914,0.004501,172.31.36.0-255,66,226449,7,233642
16915,0.004506,172.217.194.0-255,2480,228929,7,233642
16916,0.004508,172.31.36.0-255,66,228995,7,233642
16917,0.004537,172.217.194.0-255,105,229100,7,233642
16918,0.005493,172.31.36.0-255,66,229166,7,233642
16919,0.00552,172.31.36.0-255,105,229271,7,233642
16920,0.007541,172.217.194.0-255,66,229337,7,233642
16921,0.027272,172.31.36.0-255,187,229524,7,233642
16922,0.027305,172.31.36.0-255,982,230506,7,233642
16923,0.027356,172.31.36.0-255,1514,232020,7,233642
16924,0.027358,172.31.36.0-255,1424,233444,7,233642
16925,0.028831,104.244.42.0-255,66,233510,7,233642
16926,0.028861,104.244.42.0-255,66,233576,7,233642
16927,0.02891,104.244.42.0-255,66,233642,7,233642
16928,0.0,31.13.82.0-255,105,105,7,171
16929,1.9e-05,172.31.36.0-255,66,171,7,171
16930,0.0,172.217.194.0-255,153,153,7,223707
16931,3.8e-05,172.31.36.0-255,66,219,7,223707
16932,4.6e-05,172.217.194.0-255,1484,1703,7,223707
16933,5e-05,172.31.36.0-255,66,1769,7,223707
16934,5.6e-05,172.217.194.0-255,2902,4671,7,223707
16935,5.8e-05,172.31.36.0-255,66,4737,7,223707
16936,6.5e-05,172.217.194.0-255,7156,11893,7,223707
16937,6.8e-05,172.31.36.0-255,66,11959,7,223707
16938,8.4e-05,172.31.36.0-255,66,12025,7,223707
16939,8.8e-05,172.217.194.0-255,2543,14568,7,223707
16940,9e-05,172.31.36.0-255,66,14634,7,223707
16941,0.000112,172.217.194.0-255,1484,16118,7,223707
16942,0.000114,172.31.36.0-255,66,16184,7,223707
16943,0.000137,172.217.194.0-255,2902,19086,7,223707
16944,0.000139,172.31.36.0-255,66,19152,7,223707
16945,0.000145,172.217.194.0-255,5738,24890,7,223707
16946,0.000148,172.31.36.0-255,66,24956,7,223707
16947,0.000169,172.217.194.0-255,4320,29276,7,223707
16948,0.000172,172.31.36.0-255,66,29342,7,223707
16949,0.000189,172.217.194.0-255,2543,31885,7,223707
16950,0.000194,172.31.36.0-255,66,31951,7,223707
16951,0.000331,172.217.194.0-255,1484,33435,7,223707
16952,0.000336,172.31.36.0-255,66,33501,7,223707
16953,0.000343,172.217.194.0-255,2902,36403,7,223707
16954,0.000345,172.31.36.0-255,66,36469,7,223707
16955,0.000351,172.217.194.0-255,5738,42207,7,223707
16956,0.000354,172.31.36.0-255,66,42273,7,223707
16957,0.000402,172.31.36.0-255,66,42339,7,223707
16958,0.000422,172.217.194.0-255,4320,46659,7,223707
16959,0.000425,172.31.36.0-255,66,46725,7,223707
16960,0.000442,172.217.194.0-255,4320,51045,7,223707
16961,0.000448,172.31.36.0-255,66,51111,7,223707
16962,0.000479,172.217.194.0-255,4320,55431,7,223707
16963,0.000481,172.31.36.0-255,66,55497,7,223707
16964,0.000512,172.217.194.0-255,3961,59458,7,223707
16965,0.000515,172.31.36.0-255,66,59524,7,223707
16966,0.000526,172.31.36.0-255,66,59590,7,223707
16967,0.000538,172.31.36.0-255,66,59656,7,223707
16968,0.001105,172.217.194.0-255,1484,61140,7,223707
16969,0.001113,172.217.194.0-255,2902,64042,7,223707
16970,0.001116,172.31.36.0-255,66,64108,7,223707
16971,0.001135,172.217.194.0-255,4320,68428,7,223707
16972,0.001138,172.31.36.0-255,66,68494,7,223707
16973,0.001171,172.31.36.0-255,66,68560,7,223707
16974,0.001205,172.31.36.0-255,66,68626,7,223707
16975,0.001222,172.217.194.0-255,766,69392,7,223707
16976,0.001237,172.217.194.0-255,1484,70876,7,223707
16977,0.001241,172.31.36.0-255,66,70942,7,223707
16978,0.001254,172.217.194.0-255,4320,75262,7,223707
16979,0.001257,172.31.36.0-255,66,75328,7,223707
16980,0.001294,172.31.36.0-255,66,75394,7,223707
16981,0.0013,172.217.194.0-255,5738,81132,7,223707
16982,0.001302,172.31.36.0-255,66,81198,7,223707
16983,0.001357,172.217.194.0-255,2902,84100,7,223707
16984,0.001361,172.31.36.0-255,66,84166,7,223707
16985,0.001397,172.31.36.0-255,66,84232,7,223707
16986,0.001466,172.217.194.0-255,1484,85716,7,223707
16987,0.001481,172.217.194.0-255,2902,88618,7,223707
16988,0.001484,172.31.36.0-255,66,88684,7,223707
16989,0.001502,172.217.194.0-255,5738,94422,7,223707
16990,0.001505,172.31.36.0-255,66,94488,7,223707
16991,0.00153,172.217.194.0-255,2902,97390,7,223707
16992,0.001532,172.31.36.0-255,66,97456,7,223707
16993,0.001562,172.31.36.0-255,66,97522,7,223707
16994,0.00157,172.217.194.0-255,7156,104678,7,223707
16995,0.001572,172.31.36.0-255,66,104744,7,223707
16996,0.001596,172.217.194.0-255,3602,108346,7,223707
16997,0.001598,172.31.36.0-255,66,108412,7,223707
16998,0.001657,172.217.194.0-255,1484,109896,7,223707
16999,0.00166,172.217.194.0-255,1484,111380,7,223707
17000,0.001664,172.31.36.0-255,66,111446,7,223707
17001,0.001686,172.217.194.0-255,1484,112930,7,223707
17002,0.001693,172.217.194.0-255,5738,118668,7,223707
17003,0.001695,172.31.36.0-255,66,118734,7,223707
17004,0.001706,172.31.36.0-255,66,118800,7,223707
17005,0.001746,172.217.194.0-255,4320,123120,7,223707
17006,0.001749,172.31.36.0-255,66,123186,7,223707
17007,0.00178,172.31.36.0-255,66,123252,7,223707
17008,0.001795,172.31.36.0-255,66,123318,7,223707
17009,0.001852,172.31.36.0-255,66,123384,7,223707
17010,0.001872,172.217.194.0-255,2902,126286,7,223707
17011,0.001875,172.31.36.0-255,66,126352,7,223707
17012,0.001882,172.217.194.0-255,6438,132790,7,223707
17013,0.001884,172.31.36.0-255,66,132856,7,223707
17014,0.001899,172.217.194.0-255,1484,134340,7,223707
17015,0.001912,172.217.194.0-255,2902,137242,7,223707
17016,0.001914,172.31.36.0-255,66,137308,7,223707
17017,0.001937,172.217.194.0-255,5738,143046,7,223707
17018,0.00194,172.31.36.0-255,66,143112,7,223707
17019,0.001944,172.217.194.0-255,1484,144596,7,223707
17020,0.001971,172.31.36.0-255,66,144662,7,223707
17021,0.002001,172.217.194.0-255,7156,151818,7,223707
17022,0.002005,172.31.36.0-255,66,151884,7,223707
17023,0.002014,172.217.194.0-255,3602,155486,7,223707
17024,0.002017,172.31.36.0-255,66,155552,7,223707
17025,0.00214,172.217.194.0-255,1484,157036,7,223707
17026,0.002145,172.217.194.0-255,2902,159938,7,223707
17027,0.002147,172.31.36.0-255,66,160004,7,223707
17028,0.002151,172.217.194.0-255,1484,161488,7,223707
17029,0.002166,172.217.194.0-255,4320,165808,7,223707
17030,0.002168,172.31.36.0-255,66,165874,7,223707
17031,0.002197,172.31.36.0-255,66,165940,7,223707
17032,0.00222,172.217.194.0-255,4320,170260,7,223707
17033,0.002223,172.31.36.0-255,66,170326,7,223707
17034,0.002234,172.31.36.0-255,66,170392,7,223707
17035,0.002264,172.31.36.0-255,66,170458,7,223707
17036,0.002276,172.31.36.0-255,66,170524,7,223707
17037,0.00229,172.217.194.0-255,4320,174844,7,223707
17038,0.002293,172.31.36.0-255,66,174910,7,223707
17039,0.002328,172.31.36.0-255,66,174976,7,223707
17040,0.002353,172.217.194.0-255,5738,180714,7,223707
17041,0.002356,172.31.36.0-255,66,180780,7,223707
17042,0.002373,172.217.194.0-255,1484,182264,7,223707
17043,0.002377,172.217.194.0-255,1484,183748,7,223707
17044,0.002379,172.31.36.0-255,66,183814,7,223707
17045,0.004742,172.217.194.0-255,5738,189552,7,223707
17046,0.004757,172.31.36.0-255,66,189618,7,223707
17047,0.007063,172.217.194.0-255,5738,195356,7,223707
17048,0.007066,172.31.36.0-255,66,195422,7,223707
17049,0.009377,172.217.194.0-255,5738,201160,7,223707
17050,0.009384,172.31.36.0-255,66,201226,7,223707
17051,0.011777,172.217.194.0-255,5738,206964,7,223707
17052,0.011793,172.31.36.0-255,66,207030,7,223707
17053,0.014134,172.217.194.0-255,5738,212768,7,223707
17054,0.014149,172.31.36.0-255,66,212834,7,223707
17055,0.016496,172.217.194.0-255,5738,218572,7,223707
17056,0.016512,172.31.36.0-255,66,218638,7,223707
17057,0.018849,172.217.194.0-255,368,219006,7,223707
17058,0.019191,172.31.36.0-255,66,219072,7,223707
17059,0.019222,172.31.36.0-255,105,219177,7,223707
17060,0.021492,172.217.194.0-255,66,219243,7,223707
17061,0.037627,172.31.36.0-255,172,219415,7,223707
17062,0.037659,172.31.36.0-255,1115,220530,7,223707
17063,0.037698,172.31.36.0-255,1514,222044,7,223707
17064,0.0377,172.31.36.0-255,1291,223335,7,223707
17065,0.039186,104.244.42.0-255,66,223401,7,223707
17066,0.039197,104.244.42.0-255,66,223467,7,223707
17067,0.039259,104.244.42.0-255,66,223533,7,223707
17068,0.039879,104.244.42.0-255,108,223641,7,223707
17069,0.039885,172.31.36.0-255,66,223707,7,223707
17070,0.0,172.31.36.0-255,66,66,7,66
17071,0.0,74.125.24.0-255,298,298,7,241328
17072,2.4e-05,172.31.36.0-255,66,364,7,241328
17073,3.2e-05,74.125.24.0-255,1484,1848,7,241328
17074,3.6e-05,172.31.36.0-255,66,1914,7,241328
17075,4.3e-05,74.125.24.0-255,4320,6234,7,241328
17076,5.6e-05,172.31.36.0-255,66,6300,7,241328
17077,6.9e-05,172.31.36.0-255,66,6366,7,241328
17078,8.1e-05,172.31.36.0-255,66,6432,7,241328
17079,8.6e-05,74.125.24.0-255,2902,9334,7,241328
17080,8.9e-05,172.31.36.0-255,66,9400,7,241328
17081,0.000119,74.125.24.0-255,2543,11943,7,241328
17082,0.000122,172.31.36.0-255,66,12009,7,241328
17083,0.000153,74.125.24.0-255,1484,13493,7,241328
17084,0.000156,172.31.36.0-255,66,13559,7,241328
17085,0.000176,74.125.24.0-255,2902,16461,7,241328
17086,0.000179,172.31.36.0-255,66,16527,7,241328
17087,0.000185,74.125.24.0-255,5738,22265,7,241328
17088,0.000187,172.31.36.0-255,66,22331,7,241328
17089,0.000247,74.125.24.0-255,7156,29487,7,241328
17090,0.000251,172.31.36.0-255,66,29553,7,241328
17091,0.000256,74.125.24.0-255,4320,33873,7,241328
17092,0.000258,172.31.36.0-255,66,33939,7,241328
17093,0.000302,172.31.36.0-255,66,34005,7,241328
17094,0.000306,74.125.24.0-255,2184,36189,7,241328
17095,0.000309,172.31.36.0-255,66,36255,7,241328
17096,0.000311,74.125.24.0-255,420,36675,7,241328
17097,0.000313,172.31.36.0-255,66,36741,7,241328
17098,0.000316,74.125.24.0-255,1484,38225,7,241328
17099,0.000318,172.31.36.0-255,66,38291,7,241328
17100,0.000341,74.125.24.0-255,4320,42611,7,241328
17101,0.000344,172.31.36.0-255,66,42677,7,241328
17102,0.000347,74.125.24.0-255,1484,44161,7,241328
17103,0.000374,74.125.24.0-255,4320,48481,7,241328
17104,0.00038,172.31.36.0-255,66,48547,7,241328
17105,0.00041,74.125.24.0-255,5087,53634,7,241328
17106,0.000413,172.31.36.0-255,66,53700,7,241328
17107,0.000482,74.125.24.0-255,1484,55184,7,241328
17108,0.000499,74.125.24.0-255,2902,58086,7,241328
17109,0.000503,172.31.36.0-255,66,58152,7,241328
17110,0.000509,74.125.24.0-255,4320,62472,7,241328
17111,0.000512,172.31.36.0-255,66,62538,7,241328
17112,0.000543,74.125.24.0-255,1484,64022,7,241328
17113,0.000557,172.31.36.0-255,66,64088,7,241328
17114,0.000563,74.125.24.0-255,5738,69826,7,241328
17115,0.000566,172.31.36.0-255,66,69892,7,241328
17116,0.000592,74.125.24.0-255,5020,74912,7,241328
17117,0.000594,172.31.36.0-255,66,74978,7,241328
17118,0.001276,74.125.24.0-255,1484,76462,7,241328
17119,0.001283,74.125.24.0-255,2902,79364,7,241328
17120,0.001287,172.31.36.0-255,66,79430,7,241328
17121,0.001321,74.125.24.0-255,5738,85168,7,241328
17122,0.001324,172.31.36.0-255,66,85234,7,241328
17123,0.001332,74.125.24.0-255,7156,92390,7,241328
17124,0.001334,172.31.36.0-255,66,92456,7,241328
17125,0.001349,74.125.24.0-255,4320,96776,7,241328
17126,0.001356,172.31.36.0-255,66,96842,7,241328
17127,0.001387,74.125.24.0-255,4320,101162,7,241328
17128,0.001389,172.31.36.0-255,66,101228,7,241328
17129,0.001429,172.31.36.0-255,66,101294,7,241328
17130,0.002113,74.125.24.0-255,1484,102778,7,241328
17131,0.002118,74.125.24.0-255,2902,105680,7,241328
17132,0.002122,172.31.36.0-255,66,105746,7,241328
17133,0.002128,74.125.24.0-255,2902,108648,7,241328
17134,0.00213,172.31.36.0-255,66,108714,7,241328
17135,0.002164,74.125.24.0-255,2902,111616,7,241328
17136,0.002166,172.31.36.0-255,66,111682,7,241328
17137,0.00218,172.31.36.0-255,66,111748,7,241328
17138,0.00219,172.31.36.0-255,66,111814,7,241328
17139,0.002204,74.125.24.0-255,2184,113998,7,241328
17140,0.002206,172.31.36.0-255,66,114064,7,241328
17141,0.004437,74.125.24.0-255,2902,116966,7,241328
17142,0.004445,172.31.36.0-255,66,117032,7,241328
17143,0.004472,74.125.24.0-255,1484,118516,7,241328
17144,0.004487,74.125.24.0-255,1484,120000,7,241328
17145,0.00449,172.31.36.0-255,66,120066,7,241328
17146,0.006703,74.125.24.0-255,2902,122968,7,241328
17147,0.006711,172.31.36.0-255,66,123034,7,241328
17148,0.00674,74.125.24.0-255,2902,125936,7,241328
17149,0.006743,172.31.36.0-255,66,126002,7,241328
17150,0.008952,74.125.24.0-255,2902,128904,7,241328
17151,0.008958,172.31.36.0-255,66,128970,7,241328
17152,0.008983,74.125.24.0-255,2902,131872,7,241328
17153,0.008985,172.31.36.0-255,66,131938,7,241328
17154,0.011205,74.125.24.0-255,2902,134840,7,241328
17155,0.011213,172.31.36.0-255,66,134906,7,241328
17156,0.011247,74.125.24.0-255,2902,137808,7,241328
17157,0.01125,172.31.36.0-255,66,137874,7,241328
17158,0.013471,74.125.24.0-255,2902,140776,7,241328
17159,0.013481,172.31.36.0-255,66,140842,7,241328
17160,0.01351,74.125.24.0-255,1484,142326,7,241328
17161,0.013527,74.125.24.0-255,1484,143810,7,241328
17162,0.01353,172.31.36.0-255,66,143876,7,241328
17163,0.01572,74.125.24.0-255,2902,146778,7,241328
17164,0.015728,172.31.36.0-255,66,146844,7,241328
17165,0.01577,74.125.24.0-255,2902,149746,7,241328
17166,0.015774,172.31.36.0-255,66,149812,7,241328
17167,0.017974,74.125.24.0-255,2902,152714,7,241328
17168,0.017984,172.31.36.0-255,66,152780,7,241328
17169,0.018072,74.125.24.0-255,2902,155682,7,241328
17170,0.018075,172.31.36.0-255,66,155748,7,241328
17171,0.020223,74.125.24.0-255,2902,158650,7,241328
17172,0.02023,172.31.36.0-255,66,158716,7,241328
17173,0.020341,74.125.24.0-255,2902,161618,7,241328
17174,0.020346,172.31.36.0-255,66,161684,7,241328
17175,0.022476,74.125.24.0-255,2902,164586,7,241328
17176,0.022483,172.31.36.0-255,66,164652,7,241328
17177,0.022583,74.125.24.0-255,1484,166136,7,241328
17178,0.022601,74.125.24.0-255,1484,167620,7,241328
17179,0.022604,172.31.36.0-255,66,167686,7,241328
17180,0.024735,74.125.24.0-255,2902,170588,7,241328
17181,0.024747,172.31.36.0-255,66,170654,7,241328
17182,0.02485,74.125.24.0-255,2902,173556,7,241328
17183,0.024855,172.31.36.0-255,66,173622,7,241328
17184,0.027007,74.125.24.0-255,2902,176524,7,241328
17185,0.027017,172.31.36.0-255,66,176590,7,241328
17186,0.027098,74.125.24.0-255,2902,179492,7,241328
17187,0.027102,172.31.36.0-255,66,179558,7,241328
17188,0.029289,74.125.24.0-255,2902,182460,7,241328
17189,0.029297,172.31.36.0-255,66,182526,7,241328
17190,0.02934,74.125.24.0-255,2902,185428,7,241328
17191,0.029343,172.31.36.0-255,66,185494,7,241328
17192,0.031546,74.125.24.0-255,2902,188396,7,241328
17193,0.031553,172.31.36.0-255,66,188462,7,241328
17194,0.031594,74.125.24.0-255,2902,191364,7,241328
17195,0.031597,172.31.36.0-255,66,191430,7,241328
17196,0.033036,172.31.36.0-255,171,191601,7,241328
17197,0.033068,172.31.36.0-255,1138,192739,7,241328
17198,0.033129,172.31.36.0-255,1514,194253,7,241328
17199,0.033131,172.31.36.0-255,1269,195522,7,241328
17200,0.033824,74.125.24.0-255,2902,198424,7,241328
17201,0.03383,172.31.36.0-255,66,198490,7,241328
17202,0.033871,74.125.24.0-255,2902,201392,7,241328
17203,0.033874,172.31.36.0-255,66,201458,7,241328
17204,0.034582,104.244.42.0-255,66,201524,7,241328
17205,0.034621,104.244.42.0-255,66,201590,7,241328
17206,0.03467,104.244.42.0-255,66,201656,7,241328
17207,0.036079,74.125.24.0-255,2902,204558,7,241328
17208,0.036085,172.31.36.0-255,66,204624,7,241328
17209,0.036143,74.125.24.0-255,2902,207526,7,241328
17210,0.036147,172.31.36.0-255,66,207592,7,241328
17211,0.038357,74.125.24.0-255,2902,210494,7,241328
17212,0.038364,172.31.36.0-255,66,210560,7,241328
17213,0.038392,74.125.24.0-255,2902,213462,7,241328
17214,0.038395,172.31.36.0-255,66,213528,7,241328
17215,0.040616,74.125.24.0-255,2902,216430,7,241328
17216,0.040623,172.31.36.0-255,66,216496,7,241328
17217,0.040654,74.125.24.0-255,2902,219398,7,241328
17218,0.040657,172.31.36.0-255,66,219464,7,241328
17219,0.042898,74.125.24.0-255,4320,223784,7,241328
17220,0.042905,172.31.36.0-255,66,223850,7,241328
17221,0.042931,74.125.24.0-255,1484,225334,7,241328
17222,0.045157,74.125.24.0-255,4320,229654,7,241328
17223,0.045163,172.31.36.0-255,66,229720,7,241328
17224,0.047422,74.125.24.0-255,5738,235458,7,241328
17225,0.047428,172.31.36.0-255,66,235524,7,241328
17226,0.049692,74.125.24.0-255,5738,241262,7,241328
17227,0.0497,172.31.36.0-255,66,241328,7,241328
17228,0.0,172.217.194.0-255,66,66,7,66
17229,0.0,172.217.194.0-255,153,153,7,287261
17230,3e-05,172.31.36.0-255,66,219,7,287261
17231,3.7e-05,172.217.194.0-255,1484,1703,7,287261
17232,4.2e-05,172.31.36.0-255,66,1769,7,287261
17233,4.8e-05,172.217.194.0-255,2902,4671,7,287261
17234,5.1e-05,172.31.36.0-255,66,4737,7,287261
17235,5.8e-05,172.217.194.0-255,7156,11893,7,287261
17236,6.1e-05,172.31.36.0-255,66,11959,7,287261
17237,0.000111,172.31.36.0-255,66,12025,7,287261
17238,0.00013,172.217.194.0-255,2046,14071,7,287261
17239,0.000133,172.31.36.0-255,66,14137,7,287261
17240,0.000137,172.217.194.0-255,2543,16680,7,287261
17241,0.000139,172.31.36.0-255,66,16746,7,287261
17242,0.000203,172.217.194.0-255,1484,18230,7,287261
17243,0.000207,172.31.36.0-255,66,18296,7,287261
17244,0.000212,172.217.194.0-255,2902,21198,7,287261
17245,0.000214,172.31.36.0-255,66,21264,7,287261
17246,0.000217,172.217.194.0-255,1484,22748,7,287261
17247,0.000219,172.31.36.0-255,66,22814,7,287261
17248,0.000235,172.217.194.0-255,4320,27134,7,287261
17249,0.000238,172.31.36.0-255,66,27200,7,287261
17250,0.000242,172.217.194.0-255,2902,30102,7,287261
17251,0.000244,172.31.36.0-255,66,30168,7,287261
17252,0.000268,172.217.194.0-255,3961,34129,7,287261
17253,0.000272,172.31.36.0-255,66,34195,7,287261
17254,0.000284,172.31.36.0-255,66,34261,7,287261
17255,0.000296,172.217.194.0-255,2902,37163,7,287261
17256,0.000299,172.31.36.0-255,66,37229,7,287261
17257,0.000317,172.217.194.0-255,2833,40062,7,287261
17258,0.000322,172.31.36.0-255,66,40128,7,287261
17259,0.000331,172.217.194.0-255,101,40229,7,287261
17260,0.000474,172.217.194.0-255,1484,41713,7,287261
17261,0.000478,172.31.36.0-255,66,41779,7,287261
17262,0.000485,172.217.194.0-255,2902,44681,7,287261
17263,0.000487,172.31.36.0-255,66,44747,7,287261
17264,0.000519,172.217.194.0-255,5738,50485,7,287261
17265,0.000523,172.31.36.0-255,66,50551,7,287261
17266,0.00053,172.217.194.0-255,6797,57348,7,287261
17267,0.000535,172.31.36.0-255,66,57414,7,287261
17268,0.000544,172.31.36.0-255,66,57480,7,287261
17269,0.000566,172.217.194.0-255,1484,58964,7,287261
17270,0.000595,172.217.194.0-255,2816,61780,7,287261
17271,0.000599,172.31.36.0-255,66,61846,7,287261
17272,0.000857,172.217.194.0-255,1484,63330,7,287261
17273,0.000863,172.217.194.0-255,2902,66232,7,287261
17274,0.000867,172.31.36.0-255,66,66298,7,287261
17275,0.000871,172.217.194.0-255,1484,67782,7,287261
17276,0.000889,172.217.194.0-255,4320,72102,7,287261
17277,0.000892,172.31.36.0-255,66,72168,7,287261
17278,0.000897,172.217.194.0-255,2902,75070,7,287261
17279,0.0009,172.31.36.0-255,66,75136,7,287261
17280,0.000922,172.31.36.0-255,66,75202,7,287261
17281,0.00093,172.217.194.0-255,7156,82358,7,287261
17282,0.000932,172.31.36.0-255,66,82424,7,287261
17283,0.000957,172.217.194.0-255,2902,85326,7,287261
17284,0.00096,172.31.36.0-255,66,85392,7,287261
17285,0.000962,172.217.194.0-255,766,86158,7,287261
17286,0.000995,172.217.194.0-255,1484,87642,7,287261
17287,0.000998,172.31.36.0-255,66,87708,7,287261
17288,0.001019,172.217.194.0-255,4320,92028,7,287261
17289,0.001022,172.31.36.0-255,66,92094,7,287261
17290,0.00103,172.217.194.0-255,7156,99250,7,287261
17291,0.001032,172.31.36.0-255,66,99316,7,287261
17292,0.001058,172.217.194.0-255,5738,105054,7,287261
17293,0.001062,172.31.36.0-255,66,105120,7,287261
17294,0.001096,172.31.36.0-255,66,105186,7,287261
17295,0.001102,172.217.194.0-255,5020,110206,7,287261
17296,0.001105,172.31.36.0-255,66,110272,7,287261
17297,0.00112,172.217.194.0-255,5738,116010,7,287261
17298,0.001122,172.31.36.0-255,66,116076,7,287261
17299,0.001125,172.217.194.0-255,1484,117560,7,287261
17300,0.001144,172.217.194.0-255,5738,123298,7,287261
17301,0.001147,172.31.36.0-255,66,123364,7,287261
17302,0.001187,172.217.194.0-255,4320,127684,7,287261
17303,0.001192,172.31.36.0-255,66,127750,7,287261
17304,0.001222,172.31.36.0-255,66,127816,7,287261
17305,0.001229,172.217.194.0-255,6438,134254,7,287261
17306,0.001231,172.31.36.0-255,66,134320,7,287261
17307,0.001788,172.217.194.0-255,1484,135804,7,287261
17308,0.001809,172.217.194.0-255,2902,138706,7,287261
17309,0.001813,172.31.36.0-255,66,138772,7,287261
17310,0.001819,172.217.194.0-255,5738,144510,7,287261
17311,0.001822,172.31.36.0-255,66,144576,7,287261
17312,0.001859,172.31.36.0-255,66,144642,7,287261
17313,0.001889,172.217.194.0-255,7156,151798,7,287261
17314,0.001892,172.31.36.0-255,66,151864,7,287261
17315,0.001915,172.217.194.0-255,5020,156884,7,287261
17316,0.001918,172.31.36.0-255,66,156950,7,287261
17317,0.002001,172.217.194.0-255,1484,158434,7,287261
17318,0.002006,172.217.194.0-255,2902,161336,7,287261
17319,0.00201,172.31.36.0-255,66,161402,7,287261
17320,0.002018,172.217.194.0-255,2902,164304,7,287261
17321,0.002021,172.31.36.0-255,66,164370,7,287261
17322,0.002033,172.217.194.0-255,2902,167272,7,287261
17323,0.002037,172.217.194.0-255,2902,170174,7,287261
17324,0.002037,172.31.36.0-255,66,170240,7,287261
17325,0.002041,172.31.36.0-255,66,170306,7,287261
17326,0.002079,172.217.194.0-255,4320,174626,7,287261
17327,0.002083,172.31.36.0-255,66,174692,7,287261
17328,0.002102,172.217.194.0-255,5738,180430,7,287261
17329,0.002104,172.31.36.0-255,66,180496,7,287261
17330,0.002116,172.31.36.0-255,66,180562,7,287261
17331,0.002232,172.217.194.0-255,1484,182046,7,287261
17332,0.002238,172.217.194.0-255,2902,184948,7,287261
17333,0.002241,172.31.36.0-255,66,185014,7,287261
17334,0.002246,172.217.194.0-255,2902,187916,7,287261
17335,0.002248,172.31.36.0-255,66,187982,7,287261
17336,0.002268,172.217.194.0-255,2902,190884,7,287261
17337,0.002271,172.31.36.0-255,66,190950,7,287261
17338,0.002277,172.217.194.0-255,5738,196688,7,287261
17339,0.00228,172.31.36.0-255,66,196754,7,287261
17340,0.002308,172.217.194.0-255,7156,203910,7,287261
17341,0.002311,172.31.36.0-255,66,203976,7,287261
17342,0.002323,172.31.36.0-255,66,204042,7,287261
17343,0.002368,172.31.36.0-255,66,204108,7,287261
17344,0.00239,172.217.194.0-255,5738,209846,7,287261
17345,0.002392,172.31.36.0-255,66,209912,7,287261
17346,0.002403,172.31.36.0-255,66,209978,7,287261
17347,0.002417,172.31.36.0-255,66,210044,7,287261
17348,0.004765,172.217.194.0-255,5738,215782,7,287261
17349,0.004775,172.31.36.0-255,66,215848,7,287261
17350,0.007103,172.217.194.0-255,5738,221586,7,287261
17351,0.007109,172.31.36.0-255,66,221652,7,287261
17352,0.009463,172.217.194.0-255,5738,227390,7,287261
17353,0.009469,172.31.36.0-255,66,227456,7,287261
17354,0.011846,172.217.194.0-255,5738,233194,7,287261
17355,0.011854,172.31.36.0-255,66,233260,7,287261
17356,0.014216,172.217.194.0-255,5738,238998,7,287261
17357,0.014227,172.31.36.0-255,66,239064,7,287261
17358,0.016555,172.217.194.0-255,5738,244802,7,287261
17359,0.016562,172.31.36.0-255,66,244868,7,287261
17360,0.018905,172.217.194.0-255,5738,250606,7,287261
17361,0.018913,172.31.36.0-255,66,250672,7,287261
17362,0.021228,172.217.194.0-255,5738,256410,7,287261
17363,0.021235,172.31.36.0-255,66,256476,7,287261
17364,0.023548,172.217.194.0-255,5738,262214,7,287261
17365,0.023554,172.31.36.0-255,66,262280,7,287261
17366,0.025915,172.217.194.0-255,5738,268018,7,287261
17367,0.025923,172.31.36.0-255,66,268084,7,287261
17368,0.027928,172.31.36.0-255,172,268256,7,287261
17369,0.027958,172.31.36.0-255,1114,269370,7,287261
17370,0.027996,172.31.36.0-255,1514,270884,7,287261
17371,0.027998,172.31.36.0-255,1294,272178,7,287261
17372,0.028255,172.217.194.0-255,5738,277916,7,287261
17373,0.028262,172.31.36.0-255,66,277982,7,287261
17374,0.029439,104.244.42.0-255,66,278048,7,287261
17375,0.02951,104.244.42.0-255,66,278114,7,287261
17376,0.029515,104.244.42.0-255,66,278180,7,287261
17377,0.030572,172.217.194.0-255,5738,283918,7,287261
17378,0.030577,172.31.36.0-255,66,283984,7,287261
17379,0.032924,172.217.194.0-255,3040,287024,7,287261
17380,0.03293,172.31.36.0-255,66,287090,7,287261
17381,0.033126,172.31.36.0-255,105,287195,7,287261
17382,0.035417,172.217.194.0-255,66,287261,7,287261
17383,0.0,74.125.68.0-255,152,152,7,237150
17384,2.7e-05,172.31.36.0-255,66,218,7,237150
17385,3.3e-05,74.125.68.0-255,1484,1702,7,237150
17386,3.8e-05,172.31.36.0-255,66,1768,7,237150
17387,4.2e-05,74.125.68.0-255,2902,4670,7,237150
17388,4.5e-05,172.31.36.0-255,66,4736,7,237150
17389,6.3e-05,74.125.68.0-255,1484,6220,7,237150
17390,6.5e-05,172.31.36.0-255,66,6286,7,237150
17391,9.1e-05,74.125.68.0-255,5738,12024,7,237150
17392,9.4e-05,172.31.36.0-255,66,12090,7,237150
17393,9.7e-05,74.125.68.0-255,1484,13574,7,237150
17394,9.8e-05,172.31.36.0-255,66,13640,7,237150
17395,0.000101,74.125.68.0-255,549,14189,7,237150
17396,0.000103,172.31.36.0-255,66,14255,7,237150
17397,0.00075,74.125.68.0-255,1484,15739,7,237150
17398,0.000756,172.31.36.0-255,66,15805,7,237150
17399,0.000767,74.125.68.0-255,2902,18707,7,237150
17400,0.000769,172.31.36.0-255,66,18773,7,237150
17401,0.000799,74.125.68.0-255,5738,24511,7,237150
17402,0.000802,172.31.36.0-255,66,24577,7,237150
17403,0.000807,74.125.68.0-255,2902,27479,7,237150
17404,0.000809,172.31.36.0-255,66,27545,7,237150
17405,0.000815,74.125.68.0-255,3961,31506,7,237150
17406,0.000818,172.31.36.0-255,66,31572,7,237150
17407,0.00086,172.31.36.0-255,66,31638,7,237150
17408,0.000891,172.31.36.0-255,66,31704,7,237150
17409,0.000894,74.125.68.0-255,1484,33188,7,237150
17410,0.000896,172.31.36.0-255,66,33254,7,237150
17411,0.0009,74.125.68.0-255,2902,36156,7,237150
17412,0.000902,172.31.36.0-255,66,36222,7,237150
17413,0.000906,74.125.68.0-255,2902,39124,7,237150
17414,0.000908,172.31.36.0-255,66,39190,7,237150
17415,0.000933,74.125.68.0-255,2902,42092,7,237150
17416,0.000936,172.31.36.0-255,66,42158,7,237150
17417,0.000941,74.125.68.0-255,4320,46478,7,237150
17418,0.000943,172.31.36.0-255,66,46544,7,237150
17419,0.000982,74.125.68.0-255,766,47310,7,237150
17420,0.001024,74.125.68.0-255,443,47753,7,237150
17421,0.001181,74.125.68.0-255,1484,49237,7,237150
17422,0.001187,172.31.36.0-255,66,49303,7,237150
17423,0.001192,74.125.68.0-255,2902,52205,7,237150
17424,0.001194,172.31.36.0-255,66,52271,7,237150
17425,0.001222,74.125.68.0-255,5738,58009,7,237150
17426,0.001224,172.31.36.0-255,66,58075,7,237150
17427,0.001238,74.125.68.0-255,4320,62395,7,237150
17428,0.00124,172.31.36.0-255,66,62461,7,237150
17429,0.001276,172.31.36.0-255,66,62527,7,237150
17430,0.001282,74.125.68.0-255,5738,68265,7,237150
17431,0.001285,172.31.36.0-255,66,68331,7,237150
17432,0.001299,74.125.68.0-255,1484,69815,7,237150
17433,0.001318,74.125.68.0-255,3602,73417,7,237150
17434,0.001321,172.31.36.0-255,66,73483,7,237150
17435,0.001998,74.125.68.0-255,1484,74967,7,237150
17436,0.002006,74.125.68.0-255,2902,77869,7,237150
17437,0.00201,172.31.36.0-255,66,77935,7,237150
17438,0.002032,74.125.68.0-255,5738,83673,7,237150
17439,0.002034,172.31.36.0-255,66,83739,7,237150
17440,0.002077,172.31.36.0-255,66,83805,7,237150
17441,0.002119,74.125.68.0-255,2902,86707,7,237150
17442,0.002123,172.31.36.0-255,66,86773,7,237150
17443,0.002152,172.31.36.0-255,66,86839,7,237150
17444,0.002342,74.125.68.0-255,1484,88323,7,237150
17445,0.002346,74.125.68.0-255,1484,89807,7,237150
17446,0.002349,172.31.36.0-255,66,89873,7,237150
17447,0.002368,74.125.68.0-255,1484,91357,7,237150
17448,0.00237,74.125.68.0-255,1484,92841,7,237150
17449,0.002374,172.31.36.0-255,66,92907,7,237150
17450,0.002386,74.125.68.0-255,5738,98645,7,237150
17451,0.002388,172.31.36.0-255,66,98711,7,237150
17452,0.002421,74.125.68.0-255,2902,101613,7,237150
17453,0.002424,172.31.36.0-255,66,101679,7,237150
17454,0.002447,74.125.68.0-255,7156,108835,7,237150
17455,0.002451,172.31.36.0-255,66,108901,7,237150
17456,0.002459,74.125.68.0-255,2902,111803,7,237150
17457,0.002461,172.31.36.0-255,66,111869,7,237150
17458,0.00249,74.125.68.0-255,766,112635,7,237150
17459,0.002521,172.31.36.0-255,66,112701,7,237150
17460,0.002534,74.125.68.0-255,5738,118439,7,237150
17461,0.002536,172.31.36.0-255,66,118505,7,237150
17462,0.002554,74.125.68.0-255,1484,119989,7,237150
17463,0.002569,74.125.68.0-255,1484,121473,7,237150
17464,0.002572,172.31.36.0-255,66,121539,7,237150
17465,0.002594,74.125.68.0-255,5738,127277,7,237150
17466,0.002597,172.31.36.0-255,66,127343,7,237150
17467,0.002606,172.31.36.0-255,66,127409,7,237150
17468,0.00261,74.125.68.0-255,2902,130311,7,237150
17469,0.002611,172.31.36.0-255,66,130377,7,237150
17470,0.00284,172.31.36.0-255,101,130478,7,237150
17471,0.005179,74.125.68.0-255,5738,136216,7,237150
17472,0.005186,172.31.36.0-255,66,136282,7,237150
17473,0.00538,74.125.68.0-255,66,136348,7,237150
17474,0.007766,74.125.68.0-255,5738,142086,7,237150
17475,0.007774,172.31.36.0-255,66,142152,7,237150
17476,0.010368,74.125.68.0-255,5738,147890,7,237150
17477,0.010376,172.31.36.0-255,66,147956,7,237150
17478,0.012965,74.125.68.0-255,5738,153694,7,237150
17479,0.012974,172.31.36.0-255,66,153760,7,237150
17480,0.015565,74.125.68.0-255,5738,159498,7,237150
17481,0.015576,172.31.36.0-255,66,159564,7,237150
17482,0.018173,74.125.68.0-255,5738,165302,7,237150
17483,0.018182,172.31.36.0-255,66,165368,7,237150
17484,0.020767,74.125.68.0-255,5738,171106,7,237150
17485,0.020774,172.31.36.0-255,66,171172,7,237150
17486,0.020808,172.31.36.0-255,192,171364,7,237150
17487,0.020848,172.31.36.0-255,958,172322,7,237150
17488,0.020934,172.31.36.0-255,1514,173836,7,237150
17489,0.020936,172.31.36.0-255,1448,175284,7,237150
17490,0.022389,104.244.42.0-255,66,175350,7,237150
17491,0.022398,104.244.42.0-255,66,175416,7,237150
17492,0.022487,104.244.42.0-255,66,175482,7,237150
17493,0.023353,74.125.68.0-255,5738,181220,7,237150
17494,0.02336,172.31.36.0-255,66,181286,7,237150
17495,0.025958,74.125.68.0-255,5738,187024,7,237150
17496,0.025965,172.31.36.0-255,66,187090,7,237150
17497,0.028551,74.125.68.0-255,4320,191410,7,237150
17498,0.028556,172.31.36.0-255,66,191476,7,237150
17499,0.028587,74.125.68.0-255,1484,192960,7,237150
17500,0.03113,74.125.68.0-255,4320,197280,7,237150
17501,0.031136,172.31.36.0-255,66,197346,7,237150
17502,0.033719,74.125.68.0-255,4320,201666,7,237150
17503,0.033724,172.31.36.0-255,66,201732,7,237150
17504,0.033758,74.125.68.0-255,1484,203216,7,237150
17505,0.036314,74.125.68.0-255,4320,207536,7,237150
17506,0.03632,172.31.36.0-255,66,207602,7,237150
17507,0.038907,74.125.68.0-255,5738,213340,7,237150
17508,0.038912,172.31.36.0-255,66,213406,7,237150
17509,0.041485,74.125.68.0-255,2902,216308,7,237150
17510,0.041491,172.31.36.0-255,66,216374,7,237150
17511,0.041518,74.125.68.0-255,2902,219276,7,237150
17512,0.041522,172.31.36.0-255,66,219342,7,237150
17513,0.044058,74.125.68.0-255,2902,222244,7,237150
17514,0.044064,172.31.36.0-255,66,222310,7,237150
17515,0.044099,74.125.68.0-255,2902,225212,7,237150
17516,0.044103,172.31.36.0-255,66,225278,7,237150
17517,0.046648,74.125.68.0-255,2902,228180,7,237150
17518,0.046654,172.31.36.0-255,66,228246,7,237150
17519,0.046691,74.125.68.0-255,2902,231148,7,237150
17520,0.046694,172.31.36.0-255,66,231214,7,237150
17521,0.049233,74.125.68.0-255,2902,234116,7,237150
17522,0.049238,172.31.36.0-255,66,234182,7,237150
17523,0.049269,74.125.68.0-255,2902,237084,7,237150
17524,0.049272,172.31.36.0-255,66,237150,7,237150
17525,0.0,74.125.68.0-255,152,152,7,351606
17526,3.1e-05,172.31.36.0-255,66,218,7,351606
17527,3.8e-05,74.125.68.0-255,1484,1702,7,351606
17528,4.2e-05,172.31.36.0-255,66,1768,7,351606
17529,9.1e-05,74.125.68.0-255,1484,3252,7,351606
17530,9.5e-05,172.31.36.0-255,66,3318,7,351606
17531,0.000102,74.125.68.0-255,2902,6220,7,351606
17532,0.000104,172.31.36.0-255,66,6286,7,351606
17533,0.00014,74.125.68.0-255,5738,12024,7,351606
17534,0.000143,172.31.36.0-255,66,12090,7,351606
17535,0.000148,74.125.68.0-255,2075,14165,7,351606
17536,0.000151,172.31.36.0-255,66,14231,7,351606
17537,0.000203,74.125.68.0-255,1484,15715,7,351606
17538,0.000207,172.31.36.0-255,66,15781,7,351606
17539,0.000249,74.125.68.0-255,2902,18683,7,351606
17540,0.000252,172.31.36.0-255,66,18749,7,351606
17541,0.000297,74.125.68.0-255,1484,20233,7,351606
17542,0.000301,172.31.36.0-255,66,20299,7,351606
17543,0.000338,74.125.68.0-255,1484,21783,7,351606
17544,0.000342,172.31.36.0-255,66,21849,7,351606
17545,0.000368,74.125.68.0-255,1484,23333,7,351606
17546,0.000373,172.31.36.0-255,66,23399,7,351606
17547,0.000376,74.125.68.0-255,1484,24883,7,351606
17548,0.000378,172.31.36.0-255,66,24949,7,351606
17549,0.000389,74.125.68.0-255,2902,27851,7,351606
17550,0.000393,172.31.36.0-255,66,27917,7,351606
17551,0.00043,74.125.68.0-255,3961,31878,7,351606
17552,0.000434,172.31.36.0-255,66,31944,7,351606
17553,0.000528,74.125.68.0-255,1484,33428,7,351606
17554,0.000531,172.31.36.0-255,66,33494,7,351606
17555,0.000538,74.125.68.0-255,2902,36396,7,351606
17556,0.00054,172.31.36.0-255,66,36462,7,351606
17557,0.000572,74.125.68.0-255,5738,42200,7,351606
17558,0.000575,172.31.36.0-255,66,42266,7,351606
17559,0.00058,74.125.68.0-255,2902,45168,7,351606
17560,0.000583,172.31.36.0-255,66,45234,7,351606
17561,0.000604,74.125.68.0-255,4320,49554,7,351606
17562,0.000607,172.31.36.0-255,66,49620,7,351606
17563,0.000619,74.125.68.0-255,5738,55358,7,351606
17564,0.000622,172.31.36.0-255,66,55424,7,351606
17565,0.000628,74.125.68.0-255,4320,59744,7,351606
17566,0.000631,172.31.36.0-255,66,59810,7,351606
17567,0.000659,74.125.68.0-255,2902,62712,7,351606
17568,0.000664,172.31.36.0-255,66,62778,7,351606
17569,0.000669,74.125.68.0-255,3602,66380,7,351606
17570,0.000671,172.31.36.0-255,66,66446,7,351606
17571,0.000697,74.125.68.0-255,363,66809,7,351606
17572,0.000731,74.125.68.0-255,125,66934,7,351606
17573,0.00082,74.125.68.0-255,1484,68418,7,351606
17574,0.000824,172.31.36.0-255,66,68484,7,351606
17575,0.000852,74.125.68.0-255,2902,71386,7,351606
17576,0.000856,172.31.36.0-255,66,71452,7,351606
17577,0.000885,74.125.68.0-255,5738,77190,7,351606
17578,0.000889,172.31.36.0-255,66,77256,7,351606
17579,0.000922,74.125.68.0-255,7156,84412,7,351606
17580,0.000925,172.31.36.0-255,66,84478,7,351606
17581,0.000952,74.125.68.0-255,2902,87380,7,351606
17582,0.000955,172.31.36.0-255,66,87446,7,351606
17583,0.00097,172.31.36.0-255,66,87512,7,351606
17584,0.001007,74.125.68.0-255,3888,91400,7,351606
17585,0.001011,172.31.36.0-255,66,91466,7,351606
17586,0.001378,74.125.68.0-255,1484,92950,7,351606
17587,0.001387,74.125.68.0-255,2902,95852,7,351606
17588,0.001391,172.31.36.0-255,66,95918,7,351606
17589,0.001396,74.125.68.0-255,1484,97402,7,351606
17590,0.001427,74.125.68.0-255,4320,101722,7,351606
17591,0.001431,172.31.36.0-255,66,101788,7,351606
17592,0.001442,172.31.36.0-255,66,101854,7,351606
17593,0.001484,172.31.36.0-255,66,101920,7,351606
17594,0.001489,74.125.68.0-255,4320,106240,7,351606
17595,0.001491,172.31.36.0-255,66,106306,7,351606
17596,0.001525,74.125.68.0-255,766,107072,7,351606
17597,0.001572,74.125.68.0-255,1484,108556,7,351606
17598,0.001577,172.31.36.0-255,66,108622,7,351606
17599,0.001599,74.125.68.0-255,2902,111524,7,351606
17600,0.001603,172.31.36.0-255,66,111590,7,351606
17601,0.001608,74.125.68.0-255,4320,115910,7,351606
17602,0.001611,172.31.36.0-255,66,115976,7,351606
17603,0.001637,74.125.68.0-255,1484,117460,7,351606
17604,0.001642,74.125.68.0-255,2902,120362,7,351606
17605,0.001647,74.125.68.0-255,4320,124682,7,351606
17606,0.001697,74.125.68.0-255,5738,130420,7,351606
17607,0.001718,74.125.68.0-255,4320,134740,7,351606
17608,0.001736,74.125.68.0-255,2902,137642,7,351606
17609,0.001771,74.125.68.0-255,1484,139126,7,351606
17610,0.001784,74.125.68.0-255,2184,141310,7,351606
17611,0.001808,74.125.68.0-255,1484,142794,7,351606
17612,0.001826,74.125.68.0-255,2902,145696,7,351606
17613,0.00184,74.125.68.0-255,2902,148598,7,351606
17614,0.001853,74.125.68.0-255,1484,150082,7,351606
17615,0.001861,74.125.68.0-255,4320,154402,7,351606
17616,0.001877,74.125.68.0-255,4320,158722,7,351606
17617,0.001944,74.125.68.0-255,7156,165878,7,351606
17618,0.001964,74.125.68.0-255,3602,169480,7,351606
17619,0.001969,74.125.68.0-255,5738,175218,7,351606
17620,0.001998,74.125.68.0-255,1484,176702,7,351606
17621,0.00203,74.125.68.0-255,4320,181022,7,351606
17622,0.002042,74.125.68.0-255,766,181788,7,351606
17623,0.002074,74.125.68.0-255,1484,183272,7,351606
17624,0.00212,74.125.68.0-255,1484,184756,7,351606
17625,0.002134,74.125.68.0-255,2902,187658,7,351606
17626,0.002151,74.125.68.0-255,2902,190560,7,351606
17627,0.002164,74.125.68.0-255,2902,193462,7,351606
17628,0.002173,74.125.68.0-255,4320,197782,7,351606
17629,0.002178,74.125.68.0-255,4320,202102,7,351606
17630,0.002194,74.125.68.0-255,1484,203586,7,351606
17631,0.002213,74.125.68.0-255,1484,205070,7,351606
17632,0.002234,74.125.68.0-255,7156,212226,7,351606
17633,0.002264,74.125.68.0-255,3602,215828,7,351606
17634,0.002318,74.125.68.0-255,1484,217312,7,351606
17635,0.002332,74.125.68.0-255,2902,220214,7,351606
17636,0.002355,74.125.68.0-255,4320,224534,7,351606
17637,0.002371,74.125.68.0-255,1484,226018,7,351606
17638,0.002383,74.125.68.0-255,4320,230338,7,351606
17639,0.002391,74.125.68.0-255,1484,231822,7,351606
17640,0.002413,74.125.68.0-255,4320,236142,7,351606
17641,0.002433,74.125.68.0-255,2902,239044,7,351606
17642,0.002438,74.125.68.0-255,5738,244782,7,351606
17643,0.002468,74.125.68.0-255,4320,249102,7,351606
17644,0.002479,74.125.68.0-255,766,249868,7,351606
17645,0.006177,172.31.36.0-255,66,249934,7,351606
17646,0.00871,74.125.68.0-255,5738,255672,7,351606
17647,0.008716,172.31.36.0-255,66,255738,7,351606
17648,0.01125,74.125.68.0-255,5738,261476,7,351606
17649,0.011259,172.31.36.0-255,66,261542,7,351606
17650,0.013766,74.125.68.0-255,5738,267280,7,351606
17651,0.013775,172.31.36.0-255,66,267346,7,351606
17652,0.016287,74.125.68.0-255,5738,273084,7,351606
17653,0.016296,172.31.36.0-255,66,273150,7,351606
17654,0.018827,74.125.68.0-255,5738,278888,7,351606
17655,0.018842,172.31.36.0-255,66,278954,7,351606
17656,0.021358,74.125.68.0-255,5738,284692,7,351606
17657,0.021368,172.31.36.0-255,66,284758,7,351606
17658,0.023879,74.125.68.0-255,5738,290496,7,351606
17659,0.023887,172.31.36.0-255,66,290562,7,351606
17660,0.02645,74.125.68.0-255,5738,296300,7,351606
17661,0.026458,172.31.36.0-255,66,296366,7,351606
17662,0.028965,74.125.68.0-255,5738,302104,7,351606
17663,0.028973,172.31.36.0-255,66,302170,7,351606
17664,0.031487,74.125.68.0-255,4320,306490,7,351606
17665,0.031495,172.31.36.0-255,66,306556,7,351606
17666,0.031533,74.125.68.0-255,1484,308040,7,351606
17667,0.034007,74.125.68.0-255,4320,312360,7,351606
17668,0.034014,172.31.36.0-255,66,312426,7,351606
17669,0.034638,172.31.36.0-255,172,312598,7,351606
17670,0.034668,172.31.36.0-255,1115,313713,7,351606
17671,0.034702,172.31.36.0-255,1514,315227,7,351606
17672,0.034704,172.31.36.0-255,1291,316518,7,351606
17673,0.036194,104.244.42.0-255,66,316584,7,351606
17674,0.036233,104.244.42.0-255,66,316650,7,351606
17675,0.036282,104.244.42.0-255,66,316716,7,351606
17676,0.036504,74.125.68.0-255,1484,318200,7,351606
17677,0.036536,74.125.68.0-255,4320,322520,7,351606
17678,0.036541,172.31.36.0-255,66,322586,7,351606
17679,0.039053,74.125.68.0-255,5738,328324,7,351606
17680,0.039058,172.31.36.0-255,66,328390,7,351606
17681,0.041567,74.125.68.0-255,5738,334128,7,351606
17682,0.041574,172.31.36.0-255,66,334194,7,351606
17683,0.044077,74.125.68.0-255,5738,339932,7,351606
17684,0.044082,172.31.36.0-255,66,339998,7,351606
17685,0.046594,74.125.68.0-255,5738,345736,7,351606
17686,0.0466,172.31.36.0-255,66,345802,7,351606
17687,0.049176,74.125.68.0-255,5738,351540,7,351606
17688,0.049181,172.31.36.0-255,66,351606,7,351606
17689,0.0,172.217.194.0-255,150,150,7,245337
17690,2.8e-05,172.31.36.0-255,66,216,7,245337
17691,3.5e-05,172.217.194.0-255,1484,1700,7,245337
17692,4e-05,172.31.36.0-255,66,1766,7,245337
17693,4.6e-05,172.217.194.0-255,2902,4668,7,245337
17694,4.9e-05,172.31.36.0-255,66,4734,7,245337
17695,5.5e-05,172.217.194.0-255,5738,10472,7,245337
17696,5.7e-05,172.31.36.0-255,66,10538,7,245337
17697,7.4e-05,172.217.194.0-255,1484,12022,7,245337
17698,7.6e-05,172.31.36.0-255,66,12088,7,245337
17699,9.9e-05,172.217.194.0-255,2010,14098,7,245337
17700,0.000102,172.31.36.0-255,66,14164,7,245337
17701,0.000226,172.217.194.0-255,1484,15648,7,245337
17702,0.000231,172.31.36.0-255,66,15714,7,245337
17703,0.000236,172.217.194.0-255,2902,18616,7,245337
17704,0.000239,172.31.36.0-255,66,18682,7,245337
17705,0.000246,172.217.194.0-255,5738,24420,7,245337
17706,0.000249,172.31.36.0-255,66,24486,7,245337
17707,0.000286,172.217.194.0-255,4320,28806,7,245337
17708,0.00029,172.31.36.0-255,66,28872,7,245337
17709,0.00031,172.217.194.0-255,2543,31415,7,245337
17710,0.000314,172.31.36.0-255,66,31481,7,245337
17711,0.00033,172.217.194.0-255,5738,37219,7,245337
17712,0.000333,172.31.36.0-255,66,37285,7,245337
17713,0.000338,172.217.194.0-255,2902,40187,7,245337
17714,0.00034,172.31.36.0-255,66,40253,7,245337
17715,0.000363,172.217.194.0-255,4320,44573,7,245337
17716,0.000366,172.31.36.0-255,66,44639,7,245337
17717,0.000389,172.217.194.0-255,3961,48600,7,245337
17718,0.000392,172.31.36.0-255,66,48666,7,245337
17719,0.000806,172.217.194.0-255,1484,50150,7,245337
17720,0.000812,172.31.36.0-255,66,50216,7,245337
17721,0.000819,172.217.194.0-255,2902,53118,7,245337
17722,0.000822,172.31.36.0-255,66,53184,7,245337
17723,0.000828,172.217.194.0-255,4320,57504,7,245337
17724,0.00083,172.31.36.0-255,66,57570,7,245337
17725,0.000854,172.217.194.0-255,1484,59054,7,245337
17726,0.000861,172.217.194.0-255,4320,63374,7,245337
17727,0.000865,172.31.36.0-255,66,63440,7,245337
17728,0.000884,172.217.194.0-255,2543,65983,7,245337
17729,0.000887,172.31.36.0-255,66,66049,7,245337
17730,0.000974,172.217.194.0-255,1484,67533,7,245337
17731,0.00098,172.217.194.0-255,2902,70435,7,245337
17732,0.000984,172.217.194.0-255,4320,74755,7,245337
17733,0.000995,172.217.194.0-255,1484,76239,7,245337
17734,0.001036,172.217.194.0-255,4320,80559,7,245337
17735,0.001903,172.217.194.0-255,1484,82043,7,245337
17736,0.001911,172.217.194.0-255,2902,84945,7,245337
17737,0.001914,172.217.194.0-255,1484,86429,7,245337
17738,0.001927,172.217.194.0-255,4320,90749,7,245337
17739,0.001962,172.217.194.0-255,2902,93651,7,245337
17740,0.001977,172.217.194.0-255,3846,97497,7,245337
17741,0.002012,172.217.194.0-255,7156,104653,7,245337
17742,0.00203,172.217.194.0-255,7156,111809,7,245337
17743,0.002046,172.217.194.0-255,5738,117547,7,245337
17744,0.00207,172.217.194.0-255,3602,121149,7,245337
17745,0.006236,172.31.36.0-255,66,121215,7,245337
17746,0.008326,172.217.194.0-255,5738,126953,7,245337
17747,0.008334,172.31.36.0-255,66,127019,7,245337
17748,0.010419,172.217.194.0-255,5738,132757,7,245337
17749,0.010428,172.31.36.0-255,66,132823,7,245337
17750,0.012475,172.217.194.0-255,5738,138561,7,245337
17751,0.012482,172.31.36.0-255,66,138627,7,245337
17752,0.014544,172.217.194.0-255,5738,144365,7,245337
17753,0.014553,172.31.36.0-255,66,144431,7,245337
17754,0.016638,172.217.194.0-255,5738,150169,7,245337
17755,0.016645,172.31.36.0-255,66,150235,7,245337
17756,0.018717,172.217.194.0-255,5738,155973,7,245337
17757,0.018724,172.31.36.0-255,66,156039,7,245337
17758,0.020787,172.217.194.0-255,4320,160359,7,245337
17759,0.020794,172.31.36.0-255,66,160425,7,245337
17760,0.020829,172.217.194.0-255,1484,161909,7,245337
17761,0.022885,172.217.194.0-255,4320,166229,7,245337
17762,0.022892,172.31.36.0-255,66,166295,7,245337
17763,0.024953,172.217.194.0-255,5738,172033,7,245337
17764,0.024961,172.31.36.0-255,66,172099,7,245337
17765,0.027048,172.217.194.0-255,5738,177837,7,245337
17766,0.027055,172.31.36.0-255,66,177903,7,245337
17767,0.028339,172.31.36.0-255,188,178091,7,245337
17768,0.028366,172.31.36.0-255,958,179049,7,245337
17769,0.028411,172.31.36.0-255,1514,180563,7,245337
17770,0.028413,172.31.36.0-255,1448,182011,7,245337
17771,0.029102,172.217.194.0-255,5738,187749,7,245337
17772,0.029109,172.31.36.0-255,66,187815,7,245337
17773,0.029895,104.244.42.0-255,66,187881,7,245337
17774,0.029903,104.244.42.0-255,66,187947,7,245337
17775,0.03001,104.244.42.0-255,66,188013,7,245337
17776,0.030601,104.244.42.0-255,108,188121,7,245337
17777,0.030606,172.31.36.0-255,66,188187,7,245337
17778,0.031156,172.217.194.0-255,5738,193925,7,245337
17779,0.03116,172.31.36.0-255,66,193991,7,245337
17780,0.033216,172.217.194.0-255,2902,196893,7,245337
17781,0.033221,172.31.36.0-255,66,196959,7,245337
17782,0.033256,172.217.194.0-255,2902,199861,7,245337
17783,0.033259,172.31.36.0-255,66,199927,7,245337
17784,0.035319,172.217.194.0-255,5738,205665,7,245337
17785,0.035326,172.31.36.0-255,66,205731,7,245337
17786,0.037394,172.217.194.0-255,2902,208633,7,245337
17787,0.037397,172.31.36.0-255,66,208699,7,245337
17788,0.037428,172.217.194.0-255,2902,211601,7,245337
17789,0.037431,172.31.36.0-255,66,211667,7,245337
17790,0.039461,172.217.194.0-255,2902,214569,7,245337
17791,0.039466,172.31.36.0-255,66,214635,7,245337
17792,0.039497,172.217.194.0-255,2902,217537,7,245337
17793,0.039501,172.31.36.0-255,66,217603,7,245337
17794,0.041565,172.217.194.0-255,5738,223341,7,245337
17795,0.04157,172.31.36.0-255,66,223407,7,245337
17796,0.043627,172.217.194.0-255,4320,227727,7,245337
17797,0.043632,172.31.36.0-255,66,227793,7,245337
17798,0.043658,172.217.194.0-255,1484,229277,7,245337
17799,0.045687,172.217.194.0-255,4320,233597,7,245337
17800,0.045692,172.31.36.0-255,66,233663,7,245337
17801,0.04776,172.217.194.0-255,5738,239401,7,245337
17802,0.047765,172.31.36.0-255,66,239467,7,245337
17803,0.049857,172.217.194.0-255,4320,243787,7,245337
17804,0.049862,172.31.36.0-255,66,243853,7,245337
17805,0.049891,172.217.194.0-255,1484,245337,7,245337
17806,0.0,74.125.24.0-255,143,143,7,219207
17807,1.3e-05,172.31.36.0-255,66,209,7,219207
17808,2e-05,74.125.24.0-255,1484,1693,7,219207
17809,2.4e-05,172.31.36.0-255,66,1759,7,219207
17810,3e-05,74.125.24.0-255,2902,4661,7,219207
17811,3.4e-05,172.31.36.0-255,66,4727,7,219207
17812,4e-05,74.125.24.0-255,4320,9047,7,219207
17813,4.3e-05,172.31.36.0-255,66,9113,7,219207
17814,7.1e-05,74.125.24.0-255,2902,12015,7,219207
17815,7.4e-05,172.31.36.0-255,66,12081,7,219207
17816,7.9e-05,74.125.24.0-255,2019,14100,7,219207
17817,8.1e-05,172.31.36.0-255,66,14166,7,219207
17818,0.00014,74.125.24.0-255,2902,17068,7,219207
17819,0.000143,74.125.24.0-255,1484,18552,7,219207
17820,0.000146,172.31.36.0-255,66,18618,7,219207
17821,0.000149,172.31.36.0-255,66,18684,7,219207
17822,0.000164,74.125.24.0-255,2902,21586,7,219207
17823,0.000166,172.31.36.0-255,66,21652,7,219207
17824,0.00017,74.125.24.0-255,1484,23136,7,219207
17825,0.000172,172.31.36.0-255,66,23202,7,219207
17826,0.000198,74.125.24.0-255,4320,27522,7,219207
17827,0.000201,172.31.36.0-255,66,27588,7,219207
17828,0.000244,74.125.24.0-255,3961,31549,7,219207
17829,0.000247,172.31.36.0-255,66,31615,7,219207
17830,0.000349,74.125.24.0-255,1484,33099,7,219207
17831,0.000353,172.31.36.0-255,66,33165,7,219207
17832,0.00036,74.125.24.0-255,2902,36067,7,219207
17833,0.000362,172.31.36.0-255,66,36133,7,219207
17834,0.000368,74.125.24.0-255,4320,40453,7,219207
17835,0.00037,172.31.36.0-255,66,40519,7,219207
17836,0.000394,74.125.24.0-255,1484,42003,7,219207
17837,0.000396,172.31.36.0-255,66,42069,7,219207
17838,0.000428,74.125.24.0-255,4320,46389,7,219207
17839,0.000431,172.31.36.0-255,66,46455,7,219207
17840,0.000454,74.125.24.0-255,2543,48998,7,219207
17841,0.000456,172.31.36.0-255,66,49064,7,219207
17842,0.000463,74.125.24.0-255,7156,56220,7,219207
17843,0.000465,172.31.36.0-255,66,56286,7,219207
17844,0.000504,172.31.36.0-255,66,56352,7,219207
17845,0.000537,74.125.24.0-255,112,56464,7,219207
17846,0.000577,74.125.24.0-255,330,56794,7,219207
17847,0.000972,74.125.24.0-255,1484,58278,7,219207
17848,0.000977,172.31.36.0-255,66,58344,7,219207
17849,0.000982,74.125.24.0-255,2902,61246,7,219207
17850,0.000985,172.31.36.0-255,66,61312,7,219207
17851,0.000992,74.125.24.0-255,5738,67050,7,219207
17852,0.000994,172.31.36.0-255,66,67116,7,219207
17853,0.001032,172.31.36.0-255,66,67182,7,219207
17854,0.001039,74.125.24.0-255,5738,72920,7,219207
17855,0.001042,172.31.36.0-255,66,72986,7,219207
17856,0.001057,74.125.24.0-255,4320,77306,7,219207
17857,0.001059,172.31.36.0-255,66,77372,7,219207
17858,0.001071,74.125.24.0-255,766,78138,7,219207
17859,0.001455,172.31.36.0-255,66,78204,7,219207
17860,0.001931,74.125.24.0-255,1484,79688,7,219207
17861,0.001942,74.125.24.0-255,2902,82590,7,219207
17862,0.001947,172.31.36.0-255,66,82656,7,219207
17863,0.001975,74.125.24.0-255,5738,88394,7,219207
17864,0.001977,172.31.36.0-255,66,88460,7,219207
17865,0.001994,74.125.24.0-255,4320,92780,7,219207
17866,0.001996,172.31.36.0-255,66,92846,7,219207
17867,0.002024,172.31.36.0-255,66,92912,7,219207
17868,0.002043,74.125.24.0-255,2902,95814,7,219207
17869,0.002045,172.31.36.0-255,66,95880,7,219207
17870,0.002065,172.31.36.0-255,66,95946,7,219207
17871,0.004305,74.125.24.0-255,5738,101684,7,219207
17872,0.004312,172.31.36.0-255,66,101750,7,219207
17873,0.006545,74.125.24.0-255,5738,107488,7,219207
17874,0.006551,172.31.36.0-255,66,107554,7,219207
17875,0.008808,74.125.24.0-255,5738,113292,7,219207
17876,0.008815,172.31.36.0-255,66,113358,7,219207
17877,0.011062,74.125.24.0-255,5738,119096,7,219207
17878,0.011067,172.31.36.0-255,66,119162,7,219207
17879,0.013344,74.125.24.0-255,5738,124900,7,219207
17880,0.013351,172.31.36.0-255,66,124966,7,219207
17881,0.015611,74.125.24.0-255,5738,130704,7,219207
17882,0.015618,172.31.36.0-255,66,130770,7,219207
17883,0.017866,74.125.24.0-255,5738,136508,7,219207
17884,0.017875,172.31.36.0-255,66,136574,7,219207
17885,0.020118,74.125.24.0-255,5738,142312,7,219207
17886,0.020127,172.31.36.0-255,66,142378,7,219207
17887,0.022396,74.125.24.0-255,5738,148116,7,219207
17888,0.022403,172.31.36.0-255,66,148182,7,219207
17889,0.024654,74.125.24.0-255,5738,153920,7,219207
17890,0.024662,172.31.36.0-255,66,153986,7,219207
17891,0.026938,74.125.24.0-255,5738,159724,7,219207
17892,0.026946,172.31.36.0-255,66,159790,7,219207
17893,0.029208,74.125.24.0-255,5738,165528,7,219207
17894,0.029215,172.31.36.0-255,66,165594,7,219207
17895,0.031514,74.125.24.0-255,5738,171332,7,219207
17896,0.031519,172.31.36.0-255,66,171398,7,219207
17897,0.032365,172.31.36.0-255,172,171570,7,219207
17898,0.032392,172.31.36.0-255,1073,172643,7,219207
17899,0.033788,74.125.24.0-255,5738,178381,7,219207
17900,0.033794,172.31.36.0-255,66,178447,7,219207
17901,0.033902,104.244.42.0-255,66,178513,7,219207
17902,0.033931,104.244.42.0-255,66,178579,7,219207
17903,0.036053,74.125.24.0-255,5738,184317,7,219207
17904,0.03606,172.31.36.0-255,66,184383,7,219207
17905,0.038319,74.125.24.0-255,5738,190121,7,219207
17906,0.038326,172.31.36.0-255,66,190187,7,219207
17907,0.040598,74.125.24.0-255,5738,195925,7,219207
17908,0.040608,172.31.36.0-255,66,195991,7,219207
17909,0.042862,74.125.24.0-255,5738,201729,7,219207
17910,0.042869,172.31.36.0-255,66,201795,7,219207
17911,0.045114,74.125.24.0-255,5738,207533,7,219207
17912,0.045119,172.31.36.0-255,66,207599,7,219207
17913,0.047378,74.125.24.0-255,5738,213337,7,219207
17914,0.047385,172.31.36.0-255,66,213403,7,219207
17915,0.049675,74.125.24.0-255,5738,219141,7,219207
17916,0.049681,172.31.36.0-255,66,219207,7,219207
17917,0.0,74.125.24.0-255,297,297,7,238026
17918,3.5e-05,172.31.36.0-255,66,363,7,238026
17919,4.2e-05,74.125.24.0-255,1484,1847,7,238026
17920,4.5e-05,172.31.36.0-255,66,1913,7,238026
17921,5.2e-05,74.125.24.0-255,4320,6233,7,238026
17922,5.5e-05,172.31.36.0-255,66,6299,7,238026
17923,7.4e-05,172.31.36.0-255,66,6365,7,238026
17924,0.000146,172.31.36.0-255,66,6431,7,238026
17925,0.000219,74.125.24.0-255,5738,12169,7,238026
17926,0.000222,172.31.36.0-255,66,12235,7,238026
17927,0.000251,74.125.24.0-255,2543,14778,7,238026
17928,0.000254,172.31.36.0-255,66,14844,7,238026
17929,0.000322,74.125.24.0-255,1484,16328,7,238026
17930,0.000326,172.31.36.0-255,66,16394,7,238026
17931,0.000331,74.125.24.0-255,2902,19296,7,238026
17932,0.000334,172.31.36.0-255,66,19362,7,238026
17933,0.000339,74.125.24.0-255,4320,23682,7,238026
17934,0.000342,172.31.36.0-255,66,23748,7,238026
17935,0.000374,74.125.24.0-255,1484,25232,7,238026
17936,0.000377,172.31.36.0-255,66,25298,7,238026
17937,0.000413,172.31.36.0-255,66,25364,7,238026
17938,0.00044,74.125.24.0-255,2543,27907,7,238026
17939,0.000443,172.31.36.0-255,66,27973,7,238026
17940,0.000525,74.125.24.0-255,7156,35129,7,238026
17941,0.000531,172.31.36.0-255,66,35195,7,238026
17942,0.000542,74.125.24.0-255,2543,37738,7,238026
17943,0.000549,172.31.36.0-255,66,37804,7,238026
17944,0.000606,74.125.24.0-255,400,38204,7,238026
17945,0.000609,74.125.24.0-255,111,38315,7,238026
17946,0.00061,172.31.36.0-255,66,38381,7,238026
17947,0.000641,74.125.24.0-255,2902,41283,7,238026
17948,0.000645,172.31.36.0-255,66,41349,7,238026
17949,0.000681,74.125.24.0-255,7156,48505,7,238026
17950,0.000684,172.31.36.0-255,66,48571,7,238026
17951,0.000726,74.125.24.0-255,7156,55727,7,238026
17952,0.00073,172.31.36.0-255,66,55793,7,238026
17953,0.000764,172.31.36.0-255,66,55859,7,238026
17954,0.000877,74.125.24.0-255,4320,60179,7,238026
17955,0.000881,172.31.36.0-255,66,60245,7,238026
17956,0.00091,74.125.24.0-255,3961,64206,7,238026
17957,0.000914,172.31.36.0-255,66,64272,7,238026
17958,0.001621,74.125.24.0-255,1484,65756,7,238026
17959,0.001632,74.125.24.0-255,2902,68658,7,238026
17960,0.001636,172.31.36.0-255,66,68724,7,238026
17961,0.001642,74.125.24.0-255,2902,71626,7,238026
17962,0.001645,172.31.36.0-255,66,71692,7,238026
17963,0.001675,74.125.24.0-255,2902,74594,7,238026
17964,0.001678,172.31.36.0-255,66,74660,7,238026
17965,0.001705,74.125.24.0-255,7156,81816,7,238026
17966,0.001708,172.31.36.0-255,66,81882,7,238026
17967,0.00177,74.125.24.0-255,4320,86202,7,238026
17968,0.001773,172.31.36.0-255,66,86268,7,238026
17969,0.001803,172.31.36.0-255,66,86334,7,238026
17970,0.001907,74.125.24.0-255,1484,87818,7,238026
17971,0.001931,74.125.24.0-255,766,88584,7,238026
17972,0.001937,172.31.36.0-255,66,88650,7,238026
17973,0.001943,74.125.24.0-255,2902,91552,7,238026
17974,0.001945,172.31.36.0-255,66,91618,7,238026
17975,0.001996,172.31.36.0-255,66,91684,7,238026
17976,0.002137,172.31.36.0-255,66,91750,7,238026
17977,0.002222,172.31.36.0-255,66,91816,7,238026
17978,0.00228,172.31.36.0-255,66,91882,7,238026
17979,0.002553,74.125.24.0-255,3602,95484,7,238026
17980,0.002557,172.31.36.0-255,66,95550,7,238026
17981,0.002615,172.31.36.0-255,66,95616,7,238026
17982,0.002689,74.125.24.0-255,4320,99936,7,238026
17983,0.002692,172.31.36.0-255,66,100002,7,238026
17984,0.002722,172.31.36.0-255,66,100068,7,238026
17985,0.00475,74.125.24.0-255,5738,105806,7,238026
17986,0.004757,172.31.36.0-255,66,105872,7,238026
17987,0.006789,74.125.24.0-255,5738,111610,7,238026
17988,0.006794,172.31.36.0-255,66,111676,7,238026
17989,0.008818,74.125.24.0-255,5738,117414,7,238026
17990,0.008824,172.31.36.0-255,66,117480,7,238026
17991,0.01085,74.125.24.0-255,5738,123218,7,238026
17992,0.010857,172.31.36.0-255,66,123284,7,238026
17993,0.012917,74.125.24.0-255,5738,129022,7,238026
17994,0.012937,172.31.36.0-255,66,129088,7,238026
17995,0.014974,74.125.24.0-255,5738,134826,7,238026
17996,0.014991,172.31.36.0-255,66,134892,7,238026
17997,0.017055,74.125.24.0-255,5738,140630,7,238026
17998,0.017072,172.31.36.0-255,66,140696,7,238026
17999,0.019097,74.125.24.0-255,5738,146434,7,238026
18000,0.019108,172.31.36.0-255,66,146500,7,238026
18001,0.021155,74.125.24.0-255,5738,152238,7,238026
18002,0.021162,172.31.36.0-255,66,152304,7,238026
18003,0.023203,74.125.24.0-255,5738,158042,7,238026
18004,0.023209,172.31.36.0-255,66,158108,7,238026
18005,0.025252,74.125.24.0-255,5738,163846,7,238026
18006,0.025258,172.31.36.0-255,66,163912,7,238026
18007,0.027298,74.125.24.0-255,5738,169650,7,238026
18008,0.027305,172.31.36.0-255,66,169716,7,238026
18009,0.029337,74.125.24.0-255,5738,175454,7,238026
18010,0.029344,172.31.36.0-255,66,175520,7,238026
18011,0.031387,74.125.24.0-255,5738,181258,7,238026
18012,0.031396,172.31.36.0-255,66,181324,7,238026
18013,0.033419,74.125.24.0-255,5738,187062,7,238026
18014,0.033427,172.31.36.0-255,66,187128,7,238026
18015,0.035485,74.125.24.0-255,5738,192866,7,238026
18016,0.035491,172.31.36.0-255,66,192932,7,238026
18017,0.037551,74.125.24.0-255,5738,198670,7,238026
18018,0.037559,172.31.36.0-255,66,198736,7,238026
18019,0.039591,74.125.24.0-255,5738,204474,7,238026
18020,0.0396,172.31.36.0-255,66,204540,7,238026
18021,0.039607,172.31.36.0-255,172,204712,7,238026
18022,0.03966,172.31.36.0-255,1114,205826,7,238026
18023,0.039852,172.31.36.0-255,1514,207340,7,238026
18024,0.039854,172.31.36.0-255,1294,208634,7,238026
18025,0.041126,104.244.42.0-255,66,208700,7,238026
18026,0.041188,104.244.42.0-255,66,208766,7,238026
18027,0.041409,104.244.42.0-255,66,208832,7,238026
18028,0.04165,74.125.24.0-255,5738,214570,7,238026
18029,0.041654,172.31.36.0-255,66,214636,7,238026
18030,0.041843,104.244.42.0-255,108,214744,7,238026
18031,0.041848,172.31.36.0-255,66,214810,7,238026
18032,0.043686,74.125.24.0-255,5738,220548,7,238026
18033,0.043694,172.31.36.0-255,66,220614,7,238026
18034,0.045735,74.125.24.0-255,5738,226352,7,238026
18035,0.045741,172.31.36.0-255,66,226418,7,238026
18036,0.047782,74.125.24.0-255,5738,232156,7,238026
18037,0.047788,172.31.36.0-255,66,232222,7,238026
18038,0.049845,74.125.24.0-255,5738,237960,7,238026
18039,0.04985,172.31.36.0-255,66,238026,7,238026
18040,0.0,172.217.194.0-255,153,153,7,306133
18041,2.4e-05,172.31.36.0-255,66,219,7,306133
18042,3.2e-05,172.217.194.0-255,1484,1703,7,306133
18043,3.6e-05,172.31.36.0-255,66,1769,7,306133
18044,4.2e-05,172.217.194.0-255,2902,4671,7,306133
18045,4.5e-05,172.31.36.0-255,66,4737,7,306133
18046,5.3e-05,172.217.194.0-255,7156,11893,7,306133
18047,5.7e-05,172.31.36.0-255,66,11959,7,306133
18048,6.8e-05,172.31.36.0-255,66,12025,7,306133
18049,0.000107,172.217.194.0-255,5738,17763,7,306133
18050,0.00011,172.31.36.0-255,66,17829,7,306133
18051,0.000131,172.217.194.0-255,5379,23208,7,306133
18052,0.000134,172.31.36.0-255,66,23274,7,306133
18053,0.000155,172.217.194.0-255,5738,29012,7,306133
18054,0.000158,172.31.36.0-255,66,29078,7,306133
18055,0.000175,172.217.194.0-255,5738,34816,7,306133
18056,0.000178,172.31.36.0-255,66,34882,7,306133
18057,0.000181,172.217.194.0-255,1484,36366,7,306133
18058,0.000183,172.31.36.0-255,66,36432,7,306133
18059,0.000189,172.217.194.0-255,4320,40752,7,306133
18060,0.000191,172.31.36.0-255,66,40818,7,306133
18061,0.00023,172.31.36.0-255,66,40884,7,306133
18062,0.000236,172.217.194.0-255,5379,46263,7,306133
18063,0.000239,172.31.36.0-255,66,46329,7,306133
18064,0.000241,172.217.194.0-255,677,47006,7,306133
18065,0.000244,172.31.36.0-255,66,47072,7,306133
18066,0.000293,172.217.194.0-255,1484,48556,7,306133
18067,0.000296,172.31.36.0-255,66,48622,7,306133
18068,0.000301,172.217.194.0-255,2902,51524,7,306133
18069,0.000303,172.31.36.0-255,66,51590,7,306133
18070,0.000317,172.217.194.0-255,1484,53074,7,306133
18071,0.000334,172.217.194.0-255,4320,57394,7,306133
18072,0.000337,172.31.36.0-255,66,57460,7,306133
18073,0.000353,172.217.194.0-255,6248,63708,7,306133
18074,0.000355,172.31.36.0-255,66,63774,7,306133
18075,0.000384,172.217.194.0-255,2902,66676,7,306133
18076,0.000387,172.31.36.0-255,66,66742,7,306133
18077,0.00041,172.217.194.0-255,4320,71062,7,306133
18078,0.000413,172.31.36.0-255,66,71128,7,306133
18079,0.000419,172.217.194.0-255,5738,76866,7,306133
18080,0.000421,172.31.36.0-255,66,76932,7,306133
18081,0.000457,172.217.194.0-255,3961,80893,7,306133
18082,0.00046,172.31.36.0-255,66,80959,7,306133
18083,0.000805,172.217.194.0-255,1484,82443,7,306133
18084,0.000812,172.217.194.0-255,2902,85345,7,306133
18085,0.000815,172.31.36.0-255,66,85411,7,306133
18086,0.00084,172.217.194.0-255,5738,91149,7,306133
18087,0.000842,172.31.36.0-255,66,91215,7,306133
18088,0.000857,172.217.194.0-255,5738,96953,7,306133
18089,0.000859,172.31.36.0-255,66,97019,7,306133
18090,0.000882,172.217.194.0-255,7156,104175,7,306133
18091,0.000885,172.31.36.0-255,66,104241,7,306133
18092,0.000888,172.217.194.0-255,1484,105725,7,306133
18093,0.000919,172.217.194.0-255,5738,111463,7,306133
18094,0.000927,172.31.36.0-255,66,111529,7,306133
18095,0.000933,172.217.194.0-255,3602,115131,7,306133
18096,0.000936,172.31.36.0-255,66,115197,7,306133
18097,0.000942,172.217.194.0-255,4320,119517,7,306133
18098,0.000944,172.31.36.0-255,66,119583,7,306133
18099,0.00097,172.217.194.0-255,5738,125321,7,306133
18100,0.000973,172.31.36.0-255,66,125387,7,306133
18101,0.000984,172.31.36.0-255,66,125453,7,306133
18102,0.001061,172.31.36.0-255,66,125519,7,306133
18103,0.001078,172.217.194.0-255,6438,131957,7,306133
18104,0.001081,172.31.36.0-255,66,132023,7,306133
18105,0.001093,172.31.36.0-255,66,132089,7,306133
18106,0.00111,172.31.36.0-255,66,132155,7,306133
18107,0.001282,172.217.194.0-255,1484,133639,7,306133
18108,0.001287,172.217.194.0-255,1484,135123,7,306133
18109,0.00129,172.31.36.0-255,66,135189,7,306133
18110,0.001309,172.217.194.0-255,1484,136673,7,306133
18111,0.001316,172.217.194.0-255,5738,142411,7,306133
18112,0.001323,172.217.194.0-255,7156,149567,7,306133
18113,0.001327,172.31.36.0-255,66,149633,7,306133
18114,0.001336,172.31.36.0-255,66,149699,7,306133
18115,0.001342,172.217.194.0-255,2902,152601,7,306133
18116,0.001344,172.31.36.0-255,66,152667,7,306133
18117,0.001386,172.31.36.0-255,66,152733,7,306133
18118,0.001402,172.217.194.0-255,2184,154917,7,306133
18119,0.001405,172.31.36.0-255,66,154983,7,306133
18120,0.00157,172.217.194.0-255,1484,156467,7,306133
18121,0.001576,172.217.194.0-255,2902,159369,7,306133
18122,0.001579,172.31.36.0-255,66,159435,7,306133
18123,0.001603,172.217.194.0-255,5738,165173,7,306133
18124,0.001605,172.31.36.0-255,66,165239,7,306133
18125,0.001659,172.31.36.0-255,66,165305,7,306133
18126,0.001663,172.31.36.0-255,66,165371,7,306133
18127,0.001713,172.217.194.0-255,2184,167555,7,306133
18128,0.001716,172.31.36.0-255,66,167621,7,306133
18129,0.001752,172.217.194.0-255,1484,169105,7,306133
18130,0.001769,172.217.194.0-255,2902,172007,7,306133
18131,0.001771,172.31.36.0-255,66,172073,7,306133
18132,0.001789,172.217.194.0-255,5738,177811,7,306133
18133,0.001793,172.217.194.0-255,2902,180713,7,306133
18134,0.001797,172.31.36.0-255,66,180779,7,306133
18135,0.001802,172.31.36.0-255,66,180845,7,306133
18136,0.001812,172.217.194.0-255,1484,182329,7,306133
18137,0.001849,172.217.194.0-255,2902,185231,7,306133
18138,0.001862,172.31.36.0-255,66,185297,7,306133
18139,0.002193,172.217.194.0-255,1484,186781,7,306133
18140,0.002215,172.217.194.0-255,2902,189683,7,306133
18141,0.002218,172.31.36.0-255,66,189749,7,306133
18142,0.002223,172.217.194.0-255,2902,192651,7,306133
18143,0.002226,172.31.36.0-255,66,192717,7,306133
18144,0.002239,172.217.194.0-255,2902,195619,7,306133
18145,0.002244,172.217.194.0-255,5738,201357,7,306133
18146,0.002248,172.31.36.0-255,66,201423,7,306133
18147,0.002256,172.31.36.0-255,66,201489,7,306133
18148,0.002263,172.217.194.0-255,7156,208645,7,306133
18149,0.00227,172.217.194.0-255,7156,215801,7,306133
18150,0.002297,172.31.36.0-255,66,215867,7,306133
18151,0.002312,172.217.194.0-255,3602,219469,7,306133
18152,0.00233,172.31.36.0-255,66,219535,7,306133
18153,0.004631,172.217.194.0-255,1484,221019,7,306133
18154,0.004689,172.217.194.0-255,4320,225339,7,306133
18155,0.004693,172.31.36.0-255,66,225405,7,306133
18156,0.007047,172.217.194.0-255,5738,231143,7,306133
18157,0.007055,172.31.36.0-255,66,231209,7,306133
18158,0.009419,172.217.194.0-255,5738,236947,7,306133
18159,0.009422,172.31.36.0-255,66,237013,7,306133
18160,0.011756,172.217.194.0-255,5738,242751,7,306133
18161,0.011763,172.31.36.0-255,66,242817,7,306133
18162,0.014082,172.217.194.0-255,5738,248555,7,306133
18163,0.014093,172.31.36.0-255,66,248621,7,306133
18164,0.016442,172.217.194.0-255,5738,254359,7,306133
18165,0.016453,172.31.36.0-255,66,254425,7,306133
18166,0.018798,172.217.194.0-255,5738,260163,7,306133
18167,0.01881,172.31.36.0-255,66,260229,7,306133
18168,0.021153,172.217.194.0-255,5738,265967,7,306133
18169,0.021163,172.31.36.0-255,66,266033,7,306133
18170,0.023478,172.217.194.0-255,5738,271771,7,306133
18171,0.023487,172.31.36.0-255,66,271837,7,306133
18172,0.025848,172.217.194.0-255,5738,277575,7,306133
18173,0.025855,172.31.36.0-255,66,277641,7,306133
18174,0.028179,172.217.194.0-255,5738,283379,7,306133
18175,0.028186,172.31.36.0-255,66,283445,7,306133
18176,0.030533,172.217.194.0-255,5738,289183,7,306133
18177,0.030543,172.31.36.0-255,66,289249,7,306133
18178,0.0329,172.217.194.0-255,5738,294987,7,306133
18179,0.032906,172.31.36.0-255,66,295053,7,306133
18180,0.034001,172.31.36.0-255,172,295225,7,306133
18181,0.034032,172.31.36.0-255,1112,296337,7,306133
18182,0.034093,172.31.36.0-255,1514,297851,7,306133
18183,0.034096,172.31.36.0-255,1294,299145,7,306133
18184,0.03527,172.217.194.0-255,5738,304883,7,306133
18185,0.035277,172.31.36.0-255,66,304949,7,306133
18186,0.035549,104.244.42.0-255,66,305015,7,306133
18187,0.035585,104.244.42.0-255,66,305081,7,306133
18188,0.035634,104.244.42.0-255,66,305147,7,306133
18189,0.037584,172.217.194.0-255,749,305896,7,306133
18190,0.037711,172.31.36.0-255,66,305962,7,306133
18191,0.037747,172.31.36.0-255,105,306067,7,306133
18192,0.040036,172.217.194.0-255,66,306133,7,306133
18193,0.0,172.253.118.0-255,153,153,7,251723
18194,2.8e-05,172.31.36.0-255,66,219,7,251723
18195,3.6e-05,172.253.118.0-255,1484,1703,7,251723
18196,4.2e-05,172.31.36.0-255,66,1769,7,251723
18197,4.7e-05,172.253.118.0-255,2902,4671,7,251723
18198,5e-05,172.31.36.0-255,66,4737,7,251723
18199,5.7e-05,172.253.118.0-255,5738,10475,7,251723
18200,6e-05,172.31.36.0-255,66,10541,7,251723
18201,7.3e-05,172.31.36.0-255,66,10607,7,251723
18202,8.9e-05,172.31.36.0-255,66,10673,7,251723
18203,0.00013,172.253.118.0-255,4320,14993,7,251723
18204,0.000133,172.31.36.0-255,66,15059,7,251723
18205,0.000162,172.31.36.0-255,66,15125,7,251723
18206,0.000193,172.253.118.0-255,3602,18727,7,251723
18207,0.000196,172.31.36.0-255,66,18793,7,251723
18208,0.000202,172.253.118.0-255,5691,24484,7,251723
18209,0.000205,172.31.36.0-255,66,24550,7,251723
18210,0.000207,172.253.118.0-255,108,24658,7,251723
18211,0.000209,172.31.36.0-255,66,24724,7,251723
18212,0.000407,172.253.118.0-255,1484,26208,7,251723
18213,0.000414,172.31.36.0-255,66,26274,7,251723
18214,0.00042,172.253.118.0-255,2902,29176,7,251723
18215,0.000423,172.31.36.0-255,66,29242,7,251723
18216,0.000456,172.253.118.0-255,1484,30726,7,251723
18217,0.000458,172.31.36.0-255,66,30792,7,251723
18218,0.000481,172.253.118.0-255,4320,35112,7,251723
18219,0.000483,172.31.36.0-255,66,35178,7,251723
18220,0.000498,172.31.36.0-255,66,35244,7,251723
18221,0.000511,172.31.36.0-255,66,35310,7,251723
18222,0.000513,172.253.118.0-255,332,35642,7,251723
18223,0.000848,172.253.118.0-255,1484,37126,7,251723
18224,0.000853,172.31.36.0-255,66,37192,7,251723
18225,0.000871,172.253.118.0-255,2902,40094,7,251723
18226,0.000873,172.31.36.0-255,66,40160,7,251723
18227,0.000878,172.253.118.0-255,2902,43062,7,251723
18228,0.00088,172.31.36.0-255,66,43128,7,251723
18229,0.000911,172.253.118.0-255,7156,50284,7,251723
18230,0.000914,172.31.36.0-255,66,50350,7,251723
18231,0.000917,172.253.118.0-255,1484,51834,7,251723
18232,0.000939,172.253.118.0-255,7156,58990,7,251723
18233,0.000941,172.31.36.0-255,66,59056,7,251723
18234,0.000969,172.253.118.0-255,7156,66212,7,251723
18235,0.000973,172.253.118.0-255,3602,69814,7,251723
18236,0.000978,172.31.36.0-255,66,69880,7,251723
18237,0.000981,172.31.36.0-255,66,69946,7,251723
18238,0.001769,172.253.118.0-255,1484,71430,7,251723
18239,0.001794,172.253.118.0-255,2902,74332,7,251723
18240,0.001798,172.31.36.0-255,66,74398,7,251723
18241,0.001807,172.253.118.0-255,5738,80136,7,251723
18242,0.001809,172.31.36.0-255,66,80202,7,251723
18243,0.001816,172.253.118.0-255,7156,87358,7,251723
18244,0.001818,172.31.36.0-255,66,87424,7,251723
18245,0.001841,172.253.118.0-255,7156,94580,7,251723
18246,0.001843,172.31.36.0-255,66,94646,7,251723
18247,0.001868,172.253.118.0-255,7156,101802,7,251723
18248,0.001871,172.31.36.0-255,66,101868,7,251723
18249,0.001875,172.253.118.0-255,2184,104052,7,251723
18250,0.001877,172.31.36.0-255,66,104118,7,251723
18251,0.002283,172.253.118.0-255,1484,105602,7,251723
18252,0.002291,172.253.118.0-255,1484,107086,7,251723
18253,0.002295,172.31.36.0-255,66,107152,7,251723
18254,0.00231,172.253.118.0-255,1484,108636,7,251723
18255,0.002315,172.253.118.0-255,4320,112956,7,251723
18256,0.002318,172.31.36.0-255,66,113022,7,251723
18257,0.002338,172.253.118.0-255,1484,114506,7,251723
18258,0.002342,172.253.118.0-255,1484,115990,7,251723
18259,0.002344,172.31.36.0-255,66,116056,7,251723
18260,0.002369,172.31.36.0-255,66,116122,7,251723
18261,0.002374,172.253.118.0-255,4320,120442,7,251723
18262,0.002376,172.31.36.0-255,66,120508,7,251723
18263,0.002383,172.253.118.0-255,5738,126246,7,251723
18264,0.002384,172.31.36.0-255,66,126312,7,251723
18265,0.004757,172.253.118.0-255,5738,132050,7,251723
18266,0.004769,172.31.36.0-255,66,132116,7,251723
18267,0.00711,172.253.118.0-255,5738,137854,7,251723
18268,0.007116,172.31.36.0-255,66,137920,7,251723
18269,0.00946,172.253.118.0-255,5738,143658,7,251723
18270,0.009472,172.31.36.0-255,66,143724,7,251723
18271,0.011825,172.253.118.0-255,5738,149462,7,251723
18272,0.011837,172.31.36.0-255,66,149528,7,251723
18273,0.014189,172.253.118.0-255,5738,155266,7,251723
18274,0.014202,172.31.36.0-255,66,155332,7,251723
18275,0.016547,172.253.118.0-255,5738,161070,7,251723
18276,0.016557,172.31.36.0-255,66,161136,7,251723
18277,0.01891,172.253.118.0-255,5738,166874,7,251723
18278,0.018918,172.31.36.0-255,66,166940,7,251723
18279,0.021265,172.253.118.0-255,5738,172678,7,251723
18280,0.021276,172.31.36.0-255,66,172744,7,251723
18281,0.023624,172.253.118.0-255,5738,178482,7,251723
18282,0.023635,172.31.36.0-255,66,178548,7,251723
18283,0.026047,172.253.118.0-255,5738,184286,7,251723
18284,0.026055,172.31.36.0-255,66,184352,7,251723
18285,0.028408,172.253.118.0-255,5738,190090,7,251723
18286,0.028417,172.31.36.0-255,66,190156,7,251723
18287,0.030768,172.253.118.0-255,5738,195894,7,251723
18288,0.030777,172.31.36.0-255,66,195960,7,251723
18289,0.033151,172.253.118.0-255,5738,201698,7,251723
18290,0.033161,172.31.36.0-255,66,201764,7,251723
18291,0.035507,172.253.118.0-255,5738,207502,7,251723
18292,0.035517,172.31.36.0-255,66,207568,7,251723
18293,0.037882,172.253.118.0-255,5738,213306,7,251723
18294,0.037891,172.31.36.0-255,66,213372,7,251723
18295,0.0381,172.31.36.0-255,171,213543,7,251723
18296,0.038131,172.31.36.0-255,1137,214680,7,251723
18297,0.038269,172.31.36.0-255,1514,216194,7,251723
18298,0.038271,172.31.36.0-255,1514,217708,7,251723
18299,0.038273,172.31.36.0-255,1514,219222,7,251723
18300,0.038274,172.31.36.0-255,1514,220736,7,251723
18301,0.038303,172.31.36.0-255,1514,222250,7,251723
18302,0.038308,172.31.36.0-255,189,222439,7,251723
18303,0.039654,104.244.42.0-255,66,222505,7,251723
18304,0.039699,104.244.42.0-255,66,222571,7,251723
18305,0.039852,104.244.42.0-255,66,222637,7,251723
18306,0.039858,104.244.42.0-255,66,222703,7,251723
18307,0.040239,172.253.118.0-255,5738,228441,7,251723
18308,0.040247,172.31.36.0-255,66,228507,7,251723
18309,0.042591,172.253.118.0-255,5738,234245,7,251723
18310,0.0426,172.31.36.0-255,66,234311,7,251723
18311,0.044946,172.253.118.0-255,5738,240049,7,251723
18312,0.044953,172.31.36.0-255,66,240115,7,251723
18313,0.047294,172.253.118.0-255,5738,245853,7,251723
18314,0.047301,172.31.36.0-255,66,245919,7,251723
18315,0.049658,172.253.118.0-255,5738,251657,7,251723
18316,0.049664,172.31.36.0-255,66,251723,7,251723
18317,0.0,74.125.68.0-255,153,153,7,226308
18318,1.5e-05,172.31.36.0-255,66,219,7,226308
18319,3.6e-05,74.125.68.0-255,1484,1703,7,226308
18320,4e-05,172.31.36.0-255,66,1769,7,226308
18321,5.7e-05,74.125.68.0-255,2902,4671,7,226308
18322,6e-05,172.31.36.0-255,66,4737,7,226308
18323,8.6e-05,74.125.68.0-255,4320,9057,7,226308
18324,8.9e-05,172.31.36.0-255,66,9123,7,226308
18325,9.5e-05,74.125.68.0-255,4837,13960,7,226308
18326,9.8e-05,172.31.36.0-255,66,14026,7,226308
18327,0.000207,74.125.68.0-255,1484,15510,7,226308
18328,0.000211,172.31.36.0-255,66,15576,7,226308
18329,0.000218,74.125.68.0-255,2902,18478,7,226308
18330,0.00022,172.31.36.0-255,66,18544,7,226308
18331,0.000223,74.125.68.0-255,1484,20028,7,226308
18332,0.000225,172.31.36.0-255,66,20094,7,226308
18333,0.00025,74.125.68.0-255,2902,22996,7,226308
18334,0.000253,172.31.36.0-255,66,23062,7,226308
18335,0.000279,74.125.68.0-255,5738,28800,7,226308
18336,0.000281,172.31.36.0-255,66,28866,7,226308
18337,0.000286,74.125.68.0-255,2543,31409,7,226308
18338,0.000288,172.31.36.0-255,66,31475,7,226308
18339,0.000291,74.125.68.0-255,1484,32959,7,226308
18340,0.000294,172.31.36.0-255,66,33025,7,226308
18341,0.000315,74.125.68.0-255,1484,34509,7,226308
18342,0.000317,172.31.36.0-255,66,34575,7,226308
18343,0.000335,74.125.68.0-255,5738,40313,7,226308
18344,0.000338,172.31.36.0-255,66,40379,7,226308
18345,0.000355,74.125.68.0-255,1484,41863,7,226308
18346,0.000358,172.31.36.0-255,66,41929,7,226308
18347,0.000364,74.125.68.0-255,5738,47667,7,226308
18348,0.000367,172.31.36.0-255,66,47733,7,226308
18349,0.000386,74.125.68.0-255,4320,52053,7,226308
18350,0.000389,172.31.36.0-255,66,52119,7,226308
18351,0.000421,172.31.36.0-255,66,52185,7,226308
18352,0.000427,74.125.68.0-255,3602,55787,7,226308
18353,0.000428,172.31.36.0-255,66,55853,7,226308
18354,0.000474,74.125.68.0-255,401,56254,7,226308
18355,0.000605,74.125.68.0-255,342,56596,7,226308
18356,0.000867,74.125.68.0-255,1484,58080,7,226308
18357,0.000872,172.31.36.0-255,66,58146,7,226308
18358,0.000891,74.125.68.0-255,2902,61048,7,226308
18359,0.000894,172.31.36.0-255,66,61114,7,226308
18360,0.000897,74.125.68.0-255,1484,62598,7,226308
18361,0.000916,74.125.68.0-255,2902,65500,7,226308
18362,0.00092,172.31.36.0-255,66,65566,7,226308
18363,0.000954,74.125.68.0-255,5738,71304,7,226308
18364,0.000957,172.31.36.0-255,66,71370,7,226308
18365,0.000974,74.125.68.0-255,2902,74272,7,226308
18366,0.000977,172.31.36.0-255,66,74338,7,226308
18367,0.001003,74.125.68.0-255,4320,78658,7,226308
18368,0.001005,172.31.36.0-255,66,78724,7,226308
18369,0.001013,74.125.68.0-255,7156,85880,7,226308
18370,0.001015,172.31.36.0-255,66,85946,7,226308
18371,0.001047,74.125.68.0-255,1484,87430,7,226308
18372,0.001076,74.125.68.0-255,3602,91032,7,226308
18373,0.00108,172.31.36.0-255,66,91098,7,226308
18374,0.001551,74.125.68.0-255,1484,92582,7,226308
18375,0.001571,74.125.68.0-255,2902,95484,7,226308
18376,0.001576,172.31.36.0-255,66,95550,7,226308
18377,0.001584,74.125.68.0-255,5738,101288,7,226308
18378,0.001586,172.31.36.0-255,66,101354,7,226308
18379,0.001618,74.125.68.0-255,2902,104256,7,226308
18380,0.001621,172.31.36.0-255,66,104322,7,226308
18381,0.001653,172.31.36.0-255,66,104388,7,226308
18382,0.00167,74.125.68.0-255,1484,105872,7,226308
18383,0.001706,172.31.36.0-255,66,105938,7,226308
18384,0.003996,74.125.68.0-255,5738,111676,7,226308
18385,0.004002,172.31.36.0-255,66,111742,7,226308
18386,0.006315,74.125.68.0-255,5738,117480,7,226308
18387,0.00632,172.31.36.0-255,66,117546,7,226308
18388,0.008604,74.125.68.0-255,5738,123284,7,226308
18389,0.00861,172.31.36.0-255,66,123350,7,226308
18390,0.010902,74.125.68.0-255,5738,129088,7,226308
18391,0.01091,172.31.36.0-255,66,129154,7,226308
18392,0.01323,74.125.68.0-255,5738,134892,7,226308
18393,0.013238,172.31.36.0-255,66,134958,7,226308
18394,0.015531,74.125.68.0-255,5738,140696,7,226308
18395,0.015542,172.31.36.0-255,66,140762,7,226308
18396,0.017832,74.125.68.0-255,5738,146500,7,226308
18397,0.017844,172.31.36.0-255,66,146566,7,226308
18398,0.020161,74.125.68.0-255,5738,152304,7,226308
18399,0.020172,172.31.36.0-255,66,152370,7,226308
18400,0.022475,74.125.68.0-255,5738,158108,7,226308
18401,0.022484,172.31.36.0-255,66,158174,7,226308
18402,0.024772,74.125.68.0-255,5738,163912,7,226308
18403,0.024779,172.31.36.0-255,66,163978,7,226308
18404,0.025925,172.31.36.0-255,172,164150,7,226308
18405,0.02596,172.31.36.0-255,1114,165264,7,226308
18406,0.026018,172.31.36.0-255,1514,166778,7,226308
18407,0.026019,172.31.36.0-255,1292,168070,7,226308
18408,0.027068,74.125.68.0-255,5738,173808,7,226308
18409,0.027075,172.31.36.0-255,66,173874,7,226308
18410,0.027455,104.244.42.0-255,66,173940,7,226308
18411,0.027483,104.244.42.0-255,66,174006,7,226308
18412,0.027561,104.244.42.0-255,66,174072,7,226308
18413,0.029369,74.125.68.0-255,5738,179810,7,226308
18414,0.029375,172.31.36.0-255,66,179876,7,226308
18415,0.031684,74.125.68.0-255,5738,185614,7,226308
18416,0.03169,172.31.36.0-255,66,185680,7,226308
18417,0.03399,74.125.68.0-255,5738,191418,7,226308
18418,0.033997,172.31.36.0-255,66,191484,7,226308
18419,0.036304,74.125.68.0-255,5738,197222,7,226308
18420,0.03631,172.31.36.0-255,66,197288,7,226308
18421,0.03861,74.125.68.0-255,5738,203026,7,226308
18422,0.038617,172.31.36.0-255,66,203092,7,226308
18423,0.04092,74.125.68.0-255,5738,208830,7,226308
18424,0.040926,172.31.36.0-255,66,208896,7,226308
18425,0.043234,74.125.68.0-255,5738,214634,7,226308
18426,0.043244,172.31.36.0-255,66,214700,7,226308
18427,0.045528,74.125.68.0-255,5738,220438,7,226308
18428,0.045535,172.31.36.0-255,66,220504,7,226308
18429,0.047838,74.125.68.0-255,5738,226242,7,226308
18430,0.047844,172.31.36.0-255,66,226308,7,226308
18431,0.0,74.125.24.0-255,153,153,7,231598
18432,2e-05,172.31.36.0-255,66,219,7,231598
18433,2.8e-05,74.125.24.0-255,1484,1703,7,231598
18434,3.2e-05,172.31.36.0-255,66,1769,7,231598
18435,3.8e-05,74.125.24.0-255,2902,4671,7,231598
18436,4.2e-05,172.31.36.0-255,66,4737,7,231598
18437,4.5e-05,74.125.24.0-255,1484,6221,7,231598
18438,4.8e-05,172.31.36.0-255,66,6287,7,231598
18439,5.5e-05,74.125.24.0-255,5738,12025,7,231598
18440,5.9e-05,172.31.36.0-255,66,12091,7,231598
18441,7.9e-05,74.125.24.0-255,1974,14065,7,231598
18442,8.1e-05,172.31.36.0-255,66,14131,7,231598
18443,0.000141,74.125.24.0-255,1484,15615,7,231598
18444,0.000144,172.31.36.0-255,66,15681,7,231598
18445,0.000149,74.125.24.0-255,2902,18583,7,231598
18446,0.000152,172.31.36.0-255,66,18649,7,231598
18447,0.00018,74.125.24.0-255,4320,22969,7,231598
18448,0.000183,172.31.36.0-255,66,23035,7,231598
18449,0.000205,74.125.24.0-255,1484,24519,7,231598
18450,0.000207,172.31.36.0-255,66,24585,7,231598
18451,0.000215,74.125.24.0-255,6797,31382,7,231598
18452,0.000217,172.31.36.0-255,66,31448,7,231598
18453,0.000249,74.125.24.0-255,1484,32932,7,231598
18454,0.000252,172.31.36.0-255,66,32998,7,231598
18455,0.000274,74.125.24.0-255,2902,35900,7,231598
18456,0.000277,172.31.36.0-255,66,35966,7,231598
18457,0.000282,74.125.24.0-255,5738,41704,7,231598
18458,0.000284,172.31.36.0-255,66,41770,7,231598
18459,0.000319,74.125.24.0-255,7156,48926,7,231598
18460,0.000322,172.31.36.0-255,66,48992,7,231598
18461,0.000343,74.125.24.0-255,3961,52953,7,231598
18462,0.000346,172.31.36.0-255,66,53019,7,231598
18463,0.000357,172.31.36.0-255,66,53085,7,231598
18464,0.000388,74.125.24.0-255,2846,55931,7,231598
18465,0.000391,172.31.36.0-255,66,55997,7,231598
18466,0.000407,74.125.24.0-255,407,56404,7,231598
18467,0.000409,172.31.36.0-255,66,56470,7,231598
18468,0.000611,74.125.24.0-255,1484,57954,7,231598
18469,0.000615,172.31.36.0-255,66,58020,7,231598
18470,0.000622,74.125.24.0-255,2902,60922,7,231598
18471,0.000625,172.31.36.0-255,66,60988,7,231598
18472,0.000631,74.125.24.0-255,5738,66726,7,231598
18473,0.000633,172.31.36.0-255,66,66792,7,231598
18474,0.000657,74.125.24.0-255,5738,72530,7,231598
18475,0.00066,172.31.36.0-255,66,72596,7,231598
18476,0.000699,172.31.36.0-255,66,72662,7,231598
18477,0.000705,74.125.24.0-255,5020,77682,7,231598
18478,0.000708,172.31.36.0-255,66,77748,7,231598
18479,0.000918,74.125.24.0-255,1484,79232,7,231598
18480,0.000924,172.31.36.0-255,66,79298,7,231598
18481,0.00093,74.125.24.0-255,2902,82200,7,231598
18482,0.000932,172.31.36.0-255,66,82266,7,231598
18483,0.000939,74.125.24.0-255,5738,88004,7,231598
18484,0.000941,172.31.36.0-255,66,88070,7,231598
18485,0.000946,74.125.24.0-255,2902,90972,7,231598
18486,0.000948,172.31.36.0-255,66,91038,7,231598
18487,0.000967,74.125.24.0-255,1484,92522,7,231598
18488,0.00097,172.31.36.0-255,66,92588,7,231598
18489,0.000981,172.31.36.0-255,66,92654,7,231598
18490,0.000998,74.125.24.0-255,2902,95556,7,231598
18491,0.001,172.31.36.0-255,66,95622,7,231598
18492,0.001011,172.31.36.0-255,66,95688,7,231598
18493,0.001051,172.31.36.0-255,66,95754,7,231598
18494,0.001056,74.125.24.0-255,2902,98656,7,231598
18495,0.001058,172.31.36.0-255,66,98722,7,231598
18496,0.001077,74.125.24.0-255,7156,105878,7,231598
18497,0.00108,172.31.36.0-255,66,105944,7,231598
18498,0.001111,172.31.36.0-255,66,106010,7,231598
18499,0.001136,74.125.24.0-255,6438,112448,7,231598
18500,0.00114,172.31.36.0-255,66,112514,7,231598
18501,0.001197,74.125.24.0-255,1484,113998,7,231598
18502,0.0012,172.31.36.0-255,66,114064,7,231598
18503,0.001206,74.125.24.0-255,2902,116966,7,231598
18504,0.001208,172.31.36.0-255,66,117032,7,231598
18505,0.001213,74.125.24.0-255,4320,121352,7,231598
18506,0.001216,172.31.36.0-255,66,121418,7,231598
18507,0.001236,74.125.24.0-255,1484,122902,7,231598
18508,0.001239,172.31.36.0-255,66,122968,7,231598
18509,0.001253,172.31.36.0-255,66,123034,7,231598
18510,0.001259,74.125.24.0-255,5738,128772,7,231598
18511,0.001262,172.31.36.0-255,66,128838,7,231598
18512,0.001282,74.125.24.0-255,5020,133858,7,231598
18513,0.001284,172.31.36.0-255,66,133924,7,231598
18514,0.001388,74.125.24.0-255,1484,135408,7,231598
18515,0.001392,74.125.24.0-255,2902,138310,7,231598
18516,0.001432,172.31.36.0-255,66,138376,7,231598
18517,0.001435,172.31.36.0-255,66,138442,7,231598
18518,0.001451,74.125.24.0-255,5738,144180,7,231598
18519,0.001454,172.31.36.0-255,66,144246,7,231598
18520,0.001469,172.31.36.0-255,66,144312,7,231598
18521,0.001482,172.31.36.0-255,66,144378,7,231598
18522,0.001527,74.125.24.0-255,1484,145862,7,231598
18523,0.001532,74.125.24.0-255,2902,148764,7,231598
18524,0.001548,74.125.24.0-255,5738,154502,7,231598
18525,0.001562,172.31.36.0-255,66,154568,7,231598
18526,0.001568,74.125.24.0-255,4320,158888,7,231598
18527,0.001572,172.31.36.0-255,66,158954,7,231598
18528,0.001586,74.125.24.0-255,4320,163274,7,231598
18529,0.001593,74.125.24.0-255,5738,169012,7,231598
18530,0.001615,74.125.24.0-255,4320,173332,7,231598
18531,0.001623,172.31.36.0-255,66,173398,7,231598
18532,0.001634,74.125.24.0-255,5020,178418,7,231598
18533,0.00164,172.31.36.0-255,66,178484,7,231598
18534,0.001667,74.125.24.0-255,1484,179968,7,231598
18535,0.001692,74.125.24.0-255,2902,182870,7,231598
18536,0.001698,74.125.24.0-255,4320,187190,7,231598
18537,0.001713,74.125.24.0-255,1484,188674,7,231598
18538,0.001718,74.125.24.0-255,4320,192994,7,231598
18539,0.001721,172.31.36.0-255,66,193060,7,231598
18540,0.001726,172.31.36.0-255,66,193126,7,231598
18541,0.001762,74.125.24.0-255,1484,194610,7,231598
18542,0.001772,172.31.36.0-255,66,194676,7,231598
18543,0.001786,74.125.24.0-255,6438,201114,7,231598
18544,0.001811,172.31.36.0-255,66,201180,7,231598
18545,0.001899,74.125.24.0-255,1484,202664,7,231598
18546,0.001905,74.125.24.0-255,2902,205566,7,231598
18547,0.001913,172.31.36.0-255,66,205632,7,231598
18548,0.001933,74.125.24.0-255,4320,209952,7,231598
18549,0.001946,172.31.36.0-255,66,210018,7,231598
18550,0.002017,74.125.24.0-255,1484,211502,7,231598
18551,0.002031,74.125.24.0-255,5738,217240,7,231598
18552,0.002037,172.31.36.0-255,66,217306,7,231598
18553,0.002054,74.125.24.0-255,1484,218790,7,231598
18554,0.002058,172.31.36.0-255,66,218856,7,231598
18555,0.002125,172.31.36.0-255,66,218922,7,231598
18556,0.002165,74.125.24.0-255,4320,223242,7,231598
18557,0.00217,172.31.36.0-255,66,223308,7,231598
18558,0.002218,74.125.24.0-255,3658,226966,7,231598
18559,0.00222,74.125.24.0-255,105,227071,7,231598
18560,0.002232,172.31.36.0-255,66,227137,7,231598
18561,0.00893,172.31.36.0-255,105,227242,7,231598
18562,0.011219,74.125.24.0-255,66,227308,7,231598
18563,0.034966,172.31.36.0-255,172,227480,7,231598
18564,0.034998,172.31.36.0-255,1114,228594,7,231598
18565,0.035058,172.31.36.0-255,1514,230108,7,231598
18566,0.03506,172.31.36.0-255,1292,231400,7,231598
18567,0.036514,104.244.42.0-255,66,231466,7,231598
18568,0.036544,104.244.42.0-255,66,231532,7,231598
18569,0.036644,104.244.42.0-255,66,231598,7,231598
18570,0.0,74.125.130.0-255,153,153,7,409455
18571,2.7e-05,172.31.36.0-255,66,219,7,409455
18572,3.4e-05,74.125.130.0-255,1484,1703,7,409455
18573,3.9e-05,172.31.36.0-255,66,1769,7,409455
18574,4.5e-05,74.125.130.0-255,2902,4671,7,409455
18575,5.6e-05,172.31.36.0-255,66,4737,7,409455
18576,6e-05,74.125.130.0-255,1484,6221,7,409455
18577,6.2e-05,172.31.36.0-255,66,6287,7,409455
18578,6.7e-05,74.125.130.0-255,2902,9189,7,409455
18579,6.9e-05,172.31.36.0-255,66,9255,7,409455
18580,0.000122,74.125.130.0-255,4811,14066,7,409455
18581,0.000127,172.31.36.0-255,66,14132,7,409455
18582,0.000403,74.125.130.0-255,1484,15616,7,409455
18583,0.000409,172.31.36.0-255,66,15682,7,409455
18584,0.000438,74.125.130.0-255,1484,17166,7,409455
18585,0.000441,172.31.36.0-255,66,17232,7,409455
18586,0.000464,74.125.130.0-255,1484,18716,7,409455
18587,0.000467,172.31.36.0-255,66,18782,7,409455
18588,0.000474,74.125.130.0-255,5738,24520,7,409455
18589,0.000476,172.31.36.0-255,66,24586,7,409455
18590,0.00051,74.125.130.0-255,6797,31383,7,409455
18591,0.000513,172.31.36.0-255,66,31449,7,409455
18592,0.000944,74.125.130.0-255,1484,32933,7,409455
18593,0.00095,172.31.36.0-255,66,32999,7,409455
18594,0.000959,74.125.130.0-255,2902,35901,7,409455
18595,0.000961,172.31.36.0-255,66,35967,7,409455
18596,0.000971,74.125.130.0-255,1484,37451,7,409455
18597,0.000974,172.31.36.0-255,66,37517,7,409455
18598,0.000991,74.125.130.0-255,1484,39001,7,409455
18599,0.000994,172.31.36.0-255,66,39067,7,409455
18600,0.001021,74.125.130.0-255,1484,40551,7,409455
18601,0.001024,172.31.36.0-255,66,40617,7,409455
18602,0.001036,74.125.130.0-255,5738,46355,7,409455
18603,0.001038,172.31.36.0-255,66,46421,7,409455
18604,0.001042,74.125.130.0-255,2543,48964,7,409455
18605,0.001044,172.31.36.0-255,66,49030,7,409455
18606,0.00105,74.125.130.0-255,2902,51932,7,409455
18607,0.001053,172.31.36.0-255,66,51998,7,409455
18608,0.001058,74.125.130.0-255,2902,54900,7,409455
18609,0.00106,172.31.36.0-255,66,54966,7,409455
18610,0.0011,74.125.130.0-255,4320,59286,7,409455
18611,0.001104,172.31.36.0-255,66,59352,7,409455
18612,0.001107,74.125.130.0-255,1484,60836,7,409455
18613,0.001109,172.31.36.0-255,66,60902,7,409455
18614,0.001114,74.125.130.0-255,2902,63804,7,409455
18615,0.001128,74.125.130.0-255,2832,66636,7,409455
18616,0.001155,74.125.130.0-255,366,67002,7,409455
18617,0.001361,74.125.130.0-255,1484,68486,7,409455
18618,0.00138,74.125.130.0-255,2902,71388,7,409455
18619,0.001397,74.125.130.0-255,5738,77126,7,409455
18620,0.001423,74.125.130.0-255,1484,78610,7,409455
18621,0.001437,74.125.130.0-255,2902,81512,7,409455
18622,0.001452,74.125.130.0-255,2902,84414,7,409455
18623,0.001465,74.125.130.0-255,2543,86957,7,409455
18624,0.001487,74.125.130.0-255,7156,94113,7,409455
18625,0.001529,74.125.130.0-255,6797,100910,7,409455
18626,0.001869,74.125.130.0-255,1484,102394,7,409455
18627,0.001884,74.125.130.0-255,2902,105296,7,409455
18628,0.001895,74.125.130.0-255,1484,106780,7,409455
18629,0.001915,74.125.130.0-255,4320,111100,7,409455
18630,0.001935,74.125.130.0-255,4320,115420,7,409455
18631,0.001952,74.125.130.0-255,2902,118322,7,409455
18632,0.001973,74.125.130.0-255,5738,124060,7,409455
18633,0.001995,74.125.130.0-255,2902,126962,7,409455
18634,0.001997,74.125.130.0-255,1484,128446,7,409455
18635,0.002036,74.125.130.0-255,6438,134884,7,409455
18636,0.002129,74.125.130.0-255,1484,136368,7,409455
18637,0.002142,74.125.130.0-255,2902,139270,7,409455
18638,0.002171,74.125.130.0-255,5738,145008,7,409455
18639,0.002186,74.125.130.0-255,2902,147910,7,409455
18640,0.002197,74.125.130.0-255,1484,149394,7,409455
18641,0.00221,74.125.130.0-255,2902,152296,7,409455
18642,0.002224,74.125.130.0-255,2902,155198,7,409455
18643,0.002227,74.125.130.0-255,1484,156682,7,409455
18644,0.002245,74.125.130.0-255,2902,159584,7,409455
18645,0.002256,74.125.130.0-255,2902,162486,7,409455
18646,0.002272,74.125.130.0-255,2902,165388,7,409455
18647,0.002285,74.125.130.0-255,3602,168990,7,409455
18648,0.002615,74.125.130.0-255,1484,170474,7,409455
18649,0.002639,74.125.130.0-255,1484,171958,7,409455
18650,0.002657,74.125.130.0-255,2902,174860,7,409455
18651,0.002682,74.125.130.0-255,1484,176344,7,409455
18652,0.002696,74.125.130.0-255,4320,180664,7,409455
18653,0.002716,74.125.130.0-255,2902,183566,7,409455
18654,0.002729,74.125.130.0-255,4320,187886,7,409455
18655,0.002751,74.125.130.0-255,5738,193624,7,409455
18656,0.002756,74.125.130.0-255,4320,197944,7,409455
18657,0.002774,74.125.130.0-255,2902,200846,7,409455
18658,0.002788,74.125.130.0-255,2184,203030,7,409455
18659,0.003327,74.125.130.0-255,1484,204514,7,409455
18660,0.00334,74.125.130.0-255,1484,205998,7,409455
18661,0.00336,74.125.130.0-255,2902,208900,7,409455
18662,0.003398,74.125.130.0-255,5738,214638,7,409455
18663,0.003434,74.125.130.0-255,1484,216122,7,409455
18664,0.003445,74.125.130.0-255,1484,217606,7,409455
18665,0.003448,74.125.130.0-255,1484,219090,7,409455
18666,0.003465,74.125.130.0-255,1484,220574,7,409455
18667,0.003482,74.125.130.0-255,1484,222058,7,409455
18668,0.003537,74.125.130.0-255,1484,223542,7,409455
18669,0.00354,74.125.130.0-255,1484,225026,7,409455
18670,0.003544,74.125.130.0-255,2902,227928,7,409455
18671,0.003562,74.125.130.0-255,1484,229412,7,409455
18672,0.003575,74.125.130.0-255,1484,230896,7,409455
18673,0.00359,74.125.130.0-255,1484,232380,7,409455
18674,0.003617,74.125.130.0-255,4320,236700,7,409455
18675,0.003641,74.125.130.0-255,766,237466,7,409455
18676,0.003659,74.125.130.0-255,1484,238950,7,409455
18677,0.003678,74.125.130.0-255,2902,241852,7,409455
18678,0.003688,74.125.130.0-255,1484,243336,7,409455
18679,0.003697,74.125.130.0-255,1484,244820,7,409455
18680,0.003714,74.125.130.0-255,1484,246304,7,409455
18681,0.003727,74.125.130.0-255,1484,247788,7,409455
18682,0.003756,74.125.130.0-255,5738,253526,7,409455
18683,0.003773,74.125.130.0-255,5738,259264,7,409455
18684,0.003789,74.125.130.0-255,1484,260748,7,409455
18685,0.003801,74.125.130.0-255,2902,263650,7,409455
18686,0.003817,74.125.130.0-255,2902,266552,7,409455
18687,0.003861,74.125.130.0-255,5020,271572,7,409455
18688,0.00389,74.125.130.0-255,5738,277310,7,409455
18689,0.003904,74.125.130.0-255,1484,278794,7,409455
18690,0.003929,74.125.130.0-255,2902,281696,7,409455
18691,0.003933,172.31.36.0-255,66,281762,7,409455
18692,0.00394,172.31.36.0-255,66,281828,7,409455
18693,0.003969,74.125.130.0-255,5738,287566,7,409455
18694,0.00398,74.125.130.0-255,4320,291886,7,409455
18695,0.003986,74.125.130.0-255,5738,297624,7,409455
18696,0.003989,172.31.36.0-255,66,297690,7,409455
18697,0.003994,172.31.36.0-255,66,297756,7,409455
18698,0.004035,172.31.36.0-255,66,297822,7,409455
18699,0.004218,74.125.130.0-255,1484,299306,7,409455
18700,0.004225,74.125.130.0-255,2902,302208,7,409455
18701,0.00423,172.31.36.0-255,66,302274,7,409455
18702,0.00426,74.125.130.0-255,5738,308012,7,409455
18703,0.004275,172.31.36.0-255,66,308078,7,409455
18704,0.004281,74.125.130.0-255,2902,310980,7,409455
18705,0.004294,172.31.36.0-255,66,311046,7,409455
18706,0.004305,74.125.130.0-255,4320,315366,7,409455
18707,0.004315,172.31.36.0-255,66,315432,7,409455
18708,0.004315,74.125.130.0-255,4320,319752,7,409455
18709,0.004318,172.31.36.0-255,66,319818,7,409455
18710,0.004358,74.125.130.0-255,5738,325556,7,409455
18711,0.004364,172.31.36.0-255,66,325622,7,409455
18712,0.004365,74.125.130.0-255,4320,329942,7,409455
18713,0.004382,172.31.36.0-255,66,330008,7,409455
18714,0.004412,74.125.130.0-255,5020,335028,7,409455
18715,0.004422,172.31.36.0-255,66,335094,7,409455
18716,0.00445,74.125.130.0-255,4320,339414,7,409455
18717,0.004457,172.31.36.0-255,66,339480,7,409455
18718,0.004481,74.125.130.0-255,1484,340964,7,409455
18719,0.004488,74.125.130.0-255,7156,348120,7,409455
18720,0.004497,172.31.36.0-255,66,348186,7,409455
18721,0.004501,74.125.130.0-255,1484,349670,7,409455
18722,0.004529,74.125.130.0-255,5738,355408,7,409455
18723,0.004538,172.31.36.0-255,66,355474,7,409455
18724,0.004544,172.31.36.0-255,66,355540,7,409455
18725,0.004576,74.125.130.0-255,2184,357724,7,409455
18726,0.004582,74.125.130.0-255,2902,360626,7,409455
18727,0.004588,172.31.36.0-255,66,360692,7,409455
18728,0.004616,74.125.130.0-255,4320,365012,7,409455
18729,0.004627,172.31.36.0-255,66,365078,7,409455
18730,0.004646,74.125.130.0-255,5738,370816,7,409455
18731,0.00465,74.125.130.0-255,1484,372300,7,409455
18732,0.004657,172.31.36.0-255,66,372366,7,409455
18733,0.004684,74.125.130.0-255,2902,375268,7,409455
18734,0.00469,74.125.130.0-255,5738,381006,7,409455
18735,0.00469,172.31.36.0-255,66,381072,7,409455
18736,0.004694,172.31.36.0-255,66,381138,7,409455
18737,0.004724,74.125.130.0-255,4320,385458,7,409455
18738,0.004729,74.125.130.0-255,2902,388360,7,409455
18739,0.00473,172.31.36.0-255,66,388426,7,409455
18740,0.004746,172.31.36.0-255,66,388492,7,409455
18741,0.004761,74.125.130.0-255,2902,391394,7,409455
18742,0.004768,74.125.130.0-255,766,392160,7,409455
18743,0.004778,172.31.36.0-255,66,392226,7,409455
18744,0.004825,74.125.130.0-255,1484,393710,7,409455
18745,0.00484,74.125.130.0-255,2902,396612,7,409455
18746,0.004848,172.31.36.0-255,66,396678,7,409455
18747,0.004874,74.125.130.0-255,2902,399580,7,409455
18748,0.004879,74.125.130.0-255,4320,403900,7,409455
18749,0.004885,172.31.36.0-255,66,403966,7,409455
18750,0.004893,74.125.130.0-255,858,404824,7,409455
18751,0.004959,74.125.130.0-255,105,404929,7,409455
18752,0.007102,172.31.36.0-255,66,404995,7,409455
18753,0.007129,172.31.36.0-255,105,405100,7,409455
18754,0.009551,74.125.130.0-255,66,405166,7,409455
18755,0.025902,172.31.36.0-255,171,405337,7,409455
18756,0.025946,172.31.36.0-255,1140,406477,7,409455
18757,0.026024,172.31.36.0-255,1514,407991,7,409455
18758,0.026026,172.31.36.0-255,1266,409257,7,409455
18759,0.02747,104.244.42.0-255,66,409323,7,409455
18760,0.027653,104.244.42.0-255,66,409389,7,409455
18761,0.027706,104.244.42.0-255,66,409455,7,409455
18762,0.0,172.217.194.0-255,143,143,7,218215
18763,1.7e-05,172.31.36.0-255,66,209,7,218215
18764,2.5e-05,172.217.194.0-255,1484,1693,7,218215
18765,3e-05,172.31.36.0-255,66,1759,7,218215
18766,3.5e-05,172.217.194.0-255,2902,4661,7,218215
18767,3.8e-05,172.31.36.0-255,66,4727,7,218215
18768,4.6e-05,172.217.194.0-255,7156,11883,7,218215
18769,4.9e-05,172.31.36.0-255,66,11949,7,218215
18770,7.5e-05,172.31.36.0-255,66,12015,7,218215
18771,0.000101,172.217.194.0-255,3564,15579,7,218215
18772,0.000104,172.31.36.0-255,66,15645,7,218215
18773,0.000109,172.217.194.0-255,2543,18188,7,218215
18774,0.000111,172.31.36.0-255,66,18254,7,218215
18775,0.000133,172.217.194.0-255,1484,19738,7,218215
18776,0.000136,172.31.36.0-255,66,19804,7,218215
18777,0.000152,172.217.194.0-255,2902,22706,7,218215
18778,0.000155,172.31.36.0-255,66,22772,7,218215
18779,0.000158,172.217.194.0-255,1484,24256,7,218215
18780,0.00016,172.31.36.0-255,66,24322,7,218215
18781,0.00018,172.217.194.0-255,2902,27224,7,218215
18782,0.000182,172.31.36.0-255,66,27290,7,218215
18783,0.0002,172.217.194.0-255,7156,34446,7,218215
18784,0.000203,172.31.36.0-255,66,34512,7,218215
18785,0.000228,172.217.194.0-255,2543,37055,7,218215
18786,0.000231,172.31.36.0-255,66,37121,7,218215
18787,0.000244,172.31.36.0-255,66,37187,7,218215
18788,0.000263,172.217.194.0-255,1484,38671,7,218215
18789,0.000265,172.31.36.0-255,66,38737,7,218215
18790,0.000284,172.217.194.0-255,2795,41532,7,218215
18791,0.000287,172.31.36.0-255,66,41598,7,218215
18792,0.000289,172.217.194.0-255,120,41718,7,218215
18793,0.00032,172.217.194.0-255,1484,43202,7,218215
18794,0.000323,172.31.36.0-255,66,43268,7,218215
18795,0.000342,172.217.194.0-255,2902,46170,7,218215
18796,0.000345,172.31.36.0-255,66,46236,7,218215
18797,0.000354,172.217.194.0-255,7156,53392,7,218215
18798,0.000356,172.31.36.0-255,66,53458,7,218215
18799,0.000383,172.217.194.0-255,7156,60614,7,218215
18800,0.000385,172.31.36.0-255,66,60680,7,218215
18801,0.000409,172.31.36.0-255,66,60746,7,218215
18802,0.000412,172.217.194.0-255,1484,62230,7,218215
18803,0.00043,172.217.194.0-255,1484,63714,7,218215
18804,0.000432,172.31.36.0-255,66,63780,7,218215
18805,0.000454,172.217.194.0-255,3917,67697,7,218215
18806,0.000457,172.31.36.0-255,66,67763,7,218215
18807,0.000692,172.217.194.0-255,1484,69247,7,218215
18808,0.000699,172.217.194.0-255,2902,72149,7,218215
18809,0.000702,172.31.36.0-255,66,72215,7,218215
18810,0.000711,172.217.194.0-255,5738,77953,7,218215
18811,0.000713,172.31.36.0-255,66,78019,7,218215
18812,0.000753,172.31.36.0-255,66,78085,7,218215
18813,0.000785,172.217.194.0-255,5738,83823,7,218215
18814,0.000788,172.31.36.0-255,66,83889,7,218215
18815,0.000814,172.31.36.0-255,66,83955,7,218215
18816,0.000837,172.217.194.0-255,4320,88275,7,218215
18817,0.00084,172.31.36.0-255,66,88341,7,218215
18818,0.000862,172.31.36.0-255,66,88407,7,218215
18819,0.000865,172.217.194.0-255,1484,89891,7,218215
18820,0.000883,172.217.194.0-255,4320,94211,7,218215
18821,0.000886,172.31.36.0-255,66,94277,7,218215
18822,0.000919,172.31.36.0-255,66,94343,7,218215
18823,0.000921,172.217.194.0-255,766,95109,7,218215
18824,0.000956,172.31.36.0-255,66,95175,7,218215
18825,0.000976,172.217.194.0-255,2543,97718,7,218215
18826,0.000979,172.31.36.0-255,66,97784,7,218215
18827,0.000984,172.217.194.0-255,2902,100686,7,218215
18828,0.000986,172.31.36.0-255,66,100752,7,218215
18829,0.001018,172.217.194.0-255,7156,107908,7,218215
18830,0.001022,172.31.36.0-255,66,107974,7,218215
18831,0.001041,172.217.194.0-255,2902,110876,7,218215
18832,0.001044,172.31.36.0-255,66,110942,7,218215
18833,0.001065,172.217.194.0-255,3961,114903,7,218215
18834,0.001067,172.31.36.0-255,66,114969,7,218215
18835,0.001116,172.217.194.0-255,1484,116453,7,218215
18836,0.001121,172.217.194.0-255,1484,117937,7,218215
18837,0.001124,172.31.36.0-255,66,118003,7,218215
18838,0.001135,172.217.194.0-255,1484,119487,7,218215
18839,0.00118,172.217.194.0-255,4320,123807,7,218215
18840,0.001189,172.31.36.0-255,66,123873,7,218215
18841,0.001193,172.217.194.0-255,1484,125357,7,218215
18842,0.001206,172.31.36.0-255,66,125423,7,218215
18843,0.001219,172.31.36.0-255,66,125489,7,218215
18844,0.00145,172.217.194.0-255,1484,126973,7,218215
18845,0.001455,172.217.194.0-255,2902,129875,7,218215
18846,0.001459,172.31.36.0-255,66,129941,7,218215
18847,0.001463,172.217.194.0-255,1484,131425,7,218215
18848,0.001497,172.217.194.0-255,4320,135745,7,218215
18849,0.0015,172.31.36.0-255,66,135811,7,218215
18850,0.001519,172.31.36.0-255,66,135877,7,218215
18851,0.001526,172.217.194.0-255,5738,141615,7,218215
18852,0.001529,172.31.36.0-255,66,141681,7,218215
18853,0.001552,172.217.194.0-255,2902,144583,7,218215
18854,0.001555,172.31.36.0-255,66,144649,7,218215
18855,0.001559,172.217.194.0-255,2184,146833,7,218215
18856,0.001632,172.217.194.0-255,1484,148317,7,218215
18857,0.001646,172.217.194.0-255,2902,151219,7,218215
18858,0.001662,172.217.194.0-255,2902,154121,7,218215
18859,0.001675,172.217.194.0-255,2902,157023,7,218215
18860,0.001719,172.217.194.0-255,7156,164179,7,218215
18861,0.001733,172.217.194.0-255,3602,167781,7,218215
18862,0.001793,172.217.194.0-255,1484,169265,7,218215
18863,0.001813,172.217.194.0-255,2902,172167,7,218215
18864,0.00182,172.217.194.0-255,5738,177905,7,218215
18865,0.00184,172.217.194.0-255,2902,180807,7,218215
18866,0.001872,172.217.194.0-255,4320,185127,7,218215
18867,0.001888,172.217.194.0-255,6438,191565,7,218215
18868,0.001946,172.217.194.0-255,7156,198721,7,218215
18869,0.001991,172.217.194.0-255,7156,205877,7,218215
18870,0.002029,172.217.194.0-255,5020,210897,7,218215
18871,0.002056,172.217.194.0-255,3647,214544,7,218215
18872,0.002106,172.217.194.0-255,105,214649,7,218215
18873,0.005543,172.31.36.0-255,66,214715,7,218215
18874,0.008381,172.31.36.0-255,105,214820,7,218215
18875,0.010635,172.217.194.0-255,66,214886,7,218215
18876,0.032231,172.31.36.0-255,172,215058,7,218215
18877,0.032273,172.31.36.0-255,1114,216172,7,218215
18878,0.032334,172.31.36.0-255,1514,217686,7,218215
18879,0.032336,172.31.36.0-255,331,218017,7,218215
18880,0.033782,104.244.42.0-255,66,218083,7,218215
18881,0.03382,104.244.42.0-255,66,218149,7,218215
18882,0.033867,104.244.42.0-255,66,218215,7,218215
18883,0.0,74.125.68.0-255,153,153,7,332262
18884,3.4e-05,172.31.36.0-255,66,219,7,332262
18885,4.1e-05,74.125.68.0-255,1484,1703,7,332262
18886,4.6e-05,172.31.36.0-255,66,1769,7,332262
18887,5.1e-05,74.125.68.0-255,2902,4671,7,332262
18888,5.4e-05,172.31.36.0-255,66,4737,7,332262
18889,6e-05,74.125.68.0-255,5738,10475,7,332262
18890,6.3e-05,172.31.36.0-255,66,10541,7,332262
18891,6.6e-05,74.125.68.0-255,1484,12025,7,332262
18892,6.8e-05,172.31.36.0-255,66,12091,7,332262
18893,9.1e-05,74.125.68.0-255,2086,14177,7,332262
18894,9.3e-05,172.31.36.0-255,66,14243,7,332262
18895,0.000142,74.125.68.0-255,1484,15727,7,332262
18896,0.000146,172.31.36.0-255,66,15793,7,332262
18897,0.00015,74.125.68.0-255,1484,17277,7,332262
18898,0.000152,172.31.36.0-255,66,17343,7,332262
18899,0.000166,74.125.68.0-255,1484,18827,7,332262
18900,0.000171,172.31.36.0-255,66,18893,7,332262
18901,0.000174,74.125.68.0-255,1484,20377,7,332262
18902,0.000177,172.31.36.0-255,66,20443,7,332262
18903,0.000181,74.125.68.0-255,2902,23345,7,332262
18904,0.000184,172.31.36.0-255,66,23411,7,332262
18905,0.00021,74.125.68.0-255,5738,29149,7,332262
18906,0.000212,172.31.36.0-255,66,29215,7,332262
18907,0.000217,74.125.68.0-255,2543,31758,7,332262
18908,0.000219,172.31.36.0-255,66,31824,7,332262
18909,0.000357,74.125.68.0-255,1484,33308,7,332262
18910,0.000362,172.31.36.0-255,66,33374,7,332262
18911,0.000378,74.125.68.0-255,2902,36276,7,332262
18912,0.000381,172.31.36.0-255,66,36342,7,332262
18913,0.000385,74.125.68.0-255,1484,37826,7,332262
18914,0.000387,172.31.36.0-255,66,37892,7,332262
18915,0.000408,74.125.68.0-255,2902,40794,7,332262
18916,0.000412,172.31.36.0-255,66,40860,7,332262
18917,0.000433,74.125.68.0-255,5738,46598,7,332262
18918,0.000442,172.31.36.0-255,66,46664,7,332262
18919,0.000448,74.125.68.0-255,3961,50625,7,332262
18920,0.00045,172.31.36.0-255,66,50691,7,332262
18921,0.000484,172.31.36.0-255,66,50757,7,332262
18922,0.000488,74.125.68.0-255,2902,53659,7,332262
18923,0.000491,172.31.36.0-255,66,53725,7,332262
18924,0.000507,74.125.68.0-255,2814,56539,7,332262
18925,0.000509,172.31.36.0-255,66,56605,7,332262
18926,0.000513,74.125.68.0-255,126,56731,7,332262
18927,0.000669,74.125.68.0-255,1484,58215,7,332262
18928,0.000674,172.31.36.0-255,66,58281,7,332262
18929,0.00069,74.125.68.0-255,2902,61183,7,332262
18930,0.000693,172.31.36.0-255,66,61249,7,332262
18931,0.000696,74.125.68.0-255,1484,62733,7,332262
18932,0.000716,74.125.68.0-255,4320,67053,7,332262
18933,0.000719,172.31.36.0-255,66,67119,7,332262
18934,0.000737,74.125.68.0-255,6797,73916,7,332262
18935,0.00074,172.31.36.0-255,66,73982,7,332262
18936,0.000759,74.125.68.0-255,4320,78302,7,332262
18937,0.000762,172.31.36.0-255,66,78368,7,332262
18938,0.000785,74.125.68.0-255,2902,81270,7,332262
18939,0.00079,172.31.36.0-255,66,81336,7,332262
18940,0.000795,172.31.36.0-255,66,81402,7,332262
18941,0.001227,74.125.68.0-255,1484,82886,7,332262
18942,0.001235,74.125.68.0-255,1484,84370,7,332262
18943,0.001239,172.31.36.0-255,66,84436,7,332262
18944,0.001245,74.125.68.0-255,2902,87338,7,332262
18945,0.001247,172.31.36.0-255,66,87404,7,332262
18946,0.001266,74.125.68.0-255,5738,93142,7,332262
18947,0.001269,172.31.36.0-255,66,93208,7,332262
18948,0.001317,74.125.68.0-255,5738,98946,7,332262
18949,0.001321,172.31.36.0-255,66,99012,7,332262
18950,0.001349,74.125.68.0-255,4320,103332,7,332262
18951,0.001352,172.31.36.0-255,66,103398,7,332262
18952,0.001364,172.31.36.0-255,66,103464,7,332262
18953,0.001367,74.125.68.0-255,766,104230,7,332262
18954,0.001398,74.125.68.0-255,1484,105714,7,332262
18955,0.001401,172.31.36.0-255,66,105780,7,332262
18956,0.001405,74.125.68.0-255,1484,107264,7,332262
18957,0.00142,74.125.68.0-255,1484,108748,7,332262
18958,0.001422,172.31.36.0-255,66,108814,7,332262
18959,0.00143,74.125.68.0-255,5738,114552,7,332262
18960,0.001432,172.31.36.0-255,66,114618,7,332262
18961,0.001436,74.125.68.0-255,2902,117520,7,332262
18962,0.001438,172.31.36.0-255,66,117586,7,332262
18963,0.001441,74.125.68.0-255,1484,119070,7,332262
18964,0.001465,74.125.68.0-255,2902,121972,7,332262
18965,0.001467,172.31.36.0-255,66,122038,7,332262
18966,0.001488,74.125.68.0-255,4320,126358,7,332262
18967,0.00149,172.31.36.0-255,66,126424,7,332262
18968,0.001509,74.125.68.0-255,4320,130744,7,332262
18969,0.001512,172.31.36.0-255,66,130810,7,332262
18970,0.001518,74.125.68.0-255,4320,135130,7,332262
18971,0.00152,172.31.36.0-255,66,135196,7,332262
18972,0.00155,74.125.68.0-255,3602,138798,7,332262
18973,0.001554,172.31.36.0-255,66,138864,7,332262
18974,0.001706,74.125.68.0-255,1484,140348,7,332262
18975,0.001712,74.125.68.0-255,2902,143250,7,332262
18976,0.001717,172.31.36.0-255,66,143316,7,332262
18977,0.001731,74.125.68.0-255,4320,147636,7,332262
18978,0.001734,172.31.36.0-255,66,147702,7,332262
18979,0.001756,74.125.68.0-255,1484,149186,7,332262
18980,0.001763,74.125.68.0-255,7156,156342,7,332262
18981,0.001766,172.31.36.0-255,66,156408,7,332262
18982,0.001771,74.125.68.0-255,2902,159310,7,332262
18983,0.001773,172.31.36.0-255,66,159376,7,332262
18984,0.001791,74.125.68.0-255,5738,165114,7,332262
18985,0.001794,172.31.36.0-255,66,165180,7,332262
18986,0.001797,74.125.68.0-255,1484,166664,7,332262
18987,0.001819,74.125.68.0-255,6438,173102,7,332262
18988,0.001821,172.31.36.0-255,66,173168,7,332262
18989,0.001994,74.125.68.0-255,1484,174652,7,332262
18990,0.002013,74.125.68.0-255,2902,177554,7,332262
18991,0.002015,172.31.36.0-255,66,177620,7,332262
18992,0.002038,74.125.68.0-255,5738,183358,7,332262
18993,0.00204,172.31.36.0-255,66,183424,7,332262
18994,0.002057,74.125.68.0-255,2902,186326,7,332262
18995,0.002059,172.31.36.0-255,66,186392,7,332262
18996,0.002091,172.31.36.0-255,66,186458,7,332262
18997,0.002108,74.125.68.0-255,1484,187942,7,332262
18998,0.002136,172.31.36.0-255,66,188008,7,332262
18999,0.002203,74.125.68.0-255,1484,189492,7,332262
19000,0.002222,74.125.68.0-255,2902,192394,7,332262
19001,0.002224,172.31.36.0-255,66,192460,7,332262
19002,0.002245,74.125.68.0-255,5738,198198,7,332262
19003,0.002247,172.31.36.0-255,66,198264,7,332262
19004,0.00228,74.125.68.0-255,5738,204002,7,332262
19005,0.002282,172.31.36.0-255,66,204068,7,332262
19006,0.002305,74.125.68.0-255,2902,206970,7,332262
19007,0.002307,172.31.36.0-255,66,207036,7,332262
19008,0.002318,172.31.36.0-255,66,207102,7,332262
19009,0.002346,74.125.68.0-255,5020,212122,7,332262
19010,0.002349,172.31.36.0-255,66,212188,7,332262
19011,0.004647,74.125.68.0-255,5738,217926,7,332262
19012,0.004655,172.31.36.0-255,66,217992,7,332262
19013,0.006935,74.125.68.0-255,5738,223730,7,332262
19014,0.006941,172.31.36.0-255,66,223796,7,332262
19015,0.009216,74.125.68.0-255,5738,229534,7,332262
19016,0.009222,172.31.36.0-255,66,229600,7,332262
19017,0.011505,74.125.68.0-255,5738,235338,7,332262
19018,0.011512,172.31.36.0-255,66,235404,7,332262
19019,0.013792,74.125.68.0-255,5738,241142,7,332262
19020,0.0138,172.31.36.0-255,66,241208,7,332262
19021,0.016116,74.125.68.0-255,5738,246946,7,332262
19022,0.016124,172.31.36.0-255,66,247012,7,332262
19023,0.018397,74.125.68.0-255,5738,252750,7,332262
19024,0.018404,172.31.36.0-255,66,252816,7,332262
19025,0.020684,74.125.68.0-255,5738,258554,7,332262
19026,0.020694,172.31.36.0-255,66,258620,7,332262
19027,0.022972,74.125.68.0-255,4320,262940,7,332262
19028,0.022981,172.31.36.0-255,66,263006,7,332262
19029,0.023013,74.125.68.0-255,1484,264490,7,332262
19030,0.025267,74.125.68.0-255,4320,268810,7,332262
19031,0.025275,172.31.36.0-255,66,268876,7,332262
19032,0.027554,74.125.68.0-255,5738,274614,7,332262
19033,0.027562,172.31.36.0-255,66,274680,7,332262
19034,0.029826,74.125.68.0-255,5738,280418,7,332262
19035,0.029835,172.31.36.0-255,66,280484,7,332262
19036,0.030198,172.31.36.0-255,172,280656,7,332262
19037,0.030227,172.31.36.0-255,1112,281768,7,332262
19038,0.030268,172.31.36.0-255,1514,283282,7,332262
19039,0.03027,172.31.36.0-255,1294,284576,7,332262
19040,0.031745,104.244.42.0-255,66,284642,7,332262
19041,0.031803,104.244.42.0-255,66,284708,7,332262
19042,0.031855,104.244.42.0-255,66,284774,7,332262
19043,0.032098,74.125.68.0-255,2902,287676,7,332262
19044,0.032102,172.31.36.0-255,66,287742,7,332262
19045,0.032137,74.125.68.0-255,2902,290644,7,332262
19046,0.032141,172.31.36.0-255,66,290710,7,332262
19047,0.034369,74.125.68.0-255,2902,293612,7,332262
19048,0.034374,172.31.36.0-255,66,293678,7,332262
19049,0.034409,74.125.68.0-255,2902,296580,7,332262
19050,0.034412,172.31.36.0-255,66,296646,7,332262
19051,0.036648,74.125.68.0-255,2902,299548,7,332262
19052,0.036653,172.31.36.0-255,66,299614,7,332262
19053,0.036683,74.125.68.0-255,2902,302516,7,332262
19054,0.036686,172.31.36.0-255,66,302582,7,332262
19055,0.038911,74.125.68.0-255,2902,305484,7,332262
19056,0.038916,172.31.36.0-255,66,305550,7,332262
19057,0.038946,74.125.68.0-255,2902,308452,7,332262
19058,0.038949,172.31.36.0-255,66,308518,7,332262
19059,0.041197,74.125.68.0-255,2902,311420,7,332262
19060,0.041203,172.31.36.0-255,66,311486,7,332262
19061,0.041236,74.125.68.0-255,2902,314388,7,332262
19062,0.04124,172.31.36.0-255,66,314454,7,332262
19063,0.043467,74.125.68.0-255,2902,317356,7,332262
19064,0.043472,172.31.36.0-255,66,317422,7,332262
19065,0.043507,74.125.68.0-255,2902,320324,7,332262
19066,0.04351,172.31.36.0-255,66,320390,7,332262
19067,0.045738,74.125.68.0-255,2902,323292,7,332262
19068,0.045743,172.31.36.0-255,66,323358,7,332262
19069,0.045776,74.125.68.0-255,2902,326260,7,332262
19070,0.04578,172.31.36.0-255,66,326326,7,332262
19071,0.047999,74.125.68.0-255,2902,329228,7,332262
19072,0.048004,172.31.36.0-255,66,329294,7,332262
19073,0.048033,74.125.68.0-255,2902,332196,7,332262
19074,0.048037,172.31.36.0-255,66,332262,7,332262
19075,0.0,172.253.118.0-255,153,153,7,206608
19076,1.9e-05,172.31.36.0-255,66,219,7,206608
19077,2.6e-05,172.253.118.0-255,1484,1703,7,206608
19078,3e-05,172.31.36.0-255,66,1769,7,206608
19079,3.6e-05,172.253.118.0-255,2902,4671,7,206608
19080,4.5e-05,172.31.36.0-255,66,4737,7,206608
19081,5.3e-05,172.253.118.0-255,7156,11893,7,206608
19082,5.5e-05,172.31.36.0-255,66,11959,7,206608
19083,9e-05,172.253.118.0-255,2037,13996,7,206608
19084,9.4e-05,172.31.36.0-255,66,14062,7,206608
19085,0.000119,172.253.118.0-255,2902,16964,7,206608
19086,0.000122,172.31.36.0-255,66,17030,7,206608
19087,0.000125,172.253.118.0-255,1484,18514,7,206608
19088,0.000127,172.31.36.0-255,66,18580,7,206608
19089,0.000163,172.253.118.0-255,5738,24318,7,206608
19090,0.000166,172.31.36.0-255,66,24384,7,206608
19091,0.000191,172.253.118.0-255,6797,31181,7,206608
19092,0.000193,172.31.36.0-255,66,31247,7,206608
19093,0.000431,172.253.118.0-255,1484,32731,7,206608
19094,0.000437,172.31.36.0-255,66,32797,7,206608
19095,0.000443,172.253.118.0-255,2902,35699,7,206608
19096,0.000445,172.31.36.0-255,66,35765,7,206608
19097,0.000468,172.253.118.0-255,5738,41503,7,206608
19098,0.000471,172.31.36.0-255,66,41569,7,206608
19099,0.000477,172.253.118.0-255,4320,45889,7,206608
19100,0.000479,172.31.36.0-255,66,45955,7,206608
19101,0.000544,172.253.118.0-255,7156,53111,7,206608
19102,0.000548,172.31.36.0-255,66,53177,7,206608
19103,0.000568,172.253.118.0-255,5379,58556,7,206608
19104,0.00057,172.31.36.0-255,66,58622,7,206608
19105,0.000575,172.253.118.0-255,4320,62942,7,206608
19106,0.000579,172.31.36.0-255,66,63008,7,206608
19107,0.000584,172.253.118.0-255,2879,65887,7,206608
19108,0.000586,172.31.36.0-255,66,65953,7,206608
19109,0.000702,172.253.118.0-255,109,66062,7,206608
19110,0.000742,172.253.118.0-255,331,66393,7,206608
19111,0.001147,172.31.36.0-255,66,66459,7,206608
19112,0.001625,172.253.118.0-255,1484,67943,7,206608
19113,0.001637,172.253.118.0-255,2902,70845,7,206608
19114,0.001642,172.31.36.0-255,66,70911,7,206608
19115,0.001675,172.253.118.0-255,5738,76649,7,206608
19116,0.001678,172.31.36.0-255,66,76715,7,206608
19117,0.001704,172.31.36.0-255,66,76781,7,206608
19118,0.001709,172.253.118.0-255,2902,79683,7,206608
19119,0.001711,172.31.36.0-255,66,79749,7,206608
19120,0.00173,172.31.36.0-255,66,79815,7,206608
19121,0.001739,172.253.118.0-255,2184,81999,7,206608
19122,0.001742,172.31.36.0-255,66,82065,7,206608
19123,0.002212,172.253.118.0-255,1484,83549,7,206608
19124,0.002221,172.253.118.0-255,2902,86451,7,206608
19125,0.002225,172.31.36.0-255,66,86517,7,206608
19126,0.002229,172.253.118.0-255,1484,88001,7,206608
19127,0.002254,172.253.118.0-255,2902,90903,7,206608
19128,0.002256,172.31.36.0-255,66,90969,7,206608
19129,0.002276,172.253.118.0-255,5738,96707,7,206608
19130,0.002278,172.31.36.0-255,66,96773,7,206608
19131,0.002281,172.253.118.0-255,1484,98257,7,206608
19132,0.002307,172.253.118.0-255,2902,101159,7,206608
19133,0.002309,172.31.36.0-255,66,101225,7,206608
19134,0.002322,172.31.36.0-255,66,101291,7,206608
19135,0.002347,172.253.118.0-255,3602,104893,7,206608
19136,0.00235,172.31.36.0-255,66,104959,7,206608
19137,0.0024,172.253.118.0-255,1484,106443,7,206608
19138,0.002405,172.253.118.0-255,2902,109345,7,206608
19139,0.002408,172.31.36.0-255,66,109411,7,206608
19140,0.002434,172.253.118.0-255,5738,115149,7,206608
19141,0.002437,172.31.36.0-255,66,115215,7,206608
19142,0.002467,172.253.118.0-255,7156,122371,7,206608
19143,0.00247,172.31.36.0-255,66,122437,7,206608
19144,0.002501,172.31.36.0-255,66,122503,7,206608
19145,0.002528,172.253.118.0-255,4320,126823,7,206608
19146,0.002531,172.31.36.0-255,66,126889,7,206608
19147,0.002537,172.253.118.0-255,3602,130491,7,206608
19148,0.002539,172.31.36.0-255,66,130557,7,206608
19149,0.002605,172.253.118.0-255,1484,132041,7,206608
19150,0.002618,172.253.118.0-255,2902,134943,7,206608
19151,0.002621,172.31.36.0-255,66,135009,7,206608
19152,0.002627,172.253.118.0-255,5738,140747,7,206608
19153,0.00263,172.31.36.0-255,66,140813,7,206608
19154,0.002639,172.253.118.0-255,2902,143715,7,206608
19155,0.002641,172.31.36.0-255,66,143781,7,206608
19156,0.002644,172.253.118.0-255,1484,145265,7,206608
19157,0.002666,172.253.118.0-255,1484,146749,7,206608
19158,0.002669,172.31.36.0-255,66,146815,7,206608
19159,0.002673,172.253.118.0-255,1484,148299,7,206608
19160,0.002716,172.31.36.0-255,66,148365,7,206608
19161,0.002745,172.253.118.0-255,2184,150549,7,206608
19162,0.002748,172.31.36.0-255,66,150615,7,206608
19163,0.002853,172.253.118.0-255,1484,152099,7,206608
19164,0.002866,172.253.118.0-255,2902,155001,7,206608
19165,0.002868,172.31.36.0-255,66,155067,7,206608
19166,0.002896,172.253.118.0-255,5738,160805,7,206608
19167,0.002899,172.31.36.0-255,66,160871,7,206608
19168,0.002905,172.253.118.0-255,4320,165191,7,206608
19169,0.002907,172.31.36.0-255,66,165257,7,206608
19170,0.00296,172.31.36.0-255,66,165323,7,206608
19171,0.002971,172.31.36.0-255,66,165389,7,206608
19172,0.003224,172.253.118.0-255,1484,166873,7,206608
19173,0.00323,172.253.118.0-255,2902,169775,7,206608
19174,0.003232,172.31.36.0-255,66,169841,7,206608
19175,0.003252,172.253.118.0-255,4320,174161,7,206608
19176,0.003255,172.31.36.0-255,66,174227,7,206608
19177,0.003262,172.253.118.0-255,5738,179965,7,206608
19178,0.003264,172.31.36.0-255,66,180031,7,206608
19179,0.003303,172.31.36.0-255,66,180097,7,206608
19180,0.003315,172.31.36.0-255,66,180163,7,206608
19181,0.003317,172.253.118.0-255,1484,181647,7,206608
19182,0.00335,172.253.118.0-255,7156,188803,7,206608
19183,0.003353,172.31.36.0-255,66,188869,7,206608
19184,0.003361,172.253.118.0-255,7156,196025,7,206608
19185,0.003364,172.31.36.0-255,66,196091,7,206608
19186,0.003408,172.31.36.0-255,66,196157,7,206608
19187,0.003427,172.31.36.0-255,66,196223,7,206608
19188,0.003439,172.31.36.0-255,66,196289,7,206608
19189,0.003486,172.253.118.0-255,4320,200609,7,206608
19190,0.003489,172.31.36.0-255,66,200675,7,206608
19191,0.003538,172.31.36.0-255,66,200741,7,206608
19192,0.003557,172.31.36.0-255,66,200807,7,206608
19193,0.003577,172.31.36.0-255,66,200873,7,206608
19194,0.003589,172.31.36.0-255,66,200939,7,206608
19195,0.003636,172.31.36.0-255,66,201005,7,206608
19196,0.003687,172.253.118.0-255,105,201110,7,206608
19197,0.003691,172.253.118.0-255,129,201239,7,206608
19198,0.010699,172.31.36.0-255,105,201344,7,206608
19199,0.01076,172.31.36.0-255,105,201449,7,206608
19200,0.010983,172.31.36.0-255,90,201539,7,206608
19201,0.010994,172.31.36.0-255,66,201605,7,206608
19202,0.01227,172.253.118.0-255,129,201734,7,206608
19203,0.012284,172.31.36.0-255,78,201812,7,206608
19204,0.012744,172.253.118.0-255,66,201878,7,206608
19205,0.012808,172.253.118.0-255,66,201944,7,206608
19206,0.013006,172.253.118.0-255,66,202010,7,206608
19207,0.013046,172.253.118.0-255,66,202076,7,206608
19208,0.013051,172.31.36.0-255,66,202142,7,206608
19209,0.040488,172.31.36.0-255,172,202314,7,206608
19210,0.040523,172.31.36.0-255,1114,203428,7,206608
19211,0.040584,172.31.36.0-255,1514,204942,7,206608
19212,0.040586,172.31.36.0-255,1294,206236,7,206608
19213,0.042045,104.244.42.0-255,66,206302,7,206608
19214,0.042114,104.244.42.0-255,66,206368,7,206608
19215,0.04213,104.244.42.0-255,66,206434,7,206608
19216,0.043859,104.244.42.0-255,108,206542,7,206608
19217,0.043866,172.31.36.0-255,66,206608,7,206608
19218,0.0,172.31.36.0-255,105,105,7,105
19219,0.0,172.217.194.0-255,66,66,7,66
19220,0.0,172.217.26.0-255,153,153,7,223183
19221,1.3e-05,172.31.36.0-255,66,219,7,223183
19222,2e-05,172.217.26.0-255,1484,1703,7,223183
19223,2.4e-05,172.31.36.0-255,66,1769,7,223183
19224,3e-05,172.217.26.0-255,2902,4671,7,223183
19225,4.3e-05,172.31.36.0-255,66,4737,7,223183
19226,8e-05,172.217.26.0-255,5738,10475,7,223183
19227,8.3e-05,172.31.36.0-255,66,10541,7,223183
19228,0.000176,172.217.26.0-255,5738,16279,7,223183
19229,0.00018,172.31.36.0-255,66,16345,7,223183
19230,0.000199,172.217.26.0-255,2012,18357,7,223183
19231,0.000201,172.31.36.0-255,66,18423,7,223183
19232,0.000322,172.217.26.0-255,4320,22743,7,223183
19233,0.000328,172.31.36.0-255,66,22809,7,223183
19234,0.000364,172.31.36.0-255,66,22875,7,223183
19235,0.00053,172.217.26.0-255,5738,28613,7,223183
19236,0.000534,172.31.36.0-255,66,28679,7,223183
19237,0.000558,172.217.26.0-255,7156,35835,7,223183
19238,0.000561,172.31.36.0-255,66,35901,7,223183
19239,0.000761,172.217.26.0-255,4320,40221,7,223183
19240,0.000765,172.31.36.0-255,66,40287,7,223183
19241,0.000813,172.31.36.0-255,66,40353,7,223183
19242,0.001098,172.217.26.0-255,116,40469,7,223183
19243,0.001103,172.31.36.0-255,66,40535,7,223183
19244,0.00113,172.217.26.0-255,1484,42019,7,223183
19245,0.001133,172.31.36.0-255,66,42085,7,223183
19246,0.00115,172.217.26.0-255,2902,44987,7,223183
19247,0.001153,172.31.36.0-255,66,45053,7,223183
19248,0.0012,172.217.26.0-255,5738,50791,7,223183
19249,0.001203,172.31.36.0-255,66,50857,7,223183
19250,0.001228,172.217.26.0-255,1484,52341,7,223183
19251,0.001346,172.217.26.0-255,5379,57720,7,223183
19252,0.001607,172.217.26.0-255,6797,64517,7,223183
19253,0.001721,172.217.26.0-255,7156,71673,7,223183
19254,0.001888,172.217.26.0-255,5738,77411,7,223183
19255,0.002165,172.217.26.0-255,2184,79595,7,223183
19256,0.003218,172.217.26.0-255,5738,85333,7,223183
19257,0.003487,172.31.36.0-255,66,85399,7,223183
19258,0.005425,172.217.26.0-255,5738,91137,7,223183
19259,0.005431,172.31.36.0-255,66,91203,7,223183
19260,0.00735,172.217.26.0-255,5738,96941,7,223183
19261,0.007816,172.31.36.0-255,66,97007,7,223183
19262,0.009754,172.217.26.0-255,5738,102745,7,223183
19263,0.009761,172.31.36.0-255,66,102811,7,223183
19264,0.011692,172.217.26.0-255,5738,108549,7,223183
19265,0.011701,172.31.36.0-255,66,108615,7,223183
19266,0.013635,172.217.26.0-255,5738,114353,7,223183
19267,0.013643,172.31.36.0-255,66,114419,7,223183
19268,0.015588,172.217.26.0-255,5738,120157,7,223183
19269,0.015598,172.31.36.0-255,66,120223,7,223183
19270,0.017531,172.217.26.0-255,5738,125961,7,223183
19271,0.01754,172.31.36.0-255,66,126027,7,223183
19272,0.019469,172.217.26.0-255,5738,131765,7,223183
19273,0.019477,172.31.36.0-255,66,131831,7,223183
19274,0.02141,172.217.26.0-255,5738,137569,7,223183
19275,0.021417,172.31.36.0-255,66,137635,7,223183
19276,0.023343,172.217.26.0-255,5738,143373,7,223183
19277,0.023349,172.31.36.0-255,66,143439,7,223183
19278,0.025303,172.217.26.0-255,5738,149177,7,223183
19279,0.025309,172.31.36.0-255,66,149243,7,223183
19280,0.027241,172.217.26.0-255,5738,154981,7,223183
19281,0.027247,172.31.36.0-255,66,155047,7,223183
19282,0.029116,172.31.36.0-255,172,155219,7,223183
19283,0.029148,172.31.36.0-255,1116,156335,7,223183
19284,0.02922,172.217.26.0-255,5738,162073,7,223183
19285,0.029225,172.31.36.0-255,66,162139,7,223183
19286,0.029338,172.31.36.0-255,1514,163653,7,223183
19287,0.02934,172.31.36.0-255,1292,164945,7,223183
19288,0.030673,104.244.42.0-255,66,165011,7,223183
19289,0.030702,104.244.42.0-255,66,165077,7,223183
19290,0.030876,104.244.42.0-255,66,165143,7,223183
19291,0.031151,172.217.26.0-255,5738,170881,7,223183
19292,0.031157,172.31.36.0-255,66,170947,7,223183
19293,0.033091,172.217.26.0-255,5738,176685,7,223183
19294,0.033097,172.31.36.0-255,66,176751,7,223183
19295,0.035035,172.217.26.0-255,5738,182489,7,223183
19296,0.035041,172.31.36.0-255,66,182555,7,223183
19297,0.036991,172.217.26.0-255,5738,188293,7,223183
19298,0.036997,172.31.36.0-255,66,188359,7,223183
19299,0.038945,172.217.26.0-255,5738,194097,7,223183
19300,0.038952,172.31.36.0-255,66,194163,7,223183
19301,0.040883,172.217.26.0-255,5738,199901,7,223183
19302,0.040889,172.31.36.0-255,66,199967,7,223183
19303,0.042816,172.217.26.0-255,5738,205705,7,223183
19304,0.042823,172.31.36.0-255,66,205771,7,223183
19305,0.044766,172.217.26.0-255,5738,211509,7,223183
19306,0.044774,172.31.36.0-255,66,211575,7,223183
19307,0.046703,172.217.26.0-255,5738,217313,7,223183
19308,0.046709,172.31.36.0-255,66,217379,7,223183
19309,0.048643,172.217.26.0-255,5738,223117,7,223183
19310,0.048648,172.31.36.0-255,66,223183,7,223183
19311,0.0,172.217.194.0-255,185,185,7,214068
19312,3.5e-05,172.31.36.0-255,66,251,7,214068
19313,4.3e-05,172.217.194.0-255,1484,1735,7,214068
19314,4.7e-05,172.31.36.0-255,66,1801,7,214068
19315,5.2e-05,172.217.194.0-255,2902,4703,7,214068
19316,6.3e-05,172.31.36.0-255,66,4769,7,214068
19317,7e-05,172.217.194.0-255,7156,11925,7,214068
19318,7.2e-05,172.31.36.0-255,66,11991,7,214068
19319,8.7e-05,172.217.194.0-255,2103,14094,7,214068
19320,8.9e-05,172.31.36.0-255,66,14160,7,214068
19321,0.000135,172.217.194.0-255,2902,17062,7,214068
19322,0.000139,172.31.36.0-255,66,17128,7,214068
19323,0.000149,172.217.194.0-255,1484,18612,7,214068
19324,0.000151,172.31.36.0-255,66,18678,7,214068
19325,0.000184,172.217.194.0-255,2902,21580,7,214068
19326,0.000187,172.31.36.0-255,66,21646,7,214068
19327,0.000197,172.31.36.0-255,66,21712,7,214068
19328,0.000204,172.217.194.0-255,1125,22837,7,214068
19329,0.000206,172.31.36.0-255,66,22903,7,214068
19330,0.000243,172.217.194.0-255,1484,24387,7,214068
19331,0.000246,172.31.36.0-255,66,24453,7,214068
19332,0.00025,172.217.194.0-255,2902,27355,7,214068
19333,0.000252,172.31.36.0-255,66,27421,7,214068
19334,0.000282,172.217.194.0-255,5738,33159,7,214068
19335,0.000285,172.31.36.0-255,66,33225,7,214068
19336,0.000293,172.217.194.0-255,6797,40022,7,214068
19337,0.000295,172.31.36.0-255,66,40088,7,214068
19338,0.00034,172.217.194.0-255,1484,41572,7,214068
19339,0.000344,172.31.36.0-255,66,41638,7,214068
19340,0.00038,172.217.194.0-255,2902,44540,7,214068
19341,0.000385,172.31.36.0-255,66,44606,7,214068
19342,0.000391,172.217.194.0-255,5738,50344,7,214068
19343,0.000394,172.31.36.0-255,66,50410,7,214068
19344,0.000399,172.217.194.0-255,7090,57500,7,214068
19345,0.000408,172.31.36.0-255,66,57566,7,214068
19346,0.00127,172.217.194.0-255,384,57950,7,214068
19347,0.001296,172.217.194.0-255,1484,59434,7,214068
19348,0.001301,172.31.36.0-255,66,59500,7,214068
19349,0.001309,172.217.194.0-255,4320,63820,7,214068
19350,0.00131,172.31.36.0-255,66,63886,7,214068
19351,0.001338,172.217.194.0-255,7156,71042,7,214068
19352,0.001341,172.31.36.0-255,66,71108,7,214068
19353,0.001364,172.217.194.0-255,2902,74010,7,214068
19354,0.001368,172.31.36.0-255,66,74076,7,214068
19355,0.001383,172.217.194.0-255,7156,81232,7,214068
19356,0.001385,172.31.36.0-255,66,81298,7,214068
19357,0.001435,172.31.36.0-255,66,81364,7,214068
19358,0.001449,172.31.36.0-255,66,81430,7,214068
19359,0.001463,172.217.194.0-255,7156,88586,7,214068
19360,0.001465,172.31.36.0-255,66,88652,7,214068
19361,0.001503,172.217.194.0-255,1484,90136,7,214068
19362,0.001528,172.31.36.0-255,66,90202,7,214068
19363,0.001554,172.217.194.0-255,3602,93804,7,214068
19364,0.001556,172.31.36.0-255,66,93870,7,214068
19365,0.003881,172.217.194.0-255,1484,95354,7,214068
19366,0.003946,172.217.194.0-255,4320,99674,7,214068
19367,0.003951,172.31.36.0-255,66,99740,7,214068
19368,0.006361,172.217.194.0-255,5738,105478,7,214068
19369,0.006367,172.31.36.0-255,66,105544,7,214068
19370,0.008709,172.217.194.0-255,5738,111282,7,214068
19371,0.008716,172.31.36.0-255,66,111348,7,214068
19372,0.01108,172.217.194.0-255,5738,117086,7,214068
19373,0.011088,172.31.36.0-255,66,117152,7,214068
19374,0.013503,172.217.194.0-255,5738,122890,7,214068
19375,0.013513,172.31.36.0-255,66,122956,7,214068
19376,0.015898,172.217.194.0-255,5738,128694,7,214068
19377,0.015906,172.31.36.0-255,66,128760,7,214068
19378,0.018263,172.217.194.0-255,5738,134498,7,214068
19379,0.01827,172.31.36.0-255,66,134564,7,214068
19380,0.020632,172.217.194.0-255,5738,140302,7,214068
19381,0.020638,172.31.36.0-255,66,140368,7,214068
19382,0.023018,172.217.194.0-255,4320,144688,7,214068
19383,0.023024,172.31.36.0-255,66,144754,7,214068
19384,0.023057,172.217.194.0-255,1484,146238,7,214068
19385,0.025443,172.217.194.0-255,4320,150558,7,214068
19386,0.025454,172.31.36.0-255,66,150624,7,214068
19387,0.027837,172.217.194.0-255,5738,156362,7,214068
19388,0.027845,172.31.36.0-255,66,156428,7,214068
19389,0.029558,172.31.36.0-255,164,156592,7,214068
19390,0.029603,172.31.36.0-255,1123,157715,7,214068
19391,0.029667,172.31.36.0-255,1514,159229,7,214068
19392,0.029669,172.31.36.0-255,1283,160512,7,214068
19393,0.030271,172.217.194.0-255,5738,166250,7,214068
19394,0.030278,172.31.36.0-255,66,166316,7,214068
19395,0.03107,104.244.42.0-255,66,166382,7,214068
19396,0.031153,104.244.42.0-255,66,166448,7,214068
19397,0.031229,104.244.42.0-255,66,166514,7,214068
19398,0.032711,172.217.194.0-255,2902,169416,7,214068
19399,0.032717,172.31.36.0-255,66,169482,7,214068
19400,0.032747,172.217.194.0-255,2902,172384,7,214068
19401,0.03275,172.31.36.0-255,66,172450,7,214068
19402,0.035084,172.217.194.0-255,2902,175352,7,214068
19403,0.035093,172.31.36.0-255,66,175418,7,214068
19404,0.035132,172.217.194.0-255,2902,178320,7,214068
19405,0.035135,172.31.36.0-255,66,178386,7,214068
19406,0.037449,172.217.194.0-255,2902,181288,7,214068
19407,0.037454,172.31.36.0-255,66,181354,7,214068
19408,0.037494,172.217.194.0-255,2902,184256,7,214068
19409,0.037498,172.31.36.0-255,66,184322,7,214068
19410,0.039811,172.217.194.0-255,2902,187224,7,214068
19411,0.039816,172.31.36.0-255,66,187290,7,214068
19412,0.039855,172.217.194.0-255,2902,190192,7,214068
19413,0.039858,172.31.36.0-255,66,190258,7,214068
19414,0.04217,172.217.194.0-255,2902,193160,7,214068
19415,0.042176,172.31.36.0-255,66,193226,7,214068
19416,0.042255,172.217.194.0-255,2902,196128,7,214068
19417,0.042259,172.31.36.0-255,66,196194,7,214068
19418,0.044541,172.217.194.0-255,2902,199096,7,214068
19419,0.044546,172.31.36.0-255,66,199162,7,214068
19420,0.044615,172.217.194.0-255,1484,200646,7,214068
19421,0.044634,172.217.194.0-255,1484,202130,7,214068
19422,0.044638,172.31.36.0-255,66,202196,7,214068
19423,0.0469,172.217.194.0-255,2902,205098,7,214068
19424,0.046906,172.31.36.0-255,66,205164,7,214068
19425,0.046969,172.217.194.0-255,2902,208066,7,214068
19426,0.046973,172.31.36.0-255,66,208132,7,214068
19427,0.049291,172.217.194.0-255,2902,211034,7,214068
19428,0.0493,172.31.36.0-255,66,211100,7,214068
19429,0.04933,172.217.194.0-255,2902,214002,7,214068
19430,0.049334,172.31.36.0-255,66,214068,7,214068
19431,0.0,74.125.24.0-255,226,226,7,129304
19432,2.2e-05,172.31.36.0-255,66,292,7,129304
19433,3e-05,74.125.24.0-255,1484,1776,7,129304
19434,3.4e-05,172.31.36.0-255,66,1842,7,129304
19435,7.2e-05,74.125.24.0-255,4320,6162,7,129304
19436,7.6e-05,172.31.36.0-255,66,6228,7,129304
19437,0.000241,172.31.36.0-255,66,6294,7,129304
19438,0.000558,172.31.36.0-255,66,6360,7,129304
19439,0.000919,172.31.36.0-255,66,6426,7,129304
19440,0.003233,74.125.24.0-255,5738,12164,7,129304
19441,0.003244,172.31.36.0-255,66,12230,7,129304
19442,0.005598,74.125.24.0-255,5738,17968,7,129304
19443,0.005607,172.31.36.0-255,66,18034,7,129304
19444,0.007969,74.125.24.0-255,2902,20936,7,129304
19445,0.007982,172.31.36.0-255,66,21002,7,129304
19446,0.007993,74.125.24.0-255,2902,23904,7,129304
19447,0.008003,172.31.36.0-255,66,23970,7,129304
19448,0.010359,74.125.24.0-255,2902,26872,7,129304
19449,0.010375,172.31.36.0-255,66,26938,7,129304
19450,0.010406,74.125.24.0-255,2902,29840,7,129304
19451,0.01041,172.31.36.0-255,66,29906,7,129304
19452,0.012729,74.125.24.0-255,2902,32808,7,129304
19453,0.012744,172.31.36.0-255,66,32874,7,129304
19454,0.012775,74.125.24.0-255,2902,35776,7,129304
19455,0.012777,172.31.36.0-255,66,35842,7,129304
19456,0.015103,74.125.24.0-255,2902,38744,7,129304
19457,0.015118,172.31.36.0-255,66,38810,7,129304
19458,0.015152,74.125.24.0-255,2902,41712,7,129304
19459,0.015156,172.31.36.0-255,66,41778,7,129304
19460,0.017482,74.125.24.0-255,2902,44680,7,129304
19461,0.017498,172.31.36.0-255,66,44746,7,129304
19462,0.017533,74.125.24.0-255,2902,47648,7,129304
19463,0.017536,172.31.36.0-255,66,47714,7,129304
19464,0.019834,74.125.24.0-255,2902,50616,7,129304
19465,0.019844,172.31.36.0-255,66,50682,7,129304
19466,0.019875,74.125.24.0-255,2902,53584,7,129304
19467,0.019878,172.31.36.0-255,66,53650,7,129304
19468,0.022171,74.125.24.0-255,2902,56552,7,129304
19469,0.022182,172.31.36.0-255,66,56618,7,129304
19470,0.022213,74.125.24.0-255,2902,59520,7,129304
19471,0.022218,172.31.36.0-255,66,59586,7,129304
19472,0.022433,172.31.36.0-255,172,59758,7,129304
19473,0.022463,172.31.36.0-255,1114,60872,7,129304
19474,0.022524,172.31.36.0-255,1514,62386,7,129304
19475,0.022526,172.31.36.0-255,1292,63678,7,129304
19476,0.023975,104.244.42.0-255,66,63744,7,129304
19477,0.024003,104.244.42.0-255,66,63810,7,129304
19478,0.024058,104.244.42.0-255,66,63876,7,129304
19479,0.024501,74.125.24.0-255,2902,66778,7,129304
19480,0.024509,172.31.36.0-255,66,66844,7,129304
19481,0.024545,74.125.24.0-255,2902,69746,7,129304
19482,0.024548,172.31.36.0-255,66,69812,7,129304
19483,0.026846,74.125.24.0-255,2902,72714,7,129304
19484,0.026855,172.31.36.0-255,66,72780,7,129304
19485,0.026897,74.125.24.0-255,2902,75682,7,129304
19486,0.026901,172.31.36.0-255,66,75748,7,129304
19487,0.029203,74.125.24.0-255,2902,78650,7,129304
19488,0.029213,172.31.36.0-255,66,78716,7,129304
19489,0.029241,74.125.24.0-255,2902,81618,7,129304
19490,0.029244,172.31.36.0-255,66,81684,7,129304
19491,0.031535,74.125.24.0-255,2902,84586,7,129304
19492,0.031543,172.31.36.0-255,66,84652,7,129304
19493,0.031582,74.125.24.0-255,2902,87554,7,129304
19494,0.031586,172.31.36.0-255,66,87620,7,129304
19495,0.033867,74.125.24.0-255,2902,90522,7,129304
19496,0.033876,172.31.36.0-255,66,90588,7,129304
19497,0.033904,74.125.24.0-255,2902,93490,7,129304
19498,0.033907,172.31.36.0-255,66,93556,7,129304
19499,0.036193,74.125.24.0-255,2902,96458,7,129304
19500,0.036203,172.31.36.0-255,66,96524,7,129304
19501,0.036231,74.125.24.0-255,2902,99426,7,129304
19502,0.036234,172.31.36.0-255,66,99492,7,129304
19503,0.038529,74.125.24.0-255,2902,102394,7,129304
19504,0.038535,172.31.36.0-255,66,102460,7,129304
19505,0.03857,74.125.24.0-255,2902,105362,7,129304
19506,0.038574,172.31.36.0-255,66,105428,7,129304
19507,0.04088,74.125.24.0-255,2902,108330,7,129304
19508,0.040887,172.31.36.0-255,66,108396,7,129304
19509,0.040916,74.125.24.0-255,1484,109880,7,129304
19510,0.040919,172.31.36.0-255,66,109946,7,129304
19511,0.040943,74.125.24.0-255,1484,111430,7,129304
19512,0.040945,172.31.36.0-255,66,111496,7,129304
19513,0.04322,74.125.24.0-255,2902,114398,7,129304
19514,0.043228,172.31.36.0-255,66,114464,7,129304
19515,0.043256,74.125.24.0-255,2902,117366,7,129304
19516,0.043259,172.31.36.0-255,66,117432,7,129304
19517,0.045576,74.125.24.0-255,2902,120334,7,129304
19518,0.045584,172.31.36.0-255,66,120400,7,129304
19519,0.045616,74.125.24.0-255,2902,123302,7,129304
19520,0.045619,172.31.36.0-255,66,123368,7,129304
19521,0.047936,74.125.24.0-255,2902,126270,7,129304
19522,0.047943,172.31.36.0-255,66,126336,7,129304
19523,0.047998,74.125.24.0-255,2902,129238,7,129304
19524,0.048001,172.31.36.0-255,66,129304,7,129304
19525,0.0,172.217.194.0-255,146,146,7,276915
19526,2e-05,172.31.36.0-255,66,212,7,276915
19527,2.8e-05,172.217.194.0-255,1484,1696,7,276915
19528,3.3e-05,172.31.36.0-255,66,1762,7,276915
19529,3.9e-05,172.217.194.0-255,2902,4664,7,276915
19530,5.6e-05,172.31.36.0-255,66,4730,7,276915
19531,6.5e-05,172.217.194.0-255,7156,11886,7,276915
19532,6.8e-05,172.31.36.0-255,66,11952,7,276915
19533,9.8e-05,172.217.194.0-255,5738,17690,7,276915
19534,0.000102,172.31.36.0-255,66,17756,7,276915
19535,0.000133,172.31.36.0-255,66,17822,7,276915
19536,0.000202,172.217.194.0-255,2543,20365,7,276915
19537,0.000205,172.31.36.0-255,66,20431,7,276915
19538,0.000353,172.217.194.0-255,1484,21915,7,276915
19539,0.000358,172.31.36.0-255,66,21981,7,276915
19540,0.000364,172.217.194.0-255,2902,24883,7,276915
19541,0.000366,172.31.36.0-255,66,24949,7,276915
19542,0.000396,172.217.194.0-255,5738,30687,7,276915
19543,0.000399,172.31.36.0-255,66,30753,7,276915
19544,0.000425,172.217.194.0-255,4320,35073,7,276915
19545,0.000429,172.31.36.0-255,66,35139,7,276915
19546,0.000446,172.217.194.0-255,2902,38041,7,276915
19547,0.000448,172.31.36.0-255,66,38107,7,276915
19548,0.000492,172.31.36.0-255,66,38173,7,276915
19549,0.000549,172.217.194.0-255,4320,42493,7,276915
19550,0.000553,172.31.36.0-255,66,42559,7,276915
19551,0.000572,172.217.194.0-255,2543,45102,7,276915
19552,0.000576,172.31.36.0-255,66,45168,7,276915
19553,0.000593,172.217.194.0-255,645,45813,7,276915
19554,0.000596,172.31.36.0-255,66,45879,7,276915
19555,0.000631,172.217.194.0-255,1484,47363,7,276915
19556,0.000648,172.217.194.0-255,4320,51683,7,276915
19557,0.000651,172.31.36.0-255,66,51749,7,276915
19558,0.000656,172.217.194.0-255,2902,54651,7,276915
19559,0.000658,172.31.36.0-255,66,54717,7,276915
19560,0.000681,172.217.194.0-255,7156,61873,7,276915
19561,0.000684,172.31.36.0-255,66,61939,7,276915
19562,0.000735,172.217.194.0-255,7156,69095,7,276915
19563,0.000739,172.31.36.0-255,66,69161,7,276915
19564,0.000755,172.217.194.0-255,1484,70645,7,276915
19565,0.000803,172.217.194.0-255,4320,74965,7,276915
19566,0.000808,172.31.36.0-255,66,75031,7,276915
19567,0.000827,172.217.194.0-255,5020,80051,7,276915
19568,0.00083,172.31.36.0-255,66,80117,7,276915
19569,0.00143,172.217.194.0-255,1484,81601,7,276915
19570,0.001439,172.217.194.0-255,2902,84503,7,276915
19571,0.001443,172.31.36.0-255,66,84569,7,276915
19572,0.001451,172.217.194.0-255,5738,90307,7,276915
19573,0.001453,172.31.36.0-255,66,90373,7,276915
19574,0.001487,172.217.194.0-255,1484,91857,7,276915
19575,0.001515,172.31.36.0-255,66,91923,7,276915
19576,0.001588,172.217.194.0-255,2902,94825,7,276915
19577,0.001591,172.31.36.0-255,66,94891,7,276915
19578,0.001607,172.217.194.0-255,4320,99211,7,276915
19579,0.00161,172.31.36.0-255,66,99277,7,276915
19580,0.001633,172.217.194.0-255,3602,102879,7,276915
19581,0.001636,172.31.36.0-255,66,102945,7,276915
19582,0.001668,172.217.194.0-255,2902,105847,7,276915
19583,0.001671,172.31.36.0-255,66,105913,7,276915
19584,0.0017,172.31.36.0-255,66,105979,7,276915
19585,0.001772,172.31.36.0-255,66,106045,7,276915
19586,0.001805,172.31.36.0-255,66,106111,7,276915
19587,0.001934,172.217.194.0-255,1484,107595,7,276915
19588,0.001941,172.217.194.0-255,2902,110497,7,276915
19589,0.001944,172.31.36.0-255,66,110563,7,276915
19590,0.001963,172.217.194.0-255,2902,113465,7,276915
19591,0.001966,172.31.36.0-255,66,113531,7,276915
19592,0.001987,172.217.194.0-255,2902,116433,7,276915
19593,0.001989,172.31.36.0-255,66,116499,7,276915
19594,0.002007,172.217.194.0-255,7156,123655,7,276915
19595,0.00201,172.31.36.0-255,66,123721,7,276915
19596,0.002025,172.217.194.0-255,5738,129459,7,276915
19597,0.002027,172.31.36.0-255,66,129525,7,276915
19598,0.002107,172.217.194.0-255,7156,136681,7,276915
19599,0.002111,172.31.36.0-255,66,136747,7,276915
19600,0.002124,172.217.194.0-255,3602,140349,7,276915
19601,0.002126,172.31.36.0-255,66,140415,7,276915
19602,0.002188,172.217.194.0-255,4320,144735,7,276915
19603,0.00219,172.31.36.0-255,66,144801,7,276915
19604,0.002211,172.31.36.0-255,66,144867,7,276915
19605,0.002234,172.31.36.0-255,66,144933,7,276915
19606,0.002386,172.217.194.0-255,1484,146417,7,276915
19607,0.002437,172.31.36.0-255,66,146483,7,276915
19608,0.002469,172.31.36.0-255,66,146549,7,276915
19609,0.002675,172.217.194.0-255,5738,152287,7,276915
19610,0.002678,172.31.36.0-255,66,152353,7,276915
19611,0.002709,172.31.36.0-255,66,152419,7,276915
19612,0.002795,172.217.194.0-255,4320,156739,7,276915
19613,0.002798,172.31.36.0-255,66,156805,7,276915
19614,0.002828,172.31.36.0-255,66,156871,7,276915
19615,0.002839,172.217.194.0-255,766,157637,7,276915
19616,0.005104,172.217.194.0-255,4320,161957,7,276915
19617,0.00511,172.31.36.0-255,66,162023,7,276915
19618,0.007381,172.217.194.0-255,2902,164925,7,276915
19619,0.007387,172.31.36.0-255,66,164991,7,276915
19620,0.007406,172.217.194.0-255,2902,167893,7,276915
19621,0.007409,172.31.36.0-255,66,167959,7,276915
19622,0.009636,172.217.194.0-255,5738,173697,7,276915
19623,0.009644,172.31.36.0-255,66,173763,7,276915
19624,0.011922,172.217.194.0-255,5738,179501,7,276915
19625,0.011933,172.31.36.0-255,66,179567,7,276915
19626,0.014234,172.217.194.0-255,5738,185305,7,276915
19627,0.014247,172.31.36.0-255,66,185371,7,276915
19628,0.016505,172.217.194.0-255,5738,191109,7,276915
19629,0.016523,172.31.36.0-255,66,191175,7,276915
19630,0.018809,172.217.194.0-255,5738,196913,7,276915
19631,0.018825,172.31.36.0-255,66,196979,7,276915
19632,0.021082,172.217.194.0-255,5738,202717,7,276915
19633,0.021095,172.31.36.0-255,66,202783,7,276915
19634,0.02338,172.217.194.0-255,5738,208521,7,276915
19635,0.023391,172.31.36.0-255,66,208587,7,276915
19636,0.025672,172.217.194.0-255,5738,214325,7,276915
19637,0.025683,172.31.36.0-255,66,214391,7,276915
19638,0.027969,172.217.194.0-255,5738,220129,7,276915
19639,0.027978,172.31.36.0-255,66,220195,7,276915
19640,0.03022,172.217.194.0-255,5738,225933,7,276915
19641,0.030233,172.31.36.0-255,66,225999,7,276915
19642,0.031501,172.31.36.0-255,192,226191,7,276915
19643,0.031532,172.31.36.0-255,1115,227306,7,276915
19644,0.031597,172.31.36.0-255,1514,228820,7,276915
19645,0.031598,172.31.36.0-255,1291,230111,7,276915
19646,0.032479,172.217.194.0-255,5738,235849,7,276915
19647,0.032488,172.31.36.0-255,66,235915,7,276915
19648,0.033093,104.244.42.0-255,66,235981,7,276915
19649,0.033102,104.244.42.0-255,66,236047,7,276915
19650,0.033144,104.244.42.0-255,66,236113,7,276915
19651,0.033743,104.244.42.0-255,108,236221,7,276915
19652,0.033749,172.31.36.0-255,66,236287,7,276915
19653,0.034773,172.217.194.0-255,5738,242025,7,276915
19654,0.03478,172.31.36.0-255,66,242091,7,276915
19655,0.037062,172.217.194.0-255,5738,247829,7,276915
19656,0.037069,172.31.36.0-255,66,247895,7,276915
19657,0.039349,172.217.194.0-255,5738,253633,7,276915
19658,0.039356,172.31.36.0-255,66,253699,7,276915
19659,0.041659,172.217.194.0-255,5738,259437,7,276915
19660,0.041669,172.31.36.0-255,66,259503,7,276915
19661,0.043974,172.217.194.0-255,5738,265241,7,276915
19662,0.043981,172.31.36.0-255,66,265307,7,276915
19663,0.046285,172.217.194.0-255,5738,271045,7,276915
19664,0.046294,172.31.36.0-255,66,271111,7,276915
19665,0.048614,172.217.194.0-255,5738,276849,7,276915
19666,0.048623,172.31.36.0-255,66,276915,7,276915
19667,0.0,172.217.194.0-255,153,153,7,260375
19668,3.4e-05,172.31.36.0-255,66,219,7,260375
19669,4.2e-05,172.217.194.0-255,1484,1703,7,260375
19670,4.7e-05,172.31.36.0-255,66,1769,7,260375
19671,5.3e-05,172.217.194.0-255,2902,4671,7,260375
19672,5.5e-05,172.31.36.0-255,66,4737,7,260375
19673,6.4e-05,172.217.194.0-255,7156,11893,7,260375
19674,6.6e-05,172.31.36.0-255,66,11959,7,260375
19675,6.9e-05,172.217.194.0-255,1484,13443,7,260375
19676,7.1e-05,172.31.36.0-255,66,13509,7,260375
19677,0.000108,172.217.194.0-255,639,14148,7,260375
19678,0.000111,172.31.36.0-255,66,14214,7,260375
19679,0.000127,172.217.194.0-255,1484,15698,7,260375
19680,0.00013,172.31.36.0-255,66,15764,7,260375
19681,0.000135,172.217.194.0-255,4320,20084,7,260375
19682,0.000138,172.31.36.0-255,66,20150,7,260375
19683,0.000171,172.217.194.0-255,7156,27306,7,260375
19684,0.000174,172.31.36.0-255,66,27372,7,260375
19685,0.000195,172.217.194.0-255,3961,31333,7,260375
19686,0.000198,172.31.36.0-255,66,31399,7,260375
19687,0.000304,172.217.194.0-255,1484,32883,7,260375
19688,0.000309,172.31.36.0-255,66,32949,7,260375
19689,0.000315,172.217.194.0-255,2902,35851,7,260375
19690,0.000317,172.31.36.0-255,66,35917,7,260375
19691,0.000344,172.217.194.0-255,5738,41655,7,260375
19692,0.000347,172.31.36.0-255,66,41721,7,260375
19693,0.000352,172.217.194.0-255,2902,44623,7,260375
19694,0.000354,172.31.36.0-255,66,44689,7,260375
19695,0.000369,172.217.194.0-255,3961,48650,7,260375
19696,0.000374,172.31.36.0-255,66,48716,7,260375
19697,0.000417,172.217.194.0-255,7156,55872,7,260375
19698,0.00042,172.31.36.0-255,66,55938,7,260375
19699,0.000442,172.217.194.0-255,7156,63094,7,260375
19700,0.000446,172.31.36.0-255,66,63160,7,260375
19701,0.000461,172.217.194.0-255,2818,65978,7,260375
19702,0.000464,172.31.36.0-255,66,66044,7,260375
19703,0.000482,172.217.194.0-255,117,66161,7,260375
19704,0.000486,172.217.194.0-255,382,66543,7,260375
19705,0.000831,172.31.36.0-255,66,66609,7,260375
19706,0.000894,172.217.194.0-255,1484,68093,7,260375
19707,0.000902,172.217.194.0-255,1484,69577,7,260375
19708,0.000905,172.31.36.0-255,66,69643,7,260375
19709,0.00093,172.217.194.0-255,1484,71127,7,260375
19710,0.000936,172.217.194.0-255,5738,76865,7,260375
19711,0.000938,172.31.36.0-255,66,76931,7,260375
19712,0.000958,172.217.194.0-255,4320,81251,7,260375
19713,0.00096,172.31.36.0-255,66,81317,7,260375
19714,0.000977,172.217.194.0-255,1994,83311,7,260375
19715,0.00098,172.31.36.0-255,66,83377,7,260375
19716,0.001219,172.217.194.0-255,1484,84861,7,260375
19717,0.001226,172.217.194.0-255,2902,87763,7,260375
19718,0.00123,172.31.36.0-255,66,87829,7,260375
19719,0.001237,172.217.194.0-255,5738,93567,7,260375
19720,0.001239,172.31.36.0-255,66,93633,7,260375
19721,0.001261,172.217.194.0-255,7156,100789,7,260375
19722,0.001263,172.31.36.0-255,66,100855,7,260375
19723,0.001281,172.217.194.0-255,5738,106593,7,260375
19724,0.001284,172.31.36.0-255,66,106659,7,260375
19725,0.001294,172.31.36.0-255,66,106725,7,260375
19726,0.001316,172.217.194.0-255,2184,108909,7,260375
19727,0.001319,172.31.36.0-255,66,108975,7,260375
19728,0.002218,172.217.194.0-255,1484,110459,7,260375
19729,0.002226,172.217.194.0-255,2902,113361,7,260375
19730,0.002231,172.31.36.0-255,66,113427,7,260375
19731,0.002247,172.217.194.0-255,4320,117747,7,260375
19732,0.002249,172.31.36.0-255,66,117813,7,260375
19733,0.002269,172.217.194.0-255,1484,119297,7,260375
19734,0.002279,172.31.36.0-255,66,119363,7,260375
19735,0.002302,172.217.194.0-255,4320,123683,7,260375
19736,0.002305,172.31.36.0-255,66,123749,7,260375
19737,0.002312,172.217.194.0-255,7156,130905,7,260375
19738,0.002314,172.31.36.0-255,66,130971,7,260375
19739,0.002317,172.217.194.0-255,1484,132455,7,260375
19740,0.002321,172.217.194.0-255,2184,134639,7,260375
19741,0.002323,172.31.36.0-255,66,134705,7,260375
19742,0.004573,172.217.194.0-255,2902,137607,7,260375
19743,0.004578,172.31.36.0-255,66,137673,7,260375
19744,0.004596,172.217.194.0-255,2902,140575,7,260375
19745,0.004598,172.31.36.0-255,66,140641,7,260375
19746,0.006826,172.217.194.0-255,2902,143543,7,260375
19747,0.006832,172.31.36.0-255,66,143609,7,260375
19748,0.006866,172.217.194.0-255,2902,146511,7,260375
19749,0.006869,172.31.36.0-255,66,146577,7,260375
19750,0.009096,172.217.194.0-255,2902,149479,7,260375
19751,0.009103,172.31.36.0-255,66,149545,7,260375
19752,0.009126,172.217.194.0-255,2902,152447,7,260375
19753,0.009128,172.31.36.0-255,66,152513,7,260375
19754,0.011384,172.217.194.0-255,5738,158251,7,260375
19755,0.01139,172.31.36.0-255,66,158317,7,260375
19756,0.013675,172.217.194.0-255,5738,164055,7,260375
19757,0.01369,172.31.36.0-255,66,164121,7,260375
19758,0.015945,172.217.194.0-255,5738,169859,7,260375
19759,0.015953,172.31.36.0-255,66,169925,7,260375
19760,0.018238,172.217.194.0-255,5738,175663,7,260375
19761,0.01825,172.31.36.0-255,66,175729,7,260375
19762,0.02055,172.217.194.0-255,5738,181467,7,260375
19763,0.020561,172.31.36.0-255,66,181533,7,260375
19764,0.022866,172.217.194.0-255,5738,187271,7,260375
19765,0.022874,172.31.36.0-255,66,187337,7,260375
19766,0.02514,172.217.194.0-255,5738,193075,7,260375
19767,0.025149,172.31.36.0-255,66,193141,7,260375
19768,0.027417,172.217.194.0-255,5738,198879,7,260375
19769,0.027426,172.31.36.0-255,66,198945,7,260375
19770,0.029704,172.217.194.0-255,5738,204683,7,260375
19771,0.029711,172.31.36.0-255,66,204749,7,260375
19772,0.031318,172.31.36.0-255,176,204925,7,260375
19773,0.031348,172.31.36.0-255,1115,206040,7,260375
19774,0.031391,172.31.36.0-255,1514,207554,7,260375
19775,0.031393,172.31.36.0-255,1514,209068,7,260375
19776,0.031398,172.31.36.0-255,1514,210582,7,260375
19777,0.0314,172.31.36.0-255,1514,212096,7,260375
19778,0.031418,172.31.36.0-255,1514,213610,7,260375
19779,0.031425,172.31.36.0-255,69,213679,7,260375
19780,0.032006,172.217.194.0-255,5738,219417,7,260375
19781,0.032012,172.31.36.0-255,66,219483,7,260375
19782,0.032869,104.244.42.0-255,66,219549,7,260375
19783,0.032923,104.244.42.0-255,66,219615,7,260375
19784,0.032979,104.244.42.0-255,66,219681,7,260375
19785,0.032985,104.244.42.0-255,66,219747,7,260375
19786,0.034283,172.217.194.0-255,5738,225485,7,260375
19787,0.034288,172.31.36.0-255,66,225551,7,260375
19788,0.036571,172.217.194.0-255,5738,231289,7,260375
19789,0.036577,172.31.36.0-255,66,231355,7,260375
19790,0.03885,172.217.194.0-255,5738,237093,7,260375
19791,0.038855,172.31.36.0-255,66,237159,7,260375
19792,0.041109,172.217.194.0-255,5738,242897,7,260375
19793,0.041115,172.31.36.0-255,66,242963,7,260375
19794,0.043399,172.217.194.0-255,5738,248701,7,260375
19795,0.043421,172.31.36.0-255,66,248767,7,260375
19796,0.045679,172.217.194.0-255,5738,254505,7,260375
19797,0.045684,172.31.36.0-255,66,254571,7,260375
19798,0.047946,172.217.194.0-255,5738,260309,7,260375
19799,0.047952,172.31.36.0-255,66,260375,7,260375
19800,0.0,172.31.36.0-255,105,105,7,105
19801,0.0,74.125.24.0-255,146,146,7,366238
19802,2.2e-05,172.31.36.0-255,66,212,7,366238
19803,3e-05,74.125.24.0-255,1484,1696,7,366238
19804,3.4e-05,172.31.36.0-255,66,1762,7,366238
19805,4e-05,74.125.24.0-255,2902,4664,7,366238
19806,4.2e-05,172.31.36.0-255,66,4730,7,366238
19807,4.7e-05,74.125.24.0-255,2902,7632,7,366238
19808,5.1e-05,172.31.36.0-255,66,7698,7,366238
19809,7.8e-05,74.125.24.0-255,4320,12018,7,366238
19810,8.2e-05,172.31.36.0-255,66,12084,7,366238
19811,8.6e-05,74.125.24.0-255,2049,14133,7,366238
19812,8.9e-05,172.31.36.0-255,66,14199,7,366238
19813,0.000125,74.125.24.0-255,1484,15683,7,366238
19814,0.000127,172.31.36.0-255,66,15749,7,366238
19815,0.000133,74.125.24.0-255,2902,18651,7,366238
19816,0.000136,172.31.36.0-255,66,18717,7,366238
19817,0.000142,74.125.24.0-255,5738,24455,7,366238
19818,0.000144,172.31.36.0-255,66,24521,7,366238
19819,0.000173,74.125.24.0-255,5738,30259,7,366238
19820,0.000175,172.31.36.0-255,66,30325,7,366238
19821,0.000205,74.125.24.0-255,1125,31450,7,366238
19822,0.000208,172.31.36.0-255,66,31516,7,366238
19823,0.000304,74.125.24.0-255,1484,33000,7,366238
19824,0.000306,172.31.36.0-255,66,33066,7,366238
19825,0.000312,74.125.24.0-255,2902,35968,7,366238
19826,0.000314,172.31.36.0-255,66,36034,7,366238
19827,0.000317,74.125.24.0-255,1484,37518,7,366238
19828,0.00032,172.31.36.0-255,66,37584,7,366238
19829,0.000347,74.125.24.0-255,5738,43322,7,366238
19830,0.000349,172.31.36.0-255,66,43388,7,366238
19831,0.000379,74.125.24.0-255,5379,48767,7,366238
19832,0.000382,172.31.36.0-255,66,48833,7,366238
19833,0.000431,74.125.24.0-255,1484,50317,7,366238
19834,0.000437,74.125.24.0-255,2902,53219,7,366238
19835,0.000453,74.125.24.0-255,5738,58957,7,366238
19836,0.000475,74.125.24.0-255,5738,64695,7,366238
19837,0.000515,74.125.24.0-255,1737,66432,7,366238
19838,0.000591,172.31.36.0-255,66,66498,7,366238
19839,0.000619,74.125.24.0-255,1484,67982,7,366238
19840,0.000624,74.125.24.0-255,1484,69466,7,366238
19841,0.000636,74.125.24.0-255,1484,70950,7,366238
19842,0.000641,74.125.24.0-255,2902,73852,7,366238
19843,0.000657,74.125.24.0-255,2902,76754,7,366238
19844,0.000661,74.125.24.0-255,1484,78238,7,366238
19845,0.000667,172.31.36.0-255,66,78304,7,366238
19846,0.000682,74.125.24.0-255,5379,83683,7,366238
19847,0.000704,172.31.36.0-255,66,83749,7,366238
19848,0.000716,74.125.24.0-255,5738,89487,7,366238
19849,0.000731,74.125.24.0-255,1484,90971,7,366238
19850,0.000738,74.125.24.0-255,7156,98127,7,366238
19851,0.000762,172.31.36.0-255,66,98193,7,366238
19852,0.000774,74.125.24.0-255,2543,100736,7,366238
19853,0.000793,172.31.36.0-255,66,100802,7,366238
19854,0.001018,74.125.24.0-255,1484,102286,7,366238
19855,0.001037,74.125.24.0-255,2902,105188,7,366238
19856,0.001044,74.125.24.0-255,5738,110926,7,366238
19857,0.001058,74.125.24.0-255,5738,116664,7,366238
19858,0.001075,74.125.24.0-255,7156,123820,7,366238
19859,0.001091,172.31.36.0-255,66,123886,7,366238
19860,0.001115,172.31.36.0-255,66,123952,7,366238
19861,0.001202,74.125.24.0-255,1484,125436,7,366238
19862,0.001208,74.125.24.0-255,2902,128338,7,366238
19863,0.001227,172.31.36.0-255,66,128404,7,366238
19864,0.001233,74.125.24.0-255,4320,132724,7,366238
19865,0.001235,74.125.24.0-255,1484,134208,7,366238
19866,0.00124,172.31.36.0-255,66,134274,7,366238
19867,0.001253,74.125.24.0-255,4320,138594,7,366238
19868,0.001257,74.125.24.0-255,1484,140078,7,366238
19869,0.001273,74.125.24.0-255,5738,145816,7,366238
19870,0.001292,74.125.24.0-255,4320,150136,7,366238
19871,0.001295,74.125.24.0-255,1484,151620,7,366238
19872,0.001298,172.31.36.0-255,66,151686,7,366238
19873,0.001303,172.31.36.0-255,66,151752,7,366238
19874,0.001325,74.125.24.0-255,6438,158190,7,366238
19875,0.001341,172.31.36.0-255,66,158256,7,366238
19876,0.001523,74.125.24.0-255,1484,159740,7,366238
19877,0.00153,74.125.24.0-255,2902,162642,7,366238
19878,0.001535,172.31.36.0-255,66,162708,7,366238
19879,0.00156,74.125.24.0-255,5738,168446,7,366238
19880,0.001567,74.125.24.0-255,5738,174184,7,366238
19881,0.001573,172.31.36.0-255,66,174250,7,366238
19882,0.001586,74.125.24.0-255,7156,181406,7,366238
19883,0.00159,74.125.24.0-255,2902,184308,7,366238
19884,0.001656,172.31.36.0-255,66,184374,7,366238
19885,0.001805,74.125.24.0-255,1484,185858,7,366238
19886,0.001819,74.125.24.0-255,2902,188760,7,366238
19887,0.001823,172.31.36.0-255,66,188826,7,366238
19888,0.001831,74.125.24.0-255,5738,194564,7,366238
19889,0.001841,172.31.36.0-255,66,194630,7,366238
19890,0.001864,74.125.24.0-255,5738,200368,7,366238
19891,0.001871,74.125.24.0-255,7156,207524,7,366238
19892,0.001885,172.31.36.0-255,66,207590,7,366238
19893,0.001925,172.31.36.0-255,66,207656,7,366238
19894,0.00196,74.125.24.0-255,1484,209140,7,366238
19895,0.001964,74.125.24.0-255,1484,210624,7,366238
19896,0.001966,172.31.36.0-255,66,210690,7,366238
19897,0.001985,74.125.24.0-255,1484,212174,7,366238
19898,0.001991,74.125.24.0-255,5738,217912,7,366238
19899,0.002004,74.125.24.0-255,7156,225068,7,366238
19900,0.002009,172.31.36.0-255,66,225134,7,366238
19901,0.002024,74.125.24.0-255,5738,230872,7,366238
19902,0.002058,74.125.24.0-255,2184,233056,7,366238
19903,0.002064,172.31.36.0-255,66,233122,7,366238
19904,0.002117,74.125.24.0-255,1484,234606,7,366238
19905,0.002123,74.125.24.0-255,2902,237508,7,366238
19906,0.002126,74.125.24.0-255,1484,238992,7,366238
19907,0.00214,74.125.24.0-255,4320,243312,7,366238
19908,0.002153,74.125.24.0-255,1484,244796,7,366238
19909,0.002169,74.125.24.0-255,7156,251952,7,366238
19910,0.002172,172.31.36.0-255,66,252018,7,366238
19911,0.002177,172.31.36.0-255,66,252084,7,366238
19912,0.002197,74.125.24.0-255,4320,256404,7,366238
19913,0.002224,74.125.24.0-255,7156,263560,7,366238
19914,0.002226,172.31.36.0-255,66,263626,7,366238
19915,0.002231,172.31.36.0-255,66,263692,7,366238
19916,0.002247,74.125.24.0-255,3602,267294,7,366238
19917,0.002263,172.31.36.0-255,66,267360,7,366238
19918,0.00228,74.125.24.0-255,1484,268844,7,366238
19919,0.004526,74.125.24.0-255,4320,273164,7,366238
19920,0.004534,172.31.36.0-255,66,273230,7,366238
19921,0.006799,74.125.24.0-255,5738,278968,7,366238
19922,0.01438,74.125.24.0-255,1484,280452,7,366238
19923,0.016369,172.31.36.0-255,66,280518,7,366238
19924,0.01865,74.125.24.0-255,5738,286256,7,366238
19925,0.018663,172.31.36.0-255,66,286322,7,366238
19926,0.020946,74.125.24.0-255,5738,292060,7,366238
19927,0.020955,172.31.36.0-255,66,292126,7,366238
19928,0.023241,74.125.24.0-255,5738,297864,7,366238
19929,0.02325,172.31.36.0-255,66,297930,7,366238
19930,0.025507,74.125.24.0-255,5738,303668,7,366238
19931,0.025519,172.31.36.0-255,66,303734,7,366238
19932,0.027788,74.125.24.0-255,5738,309472,7,366238
19933,0.027798,172.31.36.0-255,66,309538,7,366238
19934,0.030075,74.125.24.0-255,5738,315276,7,366238
19935,0.030084,172.31.36.0-255,66,315342,7,366238
19936,0.032363,74.125.24.0-255,5738,321080,7,366238
19937,0.032371,172.31.36.0-255,66,321146,7,366238
19938,0.034642,74.125.24.0-255,5738,326884,7,366238
19939,0.034651,172.31.36.0-255,66,326950,7,366238
19940,0.036897,74.125.24.0-255,5738,332688,7,366238
19941,0.036905,172.31.36.0-255,66,332754,7,366238
19942,0.039175,74.125.24.0-255,5738,338492,7,366238
19943,0.039183,172.31.36.0-255,66,338558,7,366238
19944,0.040786,172.31.36.0-255,172,338730,7,366238
19945,0.040816,172.31.36.0-255,1114,339844,7,366238
19946,0.040879,172.31.36.0-255,1514,341358,7,366238
19947,0.040881,172.31.36.0-255,1292,342650,7,366238
19948,0.041434,74.125.24.0-255,5738,348388,7,366238
19949,0.041441,172.31.36.0-255,66,348454,7,366238
19950,0.042338,104.244.42.0-255,66,348520,7,366238
19951,0.042386,104.244.42.0-255,66,348586,7,366238
19952,0.042406,104.244.42.0-255,66,348652,7,366238
19953,0.042985,104.244.42.0-255,108,348760,7,366238
19954,0.04299,172.31.36.0-255,66,348826,7,366238
19955,0.04375,74.125.24.0-255,5738,354564,7,366238
19956,0.043755,172.31.36.0-255,66,354630,7,366238
19957,0.046019,74.125.24.0-255,5738,360368,7,366238
19958,0.046028,172.31.36.0-255,66,360434,7,366238
19959,0.048298,74.125.24.0-255,5738,366172,7,366238
19960,0.048305,172.31.36.0-255,66,366238,7,366238
19961,0.0,74.125.68.0-255,150,150,7,315265
19962,3.3e-05,172.31.36.0-255,66,216,7,315265
19963,4e-05,74.125.68.0-255,1484,1700,7,315265
19964,4.5e-05,172.31.36.0-255,66,1766,7,315265
19965,5e-05,74.125.68.0-255,2902,4668,7,315265
19966,5.3e-05,172.31.36.0-255,66,4734,7,315265
19967,5.7e-05,74.125.68.0-255,2902,7636,7,315265
19968,5.9e-05,172.31.36.0-255,66,7702,7,315265
19969,7.8e-05,74.125.68.0-255,2902,10604,7,315265
19970,8e-05,172.31.36.0-255,66,10670,7,315265
19971,8.5e-05,74.125.68.0-255,3505,14175,7,315265
19972,9e-05,172.31.36.0-255,66,14241,7,315265
19973,0.000179,74.125.68.0-255,1484,15725,7,315265
19974,0.000183,172.31.36.0-255,66,15791,7,315265
19975,0.000189,74.125.68.0-255,2902,18693,7,315265
19976,0.000192,172.31.36.0-255,66,18759,7,315265
19977,0.000195,74.125.68.0-255,1484,20243,7,315265
19978,0.000197,172.31.36.0-255,66,20309,7,315265
19979,0.000212,74.125.68.0-255,4320,24629,7,315265
19980,0.000215,172.31.36.0-255,66,24695,7,315265
19981,0.000246,74.125.68.0-255,6797,31492,7,315265
19982,0.000249,172.31.36.0-255,66,31558,7,315265
19983,0.000273,74.125.68.0-255,7156,38714,7,315265
19984,0.000276,172.31.36.0-255,66,38780,7,315265
19985,0.000297,74.125.68.0-255,5738,44518,7,315265
19986,0.0003,172.31.36.0-255,66,44584,7,315265
19987,0.000316,74.125.68.0-255,3961,48545,7,315265
19988,0.00032,172.31.36.0-255,66,48611,7,315265
19989,0.000343,74.125.68.0-255,1484,50095,7,315265
19990,0.000346,172.31.36.0-255,66,50161,7,315265
19991,0.000349,74.125.68.0-255,1484,51645,7,315265
19992,0.000352,172.31.36.0-255,66,51711,7,315265
19993,0.000365,74.125.68.0-255,1484,53195,7,315265
19994,0.000394,74.125.68.0-255,5738,58933,7,315265
19995,0.000398,172.31.36.0-255,66,58999,7,315265
19996,0.000405,74.125.68.0-255,5738,64737,7,315265
19997,0.000408,172.31.36.0-255,66,64803,7,315265
19998,0.000439,74.125.68.0-255,1422,66225,7,315265
19999,0.000762,172.31.36.0-255,66,66291,7,315265
20000,0.001032,74.125.68.0-255,380,66671,7,315265
20001,0.001156,74.125.68.0-255,1484,68155,7,315265
20002,0.001162,172.31.36.0-255,66,68221,7,315265
20003,0.001169,74.125.68.0-255,2902,71123,7,315265
20004,0.001171,172.31.36.0-255,66,71189,7,315265
20005,0.001196,74.125.68.0-255,5738,76927,7,315265
20006,0.001198,172.31.36.0-255,66,76993,7,315265
20007,0.001205,74.125.68.0-255,5738,82731,7,315265
20008,0.001207,172.31.36.0-255,66,82797,7,315265
20009,0.00123,74.125.68.0-255,4320,87117,7,315265
20010,0.001233,172.31.36.0-255,66,87183,7,315265
20011,0.001245,74.125.68.0-255,2543,89726,7,315265
20012,0.001247,172.31.36.0-255,66,89792,7,315265
20013,0.001251,74.125.68.0-255,1484,91276,7,315265
20014,0.001279,74.125.68.0-255,7156,98432,7,315265
20015,0.001282,172.31.36.0-255,66,98498,7,315265
20016,0.0013,74.125.68.0-255,2543,101041,7,315265
20017,0.001303,172.31.36.0-255,66,101107,7,315265
20018,0.001563,74.125.68.0-255,1484,102591,7,315265
20019,0.001577,74.125.68.0-255,2902,105493,7,315265
20020,0.00158,172.31.36.0-255,66,105559,7,315265
20021,0.001583,74.125.68.0-255,1484,107043,7,315265
20022,0.0016,74.125.68.0-255,4320,111363,7,315265
20023,0.001602,172.31.36.0-255,66,111429,7,315265
20024,0.001606,74.125.68.0-255,2902,114331,7,315265
20025,0.001608,172.31.36.0-255,66,114397,7,315265
20026,0.001632,74.125.68.0-255,4320,118717,7,315265
20027,0.001634,172.31.36.0-255,66,118783,7,315265
20028,0.001648,74.125.68.0-255,4320,123103,7,315265
20029,0.001651,172.31.36.0-255,66,123169,7,315265
20030,0.00167,74.125.68.0-255,4320,127489,7,315265
20031,0.001672,172.31.36.0-255,66,127555,7,315265
20032,0.001678,74.125.68.0-255,5738,133293,7,315265
20033,0.00168,172.31.36.0-255,66,133359,7,315265
20034,0.001712,74.125.68.0-255,2184,135543,7,315265
20035,0.001715,172.31.36.0-255,66,135609,7,315265
20036,0.002019,74.125.68.0-255,1484,137093,7,315265
20037,0.002029,74.125.68.0-255,1484,138577,7,315265
20038,0.002032,172.31.36.0-255,66,138643,7,315265
20039,0.002048,74.125.68.0-255,1484,140127,7,315265
20040,0.002053,74.125.68.0-255,5738,145865,7,315265
20041,0.002056,172.31.36.0-255,66,145931,7,315265
20042,0.00206,74.125.68.0-255,2902,148833,7,315265
20043,0.002062,172.31.36.0-255,66,148899,7,315265
20044,0.002076,74.125.68.0-255,2902,151801,7,315265
20045,0.002078,172.31.36.0-255,66,151867,7,315265
20046,0.002087,74.125.68.0-255,1484,153351,7,315265
20047,0.002119,74.125.68.0-255,2902,156253,7,315265
20048,0.002122,172.31.36.0-255,66,156319,7,315265
20049,0.002142,74.125.68.0-255,4320,160639,7,315265
20050,0.002144,172.31.36.0-255,66,160705,7,315265
20051,0.002165,74.125.68.0-255,5738,166443,7,315265
20052,0.002167,172.31.36.0-255,66,166509,7,315265
20053,0.002184,74.125.68.0-255,2902,169411,7,315265
20054,0.002186,172.31.36.0-255,66,169477,7,315265
20055,0.002189,74.125.68.0-255,766,170243,7,315265
20056,0.002191,74.125.68.0-255,1484,171727,7,315265
20057,0.002193,172.31.36.0-255,66,171793,7,315265
20058,0.002196,74.125.68.0-255,1484,173277,7,315265
20059,0.002212,74.125.68.0-255,2902,176179,7,315265
20060,0.002214,172.31.36.0-255,66,176245,7,315265
20061,0.002219,74.125.68.0-255,4320,180565,7,315265
20062,0.002221,172.31.36.0-255,66,180631,7,315265
20063,0.002243,74.125.68.0-255,4320,184951,7,315265
20064,0.002245,172.31.36.0-255,66,185017,7,315265
20065,0.002256,172.31.36.0-255,66,185083,7,315265
20066,0.002314,74.125.68.0-255,7156,192239,7,315265
20067,0.002316,172.31.36.0-255,66,192305,7,315265
20068,0.002332,74.125.68.0-255,2184,194489,7,315265
20069,0.002334,172.31.36.0-255,66,194555,7,315265
20070,0.004586,74.125.68.0-255,2902,197457,7,315265
20071,0.00459,172.31.36.0-255,66,197523,7,315265
20072,0.004608,74.125.68.0-255,2902,200425,7,315265
20073,0.00461,172.31.36.0-255,66,200491,7,315265
20074,0.006855,74.125.68.0-255,2902,203393,7,315265
20075,0.006862,172.31.36.0-255,66,203459,7,315265
20076,0.006887,74.125.68.0-255,2902,206361,7,315265
20077,0.006892,172.31.36.0-255,66,206427,7,315265
20078,0.009147,74.125.68.0-255,5738,212165,7,315265
20079,0.009154,172.31.36.0-255,66,212231,7,315265
20080,0.011448,74.125.68.0-255,5738,217969,7,315265
20081,0.011455,172.31.36.0-255,66,218035,7,315265
20082,0.013745,74.125.68.0-255,5738,223773,7,315265
20083,0.013754,172.31.36.0-255,66,223839,7,315265
20084,0.016047,74.125.68.0-255,5738,229577,7,315265
20085,0.016055,172.31.36.0-255,66,229643,7,315265
20086,0.018349,74.125.68.0-255,5738,235381,7,315265
20087,0.018357,172.31.36.0-255,66,235447,7,315265
20088,0.020634,74.125.68.0-255,5738,241185,7,315265
20089,0.020641,172.31.36.0-255,66,241251,7,315265
20090,0.022931,74.125.68.0-255,4320,245571,7,315265
20091,0.022939,172.31.36.0-255,66,245637,7,315265
20092,0.022972,74.125.68.0-255,1484,247121,7,315265
20093,0.025222,74.125.68.0-255,4320,251441,7,315265
20094,0.025228,172.31.36.0-255,66,251507,7,315265
20095,0.025646,172.31.36.0-255,172,251679,7,315265
20096,0.025674,172.31.36.0-255,1114,252793,7,315265
20097,0.025711,172.31.36.0-255,1514,254307,7,315265
20098,0.025713,172.31.36.0-255,1292,255599,7,315265
20099,0.027185,104.244.42.0-255,66,255665,7,315265
20100,0.027218,104.244.42.0-255,66,255731,7,315265
20101,0.027261,104.244.42.0-255,66,255797,7,315265
20102,0.027515,74.125.68.0-255,5738,261535,7,315265
20103,0.027522,172.31.36.0-255,66,261601,7,315265
20104,0.027902,104.244.42.0-255,108,261709,7,315265
20105,0.02791,172.31.36.0-255,66,261775,7,315265
20106,0.029795,74.125.68.0-255,2902,264677,7,315265
20107,0.029799,172.31.36.0-255,66,264743,7,315265
20108,0.029831,74.125.68.0-255,2902,267645,7,315265
20109,0.029834,172.31.36.0-255,66,267711,7,315265
20110,0.032063,74.125.68.0-255,2902,270613,7,315265
20111,0.032068,172.31.36.0-255,66,270679,7,315265
20112,0.032105,74.125.68.0-255,2902,273581,7,315265
20113,0.032109,172.31.36.0-255,66,273647,7,315265
20114,0.03434,74.125.68.0-255,2902,276549,7,315265
20115,0.034345,172.31.36.0-255,66,276615,7,315265
20116,0.034385,74.125.68.0-255,2902,279517,7,315265
20117,0.034388,172.31.36.0-255,66,279583,7,315265
20118,0.036622,74.125.68.0-255,2902,282485,7,315265
20119,0.036627,172.31.36.0-255,66,282551,7,315265
20120,0.036656,74.125.68.0-255,2902,285453,7,315265
20121,0.036659,172.31.36.0-255,66,285519,7,315265
20122,0.038906,74.125.68.0-255,2902,288421,7,315265
20123,0.038911,172.31.36.0-255,66,288487,7,315265
20124,0.038941,74.125.68.0-255,2902,291389,7,315265
20125,0.038944,172.31.36.0-255,66,291455,7,315265
20126,0.041194,74.125.68.0-255,2902,294357,7,315265
20127,0.0412,172.31.36.0-255,66,294423,7,315265
20128,0.041232,74.125.68.0-255,2902,297325,7,315265
20129,0.041235,172.31.36.0-255,66,297391,7,315265
20130,0.043477,74.125.68.0-255,2902,300293,7,315265
20131,0.043484,172.31.36.0-255,66,300359,7,315265
20132,0.043518,74.125.68.0-255,2902,303261,7,315265
20133,0.043521,172.31.36.0-255,66,303327,7,315265
20134,0.045753,74.125.68.0-255,2902,306229,7,315265
20135,0.045758,172.31.36.0-255,66,306295,7,315265
20136,0.045791,74.125.68.0-255,1484,307779,7,315265
20137,0.045807,74.125.68.0-255,1484,309263,7,315265
20138,0.04581,172.31.36.0-255,66,309329,7,315265
20139,0.048045,74.125.68.0-255,2902,312231,7,315265
20140,0.04805,172.31.36.0-255,66,312297,7,315265
20141,0.048088,74.125.68.0-255,2902,315199,7,315265
20142,0.048091,172.31.36.0-255,66,315265,7,315265
20143,0.0,172.217.194.0-255,153,153,7,222752
20144,2.2e-05,172.31.36.0-255,66,219,7,222752
20145,2.7e-05,172.217.194.0-255,1484,1703,7,222752
20146,3.1e-05,172.31.36.0-255,66,1769,7,222752
20147,3.6e-05,172.217.194.0-255,2902,4671,7,222752
20148,4.4e-05,172.31.36.0-255,66,4737,7,222752
20149,5.1e-05,172.217.194.0-255,7156,11893,7,222752
20150,5.3e-05,172.31.36.0-255,66,11959,7,222752
20151,9.4e-05,172.217.194.0-255,2054,14013,7,222752
20152,9.6e-05,172.31.36.0-255,66,14079,7,222752
20153,0.000196,172.217.194.0-255,1484,15563,7,222752
20154,0.0002,172.31.36.0-255,66,15629,7,222752
20155,0.000206,172.217.194.0-255,2902,18531,7,222752
20156,0.000209,172.31.36.0-255,66,18597,7,222752
20157,0.000214,172.217.194.0-255,5738,24335,7,222752
20158,0.000222,172.31.36.0-255,66,24401,7,222752
20159,0.000227,172.217.194.0-255,4320,28721,7,222752
20160,0.000229,172.31.36.0-255,66,28787,7,222752
20161,0.000279,172.217.194.0-255,2543,31330,7,222752
20162,0.000283,172.31.36.0-255,66,31396,7,222752
20163,0.000306,172.217.194.0-255,2902,34298,7,222752
20164,0.000309,172.31.36.0-255,66,34364,7,222752
20165,0.000333,172.217.194.0-255,5738,40102,7,222752
20166,0.000336,172.31.36.0-255,66,40168,7,222752
20167,0.000347,172.217.194.0-255,1484,41652,7,222752
20168,0.000354,172.31.36.0-255,66,41718,7,222752
20169,0.000385,172.217.194.0-255,6797,48515,7,222752
20170,0.000388,172.31.36.0-255,66,48581,7,222752
20171,0.0007,172.217.194.0-255,1484,50065,7,222752
20172,0.000705,172.31.36.0-255,66,50131,7,222752
20173,0.000709,172.217.194.0-255,1484,51615,7,222752
20174,0.000711,172.31.36.0-255,66,51681,7,222752
20175,0.00075,172.217.194.0-255,1484,53165,7,222752
20176,0.000757,172.217.194.0-255,5738,58903,7,222752
20177,0.00076,172.31.36.0-255,66,58969,7,222752
20178,0.000766,172.217.194.0-255,6797,65766,7,222752
20179,0.000768,172.31.36.0-255,66,65832,7,222752
20180,0.000792,172.217.194.0-255,4320,70152,7,222752
20181,0.000794,172.31.36.0-255,66,70218,7,222752
20182,0.000797,172.217.194.0-255,1484,71702,7,222752
20183,0.000826,172.217.194.0-255,4320,76022,7,222752
20184,0.000829,172.31.36.0-255,66,76088,7,222752
20185,0.000833,172.217.194.0-255,2902,78990,7,222752
20186,0.000835,172.31.36.0-255,66,79056,7,222752
20187,0.000861,172.217.194.0-255,3961,83017,7,222752
20188,0.000864,172.31.36.0-255,66,83083,7,222752
20189,0.000887,172.217.194.0-255,5738,88821,7,222752
20190,0.000891,172.31.36.0-255,66,88887,7,222752
20191,0.000912,172.217.194.0-255,2065,90952,7,222752
20192,0.000915,172.31.36.0-255,66,91018,7,222752
20193,0.000924,172.31.36.0-255,66,91084,7,222752
20194,0.000931,172.217.194.0-255,1125,92209,7,222752
20195,0.001079,172.31.36.0-255,66,92275,7,222752
20196,0.001206,172.217.194.0-255,1484,93759,7,222752
20197,0.001214,172.217.194.0-255,2902,96661,7,222752
20198,0.001217,172.31.36.0-255,66,96727,7,222752
20199,0.001221,172.217.194.0-255,1484,98211,7,222752
20200,0.001244,172.217.194.0-255,4320,102531,7,222752
20201,0.001247,172.31.36.0-255,66,102597,7,222752
20202,0.001253,172.217.194.0-255,5738,108335,7,222752
20203,0.001255,172.31.36.0-255,66,108401,7,222752
20204,0.001274,172.217.194.0-255,4320,112721,7,222752
20205,0.001276,172.31.36.0-255,66,112787,7,222752
20206,0.001317,172.31.36.0-255,66,112853,7,222752
20207,0.001322,172.217.194.0-255,5020,117873,7,222752
20208,0.001324,172.31.36.0-255,66,117939,7,222752
20209,0.001335,172.217.194.0-255,5738,123677,7,222752
20210,0.001337,172.31.36.0-255,66,123743,7,222752
20211,0.001365,172.217.194.0-255,1484,125227,7,222752
20212,0.001389,172.31.36.0-255,66,125293,7,222752
20213,0.001392,172.217.194.0-255,1484,126777,7,222752
20214,0.0014,172.217.194.0-255,7156,133933,7,222752
20215,0.001402,172.31.36.0-255,66,133999,7,222752
20216,0.001439,172.217.194.0-255,6438,140437,7,222752
20217,0.001442,172.31.36.0-255,66,140503,7,222752
20218,0.001454,172.31.36.0-255,66,140569,7,222752
20219,0.001471,172.31.36.0-255,66,140635,7,222752
20220,0.001493,172.217.194.0-255,3602,144237,7,222752
20221,0.001496,172.31.36.0-255,66,144303,7,222752
20222,0.001503,172.217.194.0-255,1484,145787,7,222752
20223,0.001507,172.217.194.0-255,2902,148689,7,222752
20224,0.001509,172.31.36.0-255,66,148755,7,222752
20225,0.001544,172.217.194.0-255,5738,154493,7,222752
20226,0.001547,172.31.36.0-255,66,154559,7,222752
20227,0.001561,172.31.36.0-255,66,154625,7,222752
20228,0.001587,172.217.194.0-255,1484,156109,7,222752
20229,0.001598,172.31.36.0-255,66,156175,7,222752
20230,0.001601,172.217.194.0-255,1484,157659,7,222752
20231,0.001633,172.217.194.0-255,5738,163397,7,222752
20232,0.001637,172.31.36.0-255,66,163463,7,222752
20233,0.001645,172.31.36.0-255,66,163529,7,222752
20234,0.00166,172.217.194.0-255,7156,170685,7,222752
20235,0.001663,172.31.36.0-255,66,170751,7,222752
20236,0.001698,172.31.36.0-255,66,170817,7,222752
20237,0.001701,172.217.194.0-255,766,171583,7,222752
20238,0.001726,172.31.36.0-255,66,171649,7,222752
20239,0.001773,172.31.36.0-255,66,171715,7,222752
20240,0.001782,172.31.36.0-255,66,171781,7,222752
20241,0.00182,172.217.194.0-255,6438,178219,7,222752
20242,0.001823,172.31.36.0-255,66,178285,7,222752
20243,0.001871,172.217.194.0-255,7156,185441,7,222752
20244,0.001874,172.31.36.0-255,66,185507,7,222752
20245,0.001877,172.217.194.0-255,1484,186991,7,222752
20246,0.00188,172.217.194.0-255,2902,189893,7,222752
20247,0.001882,172.31.36.0-255,66,189959,7,222752
20248,0.001909,172.217.194.0-255,7156,197115,7,222752
20249,0.001912,172.31.36.0-255,66,197181,7,222752
20250,0.001945,172.31.36.0-255,66,197247,7,222752
20251,0.002013,172.31.36.0-255,66,197313,7,222752
20252,0.002022,172.31.36.0-255,66,197379,7,222752
20253,0.002031,172.217.194.0-255,5738,203117,7,222752
20254,0.002033,172.31.36.0-255,66,203183,7,222752
20255,0.002072,172.31.36.0-255,66,203249,7,222752
20256,0.002161,172.217.194.0-255,1484,204733,7,222752
20257,0.002165,172.217.194.0-255,1484,206217,7,222752
20258,0.002167,172.31.36.0-255,66,206283,7,222752
20259,0.002191,172.217.194.0-255,1484,207767,7,222752
20260,0.002197,172.217.194.0-255,5738,213505,7,222752
20261,0.002199,172.31.36.0-255,66,213571,7,222752
20262,0.002229,172.217.194.0-255,4320,217891,7,222752
20263,0.002232,172.31.36.0-255,66,217957,7,222752
20264,0.002268,172.31.36.0-255,66,218023,7,222752
20265,0.002271,172.217.194.0-255,97,218120,7,222752
20266,0.002274,172.217.194.0-255,105,218225,7,222752
20267,0.006314,172.31.36.0-255,66,218291,7,222752
20268,0.00634,172.31.36.0-255,105,218396,7,222752
20269,0.008359,172.217.194.0-255,66,218462,7,222752
20270,0.029009,172.31.36.0-255,172,218634,7,222752
20271,0.02904,172.31.36.0-255,1115,219749,7,222752
20272,0.029083,172.31.36.0-255,1514,221263,7,222752
20273,0.029085,172.31.36.0-255,1291,222554,7,222752
20274,0.030565,104.244.42.0-255,66,222620,7,222752
20275,0.030598,104.244.42.0-255,66,222686,7,222752
20276,0.030648,104.244.42.0-255,66,222752,7,222752
20277,0.0,74.125.24.0-255,153,153,7,228708
20278,3.3e-05,172.31.36.0-255,66,219,7,228708
20279,4e-05,74.125.24.0-255,1484,1703,7,228708
20280,4.5e-05,172.31.36.0-255,66,1769,7,228708
20281,5e-05,74.125.24.0-255,2902,4671,7,228708
20282,5.3e-05,172.31.36.0-255,66,4737,7,228708
20283,6e-05,74.125.24.0-255,7156,11893,7,228708
20284,6.2e-05,172.31.36.0-255,66,11959,7,228708
20285,6.8e-05,74.125.24.0-255,2039,13998,7,228708
20286,7.1e-05,172.31.36.0-255,66,14064,7,228708
20287,0.000148,74.125.24.0-255,1484,15548,7,228708
20288,0.000152,172.31.36.0-255,66,15614,7,228708
20289,0.000156,74.125.24.0-255,1484,17098,7,228708
20290,0.000158,172.31.36.0-255,66,17164,7,228708
20291,0.000171,74.125.24.0-255,1484,18648,7,228708
20292,0.000174,172.31.36.0-255,66,18714,7,228708
20293,0.000182,74.125.24.0-255,5738,24452,7,228708
20294,0.000184,172.31.36.0-255,66,24518,7,228708
20295,0.000204,74.125.24.0-255,2902,27420,7,228708
20296,0.000207,172.31.36.0-255,66,27486,7,228708
20297,0.000228,74.125.24.0-255,3961,31447,7,228708
20298,0.000231,172.31.36.0-255,66,31513,7,228708
20299,0.000672,74.125.24.0-255,1484,32997,7,228708
20300,0.000678,172.31.36.0-255,66,33063,7,228708
20301,0.000688,74.125.24.0-255,2902,35965,7,228708
20302,0.00069,172.31.36.0-255,66,36031,7,228708
20303,0.000695,74.125.24.0-255,2902,38933,7,228708
20304,0.000698,172.31.36.0-255,66,38999,7,228708
20305,0.000721,74.125.24.0-255,2902,41901,7,228708
20306,0.000725,172.31.36.0-255,66,41967,7,228708
20307,0.000732,74.125.24.0-255,6797,48764,7,228708
20308,0.000734,172.31.36.0-255,66,48830,7,228708
20309,0.000973,74.125.24.0-255,1484,50314,7,228708
20310,0.000981,74.125.24.0-255,2902,53216,7,228708
20311,0.000984,172.31.36.0-255,66,53282,7,228708
20312,0.000991,74.125.24.0-255,5738,59020,7,228708
20313,0.000993,172.31.36.0-255,66,59086,7,228708
20314,0.001041,74.125.24.0-255,6797,65883,7,228708
20315,0.001045,172.31.36.0-255,66,65949,7,228708
20316,0.001534,74.125.24.0-255,1484,67433,7,228708
20317,0.001543,74.125.24.0-255,2902,70335,7,228708
20318,0.001547,172.31.36.0-255,66,70401,7,228708
20319,0.001554,74.125.24.0-255,4320,74721,7,228708
20320,0.001556,172.31.36.0-255,66,74787,7,228708
20321,0.001579,74.125.24.0-255,1484,76271,7,228708
20322,0.001613,172.31.36.0-255,66,76337,7,228708
20323,0.001624,172.31.36.0-255,66,76403,7,228708
20324,0.001647,74.125.24.0-255,2902,79305,7,228708
20325,0.00165,74.125.24.0-255,1125,80430,7,228708
20326,0.001654,172.31.36.0-255,66,80496,7,228708
20327,0.00167,74.125.24.0-255,646,81142,7,228708
20328,0.001673,172.31.36.0-255,66,81208,7,228708
20329,0.003609,74.125.24.0-255,4320,85528,7,228708
20330,0.003614,172.31.36.0-255,66,85594,7,228708
20331,0.003655,74.125.24.0-255,1484,87078,7,228708
20332,0.005566,74.125.24.0-255,4320,91398,7,228708
20333,0.005571,172.31.36.0-255,66,91464,7,228708
20334,0.007523,74.125.24.0-255,5738,97202,7,228708
20335,0.00753,172.31.36.0-255,66,97268,7,228708
20336,0.009481,74.125.24.0-255,5738,103006,7,228708
20337,0.00949,172.31.36.0-255,66,103072,7,228708
20338,0.011441,74.125.24.0-255,5738,108810,7,228708
20339,0.01145,172.31.36.0-255,66,108876,7,228708
20340,0.013416,74.125.24.0-255,5738,114614,7,228708
20341,0.013422,172.31.36.0-255,66,114680,7,228708
20342,0.015369,74.125.24.0-255,5738,120418,7,228708
20343,0.015378,172.31.36.0-255,66,120484,7,228708
20344,0.017339,74.125.24.0-255,5738,126222,7,228708
20345,0.017347,172.31.36.0-255,66,126288,7,228708
20346,0.019328,74.125.24.0-255,5738,132026,7,228708
20347,0.01934,172.31.36.0-255,66,132092,7,228708
20348,0.021298,74.125.24.0-255,5738,137830,7,228708
20349,0.021306,172.31.36.0-255,66,137896,7,228708
20350,0.023255,74.125.24.0-255,5738,143634,7,228708
20351,0.023263,172.31.36.0-255,66,143700,7,228708
20352,0.025237,74.125.24.0-255,5738,149438,7,228708
20353,0.025246,172.31.36.0-255,66,149504,7,228708
20354,0.027209,74.125.24.0-255,5738,155242,7,228708
20355,0.027217,172.31.36.0-255,66,155308,7,228708
20356,0.029168,74.125.24.0-255,5738,161046,7,228708
20357,0.029179,172.31.36.0-255,66,161112,7,228708
20358,0.029694,172.31.36.0-255,172,161284,7,228708
20359,0.029741,172.31.36.0-255,1113,162397,7,228708
20360,0.029829,172.31.36.0-255,1514,163911,7,228708
20361,0.029832,172.31.36.0-255,1514,165425,7,228708
20362,0.029833,172.31.36.0-255,1514,166939,7,228708
20363,0.029834,172.31.36.0-255,1514,168453,7,228708
20364,0.029888,172.31.36.0-255,1514,169967,7,228708
20365,0.02989,172.31.36.0-255,72,170039,7,228708
20366,0.031134,74.125.24.0-255,5738,175777,7,228708
20367,0.031141,172.31.36.0-255,66,175843,7,228708
20368,0.031234,104.244.42.0-255,66,175909,7,228708
20369,0.031351,104.244.42.0-255,66,175975,7,228708
20370,0.031393,104.244.42.0-255,66,176041,7,228708
20371,0.031541,104.244.42.0-255,66,176107,7,228708
20372,0.033115,74.125.24.0-255,5738,181845,7,228708
20373,0.033121,172.31.36.0-255,66,181911,7,228708
20374,0.035083,74.125.24.0-255,5738,187649,7,228708
20375,0.035088,172.31.36.0-255,66,187715,7,228708
20376,0.037067,74.125.24.0-255,5738,193453,7,228708
20377,0.037073,172.31.36.0-255,66,193519,7,228708
20378,0.039025,74.125.24.0-255,5738,199257,7,228708
20379,0.039031,172.31.36.0-255,66,199323,7,228708
20380,0.039111,172.31.36.0-255,101,199424,7,228708
20381,0.040993,74.125.24.0-255,5738,205162,7,228708
20382,0.041013,172.31.36.0-255,66,205228,7,228708
20383,0.041032,74.125.24.0-255,66,205294,7,228708
20384,0.042992,74.125.24.0-255,5738,211032,7,228708
20385,0.042997,172.31.36.0-255,66,211098,7,228708
20386,0.044968,74.125.24.0-255,5738,216836,7,228708
20387,0.044974,172.31.36.0-255,66,216902,7,228708
20388,0.046924,74.125.24.0-255,2902,219804,7,228708
20389,0.04693,172.31.36.0-255,66,219870,7,228708
20390,0.046962,74.125.24.0-255,2902,222772,7,228708
20391,0.046965,172.31.36.0-255,66,222838,7,228708
20392,0.04888,74.125.24.0-255,1484,224322,7,228708
20393,0.048907,74.125.24.0-255,4320,228642,7,228708
20394,0.048911,172.31.36.0-255,66,228708,7,228708
20395,0.0,74.125.24.0-255,146,146,7,238744
20396,2.7e-05,172.31.36.0-255,66,212,7,238744
20397,3.4e-05,74.125.24.0-255,1484,1696,7,238744
20398,3.8e-05,172.31.36.0-255,66,1762,7,238744
20399,4.4e-05,74.125.24.0-255,2902,4664,7,238744
20400,4.7e-05,172.31.36.0-255,66,4730,7,238744
20401,6.2e-05,74.125.24.0-255,7156,11886,7,238744
20402,6.5e-05,172.31.36.0-255,66,11952,7,238744
20403,7.9e-05,172.31.36.0-255,66,12018,7,238744
20404,8.4e-05,74.125.24.0-255,4320,16338,7,238744
20405,8.6e-05,172.31.36.0-255,66,16404,7,238744
20406,0.000116,74.125.24.0-255,2543,18947,7,238744
20407,0.00012,172.31.36.0-255,66,19013,7,238744
20408,0.000187,74.125.24.0-255,1484,20497,7,238744
20409,0.000191,172.31.36.0-255,66,20563,7,238744
20410,0.000197,74.125.24.0-255,2902,23465,7,238744
20411,0.000199,172.31.36.0-255,66,23531,7,238744
20412,0.000202,74.125.24.0-255,1484,25015,7,238744
20413,0.00021,172.31.36.0-255,66,25081,7,238744
20414,0.000242,74.125.24.0-255,4320,29401,7,238744
20415,0.000246,172.31.36.0-255,66,29467,7,238744
20416,0.000261,172.31.36.0-255,66,29533,7,238744
20417,0.000279,172.31.36.0-255,66,29599,7,238744
20418,0.000295,74.125.24.0-255,1434,31033,7,238744
20419,0.000299,172.31.36.0-255,66,31099,7,238744
20420,0.000837,74.125.24.0-255,113,31212,7,238744
20421,0.000844,172.31.36.0-255,66,31278,7,238744
20422,0.000872,74.125.24.0-255,1484,32762,7,238744
20423,0.000875,172.31.36.0-255,66,32828,7,238744
20424,0.000896,74.125.24.0-255,2902,35730,7,238744
20425,0.0009,172.31.36.0-255,66,35796,7,238744
20426,0.000906,74.125.24.0-255,5738,41534,7,238744
20427,0.000909,172.31.36.0-255,66,41600,7,238744
20428,0.00096,172.31.36.0-255,66,41666,7,238744
20429,0.000991,74.125.24.0-255,3961,45627,7,238744
20430,0.000995,172.31.36.0-255,66,45693,7,238744
20431,0.001004,74.125.24.0-255,7156,52849,7,238744
20432,0.001006,172.31.36.0-255,66,52915,7,238744
20433,0.001034,74.125.24.0-255,2543,55458,7,238744
20434,0.001038,172.31.36.0-255,66,55524,7,238744
20435,0.001428,74.125.24.0-255,1484,57008,7,238744
20436,0.001446,74.125.24.0-255,2902,59910,7,238744
20437,0.001451,172.31.36.0-255,66,59976,7,238744
20438,0.001457,74.125.24.0-255,4320,64296,7,238744
20439,0.001459,172.31.36.0-255,66,64362,7,238744
20440,0.001464,74.125.24.0-255,2902,67264,7,238744
20441,0.001473,172.31.36.0-255,66,67330,7,238744
20442,0.001505,74.125.24.0-255,5738,73068,7,238744
20443,0.001509,172.31.36.0-255,66,73134,7,238744
20444,0.001515,74.125.24.0-255,5738,78872,7,238744
20445,0.001518,172.31.36.0-255,66,78938,7,238744
20446,0.001531,74.125.24.0-255,7156,86094,7,238744
20447,0.001534,172.31.36.0-255,66,86160,7,238744
20448,0.001562,74.125.24.0-255,3602,89762,7,238744
20449,0.00157,172.31.36.0-255,66,89828,7,238744
20450,0.001871,74.125.24.0-255,1484,91312,7,238744
20451,0.00188,74.125.24.0-255,2902,94214,7,238744
20452,0.001883,172.31.36.0-255,66,94280,7,238744
20453,0.001891,74.125.24.0-255,5738,100018,7,238744
20454,0.001893,172.31.36.0-255,66,100084,7,238744
20455,0.001897,74.125.24.0-255,2902,102986,7,238744
20456,0.001899,172.31.36.0-255,66,103052,7,238744
20457,0.001954,172.31.36.0-255,66,103118,7,238744
20458,0.001961,74.125.24.0-255,7156,110274,7,238744
20459,0.001964,172.31.36.0-255,66,110340,7,238744
20460,0.002005,74.125.24.0-255,2902,113242,7,238744
20461,0.002008,172.31.36.0-255,66,113308,7,238744
20462,0.00206,172.31.36.0-255,66,113374,7,238744
20463,0.002078,172.31.36.0-255,66,113440,7,238744
20464,0.002081,74.125.24.0-255,1484,114924,7,238744
20465,0.002087,74.125.24.0-255,2902,117826,7,238744
20466,0.002089,172.31.36.0-255,66,117892,7,238744
20467,0.002095,74.125.24.0-255,4320,122212,7,238744
20468,0.002098,172.31.36.0-255,66,122278,7,238744
20469,0.002124,74.125.24.0-255,1484,123762,7,238744
20470,0.002144,172.31.36.0-255,66,123828,7,238744
20471,0.002173,172.31.36.0-255,66,123894,7,238744
20472,0.002204,74.125.24.0-255,6438,130332,7,238744
20473,0.002207,172.31.36.0-255,66,130398,7,238744
20474,0.002219,172.31.36.0-255,66,130464,7,238744
20475,0.002254,74.125.24.0-255,4320,134784,7,238744
20476,0.002257,172.31.36.0-255,66,134850,7,238744
20477,0.002263,74.125.24.0-255,5738,140588,7,238744
20478,0.002265,172.31.36.0-255,66,140654,7,238744
20479,0.002271,74.125.24.0-255,7156,147810,7,238744
20480,0.002274,172.31.36.0-255,66,147876,7,238744
20481,0.002321,172.31.36.0-255,66,147942,7,238744
20482,0.002326,74.125.24.0-255,4320,152262,7,238744
20483,0.002328,172.31.36.0-255,66,152328,7,238744
20484,0.002379,172.31.36.0-255,66,152394,7,238744
20485,0.002408,172.31.36.0-255,66,152460,7,238744
20486,0.002419,172.31.36.0-255,66,152526,7,238744
20487,0.004717,74.125.24.0-255,1484,154010,7,238744
20488,0.004737,74.125.24.0-255,4320,158330,7,238744
20489,0.004741,172.31.36.0-255,66,158396,7,238744
20490,0.007089,74.125.24.0-255,5738,164134,7,238744
20491,0.007097,172.31.36.0-255,66,164200,7,238744
20492,0.009427,74.125.24.0-255,5738,169938,7,238744
20493,0.009438,172.31.36.0-255,66,170004,7,238744
20494,0.011758,74.125.24.0-255,5738,175742,7,238744
20495,0.011766,172.31.36.0-255,66,175808,7,238744
20496,0.014108,74.125.24.0-255,5738,181546,7,238744
20497,0.014115,172.31.36.0-255,66,181612,7,238744
20498,0.016437,74.125.24.0-255,5738,187350,7,238744
20499,0.016446,172.31.36.0-255,66,187416,7,238744
20500,0.018775,74.125.24.0-255,5738,193154,7,238744
20501,0.018783,172.31.36.0-255,66,193220,7,238744
20502,0.021087,74.125.24.0-255,5738,198958,7,238744
20503,0.021095,172.31.36.0-255,66,199024,7,238744
20504,0.02342,74.125.24.0-255,5738,204762,7,238744
20505,0.023427,172.31.36.0-255,66,204828,7,238744
20506,0.025726,74.125.24.0-255,5738,210566,7,238744
20507,0.025732,172.31.36.0-255,66,210632,7,238744
20508,0.028054,74.125.24.0-255,5738,216370,7,238744
20509,0.028061,172.31.36.0-255,66,216436,7,238744
20510,0.030373,74.125.24.0-255,5738,222174,7,238744
20511,0.03038,172.31.36.0-255,66,222240,7,238744
20512,0.03081,172.31.36.0-255,188,222428,7,238744
20513,0.030838,172.31.36.0-255,958,223386,7,238744
20514,0.030879,172.31.36.0-255,1514,224900,7,238744
20515,0.030881,172.31.36.0-255,1448,226348,7,238744
20516,0.032329,104.244.42.0-255,66,226414,7,238744
20517,0.032392,104.244.42.0-255,66,226480,7,238744
20518,0.032443,104.244.42.0-255,66,226546,7,238744
20519,0.032696,74.125.24.0-255,1484,228030,7,238744
20520,0.032723,74.125.24.0-255,4320,232350,7,238744
20521,0.032728,172.31.36.0-255,66,232416,7,238744
20522,0.035041,74.125.24.0-255,5738,238154,7,238744
20523,0.035047,172.31.36.0-255,66,238220,7,238744
20524,0.037334,74.125.24.0-255,287,238507,7,238744
20525,0.03747,172.31.36.0-255,66,238573,7,238744
20526,0.037494,172.31.36.0-255,105,238678,7,238744
20527,0.039742,74.125.24.0-255,66,238744,7,238744
20528,0.0,74.125.24.0-255,143,143,7,172023
20529,3.9e-05,172.31.36.0-255,66,209,7,172023
20530,4.7e-05,74.125.24.0-255,1484,1693,7,172023
20531,5.2e-05,172.31.36.0-255,66,1759,7,172023
20532,5.7e-05,74.125.24.0-255,2902,4661,7,172023
20533,6.8e-05,172.31.36.0-255,66,4727,7,172023
20534,0.000136,74.125.24.0-255,2902,7629,7,172023
20535,0.00014,172.31.36.0-255,66,7695,7,172023
20536,0.000168,74.125.24.0-255,4320,12015,7,172023
20537,0.000172,172.31.36.0-255,66,12081,7,172023
20538,0.00042,172.31.36.0-255,66,12147,7,172023
20539,0.000449,74.125.24.0-255,594,12741,7,172023
20540,0.000453,172.31.36.0-255,66,12807,7,172023
20541,0.000853,74.125.24.0-255,5738,18545,7,172023
20542,0.000859,172.31.36.0-255,66,18611,7,172023
20543,0.001081,172.31.36.0-255,66,18677,7,172023
20544,0.001114,74.125.24.0-255,5020,23697,7,172023
20545,0.001117,172.31.36.0-255,66,23763,7,172023
20546,0.001718,74.125.24.0-255,4320,28083,7,172023
20547,0.001722,172.31.36.0-255,66,28149,7,172023
20548,0.001749,172.31.36.0-255,66,28215,7,172023
20549,0.002296,74.125.24.0-255,4320,32535,7,172023
20550,0.002925,74.125.24.0-255,1484,34019,7,172023
20551,0.003551,172.31.36.0-255,66,34085,7,172023
20552,0.005559,74.125.24.0-255,5738,39823,7,172023
20553,0.005565,172.31.36.0-255,66,39889,7,172023
20554,0.007549,74.125.24.0-255,5738,45627,7,172023
20555,0.007557,172.31.36.0-255,66,45693,7,172023
20556,0.009583,74.125.24.0-255,5738,51431,7,172023
20557,0.00959,172.31.36.0-255,66,51497,7,172023
20558,0.011581,74.125.24.0-255,5738,57235,7,172023
20559,0.011591,172.31.36.0-255,66,57301,7,172023
20560,0.01363,74.125.24.0-255,5738,63039,7,172023
20561,0.013639,172.31.36.0-255,66,63105,7,172023
20562,0.015649,74.125.24.0-255,5738,68843,7,172023
20563,0.015656,172.31.36.0-255,66,68909,7,172023
20564,0.017677,74.125.24.0-255,5738,74647,7,172023
20565,0.017684,172.31.36.0-255,66,74713,7,172023
20566,0.019699,74.125.24.0-255,5738,80451,7,172023
20567,0.019706,172.31.36.0-255,66,80517,7,172023
20568,0.021731,74.125.24.0-255,5738,86255,7,172023
20569,0.021738,172.31.36.0-255,66,86321,7,172023
20570,0.023042,172.31.36.0-255,228,86549,7,172023
20571,0.023071,172.31.36.0-255,1140,87689,7,172023
20572,0.023107,172.31.36.0-255,1514,89203,7,172023
20573,0.023108,172.31.36.0-255,1266,90469,7,172023
20574,0.023721,74.125.24.0-255,4320,94789,7,172023
20575,0.023727,172.31.36.0-255,66,94855,7,172023
20576,0.02377,74.125.24.0-255,1484,96339,7,172023
20577,0.024603,104.244.42.0-255,66,96405,7,172023
20578,0.024611,104.244.42.0-255,66,96471,7,172023
20579,0.024666,104.244.42.0-255,66,96537,7,172023
20580,0.025738,74.125.24.0-255,4320,100857,7,172023
20581,0.025745,172.31.36.0-255,66,100923,7,172023
20582,0.027758,74.125.24.0-255,5738,106661,7,172023
20583,0.027764,172.31.36.0-255,66,106727,7,172023
20584,0.029768,74.125.24.0-255,5738,112465,7,172023
20585,0.029775,172.31.36.0-255,66,112531,7,172023
20586,0.031774,74.125.24.0-255,4320,116851,7,172023
20587,0.031781,172.31.36.0-255,66,116917,7,172023
20588,0.031811,74.125.24.0-255,1484,118401,7,172023
20589,0.031814,172.31.36.0-255,66,118467,7,172023
20590,0.033778,74.125.24.0-255,4320,122787,7,172023
20591,0.033787,172.31.36.0-255,66,122853,7,172023
20592,0.033825,74.125.24.0-255,1484,124337,7,172023
20593,0.033828,172.31.36.0-255,66,124403,7,172023
20594,0.035796,74.125.24.0-255,4320,128723,7,172023
20595,0.035801,172.31.36.0-255,66,128789,7,172023
20596,0.035854,74.125.24.0-255,1484,130273,7,172023
20597,0.035857,172.31.36.0-255,66,130339,7,172023
20598,0.037778,74.125.24.0-255,2902,133241,7,172023
20599,0.037784,172.31.36.0-255,66,133307,7,172023
20600,0.037817,74.125.24.0-255,1484,134791,7,172023
20601,0.03782,172.31.36.0-255,66,134857,7,172023
20602,0.037843,74.125.24.0-255,1484,136341,7,172023
20603,0.037846,172.31.36.0-255,66,136407,7,172023
20604,0.039777,74.125.24.0-255,2902,139309,7,172023
20605,0.039783,172.31.36.0-255,66,139375,7,172023
20606,0.039824,74.125.24.0-255,2902,142277,7,172023
20607,0.039827,172.31.36.0-255,66,142343,7,172023
20608,0.041796,74.125.24.0-255,2902,145245,7,172023
20609,0.041802,172.31.36.0-255,66,145311,7,172023
20610,0.041838,74.125.24.0-255,2902,148213,7,172023
20611,0.041842,172.31.36.0-255,66,148279,7,172023
20612,0.043784,74.125.24.0-255,2902,151181,7,172023
20613,0.043791,172.31.36.0-255,66,151247,7,172023
20614,0.043837,74.125.24.0-255,2902,154149,7,172023
20615,0.043843,172.31.36.0-255,66,154215,7,172023
20616,0.045824,74.125.24.0-255,2902,157117,7,172023
20617,0.045831,172.31.36.0-255,66,157183,7,172023
20618,0.045871,74.125.24.0-255,2902,160085,7,172023
20619,0.045874,172.31.36.0-255,66,160151,7,172023
20620,0.047824,74.125.24.0-255,2902,163053,7,172023
20621,0.047831,172.31.36.0-255,66,163119,7,172023
20622,0.047869,74.125.24.0-255,2902,166021,7,172023
20623,0.047872,172.31.36.0-255,66,166087,7,172023
20624,0.049846,74.125.24.0-255,2902,168989,7,172023
20625,0.049852,172.31.36.0-255,66,169055,7,172023
20626,0.049883,74.125.24.0-255,2902,171957,7,172023
20627,0.049886,172.31.36.0-255,66,172023,7,172023
20628,0.0,172.217.194.0-255,156,156,7,263610
20629,2.4e-05,172.31.36.0-255,66,222,7,263610
20630,3.1e-05,172.217.194.0-255,1484,1706,7,263610
20631,3.6e-05,172.31.36.0-255,66,1772,7,263610
20632,4.2e-05,172.217.194.0-255,2902,4674,7,263610
20633,4.6e-05,172.31.36.0-255,66,4740,7,263610
20634,5.4e-05,172.217.194.0-255,7156,11896,7,263610
20635,5.6e-05,172.31.36.0-255,66,11962,7,263610
20636,0.000106,172.31.36.0-255,66,12028,7,263610
20637,0.000111,172.217.194.0-255,3961,15989,7,263610
20638,0.000114,172.31.36.0-255,66,16055,7,263610
20639,0.000154,172.217.194.0-255,4320,20375,7,263610
20640,0.000157,172.31.36.0-255,66,20441,7,263610
20641,0.00016,172.217.194.0-255,1484,21925,7,263610
20642,0.000162,172.31.36.0-255,66,21991,7,263610
20643,0.000167,172.217.194.0-255,2902,24893,7,263610
20644,0.00017,172.31.36.0-255,66,24959,7,263610
20645,0.000191,172.217.194.0-255,4320,29279,7,263610
20646,0.000193,172.31.36.0-255,66,29345,7,263610
20647,0.000201,172.217.194.0-255,7156,36501,7,263610
20648,0.000203,172.31.36.0-255,66,36567,7,263610
20649,0.000231,172.31.36.0-255,66,36633,7,263610
20650,0.000237,172.217.194.0-255,4253,40886,7,263610
20651,0.00024,172.31.36.0-255,66,40952,7,263610
20652,0.000261,172.217.194.0-255,98,41050,7,263610
20653,0.000264,172.31.36.0-255,66,41116,7,263610
20654,0.000335,172.217.194.0-255,1484,42600,7,263610
20655,0.000338,172.31.36.0-255,66,42666,7,263610
20656,0.000356,172.217.194.0-255,2902,45568,7,263610
20657,0.000358,172.31.36.0-255,66,45634,7,263610
20658,0.000365,172.217.194.0-255,5738,51372,7,263610
20659,0.000367,172.31.36.0-255,66,51438,7,263610
20660,0.000372,172.217.194.0-255,4320,55758,7,263610
20661,0.000375,172.31.36.0-255,66,55824,7,263610
20662,0.000392,172.217.194.0-255,2543,58367,7,263610
20663,0.000394,172.31.36.0-255,66,58433,7,263610
20664,0.000432,172.217.194.0-255,1484,59917,7,263610
20665,0.000438,172.217.194.0-255,2902,62819,7,263610
20666,0.000441,172.31.36.0-255,66,62885,7,263610
20667,0.00047,172.217.194.0-255,4320,67205,7,263610
20668,0.000473,172.31.36.0-255,66,67271,7,263610
20669,0.000504,172.217.194.0-255,1484,68755,7,263610
20670,0.00052,172.217.194.0-255,4320,73075,7,263610
20671,0.000522,172.31.36.0-255,66,73141,7,263610
20672,0.000536,172.31.36.0-255,66,73207,7,263610
20673,0.000548,172.31.36.0-255,66,73273,7,263610
20674,0.000576,172.217.194.0-255,4320,77593,7,263610
20675,0.000578,172.31.36.0-255,66,77659,7,263610
20676,0.000607,172.31.36.0-255,66,77725,7,263610
20677,0.00062,172.31.36.0-255,66,77791,7,263610
20678,0.000661,172.31.36.0-255,66,77857,7,263610
20679,0.000679,172.217.194.0-255,3602,81459,7,263610
20680,0.000682,172.31.36.0-255,66,81525,7,263610
20681,0.000995,172.217.194.0-255,1484,83009,7,263610
20682,0.001,172.217.194.0-255,2902,85911,7,263610
20683,0.001006,172.217.194.0-255,5738,91649,7,263610
20684,0.001017,172.31.36.0-255,66,91715,7,263610
20685,0.001021,172.31.36.0-255,66,91781,7,263610
20686,0.001025,172.217.194.0-255,1484,93265,7,263610
20687,0.00105,172.31.36.0-255,66,93331,7,263610
20688,0.001053,172.217.194.0-255,1484,94815,7,263610
20689,0.001078,172.217.194.0-255,2902,97717,7,263610
20690,0.001082,172.31.36.0-255,66,97783,7,263610
20691,0.001103,172.217.194.0-255,6438,104221,7,263610
20692,0.001106,172.31.36.0-255,66,104287,7,263610
20693,0.001911,172.217.194.0-255,1484,105771,7,263610
20694,0.00193,172.217.194.0-255,2902,108673,7,263610
20695,0.001934,172.31.36.0-255,66,108739,7,263610
20696,0.00194,172.217.194.0-255,5738,114477,7,263610
20697,0.001942,172.31.36.0-255,66,114543,7,263610
20698,0.001949,172.217.194.0-255,7156,121699,7,263610
20699,0.001952,172.31.36.0-255,66,121765,7,263610
20700,0.001983,172.217.194.0-255,2902,124667,7,263610
20701,0.001986,172.31.36.0-255,66,124733,7,263610
20702,0.001998,172.31.36.0-255,66,124799,7,263610
20703,0.002002,172.217.194.0-255,2184,126983,7,263610
20704,0.002004,172.31.36.0-255,66,127049,7,263610
20705,0.003996,172.217.194.0-255,5738,132787,7,263610
20706,0.004004,172.31.36.0-255,66,132853,7,263610
20707,0.006075,172.217.194.0-255,2902,135755,7,263610
20708,0.006079,172.31.36.0-255,66,135821,7,263610
20709,0.006096,172.217.194.0-255,2902,138723,7,263610
20710,0.006098,172.31.36.0-255,66,138789,7,263610
20711,0.008088,172.217.194.0-255,5738,144527,7,263610
20712,0.008094,172.31.36.0-255,66,144593,7,263610
20713,0.010091,172.217.194.0-255,5738,150331,7,263610
20714,0.010097,172.31.36.0-255,66,150397,7,263610
20715,0.012076,172.217.194.0-255,5738,156135,7,263610
20716,0.012085,172.31.36.0-255,66,156201,7,263610
20717,0.014089,172.217.194.0-255,5738,161939,7,263610
20718,0.014097,172.31.36.0-255,66,162005,7,263610
20719,0.016156,172.217.194.0-255,5738,167743,7,263610
20720,0.016168,172.31.36.0-255,66,167809,7,263610
20721,0.018154,172.217.194.0-255,5738,173547,7,263610
20722,0.018163,172.31.36.0-255,66,173613,7,263610
20723,0.020268,172.217.194.0-255,5738,179351,7,263610
20724,0.020277,172.31.36.0-255,66,179417,7,263610
20725,0.022336,172.217.194.0-255,5738,185155,7,263610
20726,0.022343,172.31.36.0-255,66,185221,7,263610
20727,0.024319,172.217.194.0-255,5738,190959,7,263610
20728,0.024329,172.31.36.0-255,66,191025,7,263610
20729,0.026385,172.217.194.0-255,5738,196763,7,263610
20730,0.026395,172.31.36.0-255,66,196829,7,263610
20731,0.028426,172.217.194.0-255,5738,202567,7,263610
20732,0.028433,172.31.36.0-255,66,202633,7,263610
20733,0.030188,172.31.36.0-255,171,202804,7,263610
20734,0.030217,172.31.36.0-255,1138,203942,7,263610
20735,0.030274,172.31.36.0-255,1514,205456,7,263610
20736,0.030275,172.31.36.0-255,1268,206724,7,263610
20737,0.030408,172.217.194.0-255,4320,211044,7,263610
20738,0.030414,172.31.36.0-255,66,211110,7,263610
20739,0.030425,172.217.194.0-255,1484,212594,7,263610
20740,0.031718,104.244.42.0-255,66,212660,7,263610
20741,0.031754,104.244.42.0-255,66,212726,7,263610
20742,0.031879,104.244.42.0-255,66,212792,7,263610
20743,0.032417,172.217.194.0-255,4320,217112,7,263610
20744,0.032423,172.31.36.0-255,66,217178,7,263610
20745,0.034438,172.217.194.0-255,5738,222916,7,263610
20746,0.034445,172.31.36.0-255,66,222982,7,263610
20747,0.036462,172.217.194.0-255,5738,228720,7,263610
20748,0.036469,172.31.36.0-255,66,228786,7,263610
20749,0.038455,172.217.194.0-255,5738,234524,7,263610
20750,0.038462,172.31.36.0-255,66,234590,7,263610
20751,0.040489,172.217.194.0-255,5738,240328,7,263610
20752,0.040496,172.31.36.0-255,66,240394,7,263610
20753,0.042508,172.217.194.0-255,5738,246132,7,263610
20754,0.042515,172.31.36.0-255,66,246198,7,263610
20755,0.04452,172.217.194.0-255,5738,251936,7,263610
20756,0.044526,172.31.36.0-255,66,252002,7,263610
20757,0.04657,172.217.194.0-255,5738,257740,7,263610
20758,0.046577,172.31.36.0-255,66,257806,7,263610
20759,0.048581,172.217.194.0-255,5738,263544,7,263610
20760,0.048588,172.31.36.0-255,66,263610,7,263610
20761,0.0,74.125.200.0-255,153,153,7,382807
20762,3e-05,172.31.36.0-255,66,219,7,382807
20763,3.7e-05,74.125.200.0-255,1484,1703,7,382807
20764,4.2e-05,172.31.36.0-255,66,1769,7,382807
20765,4.7e-05,74.125.200.0-255,2902,4671,7,382807
20766,5e-05,172.31.36.0-255,66,4737,7,382807
20767,7.7e-05,74.125.200.0-255,5738,10475,7,382807
20768,8e-05,172.31.36.0-255,66,10541,7,382807
20769,0.000109,74.125.200.0-255,3471,14012,7,382807
20770,0.000113,172.31.36.0-255,66,14078,7,382807
20771,0.000117,74.125.200.0-255,1484,15562,7,382807
20772,0.000119,172.31.36.0-255,66,15628,7,382807
20773,0.000133,74.125.200.0-255,2902,18530,7,382807
20774,0.000136,172.31.36.0-255,66,18596,7,382807
20775,0.000149,74.125.200.0-255,2902,21498,7,382807
20776,0.000151,172.31.36.0-255,66,21564,7,382807
20777,0.00018,74.125.200.0-255,7156,28720,7,382807
20778,0.000183,172.31.36.0-255,66,28786,7,382807
20779,0.000187,74.125.200.0-255,2543,31329,7,382807
20780,0.00019,172.31.36.0-255,66,31395,7,382807
20781,0.000293,74.125.200.0-255,1484,32879,7,382807
20782,0.000297,172.31.36.0-255,66,32945,7,382807
20783,0.000302,74.125.200.0-255,2902,35847,7,382807
20784,0.000306,172.31.36.0-255,66,35913,7,382807
20785,0.000333,74.125.200.0-255,4320,40233,7,382807
20786,0.000339,74.125.200.0-255,5738,45971,7,382807
20787,0.000339,172.31.36.0-255,66,46037,7,382807
20788,0.000343,172.31.36.0-255,66,46103,7,382807
20789,0.000374,74.125.200.0-255,5738,51841,7,382807
20790,0.000377,172.31.36.0-255,66,51907,7,382807
20791,0.000399,74.125.200.0-255,5379,57286,7,382807
20792,0.000403,172.31.36.0-255,66,57352,7,382807
20793,0.00042,74.125.200.0-255,4320,61672,7,382807
20794,0.000424,172.31.36.0-255,66,61738,7,382807
20795,0.000445,74.125.200.0-255,4264,66002,7,382807
20796,0.000447,172.31.36.0-255,66,66068,7,382807
20797,0.000511,74.125.200.0-255,130,66198,7,382807
20798,0.000614,74.125.200.0-255,1484,67682,7,382807
20799,0.000618,172.31.36.0-255,66,67748,7,382807
20800,0.000621,74.125.200.0-255,1484,69232,7,382807
20801,0.000638,74.125.200.0-255,1484,70716,7,382807
20802,0.000641,172.31.36.0-255,66,70782,7,382807
20803,0.000648,74.125.200.0-255,5738,76520,7,382807
20804,0.000651,172.31.36.0-255,66,76586,7,382807
20805,0.000671,74.125.200.0-255,4320,80906,7,382807
20806,0.000673,172.31.36.0-255,66,80972,7,382807
20807,0.000694,74.125.200.0-255,2543,83515,7,382807
20808,0.000697,172.31.36.0-255,66,83581,7,382807
20809,0.000732,74.125.200.0-255,5738,89319,7,382807
20810,0.000736,172.31.36.0-255,66,89385,7,382807
20811,0.000745,74.125.200.0-255,4320,93705,7,382807
20812,0.000747,172.31.36.0-255,66,93771,7,382807
20813,0.000765,74.125.200.0-255,2902,96673,7,382807
20814,0.000767,172.31.36.0-255,66,96739,7,382807
20815,0.000772,74.125.200.0-255,3656,100395,7,382807
20816,0.000775,172.31.36.0-255,66,100461,7,382807
20817,0.000814,74.125.200.0-255,2902,103363,7,382807
20818,0.000818,172.31.36.0-255,66,103429,7,382807
20819,0.000836,74.125.200.0-255,1484,104913,7,382807
20820,0.000841,74.125.200.0-255,4320,109233,7,382807
20821,0.000846,172.31.36.0-255,66,109299,7,382807
20822,0.000857,74.125.200.0-255,1484,110783,7,382807
20823,0.000885,74.125.200.0-255,6797,117580,7,382807
20824,0.000888,172.31.36.0-255,66,117646,7,382807
20825,0.001092,74.125.200.0-255,1484,119130,7,382807
20826,0.00111,74.125.200.0-255,2902,122032,7,382807
20827,0.001114,172.31.36.0-255,66,122098,7,382807
20828,0.001131,74.125.200.0-255,1484,123582,7,382807
20829,0.001147,74.125.200.0-255,2902,126484,7,382807
20830,0.00115,172.31.36.0-255,66,126550,7,382807
20831,0.001169,74.125.200.0-255,2902,129452,7,382807
20832,0.001172,172.31.36.0-255,66,129518,7,382807
20833,0.001198,74.125.200.0-255,2902,132420,7,382807
20834,0.001201,172.31.36.0-255,66,132486,7,382807
20835,0.001212,172.31.36.0-255,66,132552,7,382807
20836,0.001224,172.31.36.0-255,66,132618,7,382807
20837,0.001226,74.125.200.0-255,766,133384,7,382807
20838,0.001275,74.125.200.0-255,1484,134868,7,382807
20839,0.001278,172.31.36.0-255,66,134934,7,382807
20840,0.001284,74.125.200.0-255,4320,139254,7,382807
20841,0.001286,172.31.36.0-255,66,139320,7,382807
20842,0.001292,74.125.200.0-255,5738,145058,7,382807
20843,0.001295,172.31.36.0-255,66,145124,7,382807
20844,0.001335,172.31.36.0-255,66,145190,7,382807
20845,0.00134,74.125.200.0-255,4320,149510,7,382807
20846,0.001342,172.31.36.0-255,66,149576,7,382807
20847,0.001383,74.125.200.0-255,2902,152478,7,382807
20848,0.001386,172.31.36.0-255,66,152544,7,382807
20849,0.001404,74.125.200.0-255,3602,156146,7,382807
20850,0.001407,172.31.36.0-255,66,156212,7,382807
20851,0.001498,74.125.200.0-255,1484,157696,7,382807
20852,0.001517,74.125.200.0-255,2902,160598,7,382807
20853,0.00152,172.31.36.0-255,66,160664,7,382807
20854,0.001524,74.125.200.0-255,1484,162148,7,382807
20855,0.001541,74.125.200.0-255,2902,165050,7,382807
20856,0.001543,172.31.36.0-255,66,165116,7,382807
20857,0.001563,74.125.200.0-255,2902,168018,7,382807
20858,0.001566,172.31.36.0-255,66,168084,7,382807
20859,0.001581,74.125.200.0-255,2902,170986,7,382807
20860,0.001583,172.31.36.0-255,66,171052,7,382807
20861,0.001587,74.125.200.0-255,1484,172536,7,382807
20862,0.001592,74.125.200.0-255,2902,175438,7,382807
20863,0.001594,172.31.36.0-255,66,175504,7,382807
20864,0.001623,74.125.200.0-255,5738,181242,7,382807
20865,0.001626,172.31.36.0-255,66,181308,7,382807
20866,0.00163,74.125.200.0-255,2902,184210,7,382807
20867,0.001632,172.31.36.0-255,66,184276,7,382807
20868,0.001655,74.125.200.0-255,4320,188596,7,382807
20869,0.001658,172.31.36.0-255,66,188662,7,382807
20870,0.001679,74.125.200.0-255,2184,190846,7,382807
20871,0.001682,172.31.36.0-255,66,190912,7,382807
20872,0.001759,74.125.200.0-255,1484,192396,7,382807
20873,0.001778,74.125.200.0-255,2902,195298,7,382807
20874,0.001781,172.31.36.0-255,66,195364,7,382807
20875,0.001803,74.125.200.0-255,4320,199684,7,382807
20876,0.001806,172.31.36.0-255,66,199750,7,382807
20877,0.001829,74.125.200.0-255,2902,202652,7,382807
20878,0.001833,172.31.36.0-255,66,202718,7,382807
20879,0.001861,74.125.200.0-255,4320,207038,7,382807
20880,0.001863,74.125.200.0-255,1484,208522,7,382807
20881,0.001865,172.31.36.0-255,66,208588,7,382807
20882,0.001891,74.125.200.0-255,7156,215744,7,382807
20883,0.001894,172.31.36.0-255,66,215810,7,382807
20884,0.001899,74.125.200.0-255,2902,218712,7,382807
20885,0.001901,172.31.36.0-255,66,218778,7,382807
20886,0.001911,74.125.200.0-255,4320,223098,7,382807
20887,0.001914,172.31.36.0-255,66,223164,7,382807
20888,0.001933,74.125.200.0-255,2184,225348,7,382807
20889,0.001937,172.31.36.0-255,66,225414,7,382807
20890,0.001942,74.125.200.0-255,2902,228316,7,382807
20891,0.001944,172.31.36.0-255,66,228382,7,382807
20892,0.001981,74.125.200.0-255,4320,232702,7,382807
20893,0.001985,172.31.36.0-255,66,232768,7,382807
20894,0.001998,74.125.200.0-255,2902,235670,7,382807
20895,0.002001,172.31.36.0-255,66,235736,7,382807
20896,0.002031,172.31.36.0-255,66,235802,7,382807
20897,0.00205,74.125.200.0-255,5738,241540,7,382807
20898,0.002053,172.31.36.0-255,66,241606,7,382807
20899,0.002081,74.125.200.0-255,4320,245926,7,382807
20900,0.002084,172.31.36.0-255,66,245992,7,382807
20901,0.002089,74.125.200.0-255,2902,248894,7,382807
20902,0.002092,172.31.36.0-255,66,248960,7,382807
20903,0.004095,74.125.200.0-255,2902,251862,7,382807
20904,0.004102,172.31.36.0-255,66,251928,7,382807
20905,0.00411,74.125.200.0-255,2902,254830,7,382807
20906,0.004112,172.31.36.0-255,66,254896,7,382807
20907,0.006104,74.125.200.0-255,5738,260634,7,382807
20908,0.006109,172.31.36.0-255,66,260700,7,382807
20909,0.008132,74.125.200.0-255,5738,266438,7,382807
20910,0.008139,172.31.36.0-255,66,266504,7,382807
20911,0.010156,74.125.200.0-255,5738,272242,7,382807
20912,0.010164,172.31.36.0-255,66,272308,7,382807
20913,0.012182,74.125.200.0-255,5738,278046,7,382807
20914,0.012189,172.31.36.0-255,66,278112,7,382807
20915,0.014215,74.125.200.0-255,5738,283850,7,382807
20916,0.014222,172.31.36.0-255,66,283916,7,382807
20917,0.016244,74.125.200.0-255,4320,288236,7,382807
20918,0.016251,172.31.36.0-255,66,288302,7,382807
20919,0.016272,74.125.200.0-255,1484,289786,7,382807
20920,0.018273,74.125.200.0-255,4320,294106,7,382807
20921,0.018281,172.31.36.0-255,66,294172,7,382807
20922,0.020345,74.125.200.0-255,5738,299910,7,382807
20923,0.020352,172.31.36.0-255,66,299976,7,382807
20924,0.022356,74.125.200.0-255,2902,302878,7,382807
20925,0.02236,172.31.36.0-255,66,302944,7,382807
20926,0.022377,74.125.200.0-255,2902,305846,7,382807
20927,0.02238,172.31.36.0-255,66,305912,7,382807
20928,0.024385,74.125.200.0-255,5738,311650,7,382807
20929,0.024392,172.31.36.0-255,66,311716,7,382807
20930,0.026412,74.125.200.0-255,5738,317454,7,382807
20931,0.026419,172.31.36.0-255,66,317520,7,382807
20932,0.02845,74.125.200.0-255,5738,323258,7,382807
20933,0.028457,172.31.36.0-255,66,323324,7,382807
20934,0.030475,74.125.200.0-255,5738,329062,7,382807
20935,0.030482,172.31.36.0-255,66,329128,7,382807
20936,0.032518,74.125.200.0-255,5738,334866,7,382807
20937,0.032525,172.31.36.0-255,66,334932,7,382807
20938,0.034546,74.125.200.0-255,5738,340670,7,382807
20939,0.034553,172.31.36.0-255,66,340736,7,382807
20940,0.036579,74.125.200.0-255,5738,346474,7,382807
20941,0.036587,172.31.36.0-255,66,346540,7,382807
20942,0.038612,74.125.200.0-255,5738,352278,7,382807
20943,0.03862,172.31.36.0-255,66,352344,7,382807
20944,0.04007,172.31.36.0-255,172,352516,7,382807
20945,0.0401,172.31.36.0-255,1073,353589,7,382807
20946,0.040646,74.125.200.0-255,5738,359327,7,382807
20947,0.040655,172.31.36.0-255,66,359393,7,382807
20948,0.041558,104.244.42.0-255,66,359459,7,382807
20949,0.041643,104.244.42.0-255,66,359525,7,382807
20950,0.042664,74.125.200.0-255,5738,365263,7,382807
20951,0.042671,172.31.36.0-255,66,365329,7,382807
20952,0.044687,74.125.200.0-255,5738,371067,7,382807
20953,0.044693,172.31.36.0-255,66,371133,7,382807
20954,0.046718,74.125.200.0-255,5738,376871,7,382807
20955,0.046723,172.31.36.0-255,66,376937,7,382807
20956,0.048729,74.125.200.0-255,4320,381257,7,382807
20957,0.048734,172.31.36.0-255,66,381323,7,382807
20958,0.048765,74.125.200.0-255,1484,382807,7,382807
20959,0.0,74.125.68.0-255,152,152,7,359213
20960,1.9e-05,172.31.36.0-255,66,218,7,359213
20961,3.7e-05,74.125.68.0-255,1484,1702,7,359213
20962,5.1e-05,172.31.36.0-255,66,1768,7,359213
20963,5.7e-05,74.125.68.0-255,2902,4670,7,359213
20964,6e-05,172.31.36.0-255,66,4736,7,359213
20965,6.6e-05,74.125.68.0-255,5738,10474,7,359213
20966,6.9e-05,172.31.36.0-255,66,10540,7,359213
20967,7.3e-05,74.125.68.0-255,2902,13442,7,359213
20968,7.5e-05,172.31.36.0-255,66,13508,7,359213
20969,9.7e-05,74.125.68.0-255,3453,16961,7,359213
20970,0.000103,172.31.36.0-255,66,17027,7,359213
20971,0.000134,74.125.68.0-255,4320,21347,7,359213
20972,0.000137,172.31.36.0-255,66,21413,7,359213
20973,0.000181,74.125.68.0-255,1484,22897,7,359213
20974,0.000184,172.31.36.0-255,66,22963,7,359213
20975,0.000209,74.125.68.0-255,2902,25865,7,359213
20976,0.000213,172.31.36.0-255,66,25931,7,359213
20977,0.000233,74.125.68.0-255,2902,28833,7,359213
20978,0.000236,172.31.36.0-255,66,28899,7,359213
20979,0.000253,74.125.68.0-255,2543,31442,7,359213
20980,0.000256,172.31.36.0-255,66,31508,7,359213
20981,0.000384,74.125.68.0-255,1484,32992,7,359213
20982,0.000388,172.31.36.0-255,66,33058,7,359213
20983,0.000411,74.125.68.0-255,2902,35960,7,359213
20984,0.000414,172.31.36.0-255,66,36026,7,359213
20985,0.00042,74.125.68.0-255,5738,41764,7,359213
20986,0.000422,172.31.36.0-255,66,41830,7,359213
20987,0.000425,74.125.68.0-255,2902,44732,7,359213
20988,0.000427,172.31.36.0-255,66,44798,7,359213
20989,0.000454,74.125.68.0-255,3961,48759,7,359213
20990,0.000458,172.31.36.0-255,66,48825,7,359213
20991,0.000481,74.125.68.0-255,7156,55981,7,359213
20992,0.000485,172.31.36.0-255,66,56047,7,359213
20993,0.000508,74.125.68.0-255,1484,57531,7,359213
20994,0.000515,74.125.68.0-255,2902,60433,7,359213
20995,0.000517,172.31.36.0-255,66,60499,7,359213
20996,0.000546,74.125.68.0-255,5659,66158,7,359213
20997,0.00055,172.31.36.0-255,66,66224,7,359213
20998,0.000553,74.125.68.0-255,131,66355,7,359213
20999,0.000642,74.125.68.0-255,1484,67839,7,359213
21000,0.000649,172.31.36.0-255,66,67905,7,359213
21001,0.000654,74.125.68.0-255,2902,70807,7,359213
21002,0.000656,172.31.36.0-255,66,70873,7,359213
21003,0.000685,74.125.68.0-255,5738,76611,7,359213
21004,0.000689,172.31.36.0-255,66,76677,7,359213
21005,0.000696,74.125.68.0-255,5738,82415,7,359213
21006,0.000699,172.31.36.0-255,66,82481,7,359213
21007,0.00071,74.125.68.0-255,5738,88219,7,359213
21008,0.000713,172.31.36.0-255,66,88285,7,359213
21009,0.00074,74.125.68.0-255,1484,89769,7,359213
21010,0.000748,74.125.68.0-255,4320,94089,7,359213
21011,0.000751,172.31.36.0-255,66,94155,7,359213
21012,0.000776,74.125.68.0-255,6438,100593,7,359213
21013,0.00078,74.125.68.0-255,342,100935,7,359213
21014,0.000792,172.31.36.0-255,66,101001,7,359213
21015,0.000937,74.125.68.0-255,1484,102485,7,359213
21016,0.000951,74.125.68.0-255,2902,105387,7,359213
21017,0.000955,172.31.36.0-255,66,105453,7,359213
21018,0.000982,74.125.68.0-255,5738,111191,7,359213
21019,0.000986,172.31.36.0-255,66,111257,7,359213
21020,0.000991,74.125.68.0-255,2902,114159,7,359213
21021,0.000994,172.31.36.0-255,66,114225,7,359213
21022,0.001029,74.125.68.0-255,7156,121381,7,359213
21023,0.001032,172.31.36.0-255,66,121447,7,359213
21024,0.001048,74.125.68.0-255,2184,123631,7,359213
21025,0.001052,172.31.36.0-255,66,123697,7,359213
21026,0.001105,74.125.68.0-255,1484,125181,7,359213
21027,0.001112,74.125.68.0-255,2902,128083,7,359213
21028,0.001117,74.125.68.0-255,4320,132403,7,359213
21029,0.001117,172.31.36.0-255,66,132469,7,359213
21030,0.001122,172.31.36.0-255,66,132535,7,359213
21031,0.001147,74.125.68.0-255,1484,134019,7,359213
21032,0.001154,74.125.68.0-255,5738,139757,7,359213
21033,0.001163,172.31.36.0-255,66,139823,7,359213
21034,0.001167,74.125.68.0-255,1484,141307,7,359213
21035,0.001196,74.125.68.0-255,5738,147045,7,359213
21036,0.001203,74.125.68.0-255,7156,154201,7,359213
21037,0.001205,172.31.36.0-255,66,154267,7,359213
21038,0.00121,172.31.36.0-255,66,154333,7,359213
21039,0.001249,74.125.68.0-255,3602,157935,7,359213
21040,0.001257,172.31.36.0-255,66,158001,7,359213
21041,0.001311,74.125.68.0-255,4320,162321,7,359213
21042,0.001316,172.31.36.0-255,66,162387,7,359213
21043,0.001346,74.125.68.0-255,5738,168125,7,359213
21044,0.001351,172.31.36.0-255,66,168191,7,359213
21045,0.001353,74.125.68.0-255,7156,175347,7,359213
21046,0.001368,172.31.36.0-255,66,175413,7,359213
21047,0.00138,74.125.68.0-255,4320,179733,7,359213
21048,0.001383,172.31.36.0-255,66,179799,7,359213
21049,0.001389,74.125.68.0-255,4320,184119,7,359213
21050,0.001399,172.31.36.0-255,66,184185,7,359213
21051,0.001436,172.31.36.0-255,66,184251,7,359213
21052,0.001468,74.125.68.0-255,1484,185735,7,359213
21053,0.001482,74.125.68.0-255,2902,188637,7,359213
21054,0.001494,172.31.36.0-255,66,188703,7,359213
21055,0.001508,74.125.68.0-255,5738,194441,7,359213
21056,0.001517,74.125.68.0-255,2902,197343,7,359213
21057,0.001521,172.31.36.0-255,66,197409,7,359213
21058,0.001538,74.125.68.0-255,4320,201729,7,359213
21059,0.001542,172.31.36.0-255,66,201795,7,359213
21060,0.001582,172.31.36.0-255,66,201861,7,359213
21061,0.001606,74.125.68.0-255,3602,205463,7,359213
21062,0.00161,172.31.36.0-255,66,205529,7,359213
21063,0.001714,74.125.68.0-255,1484,207013,7,359213
21064,0.001736,74.125.68.0-255,2902,209915,7,359213
21065,0.00174,74.125.68.0-255,2902,212817,7,359213
21066,0.001744,172.31.36.0-255,66,212883,7,359213
21067,0.001749,172.31.36.0-255,66,212949,7,359213
21068,0.001755,74.125.68.0-255,1484,214433,7,359213
21069,0.001791,172.31.36.0-255,66,214499,7,359213
21070,0.001797,74.125.68.0-255,5738,220237,7,359213
21071,0.001803,172.31.36.0-255,66,220303,7,359213
21072,0.001835,74.125.68.0-255,7156,227459,7,359213
21073,0.00184,74.125.68.0-255,3602,231061,7,359213
21074,0.00184,172.31.36.0-255,66,231127,7,359213
21075,0.001844,172.31.36.0-255,66,231193,7,359213
21076,0.002057,74.125.68.0-255,1484,232677,7,359213
21077,0.002075,74.125.68.0-255,2902,235579,7,359213
21078,0.002078,172.31.36.0-255,66,235645,7,359213
21079,0.002082,74.125.68.0-255,1484,237129,7,359213
21080,0.002106,74.125.68.0-255,2902,240031,7,359213
21081,0.002112,74.125.68.0-255,2902,242933,7,359213
21082,0.002122,172.31.36.0-255,66,242999,7,359213
21083,0.002128,74.125.68.0-255,2902,245901,7,359213
21084,0.002131,74.125.68.0-255,1484,247385,7,359213
21085,0.002137,172.31.36.0-255,66,247451,7,359213
21086,0.00216,74.125.68.0-255,2902,250353,7,359213
21087,0.002165,172.31.36.0-255,66,250419,7,359213
21088,0.002182,74.125.68.0-255,2902,253321,7,359213
21089,0.002185,172.31.36.0-255,66,253387,7,359213
21090,0.002226,172.31.36.0-255,66,253453,7,359213
21091,0.002237,74.125.68.0-255,3602,257055,7,359213
21092,0.002242,172.31.36.0-255,66,257121,7,359213
21093,0.002255,74.125.68.0-255,5738,262859,7,359213
21094,0.002257,172.31.36.0-255,66,262925,7,359213
21095,0.002262,172.31.36.0-255,66,262991,7,359213
21096,0.002804,172.31.36.0-255,101,263092,7,359213
21097,0.004499,74.125.68.0-255,5738,268830,7,359213
21098,0.004506,172.31.36.0-255,66,268896,7,359213
21099,0.004989,74.125.68.0-255,66,268962,7,359213
21100,0.006725,74.125.68.0-255,4320,273282,7,359213
21101,0.006728,172.31.36.0-255,66,273348,7,359213
21102,0.00675,74.125.68.0-255,1484,274832,7,359213
21103,0.00896,74.125.68.0-255,4320,279152,7,359213
21104,0.008966,172.31.36.0-255,66,279218,7,359213
21105,0.011195,74.125.68.0-255,5738,284956,7,359213
21106,0.011201,172.31.36.0-255,66,285022,7,359213
21107,0.013432,74.125.68.0-255,5738,290760,7,359213
21108,0.013437,172.31.36.0-255,66,290826,7,359213
21109,0.015684,74.125.68.0-255,5738,296564,7,359213
21110,0.015695,172.31.36.0-255,66,296630,7,359213
21111,0.01794,74.125.68.0-255,5738,302368,7,359213
21112,0.01795,172.31.36.0-255,66,302434,7,359213
21113,0.020178,74.125.68.0-255,5738,308172,7,359213
21114,0.020185,172.31.36.0-255,66,308238,7,359213
21115,0.022418,74.125.68.0-255,5738,313976,7,359213
21116,0.022423,172.31.36.0-255,66,314042,7,359213
21117,0.024667,74.125.68.0-255,5738,319780,7,359213
21118,0.024674,172.31.36.0-255,66,319846,7,359213
21119,0.026926,74.125.68.0-255,5738,325584,7,359213
21120,0.026933,172.31.36.0-255,66,325650,7,359213
21121,0.029164,74.125.68.0-255,5738,331388,7,359213
21122,0.02917,172.31.36.0-255,66,331454,7,359213
21123,0.031394,74.125.68.0-255,5738,337192,7,359213
21124,0.031402,172.31.36.0-255,66,337258,7,359213
21125,0.033638,74.125.68.0-255,5738,342996,7,359213
21126,0.033646,172.31.36.0-255,66,343062,7,359213
21127,0.035886,74.125.68.0-255,5738,348800,7,359213
21128,0.035893,172.31.36.0-255,66,348866,7,359213
21129,0.038114,74.125.68.0-255,811,349677,7,359213
21130,0.038312,172.31.36.0-255,105,349782,7,359213
21131,0.039307,172.31.36.0-255,172,349954,7,359213
21132,0.039349,172.31.36.0-255,1113,351067,7,359213
21133,0.039427,172.31.36.0-255,1514,352581,7,359213
21134,0.03943,172.31.36.0-255,1514,354095,7,359213
21135,0.039431,172.31.36.0-255,1514,355609,7,359213
21136,0.039432,172.31.36.0-255,1514,357123,7,359213
21137,0.039468,172.31.36.0-255,1514,358637,7,359213
21138,0.039469,172.31.36.0-255,72,358709,7,359213
21139,0.040916,104.244.42.0-255,66,358775,7,359213
21140,0.040929,104.244.42.0-255,66,358841,7,359213
21141,0.041047,104.244.42.0-255,66,358907,7,359213
21142,0.041074,104.244.42.0-255,66,358973,7,359213
21143,0.042071,104.244.42.0-255,108,359081,7,359213
21144,0.042086,172.31.36.0-255,66,359147,7,359213
21145,0.045181,74.125.68.0-255,66,359213,7,359213
21146,0.0,74.125.24.0-255,66,66,7,66
21147,0.0,172.217.194.0-255,151,151,7,198618
21148,2.3e-05,172.31.36.0-255,66,217,7,198618
21149,3.1e-05,172.217.194.0-255,1484,1701,7,198618
21150,3.6e-05,172.31.36.0-255,66,1767,7,198618
21151,5.1e-05,172.217.194.0-255,2902,4669,7,198618
21152,5.4e-05,172.31.36.0-255,66,4735,7,198618
21153,6.2e-05,172.217.194.0-255,7156,11891,7,198618
21154,6.5e-05,172.31.36.0-255,66,11957,7,198618
21155,6.9e-05,172.217.194.0-255,2076,14033,7,198618
21156,7.3e-05,172.31.36.0-255,66,14099,7,198618
21157,9.9e-05,172.217.194.0-255,2902,17001,7,198618
21158,0.000106,172.31.36.0-255,66,17067,7,198618
21159,0.000114,172.217.194.0-255,7156,24223,7,198618
21160,0.000116,172.31.36.0-255,66,24289,7,198618
21161,0.000154,172.217.194.0-255,6797,31086,7,198618
21162,0.000157,172.31.36.0-255,66,31152,7,198618
21163,0.00024,172.217.194.0-255,1484,32636,7,198618
21164,0.000244,172.31.36.0-255,66,32702,7,198618
21165,0.000249,172.217.194.0-255,2902,35604,7,198618
21166,0.000251,172.31.36.0-255,66,35670,7,198618
21167,0.000257,172.217.194.0-255,5738,41408,7,198618
21168,0.000264,172.31.36.0-255,66,41474,7,198618
21169,0.000299,172.217.194.0-255,6797,48271,7,198618
21170,0.000302,172.31.36.0-255,66,48337,7,198618
21171,0.00031,172.217.194.0-255,7156,55493,7,198618
21172,0.000312,172.31.36.0-255,66,55559,7,198618
21173,0.000353,172.217.194.0-255,7156,62715,7,198618
21174,0.000356,172.31.36.0-255,66,62781,7,198618
21175,0.000361,172.217.194.0-255,2794,65575,7,198618
21176,0.000363,172.31.36.0-255,66,65641,7,198618
21177,0.000404,172.217.194.0-255,119,65760,7,198618
21178,0.000416,172.31.36.0-255,66,65826,7,198618
21179,0.000419,172.217.194.0-255,381,66207,7,198618
21180,0.000421,172.31.36.0-255,66,66273,7,198618
21181,0.001077,172.217.194.0-255,1484,67757,7,198618
21182,0.001083,172.217.194.0-255,2902,70659,7,198618
21183,0.001088,172.31.36.0-255,66,70725,7,198618
21184,0.001095,172.31.36.0-255,66,70791,7,198618
21185,0.001117,172.217.194.0-255,5738,76529,7,198618
21186,0.001152,172.217.194.0-255,1484,78013,7,198618
21187,0.00118,172.31.36.0-255,66,78079,7,198618
21188,0.003494,172.217.194.0-255,5738,83817,7,198618
21189,0.003502,172.31.36.0-255,66,83883,7,198618
21190,0.005829,172.217.194.0-255,5738,89621,7,198618
21191,0.006155,172.31.36.0-255,66,89687,7,198618
21192,0.008494,172.217.194.0-255,5738,95425,7,198618
21193,0.0085,172.31.36.0-255,66,95491,7,198618
21194,0.010846,172.217.194.0-255,5738,101229,7,198618
21195,0.010854,172.31.36.0-255,66,101295,7,198618
21196,0.013183,172.217.194.0-255,5738,107033,7,198618
21197,0.013192,172.31.36.0-255,66,107099,7,198618
21198,0.015546,172.217.194.0-255,5738,112837,7,198618
21199,0.015556,172.31.36.0-255,66,112903,7,198618
21200,0.017916,172.217.194.0-255,5738,118641,7,198618
21201,0.017925,172.31.36.0-255,66,118707,7,198618
21202,0.020265,172.217.194.0-255,5738,124445,7,198618
21203,0.020273,172.31.36.0-255,66,124511,7,198618
21204,0.022623,172.217.194.0-255,5738,130249,7,198618
21205,0.022634,172.31.36.0-255,66,130315,7,198618
21206,0.024969,172.217.194.0-255,5738,136053,7,198618
21207,0.024977,172.31.36.0-255,66,136119,7,198618
21208,0.027337,172.217.194.0-255,5738,141857,7,198618
21209,0.027345,172.31.36.0-255,66,141923,7,198618
21210,0.029676,172.217.194.0-255,5738,147661,7,198618
21211,0.029736,172.31.36.0-255,167,147828,7,198618
21212,0.029765,172.31.36.0-255,1114,148942,7,198618
21213,0.029828,172.31.36.0-255,1514,150456,7,198618
21214,0.02983,172.31.36.0-255,1292,151748,7,198618
21215,0.029869,172.31.36.0-255,66,151814,7,198618
21216,0.031286,104.244.42.0-255,66,151880,7,198618
21217,0.031321,104.244.42.0-255,66,151946,7,198618
21218,0.031374,104.244.42.0-255,66,152012,7,198618
21219,0.032063,104.244.42.0-255,108,152120,7,198618
21220,0.032069,172.31.36.0-255,66,152186,7,198618
21221,0.032227,172.217.194.0-255,5738,157924,7,198618
21222,0.032232,172.31.36.0-255,66,157990,7,198618
21223,0.03456,172.217.194.0-255,5738,163728,7,198618
21224,0.034568,172.31.36.0-255,66,163794,7,198618
21225,0.036913,172.217.194.0-255,5738,169532,7,198618
21226,0.036928,172.31.36.0-255,66,169598,7,198618
21227,0.039319,172.217.194.0-255,5738,175336,7,198618
21228,0.039325,172.31.36.0-255,66,175402,7,198618
21229,0.041682,172.217.194.0-255,5738,181140,7,198618
21230,0.041689,172.31.36.0-255,66,181206,7,198618
21231,0.044039,172.217.194.0-255,5738,186944,7,198618
21232,0.044045,172.31.36.0-255,66,187010,7,198618
21233,0.046366,172.217.194.0-255,5738,192748,7,198618
21234,0.046372,172.31.36.0-255,66,192814,7,198618
21235,0.048687,172.217.194.0-255,5738,198552,7,198618
21236,0.048694,172.31.36.0-255,66,198618,7,198618
21237,0.0,172.217.194.0-255,153,153,7,218237
21238,2.1e-05,172.31.36.0-255,66,219,7,218237
21239,2.7e-05,172.217.194.0-255,1484,1703,7,218237
21240,3.2e-05,172.31.36.0-255,66,1769,7,218237
21241,4.7e-05,172.217.194.0-255,2902,4671,7,218237
21242,5e-05,172.31.36.0-255,66,4737,7,218237
21243,5.8e-05,172.217.194.0-255,7156,11893,7,218237
21244,6.1e-05,172.31.36.0-255,66,11959,7,218237
21245,6.6e-05,172.217.194.0-255,2104,14063,7,218237
21246,6.9e-05,172.31.36.0-255,66,14129,7,218237
21247,8.2e-05,172.31.36.0-255,66,14195,7,218237
21248,8.8e-05,172.217.194.0-255,5379,19574,7,218237
21249,9.2e-05,172.31.36.0-255,66,19640,7,218237
21250,0.000539,172.217.194.0-255,1484,21124,7,218237
21251,0.000545,172.31.36.0-255,66,21190,7,218237
21252,0.000551,172.217.194.0-255,1484,22674,7,218237
21253,0.000553,172.31.36.0-255,66,22740,7,218237
21254,0.000576,172.217.194.0-255,1484,24224,7,218237
21255,0.000582,172.31.36.0-255,66,24290,7,218237
21256,0.000589,172.217.194.0-255,5738,30028,7,218237
21257,0.000592,172.31.36.0-255,66,30094,7,218237
21258,0.0006,172.217.194.0-255,7156,37250,7,218237
21259,0.000603,172.31.36.0-255,66,37316,7,218237
21260,0.000644,172.217.194.0-255,6797,44113,7,218237
21261,0.000648,172.31.36.0-255,66,44179,7,218237
21262,0.000665,172.31.36.0-255,66,44245,7,218237
21263,0.000668,172.217.194.0-255,341,44586,7,218237
21264,0.00067,172.31.36.0-255,66,44652,7,218237
21265,0.000961,172.217.194.0-255,113,44765,7,218237
21266,0.000966,172.31.36.0-255,66,44831,7,218237
21267,0.000995,172.217.194.0-255,1484,46315,7,218237
21268,0.001,172.217.194.0-255,2902,49217,7,218237
21269,0.001003,172.31.36.0-255,66,49283,7,218237
21270,0.001006,172.217.194.0-255,1484,50767,7,218237
21271,0.00104,172.31.36.0-255,66,50833,7,218237
21272,0.001067,172.217.194.0-255,2543,53376,7,218237
21273,0.00107,172.31.36.0-255,66,53442,7,218237
21274,0.001254,172.217.194.0-255,1484,54926,7,218237
21275,0.001261,172.217.194.0-255,2902,57828,7,218237
21276,0.001265,172.31.36.0-255,66,57894,7,218237
21277,0.001272,172.217.194.0-255,5738,63632,7,218237
21278,0.001273,172.31.36.0-255,66,63698,7,218237
21279,0.001328,172.217.194.0-255,6797,70495,7,218237
21280,0.001331,172.31.36.0-255,66,70561,7,218237
21281,0.001911,172.217.194.0-255,1484,72045,7,218237
21282,0.001931,172.217.194.0-255,1484,73529,7,218237
21283,0.001936,172.31.36.0-255,66,73595,7,218237
21284,0.001942,172.217.194.0-255,2902,76497,7,218237
21285,0.001945,172.31.36.0-255,66,76563,7,218237
21286,0.001976,172.217.194.0-255,5738,82301,7,218237
21287,0.001979,172.31.36.0-255,66,82367,7,218237
21288,0.001986,172.217.194.0-255,5738,88105,7,218237
21289,0.001988,172.31.36.0-255,66,88171,7,218237
21290,0.00202,172.217.194.0-255,7156,95327,7,218237
21291,0.002022,172.31.36.0-255,66,95393,7,218237
21292,0.002026,172.217.194.0-255,1484,96877,7,218237
21293,0.002059,172.31.36.0-255,66,96943,7,218237
21294,0.002276,172.217.194.0-255,1484,98427,7,218237
21295,0.002284,172.217.194.0-255,2902,101329,7,218237
21296,0.002289,172.31.36.0-255,66,101395,7,218237
21297,0.002295,172.217.194.0-255,4320,105715,7,218237
21298,0.002297,172.31.36.0-255,66,105781,7,218237
21299,0.002329,172.217.194.0-255,1484,107265,7,218237
21300,0.002344,172.31.36.0-255,66,107331,7,218237
21301,0.002356,172.31.36.0-255,66,107397,7,218237
21302,0.0024,172.31.36.0-255,66,107463,7,218237
21303,0.002452,172.31.36.0-255,66,107529,7,218237
21304,0.002455,172.217.194.0-255,1484,109013,7,218237
21305,0.002475,172.31.36.0-255,66,109079,7,218237
21306,0.002488,172.31.36.0-255,66,109145,7,218237
21307,0.002491,172.217.194.0-255,1484,110629,7,218237
21308,0.002551,172.31.36.0-255,66,110695,7,218237
21309,0.002571,172.31.36.0-255,66,110761,7,218237
21310,0.002603,172.31.36.0-255,66,110827,7,218237
21311,0.005108,172.217.194.0-255,4320,115147,7,218237
21312,0.005114,172.31.36.0-255,66,115213,7,218237
21313,0.00514,172.217.194.0-255,1484,116697,7,218237
21314,0.007616,172.217.194.0-255,4320,121017,7,218237
21315,0.007624,172.31.36.0-255,66,121083,7,218237
21316,0.010112,172.217.194.0-255,5738,126821,7,218237
21317,0.010118,172.31.36.0-255,66,126887,7,218237
21318,0.012596,172.217.194.0-255,5738,132625,7,218237
21319,0.012605,172.31.36.0-255,66,132691,7,218237
21320,0.015119,172.217.194.0-255,5738,138429,7,218237
21321,0.015128,172.31.36.0-255,66,138495,7,218237
21322,0.017663,172.217.194.0-255,5738,144233,7,218237
21323,0.017674,172.31.36.0-255,66,144299,7,218237
21324,0.020155,172.217.194.0-255,5738,150037,7,218237
21325,0.020164,172.31.36.0-255,66,150103,7,218237
21326,0.022668,172.217.194.0-255,5738,155841,7,218237
21327,0.022678,172.31.36.0-255,66,155907,7,218237
21328,0.025195,172.217.194.0-255,5738,161645,7,218237
21329,0.025202,172.31.36.0-255,66,161711,7,218237
21330,0.027725,172.217.194.0-255,5738,167449,7,218237
21331,0.027734,172.31.36.0-255,66,167515,7,218237
21332,0.030221,172.217.194.0-255,5738,173253,7,218237
21333,0.03023,172.31.36.0-255,66,173319,7,218237
21334,0.030476,172.31.36.0-255,172,173491,7,218237
21335,0.030508,172.31.36.0-255,1114,174605,7,218237
21336,0.030565,172.31.36.0-255,1514,176119,7,218237
21337,0.030567,172.31.36.0-255,1292,177411,7,218237
21338,0.032035,104.244.42.0-255,66,177477,7,218237
21339,0.032088,104.244.42.0-255,66,177543,7,218237
21340,0.032149,104.244.42.0-255,66,177609,7,218237
21341,0.032724,172.217.194.0-255,5738,183347,7,218237
21342,0.032729,172.31.36.0-255,66,183413,7,218237
21343,0.035205,172.217.194.0-255,5738,189151,7,218237
21344,0.035212,172.31.36.0-255,66,189217,7,218237
21345,0.037716,172.217.194.0-255,5738,194955,7,218237
21346,0.037723,172.31.36.0-255,66,195021,7,218237
21347,0.040252,172.217.194.0-255,5738,200759,7,218237
21348,0.040259,172.31.36.0-255,66,200825,7,218237
21349,0.042773,172.217.194.0-255,5738,206563,7,218237
21350,0.042793,172.31.36.0-255,66,206629,7,218237
21351,0.045306,172.217.194.0-255,5738,212367,7,218237
21352,0.045313,172.31.36.0-255,66,212433,7,218237
21353,0.047821,172.217.194.0-255,5738,218171,7,218237
21354,0.047827,172.31.36.0-255,66,218237,7,218237
21355,0.0,172.31.36.0-255,105,105,7,105
21356,0.0,74.125.68.0-255,158,158,7,318053
21357,2.2e-05,172.31.36.0-255,66,224,7,318053
21358,3e-05,74.125.68.0-255,1484,1708,7,318053
21359,3.6e-05,172.31.36.0-255,66,1774,7,318053
21360,4.3e-05,74.125.68.0-255,2902,4676,7,318053
21361,4.7e-05,172.31.36.0-255,66,4742,7,318053
21362,5.3e-05,74.125.68.0-255,4320,9062,7,318053
21363,5.6e-05,172.31.36.0-255,66,9128,7,318053
21364,8.2e-05,74.125.68.0-255,7156,16284,7,318053
21365,8.5e-05,172.31.36.0-255,66,16350,7,318053
21366,0.000103,74.125.68.0-255,2018,18368,7,318053
21367,0.000106,172.31.36.0-255,66,18434,7,318053
21368,0.000112,74.125.68.0-255,4320,22754,7,318053
21369,0.000115,172.31.36.0-255,66,22820,7,318053
21370,0.000137,74.125.68.0-255,5738,28558,7,318053
21371,0.00014,172.31.36.0-255,66,28624,7,318053
21372,0.000157,74.125.68.0-255,2543,31167,7,318053
21373,0.000159,172.31.36.0-255,66,31233,7,318053
21374,0.000243,74.125.68.0-255,1484,32717,7,318053
21375,0.000247,172.31.36.0-255,66,32783,7,318053
21376,0.000252,74.125.68.0-255,2902,35685,7,318053
21377,0.000255,172.31.36.0-255,66,35751,7,318053
21378,0.000314,74.125.68.0-255,5738,41489,7,318053
21379,0.000318,172.31.36.0-255,66,41555,7,318053
21380,0.000325,74.125.68.0-255,6797,48352,7,318053
21381,0.000328,172.31.36.0-255,66,48418,7,318053
21382,0.000406,74.125.68.0-255,1484,49902,7,318053
21383,0.000409,172.31.36.0-255,66,49968,7,318053
21384,0.000413,74.125.68.0-255,1484,51452,7,318053
21385,0.000415,172.31.36.0-255,66,51518,7,318053
21386,0.000428,74.125.68.0-255,1484,53002,7,318053
21387,0.00043,172.31.36.0-255,66,53068,7,318053
21388,0.000435,74.125.68.0-255,2902,55970,7,318053
21389,0.000438,172.31.36.0-255,66,56036,7,318053
21390,0.000464,74.125.68.0-255,1484,57520,7,318053
21391,0.000473,74.125.68.0-255,5738,63258,7,318053
21392,0.000475,172.31.36.0-255,66,63324,7,318053
21393,0.000489,74.125.68.0-255,2543,65867,7,318053
21394,0.000491,172.31.36.0-255,66,65933,7,318053
21395,0.000588,74.125.68.0-255,1484,67417,7,318053
21396,0.000608,74.125.68.0-255,2902,70319,7,318053
21397,0.000612,172.31.36.0-255,66,70385,7,318053
21398,0.000631,74.125.68.0-255,1484,71869,7,318053
21399,0.000647,74.125.68.0-255,2902,74771,7,318053
21400,0.00065,172.31.36.0-255,66,74837,7,318053
21401,0.000657,74.125.68.0-255,5738,80575,7,318053
21402,0.000659,172.31.36.0-255,66,80641,7,318053
21403,0.000686,74.125.68.0-255,3124,83765,7,318053
21404,0.000689,172.31.36.0-255,66,83831,7,318053
21405,0.000846,74.125.68.0-255,1484,85315,7,318053
21406,0.000862,74.125.68.0-255,2902,88217,7,318053
21407,0.000865,172.31.36.0-255,66,88283,7,318053
21408,0.000891,74.125.68.0-255,5738,94021,7,318053
21409,0.000894,172.31.36.0-255,66,94087,7,318053
21410,0.000905,74.125.68.0-255,1484,95571,7,318053
21411,0.000921,74.125.68.0-255,5738,101309,7,318053
21412,0.000923,172.31.36.0-255,66,101375,7,318053
21413,0.000944,74.125.68.0-255,5738,107113,7,318053
21414,0.000946,172.31.36.0-255,66,107179,7,318053
21415,0.000962,74.125.68.0-255,1484,108663,7,318053
21416,0.000968,74.125.68.0-255,5738,114401,7,318053
21417,0.000971,172.31.36.0-255,66,114467,7,318053
21418,0.000993,74.125.68.0-255,2902,117369,7,318053
21419,0.000996,172.31.36.0-255,66,117435,7,318053
21420,0.000999,74.125.68.0-255,102,117537,7,318053
21421,0.001189,74.125.68.0-255,1484,119021,7,318053
21422,0.001193,172.31.36.0-255,66,119087,7,318053
21423,0.001199,74.125.68.0-255,2902,121989,7,318053
21424,0.001201,172.31.36.0-255,66,122055,7,318053
21425,0.00123,74.125.68.0-255,5738,127793,7,318053
21426,0.001232,172.31.36.0-255,66,127859,7,318053
21427,0.001237,74.125.68.0-255,2902,130761,7,318053
21428,0.001239,172.31.36.0-255,66,130827,7,318053
21429,0.001261,74.125.68.0-255,5738,136565,7,318053
21430,0.001263,172.31.36.0-255,66,136631,7,318053
21431,0.001284,74.125.68.0-255,1484,138115,7,318053
21432,0.001307,74.125.68.0-255,5738,143853,7,318053
21433,0.001312,172.31.36.0-255,66,143919,7,318053
21434,0.001327,74.125.68.0-255,2902,146821,7,318053
21435,0.00133,172.31.36.0-255,66,146887,7,318053
21436,0.001345,74.125.68.0-255,2902,149789,7,318053
21437,0.001348,172.31.36.0-255,66,149855,7,318053
21438,0.001362,74.125.68.0-255,2184,152039,7,318053
21439,0.001366,172.31.36.0-255,66,152105,7,318053
21440,0.001808,74.125.68.0-255,1484,153589,7,318053
21441,0.001815,74.125.68.0-255,2902,156491,7,318053
21442,0.001818,172.31.36.0-255,66,156557,7,318053
21443,0.001852,74.125.68.0-255,4320,160877,7,318053
21444,0.001856,172.31.36.0-255,66,160943,7,318053
21445,0.001863,74.125.68.0-255,4320,165263,7,318053
21446,0.001865,172.31.36.0-255,66,165329,7,318053
21447,0.001885,74.125.68.0-255,1484,166813,7,318053
21448,0.001906,74.125.68.0-255,4320,171133,7,318053
21449,0.001911,172.31.36.0-255,66,171199,7,318053
21450,0.001923,74.125.68.0-255,5738,176937,7,318053
21451,0.001925,172.31.36.0-255,66,177003,7,318053
21452,0.001961,172.31.36.0-255,66,177069,7,318053
21453,0.001974,74.125.68.0-255,766,177835,7,318053
21454,0.002449,172.31.36.0-255,66,177901,7,318053
21455,0.004008,74.125.68.0-255,4320,182221,7,318053
21456,0.004016,172.31.36.0-255,66,182287,7,318053
21457,0.004477,74.125.68.0-255,1484,183771,7,318053
21458,0.006061,74.125.68.0-255,4320,188091,7,318053
21459,0.006063,172.31.36.0-255,66,188157,7,318053
21460,0.008111,74.125.68.0-255,5738,193895,7,318053
21461,0.008118,172.31.36.0-255,66,193961,7,318053
21462,0.010158,74.125.68.0-255,5738,199699,7,318053
21463,0.010166,172.31.36.0-255,66,199765,7,318053
21464,0.012202,74.125.68.0-255,5738,205503,7,318053
21465,0.012209,172.31.36.0-255,66,205569,7,318053
21466,0.014305,74.125.68.0-255,5738,211307,7,318053
21467,0.014312,172.31.36.0-255,66,211373,7,318053
21468,0.016355,74.125.68.0-255,5738,217111,7,318053
21469,0.016366,172.31.36.0-255,66,217177,7,318053
21470,0.018436,74.125.68.0-255,5738,222915,7,318053
21471,0.018444,172.31.36.0-255,66,222981,7,318053
21472,0.02048,74.125.68.0-255,5738,228719,7,318053
21473,0.020489,172.31.36.0-255,66,228785,7,318053
21474,0.022531,74.125.68.0-255,5738,234523,7,318053
21475,0.022538,172.31.36.0-255,66,234589,7,318053
21476,0.024595,74.125.68.0-255,5738,240327,7,318053
21477,0.024602,172.31.36.0-255,66,240393,7,318053
21478,0.02666,74.125.68.0-255,5738,246131,7,318053
21479,0.02667,172.31.36.0-255,66,246197,7,318053
21480,0.028735,74.125.68.0-255,5738,251935,7,318053
21481,0.028752,172.31.36.0-255,66,252001,7,318053
21482,0.030901,74.125.68.0-255,5738,257739,7,318053
21483,0.030917,172.31.36.0-255,66,257805,7,318053
21484,0.033004,74.125.68.0-255,5738,263543,7,318053
21485,0.033013,172.31.36.0-255,66,263609,7,318053
21486,0.035055,74.125.68.0-255,5738,269347,7,318053
21487,0.035064,172.31.36.0-255,66,269413,7,318053
21488,0.03711,74.125.68.0-255,5738,275151,7,318053
21489,0.037119,172.31.36.0-255,66,275217,7,318053
21490,0.039163,74.125.68.0-255,5738,280955,7,318053
21491,0.039169,172.31.36.0-255,66,281021,7,318053
21492,0.039521,172.31.36.0-255,172,281193,7,318053
21493,0.039546,172.31.36.0-255,1115,282308,7,318053
21494,0.039606,172.31.36.0-255,1514,283822,7,318053
21495,0.039608,172.31.36.0-255,1514,285336,7,318053
21496,0.039609,172.31.36.0-255,1514,286850,7,318053
21497,0.03961,172.31.36.0-255,1514,288364,7,318053
21498,0.039645,172.31.36.0-255,1514,289878,7,318053
21499,0.039646,172.31.36.0-255,69,289947,7,318053
21500,0.041082,104.244.42.0-255,66,290013,7,318053
21501,0.041107,104.244.42.0-255,66,290079,7,318053
21502,0.041178,104.244.42.0-255,66,290145,7,318053
21503,0.041183,104.244.42.0-255,66,290211,7,318053
21504,0.041199,74.125.68.0-255,4320,294531,7,318053
21505,0.041204,172.31.36.0-255,66,294597,7,318053
21506,0.041224,74.125.68.0-255,1484,296081,7,318053
21507,0.041949,104.244.42.0-255,108,296189,7,318053
21508,0.041956,172.31.36.0-255,66,296255,7,318053
21509,0.043255,74.125.68.0-255,4320,300575,7,318053
21510,0.043262,172.31.36.0-255,66,300641,7,318053
21511,0.045321,74.125.68.0-255,5738,306379,7,318053
21512,0.045327,172.31.36.0-255,66,306445,7,318053
21513,0.047371,74.125.68.0-255,5738,312183,7,318053
21514,0.047378,172.31.36.0-255,66,312249,7,318053
21515,0.049434,74.125.68.0-255,5738,317987,7,318053
21516,0.049439,172.31.36.0-255,66,318053,7,318053
21517,0.0,74.125.24.0-255,145,145,7,284556
21518,2.3e-05,172.31.36.0-255,66,211,7,284556
21519,3.1e-05,74.125.24.0-255,1484,1695,7,284556
21520,3.6e-05,172.31.36.0-255,66,1761,7,284556
21521,3.9e-05,74.125.24.0-255,1484,3245,7,284556
21522,4.2e-05,172.31.36.0-255,66,3311,7,284556
21523,5.8e-05,74.125.24.0-255,4320,7631,7,284556
21524,6e-05,172.31.36.0-255,66,7697,7,284556
21525,8.9e-05,172.31.36.0-255,66,7763,7,284556
21526,0.000121,74.125.24.0-255,1971,9734,7,284556
21527,0.000124,172.31.36.0-255,66,9800,7,284556
21528,0.000138,172.31.36.0-255,66,9866,7,284556
21529,0.000141,74.125.24.0-255,1125,10991,7,284556
21530,0.000143,172.31.36.0-255,66,11057,7,284556
21531,0.000187,74.125.24.0-255,1484,12541,7,284556
21532,0.00019,172.31.36.0-255,66,12607,7,284556
21533,0.000194,74.125.24.0-255,2902,15509,7,284556
21534,0.000196,172.31.36.0-255,66,15575,7,284556
21535,0.000232,74.125.24.0-255,5738,21313,7,284556
21536,0.000235,172.31.36.0-255,66,21379,7,284556
21537,0.000267,74.125.24.0-255,4320,25699,7,284556
21538,0.000269,172.31.36.0-255,66,25765,7,284556
21539,0.000293,74.125.24.0-255,2543,28308,7,284556
21540,0.000298,172.31.36.0-255,66,28374,7,284556
21541,0.000323,74.125.24.0-255,1484,29858,7,284556
21542,0.000325,172.31.36.0-255,66,29924,7,284556
21543,0.000351,74.125.24.0-255,2902,32826,7,284556
21544,0.000353,172.31.36.0-255,66,32892,7,284556
21545,0.000358,74.125.24.0-255,2902,35794,7,284556
21546,0.00036,172.31.36.0-255,66,35860,7,284556
21547,0.000381,74.125.24.0-255,2902,38762,7,284556
21548,0.000392,74.125.24.0-255,2902,41664,7,284556
21549,0.000422,74.125.24.0-255,4289,45953,7,284556
21550,0.000449,74.125.24.0-255,349,46302,7,284556
21551,0.000591,172.31.36.0-255,66,46368,7,284556
21552,0.000617,74.125.24.0-255,1484,47852,7,284556
21553,0.000624,74.125.24.0-255,2902,50754,7,284556
21554,0.000645,74.125.24.0-255,5738,56492,7,284556
21555,0.00067,74.125.24.0-255,2902,59394,7,284556
21556,0.000675,172.31.36.0-255,66,59460,7,284556
21557,0.000701,74.125.24.0-255,3961,63421,7,284556
21558,0.000713,74.125.24.0-255,1484,64905,7,284556
21559,0.000726,74.125.24.0-255,2902,67807,7,284556
21560,0.00074,172.31.36.0-255,66,67873,7,284556
21561,0.000759,74.125.24.0-255,5738,73611,7,284556
21562,0.000763,74.125.24.0-255,1484,75095,7,284556
21563,0.000779,74.125.24.0-255,5379,80474,7,284556
21564,0.000798,172.31.36.0-255,66,80540,7,284556
21565,0.001421,74.125.24.0-255,1484,82024,7,284556
21566,0.001437,74.125.24.0-255,2902,84926,7,284556
21567,0.00144,172.31.36.0-255,66,84992,7,284556
21568,0.001444,74.125.24.0-255,1484,86476,7,284556
21569,0.001478,74.125.24.0-255,4320,90796,7,284556
21570,0.001483,74.125.24.0-255,4320,95116,7,284556
21571,0.001491,172.31.36.0-255,66,95182,7,284556
21572,0.001507,74.125.24.0-255,7156,102338,7,284556
21573,0.001509,74.125.24.0-255,1484,103822,7,284556
21574,0.001552,172.31.36.0-255,66,103888,7,284556
21575,0.001599,74.125.24.0-255,1484,105372,7,284556
21576,0.001614,74.125.24.0-255,1484,106856,7,284556
21577,0.001617,172.31.36.0-255,66,106922,7,284556
21578,0.001645,74.125.24.0-255,1484,108406,7,284556
21579,0.001649,74.125.24.0-255,2902,111308,7,284556
21580,0.001651,74.125.24.0-255,1484,112792,7,284556
21581,0.001655,172.31.36.0-255,66,112858,7,284556
21582,0.001687,74.125.24.0-255,5738,118596,7,284556
21583,0.001691,74.125.24.0-255,1484,120080,7,284556
21584,0.001695,172.31.36.0-255,66,120146,7,284556
21585,0.001706,74.125.24.0-255,5738,125884,7,284556
21586,0.001724,74.125.24.0-255,7156,133040,7,284556
21587,0.001727,172.31.36.0-255,66,133106,7,284556
21588,0.001752,74.125.24.0-255,2902,136008,7,284556
21589,0.00177,74.125.24.0-255,2184,138192,7,284556
21590,0.001775,172.31.36.0-255,66,138258,7,284556
21591,0.001811,74.125.24.0-255,1484,139742,7,284556
21592,0.001827,74.125.24.0-255,2902,142644,7,284556
21593,0.001839,172.31.36.0-255,66,142710,7,284556
21594,0.001852,74.125.24.0-255,5738,148448,7,284556
21595,0.001854,74.125.24.0-255,1484,149932,7,284556
21596,0.001859,172.31.36.0-255,66,149998,7,284556
21597,0.001874,74.125.24.0-255,5738,155736,7,284556
21598,0.001952,172.31.36.0-255,66,155802,7,284556
21599,0.001957,74.125.24.0-255,2184,157986,7,284556
21600,0.001962,172.31.36.0-255,66,158052,7,284556
21601,0.002032,74.125.24.0-255,1484,159536,7,284556
21602,0.002036,74.125.24.0-255,1484,161020,7,284556
21603,0.002041,172.31.36.0-255,66,161086,7,284556
21604,0.002053,74.125.24.0-255,1484,162570,7,284556
21605,0.002063,74.125.24.0-255,5738,168308,7,284556
21606,0.002085,74.125.24.0-255,2902,171210,7,284556
21607,0.002106,172.31.36.0-255,66,171276,7,284556
21608,0.002111,172.31.36.0-255,66,171342,7,284556
21609,0.002125,74.125.24.0-255,4320,175662,7,284556
21610,0.002171,172.31.36.0-255,66,175728,7,284556
21611,0.004503,74.125.24.0-255,5738,181466,7,284556
21612,0.004511,172.31.36.0-255,66,181532,7,284556
21613,0.006824,74.125.24.0-255,4320,185852,7,284556
21614,0.006842,74.125.24.0-255,1484,187336,7,284556
21615,0.007427,172.31.36.0-255,66,187402,7,284556
21616,0.009821,74.125.24.0-255,5738,193140,7,284556
21617,0.009829,172.31.36.0-255,66,193206,7,284556
21618,0.012144,74.125.24.0-255,5738,198944,7,284556
21619,0.014735,172.31.36.0-255,66,199010,7,284556
21620,0.017056,74.125.24.0-255,5738,204748,7,284556
21621,0.017074,172.31.36.0-255,66,204814,7,284556
21622,0.019374,74.125.24.0-255,5738,210552,7,284556
21623,0.019383,172.31.36.0-255,66,210618,7,284556
21624,0.021731,74.125.24.0-255,5738,216356,7,284556
21625,0.022461,172.31.36.0-255,66,216422,7,284556
21626,0.024785,74.125.24.0-255,5738,222160,7,284556
21627,0.024794,172.31.36.0-255,66,222226,7,284556
21628,0.02712,74.125.24.0-255,5738,227964,7,284556
21629,0.027138,172.31.36.0-255,66,228030,7,284556
21630,0.029454,74.125.24.0-255,5738,233768,7,284556
21631,0.02946,172.31.36.0-255,66,233834,7,284556
21632,0.031767,74.125.24.0-255,5738,239572,7,284556
21633,0.031774,172.31.36.0-255,66,239638,7,284556
21634,0.034097,74.125.24.0-255,5738,245376,7,284556
21635,0.034106,172.31.36.0-255,66,245442,7,284556
21636,0.036419,74.125.24.0-255,5738,251180,7,284556
21637,0.036425,172.31.36.0-255,66,251246,7,284556
21638,0.037545,172.31.36.0-255,172,251418,7,284556
21639,0.037577,172.31.36.0-255,1114,252532,7,284556
21640,0.037638,172.31.36.0-255,1514,254046,7,284556
21641,0.03764,172.31.36.0-255,1292,255338,7,284556
21642,0.038724,74.125.24.0-255,5738,261076,7,284556
21643,0.038731,172.31.36.0-255,66,261142,7,284556
21644,0.03912,104.244.42.0-255,66,261208,7,284556
21645,0.039128,104.244.42.0-255,66,261274,7,284556
21646,0.039218,104.244.42.0-255,66,261340,7,284556
21647,0.041029,74.125.24.0-255,5738,267078,7,284556
21648,0.041037,172.31.36.0-255,66,267144,7,284556
21649,0.043347,74.125.24.0-255,5738,272882,7,284556
21650,0.043354,172.31.36.0-255,66,272948,7,284556
21651,0.045674,74.125.24.0-255,5738,278686,7,284556
21652,0.04568,172.31.36.0-255,66,278752,7,284556
21653,0.048012,74.125.24.0-255,5738,284490,7,284556
21654,0.048019,172.31.36.0-255,66,284556,7,284556
21655,0.0,74.125.68.0-255,146,146,7,336327
21656,3.4e-05,172.31.36.0-255,66,212,7,336327
21657,4e-05,74.125.68.0-255,1484,1696,7,336327
21658,4.5e-05,172.31.36.0-255,66,1762,7,336327
21659,4.9e-05,74.125.68.0-255,2902,4664,7,336327
21660,5.2e-05,172.31.36.0-255,66,4730,7,336327
21661,6e-05,74.125.68.0-255,7156,11886,7,336327
21662,6.3e-05,172.31.36.0-255,66,11952,7,336327
21663,6.7e-05,74.125.68.0-255,2064,14016,7,336327
21664,7e-05,172.31.36.0-255,66,14082,7,336327
21665,7.4e-05,74.125.68.0-255,2902,16984,7,336327
21666,7.8e-05,172.31.36.0-255,66,17050,7,336327
21667,8.4e-05,74.125.68.0-255,7156,24206,7,336327
21668,8.7e-05,172.31.36.0-255,66,24272,7,336327
21669,0.000115,74.125.68.0-255,2902,27174,7,336327
21670,0.000118,172.31.36.0-255,66,27240,7,336327
21671,0.000124,74.125.68.0-255,3961,31201,7,336327
21672,0.000127,172.31.36.0-255,66,31267,7,336327
21673,0.000251,74.125.68.0-255,1484,32751,7,336327
21674,0.000256,172.31.36.0-255,66,32817,7,336327
21675,0.000279,74.125.68.0-255,2902,35719,7,336327
21676,0.000283,172.31.36.0-255,66,35785,7,336327
21677,0.000289,74.125.68.0-255,5738,41523,7,336327
21678,0.000292,172.31.36.0-255,66,41589,7,336327
21679,0.000296,74.125.68.0-255,2902,44491,7,336327
21680,0.000298,172.31.36.0-255,66,44557,7,336327
21681,0.000325,74.125.68.0-255,4320,48877,7,336327
21682,0.000328,172.31.36.0-255,66,48943,7,336327
21683,0.000355,74.125.68.0-255,2902,51845,7,336327
21684,0.000358,172.31.36.0-255,66,51911,7,336327
21685,0.000398,74.125.68.0-255,2902,54813,7,336327
21686,0.000403,172.31.36.0-255,66,54879,7,336327
21687,0.000406,74.125.68.0-255,1484,56363,7,336327
21688,0.000425,74.125.68.0-255,2902,59265,7,336327
21689,0.000428,172.31.36.0-255,66,59331,7,336327
21690,0.000454,74.125.68.0-255,5738,65069,7,336327
21691,0.000458,172.31.36.0-255,66,65135,7,336327
21692,0.00047,74.125.68.0-255,766,65901,7,336327
21693,0.000509,74.125.68.0-255,361,66262,7,336327
21694,0.000549,74.125.68.0-255,132,66394,7,336327
21695,0.000726,74.125.68.0-255,1484,67878,7,336327
21696,0.000731,172.31.36.0-255,66,67944,7,336327
21697,0.000767,74.125.68.0-255,1484,69428,7,336327
21698,0.000772,74.125.68.0-255,2902,72330,7,336327
21699,0.000775,172.31.36.0-255,66,72396,7,336327
21700,0.000805,74.125.68.0-255,4320,76716,7,336327
21701,0.000809,172.31.36.0-255,66,76782,7,336327
21702,0.000833,74.125.68.0-255,5738,82520,7,336327
21703,0.000837,172.31.36.0-255,66,82586,7,336327
21704,0.000859,74.125.68.0-255,7156,89742,7,336327
21705,0.000862,172.31.36.0-255,66,89808,7,336327
21706,0.000896,74.125.68.0-255,4320,94128,7,336327
21707,0.000899,172.31.36.0-255,66,94194,7,336327
21708,0.000904,74.125.68.0-255,4320,98514,7,336327
21709,0.000906,172.31.36.0-255,66,98580,7,336327
21710,0.000909,74.125.68.0-255,1484,100064,7,336327
21711,0.000931,74.125.68.0-255,766,100830,7,336327
21712,0.000934,172.31.36.0-255,66,100896,7,336327
21713,0.000981,74.125.68.0-255,1484,102380,7,336327
21714,0.000998,74.125.68.0-255,2902,105282,7,336327
21715,0.001002,172.31.36.0-255,66,105348,7,336327
21716,0.001047,74.125.68.0-255,5738,111086,7,336327
21717,0.001053,74.125.68.0-255,7156,118242,7,336327
21718,0.001053,172.31.36.0-255,66,118308,7,336327
21719,0.001058,172.31.36.0-255,66,118374,7,336327
21720,0.00108,172.31.36.0-255,66,118440,7,336327
21721,0.001103,74.125.68.0-255,2902,121342,7,336327
21722,0.001106,172.31.36.0-255,66,121408,7,336327
21723,0.001121,74.125.68.0-255,2902,124310,7,336327
21724,0.001124,172.31.36.0-255,66,124376,7,336327
21725,0.001161,172.31.36.0-255,66,124442,7,336327
21726,0.001194,172.31.36.0-255,66,124508,7,336327
21727,0.001199,74.125.68.0-255,2902,127410,7,336327
21728,0.001201,172.31.36.0-255,66,127476,7,336327
21729,0.001222,74.125.68.0-255,7156,134632,7,336327
21730,0.001226,172.31.36.0-255,66,134698,7,336327
21731,0.00123,74.125.68.0-255,2184,136882,7,336327
21732,0.001233,172.31.36.0-255,66,136948,7,336327
21733,0.001523,74.125.68.0-255,1484,138432,7,336327
21734,0.00153,74.125.68.0-255,2902,141334,7,336327
21735,0.001533,172.31.36.0-255,66,141400,7,336327
21736,0.001555,74.125.68.0-255,5738,147138,7,336327
21737,0.001558,172.31.36.0-255,66,147204,7,336327
21738,0.001575,74.125.68.0-255,2902,150106,7,336327
21739,0.001578,172.31.36.0-255,66,150172,7,336327
21740,0.001605,74.125.68.0-255,5738,155910,7,336327
21741,0.001608,172.31.36.0-255,66,155976,7,336327
21742,0.00162,172.31.36.0-255,66,156042,7,336327
21743,0.001625,74.125.68.0-255,5020,161062,7,336327
21744,0.001628,172.31.36.0-255,66,161128,7,336327
21745,0.001904,74.125.68.0-255,1484,162612,7,336327
21746,0.00191,74.125.68.0-255,2902,165514,7,336327
21747,0.001913,172.31.36.0-255,66,165580,7,336327
21748,0.001938,74.125.68.0-255,4320,169900,7,336327
21749,0.00194,172.31.36.0-255,66,169966,7,336327
21750,0.001943,74.125.68.0-255,1484,171450,7,336327
21751,0.001963,74.125.68.0-255,4320,175770,7,336327
21752,0.001966,172.31.36.0-255,66,175836,7,336327
21753,0.001971,74.125.68.0-255,2902,178738,7,336327
21754,0.001974,172.31.36.0-255,66,178804,7,336327
21755,0.002005,74.125.68.0-255,4320,183124,7,336327
21756,0.002005,172.31.36.0-255,66,183190,7,336327
21757,0.002008,172.31.36.0-255,66,183256,7,336327
21758,0.002056,74.125.68.0-255,7156,190412,7,336327
21759,0.00206,172.31.36.0-255,66,190478,7,336327
21760,0.00209,172.31.36.0-255,66,190544,7,336327
21761,0.002101,74.125.68.0-255,5738,196282,7,336327
21762,0.002104,172.31.36.0-255,66,196348,7,336327
21763,0.004143,74.125.68.0-255,5738,202086,7,336327
21764,0.004151,172.31.36.0-255,66,202152,7,336327
21765,0.006206,74.125.68.0-255,5738,207890,7,336327
21766,0.006218,172.31.36.0-255,66,207956,7,336327
21767,0.008242,74.125.68.0-255,4320,212276,7,336327
21768,0.008249,172.31.36.0-255,66,212342,7,336327
21769,0.008268,74.125.68.0-255,1484,213826,7,336327
21770,0.010276,74.125.68.0-255,4320,218146,7,336327
21771,0.010282,172.31.36.0-255,66,218212,7,336327
21772,0.012305,74.125.68.0-255,5738,223950,7,336327
21773,0.012311,172.31.36.0-255,66,224016,7,336327
21774,0.014336,74.125.68.0-255,5738,229754,7,336327
21775,0.014345,172.31.36.0-255,66,229820,7,336327
21776,0.016459,74.125.68.0-255,5738,235558,7,336327
21777,0.016469,172.31.36.0-255,66,235624,7,336327
21778,0.018493,74.125.68.0-255,5738,241362,7,336327
21779,0.018502,172.31.36.0-255,66,241428,7,336327
21780,0.020539,74.125.68.0-255,5738,247166,7,336327
21781,0.020545,172.31.36.0-255,66,247232,7,336327
21782,0.022578,74.125.68.0-255,5738,252970,7,336327
21783,0.022586,172.31.36.0-255,66,253036,7,336327
21784,0.024622,74.125.68.0-255,4320,257356,7,336327
21785,0.02463,172.31.36.0-255,66,257422,7,336327
21786,0.024651,74.125.68.0-255,1484,258906,7,336327
21787,0.026651,74.125.68.0-255,4320,263226,7,336327
21788,0.026658,172.31.36.0-255,66,263292,7,336327
21789,0.028701,74.125.68.0-255,5738,269030,7,336327
21790,0.028709,172.31.36.0-255,66,269096,7,336327
21791,0.030746,74.125.68.0-255,5738,274834,7,336327
21792,0.030754,172.31.36.0-255,66,274900,7,336327
21793,0.032801,74.125.68.0-255,5738,280638,7,336327
21794,0.032808,172.31.36.0-255,66,280704,7,336327
21795,0.033983,172.31.36.0-255,172,280876,7,336327
21796,0.034013,172.31.36.0-255,1115,281991,7,336327
21797,0.034095,172.31.36.0-255,1514,283505,7,336327
21798,0.034097,172.31.36.0-255,1514,285019,7,336327
21799,0.034103,172.31.36.0-255,1514,286533,7,336327
21800,0.034104,172.31.36.0-255,1514,288047,7,336327
21801,0.03413,172.31.36.0-255,1514,289561,7,336327
21802,0.034131,172.31.36.0-255,70,289631,7,336327
21803,0.034837,74.125.68.0-255,5738,295369,7,336327
21804,0.034843,172.31.36.0-255,66,295435,7,336327
21805,0.035534,104.244.42.0-255,66,295501,7,336327
21806,0.035541,104.244.42.0-255,66,295567,7,336327
21807,0.035663,104.244.42.0-255,66,295633,7,336327
21808,0.035667,104.244.42.0-255,66,295699,7,336327
21809,0.036866,74.125.68.0-255,5738,301437,7,336327
21810,0.036871,172.31.36.0-255,66,301503,7,336327
21811,0.038907,74.125.68.0-255,5738,307241,7,336327
21812,0.038914,172.31.36.0-255,66,307307,7,336327
21813,0.04096,74.125.68.0-255,5738,313045,7,336327
21814,0.040969,172.31.36.0-255,66,313111,7,336327
21815,0.043001,74.125.68.0-255,5738,318849,7,336327
21816,0.043008,172.31.36.0-255,66,318915,7,336327
21817,0.045059,74.125.68.0-255,5738,324653,7,336327
21818,0.045069,172.31.36.0-255,66,324719,7,336327
21819,0.047109,74.125.68.0-255,5738,330457,7,336327
21820,0.047116,172.31.36.0-255,66,330523,7,336327
21821,0.049157,74.125.68.0-255,5738,336261,7,336327
21822,0.049164,172.31.36.0-255,66,336327,7,336327
21823,0.0,74.125.68.0-255,153,153,7,238473
21824,1.7e-05,172.31.36.0-255,66,219,7,238473
21825,2.3e-05,74.125.68.0-255,1484,1703,7,238473
21826,2.7e-05,172.31.36.0-255,66,1769,7,238473
21827,3.3e-05,74.125.68.0-255,2902,4671,7,238473
21828,3.6e-05,172.31.36.0-255,66,4737,7,238473
21829,8.7e-05,74.125.68.0-255,7156,11893,7,238473
21830,9.1e-05,172.31.36.0-255,66,11959,7,238473
21831,0.000229,74.125.68.0-255,2018,13977,7,238473
21832,0.000235,172.31.36.0-255,66,14043,7,238473
21833,0.000261,74.125.68.0-255,2902,16945,7,238473
21834,0.000264,172.31.36.0-255,66,17011,7,238473
21835,0.000332,74.125.68.0-255,4320,21331,7,238473
21836,0.000337,172.31.36.0-255,66,21397,7,238473
21837,0.000364,74.125.68.0-255,2902,24299,7,238473
21838,0.000367,172.31.36.0-255,66,24365,7,238473
21839,0.000467,74.125.68.0-255,6797,31162,7,238473
21840,0.000473,172.31.36.0-255,66,31228,7,238473
21841,0.000604,74.125.68.0-255,4320,35548,7,238473
21842,0.00061,172.31.36.0-255,66,35614,7,238473
21843,0.000633,74.125.68.0-255,2902,38516,7,238473
21844,0.000639,172.31.36.0-255,66,38582,7,238473
21845,0.000745,74.125.68.0-255,1484,40066,7,238473
21846,0.000749,172.31.36.0-255,66,40132,7,238473
21847,0.000783,74.125.68.0-255,4320,44452,7,238473
21848,0.000787,172.31.36.0-255,66,44518,7,238473
21849,0.000816,74.125.68.0-255,6797,51315,7,238473
21850,0.00082,172.31.36.0-255,66,51381,7,238473
21851,0.001014,172.31.36.0-255,66,51447,7,238473
21852,0.001041,74.125.68.0-255,5691,57138,7,238473
21853,0.001044,172.31.36.0-255,66,57204,7,238473
21854,0.001261,74.125.68.0-255,111,57315,7,238473
21855,0.001267,74.125.68.0-255,329,57644,7,238473
21856,0.001295,74.125.68.0-255,1484,59128,7,238473
21857,0.001299,172.31.36.0-255,66,59194,7,238473
21858,0.001321,74.125.68.0-255,1484,60678,7,238473
21859,0.001363,74.125.68.0-255,5738,66416,7,238473
21860,0.001366,172.31.36.0-255,66,66482,7,238473
21861,0.001389,74.125.68.0-255,1484,67966,7,238473
21862,0.001516,74.125.68.0-255,4320,72286,7,238473
21863,0.001519,172.31.36.0-255,66,72352,7,238473
21864,0.001541,74.125.68.0-255,5738,78090,7,238473
21865,0.001543,172.31.36.0-255,66,78156,7,238473
21866,0.001567,74.125.68.0-255,4320,82476,7,238473
21867,0.001569,172.31.36.0-255,66,82542,7,238473
21868,0.001798,74.125.68.0-255,5738,88280,7,238473
21869,0.001803,172.31.36.0-255,66,88346,7,238473
21870,0.001832,74.125.68.0-255,3602,91948,7,238473
21871,0.001835,172.31.36.0-255,66,92014,7,238473
21872,0.001983,74.125.68.0-255,4320,96334,7,238473
21873,0.001987,172.31.36.0-255,66,96400,7,238473
21874,0.002008,74.125.68.0-255,5738,102138,7,238473
21875,0.00201,172.31.36.0-255,66,102204,7,238473
21876,0.002189,74.125.68.0-255,2902,105106,7,238473
21877,0.002193,172.31.36.0-255,66,105172,7,238473
21878,0.002234,172.31.36.0-255,66,105238,7,238473
21879,0.002623,74.125.68.0-255,2184,107422,7,238473
21880,0.002628,172.31.36.0-255,66,107488,7,238473
21881,0.00268,172.31.36.0-255,66,107554,7,238473
21882,0.002719,172.31.36.0-255,66,107620,7,238473
21883,0.003135,74.125.68.0-255,7156,114776,7,238473
21884,0.00314,172.31.36.0-255,66,114842,7,238473
21885,0.003173,74.125.68.0-255,4320,119162,7,238473
21886,0.003178,172.31.36.0-255,66,119228,7,238473
21887,0.005352,74.125.68.0-255,1484,120712,7,238473
21888,0.005396,74.125.68.0-255,2902,123614,7,238473
21889,0.005401,172.31.36.0-255,66,123680,7,238473
21890,0.005429,74.125.68.0-255,1484,125164,7,238473
21891,0.007634,74.125.68.0-255,4320,129484,7,238473
21892,0.007641,172.31.36.0-255,66,129550,7,238473
21893,0.009865,74.125.68.0-255,5738,135288,7,238473
21894,0.009875,172.31.36.0-255,66,135354,7,238473
21895,0.012104,74.125.68.0-255,5738,141092,7,238473
21896,0.012111,172.31.36.0-255,66,141158,7,238473
21897,0.014347,74.125.68.0-255,5738,146896,7,238473
21898,0.014357,172.31.36.0-255,66,146962,7,238473
21899,0.016589,74.125.68.0-255,5738,152700,7,238473
21900,0.016599,172.31.36.0-255,66,152766,7,238473
21901,0.018828,74.125.68.0-255,5738,158504,7,238473
21902,0.018836,172.31.36.0-255,66,158570,7,238473
21903,0.021103,74.125.68.0-255,5738,164308,7,238473
21904,0.02111,172.31.36.0-255,66,164374,7,238473
21905,0.023368,74.125.68.0-255,2902,167276,7,238473
21906,0.023374,172.31.36.0-255,66,167342,7,238473
21907,0.023402,74.125.68.0-255,2902,170244,7,238473
21908,0.023405,172.31.36.0-255,66,170310,7,238473
21909,0.02561,74.125.68.0-255,5738,176048,7,238473
21910,0.025618,172.31.36.0-255,66,176114,7,238473
21911,0.027854,74.125.68.0-255,4320,180434,7,238473
21912,0.027861,172.31.36.0-255,66,180500,7,238473
21913,0.027891,74.125.68.0-255,1484,181984,7,238473
21914,0.028783,172.31.36.0-255,167,182151,7,238473
21915,0.028825,172.31.36.0-255,1115,183266,7,238473
21916,0.028898,172.31.36.0-255,1514,184780,7,238473
21917,0.0289,172.31.36.0-255,1291,186071,7,238473
21918,0.030091,74.125.68.0-255,1484,187555,7,238473
21919,0.030099,172.31.36.0-255,66,187621,7,238473
21920,0.030106,74.125.68.0-255,2902,190523,7,238473
21921,0.030109,172.31.36.0-255,66,190589,7,238473
21922,0.030347,104.244.42.0-255,66,190655,7,238473
21923,0.030409,104.244.42.0-255,66,190721,7,238473
21924,0.030462,104.244.42.0-255,66,190787,7,238473
21925,0.032334,74.125.68.0-255,2902,193689,7,238473
21926,0.032341,172.31.36.0-255,66,193755,7,238473
21927,0.032368,74.125.68.0-255,2902,196657,7,238473
21928,0.032372,172.31.36.0-255,66,196723,7,238473
21929,0.034572,74.125.68.0-255,2902,199625,7,238473
21930,0.034585,172.31.36.0-255,66,199691,7,238473
21931,0.034619,74.125.68.0-255,2902,202593,7,238473
21932,0.034623,172.31.36.0-255,66,202659,7,238473
21933,0.036833,74.125.68.0-255,2902,205561,7,238473
21934,0.036849,172.31.36.0-255,66,205627,7,238473
21935,0.03688,74.125.68.0-255,2902,208529,7,238473
21936,0.036885,172.31.36.0-255,66,208595,7,238473
21937,0.039069,74.125.68.0-255,2902,211497,7,238473
21938,0.039077,172.31.36.0-255,66,211563,7,238473
21939,0.039121,74.125.68.0-255,2902,214465,7,238473
21940,0.039124,172.31.36.0-255,66,214531,7,238473
21941,0.0413,74.125.68.0-255,2902,217433,7,238473
21942,0.041306,172.31.36.0-255,66,217499,7,238473
21943,0.041339,74.125.68.0-255,1484,218983,7,238473
21944,0.041351,74.125.68.0-255,1484,220467,7,238473
21945,0.041354,172.31.36.0-255,66,220533,7,238473
21946,0.043528,74.125.68.0-255,2902,223435,7,238473
21947,0.043534,172.31.36.0-255,66,223501,7,238473
21948,0.043576,74.125.68.0-255,2902,226403,7,238473
21949,0.04358,172.31.36.0-255,66,226469,7,238473
21950,0.045758,74.125.68.0-255,2902,229371,7,238473
21951,0.045764,172.31.36.0-255,66,229437,7,238473
21952,0.0458,74.125.68.0-255,1484,230921,7,238473
21953,0.045818,74.125.68.0-255,1484,232405,7,238473
21954,0.045821,172.31.36.0-255,66,232471,7,238473
21955,0.047984,74.125.68.0-255,2902,235373,7,238473
21956,0.047989,172.31.36.0-255,66,235439,7,238473
21957,0.048026,74.125.68.0-255,1484,236923,7,238473
21958,0.04804,74.125.68.0-255,1484,238407,7,238473
21959,0.048043,172.31.36.0-255,66,238473,7,238473
21960,0.0,74.125.24.0-255,152,152,7,230407
21961,3.5e-05,172.31.36.0-255,66,218,7,230407
21962,4.3e-05,74.125.24.0-255,1484,1702,7,230407
21963,4.7e-05,172.31.36.0-255,66,1768,7,230407
21964,5.1e-05,74.125.24.0-255,2902,4670,7,230407
21965,5.4e-05,172.31.36.0-255,66,4736,7,230407
21966,5.6e-05,74.125.24.0-255,1484,6220,7,230407
21967,5.8e-05,172.31.36.0-255,66,6286,7,230407
21968,8.8e-05,74.125.24.0-255,5738,12024,7,230407
21969,9.3e-05,172.31.36.0-255,66,12090,7,230407
21970,0.000101,74.125.24.0-255,4828,16918,7,230407
21971,0.000104,172.31.36.0-255,66,16984,7,230407
21972,0.000129,74.125.24.0-255,1484,18468,7,230407
21973,0.000131,172.31.36.0-255,66,18534,7,230407
21974,0.000155,74.125.24.0-255,4320,22854,7,230407
21975,0.000159,172.31.36.0-255,66,22920,7,230407
21976,0.000169,172.31.36.0-255,66,22986,7,230407
21977,0.000224,74.125.24.0-255,1484,24470,7,230407
21978,0.000227,172.31.36.0-255,66,24536,7,230407
21979,0.00023,74.125.24.0-255,1484,26020,7,230407
21980,0.000232,172.31.36.0-255,66,26086,7,230407
21981,0.000247,74.125.24.0-255,1484,27570,7,230407
21982,0.000249,172.31.36.0-255,66,27636,7,230407
21983,0.000254,74.125.24.0-255,4320,31956,7,230407
21984,0.000256,172.31.36.0-255,66,32022,7,230407
21985,0.000259,74.125.24.0-255,1484,33506,7,230407
21986,0.00026,172.31.36.0-255,66,33572,7,230407
21987,0.000287,74.125.24.0-255,4320,37892,7,230407
21988,0.00029,172.31.36.0-255,66,37958,7,230407
21989,0.000293,74.125.24.0-255,1484,39442,7,230407
21990,0.000295,172.31.36.0-255,66,39508,7,230407
21991,0.00031,74.125.24.0-255,1125,40633,7,230407
21992,0.000314,74.125.24.0-255,1484,42117,7,230407
21993,0.000317,172.31.36.0-255,66,42183,7,230407
21994,0.000343,74.125.24.0-255,1484,43667,7,230407
21995,0.00035,74.125.24.0-255,7156,50823,7,230407
21996,0.000353,172.31.36.0-255,66,50889,7,230407
21997,0.00036,74.125.24.0-255,5738,56627,7,230407
21998,0.000362,172.31.36.0-255,66,56693,7,230407
21999,0.000379,74.125.24.0-255,1459,58152,7,230407
22000,0.000414,74.125.24.0-255,109,58261,7,230407
22001,0.000417,172.31.36.0-255,66,58327,7,230407
22002,0.000603,74.125.24.0-255,332,58659,7,230407
22003,0.000851,172.31.36.0-255,66,58725,7,230407
22004,0.001339,74.125.24.0-255,1484,60209,7,230407
22005,0.00135,74.125.24.0-255,2902,63111,7,230407
22006,0.001354,172.31.36.0-255,66,63177,7,230407
22007,0.001362,74.125.24.0-255,5738,68915,7,230407
22008,0.001364,172.31.36.0-255,66,68981,7,230407
22009,0.001409,74.125.24.0-255,4320,73301,7,230407
22010,0.001413,172.31.36.0-255,66,73367,7,230407
22011,0.001435,74.125.24.0-255,5738,79105,7,230407
22012,0.001438,172.31.36.0-255,66,79171,7,230407
22013,0.00145,172.31.36.0-255,66,79237,7,230407
22014,0.001453,74.125.24.0-255,2184,81421,7,230407
22015,0.001455,172.31.36.0-255,66,81487,7,230407
22016,0.001834,74.125.24.0-255,1484,82971,7,230407
22017,0.001838,74.125.24.0-255,2902,85873,7,230407
22018,0.00184,172.31.36.0-255,66,85939,7,230407
22019,0.001846,74.125.24.0-255,5738,91677,7,230407
22020,0.001848,172.31.36.0-255,66,91743,7,230407
22021,0.001859,172.31.36.0-255,66,91809,7,230407
22022,0.001897,172.31.36.0-255,66,91875,7,230407
22023,0.003848,74.125.24.0-255,4320,96195,7,230407
22024,0.003852,172.31.36.0-255,66,96261,7,230407
22025,0.003867,74.125.24.0-255,1484,97745,7,230407
22026,0.005823,74.125.24.0-255,4320,102065,7,230407
22027,0.005828,172.31.36.0-255,66,102131,7,230407
22028,0.007805,74.125.24.0-255,5738,107869,7,230407
22029,0.007811,172.31.36.0-255,66,107935,7,230407
22030,0.009769,74.125.24.0-255,5738,113673,7,230407
22031,0.009777,172.31.36.0-255,66,113739,7,230407
22032,0.011735,74.125.24.0-255,5738,119477,7,230407
22033,0.011742,172.31.36.0-255,66,119543,7,230407
22034,0.013719,74.125.24.0-255,5738,125281,7,230407
22035,0.01373,172.31.36.0-255,66,125347,7,230407
22036,0.015698,74.125.24.0-255,5738,131085,7,230407
22037,0.015706,172.31.36.0-255,66,131151,7,230407
22038,0.015807,172.31.36.0-255,101,131252,7,230407
22039,0.01766,74.125.24.0-255,4320,135572,7,230407
22040,0.017667,172.31.36.0-255,66,135638,7,230407
22041,0.017687,74.125.24.0-255,1484,137122,7,230407
22042,0.017739,74.125.24.0-255,66,137188,7,230407
22043,0.019657,74.125.24.0-255,4320,141508,7,230407
22044,0.019665,172.31.36.0-255,66,141574,7,230407
22045,0.021635,74.125.24.0-255,5738,147312,7,230407
22046,0.021643,172.31.36.0-255,66,147378,7,230407
22047,0.023634,74.125.24.0-255,5738,153116,7,230407
22048,0.023642,172.31.36.0-255,66,153182,7,230407
22049,0.025656,74.125.24.0-255,5738,158920,7,230407
22050,0.025665,172.31.36.0-255,66,158986,7,230407
22051,0.027635,74.125.24.0-255,2902,161888,7,230407
22052,0.027641,172.31.36.0-255,66,161954,7,230407
22053,0.027662,74.125.24.0-255,2902,164856,7,230407
22054,0.027666,172.31.36.0-255,66,164922,7,230407
22055,0.029577,74.125.24.0-255,2902,167824,7,230407
22056,0.029584,172.31.36.0-255,66,167890,7,230407
22057,0.029638,74.125.24.0-255,2902,170792,7,230407
22058,0.029641,172.31.36.0-255,66,170858,7,230407
22059,0.029678,172.31.36.0-255,172,171030,7,230407
22060,0.029707,172.31.36.0-255,1073,172103,7,230407
22061,0.031178,104.244.42.0-255,66,172169,7,230407
22062,0.031288,104.244.42.0-255,66,172235,7,230407
22063,0.031553,74.125.24.0-255,2902,175137,7,230407
22064,0.031557,172.31.36.0-255,66,175203,7,230407
22065,0.031592,74.125.24.0-255,2902,178105,7,230407
22066,0.031595,172.31.36.0-255,66,178171,7,230407
22067,0.033539,74.125.24.0-255,5738,183909,7,230407
22068,0.033544,172.31.36.0-255,66,183975,7,230407
22069,0.035504,74.125.24.0-255,5738,189713,7,230407
22070,0.03551,172.31.36.0-255,66,189779,7,230407
22071,0.037499,74.125.24.0-255,5738,195517,7,230407
22072,0.037505,172.31.36.0-255,66,195583,7,230407
22073,0.03949,74.125.24.0-255,5738,201321,7,230407
22074,0.039494,172.31.36.0-255,66,201387,7,230407
22075,0.04148,74.125.24.0-255,5738,207125,7,230407
22076,0.041485,172.31.36.0-255,66,207191,7,230407
22077,0.043466,74.125.24.0-255,5738,212929,7,230407
22078,0.043473,172.31.36.0-255,66,212995,7,230407
22079,0.045465,74.125.24.0-255,5738,218733,7,230407
22080,0.045472,172.31.36.0-255,66,218799,7,230407
22081,0.047468,74.125.24.0-255,5738,224537,7,230407
22082,0.047473,172.31.36.0-255,66,224603,7,230407
22083,0.049431,74.125.24.0-255,5738,230341,7,230407
22084,0.049436,172.31.36.0-255,66,230407,7,230407
22085,0.0,74.125.24.0-255,152,152,7,259829
22086,3.3e-05,172.31.36.0-255,66,218,7,259829
22087,4e-05,74.125.24.0-255,1484,1702,7,259829
22088,4.4e-05,172.31.36.0-255,66,1768,7,259829
22089,5e-05,74.125.24.0-255,2902,4670,7,259829
22090,5.3e-05,172.31.36.0-255,66,4736,7,259829
22091,6.7e-05,74.125.24.0-255,5738,10474,7,259829
22092,6.9e-05,172.31.36.0-255,66,10540,7,259829
22093,0.000105,74.125.24.0-255,3394,13934,7,259829
22094,0.000108,172.31.36.0-255,66,14000,7,259829
22095,0.000145,74.125.24.0-255,1484,15484,7,259829
22096,0.000148,172.31.36.0-255,66,15550,7,259829
22097,0.000169,74.125.24.0-255,2902,18452,7,259829
22098,0.000171,172.31.36.0-255,66,18518,7,259829
22099,0.000174,74.125.24.0-255,1484,20002,7,259829
22100,0.000176,172.31.36.0-255,66,20068,7,259829
22101,0.000212,74.125.24.0-255,4320,24388,7,259829
22102,0.000215,172.31.36.0-255,66,24454,7,259829
22103,0.000218,74.125.24.0-255,1484,25938,7,259829
22104,0.00022,172.31.36.0-255,66,26004,7,259829
22105,0.00025,74.125.24.0-255,5379,31383,7,259829
22106,0.000253,172.31.36.0-255,66,31449,7,259829
22107,0.000638,74.125.24.0-255,1484,32933,7,259829
22108,0.000643,172.31.36.0-255,66,32999,7,259829
22109,0.000653,74.125.24.0-255,2902,35901,7,259829
22110,0.000664,172.31.36.0-255,66,35967,7,259829
22111,0.000671,74.125.24.0-255,5738,41705,7,259829
22112,0.000674,172.31.36.0-255,66,41771,7,259829
22113,0.000696,74.125.24.0-255,2902,44673,7,259829
22114,0.000699,172.31.36.0-255,66,44739,7,259829
22115,0.000739,172.31.36.0-255,66,44805,7,259829
22116,0.000751,172.31.36.0-255,66,44871,7,259829
22117,0.000753,74.125.24.0-255,410,45281,7,259829
22118,0.000785,74.125.24.0-255,334,45615,7,259829
22119,0.001128,172.31.36.0-255,66,45681,7,259829
22120,0.0014,74.125.24.0-255,1484,47165,7,259829
22121,0.001425,74.125.24.0-255,2902,50067,7,259829
22122,0.001428,172.31.36.0-255,66,50133,7,259829
22123,0.001435,74.125.24.0-255,4320,54453,7,259829
22124,0.001437,172.31.36.0-255,66,54519,7,259829
22125,0.001441,74.125.24.0-255,1484,56003,7,259829
22126,0.001469,74.125.24.0-255,4320,60323,7,259829
22127,0.001471,172.31.36.0-255,66,60389,7,259829
22128,0.001502,172.31.36.0-255,66,60455,7,259829
22129,0.001515,74.125.24.0-255,1484,61939,7,259829
22130,0.001526,74.125.24.0-255,7156,69095,7,259829
22131,0.001528,172.31.36.0-255,66,69161,7,259829
22132,0.001531,74.125.24.0-255,766,69927,7,259829
22133,0.001602,74.125.24.0-255,1484,71411,7,259829
22134,0.001608,172.31.36.0-255,66,71477,7,259829
22135,0.001618,74.125.24.0-255,2902,74379,7,259829
22136,0.001621,172.31.36.0-255,66,74445,7,259829
22137,0.00163,74.125.24.0-255,5738,80183,7,259829
22138,0.001632,172.31.36.0-255,66,80249,7,259829
22139,0.001637,74.125.24.0-255,2902,83151,7,259829
22140,0.001639,172.31.36.0-255,66,83217,7,259829
22141,0.001663,74.125.24.0-255,4320,87537,7,259829
22142,0.001667,172.31.36.0-255,66,87603,7,259829
22143,0.001689,74.125.24.0-255,5738,93341,7,259829
22144,0.001692,172.31.36.0-255,66,93407,7,259829
22145,0.001703,172.31.36.0-255,66,93473,7,259829
22146,0.001731,74.125.24.0-255,766,94239,7,259829
22147,0.001865,74.125.24.0-255,1484,95723,7,259829
22148,0.001869,172.31.36.0-255,66,95789,7,259829
22149,0.001874,74.125.24.0-255,2902,98691,7,259829
22150,0.001876,172.31.36.0-255,66,98757,7,259829
22151,0.001943,74.125.24.0-255,2902,101659,7,259829
22152,0.001946,172.31.36.0-255,66,101725,7,259829
22153,0.001951,74.125.24.0-255,4320,106045,7,259829
22154,0.001953,172.31.36.0-255,66,106111,7,259829
22155,0.001963,172.31.36.0-255,66,106177,7,259829
22156,0.00197,74.125.24.0-255,7156,113333,7,259829
22157,0.001972,172.31.36.0-255,66,113399,7,259829
22158,0.001998,74.125.24.0-255,6438,119837,7,259829
22159,0.002001,172.31.36.0-255,66,119903,7,259829
22160,0.00217,74.125.24.0-255,1484,121387,7,259829
22161,0.00219,74.125.24.0-255,2902,124289,7,259829
22162,0.002193,172.31.36.0-255,66,124355,7,259829
22163,0.002197,74.125.24.0-255,2902,127257,7,259829
22164,0.002199,172.31.36.0-255,66,127323,7,259829
22165,0.002231,74.125.24.0-255,2902,130225,7,259829
22166,0.002233,172.31.36.0-255,66,130291,7,259829
22167,0.00224,74.125.24.0-255,7156,137447,7,259829
22168,0.002242,172.31.36.0-255,66,137513,7,259829
22169,0.002268,74.125.24.0-255,5738,143251,7,259829
22170,0.002271,172.31.36.0-255,66,143317,7,259829
22171,0.002297,74.125.24.0-255,1484,144801,7,259829
22172,0.002318,172.31.36.0-255,66,144867,7,259829
22173,0.004646,74.125.24.0-255,5738,150605,7,259829
22174,0.004651,172.31.36.0-255,66,150671,7,259829
22175,0.006987,74.125.24.0-255,5738,156409,7,259829
22176,0.006993,172.31.36.0-255,66,156475,7,259829
22177,0.00935,74.125.24.0-255,5738,162213,7,259829
22178,0.009357,172.31.36.0-255,66,162279,7,259829
22179,0.011698,74.125.24.0-255,5738,168017,7,259829
22180,0.011706,172.31.36.0-255,66,168083,7,259829
22181,0.014061,74.125.24.0-255,5738,173821,7,259829
22182,0.014071,172.31.36.0-255,66,173887,7,259829
22183,0.016419,74.125.24.0-255,5738,179625,7,259829
22184,0.016431,172.31.36.0-255,66,179691,7,259829
22185,0.018796,74.125.24.0-255,5738,185429,7,259829
22186,0.018805,172.31.36.0-255,66,185495,7,259829
22187,0.021171,74.125.24.0-255,5738,191233,7,259829
22188,0.02118,172.31.36.0-255,66,191299,7,259829
22189,0.023562,74.125.24.0-255,5738,197037,7,259829
22190,0.02357,172.31.36.0-255,66,197103,7,259829
22191,0.025956,74.125.24.0-255,5738,202841,7,259829
22192,0.025963,172.31.36.0-255,66,202907,7,259829
22193,0.028309,74.125.24.0-255,5738,208645,7,259829
22194,0.028317,172.31.36.0-255,66,208711,7,259829
22195,0.030373,172.31.36.0-255,172,208883,7,259829
22196,0.030415,172.31.36.0-255,1116,209999,7,259829
22197,0.030482,172.31.36.0-255,1514,211513,7,259829
22198,0.030484,172.31.36.0-255,1290,212803,7,259829
22199,0.030642,74.125.24.0-255,4320,217123,7,259829
22200,0.03065,172.31.36.0-255,66,217189,7,259829
22201,0.030664,74.125.24.0-255,1484,218673,7,259829
22202,0.031942,104.244.42.0-255,66,218739,7,259829
22203,0.031971,104.244.42.0-255,66,218805,7,259829
22204,0.03204,104.244.42.0-255,66,218871,7,259829
22205,0.032988,74.125.24.0-255,2902,221773,7,259829
22206,0.032995,172.31.36.0-255,66,221839,7,259829
22207,0.033021,74.125.24.0-255,1484,223323,7,259829
22208,0.035342,74.125.24.0-255,4320,227643,7,259829
22209,0.035352,172.31.36.0-255,66,227709,7,259829
22210,0.037687,74.125.24.0-255,5738,233447,7,259829
22211,0.037693,172.31.36.0-255,66,233513,7,259829
22212,0.040032,74.125.24.0-255,5738,239251,7,259829
22213,0.040038,172.31.36.0-255,66,239317,7,259829
22214,0.042365,74.125.24.0-255,4320,243637,7,259829
22215,0.04237,172.31.36.0-255,66,243703,7,259829
22216,0.042401,74.125.24.0-255,1484,245187,7,259829
22217,0.044701,74.125.24.0-255,4320,249507,7,259829
22218,0.044707,172.31.36.0-255,66,249573,7,259829
22219,0.047056,74.125.24.0-255,4320,253893,7,259829
22220,0.047061,172.31.36.0-255,66,253959,7,259829
22221,0.047086,74.125.24.0-255,1484,255443,7,259829
22222,0.049416,74.125.24.0-255,4320,259763,7,259829
22223,0.049423,172.31.36.0-255,66,259829,7,259829
22224,0.0,74.125.24.0-255,297,297,7,290177
22225,2.3e-05,172.31.36.0-255,66,363,7,290177
22226,3e-05,74.125.24.0-255,1484,1847,7,290177
22227,3.4e-05,172.31.36.0-255,66,1913,7,290177
22228,4.1e-05,74.125.24.0-255,4320,6233,7,290177
22229,4.4e-05,172.31.36.0-255,66,6299,7,290177
22230,4.7e-05,74.125.24.0-255,1484,7783,7,290177
22231,5e-05,172.31.36.0-255,66,7849,7,290177
22232,7.7e-05,74.125.24.0-255,6082,13931,7,290177
22233,8.1e-05,172.31.36.0-255,66,13997,7,290177
22234,0.000115,74.125.24.0-255,1484,15481,7,290177
22235,0.000118,172.31.36.0-255,66,15547,7,290177
22236,0.000123,74.125.24.0-255,2902,18449,7,290177
22237,0.000126,172.31.36.0-255,66,18515,7,290177
22238,0.000133,74.125.24.0-255,5738,24253,7,290177
22239,0.000135,172.31.36.0-255,66,24319,7,290177
22240,0.000175,74.125.24.0-255,6797,31116,7,290177
22241,0.000177,172.31.36.0-255,66,31182,7,290177
22242,0.000217,74.125.24.0-255,1484,32666,7,290177
22243,0.00022,172.31.36.0-255,66,32732,7,290177
22244,0.000242,74.125.24.0-255,1484,34216,7,290177
22245,0.000244,172.31.36.0-255,66,34282,7,290177
22246,0.000262,74.125.24.0-255,1484,35766,7,290177
22247,0.000264,172.31.36.0-255,66,35832,7,290177
22248,0.000272,74.125.24.0-255,5738,41570,7,290177
22249,0.000274,172.31.36.0-255,66,41636,7,290177
22250,0.000279,74.125.24.0-255,4320,45956,7,290177
22251,0.000281,172.31.36.0-255,66,46022,7,290177
22252,0.000316,74.125.24.0-255,2543,48565,7,290177
22253,0.000318,172.31.36.0-255,66,48631,7,290177
22254,0.000337,74.125.24.0-255,2902,51533,7,290177
22255,0.00034,172.31.36.0-255,66,51599,7,290177
22256,0.00036,74.125.24.0-255,5738,57337,7,290177
22257,0.000378,74.125.24.0-255,1484,58821,7,290177
22258,0.000383,74.125.24.0-255,4320,63141,7,290177
22259,0.000421,74.125.24.0-255,2543,65684,7,290177
22260,0.000513,172.31.36.0-255,66,65750,7,290177
22261,0.000534,74.125.24.0-255,647,66397,7,290177
22262,0.000602,74.125.24.0-255,1484,67881,7,290177
22263,0.000611,172.31.36.0-255,66,67947,7,290177
22264,0.000622,74.125.24.0-255,2902,70849,7,290177
22265,0.000627,74.125.24.0-255,2902,73751,7,290177
22266,0.000638,74.125.24.0-255,2902,76653,7,290177
22267,0.000647,172.31.36.0-255,66,76719,7,290177
22268,0.000669,74.125.24.0-255,6797,83516,7,290177
22269,0.000689,172.31.36.0-255,66,83582,7,290177
22270,0.000745,74.125.24.0-255,1484,85066,7,290177
22271,0.000751,74.125.24.0-255,2902,87968,7,290177
22272,0.000753,74.125.24.0-255,1484,89452,7,290177
22273,0.000762,172.31.36.0-255,66,89518,7,290177
22274,0.000776,74.125.24.0-255,4320,93838,7,290177
22275,0.00078,74.125.24.0-255,2902,96740,7,290177
22276,0.000796,172.31.36.0-255,66,96806,7,290177
22277,0.000823,74.125.24.0-255,2902,99708,7,290177
22278,0.000835,74.125.24.0-255,1125,100833,7,290177
22279,0.000842,172.31.36.0-255,66,100899,7,290177
22280,0.001334,74.125.24.0-255,1484,102383,7,290177
22281,0.001339,74.125.24.0-255,2902,105285,7,290177
22282,0.001342,172.31.36.0-255,66,105351,7,290177
22283,0.001345,74.125.24.0-255,1484,106835,7,290177
22284,0.001362,74.125.24.0-255,4320,111155,7,290177
22285,0.001364,172.31.36.0-255,66,111221,7,290177
22286,0.001366,74.125.24.0-255,1484,112705,7,290177
22287,0.001398,74.125.24.0-255,2902,115607,7,290177
22288,0.00142,74.125.24.0-255,766,116373,7,290177
22289,0.00143,172.31.36.0-255,66,116439,7,290177
22290,0.001469,74.125.24.0-255,1484,117923,7,290177
22291,0.001488,74.125.24.0-255,4320,122243,7,290177
22292,0.001518,74.125.24.0-255,5738,127981,7,290177
22293,0.001532,172.31.36.0-255,66,128047,7,290177
22294,0.001572,172.31.36.0-255,66,128113,7,290177
22295,0.001601,74.125.24.0-255,1484,129597,7,290177
22296,0.001607,74.125.24.0-255,2902,132499,7,290177
22297,0.001621,172.31.36.0-255,66,132565,7,290177
22298,0.001632,74.125.24.0-255,5738,138303,7,290177
22299,0.001647,74.125.24.0-255,4320,142623,7,290177
22300,0.00165,172.31.36.0-255,66,142689,7,290177
22301,0.001674,74.125.24.0-255,1484,144173,7,290177
22302,0.001704,172.31.36.0-255,66,144239,7,290177
22303,0.001709,172.31.36.0-255,66,144305,7,290177
22304,0.002139,74.125.24.0-255,1484,145789,7,290177
22305,0.002145,74.125.24.0-255,2902,148691,7,290177
22306,0.002148,172.31.36.0-255,66,148757,7,290177
22307,0.002155,74.125.24.0-255,5738,154495,7,290177
22308,0.002168,74.125.24.0-255,1484,155979,7,290177
22309,0.002175,172.31.36.0-255,66,156045,7,290177
22310,0.002205,172.31.36.0-255,66,156111,7,290177
22311,0.002256,74.125.24.0-255,2184,158295,7,290177
22312,0.002269,172.31.36.0-255,66,158361,7,290177
22313,0.002317,74.125.24.0-255,1484,159845,7,290177
22314,0.002322,74.125.24.0-255,1484,161329,7,290177
22315,0.002328,172.31.36.0-255,66,161395,7,290177
22316,0.002348,74.125.24.0-255,1484,162879,7,290177
22317,0.002355,74.125.24.0-255,5738,168617,7,290177
22318,0.00238,74.125.24.0-255,2902,171519,7,290177
22319,0.002384,172.31.36.0-255,66,171585,7,290177
22320,0.00239,172.31.36.0-255,66,171651,7,290177
22321,0.002414,74.125.24.0-255,1484,173135,7,290177
22322,0.002418,74.125.24.0-255,2184,175319,7,290177
22323,0.002436,172.31.36.0-255,66,175385,7,290177
22324,0.00248,74.125.24.0-255,1484,176869,7,290177
22325,0.002485,74.125.24.0-255,2902,179771,7,290177
22326,0.002499,74.125.24.0-255,1484,181255,7,290177
22327,0.002502,74.125.24.0-255,1484,182739,7,290177
22328,0.002517,172.31.36.0-255,66,182805,7,290177
22329,0.002521,74.125.24.0-255,1484,184289,7,290177
22330,0.002527,74.125.24.0-255,5738,190027,7,290177
22331,0.002532,74.125.24.0-255,2902,192929,7,290177
22332,0.002541,172.31.36.0-255,66,192995,7,290177
22333,0.002562,74.125.24.0-255,6438,199433,7,290177
22334,0.002593,172.31.36.0-255,66,199499,7,290177
22335,0.002603,74.125.24.0-255,1484,200983,7,290177
22336,0.002609,74.125.24.0-255,2902,203885,7,290177
22337,0.002615,172.31.36.0-255,66,203951,7,290177
22338,0.00263,74.125.24.0-255,1484,205435,7,290177
22339,0.002634,74.125.24.0-255,1484,206919,7,290177
22340,0.002652,172.31.36.0-255,66,206985,7,290177
22341,0.002662,74.125.24.0-255,7156,214141,7,290177
22342,0.002669,74.125.24.0-255,7156,221297,7,290177
22343,0.002683,74.125.24.0-255,4320,225617,7,290177
22344,0.002694,172.31.36.0-255,66,225683,7,290177
22345,0.002728,172.31.36.0-255,66,225749,7,290177
22346,0.002785,74.125.24.0-255,1484,227233,7,290177
22347,0.00279,74.125.24.0-255,1484,228717,7,290177
22348,0.002808,74.125.24.0-255,1484,230201,7,290177
22349,0.002815,74.125.24.0-255,5738,235939,7,290177
22350,0.002823,172.31.36.0-255,66,236005,7,290177
22351,0.002841,74.125.24.0-255,7156,243161,7,290177
22352,0.002844,172.31.36.0-255,66,243227,7,290177
22353,0.002853,74.125.24.0-255,2902,246129,7,290177
22354,0.002855,74.125.24.0-255,1484,247613,7,290177
22355,0.002875,74.125.24.0-255,1484,249097,7,290177
22356,0.002902,74.125.24.0-255,5020,254117,7,290177
22357,0.002909,74.125.24.0-255,5738,259855,7,290177
22358,0.002927,172.31.36.0-255,66,259921,7,290177
22359,0.002932,74.125.24.0-255,4320,264241,7,290177
22360,0.002937,172.31.36.0-255,66,264307,7,290177
22361,0.002996,74.125.24.0-255,2184,266491,7,290177
22362,0.002998,74.125.24.0-255,1484,267975,7,290177
22363,0.003001,74.125.24.0-255,1484,269459,7,290177
22364,0.003007,172.31.36.0-255,66,269525,7,290177
22365,0.003019,74.125.24.0-255,4320,273845,7,290177
22366,0.003049,74.125.24.0-255,6492,280337,7,290177
22367,0.003095,74.125.24.0-255,105,280442,7,290177
22368,0.003106,172.31.36.0-255,66,280508,7,290177
22369,0.00482,172.31.36.0-255,105,280613,7,290177
22370,0.007128,74.125.24.0-255,66,280679,7,290177
22371,0.039875,172.31.36.0-255,172,280851,7,290177
22372,0.03992,172.31.36.0-255,1115,281966,7,290177
22373,0.039998,172.31.36.0-255,1514,283480,7,290177
22374,0.04,172.31.36.0-255,1514,284994,7,290177
22375,0.040001,172.31.36.0-255,1514,286508,7,290177
22376,0.040002,172.31.36.0-255,1514,288022,7,290177
22377,0.040039,172.31.36.0-255,1514,289536,7,290177
22378,0.04004,172.31.36.0-255,71,289607,7,290177
22379,0.041413,104.244.42.0-255,66,289673,7,290177
22380,0.041433,104.244.42.0-255,66,289739,7,290177
22381,0.041524,104.244.42.0-255,66,289805,7,290177
22382,0.041574,104.244.42.0-255,66,289871,7,290177
22383,0.041578,104.244.42.0-255,66,289937,7,290177
22384,0.04158,104.244.42.0-255,66,290003,7,290177
22385,0.042035,104.244.42.0-255,108,290111,7,290177
22386,0.042041,172.31.36.0-255,66,290177,7,290177
22387,0.0,172.217.194.0-255,143,143,7,213026
22388,3.9e-05,172.31.36.0-255,66,209,7,213026
22389,4.8e-05,172.217.194.0-255,1484,1693,7,213026
22390,5.2e-05,172.31.36.0-255,66,1759,7,213026
22391,6.6e-05,172.217.194.0-255,2902,4661,7,213026
22392,7e-05,172.31.36.0-255,66,4727,7,213026
22393,7.7e-05,172.217.194.0-255,5738,10465,7,213026
22394,7.9e-05,172.31.36.0-255,66,10531,7,213026
22395,9.5e-05,172.31.36.0-255,66,10597,7,213026
22396,0.000102,172.217.194.0-255,6797,17394,7,213026
22397,0.000105,172.31.36.0-255,66,17460,7,213026
22398,0.000151,172.217.194.0-255,1484,18944,7,213026
22399,0.000154,172.31.36.0-255,66,19010,7,213026
22400,0.00016,172.217.194.0-255,2902,21912,7,213026
22401,0.000161,172.31.36.0-255,66,21978,7,213026
22402,0.000168,172.217.194.0-255,5738,27716,7,213026
22403,0.000171,172.31.36.0-255,66,27782,7,213026
22404,0.000202,172.217.194.0-255,6797,34579,7,213026
22405,0.000206,172.31.36.0-255,66,34645,7,213026
22406,0.000281,172.217.194.0-255,1484,36129,7,213026
22407,0.000285,172.31.36.0-255,66,36195,7,213026
22408,0.00029,172.217.194.0-255,2902,39097,7,213026
22409,0.000293,172.31.36.0-255,66,39163,7,213026
22410,0.000308,172.217.194.0-255,5738,44901,7,213026
22411,0.000311,172.31.36.0-255,66,44967,7,213026
22412,0.000338,172.217.194.0-255,2902,47869,7,213026
22413,0.000341,172.31.36.0-255,66,47935,7,213026
22414,0.000362,172.217.194.0-255,4540,52475,7,213026
22415,0.000366,172.31.36.0-255,66,52541,7,213026
22416,0.000854,172.217.194.0-255,1484,54025,7,213026
22417,0.000858,172.31.36.0-255,66,54091,7,213026
22418,0.000864,172.217.194.0-255,2902,56993,7,213026
22419,0.000867,172.31.36.0-255,66,57059,7,213026
22420,0.000885,172.217.194.0-255,5738,62797,7,213026
22421,0.000887,172.31.36.0-255,66,62863,7,213026
22422,0.000891,172.217.194.0-255,2902,65765,7,213026
22423,0.000893,172.31.36.0-255,66,65831,7,213026
22424,0.000919,172.217.194.0-255,2902,68733,7,213026
22425,0.000922,172.31.36.0-255,66,68799,7,213026
22426,0.000936,172.31.36.0-255,66,68865,7,213026
22427,0.000941,172.217.194.0-255,2902,71767,7,213026
22428,0.000944,172.31.36.0-255,66,71833,7,213026
22429,0.000968,172.217.194.0-255,2184,74017,7,213026
22430,0.000971,172.31.36.0-255,66,74083,7,213026
22431,0.00156,172.217.194.0-255,1484,75567,7,213026
22432,0.001572,172.217.194.0-255,2902,78469,7,213026
22433,0.001577,172.31.36.0-255,66,78535,7,213026
22434,0.001606,172.217.194.0-255,5738,84273,7,213026
22435,0.00161,172.31.36.0-255,66,84339,7,213026
22436,0.001663,172.31.36.0-255,66,84405,7,213026
22437,0.00167,172.217.194.0-255,4320,88725,7,213026
22438,0.001672,172.31.36.0-255,66,88791,7,213026
22439,0.001697,172.217.194.0-255,6438,95229,7,213026
22440,0.0017,172.31.36.0-255,66,95295,7,213026
22441,0.004102,172.217.194.0-255,5738,101033,7,213026
22442,0.004113,172.31.36.0-255,66,101099,7,213026
22443,0.006455,172.217.194.0-255,5738,106837,7,213026
22444,0.006466,172.31.36.0-255,66,106903,7,213026
22445,0.008833,172.217.194.0-255,5738,112641,7,213026
22446,0.008846,172.31.36.0-255,66,112707,7,213026
22447,0.011197,172.217.194.0-255,5738,118445,7,213026
22448,0.011215,172.31.36.0-255,66,118511,7,213026
22449,0.013568,172.217.194.0-255,5738,124249,7,213026
22450,0.013579,172.31.36.0-255,66,124315,7,213026
22451,0.015929,172.217.194.0-255,5738,130053,7,213026
22452,0.01594,172.31.36.0-255,66,130119,7,213026
22453,0.018281,172.217.194.0-255,5738,135857,7,213026
22454,0.018289,172.31.36.0-255,66,135923,7,213026
22455,0.020636,172.217.194.0-255,5738,141661,7,213026
22456,0.020645,172.31.36.0-255,66,141727,7,213026
22457,0.022971,172.217.194.0-255,5738,147465,7,213026
22458,0.02298,172.31.36.0-255,66,147531,7,213026
22459,0.025359,172.217.194.0-255,5738,153269,7,213026
22460,0.025371,172.31.36.0-255,66,153335,7,213026
22461,0.027736,172.217.194.0-255,5738,159073,7,213026
22462,0.027744,172.31.36.0-255,66,159139,7,213026
22463,0.029102,172.31.36.0-255,171,159310,7,213026
22464,0.029132,172.31.36.0-255,1139,160449,7,213026
22465,0.029172,172.31.36.0-255,1514,161963,7,213026
22466,0.029174,172.31.36.0-255,1267,163230,7,213026
22467,0.030076,172.217.194.0-255,4320,167550,7,213026
22468,0.030082,172.31.36.0-255,66,167616,7,213026
22469,0.030117,172.217.194.0-255,1484,169100,7,213026
22470,0.030665,104.244.42.0-255,66,169166,7,213026
22471,0.030715,104.244.42.0-255,66,169232,7,213026
22472,0.030717,104.244.42.0-255,66,169298,7,213026
22473,0.032423,172.217.194.0-255,4320,173618,7,213026
22474,0.032429,172.31.36.0-255,66,173684,7,213026
22475,0.034749,172.217.194.0-255,5738,179422,7,213026
22476,0.034754,172.31.36.0-255,66,179488,7,213026
22477,0.037079,172.217.194.0-255,5738,185226,7,213026
22478,0.037085,172.31.36.0-255,66,185292,7,213026
22479,0.039434,172.217.194.0-255,5738,191030,7,213026
22480,0.03944,172.31.36.0-255,66,191096,7,213026
22481,0.041799,172.217.194.0-255,5738,196834,7,213026
22482,0.041804,172.31.36.0-255,66,196900,7,213026
22483,0.044126,172.217.194.0-255,4320,201220,7,213026
22484,0.044132,172.31.36.0-255,66,201286,7,213026
22485,0.044169,172.217.194.0-255,1484,202770,7,213026
22486,0.046471,172.217.194.0-255,4320,207090,7,213026
22487,0.046477,172.31.36.0-255,66,207156,7,213026
22488,0.048808,172.217.194.0-255,4320,211476,7,213026
22489,0.048813,172.31.36.0-255,66,211542,7,213026
22490,0.04885,172.217.194.0-255,1484,213026,7,213026
22491,0.0,172.217.194.0-255,153,153,7,242738
22492,2.5e-05,172.31.36.0-255,66,219,7,242738
22493,3.2e-05,172.217.194.0-255,1484,1703,7,242738
22494,3.6e-05,172.31.36.0-255,66,1769,7,242738
22495,4e-05,172.217.194.0-255,2902,4671,7,242738
22496,4.2e-05,172.31.36.0-255,66,4737,7,242738
22497,5.1e-05,172.217.194.0-255,5738,10475,7,242738
22498,5.3e-05,172.31.36.0-255,66,10541,7,242738
22499,7.9e-05,172.217.194.0-255,1484,12025,7,242738
22500,8.1e-05,172.31.36.0-255,66,12091,7,242738
22501,8.7e-05,172.217.194.0-255,2068,14159,7,242738
22502,8.9e-05,172.31.36.0-255,66,14225,7,242738
22503,9.3e-05,172.217.194.0-255,2902,17127,7,242738
22504,9.5e-05,172.31.36.0-255,66,17193,7,242738
22505,0.00012,172.217.194.0-255,1484,18677,7,242738
22506,0.000122,172.31.36.0-255,66,18743,7,242738
22507,0.000136,172.217.194.0-255,4320,23063,7,242738
22508,0.000138,172.31.36.0-255,66,23129,7,242738
22509,0.000195,172.31.36.0-255,66,23195,7,242738
22510,0.000198,172.217.194.0-255,1484,24679,7,242738
22511,0.0002,172.31.36.0-255,66,24745,7,242738
22512,0.000225,172.217.194.0-255,7156,31901,7,242738
22513,0.000228,172.31.36.0-255,66,31967,7,242738
22514,0.000233,172.217.194.0-255,4320,36287,7,242738
22515,0.000235,172.31.36.0-255,66,36353,7,242738
22516,0.000283,172.217.194.0-255,4320,40673,7,242738
22517,0.000287,172.31.36.0-255,66,40739,7,242738
22518,0.000313,172.217.194.0-255,3961,44700,7,242738
22519,0.000319,172.31.36.0-255,66,44766,7,242738
22520,0.000323,172.31.36.0-255,66,44832,7,242738
22521,0.000327,172.217.194.0-255,1484,46316,7,242738
22522,0.000341,172.217.194.0-255,2853,49169,7,242738
22523,0.000344,172.31.36.0-255,66,49235,7,242738
22524,0.000347,172.217.194.0-255,398,49633,7,242738
22525,0.000499,172.217.194.0-255,1484,51117,7,242738
22526,0.000503,172.31.36.0-255,66,51183,7,242738
22527,0.000509,172.217.194.0-255,2902,54085,7,242738
22528,0.000511,172.31.36.0-255,66,54151,7,242738
22529,0.000516,172.217.194.0-255,4320,58471,7,242738
22530,0.000521,172.31.36.0-255,66,58537,7,242738
22531,0.000548,172.217.194.0-255,1484,60021,7,242738
22532,0.000556,172.217.194.0-255,7156,67177,7,242738
22533,0.000559,172.31.36.0-255,66,67243,7,242738
22534,0.000586,172.31.36.0-255,66,67309,7,242738
22535,0.00059,172.217.194.0-255,2184,69493,7,242738
22536,0.000593,172.31.36.0-255,66,69559,7,242738
22537,0.000778,172.217.194.0-255,1484,71043,7,242738
22538,0.000784,172.217.194.0-255,2902,73945,7,242738
22539,0.000788,172.31.36.0-255,66,74011,7,242738
22540,0.000803,172.217.194.0-255,1484,75495,7,242738
22541,0.000818,172.217.194.0-255,4320,79815,7,242738
22542,0.000821,172.31.36.0-255,66,79881,7,242738
22543,0.000825,172.217.194.0-255,1484,81365,7,242738
22544,0.000854,172.31.36.0-255,66,81431,7,242738
22545,0.000867,172.31.36.0-255,66,81497,7,242738
22546,0.000883,172.217.194.0-255,217,81714,7,242738
22547,0.000952,172.217.194.0-255,1484,83198,7,242738
22548,0.000955,172.31.36.0-255,66,83264,7,242738
22549,0.00096,172.217.194.0-255,2902,86166,7,242738
22550,0.000962,172.31.36.0-255,66,86232,7,242738
22551,0.000975,172.217.194.0-255,2902,89134,7,242738
22552,0.000978,172.31.36.0-255,66,89200,7,242738
22553,0.000995,172.217.194.0-255,2902,92102,7,242738
22554,0.000997,172.31.36.0-255,66,92168,7,242738
22555,0.001004,172.217.194.0-255,5738,97906,7,242738
22556,0.001007,172.31.36.0-255,66,97972,7,242738
22557,0.001031,172.217.194.0-255,7156,105128,7,242738
22558,0.001034,172.31.36.0-255,66,105194,7,242738
22559,0.00105,172.31.36.0-255,66,105260,7,242738
22560,0.001164,172.217.194.0-255,1484,106744,7,242738
22561,0.001169,172.217.194.0-255,2902,109646,7,242738
22562,0.001172,172.31.36.0-255,66,109712,7,242738
22563,0.001195,172.217.194.0-255,5738,115450,7,242738
22564,0.001198,172.31.36.0-255,66,115516,7,242738
22565,0.001205,172.217.194.0-255,5738,121254,7,242738
22566,0.001207,172.31.36.0-255,66,121320,7,242738
22567,0.001225,172.217.194.0-255,1484,122804,7,242738
22568,0.001256,172.31.36.0-255,66,122870,7,242738
22569,0.001261,172.217.194.0-255,2184,125054,7,242738
22570,0.001263,172.31.36.0-255,66,125120,7,242738
22571,0.001296,172.217.194.0-255,1484,126604,7,242738
22572,0.001312,172.217.194.0-255,2902,129506,7,242738
22573,0.001315,172.31.36.0-255,66,129572,7,242738
22574,0.001322,172.217.194.0-255,5738,135310,7,242738
22575,0.001329,172.31.36.0-255,66,135376,7,242738
22576,0.001388,172.217.194.0-255,7156,142532,7,242738
22577,0.001389,172.31.36.0-255,66,142598,7,242738
22578,0.001394,172.31.36.0-255,66,142664,7,242738
22579,0.001408,172.217.194.0-255,3602,146266,7,242738
22580,0.001416,172.31.36.0-255,66,146332,7,242738
22581,0.001539,172.217.194.0-255,1484,147816,7,242738
22582,0.001555,172.217.194.0-255,2902,150718,7,242738
22583,0.001558,172.31.36.0-255,66,150784,7,242738
22584,0.001564,172.217.194.0-255,4320,155104,7,242738
22585,0.001579,172.217.194.0-255,4320,159424,7,242738
22586,0.001579,172.31.36.0-255,66,159490,7,242738
22587,0.001584,172.31.36.0-255,66,159556,7,242738
22588,0.001598,172.217.194.0-255,4320,163876,7,242738
22589,0.001609,172.31.36.0-255,66,163942,7,242738
22590,0.001644,172.31.36.0-255,66,164008,7,242738
22591,0.001647,172.217.194.0-255,766,164774,7,242738
22592,0.001724,172.217.194.0-255,1484,166258,7,242738
22593,0.001734,172.31.36.0-255,66,166324,7,242738
22594,0.001741,172.217.194.0-255,2902,169226,7,242738
22595,0.001748,172.31.36.0-255,66,169292,7,242738
22596,0.001756,172.217.194.0-255,5738,175030,7,242738
22597,0.001762,172.31.36.0-255,66,175096,7,242738
22598,0.001772,172.217.194.0-255,5738,180834,7,242738
22599,0.001775,172.31.36.0-255,66,180900,7,242738
22600,0.001796,172.217.194.0-255,7156,188056,7,242738
22601,0.001805,172.31.36.0-255,66,188122,7,242738
22602,0.001822,172.217.194.0-255,2902,191024,7,242738
22603,0.00183,172.31.36.0-255,66,191090,7,242738
22604,0.001856,172.31.36.0-255,66,191156,7,242738
22605,0.001862,172.217.194.0-255,1484,192640,7,242738
22606,0.001866,172.217.194.0-255,2902,195542,7,242738
22607,0.00187,172.31.36.0-255,66,195608,7,242738
22608,0.001888,172.217.194.0-255,4320,199928,7,242738
22609,0.001895,172.31.36.0-255,66,199994,7,242738
22610,0.001902,172.217.194.0-255,1484,201478,7,242738
22611,0.001907,172.217.194.0-255,4320,205798,7,242738
22612,0.001911,172.31.36.0-255,66,205864,7,242738
22613,0.001932,172.217.194.0-255,7156,213020,7,242738
22614,0.001932,172.31.36.0-255,66,213086,7,242738
22615,0.001946,172.31.36.0-255,66,213152,7,242738
22616,0.001947,172.217.194.0-255,3602,216754,7,242738
22617,0.00195,172.31.36.0-255,66,216820,7,242738
22618,0.001974,172.217.194.0-255,1484,218304,7,242738
22619,0.002008,172.217.194.0-255,4320,222624,7,242738
22620,0.002012,172.31.36.0-255,66,222690,7,242738
22621,0.002039,172.31.36.0-255,66,222756,7,242738
22622,0.002042,172.217.194.0-255,3602,226358,7,242738
22623,0.002048,172.217.194.0-255,4320,230678,7,242738
22624,0.002053,172.31.36.0-255,66,230744,7,242738
22625,0.002079,172.31.36.0-255,66,230810,7,242738
22626,0.002083,172.217.194.0-255,1484,232294,7,242738
22627,0.002161,172.31.36.0-255,66,232360,7,242738
22628,0.002169,172.217.194.0-255,5020,237380,7,242738
22629,0.002171,172.217.194.0-255,658,238038,7,242738
22630,0.002174,172.217.194.0-255,105,238143,7,242738
22631,0.002175,172.31.36.0-255,66,238209,7,242738
22632,0.009532,172.31.36.0-255,66,238275,7,242738
22633,0.009557,172.31.36.0-255,105,238380,7,242738
22634,0.011801,172.217.194.0-255,66,238446,7,242738
22635,0.028563,172.31.36.0-255,172,238618,7,242738
22636,0.028593,172.31.36.0-255,1114,239732,7,242738
22637,0.028637,172.31.36.0-255,1514,241246,7,242738
22638,0.028639,172.31.36.0-255,1294,242540,7,242738
22639,0.030083,104.244.42.0-255,66,242606,7,242738
22640,0.030134,104.244.42.0-255,66,242672,7,242738
22641,0.03021,104.244.42.0-255,66,242738,7,242738
22642,0.0,172.31.36.0-255,105,105,7,105
22643,0.0,172.217.194.0-255,153,153,7,238894
22644,3.4e-05,172.31.36.0-255,66,219,7,238894
22645,4.1e-05,172.217.194.0-255,1484,1703,7,238894
22646,4.7e-05,172.31.36.0-255,66,1769,7,238894
22647,6e-05,172.217.194.0-255,2902,4671,7,238894
22648,6.3e-05,172.31.36.0-255,66,4737,7,238894
22649,7.1e-05,172.217.194.0-255,7156,11893,7,238894
22650,7.3e-05,172.31.36.0-255,66,11959,7,238894
22651,7.8e-05,172.217.194.0-255,1994,13953,7,238894
22652,8.1e-05,172.31.36.0-255,66,14019,7,238894
22653,0.000278,172.217.194.0-255,1484,15503,7,238894
22654,0.000283,172.31.36.0-255,66,15569,7,238894
22655,0.00029,172.217.194.0-255,2902,18471,7,238894
22656,0.000294,172.31.36.0-255,66,18537,7,238894
22657,0.000306,172.217.194.0-255,5738,24275,7,238894
22658,0.000309,172.31.36.0-255,66,24341,7,238894
22659,0.000372,172.31.36.0-255,66,24407,7,238894
22660,0.000399,172.217.194.0-255,3961,28368,7,238894
22661,0.000403,172.31.36.0-255,66,28434,7,238894
22662,0.00041,172.217.194.0-255,5738,34172,7,238894
22663,0.000412,172.31.36.0-255,66,34238,7,238894
22664,0.000445,172.217.194.0-255,5379,39617,7,238894
22665,0.00045,172.31.36.0-255,66,39683,7,238894
22666,0.001291,172.217.194.0-255,1484,41167,7,238894
22667,0.001297,172.31.36.0-255,66,41233,7,238894
22668,0.001307,172.217.194.0-255,2902,44135,7,238894
22669,0.00131,172.31.36.0-255,66,44201,7,238894
22670,0.001323,172.217.194.0-255,5738,49939,7,238894
22671,0.001325,172.31.36.0-255,66,50005,7,238894
22672,0.001332,172.217.194.0-255,5738,55743,7,238894
22673,0.001334,172.31.36.0-255,66,55809,7,238894
22674,0.001354,172.217.194.0-255,1125,56934,7,238894
22675,0.001386,172.217.194.0-255,1484,58418,7,238894
22676,0.00139,172.31.36.0-255,66,58484,7,238894
22677,0.001396,172.217.194.0-255,4320,62804,7,238894
22678,0.001398,172.31.36.0-255,66,62870,7,238894
22679,0.001419,172.31.36.0-255,66,62936,7,238894
22680,0.001426,172.217.194.0-255,6797,69733,7,238894
22681,0.001428,172.31.36.0-255,66,69799,7,238894
22682,0.001504,172.31.36.0-255,66,69865,7,238894
22683,0.001606,172.217.194.0-255,1484,71349,7,238894
22684,0.001613,172.217.194.0-255,2902,74251,7,238894
22685,0.001616,172.31.36.0-255,66,74317,7,238894
22686,0.001641,172.217.194.0-255,5738,80055,7,238894
22687,0.001643,172.31.36.0-255,66,80121,7,238894
22688,0.00165,172.217.194.0-255,5738,85859,7,238894
22689,0.001652,172.31.36.0-255,66,85925,7,238894
22690,0.001675,172.217.194.0-255,4320,90245,7,238894
22691,0.001678,172.31.36.0-255,66,90311,7,238894
22692,0.001684,172.217.194.0-255,5738,96049,7,238894
22693,0.001686,172.31.36.0-255,66,96115,7,238894
22694,0.001723,172.31.36.0-255,66,96181,7,238894
22695,0.001889,172.217.194.0-255,1484,97665,7,238894
22696,0.001893,172.217.194.0-255,1484,99149,7,238894
22697,0.001898,172.31.36.0-255,66,99215,7,238894
22698,0.001918,172.217.194.0-255,1484,100699,7,238894
22699,0.001925,172.217.194.0-255,5738,106437,7,238894
22700,0.001927,172.31.36.0-255,66,106503,7,238894
22701,0.001934,172.217.194.0-255,5738,112241,7,238894
22702,0.001936,172.31.36.0-255,66,112307,7,238894
22703,0.001972,172.217.194.0-255,7156,119463,7,238894
22704,0.001975,172.31.36.0-255,66,119529,7,238894
22705,0.001978,172.217.194.0-255,1484,121013,7,238894
22706,0.00198,172.217.194.0-255,1484,122497,7,238894
22707,0.001982,172.31.36.0-255,66,122563,7,238894
22708,0.002019,172.31.36.0-255,66,122629,7,238894
22709,0.004327,172.217.194.0-255,5738,128367,7,238894
22710,0.004331,172.31.36.0-255,66,128433,7,238894
22711,0.006622,172.217.194.0-255,5738,134171,7,238894
22712,0.006628,172.31.36.0-255,66,134237,7,238894
22713,0.008929,172.217.194.0-255,5738,139975,7,238894
22714,0.008935,172.31.36.0-255,66,140041,7,238894
22715,0.01123,172.217.194.0-255,5738,145779,7,238894
22716,0.011238,172.31.36.0-255,66,145845,7,238894
22717,0.013514,172.217.194.0-255,5738,151583,7,238894
22718,0.013521,172.31.36.0-255,66,151649,7,238894
22719,0.01579,172.217.194.0-255,5738,157387,7,238894
22720,0.015797,172.31.36.0-255,66,157453,7,238894
22721,0.018107,172.217.194.0-255,5738,163191,7,238894
22722,0.018118,172.31.36.0-255,66,163257,7,238894
22723,0.020411,172.217.194.0-255,5738,168995,7,238894
22724,0.020418,172.31.36.0-255,66,169061,7,238894
22725,0.022706,172.217.194.0-255,5738,174799,7,238894
22726,0.022713,172.31.36.0-255,66,174865,7,238894
22727,0.02402,172.31.36.0-255,188,175053,7,238894
22728,0.024063,172.31.36.0-255,958,176011,7,238894
22729,0.024142,172.31.36.0-255,1514,177525,7,238894
22730,0.024144,172.31.36.0-255,1449,178974,7,238894
22731,0.025008,172.217.194.0-255,5738,184712,7,238894
22732,0.025015,172.31.36.0-255,66,184778,7,238894
22733,0.0256,104.244.42.0-255,66,184844,7,238894
22734,0.025645,104.244.42.0-255,66,184910,7,238894
22735,0.025747,104.244.42.0-255,66,184976,7,238894
22736,0.027322,172.217.194.0-255,4320,189296,7,238894
22737,0.027327,172.31.36.0-255,66,189362,7,238894
22738,0.027361,172.217.194.0-255,1484,190846,7,238894
22739,0.029613,172.217.194.0-255,2902,193748,7,238894
22740,0.029619,172.31.36.0-255,66,193814,7,238894
22741,0.031903,172.217.194.0-255,4320,198134,7,238894
22742,0.031909,172.31.36.0-255,66,198200,7,238894
22743,0.031946,172.217.194.0-255,1484,199684,7,238894
22744,0.034197,172.217.194.0-255,4320,204004,7,238894
22745,0.034203,172.31.36.0-255,66,204070,7,238894
22746,0.036543,172.217.194.0-255,5738,209808,7,238894
22747,0.03655,172.31.36.0-255,66,209874,7,238894
22748,0.038849,172.217.194.0-255,5738,215612,7,238894
22749,0.038854,172.31.36.0-255,66,215678,7,238894
22750,0.041134,172.217.194.0-255,5738,221416,7,238894
22751,0.041139,172.31.36.0-255,66,221482,7,238894
22752,0.043475,172.217.194.0-255,5738,227220,7,238894
22753,0.043478,172.31.36.0-255,66,227286,7,238894
22754,0.045787,172.217.194.0-255,5738,233024,7,238894
22755,0.045791,172.31.36.0-255,66,233090,7,238894
22756,0.048086,172.217.194.0-255,5738,238828,7,238894
22757,0.048092,172.31.36.0-255,66,238894,7,238894
22758,0.0,74.125.24.0-255,146,146,7,244871
22759,3.5e-05,172.31.36.0-255,66,212,7,244871
22760,4.3e-05,74.125.24.0-255,1484,1696,7,244871
22761,4.7e-05,172.31.36.0-255,66,1762,7,244871
22762,5.3e-05,74.125.24.0-255,2902,4664,7,244871
22763,5.6e-05,172.31.36.0-255,66,4730,7,244871
22764,6.3e-05,74.125.24.0-255,7156,11886,7,244871
22765,6.5e-05,172.31.36.0-255,66,11952,7,244871
22766,7e-05,74.125.24.0-255,2100,14052,7,244871
22767,7.2e-05,172.31.36.0-255,66,14118,7,244871
22768,0.000126,172.31.36.0-255,66,14184,7,244871
22769,0.000132,74.125.24.0-255,5379,19563,7,244871
22770,0.000135,172.31.36.0-255,66,19629,7,244871
22771,0.000335,74.125.24.0-255,1484,21113,7,244871
22772,0.00034,172.31.36.0-255,66,21179,7,244871
22773,0.000348,74.125.24.0-255,2902,24081,7,244871
22774,0.000351,172.31.36.0-255,66,24147,7,244871
22775,0.000358,74.125.24.0-255,5738,29885,7,244871
22776,0.000361,172.31.36.0-255,66,29951,7,244871
22777,0.000375,74.125.24.0-255,1484,31435,7,244871
22778,0.000379,172.31.36.0-255,66,31501,7,244871
22779,0.000399,74.125.24.0-255,2902,34403,7,244871
22780,0.000403,172.31.36.0-255,66,34469,7,244871
22781,0.000425,74.125.24.0-255,5379,39848,7,244871
22782,0.000428,172.31.36.0-255,66,39914,7,244871
22783,0.00047,74.125.24.0-255,5738,45652,7,244871
22784,0.000473,172.31.36.0-255,66,45718,7,244871
22785,0.000479,74.125.24.0-255,2902,48620,7,244871
22786,0.000481,172.31.36.0-255,66,48686,7,244871
22787,0.000503,74.125.24.0-255,5655,54341,7,244871
22788,0.000507,172.31.36.0-255,66,54407,7,244871
22789,0.000547,74.125.24.0-255,133,54540,7,244871
22790,0.000791,172.31.36.0-255,66,54606,7,244871
22791,0.000804,74.125.24.0-255,1484,56090,7,244871
22792,0.000808,74.125.24.0-255,1484,57574,7,244871
22793,0.00082,74.125.24.0-255,1484,59058,7,244871
22794,0.00084,74.125.24.0-255,5738,64796,7,244871
22795,0.000846,172.31.36.0-255,66,64862,7,244871
22796,0.000875,172.31.36.0-255,66,64928,7,244871
22797,0.00089,74.125.24.0-255,5379,70307,7,244871
22798,0.0009,172.31.36.0-255,66,70373,7,244871
22799,0.000905,172.31.36.0-255,66,70439,7,244871
22800,0.000916,74.125.24.0-255,1125,71564,7,244871
22801,0.001112,172.31.36.0-255,66,71630,7,244871
22802,0.00168,74.125.24.0-255,1484,73114,7,244871
22803,0.00169,74.125.24.0-255,2902,76016,7,244871
22804,0.001697,74.125.24.0-255,4320,80336,7,244871
22805,0.001711,74.125.24.0-255,1484,81820,7,244871
22806,0.001734,74.125.24.0-255,7156,88976,7,244871
22807,0.001755,74.125.24.0-255,5738,94714,7,244871
22808,0.001759,74.125.24.0-255,4320,99034,7,244871
22809,0.001794,74.125.24.0-255,1484,100518,7,244871
22810,0.001812,74.125.24.0-255,5020,105538,7,244871
22811,0.001927,74.125.24.0-255,1484,107022,7,244871
22812,0.00194,74.125.24.0-255,2902,109924,7,244871
22813,0.001966,74.125.24.0-255,5738,115662,7,244871
22814,0.00197,74.125.24.0-255,2902,118564,7,244871
22815,0.006614,172.31.36.0-255,66,118630,7,244871
22816,0.008613,74.125.24.0-255,5738,124368,7,244871
22817,0.00862,172.31.36.0-255,66,124434,7,244871
22818,0.010596,74.125.24.0-255,5738,130172,7,244871
22819,0.011631,172.31.36.0-255,66,130238,7,244871
22820,0.013613,74.125.24.0-255,5738,135976,7,244871
22821,0.013623,172.31.36.0-255,66,136042,7,244871
22822,0.015603,74.125.24.0-255,5738,141780,7,244871
22823,0.015611,172.31.36.0-255,66,141846,7,244871
22824,0.017609,74.125.24.0-255,5738,147584,7,244871
22825,0.017617,172.31.36.0-255,66,147650,7,244871
22826,0.01961,74.125.24.0-255,5738,153388,7,244871
22827,0.019616,172.31.36.0-255,66,153454,7,244871
22828,0.021616,74.125.24.0-255,5738,159192,7,244871
22829,0.021623,172.31.36.0-255,66,159258,7,244871
22830,0.023555,74.125.24.0-255,5738,164996,7,244871
22831,0.023561,172.31.36.0-255,66,165062,7,244871
22832,0.025538,74.125.24.0-255,5738,170800,7,244871
22833,0.025545,172.31.36.0-255,66,170866,7,244871
22834,0.027505,74.125.24.0-255,5738,176604,7,244871
22835,0.027511,172.31.36.0-255,66,176670,7,244871
22836,0.027833,172.31.36.0-255,172,176842,7,244871
22837,0.027884,172.31.36.0-255,1114,177956,7,244871
22838,0.02795,172.31.36.0-255,1514,179470,7,244871
22839,0.027975,172.31.36.0-255,1293,180763,7,244871
22840,0.029359,104.244.42.0-255,66,180829,7,244871
22841,0.029452,104.244.42.0-255,66,180895,7,244871
22842,0.029529,74.125.24.0-255,5738,186633,7,244871
22843,0.029539,172.31.36.0-255,66,186699,7,244871
22844,0.029558,104.244.42.0-255,66,186765,7,244871
22845,0.029563,104.244.42.0-255,66,186831,7,244871
22846,0.031471,74.125.24.0-255,5738,192569,7,244871
22847,0.03148,172.31.36.0-255,66,192635,7,244871
22848,0.033432,74.125.24.0-255,5738,198373,7,244871
22849,0.033438,172.31.36.0-255,66,198439,7,244871
22850,0.035387,74.125.24.0-255,5738,204177,7,244871
22851,0.035408,172.31.36.0-255,66,204243,7,244871
22852,0.037384,74.125.24.0-255,5738,209981,7,244871
22853,0.03739,172.31.36.0-255,66,210047,7,244871
22854,0.039315,74.125.24.0-255,5738,215785,7,244871
22855,0.039321,172.31.36.0-255,66,215851,7,244871
22856,0.041283,74.125.24.0-255,5738,221589,7,244871
22857,0.041289,172.31.36.0-255,66,221655,7,244871
22858,0.04331,74.125.24.0-255,5738,227393,7,244871
22859,0.043316,172.31.36.0-255,66,227459,7,244871
22860,0.045252,74.125.24.0-255,5738,233197,7,244871
22861,0.045258,172.31.36.0-255,66,233263,7,244871
22862,0.047304,74.125.24.0-255,5738,239001,7,244871
22863,0.047311,172.31.36.0-255,66,239067,7,244871
22864,0.049289,74.125.24.0-255,5738,244805,7,244871
22865,0.049295,172.31.36.0-255,66,244871,7,244871
22866,0.0,74.125.200.0-255,146,146,7,279760
22867,2.7e-05,172.31.36.0-255,66,212,7,279760
22868,3.5e-05,74.125.200.0-255,1484,1696,7,279760
22869,3.9e-05,172.31.36.0-255,66,1762,7,279760
22870,4.5e-05,74.125.200.0-255,2902,4664,7,279760
22871,4.8e-05,172.31.36.0-255,66,4730,7,279760
22872,6.5e-05,74.125.200.0-255,7156,11886,7,279760
22873,6.8e-05,172.31.36.0-255,66,11952,7,279760
22874,0.0001,74.125.200.0-255,2029,13981,7,279760
22875,0.000103,172.31.36.0-255,66,14047,7,279760
22876,0.000218,74.125.200.0-255,1484,15531,7,279760
22877,0.000222,172.31.36.0-255,66,15597,7,279760
22878,0.000227,74.125.200.0-255,2902,18499,7,279760
22879,0.00023,172.31.36.0-255,66,18565,7,279760
22880,0.000259,74.125.200.0-255,5738,24303,7,279760
22881,0.000261,172.31.36.0-255,66,24369,7,279760
22882,0.000266,74.125.200.0-255,2902,27271,7,279760
22883,0.000269,172.31.36.0-255,66,27337,7,279760
22884,0.000303,74.125.200.0-255,3961,31298,7,279760
22885,0.000306,172.31.36.0-255,66,31364,7,279760
22886,0.000443,74.125.200.0-255,1484,32848,7,279760
22887,0.000447,172.31.36.0-255,66,32914,7,279760
22888,0.000477,74.125.200.0-255,1484,34398,7,279760
22889,0.00048,172.31.36.0-255,66,34464,7,279760
22890,0.000485,74.125.200.0-255,2902,37366,7,279760
22891,0.000487,172.31.36.0-255,66,37432,7,279760
22892,0.000494,74.125.200.0-255,5738,43170,7,279760
22893,0.000496,172.31.36.0-255,66,43236,7,279760
22894,0.000499,74.125.200.0-255,1484,44720,7,279760
22895,0.000501,172.31.36.0-255,66,44786,7,279760
22896,0.000539,74.125.200.0-255,3961,48747,7,279760
22897,0.000542,172.31.36.0-255,66,48813,7,279760
22898,0.000549,74.125.200.0-255,5738,54551,7,279760
22899,0.000604,74.125.200.0-255,401,54952,7,279760
22900,0.00062,172.31.36.0-255,66,55018,7,279760
22901,0.000646,74.125.200.0-255,110,55128,7,279760
22902,0.000717,74.125.200.0-255,331,55459,7,279760
22903,0.001048,74.125.200.0-255,1484,56943,7,279760
22904,0.001053,172.31.36.0-255,66,57009,7,279760
22905,0.001059,74.125.200.0-255,2902,59911,7,279760
22906,0.001081,74.125.200.0-255,4320,64231,7,279760
22907,0.00109,172.31.36.0-255,66,64297,7,279760
22908,0.001142,172.31.36.0-255,66,64363,7,279760
22909,0.001179,172.31.36.0-255,66,64429,7,279760
22910,0.001311,74.125.200.0-255,1484,65913,7,279760
22911,0.001317,74.125.200.0-255,2902,68815,7,279760
22912,0.001323,74.125.200.0-255,4320,73135,7,279760
22913,0.001347,74.125.200.0-255,5738,78873,7,279760
22914,0.001352,172.31.36.0-255,66,78939,7,279760
22915,0.001357,172.31.36.0-255,66,79005,7,279760
22916,0.001384,74.125.200.0-255,2902,81907,7,279760
22917,0.00141,172.31.36.0-255,66,81973,7,279760
22918,0.00142,74.125.200.0-255,5738,87711,7,279760
22919,0.001425,172.31.36.0-255,66,87777,7,279760
22920,0.001442,74.125.200.0-255,2184,89961,7,279760
22921,0.001465,172.31.36.0-255,66,90027,7,279760
22922,0.00183,74.125.200.0-255,1484,91511,7,279760
22923,0.001852,74.125.200.0-255,2902,94413,7,279760
22924,0.001855,172.31.36.0-255,66,94479,7,279760
22925,0.001861,74.125.200.0-255,2902,97381,7,279760
22926,0.001867,172.31.36.0-255,66,97447,7,279760
22927,0.001886,74.125.200.0-255,2902,100349,7,279760
22928,0.001888,74.125.200.0-255,1484,101833,7,279760
22929,0.001918,74.125.200.0-255,1484,103317,7,279760
22930,0.00193,74.125.200.0-255,2902,106219,7,279760
22931,0.001941,172.31.36.0-255,66,106285,7,279760
22932,0.001952,74.125.200.0-255,5738,112023,7,279760
22933,0.001962,172.31.36.0-255,66,112089,7,279760
22934,0.001996,74.125.200.0-255,3602,115691,7,279760
22935,0.002004,172.31.36.0-255,66,115757,7,279760
22936,0.002054,74.125.200.0-255,1484,117241,7,279760
22937,0.002059,74.125.200.0-255,2902,120143,7,279760
22938,0.002062,172.31.36.0-255,66,120209,7,279760
22939,0.00209,74.125.200.0-255,5738,125947,7,279760
22940,0.002102,74.125.200.0-255,4320,130267,7,279760
22941,0.002116,74.125.200.0-255,2902,133169,7,279760
22942,0.002126,172.31.36.0-255,66,133235,7,279760
22943,0.002186,74.125.200.0-255,5020,138255,7,279760
22944,0.002201,172.31.36.0-255,66,138321,7,279760
22945,0.002259,74.125.200.0-255,1484,139805,7,279760
22946,0.002273,74.125.200.0-255,2902,142707,7,279760
22947,0.002296,74.125.200.0-255,4320,147027,7,279760
22948,0.002303,74.125.200.0-255,5738,152765,7,279760
22949,0.002308,172.31.36.0-255,66,152831,7,279760
22950,0.002347,74.125.200.0-255,4320,157151,7,279760
22951,0.002361,172.31.36.0-255,66,157217,7,279760
22952,0.002391,74.125.200.0-255,3602,160819,7,279760
22953,0.002446,172.31.36.0-255,66,160885,7,279760
22954,0.002512,74.125.200.0-255,1484,162369,7,279760
22955,0.002528,74.125.200.0-255,2902,165271,7,279760
22956,0.002546,74.125.200.0-255,4320,169591,7,279760
22957,0.002554,74.125.200.0-255,5738,175329,7,279760
22958,0.002575,172.31.36.0-255,66,175395,7,279760
22959,0.002593,74.125.200.0-255,4320,179715,7,279760
22960,0.002614,74.125.200.0-255,5738,185453,7,279760
22961,0.007543,172.31.36.0-255,66,185519,7,279760
22962,0.010104,74.125.200.0-255,5738,191257,7,279760
22963,0.010112,172.31.36.0-255,66,191323,7,279760
22964,0.012674,74.125.200.0-255,5738,197061,7,279760
22965,0.012701,172.31.36.0-255,66,197127,7,279760
22966,0.015258,74.125.200.0-255,5738,202865,7,279760
22967,0.015267,172.31.36.0-255,66,202931,7,279760
22968,0.017835,74.125.200.0-255,5738,208669,7,279760
22969,0.017847,172.31.36.0-255,66,208735,7,279760
22970,0.020414,74.125.200.0-255,5738,214473,7,279760
22971,0.020423,172.31.36.0-255,66,214539,7,279760
22972,0.022975,74.125.200.0-255,5738,220277,7,279760
22973,0.022982,172.31.36.0-255,66,220343,7,279760
22974,0.025535,74.125.200.0-255,5738,226081,7,279760
22975,0.025543,172.31.36.0-255,66,226147,7,279760
22976,0.028098,74.125.200.0-255,5738,231885,7,279760
22977,0.028105,172.31.36.0-255,66,231951,7,279760
22978,0.030667,74.125.200.0-255,5738,237689,7,279760
22979,0.030676,172.31.36.0-255,66,237755,7,279760
22980,0.03324,74.125.200.0-255,5738,243493,7,279760
22981,0.033247,172.31.36.0-255,66,243559,7,279760
22982,0.035805,74.125.200.0-255,5738,249297,7,279760
22983,0.035813,172.31.36.0-255,66,249363,7,279760
22984,0.037081,172.31.36.0-255,172,249535,7,279760
22985,0.037108,172.31.36.0-255,1073,250608,7,279760
22986,0.038372,74.125.200.0-255,5738,256346,7,279760
22987,0.038379,172.31.36.0-255,66,256412,7,279760
22988,0.038608,104.244.42.0-255,66,256478,7,279760
22989,0.038646,104.244.42.0-255,66,256544,7,279760
22990,0.040938,74.125.200.0-255,5738,262282,7,279760
22991,0.040948,172.31.36.0-255,66,262348,7,279760
22992,0.043521,74.125.200.0-255,5738,268086,7,279760
22993,0.043531,172.31.36.0-255,66,268152,7,279760
22994,0.0461,74.125.200.0-255,5738,273890,7,279760
22995,0.046108,172.31.36.0-255,66,273956,7,279760
22996,0.048671,74.125.200.0-255,5738,279694,7,279760
22997,0.048693,172.31.36.0-255,66,279760,7,279760
22998,0.0,74.125.24.0-255,152,152,7,208334
22999,2.6e-05,172.31.36.0-255,66,218,7,208334
23000,3.3e-05,74.125.24.0-255,1484,1702,7,208334
23001,3.7e-05,172.31.36.0-255,66,1768,7,208334
23002,4.2e-05,74.125.24.0-255,2902,4670,7,208334
23003,4.5e-05,172.31.36.0-255,66,4736,7,208334
23004,5.4e-05,74.125.24.0-255,1484,6220,7,208334
23005,5.6e-05,172.31.36.0-255,66,6286,7,208334
23006,7.9e-05,74.125.24.0-255,4320,10606,7,208334
23007,8.2e-05,172.31.36.0-255,66,10672,7,208334
23008,0.0001,74.125.24.0-255,1484,12156,7,208334
23009,0.000102,172.31.36.0-255,66,12222,7,208334
23010,0.000116,74.125.24.0-255,2108,14330,7,208334
23011,0.000119,172.31.36.0-255,66,14396,7,208334
23012,0.000194,74.125.24.0-255,1484,15880,7,208334
23013,0.000198,172.31.36.0-255,66,15946,7,208334
23014,0.000203,74.125.24.0-255,2902,18848,7,208334
23015,0.000205,172.31.36.0-255,66,18914,7,208334
23016,0.000232,74.125.24.0-255,5738,24652,7,208334
23017,0.000234,172.31.36.0-255,66,24718,7,208334
23018,0.000256,74.125.24.0-255,4320,29038,7,208334
23019,0.00026,172.31.36.0-255,66,29104,7,208334
23020,0.00029,172.31.36.0-255,66,29170,7,208334
23021,0.000305,172.31.36.0-255,66,29236,7,208334
23022,0.00031,74.125.24.0-255,4320,33556,7,208334
23023,0.000313,172.31.36.0-255,66,33622,7,208334
23024,0.000352,172.31.36.0-255,66,33688,7,208334
23025,0.000355,74.125.24.0-255,414,34102,7,208334
23026,0.000358,172.31.36.0-255,66,34168,7,208334
23027,0.00039,74.125.24.0-255,329,34497,7,208334
23028,0.000804,172.31.36.0-255,66,34563,7,208334
23029,0.000814,74.125.24.0-255,1484,36047,7,208334
23030,0.00082,74.125.24.0-255,2902,38949,7,208334
23031,0.000823,172.31.36.0-255,66,39015,7,208334
23032,0.000829,74.125.24.0-255,4320,43335,7,208334
23033,0.000832,172.31.36.0-255,66,43401,7,208334
23034,0.000842,74.125.24.0-255,1484,44885,7,208334
23035,0.000845,74.125.24.0-255,1484,46369,7,208334
23036,0.000848,172.31.36.0-255,66,46435,7,208334
23037,0.000864,74.125.24.0-255,7156,53591,7,208334
23038,0.000867,172.31.36.0-255,66,53657,7,208334
23039,0.000879,74.125.24.0-255,4320,57977,7,208334
23040,0.000883,172.31.36.0-255,66,58043,7,208334
23041,0.000889,74.125.24.0-255,7156,65199,7,208334
23042,0.000891,172.31.36.0-255,66,65265,7,208334
23043,0.000914,74.125.24.0-255,3602,68867,7,208334
23044,0.000917,172.31.36.0-255,66,68933,7,208334
23045,0.001304,74.125.24.0-255,1484,70417,7,208334
23046,0.001313,74.125.24.0-255,2902,73319,7,208334
23047,0.001319,172.31.36.0-255,66,73385,7,208334
23048,0.001327,74.125.24.0-255,5738,79123,7,208334
23049,0.001329,172.31.36.0-255,66,79189,7,208334
23050,0.001363,172.31.36.0-255,66,79255,7,208334
23051,0.00139,172.31.36.0-255,66,79321,7,208334
23052,0.002278,74.125.24.0-255,1484,80805,7,208334
23053,0.002297,74.125.24.0-255,2902,83707,7,208334
23054,0.002302,172.31.36.0-255,66,83773,7,208334
23055,0.002309,74.125.24.0-255,5738,89511,7,208334
23056,0.002311,172.31.36.0-255,66,89577,7,208334
23057,0.002342,172.31.36.0-255,66,89643,7,208334
23058,0.002386,74.125.24.0-255,5738,95381,7,208334
23059,0.002389,172.31.36.0-255,66,95447,7,208334
23060,0.002409,74.125.24.0-255,5020,100467,7,208334
23061,0.002412,172.31.36.0-255,66,100533,7,208334
23062,0.004935,74.125.24.0-255,5738,106271,7,208334
23063,0.004939,172.31.36.0-255,66,106337,7,208334
23064,0.007485,74.125.24.0-255,5738,112075,7,208334
23065,0.007492,172.31.36.0-255,66,112141,7,208334
23066,0.010061,74.125.24.0-255,5738,117879,7,208334
23067,0.010069,172.31.36.0-255,66,117945,7,208334
23068,0.012645,74.125.24.0-255,5738,123683,7,208334
23069,0.012653,172.31.36.0-255,66,123749,7,208334
23070,0.01519,74.125.24.0-255,5738,129487,7,208334
23071,0.015198,172.31.36.0-255,66,129553,7,208334
23072,0.017716,74.125.24.0-255,5738,135291,7,208334
23073,0.017722,172.31.36.0-255,66,135357,7,208334
23074,0.020242,74.125.24.0-255,5738,141095,7,208334
23075,0.020249,172.31.36.0-255,66,141161,7,208334
23076,0.022772,74.125.24.0-255,5738,146899,7,208334
23077,0.022779,172.31.36.0-255,66,146965,7,208334
23078,0.024057,172.31.36.0-255,172,147137,7,208334
23079,0.024089,172.31.36.0-255,1114,148251,7,208334
23080,0.024129,172.31.36.0-255,1514,149765,7,208334
23081,0.024131,172.31.36.0-255,331,150096,7,208334
23082,0.025365,74.125.24.0-255,5738,155834,7,208334
23083,0.025373,172.31.36.0-255,66,155900,7,208334
23084,0.025617,104.244.42.0-255,66,155966,7,208334
23085,0.025662,104.244.42.0-255,66,156032,7,208334
23086,0.025709,104.244.42.0-255,66,156098,7,208334
23087,0.027891,74.125.24.0-255,5738,161836,7,208334
23088,0.027897,172.31.36.0-255,66,161902,7,208334
23089,0.030429,74.125.24.0-255,5738,167640,7,208334
23090,0.030436,172.31.36.0-255,66,167706,7,208334
23091,0.032948,74.125.24.0-255,5738,173444,7,208334
23092,0.032955,172.31.36.0-255,66,173510,7,208334
23093,0.035526,74.125.24.0-255,5738,179248,7,208334
23094,0.035532,172.31.36.0-255,66,179314,7,208334
23095,0.038072,74.125.24.0-255,5738,185052,7,208334
23096,0.038078,172.31.36.0-255,66,185118,7,208334
23097,0.040598,74.125.24.0-255,5738,190856,7,208334
23098,0.040604,172.31.36.0-255,66,190922,7,208334
23099,0.043148,74.125.24.0-255,5738,196660,7,208334
23100,0.043156,172.31.36.0-255,66,196726,7,208334
23101,0.045665,74.125.24.0-255,5738,202464,7,208334
23102,0.045671,172.31.36.0-255,66,202530,7,208334
23103,0.048223,74.125.24.0-255,5738,208268,7,208334
23104,0.048229,172.31.36.0-255,66,208334,7,208334
23105,0.0,172.217.194.0-255,150,150,7,299771
23106,3e-05,172.31.36.0-255,66,216,7,299771
23107,3.7e-05,172.217.194.0-255,1484,1700,7,299771
23108,4.2e-05,172.31.36.0-255,66,1766,7,299771
23109,4.6e-05,172.217.194.0-255,2902,4668,7,299771
23110,4.9e-05,172.31.36.0-255,66,4734,7,299771
23111,5.2e-05,172.217.194.0-255,1484,6218,7,299771
23112,5.4e-05,172.31.36.0-255,66,6284,7,299771
23113,0.000109,172.217.194.0-255,2902,9186,7,299771
23114,0.000112,172.31.36.0-255,66,9252,7,299771
23115,0.000134,172.217.194.0-255,4875,14127,7,299771
23116,0.000138,172.31.36.0-255,66,14193,7,299771
23117,0.000242,172.217.194.0-255,1484,15677,7,299771
23118,0.000245,172.31.36.0-255,66,15743,7,299771
23119,0.000252,172.217.194.0-255,2902,18645,7,299771
23120,0.000254,172.31.36.0-255,66,18711,7,299771
23121,0.000281,172.217.194.0-255,5738,24449,7,299771
23122,0.000286,172.31.36.0-255,66,24515,7,299771
23123,0.000305,172.217.194.0-255,4320,28835,7,299771
23124,0.000308,172.31.36.0-255,66,28901,7,299771
23125,0.00034,172.31.36.0-255,66,28967,7,299771
23126,0.000357,172.217.194.0-255,2902,31869,7,299771
23127,0.000362,172.31.36.0-255,66,31935,7,299771
23128,0.000379,172.31.36.0-255,66,32001,7,299771
23129,0.00069,172.217.194.0-255,1484,33485,7,299771
23130,0.000695,172.31.36.0-255,66,33551,7,299771
23131,0.000702,172.217.194.0-255,2902,36453,7,299771
23132,0.000704,172.31.36.0-255,66,36519,7,299771
23133,0.000712,172.217.194.0-255,5738,42257,7,299771
23134,0.000714,172.31.36.0-255,66,42323,7,299771
23135,0.000756,172.217.194.0-255,4320,46643,7,299771
23136,0.000759,172.31.36.0-255,66,46709,7,299771
23137,0.000782,172.217.194.0-255,3122,49831,7,299771
23138,0.000784,172.31.36.0-255,66,49897,7,299771
23139,0.000795,172.31.36.0-255,66,49963,7,299771
23140,0.000821,172.31.36.0-255,66,50029,7,299771
23141,0.000849,172.217.194.0-255,4320,54349,7,299771
23142,0.000852,172.31.36.0-255,66,54415,7,299771
23143,0.000859,172.217.194.0-255,6438,60853,7,299771
23144,0.000862,172.31.36.0-255,66,60919,7,299771
23145,0.000961,172.217.194.0-255,1484,62403,7,299771
23146,0.000967,172.217.194.0-255,2902,65305,7,299771
23147,0.000971,172.31.36.0-255,66,65371,7,299771
23148,0.000975,172.217.194.0-255,1484,66855,7,299771
23149,0.000992,172.217.194.0-255,4320,71175,7,299771
23150,0.000995,172.31.36.0-255,66,71241,7,299771
23151,0.000998,172.217.194.0-255,1484,72725,7,299771
23152,0.001034,172.31.36.0-255,66,72791,7,299771
23153,0.001039,172.217.194.0-255,4320,77111,7,299771
23154,0.001042,172.31.36.0-255,66,77177,7,299771
23155,0.001059,172.217.194.0-255,5738,82915,7,299771
23156,0.001062,172.31.36.0-255,66,82981,7,299771
23157,0.001065,172.217.194.0-255,766,83747,7,299771
23158,0.001097,172.217.194.0-255,1484,85231,7,299771
23159,0.0011,172.31.36.0-255,66,85297,7,299771
23160,0.001121,172.217.194.0-255,4320,89617,7,299771
23161,0.001124,172.31.36.0-255,66,89683,7,299771
23162,0.001134,172.31.36.0-255,66,89749,7,299771
23163,0.001153,172.217.194.0-255,4320,94069,7,299771
23164,0.001156,172.31.36.0-255,66,94135,7,299771
23165,0.001198,172.217.194.0-255,2184,96319,7,299771
23166,0.0012,172.31.36.0-255,66,96385,7,299771
23167,0.001204,172.31.36.0-255,66,96451,7,299771
23168,0.001643,172.217.194.0-255,1484,97935,7,299771
23169,0.001649,172.217.194.0-255,2902,100837,7,299771
23170,0.001652,172.31.36.0-255,66,100903,7,299771
23171,0.001658,172.217.194.0-255,2902,103805,7,299771
23172,0.00166,172.31.36.0-255,66,103871,7,299771
23173,0.001674,172.217.194.0-255,2902,106773,7,299771
23174,0.001677,172.31.36.0-255,66,106839,7,299771
23175,0.001711,172.31.36.0-255,66,106905,7,299771
23176,0.001724,172.217.194.0-255,2902,109807,7,299771
23177,0.001727,172.31.36.0-255,66,109873,7,299771
23178,0.001747,172.217.194.0-255,7156,117029,7,299771
23179,0.001749,172.31.36.0-255,66,117095,7,299771
23180,0.001764,172.217.194.0-255,3602,120697,7,299771
23181,0.001767,172.31.36.0-255,66,120763,7,299771
23182,0.002016,172.217.194.0-255,1484,122247,7,299771
23183,0.002025,172.217.194.0-255,2902,125149,7,299771
23184,0.002028,172.31.36.0-255,66,125215,7,299771
23185,0.002033,172.217.194.0-255,1484,126699,7,299771
23186,0.002051,172.217.194.0-255,2902,129601,7,299771
23187,0.002054,172.31.36.0-255,66,129667,7,299771
23188,0.002061,172.217.194.0-255,5738,135405,7,299771
23189,0.002063,172.31.36.0-255,66,135471,7,299771
23190,0.002101,172.31.36.0-255,66,135537,7,299771
23191,0.002105,172.217.194.0-255,1484,137021,7,299771
23192,0.002123,172.217.194.0-255,5738,142759,7,299771
23193,0.002126,172.31.36.0-255,66,142825,7,299771
23194,0.002142,172.217.194.0-255,766,143591,7,299771
23195,0.002181,172.217.194.0-255,1484,145075,7,299771
23196,0.002185,172.31.36.0-255,66,145141,7,299771
23197,0.002202,172.217.194.0-255,4320,149461,7,299771
23198,0.002205,172.31.36.0-255,66,149527,7,299771
23199,0.002213,172.217.194.0-255,7156,156683,7,299771
23200,0.002215,172.31.36.0-255,66,156749,7,299771
23201,0.002232,172.217.194.0-255,1484,158233,7,299771
23202,0.002258,172.31.36.0-255,66,158299,7,299771
23203,0.002279,172.217.194.0-255,5738,164037,7,299771
23204,0.002281,172.31.36.0-255,66,164103,7,299771
23205,0.002288,172.217.194.0-255,5020,169123,7,299771
23206,0.00229,172.31.36.0-255,66,169189,7,299771
23207,0.002374,172.217.194.0-255,1484,170673,7,299771
23208,0.002379,172.217.194.0-255,1484,172157,7,299771
23209,0.002383,172.31.36.0-255,66,172223,7,299771
23210,0.002395,172.217.194.0-255,1484,173707,7,299771
23211,0.0024,172.217.194.0-255,4320,178027,7,299771
23212,0.002402,172.31.36.0-255,66,178093,7,299771
23213,0.00242,172.217.194.0-255,1484,179577,7,299771
23214,0.002452,172.31.36.0-255,66,179643,7,299771
23215,0.00246,172.217.194.0-255,7156,186799,7,299771
23216,0.002463,172.31.36.0-255,66,186865,7,299771
23217,0.002486,172.217.194.0-255,3602,190467,7,299771
23218,0.002489,172.31.36.0-255,66,190533,7,299771
23219,0.002517,172.217.194.0-255,1484,192017,7,299771
23220,0.005037,172.217.194.0-255,4320,196337,7,299771
23221,0.005044,172.31.36.0-255,66,196403,7,299771
23222,0.007575,172.217.194.0-255,5738,202141,7,299771
23223,0.00758,172.31.36.0-255,66,202207,7,299771
23224,0.010122,172.217.194.0-255,5738,207945,7,299771
23225,0.010132,172.31.36.0-255,66,208011,7,299771
23226,0.012675,172.217.194.0-255,5738,213749,7,299771
23227,0.01269,172.31.36.0-255,66,213815,7,299771
23228,0.015228,172.217.194.0-255,5738,219553,7,299771
23229,0.015246,172.31.36.0-255,66,219619,7,299771
23230,0.017787,172.217.194.0-255,5738,225357,7,299771
23231,0.017801,172.31.36.0-255,66,225423,7,299771
23232,0.020326,172.217.194.0-255,5738,231161,7,299771
23233,0.020335,172.31.36.0-255,66,231227,7,299771
23234,0.022864,172.217.194.0-255,5738,236965,7,299771
23235,0.022876,172.31.36.0-255,66,237031,7,299771
23236,0.02543,172.217.194.0-255,5738,242769,7,299771
23237,0.025438,172.31.36.0-255,66,242835,7,299771
23238,0.027976,172.217.194.0-255,5738,248573,7,299771
23239,0.027982,172.31.36.0-255,66,248639,7,299771
23240,0.028046,172.31.36.0-255,171,248810,7,299771
23241,0.028093,172.31.36.0-255,1139,249949,7,299771
23242,0.02823,172.31.36.0-255,1514,251463,7,299771
23243,0.028232,172.31.36.0-255,1514,252977,7,299771
23244,0.028233,172.31.36.0-255,1514,254491,7,299771
23245,0.028234,172.31.36.0-255,1048,255539,7,299771
23246,0.029605,104.244.42.0-255,66,255605,7,299771
23247,0.029642,104.244.42.0-255,66,255671,7,299771
23248,0.029799,104.244.42.0-255,66,255737,7,299771
23249,0.029802,104.244.42.0-255,66,255803,7,299771
23250,0.03049,172.217.194.0-255,1484,257287,7,299771
23251,0.030544,172.217.194.0-255,4320,261607,7,299771
23252,0.030549,172.31.36.0-255,66,261673,7,299771
23253,0.031117,104.244.42.0-255,108,261781,7,299771
23254,0.031138,172.31.36.0-255,66,261847,7,299771
23255,0.033074,172.217.194.0-255,4320,266167,7,299771
23256,0.033078,172.31.36.0-255,66,266233,7,299771
23257,0.033108,172.217.194.0-255,1484,267717,7,299771
23258,0.035571,172.217.194.0-255,4320,272037,7,299771
23259,0.035576,172.31.36.0-255,66,272103,7,299771
23260,0.038101,172.217.194.0-255,5738,277841,7,299771
23261,0.038108,172.31.36.0-255,66,277907,7,299771
23262,0.040632,172.217.194.0-255,5738,283645,7,299771
23263,0.040637,172.31.36.0-255,66,283711,7,299771
23264,0.043139,172.217.194.0-255,4320,288031,7,299771
23265,0.043145,172.31.36.0-255,66,288097,7,299771
23266,0.043173,172.217.194.0-255,1484,289581,7,299771
23267,0.045657,172.217.194.0-255,4320,293901,7,299771
23268,0.045663,172.31.36.0-255,66,293967,7,299771
23269,0.048196,172.217.194.0-255,5738,299705,7,299771
23270,0.048201,172.31.36.0-255,66,299771,7,299771
23271,0.0,172.217.194.0-255,297,297,7,225210
23272,1.9e-05,172.31.36.0-255,66,363,7,225210
23273,2.6e-05,172.217.194.0-255,1484,1847,7,225210
23274,3e-05,172.31.36.0-255,66,1913,7,225210
23275,3.7e-05,172.217.194.0-255,4320,6233,7,225210
23276,4.1e-05,172.31.36.0-255,66,6299,7,225210
23277,9.1e-05,172.217.194.0-255,5738,12037,7,225210
23278,9.5e-05,172.31.36.0-255,66,12103,7,225210
23279,0.000113,172.217.194.0-255,1859,13962,7,225210
23280,0.000116,172.31.36.0-255,66,14028,7,225210
23281,0.000385,172.217.194.0-255,1484,15512,7,225210
23282,0.000392,172.31.36.0-255,66,15578,7,225210
23283,0.000399,172.217.194.0-255,2902,18480,7,225210
23284,0.000402,172.31.36.0-255,66,18546,7,225210
23285,0.000434,172.217.194.0-255,5738,24284,7,225210
23286,0.000437,172.31.36.0-255,66,24350,7,225210
23287,0.000441,172.217.194.0-255,1484,25834,7,225210
23288,0.000443,172.31.36.0-255,66,25900,7,225210
23289,0.000462,172.217.194.0-255,5379,31279,7,225210
23290,0.000465,172.31.36.0-255,66,31345,7,225210
23291,0.000473,172.217.194.0-255,7156,38501,7,225210
23292,0.000475,172.31.36.0-255,66,38567,7,225210
23293,0.00049,172.217.194.0-255,1484,40051,7,225210
23294,0.000492,172.31.36.0-255,66,40117,7,225210
23295,0.000513,172.31.36.0-255,66,40183,7,225210
23296,0.000545,172.217.194.0-255,2902,43085,7,225210
23297,0.000549,172.31.36.0-255,66,43151,7,225210
23298,0.000573,172.217.194.0-255,7156,50307,7,225210
23299,0.000577,172.31.36.0-255,66,50373,7,225210
23300,0.000626,172.217.194.0-255,5738,56111,7,225210
23301,0.00063,172.31.36.0-255,66,56177,7,225210
23302,0.00064,172.217.194.0-255,1452,57629,7,225210
23303,0.000934,172.217.194.0-255,380,58009,7,225210
23304,0.000956,172.31.36.0-255,66,58075,7,225210
23305,0.00113,172.217.194.0-255,1484,59559,7,225210
23306,0.001136,172.217.194.0-255,2902,62461,7,225210
23307,0.001142,172.31.36.0-255,66,62527,7,225210
23308,0.001157,172.217.194.0-255,5738,68265,7,225210
23309,0.00116,172.217.194.0-255,1484,69749,7,225210
23310,0.001179,172.31.36.0-255,66,69815,7,225210
23311,0.001198,172.217.194.0-255,1484,71299,7,225210
23312,0.00122,172.217.194.0-255,3961,75260,7,225210
23313,0.001231,172.31.36.0-255,66,75326,7,225210
23314,0.00125,172.217.194.0-255,1484,76810,7,225210
23315,0.001254,172.217.194.0-255,1484,78294,7,225210
23316,0.001257,172.31.36.0-255,66,78360,7,225210
23317,0.001265,172.217.194.0-255,1484,79844,7,225210
23318,0.001292,172.217.194.0-255,5738,85582,7,225210
23319,0.001298,172.31.36.0-255,66,85648,7,225210
23320,0.001309,172.217.194.0-255,4320,89968,7,225210
23321,0.001318,172.31.36.0-255,66,90034,7,225210
23322,0.001323,172.217.194.0-255,2543,92577,7,225210
23323,0.001348,172.31.36.0-255,66,92643,7,225210
23324,0.003325,172.217.194.0-255,2902,95545,7,225210
23325,0.003333,172.31.36.0-255,66,95611,7,225210
23326,0.003354,172.217.194.0-255,2902,98513,7,225210
23327,0.005027,172.31.36.0-255,66,98579,7,225210
23328,0.005367,172.217.194.0-255,2902,101481,7,225210
23329,0.005372,172.31.36.0-255,66,101547,7,225210
23330,0.007003,172.217.194.0-255,2902,104449,7,225210
23331,0.00701,172.31.36.0-255,66,104515,7,225210
23332,0.007353,172.217.194.0-255,2902,107417,7,225210
23333,0.007456,172.31.36.0-255,66,107483,7,225210
23334,0.009002,172.217.194.0-255,2902,110385,7,225210
23335,0.009008,172.31.36.0-255,66,110451,7,225210
23336,0.009432,172.217.194.0-255,2902,113353,7,225210
23337,0.009438,172.31.36.0-255,66,113419,7,225210
23338,0.010995,172.217.194.0-255,2902,116321,7,225210
23339,0.011002,172.31.36.0-255,66,116387,7,225210
23340,0.011435,172.217.194.0-255,2902,119289,7,225210
23341,0.013006,172.217.194.0-255,2902,122191,7,225210
23342,0.014133,172.31.36.0-255,66,122257,7,225210
23343,0.016158,172.217.194.0-255,5738,127995,7,225210
23344,0.016167,172.31.36.0-255,66,128061,7,225210
23345,0.018179,172.217.194.0-255,5738,133799,7,225210
23346,0.018187,172.31.36.0-255,66,133865,7,225210
23347,0.020182,172.217.194.0-255,5738,139603,7,225210
23348,0.020205,172.31.36.0-255,66,139669,7,225210
23349,0.022211,172.217.194.0-255,5738,145407,7,225210
23350,0.022219,172.31.36.0-255,66,145473,7,225210
23351,0.024224,172.217.194.0-255,5738,151211,7,225210
23352,0.024234,172.31.36.0-255,66,151277,7,225210
23353,0.026227,172.217.194.0-255,5738,157015,7,225210
23354,0.026234,172.31.36.0-255,66,157081,7,225210
23355,0.02823,172.217.194.0-255,5738,162819,7,225210
23356,0.028237,172.31.36.0-255,66,162885,7,225210
23357,0.028787,172.31.36.0-255,167,163052,7,225210
23358,0.028818,172.31.36.0-255,1115,164167,7,225210
23359,0.028877,172.31.36.0-255,1514,165681,7,225210
23360,0.028879,172.31.36.0-255,1291,166972,7,225210
23361,0.030233,172.217.194.0-255,5738,172710,7,225210
23362,0.030241,172.31.36.0-255,66,172776,7,225210
23363,0.030355,104.244.42.0-255,66,172842,7,225210
23364,0.030362,104.244.42.0-255,66,172908,7,225210
23365,0.030435,104.244.42.0-255,66,172974,7,225210
23366,0.032224,172.217.194.0-255,5738,178712,7,225210
23367,0.032264,172.31.36.0-255,66,178778,7,225210
23368,0.034274,172.217.194.0-255,5738,184516,7,225210
23369,0.034281,172.31.36.0-255,66,184582,7,225210
23370,0.036273,172.217.194.0-255,5738,190320,7,225210
23371,0.03628,172.31.36.0-255,66,190386,7,225210
23372,0.038272,172.217.194.0-255,5738,196124,7,225210
23373,0.038279,172.31.36.0-255,66,196190,7,225210
23374,0.040269,172.217.194.0-255,5738,201928,7,225210
23375,0.040277,172.31.36.0-255,66,201994,7,225210
23376,0.042268,172.217.194.0-255,5738,207732,7,225210
23377,0.042274,172.31.36.0-255,66,207798,7,225210
23378,0.044297,172.217.194.0-255,5738,213536,7,225210
23379,0.044304,172.31.36.0-255,66,213602,7,225210
23380,0.046321,172.217.194.0-255,5738,219340,7,225210
23381,0.046326,172.31.36.0-255,66,219406,7,225210
23382,0.048304,172.217.194.0-255,5738,225144,7,225210
23383,0.048309,172.31.36.0-255,66,225210,7,225210
23384,0.0,172.217.194.0-255,146,146,7,305813
23385,2.6e-05,172.31.36.0-255,66,212,7,305813
23386,3.3e-05,172.217.194.0-255,1484,1696,7,305813
23387,3.7e-05,172.31.36.0-255,66,1762,7,305813
23388,4.2e-05,172.217.194.0-255,2902,4664,7,305813
23389,4.4e-05,172.31.36.0-255,66,4730,7,305813
23390,5e-05,172.217.194.0-255,4320,9050,7,305813
23391,5.2e-05,172.31.36.0-255,66,9116,7,305813
23392,7.5e-05,172.217.194.0-255,1484,10600,7,305813
23393,7.7e-05,172.31.36.0-255,66,10666,7,305813
23394,0.000102,172.31.36.0-255,66,10732,7,305813
23395,0.000125,172.217.194.0-255,4904,15636,7,305813
23396,0.000128,172.31.36.0-255,66,15702,7,305813
23397,0.000135,172.217.194.0-255,6797,22499,7,305813
23398,0.000138,172.31.36.0-255,66,22565,7,305813
23399,0.000141,172.217.194.0-255,1484,24049,7,305813
23400,0.000143,172.31.36.0-255,66,24115,7,305813
23401,0.000147,172.217.194.0-255,2902,27017,7,305813
23402,0.000149,172.31.36.0-255,66,27083,7,305813
23403,0.000173,172.217.194.0-255,5738,32821,7,305813
23404,0.000176,172.31.36.0-255,66,32887,7,305813
23405,0.000205,172.217.194.0-255,6797,39684,7,305813
23406,0.000208,172.31.36.0-255,66,39750,7,305813
23407,0.000562,172.217.194.0-255,1484,41234,7,305813
23408,0.000567,172.31.36.0-255,66,41300,7,305813
23409,0.000573,172.217.194.0-255,2902,44202,7,305813
23410,0.000576,172.31.36.0-255,66,44268,7,305813
23411,0.00058,172.217.194.0-255,2902,47170,7,305813
23412,0.000582,172.31.36.0-255,66,47236,7,305813
23413,0.000599,172.217.194.0-255,2902,50138,7,305813
23414,0.000602,172.31.36.0-255,66,50204,7,305813
23415,0.000626,172.217.194.0-255,6797,57001,7,305813
23416,0.00063,172.31.36.0-255,66,57067,7,305813
23417,0.000649,172.217.194.0-255,647,57714,7,305813
23418,0.000727,172.217.194.0-255,1484,59198,7,305813
23419,0.000731,172.31.36.0-255,66,59264,7,305813
23420,0.000746,172.217.194.0-255,1484,60748,7,305813
23421,0.000761,172.217.194.0-255,2902,63650,7,305813
23422,0.000763,172.31.36.0-255,66,63716,7,305813
23423,0.00077,172.217.194.0-255,4320,68036,7,305813
23424,0.000772,172.31.36.0-255,66,68102,7,305813
23425,0.000791,172.217.194.0-255,1484,69586,7,305813
23426,0.00081,172.217.194.0-255,5738,75324,7,305813
23427,0.000813,172.31.36.0-255,66,75390,7,305813
23428,0.000836,172.217.194.0-255,6797,82187,7,305813
23429,0.000839,172.31.36.0-255,66,82253,7,305813
23430,0.000879,172.217.194.0-255,2902,85155,7,305813
23431,0.000882,172.31.36.0-255,66,85221,7,305813
23432,0.000901,172.217.194.0-255,6797,92018,7,305813
23433,0.000904,172.31.36.0-255,66,92084,7,305813
23434,0.00093,172.217.194.0-255,2902,94986,7,305813
23435,0.000932,172.31.36.0-255,66,95052,7,305813
23436,0.000938,172.217.194.0-255,4320,99372,7,305813
23437,0.000943,172.31.36.0-255,66,99438,7,305813
23438,0.000948,172.31.36.0-255,66,99504,7,305813
23439,0.00095,172.217.194.0-255,561,100065,7,305813
23440,0.001084,172.217.194.0-255,1484,101549,7,305813
23441,0.001088,172.31.36.0-255,66,101615,7,305813
23442,0.00111,172.217.194.0-255,2902,104517,7,305813
23443,0.001113,172.31.36.0-255,66,104583,7,305813
23444,0.001119,172.217.194.0-255,5738,110321,7,305813
23445,0.001121,172.31.36.0-255,66,110387,7,305813
23446,0.001147,172.31.36.0-255,66,110453,7,305813
23447,0.001166,172.217.194.0-255,2902,113355,7,305813
23448,0.001169,172.31.36.0-255,66,113421,7,305813
23449,0.001181,172.31.36.0-255,66,113487,7,305813
23450,0.001531,172.217.194.0-255,1484,114971,7,305813
23451,0.001541,172.217.194.0-255,2902,117873,7,305813
23452,0.001545,172.31.36.0-255,66,117939,7,305813
23453,0.001551,172.217.194.0-255,2902,120841,7,305813
23454,0.001552,172.31.36.0-255,66,120907,7,305813
23455,0.001576,172.217.194.0-255,2902,123809,7,305813
23456,0.001579,172.31.36.0-255,66,123875,7,305813
23457,0.001585,172.217.194.0-255,5738,129613,7,305813
23458,0.001587,172.31.36.0-255,66,129679,7,305813
23459,0.001592,172.217.194.0-255,2902,132581,7,305813
23460,0.001594,172.31.36.0-255,66,132647,7,305813
23461,0.001639,172.31.36.0-255,66,132713,7,305813
23462,0.001645,172.217.194.0-255,5020,137733,7,305813
23463,0.001647,172.31.36.0-255,66,137799,7,305813
23464,0.001672,172.217.194.0-255,1484,139283,7,305813
23465,0.001677,172.217.194.0-255,2902,142185,7,305813
23466,0.001681,172.31.36.0-255,66,142251,7,305813
23467,0.001684,172.217.194.0-255,1484,143735,7,305813
23468,0.001702,172.217.194.0-255,4320,148055,7,305813
23469,0.001706,172.31.36.0-255,66,148121,7,305813
23470,0.00171,172.217.194.0-255,1484,149605,7,305813
23471,0.001736,172.31.36.0-255,66,149671,7,305813
23472,0.001747,172.31.36.0-255,66,149737,7,305813
23473,0.001807,172.217.194.0-255,2184,151921,7,305813
23474,0.001812,172.31.36.0-255,66,151987,7,305813
23475,0.001816,172.217.194.0-255,2902,154889,7,305813
23476,0.001818,172.31.36.0-255,66,154955,7,305813
23477,0.001825,172.217.194.0-255,7156,162111,7,305813
23478,0.001828,172.31.36.0-255,66,162177,7,305813
23479,0.001851,172.217.194.0-255,4320,166497,7,305813
23480,0.001853,172.31.36.0-255,66,166563,7,305813
23481,0.001887,172.31.36.0-255,66,166629,7,305813
23482,0.001907,172.217.194.0-255,4320,170949,7,305813
23483,0.00191,172.31.36.0-255,66,171015,7,305813
23484,0.001935,172.217.194.0-255,2184,173199,7,305813
23485,0.001938,172.31.36.0-255,66,173265,7,305813
23486,0.002208,172.217.194.0-255,1484,174749,7,305813
23487,0.002214,172.217.194.0-255,2902,177651,7,305813
23488,0.002219,172.31.36.0-255,66,177717,7,305813
23489,0.002244,172.217.194.0-255,5738,183455,7,305813
23490,0.002247,172.31.36.0-255,66,183521,7,305813
23491,0.00225,172.217.194.0-255,1484,185005,7,305813
23492,0.00226,172.31.36.0-255,66,185071,7,305813
23493,0.002286,172.217.194.0-255,1484,186555,7,305813
23494,0.002321,172.31.36.0-255,66,186621,7,305813
23495,0.004608,172.217.194.0-255,5738,192359,7,305813
23496,0.004614,172.31.36.0-255,66,192425,7,305813
23497,0.006874,172.217.194.0-255,5738,198163,7,305813
23498,0.00688,172.31.36.0-255,66,198229,7,305813
23499,0.00918,172.217.194.0-255,5738,203967,7,305813
23500,0.009186,172.31.36.0-255,66,204033,7,305813
23501,0.011464,172.217.194.0-255,5738,209771,7,305813
23502,0.011472,172.31.36.0-255,66,209837,7,305813
23503,0.013778,172.217.194.0-255,5738,215575,7,305813
23504,0.013785,172.31.36.0-255,66,215641,7,305813
23505,0.016087,172.217.194.0-255,5738,221379,7,305813
23506,0.016097,172.31.36.0-255,66,221445,7,305813
23507,0.018384,172.217.194.0-255,5738,227183,7,305813
23508,0.018391,172.31.36.0-255,66,227249,7,305813
23509,0.020676,172.217.194.0-255,5738,232987,7,305813
23510,0.020685,172.31.36.0-255,66,233053,7,305813
23511,0.023003,172.217.194.0-255,5738,238791,7,305813
23512,0.02301,172.31.36.0-255,66,238857,7,305813
23513,0.025289,172.217.194.0-255,5738,244595,7,305813
23514,0.025296,172.31.36.0-255,66,244661,7,305813
23515,0.027593,172.217.194.0-255,5738,250399,7,305813
23516,0.0276,172.31.36.0-255,66,250465,7,305813
23517,0.029533,172.31.36.0-255,172,250637,7,305813
23518,0.029563,172.31.36.0-255,1114,251751,7,305813
23519,0.029602,172.31.36.0-255,1514,253265,7,305813
23520,0.029604,172.31.36.0-255,1292,254557,7,305813
23521,0.029855,172.217.194.0-255,5738,260295,7,305813
23522,0.029861,172.31.36.0-255,66,260361,7,305813
23523,0.031087,104.244.42.0-255,66,260427,7,305813
23524,0.031181,104.244.42.0-255,66,260493,7,305813
23525,0.031183,104.244.42.0-255,66,260559,7,305813
23526,0.031799,104.244.42.0-255,108,260667,7,305813
23527,0.031803,172.31.36.0-255,66,260733,7,305813
23528,0.032143,172.217.194.0-255,5738,266471,7,305813
23529,0.032147,172.31.36.0-255,66,266537,7,305813
23530,0.034446,172.217.194.0-255,5738,272275,7,305813
23531,0.034452,172.31.36.0-255,66,272341,7,305813
23532,0.036769,172.217.194.0-255,5738,278079,7,305813
23533,0.036777,172.31.36.0-255,66,278145,7,305813
23534,0.03905,172.217.194.0-255,5738,283883,7,305813
23535,0.039074,172.31.36.0-255,66,283949,7,305813
23536,0.041323,172.217.194.0-255,5738,289687,7,305813
23537,0.041329,172.31.36.0-255,66,289753,7,305813
23538,0.043613,172.217.194.0-255,5738,295491,7,305813
23539,0.043618,172.31.36.0-255,66,295557,7,305813
23540,0.045888,172.217.194.0-255,4320,299877,7,305813
23541,0.045893,172.31.36.0-255,66,299943,7,305813
23542,0.045921,172.217.194.0-255,1484,301427,7,305813
23543,0.04819,172.217.194.0-255,4320,305747,7,305813
23544,0.048194,172.31.36.0-255,66,305813,7,305813
23545,0.0,74.125.24.0-255,152,152,7,256202
23546,1.6e-05,172.31.36.0-255,66,218,7,256202
23547,2.2e-05,74.125.24.0-255,1484,1702,7,256202
23548,2.7e-05,172.31.36.0-255,66,1768,7,256202
23549,3.3e-05,74.125.24.0-255,2902,4670,7,256202
23550,4.4e-05,172.31.36.0-255,66,4736,7,256202
23551,5.2e-05,74.125.24.0-255,7156,11892,7,256202
23552,5.5e-05,172.31.36.0-255,66,11958,7,256202
23553,6e-05,74.125.24.0-255,2019,13977,7,256202
23554,6.3e-05,172.31.36.0-255,66,14043,7,256202
23555,9.4e-05,74.125.24.0-255,2902,16945,7,256202
23556,9.7e-05,172.31.36.0-255,66,17011,7,256202
23557,0.000105,74.125.24.0-255,7156,24167,7,256202
23558,0.000107,172.31.36.0-255,66,24233,7,256202
23559,0.000117,74.125.24.0-255,2902,27135,7,256202
23560,0.000119,172.31.36.0-255,66,27201,7,256202
23561,0.00016,74.125.24.0-255,3961,31162,7,256202
23562,0.000164,172.31.36.0-255,66,31228,7,256202
23563,0.000338,74.125.24.0-255,1484,32712,7,256202
23564,0.000343,172.31.36.0-255,66,32778,7,256202
23565,0.00035,74.125.24.0-255,2902,35680,7,256202
23566,0.000353,172.31.36.0-255,66,35746,7,256202
23567,0.000388,74.125.24.0-255,5738,41484,7,256202
23568,0.000391,172.31.36.0-255,66,41550,7,256202
23569,0.000399,74.125.24.0-255,6797,48347,7,256202
23570,0.000402,172.31.36.0-255,66,48413,7,256202
23571,0.000413,74.125.24.0-255,5738,54151,7,256202
23572,0.000415,172.31.36.0-255,66,54217,7,256202
23573,0.000438,74.125.24.0-255,2902,57119,7,256202
23574,0.000445,172.31.36.0-255,66,57185,7,256202
23575,0.000473,74.125.24.0-255,1484,58669,7,256202
23576,0.000476,172.31.36.0-255,66,58735,7,256202
23577,0.00051,74.125.24.0-255,7109,65844,7,256202
23578,0.000537,172.31.36.0-255,66,65910,7,256202
23579,0.00057,74.125.24.0-255,110,66020,7,256202
23580,0.000684,74.125.24.0-255,1484,67504,7,256202
23581,0.000689,74.125.24.0-255,2902,70406,7,256202
23582,0.000702,172.31.36.0-255,66,70472,7,256202
23583,0.000709,74.125.24.0-255,5738,76210,7,256202
23584,0.000711,74.125.24.0-255,1484,77694,7,256202
23585,0.000732,74.125.24.0-255,2902,80596,7,256202
23586,0.000735,74.125.24.0-255,1484,82080,7,256202
23587,0.000771,74.125.24.0-255,5738,87818,7,256202
23588,0.000778,172.31.36.0-255,66,87884,7,256202
23589,0.00079,74.125.24.0-255,2184,90068,7,256202
23590,0.00081,172.31.36.0-255,66,90134,7,256202
23591,0.001269,74.125.24.0-255,1484,91618,7,256202
23592,0.001295,74.125.24.0-255,2902,94520,7,256202
23593,0.0013,172.31.36.0-255,66,94586,7,256202
23594,0.001338,74.125.24.0-255,5738,100324,7,256202
23595,0.001343,74.125.24.0-255,2902,103226,7,256202
23596,0.001348,74.125.24.0-255,4320,107546,7,256202
23597,0.001371,74.125.24.0-255,5738,113284,7,256202
23598,0.00138,172.31.36.0-255,66,113350,7,256202
23599,0.001397,74.125.24.0-255,2902,116252,7,256202
23600,0.0014,74.125.24.0-255,1484,117736,7,256202
23601,0.001417,74.125.24.0-255,1484,119220,7,256202
23602,0.001424,172.31.36.0-255,66,119286,7,256202
23603,0.001457,74.125.24.0-255,5020,124306,7,256202
23604,0.001474,172.31.36.0-255,66,124372,7,256202
23605,0.001978,74.125.24.0-255,1484,125856,7,256202
23606,0.001987,74.125.24.0-255,2902,128758,7,256202
23607,0.001991,172.31.36.0-255,66,128824,7,256202
23608,0.001998,74.125.24.0-255,2902,131726,7,256202
23609,0.002,172.31.36.0-255,66,131792,7,256202
23610,0.002028,74.125.24.0-255,2902,134694,7,256202
23611,0.002034,172.31.36.0-255,66,134760,7,256202
23612,0.00206,172.31.36.0-255,66,134826,7,256202
23613,0.002072,74.125.24.0-255,766,135592,7,256202
23614,0.00652,172.31.36.0-255,66,135658,7,256202
23615,0.008603,74.125.24.0-255,5738,141396,7,256202
23616,0.008611,172.31.36.0-255,66,141462,7,256202
23617,0.010663,74.125.24.0-255,5738,147200,7,256202
23618,0.010673,172.31.36.0-255,66,147266,7,256202
23619,0.012768,74.125.24.0-255,5738,153004,7,256202
23620,0.012777,172.31.36.0-255,66,153070,7,256202
23621,0.014826,74.125.24.0-255,5738,158808,7,256202
23622,0.014838,172.31.36.0-255,66,158874,7,256202
23623,0.016896,74.125.24.0-255,5738,164612,7,256202
23624,0.016908,172.31.36.0-255,66,164678,7,256202
23625,0.01897,74.125.24.0-255,5738,170416,7,256202
23626,0.018981,172.31.36.0-255,66,170482,7,256202
23627,0.02084,172.31.36.0-255,172,170654,7,256202
23628,0.020873,172.31.36.0-255,1115,171769,7,256202
23629,0.020931,172.31.36.0-255,1514,173283,7,256202
23630,0.020933,172.31.36.0-255,1291,174574,7,256202
23631,0.021044,74.125.24.0-255,5738,180312,7,256202
23632,0.021051,172.31.36.0-255,66,180378,7,256202
23633,0.022419,104.244.42.0-255,66,180444,7,256202
23634,0.022444,104.244.42.0-255,66,180510,7,256202
23635,0.02249,104.244.42.0-255,66,180576,7,256202
23636,0.023116,74.125.24.0-255,5738,186314,7,256202
23637,0.023122,172.31.36.0-255,66,186380,7,256202
23638,0.02337,104.244.42.0-255,108,186488,7,256202
23639,0.023375,172.31.36.0-255,66,186554,7,256202
23640,0.025191,74.125.24.0-255,5738,192292,7,256202
23641,0.025199,172.31.36.0-255,66,192358,7,256202
23642,0.027305,74.125.24.0-255,5738,198096,7,256202
23643,0.027311,172.31.36.0-255,66,198162,7,256202
23644,0.029374,74.125.24.0-255,5738,203900,7,256202
23645,0.02938,172.31.36.0-255,66,203966,7,256202
23646,0.031445,74.125.24.0-255,5738,209704,7,256202
23647,0.031452,172.31.36.0-255,66,209770,7,256202
23648,0.033578,74.125.24.0-255,5738,215508,7,256202
23649,0.033585,172.31.36.0-255,66,215574,7,256202
23650,0.035663,74.125.24.0-255,5738,221312,7,256202
23651,0.035669,172.31.36.0-255,66,221378,7,256202
23652,0.037724,74.125.24.0-255,5738,227116,7,256202
23653,0.03773,172.31.36.0-255,66,227182,7,256202
23654,0.039786,74.125.24.0-255,5738,232920,7,256202
23655,0.039795,172.31.36.0-255,66,232986,7,256202
23656,0.041865,74.125.24.0-255,5738,238724,7,256202
23657,0.041871,172.31.36.0-255,66,238790,7,256202
23658,0.043958,74.125.24.0-255,5738,244528,7,256202
23659,0.043965,172.31.36.0-255,66,244594,7,256202
23660,0.04604,74.125.24.0-255,5738,250332,7,256202
23661,0.046047,172.31.36.0-255,66,250398,7,256202
23662,0.048122,74.125.24.0-255,5738,256136,7,256202
23663,0.048129,172.31.36.0-255,66,256202,7,256202
23664,0.0,172.31.36.0-255,105,105,7,105
23665,0.0,172.31.36.0-255,105,105,7,105
23666,0.0,74.125.130.0-255,153,153,7,249346
23667,2.3e-05,172.31.36.0-255,66,219,7,249346
23668,3e-05,74.125.130.0-255,1484,1703,7,249346
23669,3.3e-05,172.31.36.0-255,66,1769,7,249346
23670,6.3e-05,74.125.130.0-255,2902,4671,7,249346
23671,6.7e-05,172.31.36.0-255,66,4737,7,249346
23672,7.1e-05,74.125.130.0-255,1484,6221,7,249346
23673,7.3e-05,172.31.36.0-255,66,6287,7,249346
23674,9.8e-05,74.125.130.0-255,2902,9189,7,249346
23675,0.0001,172.31.36.0-255,66,9255,7,249346
23676,0.000138,74.125.130.0-255,4884,14139,7,249346
23677,0.000142,172.31.36.0-255,66,14205,7,249346
23678,0.000251,74.125.130.0-255,1484,15689,7,249346
23679,0.000254,172.31.36.0-255,66,15755,7,249346
23680,0.000267,74.125.130.0-255,2902,18657,7,249346
23681,0.000271,172.31.36.0-255,66,18723,7,249346
23682,0.000293,74.125.130.0-255,1484,20207,7,249346
23683,0.000296,172.31.36.0-255,66,20273,7,249346
23684,0.0003,74.125.130.0-255,2902,23175,7,249346
23685,0.000303,172.31.36.0-255,66,23241,7,249346
23686,0.000306,74.125.130.0-255,1484,24725,7,249346
23687,0.000308,172.31.36.0-255,66,24791,7,249346
23688,0.000334,74.125.130.0-255,4320,29111,7,249346
23689,0.000337,172.31.36.0-255,66,29177,7,249346
23690,0.000341,74.125.130.0-255,2543,31720,7,249346
23691,0.000343,172.31.36.0-255,66,31786,7,249346
23692,0.000506,74.125.130.0-255,1484,33270,7,249346
23693,0.00051,172.31.36.0-255,66,33336,7,249346
23694,0.000513,74.125.130.0-255,1484,34820,7,249346
23695,0.000515,172.31.36.0-255,66,34886,7,249346
23696,0.000532,74.125.130.0-255,1484,36370,7,249346
23697,0.000535,172.31.36.0-255,66,36436,7,249346
23698,0.000538,74.125.130.0-255,1484,37920,7,249346
23699,0.000544,74.125.130.0-255,2902,40822,7,249346
23700,0.000575,74.125.130.0-255,5738,46560,7,249346
23701,0.000591,74.125.130.0-255,2543,49103,7,249346
23702,0.000723,172.31.36.0-255,66,49169,7,249346
23703,0.001126,74.125.130.0-255,1484,50653,7,249346
23704,0.001148,74.125.130.0-255,2902,53555,7,249346
23705,0.001153,172.31.36.0-255,66,53621,7,249346
23706,0.001158,74.125.130.0-255,1484,55105,7,249346
23707,0.001177,74.125.130.0-255,2902,58007,7,249346
23708,0.00119,172.31.36.0-255,66,58073,7,249346
23709,0.001199,74.125.130.0-255,2902,60975,7,249346
23710,0.001209,172.31.36.0-255,66,61041,7,249346
23711,0.001214,74.125.130.0-255,2902,63943,7,249346
23712,0.001236,172.31.36.0-255,66,64009,7,249346
23713,0.001269,74.125.130.0-255,2543,66552,7,249346
23714,0.001285,172.31.36.0-255,66,66618,7,249346
23715,0.00134,74.125.130.0-255,1484,68102,7,249346
23716,0.001355,74.125.130.0-255,2902,71004,7,249346
23717,0.001368,172.31.36.0-255,66,71070,7,249346
23718,0.001382,74.125.130.0-255,2902,73972,7,249346
23719,0.001399,74.125.130.0-255,2902,76874,7,249346
23720,0.001405,74.125.130.0-255,4320,81194,7,249346
23721,0.001409,172.31.36.0-255,66,81260,7,249346
23722,0.001439,74.125.130.0-255,5379,86639,7,249346
23723,0.001456,74.125.130.0-255,1484,88123,7,249346
23724,0.00146,74.125.130.0-255,2902,91025,7,249346
23725,0.001466,172.31.36.0-255,66,91091,7,249346
23726,0.001487,74.125.130.0-255,4320,95411,7,249346
23727,0.001499,74.125.130.0-255,1484,96895,7,249346
23728,0.001502,74.125.130.0-255,1484,98379,7,249346
23729,0.001517,172.31.36.0-255,66,98445,7,249346
23730,0.001528,74.125.130.0-255,2902,101347,7,249346
23731,0.001531,74.125.130.0-255,288,101635,7,249346
23732,0.001552,172.31.36.0-255,66,101701,7,249346
23733,0.001826,74.125.130.0-255,1484,103185,7,249346
23734,0.001846,74.125.130.0-255,2902,106087,7,249346
23735,0.001849,172.31.36.0-255,66,106153,7,249346
23736,0.001858,74.125.130.0-255,5738,111891,7,249346
23737,0.00187,74.125.130.0-255,1484,113375,7,249346
23738,0.001873,172.31.36.0-255,66,113441,7,249346
23739,0.001897,74.125.130.0-255,5738,119179,7,249346
23740,0.001927,172.31.36.0-255,66,119245,7,249346
23741,0.001958,172.31.36.0-255,66,119311,7,249346
23742,0.001966,74.125.130.0-255,1484,120795,7,249346
23743,0.001981,74.125.130.0-255,3602,124397,7,249346
23744,0.002002,172.31.36.0-255,66,124463,7,249346
23745,0.002283,74.125.130.0-255,1484,125947,7,249346
23746,0.002289,74.125.130.0-255,2902,128849,7,249346
23747,0.002292,172.31.36.0-255,66,128915,7,249346
23748,0.002296,74.125.130.0-255,1484,130399,7,249346
23749,0.004579,74.125.130.0-255,4320,134719,7,249346
23750,0.004587,172.31.36.0-255,66,134785,7,249346
23751,0.006876,74.125.130.0-255,5738,140523,7,249346
23752,0.007661,172.31.36.0-255,66,140589,7,249346
23753,0.009956,74.125.130.0-255,5738,146327,7,249346
23754,0.009963,172.31.36.0-255,66,146393,7,249346
23755,0.012258,74.125.130.0-255,5738,152131,7,249346
23756,0.012265,172.31.36.0-255,66,152197,7,249346
23757,0.014573,74.125.130.0-255,5738,157935,7,249346
23758,0.014582,172.31.36.0-255,66,158001,7,249346
23759,0.01687,74.125.130.0-255,5738,163739,7,249346
23760,0.016878,172.31.36.0-255,66,163805,7,249346
23761,0.019166,74.125.130.0-255,5738,169543,7,249346
23762,0.019173,172.31.36.0-255,66,169609,7,249346
23763,0.021469,74.125.130.0-255,5738,175347,7,249346
23764,0.021476,172.31.36.0-255,66,175413,7,249346
23765,0.023764,74.125.130.0-255,5738,181151,7,249346
23766,0.023771,172.31.36.0-255,66,181217,7,249346
23767,0.026066,74.125.130.0-255,5738,186955,7,249346
23768,0.026073,172.31.36.0-255,66,187021,7,249346
23769,0.028363,74.125.130.0-255,5738,192759,7,249346
23770,0.02837,172.31.36.0-255,66,192825,7,249346
23771,0.030169,172.31.36.0-255,167,192992,7,249346
23772,0.030199,172.31.36.0-255,1112,194104,7,249346
23773,0.030259,172.31.36.0-255,1514,195618,7,249346
23774,0.030261,172.31.36.0-255,1294,196912,7,249346
23775,0.030663,74.125.130.0-255,5738,202650,7,249346
23776,0.03067,172.31.36.0-255,66,202716,7,249346
23777,0.031757,104.244.42.0-255,66,202782,7,249346
23778,0.031794,104.244.42.0-255,66,202848,7,249346
23779,0.031821,104.244.42.0-255,66,202914,7,249346
23780,0.032971,74.125.130.0-255,5738,208652,7,249346
23781,0.032977,172.31.36.0-255,66,208718,7,249346
23782,0.035284,74.125.130.0-255,5738,214456,7,249346
23783,0.03529,172.31.36.0-255,66,214522,7,249346
23784,0.037582,74.125.130.0-255,5738,220260,7,249346
23785,0.037589,172.31.36.0-255,66,220326,7,249346
23786,0.039878,74.125.130.0-255,5738,226064,7,249346
23787,0.039886,172.31.36.0-255,66,226130,7,249346
23788,0.042182,74.125.130.0-255,5738,231868,7,249346
23789,0.04219,172.31.36.0-255,66,231934,7,249346
23790,0.044486,74.125.130.0-255,5738,237672,7,249346
23791,0.044496,172.31.36.0-255,66,237738,7,249346
23792,0.046807,74.125.130.0-255,5738,243476,7,249346
23793,0.046813,172.31.36.0-255,66,243542,7,249346
23794,0.049104,74.125.130.0-255,5738,249280,7,249346
23795,0.049112,172.31.36.0-255,66,249346,7,249346
23796,0.0,74.125.24.0-255,153,153,7,322294
23797,3.2e-05,172.31.36.0-255,66,219,7,322294
23798,3.9e-05,74.125.24.0-255,1484,1703,7,322294
23799,4.3e-05,172.31.36.0-255,66,1769,7,322294
23800,4.9e-05,74.125.24.0-255,2902,4671,7,322294
23801,5.1e-05,172.31.36.0-255,66,4737,7,322294
23802,5.8e-05,74.125.24.0-255,7156,11893,7,322294
23803,6.1e-05,172.31.36.0-255,66,11959,7,322294
23804,6.6e-05,74.125.24.0-255,2067,14026,7,322294
23805,6.8e-05,172.31.36.0-255,66,14092,7,322294
23806,0.000265,74.125.24.0-255,1484,15576,7,322294
23807,0.000271,172.31.36.0-255,66,15642,7,322294
23808,0.000276,74.125.24.0-255,2902,18544,7,322294
23809,0.000279,172.31.36.0-255,66,18610,7,322294
23810,0.000305,74.125.24.0-255,5738,24348,7,322294
23811,0.000308,172.31.36.0-255,66,24414,7,322294
23812,0.000311,74.125.24.0-255,1484,25898,7,322294
23813,0.000313,172.31.36.0-255,66,25964,7,322294
23814,0.000336,74.125.24.0-255,5379,31343,7,322294
23815,0.00034,172.31.36.0-255,66,31409,7,322294
23816,0.000374,74.125.24.0-255,2902,34311,7,322294
23817,0.000377,172.31.36.0-255,66,34377,7,322294
23818,0.0004,74.125.24.0-255,5738,40115,7,322294
23819,0.000404,172.31.36.0-255,66,40181,7,322294
23820,0.000429,74.125.24.0-255,5738,45919,7,322294
23821,0.000433,74.125.24.0-255,2543,48462,7,322294
23822,0.000436,172.31.36.0-255,66,48528,7,322294
23823,0.000439,172.31.36.0-255,66,48594,7,322294
23824,0.000701,74.125.24.0-255,1484,50078,7,322294
23825,0.000708,172.31.36.0-255,66,50144,7,322294
23826,0.000713,74.125.24.0-255,2902,53046,7,322294
23827,0.000715,172.31.36.0-255,66,53112,7,322294
23828,0.000743,74.125.24.0-255,4320,57432,7,322294
23829,0.000753,172.31.36.0-255,66,57498,7,322294
23830,0.000771,74.125.24.0-255,2902,60400,7,322294
23831,0.000781,172.31.36.0-255,66,60466,7,322294
23832,0.000795,74.125.24.0-255,6797,67263,7,322294
23833,0.000798,74.125.24.0-255,1484,68747,7,322294
23834,0.00081,172.31.36.0-255,66,68813,7,322294
23835,0.000821,74.125.24.0-255,2902,71715,7,322294
23836,0.000824,74.125.24.0-255,1125,72840,7,322294
23837,0.000824,172.31.36.0-255,66,72906,7,322294
23838,0.000868,74.125.24.0-255,2064,74970,7,322294
23839,0.000873,74.125.24.0-255,2902,77872,7,322294
23840,0.000873,172.31.36.0-255,66,77938,7,322294
23841,0.000878,172.31.36.0-255,66,78004,7,322294
23842,0.000895,74.125.24.0-255,7156,85160,7,322294
23843,0.000908,172.31.36.0-255,66,85226,7,322294
23844,0.000927,74.125.24.0-255,2902,88128,7,322294
23845,0.00093,172.31.36.0-255,66,88194,7,322294
23846,0.000949,74.125.24.0-255,2543,90737,7,322294
23847,0.000956,172.31.36.0-255,66,90803,7,322294
23848,0.001114,74.125.24.0-255,1484,92287,7,322294
23849,0.001138,74.125.24.0-255,2902,95189,7,322294
23850,0.001141,172.31.36.0-255,66,95255,7,322294
23851,0.001148,74.125.24.0-255,5738,100993,7,322294
23852,0.001155,172.31.36.0-255,66,101059,7,322294
23853,0.001172,74.125.24.0-255,1484,102543,7,322294
23854,0.001193,74.125.24.0-255,4816,107359,7,322294
23855,0.001205,172.31.36.0-255,66,107425,7,322294
23856,0.00132,74.125.24.0-255,1484,108909,7,322294
23857,0.001326,74.125.24.0-255,2902,111811,7,322294
23858,0.001328,172.31.36.0-255,66,111877,7,322294
23859,0.001351,74.125.24.0-255,5738,117615,7,322294
23860,0.001355,172.31.36.0-255,66,117681,7,322294
23861,0.001364,74.125.24.0-255,1484,119165,7,322294
23862,0.001386,74.125.24.0-255,2902,122067,7,322294
23863,0.00139,172.31.36.0-255,66,122133,7,322294
23864,0.001403,74.125.24.0-255,7156,129289,7,322294
23865,0.001407,172.31.36.0-255,66,129355,7,322294
23866,0.001415,74.125.24.0-255,1484,130839,7,322294
23867,0.001419,74.125.24.0-255,4320,135159,7,322294
23868,0.00143,172.31.36.0-255,66,135225,7,322294
23869,0.001436,74.125.24.0-255,1484,136709,7,322294
23870,0.001447,74.125.24.0-255,1484,138193,7,322294
23871,0.001457,172.31.36.0-255,66,138259,7,322294
23872,0.001463,74.125.24.0-255,3602,141861,7,322294
23873,0.001473,172.31.36.0-255,66,141927,7,322294
23874,0.001777,74.125.24.0-255,1484,143411,7,322294
23875,0.001788,74.125.24.0-255,2902,146313,7,322294
23876,0.001791,172.31.36.0-255,66,146379,7,322294
23877,0.00182,74.125.24.0-255,5738,152117,7,322294
23878,0.001855,74.125.24.0-255,4320,156437,7,322294
23879,0.001862,74.125.24.0-255,5738,162175,7,322294
23880,0.001868,172.31.36.0-255,66,162241,7,322294
23881,0.001881,74.125.24.0-255,3988,166229,7,322294
23882,0.001887,172.31.36.0-255,66,166295,7,322294
23883,0.001932,74.125.24.0-255,4320,170615,7,322294
23884,0.001936,74.125.24.0-255,1484,172099,7,322294
23885,0.001951,74.125.24.0-255,2902,175001,7,322294
23886,0.001957,74.125.24.0-255,5738,180739,7,322294
23887,0.001975,74.125.24.0-255,4320,185059,7,322294
23888,0.001983,172.31.36.0-255,66,185125,7,322294
23889,0.002005,172.31.36.0-255,66,185191,7,322294
23890,0.002015,74.125.24.0-255,3602,188793,7,322294
23891,0.002049,172.31.36.0-255,66,188859,7,322294
23892,0.004053,74.125.24.0-255,1484,190343,7,322294
23893,0.004099,74.125.24.0-255,4320,194663,7,322294
23894,0.004104,172.31.36.0-255,66,194729,7,322294
23895,0.00611,74.125.24.0-255,4320,199049,7,322294
23896,0.006114,172.31.36.0-255,66,199115,7,322294
23897,0.006134,74.125.24.0-255,1484,200599,7,322294
23898,0.008153,74.125.24.0-255,4320,204919,7,322294
23899,0.00816,172.31.36.0-255,66,204985,7,322294
23900,0.010202,74.125.24.0-255,5738,210723,7,322294
23901,0.010209,172.31.36.0-255,66,210789,7,322294
23902,0.012234,74.125.24.0-255,5738,216527,7,322294
23903,0.012241,172.31.36.0-255,66,216593,7,322294
23904,0.014306,74.125.24.0-255,5738,222331,7,322294
23905,0.014315,172.31.36.0-255,66,222397,7,322294
23906,0.016318,74.125.24.0-255,5738,228135,7,322294
23907,0.016325,172.31.36.0-255,66,228201,7,322294
23908,0.018325,74.125.24.0-255,5738,233939,7,322294
23909,0.018332,172.31.36.0-255,66,234005,7,322294
23910,0.020377,74.125.24.0-255,5738,239743,7,322294
23911,0.020383,172.31.36.0-255,66,239809,7,322294
23912,0.022387,74.125.24.0-255,5738,245547,7,322294
23913,0.022394,172.31.36.0-255,66,245613,7,322294
23914,0.024429,74.125.24.0-255,5738,251351,7,322294
23915,0.024436,172.31.36.0-255,66,251417,7,322294
23916,0.026426,74.125.24.0-255,2902,254319,7,322294
23917,0.026433,172.31.36.0-255,66,254385,7,322294
23918,0.026492,74.125.24.0-255,2902,257287,7,322294
23919,0.026497,172.31.36.0-255,66,257353,7,322294
23920,0.028441,74.125.24.0-255,2902,260255,7,322294
23921,0.028448,172.31.36.0-255,66,260321,7,322294
23922,0.028473,74.125.24.0-255,2902,263223,7,322294
23923,0.028476,172.31.36.0-255,66,263289,7,322294
23924,0.030456,74.125.24.0-255,2902,266191,7,322294
23925,0.030458,172.31.36.0-255,176,266367,7,322294
23926,0.030461,172.31.36.0-255,66,266433,7,322294
23927,0.030489,74.125.24.0-255,2902,269335,7,322294
23928,0.030492,172.31.36.0-255,66,269401,7,322294
23929,0.030496,172.31.36.0-255,1113,270514,7,322294
23930,0.030536,172.31.36.0-255,566,271080,7,322294
23931,0.032017,104.244.42.0-255,66,271146,7,322294
23932,0.032025,104.244.42.0-255,66,271212,7,322294
23933,0.032074,104.244.42.0-255,66,271278,7,322294
23934,0.032473,74.125.24.0-255,2902,274180,7,322294
23935,0.032479,172.31.36.0-255,66,274246,7,322294
23936,0.032501,74.125.24.0-255,2902,277148,7,322294
23937,0.032504,172.31.36.0-255,66,277214,7,322294
23938,0.034501,74.125.24.0-255,5738,282952,7,322294
23939,0.034507,172.31.36.0-255,66,283018,7,322294
23940,0.036557,74.125.24.0-255,5738,288756,7,322294
23941,0.036563,172.31.36.0-255,66,288822,7,322294
23942,0.038641,74.125.24.0-255,5738,294560,7,322294
23943,0.038646,172.31.36.0-255,66,294626,7,322294
23944,0.040667,74.125.24.0-255,5738,300364,7,322294
23945,0.040673,172.31.36.0-255,66,300430,7,322294
23946,0.042804,74.125.24.0-255,5738,306168,7,322294
23947,0.042809,172.31.36.0-255,66,306234,7,322294
23948,0.044859,74.125.24.0-255,4320,310554,7,322294
23949,0.044881,172.31.36.0-255,66,310620,7,322294
23950,0.044896,74.125.24.0-255,1484,312104,7,322294
23951,0.046909,74.125.24.0-255,4320,316424,7,322294
23952,0.046914,172.31.36.0-255,66,316490,7,322294
23953,0.048925,74.125.24.0-255,5738,322228,7,322294
23954,0.048931,172.31.36.0-255,66,322294,7,322294
23955,0.0,74.125.24.0-255,153,153,7,244749
23956,2.5e-05,172.31.36.0-255,66,219,7,244749
23957,3.3e-05,74.125.24.0-255,1484,1703,7,244749
23958,3.7e-05,172.31.36.0-255,66,1769,7,244749
23959,4.3e-05,74.125.24.0-255,2902,4671,7,244749
23960,4.7e-05,172.31.36.0-255,66,4737,7,244749
23961,5.4e-05,74.125.24.0-255,7156,11893,7,244749
23962,5.8e-05,172.31.36.0-255,66,11959,7,244749
23963,6.2e-05,74.125.24.0-255,2121,14080,7,244749
23964,6.5e-05,172.31.36.0-255,66,14146,7,244749
23965,0.000108,172.31.36.0-255,66,14212,7,244749
23966,0.000115,74.125.24.0-255,5379,19591,7,244749
23967,0.000117,172.31.36.0-255,66,19657,7,244749
23968,0.000202,74.125.24.0-255,1484,21141,7,244749
23969,0.000205,172.31.36.0-255,66,21207,7,244749
23970,0.000226,74.125.24.0-255,2902,24109,7,244749
23971,0.000228,172.31.36.0-255,66,24175,7,244749
23972,0.000235,74.125.24.0-255,5738,29913,7,244749
23973,0.000238,172.31.36.0-255,66,29979,7,244749
23974,0.00026,172.31.36.0-255,66,30045,7,244749
23975,0.000279,74.125.24.0-255,4320,34365,7,244749
23976,0.000281,172.31.36.0-255,66,34431,7,244749
23977,0.000284,74.125.24.0-255,1484,35915,7,244749
23978,0.000286,172.31.36.0-255,66,35981,7,244749
23979,0.000326,74.125.24.0-255,4320,40301,7,244749
23980,0.000329,172.31.36.0-255,66,40367,7,244749
23981,0.000353,74.125.24.0-255,5311,45678,7,244749
23982,0.000356,172.31.36.0-255,66,45744,7,244749
23983,0.000359,74.125.24.0-255,134,45878,7,244749
23984,0.000362,172.31.36.0-255,66,45944,7,244749
23985,0.000514,74.125.24.0-255,1484,47428,7,244749
23986,0.00053,74.125.24.0-255,2902,50330,7,244749
23987,0.000559,74.125.24.0-255,4320,54650,7,244749
23988,0.000565,172.31.36.0-255,66,54716,7,244749
23989,0.000573,74.125.24.0-255,1484,56200,7,244749
23990,0.000579,172.31.36.0-255,66,56266,7,244749
23991,0.000605,74.125.24.0-255,7156,63422,7,244749
23992,0.000619,172.31.36.0-255,66,63488,7,244749
23993,0.000625,74.125.24.0-255,5738,69226,7,244749
23994,0.000641,172.31.36.0-255,66,69292,7,244749
23995,0.0008,74.125.24.0-255,1484,70776,7,244749
23996,0.000806,74.125.24.0-255,2902,73678,7,244749
23997,0.000814,172.31.36.0-255,66,73744,7,244749
23998,0.000826,74.125.24.0-255,5738,79482,7,244749
23999,0.000831,172.31.36.0-255,66,79548,7,244749
24000,0.00088,74.125.24.0-255,5738,85286,7,244749
24001,0.000889,172.31.36.0-255,66,85352,7,244749
24002,0.000925,74.125.24.0-255,4320,89672,7,244749
24003,0.000933,172.31.36.0-255,66,89738,7,244749
24004,0.001064,74.125.24.0-255,7156,96894,7,244749
24005,0.001074,172.31.36.0-255,66,96960,7,244749
24006,0.001086,74.125.24.0-255,5020,101980,7,244749
24007,0.001107,172.31.36.0-255,66,102046,7,244749
24008,0.001116,74.125.24.0-255,2902,104948,7,244749
24009,0.001121,172.31.36.0-255,66,105014,7,244749
24010,0.001131,74.125.24.0-255,2902,107916,7,244749
24011,0.001136,74.125.24.0-255,4320,112236,7,244749
24012,0.001152,74.125.24.0-255,2902,115138,7,244749
24013,0.001157,74.125.24.0-255,4320,119458,7,244749
24014,0.001167,172.31.36.0-255,66,119524,7,244749
24015,0.001194,74.125.24.0-255,4320,123844,7,244749
24016,0.001212,74.125.24.0-255,2184,126028,7,244749
24017,0.001221,172.31.36.0-255,66,126094,7,244749
24018,0.001247,74.125.24.0-255,1484,127578,7,244749
24019,0.001252,74.125.24.0-255,2902,130480,7,244749
24020,0.00126,172.31.36.0-255,66,130546,7,244749
24021,0.001294,74.125.24.0-255,5738,136284,7,244749
24022,0.001339,74.125.24.0-255,2902,139186,7,244749
24023,0.00144,74.125.24.0-255,1484,140670,7,244749
24024,0.001445,74.125.24.0-255,2902,143572,7,244749
24025,0.001466,74.125.24.0-255,5738,149310,7,244749
24026,0.001469,74.125.24.0-255,1484,150794,7,244749
24027,0.001509,74.125.24.0-255,1484,152278,7,244749
24028,0.001531,74.125.24.0-255,766,153044,7,244749
24029,0.001608,74.125.24.0-255,1484,154528,7,244749
24030,0.001612,74.125.24.0-255,1484,156012,7,244749
24031,0.001628,74.125.24.0-255,1484,157496,7,244749
24032,0.001636,74.125.24.0-255,5738,163234,7,244749
24033,0.001641,74.125.24.0-255,4320,167554,7,244749
24034,0.001657,74.125.24.0-255,1484,169038,7,244749
24035,0.001663,74.125.24.0-255,4320,173358,7,244749
24036,0.001693,74.125.24.0-255,5020,178378,7,244749
24037,0.001802,74.125.24.0-255,1484,179862,7,244749
24038,0.001845,74.125.24.0-255,1484,181346,7,244749
24039,0.001863,74.125.24.0-255,1484,182830,7,244749
24040,0.00187,74.125.24.0-255,5738,188568,7,244749
24041,0.001894,74.125.24.0-255,4320,192888,7,244749
24042,0.005236,172.31.36.0-255,66,192954,7,244749
24043,0.007343,74.125.24.0-255,5738,198692,7,244749
24044,0.007351,172.31.36.0-255,66,198758,7,244749
24045,0.009394,74.125.24.0-255,5738,204496,7,244749
24046,0.009401,172.31.36.0-255,66,204562,7,244749
24047,0.011484,74.125.24.0-255,4320,208882,7,244749
24048,0.011503,74.125.24.0-255,1484,210366,7,244749
24049,0.01175,172.31.36.0-255,66,210432,7,244749
24050,0.013803,74.125.24.0-255,5738,216170,7,244749
24051,0.01381,172.31.36.0-255,66,216236,7,244749
24052,0.015889,74.125.24.0-255,5738,221974,7,244749
24053,0.017399,172.31.36.0-255,66,222040,7,244749
24054,0.019463,74.125.24.0-255,5738,227778,7,244749
24055,0.019476,172.31.36.0-255,66,227844,7,244749
24056,0.021535,74.125.24.0-255,5738,233582,7,244749
24057,0.021546,172.31.36.0-255,66,233648,7,244749
24058,0.023614,74.125.24.0-255,4667,238315,7,244749
24059,0.023626,172.31.36.0-255,66,238381,7,244749
24060,0.023827,172.31.36.0-255,105,238486,7,244749
24061,0.025847,74.125.24.0-255,66,238552,7,244749
24062,0.035086,172.31.36.0-255,164,238716,7,244749
24063,0.03512,172.31.36.0-255,1122,239838,7,244749
24064,0.035185,172.31.36.0-255,1514,241352,7,244749
24065,0.035187,172.31.36.0-255,1514,242866,7,244749
24066,0.035188,172.31.36.0-255,1514,244380,7,244749
24067,0.035189,172.31.36.0-255,105,244485,7,244749
24068,0.036626,104.244.42.0-255,66,244551,7,244749
24069,0.036678,104.244.42.0-255,66,244617,7,244749
24070,0.036772,104.244.42.0-255,66,244683,7,244749
24071,0.036776,104.244.42.0-255,66,244749,7,244749
24072,0.0,31.13.82.0-255,105,105,7,171
24073,2.5e-05,172.31.36.0-255,66,171,7,171
24074,0.0,172.217.194.0-255,153,153,7,247037
24075,2.5e-05,172.31.36.0-255,66,219,7,247037
24076,3.2e-05,172.217.194.0-255,1484,1703,7,247037
24077,3.6e-05,172.31.36.0-255,66,1769,7,247037
24078,4.1e-05,172.217.194.0-255,2902,4671,7,247037
24079,4.3e-05,172.31.36.0-255,66,4737,7,247037
24080,4.9e-05,172.217.194.0-255,4320,9057,7,247037
24081,5.1e-05,172.31.36.0-255,66,9123,7,247037
24082,7.4e-05,172.217.194.0-255,5738,14861,7,247037
24083,7.7e-05,172.31.36.0-255,66,14927,7,247037
24084,0.0001,172.217.194.0-255,3477,18404,7,247037
24085,0.000102,172.31.36.0-255,66,18470,7,247037
24086,0.000115,172.31.36.0-255,66,18536,7,247037
24087,0.000155,172.217.194.0-255,1484,20020,7,247037
24088,0.000158,172.31.36.0-255,66,20086,7,247037
24089,0.000164,172.217.194.0-255,2902,22988,7,247037
24090,0.000166,172.31.36.0-255,66,23054,7,247037
24091,0.000192,172.217.194.0-255,5738,28792,7,247037
24092,0.000195,172.31.36.0-255,66,28858,7,247037
24093,0.000203,172.217.194.0-255,6797,35655,7,247037
24094,0.000206,172.31.36.0-255,66,35721,7,247037
24095,0.000238,172.31.36.0-255,66,35787,7,247037
24096,0.00027,172.217.194.0-255,2902,38689,7,247037
24097,0.000274,172.31.36.0-255,66,38755,7,247037
24098,0.000278,172.217.194.0-255,2847,41602,7,247037
24099,0.00028,172.31.36.0-255,66,41668,7,247037
24100,0.000577,172.217.194.0-255,383,42051,7,247037
24101,0.000581,172.31.36.0-255,66,42117,7,247037
24102,0.000723,172.217.194.0-255,1484,43601,7,247037
24103,0.000727,172.31.36.0-255,66,43667,7,247037
24104,0.000733,172.217.194.0-255,2902,46569,7,247037
24105,0.000735,172.31.36.0-255,66,46635,7,247037
24106,0.000738,172.217.194.0-255,1484,48119,7,247037
24107,0.000764,172.217.194.0-255,4320,52439,7,247037
24108,0.000767,172.31.36.0-255,66,52505,7,247037
24109,0.000773,172.217.194.0-255,5738,58243,7,247037
24110,0.000778,172.31.36.0-255,66,58309,7,247037
24111,0.00078,172.217.194.0-255,5738,64047,7,247037
24112,0.000782,172.31.36.0-255,66,64113,7,247037
24113,0.000808,172.217.194.0-255,7156,71269,7,247037
24114,0.000812,172.31.36.0-255,66,71335,7,247037
24115,0.000825,172.217.194.0-255,2902,74237,7,247037
24116,0.000827,172.31.36.0-255,66,74303,7,247037
24117,0.000845,172.217.194.0-255,2184,76487,7,247037
24118,0.000848,172.31.36.0-255,66,76553,7,247037
24119,0.001309,172.217.194.0-255,1484,78037,7,247037
24120,0.001319,172.217.194.0-255,2902,80939,7,247037
24121,0.001323,172.31.36.0-255,66,81005,7,247037
24122,0.001331,172.217.194.0-255,5738,86743,7,247037
24123,0.001334,172.31.36.0-255,66,86809,7,247037
24124,0.001351,172.217.194.0-255,7156,93965,7,247037
24125,0.001354,172.31.36.0-255,66,94031,7,247037
24126,0.001379,172.217.194.0-255,5738,99769,7,247037
24127,0.001382,172.31.36.0-255,66,99835,7,247037
24128,0.001394,172.31.36.0-255,66,99901,7,247037
24129,0.001835,172.217.194.0-255,1484,101385,7,247037
24130,0.001844,172.217.194.0-255,2902,104287,7,247037
24131,0.001848,172.31.36.0-255,66,104353,7,247037
24132,0.001857,172.217.194.0-255,5738,110091,7,247037
24133,0.001861,172.31.36.0-255,66,110157,7,247037
24134,0.001866,172.217.194.0-255,2902,113059,7,247037
24135,0.001868,172.31.36.0-255,66,113125,7,247037
24136,0.001902,172.31.36.0-255,66,113191,7,247037
24137,0.001919,172.217.194.0-255,2902,116093,7,247037
24138,0.001922,172.31.36.0-255,66,116159,7,247037
24139,0.001941,172.31.36.0-255,66,116225,7,247037
24140,0.002024,172.217.194.0-255,1484,117709,7,247037
24141,0.002027,172.217.194.0-255,1484,119193,7,247037
24142,0.00203,172.31.36.0-255,66,119259,7,247037
24143,0.002049,172.217.194.0-255,1484,120743,7,247037
24144,0.002055,172.217.194.0-255,5738,126481,7,247037
24145,0.002058,172.31.36.0-255,66,126547,7,247037
24146,0.002062,172.217.194.0-255,2902,129449,7,247037
24147,0.002063,172.31.36.0-255,66,129515,7,247037
24148,0.002085,172.31.36.0-255,66,129581,7,247037
24149,0.002096,172.31.36.0-255,66,129647,7,247037
24150,0.002114,172.217.194.0-255,766,130413,7,247037
24151,0.002144,172.217.194.0-255,1484,131897,7,247037
24152,0.002146,172.31.36.0-255,66,131963,7,247037
24153,0.00215,172.217.194.0-255,1484,133447,7,247037
24154,0.002165,172.217.194.0-255,2902,136349,7,247037
24155,0.002168,172.31.36.0-255,66,136415,7,247037
24156,0.002173,172.217.194.0-255,4320,140735,7,247037
24157,0.002175,172.31.36.0-255,66,140801,7,247037
24158,0.002191,172.217.194.0-255,5738,146539,7,247037
24159,0.002194,172.31.36.0-255,66,146605,7,247037
24160,0.002196,172.217.194.0-255,1484,148089,7,247037
24161,0.002202,172.217.194.0-255,5738,153827,7,247037
24162,0.002204,172.31.36.0-255,66,153893,7,247037
24163,0.002223,172.217.194.0-255,7156,161049,7,247037
24164,0.002225,172.31.36.0-255,66,161115,7,247037
24165,0.002229,172.217.194.0-255,3602,164717,7,247037
24166,0.002231,172.31.36.0-255,66,164783,7,247037
24167,0.00233,172.217.194.0-255,1484,166267,7,247037
24168,0.002333,172.217.194.0-255,1484,167751,7,247037
24169,0.002335,172.31.36.0-255,66,167817,7,247037
24170,0.002353,172.217.194.0-255,1484,169301,7,247037
24171,0.002358,172.217.194.0-255,5738,175039,7,247037
24172,0.002361,172.31.36.0-255,66,175105,7,247037
24173,0.002383,172.217.194.0-255,5738,180843,7,247037
24174,0.002385,172.31.36.0-255,66,180909,7,247037
24175,0.002388,172.217.194.0-255,1484,182393,7,247037
24176,0.002391,172.217.194.0-255,1484,183877,7,247037
24177,0.002392,172.31.36.0-255,66,183943,7,247037
24178,0.002419,172.217.194.0-255,7156,191099,7,247037
24179,0.002422,172.31.36.0-255,66,191165,7,247037
24180,0.002434,172.217.194.0-255,4320,195485,7,247037
24181,0.002436,172.31.36.0-255,66,195551,7,247037
24182,0.002451,172.217.194.0-255,3602,199153,7,247037
24183,0.002453,172.31.36.0-255,66,199219,7,247037
24184,0.00247,172.217.194.0-255,4320,203539,7,247037
24185,0.002472,172.31.36.0-255,66,203605,7,247037
24186,0.002493,172.217.194.0-255,4320,207925,7,247037
24187,0.002495,172.31.36.0-255,66,207991,7,247037
24188,0.0025,172.217.194.0-255,4320,212311,7,247037
24189,0.002502,172.31.36.0-255,66,212377,7,247037
24190,0.002505,172.217.194.0-255,1484,213861,7,247037
24191,0.00252,172.217.194.0-255,5738,219599,7,247037
24192,0.002522,172.31.36.0-255,66,219665,7,247037
24193,0.002552,172.31.36.0-255,66,219731,7,247037
24194,0.002558,172.217.194.0-255,6438,226169,7,247037
24195,0.002561,172.31.36.0-255,66,226235,7,247037
24196,0.002575,172.217.194.0-255,1484,227719,7,247037
24197,0.002611,172.31.36.0-255,66,227785,7,247037
24198,0.002622,172.31.36.0-255,66,227851,7,247037
24199,0.002695,172.31.36.0-255,66,227917,7,247037
24200,0.0027,172.217.194.0-255,4320,232237,7,247037
24201,0.002702,172.31.36.0-255,66,232303,7,247037
24202,0.002726,172.31.36.0-255,66,232369,7,247037
24203,0.002742,172.31.36.0-255,66,232435,7,247037
24204,0.002757,172.31.36.0-255,66,232501,7,247037
24205,0.002761,172.217.194.0-255,4320,236821,7,247037
24206,0.002763,172.31.36.0-255,66,236887,7,247037
24207,0.002787,172.217.194.0-255,5452,242339,7,247037
24208,0.002789,172.31.36.0-255,66,242405,7,247037
24209,0.002792,172.217.194.0-255,105,242510,7,247037
24210,0.00697,172.31.36.0-255,66,242576,7,247037
24211,0.006996,172.31.36.0-255,105,242681,7,247037
24212,0.009224,172.217.194.0-255,66,242747,7,247037
24213,0.03271,172.31.36.0-255,172,242919,7,247037
24214,0.032741,172.31.36.0-255,1115,244034,7,247037
24215,0.032781,172.31.36.0-255,1514,245548,7,247037
24216,0.032783,172.31.36.0-255,1291,246839,7,247037
24217,0.034206,104.244.42.0-255,66,246905,7,247037
24218,0.034242,104.244.42.0-255,66,246971,7,247037
24219,0.034313,104.244.42.0-255,66,247037,7,247037
24220,0.0,172.217.194.0-255,153,153,7,244271
24221,3.6e-05,172.31.36.0-255,66,219,7,244271
24222,4.5e-05,172.217.194.0-255,1484,1703,7,244271
24223,4.9e-05,172.31.36.0-255,66,1769,7,244271
24224,5.4e-05,172.217.194.0-255,2902,4671,7,244271
24225,5.6e-05,172.31.36.0-255,66,4737,7,244271
24226,6.3e-05,172.217.194.0-255,4320,9057,7,244271
24227,6.8e-05,172.31.36.0-255,66,9123,7,244271
24228,7.4e-05,172.217.194.0-255,4808,13931,7,244271
24229,7.6e-05,172.31.36.0-255,66,13997,7,244271
24230,0.000107,172.217.194.0-255,4320,18317,7,244271
24231,0.00011,172.31.36.0-255,66,18383,7,244271
24232,0.000126,172.217.194.0-255,5738,24121,7,244271
24233,0.000129,172.31.36.0-255,66,24187,7,244271
24234,0.000158,172.217.194.0-255,6797,30984,7,244271
24235,0.000161,172.31.36.0-255,66,31050,7,244271
24236,0.000311,172.217.194.0-255,1484,32534,7,244271
24237,0.000315,172.31.36.0-255,66,32600,7,244271
24238,0.000321,172.217.194.0-255,2902,35502,7,244271
24239,0.000323,172.31.36.0-255,66,35568,7,244271
24240,0.000329,172.217.194.0-255,2902,38470,7,244271
24241,0.000331,172.31.36.0-255,66,38536,7,244271
24242,0.000347,172.217.194.0-255,2902,41438,7,244271
24243,0.00035,172.31.36.0-255,66,41504,7,244271
24244,0.000356,172.217.194.0-255,4320,45824,7,244271
24245,0.000359,172.31.36.0-255,66,45890,7,244271
24246,0.000377,172.217.194.0-255,2543,48433,7,244271
24247,0.000379,172.31.36.0-255,66,48499,7,244271
24248,0.000392,172.217.194.0-255,1484,49983,7,244271
24249,0.000394,172.31.36.0-255,66,50049,7,244271
24250,0.000435,172.31.36.0-255,66,50115,7,244271
24251,0.00044,172.217.194.0-255,2811,52926,7,244271
24252,0.000443,172.31.36.0-255,66,52992,7,244271
24253,0.00071,172.217.194.0-255,387,53379,7,244271
24254,0.000714,172.31.36.0-255,66,53445,7,244271
24255,0.00087,172.217.194.0-255,1484,54929,7,244271
24256,0.000874,172.31.36.0-255,66,54995,7,244271
24257,0.00089,172.217.194.0-255,2902,57897,7,244271
24258,0.000896,172.31.36.0-255,66,57963,7,244271
24259,0.00092,172.217.194.0-255,5738,63701,7,244271
24260,0.000923,172.31.36.0-255,66,63767,7,244271
24261,0.000952,172.31.36.0-255,66,63833,7,244271
24262,0.00097,172.217.194.0-255,1484,65317,7,244271
24263,0.000973,172.31.36.0-255,66,65383,7,244271
24264,0.000988,172.31.36.0-255,66,65449,7,244271
24265,0.001979,172.217.194.0-255,1484,66933,7,244271
24266,0.001986,172.31.36.0-255,66,66999,7,244271
24267,0.001995,172.217.194.0-255,2902,69901,7,244271
24268,0.001998,172.31.36.0-255,66,69967,7,244271
24269,0.002001,172.217.194.0-255,1484,71451,7,244271
24270,0.002003,172.31.36.0-255,66,71517,7,244271
24271,0.002024,172.217.194.0-255,4320,75837,7,244271
24272,0.002027,172.31.36.0-255,66,75903,7,244271
24273,0.002032,172.217.194.0-255,5738,81641,7,244271
24274,0.002034,172.31.36.0-255,66,81707,7,244271
24275,0.002053,172.217.194.0-255,7156,88863,7,244271
24276,0.002054,172.31.36.0-255,66,88929,7,244271
24277,0.00208,172.217.194.0-255,5738,94667,7,244271
24278,0.002082,172.31.36.0-255,66,94733,7,244271
24279,0.002088,172.217.194.0-255,5020,99753,7,244271
24280,0.00209,172.31.36.0-255,66,99819,7,244271
24281,0.002264,172.217.194.0-255,1484,101303,7,244271
24282,0.002266,172.31.36.0-255,66,101369,7,244271
24283,0.002293,172.217.194.0-255,2902,104271,7,244271
24284,0.002295,172.31.36.0-255,66,104337,7,244271
24285,0.002313,172.217.194.0-255,1484,105821,7,244271
24286,0.002314,172.31.36.0-255,66,105887,7,244271
24287,0.002328,172.217.194.0-255,4320,110207,7,244271
24288,0.00233,172.31.36.0-255,66,110273,7,244271
24289,0.002361,172.31.36.0-255,66,110339,7,244271
24290,0.00238,172.217.194.0-255,1484,111823,7,244271
24291,0.002382,172.31.36.0-255,66,111889,7,244271
24292,0.00241,172.31.36.0-255,66,111955,7,244271
24293,0.002431,172.217.194.0-255,5738,117693,7,244271
24294,0.002433,172.31.36.0-255,66,117759,7,244271
24295,0.002457,172.31.36.0-255,66,117825,7,244271
24296,0.002462,172.217.194.0-255,4320,122145,7,244271
24297,0.002464,172.31.36.0-255,66,122211,7,244271
24298,0.002498,172.31.36.0-255,66,122277,7,244271
24299,0.002501,172.217.194.0-255,766,123043,7,244271
24300,0.002503,172.31.36.0-255,66,123109,7,244271
24301,0.002525,172.217.194.0-255,1484,124593,7,244271
24302,0.002527,172.31.36.0-255,66,124659,7,244271
24303,0.002547,172.217.194.0-255,2902,127561,7,244271
24304,0.002549,172.31.36.0-255,66,127627,7,244271
24305,0.002555,172.217.194.0-255,5738,133365,7,244271
24306,0.002557,172.31.36.0-255,66,133431,7,244271
24307,0.00256,172.217.194.0-255,1484,134915,7,244271
24308,0.002561,172.31.36.0-255,66,134981,7,244271
24309,0.005059,172.217.194.0-255,4320,139301,7,244271
24310,0.005063,172.31.36.0-255,66,139367,7,244271
24311,0.005078,172.217.194.0-255,1484,140851,7,244271
24312,0.00508,172.31.36.0-255,66,140917,7,244271
24313,0.007542,172.217.194.0-255,4320,145237,7,244271
24314,0.007549,172.31.36.0-255,66,145303,7,244271
24315,0.007602,172.217.194.0-255,1484,146787,7,244271
24316,0.007606,172.31.36.0-255,66,146853,7,244271
24317,0.010051,172.217.194.0-255,4320,151173,7,244271
24318,0.010058,172.31.36.0-255,66,151239,7,244271
24319,0.010085,172.217.194.0-255,1484,152723,7,244271
24320,0.010088,172.31.36.0-255,66,152789,7,244271
24321,0.012638,172.217.194.0-255,4320,157109,7,244271
24322,0.012647,172.31.36.0-255,66,157175,7,244271
24323,0.012678,172.217.194.0-255,1484,158659,7,244271
24324,0.012682,172.31.36.0-255,66,158725,7,244271
24325,0.015236,172.217.194.0-255,5738,164463,7,244271
24326,0.015268,172.31.36.0-255,66,164529,7,244271
24327,0.017814,172.217.194.0-255,5738,170267,7,244271
24328,0.017822,172.31.36.0-255,66,170333,7,244271
24329,0.020335,172.217.194.0-255,5738,176071,7,244271
24330,0.020343,172.31.36.0-255,66,176137,7,244271
24331,0.022879,172.217.194.0-255,5738,181875,7,244271
24332,0.0229,172.31.36.0-255,66,181941,7,244271
24333,0.025444,172.217.194.0-255,5738,187679,7,244271
24334,0.025461,172.31.36.0-255,66,187745,7,244271
24335,0.027959,172.217.194.0-255,5738,193483,7,244271
24336,0.027975,172.31.36.0-255,66,193549,7,244271
24337,0.030539,172.217.194.0-255,5738,199287,7,244271
24338,0.030551,172.31.36.0-255,66,199353,7,244271
24339,0.033079,172.217.194.0-255,5738,205091,7,244271
24340,0.03309,172.31.36.0-255,66,205157,7,244271
24341,0.035591,172.217.194.0-255,5738,210895,7,244271
24342,0.035597,172.31.36.0-255,66,210961,7,244271
24343,0.038088,172.217.194.0-255,5738,216699,7,244271
24344,0.038094,172.31.36.0-255,66,216765,7,244271
24345,0.040669,172.217.194.0-255,5738,222503,7,244271
24346,0.040676,172.31.36.0-255,66,222569,7,244271
24347,0.042633,172.31.36.0-255,172,222741,7,244271
24348,0.042682,172.31.36.0-255,1114,223855,7,244271
24349,0.042703,172.31.36.0-255,1514,225369,7,244271
24350,0.042704,172.31.36.0-255,1292,226661,7,244271
24351,0.043181,172.217.194.0-255,5738,232399,7,244271
24352,0.043193,172.31.36.0-255,66,232465,7,244271
24353,0.044209,104.244.42.0-255,66,232531,7,244271
24354,0.04425,104.244.42.0-255,66,232597,7,244271
24355,0.044275,104.244.42.0-255,66,232663,7,244271
24356,0.045731,172.217.194.0-255,5738,238401,7,244271
24357,0.04574,172.31.36.0-255,66,238467,7,244271
24358,0.048247,172.217.194.0-255,5738,244205,7,244271
24359,0.048259,172.31.36.0-255,66,244271,7,244271
24360,0.0,172.217.194.0-255,154,154,7,245290
24361,2.2e-05,172.31.36.0-255,66,220,7,245290
24362,3e-05,172.217.194.0-255,1484,1704,7,245290
24363,3.4e-05,172.31.36.0-255,66,1770,7,245290
24364,3.9e-05,172.217.194.0-255,2902,4672,7,245290
24365,4.2e-05,172.31.36.0-255,66,4738,7,245290
24366,5.7e-05,172.217.194.0-255,7156,11894,7,245290
24367,6e-05,172.31.36.0-255,66,11960,7,245290
24368,8.7e-05,172.217.194.0-255,2058,14018,7,245290
24369,9.4e-05,172.31.36.0-255,66,14084,7,245290
24370,0.000122,172.217.194.0-255,2902,16986,7,245290
24371,0.000124,172.31.36.0-255,66,17052,7,245290
24372,0.00013,172.217.194.0-255,4320,21372,7,245290
24373,0.000132,172.31.36.0-255,66,21438,7,245290
24374,0.000145,172.217.194.0-255,7156,28594,7,245290
24375,0.000147,172.31.36.0-255,66,28660,7,245290
24376,0.000175,172.217.194.0-255,1484,30144,7,245290
24377,0.000178,172.31.36.0-255,66,30210,7,245290
24378,0.000181,172.217.194.0-255,1125,31335,7,245290
24379,0.000184,172.31.36.0-255,66,31401,7,245290
24380,0.00021,172.217.194.0-255,5738,37139,7,245290
24381,0.000213,172.31.36.0-255,66,37205,7,245290
24382,0.000244,172.217.194.0-255,5738,42943,7,245290
24383,0.000247,172.31.36.0-255,66,43009,7,245290
24384,0.000289,172.217.194.0-255,5379,48388,7,245290
24385,0.000291,172.31.36.0-255,66,48454,7,245290
24386,0.000323,172.217.194.0-255,7156,55610,7,245290
24387,0.000325,172.31.36.0-255,66,55676,7,245290
24388,0.000351,172.31.36.0-255,66,55742,7,245290
24389,0.000445,172.217.194.0-255,647,56389,7,245290
24390,0.000449,172.31.36.0-255,66,56455,7,245290
24391,0.00062,172.217.194.0-255,1484,57939,7,245290
24392,0.000626,172.217.194.0-255,2902,60841,7,245290
24393,0.000633,172.217.194.0-255,5738,66579,7,245290
24394,0.000659,172.31.36.0-255,66,66645,7,245290
24395,0.000671,172.217.194.0-255,4320,70965,7,245290
24396,0.000681,172.31.36.0-255,66,71031,7,245290
24397,0.000689,172.217.194.0-255,2543,73574,7,245290
24398,0.000714,172.31.36.0-255,66,73640,7,245290
24399,0.000736,172.217.194.0-255,7156,80796,7,245290
24400,0.00076,172.31.36.0-255,66,80862,7,245290
24401,0.000806,172.31.36.0-255,66,80928,7,245290
24402,0.001145,172.217.194.0-255,1484,82412,7,245290
24403,0.001152,172.217.194.0-255,2902,85314,7,245290
24404,0.001155,172.31.36.0-255,66,85380,7,245290
24405,0.001159,172.217.194.0-255,1484,86864,7,245290
24406,0.001189,172.217.194.0-255,4320,91184,7,245290
24407,0.001208,172.217.194.0-255,5738,96922,7,245290
24408,0.001213,172.31.36.0-255,66,96988,7,245290
24409,0.001269,172.217.194.0-255,5738,102726,7,245290
24410,0.001284,172.217.194.0-255,7156,109882,7,245290
24411,0.001293,172.31.36.0-255,66,109948,7,245290
24412,0.001334,172.217.194.0-255,2902,112850,7,245290
24413,0.001345,172.31.36.0-255,66,112916,7,245290
24414,0.001355,172.217.194.0-255,2184,115100,7,245290
24415,0.00136,172.31.36.0-255,66,115166,7,245290
24416,0.001406,172.217.194.0-255,4320,119486,7,245290
24417,0.001416,172.31.36.0-255,66,119552,7,245290
24418,0.001504,172.31.36.0-255,66,119618,7,245290
24419,0.001649,172.217.194.0-255,7156,126774,7,245290
24420,0.00181,172.217.194.0-255,6438,133212,7,245290
24421,0.001928,172.217.194.0-255,2184,135396,7,245290
24422,0.00206,172.217.194.0-255,1484,136880,7,245290
24423,0.002068,172.217.194.0-255,2902,139782,7,245290
24424,0.002082,172.217.194.0-255,2902,142684,7,245290
24425,0.002102,172.217.194.0-255,2902,145586,7,245290
24426,0.00213,172.217.194.0-255,4320,149906,7,245290
24427,0.002212,172.217.194.0-255,2902,152808,7,245290
24428,0.002288,172.217.194.0-255,7156,159964,7,245290
24429,0.002643,172.217.194.0-255,4320,164284,7,245290
24430,0.004711,172.31.36.0-255,66,164350,7,245290
24431,0.00698,172.217.194.0-255,5738,170088,7,245290
24432,0.006987,172.31.36.0-255,66,170154,7,245290
24433,0.009239,172.217.194.0-255,5738,175892,7,245290
24434,0.009246,172.31.36.0-255,66,175958,7,245290
24435,0.011503,172.217.194.0-255,5738,181696,7,245290
24436,0.01151,172.31.36.0-255,66,181762,7,245290
24437,0.013781,172.217.194.0-255,5738,187500,7,245290
24438,0.013791,172.31.36.0-255,66,187566,7,245290
24439,0.016019,172.217.194.0-255,5738,193304,7,245290
24440,0.016151,172.31.36.0-255,66,193370,7,245290
24441,0.018379,172.217.194.0-255,5738,199108,7,245290
24442,0.018387,172.31.36.0-255,66,199174,7,245290
24443,0.020665,172.217.194.0-255,5738,204912,7,245290
24444,0.020677,172.31.36.0-255,66,204978,7,245290
24445,0.022924,172.217.194.0-255,5738,210716,7,245290
24446,0.022932,172.31.36.0-255,66,210782,7,245290
24447,0.025196,172.217.194.0-255,5738,216520,7,245290
24448,0.025204,172.31.36.0-255,66,216586,7,245290
24449,0.027478,172.217.194.0-255,5738,222324,7,245290
24450,0.027487,172.31.36.0-255,66,222390,7,245290
24451,0.029726,172.217.194.0-255,5738,228128,7,245290
24452,0.029734,172.31.36.0-255,66,228194,7,245290
24453,0.031987,172.217.194.0-255,5738,233932,7,245290
24454,0.031996,172.31.36.0-255,66,233998,7,245290
24455,0.034274,172.217.194.0-255,5738,239736,7,245290
24456,0.034284,172.31.36.0-255,66,239802,7,245290
24457,0.036499,172.217.194.0-255,500,240302,7,245290
24458,0.037105,172.31.36.0-255,105,240407,7,245290
24459,0.037147,172.31.36.0-255,105,240512,7,245290
24460,0.037408,172.31.36.0-255,90,240602,7,245290
24461,0.037419,172.31.36.0-255,66,240668,7,245290
24462,0.039299,172.217.194.0-255,66,240734,7,245290
24463,0.03938,172.217.194.0-255,66,240800,7,245290
24464,0.039643,172.217.194.0-255,66,240866,7,245290
24465,0.039669,172.217.194.0-255,66,240932,7,245290
24466,0.039676,172.31.36.0-255,66,240998,7,245290
24467,0.041986,172.31.36.0-255,172,241170,7,245290
24468,0.042014,172.31.36.0-255,1115,242285,7,245290
24469,0.042066,172.31.36.0-255,1514,243799,7,245290
24470,0.042068,172.31.36.0-255,1293,245092,7,245290
24471,0.043511,104.244.42.0-255,66,245158,7,245290
24472,0.04365,104.244.42.0-255,66,245224,7,245290
24473,0.043671,104.244.42.0-255,66,245290,7,245290
24474,0.0,74.125.24.0-255,153,153,7,226256
24475,2.8e-05,172.31.36.0-255,66,219,7,226256
24476,3.5e-05,74.125.24.0-255,1484,1703,7,226256
24477,4e-05,172.31.36.0-255,66,1769,7,226256
24478,4.5e-05,74.125.24.0-255,2902,4671,7,226256
24479,4.7e-05,172.31.36.0-255,66,4737,7,226256
24480,5.3e-05,74.125.24.0-255,7156,11893,7,226256
24481,5.5e-05,172.31.36.0-255,66,11959,7,226256
24482,6.2e-05,74.125.24.0-255,6321,18280,7,226256
24483,6.4e-05,172.31.36.0-255,66,18346,7,226256
24484,6.8e-05,74.125.24.0-255,1484,19830,7,226256
24485,7.1e-05,172.31.36.0-255,66,19896,7,226256
24486,0.0001,74.125.24.0-255,5738,25634,7,226256
24487,0.000103,172.31.36.0-255,66,25700,7,226256
24488,0.000108,74.125.24.0-255,4320,30020,7,226256
24489,0.000109,172.31.36.0-255,66,30086,7,226256
24490,0.000121,74.125.24.0-255,1125,31211,7,226256
24491,0.000123,172.31.36.0-255,66,31277,7,226256
24492,0.000163,74.125.24.0-255,4320,35597,7,226256
24493,0.000167,172.31.36.0-255,66,35663,7,226256
24494,0.000173,74.125.24.0-255,5738,41401,7,226256
24495,0.000175,172.31.36.0-255,66,41467,7,226256
24496,0.000195,74.125.24.0-255,4320,45787,7,226256
24497,0.000198,172.31.36.0-255,66,45853,7,226256
24498,0.000222,172.31.36.0-255,66,45919,7,226256
24499,0.000228,74.125.24.0-255,5738,51657,7,226256
24500,0.00023,172.31.36.0-255,66,51723,7,226256
24501,0.000256,74.125.24.0-255,1484,53207,7,226256
24502,0.000259,172.31.36.0-255,66,53273,7,226256
24503,0.000275,74.125.24.0-255,4235,57508,7,226256
24504,0.000278,172.31.36.0-255,66,57574,7,226256
24505,0.000351,74.125.24.0-255,131,57705,7,226256
24506,0.000387,74.125.24.0-255,1484,59189,7,226256
24507,0.000391,172.31.36.0-255,66,59255,7,226256
24508,0.000394,74.125.24.0-255,1484,60739,7,226256
24509,0.000407,74.125.24.0-255,1484,62223,7,226256
24510,0.000411,74.125.24.0-255,2902,65125,7,226256
24511,0.000411,172.31.36.0-255,66,65191,7,226256
24512,0.000415,172.31.36.0-255,66,65257,7,226256
24513,0.000464,74.125.24.0-255,2902,68159,7,226256
24514,0.000468,172.31.36.0-255,66,68225,7,226256
24515,0.000488,74.125.24.0-255,6498,74723,7,226256
24516,0.000491,172.31.36.0-255,66,74789,7,226256
24517,0.000703,74.125.24.0-255,1484,76273,7,226256
24518,0.000708,74.125.24.0-255,2902,79175,7,226256
24519,0.000712,172.31.36.0-255,66,79241,7,226256
24520,0.000735,74.125.24.0-255,5738,84979,7,226256
24521,0.000738,172.31.36.0-255,66,85045,7,226256
24522,0.000796,172.31.36.0-255,66,85111,7,226256
24523,0.000802,74.125.24.0-255,5738,90849,7,226256
24524,0.000804,172.31.36.0-255,66,90915,7,226256
24525,0.000831,74.125.24.0-255,1484,92399,7,226256
24526,0.000848,74.125.24.0-255,3602,96001,7,226256
24527,0.000852,172.31.36.0-255,66,96067,7,226256
24528,0.001045,74.125.24.0-255,1484,97551,7,226256
24529,0.001051,74.125.24.0-255,2902,100453,7,226256
24530,0.001054,172.31.36.0-255,66,100519,7,226256
24531,0.001076,74.125.24.0-255,5738,106257,7,226256
24532,0.001079,172.31.36.0-255,66,106323,7,226256
24533,0.001085,74.125.24.0-255,5738,112061,7,226256
24534,0.001087,172.31.36.0-255,66,112127,7,226256
24535,0.001091,74.125.24.0-255,2902,115029,7,226256
24536,0.001094,172.31.36.0-255,66,115095,7,226256
24537,0.001124,172.31.36.0-255,66,115161,7,226256
24538,0.00116,74.125.24.0-255,5020,120181,7,226256
24539,0.001163,172.31.36.0-255,66,120247,7,226256
24540,0.001212,74.125.24.0-255,4320,124567,7,226256
24541,0.001216,172.31.36.0-255,66,124633,7,226256
24542,0.001233,74.125.24.0-255,1484,126117,7,226256
24543,0.001244,172.31.36.0-255,66,126183,7,226256
24544,0.001258,74.125.24.0-255,1484,127667,7,226256
24545,0.001291,172.31.36.0-255,66,127733,7,226256
24546,0.001297,74.125.24.0-255,3602,131335,7,226256
24547,0.001299,172.31.36.0-255,66,131401,7,226256
24548,0.001346,74.125.24.0-255,1484,132885,7,226256
24549,0.001352,74.125.24.0-255,2902,135787,7,226256
24550,0.001354,172.31.36.0-255,66,135853,7,226256
24551,0.001359,74.125.24.0-255,2902,138755,7,226256
24552,0.001362,172.31.36.0-255,66,138821,7,226256
24553,0.001378,74.125.24.0-255,2902,141723,7,226256
24554,0.001381,172.31.36.0-255,66,141789,7,226256
24555,0.001387,74.125.24.0-255,5738,147527,7,226256
24556,0.001389,172.31.36.0-255,66,147593,7,226256
24557,0.001411,74.125.24.0-255,1484,149077,7,226256
24558,0.001421,172.31.36.0-255,66,149143,7,226256
24559,0.001444,74.125.24.0-255,5738,154881,7,226256
24560,0.001447,172.31.36.0-255,66,154947,7,226256
24561,0.00145,74.125.24.0-255,2184,157131,7,226256
24562,0.001452,172.31.36.0-255,66,157197,7,226256
24563,0.001634,74.125.24.0-255,1484,158681,7,226256
24564,0.001654,172.31.36.0-255,101,158782,7,226256
24565,0.001655,74.125.24.0-255,2902,161684,7,226256
24566,0.001659,74.125.24.0-255,4320,166004,7,226256
24567,0.001659,172.31.36.0-255,66,166070,7,226256
24568,0.001662,172.31.36.0-255,66,166136,7,226256
24569,0.00168,74.125.24.0-255,1484,167620,7,226256
24570,0.001686,74.125.24.0-255,4320,171940,7,226256
24571,0.001689,172.31.36.0-255,66,172006,7,226256
24572,0.001695,74.125.24.0-255,5738,177744,7,226256
24573,0.001698,172.31.36.0-255,66,177810,7,226256
24574,0.001727,74.125.24.0-255,7156,184966,7,226256
24575,0.00173,172.31.36.0-255,66,185032,7,226256
24576,0.001751,74.125.24.0-255,4320,189352,7,226256
24577,0.001753,172.31.36.0-255,66,189418,7,226256
24578,0.001762,74.125.24.0-255,2184,191602,7,226256
24579,0.001765,172.31.36.0-255,66,191668,7,226256
24580,0.001854,74.125.24.0-255,1484,193152,7,226256
24581,0.00186,74.125.24.0-255,2902,196054,7,226256
24582,0.001862,172.31.36.0-255,66,196120,7,226256
24583,0.001888,74.125.24.0-255,5738,201858,7,226256
24584,0.001891,172.31.36.0-255,66,201924,7,226256
24585,0.001895,74.125.24.0-255,2902,204826,7,226256
24586,0.001897,172.31.36.0-255,66,204892,7,226256
24587,0.001908,74.125.24.0-255,1484,206376,7,226256
24588,0.001953,172.31.36.0-255,66,206442,7,226256
24589,0.002014,172.31.36.0-255,66,206508,7,226256
24590,0.00203,172.31.36.0-255,66,206574,7,226256
24591,0.00204,172.31.36.0-255,66,206640,7,226256
24592,0.002051,172.31.36.0-255,66,206706,7,226256
24593,0.00207,172.31.36.0-255,66,206772,7,226256
24594,0.002075,74.125.24.0-255,5738,212510,7,226256
24595,0.002078,172.31.36.0-255,66,212576,7,226256
24596,0.00211,172.31.36.0-255,66,212642,7,226256
24597,0.002139,172.31.36.0-255,66,212708,7,226256
24598,0.002163,74.125.24.0-255,3602,216310,7,226256
24599,0.002166,172.31.36.0-255,66,216376,7,226256
24600,0.002176,172.31.36.0-255,66,216442,7,226256
24601,0.002191,172.31.36.0-255,66,216508,7,226256
24602,0.002221,172.31.36.0-255,66,216574,7,226256
24603,0.002246,74.125.24.0-255,105,216679,7,226256
24604,0.003486,172.31.36.0-255,105,216784,7,226256
24605,0.004171,74.125.24.0-255,66,216850,7,226256
24606,0.006011,74.125.24.0-255,66,216916,7,226256
24607,0.031313,172.31.36.0-255,322,217238,7,226256
24608,0.031344,172.31.36.0-255,1115,218353,7,226256
24609,0.03141,172.31.36.0-255,1514,219867,7,226256
24610,0.031412,172.31.36.0-255,1514,221381,7,226256
24611,0.031413,172.31.36.0-255,1514,222895,7,226256
24612,0.031419,172.31.36.0-255,1514,224409,7,226256
24613,0.03142,172.31.36.0-255,1514,225923,7,226256
24614,0.031421,172.31.36.0-255,69,225992,7,226256
24615,0.032838,104.244.42.0-255,66,226058,7,226256
24616,0.032849,104.244.42.0-255,66,226124,7,226256
24617,0.032939,104.244.42.0-255,66,226190,7,226256
24618,0.032945,104.244.42.0-255,66,226256,7,226256
24619,0.0,74.125.24.0-255,297,297,7,213209
24620,2.6e-05,172.31.36.0-255,66,363,7,213209
24621,3.2e-05,74.125.24.0-255,1484,1847,7,213209
24622,3.6e-05,172.31.36.0-255,66,1913,7,213209
24623,4.4e-05,74.125.24.0-255,4320,6233,7,213209
24624,4.7e-05,172.31.36.0-255,66,6299,7,213209
24625,5.4e-05,74.125.24.0-255,7156,13455,7,213209
24626,5.8e-05,172.31.36.0-255,66,13521,7,213209
24627,7.4e-05,172.31.36.0-255,66,13587,7,213209
24628,7.9e-05,74.125.24.0-255,3961,17548,7,213209
24629,8.2e-05,172.31.36.0-255,66,17614,7,213209
24630,0.00013,74.125.24.0-255,1484,19098,7,213209
24631,0.000133,172.31.36.0-255,66,19164,7,213209
24632,0.00014,74.125.24.0-255,2902,22066,7,213209
24633,0.000143,172.31.36.0-255,66,22132,7,213209
24634,0.000146,74.125.24.0-255,1484,23616,7,213209
24635,0.000148,172.31.36.0-255,66,23682,7,213209
24636,0.000176,74.125.24.0-255,4320,28002,7,213209
24637,0.000179,172.31.36.0-255,66,28068,7,213209
24638,0.000187,74.125.24.0-255,6797,34865,7,213209
24639,0.000189,172.31.36.0-255,66,34931,7,213209
24640,0.000225,172.31.36.0-255,66,34997,7,213209
24641,0.000262,74.125.24.0-255,2857,37854,7,213209
24642,0.000266,172.31.36.0-255,66,37920,7,213209
24643,0.000354,74.125.24.0-255,109,38029,7,213209
24644,0.000358,172.31.36.0-255,66,38095,7,213209
24645,0.000377,74.125.24.0-255,332,38427,7,213209
24646,0.00038,172.31.36.0-255,66,38493,7,213209
24647,0.000719,74.125.24.0-255,1484,39977,7,213209
24648,0.000723,172.31.36.0-255,66,40043,7,213209
24649,0.00073,74.125.24.0-255,2902,42945,7,213209
24650,0.000732,172.31.36.0-255,66,43011,7,213209
24651,0.000739,74.125.24.0-255,5738,48749,7,213209
24652,0.000741,172.31.36.0-255,66,48815,7,213209
24653,0.000756,74.125.24.0-255,2902,51717,7,213209
24654,0.000759,172.31.36.0-255,66,51783,7,213209
24655,0.000784,172.31.36.0-255,66,51849,7,213209
24656,0.000797,172.31.36.0-255,66,51915,7,213209
24657,0.000969,74.125.24.0-255,1484,53399,7,213209
24658,0.000974,74.125.24.0-255,2902,56301,7,213209
24659,0.00098,172.31.36.0-255,66,56367,7,213209
24660,0.000999,74.125.24.0-255,5738,62105,7,213209
24661,0.001002,172.31.36.0-255,66,62171,7,213209
24662,0.001007,74.125.24.0-255,4320,66491,7,213209
24663,0.001009,172.31.36.0-255,66,66557,7,213209
24664,0.001038,172.31.36.0-255,66,66623,7,213209
24665,0.001052,172.31.36.0-255,66,66689,7,213209
24666,0.001297,74.125.24.0-255,1484,68173,7,213209
24667,0.001303,74.125.24.0-255,2902,71075,7,213209
24668,0.001306,172.31.36.0-255,66,71141,7,213209
24669,0.001314,74.125.24.0-255,5738,76879,7,213209
24670,0.001316,172.31.36.0-255,66,76945,7,213209
24671,0.001387,172.31.36.0-255,66,77011,7,213209
24672,0.001394,74.125.24.0-255,5738,82749,7,213209
24673,0.001396,172.31.36.0-255,66,82815,7,213209
24674,0.001402,74.125.24.0-255,5020,87835,7,213209
24675,0.001404,172.31.36.0-255,66,87901,7,213209
24676,0.001466,74.125.24.0-255,1484,89385,7,213209
24677,0.00147,74.125.24.0-255,1484,90869,7,213209
24678,0.001472,172.31.36.0-255,66,90935,7,213209
24679,0.00149,74.125.24.0-255,1484,92419,7,213209
24680,0.001497,74.125.24.0-255,5738,98157,7,213209
24681,0.0015,172.31.36.0-255,66,98223,7,213209
24682,0.001507,74.125.24.0-255,5738,103961,7,213209
24683,0.001509,172.31.36.0-255,66,104027,7,213209
24684,0.001516,74.125.24.0-255,7156,111183,7,213209
24685,0.001519,172.31.36.0-255,66,111249,7,213209
24686,0.001553,74.125.24.0-255,5738,116987,7,213209
24687,0.001556,172.31.36.0-255,66,117053,7,213209
24688,0.001571,74.125.24.0-255,5020,122073,7,213209
24689,0.001574,172.31.36.0-255,66,122139,7,213209
24690,0.001767,74.125.24.0-255,1484,123623,7,213209
24691,0.001773,74.125.24.0-255,2902,126525,7,213209
24692,0.001776,172.31.36.0-255,66,126591,7,213209
24693,0.001784,74.125.24.0-255,5738,132329,7,213209
24694,0.001786,172.31.36.0-255,66,132395,7,213209
24695,0.001819,172.31.36.0-255,66,132461,7,213209
24696,0.001854,74.125.24.0-255,1484,133945,7,213209
24697,0.001891,172.31.36.0-255,66,134011,7,213209
24698,0.001907,172.31.36.0-255,66,134077,7,213209
24699,0.001925,172.31.36.0-255,66,134143,7,213209
24700,0.001945,74.125.24.0-255,4320,138463,7,213209
24701,0.001947,172.31.36.0-255,66,138529,7,213209
24702,0.001989,172.31.36.0-255,66,138595,7,213209
24703,0.002002,172.31.36.0-255,66,138661,7,213209
24704,0.002016,172.31.36.0-255,66,138727,7,213209
24705,0.002044,74.125.24.0-255,1484,140211,7,213209
24706,0.002058,74.125.24.0-255,2902,143113,7,213209
24707,0.002061,172.31.36.0-255,66,143179,7,213209
24708,0.002066,74.125.24.0-255,2902,146081,7,213209
24709,0.002068,172.31.36.0-255,66,146147,7,213209
24710,0.002081,74.125.24.0-255,2902,149049,7,213209
24711,0.002083,172.31.36.0-255,66,149115,7,213209
24712,0.002087,74.125.24.0-255,1484,150599,7,213209
24713,0.002125,172.31.36.0-255,66,150665,7,213209
24714,0.002128,74.125.24.0-255,1484,152149,7,213209
24715,0.002135,74.125.24.0-255,7156,159305,7,213209
24716,0.002138,172.31.36.0-255,66,159371,7,213209
24717,0.002141,74.125.24.0-255,1484,160855,7,213209
24718,0.002145,74.125.24.0-255,2184,163039,7,213209
24719,0.002147,172.31.36.0-255,66,163105,7,213209
24720,0.002213,74.125.24.0-255,1484,164589,7,213209
24721,0.002238,74.125.24.0-255,2902,167491,7,213209
24722,0.002242,172.31.36.0-255,66,167557,7,213209
24723,0.002249,74.125.24.0-255,5738,173295,7,213209
24724,0.002251,172.31.36.0-255,66,173361,7,213209
24725,0.002259,74.125.24.0-255,7156,180517,7,213209
24726,0.002261,172.31.36.0-255,66,180583,7,213209
24727,0.002293,74.125.24.0-255,2902,183485,7,213209
24728,0.002296,172.31.36.0-255,66,183551,7,213209
24729,0.002326,172.31.36.0-255,66,183617,7,213209
24730,0.00233,74.125.24.0-255,2184,185801,7,213209
24731,0.002332,172.31.36.0-255,66,185867,7,213209
24732,0.002335,74.125.24.0-255,1484,187351,7,213209
24733,0.002348,74.125.24.0-255,1484,188835,7,213209
24734,0.00235,172.31.36.0-255,66,188901,7,213209
24735,0.002356,74.125.24.0-255,4320,193221,7,213209
24736,0.002358,172.31.36.0-255,66,193287,7,213209
24737,0.002365,74.125.24.0-255,5738,199025,7,213209
24738,0.002367,172.31.36.0-255,66,199091,7,213209
24739,0.002384,74.125.24.0-255,2902,201993,7,213209
24740,0.002386,172.31.36.0-255,66,202059,7,213209
24741,0.002408,172.31.36.0-255,66,202125,7,213209
24742,0.002437,172.31.36.0-255,66,202191,7,213209
24743,0.002449,172.31.36.0-255,66,202257,7,213209
24744,0.002477,74.125.24.0-255,6062,208319,7,213209
24745,0.002479,74.125.24.0-255,105,208424,7,213209
24746,0.002483,172.31.36.0-255,66,208490,7,213209
24747,0.012279,172.31.36.0-255,66,208556,7,213209
24748,0.012331,172.31.36.0-255,105,208661,7,213209
24749,0.014239,74.125.24.0-255,66,208727,7,213209
24750,0.033968,172.31.36.0-255,188,208915,7,213209
24751,0.034001,172.31.36.0-255,958,209873,7,213209
24752,0.034064,172.31.36.0-255,1514,211387,7,213209
24753,0.034067,172.31.36.0-255,1450,212837,7,213209
24754,0.035522,104.244.42.0-255,66,212903,7,213209
24755,0.035552,104.244.42.0-255,66,212969,7,213209
24756,0.035672,104.244.42.0-255,66,213035,7,213209
24757,0.0367,104.244.42.0-255,108,213143,7,213209
24758,0.036706,172.31.36.0-255,66,213209,7,213209
24759,0.0,74.125.24.0-255,153,153,7,282522
24760,1.5e-05,172.31.36.0-255,66,219,7,282522
24761,2.2e-05,74.125.24.0-255,1484,1703,7,282522
24762,2.7e-05,172.31.36.0-255,66,1769,7,282522
24763,3.3e-05,74.125.24.0-255,2902,4671,7,282522
24764,3.6e-05,172.31.36.0-255,66,4737,7,282522
24765,3.9e-05,74.125.24.0-255,1484,6221,7,282522
24766,4.2e-05,172.31.36.0-255,66,6287,7,282522
24767,6.1e-05,74.125.24.0-255,5738,12025,7,282522
24768,6.5e-05,172.31.36.0-255,66,12091,7,282522
24769,6.8e-05,74.125.24.0-255,1484,13575,7,282522
24770,7e-05,172.31.36.0-255,66,13641,7,282522
24771,8.6e-05,74.125.24.0-255,4320,17961,7,282522
24772,8.9e-05,172.31.36.0-255,66,18027,7,282522
24773,0.000113,74.125.24.0-255,6264,24291,7,282522
24774,0.000117,172.31.36.0-255,66,24357,7,282522
24775,0.000129,172.31.36.0-255,66,24423,7,282522
24776,0.000142,74.125.24.0-255,2902,27325,7,282522
24777,0.000144,172.31.36.0-255,66,27391,7,282522
24778,0.000158,172.31.36.0-255,66,27457,7,282522
24779,0.000179,74.125.24.0-255,2184,29641,7,282522
24780,0.000182,172.31.36.0-255,66,29707,7,282522
24781,0.000189,74.125.24.0-255,7156,36863,7,282522
24782,0.000191,172.31.36.0-255,66,36929,7,282522
24783,0.000204,74.125.24.0-255,1484,38413,7,282522
24784,0.000207,172.31.36.0-255,66,38479,7,282522
24785,0.000223,74.125.24.0-255,2817,41296,7,282522
24786,0.000226,172.31.36.0-255,66,41362,7,282522
24787,0.000432,74.125.24.0-255,131,41493,7,282522
24788,0.000438,172.31.36.0-255,66,41559,7,282522
24789,0.000609,74.125.24.0-255,1484,43043,7,282522
24790,0.000632,74.125.24.0-255,2902,45945,7,282522
24791,0.000636,172.31.36.0-255,66,46011,7,282522
24792,0.000643,74.125.24.0-255,5738,51749,7,282522
24793,0.000645,172.31.36.0-255,66,51815,7,282522
24794,0.000676,172.31.36.0-255,66,51881,7,282522
24795,0.000682,74.125.24.0-255,5738,57619,7,282522
24796,0.000686,172.31.36.0-255,66,57685,7,282522
24797,0.000714,74.125.24.0-255,5738,63423,7,282522
24798,0.000718,74.125.24.0-255,2184,65607,7,282522
24799,0.000719,172.31.36.0-255,66,65673,7,282522
24800,0.000723,172.31.36.0-255,66,65739,7,282522
24801,0.001234,74.125.24.0-255,1484,67223,7,282522
24802,0.001242,74.125.24.0-255,2902,70125,7,282522
24803,0.001246,172.31.36.0-255,66,70191,7,282522
24804,0.001262,74.125.24.0-255,4320,74511,7,282522
24805,0.001265,172.31.36.0-255,66,74577,7,282522
24806,0.001289,74.125.24.0-255,1484,76061,7,282522
24807,0.001294,74.125.24.0-255,2902,78963,7,282522
24808,0.001297,172.31.36.0-255,66,79029,7,282522
24809,0.001308,172.31.36.0-255,66,79095,7,282522
24810,0.001311,74.125.24.0-255,1484,80579,7,282522
24811,0.001337,172.31.36.0-255,66,80645,7,282522
24812,0.001348,74.125.24.0-255,766,81411,7,282522
24813,0.001473,74.125.24.0-255,1484,82895,7,282522
24814,0.001478,172.31.36.0-255,66,82961,7,282522
24815,0.001483,74.125.24.0-255,2902,85863,7,282522
24816,0.001485,172.31.36.0-255,66,85929,7,282522
24817,0.001492,74.125.24.0-255,5738,91667,7,282522
24818,0.001494,172.31.36.0-255,66,91733,7,282522
24819,0.001512,74.125.24.0-255,4320,96053,7,282522
24820,0.001515,172.31.36.0-255,66,96119,7,282522
24821,0.001553,172.31.36.0-255,66,96185,7,282522
24822,0.00156,74.125.24.0-255,5738,101923,7,282522
24823,0.001563,172.31.36.0-255,66,101989,7,282522
24824,0.001585,74.125.24.0-255,5020,107009,7,282522
24825,0.001588,172.31.36.0-255,66,107075,7,282522
24826,0.001755,74.125.24.0-255,1484,108559,7,282522
24827,0.001762,74.125.24.0-255,1484,110043,7,282522
24828,0.001767,172.31.36.0-255,66,110109,7,282522
24829,0.001787,74.125.24.0-255,1484,111593,7,282522
24830,0.001794,74.125.24.0-255,5738,117331,7,282522
24831,0.001797,172.31.36.0-255,66,117397,7,282522
24832,0.001802,74.125.24.0-255,4320,121717,7,282522
24833,0.001804,172.31.36.0-255,66,121783,7,282522
24834,0.00181,74.125.24.0-255,5738,127521,7,282522
24835,0.001813,172.31.36.0-255,66,127587,7,282522
24836,0.001826,172.31.36.0-255,66,127653,7,282522
24837,0.001851,74.125.24.0-255,1484,129137,7,282522
24838,0.001855,74.125.24.0-255,2184,131321,7,282522
24839,0.001857,172.31.36.0-255,66,131387,7,282522
24840,0.002223,74.125.24.0-255,1484,132871,7,282522
24841,0.002237,74.125.24.0-255,2902,135773,7,282522
24842,0.00224,172.31.36.0-255,66,135839,7,282522
24843,0.002243,74.125.24.0-255,1484,137323,7,282522
24844,0.002261,74.125.24.0-255,4320,141643,7,282522
24845,0.002264,172.31.36.0-255,66,141709,7,282522
24846,0.002293,172.31.36.0-255,66,141775,7,282522
24847,0.002298,74.125.24.0-255,5738,147513,7,282522
24848,0.0023,172.31.36.0-255,66,147579,7,282522
24849,0.002335,74.125.24.0-255,2902,150481,7,282522
24850,0.002337,172.31.36.0-255,66,150547,7,282522
24851,0.002364,172.31.36.0-255,66,150613,7,282522
24852,0.002373,74.125.24.0-255,5738,156351,7,282522
24853,0.002376,172.31.36.0-255,66,156417,7,282522
24854,0.0024,172.31.36.0-255,66,156483,7,282522
24855,0.002406,74.125.24.0-255,5020,161503,7,282522
24856,0.002408,172.31.36.0-255,66,161569,7,282522
24857,0.004761,74.125.24.0-255,5738,167307,7,282522
24858,0.004765,172.31.36.0-255,66,167373,7,282522
24859,0.007134,74.125.24.0-255,5738,173111,7,282522
24860,0.007141,172.31.36.0-255,66,173177,7,282522
24861,0.009549,74.125.24.0-255,5738,178915,7,282522
24862,0.009555,172.31.36.0-255,66,178981,7,282522
24863,0.011911,74.125.24.0-255,5738,184719,7,282522
24864,0.011918,172.31.36.0-255,66,184785,7,282522
24865,0.014257,74.125.24.0-255,5738,190523,7,282522
24866,0.014265,172.31.36.0-255,66,190589,7,282522
24867,0.016621,74.125.24.0-255,5738,196327,7,282522
24868,0.016627,172.31.36.0-255,66,196393,7,282522
24869,0.019001,74.125.24.0-255,5738,202131,7,282522
24870,0.019011,172.31.36.0-255,66,202197,7,282522
24871,0.021388,74.125.24.0-255,5738,207935,7,282522
24872,0.021397,172.31.36.0-255,66,208001,7,282522
24873,0.023771,74.125.24.0-255,5738,213739,7,282522
24874,0.023778,172.31.36.0-255,66,213805,7,282522
24875,0.026143,74.125.24.0-255,4320,218125,7,282522
24876,0.026149,172.31.36.0-255,66,218191,7,282522
24877,0.026175,74.125.24.0-255,1484,219675,7,282522
24878,0.028517,74.125.24.0-255,4320,223995,7,282522
24879,0.028524,172.31.36.0-255,66,224061,7,282522
24880,0.030895,74.125.24.0-255,5738,229799,7,282522
24881,0.030906,172.31.36.0-255,66,229865,7,282522
24882,0.03287,172.31.36.0-255,188,230053,7,282522
24883,0.032901,172.31.36.0-255,958,231011,7,282522
24884,0.032949,172.31.36.0-255,1514,232525,7,282522
24885,0.032951,172.31.36.0-255,1514,234039,7,282522
24886,0.032956,172.31.36.0-255,1514,235553,7,282522
24887,0.032957,172.31.36.0-255,1229,236782,7,282522
24888,0.033275,74.125.24.0-255,5738,242520,7,282522
24889,0.033284,172.31.36.0-255,66,242586,7,282522
24890,0.034395,104.244.42.0-255,66,242652,7,282522
24891,0.034415,104.244.42.0-255,66,242718,7,282522
24892,0.034538,104.244.42.0-255,66,242784,7,282522
24893,0.034545,104.244.42.0-255,66,242850,7,282522
24894,0.035647,74.125.24.0-255,5738,248588,7,282522
24895,0.035655,172.31.36.0-255,66,248654,7,282522
24896,0.037998,74.125.24.0-255,4320,252974,7,282522
24897,0.038005,172.31.36.0-255,66,253040,7,282522
24898,0.038031,74.125.24.0-255,1484,254524,7,282522
24899,0.040371,74.125.24.0-255,4320,258844,7,282522
24900,0.040377,172.31.36.0-255,66,258910,7,282522
24901,0.042741,74.125.24.0-255,5738,264648,7,282522
24902,0.042747,172.31.36.0-255,66,264714,7,282522
24903,0.045116,74.125.24.0-255,2902,267616,7,282522
24904,0.045121,172.31.36.0-255,66,267682,7,282522
24905,0.045154,74.125.24.0-255,2902,270584,7,282522
24906,0.045157,172.31.36.0-255,66,270650,7,282522
24907,0.047464,74.125.24.0-255,2902,273552,7,282522
24908,0.047469,172.31.36.0-255,66,273618,7,282522
24909,0.047518,74.125.24.0-255,2902,276520,7,282522
24910,0.047521,172.31.36.0-255,66,276586,7,282522
24911,0.049848,74.125.24.0-255,2902,279488,7,282522
24912,0.049853,172.31.36.0-255,66,279554,7,282522
24913,0.049883,74.125.24.0-255,2902,282456,7,282522
24914,0.049886,172.31.36.0-255,66,282522,7,282522
24915,0.0,172.31.36.0-255,105,105,7,105
24916,0.0,74.125.200.0-255,298,298,7,296320
24917,2.7e-05,172.31.36.0-255,66,364,7,296320
24918,3.3e-05,74.125.200.0-255,1484,1848,7,296320
24919,3.7e-05,172.31.36.0-255,66,1914,7,296320
24920,4.2e-05,74.125.200.0-255,4320,6234,7,296320
24921,4.4e-05,172.31.36.0-255,66,6300,7,296320
24922,4.8e-05,74.125.200.0-255,2902,9202,7,296320
24923,5e-05,172.31.36.0-255,66,9268,7,296320
24924,5.6e-05,74.125.200.0-255,4320,13588,7,296320
24925,5.8e-05,172.31.36.0-255,66,13654,7,296320
24926,7.4e-05,74.125.200.0-255,403,14057,7,296320
24927,7.5e-05,172.31.36.0-255,66,14123,7,296320
24928,9.9e-05,74.125.200.0-255,1484,15607,7,296320
24929,0.000116,172.31.36.0-255,66,15673,7,296320
24930,0.000147,74.125.200.0-255,4320,19993,7,296320
24931,0.000149,172.31.36.0-255,66,20059,7,296320
24932,0.000173,74.125.200.0-255,4320,24379,7,296320
24933,0.000175,172.31.36.0-255,66,24445,7,296320
24934,0.000188,74.125.200.0-255,1484,25929,7,296320
24935,0.00019,172.31.36.0-255,66,25995,7,296320
24936,0.000197,74.125.200.0-255,5379,31374,7,296320
24937,0.000199,172.31.36.0-255,66,31440,7,296320
24938,0.00027,74.125.200.0-255,1484,32924,7,296320
24939,0.000274,172.31.36.0-255,66,32990,7,296320
24940,0.000298,74.125.200.0-255,1484,34474,7,296320
24941,0.000301,172.31.36.0-255,66,34540,7,296320
24942,0.00032,74.125.200.0-255,2902,37442,7,296320
24943,0.000324,172.31.36.0-255,66,37508,7,296320
24944,0.000339,74.125.200.0-255,5738,43246,7,296320
24945,0.000342,172.31.36.0-255,66,43312,7,296320
24946,0.000347,74.125.200.0-255,2902,46214,7,296320
24947,0.000349,172.31.36.0-255,66,46280,7,296320
24948,0.000388,74.125.200.0-255,3961,50241,7,296320
24949,0.000392,172.31.36.0-255,66,50307,7,296320
24950,0.000398,74.125.200.0-255,5738,56045,7,296320
24951,0.000401,172.31.36.0-255,66,56111,7,296320
24952,0.000404,74.125.200.0-255,1484,57595,7,296320
24953,0.00043,74.125.200.0-255,5738,63333,7,296320
24954,0.000433,172.31.36.0-255,66,63399,7,296320
24955,0.000437,74.125.200.0-255,2849,66248,7,296320
24956,0.000442,172.31.36.0-255,66,66314,7,296320
24957,0.000474,74.125.200.0-255,380,66694,7,296320
24958,0.000711,74.125.200.0-255,1484,68178,7,296320
24959,0.000716,172.31.36.0-255,66,68244,7,296320
24960,0.000722,74.125.200.0-255,2902,71146,7,296320
24961,0.000725,172.31.36.0-255,66,71212,7,296320
24962,0.000736,74.125.200.0-255,4320,75532,7,296320
24963,0.00074,172.31.36.0-255,66,75598,7,296320
24964,0.000748,74.125.200.0-255,1484,77082,7,296320
24965,0.000755,74.125.200.0-255,5738,82820,7,296320
24966,0.000757,172.31.36.0-255,66,82886,7,296320
24967,0.000789,74.125.200.0-255,7156,90042,7,296320
24968,0.000792,172.31.36.0-255,66,90108,7,296320
24969,0.000799,74.125.200.0-255,5738,95846,7,296320
24970,0.000802,172.31.36.0-255,66,95912,7,296320
24971,0.000825,74.125.200.0-255,5020,100932,7,296320
24972,0.000829,172.31.36.0-255,66,100998,7,296320
24973,0.000969,74.125.200.0-255,1484,102482,7,296320
24974,0.000988,74.125.200.0-255,2902,105384,7,296320
24975,0.000992,172.31.36.0-255,66,105450,7,296320
24976,0.000995,74.125.200.0-255,1484,106934,7,296320
24977,0.001012,74.125.200.0-255,4320,111254,7,296320
24978,0.001014,172.31.36.0-255,66,111320,7,296320
24979,0.001021,74.125.200.0-255,7156,118476,7,296320
24980,0.001024,172.31.36.0-255,66,118542,7,296320
24981,0.001071,172.31.36.0-255,66,118608,7,296320
24982,0.001093,74.125.200.0-255,1484,120092,7,296320
24983,0.001107,74.125.200.0-255,3602,123694,7,296320
24984,0.00111,172.31.36.0-255,66,123760,7,296320
24985,0.00115,74.125.200.0-255,1484,125244,7,296320
24986,0.001164,74.125.200.0-255,1484,126728,7,296320
24987,0.001167,172.31.36.0-255,66,126794,7,296320
24988,0.001179,74.125.200.0-255,1484,128278,7,296320
24989,0.001196,74.125.200.0-255,5738,134016,7,296320
24990,0.001199,172.31.36.0-255,66,134082,7,296320
24991,0.001204,74.125.200.0-255,2902,136984,7,296320
24992,0.001206,172.31.36.0-255,66,137050,7,296320
24993,0.00121,74.125.200.0-255,1484,138534,7,296320
24994,0.001234,74.125.200.0-255,2902,141436,7,296320
24995,0.001237,172.31.36.0-255,66,141502,7,296320
24996,0.001247,172.31.36.0-255,66,141568,7,296320
24997,0.001259,172.31.36.0-255,66,141634,7,296320
24998,0.002157,74.125.200.0-255,1484,143118,7,296320
24999,0.002164,74.125.200.0-255,1484,144602,7,296320
25000,0.002167,172.31.36.0-255,66,144668,7,296320
25001,0.00218,74.125.200.0-255,1484,146152,7,296320
25002,0.002193,74.125.200.0-255,1484,147636,7,296320
25003,0.002195,172.31.36.0-255,66,147702,7,296320
25004,0.0022,74.125.200.0-255,2902,150604,7,296320
25005,0.002201,172.31.36.0-255,66,150670,7,296320
25006,0.002216,74.125.200.0-255,2902,153572,7,296320
25007,0.002218,172.31.36.0-255,66,153638,7,296320
25008,0.002224,74.125.200.0-255,5738,159376,7,296320
25009,0.002225,172.31.36.0-255,66,159442,7,296320
25010,0.002253,74.125.200.0-255,5738,165180,7,296320
25011,0.002256,172.31.36.0-255,66,165246,7,296320
25012,0.004456,74.125.200.0-255,5738,170984,7,296320
25013,0.00446,172.31.36.0-255,66,171050,7,296320
25014,0.006756,74.125.200.0-255,5738,176788,7,296320
25015,0.006762,172.31.36.0-255,66,176854,7,296320
25016,0.00901,74.125.200.0-255,5738,182592,7,296320
25017,0.009018,172.31.36.0-255,66,182658,7,296320
25018,0.011246,74.125.200.0-255,5738,188396,7,296320
25019,0.011254,172.31.36.0-255,66,188462,7,296320
25020,0.013481,74.125.200.0-255,5738,194200,7,296320
25021,0.013489,172.31.36.0-255,66,194266,7,296320
25022,0.015718,74.125.200.0-255,5738,200004,7,296320
25023,0.015728,172.31.36.0-255,66,200070,7,296320
25024,0.01795,74.125.200.0-255,5738,205808,7,296320
25025,0.017959,172.31.36.0-255,66,205874,7,296320
25026,0.020186,74.125.200.0-255,5738,211612,7,296320
25027,0.020194,172.31.36.0-255,66,211678,7,296320
25028,0.022415,74.125.200.0-255,5738,217416,7,296320
25029,0.022421,172.31.36.0-255,66,217482,7,296320
25030,0.024649,74.125.200.0-255,5738,223220,7,296320
25031,0.024658,172.31.36.0-255,66,223286,7,296320
25032,0.026909,74.125.200.0-255,5738,229024,7,296320
25033,0.026917,172.31.36.0-255,66,229090,7,296320
25034,0.029138,74.125.200.0-255,5738,234828,7,296320
25035,0.029145,172.31.36.0-255,66,234894,7,296320
25036,0.031377,74.125.200.0-255,5738,240632,7,296320
25037,0.031385,172.31.36.0-255,66,240698,7,296320
25038,0.033116,172.31.36.0-255,172,240870,7,296320
25039,0.033232,172.31.36.0-255,1115,241985,7,296320
25040,0.0333,172.31.36.0-255,1514,243499,7,296320
25041,0.033302,172.31.36.0-255,1514,245013,7,296320
25042,0.033307,172.31.36.0-255,1514,246527,7,296320
25043,0.033309,172.31.36.0-255,1514,248041,7,296320
25044,0.033328,172.31.36.0-255,1514,249555,7,296320
25045,0.033329,172.31.36.0-255,69,249624,7,296320
25046,0.033603,74.125.200.0-255,5738,255362,7,296320
25047,0.033612,172.31.36.0-255,66,255428,7,296320
25048,0.034647,104.244.42.0-255,66,255494,7,296320
25049,0.034769,104.244.42.0-255,66,255560,7,296320
25050,0.034868,104.244.42.0-255,66,255626,7,296320
25051,0.034874,104.244.42.0-255,66,255692,7,296320
25052,0.035844,74.125.200.0-255,5738,261430,7,296320
25053,0.035849,172.31.36.0-255,66,261496,7,296320
25054,0.03806,74.125.200.0-255,5738,267234,7,296320
25055,0.038066,172.31.36.0-255,66,267300,7,296320
25056,0.040283,74.125.200.0-255,5738,273038,7,296320
25057,0.040288,172.31.36.0-255,66,273104,7,296320
25058,0.042507,74.125.200.0-255,5738,278842,7,296320
25059,0.042527,172.31.36.0-255,66,278908,7,296320
25060,0.044745,74.125.200.0-255,5738,284646,7,296320
25061,0.04475,172.31.36.0-255,66,284712,7,296320
25062,0.046983,74.125.200.0-255,5738,290450,7,296320
25063,0.046989,172.31.36.0-255,66,290516,7,296320
25064,0.04921,74.125.200.0-255,5738,296254,7,296320
25065,0.049216,172.31.36.0-255,66,296320,7,296320
25066,0.0,172.217.194.0-255,153,153,7,281978
25067,2e-05,172.31.36.0-255,66,219,7,281978
25068,2.7e-05,172.217.194.0-255,1484,1703,7,281978
25069,3.2e-05,172.31.36.0-255,66,1769,7,281978
25070,3.6e-05,172.217.194.0-255,2902,4671,7,281978
25071,3.9e-05,172.31.36.0-255,66,4737,7,281978
25072,4.3e-05,172.217.194.0-255,2902,7639,7,281978
25073,4.6e-05,172.31.36.0-255,66,7705,7,281978
25074,9.1e-05,172.217.194.0-255,6241,13946,7,281978
25075,9.4e-05,172.31.36.0-255,66,14012,7,281978
25076,0.000183,172.217.194.0-255,1484,15496,7,281978
25077,0.000186,172.31.36.0-255,66,15562,7,281978
25078,0.00019,172.217.194.0-255,1484,17046,7,281978
25079,0.000192,172.31.36.0-255,66,17112,7,281978
25080,0.00021,172.217.194.0-255,1484,18596,7,281978
25081,0.000212,172.31.36.0-255,66,18662,7,281978
25082,0.000218,172.217.194.0-255,5738,24400,7,281978
25083,0.00022,172.31.36.0-255,66,24466,7,281978
25084,0.000249,172.217.194.0-255,6797,31263,7,281978
25085,0.000251,172.31.36.0-255,66,31329,7,281978
25086,0.000291,172.217.194.0-255,2902,34231,7,281978
25087,0.000294,172.31.36.0-255,66,34297,7,281978
25088,0.000299,172.217.194.0-255,2902,37199,7,281978
25089,0.000301,172.31.36.0-255,66,37265,7,281978
25090,0.000313,172.217.194.0-255,1484,38749,7,281978
25091,0.000315,172.31.36.0-255,66,38815,7,281978
25092,0.000321,172.217.194.0-255,4320,43135,7,281978
25093,0.000323,172.31.36.0-255,66,43201,7,281978
25094,0.000344,172.217.194.0-255,4320,47521,7,281978
25095,0.000347,172.31.36.0-255,66,47587,7,281978
25096,0.000352,172.217.194.0-255,5738,53325,7,281978
25097,0.000354,172.31.36.0-255,66,53391,7,281978
25098,0.000394,172.217.194.0-255,4320,57711,7,281978
25099,0.000397,172.31.36.0-255,66,57777,7,281978
25100,0.000427,172.31.36.0-255,66,57843,7,281978
25101,0.000429,172.217.194.0-255,342,58185,7,281978
25102,0.000935,172.31.36.0-255,66,58251,7,281978
25103,0.001268,172.217.194.0-255,111,58362,7,281978
25104,0.00132,172.217.194.0-255,1484,59846,7,281978
25105,0.001324,172.31.36.0-255,66,59912,7,281978
25106,0.001356,172.217.194.0-255,2902,62814,7,281978
25107,0.001358,172.31.36.0-255,66,62880,7,281978
25108,0.001365,172.217.194.0-255,7156,70036,7,281978
25109,0.001367,172.31.36.0-255,66,70102,7,281978
25110,0.001377,172.31.36.0-255,66,70168,7,281978
25111,0.001431,172.31.36.0-255,66,70234,7,281978
25112,0.001494,172.217.194.0-255,1484,71718,7,281978
25113,0.001499,172.217.194.0-255,2902,74620,7,281978
25114,0.001502,172.31.36.0-255,66,74686,7,281978
25115,0.001507,172.217.194.0-255,4320,79006,7,281978
25116,0.001509,172.31.36.0-255,66,79072,7,281978
25117,0.001521,172.217.194.0-255,1484,80556,7,281978
25118,0.001525,172.217.194.0-255,2902,83458,7,281978
25119,0.001527,172.31.36.0-255,66,83524,7,281978
25120,0.001547,172.31.36.0-255,66,83590,7,281978
25121,0.001577,172.31.36.0-255,66,83656,7,281978
25122,0.001581,172.217.194.0-255,4320,87976,7,281978
25123,0.001583,172.31.36.0-255,66,88042,7,281978
25124,0.001598,172.217.194.0-255,5738,93780,7,281978
25125,0.0016,172.31.36.0-255,66,93846,7,281978
25126,0.001617,172.217.194.0-255,1484,95330,7,281978
25127,0.001627,172.31.36.0-255,66,95396,7,281978
25128,0.001653,172.31.36.0-255,66,95462,7,281978
25129,0.001657,172.217.194.0-255,3602,99064,7,281978
25130,0.001659,172.31.36.0-255,66,99130,7,281978
25131,0.001794,172.217.194.0-255,1484,100614,7,281978
25132,0.001819,172.217.194.0-255,2902,103516,7,281978
25133,0.001822,172.31.36.0-255,66,103582,7,281978
25134,0.001828,172.217.194.0-255,5738,109320,7,281978
25135,0.001831,172.31.36.0-255,66,109386,7,281978
25136,0.001865,172.217.194.0-255,4320,113706,7,281978
25137,0.001867,172.31.36.0-255,66,113772,7,281978
25138,0.001887,172.217.194.0-255,5738,119510,7,281978
25139,0.00189,172.31.36.0-255,66,119576,7,281978
25140,0.001895,172.217.194.0-255,4320,123896,7,281978
25141,0.001897,172.31.36.0-255,66,123962,7,281978
25142,0.001922,172.217.194.0-255,7156,131118,7,281978
25143,0.001924,172.31.36.0-255,66,131184,7,281978
25144,0.001928,172.217.194.0-255,2184,133368,7,281978
25145,0.00193,172.31.36.0-255,66,133434,7,281978
25146,0.002046,172.217.194.0-255,387,133821,7,281978
25147,0.002075,172.217.194.0-255,1484,135305,7,281978
25148,0.002078,172.31.36.0-255,66,135371,7,281978
25149,0.002091,172.217.194.0-255,4320,139691,7,281978
25150,0.002093,172.31.36.0-255,66,139757,7,281978
25151,0.002116,172.217.194.0-255,4320,144077,7,281978
25152,0.002118,172.31.36.0-255,66,144143,7,281978
25153,0.002137,172.217.194.0-255,5738,149881,7,281978
25154,0.002139,172.31.36.0-255,66,149947,7,281978
25155,0.002159,172.217.194.0-255,1484,151431,7,281978
25156,0.002185,172.31.36.0-255,66,151497,7,281978
25157,0.002202,172.217.194.0-255,1484,152981,7,281978
25158,0.002206,172.217.194.0-255,2184,155165,7,281978
25159,0.002207,172.31.36.0-255,66,155231,7,281978
25160,0.002322,172.217.194.0-255,1484,156715,7,281978
25161,0.002347,172.217.194.0-255,2902,159617,7,281978
25162,0.00235,172.31.36.0-255,66,159683,7,281978
25163,0.002372,172.217.194.0-255,5738,165421,7,281978
25164,0.002374,172.31.36.0-255,66,165487,7,281978
25165,0.00239,172.217.194.0-255,2902,168389,7,281978
25166,0.002393,172.31.36.0-255,66,168455,7,281978
25167,0.002414,172.217.194.0-255,5738,174193,7,281978
25168,0.002417,172.31.36.0-255,66,174259,7,281978
25169,0.002427,172.31.36.0-255,66,174325,7,281978
25170,0.00243,172.217.194.0-255,1484,175809,7,281978
25171,0.002444,172.217.194.0-255,3602,179411,7,281978
25172,0.002447,172.31.36.0-255,66,179477,7,281978
25173,0.002567,172.217.194.0-255,1484,180961,7,281978
25174,0.002584,172.217.194.0-255,2902,183863,7,281978
25175,0.002587,172.31.36.0-255,66,183929,7,281978
25176,0.002606,172.217.194.0-255,5738,189667,7,281978
25177,0.002609,172.31.36.0-255,66,189733,7,281978
25178,0.002611,172.217.194.0-255,1484,191217,7,281978
25179,0.002639,172.217.194.0-255,5738,196955,7,281978
25180,0.002642,172.31.36.0-255,66,197021,7,281978
25181,0.002667,172.31.36.0-255,66,197087,7,281978
25182,0.00267,172.217.194.0-255,1484,198571,7,281978
25183,0.002697,172.217.194.0-255,4320,202891,7,281978
25184,0.0027,172.31.36.0-255,66,202957,7,281978
25185,0.002717,172.217.194.0-255,3602,206559,7,281978
25186,0.002719,172.31.36.0-255,66,206625,7,281978
25187,0.002725,172.217.194.0-255,5738,212363,7,281978
25188,0.002728,172.31.36.0-255,66,212429,7,281978
25189,0.002747,172.217.194.0-255,1484,213913,7,281978
25190,0.002758,172.31.36.0-255,66,213979,7,281978
25191,0.002774,172.217.194.0-255,1484,215463,7,281978
25192,0.002783,172.31.36.0-255,66,215529,7,281978
25193,0.0028,172.217.194.0-255,2902,218431,7,281978
25194,0.002802,172.31.36.0-255,66,218497,7,281978
25195,0.002805,172.217.194.0-255,766,219263,7,281978
25196,0.002807,172.217.194.0-255,1484,220747,7,281978
25197,0.002809,172.31.36.0-255,66,220813,7,281978
25198,0.002835,172.217.194.0-255,4320,225133,7,281978
25199,0.002837,172.31.36.0-255,66,225199,7,281978
25200,0.002856,172.217.194.0-255,4320,229519,7,281978
25201,0.002858,172.31.36.0-255,66,229585,7,281978
25202,0.002874,172.217.194.0-255,1484,231069,7,281978
25203,0.002896,172.31.36.0-255,66,231135,7,281978
25204,0.002914,172.217.194.0-255,2902,234037,7,281978
25205,0.002916,172.31.36.0-255,66,234103,7,281978
25206,0.002921,172.217.194.0-255,5738,239841,7,281978
25207,0.002923,172.31.36.0-255,66,239907,7,281978
25208,0.002929,172.217.194.0-255,5020,244927,7,281978
25209,0.002932,172.31.36.0-255,66,244993,7,281978
25210,0.002951,172.217.194.0-255,1484,246477,7,281978
25211,0.002967,172.217.194.0-255,4320,250797,7,281978
25212,0.00297,172.31.36.0-255,66,250863,7,281978
25213,0.002985,172.217.194.0-255,4320,255183,7,281978
25214,0.002988,172.31.36.0-255,66,255249,7,281978
25215,0.002997,172.31.36.0-255,66,255315,7,281978
25216,0.003014,172.217.194.0-255,1484,256799,7,281978
25217,0.003027,172.217.194.0-255,2902,259701,7,281978
25218,0.00303,172.31.36.0-255,66,259767,7,281978
25219,0.003032,172.217.194.0-255,1484,261251,7,281978
25220,0.003049,172.217.194.0-255,4320,265571,7,281978
25221,0.003052,172.31.36.0-255,66,265637,7,281978
25222,0.003089,172.217.194.0-255,6438,272075,7,281978
25223,0.003091,172.31.36.0-255,66,272141,7,281978
25224,0.003117,172.31.36.0-255,66,272207,7,281978
25225,0.00314,172.217.194.0-255,1484,273691,7,281978
25226,0.003153,172.217.194.0-255,3388,277079,7,281978
25227,0.003156,172.31.36.0-255,66,277145,7,281978
25228,0.003186,172.217.194.0-255,105,277250,7,281978
25229,0.006638,172.31.36.0-255,66,277316,7,281978
25230,0.006684,172.31.36.0-255,105,277421,7,281978
25231,0.009285,172.217.194.0-255,66,277487,7,281978
25232,0.037592,172.31.36.0-255,199,277686,7,281978
25233,0.037627,172.31.36.0-255,1114,278800,7,281978
25234,0.037692,172.31.36.0-255,1514,280314,7,281978
25235,0.037693,172.31.36.0-255,1292,281606,7,281978
25236,0.039129,104.244.42.0-255,66,281672,7,281978
25237,0.039174,104.244.42.0-255,66,281738,7,281978
25238,0.039264,104.244.42.0-255,66,281804,7,281978
25239,0.039968,104.244.42.0-255,108,281912,7,281978
25240,0.039974,172.31.36.0-255,66,281978,7,281978
25241,0.0,172.217.194.0-255,153,153,7,243927
25242,3.5e-05,172.31.36.0-255,66,219,7,243927
25243,4.2e-05,172.217.194.0-255,1484,1703,7,243927
25244,4.5e-05,172.31.36.0-255,66,1769,7,243927
25245,5e-05,172.217.194.0-255,2902,4671,7,243927
25246,5.3e-05,172.31.36.0-255,66,4737,7,243927
25247,6.9e-05,172.217.194.0-255,7156,11893,7,243927
25248,7.3e-05,172.31.36.0-255,66,11959,7,243927
25249,0.000176,172.217.194.0-255,2048,14007,7,243927
25250,0.000183,172.31.36.0-255,66,14073,7,243927
25251,0.000202,172.217.194.0-255,2902,16975,7,243927
25252,0.000206,172.31.36.0-255,66,17041,7,243927
25253,0.00024,172.217.194.0-255,5738,22779,7,243927
25254,0.000244,172.31.36.0-255,66,22845,7,243927
25255,0.000269,172.217.194.0-255,1484,24329,7,243927
25256,0.000273,172.31.36.0-255,66,24395,7,243927
25257,0.000363,172.217.194.0-255,2902,27297,7,243927
25258,0.000367,172.31.36.0-255,66,27363,7,243927
25259,0.000389,172.217.194.0-255,3961,31324,7,243927
25260,0.000393,172.31.36.0-255,66,31390,7,243927
25261,0.000473,172.217.194.0-255,2902,34292,7,243927
25262,0.000478,172.31.36.0-255,66,34358,7,243927
25263,0.000512,172.217.194.0-255,4320,38678,7,243927
25264,0.000515,172.31.36.0-255,66,38744,7,243927
25265,0.000567,172.217.194.0-255,7156,45900,7,243927
25266,0.000572,172.31.36.0-255,66,45966,7,243927
25267,0.000696,172.217.194.0-255,5738,51704,7,243927
25268,0.0007,172.31.36.0-255,66,51770,7,243927
25269,0.000749,172.31.36.0-255,66,51836,7,243927
25270,0.000986,172.217.194.0-255,646,52482,7,243927
25271,0.000992,172.31.36.0-255,66,52548,7,243927
25272,0.001127,172.217.194.0-255,1484,54032,7,243927
25273,0.001138,172.217.194.0-255,2902,56934,7,243927
25274,0.001173,172.217.194.0-255,4320,61254,7,243927
25275,0.001182,172.217.194.0-255,1484,62738,7,243927
25276,0.001243,172.31.36.0-255,66,62804,7,243927
25277,0.001315,172.31.36.0-255,66,62870,7,243927
25278,0.001435,172.217.194.0-255,6438,69308,7,243927
25279,0.001439,172.31.36.0-255,66,69374,7,243927
25280,0.001446,172.31.36.0-255,66,69440,7,243927
25281,0.001704,172.217.194.0-255,1484,70924,7,243927
25282,0.001711,172.217.194.0-255,2902,73826,7,243927
25283,0.001714,172.31.36.0-255,66,73892,7,243927
25284,0.001747,172.217.194.0-255,5738,79630,7,243927
25285,0.001789,172.31.36.0-255,66,79696,7,243927
25286,0.001837,172.217.194.0-255,4320,84016,7,243927
25287,0.001867,172.31.36.0-255,66,84082,7,243927
25288,0.002064,172.217.194.0-255,5738,89820,7,243927
25289,0.002068,172.31.36.0-255,66,89886,7,243927
25290,0.0021,172.217.194.0-255,5020,94906,7,243927
25291,0.002129,172.31.36.0-255,66,94972,7,243927
25292,0.00224,172.217.194.0-255,4320,99292,7,243927
25293,0.002254,172.217.194.0-255,4320,103612,7,243927
25294,0.002259,172.31.36.0-255,66,103678,7,243927
25295,0.002353,172.217.194.0-255,7156,110834,7,243927
25296,0.002356,172.31.36.0-255,66,110900,7,243927
25297,0.002414,172.31.36.0-255,66,110966,7,243927
25298,0.002716,172.31.36.0-255,66,111032,7,243927
25299,0.002782,172.31.36.0-255,66,111098,7,243927
25300,0.003411,172.217.194.0-255,7156,118254,7,243927
25301,0.003415,172.31.36.0-255,66,118320,7,243927
25302,0.003436,172.217.194.0-255,7156,125476,7,243927
25303,0.003489,172.31.36.0-255,66,125542,7,243927
25304,0.003834,172.31.36.0-255,66,125608,7,243927
25305,0.006209,172.217.194.0-255,5738,131346,7,243927
25306,0.006218,172.31.36.0-255,66,131412,7,243927
25307,0.008591,172.217.194.0-255,5738,137150,7,243927
25308,0.0086,172.31.36.0-255,66,137216,7,243927
25309,0.010985,172.217.194.0-255,5738,142954,7,243927
25310,0.010994,172.31.36.0-255,66,143020,7,243927
25311,0.013351,172.217.194.0-255,5738,148758,7,243927
25312,0.013367,172.31.36.0-255,66,148824,7,243927
25313,0.015761,172.217.194.0-255,5738,154562,7,243927
25314,0.015777,172.31.36.0-255,66,154628,7,243927
25315,0.01814,172.217.194.0-255,5738,160366,7,243927
25316,0.018153,172.31.36.0-255,66,160432,7,243927
25317,0.020537,172.217.194.0-255,5738,166170,7,243927
25318,0.020545,172.31.36.0-255,66,166236,7,243927
25319,0.02294,172.217.194.0-255,5738,171974,7,243927
25320,0.022948,172.31.36.0-255,66,172040,7,243927
25321,0.023856,172.31.36.0-255,192,172232,7,243927
25322,0.023883,172.31.36.0-255,1115,173347,7,243927
25323,0.023929,172.31.36.0-255,1514,174861,7,243927
25324,0.023931,172.31.36.0-255,1514,176375,7,243927
25325,0.023936,172.31.36.0-255,1514,177889,7,243927
25326,0.023937,172.31.36.0-255,1072,178961,7,243927
25327,0.025325,172.217.194.0-255,5738,184699,7,243927
25328,0.025333,172.31.36.0-255,66,184765,7,243927
25329,0.025394,104.244.42.0-255,66,184831,7,243927
25330,0.025445,104.244.42.0-255,66,184897,7,243927
25331,0.025524,104.244.42.0-255,66,184963,7,243927
25332,0.025542,104.244.42.0-255,66,185029,7,243927
25333,0.027783,172.217.194.0-255,5738,190767,7,243927
25334,0.02779,172.31.36.0-255,66,190833,7,243927
25335,0.03022,172.217.194.0-255,5738,196571,7,243927
25336,0.030232,172.31.36.0-255,66,196637,7,243927
25337,0.032584,172.217.194.0-255,2902,199539,7,243927
25338,0.032591,172.31.36.0-255,66,199605,7,243927
25339,0.032622,172.217.194.0-255,2902,202507,7,243927
25340,0.032694,172.31.36.0-255,66,202573,7,243927
25341,0.034974,172.217.194.0-255,2902,205475,7,243927
25342,0.034981,172.31.36.0-255,66,205541,7,243927
25343,0.035086,172.217.194.0-255,2902,208443,7,243927
25344,0.035093,172.31.36.0-255,66,208509,7,243927
25345,0.037401,172.217.194.0-255,2902,211411,7,243927
25346,0.03741,172.31.36.0-255,66,211477,7,243927
25347,0.037459,172.217.194.0-255,2902,214379,7,243927
25348,0.037484,172.31.36.0-255,66,214445,7,243927
25349,0.039776,172.217.194.0-255,2902,217347,7,243927
25350,0.039789,172.31.36.0-255,66,217413,7,243927
25351,0.039843,172.217.194.0-255,2902,220315,7,243927
25352,0.039884,172.31.36.0-255,66,220381,7,243927
25353,0.042186,172.217.194.0-255,2902,223283,7,243927
25354,0.042193,172.31.36.0-255,66,223349,7,243927
25355,0.042247,172.217.194.0-255,2902,226251,7,243927
25356,0.042269,172.31.36.0-255,66,226317,7,243927
25357,0.044553,172.217.194.0-255,2902,229219,7,243927
25358,0.044559,172.31.36.0-255,66,229285,7,243927
25359,0.044625,172.217.194.0-255,2902,232187,7,243927
25360,0.044662,172.31.36.0-255,66,232253,7,243927
25361,0.04693,172.217.194.0-255,1484,233737,7,243927
25362,0.047067,172.217.194.0-255,4320,238057,7,243927
25363,0.047074,172.31.36.0-255,66,238123,7,243927
25364,0.049431,172.217.194.0-255,5738,243861,7,243927
25365,0.049496,172.31.36.0-255,66,243927,7,243927
25366,0.0,172.217.194.0-255,147,147,7,267021
25367,2.6e-05,172.31.36.0-255,66,213,7,267021
25368,3.9e-05,172.217.194.0-255,1484,1697,7,267021
25369,4.4e-05,172.31.36.0-255,66,1763,7,267021
25370,4.8e-05,172.217.194.0-255,2902,4665,7,267021
25371,5.1e-05,172.31.36.0-255,66,4731,7,267021
25372,7e-05,172.217.194.0-255,4320,9051,7,267021
25373,7.2e-05,172.31.36.0-255,66,9117,7,267021
25374,9.2e-05,172.217.194.0-255,2902,12019,7,267021
25375,9.6e-05,172.31.36.0-255,66,12085,7,267021
25376,0.000134,172.217.194.0-255,6300,18385,7,267021
25377,0.000137,172.31.36.0-255,66,18451,7,267021
25378,0.000145,172.217.194.0-255,7156,25607,7,267021
25379,0.000148,172.31.36.0-255,66,25673,7,267021
25380,0.000195,172.217.194.0-255,2902,28575,7,267021
25381,0.000199,172.31.36.0-255,66,28641,7,267021
25382,0.000216,172.217.194.0-255,2543,31184,7,267021
25383,0.000219,172.31.36.0-255,66,31250,7,267021
25384,0.00025,172.217.194.0-255,1484,32734,7,267021
25385,0.000254,172.31.36.0-255,66,32800,7,267021
25386,0.000258,172.217.194.0-255,2902,35702,7,267021
25387,0.000261,172.31.36.0-255,66,35768,7,267021
25388,0.000286,172.217.194.0-255,5738,41506,7,267021
25389,0.00029,172.31.36.0-255,66,41572,7,267021
25390,0.000295,172.217.194.0-255,4320,45892,7,267021
25391,0.000297,172.31.36.0-255,66,45958,7,267021
25392,0.000313,172.217.194.0-255,2543,48501,7,267021
25393,0.000317,172.31.36.0-255,66,48567,7,267021
25394,0.000328,172.217.194.0-255,1484,50051,7,267021
25395,0.000331,172.31.36.0-255,66,50117,7,267021
25396,0.000362,172.31.36.0-255,66,50183,7,267021
25397,0.000366,172.217.194.0-255,2543,52726,7,267021
25398,0.000368,172.31.36.0-255,66,52792,7,267021
25399,0.000663,172.217.194.0-255,365,53157,7,267021
25400,0.000696,172.217.194.0-255,379,53536,7,267021
25401,0.000867,172.31.36.0-255,66,53602,7,267021
25402,0.00112,172.217.194.0-255,1484,55086,7,267021
25403,0.00113,172.217.194.0-255,2902,57988,7,267021
25404,0.001135,172.31.36.0-255,66,58054,7,267021
25405,0.001142,172.217.194.0-255,5738,63792,7,267021
25406,0.001144,172.31.36.0-255,66,63858,7,267021
25407,0.001184,172.31.36.0-255,66,63924,7,267021
25408,0.001196,172.31.36.0-255,66,63990,7,267021
25409,0.001242,172.217.194.0-255,766,64756,7,267021
25410,0.002022,172.217.194.0-255,1484,66240,7,267021
25411,0.002028,172.31.36.0-255,66,66306,7,267021
25412,0.002035,172.217.194.0-255,2902,69208,7,267021
25413,0.002037,172.31.36.0-255,66,69274,7,267021
25414,0.002059,172.217.194.0-255,2902,72176,7,267021
25415,0.002061,172.31.36.0-255,66,72242,7,267021
25416,0.002083,172.217.194.0-255,2902,75144,7,267021
25417,0.002085,172.31.36.0-255,66,75210,7,267021
25418,0.002096,172.31.36.0-255,66,75276,7,267021
25419,0.002101,172.217.194.0-255,4320,79596,7,267021
25420,0.002103,172.31.36.0-255,66,79662,7,267021
25421,0.002118,172.217.194.0-255,4320,83982,7,267021
25422,0.00212,172.31.36.0-255,66,84048,7,267021
25423,0.002138,172.217.194.0-255,5020,89068,7,267021
25424,0.00214,172.31.36.0-255,66,89134,7,267021
25425,0.002279,172.217.194.0-255,1484,90618,7,267021
25426,0.002284,172.217.194.0-255,2902,93520,7,267021
25427,0.002286,172.31.36.0-255,66,93586,7,267021
25428,0.002305,172.217.194.0-255,2902,96488,7,267021
25429,0.002308,172.31.36.0-255,66,96554,7,267021
25430,0.002322,172.217.194.0-255,2902,99456,7,267021
25431,0.002324,172.31.36.0-255,66,99522,7,267021
25432,0.002329,172.217.194.0-255,4320,103842,7,267021
25433,0.002332,172.31.36.0-255,66,103908,7,267021
25434,0.002352,172.217.194.0-255,2902,106810,7,267021
25435,0.002354,172.31.36.0-255,66,106876,7,267021
25436,0.00237,172.217.194.0-255,1484,108360,7,267021
25437,0.002389,172.217.194.0-255,4320,112680,7,267021
25438,0.002392,172.31.36.0-255,66,112746,7,267021
25439,0.002413,172.217.194.0-255,7156,119902,7,267021
25440,0.002416,172.31.36.0-255,66,119968,7,267021
25441,0.002419,172.217.194.0-255,1484,121452,7,267021
25442,0.002423,172.217.194.0-255,2184,123636,7,267021
25443,0.002425,172.31.36.0-255,66,123702,7,267021
25444,0.00243,172.217.194.0-255,5738,129440,7,267021
25445,0.002433,172.31.36.0-255,66,129506,7,267021
25446,0.002435,172.217.194.0-255,1484,130990,7,267021
25447,0.002438,172.217.194.0-255,1484,132474,7,267021
25448,0.00244,172.31.36.0-255,66,132540,7,267021
25449,0.00246,172.217.194.0-255,2902,135442,7,267021
25450,0.002462,172.31.36.0-255,66,135508,7,267021
25451,0.002485,172.31.36.0-255,66,135574,7,267021
25452,0.00249,172.217.194.0-255,4320,139894,7,267021
25453,0.002492,172.31.36.0-255,66,139960,7,267021
25454,0.002519,172.31.36.0-255,66,140026,7,267021
25455,0.002522,172.217.194.0-255,2184,142210,7,267021
25456,0.002524,172.31.36.0-255,66,142276,7,267021
25457,0.002528,172.217.194.0-255,2902,145178,7,267021
25458,0.00253,172.31.36.0-255,66,145244,7,267021
25459,0.002558,172.217.194.0-255,7156,152400,7,267021
25460,0.00256,172.31.36.0-255,66,152466,7,267021
25461,0.002586,172.31.36.0-255,66,152532,7,267021
25462,0.002602,172.217.194.0-255,1484,154016,7,267021
25463,0.00263,172.31.36.0-255,66,154082,7,267021
25464,0.002633,172.217.194.0-255,766,154848,7,267021
25465,0.002674,172.217.194.0-255,4320,159168,7,267021
25466,0.002676,172.31.36.0-255,66,159234,7,267021
25467,0.002695,172.217.194.0-255,2902,162136,7,267021
25468,0.002698,172.31.36.0-255,66,162202,7,267021
25469,0.002724,172.31.36.0-255,66,162268,7,267021
25470,0.002731,172.217.194.0-255,7156,169424,7,267021
25471,0.002733,172.31.36.0-255,66,169490,7,267021
25472,0.002758,172.217.194.0-255,5738,175228,7,267021
25473,0.002761,172.31.36.0-255,66,175294,7,267021
25474,0.002767,172.217.194.0-255,5738,181032,7,267021
25475,0.002769,172.31.36.0-255,66,181098,7,267021
25476,0.00279,172.31.36.0-255,66,181164,7,267021
25477,0.002796,172.217.194.0-255,5738,186902,7,267021
25478,0.002798,172.31.36.0-255,66,186968,7,267021
25479,0.00287,172.31.36.0-255,66,187034,7,267021
25480,0.002891,172.217.194.0-255,6438,193472,7,267021
25481,0.002894,172.31.36.0-255,66,193538,7,267021
25482,0.003311,172.217.194.0-255,1484,195022,7,267021
25483,0.003316,172.217.194.0-255,1484,196506,7,267021
25484,0.003319,172.31.36.0-255,66,196572,7,267021
25485,0.003337,172.217.194.0-255,1484,198056,7,267021
25486,0.003341,172.217.194.0-255,2902,200958,7,267021
25487,0.003343,172.31.36.0-255,66,201024,7,267021
25488,0.003366,172.217.194.0-255,7156,208180,7,267021
25489,0.003369,172.31.36.0-255,66,208246,7,267021
25490,0.0034,172.31.36.0-255,66,208312,7,267021
25491,0.00342,172.217.194.0-255,7156,215468,7,267021
25492,0.003423,172.31.36.0-255,66,215534,7,267021
25493,0.003447,172.217.194.0-255,3602,219136,7,267021
25494,0.003452,172.31.36.0-255,66,219202,7,267021
25495,0.003587,172.217.194.0-255,1484,220686,7,267021
25496,0.003593,172.217.194.0-255,2902,223588,7,267021
25497,0.003595,172.31.36.0-255,66,223654,7,267021
25498,0.003619,172.217.194.0-255,5738,229392,7,267021
25499,0.003621,172.31.36.0-255,66,229458,7,267021
25500,0.003639,172.217.194.0-255,1484,230942,7,267021
25501,0.003666,172.31.36.0-255,66,231008,7,267021
25502,0.003685,172.217.194.0-255,2902,233910,7,267021
25503,0.003688,172.31.36.0-255,66,233976,7,267021
25504,0.003717,172.217.194.0-255,1484,235460,7,267021
25505,0.003718,172.31.36.0-255,66,235526,7,267021
25506,0.003739,172.217.194.0-255,4320,239846,7,267021
25507,0.003742,172.31.36.0-255,66,239912,7,267021
25508,0.003771,172.217.194.0-255,4320,244232,7,267021
25509,0.003775,172.31.36.0-255,66,244298,7,267021
25510,0.003809,172.31.36.0-255,66,244364,7,267021
25511,0.003815,172.217.194.0-255,3602,247966,7,267021
25512,0.003817,172.31.36.0-255,66,248032,7,267021
25513,0.003821,172.217.194.0-255,2902,250934,7,267021
25514,0.003824,172.31.36.0-255,66,251000,7,267021
25515,0.003847,172.217.194.0-255,6357,257357,7,267021
25516,0.00385,172.31.36.0-255,66,257423,7,267021
25517,0.003869,172.217.194.0-255,105,257528,7,267021
25518,0.005851,172.31.36.0-255,66,257594,7,267021
25519,0.00588,172.31.36.0-255,105,257699,7,267021
25520,0.007897,172.217.194.0-255,66,257765,7,267021
25521,0.034393,172.31.36.0-255,172,257937,7,267021
25522,0.034422,172.31.36.0-255,1113,259050,7,267021
25523,0.034497,172.31.36.0-255,1514,260564,7,267021
25524,0.034499,172.31.36.0-255,1514,262078,7,267021
25525,0.034501,172.31.36.0-255,1514,263592,7,267021
25526,0.034507,172.31.36.0-255,1514,265106,7,267021
25527,0.034508,172.31.36.0-255,1514,266620,7,267021
25528,0.034509,172.31.36.0-255,71,266691,7,267021
25529,0.035948,104.244.42.0-255,66,266757,7,267021
25530,0.03599,104.244.42.0-255,66,266823,7,267021
25531,0.036065,104.244.42.0-255,66,266889,7,267021
25532,0.036071,104.244.42.0-255,66,266955,7,267021
25533,0.036074,104.244.42.0-255,66,267021,7,267021
25534,0.0,172.217.194.0-255,144,144,7,209709
25535,2.5e-05,172.31.36.0-255,66,210,7,209709
25536,3.2e-05,172.217.194.0-255,1484,1694,7,209709
25537,3.7e-05,172.31.36.0-255,66,1760,7,209709
25538,4.2e-05,172.217.194.0-255,2902,4662,7,209709
25539,5.3e-05,172.31.36.0-255,66,4728,7,209709
25540,6e-05,172.217.194.0-255,7156,11884,7,209709
25541,6.3e-05,172.31.36.0-255,66,11950,7,209709
25542,6.8e-05,172.217.194.0-255,2038,13988,7,209709
25543,7e-05,172.31.36.0-255,66,14054,7,209709
25544,7.7e-05,172.217.194.0-255,7156,21210,7,209709
25545,8e-05,172.31.36.0-255,66,21276,7,209709
25546,0.000112,172.217.194.0-255,4320,25596,7,209709
25547,0.000116,172.31.36.0-255,66,25662,7,209709
25548,0.000122,172.217.194.0-255,5379,31041,7,209709
25549,0.000125,172.31.36.0-255,66,31107,7,209709
25550,0.000154,172.217.194.0-255,4320,35427,7,209709
25551,0.000156,172.31.36.0-255,66,35493,7,209709
25552,0.000163,172.217.194.0-255,5738,41231,7,209709
25553,0.000166,172.31.36.0-255,66,41297,7,209709
25554,0.000198,172.217.194.0-255,1484,42781,7,209709
25555,0.0002,172.31.36.0-255,66,42847,7,209709
25556,0.000235,172.217.194.0-255,5379,48226,7,209709
25557,0.000238,172.31.36.0-255,66,48292,7,209709
25558,0.000433,172.217.194.0-255,1484,49776,7,209709
25559,0.000438,172.31.36.0-255,66,49842,7,209709
25560,0.000443,172.217.194.0-255,2902,52744,7,209709
25561,0.000446,172.31.36.0-255,66,52810,7,209709
25562,0.000449,172.217.194.0-255,1484,54294,7,209709
25563,0.000458,172.31.36.0-255,66,54360,7,209709
25564,0.000492,172.217.194.0-255,4320,58680,7,209709
25565,0.000497,172.31.36.0-255,66,58746,7,209709
25566,0.000503,172.217.194.0-255,5738,64484,7,209709
25567,0.000506,172.31.36.0-255,66,64550,7,209709
25568,0.000515,172.217.194.0-255,1125,65675,7,209709
25569,0.000731,172.217.194.0-255,1484,67159,7,209709
25570,0.000736,172.31.36.0-255,66,67225,7,209709
25571,0.000742,172.217.194.0-255,2902,70127,7,209709
25572,0.000744,172.31.36.0-255,66,70193,7,209709
25573,0.000758,172.217.194.0-255,5738,75931,7,209709
25574,0.000761,172.31.36.0-255,66,75997,7,209709
25575,0.000766,172.217.194.0-255,2902,78899,7,209709
25576,0.000768,172.31.36.0-255,66,78965,7,209709
25577,0.000814,172.31.36.0-255,66,79031,7,209709
25578,0.000819,172.217.194.0-255,2902,81933,7,209709
25579,0.000821,172.31.36.0-255,66,81999,7,209709
25580,0.000862,172.31.36.0-255,66,82065,7,209709
25581,0.000866,172.217.194.0-255,1484,83549,7,209709
25582,0.00087,172.217.194.0-255,2902,86451,7,209709
25583,0.000872,172.31.36.0-255,66,86517,7,209709
25584,0.000877,172.217.194.0-255,2902,89419,7,209709
25585,0.000879,172.31.36.0-255,66,89485,7,209709
25586,0.000918,172.217.194.0-255,2902,92387,7,209709
25587,0.000923,172.31.36.0-255,66,92453,7,209709
25588,0.000924,172.217.194.0-255,6797,99250,7,209709
25589,0.000926,172.31.36.0-255,66,99316,7,209709
25590,0.000984,172.217.194.0-255,1484,100800,7,209709
25591,0.000998,172.217.194.0-255,1484,102284,7,209709
25592,0.001001,172.31.36.0-255,66,102350,7,209709
25593,0.001022,172.217.194.0-255,1484,103834,7,209709
25594,0.001028,172.217.194.0-255,5738,109572,7,209709
25595,0.001031,172.31.36.0-255,66,109638,7,209709
25596,0.001083,172.217.194.0-255,4320,113958,7,209709
25597,0.001088,172.31.36.0-255,66,114024,7,209709
25598,0.001111,172.31.36.0-255,66,114090,7,209709
25599,0.001121,172.31.36.0-255,66,114156,7,209709
25600,0.001127,172.217.194.0-255,2184,116340,7,209709
25601,0.001128,172.31.36.0-255,66,116406,7,209709
25602,0.001132,172.217.194.0-255,2902,119308,7,209709
25603,0.001135,172.31.36.0-255,66,119374,7,209709
25604,0.001142,172.217.194.0-255,7156,126530,7,209709
25605,0.001144,172.31.36.0-255,66,126596,7,209709
25606,0.001186,172.31.36.0-255,66,126662,7,209709
25607,0.001229,172.31.36.0-255,66,126728,7,209709
25608,0.001236,172.217.194.0-255,7156,133884,7,209709
25609,0.001239,172.31.36.0-255,66,133950,7,209709
25610,0.001286,172.31.36.0-255,66,134016,7,209709
25611,0.001289,172.217.194.0-255,766,134782,7,209709
25612,0.001329,172.217.194.0-255,7156,141938,7,209709
25613,0.001333,172.31.36.0-255,66,142004,7,209709
25614,0.001364,172.31.36.0-255,66,142070,7,209709
25615,0.001375,172.31.36.0-255,66,142136,7,209709
25616,0.001407,172.217.194.0-255,2184,144320,7,209709
25617,0.001411,172.31.36.0-255,66,144386,7,209709
25618,0.001659,172.217.194.0-255,1484,145870,7,209709
25619,0.001665,172.217.194.0-255,2902,148772,7,209709
25620,0.001668,172.31.36.0-255,66,148838,7,209709
25621,0.001674,172.217.194.0-255,4320,153158,7,209709
25622,0.001677,172.31.36.0-255,66,153224,7,209709
25623,0.001709,172.217.194.0-255,1484,154708,7,209709
25624,0.001725,172.217.194.0-255,4320,159028,7,209709
25625,0.001728,172.31.36.0-255,66,159094,7,209709
25626,0.001757,172.31.36.0-255,66,159160,7,209709
25627,0.001793,172.31.36.0-255,66,159226,7,209709
25628,0.001896,172.217.194.0-255,1484,160710,7,209709
25629,0.001901,172.217.194.0-255,1484,162194,7,209709
25630,0.001904,172.31.36.0-255,66,162260,7,209709
25631,0.001939,172.217.194.0-255,1484,163744,7,209709
25632,0.001946,172.217.194.0-255,4320,168064,7,209709
25633,0.001949,172.31.36.0-255,66,168130,7,209709
25634,0.001959,172.31.36.0-255,66,168196,7,209709
25635,0.001992,172.217.194.0-255,4320,172516,7,209709
25636,0.001996,172.31.36.0-255,66,172582,7,209709
25637,0.002023,172.31.36.0-255,66,172648,7,209709
25638,0.002084,172.217.194.0-255,2184,174832,7,209709
25639,0.002089,172.31.36.0-255,66,174898,7,209709
25640,0.002093,172.217.194.0-255,2902,177800,7,209709
25641,0.002095,172.31.36.0-255,66,177866,7,209709
25642,0.002108,172.217.194.0-255,7156,185022,7,209709
25643,0.002111,172.31.36.0-255,66,185088,7,209709
25644,0.002123,172.31.36.0-255,66,185154,7,209709
25645,0.002137,172.31.36.0-255,66,185220,7,209709
25646,0.002171,172.217.194.0-255,766,185986,7,209709
25647,0.002178,172.217.194.0-255,5738,191724,7,209709
25648,0.002182,172.31.36.0-255,66,191790,7,209709
25649,0.002197,172.31.36.0-255,66,191856,7,209709
25650,0.002223,172.217.194.0-255,5738,197594,7,209709
25651,0.002231,172.31.36.0-255,66,197660,7,209709
25652,0.002238,172.217.194.0-255,6438,204098,7,209709
25653,0.002241,172.31.36.0-255,66,204164,7,209709
25654,0.002296,172.31.36.0-255,66,204230,7,209709
25655,0.002319,172.31.36.0-255,66,204296,7,209709
25656,0.002322,172.217.194.0-255,97,204393,7,209709
25657,0.00355,172.31.36.0-255,101,204494,7,209709
25658,0.004544,172.217.194.0-255,168,204662,7,209709
25659,0.005776,172.217.194.0-255,66,204728,7,209709
25660,0.008417,172.31.36.0-255,105,204833,7,209709
25661,0.008441,172.31.36.0-255,105,204938,7,209709
25662,0.009476,172.31.36.0-255,90,205028,7,209709
25663,0.009488,172.31.36.0-255,66,205094,7,209709
25664,0.0107,172.217.194.0-255,66,205160,7,209709
25665,0.010708,172.217.194.0-255,66,205226,7,209709
25666,0.011714,172.217.194.0-255,66,205292,7,209709
25667,0.01174,172.217.194.0-255,66,205358,7,209709
25668,0.011746,172.31.36.0-255,66,205424,7,209709
25669,0.026506,172.31.36.0-255,167,205591,7,209709
25670,0.026557,172.31.36.0-255,1114,206705,7,209709
25671,0.026574,172.31.36.0-255,1514,208219,7,209709
25672,0.026576,172.31.36.0-255,1292,209511,7,209709
25673,0.028045,104.244.42.0-255,66,209577,7,209709
25674,0.028122,104.244.42.0-255,66,209643,7,209709
25675,0.028125,104.244.42.0-255,66,209709,7,209709
25676,0.0,172.217.194.0-255,152,152,7,180887
25677,2.3e-05,172.31.36.0-255,66,218,7,180887
25678,2.9e-05,172.217.194.0-255,1484,1702,7,180887
25679,3.3e-05,172.31.36.0-255,66,1768,7,180887
25680,3.8e-05,172.217.194.0-255,2902,4670,7,180887
25681,4e-05,172.31.36.0-255,66,4736,7,180887
25682,5.5e-05,172.217.194.0-255,4320,9056,7,180887
25683,5.8e-05,172.31.36.0-255,66,9122,7,180887
25684,7.8e-05,172.217.194.0-255,2902,12024,7,180887
25685,8e-05,172.31.36.0-255,66,12090,7,180887
25686,0.000119,172.217.194.0-255,5738,17828,7,180887
25687,0.000121,172.31.36.0-255,66,17894,7,180887
25688,0.000139,172.217.194.0-255,6299,24193,7,180887
25689,0.000142,172.31.36.0-255,66,24259,7,180887
25690,0.000157,172.217.194.0-255,2902,27161,7,180887
25691,0.00016,172.31.36.0-255,66,27227,7,180887
25692,0.000185,172.217.194.0-255,3961,31188,7,180887
25693,0.000188,172.31.36.0-255,66,31254,7,180887
25694,0.000215,172.217.194.0-255,1484,32738,7,180887
25695,0.000217,172.31.36.0-255,66,32804,7,180887
25696,0.000236,172.217.194.0-255,2902,35706,7,180887
25697,0.000239,172.31.36.0-255,66,35772,7,180887
25698,0.00026,172.217.194.0-255,5738,41510,7,180887
25699,0.000263,172.31.36.0-255,66,41576,7,180887
25700,0.000266,172.217.194.0-255,1484,43060,7,180887
25701,0.000268,172.31.36.0-255,66,43126,7,180887
25702,0.000293,172.217.194.0-255,4320,47446,7,180887
25703,0.000296,172.31.36.0-255,66,47512,7,180887
25704,0.00031,172.31.36.0-255,66,47578,7,180887
25705,0.000316,172.217.194.0-255,5331,52909,7,180887
25706,0.000319,172.31.36.0-255,66,52975,7,180887
25707,0.00049,172.217.194.0-255,100,53075,7,180887
25708,0.000735,172.217.194.0-255,1484,54559,7,180887
25709,0.000739,172.217.194.0-255,2902,57461,7,180887
25710,0.000745,172.31.36.0-255,66,57527,7,180887
25711,0.000755,172.31.36.0-255,66,57593,7,180887
25712,0.000759,172.217.194.0-255,1484,59077,7,180887
25713,0.000774,172.217.194.0-255,4320,63397,7,180887
25714,0.000776,172.31.36.0-255,66,63463,7,180887
25715,0.000784,172.217.194.0-255,4320,67783,7,180887
25716,0.000786,172.31.36.0-255,66,67849,7,180887
25717,0.000822,172.31.36.0-255,66,67915,7,180887
25718,0.000834,172.31.36.0-255,66,67981,7,180887
25719,0.000837,172.217.194.0-255,766,68747,7,180887
25720,0.000858,172.217.194.0-255,1484,70231,7,180887
25721,0.000876,172.217.194.0-255,4320,74551,7,180887
25722,0.000881,172.31.36.0-255,66,74617,7,180887
25723,0.000884,172.31.36.0-255,66,74683,7,180887
25724,0.000923,172.31.36.0-255,66,74749,7,180887
25725,0.00093,172.217.194.0-255,5738,80487,7,180887
25726,0.000932,172.31.36.0-255,66,80553,7,180887
25727,0.00097,172.31.36.0-255,66,80619,7,180887
25728,0.000974,172.217.194.0-255,2184,82803,7,180887
25729,0.000976,172.31.36.0-255,66,82869,7,180887
25730,0.001021,172.217.194.0-255,1484,84353,7,180887
25731,0.001025,172.217.194.0-255,1484,85837,7,180887
25732,0.001028,172.31.36.0-255,66,85903,7,180887
25733,0.001046,172.217.194.0-255,1484,87387,7,180887
25734,0.001051,172.217.194.0-255,4320,91707,7,180887
25735,0.001054,172.31.36.0-255,66,91773,7,180887
25736,0.001059,172.217.194.0-255,2902,94675,7,180887
25737,0.001062,172.31.36.0-255,66,94741,7,180887
25738,0.001082,172.217.194.0-255,2902,97643,7,180887
25739,0.001084,172.31.36.0-255,66,97709,7,180887
25740,0.001096,172.31.36.0-255,66,97775,7,180887
25741,0.001113,172.217.194.0-255,1484,99259,7,180887
25742,0.001124,172.31.36.0-255,66,99325,7,180887
25743,0.001154,172.217.194.0-255,1484,100809,7,180887
25744,0.001194,172.31.36.0-255,66,100875,7,180887
25745,0.001222,172.217.194.0-255,1484,102359,7,180887
25746,0.001227,172.217.194.0-255,2902,105261,7,180887
25747,0.001292,172.217.194.0-255,2902,108163,7,180887
25748,0.001295,172.31.36.0-255,66,108229,7,180887
25749,0.001301,172.31.36.0-255,66,108295,7,180887
25750,0.001319,172.217.194.0-255,2902,111197,7,180887
25751,0.001356,172.31.36.0-255,66,111263,7,180887
25752,0.00215,172.217.194.0-255,1484,112747,7,180887
25753,0.002155,172.217.194.0-255,1484,114231,7,180887
25754,0.002158,172.31.36.0-255,66,114297,7,180887
25755,0.002178,172.217.194.0-255,1484,115781,7,180887
25756,0.002183,172.217.194.0-255,4320,120101,7,180887
25757,0.002185,172.31.36.0-255,66,120167,7,180887
25758,0.002204,172.217.194.0-255,1484,121651,7,180887
25759,0.002211,172.217.194.0-255,5738,127389,7,180887
25760,0.002213,172.31.36.0-255,66,127455,7,180887
25761,0.002236,172.217.194.0-255,7156,134611,7,180887
25762,0.002238,172.31.36.0-255,66,134677,7,180887
25763,0.002251,172.31.36.0-255,66,134743,7,180887
25764,0.002286,172.217.194.0-255,1484,136227,7,180887
25765,0.002308,172.217.194.0-255,5738,141965,7,180887
25766,0.002311,172.31.36.0-255,66,142031,7,180887
25767,0.002319,172.217.194.0-255,7156,149187,7,180887
25768,0.002322,172.31.36.0-255,66,149253,7,180887
25769,0.002344,172.217.194.0-255,1484,150737,7,180887
25770,0.002358,172.31.36.0-255,66,150803,7,180887
25771,0.002377,172.217.194.0-255,4320,155123,7,180887
25772,0.002379,172.31.36.0-255,66,155189,7,180887
25773,0.002385,172.217.194.0-255,5020,160209,7,180887
25774,0.002387,172.31.36.0-255,66,160275,7,180887
25775,0.002392,172.217.194.0-255,4320,164595,7,180887
25776,0.002394,172.31.36.0-255,66,164661,7,180887
25777,0.002446,172.217.194.0-255,5020,169681,7,180887
25778,0.002506,172.217.194.0-255,1484,171165,7,180887
25779,0.002601,172.217.194.0-255,5020,176185,7,180887
25780,0.009011,172.31.36.0-255,66,176251,7,180887
25781,0.011554,172.217.194.0-255,105,176356,7,180887
25782,0.011953,172.31.36.0-255,66,176422,7,180887
25783,0.01199,172.31.36.0-255,105,176527,7,180887
25784,0.014527,172.217.194.0-255,66,176593,7,180887
25785,0.034842,172.31.36.0-255,176,176769,7,180887
25786,0.034876,172.31.36.0-255,1112,177881,7,180887
25787,0.034928,172.31.36.0-255,1514,179395,7,180887
25788,0.034929,172.31.36.0-255,1294,180689,7,180887
25789,0.036428,104.244.42.0-255,66,180755,7,180887
25790,0.036454,104.244.42.0-255,66,180821,7,180887
25791,0.036516,104.244.42.0-255,66,180887,7,180887
25792,0.0,172.31.36.0-255,66,66,7,66
25793,0.0,74.125.24.0-255,152,152,7,370076
25794,4e-05,172.31.36.0-255,66,218,7,370076
25795,4.8e-05,74.125.24.0-255,1484,1702,7,370076
25796,5.3e-05,172.31.36.0-255,66,1768,7,370076
25797,5.9e-05,74.125.24.0-255,2902,4670,7,370076
25798,6.1e-05,172.31.36.0-255,66,4736,7,370076
25799,6.6e-05,74.125.24.0-255,4320,9056,7,370076
25800,6.9e-05,172.31.36.0-255,66,9122,7,370076
25801,0.000102,74.125.24.0-255,4839,13961,7,370076
25802,0.000105,172.31.36.0-255,66,14027,7,370076
25803,0.000109,74.125.24.0-255,2902,16929,7,370076
25804,0.000111,172.31.36.0-255,66,16995,7,370076
25805,0.000129,74.125.24.0-255,2902,19897,7,370076
25806,0.000132,172.31.36.0-255,66,19963,7,370076
25807,0.000162,74.125.24.0-255,7156,27119,7,370076
25808,0.000165,172.31.36.0-255,66,27185,7,370076
25809,0.000188,74.125.24.0-255,5738,32923,7,370076
25810,0.000191,172.31.36.0-255,66,32989,7,370076
25811,0.000198,74.125.24.0-255,4320,37309,7,370076
25812,0.000201,172.31.36.0-255,66,37375,7,370076
25813,0.000216,74.125.24.0-255,4320,41695,7,370076
25814,0.000218,172.31.36.0-255,66,41761,7,370076
25815,0.000249,74.125.24.0-255,5738,47499,7,370076
25816,0.000253,172.31.36.0-255,66,47565,7,370076
25817,0.000256,74.125.24.0-255,766,48331,7,370076
25818,0.000258,172.31.36.0-255,66,48397,7,370076
25819,0.000287,74.125.24.0-255,4320,52717,7,370076
25820,0.00029,172.31.36.0-255,66,52783,7,370076
25821,0.000319,74.125.24.0-255,5738,58521,7,370076
25822,0.000322,172.31.36.0-255,66,58587,7,370076
25823,0.000329,74.125.24.0-255,6797,65384,7,370076
25824,0.000331,172.31.36.0-255,66,65450,7,370076
25825,0.000353,74.125.24.0-255,5738,71188,7,370076
25826,0.000355,172.31.36.0-255,66,71254,7,370076
25827,0.000378,74.125.24.0-255,2065,73319,7,370076
25828,0.000381,172.31.36.0-255,66,73385,7,370076
25829,0.000386,74.125.24.0-255,4320,77705,7,370076
25830,0.000388,172.31.36.0-255,66,77771,7,370076
25831,0.000405,74.125.24.0-255,4829,82600,7,370076
25832,0.000408,172.31.36.0-255,66,82666,7,370076
25833,0.000464,74.125.24.0-255,1484,84150,7,370076
25834,0.000483,74.125.24.0-255,2902,87052,7,370076
25835,0.000487,172.31.36.0-255,66,87118,7,370076
25836,0.000507,74.125.24.0-255,2902,90020,7,370076
25837,0.00051,172.31.36.0-255,66,90086,7,370076
25838,0.000518,74.125.24.0-255,7156,97242,7,370076
25839,0.000521,172.31.36.0-255,66,97308,7,370076
25840,0.000557,74.125.24.0-255,2543,99851,7,370076
25841,0.000563,172.31.36.0-255,66,99917,7,370076
25842,0.000576,74.125.24.0-255,1484,101401,7,370076
25843,0.000588,74.125.24.0-255,1484,102885,7,370076
25844,0.000591,172.31.36.0-255,66,102951,7,370076
25845,0.000597,74.125.24.0-255,4320,107271,7,370076
25846,0.000599,172.31.36.0-255,66,107337,7,370076
25847,0.000618,74.125.24.0-255,1484,108821,7,370076
25848,0.000625,74.125.24.0-255,5738,114559,7,370076
25849,0.000628,172.31.36.0-255,66,114625,7,370076
25850,0.000647,74.125.24.0-255,4320,118945,7,370076
25851,0.00065,172.31.36.0-255,66,119011,7,370076
25852,0.000693,172.31.36.0-255,66,119077,7,370076
25853,0.000715,74.125.24.0-255,3602,122679,7,370076
25854,0.000718,172.31.36.0-255,66,122745,7,370076
25855,0.000881,74.125.24.0-255,1484,124229,7,370076
25856,0.000885,74.125.24.0-255,1484,125713,7,370076
25857,0.000888,172.31.36.0-255,66,125779,7,370076
25858,0.000903,74.125.24.0-255,1484,127263,7,370076
25859,0.000906,74.125.24.0-255,1484,128747,7,370076
25860,0.000908,172.31.36.0-255,66,128813,7,370076
25861,0.000914,74.125.24.0-255,5738,134551,7,370076
25862,0.000916,172.31.36.0-255,66,134617,7,370076
25863,0.000941,74.125.24.0-255,5738,140355,7,370076
25864,0.000943,172.31.36.0-255,66,140421,7,370076
25865,0.000968,74.125.24.0-255,7156,147577,7,370076
25866,0.00097,172.31.36.0-255,66,147643,7,370076
25867,0.000977,74.125.24.0-255,7156,154799,7,370076
25868,0.000979,172.31.36.0-255,66,154865,7,370076
25869,0.000995,74.125.24.0-255,2184,157049,7,370076
25870,0.000997,172.31.36.0-255,66,157115,7,370076
25871,0.001397,74.125.24.0-255,1484,158599,7,370076
25872,0.001413,74.125.24.0-255,2902,161501,7,370076
25873,0.001417,172.31.36.0-255,66,161567,7,370076
25874,0.00142,74.125.24.0-255,1484,163051,7,370076
25875,0.001439,74.125.24.0-255,4320,167371,7,370076
25876,0.001441,172.31.36.0-255,66,167437,7,370076
25877,0.001445,74.125.24.0-255,1484,168921,7,370076
25878,0.001461,74.125.24.0-255,2902,171823,7,370076
25879,0.001464,172.31.36.0-255,66,171889,7,370076
25880,0.00148,74.125.24.0-255,2902,174791,7,370076
25881,0.001482,172.31.36.0-255,66,174857,7,370076
25882,0.001486,74.125.24.0-255,1484,176341,7,370076
25883,0.001514,172.31.36.0-255,66,176407,7,370076
25884,0.001532,74.125.24.0-255,4320,180727,7,370076
25885,0.001535,172.31.36.0-255,66,180793,7,370076
25886,0.001539,74.125.24.0-255,2184,182977,7,370076
25887,0.001541,172.31.36.0-255,66,183043,7,370076
25888,0.001637,74.125.24.0-255,1484,184527,7,370076
25889,0.001643,74.125.24.0-255,2902,187429,7,370076
25890,0.001645,172.31.36.0-255,66,187495,7,370076
25891,0.001669,74.125.24.0-255,5738,193233,7,370076
25892,0.001674,172.31.36.0-255,66,193299,7,370076
25893,0.001684,74.125.24.0-255,7156,200455,7,370076
25894,0.001687,172.31.36.0-255,66,200521,7,370076
25895,0.001704,74.125.24.0-255,2902,203423,7,370076
25896,0.001707,172.31.36.0-255,66,203489,7,370076
25897,0.001751,74.125.24.0-255,7156,210645,7,370076
25898,0.001754,172.31.36.0-255,66,210711,7,370076
25899,0.001779,74.125.24.0-255,6438,217149,7,370076
25900,0.001782,172.31.36.0-255,66,217215,7,370076
25901,0.001835,74.125.24.0-255,1484,218699,7,370076
25902,0.00184,74.125.24.0-255,2902,221601,7,370076
25903,0.001843,172.31.36.0-255,66,221667,7,370076
25904,0.001847,74.125.24.0-255,2902,224569,7,370076
25905,0.001849,172.31.36.0-255,66,224635,7,370076
25906,0.001863,74.125.24.0-255,2902,227537,7,370076
25907,0.001866,172.31.36.0-255,66,227603,7,370076
25908,0.001869,74.125.24.0-255,1484,229087,7,370076
25909,0.001924,172.31.36.0-255,66,229153,7,370076
25910,0.001936,172.31.36.0-255,66,229219,7,370076
25911,0.001961,74.125.24.0-255,4320,233539,7,370076
25912,0.001963,172.31.36.0-255,66,233605,7,370076
25913,0.001969,74.125.24.0-255,4320,237925,7,370076
25914,0.001971,172.31.36.0-255,66,237991,7,370076
25915,0.001985,74.125.24.0-255,1484,239475,7,370076
25916,0.002016,172.31.36.0-255,66,239541,7,370076
25917,0.002026,74.125.24.0-255,1484,241025,7,370076
25918,0.002043,74.125.24.0-255,1484,242509,7,370076
25919,0.002046,172.31.36.0-255,66,242575,7,370076
25920,0.002051,74.125.24.0-255,4320,246895,7,370076
25921,0.002054,172.31.36.0-255,66,246961,7,370076
25922,0.002069,74.125.24.0-255,2902,249863,7,370076
25923,0.002071,172.31.36.0-255,66,249929,7,370076
25924,0.002092,74.125.24.0-255,2184,252113,7,370076
25925,0.002095,172.31.36.0-255,66,252179,7,370076
25926,0.004061,74.125.24.0-255,2902,255081,7,370076
25927,0.004077,172.31.36.0-255,66,255147,7,370076
25928,0.004096,74.125.24.0-255,2902,258049,7,370076
25929,0.004099,172.31.36.0-255,66,258115,7,370076
25930,0.006094,74.125.24.0-255,2902,261017,7,370076
25931,0.006099,172.31.36.0-255,66,261083,7,370076
25932,0.006111,74.125.24.0-255,2902,263985,7,370076
25933,0.006114,172.31.36.0-255,66,264051,7,370076
25934,0.008124,74.125.24.0-255,5738,269789,7,370076
25935,0.008131,172.31.36.0-255,66,269855,7,370076
25936,0.010135,74.125.24.0-255,5738,275593,7,370076
25937,0.010142,172.31.36.0-255,66,275659,7,370076
25938,0.012166,74.125.24.0-255,5738,281397,7,370076
25939,0.012174,172.31.36.0-255,66,281463,7,370076
25940,0.014174,74.125.24.0-255,4320,285783,7,370076
25941,0.014181,172.31.36.0-255,66,285849,7,370076
25942,0.014198,74.125.24.0-255,1484,287333,7,370076
25943,0.016285,74.125.24.0-255,4320,291653,7,370076
25944,0.016294,172.31.36.0-255,66,291719,7,370076
25945,0.018279,74.125.24.0-255,5738,297457,7,370076
25946,0.018287,172.31.36.0-255,66,297523,7,370076
25947,0.020266,74.125.24.0-255,5738,303261,7,370076
25948,0.020272,172.31.36.0-255,66,303327,7,370076
25949,0.022274,74.125.24.0-255,5738,309065,7,370076
25950,0.022281,172.31.36.0-255,66,309131,7,370076
25951,0.024299,74.125.24.0-255,5738,314869,7,370076
25952,0.024305,172.31.36.0-255,66,314935,7,370076
25953,0.026317,74.125.24.0-255,5738,320673,7,370076
25954,0.026325,172.31.36.0-255,66,320739,7,370076
25955,0.028317,74.125.24.0-255,5738,326477,7,370076
25956,0.028325,172.31.36.0-255,66,326543,7,370076
25957,0.030324,74.125.24.0-255,5738,332281,7,370076
25958,0.030331,172.31.36.0-255,66,332347,7,370076
25959,0.032335,74.125.24.0-255,4320,336667,7,370076
25960,0.032343,172.31.36.0-255,66,336733,7,370076
25961,0.032374,74.125.24.0-255,1484,338217,7,370076
25962,0.034325,74.125.24.0-255,4320,342537,7,370076
25963,0.034334,172.31.36.0-255,66,342603,7,370076
25964,0.035602,172.31.36.0-255,172,342775,7,370076
25965,0.035634,172.31.36.0-255,1113,343888,7,370076
25966,0.035663,172.31.36.0-255,566,344454,7,370076
25967,0.03633,74.125.24.0-255,5738,350192,7,370076
25968,0.036338,172.31.36.0-255,66,350258,7,370076
25969,0.037149,104.244.42.0-255,66,350324,7,370076
25970,0.037186,104.244.42.0-255,66,350390,7,370076
25971,0.037189,104.244.42.0-255,66,350456,7,370076
25972,0.038345,74.125.24.0-255,5738,356194,7,370076
25973,0.038352,172.31.36.0-255,66,356260,7,370076
25974,0.040359,74.125.24.0-255,2902,359162,7,370076
25975,0.040365,172.31.36.0-255,66,359228,7,370076
25976,0.040395,74.125.24.0-255,2902,362130,7,370076
25977,0.040398,172.31.36.0-255,66,362196,7,370076
25978,0.04241,74.125.24.0-255,2902,365098,7,370076
25979,0.042415,172.31.36.0-255,66,365164,7,370076
25980,0.042445,74.125.24.0-255,2902,368066,7,370076
25981,0.042447,172.31.36.0-255,66,368132,7,370076
25982,0.044394,74.125.24.0-255,1707,369839,7,370076
25983,0.0444,172.31.36.0-255,66,369905,7,370076
25984,0.044562,172.31.36.0-255,105,370010,7,370076
25985,0.046522,74.125.24.0-255,66,370076,7,370076
25986,0.0,172.31.36.0-255,178,178,7,244
25987,0.007104,172.217.194.0-255,66,244,7,244
25988,0.0,172.31.36.0-255,105,105,7,459
25989,0.000202,172.31.36.0-255,90,195,7,459
25990,0.000212,172.31.36.0-255,66,261,7,459
25991,0.002419,74.125.200.0-255,66,327,7,459
25992,0.002434,74.125.200.0-255,66,393,7,459
25993,0.002447,172.31.36.0-255,66,459,7,459
25994,0.0,74.125.24.0-255,153,153,7,222187
25995,1.5e-05,172.31.36.0-255,66,219,7,222187
25996,2.3e-05,74.125.24.0-255,1484,1703,7,222187
25997,2.7e-05,172.31.36.0-255,66,1769,7,222187
25998,3.4e-05,74.125.24.0-255,2902,4671,7,222187
25999,3.7e-05,172.31.36.0-255,66,4737,7,222187
26000,4.5e-05,74.125.24.0-255,7156,11893,7,222187
26001,4.8e-05,172.31.36.0-255,66,11959,7,222187
26002,5.6e-05,74.125.24.0-255,7156,19115,7,222187
26003,5.9e-05,172.31.36.0-255,66,19181,7,222187
26004,8.2e-05,74.125.24.0-255,4940,24121,7,222187
26005,8.5e-05,172.31.36.0-255,66,24187,7,222187
26006,0.000101,172.31.36.0-255,66,24253,7,222187
26007,0.000144,172.31.36.0-255,66,24319,7,222187
26008,0.000165,74.125.24.0-255,2184,26503,7,222187
26009,0.000167,172.31.36.0-255,66,26569,7,222187
26010,0.000181,172.31.36.0-255,66,26635,7,222187
26011,0.000188,74.125.24.0-255,5651,32286,7,222187
26012,0.00019,172.31.36.0-255,66,32352,7,222187
26013,0.000239,74.125.24.0-255,128,32480,7,222187
26014,0.000241,172.31.36.0-255,66,32546,7,222187
26015,0.000405,74.125.24.0-255,1484,34030,7,222187
26016,0.00041,172.31.36.0-255,66,34096,7,222187
26017,0.000424,74.125.24.0-255,1484,35580,7,222187
26018,0.000427,172.31.36.0-255,66,35646,7,222187
26019,0.00045,74.125.24.0-255,1484,37130,7,222187
26020,0.000453,172.31.36.0-255,66,37196,7,222187
26021,0.000461,74.125.24.0-255,5738,42934,7,222187
26022,0.000463,172.31.36.0-255,66,43000,7,222187
26023,0.000467,74.125.24.0-255,2902,45902,7,222187
26024,0.000491,74.125.24.0-255,7156,53058,7,222187
26025,0.000494,74.125.24.0-255,1484,54542,7,222187
26026,0.000524,74.125.24.0-255,2184,56726,7,222187
26027,0.000557,172.31.36.0-255,66,56792,7,222187
26028,0.000657,74.125.24.0-255,1484,58276,7,222187
26029,0.000682,74.125.24.0-255,2902,61178,7,222187
26030,0.000689,74.125.24.0-255,5738,66916,7,222187
26031,0.000696,172.31.36.0-255,66,66982,7,222187
26032,0.000718,74.125.24.0-255,5738,72720,7,222187
26033,0.000735,74.125.24.0-255,5738,78458,7,222187
26034,0.000741,172.31.36.0-255,66,78524,7,222187
26035,0.000751,74.125.24.0-255,1484,80008,7,222187
26036,0.000773,74.125.24.0-255,2902,82910,7,222187
26037,0.000785,172.31.36.0-255,66,82976,7,222187
26038,0.000801,74.125.24.0-255,7156,90132,7,222187
26039,0.000804,74.125.24.0-255,766,90898,7,222187
26040,0.000824,172.31.36.0-255,66,90964,7,222187
26041,0.000871,74.125.24.0-255,1484,92448,7,222187
26042,0.000885,74.125.24.0-255,2902,95350,7,222187
26043,0.000895,172.31.36.0-255,66,95416,7,222187
26044,0.000907,74.125.24.0-255,5738,101154,7,222187
26045,0.00092,172.31.36.0-255,66,101220,7,222187
26046,0.000933,74.125.24.0-255,4320,105540,7,222187
26047,0.000949,74.125.24.0-255,4320,109860,7,222187
26048,0.000957,172.31.36.0-255,66,109926,7,222187
26049,0.001023,74.125.24.0-255,3602,113528,7,222187
26050,0.001026,74.125.24.0-255,1484,115012,7,222187
26051,0.00104,74.125.24.0-255,2902,117914,7,222187
26052,0.001047,172.31.36.0-255,66,117980,7,222187
26053,0.001057,74.125.24.0-255,4320,122300,7,222187
26054,0.00107,172.31.36.0-255,66,122366,7,222187
26055,0.001073,74.125.24.0-255,1484,123850,7,222187
26056,0.001075,74.125.24.0-255,1484,125334,7,222187
26057,0.001089,74.125.24.0-255,2902,128236,7,222187
26058,0.0011,74.125.24.0-255,1484,129720,7,222187
26059,0.001112,172.31.36.0-255,66,129786,7,222187
26060,0.001145,74.125.24.0-255,5738,135524,7,222187
26061,0.001161,172.31.36.0-255,66,135590,7,222187
26062,0.001175,74.125.24.0-255,7156,142746,7,222187
26063,0.001181,74.125.24.0-255,5020,147766,7,222187
26064,0.001186,172.31.36.0-255,66,147832,7,222187
26065,0.001248,172.31.36.0-255,66,147898,7,222187
26066,0.001258,74.125.24.0-255,2902,150800,7,222187
26067,0.001262,74.125.24.0-255,2902,153702,7,222187
26068,0.001268,172.31.36.0-255,66,153768,7,222187
26069,0.001328,74.125.24.0-255,2184,155952,7,222187
26070,0.001354,172.31.36.0-255,66,156018,7,222187
26071,0.001619,74.125.24.0-255,1484,157502,7,222187
26072,0.00164,74.125.24.0-255,2902,160404,7,222187
26073,0.001654,74.125.24.0-255,4320,164724,7,222187
26074,0.001662,172.31.36.0-255,66,164790,7,222187
26075,0.001681,74.125.24.0-255,1484,166274,7,222187
26076,0.001689,74.125.24.0-255,5738,172012,7,222187
26077,0.001711,74.125.24.0-255,5020,177032,7,222187
26078,0.001728,172.31.36.0-255,66,177098,7,222187
26079,0.001778,74.125.24.0-255,1484,178582,7,222187
26080,0.001784,74.125.24.0-255,2902,181484,7,222187
26081,0.001806,172.31.36.0-255,66,181550,7,222187
26082,0.001813,74.125.24.0-255,5738,187288,7,222187
26083,0.001815,74.125.24.0-255,1484,188772,7,222187
26084,0.00182,172.31.36.0-255,66,188838,7,222187
26085,0.001854,74.125.24.0-255,2902,191740,7,222187
26086,0.00187,172.31.36.0-255,66,191806,7,222187
26087,0.001893,74.125.24.0-255,1484,193290,7,222187
26088,0.00193,172.31.36.0-255,66,193356,7,222187
26089,0.001951,74.125.24.0-255,2902,196258,7,222187
26090,0.001958,172.31.36.0-255,66,196324,7,222187
26091,0.001989,172.31.36.0-255,66,196390,7,222187
26092,0.002003,74.125.24.0-255,3602,199992,7,222187
26093,0.002016,172.31.36.0-255,66,200058,7,222187
26094,0.002094,74.125.24.0-255,6438,206496,7,222187
26095,0.002097,74.125.24.0-255,1484,207980,7,222187
26096,0.002113,172.31.36.0-255,66,208046,7,222187
26097,0.004175,74.125.24.0-255,5738,213784,7,222187
26098,0.004181,172.31.36.0-255,66,213850,7,222187
26099,0.006244,74.125.24.0-255,3810,217660,7,222187
26100,0.010451,172.31.36.0-255,66,217726,7,222187
26101,0.011231,172.31.36.0-255,105,217831,7,222187
26102,0.01328,74.125.24.0-255,66,217897,7,222187
26103,0.031816,172.31.36.0-255,172,218069,7,222187
26104,0.031872,172.31.36.0-255,1114,219183,7,222187
26105,0.031938,172.31.36.0-255,1514,220697,7,222187
26106,0.031939,172.31.36.0-255,1292,221989,7,222187
26107,0.033438,104.244.42.0-255,66,222055,7,222187
26108,0.033474,104.244.42.0-255,66,222121,7,222187
26109,0.03353,104.244.42.0-255,66,222187,7,222187
26110,0.0,74.125.24.0-255,153,153,7,264374
26111,3.4e-05,172.31.36.0-255,66,219,7,264374
26112,4.2e-05,74.125.24.0-255,1484,1703,7,264374
26113,4.6e-05,172.31.36.0-255,66,1769,7,264374
26114,5.1e-05,74.125.24.0-255,2902,4671,7,264374
26115,5.5e-05,172.31.36.0-255,66,4737,7,264374
26116,6e-05,74.125.24.0-255,4320,9057,7,264374
26117,6.3e-05,172.31.36.0-255,66,9123,7,264374
26118,8e-05,74.125.24.0-255,1484,10607,7,264374
26119,8.2e-05,172.31.36.0-255,66,10673,7,264374
26120,9.7e-05,74.125.24.0-255,5738,16411,7,264374
26121,0.000101,172.31.36.0-255,66,16477,7,264374
26122,0.000123,74.125.24.0-255,4885,21362,7,264374
26123,0.000126,172.31.36.0-255,66,21428,7,264374
26124,0.000143,74.125.24.0-255,5738,27166,7,264374
26125,0.000146,172.31.36.0-255,66,27232,7,264374
26126,0.000167,74.125.24.0-255,3961,31193,7,264374
26127,0.000172,172.31.36.0-255,66,31259,7,264374
26128,0.000541,74.125.24.0-255,1484,32743,7,264374
26129,0.000547,172.31.36.0-255,66,32809,7,264374
26130,0.000552,74.125.24.0-255,2902,35711,7,264374
26131,0.000554,172.31.36.0-255,66,35777,7,264374
26132,0.000579,74.125.24.0-255,5738,41515,7,264374
26133,0.000582,172.31.36.0-255,66,41581,7,264374
26134,0.000613,172.31.36.0-255,66,41647,7,264374
26135,0.000626,74.125.24.0-255,1484,43131,7,264374
26136,0.000628,172.31.36.0-255,66,43197,7,264374
26137,0.000649,74.125.24.0-255,2902,46099,7,264374
26138,0.000652,172.31.36.0-255,66,46165,7,264374
26139,0.00068,172.31.36.0-255,66,46231,7,264374
26140,0.000696,74.125.24.0-255,411,46642,7,264374
26141,0.000728,74.125.24.0-255,1484,48126,7,264374
26142,0.000731,172.31.36.0-255,66,48192,7,264374
26143,0.000753,74.125.24.0-255,4320,52512,7,264374
26144,0.000756,172.31.36.0-255,66,52578,7,264374
26145,0.00076,74.125.24.0-255,2902,55480,7,264374
26146,0.000762,172.31.36.0-255,66,55546,7,264374
26147,0.000778,74.125.24.0-255,4320,59866,7,264374
26148,0.00078,172.31.36.0-255,66,59932,7,264374
26149,0.000795,172.31.36.0-255,66,59998,7,264374
26150,0.000806,74.125.24.0-255,1484,61482,7,264374
26151,0.000812,74.125.24.0-255,4706,66188,7,264374
26152,0.000821,172.31.36.0-255,66,66254,7,264374
26153,0.001599,74.125.24.0-255,1484,67738,7,264374
26154,0.00161,74.125.24.0-255,2902,70640,7,264374
26155,0.001615,172.31.36.0-255,66,70706,7,264374
26156,0.001622,74.125.24.0-255,4320,75026,7,264374
26157,0.001624,172.31.36.0-255,66,75092,7,264374
26158,0.001638,74.125.24.0-255,1484,76576,7,264374
26159,0.001663,74.125.24.0-255,6797,83373,7,264374
26160,0.001666,172.31.36.0-255,66,83439,7,264374
26161,0.001901,74.125.24.0-255,1484,84923,7,264374
26162,0.001915,74.125.24.0-255,2902,87825,7,264374
26163,0.001917,172.31.36.0-255,66,87891,7,264374
26164,0.00192,74.125.24.0-255,1484,89375,7,264374
26165,0.001938,74.125.24.0-255,4320,93695,7,264374
26166,0.00194,172.31.36.0-255,66,93761,7,264374
26167,0.00196,74.125.24.0-255,5738,99499,7,264374
26168,0.001963,172.31.36.0-255,66,99565,7,264374
26169,0.001994,74.125.24.0-255,7156,106721,7,264374
26170,0.001996,172.31.36.0-255,66,106787,7,264374
26171,0.002015,74.125.24.0-255,2184,108971,7,264374
26172,0.002038,74.125.24.0-255,2902,111873,7,264374
26173,0.002087,74.125.24.0-255,5738,117611,7,264374
26174,0.002098,74.125.24.0-255,1484,119095,7,264374
26175,0.002102,74.125.24.0-255,4320,123415,7,264374
26176,0.002119,74.125.24.0-255,2543,125958,7,264374
26177,0.002147,74.125.24.0-255,2902,128860,7,264374
26178,0.002169,74.125.24.0-255,7156,136016,7,264374
26179,0.002174,74.125.24.0-255,4320,140336,7,264374
26180,0.002204,74.125.24.0-255,4320,144656,7,264374
26181,0.002239,74.125.24.0-255,6438,151094,7,264374
26182,0.006596,172.31.36.0-255,66,151160,7,264374
26183,0.008872,74.125.24.0-255,5738,156898,7,264374
26184,0.00888,172.31.36.0-255,66,156964,7,264374
26185,0.011167,74.125.24.0-255,5738,162702,7,264374
26186,0.011176,172.31.36.0-255,66,162768,7,264374
26187,0.013454,74.125.24.0-255,5738,168506,7,264374
26188,0.013464,172.31.36.0-255,66,168572,7,264374
26189,0.015707,74.125.24.0-255,5738,174310,7,264374
26190,0.015714,172.31.36.0-255,66,174376,7,264374
26191,0.018003,74.125.24.0-255,5738,180114,7,264374
26192,0.018012,172.31.36.0-255,66,180180,7,264374
26193,0.020327,74.125.24.0-255,5738,185918,7,264374
26194,0.02034,172.31.36.0-255,66,185984,7,264374
26195,0.022607,74.125.24.0-255,5738,191722,7,264374
26196,0.022617,172.31.36.0-255,66,191788,7,264374
26197,0.024899,74.125.24.0-255,5738,197526,7,264374
26198,0.024907,172.31.36.0-255,66,197592,7,264374
26199,0.025805,172.31.36.0-255,172,197764,7,264374
26200,0.025846,172.31.36.0-255,1114,198878,7,264374
26201,0.025915,172.31.36.0-255,1514,200392,7,264374
26202,0.025917,172.31.36.0-255,1292,201684,7,264374
26203,0.027174,74.125.24.0-255,5738,207422,7,264374
26204,0.027182,172.31.36.0-255,66,207488,7,264374
26205,0.027327,104.244.42.0-255,66,207554,7,264374
26206,0.027381,104.244.42.0-255,66,207620,7,264374
26207,0.027499,104.244.42.0-255,66,207686,7,264374
26208,0.029456,74.125.24.0-255,5738,213424,7,264374
26209,0.029461,172.31.36.0-255,66,213490,7,264374
26210,0.031727,74.125.24.0-255,5738,219228,7,264374
26211,0.031733,172.31.36.0-255,66,219294,7,264374
26212,0.033993,74.125.24.0-255,5738,225032,7,264374
26213,0.033998,172.31.36.0-255,66,225098,7,264374
26214,0.036256,74.125.24.0-255,5738,230836,7,264374
26215,0.036262,172.31.36.0-255,66,230902,7,264374
26216,0.038529,74.125.24.0-255,5738,236640,7,264374
26217,0.038534,172.31.36.0-255,66,236706,7,264374
26218,0.040773,74.125.24.0-255,4320,241026,7,264374
26219,0.040793,172.31.36.0-255,66,241092,7,264374
26220,0.04081,74.125.24.0-255,1484,242576,7,264374
26221,0.043035,74.125.24.0-255,4320,246896,7,264374
26222,0.04304,172.31.36.0-255,66,246962,7,264374
26223,0.045309,74.125.24.0-255,5738,252700,7,264374
26224,0.045317,172.31.36.0-255,66,252766,7,264374
26225,0.047561,74.125.24.0-255,5738,258504,7,264374
26226,0.047566,172.31.36.0-255,66,258570,7,264374
26227,0.049888,74.125.24.0-255,5738,264308,7,264374
26228,0.049893,172.31.36.0-255,66,264374,7,264374
26229,0.0,74.125.24.0-255,152,152,7,276453
26230,2e-05,172.31.36.0-255,66,218,7,276453
26231,2.7e-05,74.125.24.0-255,1484,1702,7,276453
26232,3.2e-05,172.31.36.0-255,66,1768,7,276453
26233,3.7e-05,74.125.24.0-255,2902,4670,7,276453
26234,4e-05,172.31.36.0-255,66,4736,7,276453
26235,4.8e-05,74.125.24.0-255,7156,11892,7,276453
26236,5.1e-05,172.31.36.0-255,66,11958,7,276453
26237,5.6e-05,74.125.24.0-255,2066,14024,7,276453
26238,5.9e-05,172.31.36.0-255,66,14090,7,276453
26239,0.000146,74.125.24.0-255,1484,15574,7,276453
26240,0.000149,172.31.36.0-255,66,15640,7,276453
26241,0.000171,74.125.24.0-255,2902,18542,7,276453
26242,0.000174,172.31.36.0-255,66,18608,7,276453
26243,0.000195,74.125.24.0-255,5738,24346,7,276453
26244,0.000198,172.31.36.0-255,66,24412,7,276453
26245,0.000231,74.125.24.0-255,4320,28732,7,276453
26246,0.000234,172.31.36.0-255,66,28798,7,276453
26247,0.000253,74.125.24.0-255,2543,31341,7,276453
26248,0.000255,172.31.36.0-255,66,31407,7,276453
26249,0.000722,74.125.24.0-255,1484,32891,7,276453
26250,0.000729,172.31.36.0-255,66,32957,7,276453
26251,0.000738,74.125.24.0-255,2902,35859,7,276453
26252,0.00074,172.31.36.0-255,66,35925,7,276453
26253,0.000744,74.125.24.0-255,1484,37409,7,276453
26254,0.000746,172.31.36.0-255,66,37475,7,276453
26255,0.000771,74.125.24.0-255,4320,41795,7,276453
26256,0.000773,172.31.36.0-255,66,41861,7,276453
26257,0.000805,172.31.36.0-255,66,41927,7,276453
26258,0.000812,74.125.24.0-255,5738,47665,7,276453
26259,0.000814,172.31.36.0-255,66,47731,7,276453
26260,0.000833,74.125.24.0-255,2902,50633,7,276453
26261,0.000836,172.31.36.0-255,66,50699,7,276453
26262,0.000849,74.125.24.0-255,1437,52136,7,276453
26263,0.000915,74.125.24.0-255,111,52247,7,276453
26264,0.001073,74.125.24.0-255,1484,53731,7,276453
26265,0.001077,172.31.36.0-255,66,53797,7,276453
26266,0.001084,74.125.24.0-255,2902,56699,7,276453
26267,0.001087,172.31.36.0-255,66,56765,7,276453
26268,0.001092,74.125.24.0-255,2902,59667,7,276453
26269,0.001095,172.31.36.0-255,66,59733,7,276453
26270,0.001117,74.125.24.0-255,2902,62635,7,276453
26271,0.001119,172.31.36.0-255,66,62701,7,276453
26272,0.001126,74.125.24.0-255,4320,67021,7,276453
26273,0.001128,172.31.36.0-255,66,67087,7,276453
26274,0.001154,74.125.24.0-255,2543,69630,7,276453
26275,0.001157,172.31.36.0-255,66,69696,7,276453
26276,0.001177,74.125.24.0-255,2902,72598,7,276453
26277,0.00118,172.31.36.0-255,66,72664,7,276453
26278,0.001183,74.125.24.0-255,1484,74148,7,276453
26279,0.001204,74.125.24.0-255,5738,79886,7,276453
26280,0.001206,172.31.36.0-255,66,79952,7,276453
26281,0.001214,74.125.24.0-255,6797,86749,7,276453
26282,0.001216,172.31.36.0-255,66,86815,7,276453
26283,0.001677,74.125.24.0-255,1484,88299,7,276453
26284,0.001718,74.125.24.0-255,1484,89783,7,276453
26285,0.001722,172.31.36.0-255,66,89849,7,276453
26286,0.001729,74.125.24.0-255,2902,92751,7,276453
26287,0.001732,172.31.36.0-255,66,92817,7,276453
26288,0.001759,74.125.24.0-255,5738,98555,7,276453
26289,0.001762,172.31.36.0-255,66,98621,7,276453
26290,0.001768,74.125.24.0-255,5738,104359,7,276453
26291,0.001771,172.31.36.0-255,66,104425,7,276453
26292,0.001795,74.125.24.0-255,7156,111581,7,276453
26293,0.001798,172.31.36.0-255,66,111647,7,276453
26294,0.001809,172.31.36.0-255,66,111713,7,276453
26295,0.001811,74.125.24.0-255,766,112479,7,276453
26296,0.001994,74.125.24.0-255,1484,113963,7,276453
26297,0.001997,172.31.36.0-255,66,114029,7,276453
26298,0.002002,74.125.24.0-255,2902,116931,7,276453
26299,0.002005,172.31.36.0-255,66,116997,7,276453
26300,0.002029,74.125.24.0-255,5738,122735,7,276453
26301,0.002032,172.31.36.0-255,66,122801,7,276453
26302,0.002054,74.125.24.0-255,7156,129957,7,276453
26303,0.002056,172.31.36.0-255,66,130023,7,276453
26304,0.002076,74.125.24.0-255,5738,135761,7,276453
26305,0.002078,172.31.36.0-255,66,135827,7,276453
26306,0.00211,172.31.36.0-255,66,135893,7,276453
26307,0.002113,74.125.24.0-255,2184,138077,7,276453
26308,0.002115,172.31.36.0-255,66,138143,7,276453
26309,0.004126,74.125.24.0-255,2902,141045,7,276453
26310,0.004131,172.31.36.0-255,66,141111,7,276453
26311,0.004152,74.125.24.0-255,2902,144013,7,276453
26312,0.004156,172.31.36.0-255,66,144079,7,276453
26313,0.006146,74.125.24.0-255,2902,146981,7,276453
26314,0.006154,172.31.36.0-255,66,147047,7,276453
26315,0.006177,74.125.24.0-255,2902,149949,7,276453
26316,0.00618,172.31.36.0-255,66,150015,7,276453
26317,0.00817,74.125.24.0-255,2902,152917,7,276453
26318,0.008176,172.31.36.0-255,66,152983,7,276453
26319,0.008202,74.125.24.0-255,2902,155885,7,276453
26320,0.008205,172.31.36.0-255,66,155951,7,276453
26321,0.010197,74.125.24.0-255,2902,158853,7,276453
26322,0.010204,172.31.36.0-255,66,158919,7,276453
26323,0.010225,74.125.24.0-255,2902,161821,7,276453
26324,0.010228,172.31.36.0-255,66,161887,7,276453
26325,0.01226,74.125.24.0-255,5738,167625,7,276453
26326,0.012268,172.31.36.0-255,66,167691,7,276453
26327,0.014321,74.125.24.0-255,5738,173429,7,276453
26328,0.014329,172.31.36.0-255,66,173495,7,276453
26329,0.016388,74.125.24.0-255,5738,179233,7,276453
26330,0.016402,172.31.36.0-255,66,179299,7,276453
26331,0.018463,74.125.24.0-255,5738,185037,7,276453
26332,0.018472,172.31.36.0-255,66,185103,7,276453
26333,0.020511,74.125.24.0-255,5738,190841,7,276453
26334,0.020518,172.31.36.0-255,66,190907,7,276453
26335,0.022552,74.125.24.0-255,5738,196645,7,276453
26336,0.02256,172.31.36.0-255,66,196711,7,276453
26337,0.024595,74.125.24.0-255,5738,202449,7,276453
26338,0.024605,172.31.36.0-255,66,202515,7,276453
26339,0.026646,74.125.24.0-255,5738,208253,7,276453
26340,0.026653,172.31.36.0-255,66,208319,7,276453
26341,0.028688,74.125.24.0-255,5738,214057,7,276453
26342,0.028696,172.31.36.0-255,66,214123,7,276453
26343,0.030731,74.125.24.0-255,5738,219861,7,276453
26344,0.030739,172.31.36.0-255,66,219927,7,276453
26345,0.031432,172.31.36.0-255,172,220099,7,276453
26346,0.03147,172.31.36.0-255,1114,221213,7,276453
26347,0.031528,172.31.36.0-255,1514,222727,7,276453
26348,0.03153,172.31.36.0-255,1292,224019,7,276453
26349,0.032787,74.125.24.0-255,5738,229757,7,276453
26350,0.032795,172.31.36.0-255,66,229823,7,276453
26351,0.032964,104.244.42.0-255,66,229889,7,276453
26352,0.033009,104.244.42.0-255,66,229955,7,276453
26353,0.03311,104.244.42.0-255,66,230021,7,276453
26354,0.034841,74.125.24.0-255,5738,235759,7,276453
26355,0.034849,172.31.36.0-255,66,235825,7,276453
26356,0.036908,74.125.24.0-255,5738,241563,7,276453
26357,0.036915,172.31.36.0-255,66,241629,7,276453
26358,0.038957,74.125.24.0-255,5738,247367,7,276453
26359,0.038964,172.31.36.0-255,66,247433,7,276453
26360,0.041004,74.125.24.0-255,5738,253171,7,276453
26361,0.041013,172.31.36.0-255,66,253237,7,276453
26362,0.043031,74.125.24.0-255,5738,258975,7,276453
26363,0.043038,172.31.36.0-255,66,259041,7,276453
26364,0.045074,74.125.24.0-255,5738,264779,7,276453
26365,0.045082,172.31.36.0-255,66,264845,7,276453
26366,0.047104,74.125.24.0-255,5738,270583,7,276453
26367,0.047111,172.31.36.0-255,66,270649,7,276453
26368,0.049155,74.125.24.0-255,5738,276387,7,276453
26369,0.049162,172.31.36.0-255,66,276453,7,276453
26370,0.0,172.253.118.0-255,297,297,7,237259
26371,2.5e-05,172.31.36.0-255,66,363,7,237259
26372,3.1e-05,172.253.118.0-255,1484,1847,7,237259
26373,3.5e-05,172.31.36.0-255,66,1913,7,237259
26374,4.2e-05,172.253.118.0-255,4320,6233,7,237259
26375,4.6e-05,172.31.36.0-255,66,6299,7,237259
26376,5e-05,172.253.118.0-255,1484,7783,7,237259
26377,5.2e-05,172.31.36.0-255,66,7849,7,237259
26378,7.7e-05,172.253.118.0-255,6122,13971,7,237259
26379,8e-05,172.31.36.0-255,66,14037,7,237259
26380,0.00012,172.253.118.0-255,1484,15521,7,237259
26381,0.000122,172.31.36.0-255,66,15587,7,237259
26382,0.000128,172.253.118.0-255,2902,18489,7,237259
26383,0.00013,172.31.36.0-255,66,18555,7,237259
26384,0.00015,172.253.118.0-255,5738,24293,7,237259
26385,0.000152,172.31.36.0-255,66,24359,7,237259
26386,0.000158,172.253.118.0-255,4320,28679,7,237259
26387,0.000161,172.31.36.0-255,66,28745,7,237259
26388,0.000175,172.253.118.0-255,1484,30229,7,237259
26389,0.000178,172.31.36.0-255,66,30295,7,237259
26390,0.000221,172.253.118.0-255,3961,34256,7,237259
26391,0.000225,172.31.36.0-255,66,34322,7,237259
26392,0.000232,172.31.36.0-255,66,34388,7,237259
26393,0.000257,172.253.118.0-255,2902,37290,7,237259
26394,0.000259,172.31.36.0-255,66,37356,7,237259
26395,0.000278,172.253.118.0-255,4320,41676,7,237259
26396,0.00028,172.31.36.0-255,66,41742,7,237259
26397,0.000285,172.253.118.0-255,2902,44644,7,237259
26398,0.000287,172.31.36.0-255,66,44710,7,237259
26399,0.000306,172.253.118.0-255,5738,50448,7,237259
26400,0.000309,172.31.36.0-255,66,50514,7,237259
26401,0.000326,172.253.118.0-255,1125,51639,7,237259
26402,0.000354,172.253.118.0-255,677,52316,7,237259
26403,0.000356,172.31.36.0-255,66,52382,7,237259
26404,0.000644,172.253.118.0-255,1484,53866,7,237259
26405,0.000652,172.253.118.0-255,2902,56768,7,237259
26406,0.000656,172.31.36.0-255,66,56834,7,237259
26407,0.000664,172.253.118.0-255,5738,62572,7,237259
26408,0.000666,172.31.36.0-255,66,62638,7,237259
26409,0.000672,172.253.118.0-255,4320,66958,7,237259
26410,0.000675,172.31.36.0-255,66,67024,7,237259
26411,0.00071,172.31.36.0-255,66,67090,7,237259
26412,0.000722,172.253.118.0-255,1484,68574,7,237259
26413,0.000734,172.31.36.0-255,66,68640,7,237259
26414,0.001194,172.253.118.0-255,1484,70124,7,237259
26415,0.001201,172.253.118.0-255,2902,73026,7,237259
26416,0.001204,172.31.36.0-255,66,73092,7,237259
26417,0.001212,172.253.118.0-255,5738,78830,7,237259
26418,0.001215,172.31.36.0-255,66,78896,7,237259
26419,0.001249,172.31.36.0-255,66,78962,7,237259
26420,0.00126,172.31.36.0-255,66,79028,7,237259
26421,0.001287,172.253.118.0-255,5020,84048,7,237259
26422,0.00129,172.31.36.0-255,66,84114,7,237259
26423,0.001328,172.253.118.0-255,1484,85598,7,237259
26424,0.001332,172.253.118.0-255,1484,87082,7,237259
26425,0.001334,172.31.36.0-255,66,87148,7,237259
26426,0.001353,172.253.118.0-255,1484,88632,7,237259
26427,0.001359,172.253.118.0-255,5738,94370,7,237259
26428,0.001361,172.31.36.0-255,66,94436,7,237259
26429,0.001413,172.31.36.0-255,66,94502,7,237259
26430,0.001426,172.31.36.0-255,66,94568,7,237259
26431,0.001429,172.253.118.0-255,1484,96052,7,237259
26432,0.001459,172.31.36.0-255,66,96118,7,237259
26433,0.001472,172.31.36.0-255,66,96184,7,237259
26434,0.001507,172.31.36.0-255,66,96250,7,237259
26435,0.001523,172.253.118.0-255,1484,97734,7,237259
26436,0.001537,172.253.118.0-255,2902,100636,7,237259
26437,0.00154,172.31.36.0-255,66,100702,7,237259
26438,0.001546,172.253.118.0-255,4320,105022,7,237259
26439,0.001548,172.31.36.0-255,66,105088,7,237259
26440,0.00156,172.253.118.0-255,1484,106572,7,237259
26441,0.001572,172.253.118.0-255,2902,109474,7,237259
26442,0.001575,172.31.36.0-255,66,109540,7,237259
26443,0.001606,172.31.36.0-255,66,109606,7,237259
26444,0.001613,172.253.118.0-255,7156,116762,7,237259
26445,0.001615,172.31.36.0-255,66,116828,7,237259
26446,0.001636,172.253.118.0-255,1484,118312,7,237259
26447,0.001649,172.253.118.0-255,2184,120496,7,237259
26448,0.001651,172.31.36.0-255,66,120562,7,237259
26449,0.001656,172.253.118.0-255,2902,123464,7,237259
26450,0.001658,172.31.36.0-255,66,123530,7,237259
26451,0.001669,172.253.118.0-255,1484,125014,7,237259
26452,0.001699,172.31.36.0-255,66,125080,7,237259
26453,0.001711,172.253.118.0-255,7156,132236,7,237259
26454,0.001714,172.31.36.0-255,66,132302,7,237259
26455,0.001735,172.253.118.0-255,5738,138040,7,237259
26456,0.001738,172.31.36.0-255,66,138106,7,237259
26457,0.001786,172.31.36.0-255,66,138172,7,237259
26458,0.001798,172.31.36.0-255,66,138238,7,237259
26459,0.001813,172.31.36.0-255,66,138304,7,237259
26460,0.001829,172.253.118.0-255,2184,140488,7,237259
26461,0.001831,172.31.36.0-255,66,140554,7,237259
26462,0.00187,172.31.36.0-255,66,140620,7,237259
26463,0.001881,172.31.36.0-255,66,140686,7,237259
26464,0.001936,172.253.118.0-255,4320,145006,7,237259
26465,0.001939,172.31.36.0-255,66,145072,7,237259
26466,0.001962,172.31.36.0-255,66,145138,7,237259
26467,0.001965,172.253.118.0-255,766,145904,7,237259
26468,0.001993,172.253.118.0-255,1484,147388,7,237259
26469,0.001996,172.31.36.0-255,66,147454,7,237259
26470,0.002029,172.253.118.0-255,2902,150356,7,237259
26471,0.002032,172.31.36.0-255,66,150422,7,237259
26472,0.002038,172.253.118.0-255,4320,154742,7,237259
26473,0.00204,172.31.36.0-255,66,154808,7,237259
26474,0.002054,172.253.118.0-255,1484,156292,7,237259
26475,0.002058,172.253.118.0-255,1484,157776,7,237259
26476,0.00206,172.31.36.0-255,66,157842,7,237259
26477,0.004053,172.253.118.0-255,2902,160744,7,237259
26478,0.00406,172.31.36.0-255,66,160810,7,237259
26479,0.004083,172.253.118.0-255,2902,163712,7,237259
26480,0.004085,172.31.36.0-255,66,163778,7,237259
26481,0.006093,172.253.118.0-255,5738,169516,7,237259
26482,0.006098,172.31.36.0-255,66,169582,7,237259
26483,0.00812,172.253.118.0-255,5738,175320,7,237259
26484,0.008123,172.31.36.0-255,66,175386,7,237259
26485,0.010158,172.253.118.0-255,5738,181124,7,237259
26486,0.010166,172.31.36.0-255,66,181190,7,237259
26487,0.012202,172.253.118.0-255,5738,186928,7,237259
26488,0.012209,172.31.36.0-255,66,186994,7,237259
26489,0.014248,172.253.118.0-255,5738,192732,7,237259
26490,0.014256,172.31.36.0-255,66,192798,7,237259
26491,0.016283,172.253.118.0-255,5738,198536,7,237259
26492,0.016291,172.31.36.0-255,66,198602,7,237259
26493,0.018326,172.253.118.0-255,5738,204340,7,237259
26494,0.018336,172.31.36.0-255,66,204406,7,237259
26495,0.020358,172.253.118.0-255,5738,210144,7,237259
26496,0.020366,172.31.36.0-255,66,210210,7,237259
26497,0.022413,172.253.118.0-255,5738,215948,7,237259
26498,0.022425,172.31.36.0-255,66,216014,7,237259
26499,0.024462,172.253.118.0-255,5738,221752,7,237259
26500,0.024469,172.31.36.0-255,66,221818,7,237259
26501,0.026498,172.253.118.0-255,5738,227556,7,237259
26502,0.026505,172.31.36.0-255,66,227622,7,237259
26503,0.028551,172.253.118.0-255,5108,232730,7,237259
26504,0.028558,172.31.36.0-255,66,232796,7,237259
26505,0.028745,172.31.36.0-255,105,232901,7,237259
26506,0.030732,172.253.118.0-255,66,232967,7,237259
26507,0.034031,172.31.36.0-255,172,233139,7,237259
26508,0.034064,172.31.36.0-255,1114,234253,7,237259
26509,0.034122,172.31.36.0-255,1514,235767,7,237259
26510,0.034123,172.31.36.0-255,1294,237061,7,237259
26511,0.035529,104.244.42.0-255,66,237127,7,237259
26512,0.035559,104.244.42.0-255,66,237193,7,237259
26513,0.035631,104.244.42.0-255,66,237259,7,237259
26514,0.0,74.125.24.0-255,143,143,7,237581
26515,2.4e-05,172.31.36.0-255,66,209,7,237581
26516,3.1e-05,74.125.24.0-255,1484,1693,7,237581
26517,3.6e-05,172.31.36.0-255,66,1759,7,237581
26518,4.2e-05,74.125.24.0-255,2902,4661,7,237581
26519,4.6e-05,172.31.36.0-255,66,4727,7,237581
26520,5.4e-05,74.125.24.0-255,7156,11883,7,237581
26521,5.7e-05,172.31.36.0-255,66,11949,7,237581
26522,6e-05,74.125.24.0-255,1484,13433,7,237581
26523,6.3e-05,172.31.36.0-255,66,13499,7,237581
26524,6.6e-05,74.125.24.0-255,654,14153,7,237581
26525,6.8e-05,172.31.36.0-255,66,14219,7,237581
26526,0.000138,74.125.24.0-255,1484,15703,7,237581
26527,0.000141,172.31.36.0-255,66,15769,7,237581
26528,0.000145,74.125.24.0-255,1484,17253,7,237581
26529,0.000148,172.31.36.0-255,66,17319,7,237581
26530,0.000162,74.125.24.0-255,1484,18803,7,237581
26531,0.000164,172.31.36.0-255,66,18869,7,237581
26532,0.00017,74.125.24.0-255,4320,23189,7,237581
26533,0.000173,172.31.36.0-255,66,23255,7,237581
26534,0.000188,74.125.24.0-255,1484,24739,7,237581
26535,0.000191,172.31.36.0-255,66,24805,7,237581
26536,0.000193,74.125.24.0-255,1484,26289,7,237581
26537,0.000195,172.31.36.0-255,66,26355,7,237581
26538,0.000222,74.125.24.0-255,4320,30675,7,237581
26539,0.000226,172.31.36.0-255,66,30741,7,237581
26540,0.000247,74.125.24.0-255,2543,33284,7,237581
26541,0.00025,172.31.36.0-255,66,33350,7,237581
26542,0.000257,74.125.24.0-255,7156,40506,7,237581
26543,0.000259,172.31.36.0-255,66,40572,7,237581
26544,0.000299,172.31.36.0-255,66,40638,7,237581
26545,0.000318,74.125.24.0-255,4320,44958,7,237581
26546,0.00032,172.31.36.0-255,66,45024,7,237581
26547,0.000335,74.125.24.0-255,4320,49344,7,237581
26548,0.000338,172.31.36.0-255,66,49410,7,237581
26549,0.000341,74.125.24.0-255,1484,50894,7,237581
26550,0.000381,74.125.24.0-255,4320,55214,7,237581
26551,0.000384,172.31.36.0-255,66,55280,7,237581
26552,0.000402,74.125.24.0-255,2820,58100,7,237581
26553,0.000404,172.31.36.0-255,66,58166,7,237581
26554,0.001064,74.125.24.0-255,377,58543,7,237581
26555,0.001113,172.31.36.0-255,66,58609,7,237581
26556,0.001219,74.125.24.0-255,1484,60093,7,237581
26557,0.001227,74.125.24.0-255,2902,62995,7,237581
26558,0.001231,172.31.36.0-255,66,63061,7,237581
26559,0.001237,74.125.24.0-255,2902,65963,7,237581
26560,0.00124,172.31.36.0-255,66,66029,7,237581
26561,0.001254,74.125.24.0-255,2902,68931,7,237581
26562,0.001256,172.31.36.0-255,66,68997,7,237581
26563,0.001288,172.31.36.0-255,66,69063,7,237581
26564,0.001311,74.125.24.0-255,1484,70547,7,237581
26565,0.001332,172.31.36.0-255,66,70613,7,237581
26566,0.001519,74.125.24.0-255,1484,72097,7,237581
26567,0.001534,74.125.24.0-255,2902,74999,7,237581
26568,0.001538,172.31.36.0-255,66,75065,7,237581
26569,0.001545,74.125.24.0-255,5738,80803,7,237581
26570,0.001547,172.31.36.0-255,66,80869,7,237581
26571,0.001584,172.31.36.0-255,66,80935,7,237581
26572,0.001601,74.125.24.0-255,2902,83837,7,237581
26573,0.001604,172.31.36.0-255,66,83903,7,237581
26574,0.001642,172.31.36.0-255,66,83969,7,237581
26575,0.001646,74.125.24.0-255,2902,86871,7,237581
26576,0.001648,172.31.36.0-255,66,86937,7,237581
26577,0.001672,172.31.36.0-255,66,87003,7,237581
26578,0.001682,172.31.36.0-255,66,87069,7,237581
26579,0.001702,74.125.24.0-255,5738,92807,7,237581
26580,0.001704,172.31.36.0-255,66,92873,7,237581
26581,0.001712,74.125.24.0-255,6438,99311,7,237581
26582,0.001715,172.31.36.0-255,66,99377,7,237581
26583,0.001737,74.125.24.0-255,1484,100861,7,237581
26584,0.001741,74.125.24.0-255,1484,102345,7,237581
26585,0.001743,172.31.36.0-255,66,102411,7,237581
26586,0.001756,74.125.24.0-255,1484,103895,7,237581
26587,0.001762,74.125.24.0-255,5738,109633,7,237581
26588,0.001765,172.31.36.0-255,66,109699,7,237581
26589,0.001781,74.125.24.0-255,2902,112601,7,237581
26590,0.001784,172.31.36.0-255,66,112667,7,237581
26591,0.001823,172.31.36.0-255,66,112733,7,237581
26592,0.001834,172.31.36.0-255,66,112799,7,237581
26593,0.001837,74.125.24.0-255,766,113565,7,237581
26594,0.001857,74.125.24.0-255,1484,115049,7,237581
26595,0.001859,172.31.36.0-255,66,115115,7,237581
26596,0.001865,74.125.24.0-255,4320,119435,7,237581
26597,0.001868,172.31.36.0-255,66,119501,7,237581
26598,0.001909,172.31.36.0-255,66,119567,7,237581
26599,0.00192,172.31.36.0-255,66,119633,7,237581
26600,0.001936,74.125.24.0-255,4320,123953,7,237581
26601,0.001939,172.31.36.0-255,66,124019,7,237581
26602,0.001958,74.125.24.0-255,5020,129039,7,237581
26603,0.001961,172.31.36.0-255,66,129105,7,237581
26604,0.001978,74.125.24.0-255,4320,133425,7,237581
26605,0.001981,172.31.36.0-255,66,133491,7,237581
26606,0.001999,74.125.24.0-255,1484,134975,7,237581
26607,0.002019,74.125.24.0-255,7156,142131,7,237581
26608,0.002023,172.31.36.0-255,66,142197,7,237581
26609,0.002055,74.125.24.0-255,5738,147935,7,237581
26610,0.00206,172.31.36.0-255,66,148001,7,237581
26611,0.002075,172.31.36.0-255,66,148067,7,237581
26612,0.002077,74.125.24.0-255,766,148833,7,237581
26613,0.0021,74.125.24.0-255,1484,150317,7,237581
26614,0.002103,172.31.36.0-255,66,150383,7,237581
26615,0.002109,74.125.24.0-255,2902,153285,7,237581
26616,0.002111,172.31.36.0-255,66,153351,7,237581
26617,0.002175,74.125.24.0-255,5738,159089,7,237581
26618,0.002179,172.31.36.0-255,66,159155,7,237581
26619,0.002193,172.31.36.0-255,66,159221,7,237581
26620,0.002205,172.31.36.0-255,66,159287,7,237581
26621,0.002208,74.125.24.0-255,1484,160771,7,237581
26622,0.002247,172.31.36.0-255,66,160837,7,237581
26623,0.002275,172.31.36.0-255,66,160903,7,237581
26624,0.002285,172.31.36.0-255,66,160969,7,237581
26625,0.002337,74.125.24.0-255,1484,162453,7,237581
26626,0.002343,74.125.24.0-255,2902,165355,7,237581
26627,0.002345,172.31.36.0-255,66,165421,7,237581
26628,0.002364,74.125.24.0-255,1484,166905,7,237581
26629,0.002378,74.125.24.0-255,4320,171225,7,237581
26630,0.002381,172.31.36.0-255,66,171291,7,237581
26631,0.002388,74.125.24.0-255,5738,177029,7,237581
26632,0.00239,172.31.36.0-255,66,177095,7,237581
26633,0.002405,74.125.24.0-255,4320,181415,7,237581
26634,0.002409,172.31.36.0-255,66,181481,7,237581
26635,0.002421,172.31.36.0-255,66,181547,7,237581
26636,0.002443,74.125.24.0-255,1484,183031,7,237581
26637,0.002448,74.125.24.0-255,2184,185215,7,237581
26638,0.002451,172.31.36.0-255,66,185281,7,237581
26639,0.002484,74.125.24.0-255,1484,186765,7,237581
26640,0.002503,74.125.24.0-255,2902,189667,7,237581
26641,0.002507,172.31.36.0-255,66,189733,7,237581
26642,0.002512,74.125.24.0-255,2902,192635,7,237581
26643,0.002515,172.31.36.0-255,66,192701,7,237581
26644,0.002529,74.125.24.0-255,2902,195603,7,237581
26645,0.002534,74.125.24.0-255,4320,199923,7,237581
26646,0.002552,74.125.24.0-255,1484,201407,7,237581
26647,0.002571,74.125.24.0-255,2902,204309,7,237581
26648,0.002592,74.125.24.0-255,7156,211465,7,237581
26649,0.002601,74.125.24.0-255,7156,218621,7,237581
26650,0.002614,74.125.24.0-255,766,219387,7,237581
26651,0.004191,172.31.36.0-255,66,219453,7,237581
26652,0.006774,74.125.24.0-255,5738,225191,7,237581
26653,0.006788,172.31.36.0-255,66,225257,7,237581
26654,0.009333,74.125.24.0-255,5738,230995,7,237581
26655,0.009338,172.31.36.0-255,66,231061,7,237581
26656,0.011898,74.125.24.0-255,1993,233054,7,237581
26657,0.011906,172.31.36.0-255,66,233120,7,237581
26658,0.020084,172.31.36.0-255,105,233225,7,237581
26659,0.022658,74.125.24.0-255,66,233291,7,237581
26660,0.034632,172.31.36.0-255,172,233463,7,237581
26661,0.034673,172.31.36.0-255,1115,234578,7,237581
26662,0.034765,172.31.36.0-255,1514,236092,7,237581
26663,0.034767,172.31.36.0-255,1291,237383,7,237581
26664,0.036201,104.244.42.0-255,66,237449,7,237581
26665,0.036227,104.244.42.0-255,66,237515,7,237581
26666,0.03635,104.244.42.0-255,66,237581,7,237581
26667,0.0,172.217.194.0-255,157,157,7,169414
26668,3.8e-05,172.31.36.0-255,66,223,7,169414
26669,4.5e-05,172.217.194.0-255,1484,1707,7,169414
26670,5e-05,172.31.36.0-255,66,1773,7,169414
26671,5.5e-05,172.217.194.0-255,2902,4675,7,169414
26672,6.6e-05,172.31.36.0-255,66,4741,7,169414
26673,7.3e-05,172.217.194.0-255,7156,11897,7,169414
26674,7.6e-05,172.31.36.0-255,66,11963,7,169414
26675,9.2e-05,172.31.36.0-255,66,12029,7,169414
26676,0.000126,172.217.194.0-255,2543,14572,7,169414
26677,0.000129,172.31.36.0-255,66,14638,7,169414
26678,0.000134,172.217.194.0-255,2902,17540,7,169414
26679,0.000136,172.31.36.0-255,66,17606,7,169414
26680,0.000173,172.217.194.0-255,7156,24762,7,169414
26681,0.000176,172.31.36.0-255,66,24828,7,169414
26682,0.000184,172.217.194.0-255,5738,30566,7,169414
26683,0.000187,172.31.36.0-255,66,30632,7,169414
26684,0.000211,172.31.36.0-255,66,30698,7,169414
26685,0.000215,172.217.194.0-255,2802,33500,7,169414
26686,0.000218,172.31.36.0-255,66,33566,7,169414
26687,0.000267,172.217.194.0-255,116,33682,7,169414
26688,0.000271,172.31.36.0-255,66,33748,7,169414
26689,0.000298,172.217.194.0-255,377,34125,7,169414
26690,0.000302,172.31.36.0-255,66,34191,7,169414
26691,0.000492,172.217.194.0-255,1484,35675,7,169414
26692,0.000496,172.31.36.0-255,66,35741,7,169414
26693,0.000501,172.217.194.0-255,1484,37225,7,169414
26694,0.000503,172.31.36.0-255,66,37291,7,169414
26695,0.000526,172.217.194.0-255,1484,38775,7,169414
26696,0.000529,172.31.36.0-255,66,38841,7,169414
26697,0.000541,172.217.194.0-255,5738,44579,7,169414
26698,0.000544,172.31.36.0-255,66,44645,7,169414
26699,0.000555,172.31.36.0-255,66,44711,7,169414
26700,0.000586,172.217.194.0-255,4320,49031,7,169414
26701,0.00059,172.31.36.0-255,66,49097,7,169414
26702,0.00061,172.31.36.0-255,66,49163,7,169414
26703,0.000722,172.217.194.0-255,1484,50647,7,169414
26704,0.000727,172.217.194.0-255,2902,53549,7,169414
26705,0.00073,172.31.36.0-255,66,53615,7,169414
26706,0.000763,172.217.194.0-255,5738,59353,7,169414
26707,0.000767,172.31.36.0-255,66,59419,7,169414
26708,0.000779,172.31.36.0-255,66,59485,7,169414
26709,0.000807,172.217.194.0-255,2902,62387,7,169414
26710,0.00081,172.31.36.0-255,66,62453,7,169414
26711,0.000829,172.31.36.0-255,66,62519,7,169414
26712,0.000832,172.217.194.0-255,766,63285,7,169414
26713,0.000852,172.217.194.0-255,1484,64769,7,169414
26714,0.000855,172.31.36.0-255,66,64835,7,169414
26715,0.000861,172.217.194.0-255,4320,69155,7,169414
26716,0.000863,172.31.36.0-255,66,69221,7,169414
26717,0.000891,172.217.194.0-255,5738,74959,7,169414
26718,0.000896,172.31.36.0-255,66,75025,7,169414
26719,0.000903,172.31.36.0-255,66,75091,7,169414
26720,0.000921,172.217.194.0-255,2902,77993,7,169414
26721,0.000925,172.31.36.0-255,66,78059,7,169414
26722,0.000937,172.217.194.0-255,4320,82379,7,169414
26723,0.00094,172.31.36.0-255,66,82445,7,169414
26724,0.00097,172.217.194.0-255,6438,88883,7,169414
26725,0.000974,172.31.36.0-255,66,88949,7,169414
26726,0.001147,172.217.194.0-255,1484,90433,7,169414
26727,0.001163,172.217.194.0-255,2902,93335,7,169414
26728,0.001166,172.31.36.0-255,66,93401,7,169414
26729,0.001174,172.217.194.0-255,5738,99139,7,169414
26730,0.001176,172.31.36.0-255,66,99205,7,169414
26731,0.001203,172.217.194.0-255,4320,103525,7,169414
26732,0.001207,172.31.36.0-255,66,103591,7,169414
26733,0.001254,172.217.194.0-255,5738,109329,7,169414
26734,0.001257,172.31.36.0-255,66,109395,7,169414
26735,0.001288,172.217.194.0-255,5738,115133,7,169414
26736,0.001297,172.31.36.0-255,66,115199,7,169414
26737,0.001305,172.217.194.0-255,7156,122355,7,169414
26738,0.001307,172.31.36.0-255,66,122421,7,169414
26739,0.001318,172.31.36.0-255,66,122487,7,169414
26740,0.001329,172.31.36.0-255,66,122553,7,169414
26741,0.001362,172.31.36.0-255,66,122619,7,169414
26742,0.001393,172.217.194.0-255,7156,129775,7,169414
26743,0.001396,172.31.36.0-255,66,129841,7,169414
26744,0.0014,172.217.194.0-255,766,130607,7,169414
26745,0.001606,172.217.194.0-255,1484,132091,7,169414
26746,0.001611,172.31.36.0-255,66,132157,7,169414
26747,0.001616,172.217.194.0-255,2902,135059,7,169414
26748,0.001618,172.31.36.0-255,66,135125,7,169414
26749,0.001648,172.217.194.0-255,5738,140863,7,169414
26750,0.001652,172.31.36.0-255,66,140929,7,169414
26751,0.001658,172.217.194.0-255,5738,146667,7,169414
26752,0.001661,172.31.36.0-255,66,146733,7,169414
26753,0.001711,172.217.194.0-255,7156,153889,7,169414
26754,0.001715,172.31.36.0-255,66,153955,7,169414
26755,0.001719,172.217.194.0-255,1484,155439,7,169414
26756,0.001738,172.31.36.0-255,66,155505,7,169414
26757,0.001777,172.217.194.0-255,2184,157689,7,169414
26758,0.00178,172.31.36.0-255,66,157755,7,169414
26759,0.001803,172.31.36.0-255,66,157821,7,169414
26760,0.001814,172.31.36.0-255,66,157887,7,169414
26761,0.001838,172.31.36.0-255,66,157953,7,169414
26762,0.001845,172.217.194.0-255,6438,164391,7,169414
26763,0.001848,172.31.36.0-255,66,164457,7,169414
26764,0.001898,172.31.36.0-255,66,164523,7,169414
26765,0.001943,172.31.36.0-255,66,164589,7,169414
26766,0.002005,172.31.36.0-255,66,164655,7,169414
26767,0.002041,172.31.36.0-255,66,164721,7,169414
26768,0.002063,172.31.36.0-255,66,164787,7,169414
26769,0.002066,172.217.194.0-255,105,164892,7,169414
26770,0.008616,172.31.36.0-255,66,164958,7,169414
26771,0.008643,172.31.36.0-255,105,165063,7,169414
26772,0.010616,172.217.194.0-255,66,165129,7,169414
26773,0.030881,172.31.36.0-255,167,165296,7,169414
26774,0.030909,172.31.36.0-255,1115,166411,7,169414
26775,0.030958,172.31.36.0-255,1514,167925,7,169414
26776,0.03096,172.31.36.0-255,1291,169216,7,169414
26777,0.032415,104.244.42.0-255,66,169282,7,169414
26778,0.032575,104.244.42.0-255,66,169348,7,169414
26779,0.032577,104.244.42.0-255,66,169414,7,169414
26780,0.0,172.217.194.0-255,153,153,7,288056
26781,3e-05,172.31.36.0-255,66,219,7,288056
26782,3.6e-05,172.217.194.0-255,1484,1703,7,288056
26783,4.1e-05,172.31.36.0-255,66,1769,7,288056
26784,4.5e-05,172.217.194.0-255,2902,4671,7,288056
26785,4.9e-05,172.31.36.0-255,66,4737,7,288056
26786,5.5e-05,172.217.194.0-255,5738,10475,7,288056
26787,5.8e-05,172.31.36.0-255,66,10541,7,288056
26788,7.3e-05,172.217.194.0-255,1484,12025,7,288056
26789,7.6e-05,172.31.36.0-255,66,12091,7,288056
26790,9.5e-05,172.217.194.0-255,2902,14993,7,288056
26791,9.7e-05,172.31.36.0-255,66,15059,7,288056
26792,0.000125,172.217.194.0-255,2014,17073,7,288056
26793,0.000129,172.31.36.0-255,66,17139,7,288056
26794,0.000135,172.217.194.0-255,5738,22877,7,288056
26795,0.000138,172.31.36.0-255,66,22943,7,288056
26796,0.000162,172.31.36.0-255,66,23009,7,288056
26797,0.000203,172.217.194.0-255,7156,30165,7,288056
26798,0.000207,172.31.36.0-255,66,30231,7,288056
26799,0.000224,172.217.194.0-255,1484,31715,7,288056
26800,0.000227,172.31.36.0-255,66,31781,7,288056
26801,0.000238,172.31.36.0-255,66,31847,7,288056
26802,0.00027,172.31.36.0-255,66,31913,7,288056
26803,0.000284,172.217.194.0-255,1484,33397,7,288056
26804,0.000287,172.31.36.0-255,66,33463,7,288056
26805,0.000305,172.217.194.0-255,1484,34947,7,288056
26806,0.000307,172.31.36.0-255,66,35013,7,288056
26807,0.000334,172.217.194.0-255,5379,40392,7,288056
26808,0.000337,172.31.36.0-255,66,40458,7,288056
26809,0.000573,172.217.194.0-255,360,40818,7,288056
26810,0.000578,172.217.194.0-255,383,41201,7,288056
26811,0.000866,172.217.194.0-255,1484,42685,7,288056
26812,0.000871,172.31.36.0-255,66,42751,7,288056
26813,0.000878,172.217.194.0-255,2902,45653,7,288056
26814,0.00088,172.31.36.0-255,66,45719,7,288056
26815,0.000885,172.217.194.0-255,2902,48621,7,288056
26816,0.000888,172.31.36.0-255,66,48687,7,288056
26817,0.000908,172.217.194.0-255,2902,51589,7,288056
26818,0.000911,172.31.36.0-255,66,51655,7,288056
26819,0.00092,172.217.194.0-255,7156,58811,7,288056
26820,0.000922,172.31.36.0-255,66,58877,7,288056
26821,0.000948,172.217.194.0-255,5738,64615,7,288056
26822,0.000951,172.31.36.0-255,66,64681,7,288056
26823,0.000959,172.217.194.0-255,7156,71837,7,288056
26824,0.000961,172.31.36.0-255,66,71903,7,288056
26825,0.000987,172.217.194.0-255,3602,75505,7,288056
26826,0.000989,172.31.36.0-255,66,75571,7,288056
26827,0.001192,172.217.194.0-255,1484,77055,7,288056
26828,0.001209,172.217.194.0-255,2902,79957,7,288056
26829,0.001213,172.31.36.0-255,66,80023,7,288056
26830,0.001221,172.217.194.0-255,5738,85761,7,288056
26831,0.001223,172.31.36.0-255,66,85827,7,288056
26832,0.001226,172.217.194.0-255,1484,87311,7,288056
26833,0.001252,172.217.194.0-255,4320,91631,7,288056
26834,0.001255,172.31.36.0-255,66,91697,7,288056
26835,0.001259,172.217.194.0-255,2902,94599,7,288056
26836,0.001261,172.31.36.0-255,66,94665,7,288056
26837,0.001283,172.31.36.0-255,66,94731,7,288056
26838,0.001289,172.217.194.0-255,5020,99751,7,288056
26839,0.001292,172.31.36.0-255,66,99817,7,288056
26840,0.001344,172.217.194.0-255,1484,101301,7,288056
26841,0.001347,172.217.194.0-255,1484,102785,7,288056
26842,0.001349,172.31.36.0-255,66,102851,7,288056
26843,0.001361,172.217.194.0-255,1484,104335,7,288056
26844,0.001365,172.217.194.0-255,2902,107237,7,288056
26845,0.001368,172.31.36.0-255,66,107303,7,288056
26846,0.001394,172.217.194.0-255,2902,110205,7,288056
26847,0.001397,172.31.36.0-255,66,110271,7,288056
26848,0.001403,172.217.194.0-255,7156,117427,7,288056
26849,0.001405,172.31.36.0-255,66,117493,7,288056
26850,0.001419,172.217.194.0-255,2902,120395,7,288056
26851,0.001422,172.31.36.0-255,66,120461,7,288056
26852,0.001454,172.31.36.0-255,66,120527,7,288056
26853,0.001458,172.217.194.0-255,2184,122711,7,288056
26854,0.00146,172.31.36.0-255,66,122777,7,288056
26855,0.001513,172.217.194.0-255,1484,124261,7,288056
26856,0.001535,172.217.194.0-255,2902,127163,7,288056
26857,0.001539,172.31.36.0-255,66,127229,7,288056
26858,0.001543,172.217.194.0-255,4320,131549,7,288056
26859,0.001545,172.31.36.0-255,66,131615,7,288056
26860,0.001557,172.217.194.0-255,1484,133099,7,288056
26861,0.001571,172.217.194.0-255,2902,136001,7,288056
26862,0.001573,172.31.36.0-255,66,136067,7,288056
26863,0.001595,172.31.36.0-255,66,136133,7,288056
26864,0.001619,172.217.194.0-255,4320,140453,7,288056
26865,0.001621,172.31.36.0-255,66,140519,7,288056
26866,0.001655,172.31.36.0-255,66,140585,7,288056
26867,0.0017,172.31.36.0-255,66,140651,7,288056
26868,0.001731,172.31.36.0-255,66,140717,7,288056
26869,0.001929,172.217.194.0-255,1484,142201,7,288056
26870,0.00194,172.217.194.0-255,2902,145103,7,288056
26871,0.001943,172.31.36.0-255,66,145169,7,288056
26872,0.001963,172.217.194.0-255,5738,150907,7,288056
26873,0.001965,172.31.36.0-255,66,150973,7,288056
26874,0.001992,172.217.194.0-255,7156,158129,7,288056
26875,0.001995,172.31.36.0-255,66,158195,7,288056
26876,0.00202,172.31.36.0-255,66,158261,7,288056
26877,0.002038,172.217.194.0-255,1484,159745,7,288056
26878,0.002042,172.217.194.0-255,2184,161929,7,288056
26879,0.002044,172.31.36.0-255,66,161995,7,288056
26880,0.002077,172.217.194.0-255,1484,163479,7,288056
26881,0.00209,172.217.194.0-255,2902,166381,7,288056
26882,0.002092,172.31.36.0-255,66,166447,7,288056
26883,0.002096,172.217.194.0-255,2902,169349,7,288056
26884,0.002099,172.31.36.0-255,66,169415,7,288056
26885,0.002111,172.217.194.0-255,2902,172317,7,288056
26886,0.002113,172.31.36.0-255,66,172383,7,288056
26887,0.002135,172.31.36.0-255,66,172449,7,288056
26888,0.002147,172.217.194.0-255,2902,175351,7,288056
26889,0.002149,172.31.36.0-255,66,175417,7,288056
26890,0.002161,172.31.36.0-255,66,175483,7,288056
26891,0.004623,172.217.194.0-255,5738,181221,7,288056
26892,0.004627,172.31.36.0-255,66,181287,7,288056
26893,0.007116,172.217.194.0-255,5738,187025,7,288056
26894,0.007122,172.31.36.0-255,66,187091,7,288056
26895,0.009624,172.217.194.0-255,5738,192829,7,288056
26896,0.009631,172.31.36.0-255,66,192895,7,288056
26897,0.012153,172.217.194.0-255,5738,198633,7,288056
26898,0.012162,172.31.36.0-255,66,198699,7,288056
26899,0.014638,172.217.194.0-255,4320,203019,7,288056
26900,0.014646,172.31.36.0-255,66,203085,7,288056
26901,0.014676,172.217.194.0-255,1484,204569,7,288056
26902,0.017133,172.217.194.0-255,4320,208889,7,288056
26903,0.017145,172.31.36.0-255,66,208955,7,288056
26904,0.019654,172.217.194.0-255,5738,214693,7,288056
26905,0.019671,172.31.36.0-255,66,214759,7,288056
26906,0.022134,172.217.194.0-255,5738,220497,7,288056
26907,0.022147,172.31.36.0-255,66,220563,7,288056
26908,0.02467,172.217.194.0-255,5738,226301,7,288056
26909,0.024682,172.31.36.0-255,66,226367,7,288056
26910,0.027185,172.217.194.0-255,5738,232105,7,288056
26911,0.027199,172.31.36.0-255,66,232171,7,288056
26912,0.028372,172.31.36.0-255,188,232359,7,288056
26913,0.028417,172.31.36.0-255,958,233317,7,288056
26914,0.028486,172.31.36.0-255,1514,234831,7,288056
26915,0.028488,172.31.36.0-255,1448,236279,7,288056
26916,0.029675,172.217.194.0-255,5738,242017,7,288056
26917,0.029681,172.31.36.0-255,66,242083,7,288056
26918,0.029929,104.244.42.0-255,66,242149,7,288056
26919,0.029968,104.244.42.0-255,66,242215,7,288056
26920,0.030107,104.244.42.0-255,66,242281,7,288056
26921,0.032136,172.217.194.0-255,5738,248019,7,288056
26922,0.032141,172.31.36.0-255,66,248085,7,288056
26923,0.03463,172.217.194.0-255,4320,252405,7,288056
26924,0.034636,172.31.36.0-255,66,252471,7,288056
26925,0.034658,172.217.194.0-255,1484,253955,7,288056
26926,0.037145,172.217.194.0-255,4320,258275,7,288056
26927,0.037154,172.31.36.0-255,66,258341,7,288056
26928,0.039614,172.217.194.0-255,2902,261243,7,288056
26929,0.03962,172.31.36.0-255,66,261309,7,288056
26930,0.039652,172.217.194.0-255,2902,264211,7,288056
26931,0.039655,172.31.36.0-255,66,264277,7,288056
26932,0.04207,172.217.194.0-255,2902,267179,7,288056
26933,0.042076,172.31.36.0-255,66,267245,7,288056
26934,0.042104,172.217.194.0-255,1484,268729,7,288056
26935,0.042121,172.217.194.0-255,1484,270213,7,288056
26936,0.042124,172.31.36.0-255,66,270279,7,288056
26937,0.044532,172.217.194.0-255,2902,273181,7,288056
26938,0.044538,172.31.36.0-255,66,273247,7,288056
26939,0.044589,172.217.194.0-255,2902,276149,7,288056
26940,0.044594,172.31.36.0-255,66,276215,7,288056
26941,0.047044,172.217.194.0-255,2902,279117,7,288056
26942,0.047049,172.31.36.0-255,66,279183,7,288056
26943,0.047075,172.217.194.0-255,2902,282085,7,288056
26944,0.047078,172.31.36.0-255,66,282151,7,288056
26945,0.049529,172.217.194.0-255,5738,287889,7,288056
26946,0.049534,172.31.36.0-255,66,287955,7,288056
26947,0.049643,172.31.36.0-255,101,288056,7,288056
26948,0.0,74.125.24.0-255,291,291,7,243982
26949,3.1e-05,172.31.36.0-255,66,357,7,243982
26950,3.7e-05,74.125.24.0-255,1484,1841,7,243982
26951,4.2e-05,172.31.36.0-255,66,1907,7,243982
26952,4.8e-05,74.125.24.0-255,4320,6227,7,243982
26953,5e-05,172.31.36.0-255,66,6293,7,243982
26954,5.7e-05,74.125.24.0-255,5738,12031,7,243982
26955,6e-05,172.31.36.0-255,66,12097,7,243982
26956,8e-05,74.125.24.0-255,1484,13581,7,243982
26957,8.4e-05,172.31.36.0-255,66,13647,7,243982
26958,9.4e-05,74.125.24.0-255,2902,16549,7,243982
26959,9.7e-05,172.31.36.0-255,66,16615,7,243982
26960,0.000118,172.31.36.0-255,66,16681,7,243982
26961,0.000131,74.125.24.0-255,1866,18547,7,243982
26962,0.000133,172.31.36.0-255,66,18613,7,243982
26963,0.000145,172.31.36.0-255,66,18679,7,243982
26964,0.000148,74.125.24.0-255,1484,20163,7,243982
26965,0.00015,172.31.36.0-255,66,20229,7,243982
26966,0.000189,172.31.36.0-255,66,20295,7,243982
26967,0.000253,74.125.24.0-255,1484,21779,7,243982
26968,0.000256,172.31.36.0-255,66,21845,7,243982
26969,0.000261,74.125.24.0-255,2902,24747,7,243982
26970,0.000263,172.31.36.0-255,66,24813,7,243982
26971,0.000278,74.125.24.0-255,5738,30551,7,243982
26972,0.000281,172.31.36.0-255,66,30617,7,243982
26973,0.000292,74.125.24.0-255,1484,32101,7,243982
26974,0.000296,172.31.36.0-255,66,32167,7,243982
26975,0.000313,74.125.24.0-255,5726,37893,7,243982
26976,0.000316,172.31.36.0-255,66,37959,7,243982
26977,0.000352,74.125.24.0-255,1484,39443,7,243982
26978,0.000367,74.125.24.0-255,2902,42345,7,243982
26979,0.000371,74.125.24.0-255,1484,43829,7,243982
26980,0.000374,172.31.36.0-255,66,43895,7,243982
26981,0.000388,74.125.24.0-255,4320,48215,7,243982
26982,0.000392,172.31.36.0-255,66,48281,7,243982
26983,0.000433,74.125.24.0-255,7156,55437,7,243982
26984,0.000437,172.31.36.0-255,66,55503,7,243982
26985,0.00047,74.125.24.0-255,3865,59368,7,243982
26986,0.000475,172.31.36.0-255,66,59434,7,243982
26987,0.00082,74.125.24.0-255,1484,60918,7,243982
26988,0.000841,74.125.24.0-255,2902,63820,7,243982
26989,0.000844,172.31.36.0-255,66,63886,7,243982
26990,0.000852,74.125.24.0-255,5738,69624,7,243982
26991,0.00086,172.31.36.0-255,66,69690,7,243982
26992,0.000898,172.31.36.0-255,66,69756,7,243982
26993,0.000912,172.31.36.0-255,66,69822,7,243982
26994,0.000957,74.125.24.0-255,2184,72006,7,243982
26995,0.000967,172.31.36.0-255,66,72072,7,243982
26996,0.001408,74.125.24.0-255,1484,73556,7,243982
26997,0.001423,74.125.24.0-255,2902,76458,7,243982
26998,0.001428,172.31.36.0-255,66,76524,7,243982
26999,0.001435,74.125.24.0-255,5738,82262,7,243982
27000,0.001464,74.125.24.0-255,4320,86582,7,243982
27001,0.001535,74.125.24.0-255,2184,88766,7,243982
27002,0.001901,74.125.24.0-255,1484,90250,7,243982
27003,0.001918,74.125.24.0-255,2902,93152,7,243982
27004,0.001929,74.125.24.0-255,1484,94636,7,243982
27005,0.001949,74.125.24.0-255,4320,98956,7,243982
27006,0.001953,74.125.24.0-255,2902,101858,7,243982
27007,0.002133,74.125.24.0-255,1484,103342,7,243982
27008,0.00214,74.125.24.0-255,2902,106244,7,243982
27009,0.002152,74.125.24.0-255,5738,111982,7,243982
27010,0.00218,74.125.24.0-255,2902,114884,7,243982
27011,0.002216,74.125.24.0-255,1484,116368,7,243982
27012,0.002253,74.125.24.0-255,2902,119270,7,243982
27013,0.002308,74.125.24.0-255,7156,126426,7,243982
27014,0.00233,74.125.24.0-255,2902,129328,7,243982
27015,0.006167,172.31.36.0-255,66,129394,7,243982
27016,0.008476,74.125.24.0-255,5738,135132,7,243982
27017,0.008486,172.31.36.0-255,66,135198,7,243982
27018,0.010805,74.125.24.0-255,5738,140936,7,243982
27019,0.010814,172.31.36.0-255,66,141002,7,243982
27020,0.013107,74.125.24.0-255,5738,146740,7,243982
27021,0.013117,172.31.36.0-255,66,146806,7,243982
27022,0.015456,74.125.24.0-255,5738,152544,7,243982
27023,0.015466,172.31.36.0-255,66,152610,7,243982
27024,0.017739,74.125.24.0-255,5738,158348,7,243982
27025,0.017746,172.31.36.0-255,66,158414,7,243982
27026,0.020046,74.125.24.0-255,5738,164152,7,243982
27027,0.020053,172.31.36.0-255,66,164218,7,243982
27028,0.02234,74.125.24.0-255,5738,169956,7,243982
27029,0.022352,172.31.36.0-255,66,170022,7,243982
27030,0.024643,74.125.24.0-255,5738,175760,7,243982
27031,0.024651,172.31.36.0-255,66,175826,7,243982
27032,0.026942,74.125.24.0-255,5738,181564,7,243982
27033,0.02695,172.31.36.0-255,66,181630,7,243982
27034,0.029213,74.125.24.0-255,5738,187368,7,243982
27035,0.029221,172.31.36.0-255,66,187434,7,243982
27036,0.031505,74.125.24.0-255,5738,193172,7,243982
27037,0.031515,172.31.36.0-255,66,193238,7,243982
27038,0.033784,74.125.24.0-255,5738,198976,7,243982
27039,0.033792,172.31.36.0-255,66,199042,7,243982
27040,0.036113,74.125.24.0-255,5738,204780,7,243982
27041,0.036121,172.31.36.0-255,66,204846,7,243982
27042,0.038435,74.125.24.0-255,5738,210584,7,243982
27043,0.038444,172.31.36.0-255,66,210650,7,243982
27044,0.040747,74.125.24.0-255,5738,216388,7,243982
27045,0.040754,172.31.36.0-255,66,216454,7,243982
27046,0.042362,172.31.36.0-255,194,216648,7,243982
27047,0.042392,172.31.36.0-255,1114,217762,7,243982
27048,0.042435,172.31.36.0-255,1514,219276,7,243982
27049,0.042436,172.31.36.0-255,1292,220568,7,243982
27050,0.043032,74.125.24.0-255,5738,226306,7,243982
27051,0.043042,172.31.36.0-255,66,226372,7,243982
27052,0.043901,104.244.42.0-255,66,226438,7,243982
27053,0.043919,104.244.42.0-255,66,226504,7,243982
27054,0.043985,104.244.42.0-255,66,226570,7,243982
27055,0.045336,74.125.24.0-255,5738,232308,7,243982
27056,0.045343,172.31.36.0-255,66,232374,7,243982
27057,0.047634,74.125.24.0-255,5738,238112,7,243982
27058,0.047641,172.31.36.0-255,66,238178,7,243982
27059,0.049928,74.125.24.0-255,5738,243916,7,243982
27060,0.049937,172.31.36.0-255,66,243982,7,243982
27061,0.0,74.125.68.0-255,153,153,7,282266
27062,2.4e-05,172.31.36.0-255,66,219,7,282266
27063,3e-05,74.125.68.0-255,1484,1703,7,282266
27064,3.4e-05,172.31.36.0-255,66,1769,7,282266
27065,6e-05,74.125.68.0-255,1484,3253,7,282266
27066,6.7e-05,172.31.36.0-255,66,3319,7,282266
27067,7.4e-05,74.125.68.0-255,2902,6221,7,282266
27068,7.6e-05,172.31.36.0-255,66,6287,7,282266
27069,0.000102,74.125.68.0-255,4320,10607,7,282266
27070,0.000105,172.31.36.0-255,66,10673,7,282266
27071,0.000134,74.125.68.0-255,4864,15537,7,282266
27072,0.000136,172.31.36.0-255,66,15603,7,282266
27073,0.000162,74.125.68.0-255,7156,22759,7,282266
27074,0.000164,172.31.36.0-255,66,22825,7,282266
27075,0.000191,74.125.68.0-255,4320,27145,7,282266
27076,0.000194,172.31.36.0-255,66,27211,7,282266
27077,0.00022,74.125.68.0-255,3961,31172,7,282266
27078,0.000222,172.31.36.0-255,66,31238,7,282266
27079,0.000263,74.125.68.0-255,1484,32722,7,282266
27080,0.000266,172.31.36.0-255,66,32788,7,282266
27081,0.000269,74.125.68.0-255,1484,34272,7,282266
27082,0.000271,172.31.36.0-255,66,34338,7,282266
27083,0.0003,74.125.68.0-255,1484,35822,7,282266
27084,0.000302,172.31.36.0-255,66,35888,7,282266
27085,0.000307,74.125.68.0-255,4320,40208,7,282266
27086,0.000309,172.31.36.0-255,66,40274,7,282266
27087,0.000337,74.125.68.0-255,5738,46012,7,282266
27088,0.000339,172.31.36.0-255,66,46078,7,282266
27089,0.000365,74.125.68.0-255,5738,51816,7,282266
27090,0.000368,172.31.36.0-255,66,51882,7,282266
27091,0.000393,74.125.68.0-255,3961,55843,7,282266
27092,0.000396,172.31.36.0-255,66,55909,7,282266
27093,0.000416,74.125.68.0-255,1484,57393,7,282266
27094,0.000439,172.31.36.0-255,66,57459,7,282266
27095,0.000678,74.125.68.0-255,646,58105,7,282266
27096,0.000846,74.125.68.0-255,1484,59589,7,282266
27097,0.00085,172.31.36.0-255,66,59655,7,282266
27098,0.000869,74.125.68.0-255,2902,62557,7,282266
27099,0.000874,172.31.36.0-255,66,62623,7,282266
27100,0.000904,74.125.68.0-255,5738,68361,7,282266
27101,0.000907,172.31.36.0-255,66,68427,7,282266
27102,0.000915,74.125.68.0-255,7156,75583,7,282266
27103,0.000917,172.31.36.0-255,66,75649,7,282266
27104,0.000942,74.125.68.0-255,1484,77133,7,282266
27105,0.000953,172.31.36.0-255,66,77199,7,282266
27106,0.000958,74.125.68.0-255,5020,82219,7,282266
27107,0.000961,172.31.36.0-255,66,82285,7,282266
27108,0.001216,74.125.68.0-255,1484,83769,7,282266
27109,0.00123,74.125.68.0-255,2902,86671,7,282266
27110,0.001233,172.31.36.0-255,66,86737,7,282266
27111,0.001263,74.125.68.0-255,5738,92475,7,282266
27112,0.001266,172.31.36.0-255,66,92541,7,282266
27113,0.00127,74.125.68.0-255,2902,95443,7,282266
27114,0.001272,172.31.36.0-255,66,95509,7,282266
27115,0.001277,74.125.68.0-255,4320,99829,7,282266
27116,0.001283,172.31.36.0-255,66,99895,7,282266
27117,0.001286,74.125.68.0-255,1484,101379,7,282266
27118,0.00132,74.125.68.0-255,7156,108535,7,282266
27119,0.001323,172.31.36.0-255,66,108601,7,282266
27120,0.001329,74.125.68.0-255,5738,114339,7,282266
27121,0.001331,172.31.36.0-255,66,114405,7,282266
27122,0.001367,74.125.68.0-255,2184,116589,7,282266
27123,0.00137,172.31.36.0-255,66,116655,7,282266
27124,0.001637,74.125.68.0-255,1484,118139,7,282266
27125,0.001642,74.125.68.0-255,2902,121041,7,282266
27126,0.001645,172.31.36.0-255,66,121107,7,282266
27127,0.001674,74.125.68.0-255,4320,125427,7,282266
27128,0.001676,172.31.36.0-255,66,125493,7,282266
27129,0.001682,74.125.68.0-255,5738,131231,7,282266
27130,0.001684,172.31.36.0-255,66,131297,7,282266
27131,0.001711,74.125.68.0-255,4320,135617,7,282266
27132,0.001714,172.31.36.0-255,66,135683,7,282266
27133,0.001748,74.125.68.0-255,7156,142839,7,282266
27134,0.001753,74.125.68.0-255,5738,148577,7,282266
27135,0.001757,172.31.36.0-255,66,148643,7,282266
27136,0.001763,172.31.36.0-255,66,148709,7,282266
27137,0.001788,74.125.68.0-255,2184,150893,7,282266
27138,0.001791,172.31.36.0-255,66,150959,7,282266
27139,0.004004,74.125.68.0-255,2902,153861,7,282266
27140,0.004011,172.31.36.0-255,66,153927,7,282266
27141,0.004041,74.125.68.0-255,2902,156829,7,282266
27142,0.004044,172.31.36.0-255,66,156895,7,282266
27143,0.006255,74.125.68.0-255,2902,159797,7,282266
27144,0.006259,172.31.36.0-255,66,159863,7,282266
27145,0.006295,74.125.68.0-255,2902,162765,7,282266
27146,0.0063,172.31.36.0-255,66,162831,7,282266
27147,0.008503,74.125.68.0-255,2902,165733,7,282266
27148,0.00851,172.31.36.0-255,66,165799,7,282266
27149,0.008546,74.125.68.0-255,2902,168701,7,282266
27150,0.00855,172.31.36.0-255,66,168767,7,282266
27151,0.010764,74.125.68.0-255,2902,171669,7,282266
27152,0.010772,172.31.36.0-255,66,171735,7,282266
27153,0.010809,74.125.68.0-255,2902,174637,7,282266
27154,0.010814,172.31.36.0-255,66,174703,7,282266
27155,0.013032,74.125.68.0-255,2902,177605,7,282266
27156,0.013039,172.31.36.0-255,66,177671,7,282266
27157,0.01307,74.125.68.0-255,2902,180573,7,282266
27158,0.013074,172.31.36.0-255,66,180639,7,282266
27159,0.015333,74.125.68.0-255,2902,183541,7,282266
27160,0.015342,172.31.36.0-255,66,183607,7,282266
27161,0.015379,74.125.68.0-255,2902,186509,7,282266
27162,0.015383,172.31.36.0-255,66,186575,7,282266
27163,0.017624,74.125.68.0-255,2902,189477,7,282266
27164,0.017631,172.31.36.0-255,66,189543,7,282266
27165,0.017667,74.125.68.0-255,2902,192445,7,282266
27166,0.017671,172.31.36.0-255,66,192511,7,282266
27167,0.019924,74.125.68.0-255,2902,195413,7,282266
27168,0.019933,172.31.36.0-255,66,195479,7,282266
27169,0.019968,74.125.68.0-255,2902,198381,7,282266
27170,0.019972,172.31.36.0-255,66,198447,7,282266
27171,0.022182,74.125.68.0-255,2902,201349,7,282266
27172,0.022189,172.31.36.0-255,66,201415,7,282266
27173,0.022229,74.125.68.0-255,2902,204317,7,282266
27174,0.022233,172.31.36.0-255,66,204383,7,282266
27175,0.024441,74.125.68.0-255,2902,207285,7,282266
27176,0.024448,172.31.36.0-255,66,207351,7,282266
27177,0.024478,74.125.68.0-255,2902,210253,7,282266
27178,0.024481,172.31.36.0-255,66,210319,7,282266
27179,0.026696,74.125.68.0-255,2902,213221,7,282266
27180,0.026704,172.31.36.0-255,66,213287,7,282266
27181,0.026737,74.125.68.0-255,2902,216189,7,282266
27182,0.026741,172.31.36.0-255,66,216255,7,282266
27183,0.028956,74.125.68.0-255,2902,219157,7,282266
27184,0.028965,172.31.36.0-255,66,219223,7,282266
27185,0.029001,74.125.68.0-255,2902,222125,7,282266
27186,0.029006,172.31.36.0-255,66,222191,7,282266
27187,0.029734,172.31.36.0-255,172,222363,7,282266
27188,0.029765,172.31.36.0-255,1113,223476,7,282266
27189,0.029817,172.31.36.0-255,1514,224990,7,282266
27190,0.029819,172.31.36.0-255,1514,226504,7,282266
27191,0.029826,172.31.36.0-255,1514,228018,7,282266
27192,0.029827,172.31.36.0-255,1514,229532,7,282266
27193,0.029856,172.31.36.0-255,1514,231046,7,282266
27194,0.029857,172.31.36.0-255,72,231118,7,282266
27195,0.031324,74.125.68.0-255,5738,236856,7,282266
27196,0.031332,172.31.36.0-255,66,236922,7,282266
27197,0.031339,104.244.42.0-255,66,236988,7,282266
27198,0.031344,104.244.42.0-255,66,237054,7,282266
27199,0.031376,104.244.42.0-255,66,237120,7,282266
27200,0.031414,104.244.42.0-255,66,237186,7,282266
27201,0.0336,74.125.68.0-255,5738,242924,7,282266
27202,0.033614,172.31.36.0-255,66,242990,7,282266
27203,0.035872,74.125.68.0-255,5738,248728,7,282266
27204,0.035879,172.31.36.0-255,66,248794,7,282266
27205,0.038124,74.125.68.0-255,5738,254532,7,282266
27206,0.03813,172.31.36.0-255,66,254598,7,282266
27207,0.040381,74.125.68.0-255,5738,260336,7,282266
27208,0.040391,172.31.36.0-255,66,260402,7,282266
27209,0.042642,74.125.68.0-255,5738,266140,7,282266
27210,0.042647,172.31.36.0-255,66,266206,7,282266
27211,0.044889,74.125.68.0-255,4320,270526,7,282266
27212,0.044895,172.31.36.0-255,66,270592,7,282266
27213,0.044921,74.125.68.0-255,1484,272076,7,282266
27214,0.047142,74.125.68.0-255,4320,276396,7,282266
27215,0.047148,172.31.36.0-255,66,276462,7,282266
27216,0.049416,74.125.68.0-255,5738,282200,7,282266
27217,0.049426,172.31.36.0-255,66,282266,7,282266
27218,0.0,172.217.160.0-255,152,152,7,233961
27219,2.9e-05,172.31.36.0-255,66,218,7,233961
27220,3.5e-05,172.217.160.0-255,1484,1702,7,233961
27221,3.9e-05,172.31.36.0-255,66,1768,7,233961
27222,4.3e-05,172.217.160.0-255,2902,4670,7,233961
27223,4.6e-05,172.31.36.0-255,66,4736,7,233961
27224,7.8e-05,172.217.160.0-255,7156,11892,7,233961
27225,8e-05,172.31.36.0-255,66,11958,7,233961
27226,9.4e-05,172.31.36.0-255,66,12024,7,233961
27227,0.000121,172.217.160.0-255,4320,16344,7,233961
27228,0.000124,172.31.36.0-255,66,16410,7,233961
27229,0.000158,172.217.160.0-255,2543,18953,7,233961
27230,0.000161,172.31.36.0-255,66,19019,7,233961
27231,0.000223,172.217.160.0-255,1484,20503,7,233961
27232,0.000227,172.31.36.0-255,66,20569,7,233961
27233,0.000231,172.217.160.0-255,2902,23471,7,233961
27234,0.000233,172.31.36.0-255,66,23537,7,233961
27235,0.000263,172.217.160.0-255,5738,29275,7,233961
27236,0.000267,172.31.36.0-255,66,29341,7,233961
27237,0.000269,172.217.160.0-255,1484,30825,7,233961
27238,0.000272,172.31.36.0-255,66,30891,7,233961
27239,0.000276,172.217.160.0-255,1484,32375,7,233961
27240,0.000277,172.31.36.0-255,66,32441,7,233961
27241,0.000316,172.31.36.0-255,66,32507,7,233961
27242,0.000321,172.217.160.0-255,2902,35409,7,233961
27243,0.000324,172.31.36.0-255,66,35475,7,233961
27244,0.000349,172.31.36.0-255,66,35541,7,233961
27245,0.001196,172.217.160.0-255,645,36186,7,233961
27246,0.001202,172.31.36.0-255,66,36252,7,233961
27247,0.001221,172.217.160.0-255,1484,37736,7,233961
27248,0.001226,172.217.160.0-255,1484,39220,7,233961
27249,0.001228,172.31.36.0-255,66,39286,7,233961
27250,0.001247,172.217.160.0-255,2902,42188,7,233961
27251,0.00125,172.31.36.0-255,66,42254,7,233961
27252,0.001255,172.217.160.0-255,2902,45156,7,233961
27253,0.001256,172.31.36.0-255,66,45222,7,233961
27254,0.001282,172.217.160.0-255,4320,49542,7,233961
27255,0.001284,172.31.36.0-255,66,49608,7,233961
27256,0.001289,172.217.160.0-255,3961,53569,7,233961
27257,0.001291,172.31.36.0-255,66,53635,7,233961
27258,0.001308,172.217.160.0-255,4320,57955,7,233961
27259,0.001309,172.31.36.0-255,66,58021,7,233961
27260,0.001344,172.31.36.0-255,66,58087,7,233961
27261,0.001348,172.217.160.0-255,2543,60630,7,233961
27262,0.00135,172.31.36.0-255,66,60696,7,233961
27263,0.002958,172.217.160.0-255,2902,63598,7,233961
27264,0.002961,172.31.36.0-255,66,63664,7,233961
27265,0.002972,172.217.160.0-255,2902,66566,7,233961
27266,0.002974,172.31.36.0-255,66,66632,7,233961
27267,0.004589,172.217.160.0-255,2902,69534,7,233961
27268,0.004592,172.31.36.0-255,66,69600,7,233961
27269,0.004619,172.217.160.0-255,2902,72502,7,233961
27270,0.004621,172.31.36.0-255,66,72568,7,233961
27271,0.006207,172.217.160.0-255,2902,75470,7,233961
27272,0.006213,172.31.36.0-255,66,75536,7,233961
27273,0.006236,172.217.160.0-255,2902,78438,7,233961
27274,0.006239,172.31.36.0-255,66,78504,7,233961
27275,0.007841,172.217.160.0-255,2902,81406,7,233961
27276,0.007848,172.31.36.0-255,66,81472,7,233961
27277,0.007871,172.217.160.0-255,2902,84374,7,233961
27278,0.007875,172.31.36.0-255,66,84440,7,233961
27279,0.009472,172.217.160.0-255,2902,87342,7,233961
27280,0.00948,172.31.36.0-255,66,87408,7,233961
27281,0.009502,172.217.160.0-255,2902,90310,7,233961
27282,0.009504,172.31.36.0-255,66,90376,7,233961
27283,0.011111,172.217.160.0-255,5738,96114,7,233961
27284,0.011119,172.31.36.0-255,66,96180,7,233961
27285,0.012751,172.217.160.0-255,5738,101918,7,233961
27286,0.012759,172.31.36.0-255,66,101984,7,233961
27287,0.014397,172.217.160.0-255,5738,107722,7,233961
27288,0.014404,172.31.36.0-255,66,107788,7,233961
27289,0.01603,172.217.160.0-255,5738,113526,7,233961
27290,0.016036,172.31.36.0-255,66,113592,7,233961
27291,0.017698,172.217.160.0-255,5738,119330,7,233961
27292,0.017706,172.31.36.0-255,66,119396,7,233961
27293,0.019341,172.217.160.0-255,5738,125134,7,233961
27294,0.019348,172.31.36.0-255,66,125200,7,233961
27295,0.020973,172.217.160.0-255,5738,130938,7,233961
27296,0.020979,172.31.36.0-255,66,131004,7,233961
27297,0.021789,172.31.36.0-255,171,131175,7,233961
27298,0.021817,172.31.36.0-255,1139,132314,7,233961
27299,0.021876,172.31.36.0-255,1514,133828,7,233961
27300,0.021878,172.31.36.0-255,1267,135095,7,233961
27301,0.022608,172.217.160.0-255,5738,140833,7,233961
27302,0.022615,172.31.36.0-255,66,140899,7,233961
27303,0.023331,104.244.42.0-255,66,140965,7,233961
27304,0.023367,104.244.42.0-255,66,141031,7,233961
27305,0.023475,104.244.42.0-255,66,141097,7,233961
27306,0.024239,172.217.160.0-255,5738,146835,7,233961
27307,0.024246,172.31.36.0-255,66,146901,7,233961
27308,0.025891,172.217.160.0-255,5738,152639,7,233961
27309,0.025898,172.31.36.0-255,66,152705,7,233961
27310,0.027524,172.217.160.0-255,5738,158443,7,233961
27311,0.02753,172.31.36.0-255,66,158509,7,233961
27312,0.029175,172.217.160.0-255,5738,164247,7,233961
27313,0.029182,172.31.36.0-255,66,164313,7,233961
27314,0.030808,172.217.160.0-255,5738,170051,7,233961
27315,0.030815,172.31.36.0-255,66,170117,7,233961
27316,0.032449,172.217.160.0-255,5738,175855,7,233961
27317,0.032456,172.31.36.0-255,66,175921,7,233961
27318,0.034101,172.217.160.0-255,5738,181659,7,233961
27319,0.034108,172.31.36.0-255,66,181725,7,233961
27320,0.035777,172.217.160.0-255,5738,187463,7,233961
27321,0.035785,172.31.36.0-255,66,187529,7,233961
27322,0.037419,172.217.160.0-255,5738,193267,7,233961
27323,0.037425,172.31.36.0-255,66,193333,7,233961
27324,0.039061,172.217.160.0-255,5738,199071,7,233961
27325,0.039067,172.31.36.0-255,66,199137,7,233961
27326,0.040697,172.217.160.0-255,5738,204875,7,233961
27327,0.040706,172.31.36.0-255,66,204941,7,233961
27328,0.042328,172.217.160.0-255,5738,210679,7,233961
27329,0.042334,172.31.36.0-255,66,210745,7,233961
27330,0.043965,172.217.160.0-255,5738,216483,7,233961
27331,0.043973,172.31.36.0-255,66,216549,7,233961
27332,0.045602,172.217.160.0-255,5738,222287,7,233961
27333,0.045609,172.31.36.0-255,66,222353,7,233961
27334,0.047236,172.217.160.0-255,5738,228091,7,233961
27335,0.047242,172.31.36.0-255,66,228157,7,233961
27336,0.048882,172.217.160.0-255,5738,233895,7,233961
27337,0.048888,172.31.36.0-255,66,233961,7,233961
27338,0.0,74.125.24.0-255,143,143,7,214414
27339,3e-05,172.31.36.0-255,66,209,7,214414
27340,3.7e-05,74.125.24.0-255,1484,1693,7,214414
27341,4.2e-05,172.31.36.0-255,66,1759,7,214414
27342,4.7e-05,74.125.24.0-255,2902,4661,7,214414
27343,4.9e-05,172.31.36.0-255,66,4727,7,214414
27344,5.2e-05,74.125.24.0-255,1484,6211,7,214414
27345,5.5e-05,172.31.36.0-255,66,6277,7,214414
27346,6e-05,74.125.24.0-255,2902,9179,7,214414
27347,6.3e-05,172.31.36.0-255,66,9245,7,214414
27348,8.6e-05,74.125.24.0-255,1484,10729,7,214414
27349,8.8e-05,172.31.36.0-255,66,10795,7,214414
27350,0.000109,74.125.24.0-255,3520,14315,7,214414
27351,0.000112,172.31.36.0-255,66,14381,7,214414
27352,0.000547,74.125.24.0-255,1484,15865,7,214414
27353,0.000553,172.31.36.0-255,66,15931,7,214414
27354,0.000575,74.125.24.0-255,2902,18833,7,214414
27355,0.000579,172.31.36.0-255,66,18899,7,214414
27356,0.000585,74.125.24.0-255,5738,24637,7,214414
27357,0.000588,172.31.36.0-255,66,24703,7,214414
27358,0.000611,74.125.24.0-255,6797,31500,7,214414
27359,0.000614,172.31.36.0-255,66,31566,7,214414
27360,0.000727,74.125.24.0-255,1484,33050,7,214414
27361,0.000731,172.31.36.0-255,66,33116,7,214414
27362,0.000736,74.125.24.0-255,2902,36018,7,214414
27363,0.000738,172.31.36.0-255,66,36084,7,214414
27364,0.000759,74.125.24.0-255,5738,41822,7,214414
27365,0.000764,172.31.36.0-255,66,41888,7,214414
27366,0.000774,74.125.24.0-255,1484,43372,7,214414
27367,0.000777,172.31.36.0-255,66,43438,7,214414
27368,0.000811,172.31.36.0-255,66,43504,7,214414
27369,0.000828,74.125.24.0-255,2902,46406,7,214414
27370,0.000836,172.31.36.0-255,66,46472,7,214414
27371,0.000844,74.125.24.0-255,6797,53269,7,214414
27372,0.000856,172.31.36.0-255,66,53335,7,214414
27373,0.000881,74.125.24.0-255,448,53783,7,214414
27374,0.000893,74.125.24.0-255,330,54113,7,214414
27375,0.001073,172.31.36.0-255,66,54179,7,214414
27376,0.001201,74.125.24.0-255,1484,55663,7,214414
27377,0.001211,74.125.24.0-255,2902,58565,7,214414
27378,0.001217,74.125.24.0-255,5738,64303,7,214414
27379,0.001243,74.125.24.0-255,5738,70041,7,214414
27380,0.001258,172.31.36.0-255,66,70107,7,214414
27381,0.001267,74.125.24.0-255,7156,77263,7,214414
27382,0.001272,74.125.24.0-255,2902,80165,7,214414
27383,0.001284,172.31.36.0-255,66,80231,7,214414
27384,0.001309,172.31.36.0-255,66,80297,7,214414
27385,0.00327,74.125.24.0-255,5738,86035,7,214414
27386,0.003277,172.31.36.0-255,66,86101,7,214414
27387,0.005243,74.125.24.0-255,5738,91839,7,214414
27388,0.005247,172.31.36.0-255,66,91905,7,214414
27389,0.007251,74.125.24.0-255,5738,97643,7,214414
27390,0.007257,172.31.36.0-255,66,97709,7,214414
27391,0.009257,74.125.24.0-255,5738,103447,7,214414
27392,0.009264,172.31.36.0-255,66,103513,7,214414
27393,0.011265,74.125.24.0-255,5738,109251,7,214414
27394,0.013279,172.31.36.0-255,66,109317,7,214414
27395,0.015265,74.125.24.0-255,5738,115055,7,214414
27396,0.015274,172.31.36.0-255,66,115121,7,214414
27397,0.017234,74.125.24.0-255,5738,120859,7,214414
27398,0.017241,172.31.36.0-255,66,120925,7,214414
27399,0.019219,74.125.24.0-255,5738,126663,7,214414
27400,0.019225,172.31.36.0-255,66,126729,7,214414
27401,0.019919,172.31.36.0-255,172,126901,7,214414
27402,0.019946,172.31.36.0-255,1114,128015,7,214414
27403,0.019989,172.31.36.0-255,1514,129529,7,214414
27404,0.019991,172.31.36.0-255,331,129860,7,214414
27405,0.021222,74.125.24.0-255,5738,135598,7,214414
27406,0.021227,172.31.36.0-255,66,135664,7,214414
27407,0.02144,104.244.42.0-255,66,135730,7,214414
27408,0.021477,104.244.42.0-255,66,135796,7,214414
27409,0.021527,104.244.42.0-255,66,135862,7,214414
27410,0.023185,74.125.24.0-255,4320,140182,7,214414
27411,0.023191,172.31.36.0-255,66,140248,7,214414
27412,0.023223,74.125.24.0-255,1484,141732,7,214414
27413,0.025184,74.125.24.0-255,4320,146052,7,214414
27414,0.025188,172.31.36.0-255,66,146118,7,214414
27415,0.027165,74.125.24.0-255,5738,151856,7,214414
27416,0.027219,172.31.36.0-255,66,151922,7,214414
27417,0.029173,74.125.24.0-255,5738,157660,7,214414
27418,0.029179,172.31.36.0-255,66,157726,7,214414
27419,0.031148,74.125.24.0-255,5738,163464,7,214414
27420,0.031153,172.31.36.0-255,66,163530,7,214414
27421,0.033111,74.125.24.0-255,5738,169268,7,214414
27422,0.033116,172.31.36.0-255,66,169334,7,214414
27423,0.035066,74.125.24.0-255,5738,175072,7,214414
27424,0.035073,172.31.36.0-255,66,175138,7,214414
27425,0.037027,74.125.24.0-255,5738,180876,7,214414
27426,0.037032,172.31.36.0-255,66,180942,7,214414
27427,0.03903,74.125.24.0-255,5738,186680,7,214414
27428,0.039035,172.31.36.0-255,66,186746,7,214414
27429,0.041046,74.125.24.0-255,5738,192484,7,214414
27430,0.041052,172.31.36.0-255,66,192550,7,214414
27431,0.043024,74.125.24.0-255,5738,198288,7,214414
27432,0.043029,172.31.36.0-255,66,198354,7,214414
27433,0.044999,74.125.24.0-255,5738,204092,7,214414
27434,0.045004,172.31.36.0-255,66,204158,7,214414
27435,0.04697,74.125.24.0-255,4320,208478,7,214414
27436,0.046975,172.31.36.0-255,66,208544,7,214414
27437,0.047004,74.125.24.0-255,1484,210028,7,214414
27438,0.048932,74.125.24.0-255,4320,214348,7,214414
27439,0.048936,172.31.36.0-255,66,214414,7,214414
27440,0.0,74.125.24.0-255,299,299,7,216497
27441,1.5e-05,172.31.36.0-255,66,365,7,216497
27442,2.1e-05,74.125.24.0-255,1484,1849,7,216497
27443,2.5e-05,172.31.36.0-255,66,1915,7,216497
27444,3.2e-05,74.125.24.0-255,4320,6235,7,216497
27445,4.6e-05,172.31.36.0-255,66,6301,7,216497
27446,5.7e-05,172.31.36.0-255,66,6367,7,216497
27447,6.8e-05,172.31.36.0-255,66,6433,7,216497
27448,9.6e-05,74.125.24.0-255,5379,11812,7,216497
27449,9.9e-05,172.31.36.0-255,66,11878,7,216497
27450,0.000162,74.125.24.0-255,1484,13362,7,216497
27451,0.000167,172.31.36.0-255,66,13428,7,216497
27452,0.000172,74.125.24.0-255,2902,16330,7,216497
27453,0.000174,172.31.36.0-255,66,16396,7,216497
27454,0.000179,74.125.24.0-255,4320,20716,7,216497
27455,0.000187,172.31.36.0-255,66,20782,7,216497
27456,0.000215,74.125.24.0-255,1484,22266,7,216497
27457,0.000218,172.31.36.0-255,66,22332,7,216497
27458,0.000223,74.125.24.0-255,4320,26652,7,216497
27459,0.000226,172.31.36.0-255,66,26718,7,216497
27460,0.000237,172.31.36.0-255,66,26784,7,216497
27461,0.000274,74.125.24.0-255,3961,30745,7,216497
27462,0.000277,172.31.36.0-255,66,30811,7,216497
27463,0.000285,74.125.24.0-255,7108,37919,7,216497
27464,0.000287,172.31.36.0-255,66,37985,7,216497
27465,0.000322,74.125.24.0-255,110,38095,7,216497
27466,0.000326,172.31.36.0-255,66,38161,7,216497
27467,0.000439,74.125.24.0-255,1484,39645,7,216497
27468,0.000444,172.31.36.0-255,66,39711,7,216497
27469,0.000449,74.125.24.0-255,2902,42613,7,216497
27470,0.000451,172.31.36.0-255,66,42679,7,216497
27471,0.000458,74.125.24.0-255,5738,48417,7,216497
27472,0.000462,172.31.36.0-255,66,48483,7,216497
27473,0.000494,74.125.24.0-255,4320,52803,7,216497
27474,0.000497,172.31.36.0-255,66,52869,7,216497
27475,0.00052,74.125.24.0-255,2811,55680,7,216497
27476,0.000524,172.31.36.0-255,66,55746,7,216497
27477,0.000527,74.125.24.0-255,7156,62902,7,216497
27478,0.00053,172.31.36.0-255,66,62968,7,216497
27479,0.000572,172.31.36.0-255,66,63034,7,216497
27480,0.000761,74.125.24.0-255,1484,64518,7,216497
27481,0.000768,74.125.24.0-255,2902,67420,7,216497
27482,0.000771,172.31.36.0-255,66,67486,7,216497
27483,0.000777,74.125.24.0-255,4320,71806,7,216497
27484,0.00078,172.31.36.0-255,66,71872,7,216497
27485,0.000808,74.125.24.0-255,1484,73356,7,216497
27486,0.00082,172.31.36.0-255,66,73422,7,216497
27487,0.00089,172.31.36.0-255,66,73488,7,216497
27488,0.000905,172.31.36.0-255,66,73554,7,216497
27489,0.000908,74.125.24.0-255,1484,75038,7,216497
27490,0.000948,172.31.36.0-255,66,75104,7,216497
27491,0.000966,74.125.24.0-255,4320,79424,7,216497
27492,0.000969,172.31.36.0-255,66,79490,7,216497
27493,0.000972,74.125.24.0-255,766,80256,7,216497
27494,0.000975,74.125.24.0-255,1484,81740,7,216497
27495,0.000977,172.31.36.0-255,66,81806,7,216497
27496,0.000983,74.125.24.0-255,4320,86126,7,216497
27497,0.000986,172.31.36.0-255,66,86192,7,216497
27498,0.001034,172.31.36.0-255,66,86258,7,216497
27499,0.001042,74.125.24.0-255,1484,87742,7,216497
27500,0.001048,172.31.36.0-255,66,87808,7,216497
27501,0.001075,172.31.36.0-255,66,87874,7,216497
27502,0.001099,74.125.24.0-255,4320,92194,7,216497
27503,0.001105,172.31.36.0-255,66,92260,7,216497
27504,0.00112,74.125.24.0-255,1484,93744,7,216497
27505,0.001128,74.125.24.0-255,7156,100900,7,216497
27506,0.001133,172.31.36.0-255,66,100966,7,216497
27507,0.001134,74.125.24.0-255,7156,108122,7,216497
27508,0.001146,172.31.36.0-255,66,108188,7,216497
27509,0.001164,74.125.24.0-255,7156,115344,7,216497
27510,0.001171,74.125.24.0-255,6438,121782,7,216497
27511,0.001171,172.31.36.0-255,66,121848,7,216497
27512,0.001178,172.31.36.0-255,66,121914,7,216497
27513,0.001281,74.125.24.0-255,1484,123398,7,216497
27514,0.001288,74.125.24.0-255,2902,126300,7,216497
27515,0.001299,172.31.36.0-255,66,126366,7,216497
27516,0.001317,74.125.24.0-255,5738,132104,7,216497
27517,0.001333,172.31.36.0-255,66,132170,7,216497
27518,0.001334,74.125.24.0-255,7156,139326,7,216497
27519,0.001337,172.31.36.0-255,66,139392,7,216497
27520,0.001359,74.125.24.0-255,5738,145130,7,216497
27521,0.001362,172.31.36.0-255,66,145196,7,216497
27522,0.001378,172.31.36.0-255,66,145262,7,216497
27523,0.00146,74.125.24.0-255,1484,146746,7,216497
27524,0.001464,74.125.24.0-255,1484,148230,7,216497
27525,0.001468,172.31.36.0-255,66,148296,7,216497
27526,0.001475,74.125.24.0-255,1484,149780,7,216497
27527,0.001478,74.125.24.0-255,1484,151264,7,216497
27528,0.001482,172.31.36.0-255,66,151330,7,216497
27529,0.001504,74.125.24.0-255,4320,155650,7,216497
27530,0.001508,172.31.36.0-255,66,155716,7,216497
27531,0.001534,172.31.36.0-255,66,155782,7,216497
27532,0.00156,74.125.24.0-255,4320,160102,7,216497
27533,0.001569,172.31.36.0-255,66,160168,7,216497
27534,0.001604,172.31.36.0-255,66,160234,7,216497
27535,0.001687,74.125.24.0-255,1484,161718,7,216497
27536,0.001691,74.125.24.0-255,1484,163202,7,216497
27537,0.001694,172.31.36.0-255,66,163268,7,216497
27538,0.001722,74.125.24.0-255,1484,164752,7,216497
27539,0.001725,74.125.24.0-255,1484,166236,7,216497
27540,0.001731,74.125.24.0-255,5738,171974,7,216497
27541,0.001731,172.31.36.0-255,66,172040,7,216497
27542,0.001736,172.31.36.0-255,66,172106,7,216497
27543,0.001743,74.125.24.0-255,1484,173590,7,216497
27544,0.001792,172.31.36.0-255,66,173656,7,216497
27545,0.001806,172.31.36.0-255,66,173722,7,216497
27546,0.001817,74.125.24.0-255,1484,175206,7,216497
27547,0.001827,74.125.24.0-255,2902,178108,7,216497
27548,0.001834,172.31.36.0-255,66,178174,7,216497
27549,0.001853,74.125.24.0-255,5738,183912,7,216497
27550,0.001857,74.125.24.0-255,2902,186814,7,216497
27551,0.001858,172.31.36.0-255,66,186880,7,216497
27552,0.001863,172.31.36.0-255,66,186946,7,216497
27553,0.001884,74.125.24.0-255,7156,194102,7,216497
27554,0.001892,172.31.36.0-255,66,194168,7,216497
27555,0.001914,74.125.24.0-255,7156,201324,7,216497
27556,0.001923,172.31.36.0-255,66,201390,7,216497
27557,0.001968,74.125.24.0-255,2902,204292,7,216497
27558,0.001968,172.31.36.0-255,66,204358,7,216497
27559,0.001972,172.31.36.0-255,66,204424,7,216497
27560,0.002033,74.125.24.0-255,2539,206963,7,216497
27561,0.002036,74.125.24.0-255,105,207068,7,216497
27562,0.002046,172.31.36.0-255,66,207134,7,216497
27563,0.004285,172.31.36.0-255,105,207239,7,216497
27564,0.006504,74.125.24.0-255,66,207305,7,216497
27565,0.031807,172.31.36.0-255,172,207477,7,216497
27566,0.031837,172.31.36.0-255,1113,208590,7,216497
27567,0.031884,172.31.36.0-255,1514,210104,7,216497
27568,0.031886,172.31.36.0-255,1514,211618,7,216497
27569,0.031887,172.31.36.0-255,1514,213132,7,216497
27570,0.031893,172.31.36.0-255,1514,214646,7,216497
27571,0.031894,172.31.36.0-255,1514,216160,7,216497
27572,0.031895,172.31.36.0-255,73,216233,7,216497
27573,0.033364,104.244.42.0-255,66,216299,7,216497
27574,0.033396,104.244.42.0-255,66,216365,7,216497
27575,0.033456,104.244.42.0-255,66,216431,7,216497
27576,0.033462,104.244.42.0-255,66,216497,7,216497
27577,0.0,74.125.24.0-255,153,153,7,243299
27578,3.3e-05,172.31.36.0-255,66,219,7,243299
27579,4.3e-05,74.125.24.0-255,1484,1703,7,243299
27580,4.7e-05,172.31.36.0-255,66,1769,7,243299
27581,6e-05,74.125.24.0-255,2902,4671,7,243299
27582,6.3e-05,172.31.36.0-255,66,4737,7,243299
27583,7.1e-05,74.125.24.0-255,7156,11893,7,243299
27584,7.3e-05,172.31.36.0-255,66,11959,7,243299
27585,7.7e-05,74.125.24.0-255,2041,14000,7,243299
27586,8.1e-05,172.31.36.0-255,66,14066,7,243299
27587,0.000159,74.125.24.0-255,1484,15550,7,243299
27588,0.000162,172.31.36.0-255,66,15616,7,243299
27589,0.000167,74.125.24.0-255,2902,18518,7,243299
27590,0.00017,172.31.36.0-255,66,18584,7,243299
27591,0.000206,74.125.24.0-255,5738,24322,7,243299
27592,0.000209,172.31.36.0-255,66,24388,7,243299
27593,0.000215,74.125.24.0-255,4320,28708,7,243299
27594,0.000217,172.31.36.0-255,66,28774,7,243299
27595,0.000245,74.125.24.0-255,2543,31317,7,243299
27596,0.000249,172.31.36.0-255,66,31383,7,243299
27597,0.000258,74.125.24.0-255,7156,38539,7,243299
27598,0.000261,172.31.36.0-255,66,38605,7,243299
27599,0.000268,74.125.24.0-255,7156,45761,7,243299
27600,0.00027,172.31.36.0-255,66,45827,7,243299
27601,0.000301,74.125.24.0-255,2543,48370,7,243299
27602,0.000303,172.31.36.0-255,66,48436,7,243299
27603,0.000413,74.125.24.0-255,1484,49920,7,243299
27604,0.000418,172.31.36.0-255,66,49986,7,243299
27605,0.000439,74.125.24.0-255,2902,52888,7,243299
27606,0.000442,172.31.36.0-255,66,52954,7,243299
27607,0.000449,74.125.24.0-255,5738,58692,7,243299
27608,0.000451,172.31.36.0-255,66,58758,7,243299
27609,0.00049,74.125.24.0-255,6797,65555,7,243299
27610,0.000494,172.31.36.0-255,66,65621,7,243299
27611,0.00068,74.125.24.0-255,1484,67105,7,243299
27612,0.000687,74.125.24.0-255,2902,70007,7,243299
27613,0.00069,172.31.36.0-255,66,70073,7,243299
27614,0.000694,74.125.24.0-255,1484,71557,7,243299
27615,0.000724,74.125.24.0-255,4320,75877,7,243299
27616,0.000727,172.31.36.0-255,66,75943,7,243299
27617,0.000735,74.125.24.0-255,7072,83015,7,243299
27618,0.000738,172.31.36.0-255,66,83081,7,243299
27619,0.000751,74.125.24.0-255,7156,90237,7,243299
27620,0.000757,172.31.36.0-255,66,90303,7,243299
27621,0.000785,172.31.36.0-255,66,90369,7,243299
27622,0.00081,74.125.24.0-255,1484,91853,7,243299
27623,0.000819,172.31.36.0-255,66,91919,7,243299
27624,0.000824,74.125.24.0-255,1935,93854,7,243299
27625,0.000827,172.31.36.0-255,66,93920,7,243299
27626,0.00103,74.125.24.0-255,1484,95404,7,243299
27627,0.001036,74.125.24.0-255,2902,98306,7,243299
27628,0.001039,172.31.36.0-255,66,98372,7,243299
27629,0.001045,74.125.24.0-255,4320,102692,7,243299
27630,0.001047,172.31.36.0-255,66,102758,7,243299
27631,0.001073,74.125.24.0-255,1484,104242,7,243299
27632,0.001079,74.125.24.0-255,4320,108562,7,243299
27633,0.001082,172.31.36.0-255,66,108628,7,243299
27634,0.001096,172.31.36.0-255,66,108694,7,243299
27635,0.001139,172.31.36.0-255,66,108760,7,243299
27636,0.002067,74.125.24.0-255,1484,110244,7,243299
27637,0.002078,74.125.24.0-255,2902,113146,7,243299
27638,0.002082,172.31.36.0-255,66,113212,7,243299
27639,0.002087,74.125.24.0-255,1484,114696,7,243299
27640,0.002119,74.125.24.0-255,4320,119016,7,243299
27641,0.002122,172.31.36.0-255,66,119082,7,243299
27642,0.002158,172.31.36.0-255,66,119148,7,243299
27643,0.002172,172.31.36.0-255,66,119214,7,243299
27644,0.004499,74.125.24.0-255,5738,124952,7,243299
27645,0.004509,172.31.36.0-255,66,125018,7,243299
27646,0.006864,74.125.24.0-255,5738,130756,7,243299
27647,0.00687,172.31.36.0-255,66,130822,7,243299
27648,0.009224,74.125.24.0-255,5738,136560,7,243299
27649,0.009233,172.31.36.0-255,66,136626,7,243299
27650,0.009444,172.31.36.0-255,101,136727,7,243299
27651,0.011566,74.125.24.0-255,5738,142465,7,243299
27652,0.011576,172.31.36.0-255,66,142531,7,243299
27653,0.011768,74.125.24.0-255,66,142597,7,243299
27654,0.013912,74.125.24.0-255,5738,148335,7,243299
27655,0.013924,172.31.36.0-255,66,148401,7,243299
27656,0.016278,74.125.24.0-255,5738,154139,7,243299
27657,0.016287,172.31.36.0-255,66,154205,7,243299
27658,0.018599,74.125.24.0-255,5738,159943,7,243299
27659,0.018606,172.31.36.0-255,66,160009,7,243299
27660,0.020946,74.125.24.0-255,5738,165747,7,243299
27661,0.020956,172.31.36.0-255,66,165813,7,243299
27662,0.023288,74.125.24.0-255,5738,171551,7,243299
27663,0.023294,172.31.36.0-255,66,171617,7,243299
27664,0.025621,74.125.24.0-255,5738,177355,7,243299
27665,0.025629,172.31.36.0-255,66,177421,7,243299
27666,0.027945,74.125.24.0-255,5738,183159,7,243299
27667,0.027952,172.31.36.0-255,66,183225,7,243299
27668,0.030281,74.125.24.0-255,5738,188963,7,243299
27669,0.030287,172.31.36.0-255,66,189029,7,243299
27670,0.032494,172.31.36.0-255,172,189201,7,243299
27671,0.032525,172.31.36.0-255,1113,190314,7,243299
27672,0.032574,172.31.36.0-255,1514,191828,7,243299
27673,0.032576,172.31.36.0-255,1514,193342,7,243299
27674,0.032581,172.31.36.0-255,1514,194856,7,243299
27675,0.032582,172.31.36.0-255,1514,196370,7,243299
27676,0.032601,172.31.36.0-255,1514,197884,7,243299
27677,0.032607,172.31.36.0-255,71,197955,7,243299
27678,0.032632,74.125.24.0-255,4320,202275,7,243299
27679,0.032637,172.31.36.0-255,66,202341,7,243299
27680,0.032674,74.125.24.0-255,1484,203825,7,243299
27681,0.034038,104.244.42.0-255,66,203891,7,243299
27682,0.034086,104.244.42.0-255,66,203957,7,243299
27683,0.034131,104.244.42.0-255,66,204023,7,243299
27684,0.034194,104.244.42.0-255,66,204089,7,243299
27685,0.034954,74.125.24.0-255,4320,208409,7,243299
27686,0.03496,172.31.36.0-255,66,208475,7,243299
27687,0.037279,74.125.24.0-255,5738,214213,7,243299
27688,0.037289,172.31.36.0-255,66,214279,7,243299
27689,0.039615,74.125.24.0-255,5738,220017,7,243299
27690,0.039623,172.31.36.0-255,66,220083,7,243299
27691,0.041956,74.125.24.0-255,5738,225821,7,243299
27692,0.041963,172.31.36.0-255,66,225887,7,243299
27693,0.044288,74.125.24.0-255,5738,231625,7,243299
27694,0.044296,172.31.36.0-255,66,231691,7,243299
27695,0.046672,74.125.24.0-255,5738,237429,7,243299
27696,0.046685,172.31.36.0-255,66,237495,7,243299
27697,0.048998,74.125.24.0-255,5738,243233,7,243299
27698,0.049004,172.31.36.0-255,66,243299,7,243299
27699,0.0,74.125.24.0-255,146,146,7,294849
27700,1.6e-05,172.31.36.0-255,66,212,7,294849
27701,2.4e-05,74.125.24.0-255,1484,1696,7,294849
27702,2.8e-05,172.31.36.0-255,66,1762,7,294849
27703,3.4e-05,74.125.24.0-255,2902,4664,7,294849
27704,4.6e-05,172.31.36.0-255,66,4730,7,294849
27705,5.4e-05,74.125.24.0-255,7156,11886,7,294849
27706,5.7e-05,172.31.36.0-255,66,11952,7,294849
27707,6.1e-05,74.125.24.0-255,2041,13993,7,294849
27708,6.4e-05,172.31.36.0-255,66,14059,7,294849
27709,0.000108,74.125.24.0-255,2902,16961,7,294849
27710,0.000111,172.31.36.0-255,66,17027,7,294849
27711,0.000115,74.125.24.0-255,1484,18511,7,294849
27712,0.000117,172.31.36.0-255,66,18577,7,294849
27713,0.000146,74.125.24.0-255,5738,24315,7,294849
27714,0.000149,172.31.36.0-255,66,24381,7,294849
27715,0.000167,74.125.24.0-255,2902,27283,7,294849
27716,0.00017,172.31.36.0-255,66,27349,7,294849
27717,0.000203,74.125.24.0-255,3961,31310,7,294849
27718,0.000206,172.31.36.0-255,66,31376,7,294849
27719,0.000214,74.125.24.0-255,7156,38532,7,294849
27720,0.000222,172.31.36.0-255,66,38598,7,294849
27721,0.00023,74.125.24.0-255,7156,45754,7,294849
27722,0.000232,172.31.36.0-255,66,45820,7,294849
27723,0.000261,74.125.24.0-255,2543,48363,7,294849
27724,0.000268,172.31.36.0-255,66,48429,7,294849
27725,0.000292,74.125.24.0-255,1484,49913,7,294849
27726,0.000294,172.31.36.0-255,66,49979,7,294849
27727,0.000299,74.125.24.0-255,2902,52881,7,294849
27728,0.000301,172.31.36.0-255,66,52947,7,294849
27729,0.000335,74.125.24.0-255,5738,58685,7,294849
27730,0.000337,172.31.36.0-255,66,58751,7,294849
27731,0.000341,74.125.24.0-255,1484,60235,7,294849
27732,0.000371,74.125.24.0-255,5962,66197,7,294849
27733,0.000374,172.31.36.0-255,66,66263,7,294849
27734,0.000533,74.125.24.0-255,1484,67747,7,294849
27735,0.000538,74.125.24.0-255,1484,69231,7,294849
27736,0.000542,172.31.36.0-255,66,69297,7,294849
27737,0.000561,74.125.24.0-255,1484,70781,7,294849
27738,0.000569,74.125.24.0-255,5738,76519,7,294849
27739,0.000571,172.31.36.0-255,66,76585,7,294849
27740,0.000601,74.125.24.0-255,5738,82323,7,294849
27741,0.000604,172.31.36.0-255,66,82389,7,294849
27742,0.000637,172.31.36.0-255,66,82455,7,294849
27743,0.000671,172.31.36.0-255,66,82521,7,294849
27744,0.00126,74.125.24.0-255,1484,84005,7,294849
27745,0.001267,74.125.24.0-255,2902,86907,7,294849
27746,0.00127,172.31.36.0-255,66,86973,7,294849
27747,0.001276,74.125.24.0-255,5738,92711,7,294849
27748,0.001278,172.31.36.0-255,66,92777,7,294849
27749,0.001319,172.31.36.0-255,66,92843,7,294849
27750,0.001329,172.31.36.0-255,66,92909,7,294849
27751,0.001354,74.125.24.0-255,2184,95093,7,294849
27752,0.001356,172.31.36.0-255,66,95159,7,294849
27753,0.001422,74.125.24.0-255,1484,96643,7,294849
27754,0.001445,74.125.24.0-255,2902,99545,7,294849
27755,0.001448,172.31.36.0-255,66,99611,7,294849
27756,0.001454,74.125.24.0-255,5738,105349,7,294849
27757,0.001456,172.31.36.0-255,66,105415,7,294849
27758,0.001464,74.125.24.0-255,2902,108317,7,294849
27759,0.001466,172.31.36.0-255,66,108383,7,294849
27760,0.001469,74.125.24.0-255,1484,109867,7,294849
27761,0.001505,172.31.36.0-255,66,109933,7,294849
27762,0.001512,74.125.24.0-255,7156,117089,7,294849
27763,0.001514,172.31.36.0-255,66,117155,7,294849
27764,0.001538,74.125.24.0-255,3602,120757,7,294849
27765,0.00154,172.31.36.0-255,66,120823,7,294849
27766,0.001749,74.125.24.0-255,1484,122307,7,294849
27767,0.001766,74.125.24.0-255,2902,125209,7,294849
27768,0.001769,172.31.36.0-255,66,125275,7,294849
27769,0.001776,74.125.24.0-255,5738,131013,7,294849
27770,0.001779,172.31.36.0-255,66,131079,7,294849
27771,0.001809,172.31.36.0-255,66,131145,7,294849
27772,0.001835,74.125.24.0-255,4320,135465,7,294849
27773,0.001838,172.31.36.0-255,66,135531,7,294849
27774,0.001846,74.125.24.0-255,7156,142687,7,294849
27775,0.001848,172.31.36.0-255,66,142753,7,294849
27776,0.001878,74.125.24.0-255,3602,146355,7,294849
27777,0.001882,172.31.36.0-255,66,146421,7,294849
27778,0.002415,74.125.24.0-255,1484,147905,7,294849
27779,0.00242,74.125.24.0-255,1484,149389,7,294849
27780,0.002423,172.31.36.0-255,66,149455,7,294849
27781,0.002456,74.125.24.0-255,1484,150939,7,294849
27782,0.002463,74.125.24.0-255,5738,156677,7,294849
27783,0.002466,172.31.36.0-255,66,156743,7,294849
27784,0.002474,74.125.24.0-255,7156,163899,7,294849
27785,0.002477,172.31.36.0-255,66,163965,7,294849
27786,0.002509,74.125.24.0-255,5738,169703,7,294849
27787,0.002512,172.31.36.0-255,66,169769,7,294849
27788,0.002519,74.125.24.0-255,7156,176925,7,294849
27789,0.002521,172.31.36.0-255,66,176991,7,294849
27790,0.002531,74.125.24.0-255,3602,180593,7,294849
27791,0.002533,172.31.36.0-255,66,180659,7,294849
27792,0.005125,74.125.24.0-255,5738,186397,7,294849
27793,0.005132,172.31.36.0-255,66,186463,7,294849
27794,0.007746,74.125.24.0-255,5738,192201,7,294849
27795,0.00775,172.31.36.0-255,66,192267,7,294849
27796,0.010366,74.125.24.0-255,5738,198005,7,294849
27797,0.010373,172.31.36.0-255,66,198071,7,294849
27798,0.01298,74.125.24.0-255,5738,203809,7,294849
27799,0.012989,172.31.36.0-255,66,203875,7,294849
27800,0.015598,74.125.24.0-255,5738,209613,7,294849
27801,0.015606,172.31.36.0-255,66,209679,7,294849
27802,0.018215,74.125.24.0-255,5738,215417,7,294849
27803,0.018225,172.31.36.0-255,66,215483,7,294849
27804,0.020829,74.125.24.0-255,2902,218385,7,294849
27805,0.020836,172.31.36.0-255,66,218451,7,294849
27806,0.020868,74.125.24.0-255,2902,221353,7,294849
27807,0.020871,172.31.36.0-255,66,221419,7,294849
27808,0.023439,74.125.24.0-255,2902,224321,7,294849
27809,0.023447,172.31.36.0-255,66,224387,7,294849
27810,0.02348,74.125.24.0-255,2902,227289,7,294849
27811,0.023483,172.31.36.0-255,66,227355,7,294849
27812,0.026077,74.125.24.0-255,2902,230257,7,294849
27813,0.026084,172.31.36.0-255,66,230323,7,294849
27814,0.026116,74.125.24.0-255,2902,233225,7,294849
27815,0.026119,172.31.36.0-255,66,233291,7,294849
27816,0.028713,74.125.24.0-255,2902,236193,7,294849
27817,0.028721,172.31.36.0-255,66,236259,7,294849
27818,0.028757,74.125.24.0-255,2902,239161,7,294849
27819,0.028759,172.31.36.0-255,66,239227,7,294849
27820,0.031356,74.125.24.0-255,5738,244965,7,294849
27821,0.031364,172.31.36.0-255,66,245031,7,294849
27822,0.033978,74.125.24.0-255,5738,250769,7,294849
27823,0.033985,172.31.36.0-255,66,250835,7,294849
27824,0.036595,74.125.24.0-255,5738,256573,7,294849
27825,0.036602,172.31.36.0-255,66,256639,7,294849
27826,0.037619,172.31.36.0-255,172,256811,7,294849
27827,0.037651,172.31.36.0-255,1113,257924,7,294849
27828,0.037716,172.31.36.0-255,1514,259438,7,294849
27829,0.037718,172.31.36.0-255,1514,260952,7,294849
27830,0.03772,172.31.36.0-255,1514,262466,7,294849
27831,0.037725,172.31.36.0-255,1514,263980,7,294849
27832,0.037726,172.31.36.0-255,1514,265494,7,294849
27833,0.037727,172.31.36.0-255,71,265565,7,294849
27834,0.039146,104.244.42.0-255,66,265631,7,294849
27835,0.039176,74.125.24.0-255,5738,271369,7,294849
27836,0.039182,172.31.36.0-255,66,271435,7,294849
27837,0.0392,104.244.42.0-255,66,271501,7,294849
27838,0.039289,104.244.42.0-255,66,271567,7,294849
27839,0.039294,104.244.42.0-255,66,271633,7,294849
27840,0.041775,74.125.24.0-255,5738,277371,7,294849
27841,0.041784,172.31.36.0-255,66,277437,7,294849
27842,0.044399,74.125.24.0-255,5738,283175,7,294849
27843,0.044406,172.31.36.0-255,66,283241,7,294849
27844,0.047038,74.125.24.0-255,5738,288979,7,294849
27845,0.047045,172.31.36.0-255,66,289045,7,294849
27846,0.04963,74.125.24.0-255,5738,294783,7,294849
27847,0.049636,172.31.36.0-255,66,294849,7,294849
27848,0.0,74.125.24.0-255,149,149,7,205551
27849,3.4e-05,172.31.36.0-255,66,215,7,205551
27850,4.1e-05,74.125.24.0-255,1484,1699,7,205551
27851,4.5e-05,172.31.36.0-255,66,1765,7,205551
27852,5e-05,74.125.24.0-255,2902,4667,7,205551
27853,5.2e-05,172.31.36.0-255,66,4733,7,205551
27854,6.7e-05,74.125.24.0-255,7156,11889,7,205551
27855,7e-05,172.31.36.0-255,66,11955,7,205551
27856,7.4e-05,74.125.24.0-255,2053,14008,7,205551
27857,7.6e-05,172.31.36.0-255,66,14074,7,205551
27858,0.000176,74.125.24.0-255,1484,15558,7,205551
27859,0.00018,172.31.36.0-255,66,15624,7,205551
27860,0.000185,74.125.24.0-255,2902,18526,7,205551
27861,0.000188,172.31.36.0-255,66,18592,7,205551
27862,0.000201,74.125.24.0-255,5738,24330,7,205551
27863,0.000203,172.31.36.0-255,66,24396,7,205551
27864,0.000232,74.125.24.0-255,6797,31193,7,205551
27865,0.00024,172.31.36.0-255,66,31259,7,205551
27866,0.000343,74.125.24.0-255,1484,32743,7,205551
27867,0.000348,172.31.36.0-255,66,32809,7,205551
27868,0.000384,74.125.24.0-255,2902,35711,7,205551
27869,0.000387,172.31.36.0-255,66,35777,7,205551
27870,0.000393,74.125.24.0-255,5738,41515,7,205551
27871,0.000396,172.31.36.0-255,66,41581,7,205551
27872,0.000407,74.125.24.0-255,4320,45901,7,205551
27873,0.00041,172.31.36.0-255,66,45967,7,205551
27874,0.000417,74.125.24.0-255,7156,53123,7,205551
27875,0.000419,172.31.36.0-255,66,53189,7,205551
27876,0.000461,172.31.36.0-255,66,53255,7,205551
27877,0.000466,74.125.24.0-255,2822,56077,7,205551
27878,0.000468,172.31.36.0-255,66,56143,7,205551
27879,0.000522,74.125.24.0-255,125,56268,7,205551
27880,0.000774,74.125.24.0-255,1484,57752,7,205551
27881,0.00078,172.31.36.0-255,66,57818,7,205551
27882,0.000811,74.125.24.0-255,2902,60720,7,205551
27883,0.000818,74.125.24.0-255,5738,66458,7,205551
27884,0.000834,74.125.24.0-255,2902,69360,7,205551
27885,0.000844,172.31.36.0-255,66,69426,7,205551
27886,0.000863,74.125.24.0-255,349,69775,7,205551
27887,0.000864,172.31.36.0-255,66,69841,7,205551
27888,0.001127,172.31.36.0-255,66,69907,7,205551
27889,0.001178,74.125.24.0-255,1484,71391,7,205551
27890,0.001184,74.125.24.0-255,2902,74293,7,205551
27891,0.00119,172.31.36.0-255,66,74359,7,205551
27892,0.001203,74.125.24.0-255,5738,80097,7,205551
27893,0.001212,172.31.36.0-255,66,80163,7,205551
27894,0.001259,172.31.36.0-255,66,80229,7,205551
27895,0.001275,172.31.36.0-255,66,80295,7,205551
27896,0.001312,74.125.24.0-255,1484,81779,7,205551
27897,0.001317,74.125.24.0-255,2902,84681,7,205551
27898,0.001321,172.31.36.0-255,66,84747,7,205551
27899,0.001328,74.125.24.0-255,1484,86231,7,205551
27900,0.001357,74.125.24.0-255,4320,90551,7,205551
27901,0.001363,74.125.24.0-255,4320,94871,7,205551
27902,0.001365,74.125.24.0-255,1484,96355,7,205551
27903,0.001367,172.31.36.0-255,66,96421,7,205551
27904,0.001408,172.31.36.0-255,66,96487,7,205551
27905,0.001426,172.31.36.0-255,66,96553,7,205551
27906,0.001477,74.125.24.0-255,1484,98037,7,205551
27907,0.001482,74.125.24.0-255,2902,100939,7,205551
27908,0.00149,172.31.36.0-255,66,101005,7,205551
27909,0.001495,74.125.24.0-255,4320,105325,7,205551
27910,0.001508,172.31.36.0-255,66,105391,7,205551
27911,0.001516,74.125.24.0-255,1484,106875,7,205551
27912,0.001537,172.31.36.0-255,66,106941,7,205551
27913,0.001545,74.125.24.0-255,1484,108425,7,205551
27914,0.001582,172.31.36.0-255,66,108491,7,205551
27915,0.001609,74.125.24.0-255,1484,109975,7,205551
27916,0.001615,74.125.24.0-255,2902,112877,7,205551
27917,0.001618,172.31.36.0-255,66,112943,7,205551
27918,0.001624,74.125.24.0-255,5738,118681,7,205551
27919,0.001635,172.31.36.0-255,66,118747,7,205551
27920,0.001646,74.125.24.0-255,4320,123067,7,205551
27921,0.00165,172.31.36.0-255,66,123133,7,205551
27922,0.0017,74.125.24.0-255,7156,130289,7,205551
27923,0.0017,172.31.36.0-255,66,130355,7,205551
27924,0.001706,172.31.36.0-255,66,130421,7,205551
27925,0.001723,172.31.36.0-255,66,130487,7,205551
27926,0.00175,172.31.36.0-255,66,130553,7,205551
27927,0.001765,172.31.36.0-255,66,130619,7,205551
27928,0.001855,172.31.36.0-255,66,130685,7,205551
27929,0.00186,172.31.36.0-255,66,130751,7,205551
27930,0.001865,74.125.24.0-255,1484,132235,7,205551
27931,0.001901,172.31.36.0-255,66,132301,7,205551
27932,0.001913,74.125.24.0-255,4320,136621,7,205551
27933,0.001918,172.31.36.0-255,66,136687,7,205551
27934,0.001954,172.31.36.0-255,66,136753,7,205551
27935,0.001986,74.125.24.0-255,1484,138237,7,205551
27936,0.00199,74.125.24.0-255,2902,141139,7,205551
27937,0.001993,74.125.24.0-255,1484,142623,7,205551
27938,0.002009,172.31.36.0-255,66,142689,7,205551
27939,0.002009,74.125.24.0-255,4320,147009,7,205551
27940,0.002013,74.125.24.0-255,2902,149911,7,205551
27941,0.002015,172.31.36.0-255,66,149977,7,205551
27942,0.00203,172.31.36.0-255,66,150043,7,205551
27943,0.002038,74.125.24.0-255,1484,151527,7,205551
27944,0.002056,74.125.24.0-255,1484,153011,7,205551
27945,0.002058,172.31.36.0-255,66,153077,7,205551
27946,0.004055,74.125.24.0-255,4320,157397,7,205551
27947,0.004062,172.31.36.0-255,66,157463,7,205551
27948,0.006062,74.125.24.0-255,5738,163201,7,205551
27949,0.009747,172.31.36.0-255,66,163267,7,205551
27950,0.01177,74.125.24.0-255,5738,169005,7,205551
27951,0.011777,172.31.36.0-255,66,169071,7,205551
27952,0.013769,74.125.24.0-255,5738,174809,7,205551
27953,0.01389,172.31.36.0-255,66,174875,7,205551
27954,0.015882,74.125.24.0-255,5738,180613,7,205551
27955,0.015892,172.31.36.0-255,66,180679,7,205551
27956,0.017891,74.125.24.0-255,5738,186417,7,205551
27957,0.017899,172.31.36.0-255,66,186483,7,205551
27958,0.019884,74.125.24.0-255,5738,192221,7,205551
27959,0.01989,172.31.36.0-255,66,192287,7,205551
27960,0.021898,74.125.24.0-255,5738,198025,7,205551
27961,0.021906,172.31.36.0-255,66,198091,7,205551
27962,0.023898,74.125.24.0-255,2931,201022,7,205551
27963,0.023905,172.31.36.0-255,66,201088,7,205551
27964,0.024091,172.31.36.0-255,105,201193,7,205551
27965,0.026066,74.125.24.0-255,66,201259,7,205551
27966,0.030781,172.31.36.0-255,172,201431,7,205551
27967,0.030821,172.31.36.0-255,1115,202546,7,205551
27968,0.031073,172.31.36.0-255,1514,204060,7,205551
27969,0.031075,172.31.36.0-255,1293,205353,7,205551
27970,0.032288,104.244.42.0-255,66,205419,7,205551
27971,0.032354,104.244.42.0-255,66,205485,7,205551
27972,0.032599,104.244.42.0-255,66,205551,7,205551
27973,0.0,74.125.68.0-255,152,152,7,319267
27974,2e-05,172.31.36.0-255,66,218,7,319267
27975,2.6e-05,74.125.68.0-255,1484,1702,7,319267
27976,3e-05,172.31.36.0-255,66,1768,7,319267
27977,4.8e-05,74.125.68.0-255,2902,4670,7,319267
27978,5.1e-05,172.31.36.0-255,66,4736,7,319267
27979,5.6e-05,74.125.68.0-255,2902,7638,7,319267
27980,5.8e-05,172.31.36.0-255,66,7704,7,319267
27981,7.7e-05,74.125.68.0-255,2902,10606,7,319267
27982,7.9e-05,172.31.36.0-255,66,10672,7,319267
27983,8.5e-05,74.125.68.0-255,3523,14195,7,319267
27984,8.8e-05,172.31.36.0-255,66,14261,7,319267
27985,9.1e-05,74.125.68.0-255,1484,15745,7,319267
27986,9.3e-05,172.31.36.0-255,66,15811,7,319267
27987,0.00012,74.125.68.0-255,2902,18713,7,319267
27988,0.000123,172.31.36.0-255,66,18779,7,319267
27989,0.000135,172.31.36.0-255,66,18845,7,319267
27990,0.00014,74.125.68.0-255,2543,21388,7,319267
27991,0.000142,172.31.36.0-255,66,21454,7,319267
27992,0.000204,74.125.68.0-255,1484,22938,7,319267
27993,0.000208,172.31.36.0-255,66,23004,7,319267
27994,0.000225,74.125.68.0-255,2902,25906,7,319267
27995,0.000228,172.31.36.0-255,66,25972,7,319267
27996,0.000231,74.125.68.0-255,1484,27456,7,319267
27997,0.000233,172.31.36.0-255,66,27522,7,319267
27998,0.000262,74.125.68.0-255,4320,31842,7,319267
27999,0.000266,172.31.36.0-255,66,31908,7,319267
28000,0.000279,74.125.68.0-255,1484,33392,7,319267
28001,0.000281,172.31.36.0-255,66,33458,7,319267
28002,0.000286,74.125.68.0-255,4320,37778,7,319267
28003,0.000288,172.31.36.0-255,66,37844,7,319267
28004,0.000317,74.125.68.0-255,4320,42164,7,319267
28005,0.00032,172.31.36.0-255,66,42230,7,319267
28006,0.000342,74.125.68.0-255,1484,43714,7,319267
28007,0.000347,74.125.68.0-255,1484,45198,7,319267
28008,0.000349,172.31.36.0-255,66,45264,7,319267
28009,0.000354,74.125.68.0-255,2902,48166,7,319267
28010,0.000356,172.31.36.0-255,66,48232,7,319267
28011,0.000362,74.125.68.0-255,5738,53970,7,319267
28012,0.000364,172.31.36.0-255,66,54036,7,319267
28013,0.000387,74.125.68.0-255,2184,56220,7,319267
28014,0.00039,172.31.36.0-255,66,56286,7,319267
28015,0.000429,74.125.68.0-255,356,56642,7,319267
28016,0.000432,74.125.68.0-255,388,57030,7,319267
28017,0.000532,74.125.68.0-255,1484,58514,7,319267
28018,0.000537,172.31.36.0-255,66,58580,7,319267
28019,0.000542,74.125.68.0-255,2902,61482,7,319267
28020,0.000544,172.31.36.0-255,66,61548,7,319267
28021,0.000564,74.125.68.0-255,5738,67286,7,319267
28022,0.000567,172.31.36.0-255,66,67352,7,319267
28023,0.000585,74.125.68.0-255,5738,73090,7,319267
28024,0.000588,172.31.36.0-255,66,73156,7,319267
28025,0.000616,74.125.68.0-255,4320,77476,7,319267
28026,0.000619,172.31.36.0-255,66,77542,7,319267
28027,0.000632,172.31.36.0-255,66,77608,7,319267
28028,0.000637,74.125.68.0-255,2184,79792,7,319267
28029,0.000639,172.31.36.0-255,66,79858,7,319267
28030,0.000643,74.125.68.0-255,2902,82760,7,319267
28031,0.000646,172.31.36.0-255,66,82826,7,319267
28032,0.00068,74.125.68.0-255,7156,89982,7,319267
28033,0.000684,172.31.36.0-255,66,90048,7,319267
28034,0.000692,74.125.68.0-255,6247,96295,7,319267
28035,0.000694,172.31.36.0-255,66,96361,7,319267
28036,0.000855,74.125.68.0-255,1484,97845,7,319267
28037,0.000861,74.125.68.0-255,2902,100747,7,319267
28038,0.000864,172.31.36.0-255,66,100813,7,319267
28039,0.00088,74.125.68.0-255,5738,106551,7,319267
28040,0.000883,172.31.36.0-255,66,106617,7,319267
28041,0.000887,74.125.68.0-255,2902,109519,7,319267
28042,0.000889,172.31.36.0-255,66,109585,7,319267
28043,0.000894,74.125.68.0-255,2902,112487,7,319267
28044,0.000896,172.31.36.0-255,66,112553,7,319267
28045,0.000914,74.125.68.0-255,1484,114037,7,319267
28046,0.000922,74.125.68.0-255,7156,121193,7,319267
28047,0.000925,172.31.36.0-255,66,121259,7,319267
28048,0.000938,74.125.68.0-255,1484,122743,7,319267
28049,0.000942,74.125.68.0-255,2902,125645,7,319267
28050,0.000944,172.31.36.0-255,66,125711,7,319267
28051,0.000967,74.125.68.0-255,2902,128613,7,319267
28052,0.00097,172.31.36.0-255,66,128679,7,319267
28053,0.000988,74.125.68.0-255,2184,130863,7,319267
28054,0.000991,172.31.36.0-255,66,130929,7,319267
28055,0.001129,74.125.68.0-255,1484,132413,7,319267
28056,0.001133,74.125.68.0-255,1484,133897,7,319267
28057,0.001141,172.31.36.0-255,66,133963,7,319267
28058,0.001151,74.125.68.0-255,2902,136865,7,319267
28059,0.001155,172.31.36.0-255,66,136931,7,319267
28060,0.001191,74.125.68.0-255,2902,139833,7,319267
28061,0.001194,172.31.36.0-255,66,139899,7,319267
28062,0.001211,74.125.68.0-255,4320,144219,7,319267
28063,0.001214,172.31.36.0-255,66,144285,7,319267
28064,0.001253,172.31.36.0-255,66,144351,7,319267
28065,0.001255,74.125.68.0-255,1484,145835,7,319267
28066,0.001274,74.125.68.0-255,2902,148737,7,319267
28067,0.001276,172.31.36.0-255,66,148803,7,319267
28068,0.001281,74.125.68.0-255,4320,153123,7,319267
28069,0.001284,172.31.36.0-255,66,153189,7,319267
28070,0.001295,74.125.68.0-255,1484,154673,7,319267
28071,0.001299,74.125.68.0-255,2184,156857,7,319267
28072,0.001302,172.31.36.0-255,66,156923,7,319267
28073,0.00157,74.125.68.0-255,1484,158407,7,319267
28074,0.001575,74.125.68.0-255,1484,159891,7,319267
28075,0.001578,172.31.36.0-255,66,159957,7,319267
28076,0.001601,74.125.68.0-255,1484,161441,7,319267
28077,0.001607,74.125.68.0-255,5738,167179,7,319267
28078,0.00161,172.31.36.0-255,66,167245,7,319267
28079,0.001616,74.125.68.0-255,4320,171565,7,319267
28080,0.001617,172.31.36.0-255,66,171631,7,319267
28081,0.001631,74.125.68.0-255,2902,174533,7,319267
28082,0.001633,172.31.36.0-255,66,174599,7,319267
28083,0.001669,172.31.36.0-255,66,174665,7,319267
28084,0.001689,74.125.68.0-255,5738,180403,7,319267
28085,0.001691,172.31.36.0-255,66,180469,7,319267
28086,0.001706,74.125.68.0-255,2184,182653,7,319267
28087,0.001708,172.31.36.0-255,66,182719,7,319267
28088,0.001809,74.125.68.0-255,1484,184203,7,319267
28089,0.00183,74.125.68.0-255,2902,187105,7,319267
28090,0.001833,172.31.36.0-255,66,187171,7,319267
28091,0.00189,74.125.68.0-255,5738,192909,7,319267
28092,0.001893,172.31.36.0-255,66,192975,7,319267
28093,0.001901,74.125.68.0-255,7156,200131,7,319267
28094,0.001904,172.31.36.0-255,66,200197,7,319267
28095,0.001908,74.125.68.0-255,2902,203099,7,319267
28096,0.00191,172.31.36.0-255,66,203165,7,319267
28097,0.001952,74.125.68.0-255,1484,204649,7,319267
28098,0.001956,172.31.36.0-255,66,204715,7,319267
28099,0.001992,172.31.36.0-255,66,204781,7,319267
28100,0.001997,74.125.68.0-255,2902,207683,7,319267
28101,0.001999,172.31.36.0-255,66,207749,7,319267
28102,0.002025,172.31.36.0-255,66,207815,7,319267
28103,0.002031,74.125.68.0-255,5020,212835,7,319267
28104,0.002034,172.31.36.0-255,66,212901,7,319267
28105,0.002072,74.125.68.0-255,5738,218639,7,319267
28106,0.002075,172.31.36.0-255,66,218705,7,319267
28107,0.002091,74.125.68.0-255,7156,225861,7,319267
28108,0.002094,172.31.36.0-255,66,225927,7,319267
28109,0.002098,74.125.68.0-255,2902,228829,7,319267
28110,0.0021,172.31.36.0-255,66,228895,7,319267
28111,0.00213,172.31.36.0-255,66,228961,7,319267
28112,0.002136,74.125.68.0-255,5738,234699,7,319267
28113,0.002138,172.31.36.0-255,66,234765,7,319267
28114,0.002177,172.31.36.0-255,66,234831,7,319267
28115,0.002201,74.125.68.0-255,3602,238433,7,319267
28116,0.002204,172.31.36.0-255,66,238499,7,319267
28117,0.002216,172.31.36.0-255,66,238565,7,319267
28118,0.002238,74.125.68.0-255,2902,241467,7,319267
28119,0.002241,172.31.36.0-255,66,241533,7,319267
28120,0.002249,74.125.68.0-255,7156,248689,7,319267
28121,0.002252,172.31.36.0-255,66,248755,7,319267
28122,0.002256,74.125.68.0-255,2184,250939,7,319267
28123,0.002258,172.31.36.0-255,66,251005,7,319267
28124,0.004465,74.125.68.0-255,4320,255325,7,319267
28125,0.004471,172.31.36.0-255,66,255391,7,319267
28126,0.00449,74.125.68.0-255,1484,256875,7,319267
28127,0.006683,74.125.68.0-255,4320,261195,7,319267
28128,0.006689,172.31.36.0-255,66,261261,7,319267
28129,0.008911,74.125.68.0-255,4320,265581,7,319267
28130,0.008914,172.31.36.0-255,66,265647,7,319267
28131,0.008931,74.125.68.0-255,1484,267131,7,319267
28132,0.011141,74.125.68.0-255,4320,271451,7,319267
28133,0.011149,172.31.36.0-255,66,271517,7,319267
28134,0.013373,74.125.68.0-255,5738,277255,7,319267
28135,0.013382,172.31.36.0-255,66,277321,7,319267
28136,0.015609,74.125.68.0-255,5738,283059,7,319267
28137,0.015618,172.31.36.0-255,66,283125,7,319267
28138,0.01784,74.125.68.0-255,5738,288863,7,319267
28139,0.017849,172.31.36.0-255,66,288929,7,319267
28140,0.020067,74.125.68.0-255,5738,294667,7,319267
28141,0.020076,172.31.36.0-255,66,294733,7,319267
28142,0.022294,74.125.68.0-255,5738,300471,7,319267
28143,0.022303,172.31.36.0-255,66,300537,7,319267
28144,0.024553,74.125.68.0-255,5738,306275,7,319267
28145,0.024559,172.31.36.0-255,66,306341,7,319267
28146,0.026784,74.125.68.0-255,5738,312079,7,319267
28147,0.026794,172.31.36.0-255,66,312145,7,319267
28148,0.028722,172.31.36.0-255,172,312317,7,319267
28149,0.028761,172.31.36.0-255,1114,313431,7,319267
28150,0.028841,172.31.36.0-255,1514,314945,7,319267
28151,0.028843,172.31.36.0-255,1294,316239,7,319267
28152,0.029022,74.125.68.0-255,2593,318832,7,319267
28153,0.02903,172.31.36.0-255,66,318898,7,319267
28154,0.029192,172.31.36.0-255,105,319003,7,319267
28155,0.030214,104.244.42.0-255,66,319069,7,319267
28156,0.030255,104.244.42.0-255,66,319135,7,319267
28157,0.030339,104.244.42.0-255,66,319201,7,319267
28158,0.031375,74.125.68.0-255,66,319267,7,319267
28159,0.0,172.217.194.0-255,153,153,7,307996
28160,2.6e-05,172.31.36.0-255,66,219,7,307996
28161,3.3e-05,172.217.194.0-255,1484,1703,7,307996
28162,3.7e-05,172.31.36.0-255,66,1769,7,307996
28163,4.2e-05,172.217.194.0-255,2902,4671,7,307996
28164,4.5e-05,172.31.36.0-255,66,4737,7,307996
28165,4.8e-05,172.217.194.0-255,1484,6221,7,307996
28166,5e-05,172.31.36.0-255,66,6287,7,307996
28167,7.1e-05,172.217.194.0-255,4320,10607,7,307996
28168,7.3e-05,172.31.36.0-255,66,10673,7,307996
28169,9e-05,172.217.194.0-255,5738,16411,7,307996
28170,9.2e-05,172.31.36.0-255,66,16477,7,307996
28171,0.000128,172.31.36.0-255,66,16543,7,307996
28172,0.000135,172.217.194.0-255,6797,23340,7,307996
28173,0.000137,172.31.36.0-255,66,23406,7,307996
28174,0.000154,172.217.194.0-255,1484,24890,7,307996
28175,0.000156,172.31.36.0-255,66,24956,7,307996
28176,0.000162,172.217.194.0-255,2902,27858,7,307996
28177,0.000164,172.31.36.0-255,66,27924,7,307996
28178,0.000171,172.217.194.0-255,5738,33662,7,307996
28179,0.000173,172.31.36.0-255,66,33728,7,307996
28180,0.000203,172.217.194.0-255,6797,40525,7,307996
28181,0.000206,172.31.36.0-255,66,40591,7,307996
28182,0.000667,172.217.194.0-255,1484,42075,7,307996
28183,0.000671,172.31.36.0-255,66,42141,7,307996
28184,0.000682,172.217.194.0-255,2902,45043,7,307996
28185,0.000684,172.31.36.0-255,66,45109,7,307996
28186,0.00069,172.217.194.0-255,5738,50847,7,307996
28187,0.000693,172.31.36.0-255,66,50913,7,307996
28188,0.000696,172.217.194.0-255,1484,52397,7,307996
28189,0.000697,172.31.36.0-255,66,52463,7,307996
28190,0.000755,172.217.194.0-255,5379,57842,7,307996
28191,0.000763,172.217.194.0-255,5738,63580,7,307996
28192,0.000795,172.217.194.0-255,2902,66482,7,307996
28193,0.00084,172.217.194.0-255,2902,69384,7,307996
28194,0.000876,172.217.194.0-255,3961,73345,7,307996
28195,0.001019,172.217.194.0-255,1484,74829,7,307996
28196,0.001024,172.217.194.0-255,1484,76313,7,307996
28197,0.001042,172.217.194.0-255,1484,77797,7,307996
28198,0.001048,172.217.194.0-255,5738,83535,7,307996
28199,0.001066,172.217.194.0-255,7156,90691,7,307996
28200,0.001087,172.217.194.0-255,7156,97847,7,307996
28201,0.001102,172.217.194.0-255,7156,105003,7,307996
28202,0.001106,172.217.194.0-255,2184,107187,7,307996
28203,0.001153,172.217.194.0-255,4320,111507,7,307996
28204,0.001187,172.217.194.0-255,5738,117245,7,307996
28205,0.001214,172.217.194.0-255,6438,123683,7,307996
28206,0.00124,172.217.194.0-255,4320,128003,7,307996
28207,0.001254,172.217.194.0-255,2902,130905,7,307996
28208,0.001257,172.217.194.0-255,1484,132389,7,307996
28209,0.001312,172.217.194.0-255,4320,136709,7,307996
28210,0.001425,172.217.194.0-255,1484,138193,7,307996
28211,0.00144,172.217.194.0-255,2902,141095,7,307996
28212,0.001448,172.217.194.0-255,1484,142579,7,307996
28213,0.001464,172.217.194.0-255,4320,146899,7,307996
28214,0.001467,172.217.194.0-255,1484,148383,7,307996
28215,0.001494,172.217.194.0-255,4320,152703,7,307996
28216,0.001513,172.217.194.0-255,7156,159859,7,307996
28217,0.001516,172.217.194.0-255,2184,162043,7,307996
28218,0.001902,172.217.194.0-255,1484,163527,7,307996
28219,0.001919,172.217.194.0-255,1484,165011,7,307996
28220,0.001933,172.217.194.0-255,1484,166495,7,307996
28221,0.001939,172.217.194.0-255,5738,172233,7,307996
28222,0.001952,172.217.194.0-255,4320,176553,7,307996
28223,0.002,172.217.194.0-255,2184,178737,7,307996
28224,0.002537,172.217.194.0-255,1484,180221,7,307996
28225,0.002556,172.217.194.0-255,2902,183123,7,307996
28226,0.002571,172.217.194.0-255,2902,186025,7,307996
28227,0.002584,172.217.194.0-255,2902,188927,7,307996
28228,0.002587,172.217.194.0-255,1484,190411,7,307996
28229,0.002597,172.217.194.0-255,2902,193313,7,307996
28230,0.002623,172.217.194.0-255,4320,197633,7,307996
28231,0.002646,172.217.194.0-255,7156,204789,7,307996
28232,0.00439,172.31.36.0-255,66,204855,7,307996
28233,0.006289,172.31.36.0-255,101,204956,7,307996
28234,0.007052,172.217.194.0-255,5738,210694,7,307996
28235,0.007057,172.31.36.0-255,66,210760,7,307996
28236,0.008864,172.217.194.0-255,66,210826,7,307996
28237,0.009698,172.217.194.0-255,5738,216564,7,307996
28238,0.009703,172.31.36.0-255,66,216630,7,307996
28239,0.012349,172.217.194.0-255,5738,222368,7,307996
28240,0.012484,172.31.36.0-255,66,222434,7,307996
28241,0.015113,172.217.194.0-255,5738,228172,7,307996
28242,0.015122,172.31.36.0-255,66,228238,7,307996
28243,0.017759,172.217.194.0-255,5738,233976,7,307996
28244,0.017768,172.31.36.0-255,66,234042,7,307996
28245,0.02043,172.217.194.0-255,5738,239780,7,307996
28246,0.020437,172.31.36.0-255,66,239846,7,307996
28247,0.023064,172.217.194.0-255,5738,245584,7,307996
28248,0.023072,172.31.36.0-255,66,245650,7,307996
28249,0.025682,172.217.194.0-255,5738,251388,7,307996
28250,0.02569,172.31.36.0-255,66,251454,7,307996
28251,0.028321,172.217.194.0-255,5738,257192,7,307996
28252,0.028329,172.31.36.0-255,66,257258,7,307996
28253,0.029518,172.31.36.0-255,188,257446,7,307996
28254,0.02955,172.31.36.0-255,958,258404,7,307996
28255,0.029584,172.31.36.0-255,1514,259918,7,307996
28256,0.029586,172.31.36.0-255,1448,261366,7,307996
28257,0.030955,172.217.194.0-255,5738,267104,7,307996
28258,0.030962,172.31.36.0-255,66,267170,7,307996
28259,0.0311,104.244.42.0-255,66,267236,7,307996
28260,0.031106,104.244.42.0-255,66,267302,7,307996
28261,0.031141,104.244.42.0-255,66,267368,7,307996
28262,0.033575,172.217.194.0-255,5738,273106,7,307996
28263,0.033582,172.31.36.0-255,66,273172,7,307996
28264,0.036195,172.217.194.0-255,5738,278910,7,307996
28265,0.036201,172.31.36.0-255,66,278976,7,307996
28266,0.03883,172.217.194.0-255,5738,284714,7,307996
28267,0.038834,172.31.36.0-255,66,284780,7,307996
28268,0.041453,172.217.194.0-255,5738,290518,7,307996
28269,0.041457,172.31.36.0-255,66,290584,7,307996
28270,0.044078,172.217.194.0-255,5738,296322,7,307996
28271,0.044084,172.31.36.0-255,66,296388,7,307996
28272,0.046711,172.217.194.0-255,5738,302126,7,307996
28273,0.046717,172.31.36.0-255,66,302192,7,307996
28274,0.049345,172.217.194.0-255,5738,307930,7,307996
28275,0.049366,172.31.36.0-255,66,307996,7,307996
28276,0.0,74.125.68.0-255,143,143,7,205172
28277,2.1e-05,172.31.36.0-255,66,209,7,205172
28278,2.8e-05,74.125.68.0-255,1484,1693,7,205172
28279,3.1e-05,172.31.36.0-255,66,1759,7,205172
28280,5.6e-05,74.125.68.0-255,2902,4661,7,205172
28281,5.9e-05,172.31.36.0-255,66,4727,7,205172
28282,7e-05,74.125.68.0-255,5738,10465,7,205172
28283,7.2e-05,172.31.36.0-255,66,10531,7,205172
28284,7.6e-05,74.125.68.0-255,2902,13433,7,205172
28285,7.8e-05,172.31.36.0-255,66,13499,7,205172
28286,0.000106,74.125.68.0-255,701,14200,7,205172
28287,0.000108,172.31.36.0-255,66,14266,7,205172
28288,0.000305,74.125.68.0-255,1484,15750,7,205172
28289,0.000311,172.31.36.0-255,66,15816,7,205172
28290,0.000317,74.125.68.0-255,2902,18718,7,205172
28291,0.000319,172.31.36.0-255,66,18784,7,205172
28292,0.000323,74.125.68.0-255,1484,20268,7,205172
28293,0.000325,172.31.36.0-255,66,20334,7,205172
28294,0.000369,74.125.68.0-255,4320,24654,7,205172
28295,0.000374,172.31.36.0-255,66,24720,7,205172
28296,0.000382,74.125.68.0-255,6797,31517,7,205172
28297,0.000384,172.31.36.0-255,66,31583,7,205172
28298,0.000451,74.125.68.0-255,1484,33067,7,205172
28299,0.000457,172.31.36.0-255,66,33133,7,205172
28300,0.000468,74.125.68.0-255,2902,36035,7,205172
28301,0.00047,172.31.36.0-255,66,36101,7,205172
28302,0.000504,74.125.68.0-255,2902,39003,7,205172
28303,0.000509,172.31.36.0-255,66,39069,7,205172
28304,0.000515,74.125.68.0-255,4320,43389,7,205172
28305,0.000517,172.31.36.0-255,66,43455,7,205172
28306,0.00055,74.125.68.0-255,5379,48834,7,205172
28307,0.000554,172.31.36.0-255,66,48900,7,205172
28308,0.001184,74.125.68.0-255,1484,50384,7,205172
28309,0.001193,74.125.68.0-255,2902,53286,7,205172
28310,0.001197,172.31.36.0-255,66,53352,7,205172
28311,0.001203,74.125.68.0-255,4320,57672,7,205172
28312,0.001205,172.31.36.0-255,66,57738,7,205172
28313,0.001261,172.31.36.0-255,66,57804,7,205172
28314,0.001337,74.125.68.0-255,1484,59288,7,205172
28315,0.001343,74.125.68.0-255,2902,62190,7,205172
28316,0.001346,172.31.36.0-255,66,62256,7,205172
28317,0.001376,74.125.68.0-255,4320,66576,7,205172
28318,0.001379,172.31.36.0-255,66,66642,7,205172
28319,0.001422,172.31.36.0-255,66,66708,7,205172
28320,0.001428,74.125.68.0-255,4320,71028,7,205172
28321,0.00143,172.31.36.0-255,66,71094,7,205172
28322,0.001456,74.125.68.0-255,5738,76832,7,205172
28323,0.001459,172.31.36.0-255,66,76898,7,205172
28324,0.001465,74.125.68.0-255,5379,82277,7,205172
28325,0.001467,172.31.36.0-255,66,82343,7,205172
28326,0.002299,74.125.68.0-255,1484,83827,7,205172
28327,0.00375,74.125.68.0-255,4320,88147,7,205172
28328,0.003757,172.31.36.0-255,66,88213,7,205172
28329,0.006069,74.125.68.0-255,5738,93951,7,205172
28330,0.006076,172.31.36.0-255,66,94017,7,205172
28331,0.008361,74.125.68.0-255,5738,99755,7,205172
28332,0.00837,172.31.36.0-255,66,99821,7,205172
28333,0.010659,74.125.68.0-255,5738,105559,7,205172
28334,0.010667,172.31.36.0-255,66,105625,7,205172
28335,0.01296,74.125.68.0-255,5738,111363,7,205172
28336,0.012968,172.31.36.0-255,66,111429,7,205172
28337,0.015253,74.125.68.0-255,5738,117167,7,205172
28338,0.015263,172.31.36.0-255,66,117233,7,205172
28339,0.017549,74.125.68.0-255,5738,122971,7,205172
28340,0.017557,172.31.36.0-255,66,123037,7,205172
28341,0.018681,172.31.36.0-255,164,123201,7,205172
28342,0.018713,172.31.36.0-255,1122,124323,7,205172
28343,0.018769,172.31.36.0-255,1514,125837,7,205172
28344,0.01877,172.31.36.0-255,324,126161,7,205172
28345,0.019828,74.125.68.0-255,5738,131899,7,205172
28346,0.019836,172.31.36.0-255,66,131965,7,205172
28347,0.020224,104.244.42.0-255,66,132031,7,205172
28348,0.020272,104.244.42.0-255,66,132097,7,205172
28349,0.020322,104.244.42.0-255,66,132163,7,205172
28350,0.022121,74.125.68.0-255,5738,137901,7,205172
28351,0.022126,172.31.36.0-255,66,137967,7,205172
28352,0.024406,74.125.68.0-255,5738,143705,7,205172
28353,0.024413,172.31.36.0-255,66,143771,7,205172
28354,0.026705,74.125.68.0-255,5738,149509,7,205172
28355,0.026717,172.31.36.0-255,66,149575,7,205172
28356,0.02901,74.125.68.0-255,5738,155313,7,205172
28357,0.029016,172.31.36.0-255,66,155379,7,205172
28358,0.031299,74.125.68.0-255,5738,161117,7,205172
28359,0.031306,172.31.36.0-255,66,161183,7,205172
28360,0.033612,74.125.68.0-255,5738,166921,7,205172
28361,0.033618,172.31.36.0-255,66,166987,7,205172
28362,0.035893,74.125.68.0-255,5738,172725,7,205172
28363,0.0359,172.31.36.0-255,66,172791,7,205172
28364,0.038172,74.125.68.0-255,5738,178529,7,205172
28365,0.038178,172.31.36.0-255,66,178595,7,205172
28366,0.040455,74.125.68.0-255,4320,182915,7,205172
28367,0.04046,172.31.36.0-255,66,182981,7,205172
28368,0.040516,74.125.68.0-255,1484,184465,7,205172
28369,0.042739,74.125.68.0-255,4320,188785,7,205172
28370,0.042744,172.31.36.0-255,66,188851,7,205172
28371,0.045067,74.125.68.0-255,4320,193171,7,205172
28372,0.045072,172.31.36.0-255,66,193237,7,205172
28373,0.045109,74.125.68.0-255,1484,194721,7,205172
28374,0.047355,74.125.68.0-255,4320,199041,7,205172
28375,0.047361,172.31.36.0-255,66,199107,7,205172
28376,0.049033,172.31.36.0-255,105,199212,7,205172
28377,0.049222,172.31.36.0-255,90,199302,7,205172
28378,0.049232,172.31.36.0-255,66,199368,7,205172
28379,0.049633,74.125.68.0-255,5738,205106,7,205172
28380,0.049639,172.31.36.0-255,66,205172,7,205172
28381,0.0,74.125.24.0-255,153,153,7,300543
28382,1.8e-05,172.31.36.0-255,66,219,7,300543
28383,2.6e-05,74.125.24.0-255,1484,1703,7,300543
28384,2.9e-05,172.31.36.0-255,66,1769,7,300543
28385,3.5e-05,74.125.24.0-255,2902,4671,7,300543
28386,4e-05,172.31.36.0-255,66,4737,7,300543
28387,4.8e-05,74.125.24.0-255,7156,11893,7,300543
28388,5e-05,172.31.36.0-255,66,11959,7,300543
28389,5.5e-05,74.125.24.0-255,2030,13989,7,300543
28390,5.7e-05,172.31.36.0-255,66,14055,7,300543
28391,9.2e-05,74.125.24.0-255,2902,16957,7,300543
28392,9.6e-05,172.31.36.0-255,66,17023,7,300543
28393,0.000101,74.125.24.0-255,4320,21343,7,300543
28394,0.000104,172.31.36.0-255,66,21409,7,300543
28395,0.00012,74.125.24.0-255,2902,24311,7,300543
28396,0.000123,172.31.36.0-255,66,24377,7,300543
28397,0.000164,74.125.24.0-255,4320,28697,7,300543
28398,0.000168,172.31.36.0-255,66,28763,7,300543
28399,0.000189,74.125.24.0-255,2543,31306,7,300543
28400,0.000192,172.31.36.0-255,66,31372,7,300543
28401,0.000207,74.125.24.0-255,4320,35692,7,300543
28402,0.00021,172.31.36.0-255,66,35758,7,300543
28403,0.000213,74.125.24.0-255,1484,37242,7,300543
28404,0.000215,172.31.36.0-255,66,37308,7,300543
28405,0.000241,74.125.24.0-255,4320,41628,7,300543
28406,0.000244,172.31.36.0-255,66,41694,7,300543
28407,0.000251,74.125.24.0-255,5738,47432,7,300543
28408,0.000253,172.31.36.0-255,66,47498,7,300543
28409,0.000285,74.125.24.0-255,6797,54295,7,300543
28410,0.000288,172.31.36.0-255,66,54361,7,300543
28411,0.000295,74.125.24.0-255,7156,61517,7,300543
28412,0.000298,172.31.36.0-255,66,61583,7,300543
28413,0.000334,74.125.24.0-255,4340,65923,7,300543
28414,0.000337,172.31.36.0-255,66,65989,7,300543
28415,0.00034,74.125.24.0-255,331,66320,7,300543
28416,0.000599,74.125.24.0-255,1484,67804,7,300543
28417,0.000606,172.31.36.0-255,66,67870,7,300543
28418,0.000613,74.125.24.0-255,2902,70772,7,300543
28419,0.000616,172.31.36.0-255,66,70838,7,300543
28420,0.000623,74.125.24.0-255,5738,76576,7,300543
28421,0.000625,172.31.36.0-255,66,76642,7,300543
28422,0.000628,74.125.24.0-255,1484,78126,7,300543
28423,0.000668,172.31.36.0-255,66,78192,7,300543
28424,0.000671,74.125.24.0-255,1484,79676,7,300543
28425,0.0007,172.31.36.0-255,66,79742,7,300543
28426,0.000812,74.125.24.0-255,1484,81226,7,300543
28427,0.000815,74.125.24.0-255,1484,82710,7,300543
28428,0.00082,172.31.36.0-255,66,82776,7,300543
28429,0.000834,74.125.24.0-255,1484,84260,7,300543
28430,0.000841,74.125.24.0-255,5738,89998,7,300543
28431,0.000844,172.31.36.0-255,66,90064,7,300543
28432,0.000847,74.125.24.0-255,1484,91548,7,300543
28433,0.000889,172.31.36.0-255,66,91614,7,300543
28434,0.0009,172.31.36.0-255,66,91680,7,300543
28435,0.000903,74.125.24.0-255,766,92446,7,300543
28436,0.001308,74.125.24.0-255,1484,93930,7,300543
28437,0.001313,172.31.36.0-255,66,93996,7,300543
28438,0.001319,74.125.24.0-255,2902,96898,7,300543
28439,0.001321,172.31.36.0-255,66,96964,7,300543
28440,0.001325,74.125.24.0-255,2902,99866,7,300543
28441,0.001327,172.31.36.0-255,66,99932,7,300543
28442,0.001351,74.125.24.0-255,2902,102834,7,300543
28443,0.001357,74.125.24.0-255,5738,108572,7,300543
28444,0.001361,172.31.36.0-255,66,108638,7,300543
28445,0.001365,172.31.36.0-255,66,108704,7,300543
28446,0.001388,74.125.24.0-255,7156,115860,7,300543
28447,0.001391,172.31.36.0-255,66,115926,7,300543
28448,0.001402,172.31.36.0-255,66,115992,7,300543
28449,0.001405,74.125.24.0-255,766,116758,7,300543
28450,0.001476,74.125.24.0-255,1484,118242,7,300543
28451,0.001479,172.31.36.0-255,66,118308,7,300543
28452,0.001485,74.125.24.0-255,2902,121210,7,300543
28453,0.001487,172.31.36.0-255,66,121276,7,300543
28454,0.001493,74.125.24.0-255,5738,127014,7,300543
28455,0.001495,172.31.36.0-255,66,127080,7,300543
28456,0.00154,172.31.36.0-255,66,127146,7,300543
28457,0.001547,74.125.24.0-255,7156,134302,7,300543
28458,0.001549,172.31.36.0-255,66,134368,7,300543
28459,0.001566,74.125.24.0-255,3602,137970,7,300543
28460,0.001568,172.31.36.0-255,66,138036,7,300543
28461,0.001634,74.125.24.0-255,1484,139520,7,300543
28462,0.00164,74.125.24.0-255,2902,142422,7,300543
28463,0.001644,172.31.36.0-255,66,142488,7,300543
28464,0.001683,74.125.24.0-255,2902,145390,7,300543
28465,0.001686,172.31.36.0-255,66,145456,7,300543
28466,0.001707,74.125.24.0-255,2902,148358,7,300543
28467,0.00171,172.31.36.0-255,66,148424,7,300543
28468,0.001717,74.125.24.0-255,5738,154162,7,300543
28469,0.001719,172.31.36.0-255,66,154228,7,300543
28470,0.001732,172.31.36.0-255,66,154294,7,300543
28471,0.001738,74.125.24.0-255,5020,159314,7,300543
28472,0.001741,172.31.36.0-255,66,159380,7,300543
28473,0.001791,74.125.24.0-255,1484,160864,7,300543
28474,0.001812,74.125.24.0-255,2902,163766,7,300543
28475,0.001816,172.31.36.0-255,66,163832,7,300543
28476,0.001824,74.125.24.0-255,5738,169570,7,300543
28477,0.001826,172.31.36.0-255,66,169636,7,300543
28478,0.001831,74.125.24.0-255,4320,173956,7,300543
28479,0.001833,172.31.36.0-255,66,174022,7,300543
28480,0.001846,74.125.24.0-255,5738,179760,7,300543
28481,0.00185,74.125.24.0-255,2902,182662,7,300543
28482,0.001864,172.31.36.0-255,66,182728,7,300543
28483,0.001886,74.125.24.0-255,2184,184912,7,300543
28484,0.001905,172.31.36.0-255,66,184978,7,300543
28485,0.00194,74.125.24.0-255,1484,186462,7,300543
28486,0.001959,74.125.24.0-255,2902,189364,7,300543
28487,0.001962,172.31.36.0-255,66,189430,7,300543
28488,0.001968,74.125.24.0-255,5738,195168,7,300543
28489,0.001989,74.125.24.0-255,7156,202324,7,300543
28490,0.001992,74.125.24.0-255,1484,203808,7,300543
28491,0.001997,172.31.36.0-255,66,203874,7,300543
28492,0.002021,74.125.24.0-255,2184,206058,7,300543
28493,0.002044,172.31.36.0-255,66,206124,7,300543
28494,0.002094,74.125.24.0-255,1484,207608,7,300543
28495,0.002099,74.125.24.0-255,2902,210510,7,300543
28496,0.002111,172.31.36.0-255,66,210576,7,300543
28497,0.002123,74.125.24.0-255,5738,216314,7,300543
28498,0.002126,74.125.24.0-255,1484,217798,7,300543
28499,0.002146,74.125.24.0-255,2902,220700,7,300543
28500,0.002162,74.125.24.0-255,5738,226438,7,300543
28501,0.002165,172.31.36.0-255,66,226504,7,300543
28502,0.00217,172.31.36.0-255,66,226570,7,300543
28503,0.002185,74.125.24.0-255,4320,230890,7,300543
28504,0.002231,74.125.24.0-255,4320,235210,7,300543
28505,0.002252,172.31.36.0-255,66,235276,7,300543
28506,0.002257,172.31.36.0-255,66,235342,7,300543
28507,0.002268,74.125.24.0-255,1484,236826,7,300543
28508,0.002294,74.125.24.0-255,2902,239728,7,300543
28509,0.002299,74.125.24.0-255,3602,243330,7,300543
28510,0.002314,172.31.36.0-255,66,243396,7,300543
28511,0.002336,74.125.24.0-255,5738,249134,7,300543
28512,0.002341,172.31.36.0-255,66,249200,7,300543
28513,0.00236,74.125.24.0-255,1484,250684,7,300543
28514,0.002916,172.31.36.0-255,101,250785,7,300543
28515,0.004672,74.125.24.0-255,4320,255105,7,300543
28516,0.004679,172.31.36.0-255,66,255171,7,300543
28517,0.00523,74.125.24.0-255,1484,256655,7,300543
28518,0.006987,74.125.24.0-255,4320,260975,7,300543
28519,0.00699,172.31.36.0-255,66,261041,7,300543
28520,0.009355,74.125.24.0-255,5738,266779,7,300543
28521,0.009361,172.31.36.0-255,66,266845,7,300543
28522,0.011683,74.125.24.0-255,5738,272583,7,300543
28523,0.01169,172.31.36.0-255,66,272649,7,300543
28524,0.014035,74.125.24.0-255,5738,278387,7,300543
28525,0.014044,172.31.36.0-255,66,278453,7,300543
28526,0.016388,74.125.24.0-255,5738,284191,7,300543
28527,0.016396,172.31.36.0-255,66,284257,7,300543
28528,0.018742,74.125.24.0-255,5738,289995,7,300543
28529,0.018751,172.31.36.0-255,66,290061,7,300543
28530,0.021076,74.125.24.0-255,947,291008,7,300543
28531,0.021502,172.31.36.0-255,105,291113,7,300543
28532,0.027349,74.125.24.0-255,66,291179,7,300543
28533,0.035579,172.31.36.0-255,172,291351,7,300543
28534,0.03561,172.31.36.0-255,1115,292466,7,300543
28535,0.035681,172.31.36.0-255,1514,293980,7,300543
28536,0.035683,172.31.36.0-255,1514,295494,7,300543
28537,0.035685,172.31.36.0-255,1514,297008,7,300543
28538,0.035686,172.31.36.0-255,1514,298522,7,300543
28539,0.035742,172.31.36.0-255,1514,300036,7,300543
28540,0.035748,172.31.36.0-255,69,300105,7,300543
28541,0.037064,104.244.42.0-255,66,300171,7,300543
28542,0.037114,104.244.42.0-255,66,300237,7,300543
28543,0.037202,104.244.42.0-255,66,300303,7,300543
28544,0.037231,104.244.42.0-255,66,300369,7,300543
28545,0.037826,104.244.42.0-255,108,300477,7,300543
28546,0.037833,172.31.36.0-255,66,300543,7,300543
28547,0.0,74.125.200.0-255,153,153,7,353752
28548,8.1e-05,172.31.36.0-255,66,219,7,353752
28549,8.8e-05,74.125.200.0-255,1484,1703,7,353752
28550,9.2e-05,172.31.36.0-255,66,1769,7,353752
28551,0.000106,74.125.200.0-255,2902,4671,7,353752
28552,0.000109,172.31.36.0-255,66,4737,7,353752
28553,0.000119,74.125.200.0-255,7156,11893,7,353752
28554,0.000122,172.31.36.0-255,66,11959,7,353752
28555,0.000126,74.125.200.0-255,2045,14004,7,353752
28556,0.000129,172.31.36.0-255,66,14070,7,353752
28557,0.000133,74.125.200.0-255,1484,15554,7,353752
28558,0.000134,172.31.36.0-255,66,15620,7,353752
28559,0.000167,74.125.200.0-255,2902,18522,7,353752
28560,0.00017,172.31.36.0-255,66,18588,7,353752
28561,0.000177,74.125.200.0-255,5738,24326,7,353752
28562,0.000179,172.31.36.0-255,66,24392,7,353752
28563,0.000185,74.125.200.0-255,5738,30130,7,353752
28564,0.000187,172.31.36.0-255,66,30196,7,353752
28565,0.000225,74.125.200.0-255,1125,31321,7,353752
28566,0.000228,172.31.36.0-255,66,31387,7,353752
28567,0.000265,74.125.200.0-255,1484,32871,7,353752
28568,0.000268,172.31.36.0-255,66,32937,7,353752
28569,0.000296,74.125.200.0-255,2902,35839,7,353752
28570,0.000299,172.31.36.0-255,66,35905,7,353752
28571,0.000305,74.125.200.0-255,5738,41643,7,353752
28572,0.000308,172.31.36.0-255,66,41709,7,353752
28573,0.000332,74.125.200.0-255,6797,48506,7,353752
28574,0.000337,172.31.36.0-255,66,48572,7,353752
28575,0.000547,74.125.200.0-255,1484,50056,7,353752
28576,0.000551,172.31.36.0-255,66,50122,7,353752
28577,0.00058,74.125.200.0-255,2902,53024,7,353752
28578,0.000583,172.31.36.0-255,66,53090,7,353752
28579,0.000587,74.125.200.0-255,1484,54574,7,353752
28580,0.000615,74.125.200.0-255,5738,60312,7,353752
28581,0.000626,172.31.36.0-255,66,60378,7,353752
28582,0.000636,74.125.200.0-255,5738,66116,7,353752
28583,0.000653,172.31.36.0-255,66,66182,7,353752
28584,0.000655,74.125.200.0-255,3961,70143,7,353752
28585,0.000676,74.125.200.0-255,4320,74463,7,353752
28586,0.000676,172.31.36.0-255,66,74529,7,353752
28587,0.000682,172.31.36.0-255,66,74595,7,353752
28588,0.000712,74.125.200.0-255,5738,80333,7,353752
28589,0.000721,172.31.36.0-255,66,80399,7,353752
28590,0.000749,74.125.200.0-255,7156,87555,7,353752
28591,0.000757,172.31.36.0-255,66,87621,7,353752
28592,0.000763,74.125.200.0-255,2184,89805,7,353752
28593,0.000766,74.125.200.0-255,646,90451,7,353752
28594,0.00077,172.31.36.0-255,66,90517,7,353752
28595,0.000811,74.125.200.0-255,1484,92001,7,353752
28596,0.000817,74.125.200.0-255,4320,96321,7,353752
28597,0.00082,172.31.36.0-255,66,96387,7,353752
28598,0.000824,74.125.200.0-255,1484,97871,7,353752
28599,0.000848,74.125.200.0-255,2902,100773,7,353752
28600,0.000852,74.125.200.0-255,2902,103675,7,353752
28601,0.000853,172.31.36.0-255,66,103741,7,353752
28602,0.000858,172.31.36.0-255,66,103807,7,353752
28603,0.000886,74.125.200.0-255,2902,106709,7,353752
28604,0.000892,74.125.200.0-255,5738,112447,7,353752
28605,0.000895,172.31.36.0-255,66,112513,7,353752
28606,0.0009,172.31.36.0-255,66,112579,7,353752
28607,0.000903,74.125.200.0-255,7156,119735,7,353752
28608,0.000914,172.31.36.0-255,66,119801,7,353752
28609,0.000928,74.125.200.0-255,2902,122703,7,353752
28610,0.00094,172.31.36.0-255,66,122769,7,353752
28611,0.000955,74.125.200.0-255,2184,124953,7,353752
28612,0.000968,172.31.36.0-255,66,125019,7,353752
28613,0.001004,74.125.200.0-255,1484,126503,7,353752
28614,0.001018,74.125.200.0-255,2902,129405,7,353752
28615,0.001022,172.31.36.0-255,66,129471,7,353752
28616,0.001026,74.125.200.0-255,1484,130955,7,353752
28617,0.001048,74.125.200.0-255,4320,135275,7,353752
28618,0.001057,172.31.36.0-255,66,135341,7,353752
28619,0.00107,74.125.200.0-255,7156,142497,7,353752
28620,0.001078,74.125.200.0-255,1484,143981,7,353752
28621,0.001078,172.31.36.0-255,66,144047,7,353752
28622,0.001112,172.31.36.0-255,66,144113,7,353752
28623,0.001138,74.125.200.0-255,1484,145597,7,353752
28624,0.001156,74.125.200.0-255,5020,150617,7,353752
28625,0.00116,172.31.36.0-255,66,150683,7,353752
28626,0.001209,74.125.200.0-255,1484,152167,7,353752
28627,0.001213,74.125.200.0-255,2902,155069,7,353752
28628,0.001225,172.31.36.0-255,66,155135,7,353752
28629,0.001229,74.125.200.0-255,4320,159455,7,353752
28630,0.001238,172.31.36.0-255,66,159521,7,353752
28631,0.001251,74.125.200.0-255,1484,161005,7,353752
28632,0.00126,74.125.200.0-255,7156,168161,7,353752
28633,0.001266,172.31.36.0-255,66,168227,7,353752
28634,0.001286,74.125.200.0-255,5738,173965,7,353752
28635,0.001297,172.31.36.0-255,66,174031,7,353752
28636,0.001329,172.31.36.0-255,66,174097,7,353752
28637,0.001349,74.125.200.0-255,2184,176281,7,353752
28638,0.001355,172.31.36.0-255,66,176347,7,353752
28639,0.00138,74.125.200.0-255,1484,177831,7,353752
28640,0.001394,74.125.200.0-255,2902,180733,7,353752
28641,0.001398,172.31.36.0-255,66,180799,7,353752
28642,0.001427,74.125.200.0-255,5738,186537,7,353752
28643,0.001437,172.31.36.0-255,66,186603,7,353752
28644,0.00147,74.125.200.0-255,1484,188087,7,353752
28645,0.001488,74.125.200.0-255,7156,195243,7,353752
28646,0.001495,172.31.36.0-255,66,195309,7,353752
28647,0.001504,74.125.200.0-255,6438,201747,7,353752
28648,0.001511,172.31.36.0-255,66,201813,7,353752
28649,0.001517,74.125.200.0-255,7156,208969,7,353752
28650,0.001527,172.31.36.0-255,66,209035,7,353752
28651,0.001561,172.31.36.0-255,66,209101,7,353752
28652,0.001591,74.125.200.0-255,4320,213421,7,353752
28653,0.001598,74.125.200.0-255,5738,219159,7,353752
28654,0.001601,172.31.36.0-255,66,219225,7,353752
28655,0.001605,172.31.36.0-255,66,219291,7,353752
28656,0.001635,74.125.200.0-255,5020,224311,7,353752
28657,0.001637,74.125.200.0-255,1484,225795,7,353752
28658,0.00165,172.31.36.0-255,66,225861,7,353752
28659,0.001662,74.125.200.0-255,2902,228763,7,353752
28660,0.001666,74.125.200.0-255,1484,230247,7,353752
28661,0.001672,172.31.36.0-255,66,230313,7,353752
28662,0.001689,74.125.200.0-255,4320,234633,7,353752
28663,0.001692,74.125.200.0-255,1484,236117,7,353752
28664,0.001703,172.31.36.0-255,66,236183,7,353752
28665,0.001721,74.125.200.0-255,2902,239085,7,353752
28666,0.001725,172.31.36.0-255,66,239151,7,353752
28667,0.001728,74.125.200.0-255,1484,240635,7,353752
28668,0.001761,74.125.200.0-255,4320,244955,7,353752
28669,0.001765,74.125.200.0-255,2902,247857,7,353752
28670,0.001768,172.31.36.0-255,66,247923,7,353752
28671,0.001769,74.125.200.0-255,4320,252243,7,353752
28672,0.001773,172.31.36.0-255,66,252309,7,353752
28673,0.001799,74.125.200.0-255,6438,258747,7,353752
28674,0.001807,172.31.36.0-255,66,258813,7,353752
28675,0.001837,74.125.200.0-255,1484,260297,7,353752
28676,0.001851,74.125.200.0-255,2902,263199,7,353752
28677,0.001855,172.31.36.0-255,66,263265,7,353752
28678,0.001865,74.125.200.0-255,2902,266167,7,353752
28679,0.00188,172.31.36.0-255,66,266233,7,353752
28680,0.001888,74.125.200.0-255,2902,269135,7,353752
28681,0.001894,172.31.36.0-255,66,269201,7,353752
28682,0.001907,172.31.36.0-255,66,269267,7,353752
28683,0.001939,172.31.36.0-255,66,269333,7,353752
28684,0.001969,74.125.200.0-255,1484,270817,7,353752
28685,0.001974,74.125.200.0-255,2184,273001,7,353752
28686,0.001987,172.31.36.0-255,66,273067,7,353752
28687,0.002192,74.125.200.0-255,1484,274551,7,353752
28688,0.002199,74.125.200.0-255,2902,277453,7,353752
28689,0.002202,172.31.36.0-255,66,277519,7,353752
28690,0.002225,74.125.200.0-255,5738,283257,7,353752
28691,0.002238,172.31.36.0-255,66,283323,7,353752
28692,0.002239,74.125.200.0-255,2902,286225,7,353752
28693,0.002243,172.31.36.0-255,66,286291,7,353752
28694,0.002259,74.125.200.0-255,5738,292029,7,353752
28695,0.002262,172.31.36.0-255,66,292095,7,353752
28696,0.002295,172.31.36.0-255,66,292161,7,353752
28697,0.002301,74.125.200.0-255,5020,297181,7,353752
28698,0.002308,172.31.36.0-255,66,297247,7,353752
28699,0.002357,74.125.200.0-255,4320,301567,7,353752
28700,0.002362,172.31.36.0-255,66,301633,7,353752
28701,0.002371,74.125.200.0-255,1484,303117,7,353752
28702,0.002391,74.125.200.0-255,1484,304601,7,353752
28703,0.002394,74.125.200.0-255,1484,306085,7,353752
28704,0.002397,172.31.36.0-255,66,306151,7,353752
28705,0.002429,74.125.200.0-255,1484,307635,7,353752
28706,0.002435,74.125.200.0-255,4320,311955,7,353752
28707,0.002436,172.31.36.0-255,66,312021,7,353752
28708,0.002441,172.31.36.0-255,66,312087,7,353752
28709,0.002457,74.125.200.0-255,2902,314989,7,353752
28710,0.00246,74.125.200.0-255,1484,316473,7,353752
28711,0.002462,74.125.200.0-255,1484,317957,7,353752
28712,0.002463,172.31.36.0-255,66,318023,7,353752
28713,0.002504,74.125.200.0-255,2902,320925,7,353752
28714,0.002508,172.31.36.0-255,66,320991,7,353752
28715,0.002512,74.125.200.0-255,1484,322475,7,353752
28716,0.002514,74.125.200.0-255,1484,323959,7,353752
28717,0.002523,172.31.36.0-255,66,324025,7,353752
28718,0.002583,74.125.200.0-255,4320,328345,7,353752
28719,0.002589,74.125.200.0-255,3602,331947,7,353752
28720,0.002593,74.125.200.0-255,4320,336267,7,353752
28721,0.002594,172.31.36.0-255,66,336333,7,353752
28722,0.002595,74.125.200.0-255,1484,337817,7,353752
28723,0.002597,74.125.200.0-255,1484,339301,7,353752
28724,0.0026,74.125.200.0-255,1484,340785,7,353752
28725,0.0026,172.31.36.0-255,66,340851,7,353752
28726,0.002603,74.125.200.0-255,2902,343753,7,353752
28727,0.002614,172.31.36.0-255,66,343819,7,353752
28728,0.002625,74.125.200.0-255,2263,346082,7,353752
28729,0.00263,74.125.200.0-255,97,346179,7,353752
28730,0.002632,172.31.36.0-255,66,346245,7,353752
28731,0.002667,74.125.200.0-255,105,346350,7,353752
28732,0.008025,172.31.36.0-255,66,346416,7,353752
28733,0.008055,172.31.36.0-255,105,346521,7,353752
28734,0.010311,74.125.200.0-255,66,346587,7,353752
28735,0.034046,172.31.36.0-255,172,346759,7,353752
28736,0.034076,172.31.36.0-255,1115,347874,7,353752
28737,0.034125,172.31.36.0-255,1514,349388,7,353752
28738,0.034127,172.31.36.0-255,1514,350902,7,353752
28739,0.034128,172.31.36.0-255,1514,352416,7,353752
28740,0.034152,172.31.36.0-255,1072,353488,7,353752
28741,0.035595,104.244.42.0-255,66,353554,7,353752
28742,0.035647,104.244.42.0-255,66,353620,7,353752
28743,0.035725,104.244.42.0-255,66,353686,7,353752
28744,0.035728,104.244.42.0-255,66,353752,7,353752
28745,0.0,74.125.200.0-255,153,153,7,252614
28746,1.9e-05,172.31.36.0-255,66,219,7,252614
28747,2.7e-05,74.125.200.0-255,1484,1703,7,252614
28748,3.2e-05,172.31.36.0-255,66,1769,7,252614
28749,4.7e-05,74.125.200.0-255,2902,4671,7,252614
28750,5.1e-05,172.31.36.0-255,66,4737,7,252614
28751,5.9e-05,74.125.200.0-255,7156,11893,7,252614
28752,6.2e-05,172.31.36.0-255,66,11959,7,252614
28753,6.6e-05,74.125.200.0-255,1975,13934,7,252614
28754,6.9e-05,172.31.36.0-255,66,14000,7,252614
28755,0.000126,74.125.200.0-255,1484,15484,7,252614
28756,0.000129,172.31.36.0-255,66,15550,7,252614
28757,0.000151,74.125.200.0-255,2902,18452,7,252614
28758,0.000154,172.31.36.0-255,66,18518,7,252614
28759,0.000157,74.125.200.0-255,1484,20002,7,252614
28760,0.00016,172.31.36.0-255,66,20068,7,252614
28761,0.00019,74.125.200.0-255,2902,22970,7,252614
28762,0.000192,172.31.36.0-255,66,23036,7,252614
28763,0.000199,74.125.200.0-255,5738,28774,7,252614
28764,0.000201,172.31.36.0-255,66,28840,7,252614
28765,0.000228,74.125.200.0-255,2543,31383,7,252614
28766,0.000231,172.31.36.0-255,66,31449,7,252614
28767,0.000806,74.125.200.0-255,1484,32933,7,252614
28768,0.000814,172.31.36.0-255,66,32999,7,252614
28769,0.000821,74.125.200.0-255,2902,35901,7,252614
28770,0.000823,172.31.36.0-255,66,35967,7,252614
28771,0.000828,74.125.200.0-255,2902,38869,7,252614
28772,0.00083,172.31.36.0-255,66,38935,7,252614
28773,0.00087,74.125.200.0-255,2902,41837,7,252614
28774,0.000874,172.31.36.0-255,66,41903,7,252614
28775,0.000882,74.125.200.0-255,6797,48700,7,252614
28776,0.000887,74.125.200.0-255,2902,51602,7,252614
28777,0.000892,172.31.36.0-255,66,51668,7,252614
28778,0.000894,172.31.36.0-255,66,51734,7,252614
28779,0.000936,172.31.36.0-255,66,51800,7,252614
28780,0.000943,74.125.200.0-255,5379,57179,7,252614
28781,0.000945,172.31.36.0-255,66,57245,7,252614
28782,0.000948,74.125.200.0-255,645,57890,7,252614
28783,0.001304,74.125.200.0-255,1484,59374,7,252614
28784,0.00131,172.31.36.0-255,66,59440,7,252614
28785,0.001315,74.125.200.0-255,2902,62342,7,252614
28786,0.001317,172.31.36.0-255,66,62408,7,252614
28787,0.001354,74.125.200.0-255,5738,68146,7,252614
28788,0.001357,74.125.200.0-255,2902,71048,7,252614
28789,0.00136,74.125.200.0-255,1484,72532,7,252614
28790,0.001365,172.31.36.0-255,66,72598,7,252614
28791,0.001368,172.31.36.0-255,66,72664,7,252614
28792,0.001387,172.31.36.0-255,66,72730,7,252614
28793,0.001394,74.125.200.0-255,5738,78468,7,252614
28794,0.001396,172.31.36.0-255,66,78534,7,252614
28795,0.001429,74.125.200.0-255,5020,83554,7,252614
28796,0.001432,172.31.36.0-255,66,83620,7,252614
28797,0.002204,74.125.200.0-255,1484,85104,7,252614
28798,0.002214,74.125.200.0-255,2902,88006,7,252614
28799,0.002219,172.31.36.0-255,66,88072,7,252614
28800,0.002227,74.125.200.0-255,4320,92392,7,252614
28801,0.002229,172.31.36.0-255,66,92458,7,252614
28802,0.00226,74.125.200.0-255,1484,93942,7,252614
28803,0.002265,74.125.200.0-255,2902,96844,7,252614
28804,0.002267,172.31.36.0-255,66,96910,7,252614
28805,0.002274,74.125.200.0-255,4320,101230,7,252614
28806,0.002276,172.31.36.0-255,66,101296,7,252614
28807,0.00228,74.125.200.0-255,2902,104198,7,252614
28808,0.002282,172.31.36.0-255,66,104264,7,252614
28809,0.002315,74.125.200.0-255,5738,110002,7,252614
28810,0.002318,172.31.36.0-255,66,110068,7,252614
28811,0.002324,74.125.200.0-255,4320,114388,7,252614
28812,0.002326,172.31.36.0-255,66,114454,7,252614
28813,0.00236,74.125.200.0-255,3602,118056,7,252614
28814,0.002362,172.31.36.0-255,66,118122,7,252614
28815,0.002465,74.125.200.0-255,1484,119606,7,252614
28816,0.002486,74.125.200.0-255,2902,122508,7,252614
28817,0.002489,172.31.36.0-255,66,122574,7,252614
28818,0.002493,74.125.200.0-255,1484,124058,7,252614
28819,0.002522,74.125.200.0-255,2902,126960,7,252614
28820,0.002525,172.31.36.0-255,66,127026,7,252614
28821,0.002534,74.125.200.0-255,5738,132764,7,252614
28822,0.002541,172.31.36.0-255,66,132830,7,252614
28823,0.002573,172.31.36.0-255,66,132896,7,252614
28824,0.002596,74.125.200.0-255,1484,134380,7,252614
28825,0.002612,74.125.200.0-255,4320,138700,7,252614
28826,0.002615,172.31.36.0-255,66,138766,7,252614
28827,0.002642,74.125.200.0-255,5020,143786,7,252614
28828,0.002645,172.31.36.0-255,66,143852,7,252614
28829,0.005245,74.125.200.0-255,5738,149590,7,252614
28830,0.005253,172.31.36.0-255,66,149656,7,252614
28831,0.007905,74.125.200.0-255,5738,155394,7,252614
28832,0.00791,172.31.36.0-255,66,155460,7,252614
28833,0.010516,74.125.200.0-255,5738,161198,7,252614
28834,0.010524,172.31.36.0-255,66,161264,7,252614
28835,0.013122,74.125.200.0-255,5738,167002,7,252614
28836,0.01313,172.31.36.0-255,66,167068,7,252614
28837,0.01577,74.125.200.0-255,5738,172806,7,252614
28838,0.015779,172.31.36.0-255,66,172872,7,252614
28839,0.018387,74.125.200.0-255,5738,178610,7,252614
28840,0.0184,172.31.36.0-255,66,178676,7,252614
28841,0.021009,74.125.200.0-255,5738,184414,7,252614
28842,0.021018,172.31.36.0-255,66,184480,7,252614
28843,0.023633,74.125.200.0-255,5738,190218,7,252614
28844,0.023643,172.31.36.0-255,66,190284,7,252614
28845,0.026251,74.125.200.0-255,5738,196022,7,252614
28846,0.026259,172.31.36.0-255,66,196088,7,252614
28847,0.028861,74.125.200.0-255,5738,201826,7,252614
28848,0.028876,172.31.36.0-255,66,201892,7,252614
28849,0.031477,74.125.200.0-255,5738,207630,7,252614
28850,0.031485,172.31.36.0-255,66,207696,7,252614
28851,0.032929,172.31.36.0-255,172,207868,7,252614
28852,0.032962,172.31.36.0-255,1116,208984,7,252614
28853,0.033019,172.31.36.0-255,1514,210498,7,252614
28854,0.03302,172.31.36.0-255,1290,211788,7,252614
28855,0.034091,74.125.200.0-255,5738,217526,7,252614
28856,0.034099,172.31.36.0-255,66,217592,7,252614
28857,0.034481,104.244.42.0-255,66,217658,7,252614
28858,0.034525,104.244.42.0-255,66,217724,7,252614
28859,0.034573,104.244.42.0-255,66,217790,7,252614
28860,0.036694,74.125.200.0-255,5738,223528,7,252614
28861,0.036699,172.31.36.0-255,66,223594,7,252614
28862,0.039306,74.125.200.0-255,5738,229332,7,252614
28863,0.039333,172.31.36.0-255,66,229398,7,252614
28864,0.041946,74.125.200.0-255,5738,235136,7,252614
28865,0.041961,172.31.36.0-255,66,235202,7,252614
28866,0.044605,74.125.200.0-255,5738,240940,7,252614
28867,0.04462,172.31.36.0-255,66,241006,7,252614
28868,0.047259,74.125.200.0-255,5738,246744,7,252614
28869,0.047267,172.31.36.0-255,66,246810,7,252614
28870,0.049884,74.125.200.0-255,5738,252548,7,252614
28871,0.049891,172.31.36.0-255,66,252614,7,252614
28872,0.0,74.125.24.0-255,153,153,7,238929
28873,1.4e-05,172.31.36.0-255,66,219,7,238929
28874,2.1e-05,74.125.24.0-255,1484,1703,7,238929
28875,3.8e-05,172.31.36.0-255,66,1769,7,238929
28876,4.5e-05,74.125.24.0-255,2902,4671,7,238929
28877,4.9e-05,172.31.36.0-255,66,4737,7,238929
28878,5.7e-05,74.125.24.0-255,7156,11893,7,238929
28879,5.9e-05,172.31.36.0-255,66,11959,7,238929
28880,6.4e-05,74.125.24.0-255,2014,13973,7,238929
28881,6.7e-05,172.31.36.0-255,66,14039,7,238929
28882,8e-05,172.31.36.0-255,66,14105,7,238929
28883,8.6e-05,74.125.24.0-255,4320,18425,7,238929
28884,8.9e-05,172.31.36.0-255,66,18491,7,238929
28885,0.000115,74.125.24.0-255,1125,19616,7,238929
28886,0.000118,172.31.36.0-255,66,19682,7,238929
28887,0.000147,74.125.24.0-255,1484,21166,7,238929
28888,0.000149,172.31.36.0-255,66,21232,7,238929
28889,0.000153,74.125.24.0-255,1484,22716,7,238929
28890,0.000155,172.31.36.0-255,66,22782,7,238929
28891,0.000168,74.125.24.0-255,1484,24266,7,238929
28892,0.000171,172.31.36.0-255,66,24332,7,238929
28893,0.000179,74.125.24.0-255,5738,30070,7,238929
28894,0.000181,172.31.36.0-255,66,30136,7,238929
28895,0.0002,74.125.24.0-255,6797,36933,7,238929
28896,0.000203,172.31.36.0-255,66,36999,7,238929
28897,0.000219,74.125.24.0-255,1484,38483,7,238929
28898,0.000221,172.31.36.0-255,66,38549,7,238929
28899,0.000238,74.125.24.0-255,5738,44287,7,238929
28900,0.000241,172.31.36.0-255,66,44353,7,238929
28901,0.000248,74.125.24.0-255,5738,50091,7,238929
28902,0.00025,172.31.36.0-255,66,50157,7,238929
28903,0.000269,74.125.24.0-255,2902,53059,7,238929
28904,0.000275,172.31.36.0-255,66,53125,7,238929
28905,0.000282,74.125.24.0-255,1418,54543,7,238929
28906,0.000318,74.125.24.0-255,135,54678,7,238929
28907,0.000339,74.125.24.0-255,346,55024,7,238929
28908,0.000461,74.125.24.0-255,1484,56508,7,238929
28909,0.000466,74.125.24.0-255,2902,59410,7,238929
28910,0.00047,74.125.24.0-255,1484,60894,7,238929
28911,0.000488,74.125.24.0-255,4320,65214,7,238929
28912,0.000526,74.125.24.0-255,4320,69534,7,238929
28913,0.000543,74.125.24.0-255,1994,71528,7,238929
28914,0.000581,172.31.36.0-255,66,71594,7,238929
28915,0.000749,74.125.24.0-255,1484,73078,7,238929
28916,0.000756,74.125.24.0-255,2902,75980,7,238929
28917,0.000775,74.125.24.0-255,5738,81718,7,238929
28918,0.000785,172.31.36.0-255,66,81784,7,238929
28919,0.000809,172.31.36.0-255,66,81850,7,238929
28920,0.000815,74.125.24.0-255,4320,86170,7,238929
28921,0.00082,74.125.24.0-255,4320,90490,7,238929
28922,0.000833,74.125.24.0-255,4320,94810,7,238929
28923,0.00085,74.125.24.0-255,2184,96994,7,238929
28924,0.000865,172.31.36.0-255,66,97060,7,238929
28925,0.000977,74.125.24.0-255,1484,98544,7,238929
28926,0.000983,74.125.24.0-255,2902,101446,7,238929
28927,0.000991,172.31.36.0-255,66,101512,7,238929
28928,0.001008,74.125.24.0-255,5738,107250,7,238929
28929,0.001011,74.125.24.0-255,1484,108734,7,238929
28930,0.001028,172.31.36.0-255,66,108800,7,238929
28931,0.001062,74.125.24.0-255,5379,114179,7,238929
28932,0.001069,74.125.24.0-255,5738,119917,7,238929
28933,0.001084,74.125.24.0-255,4320,124237,7,238929
28934,0.001099,172.31.36.0-255,66,124303,7,238929
28935,0.001114,74.125.24.0-255,5738,130041,7,238929
28936,0.00112,172.31.36.0-255,66,130107,7,238929
28937,0.001134,74.125.24.0-255,7156,137263,7,238929
28938,0.001152,74.125.24.0-255,2184,139447,7,238929
28939,0.001159,172.31.36.0-255,66,139513,7,238929
28940,0.001252,74.125.24.0-255,1484,140997,7,238929
28941,0.001257,74.125.24.0-255,1484,142481,7,238929
28942,0.001273,74.125.24.0-255,1484,143965,7,238929
28943,0.001281,74.125.24.0-255,5738,149703,7,238929
28944,0.001293,74.125.24.0-255,4320,154023,7,238929
28945,0.001301,172.31.36.0-255,66,154089,7,238929
28946,0.00133,172.31.36.0-255,66,154155,7,238929
28947,0.001521,74.125.24.0-255,1484,155639,7,238929
28948,0.001527,74.125.24.0-255,2902,158541,7,238929
28949,0.00154,74.125.24.0-255,1484,160025,7,238929
28950,0.001556,74.125.24.0-255,4320,164345,7,238929
28951,0.001562,74.125.24.0-255,4320,168665,7,238929
28952,0.001566,172.31.36.0-255,66,168731,7,238929
28953,0.001575,74.125.24.0-255,1484,170215,7,238929
28954,0.001579,172.31.36.0-255,66,170281,7,238929
28955,0.001589,74.125.24.0-255,4320,174601,7,238929
28956,0.001614,74.125.24.0-255,5020,179621,7,238929
28957,0.001631,172.31.36.0-255,66,179687,7,238929
28958,0.001924,74.125.24.0-255,1484,181171,7,238929
28959,0.00194,74.125.24.0-255,2902,184073,7,238929
28960,0.001944,172.31.36.0-255,66,184139,7,238929
28961,0.001948,74.125.24.0-255,1484,185623,7,238929
28962,0.001967,74.125.24.0-255,4320,189943,7,238929
28963,0.001972,74.125.24.0-255,4320,194263,7,238929
28964,0.001977,172.31.36.0-255,66,194329,7,238929
28965,0.001987,74.125.24.0-255,1484,195813,7,238929
28966,0.002071,74.125.24.0-255,2902,198715,7,238929
28967,0.00209,74.125.24.0-255,5738,204453,7,238929
28968,0.002123,74.125.24.0-255,2902,207355,7,238929
28969,0.002185,74.125.24.0-255,1484,208839,7,238929
28970,0.002203,74.125.24.0-255,2902,211741,7,238929
28971,0.002209,74.125.24.0-255,4320,216061,7,238929
28972,0.00223,74.125.24.0-255,1484,217545,7,238929
28973,0.002234,74.125.24.0-255,2902,220447,7,238929
28974,0.002283,74.125.24.0-255,5738,226185,7,238929
28975,0.002305,74.125.24.0-255,5020,231205,7,238929
28976,0.00231,74.125.24.0-255,2902,234107,7,238929
28977,0.002477,74.125.24.0-255,105,234212,7,238929
28978,0.006511,172.31.36.0-255,66,234278,7,238929
28979,0.008796,172.31.36.0-255,105,234383,7,238929
28980,0.011325,74.125.24.0-255,66,234449,7,238929
28981,0.034846,172.31.36.0-255,188,234637,7,238929
28982,0.034881,172.31.36.0-255,958,235595,7,238929
28983,0.034944,172.31.36.0-255,1514,237109,7,238929
28984,0.034946,172.31.36.0-255,1448,238557,7,238929
28985,0.036407,104.244.42.0-255,66,238623,7,238929
28986,0.036436,104.244.42.0-255,66,238689,7,238929
28987,0.036556,104.244.42.0-255,66,238755,7,238929
28988,0.037582,104.244.42.0-255,108,238863,7,238929
28989,0.037589,172.31.36.0-255,66,238929,7,238929
28990,0.0,74.125.68.0-255,66,66,7,66
28991,0.0,172.217.194.0-255,153,153,7,171363
28992,3.9e-05,172.31.36.0-255,66,219,7,171363
28993,4.7e-05,172.217.194.0-255,1484,1703,7,171363
28994,5e-05,172.31.36.0-255,66,1769,7,171363
28995,5.5e-05,172.217.194.0-255,2902,4671,7,171363
28996,5.8e-05,172.31.36.0-255,66,4737,7,171363
28997,7.3e-05,172.217.194.0-255,5738,10475,7,171363
28998,7.6e-05,172.31.36.0-255,66,10541,7,171363
28999,8.1e-05,172.217.194.0-255,3518,14059,7,171363
29000,8.4e-05,172.31.36.0-255,66,14125,7,171363
29001,0.000185,172.217.194.0-255,1484,15609,7,171363
29002,0.00019,172.31.36.0-255,66,15675,7,171363
29003,0.000196,172.217.194.0-255,2902,18577,7,171363
29004,0.000198,172.31.36.0-255,66,18643,7,171363
29005,0.000201,172.217.194.0-255,1484,20127,7,171363
29006,0.000203,172.31.36.0-255,66,20193,7,171363
29007,0.000233,172.217.194.0-255,4320,24513,7,171363
29008,0.000236,172.31.36.0-255,66,24579,7,171363
29009,0.000243,172.217.194.0-255,6797,31376,7,171363
29010,0.000245,172.31.36.0-255,66,31442,7,171363
29011,0.000299,172.31.36.0-255,66,31508,7,171363
29012,0.000314,172.31.36.0-255,66,31574,7,171363
29013,0.000349,172.217.194.0-255,5299,36873,7,171363
29014,0.000352,172.31.36.0-255,66,36939,7,171363
29015,0.000355,172.217.194.0-255,398,37337,7,171363
29016,0.000357,172.31.36.0-255,66,37403,7,171363
29017,0.000413,172.217.194.0-255,1484,38887,7,171363
29018,0.000417,172.31.36.0-255,66,38953,7,171363
29019,0.000422,172.217.194.0-255,2902,41855,7,171363
29020,0.000425,172.31.36.0-255,66,41921,7,171363
29021,0.000453,172.217.194.0-255,5738,47659,7,171363
29022,0.000459,172.31.36.0-255,66,47725,7,171363
29023,0.00049,172.217.194.0-255,6797,54522,7,171363
29024,0.000494,172.31.36.0-255,66,54588,7,171363
29025,0.000502,172.217.194.0-255,7156,61744,7,171363
29026,0.000505,172.31.36.0-255,66,61810,7,171363
29027,0.000534,172.217.194.0-255,7156,68966,7,171363
29028,0.000538,172.31.36.0-255,66,69032,7,171363
29029,0.000566,172.217.194.0-255,2543,71575,7,171363
29030,0.000569,172.31.36.0-255,66,71641,7,171363
29031,0.000804,172.217.194.0-255,1484,73125,7,171363
29032,0.000811,172.217.194.0-255,2902,76027,7,171363
29033,0.000814,172.31.36.0-255,66,76093,7,171363
29034,0.000846,172.217.194.0-255,5738,81831,7,171363
29035,0.000849,172.31.36.0-255,66,81897,7,171363
29036,0.000856,172.217.194.0-255,5738,87635,7,171363
29037,0.000858,172.31.36.0-255,66,87701,7,171363
29038,0.00088,172.31.36.0-255,66,87767,7,171363
29039,0.000888,172.217.194.0-255,4471,92238,7,171363
29040,0.00089,172.31.36.0-255,66,92304,7,171363
29041,0.000932,172.217.194.0-255,4320,96624,7,171363
29042,0.000935,172.31.36.0-255,66,96690,7,171363
29043,0.000962,172.217.194.0-255,1484,98174,7,171363
29044,0.000968,172.217.194.0-255,4320,102494,7,171363
29045,0.000972,172.31.36.0-255,66,102560,7,171363
29046,0.00098,172.31.36.0-255,66,102626,7,171363
29047,0.001001,172.217.194.0-255,2902,105528,7,171363
29048,0.001004,172.31.36.0-255,66,105594,7,171363
29049,0.001039,172.31.36.0-255,66,105660,7,171363
29050,0.001091,172.217.194.0-255,1484,107144,7,171363
29051,0.001104,172.217.194.0-255,2902,110046,7,171363
29052,0.001107,172.31.36.0-255,66,110112,7,171363
29053,0.001161,172.217.194.0-255,2902,113014,7,171363
29054,0.001164,172.31.36.0-255,66,113080,7,171363
29055,0.001192,172.217.194.0-255,2902,115982,7,171363
29056,0.001195,172.31.36.0-255,66,116048,7,171363
29057,0.001209,172.31.36.0-255,66,116114,7,171363
29058,0.001212,172.217.194.0-255,1484,117598,7,171363
29059,0.001222,172.31.36.0-255,66,117664,7,171363
29060,0.001831,172.217.194.0-255,1484,119148,7,171363
29061,0.001836,172.217.194.0-255,2902,122050,7,171363
29062,0.001839,172.31.36.0-255,66,122116,7,171363
29063,0.001845,172.217.194.0-255,2902,125018,7,171363
29064,0.001847,172.31.36.0-255,66,125084,7,171363
29065,0.001879,172.217.194.0-255,2902,127986,7,171363
29066,0.001883,172.31.36.0-255,66,128052,7,171363
29067,0.001897,172.31.36.0-255,66,128118,7,171363
29068,0.001909,172.31.36.0-255,66,128184,7,171363
29069,0.001936,172.217.194.0-255,766,128950,7,171363
29070,0.002041,172.217.194.0-255,1484,130434,7,171363
29071,0.002045,172.31.36.0-255,66,130500,7,171363
29072,0.00205,172.217.194.0-255,2902,133402,7,171363
29073,0.002052,172.31.36.0-255,66,133468,7,171363
29074,0.002058,172.217.194.0-255,4320,137788,7,171363
29075,0.002065,172.31.36.0-255,66,137854,7,171363
29076,0.002103,172.217.194.0-255,1484,139338,7,171363
29077,0.002123,172.31.36.0-255,66,139404,7,171363
29078,0.002135,172.31.36.0-255,66,139470,7,171363
29079,0.00219,172.31.36.0-255,66,139536,7,171363
29080,0.002195,172.217.194.0-255,2902,142438,7,171363
29081,0.002197,172.31.36.0-255,66,142504,7,171363
29082,0.002242,172.31.36.0-255,66,142570,7,171363
29083,0.002256,172.31.36.0-255,66,142636,7,171363
29084,0.002288,172.31.36.0-255,66,142702,7,171363
29085,0.002332,172.31.36.0-255,66,142768,7,171363
29086,0.002384,172.217.194.0-255,7156,149924,7,171363
29087,0.002388,172.31.36.0-255,66,149990,7,171363
29088,0.002429,172.31.36.0-255,66,150056,7,171363
29089,0.002449,172.31.36.0-255,66,150122,7,171363
29090,0.004786,172.217.194.0-255,5738,155860,7,171363
29091,0.004794,172.31.36.0-255,66,155926,7,171363
29092,0.007145,172.217.194.0-255,5738,161664,7,171363
29093,0.007151,172.31.36.0-255,66,161730,7,171363
29094,0.009477,172.217.194.0-255,4912,166642,7,171363
29095,0.009483,172.31.36.0-255,66,166708,7,171363
29096,0.00969,172.31.36.0-255,105,166813,7,171363
29097,0.012,172.217.194.0-255,66,166879,7,171363
29098,0.031626,172.31.36.0-255,190,167069,7,171363
29099,0.031655,172.31.36.0-255,1114,168183,7,171363
29100,0.031698,172.31.36.0-255,1514,169697,7,171363
29101,0.0317,172.31.36.0-255,1294,170991,7,171363
29102,0.033185,104.244.42.0-255,66,171057,7,171363
29103,0.033211,104.244.42.0-255,66,171123,7,171363
29104,0.033256,104.244.42.0-255,66,171189,7,171363
29105,0.03389,104.244.42.0-255,108,171297,7,171363
29106,0.033894,172.31.36.0-255,66,171363,7,171363
29107,0.0,74.125.24.0-255,153,153,7,261121
29108,1.3e-05,172.31.36.0-255,66,219,7,261121
29109,1.9e-05,74.125.24.0-255,1484,1703,7,261121
29110,2.3e-05,172.31.36.0-255,66,1769,7,261121
29111,2.8e-05,74.125.24.0-255,2902,4671,7,261121
29112,3.1e-05,172.31.36.0-255,66,4737,7,261121
29113,4.7e-05,74.125.24.0-255,7156,11893,7,261121
29114,5.1e-05,172.31.36.0-255,66,11959,7,261121
29115,5.5e-05,74.125.24.0-255,2016,13975,7,261121
29116,5.8e-05,172.31.36.0-255,66,14041,7,261121
29117,0.000216,74.125.24.0-255,1484,15525,7,261121
29118,0.00022,172.31.36.0-255,66,15591,7,261121
29119,0.000226,74.125.24.0-255,2902,18493,7,261121
29120,0.000229,172.31.36.0-255,66,18559,7,261121
29121,0.000239,74.125.24.0-255,5738,24297,7,261121
29122,0.000242,172.31.36.0-255,66,24363,7,261121
29123,0.000247,74.125.24.0-255,4320,28683,7,261121
29124,0.000249,172.31.36.0-255,66,28749,7,261121
29125,0.000269,74.125.24.0-255,2543,31292,7,261121
29126,0.000271,172.31.36.0-255,66,31358,7,261121
29127,0.000327,74.125.24.0-255,1484,32842,7,261121
29128,0.000329,172.31.36.0-255,66,32908,7,261121
29129,0.000334,74.125.24.0-255,2902,35810,7,261121
29130,0.000336,172.31.36.0-255,66,35876,7,261121
29131,0.000339,74.125.24.0-255,1484,37360,7,261121
29132,0.000341,172.31.36.0-255,66,37426,7,261121
29133,0.000365,74.125.24.0-255,4320,41746,7,261121
29134,0.000368,172.31.36.0-255,66,41812,7,261121
29135,0.000374,74.125.24.0-255,5738,47550,7,261121
29136,0.000375,172.31.36.0-255,66,47616,7,261121
29137,0.00038,74.125.24.0-255,4320,51936,7,261121
29138,0.000382,172.31.36.0-255,66,52002,7,261121
29139,0.000419,172.31.36.0-255,66,52068,7,261121
29140,0.000424,74.125.24.0-255,4237,56305,7,261121
29141,0.000426,172.31.36.0-255,66,56371,7,261121
29142,0.000452,74.125.24.0-255,129,56500,7,261121
29143,0.000542,74.125.24.0-255,349,56849,7,261121
29144,0.000819,74.125.24.0-255,1484,58333,7,261121
29145,0.000823,172.31.36.0-255,66,58399,7,261121
29146,0.000829,74.125.24.0-255,2902,61301,7,261121
29147,0.00083,172.31.36.0-255,66,61367,7,261121
29148,0.000836,74.125.24.0-255,4320,65687,7,261121
29149,0.000838,172.31.36.0-255,66,65753,7,261121
29150,0.000867,74.125.24.0-255,1484,67237,7,261121
29151,0.000879,172.31.36.0-255,66,67303,7,261121
29152,0.000912,74.125.24.0-255,2902,70205,7,261121
29153,0.000914,172.31.36.0-255,66,70271,7,261121
29154,0.000934,172.31.36.0-255,66,70337,7,261121
29155,0.001385,74.125.24.0-255,1484,71821,7,261121
29156,0.001394,74.125.24.0-255,2902,74723,7,261121
29157,0.001397,172.31.36.0-255,66,74789,7,261121
29158,0.001404,74.125.24.0-255,5738,80527,7,261121
29159,0.001405,172.31.36.0-255,66,80593,7,261121
29160,0.001431,74.125.24.0-255,1484,82077,7,261121
29161,0.001454,74.125.24.0-255,5738,87815,7,261121
29162,0.001456,172.31.36.0-255,66,87881,7,261121
29163,0.001465,172.31.36.0-255,66,87947,7,261121
29164,0.001467,74.125.24.0-255,1484,89431,7,261121
29165,0.001499,74.125.24.0-255,6438,95869,7,261121
29166,0.001502,172.31.36.0-255,66,95935,7,261121
29167,0.001568,74.125.24.0-255,1484,97419,7,261121
29168,0.001573,74.125.24.0-255,2902,100321,7,261121
29169,0.001576,172.31.36.0-255,66,100387,7,261121
29170,0.00158,74.125.24.0-255,2902,103289,7,261121
29171,0.001582,172.31.36.0-255,66,103355,7,261121
29172,0.001612,74.125.24.0-255,2902,106257,7,261121
29173,0.001614,172.31.36.0-255,66,106323,7,261121
29174,0.001627,172.31.36.0-255,66,106389,7,261121
29175,0.001634,74.125.24.0-255,7156,113545,7,261121
29176,0.001636,172.31.36.0-255,66,113611,7,261121
29177,0.001674,74.125.24.0-255,3602,117213,7,261121
29178,0.001677,172.31.36.0-255,66,117279,7,261121
29179,0.003588,74.125.24.0-255,1484,118763,7,261121
29180,0.003623,74.125.24.0-255,4320,123083,7,261121
29181,0.003634,172.31.36.0-255,66,123149,7,261121
29182,0.005597,74.125.24.0-255,5738,128887,7,261121
29183,0.005603,172.31.36.0-255,66,128953,7,261121
29184,0.007538,74.125.24.0-255,5738,134691,7,261121
29185,0.007544,172.31.36.0-255,66,134757,7,261121
29186,0.009516,74.125.24.0-255,5738,140495,7,261121
29187,0.009522,172.31.36.0-255,66,140561,7,261121
29188,0.011471,74.125.24.0-255,5738,146299,7,261121
29189,0.011477,172.31.36.0-255,66,146365,7,261121
29190,0.013449,74.125.24.0-255,5738,152103,7,261121
29191,0.013458,172.31.36.0-255,66,152169,7,261121
29192,0.015423,74.125.24.0-255,5738,157907,7,261121
29193,0.015434,172.31.36.0-255,66,157973,7,261121
29194,0.017416,74.125.24.0-255,5738,163711,7,261121
29195,0.017426,172.31.36.0-255,66,163777,7,261121
29196,0.019384,74.125.24.0-255,5738,169515,7,261121
29197,0.019392,172.31.36.0-255,66,169581,7,261121
29198,0.021352,74.125.24.0-255,5738,175319,7,261121
29199,0.02136,172.31.36.0-255,66,175385,7,261121
29200,0.023329,74.125.24.0-255,5738,181123,7,261121
29201,0.023336,172.31.36.0-255,66,181189,7,261121
29202,0.025293,74.125.24.0-255,5738,186927,7,261121
29203,0.025302,172.31.36.0-255,66,186993,7,261121
29204,0.027281,74.125.24.0-255,5738,192731,7,261121
29205,0.027288,172.31.36.0-255,66,192797,7,261121
29206,0.028941,172.31.36.0-255,188,192985,7,261121
29207,0.028975,172.31.36.0-255,958,193943,7,261121
29208,0.029038,172.31.36.0-255,1514,195457,7,261121
29209,0.02904,172.31.36.0-255,1448,196905,7,261121
29210,0.029252,74.125.24.0-255,5738,202643,7,261121
29211,0.029259,172.31.36.0-255,66,202709,7,261121
29212,0.030479,104.244.42.0-255,66,202775,7,261121
29213,0.030488,104.244.42.0-255,66,202841,7,261121
29214,0.030596,104.244.42.0-255,66,202907,7,261121
29215,0.03102,104.244.42.0-255,108,203015,7,261121
29216,0.031026,172.31.36.0-255,66,203081,7,261121
29217,0.031211,74.125.24.0-255,5738,208819,7,261121
29218,0.031216,172.31.36.0-255,66,208885,7,261121
29219,0.033184,74.125.24.0-255,5738,214623,7,261121
29220,0.033191,172.31.36.0-255,66,214689,7,261121
29221,0.035186,74.125.24.0-255,5738,220427,7,261121
29222,0.035192,172.31.36.0-255,66,220493,7,261121
29223,0.037153,74.125.24.0-255,5738,226231,7,261121
29224,0.037159,172.31.36.0-255,66,226297,7,261121
29225,0.039132,74.125.24.0-255,5738,232035,7,261121
29226,0.039139,172.31.36.0-255,66,232101,7,261121
29227,0.041104,74.125.24.0-255,5738,237839,7,261121
29228,0.04111,172.31.36.0-255,66,237905,7,261121
29229,0.043072,74.125.24.0-255,5738,243643,7,261121
29230,0.043079,172.31.36.0-255,66,243709,7,261121
29231,0.045069,74.125.24.0-255,5738,249447,7,261121
29232,0.045079,172.31.36.0-255,66,249513,7,261121
29233,0.047047,74.125.24.0-255,5738,255251,7,261121
29234,0.047054,172.31.36.0-255,66,255317,7,261121
29235,0.049016,74.125.24.0-255,5738,261055,7,261121
29236,0.049022,172.31.36.0-255,66,261121,7,261121
29237,0.0,74.125.130.0-255,152,152,7,286125
29238,1.9e-05,172.31.36.0-255,66,218,7,286125
29239,2.7e-05,74.125.130.0-255,1484,1702,7,286125
29240,3.2e-05,172.31.36.0-255,66,1768,7,286125
29241,3.8e-05,74.125.130.0-255,2902,4670,7,286125
29242,4e-05,172.31.36.0-255,66,4736,7,286125
29243,4.4e-05,74.125.130.0-255,1484,6220,7,286125
29244,4.6e-05,172.31.36.0-255,66,6286,7,286125
29245,6.8e-05,74.125.130.0-255,2902,9188,7,286125
29246,7.1e-05,172.31.36.0-255,66,9254,7,286125
29247,8.7e-05,74.125.130.0-255,2902,12156,7,286125
29248,8.9e-05,172.31.36.0-255,66,12222,7,286125
29249,0.00012,74.125.130.0-255,3440,15662,7,286125
29250,0.000122,172.31.36.0-255,66,15728,7,286125
29251,0.000125,74.125.130.0-255,1484,17212,7,286125
29252,0.000127,172.31.36.0-255,66,17278,7,286125
29253,0.000191,74.125.130.0-255,2902,20180,7,286125
29254,0.000194,172.31.36.0-255,66,20246,7,286125
29255,0.000215,74.125.130.0-255,4320,24566,7,286125
29256,0.000217,172.31.36.0-255,66,24632,7,286125
29257,0.000235,74.125.130.0-255,2902,27534,7,286125
29258,0.000237,172.31.36.0-255,66,27600,7,286125
29259,0.000258,74.125.130.0-255,1484,29084,7,286125
29260,0.000261,172.31.36.0-255,66,29150,7,286125
29261,0.000296,74.125.130.0-255,2543,31693,7,286125
29262,0.000299,172.31.36.0-255,66,31759,7,286125
29263,0.000597,74.125.130.0-255,1484,33243,7,286125
29264,0.000603,172.31.36.0-255,66,33309,7,286125
29265,0.00061,74.125.130.0-255,2902,36211,7,286125
29266,0.000612,172.31.36.0-255,66,36277,7,286125
29267,0.000632,74.125.130.0-255,2902,39179,7,286125
29268,0.000634,172.31.36.0-255,66,39245,7,286125
29269,0.000656,74.125.130.0-255,2902,42147,7,286125
29270,0.000658,172.31.36.0-255,66,42213,7,286125
29271,0.000687,74.125.130.0-255,6797,49010,7,286125
29272,0.000691,172.31.36.0-255,66,49076,7,286125
29273,0.000722,74.125.130.0-255,1484,50560,7,286125
29274,0.000741,74.125.130.0-255,2902,53462,7,286125
29275,0.000744,172.31.36.0-255,66,53528,7,286125
29276,0.000767,74.125.130.0-255,4320,57848,7,286125
29277,0.00077,172.31.36.0-255,66,57914,7,286125
29278,0.000788,74.125.130.0-255,2902,60816,7,286125
29279,0.000793,172.31.36.0-255,66,60882,7,286125
29280,0.000807,74.125.130.0-255,2902,63784,7,286125
29281,0.00081,172.31.36.0-255,66,63850,7,286125
29282,0.000847,74.125.130.0-255,3123,66973,7,286125
29283,0.00085,172.31.36.0-255,66,67039,7,286125
29284,0.000962,74.125.130.0-255,1484,68523,7,286125
29285,0.000982,74.125.130.0-255,2902,71425,7,286125
29286,0.000985,172.31.36.0-255,66,71491,7,286125
29287,0.001022,74.125.130.0-255,2902,74393,7,286125
29288,0.001025,172.31.36.0-255,66,74459,7,286125
29289,0.001043,74.125.130.0-255,1484,75943,7,286125
29290,0.001047,74.125.130.0-255,1484,77427,7,286125
29291,0.001049,172.31.36.0-255,66,77493,7,286125
29292,0.001053,74.125.130.0-255,2902,80395,7,286125
29293,0.001055,172.31.36.0-255,66,80461,7,286125
29294,0.001093,74.125.130.0-255,3961,84422,7,286125
29295,0.001096,172.31.36.0-255,66,84488,7,286125
29296,0.001191,74.125.130.0-255,1484,85972,7,286125
29297,0.001207,74.125.130.0-255,2902,88874,7,286125
29298,0.00121,172.31.36.0-255,66,88940,7,286125
29299,0.00123,74.125.130.0-255,1484,90424,7,286125
29300,0.001245,74.125.130.0-255,4320,94744,7,286125
29301,0.001248,172.31.36.0-255,66,94810,7,286125
29302,0.001272,74.125.130.0-255,5738,100548,7,286125
29303,0.001274,172.31.36.0-255,66,100614,7,286125
29304,0.001293,74.125.130.0-255,1125,101739,7,286125
29305,0.001413,74.125.130.0-255,1484,103223,7,286125
29306,0.001416,172.31.36.0-255,66,103289,7,286125
29307,0.001449,74.125.130.0-255,1484,104773,7,286125
29308,0.001454,74.125.130.0-255,2902,107675,7,286125
29309,0.001456,172.31.36.0-255,66,107741,7,286125
29310,0.001485,74.125.130.0-255,5738,113479,7,286125
29311,0.001488,172.31.36.0-255,66,113545,7,286125
29312,0.001491,74.125.130.0-255,1484,115029,7,286125
29313,0.001521,74.125.130.0-255,2902,117931,7,286125
29314,0.001523,172.31.36.0-255,66,117997,7,286125
29315,0.001546,74.125.130.0-255,5738,123735,7,286125
29316,0.001548,172.31.36.0-255,66,123801,7,286125
29317,0.001562,74.125.130.0-255,1484,125285,7,286125
29318,0.00158,74.125.130.0-255,5738,131023,7,286125
29319,0.001583,172.31.36.0-255,66,131089,7,286125
29320,0.001586,74.125.130.0-255,1484,132573,7,286125
29321,0.001605,74.125.130.0-255,2902,135475,7,286125
29322,0.001608,172.31.36.0-255,66,135541,7,286125
29323,0.001635,74.125.130.0-255,766,136307,7,286125
29324,0.002022,74.125.130.0-255,1484,137791,7,286125
29325,0.002026,172.31.36.0-255,66,137857,7,286125
29326,0.002032,74.125.130.0-255,2902,140759,7,286125
29327,0.002034,172.31.36.0-255,66,140825,7,286125
29328,0.002056,74.125.130.0-255,1484,142309,7,286125
29329,0.00207,74.125.130.0-255,2902,145211,7,286125
29330,0.002072,172.31.36.0-255,66,145277,7,286125
29331,0.002086,74.125.130.0-255,1484,146761,7,286125
29332,0.002107,74.125.130.0-255,4320,151081,7,286125
29333,0.002109,172.31.36.0-255,66,151147,7,286125
29334,0.002113,74.125.130.0-255,1484,152631,7,286125
29335,0.002164,74.125.130.0-255,2902,155533,7,286125
29336,0.002167,172.31.36.0-255,66,155599,7,286125
29337,0.002173,74.125.130.0-255,5738,161337,7,286125
29338,0.002175,172.31.36.0-255,66,161403,7,286125
29339,0.002178,74.125.130.0-255,1484,162887,7,286125
29340,0.002203,74.125.130.0-255,2902,165789,7,286125
29341,0.002205,172.31.36.0-255,66,165855,7,286125
29342,0.002225,74.125.130.0-255,1484,167339,7,286125
29343,0.002235,74.125.130.0-255,1484,168823,7,286125
29344,0.002237,172.31.36.0-255,66,168889,7,286125
29345,0.00225,74.125.130.0-255,1484,170373,7,286125
29346,0.002252,74.125.130.0-255,766,171139,7,286125
29347,0.002254,172.31.36.0-255,66,171205,7,286125
29348,0.004557,74.125.130.0-255,4320,175525,7,286125
29349,0.004564,172.31.36.0-255,66,175591,7,286125
29350,0.004595,74.125.130.0-255,1484,177075,7,286125
29351,0.006869,74.125.130.0-255,2902,179977,7,286125
29352,0.006872,172.31.36.0-255,66,180043,7,286125
29353,0.00689,74.125.130.0-255,1484,181527,7,286125
29354,0.009198,74.125.130.0-255,4320,185847,7,286125
29355,0.009205,172.31.36.0-255,66,185913,7,286125
29356,0.011551,74.125.130.0-255,5738,191651,7,286125
29357,0.01156,172.31.36.0-255,66,191717,7,286125
29358,0.013887,74.125.130.0-255,5738,197455,7,286125
29359,0.013895,172.31.36.0-255,66,197521,7,286125
29360,0.016225,74.125.130.0-255,5738,203259,7,286125
29361,0.016234,172.31.36.0-255,66,203325,7,286125
29362,0.018551,74.125.130.0-255,5738,209063,7,286125
29363,0.018559,172.31.36.0-255,66,209129,7,286125
29364,0.020895,74.125.130.0-255,5738,214867,7,286125
29365,0.020902,172.31.36.0-255,66,214933,7,286125
29366,0.023238,74.125.130.0-255,5738,220671,7,286125
29367,0.023246,172.31.36.0-255,66,220737,7,286125
29368,0.025563,74.125.130.0-255,5738,226475,7,286125
29369,0.025569,172.31.36.0-255,66,226541,7,286125
29370,0.025664,172.31.36.0-255,101,226642,7,286125
29371,0.027885,74.125.130.0-255,5738,232380,7,286125
29372,0.027892,172.31.36.0-255,66,232446,7,286125
29373,0.027956,74.125.130.0-255,66,232512,7,286125
29374,0.030215,74.125.130.0-255,5738,238250,7,286125
29375,0.030223,172.31.36.0-255,66,238316,7,286125
29376,0.032545,74.125.130.0-255,5738,244054,7,286125
29377,0.032553,172.31.36.0-255,66,244120,7,286125
29378,0.034887,74.125.130.0-255,5738,249858,7,286125
29379,0.034893,172.31.36.0-255,66,249924,7,286125
29380,0.034927,172.31.36.0-255,172,250096,7,286125
29381,0.034954,172.31.36.0-255,1073,251169,7,286125
29382,0.036472,104.244.42.0-255,66,251235,7,286125
29383,0.0365,104.244.42.0-255,66,251301,7,286125
29384,0.037218,74.125.130.0-255,5738,257039,7,286125
29385,0.037225,172.31.36.0-255,66,257105,7,286125
29386,0.039555,74.125.130.0-255,5738,262843,7,286125
29387,0.039562,172.31.36.0-255,66,262909,7,286125
29388,0.041906,74.125.130.0-255,5738,268647,7,286125
29389,0.041912,172.31.36.0-255,66,268713,7,286125
29390,0.044252,74.125.130.0-255,5738,274451,7,286125
29391,0.044259,172.31.36.0-255,66,274517,7,286125
29392,0.046591,74.125.130.0-255,5738,280255,7,286125
29393,0.046599,172.31.36.0-255,66,280321,7,286125
29394,0.048925,74.125.130.0-255,5738,286059,7,286125
29395,0.048931,172.31.36.0-255,66,286125,7,286125
29396,0.0,74.125.24.0-255,147,147,7,190548
29397,2.7e-05,172.31.36.0-255,66,213,7,190548
29398,3.5e-05,74.125.24.0-255,1484,1697,7,190548
29399,3.8e-05,172.31.36.0-255,66,1763,7,190548
29400,4.3e-05,74.125.24.0-255,2902,4665,7,190548
29401,5.7e-05,172.31.36.0-255,66,4731,7,190548
29402,0.0001,74.125.24.0-255,7156,11887,7,190548
29403,0.000104,172.31.36.0-255,66,11953,7,190548
29404,0.000231,74.125.24.0-255,3455,15408,7,190548
29405,0.000235,172.31.36.0-255,66,15474,7,190548
29406,0.000317,74.125.24.0-255,5738,21212,7,190548
29407,0.000322,172.31.36.0-255,66,21278,7,190548
29408,0.000349,74.125.24.0-255,7156,28434,7,190548
29409,0.000353,172.31.36.0-255,66,28500,7,190548
29410,0.000571,74.125.24.0-255,2543,31043,7,190548
29411,0.000576,172.31.36.0-255,66,31109,7,190548
29412,0.000643,74.125.24.0-255,4320,35429,7,190548
29413,0.000648,172.31.36.0-255,66,35495,7,190548
29414,0.000702,172.31.36.0-255,66,35561,7,190548
29415,0.001011,74.125.24.0-255,5738,41299,7,190548
29416,0.001017,172.31.36.0-255,66,41365,7,190548
29417,0.001055,172.31.36.0-255,66,41431,7,190548
29418,0.001342,74.125.24.0-255,5738,47169,7,190548
29419,0.001348,172.31.36.0-255,66,47235,7,190548
29420,0.001386,172.31.36.0-255,66,47301,7,190548
29421,0.001407,74.125.24.0-255,2611,49912,7,190548
29422,0.00141,172.31.36.0-255,66,49978,7,190548
29423,0.001862,74.125.24.0-255,2902,52880,7,190548
29424,0.001864,172.31.36.0-255,66,52946,7,190548
29425,0.001891,74.125.24.0-255,5076,58022,7,190548
29426,0.001894,172.31.36.0-255,66,58088,7,190548
29427,0.002029,74.125.24.0-255,2902,60990,7,190548
29428,0.002721,74.125.24.0-255,1484,62474,7,190548
29429,0.002749,74.125.24.0-255,2902,65376,7,190548
29430,0.00279,172.31.36.0-255,66,65442,7,190548
29431,0.002817,74.125.24.0-255,4320,69762,7,190548
29432,0.002823,172.31.36.0-255,66,69828,7,190548
29433,0.002832,74.125.24.0-255,1484,71312,7,190548
29434,0.002936,74.125.24.0-255,7156,78468,7,190548
29435,0.002948,172.31.36.0-255,66,78534,7,190548
29436,0.002951,74.125.24.0-255,5738,84272,7,190548
29437,0.002964,172.31.36.0-255,66,84338,7,190548
29438,0.003213,172.31.36.0-255,66,84404,7,190548
29439,0.003262,172.31.36.0-255,66,84470,7,190548
29440,0.005784,74.125.24.0-255,5738,90208,7,190548
29441,0.00579,172.31.36.0-255,66,90274,7,190548
29442,0.008328,74.125.24.0-255,4320,94594,7,190548
29443,0.008334,172.31.36.0-255,66,94660,7,190548
29444,0.008363,74.125.24.0-255,1484,96144,7,190548
29445,0.010871,74.125.24.0-255,4320,100464,7,190548
29446,0.010878,172.31.36.0-255,66,100530,7,190548
29447,0.013399,74.125.24.0-255,5738,106268,7,190548
29448,0.013407,172.31.36.0-255,66,106334,7,190548
29449,0.01602,74.125.24.0-255,5738,112072,7,190548
29450,0.016032,172.31.36.0-255,66,112138,7,190548
29451,0.018579,74.125.24.0-255,5738,117876,7,190548
29452,0.018589,172.31.36.0-255,66,117942,7,190548
29453,0.021129,74.125.24.0-255,5738,123680,7,190548
29454,0.021137,172.31.36.0-255,66,123746,7,190548
29455,0.023677,74.125.24.0-255,5738,129484,7,190548
29456,0.023684,172.31.36.0-255,66,129550,7,190548
29457,0.026218,74.125.24.0-255,5738,135288,7,190548
29458,0.026226,172.31.36.0-255,66,135354,7,190548
29459,0.028266,172.31.36.0-255,192,135546,7,190548
29460,0.028297,172.31.36.0-255,958,136504,7,190548
29461,0.028332,172.31.36.0-255,1514,138018,7,190548
29462,0.028334,172.31.36.0-255,1448,139466,7,190548
29463,0.028758,74.125.24.0-255,5738,145204,7,190548
29464,0.028765,172.31.36.0-255,66,145270,7,190548
29465,0.029822,104.244.42.0-255,66,145336,7,190548
29466,0.029875,104.244.42.0-255,66,145402,7,190548
29467,0.029921,104.244.42.0-255,66,145468,7,190548
29468,0.031299,74.125.24.0-255,5738,151206,7,190548
29469,0.031304,172.31.36.0-255,66,151272,7,190548
29470,0.033842,74.125.24.0-255,4320,155592,7,190548
29471,0.033866,172.31.36.0-255,66,155658,7,190548
29472,0.033891,74.125.24.0-255,1484,157142,7,190548
29473,0.036399,74.125.24.0-255,4320,161462,7,190548
29474,0.036404,172.31.36.0-255,66,161528,7,190548
29475,0.038944,74.125.24.0-255,5738,167266,7,190548
29476,0.038949,172.31.36.0-255,66,167332,7,190548
29477,0.041496,74.125.24.0-255,5738,173070,7,190548
29478,0.041501,172.31.36.0-255,66,173136,7,190548
29479,0.044009,74.125.24.0-255,5738,178874,7,190548
29480,0.044015,172.31.36.0-255,66,178940,7,190548
29481,0.046523,74.125.24.0-255,5738,184678,7,190548
29482,0.046529,172.31.36.0-255,66,184744,7,190548
29483,0.049066,74.125.24.0-255,5738,190482,7,190548
29484,0.049071,172.31.36.0-255,66,190548,7,190548
29485,0.0,74.125.24.0-255,152,152,7,216486
29486,3.3e-05,172.31.36.0-255,66,218,7,216486
29487,4e-05,74.125.24.0-255,1484,1702,7,216486
29488,4.4e-05,172.31.36.0-255,66,1768,7,216486
29489,4.9e-05,74.125.24.0-255,2902,4670,7,216486
29490,5.1e-05,172.31.36.0-255,66,4736,7,216486
29491,7.4e-05,74.125.24.0-255,4320,9056,7,216486
29492,7.6e-05,172.31.36.0-255,66,9122,7,216486
29493,0.000112,74.125.24.0-255,4822,13944,7,216486
29494,0.000115,172.31.36.0-255,66,14010,7,216486
29495,0.000196,74.125.24.0-255,1484,15494,7,216486
29496,0.0002,172.31.36.0-255,66,15560,7,216486
29497,0.000204,74.125.24.0-255,1484,17044,7,216486
29498,0.000206,172.31.36.0-255,66,17110,7,216486
29499,0.00022,74.125.24.0-255,1484,18594,7,216486
29500,0.000222,172.31.36.0-255,66,18660,7,216486
29501,0.000228,74.125.24.0-255,2902,21562,7,216486
29502,0.000232,172.31.36.0-255,66,21628,7,216486
29503,0.000252,74.125.24.0-255,2902,24530,7,216486
29504,0.000254,172.31.36.0-255,66,24596,7,216486
29505,0.00026,74.125.24.0-255,4320,28916,7,216486
29506,0.000262,172.31.36.0-255,66,28982,7,216486
29507,0.00028,74.125.24.0-255,2543,31525,7,216486
29508,0.000283,172.31.36.0-255,66,31591,7,216486
29509,0.000303,74.125.24.0-255,5738,37329,7,216486
29510,0.000306,172.31.36.0-255,66,37395,7,216486
29511,0.000328,74.125.24.0-255,1484,38879,7,216486
29512,0.000332,172.31.36.0-255,66,38945,7,216486
29513,0.000337,74.125.24.0-255,2902,41847,7,216486
29514,0.000341,172.31.36.0-255,66,41913,7,216486
29515,0.000358,74.125.24.0-255,1484,43397,7,216486
29516,0.000362,172.31.36.0-255,66,43463,7,216486
29517,0.000386,74.125.24.0-255,5379,48842,7,216486
29518,0.00039,172.31.36.0-255,66,48908,7,216486
29519,0.000454,74.125.24.0-255,1484,50392,7,216486
29520,0.00046,74.125.24.0-255,2902,53294,7,216486
29521,0.000463,172.31.36.0-255,66,53360,7,216486
29522,0.00048,74.125.24.0-255,2902,56262,7,216486
29523,0.000483,172.31.36.0-255,66,56328,7,216486
29524,0.000505,74.125.24.0-255,2902,59230,7,216486
29525,0.000508,172.31.36.0-255,66,59296,7,216486
29526,0.000512,74.125.24.0-255,2902,62198,7,216486
29527,0.000515,172.31.36.0-255,66,62264,7,216486
29528,0.000529,74.125.24.0-255,3961,66225,7,216486
29529,0.000532,172.31.36.0-255,66,66291,7,216486
29530,0.001002,74.125.24.0-255,647,66938,7,216486
29531,0.001162,74.125.24.0-255,1484,68422,7,216486
29532,0.001168,172.31.36.0-255,66,68488,7,216486
29533,0.001174,74.125.24.0-255,2902,71390,7,216486
29534,0.001176,172.31.36.0-255,66,71456,7,216486
29535,0.001202,74.125.24.0-255,5738,77194,7,216486
29536,0.001204,172.31.36.0-255,66,77260,7,216486
29537,0.001242,172.31.36.0-255,66,77326,7,216486
29538,0.001255,172.31.36.0-255,66,77392,7,216486
29539,0.002267,74.125.24.0-255,1484,78876,7,216486
29540,0.002274,74.125.24.0-255,2902,81778,7,216486
29541,0.002278,172.31.36.0-255,66,81844,7,216486
29542,0.002283,74.125.24.0-255,1484,83328,7,216486
29543,0.002298,74.125.24.0-255,4320,87648,7,216486
29544,0.0023,172.31.36.0-255,66,87714,7,216486
29545,0.002329,172.31.36.0-255,66,87780,7,216486
29546,0.002363,74.125.24.0-255,5738,93518,7,216486
29547,0.002365,172.31.36.0-255,66,93584,7,216486
29548,0.00238,74.125.24.0-255,5020,98604,7,216486
29549,0.002382,172.31.36.0-255,66,98670,7,216486
29550,0.004714,74.125.24.0-255,5738,104408,7,216486
29551,0.004716,172.31.36.0-255,66,104474,7,216486
29552,0.007082,74.125.24.0-255,5738,110212,7,216486
29553,0.007089,172.31.36.0-255,66,110278,7,216486
29554,0.009454,74.125.24.0-255,5738,116016,7,216486
29555,0.009461,172.31.36.0-255,66,116082,7,216486
29556,0.011798,74.125.24.0-255,5738,121820,7,216486
29557,0.011805,172.31.36.0-255,66,121886,7,216486
29558,0.014133,74.125.24.0-255,5738,127624,7,216486
29559,0.014142,172.31.36.0-255,66,127690,7,216486
29560,0.016494,74.125.24.0-255,5738,133428,7,216486
29561,0.016503,172.31.36.0-255,66,133494,7,216486
29562,0.018852,74.125.24.0-255,5738,139232,7,216486
29563,0.018859,172.31.36.0-255,66,139298,7,216486
29564,0.021219,74.125.24.0-255,5738,145036,7,216486
29565,0.021226,172.31.36.0-255,66,145102,7,216486
29566,0.023582,74.125.24.0-255,5738,150840,7,216486
29567,0.023588,172.31.36.0-255,66,150906,7,216486
29568,0.02592,74.125.24.0-255,5738,156644,7,216486
29569,0.025926,172.31.36.0-255,66,156710,7,216486
29570,0.026419,172.31.36.0-255,188,156898,7,216486
29571,0.026445,172.31.36.0-255,958,157856,7,216486
29572,0.026492,172.31.36.0-255,1514,159370,7,216486
29573,0.026494,172.31.36.0-255,1450,160820,7,216486
29574,0.027937,104.244.42.0-255,66,160886,7,216486
29575,0.027945,104.244.42.0-255,66,160952,7,216486
29576,0.028053,104.244.42.0-255,66,161018,7,216486
29577,0.028265,74.125.24.0-255,2902,163920,7,216486
29578,0.02827,172.31.36.0-255,66,163986,7,216486
29579,0.028288,74.125.24.0-255,2902,166888,7,216486
29580,0.028291,172.31.36.0-255,66,166954,7,216486
29581,0.030606,74.125.24.0-255,4320,171274,7,216486
29582,0.030611,172.31.36.0-255,66,171340,7,216486
29583,0.030645,74.125.24.0-255,1484,172824,7,216486
29584,0.03295,74.125.24.0-255,4320,177144,7,216486
29585,0.032957,172.31.36.0-255,66,177210,7,216486
29586,0.035304,74.125.24.0-255,5738,182948,7,216486
29587,0.03531,172.31.36.0-255,66,183014,7,216486
29588,0.037647,74.125.24.0-255,5738,188752,7,216486
29589,0.037652,172.31.36.0-255,66,188818,7,216486
29590,0.040006,74.125.24.0-255,5738,194556,7,216486
29591,0.04001,172.31.36.0-255,66,194622,7,216486
29592,0.042359,74.125.24.0-255,4320,198942,7,216486
29593,0.042365,172.31.36.0-255,66,199008,7,216486
29594,0.042391,74.125.24.0-255,1484,200492,7,216486
29595,0.044703,74.125.24.0-255,4320,204812,7,216486
29596,0.044709,172.31.36.0-255,66,204878,7,216486
29597,0.047064,74.125.24.0-255,5738,210616,7,216486
29598,0.047069,172.31.36.0-255,66,210682,7,216486
29599,0.049413,74.125.24.0-255,5738,216420,7,216486
29600,0.04942,172.31.36.0-255,66,216486,7,216486
29601,0.0,74.125.24.0-255,148,148,7,229786
29602,3.7e-05,172.31.36.0-255,66,214,7,229786
29603,4.4e-05,74.125.24.0-255,1484,1698,7,229786
29604,4.8e-05,172.31.36.0-255,66,1764,7,229786
29605,5.3e-05,74.125.24.0-255,2902,4666,7,229786
29606,5.6e-05,172.31.36.0-255,66,4732,7,229786
29607,6.5e-05,74.125.24.0-255,7156,11888,7,229786
29608,6.7e-05,172.31.36.0-255,66,11954,7,229786
29609,7.5e-05,74.125.24.0-255,7156,19110,7,229786
29610,7.8e-05,172.31.36.0-255,66,19176,7,229786
29611,9.8e-05,74.125.24.0-255,4836,24012,7,229786
29612,0.000101,172.31.36.0-255,66,24078,7,229786
29613,0.00013,74.125.24.0-255,6797,30875,7,229786
29614,0.000133,172.31.36.0-255,66,30941,7,229786
29615,0.000173,74.125.24.0-255,1484,32425,7,229786
29616,0.000178,172.31.36.0-255,66,32491,7,229786
29617,0.000183,74.125.24.0-255,2902,35393,7,229786
29618,0.000185,172.31.36.0-255,66,35459,7,229786
29619,0.000221,74.125.24.0-255,5738,41197,7,229786
29620,0.000224,172.31.36.0-255,66,41263,7,229786
29621,0.00023,74.125.24.0-255,4320,45583,7,229786
29622,0.000233,172.31.36.0-255,66,45649,7,229786
29623,0.000265,172.31.36.0-255,66,45715,7,229786
29624,0.000268,74.125.24.0-255,1484,47199,7,229786
29625,0.00027,172.31.36.0-255,66,47265,7,229786
29626,0.000331,172.31.36.0-255,66,47331,7,229786
29627,0.000351,74.125.24.0-255,1405,48736,7,229786
29628,0.000353,172.31.36.0-255,66,48802,7,229786
29629,0.00051,74.125.24.0-255,377,49179,7,229786
29630,0.000518,172.31.36.0-255,66,49245,7,229786
29631,0.000833,74.125.24.0-255,1484,50729,7,229786
29632,0.000841,74.125.24.0-255,2902,53631,7,229786
29633,0.000846,74.125.24.0-255,5738,59369,7,229786
29634,0.000846,172.31.36.0-255,66,59435,7,229786
29635,0.00085,172.31.36.0-255,66,59501,7,229786
29636,0.000891,74.125.24.0-255,6797,66298,7,229786
29637,0.000895,172.31.36.0-255,66,66364,7,229786
29638,0.000921,74.125.24.0-255,7156,73520,7,229786
29639,0.000924,172.31.36.0-255,66,73586,7,229786
29640,0.000968,172.31.36.0-255,66,73652,7,229786
29641,0.001332,74.125.24.0-255,1484,75136,7,229786
29642,0.001339,74.125.24.0-255,2902,78038,7,229786
29643,0.001343,74.125.24.0-255,2902,80940,7,229786
29644,0.001345,172.31.36.0-255,66,81006,7,229786
29645,0.001349,172.31.36.0-255,66,81072,7,229786
29646,0.001357,74.125.24.0-255,2902,83974,7,229786
29647,0.00136,172.31.36.0-255,66,84040,7,229786
29648,0.001363,74.125.24.0-255,1484,85524,7,229786
29649,0.001401,172.31.36.0-255,66,85590,7,229786
29650,0.001421,74.125.24.0-255,1484,87074,7,229786
29651,0.001435,172.31.36.0-255,66,87140,7,229786
29652,0.002104,74.125.24.0-255,1484,88624,7,229786
29653,0.002125,74.125.24.0-255,2902,91526,7,229786
29654,0.002129,172.31.36.0-255,66,91592,7,229786
29655,0.002134,74.125.24.0-255,4320,95912,7,229786
29656,0.002137,172.31.36.0-255,66,95978,7,229786
29657,0.002148,172.31.36.0-255,66,96044,7,229786
29658,0.002176,74.125.24.0-255,4320,100364,7,229786
29659,0.002179,172.31.36.0-255,66,100430,7,229786
29660,0.00221,172.31.36.0-255,66,100496,7,229786
29661,0.004342,74.125.24.0-255,4320,104816,7,229786
29662,0.00435,172.31.36.0-255,66,104882,7,229786
29663,0.004379,74.125.24.0-255,1484,106366,7,229786
29664,0.006504,74.125.24.0-255,4320,110686,7,229786
29665,0.006511,172.31.36.0-255,66,110752,7,229786
29666,0.008617,74.125.24.0-255,5738,116490,7,229786
29667,0.00863,172.31.36.0-255,66,116556,7,229786
29668,0.010804,74.125.24.0-255,4320,120876,7,229786
29669,0.010813,172.31.36.0-255,66,120942,7,229786
29670,0.010844,74.125.24.0-255,1484,122426,7,229786
29671,0.012976,74.125.24.0-255,4320,126746,7,229786
29672,0.012984,172.31.36.0-255,66,126812,7,229786
29673,0.015134,74.125.24.0-255,5738,132550,7,229786
29674,0.015163,172.31.36.0-255,66,132616,7,229786
29675,0.01727,74.125.24.0-255,5738,138354,7,229786
29676,0.017276,172.31.36.0-255,66,138420,7,229786
29677,0.019438,74.125.24.0-255,5738,144158,7,229786
29678,0.019447,172.31.36.0-255,66,144224,7,229786
29679,0.021644,74.125.24.0-255,5738,149962,7,229786
29680,0.021652,172.31.36.0-255,66,150028,7,229786
29681,0.023771,74.125.24.0-255,5738,155766,7,229786
29682,0.023778,172.31.36.0-255,66,155832,7,229786
29683,0.025924,74.125.24.0-255,5738,161570,7,229786
29684,0.025931,172.31.36.0-255,66,161636,7,229786
29685,0.02809,74.125.24.0-255,5738,167374,7,229786
29686,0.028106,172.31.36.0-255,66,167440,7,229786
29687,0.030214,74.125.24.0-255,5738,173178,7,229786
29688,0.030226,172.31.36.0-255,66,173244,7,229786
29689,0.032351,74.125.24.0-255,5738,178982,7,229786
29690,0.032364,172.31.36.0-255,66,179048,7,229786
29691,0.034552,74.125.24.0-255,5738,184786,7,229786
29692,0.034567,172.31.36.0-255,66,184852,7,229786
29693,0.036686,74.125.24.0-255,5738,190590,7,229786
29694,0.036697,172.31.36.0-255,66,190656,7,229786
29695,0.03887,74.125.24.0-255,5738,196394,7,229786
29696,0.038883,172.31.36.0-255,66,196460,7,229786
29697,0.040139,172.31.36.0-255,188,196648,7,229786
29698,0.040176,172.31.36.0-255,958,197606,7,229786
29699,0.040247,172.31.36.0-255,1514,199120,7,229786
29700,0.040249,172.31.36.0-255,1448,200568,7,229786
29701,0.041023,74.125.24.0-255,5738,206306,7,229786
29702,0.041031,172.31.36.0-255,66,206372,7,229786
29703,0.041691,104.244.42.0-255,66,206438,7,229786
29704,0.041722,104.244.42.0-255,66,206504,7,229786
29705,0.041866,104.244.42.0-255,66,206570,7,229786
29706,0.043193,74.125.24.0-255,5738,212308,7,229786
29707,0.043201,172.31.36.0-255,66,212374,7,229786
29708,0.04532,74.125.24.0-255,5738,218112,7,229786
29709,0.045328,172.31.36.0-255,66,218178,7,229786
29710,0.047488,74.125.24.0-255,5738,223916,7,229786
29711,0.047498,172.31.36.0-255,66,223982,7,229786
29712,0.049647,74.125.24.0-255,5738,229720,7,229786
29713,0.049653,172.31.36.0-255,66,229786,7,229786
29714,0.0,172.217.27.0-255,153,153,7,273661
29715,1.5e-05,172.31.36.0-255,66,219,7,273661
29716,2.3e-05,172.217.27.0-255,1484,1703,7,273661
29717,2.7e-05,172.31.36.0-255,66,1769,7,273661
29718,4.1e-05,172.217.27.0-255,2902,4671,7,273661
29719,4.5e-05,172.31.36.0-255,66,4737,7,273661
29720,4.8e-05,172.217.27.0-255,1484,6221,7,273661
29721,5e-05,172.31.36.0-255,66,6287,7,273661
29722,5.7e-05,172.217.27.0-255,5738,12025,7,273661
29723,5.9e-05,172.31.36.0-255,66,12091,7,273661
29724,7.6e-05,172.217.27.0-255,2066,14157,7,273661
29725,8.3e-05,172.31.36.0-255,66,14223,7,273661
29726,0.000111,172.217.27.0-255,2902,17125,7,273661
29727,0.000114,172.31.36.0-255,66,17191,7,273661
29728,0.000121,172.217.27.0-255,4320,21511,7,273661
29729,0.000123,172.31.36.0-255,66,21577,7,273661
29730,0.000152,172.217.27.0-255,2902,24479,7,273661
29731,0.000154,172.31.36.0-255,66,24545,7,273661
29732,0.000162,172.217.27.0-255,6797,31342,7,273661
29733,0.000164,172.31.36.0-255,66,31408,7,273661
29734,0.000211,172.217.27.0-255,1484,32892,7,273661
29735,0.000214,172.31.36.0-255,66,32958,7,273661
29736,0.000219,172.217.27.0-255,2902,35860,7,273661
29737,0.000221,172.31.36.0-255,66,35926,7,273661
29738,0.000224,172.217.27.0-255,1484,37410,7,273661
29739,0.000226,172.31.36.0-255,66,37476,7,273661
29740,0.000249,172.217.27.0-255,1484,38960,7,273661
29741,0.000257,172.31.36.0-255,66,39026,7,273661
29742,0.000262,172.217.27.0-255,4320,43346,7,273661
29743,0.000265,172.31.36.0-255,66,43412,7,273661
29744,0.000293,172.217.27.0-255,5379,48791,7,273661
29745,0.0003,172.31.36.0-255,66,48857,7,273661
29746,0.000396,172.217.27.0-255,1484,50341,7,273661
29747,0.000402,172.217.27.0-255,2902,53243,7,273661
29748,0.000405,172.31.36.0-255,66,53309,7,273661
29749,0.000411,172.217.27.0-255,2902,56211,7,273661
29750,0.000414,172.31.36.0-255,66,56277,7,273661
29751,0.000446,172.217.27.0-255,2902,59179,7,273661
29752,0.000449,172.31.36.0-255,66,59245,7,273661
29753,0.000456,172.217.27.0-255,7124,66369,7,273661
29754,0.000459,172.31.36.0-255,66,66435,7,273661
29755,0.000754,172.217.27.0-255,116,66551,7,273661
29756,0.000872,172.217.27.0-255,1484,68035,7,273661
29757,0.000877,172.31.36.0-255,66,68101,7,273661
29758,0.000883,172.217.27.0-255,2902,71003,7,273661
29759,0.000885,172.31.36.0-255,66,71069,7,273661
29760,0.00089,172.217.27.0-255,2902,73971,7,273661
29761,0.000891,172.31.36.0-255,66,74037,7,273661
29762,0.000901,172.217.27.0-255,4320,78357,7,273661
29763,0.000903,172.31.36.0-255,66,78423,7,273661
29764,0.000944,172.217.27.0-255,5379,83802,7,273661
29765,0.000947,172.31.36.0-255,66,83868,7,273661
29766,0.000952,172.217.27.0-255,2902,86770,7,273661
29767,0.000954,172.31.36.0-255,66,86836,7,273661
29768,0.000985,172.217.27.0-255,2902,89738,7,273661
29769,0.000988,172.31.36.0-255,66,89804,7,273661
29770,0.000995,172.217.27.0-255,4320,94124,7,273661
29771,0.000997,172.31.36.0-255,66,94190,7,273661
29772,0.001028,172.217.27.0-255,6797,100987,7,273661
29773,0.001031,172.31.36.0-255,66,101053,7,273661
29774,0.002652,172.217.27.0-255,5738,106791,7,273661
29775,0.00266,172.31.36.0-255,66,106857,7,273661
29776,0.004288,172.217.27.0-255,5738,112595,7,273661
29777,0.004292,172.31.36.0-255,66,112661,7,273661
29778,0.005921,172.217.27.0-255,5738,118399,7,273661
29779,0.005928,172.31.36.0-255,66,118465,7,273661
29780,0.007552,172.217.27.0-255,5738,124203,7,273661
29781,0.007558,172.31.36.0-255,66,124269,7,273661
29782,0.009184,172.217.27.0-255,5738,130007,7,273661
29783,0.009192,172.31.36.0-255,66,130073,7,273661
29784,0.010817,172.217.27.0-255,5738,135811,7,273661
29785,0.010825,172.31.36.0-255,66,135877,7,273661
29786,0.01245,172.217.27.0-255,5738,141615,7,273661
29787,0.012457,172.31.36.0-255,66,141681,7,273661
29788,0.014084,172.217.27.0-255,5738,147419,7,273661
29789,0.014092,172.31.36.0-255,66,147485,7,273661
29790,0.015715,172.217.27.0-255,5738,153223,7,273661
29791,0.015723,172.31.36.0-255,66,153289,7,273661
29792,0.01735,172.217.27.0-255,5738,159027,7,273661
29793,0.017358,172.31.36.0-255,66,159093,7,273661
29794,0.019019,172.217.27.0-255,5738,164831,7,273661
29795,0.019029,172.31.36.0-255,66,164897,7,273661
29796,0.020655,172.217.27.0-255,5738,170635,7,273661
29797,0.020663,172.31.36.0-255,66,170701,7,273661
29798,0.022286,172.217.27.0-255,5738,176439,7,273661
29799,0.022293,172.31.36.0-255,66,176505,7,273661
29800,0.023923,172.217.27.0-255,5738,182243,7,273661
29801,0.023931,172.31.36.0-255,66,182309,7,273661
29802,0.02556,172.217.27.0-255,5738,188047,7,273661
29803,0.025568,172.31.36.0-255,66,188113,7,273661
29804,0.027197,172.217.27.0-255,5738,193851,7,273661
29805,0.027204,172.31.36.0-255,66,193917,7,273661
29806,0.028838,172.217.27.0-255,5738,199655,7,273661
29807,0.028846,172.31.36.0-255,66,199721,7,273661
29808,0.03047,172.217.27.0-255,5738,205459,7,273661
29809,0.030478,172.31.36.0-255,66,205525,7,273661
29810,0.032104,172.217.27.0-255,5738,211263,7,273661
29811,0.032111,172.31.36.0-255,66,211329,7,273661
29812,0.032217,172.31.36.0-255,172,211501,7,273661
29813,0.032245,172.31.36.0-255,1114,212615,7,273661
29814,0.032305,172.31.36.0-255,1514,214129,7,273661
29815,0.032307,172.31.36.0-255,1294,215423,7,273661
29816,0.033707,104.244.42.0-255,66,215489,7,273661
29817,0.033736,104.244.42.0-255,66,215555,7,273661
29818,0.033759,172.217.27.0-255,5738,221293,7,273661
29819,0.033765,172.31.36.0-255,66,221359,7,273661
29820,0.033801,104.244.42.0-255,66,221425,7,273661
29821,0.03539,172.217.27.0-255,5738,227163,7,273661
29822,0.035397,172.31.36.0-255,66,227229,7,273661
29823,0.037032,172.217.27.0-255,5738,232967,7,273661
29824,0.037039,172.31.36.0-255,66,233033,7,273661
29825,0.03867,172.217.27.0-255,5738,238771,7,273661
29826,0.038679,172.31.36.0-255,66,238837,7,273661
29827,0.040315,172.217.27.0-255,5738,244575,7,273661
29828,0.040321,172.31.36.0-255,66,244641,7,273661
29829,0.041956,172.217.27.0-255,5738,250379,7,273661
29830,0.041963,172.31.36.0-255,66,250445,7,273661
29831,0.043601,172.217.27.0-255,5738,256183,7,273661
29832,0.043608,172.31.36.0-255,66,256249,7,273661
29833,0.045239,172.217.27.0-255,5738,261987,7,273661
29834,0.045246,172.31.36.0-255,66,262053,7,273661
29835,0.046868,172.217.27.0-255,5738,267791,7,273661
29836,0.046874,172.31.36.0-255,66,267857,7,273661
29837,0.048503,172.217.27.0-255,5738,273595,7,273661
29838,0.048509,172.31.36.0-255,66,273661,7,273661
29839,0.0,172.217.194.0-255,153,153,7,141555
29840,3.4e-05,172.31.36.0-255,66,219,7,141555
29841,4.1e-05,172.217.194.0-255,1484,1703,7,141555
29842,4.6e-05,172.31.36.0-255,66,1769,7,141555
29843,5.1e-05,172.217.194.0-255,2902,4671,7,141555
29844,5.3e-05,172.31.36.0-255,66,4737,7,141555
29845,0.000112,172.217.194.0-255,7156,11893,7,141555
29846,0.000115,172.31.36.0-255,66,11959,7,141555
29847,0.000293,172.217.194.0-255,4320,16279,7,141555
29848,0.000298,172.31.36.0-255,66,16345,7,141555
29849,0.000322,172.31.36.0-255,66,16411,7,141555
29850,0.000631,172.31.36.0-255,66,16477,7,141555
29851,0.00066,172.31.36.0-255,66,16543,7,141555
29852,0.001156,172.217.194.0-255,2543,19086,7,141555
29853,0.001162,172.31.36.0-255,66,19152,7,141555
29854,0.001221,172.217.194.0-255,2902,22054,7,141555
29855,0.001224,172.31.36.0-255,66,22120,7,141555
29856,0.001253,172.31.36.0-255,66,22186,7,141555
29857,0.001656,172.217.194.0-255,2902,25088,7,141555
29858,0.001658,172.31.36.0-255,66,25154,7,141555
29859,0.001689,172.31.36.0-255,66,25220,7,141555
29860,0.001717,172.31.36.0-255,66,25286,7,141555
29861,0.002547,172.217.194.0-255,4320,29606,7,141555
29862,0.00255,172.31.36.0-255,66,29672,7,141555
29863,0.002584,172.31.36.0-255,66,29738,7,141555
29864,0.004584,172.31.36.0-255,66,29804,7,141555
29865,0.006874,172.217.194.0-255,5738,35542,7,141555
29866,0.00688,172.31.36.0-255,66,35608,7,141555
29867,0.009153,172.217.194.0-255,5738,41346,7,141555
29868,0.010149,172.31.36.0-255,66,41412,7,141555
29869,0.012445,172.217.194.0-255,5738,47150,7,141555
29870,0.012454,172.31.36.0-255,66,47216,7,141555
29871,0.014726,172.217.194.0-255,5738,52954,7,141555
29872,0.014733,172.31.36.0-255,66,53020,7,141555
29873,0.017026,172.217.194.0-255,5738,58758,7,141555
29874,0.017033,172.31.36.0-255,66,58824,7,141555
29875,0.017381,172.31.36.0-255,164,58988,7,141555
29876,0.01741,172.31.36.0-255,1122,60110,7,141555
29877,0.017449,172.31.36.0-255,1514,61624,7,141555
29878,0.017451,172.31.36.0-255,323,61947,7,141555
29879,0.01892,104.244.42.0-255,66,62013,7,141555
29880,0.018952,104.244.42.0-255,66,62079,7,141555
29881,0.019001,104.244.42.0-255,66,62145,7,141555
29882,0.019304,172.217.194.0-255,1484,63629,7,141555
29883,0.019335,172.217.194.0-255,4320,67949,7,141555
29884,0.01934,172.31.36.0-255,66,68015,7,141555
29885,0.021599,172.217.194.0-255,5738,73753,7,141555
29886,0.021605,172.31.36.0-255,66,73819,7,141555
29887,0.023875,172.217.194.0-255,5738,79557,7,141555
29888,0.02388,172.31.36.0-255,66,79623,7,141555
29889,0.026162,172.217.194.0-255,4320,83943,7,141555
29890,0.026166,172.31.36.0-255,66,84009,7,141555
29891,0.02619,172.217.194.0-255,1484,85493,7,141555
29892,0.028457,172.217.194.0-255,4320,89813,7,141555
29893,0.028461,172.31.36.0-255,66,89879,7,141555
29894,0.030737,172.217.194.0-255,4320,94199,7,141555
29895,0.030742,172.31.36.0-255,66,94265,7,141555
29896,0.030775,172.217.194.0-255,1484,95749,7,141555
29897,0.033015,172.217.194.0-255,4320,100069,7,141555
29898,0.03302,172.31.36.0-255,66,100135,7,141555
29899,0.035287,172.217.194.0-255,5738,105873,7,141555
29900,0.035342,172.31.36.0-255,66,105939,7,141555
29901,0.037594,172.217.194.0-255,2902,108841,7,141555
29902,0.037598,172.31.36.0-255,66,108907,7,141555
29903,0.037631,172.217.194.0-255,2902,111809,7,141555
29904,0.037644,172.31.36.0-255,66,111875,7,141555
29905,0.039889,172.217.194.0-255,2902,114777,7,141555
29906,0.039893,172.31.36.0-255,66,114843,7,141555
29907,0.039927,172.217.194.0-255,2902,117745,7,141555
29908,0.039938,172.31.36.0-255,66,117811,7,141555
29909,0.042163,172.217.194.0-255,2902,120713,7,141555
29910,0.042167,172.31.36.0-255,66,120779,7,141555
29911,0.042209,172.217.194.0-255,2902,123681,7,141555
29912,0.042315,172.31.36.0-255,66,123747,7,141555
29913,0.044462,172.217.194.0-255,2902,126649,7,141555
29914,0.044468,172.31.36.0-255,66,126715,7,141555
29915,0.044577,172.217.194.0-255,2902,129617,7,141555
29916,0.044582,172.31.36.0-255,66,129683,7,141555
29917,0.04677,172.217.194.0-255,2902,132585,7,141555
29918,0.046775,172.31.36.0-255,66,132651,7,141555
29919,0.046875,172.217.194.0-255,2902,135553,7,141555
29920,0.04688,172.31.36.0-255,66,135619,7,141555
29921,0.049068,172.217.194.0-255,2902,138521,7,141555
29922,0.049074,172.31.36.0-255,66,138587,7,141555
29923,0.04915,172.217.194.0-255,2902,141489,7,141555
29924,0.049159,172.31.36.0-255,66,141555,7,141555
29925,0.0,74.125.68.0-255,299,299,7,181074
29926,2.9e-05,172.31.36.0-255,66,365,7,181074
29927,3.7e-05,74.125.68.0-255,1484,1849,7,181074
29928,4.2e-05,172.31.36.0-255,66,1915,7,181074
29929,4.5e-05,74.125.68.0-255,1484,3399,7,181074
29930,4.6e-05,172.31.36.0-255,66,3465,7,181074
29931,5.1e-05,74.125.68.0-255,2902,6367,7,181074
29932,5.3e-05,172.31.36.0-255,66,6433,7,181074
29933,7.8e-05,74.125.68.0-255,5738,12171,7,181074
29934,8e-05,172.31.36.0-255,66,12237,7,181074
29935,9.3e-05,74.125.68.0-255,1750,13987,7,181074
29936,9.6e-05,172.31.36.0-255,66,14053,7,181074
29937,0.0001,74.125.68.0-255,2902,16955,7,181074
29938,0.000102,172.31.36.0-255,66,17021,7,181074
29939,0.000138,74.125.68.0-255,2902,19923,7,181074
29940,0.000142,172.31.36.0-255,66,19989,7,181074
29941,0.000161,74.125.68.0-255,4320,24309,7,181074
29942,0.000164,172.31.36.0-255,66,24375,7,181074
29943,0.000193,74.125.68.0-255,4320,28695,7,181074
29944,0.000196,172.31.36.0-255,66,28761,7,181074
29945,0.00021,74.125.68.0-255,2543,31304,7,181074
29946,0.000214,172.31.36.0-255,66,31370,7,181074
29947,0.002064,74.125.68.0-255,1484,32854,7,181074
29948,0.002072,172.31.36.0-255,66,32920,7,181074
29949,0.002082,74.125.68.0-255,2902,35822,7,181074
29950,0.002084,172.31.36.0-255,66,35888,7,181074
29951,0.002089,74.125.68.0-255,4320,40208,7,181074
29952,0.002091,172.31.36.0-255,66,40274,7,181074
29953,0.002111,74.125.68.0-255,1484,41758,7,181074
29954,0.002113,172.31.36.0-255,66,41824,7,181074
29955,0.002128,74.125.68.0-255,4320,46144,7,181074
29956,0.00213,172.31.36.0-255,66,46210,7,181074
29957,0.00215,74.125.68.0-255,2902,49112,7,181074
29958,0.002152,172.31.36.0-255,66,49178,7,181074
29959,0.002162,172.31.36.0-255,66,49244,7,181074
29960,0.002195,74.125.68.0-255,4320,53564,7,181074
29961,0.002197,172.31.36.0-255,66,53630,7,181074
29962,0.002218,74.125.68.0-255,3602,57232,7,181074
29963,0.002219,172.31.36.0-255,66,57298,7,181074
29964,0.004441,74.125.68.0-255,4320,61618,7,181074
29965,0.004447,172.31.36.0-255,66,61684,7,181074
29966,0.004466,74.125.68.0-255,1484,63168,7,181074
29967,0.006686,74.125.68.0-255,4320,67488,7,181074
29968,0.006691,172.31.36.0-255,66,67554,7,181074
29969,0.008938,74.125.68.0-255,5738,73292,7,181074
29970,0.008945,172.31.36.0-255,66,73358,7,181074
29971,0.011192,74.125.68.0-255,5738,79096,7,181074
29972,0.011199,172.31.36.0-255,66,79162,7,181074
29973,0.013449,74.125.68.0-255,5738,84900,7,181074
29974,0.013459,172.31.36.0-255,66,84966,7,181074
29975,0.015702,74.125.68.0-255,5738,90704,7,181074
29976,0.015711,172.31.36.0-255,66,90770,7,181074
29977,0.017948,74.125.68.0-255,5738,96508,7,181074
29978,0.017955,172.31.36.0-255,66,96574,7,181074
29979,0.020203,74.125.68.0-255,5738,102312,7,181074
29980,0.020209,172.31.36.0-255,66,102378,7,181074
29981,0.020946,172.31.36.0-255,172,102550,7,181074
29982,0.020979,172.31.36.0-255,1114,103664,7,181074
29983,0.021042,172.31.36.0-255,1514,105178,7,181074
29984,0.021044,172.31.36.0-255,1292,106470,7,181074
29985,0.022469,104.244.42.0-255,66,106536,7,181074
29986,0.022502,74.125.68.0-255,5738,112274,7,181074
29987,0.022507,172.31.36.0-255,66,112340,7,181074
29988,0.022558,104.244.42.0-255,66,112406,7,181074
29989,0.022602,104.244.42.0-255,66,112472,7,181074
29990,0.023123,104.244.42.0-255,108,112580,7,181074
29991,0.023129,172.31.36.0-255,66,112646,7,181074
29992,0.024766,74.125.68.0-255,5738,118384,7,181074
29993,0.024773,172.31.36.0-255,66,118450,7,181074
29994,0.027039,74.125.68.0-255,5738,124188,7,181074
29995,0.02706,172.31.36.0-255,66,124254,7,181074
29996,0.02931,74.125.68.0-255,5738,129992,7,181074
29997,0.029316,172.31.36.0-255,66,130058,7,181074
29998,0.031558,74.125.68.0-255,2902,132960,7,181074
29999,0.031565,172.31.36.0-255,66,133026,7,181074
30000,0.031587,74.125.68.0-255,2902,135928,7,181074
30001,0.03159,172.31.36.0-255,66,135994,7,181074
30002,0.033827,74.125.68.0-255,4320,140314,7,181074
30003,0.033835,172.31.36.0-255,66,140380,7,181074
30004,0.033853,74.125.68.0-255,1484,141864,7,181074
30005,0.036126,74.125.68.0-255,4320,146184,7,181074
30006,0.036133,172.31.36.0-255,66,146250,7,181074
30007,0.038374,74.125.68.0-255,5738,151988,7,181074
30008,0.03838,172.31.36.0-255,66,152054,7,181074
30009,0.04063,74.125.68.0-255,5738,157792,7,181074
30010,0.040637,172.31.36.0-255,66,157858,7,181074
30011,0.042896,74.125.68.0-255,5738,163596,7,181074
30012,0.042903,172.31.36.0-255,66,163662,7,181074
30013,0.045162,74.125.68.0-255,5738,169400,7,181074
30014,0.045169,172.31.36.0-255,66,169466,7,181074
30015,0.047423,74.125.68.0-255,5738,175204,7,181074
30016,0.04743,172.31.36.0-255,66,175270,7,181074
30017,0.049683,74.125.68.0-255,5738,181008,7,181074
30018,0.04969,172.31.36.0-255,66,181074,7,181074
30019,0.0,74.125.24.0-255,153,153,7,265405
30020,3.4e-05,172.31.36.0-255,66,219,7,265405
30021,4.2e-05,74.125.24.0-255,1484,1703,7,265405
30022,4.6e-05,172.31.36.0-255,66,1769,7,265405
30023,6e-05,74.125.24.0-255,2902,4671,7,265405
30024,6.3e-05,172.31.36.0-255,66,4737,7,265405
30025,7e-05,74.125.24.0-255,7156,11893,7,265405
30026,7.3e-05,172.31.36.0-255,66,11959,7,265405
30027,7.7e-05,74.125.24.0-255,2015,13974,7,265405
30028,7.9e-05,172.31.36.0-255,66,14040,7,265405
30029,0.000139,74.125.24.0-255,1484,15524,7,265405
30030,0.000143,172.31.36.0-255,66,15590,7,265405
30031,0.000148,74.125.24.0-255,2902,18492,7,265405
30032,0.000151,172.31.36.0-255,66,18558,7,265405
30033,0.000154,74.125.24.0-255,1484,20042,7,265405
30034,0.000161,172.31.36.0-255,66,20108,7,265405
30035,0.000197,74.125.24.0-255,4320,24428,7,265405
30036,0.0002,172.31.36.0-255,66,24494,7,265405
30037,0.000205,74.125.24.0-255,4320,28814,7,265405
30038,0.000208,172.31.36.0-255,66,28880,7,265405
30039,0.000241,74.125.24.0-255,2543,31423,7,265405
30040,0.000243,172.31.36.0-255,66,31489,7,265405
30041,0.000681,74.125.24.0-255,1484,32973,7,265405
30042,0.000686,172.31.36.0-255,66,33039,7,265405
30043,0.000695,74.125.24.0-255,2902,35941,7,265405
30044,0.000705,172.31.36.0-255,66,36007,7,265405
30045,0.000712,74.125.24.0-255,4320,40327,7,265405
30046,0.000714,172.31.36.0-255,66,40393,7,265405
30047,0.00074,74.125.24.0-255,1484,41877,7,265405
30048,0.000743,172.31.36.0-255,66,41943,7,265405
30049,0.000771,74.125.24.0-255,5738,47681,7,265405
30050,0.000775,172.31.36.0-255,66,47747,7,265405
30051,0.000805,74.125.24.0-255,1125,48872,7,265405
30052,0.000818,74.125.24.0-255,1484,50356,7,265405
30053,0.00082,172.31.36.0-255,66,50422,7,265405
30054,0.000848,74.125.24.0-255,4320,54742,7,265405
30055,0.000851,172.31.36.0-255,66,54808,7,265405
30056,0.000882,74.125.24.0-255,7156,61964,7,265405
30057,0.000885,172.31.36.0-255,66,62030,7,265405
30058,0.000914,74.125.24.0-255,2902,64932,7,265405
30059,0.000918,172.31.36.0-255,66,64998,7,265405
30060,0.000921,74.125.24.0-255,1125,66123,7,265405
30061,0.000923,74.125.24.0-255,647,66770,7,265405
30062,0.000926,172.31.36.0-255,66,66836,7,265405
30063,0.001108,74.125.24.0-255,1484,68320,7,265405
30064,0.001116,74.125.24.0-255,2902,71222,7,265405
30065,0.001121,172.31.36.0-255,66,71288,7,265405
30066,0.001125,74.125.24.0-255,2902,74190,7,265405
30067,0.001127,172.31.36.0-255,66,74256,7,265405
30068,0.001155,74.125.24.0-255,2902,77158,7,265405
30069,0.001164,74.125.24.0-255,2902,80060,7,265405
30070,0.001191,74.125.24.0-255,7156,87216,7,265405
30071,0.001209,74.125.24.0-255,3961,91177,7,265405
30072,0.001214,74.125.24.0-255,4320,95497,7,265405
30073,0.001246,74.125.24.0-255,2902,98399,7,265405
30074,0.001261,74.125.24.0-255,2543,100942,7,265405
30075,0.001733,74.125.24.0-255,1484,102426,7,265405
30076,0.001747,74.125.24.0-255,2902,105328,7,265405
30077,0.001793,74.125.24.0-255,5738,111066,7,265405
30078,0.001811,74.125.24.0-255,2902,113968,7,265405
30079,0.001851,74.125.24.0-255,1484,115452,7,265405
30080,0.001875,74.125.24.0-255,2902,118354,7,265405
30081,0.001888,74.125.24.0-255,5738,124092,7,265405
30082,0.001903,74.125.24.0-255,1484,125576,7,265405
30083,0.001921,74.125.24.0-255,766,126342,7,265405
30084,0.00206,74.125.24.0-255,1484,127826,7,265405
30085,0.002063,74.125.24.0-255,1484,129310,7,265405
30086,0.002073,74.125.24.0-255,1484,130794,7,265405
30087,0.002088,74.125.24.0-255,1484,132278,7,265405
30088,0.002104,74.125.24.0-255,4320,136598,7,265405
30089,0.002109,74.125.24.0-255,4320,140918,7,265405
30090,0.002111,74.125.24.0-255,1484,142402,7,265405
30091,0.002145,74.125.24.0-255,4320,146722,7,265405
30092,0.002169,74.125.24.0-255,1484,148206,7,265405
30093,0.002171,74.125.24.0-255,1484,149690,7,265405
30094,0.002174,74.125.24.0-255,766,150456,7,265405
30095,0.002228,74.125.24.0-255,1484,151940,7,265405
30096,0.002232,74.125.24.0-255,2902,154842,7,265405
30097,0.002237,74.125.24.0-255,2902,157744,7,265405
30098,0.00227,74.125.24.0-255,2902,160646,7,265405
30099,0.002276,74.125.24.0-255,6438,167084,7,265405
30100,0.002362,74.125.24.0-255,1484,168568,7,265405
30101,0.002372,74.125.24.0-255,1484,170052,7,265405
30102,0.002392,74.125.24.0-255,1484,171536,7,265405
30103,0.002397,74.125.24.0-255,5738,177274,7,265405
30104,0.00242,74.125.24.0-255,2902,180176,7,265405
30105,0.002444,74.125.24.0-255,7156,187332,7,265405
30106,0.002472,74.125.24.0-255,2902,190234,7,265405
30107,0.002476,74.125.24.0-255,2184,192418,7,265405
30108,0.002559,74.125.24.0-255,1484,193902,7,265405
30109,0.002573,74.125.24.0-255,2902,196804,7,265405
30110,0.002577,74.125.24.0-255,2902,199706,7,265405
30111,0.002593,74.125.24.0-255,2902,202608,7,265405
30112,0.002596,74.125.24.0-255,2902,205510,7,265405
30113,0.002643,74.125.24.0-255,5738,211248,7,265405
30114,0.002673,74.125.24.0-255,4320,215568,7,265405
30115,0.00276,74.125.24.0-255,5738,221306,7,265405
30116,0.002787,74.125.24.0-255,2184,223490,7,265405
30117,0.002815,74.125.24.0-255,1484,224974,7,265405
30118,0.002817,74.125.24.0-255,766,225740,7,265405
30119,0.00282,74.125.24.0-255,1484,227224,7,265405
30120,0.002845,74.125.24.0-255,1484,228708,7,265405
30121,0.002888,74.125.24.0-255,7156,235864,7,265405
30122,0.002901,74.125.24.0-255,1484,237348,7,265405
30123,0.002907,74.125.24.0-255,5738,243086,7,265405
30124,0.002909,74.125.24.0-255,1484,244570,7,265405
30125,0.002924,74.125.24.0-255,5738,250308,7,265405
30126,0.002947,74.125.24.0-255,6438,256746,7,265405
30127,0.002958,74.125.24.0-255,1484,258230,7,265405
30128,0.003006,74.125.24.0-255,2202,260432,7,265405
30129,0.003009,74.125.24.0-255,105,260537,7,265405
30130,0.003051,172.31.36.0-255,66,260603,7,265405
30131,0.005241,172.31.36.0-255,101,260704,7,265405
30132,0.006052,172.31.36.0-255,105,260809,7,265405
30133,0.007142,74.125.24.0-255,66,260875,7,265405
30134,0.007994,74.125.24.0-255,66,260941,7,265405
30135,0.031925,172.31.36.0-255,172,261113,7,265405
30136,0.031959,172.31.36.0-255,1116,262229,7,265405
30137,0.032004,172.31.36.0-255,1514,263743,7,265405
30138,0.032006,172.31.36.0-255,1290,265033,7,265405
30139,0.033483,104.244.42.0-255,66,265099,7,265405
30140,0.033523,104.244.42.0-255,66,265165,7,265405
30141,0.033577,104.244.42.0-255,66,265231,7,265405
30142,0.034144,104.244.42.0-255,108,265339,7,265405
30143,0.034149,172.31.36.0-255,66,265405,7,265405
30144,0.0,172.31.36.0-255,105,105,7,105
30145,0.0,74.125.130.0-255,153,153,7,313509
30146,5.2e-05,172.31.36.0-255,66,219,7,313509
30147,5.9e-05,74.125.130.0-255,1484,1703,7,313509
30148,6.3e-05,172.31.36.0-255,66,1769,7,313509
30149,6.7e-05,74.125.130.0-255,2902,4671,7,313509
30150,7.8e-05,172.31.36.0-255,66,4737,7,313509
30151,8.2e-05,74.125.130.0-255,2902,7639,7,313509
30152,8.5e-05,172.31.36.0-255,66,7705,7,313509
30153,0.000116,74.125.130.0-255,4320,12025,7,313509
30154,0.00012,172.31.36.0-255,66,12091,7,313509
30155,0.000136,74.125.130.0-255,2077,14168,7,313509
30156,0.000139,172.31.36.0-255,66,14234,7,313509
30157,0.000143,74.125.130.0-255,2902,17136,7,313509
30158,0.000145,172.31.36.0-255,66,17202,7,313509
30159,0.00017,74.125.130.0-255,4320,21522,7,313509
30160,0.000173,172.31.36.0-255,66,21588,7,313509
30161,0.000204,74.125.130.0-255,2902,24490,7,313509
30162,0.000208,172.31.36.0-255,66,24556,7,313509
30163,0.00023,74.125.130.0-255,1484,26040,7,313509
30164,0.000232,172.31.36.0-255,66,26106,7,313509
30165,0.000262,74.125.130.0-255,5379,31485,7,313509
30166,0.000265,172.31.36.0-255,66,31551,7,313509
30167,0.00034,74.125.130.0-255,1484,33035,7,313509
30168,0.000344,172.31.36.0-255,66,33101,7,313509
30169,0.00037,74.125.130.0-255,2902,36003,7,313509
30170,0.000373,172.31.36.0-255,66,36069,7,313509
30171,0.000376,74.125.130.0-255,1484,37553,7,313509
30172,0.000378,172.31.36.0-255,66,37619,7,313509
30173,0.00041,74.125.130.0-255,4320,41939,7,313509
30174,0.000414,172.31.36.0-255,66,42005,7,313509
30175,0.000421,74.125.130.0-255,7156,49161,7,313509
30176,0.000423,172.31.36.0-255,66,49227,7,313509
30177,0.000487,74.125.130.0-255,2902,52129,7,313509
30178,0.000489,172.31.36.0-255,66,52195,7,313509
30179,0.000493,172.31.36.0-255,66,52261,7,313509
30180,0.000515,74.125.130.0-255,2460,54721,7,313509
30181,0.000518,74.125.130.0-255,111,54832,7,313509
30182,0.000519,172.31.36.0-255,66,54898,7,313509
30183,0.00068,74.125.130.0-255,1484,56382,7,313509
30184,0.000684,172.31.36.0-255,66,56448,7,313509
30185,0.000689,74.125.130.0-255,2902,59350,7,313509
30186,0.000691,172.31.36.0-255,66,59416,7,313509
30187,0.000722,74.125.130.0-255,4320,63736,7,313509
30188,0.000726,172.31.36.0-255,66,63802,7,313509
30189,0.000753,74.125.130.0-255,1484,65286,7,313509
30190,0.000757,74.125.130.0-255,2902,68188,7,313509
30191,0.00076,172.31.36.0-255,66,68254,7,313509
30192,0.000765,74.125.130.0-255,4320,72574,7,313509
30193,0.000768,172.31.36.0-255,66,72640,7,313509
30194,0.000792,74.125.130.0-255,2902,75542,7,313509
30195,0.000795,172.31.36.0-255,66,75608,7,313509
30196,0.000824,74.125.130.0-255,5738,81346,7,313509
30197,0.000827,172.31.36.0-255,66,81412,7,313509
30198,0.000858,172.31.36.0-255,66,81478,7,313509
30199,0.000964,74.125.130.0-255,1484,82962,7,313509
30200,0.000979,74.125.130.0-255,2902,85864,7,313509
30201,0.000983,172.31.36.0-255,66,85930,7,313509
30202,0.001015,74.125.130.0-255,4320,90250,7,313509
30203,0.001019,172.31.36.0-255,66,90316,7,313509
30204,0.001045,172.31.36.0-255,66,90382,7,313509
30205,0.001049,74.125.130.0-255,2902,93284,7,313509
30206,0.001051,172.31.36.0-255,66,93350,7,313509
30207,0.001079,74.125.130.0-255,4320,97670,7,313509
30208,0.001082,172.31.36.0-255,66,97736,7,313509
30209,0.001115,172.31.36.0-255,66,97802,7,313509
30210,0.001118,74.125.130.0-255,766,98568,7,313509
30211,0.001232,74.125.130.0-255,1484,100052,7,313509
30212,0.001236,172.31.36.0-255,66,100118,7,313509
30213,0.001259,74.125.130.0-255,2902,103020,7,313509
30214,0.001261,172.31.36.0-255,66,103086,7,313509
30215,0.001264,74.125.130.0-255,1484,104570,7,313509
30216,0.001289,74.125.130.0-255,4320,108890,7,313509
30217,0.001292,172.31.36.0-255,66,108956,7,313509
30218,0.001294,74.125.130.0-255,1484,110440,7,313509
30219,0.001328,74.125.130.0-255,4320,114760,7,313509
30220,0.001331,172.31.36.0-255,66,114826,7,313509
30221,0.001337,74.125.130.0-255,7156,121982,7,313509
30222,0.001338,172.31.36.0-255,66,122048,7,313509
30223,0.001343,74.125.130.0-255,4320,126368,7,313509
30224,0.001345,172.31.36.0-255,66,126434,7,313509
30225,0.001367,74.125.130.0-255,4320,130754,7,313509
30226,0.001374,172.31.36.0-255,66,130820,7,313509
30227,0.001389,74.125.130.0-255,1484,132304,7,313509
30228,0.001392,74.125.130.0-255,766,133070,7,313509
30229,0.001395,172.31.36.0-255,66,133136,7,313509
30230,0.001816,74.125.130.0-255,1484,134620,7,313509
30231,0.001824,74.125.130.0-255,2902,137522,7,313509
30232,0.001827,172.31.36.0-255,66,137588,7,313509
30233,0.001856,74.125.130.0-255,5738,143326,7,313509
30234,0.001859,172.31.36.0-255,66,143392,7,313509
30235,0.001863,74.125.130.0-255,2902,146294,7,313509
30236,0.001865,172.31.36.0-255,66,146360,7,313509
30237,0.001883,74.125.130.0-255,4320,150680,7,313509
30238,0.001886,172.31.36.0-255,66,150746,7,313509
30239,0.001894,172.31.36.0-255,66,150812,7,313509
30240,0.001897,74.125.130.0-255,2902,153714,7,313509
30241,0.001904,172.31.36.0-255,66,153780,7,313509
30242,0.00193,74.125.130.0-255,2902,156682,7,313509
30243,0.001932,172.31.36.0-255,66,156748,7,313509
30244,0.00196,74.125.130.0-255,2184,158932,7,313509
30245,0.001962,172.31.36.0-255,66,158998,7,313509
30246,0.002283,74.125.130.0-255,1484,160482,7,313509
30247,0.002288,74.125.130.0-255,1484,161966,7,313509
30248,0.002291,172.31.36.0-255,66,162032,7,313509
30249,0.002318,74.125.130.0-255,1484,163516,7,313509
30250,0.002322,74.125.130.0-255,4320,167836,7,313509
30251,0.002324,172.31.36.0-255,66,167902,7,313509
30252,0.002329,74.125.130.0-255,5738,173640,7,313509
30253,0.00233,172.31.36.0-255,66,173706,7,313509
30254,0.002356,74.125.130.0-255,5738,179444,7,313509
30255,0.002358,172.31.36.0-255,66,179510,7,313509
30256,0.002383,74.125.130.0-255,5738,185248,7,313509
30257,0.002385,172.31.36.0-255,66,185314,7,313509
30258,0.002443,74.125.130.0-255,7156,192470,7,313509
30259,0.002445,172.31.36.0-255,66,192536,7,313509
30260,0.002472,74.125.130.0-255,5020,197556,7,313509
30261,0.002474,172.31.36.0-255,66,197622,7,313509
30262,0.002491,172.31.36.0-255,66,197688,7,313509
30263,0.002495,74.125.130.0-255,4320,202008,7,313509
30264,0.002497,172.31.36.0-255,66,202074,7,313509
30265,0.002535,172.31.36.0-255,66,202140,7,313509
30266,0.002567,172.31.36.0-255,66,202206,7,313509
30267,0.002572,74.125.130.0-255,5738,207944,7,313509
30268,0.002574,172.31.36.0-255,66,208010,7,313509
30269,0.002577,74.125.130.0-255,2902,210912,7,313509
30270,0.002579,172.31.36.0-255,66,210978,7,313509
30271,0.005073,74.125.130.0-255,5738,216716,7,313509
30272,0.005077,172.31.36.0-255,66,216782,7,313509
30273,0.007581,74.125.130.0-255,4320,221102,7,313509
30274,0.007588,172.31.36.0-255,66,221168,7,313509
30275,0.007623,74.125.130.0-255,1484,222652,7,313509
30276,0.01011,74.125.130.0-255,2902,225554,7,313509
30277,0.010118,172.31.36.0-255,66,225620,7,313509
30278,0.01015,74.125.130.0-255,1484,227104,7,313509
30279,0.012649,74.125.130.0-255,4320,231424,7,313509
30280,0.012656,172.31.36.0-255,66,231490,7,313509
30281,0.015175,74.125.130.0-255,5738,237228,7,313509
30282,0.015184,172.31.36.0-255,66,237294,7,313509
30283,0.017698,74.125.130.0-255,5738,243032,7,313509
30284,0.017705,172.31.36.0-255,66,243098,7,313509
30285,0.020216,74.125.130.0-255,5738,248836,7,313509
30286,0.020224,172.31.36.0-255,66,248902,7,313509
30287,0.022735,74.125.130.0-255,5738,254640,7,313509
30288,0.022743,172.31.36.0-255,66,254706,7,313509
30289,0.025249,74.125.130.0-255,5738,260444,7,313509
30290,0.025256,172.31.36.0-255,66,260510,7,313509
30291,0.027771,74.125.130.0-255,5738,266248,7,313509
30292,0.027779,172.31.36.0-255,66,266314,7,313509
30293,0.030294,74.125.130.0-255,5738,272052,7,313509
30294,0.030301,172.31.36.0-255,66,272118,7,313509
30295,0.03259,172.31.36.0-255,172,272290,7,313509
30296,0.032622,172.31.36.0-255,1113,273403,7,313509
30297,0.032659,172.31.36.0-255,566,273969,7,313509
30298,0.032797,74.125.130.0-255,4320,278289,7,313509
30299,0.032805,172.31.36.0-255,66,278355,7,313509
30300,0.032843,74.125.130.0-255,1484,279839,7,313509
30301,0.034161,104.244.42.0-255,66,279905,7,313509
30302,0.03417,104.244.42.0-255,66,279971,7,313509
30303,0.034202,104.244.42.0-255,66,280037,7,313509
30304,0.035305,74.125.130.0-255,4320,284357,7,313509
30305,0.035311,172.31.36.0-255,66,284423,7,313509
30306,0.03784,74.125.130.0-255,5738,290161,7,313509
30307,0.037847,172.31.36.0-255,66,290227,7,313509
30308,0.040365,74.125.130.0-255,5738,295965,7,313509
30309,0.040372,172.31.36.0-255,66,296031,7,313509
30310,0.042881,74.125.130.0-255,5738,301769,7,313509
30311,0.042887,172.31.36.0-255,66,301835,7,313509
30312,0.045403,74.125.130.0-255,5738,307573,7,313509
30313,0.045409,172.31.36.0-255,66,307639,7,313509
30314,0.047918,74.125.130.0-255,4320,311959,7,313509
30315,0.047924,172.31.36.0-255,66,312025,7,313509
30316,0.047958,74.125.130.0-255,1484,313509,7,313509
30317,0.0,31.13.82.0-255,105,105,7,171
30318,2.2e-05,172.31.36.0-255,66,171,7,171
30319,0.0,172.217.194.0-255,153,153,7,189736
30320,3.7e-05,172.31.36.0-255,66,219,7,189736
30321,4.4e-05,172.217.194.0-255,1484,1703,7,189736
30322,4.7e-05,172.31.36.0-255,66,1769,7,189736
30323,5e-05,172.217.194.0-255,1484,3253,7,189736
30324,5.2e-05,172.31.36.0-255,66,3319,7,189736
30325,5.8e-05,172.217.194.0-255,2902,6221,7,189736
30326,6e-05,172.31.36.0-255,66,6287,7,189736
30327,6.7e-05,172.217.194.0-255,5738,12025,7,189736
30328,7.1e-05,172.31.36.0-255,66,12091,7,189736
30329,0.000121,172.31.36.0-255,66,12157,7,189736
30330,0.000132,172.31.36.0-255,66,12223,7,189736
30331,0.000183,172.217.194.0-255,1484,13707,7,189736
30332,0.000186,172.31.36.0-255,66,13773,7,189736
30333,0.000193,172.217.194.0-255,2902,16675,7,189736
30334,0.000195,172.31.36.0-255,66,16741,7,189736
30335,0.000217,172.217.194.0-255,5738,22479,7,189736
30336,0.00022,172.31.36.0-255,66,22545,7,189736
30337,0.000242,172.217.194.0-255,5738,28283,7,189736
30338,0.000244,172.31.36.0-255,66,28349,7,189736
30339,0.000258,172.217.194.0-255,1125,29474,7,189736
30340,0.00026,172.31.36.0-255,66,29540,7,189736
30341,0.000267,172.217.194.0-255,7156,36696,7,189736
30342,0.000269,172.31.36.0-255,66,36762,7,189736
30343,0.000296,172.31.36.0-255,66,36828,7,189736
30344,0.000312,172.217.194.0-255,398,37226,7,189736
30345,0.000315,172.31.36.0-255,66,37292,7,189736
30346,0.000395,172.217.194.0-255,1484,38776,7,189736
30347,0.000399,172.31.36.0-255,66,38842,7,189736
30348,0.000404,172.217.194.0-255,2902,41744,7,189736
30349,0.000411,172.217.194.0-255,5738,47482,7,189736
30350,0.000417,172.31.36.0-255,66,47548,7,189736
30351,0.000443,172.217.194.0-255,7156,54704,7,189736
30352,0.000448,172.31.36.0-255,66,54770,7,189736
30353,0.000459,172.217.194.0-255,4320,59090,7,189736
30354,0.000463,172.217.194.0-255,2902,61992,7,189736
30355,0.000467,172.31.36.0-255,66,62058,7,189736
30356,0.000496,172.31.36.0-255,66,62124,7,189736
30357,0.000652,172.217.194.0-255,1484,63608,7,189736
30358,0.000657,172.217.194.0-255,1484,65092,7,189736
30359,0.000661,172.31.36.0-255,66,65158,7,189736
30360,0.000684,172.217.194.0-255,1484,66642,7,189736
30361,0.000691,172.217.194.0-255,5738,72380,7,189736
30362,0.000696,172.217.194.0-255,5738,78118,7,189736
30363,0.000699,172.31.36.0-255,66,78184,7,189736
30364,0.000704,172.31.36.0-255,66,78250,7,189736
30365,0.000758,172.31.36.0-255,66,78316,7,189736
30366,0.000777,172.217.194.0-255,5020,83336,7,189736
30367,0.000787,172.31.36.0-255,66,83402,7,189736
30368,0.000807,172.217.194.0-255,1484,84886,7,189736
30369,0.000812,172.217.194.0-255,1484,86370,7,189736
30370,0.000815,172.31.36.0-255,66,86436,7,189736
30371,0.000823,172.217.194.0-255,1484,87920,7,189736
30372,0.00084,172.217.194.0-255,5738,93658,7,189736
30373,0.00085,172.31.36.0-255,66,93724,7,189736
30374,0.000865,172.217.194.0-255,4320,98044,7,189736
30375,0.000882,172.31.36.0-255,66,98110,7,189736
30376,0.000893,172.217.194.0-255,1484,99594,7,189736
30377,0.000897,172.31.36.0-255,66,99660,7,189736
30378,0.000933,172.31.36.0-255,66,99726,7,189736
30379,0.000949,172.31.36.0-255,66,99792,7,189736
30380,0.000987,172.217.194.0-255,2902,102694,7,189736
30381,0.000998,172.31.36.0-255,66,102760,7,189736
30382,0.001015,172.217.194.0-255,5738,108498,7,189736
30383,0.001025,172.31.36.0-255,66,108564,7,189736
30384,0.001039,172.31.36.0-255,66,108630,7,189736
30385,0.001076,172.217.194.0-255,1484,110114,7,189736
30386,0.001082,172.31.36.0-255,66,110180,7,189736
30387,0.001096,172.217.194.0-255,7156,117336,7,189736
30388,0.001101,172.31.36.0-255,66,117402,7,189736
30389,0.001127,172.217.194.0-255,766,118168,7,189736
30390,0.001131,172.31.36.0-255,66,118234,7,189736
30391,0.00114,172.217.194.0-255,1484,119718,7,189736
30392,0.001175,172.31.36.0-255,66,119784,7,189736
30393,0.001191,172.31.36.0-255,66,119850,7,189736
30394,0.001207,172.217.194.0-255,1484,121334,7,189736
30395,0.001216,172.217.194.0-255,6438,127772,7,189736
30396,0.001228,172.31.36.0-255,66,127838,7,189736
30397,0.001241,172.217.194.0-255,1484,129322,7,189736
30398,0.001258,172.217.194.0-255,2902,132224,7,189736
30399,0.001268,172.31.36.0-255,66,132290,7,189736
30400,0.001281,172.217.194.0-255,5738,138028,7,189736
30401,0.001294,172.31.36.0-255,66,138094,7,189736
30402,0.001307,172.217.194.0-255,7156,145250,7,189736
30403,0.001311,172.217.194.0-255,1484,146734,7,189736
30404,0.001319,172.31.36.0-255,66,146800,7,189736
30405,0.001334,172.217.194.0-255,7156,153956,7,189736
30406,0.001343,172.31.36.0-255,66,154022,7,189736
30407,0.001356,172.217.194.0-255,4320,158342,7,189736
30408,0.001361,172.31.36.0-255,66,158408,7,189736
30409,0.001401,172.217.194.0-255,3602,162010,7,189736
30410,0.001409,172.31.36.0-255,66,162076,7,189736
30411,0.001441,172.217.194.0-255,4320,166396,7,189736
30412,0.001447,172.217.194.0-255,4320,170716,7,189736
30413,0.001451,172.31.36.0-255,66,170782,7,189736
30414,0.001495,172.31.36.0-255,66,170848,7,189736
30415,0.0015,172.217.194.0-255,1484,172332,7,189736
30416,0.001531,172.31.36.0-255,66,172398,7,189736
30417,0.001556,172.217.194.0-255,4320,176718,7,189736
30418,0.001563,172.217.194.0-255,5738,182456,7,189736
30419,0.001567,172.31.36.0-255,66,182522,7,189736
30420,0.001607,172.31.36.0-255,66,182588,7,189736
30421,0.001659,172.31.36.0-255,66,182654,7,189736
30422,0.00167,172.217.194.0-255,2184,184838,7,189736
30423,0.001677,172.31.36.0-255,66,184904,7,189736
30424,0.00169,172.31.36.0-255,66,184970,7,189736
30425,0.001716,172.31.36.0-255,66,185036,7,189736
30426,0.001738,172.31.36.0-255,66,185102,7,189736
30427,0.001777,172.217.194.0-255,105,185207,7,189736
30428,0.001787,172.31.36.0-255,66,185273,7,189736
30429,0.003968,172.31.36.0-255,105,185378,7,189736
30430,0.006021,172.217.194.0-255,66,185444,7,189736
30431,0.027239,172.31.36.0-255,172,185616,7,189736
30432,0.027286,172.31.36.0-255,1112,186728,7,189736
30433,0.02735,172.31.36.0-255,1514,188242,7,189736
30434,0.027352,172.31.36.0-255,1296,189538,7,189736
30435,0.028748,104.244.42.0-255,66,189604,7,189736
30436,0.028786,104.244.42.0-255,66,189670,7,189736
30437,0.028852,104.244.42.0-255,66,189736,7,189736
30438,0.0,74.125.24.0-255,152,152,7,229009
30439,3.6e-05,172.31.36.0-255,66,218,7,229009
30440,4.4e-05,74.125.24.0-255,1484,1702,7,229009
30441,4.8e-05,172.31.36.0-255,66,1768,7,229009
30442,5.3e-05,74.125.24.0-255,2902,4670,7,229009
30443,6.3e-05,172.31.36.0-255,66,4736,7,229009
30444,7e-05,74.125.24.0-255,5738,10474,7,229009
30445,7.3e-05,172.31.36.0-255,66,10540,7,229009
30446,7.8e-05,74.125.24.0-255,3454,13994,7,229009
30447,8.1e-05,172.31.36.0-255,66,14060,7,229009
30448,0.000124,74.125.24.0-255,1484,15544,7,229009
30449,0.000127,172.31.36.0-255,66,15610,7,229009
30450,0.000147,74.125.24.0-255,5738,21348,7,229009
30451,0.000151,172.31.36.0-255,66,21414,7,229009
30452,0.000186,74.125.24.0-255,4320,25734,7,229009
30453,0.000189,172.31.36.0-255,66,25800,7,229009
30454,0.000196,74.125.24.0-255,5379,31179,7,229009
30455,0.000198,172.31.36.0-255,66,31245,7,229009
30456,0.000259,74.125.24.0-255,1484,32729,7,229009
30457,0.000262,172.31.36.0-255,66,32795,7,229009
30458,0.000279,74.125.24.0-255,2902,35697,7,229009
30459,0.000282,172.31.36.0-255,66,35763,7,229009
30460,0.000287,74.125.24.0-255,2902,38665,7,229009
30461,0.000289,172.31.36.0-255,66,38731,7,229009
30462,0.000316,74.125.24.0-255,2902,41633,7,229009
30463,0.000325,172.31.36.0-255,66,41699,7,229009
30464,0.000364,172.31.36.0-255,66,41765,7,229009
30465,0.000392,74.125.24.0-255,7156,48921,7,229009
30466,0.000395,172.31.36.0-255,66,48987,7,229009
30467,0.000427,74.125.24.0-255,3961,52948,7,229009
30468,0.000432,172.31.36.0-255,66,53014,7,229009
30469,0.000435,74.125.24.0-255,404,53418,7,229009
30470,0.000761,74.125.24.0-255,341,53759,7,229009
30471,0.000827,172.31.36.0-255,66,53825,7,229009
30472,0.00099,74.125.24.0-255,1484,55309,7,229009
30473,0.001,74.125.24.0-255,2902,58211,7,229009
30474,0.001004,172.31.36.0-255,66,58277,7,229009
30475,0.001011,74.125.24.0-255,5738,64015,7,229009
30476,0.001013,172.31.36.0-255,66,64081,7,229009
30477,0.001037,74.125.24.0-255,1484,65565,7,229009
30478,0.001073,172.31.36.0-255,66,65631,7,229009
30479,0.001104,74.125.24.0-255,4320,69951,7,229009
30480,0.001107,172.31.36.0-255,66,70017,7,229009
30481,0.00113,74.125.24.0-255,6438,76455,7,229009
30482,0.001133,172.31.36.0-255,66,76521,7,229009
30483,0.001964,74.125.24.0-255,1484,78005,7,229009
30484,0.001971,74.125.24.0-255,2902,80907,7,229009
30485,0.001976,172.31.36.0-255,66,80973,7,229009
30486,0.001984,74.125.24.0-255,5738,86711,7,229009
30487,0.001985,172.31.36.0-255,66,86777,7,229009
30488,0.002023,172.31.36.0-255,66,86843,7,229009
30489,0.002029,74.125.24.0-255,7156,93999,7,229009
30490,0.002031,172.31.36.0-255,66,94065,7,229009
30491,0.004013,74.125.24.0-255,5738,99803,7,229009
30492,0.004017,172.31.36.0-255,66,99869,7,229009
30493,0.005992,74.125.24.0-255,5738,105607,7,229009
30494,0.005997,172.31.36.0-255,66,105673,7,229009
30495,0.007993,74.125.24.0-255,5738,111411,7,229009
30496,0.008003,172.31.36.0-255,66,111477,7,229009
30497,0.009993,74.125.24.0-255,5738,117215,7,229009
30498,0.010007,172.31.36.0-255,66,117281,7,229009
30499,0.012003,74.125.24.0-255,5738,123019,7,229009
30500,0.012021,172.31.36.0-255,66,123085,7,229009
30501,0.014013,74.125.24.0-255,5738,128823,7,229009
30502,0.014021,172.31.36.0-255,66,128889,7,229009
30503,0.016037,74.125.24.0-255,5738,134627,7,229009
30504,0.016047,172.31.36.0-255,66,134693,7,229009
30505,0.018012,74.125.24.0-255,5738,140431,7,229009
30506,0.01802,172.31.36.0-255,66,140497,7,229009
30507,0.019985,74.125.24.0-255,5738,146235,7,229009
30508,0.019992,172.31.36.0-255,66,146301,7,229009
30509,0.021977,74.125.24.0-255,5738,152039,7,229009
30510,0.021986,172.31.36.0-255,66,152105,7,229009
30511,0.02396,74.125.24.0-255,5738,157843,7,229009
30512,0.023968,172.31.36.0-255,66,157909,7,229009
30513,0.025964,74.125.24.0-255,5738,163647,7,229009
30514,0.025971,172.31.36.0-255,66,163713,7,229009
30515,0.027977,74.125.24.0-255,5738,169451,7,229009
30516,0.027984,172.31.36.0-255,66,169517,7,229009
30517,0.028114,172.31.36.0-255,101,169618,7,229009
30518,0.029949,74.125.24.0-255,5738,175356,7,229009
30519,0.029956,172.31.36.0-255,66,175422,7,229009
30520,0.030033,74.125.24.0-255,66,175488,7,229009
30521,0.031931,74.125.24.0-255,5738,181226,7,229009
30522,0.031938,172.31.36.0-255,66,181292,7,229009
30523,0.03394,74.125.24.0-255,5738,187030,7,229009
30524,0.033948,172.31.36.0-255,66,187096,7,229009
30525,0.035922,74.125.24.0-255,5738,192834,7,229009
30526,0.035938,172.31.36.0-255,66,192900,7,229009
30527,0.037938,74.125.24.0-255,5738,198638,7,229009
30528,0.03795,172.31.36.0-255,66,198704,7,229009
30529,0.039945,74.125.24.0-255,5738,204442,7,229009
30530,0.039968,172.31.36.0-255,66,204508,7,229009
30531,0.041975,74.125.24.0-255,5738,210246,7,229009
30532,0.041984,172.31.36.0-255,66,210312,7,229009
30533,0.044004,74.125.24.0-255,5738,216050,7,229009
30534,0.044012,172.31.36.0-255,66,216116,7,229009
30535,0.046023,74.125.24.0-255,5738,221854,7,229009
30536,0.04603,172.31.36.0-255,66,221920,7,229009
30537,0.048,74.125.24.0-255,5738,227658,7,229009
30538,0.048006,172.31.36.0-255,66,227724,7,229009
30539,0.04994,172.31.36.0-255,172,227896,7,229009
30540,0.04997,172.31.36.0-255,1113,229009,7,229009
30541,0.0,172.217.194.0-255,156,156,7,142836
30542,1.6e-05,172.31.36.0-255,66,222,7,142836
30543,2.2e-05,172.217.194.0-255,1484,1706,7,142836
30544,2.6e-05,172.31.36.0-255,66,1772,7,142836
30545,2.9e-05,172.217.194.0-255,1484,3256,7,142836
30546,3.2e-05,172.31.36.0-255,66,3322,7,142836
30547,4.6e-05,172.217.194.0-255,2902,6224,7,142836
30548,4.9e-05,172.31.36.0-255,66,6290,7,142836
30549,5.6e-05,172.217.194.0-255,5738,12028,7,142836
30550,5.8e-05,172.31.36.0-255,66,12094,7,142836
30551,0.000105,172.31.36.0-255,66,12160,7,142836
30552,0.000111,172.217.194.0-255,5379,17539,7,142836
30553,0.000113,172.31.36.0-255,66,17605,7,142836
30554,0.000162,172.217.194.0-255,1484,19089,7,142836
30555,0.000164,172.31.36.0-255,66,19155,7,142836
30556,0.000169,172.217.194.0-255,2902,22057,7,142836
30557,0.000171,172.31.36.0-255,66,22123,7,142836
30558,0.000203,172.217.194.0-255,5738,27861,7,142836
30559,0.000206,172.31.36.0-255,66,27927,7,142836
30560,0.000209,172.217.194.0-255,1484,29411,7,142836
30561,0.000211,172.31.36.0-255,66,29477,7,142836
30562,0.000228,172.31.36.0-255,66,29543,7,142836
30563,0.000271,172.31.36.0-255,66,29609,7,142836
30564,0.000321,172.217.194.0-255,99,29708,7,142836
30565,0.000324,172.31.36.0-255,66,29774,7,142836
30566,0.000355,172.217.194.0-255,363,30137,7,142836
30567,0.000358,172.31.36.0-255,66,30203,7,142836
30568,0.000519,172.217.194.0-255,1484,31687,7,142836
30569,0.000521,172.31.36.0-255,66,31753,7,142836
30570,0.000527,172.217.194.0-255,2902,34655,7,142836
30571,0.000529,172.31.36.0-255,66,34721,7,142836
30572,0.000542,172.217.194.0-255,5738,40459,7,142836
30573,0.000544,172.31.36.0-255,66,40525,7,142836
30574,0.000581,172.31.36.0-255,66,40591,7,142836
30575,0.0006,172.31.36.0-255,66,40657,7,142836
30576,0.000806,172.217.194.0-255,1484,42141,7,142836
30577,0.000813,172.217.194.0-255,2902,45043,7,142836
30578,0.000816,172.31.36.0-255,66,45109,7,142836
30579,0.000848,172.217.194.0-255,5738,50847,7,142836
30580,0.000852,172.31.36.0-255,66,50913,7,142836
30581,0.000871,172.31.36.0-255,66,50979,7,142836
30582,0.000874,172.217.194.0-255,1484,52463,7,142836
30583,0.000904,172.217.194.0-255,2902,55365,7,142836
30584,0.000908,172.31.36.0-255,66,55431,7,142836
30585,0.000946,172.31.36.0-255,66,55497,7,142836
30586,0.000966,172.31.36.0-255,66,55563,7,142836
30587,0.000986,172.217.194.0-255,5738,61301,7,142836
30588,0.000989,172.31.36.0-255,66,61367,7,142836
30589,0.001026,172.31.36.0-255,66,61433,7,142836
30590,0.001068,172.31.36.0-255,66,61499,7,142836
30591,0.001073,172.217.194.0-255,4320,65819,7,142836
30592,0.001076,172.31.36.0-255,66,65885,7,142836
30593,0.001114,172.31.36.0-255,66,65951,7,142836
30594,0.001118,172.217.194.0-255,2184,68135,7,142836
30595,0.00112,172.31.36.0-255,66,68201,7,142836
30596,0.001153,172.217.194.0-255,2902,71103,7,142836
30597,0.001156,172.31.36.0-255,66,71169,7,142836
30598,0.00116,172.217.194.0-255,1484,72653,7,142836
30599,0.001185,172.217.194.0-255,2902,75555,7,142836
30600,0.001188,172.31.36.0-255,66,75621,7,142836
30601,0.001197,172.31.36.0-255,66,75687,7,142836
30602,0.001218,172.217.194.0-255,4320,80007,7,142836
30603,0.001226,172.31.36.0-255,66,80073,7,142836
30604,0.001265,172.31.36.0-255,66,80139,7,142836
30605,0.001269,172.217.194.0-255,2902,83041,7,142836
30606,0.001272,172.217.194.0-255,2902,85943,7,142836
30607,0.001273,172.31.36.0-255,66,86009,7,142836
30608,0.001276,172.31.36.0-255,66,86075,7,142836
30609,0.001303,172.217.194.0-255,1484,87559,7,142836
30610,0.00132,172.31.36.0-255,66,87625,7,142836
30611,0.001337,172.31.36.0-255,66,87691,7,142836
30612,0.001373,172.31.36.0-255,66,87757,7,142836
30613,0.001376,172.217.194.0-255,1484,89241,7,142836
30614,0.00138,172.217.194.0-255,2902,92143,7,142836
30615,0.001382,172.31.36.0-255,66,92209,7,142836
30616,0.001388,172.217.194.0-255,4320,96529,7,142836
30617,0.00139,172.31.36.0-255,66,96595,7,142836
30618,0.001418,172.217.194.0-255,1484,98079,7,142836
30619,0.00144,172.31.36.0-255,66,98145,7,142836
30620,0.001452,172.31.36.0-255,66,98211,7,142836
30621,0.001455,172.217.194.0-255,766,98977,7,142836
30622,0.001516,172.217.194.0-255,1484,100461,7,142836
30623,0.00152,172.31.36.0-255,66,100527,7,142836
30624,0.001526,172.217.194.0-255,4320,104847,7,142836
30625,0.001529,172.31.36.0-255,66,104913,7,142836
30626,0.001541,172.217.194.0-255,5738,110651,7,142836
30627,0.001544,172.31.36.0-255,66,110717,7,142836
30628,0.001557,172.31.36.0-255,66,110783,7,142836
30629,0.001591,172.31.36.0-255,66,110849,7,142836
30630,0.001618,172.217.194.0-255,1484,112333,7,142836
30631,0.001621,172.217.194.0-255,1484,113817,7,142836
30632,0.001625,172.31.36.0-255,66,113883,7,142836
30633,0.001649,172.217.194.0-255,1484,115367,7,142836
30634,0.001657,172.217.194.0-255,5738,121105,7,142836
30635,0.001659,172.31.36.0-255,66,121171,7,142836
30636,0.001664,172.217.194.0-255,4320,125491,7,142836
30637,0.001667,172.31.36.0-255,66,125557,7,142836
30638,0.001704,172.31.36.0-255,66,125623,7,142836
30639,0.001713,172.31.36.0-255,66,125689,7,142836
30640,0.001724,172.217.194.0-255,2902,128591,7,142836
30641,0.001727,172.31.36.0-255,66,128657,7,142836
30642,0.001775,172.31.36.0-255,66,128723,7,142836
30643,0.00179,172.31.36.0-255,66,128789,7,142836
30644,0.001805,172.217.194.0-255,2902,131691,7,142836
30645,0.001814,172.31.36.0-255,66,131757,7,142836
30646,0.001833,172.217.194.0-255,6101,137858,7,142836
30647,0.001837,172.217.194.0-255,97,137955,7,142836
30648,0.001854,172.31.36.0-255,66,138021,7,142836
30649,0.001859,172.217.194.0-255,105,138126,7,142836
30650,0.008705,172.31.36.0-255,66,138192,7,142836
30651,0.008734,172.31.36.0-255,105,138297,7,142836
30652,0.010415,172.217.194.0-255,105,138402,7,142836
30653,0.010424,172.31.36.0-255,78,138480,7,142836
30654,0.010652,172.217.194.0-255,66,138546,7,142836
30655,0.045756,172.31.36.0-255,172,138718,7,142836
30656,0.045803,172.31.36.0-255,1115,139833,7,142836
30657,0.045828,172.31.36.0-255,1514,141347,7,142836
30658,0.04583,172.31.36.0-255,1291,142638,7,142836
30659,0.047313,104.244.42.0-255,66,142704,7,142836
30660,0.047356,104.244.42.0-255,66,142770,7,142836
30661,0.047403,104.244.42.0-255,66,142836,7,142836
30662,0.0,74.125.68.0-255,145,145,7,274864
30663,3.4e-05,172.31.36.0-255,66,211,7,274864
30664,4.1e-05,74.125.68.0-255,1484,1695,7,274864
30665,4.5e-05,172.31.36.0-255,66,1761,7,274864
30666,5e-05,74.125.68.0-255,2902,4663,7,274864
30667,5.3e-05,172.31.36.0-255,66,4729,7,274864
30668,5.6e-05,74.125.68.0-255,1484,6213,7,274864
30669,5.8e-05,172.31.36.0-255,66,6279,7,274864
30670,8.2e-05,74.125.68.0-255,2902,9181,7,274864
30671,8.5e-05,172.31.36.0-255,66,9247,7,274864
30672,0.000105,74.125.68.0-255,7156,16403,7,274864
30673,0.000108,172.31.36.0-255,66,16469,7,274864
30674,0.00013,74.125.68.0-255,2047,18516,7,274864
30675,0.000133,172.31.36.0-255,66,18582,7,274864
30676,0.0002,74.125.68.0-255,2902,21484,7,274864
30677,0.000204,172.31.36.0-255,66,21550,7,274864
30678,0.000221,74.125.68.0-255,1484,23034,7,274864
30679,0.000223,172.31.36.0-255,66,23100,7,274864
30680,0.000268,172.31.36.0-255,66,23166,7,274864
30681,0.000555,74.125.68.0-255,1484,24650,7,274864
30682,0.000559,172.31.36.0-255,66,24716,7,274864
30683,0.000583,74.125.68.0-255,2902,27618,7,274864
30684,0.000586,172.31.36.0-255,66,27684,7,274864
30685,0.000592,74.125.68.0-255,5738,33422,7,274864
30686,0.000594,172.31.36.0-255,66,33488,7,274864
30687,0.000644,74.125.68.0-255,2902,36390,7,274864
30688,0.000649,172.31.36.0-255,66,36456,7,274864
30689,0.000684,74.125.68.0-255,4320,40776,7,274864
30690,0.000687,172.31.36.0-255,66,40842,7,274864
30691,0.000708,74.125.68.0-255,1484,42326,7,274864
30692,0.000712,172.31.36.0-255,66,42392,7,274864
30693,0.000739,74.125.68.0-255,7156,49548,7,274864
30694,0.000743,172.31.36.0-255,66,49614,7,274864
30695,0.000824,172.31.36.0-255,66,49680,7,274864
30696,0.000933,74.125.68.0-255,414,50094,7,274864
30697,0.000972,74.125.68.0-255,1484,51578,7,274864
30698,0.000978,172.31.36.0-255,66,51644,7,274864
30699,0.000985,74.125.68.0-255,4320,55964,7,274864
30700,0.000987,172.31.36.0-255,66,56030,7,274864
30701,0.001019,74.125.68.0-255,2902,58932,7,274864
30702,0.001022,172.31.36.0-255,66,58998,7,274864
30703,0.001045,74.125.68.0-255,5738,64736,7,274864
30704,0.001048,172.31.36.0-255,66,64802,7,274864
30705,0.001117,74.125.68.0-255,5738,70540,7,274864
30706,0.001121,172.31.36.0-255,66,70606,7,274864
30707,0.001144,74.125.68.0-255,4320,74926,7,274864
30708,0.001148,172.31.36.0-255,66,74992,7,274864
30709,0.001224,74.125.68.0-255,5738,80730,7,274864
30710,0.001229,172.31.36.0-255,66,80796,7,274864
30711,0.00125,74.125.68.0-255,3602,84398,7,274864
30712,0.001253,172.31.36.0-255,66,84464,7,274864
30713,0.001285,74.125.68.0-255,330,84794,7,274864
30714,0.001543,172.31.36.0-255,66,84860,7,274864
30715,0.001645,74.125.68.0-255,1484,86344,7,274864
30716,0.001662,74.125.68.0-255,2902,89246,7,274864
30717,0.001665,172.31.36.0-255,66,89312,7,274864
30718,0.001682,74.125.68.0-255,4320,93632,7,274864
30719,0.001684,172.31.36.0-255,66,93698,7,274864
30720,0.001722,74.125.68.0-255,5738,99436,7,274864
30721,0.001724,172.31.36.0-255,66,99502,7,274864
30722,0.001743,74.125.68.0-255,2902,102404,7,274864
30723,0.001745,172.31.36.0-255,66,102470,7,274864
30724,0.001812,74.125.68.0-255,4320,106790,7,274864
30725,0.001815,172.31.36.0-255,66,106856,7,274864
30726,0.001829,74.125.68.0-255,1484,108340,7,274864
30727,0.001879,74.125.68.0-255,4320,112660,7,274864
30728,0.001883,172.31.36.0-255,66,112726,7,274864
30729,0.001903,74.125.68.0-255,6438,119164,7,274864
30730,0.001905,172.31.36.0-255,66,119230,7,274864
30731,0.002117,74.125.68.0-255,1484,120714,7,274864
30732,0.002136,74.125.68.0-255,2902,123616,7,274864
30733,0.00214,172.31.36.0-255,66,123682,7,274864
30734,0.002147,74.125.68.0-255,5738,129420,7,274864
30735,0.002149,172.31.36.0-255,66,129486,7,274864
30736,0.002211,172.31.36.0-255,66,129552,7,274864
30737,0.002296,74.125.68.0-255,5738,135290,7,274864
30738,0.002299,172.31.36.0-255,66,135356,7,274864
30739,0.002319,74.125.68.0-255,4320,139676,7,274864
30740,0.002321,172.31.36.0-255,66,139742,7,274864
30741,0.002415,172.31.36.0-255,66,139808,7,274864
30742,0.002439,172.31.36.0-255,66,139874,7,274864
30743,0.002625,74.125.68.0-255,5738,145612,7,274864
30744,0.002629,172.31.36.0-255,66,145678,7,274864
30745,0.002645,74.125.68.0-255,1484,147162,7,274864
30746,0.002701,74.125.68.0-255,5738,152900,7,274864
30747,0.002704,172.31.36.0-255,66,152966,7,274864
30748,0.002727,74.125.68.0-255,5020,157986,7,274864
30749,0.00273,172.31.36.0-255,66,158052,7,274864
30750,0.002813,74.125.68.0-255,1484,159536,7,274864
30751,0.002831,74.125.68.0-255,5738,165274,7,274864
30752,0.002834,172.31.36.0-255,66,165340,7,274864
30753,0.002873,172.31.36.0-255,66,165406,7,274864
30754,0.003073,74.125.68.0-255,7156,172562,7,274864
30755,0.003093,172.31.36.0-255,66,172628,7,274864
30756,0.003144,172.31.36.0-255,66,172694,7,274864
30757,0.005755,74.125.68.0-255,2902,175596,7,274864
30758,0.005761,172.31.36.0-255,66,175662,7,274864
30759,0.00578,74.125.68.0-255,2902,178564,7,274864
30760,0.005782,172.31.36.0-255,66,178630,7,274864
30761,0.008373,74.125.68.0-255,2902,181532,7,274864
30762,0.00838,172.31.36.0-255,66,181598,7,274864
30763,0.008403,74.125.68.0-255,2902,184500,7,274864
30764,0.008407,172.31.36.0-255,66,184566,7,274864
30765,0.011001,74.125.68.0-255,2902,187468,7,274864
30766,0.011009,172.31.36.0-255,66,187534,7,274864
30767,0.011031,74.125.68.0-255,2902,190436,7,274864
30768,0.011034,172.31.36.0-255,66,190502,7,274864
30769,0.013643,74.125.68.0-255,5738,196240,7,274864
30770,0.013651,172.31.36.0-255,66,196306,7,274864
30771,0.016291,74.125.68.0-255,5738,202044,7,274864
30772,0.016302,172.31.36.0-255,66,202110,7,274864
30773,0.01893,74.125.68.0-255,5738,207848,7,274864
30774,0.018939,172.31.36.0-255,66,207914,7,274864
30775,0.021557,74.125.68.0-255,5738,213652,7,274864
30776,0.021564,172.31.36.0-255,66,213718,7,274864
30777,0.024181,74.125.68.0-255,5738,219456,7,274864
30778,0.024189,172.31.36.0-255,66,219522,7,274864
30779,0.02592,172.31.36.0-255,164,219686,7,274864
30780,0.025974,172.31.36.0-255,1121,220807,7,274864
30781,0.026046,172.31.36.0-255,1514,222321,7,274864
30782,0.026048,172.31.36.0-255,1287,223608,7,274864
30783,0.026835,74.125.68.0-255,5738,229346,7,274864
30784,0.026841,172.31.36.0-255,66,229412,7,274864
30785,0.027434,104.244.42.0-255,66,229478,7,274864
30786,0.02753,104.244.42.0-255,66,229544,7,274864
30787,0.02758,104.244.42.0-255,66,229610,7,274864
30788,0.028207,104.244.42.0-255,108,229718,7,274864
30789,0.028211,172.31.36.0-255,66,229784,7,274864
30790,0.029462,74.125.68.0-255,5738,235522,7,274864
30791,0.029466,172.31.36.0-255,66,235588,7,274864
30792,0.032078,74.125.68.0-255,5738,241326,7,274864
30793,0.032084,172.31.36.0-255,66,241392,7,274864
30794,0.03473,74.125.68.0-255,5738,247130,7,274864
30795,0.034744,172.31.36.0-255,66,247196,7,274864
30796,0.037375,74.125.68.0-255,5738,252934,7,274864
30797,0.037388,172.31.36.0-255,66,253000,7,274864
30798,0.040046,74.125.68.0-255,5738,258738,7,274864
30799,0.040077,172.31.36.0-255,66,258804,7,274864
30800,0.042724,74.125.68.0-255,5738,264542,7,274864
30801,0.04274,172.31.36.0-255,66,264608,7,274864
30802,0.045359,74.125.68.0-255,4320,268928,7,274864
30803,0.045365,172.31.36.0-255,66,268994,7,274864
30804,0.045393,74.125.68.0-255,1484,270478,7,274864
30805,0.047981,74.125.68.0-255,4320,274798,7,274864
30806,0.047987,172.31.36.0-255,66,274864,7,274864
30807,0.0,74.125.24.0-255,153,153,7,297614
30808,2.3e-05,172.31.36.0-255,66,219,7,297614
30809,3.1e-05,74.125.24.0-255,1484,1703,7,297614
30810,3.5e-05,172.31.36.0-255,66,1769,7,297614
30811,4.1e-05,74.125.24.0-255,2902,4671,7,297614
30812,5.2e-05,172.31.36.0-255,66,4737,7,297614
30813,5.8e-05,74.125.24.0-255,4320,9057,7,297614
30814,6.1e-05,172.31.36.0-255,66,9123,7,297614
30815,0.0001,172.31.36.0-255,66,9189,7,297614
30816,0.000105,74.125.24.0-255,2902,12091,7,297614
30817,0.000107,172.31.36.0-255,66,12157,7,297614
30818,0.000137,74.125.24.0-255,6797,18954,7,297614
30819,0.00014,172.31.36.0-255,66,19020,7,297614
30820,0.000166,74.125.24.0-255,1484,20504,7,297614
30821,0.000169,172.31.36.0-255,66,20570,7,297614
30822,0.000195,74.125.24.0-255,2902,23472,7,297614
30823,0.000197,172.31.36.0-255,66,23538,7,297614
30824,0.000203,74.125.24.0-255,4320,27858,7,297614
30825,0.000205,172.31.36.0-255,66,27924,7,297614
30826,0.000221,74.125.24.0-255,1484,29408,7,297614
30827,0.000224,172.31.36.0-255,66,29474,7,297614
30828,0.000253,74.125.24.0-255,6797,36271,7,297614
30829,0.000256,172.31.36.0-255,66,36337,7,297614
30830,0.000294,74.125.24.0-255,4320,40657,7,297614
30831,0.000296,172.31.36.0-255,66,40723,7,297614
30832,0.000324,74.125.24.0-255,2902,43625,7,297614
30833,0.000327,172.31.36.0-255,66,43691,7,297614
30834,0.000333,74.125.24.0-255,4320,48011,7,297614
30835,0.000336,172.31.36.0-255,66,48077,7,297614
30836,0.000371,74.125.24.0-255,1484,49561,7,297614
30837,0.000374,172.31.36.0-255,66,49627,7,297614
30838,0.000408,74.125.24.0-255,4338,53965,7,297614
30839,0.000412,172.31.36.0-255,66,54031,7,297614
30840,0.000415,74.125.24.0-255,330,54361,7,297614
30841,0.000872,74.125.24.0-255,1484,55845,7,297614
30842,0.000878,172.31.36.0-255,66,55911,7,297614
30843,0.000884,74.125.24.0-255,2902,58813,7,297614
30844,0.000886,172.31.36.0-255,66,58879,7,297614
30845,0.000891,74.125.24.0-255,2902,61781,7,297614
30846,0.000894,172.31.36.0-255,66,61847,7,297614
30847,0.000936,74.125.24.0-255,2902,64749,7,297614
30848,0.000939,172.31.36.0-255,66,64815,7,297614
30849,0.000951,172.31.36.0-255,66,64881,7,297614
30850,0.00097,172.31.36.0-255,66,64947,7,297614
30851,0.001016,74.125.24.0-255,2184,67131,7,297614
30852,0.001018,172.31.36.0-255,66,67197,7,297614
30853,0.001077,74.125.24.0-255,1484,68681,7,297614
30854,0.001082,74.125.24.0-255,2902,71583,7,297614
30855,0.001085,172.31.36.0-255,66,71649,7,297614
30856,0.001114,74.125.24.0-255,5738,77387,7,297614
30857,0.001117,172.31.36.0-255,66,77453,7,297614
30858,0.001145,74.125.24.0-255,4320,81773,7,297614
30859,0.001154,172.31.36.0-255,66,81839,7,297614
30860,0.00116,74.125.24.0-255,4320,86159,7,297614
30861,0.001162,172.31.36.0-255,66,86225,7,297614
30862,0.001184,74.125.24.0-255,1484,87709,7,297614
30863,0.001197,74.125.24.0-255,7156,94865,7,297614
30864,0.0012,172.31.36.0-255,66,94931,7,297614
30865,0.001236,74.125.24.0-255,4320,99251,7,297614
30866,0.001239,172.31.36.0-255,66,99317,7,297614
30867,0.001267,74.125.24.0-255,2184,101501,7,297614
30868,0.001271,172.31.36.0-255,66,101567,7,297614
30869,0.001278,74.125.24.0-255,7156,108723,7,297614
30870,0.001281,172.31.36.0-255,66,108789,7,297614
30871,0.00129,74.125.24.0-255,4320,113109,7,297614
30872,0.001292,172.31.36.0-255,66,113175,7,297614
30873,0.00133,172.31.36.0-255,66,113241,7,297614
30874,0.001336,74.125.24.0-255,4320,117561,7,297614
30875,0.001337,172.31.36.0-255,66,117627,7,297614
30876,0.001365,74.125.24.0-255,5020,122647,7,297614
30877,0.001372,172.31.36.0-255,66,122713,7,297614
30878,0.001463,74.125.24.0-255,1484,124197,7,297614
30879,0.001467,74.125.24.0-255,1484,125681,7,297614
30880,0.00147,172.31.36.0-255,66,125747,7,297614
30881,0.001491,74.125.24.0-255,1484,127231,7,297614
30882,0.001498,74.125.24.0-255,5738,132969,7,297614
30883,0.0015,172.31.36.0-255,66,133035,7,297614
30884,0.001544,74.125.24.0-255,1484,134519,7,297614
30885,0.001547,172.31.36.0-255,78,134597,7,297614
30886,0.001565,172.31.36.0-255,66,134663,7,297614
30887,0.001605,74.125.24.0-255,2902,137565,7,297614
30888,0.001608,172.31.36.0-255,66,137631,7,297614
30889,0.001635,172.31.36.0-255,66,137697,7,297614
30890,0.001718,74.125.24.0-255,1484,139181,7,297614
30891,0.001723,74.125.24.0-255,2902,142083,7,297614
30892,0.001727,172.31.36.0-255,66,142149,7,297614
30893,0.001732,74.125.24.0-255,4320,146469,7,297614
30894,0.001735,172.31.36.0-255,66,146535,7,297614
30895,0.001755,74.125.24.0-255,1484,148019,7,297614
30896,0.001761,74.125.24.0-255,5738,153757,7,297614
30897,0.001764,172.31.36.0-255,66,153823,7,297614
30898,0.001798,74.125.24.0-255,7156,160979,7,297614
30899,0.001801,172.31.36.0-255,66,161045,7,297614
30900,0.001804,74.125.24.0-255,1484,162529,7,297614
30901,0.001838,172.31.36.0-255,66,162595,7,297614
30902,0.001877,74.125.24.0-255,1484,164079,7,297614
30903,0.00188,74.125.24.0-255,1484,165563,7,297614
30904,0.001883,172.31.36.0-255,66,165629,7,297614
30905,0.001896,74.125.24.0-255,1484,167113,7,297614
30906,0.001908,74.125.24.0-255,5738,172851,7,297614
30907,0.001911,172.31.36.0-255,66,172917,7,297614
30908,0.001948,74.125.24.0-255,5738,178655,7,297614
30909,0.001951,172.31.36.0-255,66,178721,7,297614
30910,0.001959,74.125.24.0-255,7156,185877,7,297614
30911,0.001962,172.31.36.0-255,66,185943,7,297614
30912,0.001982,74.125.24.0-255,5738,191681,7,297614
30913,0.001988,172.31.36.0-255,66,191747,7,297614
30914,0.002014,74.125.24.0-255,5020,196767,7,297614
30915,0.002018,172.31.36.0-255,66,196833,7,297614
30916,0.002312,74.125.24.0-255,1484,198317,7,297614
30917,0.002318,74.125.24.0-255,2902,201219,7,297614
30918,0.002321,172.31.36.0-255,66,201285,7,297614
30919,0.002352,74.125.24.0-255,5738,207023,7,297614
30920,0.002355,172.31.36.0-255,66,207089,7,297614
30921,0.002401,74.125.24.0-255,5738,212827,7,297614
30922,0.002403,172.31.36.0-255,66,212893,7,297614
30923,0.002434,74.125.24.0-255,7156,220049,7,297614
30924,0.002437,172.31.36.0-255,66,220115,7,297614
30925,0.002453,172.31.36.0-255,66,220181,7,297614
30926,0.002455,74.125.24.0-255,766,220947,7,297614
30927,0.002548,74.125.24.0-255,1484,222431,7,297614
30928,0.002553,172.31.36.0-255,66,222497,7,297614
30929,0.002559,74.125.24.0-255,2902,225399,7,297614
30930,0.002561,172.31.36.0-255,66,225465,7,297614
30931,0.002592,74.125.24.0-255,5738,231203,7,297614
30932,0.002598,74.125.24.0-255,5738,236941,7,297614
30933,0.002604,172.31.36.0-255,66,237007,7,297614
30934,0.002607,172.31.36.0-255,66,237073,7,297614
30935,0.002623,74.125.24.0-255,4320,241393,7,297614
30936,0.002626,172.31.36.0-255,66,241459,7,297614
30937,0.002667,172.31.36.0-255,66,241525,7,297614
30938,0.002673,74.125.24.0-255,5738,247263,7,297614
30939,0.002675,172.31.36.0-255,66,247329,7,297614
30940,0.002681,74.125.24.0-255,4320,251649,7,297614
30941,0.002683,172.31.36.0-255,66,251715,7,297614
30942,0.002704,172.31.36.0-255,66,251781,7,297614
30943,0.002715,74.125.24.0-255,5738,257519,7,297614
30944,0.002719,172.31.36.0-255,66,257585,7,297614
30945,0.002733,74.125.24.0-255,3602,261187,7,297614
30946,0.002735,172.31.36.0-255,66,261253,7,297614
30947,0.003089,74.125.24.0-255,1484,262737,7,297614
30948,0.003096,74.125.24.0-255,2902,265639,7,297614
30949,0.003099,172.31.36.0-255,66,265705,7,297614
30950,0.003137,74.125.24.0-255,5738,271443,7,297614
30951,0.00314,172.31.36.0-255,66,271509,7,297614
30952,0.003145,74.125.24.0-255,2902,274411,7,297614
30953,0.003147,172.31.36.0-255,66,274477,7,297614
30954,0.003166,172.31.36.0-255,66,274543,7,297614
30955,0.003174,74.125.24.0-255,6438,280981,7,297614
30956,0.003177,172.31.36.0-255,66,281047,7,297614
30957,0.003184,74.125.24.0-255,5738,286785,7,297614
30958,0.003187,172.31.36.0-255,66,286851,7,297614
30959,0.003212,74.125.24.0-255,1484,288335,7,297614
30960,0.003218,74.125.24.0-255,4581,292916,7,297614
30961,0.003232,172.31.36.0-255,66,292982,7,297614
30962,0.003236,74.125.24.0-255,105,293087,7,297614
30963,0.005225,172.31.36.0-255,66,293153,7,297614
30964,0.005268,172.31.36.0-255,105,293258,7,297614
30965,0.007892,74.125.24.0-255,66,293324,7,297614
30966,0.032279,172.31.36.0-255,172,293496,7,297614
30967,0.032314,172.31.36.0-255,1114,294610,7,297614
30968,0.032375,172.31.36.0-255,1514,296124,7,297614
30969,0.032377,172.31.36.0-255,1292,297416,7,297614
30970,0.03393,104.244.42.0-255,66,297482,7,297614
30971,0.034079,104.244.42.0-255,66,297548,7,297614
30972,0.0341,104.244.42.0-255,66,297614,7,297614
30973,0.0,74.125.24.0-255,153,153,7,254654
30974,2.4e-05,172.31.36.0-255,66,219,7,254654
30975,3.1e-05,74.125.24.0-255,1484,1703,7,254654
30976,3.5e-05,172.31.36.0-255,66,1769,7,254654
30977,4.1e-05,74.125.24.0-255,2902,4671,7,254654
30978,5.2e-05,172.31.36.0-255,66,4737,7,254654
30979,5.6e-05,74.125.24.0-255,2902,7639,7,254654
30980,5.9e-05,172.31.36.0-255,66,7705,7,254654
30981,8.1e-05,74.125.24.0-255,1484,9189,7,254654
30982,8.4e-05,172.31.36.0-255,66,9255,7,254654
30983,0.000117,74.125.24.0-255,4828,14083,7,254654
30984,0.00012,172.31.36.0-255,66,14149,7,254654
30985,0.000127,74.125.24.0-255,7156,21305,7,254654
30986,0.000128,172.31.36.0-255,66,21371,7,254654
30987,0.000155,74.125.24.0-255,4320,25691,7,254654
30988,0.000157,172.31.36.0-255,66,25757,7,254654
30989,0.000184,74.125.24.0-255,5379,31136,7,254654
30990,0.000187,172.31.36.0-255,66,31202,7,254654
30991,0.000189,74.125.24.0-255,1484,32686,7,254654
30992,0.000191,172.31.36.0-255,66,32752,7,254654
30993,0.000212,74.125.24.0-255,2902,35654,7,254654
30994,0.000218,172.31.36.0-255,66,35720,7,254654
30995,0.000224,74.125.24.0-255,5738,41458,7,254654
30996,0.000226,172.31.36.0-255,66,41524,7,254654
30997,0.000253,74.125.24.0-255,2902,44426,7,254654
30998,0.000255,172.31.36.0-255,66,44492,7,254654
30999,0.000269,74.125.24.0-255,3961,48453,7,254654
31000,0.000274,172.31.36.0-255,66,48519,7,254654
31001,0.000903,74.125.24.0-255,1484,50003,7,254654
31002,0.000909,172.31.36.0-255,66,50069,7,254654
31003,0.000915,74.125.24.0-255,2902,52971,7,254654
31004,0.000917,172.31.36.0-255,66,53037,7,254654
31005,0.000922,74.125.24.0-255,4320,57357,7,254654
31006,0.000931,172.31.36.0-255,66,57423,7,254654
31007,0.000963,74.125.24.0-255,1484,58907,7,254654
31008,0.000972,74.125.24.0-255,6797,65704,7,254654
31009,0.000975,172.31.36.0-255,66,65770,7,254654
31010,0.001069,74.125.24.0-255,1484,67254,7,254654
31011,0.001076,74.125.24.0-255,2902,70156,7,254654
31012,0.001079,172.31.36.0-255,66,70222,7,254654
31013,0.001097,74.125.24.0-255,4320,74542,7,254654
31014,0.001099,172.31.36.0-255,66,74608,7,254654
31015,0.001138,74.125.24.0-255,5738,80346,7,254654
31016,0.001141,172.31.36.0-255,66,80412,7,254654
31017,0.001162,74.125.24.0-255,3123,83535,7,254654
31018,0.001164,172.31.36.0-255,66,83601,7,254654
31019,0.001507,74.125.24.0-255,1484,85085,7,254654
31020,0.001515,74.125.24.0-255,2902,87987,7,254654
31021,0.001518,172.31.36.0-255,66,88053,7,254654
31022,0.001545,74.125.24.0-255,5738,93791,7,254654
31023,0.001547,172.31.36.0-255,66,93857,7,254654
31024,0.001553,74.125.24.0-255,4320,98177,7,254654
31025,0.001554,172.31.36.0-255,66,98243,7,254654
31026,0.001615,172.31.36.0-255,66,98309,7,254654
31027,0.00163,172.31.36.0-255,66,98375,7,254654
31028,0.001803,74.125.24.0-255,1484,99859,7,254654
31029,0.00182,74.125.24.0-255,2902,102761,7,254654
31030,0.001823,172.31.36.0-255,66,102827,7,254654
31031,0.001858,74.125.24.0-255,1484,104311,7,254654
31032,0.001873,74.125.24.0-255,4320,108631,7,254654
31033,0.001875,172.31.36.0-255,66,108697,7,254654
31034,0.001906,74.125.24.0-255,5738,114435,7,254654
31035,0.001909,172.31.36.0-255,66,114501,7,254654
31036,0.001938,74.125.24.0-255,7156,121657,7,254654
31037,0.00194,172.31.36.0-255,66,121723,7,254654
31038,0.001969,74.125.24.0-255,5738,127461,7,254654
31039,0.001971,172.31.36.0-255,66,127527,7,254654
31040,0.001998,74.125.24.0-255,5020,132547,7,254654
31041,0.002,172.31.36.0-255,66,132613,7,254654
31042,0.004252,74.125.24.0-255,5738,138351,7,254654
31043,0.004256,172.31.36.0-255,66,138417,7,254654
31044,0.006554,74.125.24.0-255,5738,144155,7,254654
31045,0.006561,172.31.36.0-255,66,144221,7,254654
31046,0.008868,74.125.24.0-255,5738,149959,7,254654
31047,0.008876,172.31.36.0-255,66,150025,7,254654
31048,0.011155,74.125.24.0-255,5738,155763,7,254654
31049,0.011164,172.31.36.0-255,66,155829,7,254654
31050,0.013439,74.125.24.0-255,5738,161567,7,254654
31051,0.013445,172.31.36.0-255,66,161633,7,254654
31052,0.015675,74.125.24.0-255,5738,167371,7,254654
31053,0.015678,172.31.36.0-255,66,167437,7,254654
31054,0.018,74.125.24.0-255,5738,173175,7,254654
31055,0.018006,172.31.36.0-255,66,173241,7,254654
31056,0.02026,74.125.24.0-255,5738,178979,7,254654
31057,0.020268,172.31.36.0-255,66,179045,7,254654
31058,0.022543,74.125.24.0-255,5738,184783,7,254654
31059,0.022551,172.31.36.0-255,66,184849,7,254654
31060,0.02486,74.125.24.0-255,5738,190587,7,254654
31061,0.024867,172.31.36.0-255,66,190653,7,254654
31062,0.027156,74.125.24.0-255,5738,196391,7,254654
31063,0.027164,172.31.36.0-255,66,196457,7,254654
31064,0.029446,74.125.24.0-255,5738,202195,7,254654
31065,0.029453,172.31.36.0-255,66,202261,7,254654
31066,0.03176,74.125.24.0-255,5738,207999,7,254654
31067,0.031769,172.31.36.0-255,66,208065,7,254654
31068,0.033755,172.31.36.0-255,172,208237,7,254654
31069,0.033784,172.31.36.0-255,1073,209310,7,254654
31070,0.034056,74.125.24.0-255,5738,215048,7,254654
31071,0.034062,172.31.36.0-255,66,215114,7,254654
31072,0.035297,104.244.42.0-255,66,215180,7,254654
31073,0.035337,104.244.42.0-255,66,215246,7,254654
31074,0.036305,74.125.24.0-255,5738,220984,7,254654
31075,0.036311,172.31.36.0-255,66,221050,7,254654
31076,0.038599,74.125.24.0-255,5738,226788,7,254654
31077,0.038605,172.31.36.0-255,66,226854,7,254654
31078,0.040867,74.125.24.0-255,4320,231174,7,254654
31079,0.040873,172.31.36.0-255,66,231240,7,254654
31080,0.040904,74.125.24.0-255,1484,232724,7,254654
31081,0.043142,74.125.24.0-255,4320,237044,7,254654
31082,0.043148,172.31.36.0-255,66,237110,7,254654
31083,0.045407,74.125.24.0-255,5738,242848,7,254654
31084,0.045414,172.31.36.0-255,66,242914,7,254654
31085,0.047663,74.125.24.0-255,5738,248652,7,254654
31086,0.04767,172.31.36.0-255,66,248718,7,254654
31087,0.049907,74.125.24.0-255,2902,251620,7,254654
31088,0.049913,172.31.36.0-255,66,251686,7,254654
31089,0.04995,74.125.24.0-255,2902,254588,7,254654
31090,0.049953,172.31.36.0-255,66,254654,7,254654
31091,0.0,172.217.194.0-255,152,152,7,199776
31092,3.4e-05,172.31.36.0-255,66,218,7,199776
31093,4.1e-05,172.217.194.0-255,1484,1702,7,199776
31094,4.6e-05,172.31.36.0-255,66,1768,7,199776
31095,5.2e-05,172.217.194.0-255,2902,4670,7,199776
31096,5.4e-05,172.31.36.0-255,66,4736,7,199776
31097,6.1e-05,172.217.194.0-255,5738,10474,7,199776
31098,6.3e-05,172.31.36.0-255,66,10540,7,199776
31099,6.6e-05,172.217.194.0-255,1484,12024,7,199776
31100,6.9e-05,172.31.36.0-255,66,12090,7,199776
31101,0.000116,172.31.36.0-255,66,12156,7,199776
31102,0.000123,172.217.194.0-255,6797,18953,7,199776
31103,0.000125,172.31.36.0-255,66,19019,7,199776
31104,0.000147,172.217.194.0-255,1484,20503,7,199776
31105,0.00015,172.31.36.0-255,66,20569,7,199776
31106,0.000171,172.217.194.0-255,2902,23471,7,199776
31107,0.000173,172.31.36.0-255,66,23537,7,199776
31108,0.00018,172.217.194.0-255,5738,29275,7,199776
31109,0.000184,172.31.36.0-255,66,29341,7,199776
31110,0.000218,172.217.194.0-255,4320,33661,7,199776
31111,0.000221,172.31.36.0-255,66,33727,7,199776
31112,0.000241,172.31.36.0-255,66,33793,7,199776
31113,0.000244,172.217.194.0-255,1484,35277,7,199776
31114,0.000246,172.31.36.0-255,66,35343,7,199776
31115,0.000274,172.31.36.0-255,66,35409,7,199776
31116,0.000277,172.217.194.0-255,98,35507,7,199776
31117,0.000279,172.31.36.0-255,66,35573,7,199776
31118,0.000471,172.217.194.0-255,365,35938,7,199776
31119,0.000475,172.31.36.0-255,66,36004,7,199776
31120,0.000729,172.217.194.0-255,1484,37488,7,199776
31121,0.000762,172.217.194.0-255,2902,40390,7,199776
31122,0.000766,172.31.36.0-255,66,40456,7,199776
31123,0.000772,172.217.194.0-255,5738,46194,7,199776
31124,0.000775,172.31.36.0-255,66,46260,7,199776
31125,0.000778,172.217.194.0-255,1484,47744,7,199776
31126,0.000806,172.31.36.0-255,66,47810,7,199776
31127,0.000819,172.31.36.0-255,66,47876,7,199776
31128,0.001281,172.217.194.0-255,1484,49360,7,199776
31129,0.00129,172.217.194.0-255,2902,52262,7,199776
31130,0.001295,172.31.36.0-255,66,52328,7,199776
31131,0.001302,172.217.194.0-255,5738,58066,7,199776
31132,0.001304,172.31.36.0-255,66,58132,7,199776
31133,0.001311,172.217.194.0-255,5738,63870,7,199776
31134,0.001313,172.31.36.0-255,66,63936,7,199776
31135,0.001333,172.217.194.0-255,5738,69674,7,199776
31136,0.001336,172.31.36.0-255,66,69740,7,199776
31137,0.001372,172.217.194.0-255,7156,76896,7,199776
31138,0.001375,172.31.36.0-255,66,76962,7,199776
31139,0.001381,172.217.194.0-255,5020,81982,7,199776
31140,0.001383,172.31.36.0-255,66,82048,7,199776
31141,0.002526,172.217.194.0-255,1484,83532,7,199776
31142,0.002534,172.217.194.0-255,2902,86434,7,199776
31143,0.002538,172.31.36.0-255,66,86500,7,199776
31144,0.002546,172.217.194.0-255,5738,92238,7,199776
31145,0.002548,172.31.36.0-255,66,92304,7,199776
31146,0.002552,172.217.194.0-255,2902,95206,7,199776
31147,0.002554,172.31.36.0-255,66,95272,7,199776
31148,0.002589,172.31.36.0-255,66,95338,7,199776
31149,0.002629,172.217.194.0-255,7156,102494,7,199776
31150,0.00263,172.31.36.0-255,66,102560,7,199776
31151,0.002651,172.217.194.0-255,3602,106162,7,199776
31152,0.002653,172.31.36.0-255,66,106228,7,199776
31153,0.002751,172.217.194.0-255,1484,107712,7,199776
31154,0.002754,172.217.194.0-255,1484,109196,7,199776
31155,0.002757,172.31.36.0-255,66,109262,7,199776
31156,0.002773,172.217.194.0-255,1484,110746,7,199776
31157,0.002779,172.217.194.0-255,5738,116484,7,199776
31158,0.002781,172.31.36.0-255,66,116550,7,199776
31159,0.002786,172.217.194.0-255,4320,120870,7,199776
31160,0.002788,172.31.36.0-255,66,120936,7,199776
31161,0.002806,172.217.194.0-255,2902,123838,7,199776
31162,0.002808,172.31.36.0-255,66,123904,7,199776
31163,0.002811,172.217.194.0-255,1484,125388,7,199776
31164,0.002836,172.31.36.0-255,66,125454,7,199776
31165,0.002839,172.217.194.0-255,1484,126938,7,199776
31166,0.002843,172.217.194.0-255,2184,129122,7,199776
31167,0.002845,172.31.36.0-255,66,129188,7,199776
31168,0.002868,172.217.194.0-255,1484,130672,7,199776
31169,0.002871,172.217.194.0-255,1484,132156,7,199776
31170,0.002873,172.31.36.0-255,66,132222,7,199776
31171,0.00289,172.217.194.0-255,2902,135124,7,199776
31172,0.002893,172.31.36.0-255,66,135190,7,199776
31173,0.002897,172.217.194.0-255,2902,138092,7,199776
31174,0.002899,172.31.36.0-255,66,138158,7,199776
31175,0.002915,172.217.194.0-255,7156,145314,7,199776
31176,0.002917,172.31.36.0-255,66,145380,7,199776
31177,0.002934,172.217.194.0-255,1484,146864,7,199776
31178,0.00294,172.217.194.0-255,4320,151184,7,199776
31179,0.002942,172.31.36.0-255,66,151250,7,199776
31180,0.002967,172.31.36.0-255,66,151316,7,199776
31181,0.002982,172.217.194.0-255,766,152082,7,199776
31182,0.003074,172.217.194.0-255,1484,153566,7,199776
31183,0.003076,172.31.36.0-255,66,153632,7,199776
31184,0.003089,172.217.194.0-255,2902,156534,7,199776
31185,0.003092,172.31.36.0-255,66,156600,7,199776
31186,0.003106,172.217.194.0-255,2902,159502,7,199776
31187,0.003109,172.31.36.0-255,66,159568,7,199776
31188,0.003134,172.217.194.0-255,2902,162470,7,199776
31189,0.003137,172.31.36.0-255,66,162536,7,199776
31190,0.003168,172.31.36.0-255,66,162602,7,199776
31191,0.003179,172.31.36.0-255,66,162668,7,199776
31192,0.003226,172.217.194.0-255,1484,164152,7,199776
31193,0.003239,172.217.194.0-255,2902,167054,7,199776
31194,0.003242,172.31.36.0-255,66,167120,7,199776
31195,0.003246,172.217.194.0-255,1484,168604,7,199776
31196,0.003266,172.217.194.0-255,4320,172924,7,199776
31197,0.003269,172.31.36.0-255,66,172990,7,199776
31198,0.0033,172.31.36.0-255,66,173056,7,199776
31199,0.003318,172.217.194.0-255,1484,174540,7,199776
31200,0.003329,172.31.36.0-255,66,174606,7,199776
31201,0.00335,172.217.194.0-255,2184,176790,7,199776
31202,0.003353,172.31.36.0-255,66,176856,7,199776
31203,0.003389,172.217.194.0-255,1484,178340,7,199776
31204,0.0034,172.217.194.0-255,1484,179824,7,199776
31205,0.003403,172.31.36.0-255,66,179890,7,199776
31206,0.003407,172.217.194.0-255,1484,181374,7,199776
31207,0.003432,172.217.194.0-255,5738,187112,7,199776
31208,0.003436,172.31.36.0-255,66,187178,7,199776
31209,0.003455,172.217.194.0-255,1484,188662,7,199776
31210,0.003466,172.31.36.0-255,66,188728,7,199776
31211,0.003481,172.217.194.0-255,1484,190212,7,199776
31212,0.00351,172.31.36.0-255,66,190278,7,199776
31213,0.003555,172.217.194.0-255,766,191044,7,199776
31214,0.00357,172.31.36.0-255,66,191110,7,199776
31215,0.003622,172.31.36.0-255,66,191176,7,199776
31216,0.00366,172.31.36.0-255,66,191242,7,199776
31217,0.003662,172.217.194.0-255,1484,192726,7,199776
31218,0.003688,172.31.36.0-255,66,192792,7,199776
31219,0.003691,172.217.194.0-255,1484,194276,7,199776
31220,0.003695,172.217.194.0-255,1763,196039,7,199776
31221,0.003697,172.31.36.0-255,66,196105,7,199776
31222,0.0037,172.217.194.0-255,105,196210,7,199776
31223,0.006323,172.31.36.0-255,66,196276,7,199776
31224,0.006353,172.31.36.0-255,105,196381,7,199776
31225,0.008372,172.217.194.0-255,66,196447,7,199776
31226,0.027253,172.31.36.0-255,172,196619,7,199776
31227,0.027293,172.31.36.0-255,1114,197733,7,199776
31228,0.027333,172.31.36.0-255,1514,199247,7,199776
31229,0.027334,172.31.36.0-255,331,199578,7,199776
31230,0.028786,104.244.42.0-255,66,199644,7,199776
31231,0.028981,104.244.42.0-255,66,199710,7,199776
31232,0.028987,104.244.42.0-255,66,199776,7,199776
31233,0.0,172.217.194.0-255,294,294,7,252991
31234,3.4e-05,172.31.36.0-255,66,360,7,252991
31235,4.2e-05,172.217.194.0-255,1484,1844,7,252991
31236,4.6e-05,172.31.36.0-255,66,1910,7,252991
31237,6e-05,172.217.194.0-255,4320,6230,7,252991
31238,6.2e-05,172.31.36.0-255,66,6296,7,252991
31239,7.4e-05,172.31.36.0-255,66,6362,7,252991
31240,8e-05,172.217.194.0-255,5738,12100,7,252991
31241,8.2e-05,172.31.36.0-255,66,12166,7,252991
31242,0.000112,172.217.194.0-255,1484,13650,7,252991
31243,0.000114,172.31.36.0-255,66,13716,7,252991
31244,0.000125,172.31.36.0-255,66,13782,7,252991
31245,0.000522,172.217.194.0-255,1484,15266,7,252991
31246,0.00053,172.31.36.0-255,66,15332,7,252991
31247,0.000536,172.217.194.0-255,2902,18234,7,252991
31248,0.000538,172.31.36.0-255,66,18300,7,252991
31249,0.000562,172.217.194.0-255,1484,19784,7,252991
31250,0.000565,172.31.36.0-255,66,19850,7,252991
31251,0.00059,172.217.194.0-255,4320,24170,7,252991
31252,0.000594,172.31.36.0-255,66,24236,7,252991
31253,0.0006,172.217.194.0-255,5738,29974,7,252991
31254,0.000603,172.31.36.0-255,66,30040,7,252991
31255,0.000606,172.217.194.0-255,1484,31524,7,252991
31256,0.000608,172.31.36.0-255,66,31590,7,252991
31257,0.000659,172.31.36.0-255,66,31656,7,252991
31258,0.000665,172.217.194.0-255,4254,35910,7,252991
31259,0.000668,172.31.36.0-255,66,35976,7,252991
31260,0.000671,172.217.194.0-255,361,36337,7,252991
31261,0.000681,172.31.36.0-255,66,36403,7,252991
31262,0.000755,172.217.194.0-255,1484,37887,7,252991
31263,0.000765,172.217.194.0-255,2902,40789,7,252991
31264,0.000772,172.31.36.0-255,66,40855,7,252991
31265,0.000796,172.217.194.0-255,5738,46593,7,252991
31266,0.000799,172.31.36.0-255,66,46659,7,252991
31267,0.000842,172.31.36.0-255,66,46725,7,252991
31268,0.000851,172.217.194.0-255,3961,50686,7,252991
31269,0.000861,172.31.36.0-255,66,50752,7,252991
31270,0.000862,172.217.194.0-255,5738,56490,7,252991
31271,0.000865,172.31.36.0-255,66,56556,7,252991
31272,0.000889,172.217.194.0-255,3961,60517,7,252991
31273,0.000899,172.31.36.0-255,66,60583,7,252991
31274,0.001186,172.217.194.0-255,1484,62067,7,252991
31275,0.001193,172.217.194.0-255,2902,64969,7,252991
31276,0.001196,172.31.36.0-255,66,65035,7,252991
31277,0.001251,172.217.194.0-255,5738,70773,7,252991
31278,0.001261,172.31.36.0-255,66,70839,7,252991
31279,0.001286,172.31.36.0-255,66,70905,7,252991
31280,0.001299,172.217.194.0-255,5738,76643,7,252991
31281,0.001307,172.31.36.0-255,66,76709,7,252991
31282,0.001337,172.217.194.0-255,2184,78893,7,252991
31283,0.001341,172.31.36.0-255,66,78959,7,252991
31284,0.001357,172.31.36.0-255,66,79025,7,252991
31285,0.001373,172.31.36.0-255,66,79091,7,252991
31286,0.001391,172.217.194.0-255,2902,81993,7,252991
31287,0.001393,172.217.194.0-255,766,82759,7,252991
31288,0.001402,172.31.36.0-255,66,82825,7,252991
31289,0.001744,172.217.194.0-255,1484,84309,7,252991
31290,0.001762,172.217.194.0-255,2902,87211,7,252991
31291,0.001765,172.217.194.0-255,1484,88695,7,252991
31292,0.001766,172.31.36.0-255,66,88761,7,252991
31293,0.001786,172.217.194.0-255,4320,93081,7,252991
31294,0.001792,172.217.194.0-255,4320,97401,7,252991
31295,0.001798,172.31.36.0-255,66,97467,7,252991
31296,0.001835,172.31.36.0-255,66,97533,7,252991
31297,0.001843,172.217.194.0-255,7156,104689,7,252991
31298,0.001854,172.31.36.0-255,66,104755,7,252991
31299,0.001861,172.217.194.0-255,3602,108357,7,252991
31300,0.001868,172.31.36.0-255,66,108423,7,252991
31301,0.001886,172.217.194.0-255,4320,112743,7,252991
31302,0.00189,172.217.194.0-255,2902,115645,7,252991
31303,0.001893,172.31.36.0-255,66,115711,7,252991
31304,0.001898,172.31.36.0-255,66,115777,7,252991
31305,0.001935,172.217.194.0-255,7156,122933,7,252991
31306,0.001944,172.31.36.0-255,66,122999,7,252991
31307,0.001949,172.31.36.0-255,66,123065,7,252991
31308,0.001993,172.31.36.0-255,66,123131,7,252991
31309,0.002003,172.217.194.0-255,2902,126033,7,252991
31310,0.002008,172.31.36.0-255,66,126099,7,252991
31311,0.002014,172.217.194.0-255,4320,130419,7,252991
31312,0.002025,172.31.36.0-255,66,130485,7,252991
31313,0.002052,172.31.36.0-255,66,130551,7,252991
31314,0.002096,172.31.36.0-255,66,130617,7,252991
31315,0.002128,172.217.194.0-255,6438,137055,7,252991
31316,0.002135,172.31.36.0-255,66,137121,7,252991
31317,0.002202,172.217.194.0-255,1484,138605,7,252991
31318,0.002218,172.217.194.0-255,2902,141507,7,252991
31319,0.002222,172.31.36.0-255,66,141573,7,252991
31320,0.002227,172.217.194.0-255,2902,144475,7,252991
31321,0.002237,172.31.36.0-255,66,144541,7,252991
31322,0.002251,172.217.194.0-255,2902,147443,7,252991
31323,0.002257,172.217.194.0-255,4320,151763,7,252991
31324,0.002265,172.31.36.0-255,66,151829,7,252991
31325,0.002289,172.31.36.0-255,66,151895,7,252991
31326,0.002323,172.217.194.0-255,1484,153379,7,252991
31327,0.002359,172.31.36.0-255,66,153445,7,252991
31328,0.002361,172.217.194.0-255,1484,154929,7,252991
31329,0.002366,172.31.36.0-255,66,154995,7,252991
31330,0.002379,172.31.36.0-255,66,155061,7,252991
31331,0.004698,172.217.194.0-255,5738,160799,7,252991
31332,0.004705,172.31.36.0-255,66,160865,7,252991
31333,0.006985,172.217.194.0-255,2902,163767,7,252991
31334,0.007001,172.217.194.0-255,2902,166669,7,252991
31335,0.00983,172.31.36.0-255,66,166735,7,252991
31336,0.012143,172.217.194.0-255,5738,172473,7,252991
31337,0.012151,172.31.36.0-255,66,172539,7,252991
31338,0.014452,172.217.194.0-255,5738,178277,7,252991
31339,0.015496,172.31.36.0-255,66,178343,7,252991
31340,0.017795,172.217.194.0-255,5738,184081,7,252991
31341,0.017805,172.31.36.0-255,66,184147,7,252991
31342,0.020114,172.217.194.0-255,5738,189885,7,252991
31343,0.020121,172.31.36.0-255,66,189951,7,252991
31344,0.02244,172.217.194.0-255,5738,195689,7,252991
31345,0.022447,172.31.36.0-255,66,195755,7,252991
31346,0.02475,172.217.194.0-255,5738,201493,7,252991
31347,0.024757,172.31.36.0-255,66,201559,7,252991
31348,0.027039,172.217.194.0-255,5738,207297,7,252991
31349,0.027046,172.31.36.0-255,66,207363,7,252991
31350,0.029337,172.217.194.0-255,5738,213101,7,252991
31351,0.029344,172.31.36.0-255,66,213167,7,252991
31352,0.031665,172.217.194.0-255,5738,218905,7,252991
31353,0.031672,172.31.36.0-255,66,218971,7,252991
31354,0.03359,172.31.36.0-255,167,219138,7,252991
31355,0.033615,172.31.36.0-255,1114,220252,7,252991
31356,0.033659,172.31.36.0-255,1514,221766,7,252991
31357,0.033661,172.31.36.0-255,1292,223058,7,252991
31358,0.033972,172.217.194.0-255,5738,228796,7,252991
31359,0.033979,172.31.36.0-255,66,228862,7,252991
31360,0.035132,104.244.42.0-255,66,228928,7,252991
31361,0.03529,104.244.42.0-255,66,228994,7,252991
31362,0.035312,104.244.42.0-255,66,229060,7,252991
31363,0.036275,172.217.194.0-255,4320,233380,7,252991
31364,0.03628,172.31.36.0-255,66,233446,7,252991
31365,0.036307,172.217.194.0-255,1484,234930,7,252991
31366,0.038565,172.217.194.0-255,4320,239250,7,252991
31367,0.038573,172.31.36.0-255,66,239316,7,252991
31368,0.040881,172.217.194.0-255,5738,245054,7,252991
31369,0.040944,172.31.36.0-255,66,245120,7,252991
31370,0.043247,172.217.194.0-255,5738,250858,7,252991
31371,0.043252,172.31.36.0-255,66,250924,7,252991
31372,0.045567,172.217.194.0-255,1830,252754,7,252991
31373,0.045572,172.31.36.0-255,66,252820,7,252991
31374,0.045746,172.31.36.0-255,105,252925,7,252991
31375,0.048056,172.217.194.0-255,66,252991,7,252991
31376,0.0,172.217.194.0-255,156,156,7,208008
31377,2.3e-05,172.31.36.0-255,66,222,7,208008
31378,2.9e-05,172.217.194.0-255,1484,1706,7,208008
31379,3.3e-05,172.31.36.0-255,66,1772,7,208008
31380,3.6e-05,172.217.194.0-255,1484,3256,7,208008
31381,3.8e-05,172.31.36.0-255,66,3322,7,208008
31382,6.4e-05,172.217.194.0-255,1484,4806,7,208008
31383,6.7e-05,172.31.36.0-255,66,4872,7,208008
31384,7.5e-05,172.217.194.0-255,7156,12028,7,208008
31385,7.7e-05,172.31.36.0-255,66,12094,7,208008
31386,9.6e-05,172.217.194.0-255,2902,14996,7,208008
31387,9.8e-05,172.31.36.0-255,66,15062,7,208008
31388,0.000122,172.31.36.0-255,66,15128,7,208008
31389,0.000139,172.217.194.0-255,6797,21925,7,208008
31390,0.000141,172.31.36.0-255,66,21991,7,208008
31391,0.000185,172.217.194.0-255,7156,29147,7,208008
31392,0.000189,172.31.36.0-255,66,29213,7,208008
31393,0.000214,172.31.36.0-255,66,29279,7,208008
31394,0.000229,172.217.194.0-255,1484,30763,7,208008
31395,0.000232,172.31.36.0-255,66,30829,7,208008
31396,0.000257,172.31.36.0-255,66,30895,7,208008
31397,0.000288,172.217.194.0-255,5738,36633,7,208008
31398,0.000291,172.31.36.0-255,66,36699,7,208008
31399,0.000308,172.217.194.0-255,2795,39494,7,208008
31400,0.000312,172.31.36.0-255,66,39560,7,208008
31401,0.000422,172.217.194.0-255,1484,41044,7,208008
31402,0.000427,172.31.36.0-255,66,41110,7,208008
31403,0.000432,172.217.194.0-255,2902,44012,7,208008
31404,0.000439,172.31.36.0-255,66,44078,7,208008
31405,0.000448,172.217.194.0-255,4320,48398,7,208008
31406,0.000451,172.31.36.0-255,66,48464,7,208008
31407,0.000462,172.217.194.0-255,1484,49948,7,208008
31408,0.000504,172.217.194.0-255,5738,55686,7,208008
31409,0.000508,172.31.36.0-255,66,55752,7,208008
31410,0.000526,172.217.194.0-255,576,56328,7,208008
31411,0.000531,172.217.194.0-255,2902,59230,7,208008
31412,0.000534,172.31.36.0-255,66,59296,7,208008
31413,0.00056,172.217.194.0-255,4320,63616,7,208008
31414,0.000564,172.31.36.0-255,66,63682,7,208008
31415,0.000572,172.217.194.0-255,7156,70838,7,208008
31416,0.000574,172.31.36.0-255,66,70904,7,208008
31417,0.000598,172.217.194.0-255,1484,72388,7,208008
31418,0.000602,172.217.194.0-255,1125,73513,7,208008
31419,0.000604,172.31.36.0-255,66,73579,7,208008
31420,0.000607,172.217.194.0-255,1484,75063,7,208008
31421,0.000612,172.217.194.0-255,4320,79383,7,208008
31422,0.000614,172.31.36.0-255,66,79449,7,208008
31423,0.00065,172.31.36.0-255,66,79515,7,208008
31424,0.00068,172.217.194.0-255,1125,80640,7,208008
31425,0.000762,172.217.194.0-255,1484,82124,7,208008
31426,0.000766,172.31.36.0-255,66,82190,7,208008
31427,0.000775,172.217.194.0-255,2902,85092,7,208008
31428,0.000777,172.31.36.0-255,66,85158,7,208008
31429,0.000798,172.217.194.0-255,5738,90896,7,208008
31430,0.000801,172.31.36.0-255,66,90962,7,208008
31431,0.000861,172.31.36.0-255,66,91028,7,208008
31432,0.000874,172.217.194.0-255,1484,92512,7,208008
31433,0.000887,172.31.36.0-255,66,92578,7,208008
31434,0.00089,172.217.194.0-255,1484,94062,7,208008
31435,0.000904,172.217.194.0-255,2902,96964,7,208008
31436,0.000907,172.31.36.0-255,66,97030,7,208008
31437,0.00091,172.217.194.0-255,1484,98514,7,208008
31438,0.000931,172.217.194.0-255,4320,102834,7,208008
31439,0.000935,172.31.36.0-255,66,102900,7,208008
31440,0.000961,172.31.36.0-255,66,102966,7,208008
31441,0.000967,172.217.194.0-255,5738,108704,7,208008
31442,0.00097,172.31.36.0-255,66,108770,7,208008
31443,0.001,172.217.194.0-255,2902,111672,7,208008
31444,0.001004,172.31.36.0-255,66,111738,7,208008
31445,0.001036,172.31.36.0-255,66,111804,7,208008
31446,0.001047,172.31.36.0-255,66,111870,7,208008
31447,0.001071,172.217.194.0-255,7156,119026,7,208008
31448,0.001073,172.31.36.0-255,66,119092,7,208008
31449,0.00108,172.217.194.0-255,5020,124112,7,208008
31450,0.001082,172.31.36.0-255,66,124178,7,208008
31451,0.001136,172.31.36.0-255,66,124244,7,208008
31452,0.001157,172.217.194.0-255,2543,126787,7,208008
31453,0.00116,172.31.36.0-255,66,126853,7,208008
31454,0.001179,172.217.194.0-255,2902,129755,7,208008
31455,0.001182,172.31.36.0-255,66,129821,7,208008
31456,0.001188,172.217.194.0-255,5738,135559,7,208008
31457,0.001191,172.31.36.0-255,66,135625,7,208008
31458,0.00121,172.217.194.0-255,1484,137109,7,208008
31459,0.001215,172.217.194.0-255,4320,141429,7,208008
31460,0.001218,172.31.36.0-255,66,141495,7,208008
31461,0.001265,172.31.36.0-255,66,141561,7,208008
31462,0.001272,172.217.194.0-255,5379,146940,7,208008
31463,0.001275,172.31.36.0-255,66,147006,7,208008
31464,0.001296,172.217.194.0-255,1484,148490,7,208008
31465,0.00131,172.217.194.0-255,5738,154228,7,208008
31466,0.001313,172.31.36.0-255,66,154294,7,208008
31467,0.001325,172.31.36.0-255,66,154360,7,208008
31468,0.001348,172.217.194.0-255,1125,155485,7,208008
31469,0.001406,172.217.194.0-255,1484,156969,7,208008
31470,0.00141,172.31.36.0-255,66,157035,7,208008
31471,0.001415,172.217.194.0-255,2902,159937,7,208008
31472,0.001418,172.31.36.0-255,66,160003,7,208008
31473,0.001447,172.217.194.0-255,5738,165741,7,208008
31474,0.00145,172.31.36.0-255,66,165807,7,208008
31475,0.001455,172.217.194.0-255,2902,168709,7,208008
31476,0.001457,172.31.36.0-255,66,168775,7,208008
31477,0.001482,172.31.36.0-255,66,168841,7,208008
31478,0.001542,172.31.36.0-255,66,168907,7,208008
31479,0.001562,172.217.194.0-255,766,169673,7,208008
31480,0.001572,172.31.36.0-255,66,169739,7,208008
31481,0.001587,172.31.36.0-255,66,169805,7,208008
31482,0.001616,172.31.36.0-255,66,169871,7,208008
31483,0.00163,172.31.36.0-255,66,169937,7,208008
31484,0.001649,172.217.194.0-255,2543,172480,7,208008
31485,0.001652,172.31.36.0-255,66,172546,7,208008
31486,0.001666,172.217.194.0-255,4320,176866,7,208008
31487,0.001669,172.31.36.0-255,66,176932,7,208008
31488,0.001708,172.31.36.0-255,66,176998,7,208008
31489,0.001751,172.217.194.0-255,1484,178482,7,208008
31490,0.001766,172.217.194.0-255,2902,181384,7,208008
31491,0.001769,172.31.36.0-255,66,181450,7,208008
31492,0.001775,172.217.194.0-255,4320,185770,7,208008
31493,0.001777,172.31.36.0-255,66,185836,7,208008
31494,0.001795,172.217.194.0-255,1484,187320,7,208008
31495,0.0018,172.217.194.0-255,4320,191640,7,208008
31496,0.001803,172.31.36.0-255,66,191706,7,208008
31497,0.001818,172.217.194.0-255,4320,196026,7,208008
31498,0.001822,172.31.36.0-255,66,196092,7,208008
31499,0.001851,172.217.194.0-255,4320,200412,7,208008
31500,0.001854,172.31.36.0-255,66,200478,7,208008
31501,0.001864,172.31.36.0-255,66,200544,7,208008
31502,0.001868,172.217.194.0-255,2764,203308,7,208008
31503,0.00187,172.31.36.0-255,66,203374,7,208008
31504,0.001908,172.217.194.0-255,105,203479,7,208008
31505,0.007929,172.31.36.0-255,66,203545,7,208008
31506,0.007958,172.31.36.0-255,105,203650,7,208008
31507,0.010161,172.217.194.0-255,66,203716,7,208008
31508,0.032914,172.31.36.0-255,172,203888,7,208008
31509,0.032944,172.31.36.0-255,1115,205003,7,208008
31510,0.032985,172.31.36.0-255,1514,206517,7,208008
31511,0.032987,172.31.36.0-255,1293,207810,7,208008
31512,0.03446,104.244.42.0-255,66,207876,7,208008
31513,0.034514,104.244.42.0-255,66,207942,7,208008
31514,0.034556,104.244.42.0-255,66,208008,7,208008
31515,0.0,74.125.130.0-255,153,153,7,261521
31516,2.9e-05,172.31.36.0-255,66,219,7,261521
31517,3.7e-05,74.125.130.0-255,1484,1703,7,261521
31518,4.1e-05,172.31.36.0-255,66,1769,7,261521
31519,4.7e-05,74.125.130.0-255,2902,4671,7,261521
31520,5e-05,172.31.36.0-255,66,4737,7,261521
31521,5.7e-05,74.125.130.0-255,5738,10475,7,261521
31522,6e-05,172.31.36.0-255,66,10541,7,261521
31523,8.2e-05,74.125.130.0-255,3436,13977,7,261521
31524,8.7e-05,172.31.36.0-255,66,14043,7,261521
31525,0.000182,74.125.130.0-255,1484,15527,7,261521
31526,0.000187,172.31.36.0-255,66,15593,7,261521
31527,0.000193,74.125.130.0-255,2902,18495,7,261521
31528,0.000196,172.31.36.0-255,66,18561,7,261521
31529,0.000201,74.125.130.0-255,4320,22881,7,261521
31530,0.000203,172.31.36.0-255,66,22947,7,261521
31531,0.000225,74.125.130.0-255,1484,24431,7,261521
31532,0.000228,172.31.36.0-255,66,24497,7,261521
31533,0.000234,74.125.130.0-255,5738,30235,7,261521
31534,0.000237,172.31.36.0-255,66,30301,7,261521
31535,0.000268,74.125.130.0-255,1484,31785,7,261521
31536,0.00027,172.31.36.0-255,66,31851,7,261521
31537,0.000295,74.125.130.0-255,3961,35812,7,261521
31538,0.000298,172.31.36.0-255,66,35878,7,261521
31539,0.000304,74.125.130.0-255,5738,41616,7,261521
31540,0.000306,172.31.36.0-255,66,41682,7,261521
31541,0.000342,74.125.130.0-255,4320,46002,7,261521
31542,0.000346,172.31.36.0-255,66,46068,7,261521
31543,0.000361,74.125.130.0-255,2543,48611,7,261521
31544,0.000364,172.31.36.0-255,66,48677,7,261521
31545,0.000411,74.125.130.0-255,1484,50161,7,261521
31546,0.000414,172.31.36.0-255,66,50227,7,261521
31547,0.000417,74.125.130.0-255,1484,51711,7,261521
31548,0.000432,74.125.130.0-255,2902,54613,7,261521
31549,0.000435,172.31.36.0-255,66,54679,7,261521
31550,0.000467,74.125.130.0-255,5738,60417,7,261521
31551,0.00047,172.31.36.0-255,66,60483,7,261521
31552,0.000473,74.125.130.0-255,1484,61967,7,261521
31553,0.000493,74.125.130.0-255,3961,65928,7,261521
31554,0.000495,172.31.36.0-255,66,65994,7,261521
31555,0.000542,74.125.130.0-255,378,66372,7,261521
31556,0.000803,172.31.36.0-255,66,66438,7,261521
31557,0.000858,74.125.130.0-255,364,66802,7,261521
31558,0.001304,74.125.130.0-255,1484,68286,7,261521
31559,0.001311,172.31.36.0-255,66,68352,7,261521
31560,0.001318,74.125.130.0-255,2902,71254,7,261521
31561,0.00132,172.31.36.0-255,66,71320,7,261521
31562,0.001326,74.125.130.0-255,4320,75640,7,261521
31563,0.001328,172.31.36.0-255,66,75706,7,261521
31564,0.001359,74.125.130.0-255,1484,77190,7,261521
31565,0.001367,74.125.130.0-255,6797,83987,7,261521
31566,0.00137,172.31.36.0-255,66,84053,7,261521
31567,0.001374,74.125.130.0-255,2902,86955,7,261521
31568,0.001377,172.31.36.0-255,66,87021,7,261521
31569,0.0014,172.31.36.0-255,66,87087,7,261521
31570,0.001404,74.125.130.0-255,2543,89630,7,261521
31571,0.001406,172.31.36.0-255,66,89696,7,261521
31572,0.002029,74.125.130.0-255,1484,91180,7,261521
31573,0.002042,74.125.130.0-255,2902,94082,7,261521
31574,0.002044,172.31.36.0-255,66,94148,7,261521
31575,0.002047,74.125.130.0-255,1484,95632,7,261521
31576,0.002065,74.125.130.0-255,4320,99952,7,261521
31577,0.002067,172.31.36.0-255,66,100018,7,261521
31578,0.002097,172.31.36.0-255,66,100084,7,261521
31579,0.002116,74.125.130.0-255,1484,101568,7,261521
31580,0.002123,74.125.130.0-255,7156,108724,7,261521
31581,0.002125,172.31.36.0-255,66,108790,7,261521
31582,0.002141,74.125.130.0-255,3602,112392,7,261521
31583,0.002142,172.31.36.0-255,66,112458,7,261521
31584,0.002194,74.125.130.0-255,2902,115360,7,261521
31585,0.002196,172.31.36.0-255,66,115426,7,261521
31586,0.002199,74.125.130.0-255,1484,116910,7,261521
31587,0.002215,74.125.130.0-255,2902,119812,7,261521
31588,0.002217,172.31.36.0-255,66,119878,7,261521
31589,0.002223,74.125.130.0-255,5738,125616,7,261521
31590,0.002225,172.31.36.0-255,66,125682,7,261521
31591,0.002241,74.125.130.0-255,2902,128584,7,261521
31592,0.002243,172.31.36.0-255,66,128650,7,261521
31593,0.002249,74.125.130.0-255,5738,134388,7,261521
31594,0.002251,172.31.36.0-255,66,134454,7,261521
31595,0.004439,74.125.130.0-255,5738,140192,7,261521
31596,0.004443,172.31.36.0-255,66,140258,7,261521
31597,0.006678,74.125.130.0-255,5738,145996,7,261521
31598,0.006685,172.31.36.0-255,66,146062,7,261521
31599,0.008895,74.125.130.0-255,5738,151800,7,261521
31600,0.008902,172.31.36.0-255,66,151866,7,261521
31601,0.011094,74.125.130.0-255,5738,157604,7,261521
31602,0.011102,172.31.36.0-255,66,157670,7,261521
31603,0.013296,74.125.130.0-255,5738,163408,7,261521
31604,0.013303,172.31.36.0-255,66,163474,7,261521
31605,0.01553,74.125.130.0-255,5738,169212,7,261521
31606,0.015538,172.31.36.0-255,66,169278,7,261521
31607,0.017753,74.125.130.0-255,5738,175016,7,261521
31608,0.017761,172.31.36.0-255,66,175082,7,261521
31609,0.019966,74.125.130.0-255,5738,180820,7,261521
31610,0.019974,172.31.36.0-255,66,180886,7,261521
31611,0.022181,74.125.130.0-255,5738,186624,7,261521
31612,0.022187,172.31.36.0-255,66,186690,7,261521
31613,0.024405,74.125.130.0-255,5738,192428,7,261521
31614,0.024412,172.31.36.0-255,66,192494,7,261521
31615,0.026611,74.125.130.0-255,5738,198232,7,261521
31616,0.026624,172.31.36.0-255,66,198298,7,261521
31617,0.027777,172.31.36.0-255,172,198470,7,261521
31618,0.027809,172.31.36.0-255,1115,199585,7,261521
31619,0.027868,172.31.36.0-255,1514,201099,7,261521
31620,0.02787,172.31.36.0-255,1291,202390,7,261521
31621,0.02884,74.125.130.0-255,5738,208128,7,261521
31622,0.028848,172.31.36.0-255,66,208194,7,261521
31623,0.029324,104.244.42.0-255,66,208260,7,261521
31624,0.029374,104.244.42.0-255,66,208326,7,261521
31625,0.02943,104.244.42.0-255,66,208392,7,261521
31626,0.031071,74.125.130.0-255,5738,214130,7,261521
31627,0.031077,172.31.36.0-255,66,214196,7,261521
31628,0.033281,74.125.130.0-255,5738,219934,7,261521
31629,0.033286,172.31.36.0-255,66,220000,7,261521
31630,0.035493,74.125.130.0-255,2902,222902,7,261521
31631,0.035498,172.31.36.0-255,66,222968,7,261521
31632,0.035526,74.125.130.0-255,2902,225870,7,261521
31633,0.03553,172.31.36.0-255,66,225936,7,261521
31634,0.037696,74.125.130.0-255,2902,228838,7,261521
31635,0.037702,172.31.36.0-255,66,228904,7,261521
31636,0.037724,74.125.130.0-255,2902,231806,7,261521
31637,0.037727,172.31.36.0-255,66,231872,7,261521
31638,0.0399,74.125.130.0-255,2902,234774,7,261521
31639,0.039921,172.31.36.0-255,66,234840,7,261521
31640,0.039941,74.125.130.0-255,2902,237742,7,261521
31641,0.039945,172.31.36.0-255,66,237808,7,261521
31642,0.04211,74.125.130.0-255,2902,240710,7,261521
31643,0.042115,172.31.36.0-255,66,240776,7,261521
31644,0.042144,74.125.130.0-255,2902,243678,7,261521
31645,0.042148,172.31.36.0-255,66,243744,7,261521
31646,0.044298,74.125.130.0-255,2902,246646,7,261521
31647,0.044304,172.31.36.0-255,66,246712,7,261521
31648,0.044324,74.125.130.0-255,2902,249614,7,261521
31649,0.044327,172.31.36.0-255,66,249680,7,261521
31650,0.046496,74.125.130.0-255,4320,254000,7,261521
31651,0.046502,172.31.36.0-255,66,254066,7,261521
31652,0.04653,74.125.130.0-255,1484,255550,7,261521
31653,0.046635,172.31.36.0-255,101,255651,7,261521
31654,0.048726,74.125.130.0-255,4320,259971,7,261521
31655,0.048731,172.31.36.0-255,66,260037,7,261521
31656,0.048826,74.125.130.0-255,1484,261521,7,261521
31657,0.0,172.217.194.0-255,146,146,7,219377
31658,2.3e-05,172.31.36.0-255,66,212,7,219377
31659,2.9e-05,172.217.194.0-255,1484,1696,7,219377
31660,3.3e-05,172.31.36.0-255,66,1762,7,219377
31661,3.9e-05,172.217.194.0-255,2902,4664,7,219377
31662,4.2e-05,172.31.36.0-255,66,4730,7,219377
31663,5e-05,172.217.194.0-255,7156,11886,7,219377
31664,5.3e-05,172.31.36.0-255,66,11952,7,219377
31665,5.7e-05,172.217.194.0-255,1940,13892,7,219377
31666,6e-05,172.31.36.0-255,66,13958,7,219377
31667,6.7e-05,172.217.194.0-255,5738,19696,7,219377
31668,7e-05,172.31.36.0-255,66,19762,7,219377
31669,9.3e-05,172.217.194.0-255,5738,25500,7,219377
31670,9.5e-05,172.31.36.0-255,66,25566,7,219377
31671,0.000102,172.217.194.0-255,5379,30945,7,219377
31672,0.000105,172.31.36.0-255,66,31011,7,219377
31673,0.000132,172.217.194.0-255,1484,32495,7,219377
31674,0.000135,172.31.36.0-255,66,32561,7,219377
31675,0.00014,172.217.194.0-255,2902,35463,7,219377
31676,0.000142,172.31.36.0-255,66,35529,7,219377
31677,0.000145,172.217.194.0-255,1484,37013,7,219377
31678,0.000147,172.31.36.0-255,66,37079,7,219377
31679,0.000168,172.217.194.0-255,4320,41399,7,219377
31680,0.000171,172.31.36.0-255,66,41465,7,219377
31681,0.000174,172.217.194.0-255,1484,42949,7,219377
31682,0.000175,172.31.36.0-255,66,43015,7,219377
31683,0.000192,172.217.194.0-255,5379,48394,7,219377
31684,0.000194,172.31.36.0-255,66,48460,7,219377
31685,0.000544,172.217.194.0-255,1484,49944,7,219377
31686,0.00055,172.31.36.0-255,66,50010,7,219377
31687,0.000555,172.217.194.0-255,2902,52912,7,219377
31688,0.000558,172.31.36.0-255,66,52978,7,219377
31689,0.000606,172.217.194.0-255,5738,58716,7,219377
31690,0.000609,172.31.36.0-255,66,58782,7,219377
31691,0.000632,172.217.194.0-255,5738,64520,7,219377
31692,0.000635,172.31.36.0-255,66,64586,7,219377
31693,0.000654,172.217.194.0-255,1705,66291,7,219377
31694,0.000657,172.31.36.0-255,66,66357,7,219377
31695,0.00095,172.217.194.0-255,1484,67841,7,219377
31696,0.000956,172.217.194.0-255,2902,70743,7,219377
31697,0.000959,172.31.36.0-255,66,70809,7,219377
31698,0.000966,172.217.194.0-255,4320,75129,7,219377
31699,0.000968,172.31.36.0-255,66,75195,7,219377
31700,0.00098,172.217.194.0-255,1484,76679,7,219377
31701,0.000984,172.217.194.0-255,2902,79581,7,219377
31702,0.000986,172.31.36.0-255,66,79647,7,219377
31703,0.001024,172.31.36.0-255,66,79713,7,219377
31704,0.001037,172.31.36.0-255,66,79779,7,219377
31705,0.001068,172.217.194.0-255,7156,86935,7,219377
31706,0.001071,172.31.36.0-255,66,87001,7,219377
31707,0.00109,172.217.194.0-255,2902,89903,7,219377
31708,0.001092,172.31.36.0-255,66,89969,7,219377
31709,0.001113,172.31.36.0-255,66,90035,7,219377
31710,0.001118,172.217.194.0-255,4320,94355,7,219377
31711,0.001121,172.31.36.0-255,66,94421,7,219377
31712,0.001166,172.31.36.0-255,66,94487,7,219377
31713,0.001179,172.31.36.0-255,66,94553,7,219377
31714,0.001185,172.217.194.0-255,4320,98873,7,219377
31715,0.001187,172.31.36.0-255,66,98939,7,219377
31716,0.001219,172.31.36.0-255,66,99005,7,219377
31717,0.001258,172.217.194.0-255,7156,106161,7,219377
31718,0.001261,172.31.36.0-255,66,106227,7,219377
31719,0.001284,172.31.36.0-255,66,106293,7,219377
31720,0.001297,172.31.36.0-255,66,106359,7,219377
31721,0.001314,172.31.36.0-255,66,106425,7,219377
31722,0.001335,172.217.194.0-255,5738,112163,7,219377
31723,0.001338,172.31.36.0-255,66,112229,7,219377
31724,0.001363,172.217.194.0-255,2184,114413,7,219377
31725,0.001365,172.31.36.0-255,66,114479,7,219377
31726,0.001405,172.31.36.0-255,66,114545,7,219377
31727,0.001432,172.31.36.0-255,66,114611,7,219377
31728,0.00145,172.217.194.0-255,4320,118931,7,219377
31729,0.001453,172.217.194.0-255,1484,120415,7,219377
31730,0.001466,172.217.194.0-255,2902,123317,7,219377
31731,0.001484,172.217.194.0-255,4471,127788,7,219377
31732,0.001487,172.31.36.0-255,66,127854,7,219377
31733,0.001492,172.31.36.0-255,66,127920,7,219377
31734,0.001636,172.217.194.0-255,1484,129404,7,219377
31735,0.001642,172.217.194.0-255,2902,132306,7,219377
31736,0.001651,172.31.36.0-255,66,132372,7,219377
31737,0.001663,172.217.194.0-255,5738,138110,7,219377
31738,0.001676,172.217.194.0-255,2902,141012,7,219377
31739,0.00169,172.217.194.0-255,1484,142496,7,219377
31740,0.001712,172.217.194.0-255,7156,149652,7,219377
31741,0.001716,172.31.36.0-255,66,149718,7,219377
31742,0.001721,172.31.36.0-255,66,149784,7,219377
31743,0.001734,172.217.194.0-255,1484,151268,7,219377
31744,0.001741,172.217.194.0-255,5738,157006,7,219377
31745,0.00175,172.31.36.0-255,66,157072,7,219377
31746,0.001759,172.217.194.0-255,2902,159974,7,219377
31747,0.001762,172.217.194.0-255,2184,162158,7,219377
31748,0.001773,172.31.36.0-255,66,162224,7,219377
31749,0.001804,172.217.194.0-255,2902,165126,7,219377
31750,0.001822,172.217.194.0-255,1484,166610,7,219377
31751,0.001825,172.31.36.0-255,66,166676,7,219377
31752,0.001835,172.217.194.0-255,2902,169578,7,219377
31753,0.001842,172.31.36.0-255,66,169644,7,219377
31754,0.001855,172.217.194.0-255,2902,172546,7,219377
31755,0.001859,172.217.194.0-255,2902,175448,7,219377
31756,0.00187,172.31.36.0-255,66,175514,7,219377
31757,0.001903,172.217.194.0-255,5738,181252,7,219377
31758,0.001908,172.31.36.0-255,66,181318,7,219377
31759,0.001926,172.217.194.0-255,5738,187056,7,219377
31760,0.001938,172.31.36.0-255,66,187122,7,219377
31761,0.001976,172.217.194.0-255,2184,189306,7,219377
31762,0.002013,172.217.194.0-255,5738,195044,7,219377
31763,0.00202,172.31.36.0-255,66,195110,7,219377
31764,0.002043,172.217.194.0-255,1484,196594,7,219377
31765,0.002065,172.31.36.0-255,66,196660,7,219377
31766,0.002089,172.217.194.0-255,7156,203816,7,219377
31767,0.002095,172.217.194.0-255,5020,208836,7,219377
31768,0.0021,172.217.194.0-255,2902,211738,7,219377
31769,0.002122,172.31.36.0-255,66,211804,7,219377
31770,0.002133,172.31.36.0-255,66,211870,7,219377
31771,0.002139,172.217.194.0-255,105,211975,7,219377
31772,0.004681,172.31.36.0-255,66,212041,7,219377
31773,0.00472,172.31.36.0-255,105,212146,7,219377
31774,0.007324,172.217.194.0-255,66,212212,7,219377
31775,0.03842,172.31.36.0-255,172,212384,7,219377
31776,0.038456,172.31.36.0-255,1114,213498,7,219377
31777,0.038524,172.31.36.0-255,1514,215012,7,219377
31778,0.038526,172.31.36.0-255,1514,216526,7,219377
31779,0.038532,172.31.36.0-255,1514,218040,7,219377
31780,0.038533,172.31.36.0-255,1073,219113,7,219377
31781,0.040043,104.244.42.0-255,66,219179,7,219377
31782,0.040081,104.244.42.0-255,66,219245,7,219377
31783,0.040131,104.244.42.0-255,66,219311,7,219377
31784,0.040153,104.244.42.0-255,66,219377,7,219377
31785,0.0,74.125.68.0-255,145,145,7,287212
31786,2.6e-05,172.31.36.0-255,66,211,7,287212
31787,3.3e-05,74.125.68.0-255,1484,1695,7,287212
31788,3.7e-05,172.31.36.0-255,66,1761,7,287212
31789,5.7e-05,74.125.68.0-255,2902,4663,7,287212
31790,5.9e-05,172.31.36.0-255,66,4729,7,287212
31791,7.4e-05,74.125.68.0-255,5738,10467,7,287212
31792,7.7e-05,172.31.36.0-255,66,10533,7,287212
31793,0.000117,74.125.68.0-255,2902,13435,7,287212
31794,0.00012,172.31.36.0-255,66,13501,7,287212
31795,0.000165,74.125.68.0-255,2902,16403,7,287212
31796,0.00017,172.31.36.0-255,66,16469,7,287212
31797,0.000196,172.31.36.0-255,66,16535,7,287212
31798,0.000244,74.125.68.0-255,2902,19437,7,287212
31799,0.000246,172.31.36.0-255,66,19503,7,287212
31800,0.000264,74.125.68.0-255,1484,20987,7,287212
31801,0.000267,172.31.36.0-255,66,21053,7,287212
31802,0.000288,74.125.68.0-255,2543,23596,7,287212
31803,0.000291,172.31.36.0-255,66,23662,7,287212
31804,0.000343,74.125.68.0-255,1484,25146,7,287212
31805,0.000348,74.125.68.0-255,2902,28048,7,287212
31806,0.000348,172.31.36.0-255,66,28114,7,287212
31807,0.000353,172.31.36.0-255,66,28180,7,287212
31808,0.000363,74.125.68.0-255,2902,31082,7,287212
31809,0.000366,172.31.36.0-255,66,31148,7,287212
31810,0.000382,74.125.68.0-255,2902,34050,7,287212
31811,0.000385,172.31.36.0-255,66,34116,7,287212
31812,0.000421,74.125.68.0-255,4320,38436,7,287212
31813,0.000425,172.31.36.0-255,66,38502,7,287212
31814,0.000461,74.125.68.0-255,5379,43881,7,287212
31815,0.000465,172.31.36.0-255,66,43947,7,287212
31816,0.000519,74.125.68.0-255,7156,51103,7,287212
31817,0.000523,172.31.36.0-255,66,51169,7,287212
31818,0.000582,74.125.68.0-255,1484,52653,7,287212
31819,0.000599,74.125.68.0-255,5653,58306,7,287212
31820,0.000603,172.31.36.0-255,66,58372,7,287212
31821,0.000867,74.125.68.0-255,129,58501,7,287212
31822,0.000906,74.125.68.0-255,1484,59985,7,287212
31823,0.00091,172.31.36.0-255,66,60051,7,287212
31824,0.000916,74.125.68.0-255,2902,62953,7,287212
31825,0.000918,172.31.36.0-255,66,63019,7,287212
31826,0.000942,74.125.68.0-255,5738,68757,7,287212
31827,0.000945,172.31.36.0-255,66,68823,7,287212
31828,0.000987,74.125.68.0-255,1484,70307,7,287212
31829,0.001003,74.125.68.0-255,5379,75686,7,287212
31830,0.001006,172.31.36.0-255,66,75752,7,287212
31831,0.001252,74.125.68.0-255,1484,77236,7,287212
31832,0.00126,74.125.68.0-255,2902,80138,7,287212
31833,0.001264,172.31.36.0-255,66,80204,7,287212
31834,0.001283,74.125.68.0-255,5738,85942,7,287212
31835,0.001286,172.31.36.0-255,66,86008,7,287212
31836,0.001326,74.125.68.0-255,2902,88910,7,287212
31837,0.001329,172.31.36.0-255,66,88976,7,287212
31838,0.001365,74.125.68.0-255,4320,93296,7,287212
31839,0.001368,172.31.36.0-255,66,93362,7,287212
31840,0.001403,74.125.68.0-255,2902,96264,7,287212
31841,0.001406,172.31.36.0-255,66,96330,7,287212
31842,0.001426,74.125.68.0-255,5738,102068,7,287212
31843,0.001428,172.31.36.0-255,66,102134,7,287212
31844,0.001482,74.125.68.0-255,2902,105036,7,287212
31845,0.001485,172.31.36.0-255,66,105102,7,287212
31846,0.001501,74.125.68.0-255,1484,106586,7,287212
31847,0.001527,74.125.68.0-255,3602,110188,7,287212
31848,0.001531,172.31.36.0-255,66,110254,7,287212
31849,0.001948,74.125.68.0-255,1484,111738,7,287212
31850,0.001967,74.125.68.0-255,2902,114640,7,287212
31851,0.00197,172.31.36.0-255,66,114706,7,287212
31852,0.001981,74.125.68.0-255,2902,117608,7,287212
31853,0.001983,172.31.36.0-255,66,117674,7,287212
31854,0.002003,74.125.68.0-255,2902,120576,7,287212
31855,0.002005,172.31.36.0-255,66,120642,7,287212
31856,0.002031,74.125.68.0-255,4320,124962,7,287212
31857,0.002033,172.31.36.0-255,66,125028,7,287212
31858,0.002044,74.125.68.0-255,2902,127930,7,287212
31859,0.002045,172.31.36.0-255,66,127996,7,287212
31860,0.00211,74.125.68.0-255,4320,132316,7,287212
31861,0.002112,172.31.36.0-255,66,132382,7,287212
31862,0.002134,74.125.68.0-255,4320,136702,7,287212
31863,0.002136,172.31.36.0-255,66,136768,7,287212
31864,0.002195,74.125.68.0-255,4320,141088,7,287212
31865,0.002197,172.31.36.0-255,66,141154,7,287212
31866,0.00221,74.125.68.0-255,2902,144056,7,287212
31867,0.002211,172.31.36.0-255,66,144122,7,287212
31868,0.002261,74.125.68.0-255,4320,148442,7,287212
31869,0.002263,172.31.36.0-255,66,148508,7,287212
31870,0.002307,172.31.36.0-255,66,148574,7,287212
31871,0.002443,74.125.68.0-255,7156,155730,7,287212
31872,0.002448,172.31.36.0-255,66,155796,7,287212
31873,0.002474,172.31.36.0-255,66,155862,7,287212
31874,0.002567,74.125.68.0-255,766,156628,7,287212
31875,0.003197,172.31.36.0-255,66,156694,7,287212
31876,0.004706,74.125.68.0-255,4320,161014,7,287212
31877,0.00471,172.31.36.0-255,66,161080,7,287212
31878,0.005421,74.125.68.0-255,1484,162564,7,287212
31879,0.00699,74.125.68.0-255,4320,166884,7,287212
31880,0.006995,172.31.36.0-255,66,166950,7,287212
31881,0.00924,74.125.68.0-255,5738,172688,7,287212
31882,0.009249,172.31.36.0-255,66,172754,7,287212
31883,0.011518,74.125.68.0-255,5738,178492,7,287212
31884,0.011531,172.31.36.0-255,66,178558,7,287212
31885,0.013791,74.125.68.0-255,5738,184296,7,287212
31886,0.013803,172.31.36.0-255,66,184362,7,287212
31887,0.016065,74.125.68.0-255,5738,190100,7,287212
31888,0.016075,172.31.36.0-255,66,190166,7,287212
31889,0.018322,74.125.68.0-255,5738,195904,7,287212
31890,0.018331,172.31.36.0-255,66,195970,7,287212
31891,0.020584,74.125.68.0-255,5738,201708,7,287212
31892,0.020597,172.31.36.0-255,66,201774,7,287212
31893,0.022843,74.125.68.0-255,5738,207512,7,287212
31894,0.022853,172.31.36.0-255,66,207578,7,287212
31895,0.025121,74.125.68.0-255,5738,213316,7,287212
31896,0.025137,172.31.36.0-255,66,213382,7,287212
31897,0.027385,74.125.68.0-255,5738,219120,7,287212
31898,0.027394,172.31.36.0-255,66,219186,7,287212
31899,0.028686,172.31.36.0-255,176,219362,7,287212
31900,0.028715,172.31.36.0-255,1115,220477,7,287212
31901,0.028772,172.31.36.0-255,1514,221991,7,287212
31902,0.028774,172.31.36.0-255,1514,223505,7,287212
31903,0.028775,172.31.36.0-255,1514,225019,7,287212
31904,0.028776,172.31.36.0-255,1514,226533,7,287212
31905,0.028802,172.31.36.0-255,1514,228047,7,287212
31906,0.028805,172.31.36.0-255,69,228116,7,287212
31907,0.02964,74.125.68.0-255,5738,233854,7,287212
31908,0.029648,172.31.36.0-255,66,233920,7,287212
31909,0.030239,104.244.42.0-255,66,233986,7,287212
31910,0.030308,104.244.42.0-255,66,234052,7,287212
31911,0.030374,104.244.42.0-255,66,234118,7,287212
31912,0.030377,104.244.42.0-255,66,234184,7,287212
31913,0.031887,74.125.68.0-255,2902,237086,7,287212
31914,0.03189,172.31.36.0-255,66,237152,7,287212
31915,0.031923,74.125.68.0-255,2902,240054,7,287212
31916,0.031926,172.31.36.0-255,66,240120,7,287212
31917,0.034129,74.125.68.0-255,2902,243022,7,287212
31918,0.034134,172.31.36.0-255,66,243088,7,287212
31919,0.034168,74.125.68.0-255,2902,245990,7,287212
31920,0.034171,172.31.36.0-255,66,246056,7,287212
31921,0.036371,74.125.68.0-255,2902,248958,7,287212
31922,0.036375,172.31.36.0-255,66,249024,7,287212
31923,0.036408,74.125.68.0-255,2902,251926,7,287212
31924,0.036411,172.31.36.0-255,66,251992,7,287212
31925,0.038614,74.125.68.0-255,2902,254894,7,287212
31926,0.038621,172.31.36.0-255,66,254960,7,287212
31927,0.038658,74.125.68.0-255,2902,257862,7,287212
31928,0.038661,172.31.36.0-255,66,257928,7,287212
31929,0.040866,74.125.68.0-255,2902,260830,7,287212
31930,0.040871,172.31.36.0-255,66,260896,7,287212
31931,0.040901,74.125.68.0-255,2902,263798,7,287212
31932,0.040904,172.31.36.0-255,66,263864,7,287212
31933,0.043127,74.125.68.0-255,2902,266766,7,287212
31934,0.04315,172.31.36.0-255,66,266832,7,287212
31935,0.043166,74.125.68.0-255,2902,269734,7,287212
31936,0.043171,172.31.36.0-255,66,269800,7,287212
31937,0.0454,74.125.68.0-255,5738,275538,7,287212
31938,0.04541,172.31.36.0-255,66,275604,7,287212
31939,0.047678,74.125.68.0-255,5738,281342,7,287212
31940,0.047695,172.31.36.0-255,66,281408,7,287212
31941,0.049954,74.125.68.0-255,5738,287146,7,287212
31942,0.049968,172.31.36.0-255,66,287212,7,287212
31943,0.0,74.125.24.0-255,226,226,7,78419
31944,2.3e-05,172.31.36.0-255,66,292,7,78419
31945,3e-05,74.125.24.0-255,1484,1776,7,78419
31946,3.4e-05,172.31.36.0-255,66,1842,7,78419
31947,5.5e-05,74.125.24.0-255,4320,6162,7,78419
31948,5.8e-05,172.31.36.0-255,66,6228,7,78419
31949,0.000238,172.31.36.0-255,66,6294,7,78419
31950,0.000544,74.125.24.0-255,5738,12032,7,78419
31951,0.000551,172.31.36.0-255,66,12098,7,78419
31952,0.000583,172.31.36.0-255,66,12164,7,78419
31953,0.001144,172.31.36.0-255,66,12230,7,78419
31954,0.002093,74.125.24.0-255,2902,15132,7,78419
31955,0.002099,172.31.36.0-255,66,15198,7,78419
31956,0.002132,74.125.24.0-255,2902,18100,7,78419
31957,0.002136,172.31.36.0-255,66,18166,7,78419
31958,0.002259,172.31.36.0-255,66,18232,7,78419
31959,0.002604,74.125.24.0-255,5738,23970,7,78419
31960,0.002609,172.31.36.0-255,66,24036,7,78419
31961,0.002835,74.125.24.0-255,2902,26938,7,78419
31962,0.002839,172.31.36.0-255,66,27004,7,78419
31963,0.002867,172.31.36.0-255,66,27070,7,78419
31964,0.003305,74.125.24.0-255,5738,32808,7,78419
31965,0.00331,172.31.36.0-255,66,32874,7,78419
31966,0.00333,74.125.24.0-255,2902,35776,7,78419
31967,0.003332,172.31.36.0-255,66,35842,7,78419
31968,0.003658,74.125.24.0-255,2902,38744,7,78419
31969,0.003662,172.31.36.0-255,66,38810,7,78419
31970,0.003771,74.125.24.0-255,4320,43130,7,78419
31971,0.003774,172.31.36.0-255,66,43196,7,78419
31972,0.003804,172.31.36.0-255,66,43262,7,78419
31973,0.00432,172.31.36.0-255,66,43328,7,78419
31974,0.004349,172.31.36.0-255,66,43394,7,78419
31975,0.00486,74.125.24.0-255,2902,46296,7,78419
31976,0.004864,172.31.36.0-255,66,46362,7,78419
31977,0.004936,172.31.36.0-255,66,46428,7,78419
31978,0.005198,172.31.36.0-255,66,46494,7,78419
31979,0.005331,74.125.24.0-255,5738,52232,7,78419
31980,0.005335,172.31.36.0-255,66,52298,7,78419
31981,0.005357,74.125.24.0-255,5738,58036,7,78419
31982,0.00536,172.31.36.0-255,66,58102,7,78419
31983,0.005858,74.125.24.0-255,7156,65258,7,78419
31984,0.005863,172.31.36.0-255,66,65324,7,78419
31985,0.005891,172.31.36.0-255,66,65390,7,78419
31986,0.005933,172.31.36.0-255,66,65456,7,78419
31987,0.006403,172.31.36.0-255,66,65522,7,78419
31988,0.00703,172.31.36.0-255,66,65588,7,78419
31989,0.007091,172.31.36.0-255,66,65654,7,78419
31990,0.007266,74.125.24.0-255,4320,69974,7,78419
31991,0.007271,172.31.36.0-255,66,70040,7,78419
31992,0.007319,172.31.36.0-255,66,70106,7,78419
31993,0.007358,172.31.36.0-255,66,70172,7,78419
31994,0.007998,172.31.36.0-255,66,70238,7,78419
31995,0.008052,172.31.36.0-255,66,70304,7,78419
31996,0.008372,172.31.36.0-255,66,70370,7,78419
31997,0.008417,172.31.36.0-255,66,70436,7,78419
31998,0.008443,74.125.24.0-255,581,71017,7,78419
31999,0.008448,172.31.36.0-255,66,71083,7,78419
32000,0.00931,172.31.36.0-255,105,71188,7,78419
32001,0.01135,74.125.24.0-255,66,71254,7,78419
32002,0.030631,172.31.36.0-255,172,71426,7,78419
32003,0.030673,172.31.36.0-255,1116,72542,7,78419
32004,0.030749,172.31.36.0-255,1514,74056,7,78419
32005,0.030751,172.31.36.0-255,1514,75570,7,78419
32006,0.030752,172.31.36.0-255,1514,77084,7,78419
32007,0.030753,172.31.36.0-255,1071,78155,7,78419
32008,0.032168,104.244.42.0-255,66,78221,7,78419
32009,0.032179,104.244.42.0-255,66,78287,7,78419
32010,0.032264,104.244.42.0-255,66,78353,7,78419
32011,0.032316,104.244.42.0-255,66,78419,7,78419
32012,0.0,74.125.24.0-255,146,146,7,336756
32013,1.6e-05,172.31.36.0-255,66,212,7,336756
32014,2.2e-05,74.125.24.0-255,1484,1696,7,336756
32015,2.6e-05,172.31.36.0-255,66,1762,7,336756
32016,3.1e-05,74.125.24.0-255,2902,4664,7,336756
32017,3.3e-05,172.31.36.0-255,66,4730,7,336756
32018,4e-05,74.125.24.0-255,7156,11886,7,336756
32019,4.2e-05,172.31.36.0-255,66,11952,7,336756
32020,4.6e-05,74.125.24.0-255,2050,14002,7,336756
32021,4.8e-05,172.31.36.0-255,66,14068,7,336756
32022,0.000106,74.125.24.0-255,1484,15552,7,336756
32023,0.000109,172.31.36.0-255,66,15618,7,336756
32024,0.000113,74.125.24.0-255,2902,18520,7,336756
32025,0.000115,172.31.36.0-255,66,18586,7,336756
32026,0.000132,74.125.24.0-255,5738,24324,7,336756
32027,0.000134,172.31.36.0-255,66,24390,7,336756
32028,0.000139,74.125.24.0-255,4320,28710,7,336756
32029,0.000141,172.31.36.0-255,66,28776,7,336756
32030,0.000184,74.125.24.0-255,2543,31319,7,336756
32031,0.000187,172.31.36.0-255,66,31385,7,336756
32032,0.000317,74.125.24.0-255,1484,32869,7,336756
32033,0.000321,172.31.36.0-255,66,32935,7,336756
32034,0.000326,74.125.24.0-255,2902,35837,7,336756
32035,0.000328,172.31.36.0-255,66,35903,7,336756
32036,0.000358,74.125.24.0-255,5738,41641,7,336756
32037,0.00036,172.31.36.0-255,66,41707,7,336756
32038,0.000367,74.125.24.0-255,6797,48504,7,336756
32039,0.000369,172.31.36.0-255,66,48570,7,336756
32040,0.000393,74.125.24.0-255,4320,52890,7,336756
32041,0.000395,172.31.36.0-255,66,52956,7,336756
32042,0.000411,74.125.24.0-255,7156,60112,7,336756
32043,0.000413,172.31.36.0-255,66,60178,7,336756
32044,0.000437,74.125.24.0-255,2902,63080,7,336756
32045,0.000439,172.31.36.0-255,66,63146,7,336756
32046,0.000443,74.125.24.0-255,2543,65689,7,336756
32047,0.000445,172.31.36.0-255,66,65755,7,336756
32048,0.000447,74.125.24.0-255,363,66118,7,336756
32049,0.00051,74.125.24.0-255,382,66500,7,336756
32050,0.000665,74.125.24.0-255,1484,67984,7,336756
32051,0.000668,172.31.36.0-255,66,68050,7,336756
32052,0.000688,74.125.24.0-255,2902,70952,7,336756
32053,0.00069,172.31.36.0-255,66,71018,7,336756
32054,0.000715,74.125.24.0-255,1484,72502,7,336756
32055,0.000735,74.125.24.0-255,1484,73986,7,336756
32056,0.000741,74.125.24.0-255,7156,81142,7,336756
32057,0.000744,172.31.36.0-255,66,81208,7,336756
32058,0.000747,172.31.36.0-255,66,81274,7,336756
32059,0.000755,74.125.24.0-255,2543,83817,7,336756
32060,0.000756,172.31.36.0-255,66,83883,7,336756
32061,0.00076,74.125.24.0-255,2902,86785,7,336756
32062,0.000762,172.31.36.0-255,66,86851,7,336756
32063,0.000791,74.125.24.0-255,7156,94007,7,336756
32064,0.000794,172.31.36.0-255,66,94073,7,336756
32065,0.000818,74.125.24.0-255,6797,100870,7,336756
32066,0.000821,172.31.36.0-255,66,100936,7,336756
32067,0.00093,74.125.24.0-255,1484,102420,7,336756
32068,0.000944,74.125.24.0-255,2902,105322,7,336756
32069,0.000946,74.125.24.0-255,1484,106806,7,336756
32070,0.00095,172.31.36.0-255,66,106872,7,336756
32071,0.000969,74.125.24.0-255,4320,111192,7,336756
32072,0.000971,172.31.36.0-255,66,111258,7,336756
32073,0.000976,74.125.24.0-255,2902,114160,7,336756
32074,0.000977,172.31.36.0-255,66,114226,7,336756
32075,0.001012,172.31.36.0-255,66,114292,7,336756
32076,0.001024,172.31.36.0-255,66,114358,7,336756
32077,0.001073,74.125.24.0-255,1484,115842,7,336756
32078,0.001096,74.125.24.0-255,2902,118744,7,336756
32079,0.001101,74.125.24.0-255,5738,124482,7,336756
32080,0.001104,74.125.24.0-255,2902,127384,7,336756
32081,0.001107,172.31.36.0-255,66,127450,7,336756
32082,0.001114,172.31.36.0-255,66,127516,7,336756
32083,0.001117,172.31.36.0-255,66,127582,7,336756
32084,0.001124,74.125.24.0-255,2902,130484,7,336756
32085,0.001127,172.31.36.0-255,66,130550,7,336756
32086,0.001157,74.125.24.0-255,7156,137706,7,336756
32087,0.001161,172.31.36.0-255,66,137772,7,336756
32088,0.001168,74.125.24.0-255,5738,143510,7,336756
32089,0.001171,172.31.36.0-255,66,143576,7,336756
32090,0.001186,74.125.24.0-255,5020,148596,7,336756
32091,0.001189,172.31.36.0-255,66,148662,7,336756
32092,0.001377,74.125.24.0-255,1484,150146,7,336756
32093,0.001384,74.125.24.0-255,2902,153048,7,336756
32094,0.001387,172.31.36.0-255,66,153114,7,336756
32095,0.001392,74.125.24.0-255,2902,156016,7,336756
32096,0.001394,172.31.36.0-255,66,156082,7,336756
32097,0.001412,74.125.24.0-255,2902,158984,7,336756
32098,0.001414,172.31.36.0-255,66,159050,7,336756
32099,0.001427,172.31.36.0-255,66,159116,7,336756
32100,0.001464,74.125.24.0-255,4320,163436,7,336756
32101,0.001467,172.31.36.0-255,66,163502,7,336756
32102,0.001495,172.31.36.0-255,66,163568,7,336756
32103,0.002133,74.125.24.0-255,1484,165052,7,336756
32104,0.002141,74.125.24.0-255,2902,167954,7,336756
32105,0.002146,172.31.36.0-255,66,168020,7,336756
32106,0.002154,74.125.24.0-255,5738,173758,7,336756
32107,0.002157,172.31.36.0-255,66,173824,7,336756
32108,0.002162,74.125.24.0-255,4320,178144,7,336756
32109,0.002165,172.31.36.0-255,66,178210,7,336756
32110,0.002178,172.31.36.0-255,66,178276,7,336756
32111,0.002182,74.125.24.0-255,2902,181178,7,336756
32112,0.002184,172.31.36.0-255,66,181244,7,336756
32113,0.002203,74.125.24.0-255,5020,186264,7,336756
32114,0.002205,172.31.36.0-255,66,186330,7,336756
32115,0.002263,74.125.24.0-255,1484,187814,7,336756
32116,0.002283,74.125.24.0-255,2902,190716,7,336756
32117,0.002286,172.31.36.0-255,66,190782,7,336756
32118,0.002289,74.125.24.0-255,1484,192266,7,336756
32119,0.002307,74.125.24.0-255,4320,196586,7,336756
32120,0.002309,172.31.36.0-255,66,196652,7,336756
32121,0.002336,74.125.24.0-255,7156,203808,7,336756
32122,0.002339,172.31.36.0-255,66,203874,7,336756
32123,0.002377,74.125.24.0-255,2902,206776,7,336756
32124,0.002379,172.31.36.0-255,66,206842,7,336756
32125,0.002393,74.125.24.0-255,4320,211162,7,336756
32126,0.002395,172.31.36.0-255,66,211228,7,336756
32127,0.004727,74.125.24.0-255,1484,212712,7,336756
32128,0.004744,74.125.24.0-255,4320,217032,7,336756
32129,0.004747,172.31.36.0-255,66,217098,7,336756
32130,0.007099,74.125.24.0-255,5738,222836,7,336756
32131,0.007105,172.31.36.0-255,66,222902,7,336756
32132,0.009455,74.125.24.0-255,5738,228640,7,336756
32133,0.009461,172.31.36.0-255,66,228706,7,336756
32134,0.011806,74.125.24.0-255,5738,234444,7,336756
32135,0.011814,172.31.36.0-255,66,234510,7,336756
32136,0.014136,74.125.24.0-255,5738,240248,7,336756
32137,0.014144,172.31.36.0-255,66,240314,7,336756
32138,0.016504,74.125.24.0-255,5738,246052,7,336756
32139,0.016515,172.31.36.0-255,66,246118,7,336756
32140,0.018854,74.125.24.0-255,5738,251856,7,336756
32141,0.018863,172.31.36.0-255,66,251922,7,336756
32142,0.021208,74.125.24.0-255,5738,257660,7,336756
32143,0.021216,172.31.36.0-255,66,257726,7,336756
32144,0.023589,74.125.24.0-255,5738,263464,7,336756
32145,0.023597,172.31.36.0-255,66,263530,7,336756
32146,0.025934,74.125.24.0-255,5738,269268,7,336756
32147,0.025942,172.31.36.0-255,66,269334,7,336756
32148,0.028276,74.125.24.0-255,5738,275072,7,336756
32149,0.028284,172.31.36.0-255,66,275138,7,336756
32150,0.030623,74.125.24.0-255,5738,280876,7,336756
32151,0.030633,172.31.36.0-255,66,280942,7,336756
32152,0.032863,172.31.36.0-255,190,281132,7,336756
32153,0.032896,172.31.36.0-255,1113,282245,7,336756
32154,0.032957,74.125.24.0-255,5738,287983,7,336756
32155,0.032963,172.31.36.0-255,66,288049,7,336756
32156,0.032995,172.31.36.0-255,1514,289563,7,336756
32157,0.032997,172.31.36.0-255,1514,291077,7,336756
32158,0.032998,172.31.36.0-255,1514,292591,7,336756
32159,0.032999,172.31.36.0-255,1514,294105,7,336756
32160,0.033026,172.31.36.0-255,1514,295619,7,336756
32161,0.033027,172.31.36.0-255,71,295690,7,336756
32162,0.034391,104.244.42.0-255,66,295756,7,336756
32163,0.034426,104.244.42.0-255,66,295822,7,336756
32164,0.034598,104.244.42.0-255,66,295888,7,336756
32165,0.034639,104.244.42.0-255,66,295954,7,336756
32166,0.035279,74.125.24.0-255,5738,301692,7,336756
32167,0.035286,172.31.36.0-255,66,301758,7,336756
32168,0.03762,74.125.24.0-255,5738,307496,7,336756
32169,0.037627,172.31.36.0-255,66,307562,7,336756
32170,0.039967,74.125.24.0-255,5738,313300,7,336756
32171,0.039973,172.31.36.0-255,66,313366,7,336756
32172,0.040048,104.244.42.0-255,108,313474,7,336756
32173,0.040053,172.31.36.0-255,66,313540,7,336756
32174,0.042321,74.125.24.0-255,5738,319278,7,336756
32175,0.042331,172.31.36.0-255,66,319344,7,336756
32176,0.044678,74.125.24.0-255,5738,325082,7,336756
32177,0.044684,172.31.36.0-255,66,325148,7,336756
32178,0.04701,74.125.24.0-255,5738,330886,7,336756
32179,0.047017,172.31.36.0-255,66,330952,7,336756
32180,0.049345,74.125.24.0-255,5738,336690,7,336756
32181,0.049352,172.31.36.0-255,66,336756,7,336756
32182,0.0,74.125.24.0-255,146,146,7,235683
32183,2.6e-05,172.31.36.0-255,66,212,7,235683
32184,3.2e-05,74.125.24.0-255,1484,1696,7,235683
32185,3.7e-05,172.31.36.0-255,66,1762,7,235683
32186,4.2e-05,74.125.24.0-255,2902,4664,7,235683
32187,4.5e-05,172.31.36.0-255,66,4730,7,235683
32188,6.9e-05,74.125.24.0-255,7156,11886,7,235683
32189,7.1e-05,172.31.36.0-255,66,11952,7,235683
32190,0.000116,74.125.24.0-255,2104,14056,7,235683
32191,0.000119,172.31.36.0-255,66,14122,7,235683
32192,0.00032,74.125.24.0-255,1484,15606,7,235683
32193,0.000325,172.31.36.0-255,66,15672,7,235683
32194,0.000331,74.125.24.0-255,2902,18574,7,235683
32195,0.000334,172.31.36.0-255,66,18640,7,235683
32196,0.000365,74.125.24.0-255,5738,24378,7,235683
32197,0.000369,172.31.36.0-255,66,24444,7,235683
32198,0.000375,74.125.24.0-255,4320,28764,7,235683
32199,0.000377,172.31.36.0-255,66,28830,7,235683
32200,0.000392,74.125.24.0-255,2543,31373,7,235683
32201,0.000395,172.31.36.0-255,66,31439,7,235683
32202,0.000531,74.125.24.0-255,1484,32923,7,235683
32203,0.000536,172.31.36.0-255,66,32989,7,235683
32204,0.000541,74.125.24.0-255,2902,35891,7,235683
32205,0.000543,172.31.36.0-255,66,35957,7,235683
32206,0.000569,74.125.24.0-255,5738,41695,7,235683
32207,0.000572,172.31.36.0-255,66,41761,7,235683
32208,0.000576,74.125.24.0-255,1484,43245,7,235683
32209,0.000578,172.31.36.0-255,66,43311,7,235683
32210,0.000602,74.125.24.0-255,5379,48690,7,235683
32211,0.000605,172.31.36.0-255,66,48756,7,235683
32212,0.000623,74.125.24.0-255,5738,54494,7,235683
32213,0.000626,172.31.36.0-255,66,54560,7,235683
32214,0.000653,172.31.36.0-255,66,54626,7,235683
32215,0.000657,74.125.24.0-255,2543,57169,7,235683
32216,0.000659,172.31.36.0-255,66,57235,7,235683
32217,0.000693,74.125.24.0-255,397,57632,7,235683
32218,0.000717,74.125.24.0-255,347,57979,7,235683
32219,0.000862,74.125.24.0-255,1484,59463,7,235683
32220,0.000863,172.31.36.0-255,66,59529,7,235683
32221,0.00088,74.125.24.0-255,2902,62431,7,235683
32222,0.000883,172.31.36.0-255,66,62497,7,235683
32223,0.000928,74.125.24.0-255,5738,68235,7,235683
32224,0.000932,172.31.36.0-255,66,68301,7,235683
32225,0.000939,74.125.24.0-255,7156,75457,7,235683
32226,0.000942,172.31.36.0-255,66,75523,7,235683
32227,0.000958,172.31.36.0-255,66,75589,7,235683
32228,0.00098,74.125.24.0-255,2902,78491,7,235683
32229,0.000983,172.31.36.0-255,66,78557,7,235683
32230,0.000996,74.125.24.0-255,2184,80741,7,235683
32231,0.000999,172.31.36.0-255,66,80807,7,235683
32232,0.001169,74.125.24.0-255,1484,82291,7,235683
32233,0.001174,74.125.24.0-255,1484,83775,7,235683
32234,0.001177,172.31.36.0-255,66,83841,7,235683
32235,0.001193,74.125.24.0-255,1484,85325,7,235683
32236,0.001198,74.125.24.0-255,2902,88227,7,235683
32237,0.001201,172.31.36.0-255,66,88293,7,235683
32238,0.001222,74.125.24.0-255,2902,91195,7,235683
32239,0.001224,172.31.36.0-255,66,91261,7,235683
32240,0.001228,74.125.24.0-255,1484,92745,7,235683
32241,0.001239,172.31.36.0-255,66,92811,7,235683
32242,0.001255,74.125.24.0-255,2902,95713,7,235683
32243,0.001257,172.31.36.0-255,66,95779,7,235683
32244,0.001285,172.31.36.0-255,66,95845,7,235683
32245,0.001447,74.125.24.0-255,1484,97329,7,235683
32246,0.001451,74.125.24.0-255,1484,98813,7,235683
32247,0.001454,172.31.36.0-255,66,98879,7,235683
32248,0.001474,74.125.24.0-255,1484,100363,7,235683
32249,0.00148,74.125.24.0-255,5738,106101,7,235683
32250,0.001483,172.31.36.0-255,66,106167,7,235683
32251,0.001519,172.31.36.0-255,66,106233,7,235683
32252,0.00153,172.31.36.0-255,66,106299,7,235683
32253,0.00155,74.125.24.0-255,766,107065,7,235683
32254,0.00157,74.125.24.0-255,1484,108549,7,235683
32255,0.001573,172.31.36.0-255,66,108615,7,235683
32256,0.001586,74.125.24.0-255,2902,111517,7,235683
32257,0.001589,172.31.36.0-255,66,111583,7,235683
32258,0.001609,74.125.24.0-255,1484,113067,7,235683
32259,0.001621,172.31.36.0-255,66,113133,7,235683
32260,0.001625,74.125.24.0-255,2902,116035,7,235683
32261,0.001627,172.31.36.0-255,66,116101,7,235683
32262,0.001647,74.125.24.0-255,2902,119003,7,235683
32263,0.001652,172.31.36.0-255,66,119069,7,235683
32264,0.001673,172.31.36.0-255,66,119135,7,235683
32265,0.001676,74.125.24.0-255,766,119901,7,235683
32266,0.001733,74.125.24.0-255,1484,121385,7,235683
32267,0.001736,172.31.36.0-255,66,121451,7,235683
32268,0.001741,74.125.24.0-255,2902,124353,7,235683
32269,0.001743,172.31.36.0-255,66,124419,7,235683
32270,0.001761,74.125.24.0-255,5738,130157,7,235683
32271,0.001765,172.31.36.0-255,66,130223,7,235683
32272,0.00177,74.125.24.0-255,4320,134543,7,235683
32273,0.001773,172.31.36.0-255,66,134609,7,235683
32274,0.001795,74.125.24.0-255,7156,141765,7,235683
32275,0.001799,172.31.36.0-255,66,141831,7,235683
32276,0.001819,74.125.24.0-255,4320,146151,7,235683
32277,0.001821,172.31.36.0-255,66,146217,7,235683
32278,0.001827,74.125.24.0-255,5738,151955,7,235683
32279,0.00183,172.31.36.0-255,66,152021,7,235683
32280,0.001845,74.125.24.0-255,2184,154205,7,235683
32281,0.001848,172.31.36.0-255,66,154271,7,235683
32282,0.001872,74.125.24.0-255,1484,155755,7,235683
32283,0.001886,74.125.24.0-255,2902,158657,7,235683
32284,0.001889,172.31.36.0-255,66,158723,7,235683
32285,0.001893,74.125.24.0-255,1484,160207,7,235683
32286,0.001912,74.125.24.0-255,4320,164527,7,235683
32287,0.001915,172.31.36.0-255,66,164593,7,235683
32288,0.001927,74.125.24.0-255,5738,170331,7,235683
32289,0.001931,172.31.36.0-255,66,170397,7,235683
32290,0.001947,74.125.24.0-255,7156,177553,7,235683
32291,0.001951,172.31.36.0-255,66,177619,7,235683
32292,0.002013,172.31.36.0-255,66,177685,7,235683
32293,0.002025,172.31.36.0-255,66,177751,7,235683
32294,0.002032,74.125.24.0-255,7156,184907,7,235683
32295,0.002035,172.31.36.0-255,66,184973,7,235683
32296,0.002085,74.125.24.0-255,5738,190711,7,235683
32297,0.00209,172.31.36.0-255,66,190777,7,235683
32298,0.002122,172.31.36.0-255,66,190843,7,235683
32299,0.002183,74.125.24.0-255,1484,192327,7,235683
32300,0.002187,74.125.24.0-255,1484,193811,7,235683
32301,0.00219,172.31.36.0-255,66,193877,7,235683
32302,0.002208,74.125.24.0-255,1484,195361,7,235683
32303,0.002214,74.125.24.0-255,5738,201099,7,235683
32304,0.002218,172.31.36.0-255,66,201165,7,235683
32305,0.00225,172.31.36.0-255,66,201231,7,235683
32306,0.002254,74.125.24.0-255,1484,202715,7,235683
32307,0.002296,172.31.36.0-255,66,202781,7,235683
32308,0.002303,74.125.24.0-255,7156,209937,7,235683
32309,0.002306,172.31.36.0-255,66,210003,7,235683
32310,0.002351,74.125.24.0-255,2902,212905,7,235683
32311,0.002356,172.31.36.0-255,66,212971,7,235683
32312,0.002372,74.125.24.0-255,5738,218709,7,235683
32313,0.002376,172.31.36.0-255,66,218775,7,235683
32314,0.002415,172.31.36.0-255,66,218841,7,235683
32315,0.002427,172.31.36.0-255,66,218907,7,235683
32316,0.002462,172.31.36.0-255,66,218973,7,235683
32317,0.002475,172.31.36.0-255,66,219039,7,235683
32318,0.00485,74.125.24.0-255,5738,224777,7,235683
32319,0.004857,172.31.36.0-255,66,224843,7,235683
32320,0.007196,74.125.24.0-255,5738,230581,7,235683
32321,0.007199,172.31.36.0-255,66,230647,7,235683
32322,0.009522,74.125.24.0-255,507,231154,7,235683
32323,0.009912,172.31.36.0-255,66,231220,7,235683
32324,0.009941,172.31.36.0-255,105,231325,7,235683
32325,0.012265,74.125.24.0-255,66,231391,7,235683
32326,0.030785,172.31.36.0-255,172,231563,7,235683
32327,0.030822,172.31.36.0-255,1114,232677,7,235683
32328,0.030901,172.31.36.0-255,1514,234191,7,235683
32329,0.030903,172.31.36.0-255,1294,235485,7,235683
32330,0.032349,104.244.42.0-255,66,235551,7,235683
32331,0.032387,104.244.42.0-255,66,235617,7,235683
32332,0.03244,104.244.42.0-255,66,235683,7,235683
32333,0.0,74.125.130.0-255,153,153,7,222071
32334,1.3e-05,172.31.36.0-255,66,219,7,222071
32335,2e-05,74.125.130.0-255,1484,1703,7,222071
32336,2.4e-05,172.31.36.0-255,66,1769,7,222071
32337,4.4e-05,74.125.130.0-255,2902,4671,7,222071
32338,4.8e-05,172.31.36.0-255,66,4737,7,222071
32339,5.1e-05,74.125.130.0-255,1484,6221,7,222071
32340,5.4e-05,172.31.36.0-255,66,6287,7,222071
32341,7e-05,74.125.130.0-255,1484,7771,7,222071
32342,7.2e-05,172.31.36.0-255,66,7837,7,222071
32343,7.8e-05,74.125.130.0-255,4320,12157,7,222071
32344,8e-05,172.31.36.0-255,66,12223,7,222071
32345,0.000106,74.125.130.0-255,2077,14300,7,222071
32346,0.000109,172.31.36.0-255,66,14366,7,222071
32347,0.000174,74.125.130.0-255,1484,15850,7,222071
32348,0.000177,172.31.36.0-255,66,15916,7,222071
32349,0.00018,74.125.130.0-255,1484,17400,7,222071
32350,0.000182,172.31.36.0-255,66,17466,7,222071
32351,0.0002,74.125.130.0-255,1484,18950,7,222071
32352,0.000202,172.31.36.0-255,66,19016,7,222071
32353,0.000209,74.125.130.0-255,5738,24754,7,222071
32354,0.000212,172.31.36.0-255,66,24820,7,222071
32355,0.000216,74.125.130.0-255,2902,27722,7,222071
32356,0.000218,172.31.36.0-255,66,27788,7,222071
32357,0.000244,74.125.130.0-255,3961,31749,7,222071
32358,0.000247,172.31.36.0-255,66,31815,7,222071
32359,0.001474,74.125.130.0-255,1484,33299,7,222071
32360,0.001482,172.31.36.0-255,66,33365,7,222071
32361,0.00149,74.125.130.0-255,2902,36267,7,222071
32362,0.001493,172.31.36.0-255,66,36333,7,222071
32363,0.001496,74.125.130.0-255,1484,37817,7,222071
32364,0.001498,172.31.36.0-255,66,37883,7,222071
32365,0.001525,74.125.130.0-255,4320,42203,7,222071
32366,0.001528,172.31.36.0-255,66,42269,7,222071
32367,0.001531,74.125.130.0-255,1484,43753,7,222071
32368,0.001535,74.125.130.0-255,2902,46655,7,222071
32369,0.001538,172.31.36.0-255,66,46721,7,222071
32370,0.001571,74.125.130.0-255,2543,49264,7,222071
32371,0.001574,172.31.36.0-255,66,49330,7,222071
32372,0.001746,74.125.130.0-255,1484,50814,7,222071
32373,0.001762,74.125.130.0-255,2902,53716,7,222071
32374,0.001765,172.31.36.0-255,66,53782,7,222071
32375,0.001769,74.125.130.0-255,2902,56684,7,222071
32376,0.001771,172.31.36.0-255,66,56750,7,222071
32377,0.001775,74.125.130.0-255,1484,58234,7,222071
32378,0.001797,74.125.130.0-255,2902,61136,7,222071
32379,0.001799,172.31.36.0-255,66,61202,7,222071
32380,0.001835,172.31.36.0-255,66,61268,7,222071
32381,0.001853,74.125.130.0-255,1125,62393,7,222071
32382,0.001865,172.31.36.0-255,66,62459,7,222071
32383,0.001884,74.125.130.0-255,3122,65581,7,222071
32384,0.001887,172.31.36.0-255,66,65647,7,222071
32385,0.001917,74.125.130.0-255,2902,68549,7,222071
32386,0.001919,172.31.36.0-255,66,68615,7,222071
32387,0.001951,74.125.130.0-255,4320,72935,7,222071
32388,0.001954,172.31.36.0-255,66,73001,7,222071
32389,0.001964,74.125.130.0-255,1484,74485,7,222071
32390,0.001987,74.125.130.0-255,7156,81641,7,222071
32391,0.001989,172.31.36.0-255,66,81707,7,222071
32392,0.001992,74.125.130.0-255,1125,82832,7,222071
32393,0.003981,74.125.130.0-255,4320,87152,7,222071
32394,0.003988,172.31.36.0-255,66,87218,7,222071
32395,0.005982,74.125.130.0-255,5738,92956,7,222071
32396,0.00599,172.31.36.0-255,66,93022,7,222071
32397,0.008041,74.125.130.0-255,5738,98760,7,222071
32398,0.008048,172.31.36.0-255,66,98826,7,222071
32399,0.010046,74.125.130.0-255,5738,104564,7,222071
32400,0.010054,172.31.36.0-255,66,104630,7,222071
32401,0.012069,74.125.130.0-255,5738,110368,7,222071
32402,0.01208,172.31.36.0-255,66,110434,7,222071
32403,0.014099,74.125.130.0-255,5738,116172,7,222071
32404,0.014108,172.31.36.0-255,66,116238,7,222071
32405,0.01611,74.125.130.0-255,5738,121976,7,222071
32406,0.016121,172.31.36.0-255,66,122042,7,222071
32407,0.018148,74.125.130.0-255,5738,127780,7,222071
32408,0.018157,172.31.36.0-255,66,127846,7,222071
32409,0.020167,74.125.130.0-255,5738,133584,7,222071
32410,0.020175,172.31.36.0-255,66,133650,7,222071
32411,0.022181,74.125.130.0-255,5738,139388,7,222071
32412,0.02219,172.31.36.0-255,66,139454,7,222071
32413,0.023735,172.31.36.0-255,172,139626,7,222071
32414,0.023767,172.31.36.0-255,1114,140740,7,222071
32415,0.023833,172.31.36.0-255,1514,142254,7,222071
32416,0.023835,172.31.36.0-255,1514,143768,7,222071
32417,0.023836,172.31.36.0-255,1514,145282,7,222071
32418,0.023837,172.31.36.0-255,1073,146355,7,222071
32419,0.024195,74.125.130.0-255,5738,152093,7,222071
32420,0.024202,172.31.36.0-255,66,152159,7,222071
32421,0.025272,104.244.42.0-255,66,152225,7,222071
32422,0.025319,104.244.42.0-255,66,152291,7,222071
32423,0.025423,104.244.42.0-255,66,152357,7,222071
32424,0.025429,104.244.42.0-255,66,152423,7,222071
32425,0.026195,74.125.130.0-255,5738,158161,7,222071
32426,0.026201,172.31.36.0-255,66,158227,7,222071
32427,0.028203,74.125.130.0-255,5738,163965,7,222071
32428,0.028209,172.31.36.0-255,66,164031,7,222071
32429,0.03022,74.125.130.0-255,5738,169769,7,222071
32430,0.030226,172.31.36.0-255,66,169835,7,222071
32431,0.032241,74.125.130.0-255,5738,175573,7,222071
32432,0.032247,172.31.36.0-255,66,175639,7,222071
32433,0.034277,74.125.130.0-255,5738,181377,7,222071
32434,0.034284,172.31.36.0-255,66,181443,7,222071
32435,0.036292,74.125.130.0-255,5738,187181,7,222071
32436,0.036299,172.31.36.0-255,66,187247,7,222071
32437,0.038315,74.125.130.0-255,5738,192985,7,222071
32438,0.038321,172.31.36.0-255,66,193051,7,222071
32439,0.040331,74.125.130.0-255,5738,198789,7,222071
32440,0.040338,172.31.36.0-255,66,198855,7,222071
32441,0.042347,74.125.130.0-255,5738,204593,7,222071
32442,0.042356,172.31.36.0-255,66,204659,7,222071
32443,0.044356,74.125.130.0-255,5738,210397,7,222071
32444,0.044362,172.31.36.0-255,66,210463,7,222071
32445,0.046394,74.125.130.0-255,5738,216201,7,222071
32446,0.046403,172.31.36.0-255,66,216267,7,222071
32447,0.048404,74.125.130.0-255,5738,222005,7,222071
32448,0.048413,172.31.36.0-255,66,222071,7,222071
32449,0.0,74.125.24.0-255,150,150,7,175140
32450,2.4e-05,172.31.36.0-255,66,216,7,175140
32451,2.9e-05,74.125.24.0-255,1484,1700,7,175140
32452,3.3e-05,172.31.36.0-255,66,1766,7,175140
32453,3.8e-05,74.125.24.0-255,2902,4668,7,175140
32454,4.6e-05,172.31.36.0-255,66,4734,7,175140
32455,7.6e-05,74.125.24.0-255,5738,10472,7,175140
32456,7.8e-05,172.31.36.0-255,66,10538,7,175140
32457,8.3e-05,74.125.24.0-255,3435,13973,7,175140
32458,8.5e-05,172.31.36.0-255,66,14039,7,175140
32459,0.000172,74.125.24.0-255,1484,15523,7,175140
32460,0.000177,172.31.36.0-255,66,15589,7,175140
32461,0.000181,74.125.24.0-255,2902,18491,7,175140
32462,0.000184,172.31.36.0-255,66,18557,7,175140
32463,0.000206,74.125.24.0-255,4320,22877,7,175140
32464,0.000209,172.31.36.0-255,66,22943,7,175140
32465,0.000232,74.125.24.0-255,1484,24427,7,175140
32466,0.000235,172.31.36.0-255,66,24493,7,175140
32467,0.000243,74.125.24.0-255,7156,31649,7,175140
32468,0.000245,172.31.36.0-255,66,31715,7,175140
32469,0.000262,74.125.24.0-255,6797,38512,7,175140
32470,0.000269,172.31.36.0-255,66,38578,7,175140
32471,0.000279,172.31.36.0-255,66,38644,7,175140
32472,0.000313,74.125.24.0-255,5738,44382,7,175140
32473,0.000316,172.31.36.0-255,66,44448,7,175140
32474,0.000332,172.31.36.0-255,66,44514,7,175140
32475,0.000375,74.125.24.0-255,110,44624,7,175140
32476,0.000378,172.31.36.0-255,66,44690,7,175140
32477,0.000551,74.125.24.0-255,1484,46174,7,175140
32478,0.000555,172.31.36.0-255,66,46240,7,175140
32479,0.00056,74.125.24.0-255,2902,49142,7,175140
32480,0.000562,172.31.36.0-255,66,49208,7,175140
32481,0.000565,74.125.24.0-255,1484,50692,7,175140
32482,0.000585,74.125.24.0-255,4320,55012,7,175140
32483,0.000588,172.31.36.0-255,66,55078,7,175140
32484,0.000593,74.125.24.0-255,4320,59398,7,175140
32485,0.000595,172.31.36.0-255,66,59464,7,175140
32486,0.000602,74.125.24.0-255,7156,66620,7,175140
32487,0.000604,172.31.36.0-255,66,66686,7,175140
32488,0.000635,74.125.24.0-255,4320,71006,7,175140
32489,0.000638,172.31.36.0-255,66,71072,7,175140
32490,0.000648,172.31.36.0-255,66,71138,7,175140
32491,0.000678,74.125.24.0-255,2184,73322,7,175140
32492,0.000681,172.31.36.0-255,66,73388,7,175140
32493,0.000693,172.31.36.0-255,66,73454,7,175140
32494,0.000708,172.31.36.0-255,66,73520,7,175140
32495,0.000735,74.125.24.0-255,5738,79258,7,175140
32496,0.000738,172.31.36.0-255,66,79324,7,175140
32497,0.000765,74.125.24.0-255,6438,85762,7,175140
32498,0.000768,172.31.36.0-255,66,85828,7,175140
32499,0.000774,74.125.24.0-255,5738,91566,7,175140
32500,0.000776,172.31.36.0-255,66,91632,7,175140
32501,0.000806,74.125.24.0-255,7156,98788,7,175140
32502,0.000809,172.31.36.0-255,66,98854,7,175140
32503,0.000813,74.125.24.0-255,4320,103174,7,175140
32504,0.000815,172.31.36.0-255,66,103240,7,175140
32505,0.000824,74.125.24.0-255,5738,108978,7,175140
32506,0.000827,172.31.36.0-255,66,109044,7,175140
32507,0.000858,74.125.24.0-255,5020,114064,7,175140
32508,0.000863,172.31.36.0-255,66,114130,7,175140
32509,0.001405,74.125.24.0-255,1484,115614,7,175140
32510,0.001411,74.125.24.0-255,2902,118516,7,175140
32511,0.001415,172.31.36.0-255,66,118582,7,175140
32512,0.00142,74.125.24.0-255,2902,121484,7,175140
32513,0.001423,172.31.36.0-255,66,121550,7,175140
32514,0.001446,74.125.24.0-255,2902,124452,7,175140
32515,0.001449,172.31.36.0-255,66,124518,7,175140
32516,0.001462,74.125.24.0-255,7156,131674,7,175140
32517,0.001465,172.31.36.0-255,66,131740,7,175140
32518,0.001475,172.31.36.0-255,66,131806,7,175140
32519,0.001517,172.31.36.0-255,66,131872,7,175140
32520,0.001612,74.125.24.0-255,1484,133356,7,175140
32521,0.001616,74.125.24.0-255,1484,134840,7,175140
32522,0.001619,172.31.36.0-255,66,134906,7,175140
32523,0.001645,74.125.24.0-255,1484,136390,7,175140
32524,0.001652,74.125.24.0-255,5738,142128,7,175140
32525,0.001655,172.31.36.0-255,66,142194,7,175140
32526,0.001661,74.125.24.0-255,4320,146514,7,175140
32527,0.001663,172.31.36.0-255,66,146580,7,175140
32528,0.001681,172.31.36.0-255,66,146646,7,175140
32529,0.001711,74.125.24.0-255,4320,150966,7,175140
32530,0.001715,172.31.36.0-255,66,151032,7,175140
32531,0.001751,172.31.36.0-255,66,151098,7,175140
32532,0.001755,74.125.24.0-255,1484,152582,7,175140
32533,0.001822,172.31.36.0-255,66,152648,7,175140
32534,0.001865,74.125.24.0-255,7156,159804,7,175140
32535,0.001869,172.31.36.0-255,66,159870,7,175140
32536,0.001881,172.31.36.0-255,66,159936,7,175140
32537,0.001912,172.31.36.0-255,66,160002,7,175140
32538,0.001918,74.125.24.0-255,5020,165022,7,175140
32539,0.001921,172.31.36.0-255,66,165088,7,175140
32540,0.001946,172.31.36.0-255,66,165154,7,175140
32541,0.001984,74.125.24.0-255,5020,170174,7,175140
32542,0.001988,172.31.36.0-255,66,170240,7,175140
32543,0.00202,172.31.36.0-255,66,170306,7,175140
32544,0.002041,172.31.36.0-255,66,170372,7,175140
32545,0.00209,172.31.36.0-255,66,170438,7,175140
32546,0.002109,172.31.36.0-255,66,170504,7,175140
32547,0.002112,74.125.24.0-255,105,170609,7,175140
32548,0.003366,172.31.36.0-255,66,170675,7,175140
32549,0.003389,172.31.36.0-255,105,170780,7,175140
32550,0.005635,74.125.24.0-255,66,170846,7,175140
32551,0.033154,172.31.36.0-255,176,171022,7,175140
32552,0.033185,172.31.36.0-255,1115,172137,7,175140
32553,0.033223,172.31.36.0-255,1514,173651,7,175140
32554,0.033225,172.31.36.0-255,1291,174942,7,175140
32555,0.034712,104.244.42.0-255,66,175008,7,175140
32556,0.034759,104.244.42.0-255,66,175074,7,175140
32557,0.034803,104.244.42.0-255,66,175140,7,175140
32558,0.0,74.125.24.0-255,153,153,7,225750
32559,1.8e-05,172.31.36.0-255,66,219,7,225750
32560,2.5e-05,74.125.24.0-255,1484,1703,7,225750
32561,2.9e-05,172.31.36.0-255,66,1769,7,225750
32562,3.6e-05,74.125.24.0-255,2902,4671,7,225750
32563,4e-05,172.31.36.0-255,66,4737,7,225750
32564,4.7e-05,74.125.24.0-255,7156,11893,7,225750
32565,5.1e-05,172.31.36.0-255,66,11959,7,225750
32566,8.9e-05,74.125.24.0-255,2050,14009,7,225750
32567,9.2e-05,172.31.36.0-255,66,14075,7,225750
32568,0.000141,74.125.24.0-255,2902,16977,7,225750
32569,0.000144,172.31.36.0-255,66,17043,7,225750
32570,0.00015,74.125.24.0-255,4320,21363,7,225750
32571,0.000153,172.31.36.0-255,66,21429,7,225750
32572,0.00019,172.31.36.0-255,66,21495,7,225750
32573,0.000193,74.125.24.0-255,1125,22620,7,225750
32574,0.000195,172.31.36.0-255,66,22686,7,225750
32575,0.000199,74.125.24.0-255,1484,24170,7,225750
32576,0.000201,172.31.36.0-255,66,24236,7,225750
32577,0.000229,74.125.24.0-255,4320,28556,7,225750
32578,0.000232,172.31.36.0-255,66,28622,7,225750
32579,0.000246,172.31.36.0-255,66,28688,7,225750
32580,0.000249,74.125.24.0-255,1125,29813,7,225750
32581,0.000251,172.31.36.0-255,66,29879,7,225750
32582,0.000296,74.125.24.0-255,1484,31363,7,225750
32583,0.000299,172.31.36.0-255,66,31429,7,225750
32584,0.000304,74.125.24.0-255,2902,34331,7,225750
32585,0.000306,172.31.36.0-255,66,34397,7,225750
32586,0.000309,74.125.24.0-255,1484,35881,7,225750
32587,0.000311,172.31.36.0-255,66,35947,7,225750
32588,0.000333,74.125.24.0-255,4320,40267,7,225750
32589,0.000352,74.125.24.0-255,6797,47064,7,225750
32590,0.000376,74.125.24.0-255,679,47743,7,225750
32591,0.000479,172.31.36.0-255,66,47809,7,225750
32592,0.000548,74.125.24.0-255,1484,49293,7,225750
32593,0.000554,74.125.24.0-255,2902,52195,7,225750
32594,0.000557,74.125.24.0-255,1484,53679,7,225750
32595,0.000571,74.125.24.0-255,4320,57999,7,225750
32596,0.000588,172.31.36.0-255,66,58065,7,225750
32597,0.000609,74.125.24.0-255,4320,62385,7,225750
32598,0.000616,172.31.36.0-255,66,62451,7,225750
32599,0.000648,74.125.24.0-255,5738,68189,7,225750
32600,0.000657,172.31.36.0-255,66,68255,7,225750
32601,0.000668,74.125.24.0-255,3961,72216,7,225750
32602,0.000673,172.31.36.0-255,66,72282,7,225750
32603,0.000983,74.125.24.0-255,1484,73766,7,225750
32604,0.000999,74.125.24.0-255,2902,76668,7,225750
32605,0.001003,172.31.36.0-255,66,76734,7,225750
32606,0.001011,74.125.24.0-255,5738,82472,7,225750
32607,0.001038,172.31.36.0-255,66,82538,7,225750
32608,0.001059,74.125.24.0-255,4320,86858,7,225750
32609,0.001091,172.31.36.0-255,66,86924,7,225750
32610,0.001101,74.125.24.0-255,2902,89826,7,225750
32611,0.001118,74.125.24.0-255,3602,93428,7,225750
32612,0.001137,172.31.36.0-255,66,93494,7,225750
32613,0.001592,74.125.24.0-255,1484,94978,7,225750
32614,0.001599,74.125.24.0-255,2902,97880,7,225750
32615,0.001602,172.31.36.0-255,66,97946,7,225750
32616,0.001607,74.125.24.0-255,1484,99430,7,225750
32617,0.001622,74.125.24.0-255,1484,100914,7,225750
32618,0.00163,172.31.36.0-255,66,100980,7,225750
32619,0.001641,74.125.24.0-255,4320,105300,7,225750
32620,0.001645,172.31.36.0-255,66,105366,7,225750
32621,0.001706,74.125.24.0-255,1484,106850,7,225750
32622,0.001713,172.31.36.0-255,66,106916,7,225750
32623,0.001723,74.125.24.0-255,2902,109818,7,225750
32624,0.001726,74.125.24.0-255,2902,112720,7,225750
32625,0.001735,172.31.36.0-255,66,112786,7,225750
32626,0.00174,74.125.24.0-255,2902,115688,7,225750
32627,0.001757,74.125.24.0-255,5738,121426,7,225750
32628,0.001771,172.31.36.0-255,66,121492,7,225750
32629,0.001779,74.125.24.0-255,7156,128648,7,225750
32630,0.001784,172.31.36.0-255,66,128714,7,225750
32631,0.001803,74.125.24.0-255,2902,131616,7,225750
32632,0.001812,172.31.36.0-255,66,131682,7,225750
32633,0.001843,172.31.36.0-255,66,131748,7,225750
32634,0.001875,74.125.24.0-255,1484,133232,7,225750
32635,0.00188,74.125.24.0-255,2902,136134,7,225750
32636,0.001896,74.125.24.0-255,2902,139036,7,225750
32637,0.001902,172.31.36.0-255,66,139102,7,225750
32638,0.001911,74.125.24.0-255,2902,142004,7,225750
32639,0.001913,74.125.24.0-255,1484,143488,7,225750
32640,0.001915,74.125.24.0-255,1484,144972,7,225750
32641,0.001921,172.31.36.0-255,66,145038,7,225750
32642,0.001941,74.125.24.0-255,7156,152194,7,225750
32643,0.001948,172.31.36.0-255,66,152260,7,225750
32644,0.001984,172.31.36.0-255,66,152326,7,225750
32645,0.002093,74.125.24.0-255,1484,153810,7,225750
32646,0.002099,74.125.24.0-255,2902,156712,7,225750
32647,0.002109,172.31.36.0-255,66,156778,7,225750
32648,0.002121,74.125.24.0-255,5738,162516,7,225750
32649,0.002154,74.125.24.0-255,7156,169672,7,225750
32650,0.002171,74.125.24.0-255,5738,175410,7,225750
32651,0.002174,74.125.24.0-255,1484,176894,7,225750
32652,0.002311,74.125.24.0-255,1484,178378,7,225750
32653,0.002317,74.125.24.0-255,2902,181280,7,225750
32654,0.002338,74.125.24.0-255,5738,187018,7,225750
32655,0.002345,74.125.24.0-255,5738,192756,7,225750
32656,0.002367,74.125.24.0-255,7156,199912,7,225750
32657,0.002415,74.125.24.0-255,1484,201396,7,225750
32658,0.002598,74.125.24.0-255,2184,203580,7,225750
32659,0.002643,74.125.24.0-255,2902,206482,7,225750
32660,0.007481,172.31.36.0-255,66,206548,7,225750
32661,0.010019,74.125.24.0-255,5738,212286,7,225750
32662,0.010026,172.31.36.0-255,66,212352,7,225750
32663,0.012597,74.125.24.0-255,5738,218090,7,225750
32664,0.012606,172.31.36.0-255,66,218156,7,225750
32665,0.015161,74.125.24.0-255,3065,221221,7,225750
32666,0.017275,172.31.36.0-255,66,221287,7,225750
32667,0.017497,172.31.36.0-255,105,221392,7,225750
32668,0.020021,74.125.24.0-255,66,221458,7,225750
32669,0.032922,172.31.36.0-255,172,221630,7,225750
32670,0.032956,172.31.36.0-255,1116,222746,7,225750
32671,0.033046,172.31.36.0-255,1514,224260,7,225750
32672,0.033048,172.31.36.0-255,1292,225552,7,225750
32673,0.03443,104.244.42.0-255,66,225618,7,225750
32674,0.034467,104.244.42.0-255,66,225684,7,225750
32675,0.03456,104.244.42.0-255,66,225750,7,225750
32676,0.0,74.125.200.0-255,153,153,7,176356
32677,2.4e-05,172.31.36.0-255,66,219,7,176356
32678,3.1e-05,74.125.200.0-255,1484,1703,7,176356
32679,3.6e-05,172.31.36.0-255,66,1769,7,176356
32680,4.2e-05,74.125.200.0-255,2902,4671,7,176356
32681,4.5e-05,172.31.36.0-255,66,4737,7,176356
32682,4.8e-05,74.125.200.0-255,1484,6221,7,176356
32683,5.1e-05,172.31.36.0-255,66,6287,7,176356
32684,5.6e-05,74.125.200.0-255,2902,9189,7,176356
32685,6e-05,172.31.36.0-255,66,9255,7,176356
32686,9.1e-05,74.125.200.0-255,1484,10739,7,176356
32687,9.4e-05,172.31.36.0-255,66,10805,7,176356
32688,0.000124,74.125.200.0-255,3421,14226,7,176356
32689,0.000127,172.31.36.0-255,66,14292,7,176356
32690,0.000146,74.125.200.0-255,1484,15776,7,176356
32691,0.000148,172.31.36.0-255,66,15842,7,176356
32692,0.000169,74.125.200.0-255,2902,18744,7,176356
32693,0.000171,172.31.36.0-255,66,18810,7,176356
32694,0.000177,74.125.200.0-255,5738,24548,7,176356
32695,0.000179,172.31.36.0-255,66,24614,7,176356
32696,0.000198,74.125.200.0-255,1484,26098,7,176356
32697,0.0002,172.31.36.0-255,66,26164,7,176356
32698,0.000225,74.125.200.0-255,5379,31543,7,176356
32699,0.000228,172.31.36.0-255,66,31609,7,176356
32700,0.001168,74.125.200.0-255,1484,33093,7,176356
32701,0.001175,172.31.36.0-255,66,33159,7,176356
32702,0.001183,74.125.200.0-255,2902,36061,7,176356
32703,0.001186,172.31.36.0-255,66,36127,7,176356
32704,0.001193,74.125.200.0-255,4320,40447,7,176356
32705,0.001194,172.31.36.0-255,66,40513,7,176356
32706,0.00122,74.125.200.0-255,1484,41997,7,176356
32707,0.001224,172.31.36.0-255,66,42063,7,176356
32708,0.001228,74.125.200.0-255,1484,43547,7,176356
32709,0.001234,74.125.200.0-255,2902,46449,7,176356
32710,0.001236,172.31.36.0-255,66,46515,7,176356
32711,0.001239,74.125.200.0-255,1484,47999,7,176356
32712,0.001269,74.125.200.0-255,5379,53378,7,176356
32713,0.001272,172.31.36.0-255,66,53444,7,176356
32714,0.001277,74.125.200.0-255,2902,56346,7,176356
32715,0.001278,172.31.36.0-255,66,56412,7,176356
32716,0.001311,74.125.200.0-255,1484,57896,7,176356
32717,0.001335,172.31.36.0-255,66,57962,7,176356
32718,0.002279,74.125.200.0-255,108,58070,7,176356
32719,0.00231,172.31.36.0-255,66,58136,7,176356
32720,0.003703,74.125.200.0-255,4320,62456,7,176356
32721,0.003708,172.31.36.0-255,66,62522,7,176356
32722,0.004657,74.125.200.0-255,1484,64006,7,176356
32723,0.006065,74.125.200.0-255,4320,68326,7,176356
32724,0.006073,172.31.36.0-255,66,68392,7,176356
32725,0.008434,74.125.200.0-255,5738,74130,7,176356
32726,0.008442,172.31.36.0-255,66,74196,7,176356
32727,0.010803,74.125.200.0-255,5738,79934,7,176356
32728,0.010812,172.31.36.0-255,66,80000,7,176356
32729,0.013189,74.125.200.0-255,5738,85738,7,176356
32730,0.013201,172.31.36.0-255,66,85804,7,176356
32731,0.015565,74.125.200.0-255,5738,91542,7,176356
32732,0.015573,172.31.36.0-255,66,91608,7,176356
32733,0.017951,74.125.200.0-255,5738,97346,7,176356
32734,0.017964,172.31.36.0-255,66,97412,7,176356
32735,0.020338,74.125.200.0-255,5738,103150,7,176356
32736,0.020349,172.31.36.0-255,66,103216,7,176356
32737,0.022716,74.125.200.0-255,5738,108954,7,176356
32738,0.022721,172.31.36.0-255,66,109020,7,176356
32739,0.02497,172.31.36.0-255,187,109207,7,176356
32740,0.025006,172.31.36.0-255,982,110189,7,176356
32741,0.025069,172.31.36.0-255,1514,111703,7,176356
32742,0.025071,172.31.36.0-255,1424,113127,7,176356
32743,0.02508,74.125.200.0-255,5738,118865,7,176356
32744,0.025089,172.31.36.0-255,66,118931,7,176356
32745,0.026541,104.244.42.0-255,66,118997,7,176356
32746,0.026581,104.244.42.0-255,66,119063,7,176356
32747,0.026632,104.244.42.0-255,66,119129,7,176356
32748,0.02733,104.244.42.0-255,108,119237,7,176356
32749,0.027337,172.31.36.0-255,66,119303,7,176356
32750,0.027451,74.125.200.0-255,2902,122205,7,176356
32751,0.027456,172.31.36.0-255,66,122271,7,176356
32752,0.027478,74.125.200.0-255,2902,125173,7,176356
32753,0.027481,172.31.36.0-255,66,125239,7,176356
32754,0.029809,74.125.200.0-255,1484,126723,7,176356
32755,0.029842,74.125.200.0-255,4320,131043,7,176356
32756,0.029848,172.31.36.0-255,66,131109,7,176356
32757,0.032211,74.125.200.0-255,5738,136847,7,176356
32758,0.032217,172.31.36.0-255,66,136913,7,176356
32759,0.034582,74.125.200.0-255,5738,142651,7,176356
32760,0.03459,172.31.36.0-255,66,142717,7,176356
32761,0.036964,74.125.200.0-255,5738,148455,7,176356
32762,0.036971,172.31.36.0-255,66,148521,7,176356
32763,0.037087,172.31.36.0-255,101,148622,7,176356
32764,0.039341,74.125.200.0-255,5738,154360,7,176356
32765,0.039348,172.31.36.0-255,66,154426,7,176356
32766,0.039412,74.125.200.0-255,66,154492,7,176356
32767,0.041716,74.125.200.0-255,4320,158812,7,176356
32768,0.041723,172.31.36.0-255,66,158878,7,176356
32769,0.041743,74.125.200.0-255,1484,160362,7,176356
32770,0.044083,74.125.200.0-255,4320,164682,7,176356
32771,0.044092,172.31.36.0-255,66,164748,7,176356
32772,0.046477,74.125.200.0-255,5738,170486,7,176356
32773,0.046483,172.31.36.0-255,66,170552,7,176356
32774,0.048837,74.125.200.0-255,5738,176290,7,176356
32775,0.048844,172.31.36.0-255,66,176356,7,176356
32776,0.0,172.31.36.0-255,105,105,7,105
32777,0.0,172.31.36.0-255,105,105,7,105
32778,0.0,172.217.24.0-255,146,146,7,273299
32779,1.8e-05,172.31.36.0-255,66,212,7,273299
32780,2.5e-05,172.217.24.0-255,1484,1696,7,273299
32781,3e-05,172.31.36.0-255,66,1762,7,273299
32782,3.5e-05,172.217.24.0-255,2902,4664,7,273299
32783,4e-05,172.31.36.0-255,66,4730,7,273299
32784,4.8e-05,172.217.24.0-255,7156,11886,7,273299
32785,5.1e-05,172.31.36.0-255,66,11952,7,273299
32786,5.5e-05,172.217.24.0-255,1996,13948,7,273299
32787,5.8e-05,172.31.36.0-255,66,14014,7,273299
32788,6.3e-05,172.217.24.0-255,2902,16916,7,273299
32789,6.6e-05,172.31.36.0-255,66,16982,7,273299
32790,7.4e-05,172.217.24.0-255,7156,24138,7,273299
32791,7.7e-05,172.31.36.0-255,66,24204,7,273299
32792,0.000108,172.217.24.0-255,6797,31001,7,273299
32793,0.00011,172.31.36.0-255,66,31067,7,273299
32794,0.000128,172.217.24.0-255,1484,32551,7,273299
32795,0.000131,172.31.36.0-255,66,32617,7,273299
32796,0.00015,172.217.24.0-255,2902,35519,7,273299
32797,0.000152,172.31.36.0-255,66,35585,7,273299
32798,0.000159,172.217.24.0-255,5738,41323,7,273299
32799,0.000161,172.31.36.0-255,66,41389,7,273299
32800,0.000196,172.217.24.0-255,6797,48186,7,273299
32801,0.000199,172.31.36.0-255,66,48252,7,273299
32802,0.000297,172.217.24.0-255,1484,49736,7,273299
32803,0.000301,172.31.36.0-255,66,49802,7,273299
32804,0.000307,172.217.24.0-255,2902,52704,7,273299
32805,0.000309,172.31.36.0-255,66,52770,7,273299
32806,0.000313,172.217.24.0-255,2902,55672,7,273299
32807,0.000316,172.31.36.0-255,66,55738,7,273299
32808,0.000339,172.217.24.0-255,2902,58640,7,273299
32809,0.000342,172.31.36.0-255,66,58706,7,273299
32810,0.000349,172.217.24.0-255,6797,65503,7,273299
32811,0.000351,172.31.36.0-255,66,65569,7,273299
32812,0.000372,172.217.24.0-255,356,65925,7,273299
32813,0.000375,172.31.36.0-255,66,65991,7,273299
32814,0.000819,172.217.24.0-255,137,66128,7,273299
32815,0.000824,172.31.36.0-255,66,66194,7,273299
32816,0.001033,172.217.24.0-255,1484,67678,7,273299
32817,0.001038,172.31.36.0-255,66,67744,7,273299
32818,0.001042,172.217.24.0-255,1484,69228,7,273299
32819,0.001058,172.31.36.0-255,66,69294,7,273299
32820,0.001064,172.217.24.0-255,2902,72196,7,273299
32821,0.001066,172.31.36.0-255,66,72262,7,273299
32822,0.001073,172.217.24.0-255,5738,78000,7,273299
32823,0.001075,172.31.36.0-255,66,78066,7,273299
32824,0.001134,172.31.36.0-255,66,78132,7,273299
32825,0.001151,172.217.24.0-255,1125,79257,7,273299
32826,0.001154,172.31.36.0-255,66,79323,7,273299
32827,0.001161,172.217.24.0-255,7156,86479,7,273299
32828,0.001163,172.31.36.0-255,66,86545,7,273299
32829,0.001166,172.217.24.0-255,826,87371,7,273299
32830,0.001168,172.31.36.0-255,66,87437,7,273299
32831,0.001281,172.217.24.0-255,1484,88921,7,273299
32832,0.001285,172.31.36.0-255,66,88987,7,273299
32833,0.001291,172.217.24.0-255,2902,91889,7,273299
32834,0.001293,172.31.36.0-255,66,91955,7,273299
32835,0.001299,172.217.24.0-255,5738,97693,7,273299
32836,0.001302,172.31.36.0-255,66,97759,7,273299
32837,0.001321,172.217.24.0-255,4320,102079,7,273299
32838,0.001324,172.31.36.0-255,66,102145,7,273299
32839,0.00133,172.217.24.0-255,5738,107883,7,273299
32840,0.001333,172.31.36.0-255,66,107949,7,273299
32841,0.001364,172.31.36.0-255,66,108015,7,273299
32842,0.001368,172.217.24.0-255,2184,110199,7,273299
32843,0.001371,172.31.36.0-255,66,110265,7,273299
32844,0.001919,172.217.24.0-255,1484,111749,7,273299
32845,0.001926,172.31.36.0-255,66,111815,7,273299
32846,0.001934,172.217.24.0-255,2902,114717,7,273299
32847,0.001937,172.31.36.0-255,66,114783,7,273299
32848,0.001944,172.217.24.0-255,5738,120521,7,273299
32849,0.001946,172.31.36.0-255,66,120587,7,273299
32850,0.001976,172.31.36.0-255,66,120653,7,273299
32851,0.001995,172.217.24.0-255,2902,123555,7,273299
32852,0.001997,172.31.36.0-255,66,123621,7,273299
32853,0.002004,172.217.24.0-255,7156,130777,7,273299
32854,0.002006,172.31.36.0-255,66,130843,7,273299
32855,0.003962,172.217.24.0-255,5738,136581,7,273299
32856,0.00397,172.31.36.0-255,66,136647,7,273299
32857,0.005936,172.217.24.0-255,5738,142385,7,273299
32858,0.005943,172.31.36.0-255,66,142451,7,273299
32859,0.007903,172.217.24.0-255,4320,146771,7,273299
32860,0.007907,172.31.36.0-255,66,146837,7,273299
32861,0.007919,172.217.24.0-255,1484,148321,7,273299
32862,0.009869,172.217.24.0-255,4320,152641,7,273299
32863,0.009876,172.31.36.0-255,66,152707,7,273299
32864,0.011838,172.217.24.0-255,5738,158445,7,273299
32865,0.011846,172.31.36.0-255,66,158511,7,273299
32866,0.013802,172.217.24.0-255,5738,164249,7,273299
32867,0.01381,172.31.36.0-255,66,164315,7,273299
32868,0.015775,172.217.24.0-255,5738,170053,7,273299
32869,0.015784,172.31.36.0-255,66,170119,7,273299
32870,0.017746,172.217.24.0-255,5738,175857,7,273299
32871,0.017754,172.31.36.0-255,66,175923,7,273299
32872,0.019721,172.217.24.0-255,5738,181661,7,273299
32873,0.019729,172.31.36.0-255,66,181727,7,273299
32874,0.021695,172.217.24.0-255,5738,187465,7,273299
32875,0.021704,172.31.36.0-255,66,187531,7,273299
32876,0.023667,172.217.24.0-255,5738,193269,7,273299
32877,0.023675,172.31.36.0-255,66,193335,7,273299
32878,0.025644,172.217.24.0-255,5738,199073,7,273299
32879,0.025652,172.31.36.0-255,66,199139,7,273299
32880,0.027606,172.217.24.0-255,5738,204877,7,273299
32881,0.027614,172.31.36.0-255,66,204943,7,273299
32882,0.027689,172.31.36.0-255,220,205163,7,273299
32883,0.027715,172.31.36.0-255,982,206145,7,273299
32884,0.027834,172.31.36.0-255,1514,207659,7,273299
32885,0.027836,172.31.36.0-255,1424,209083,7,273299
32886,0.029249,104.244.42.0-255,66,209149,7,273299
32887,0.029276,104.244.42.0-255,66,209215,7,273299
32888,0.029412,104.244.42.0-255,66,209281,7,273299
32889,0.02958,172.217.24.0-255,5738,215019,7,273299
32890,0.029586,172.31.36.0-255,66,215085,7,273299
32891,0.03144,104.244.42.0-255,108,215193,7,273299
32892,0.031449,172.31.36.0-255,66,215259,7,273299
32893,0.031561,172.217.24.0-255,5738,220997,7,273299
32894,0.031566,172.31.36.0-255,66,221063,7,273299
32895,0.03354,172.217.24.0-255,5738,226801,7,273299
32896,0.033547,172.31.36.0-255,66,226867,7,273299
32897,0.035533,172.217.24.0-255,5738,232605,7,273299
32898,0.03554,172.31.36.0-255,66,232671,7,273299
32899,0.037578,172.217.24.0-255,5738,238409,7,273299
32900,0.037585,172.31.36.0-255,66,238475,7,273299
32901,0.039551,172.217.24.0-255,5738,244213,7,273299
32902,0.039557,172.31.36.0-255,66,244279,7,273299
32903,0.041532,172.217.24.0-255,5738,250017,7,273299
32904,0.041539,172.31.36.0-255,66,250083,7,273299
32905,0.043507,172.217.24.0-255,5738,255821,7,273299
32906,0.043514,172.31.36.0-255,66,255887,7,273299
32907,0.045492,172.217.24.0-255,5738,261625,7,273299
32908,0.045499,172.31.36.0-255,66,261691,7,273299
32909,0.047467,172.217.24.0-255,5738,267429,7,273299
32910,0.047476,172.31.36.0-255,66,267495,7,273299
32911,0.049443,172.217.24.0-255,5738,273233,7,273299
32912,0.04945,172.31.36.0-255,66,273299,7,273299
32913,0.0,74.125.24.0-255,153,153,7,154913
32914,1.4e-05,172.31.36.0-255,66,219,7,154913
32915,2.1e-05,74.125.24.0-255,1484,1703,7,154913
32916,2.5e-05,172.31.36.0-255,66,1769,7,154913
32917,3e-05,74.125.24.0-255,2902,4671,7,154913
32918,3.3e-05,172.31.36.0-255,66,4737,7,154913
32919,4.1e-05,74.125.24.0-255,7156,11893,7,154913
32920,4.4e-05,172.31.36.0-255,66,11959,7,154913
32921,6.1e-05,74.125.24.0-255,2902,14861,7,154913
32922,6.3e-05,172.31.36.0-255,66,14927,7,154913
32923,8e-05,74.125.24.0-255,4902,19829,7,154913
32924,8.2e-05,172.31.36.0-255,66,19895,7,154913
32925,9.4e-05,172.31.36.0-255,66,19961,7,154913
32926,0.000113,74.125.24.0-255,1484,21445,7,154913
32927,0.000116,172.31.36.0-255,66,21511,7,154913
32928,0.000149,172.31.36.0-255,66,21577,7,154913
32929,0.000152,74.125.24.0-255,766,22343,7,154913
32930,0.000154,172.31.36.0-255,66,22409,7,154913
32931,0.000383,74.125.24.0-255,1484,23893,7,154913
32932,0.000388,172.31.36.0-255,66,23959,7,154913
32933,0.000394,74.125.24.0-255,2902,26861,7,154913
32934,0.000396,172.31.36.0-255,66,26927,7,154913
32935,0.000422,74.125.24.0-255,5738,32665,7,154913
32936,0.000424,172.31.36.0-255,66,32731,7,154913
32937,0.000427,74.125.24.0-255,1484,34215,7,154913
32938,0.000429,172.31.36.0-255,66,34281,7,154913
32939,0.000456,74.125.24.0-255,1484,35765,7,154913
32940,0.000458,172.31.36.0-255,66,35831,7,154913
32941,0.00048,74.125.24.0-255,4316,40147,7,154913
32942,0.000483,172.31.36.0-255,66,40213,7,154913
32943,0.000562,74.125.24.0-255,1484,41697,7,154913
32944,0.000569,74.125.24.0-255,2902,44599,7,154913
32945,0.000573,172.31.36.0-255,66,44665,7,154913
32946,0.000596,74.125.24.0-255,5738,50403,7,154913
32947,0.000598,172.31.36.0-255,66,50469,7,154913
32948,0.000622,172.31.36.0-255,66,50535,7,154913
32949,0.000642,74.125.24.0-255,1484,52019,7,154913
32950,0.00065,74.125.24.0-255,7156,59175,7,154913
32951,0.000653,172.31.36.0-255,66,59241,7,154913
32952,0.000682,74.125.24.0-255,3602,62843,7,154913
32953,0.000685,172.31.36.0-255,66,62909,7,154913
32954,0.000799,74.125.24.0-255,1484,64393,7,154913
32955,0.000817,74.125.24.0-255,2902,67295,7,154913
32956,0.00082,172.31.36.0-255,66,67361,7,154913
32957,0.000826,74.125.24.0-255,2902,70263,7,154913
32958,0.000828,172.31.36.0-255,66,70329,7,154913
32959,0.000841,74.125.24.0-255,2902,73231,7,154913
32960,0.000844,172.31.36.0-255,66,73297,7,154913
32961,0.000882,172.31.36.0-255,66,73363,7,154913
32962,0.000889,74.125.24.0-255,7156,80519,7,154913
32963,0.000891,172.31.36.0-255,66,80585,7,154913
32964,0.00093,74.125.24.0-255,1484,82069,7,154913
32965,0.000961,172.31.36.0-255,66,82135,7,154913
32966,0.000976,74.125.24.0-255,7156,89291,7,154913
32967,0.000979,172.31.36.0-255,66,89357,7,154913
32968,0.000997,74.125.24.0-255,2184,91541,7,154913
32969,0.000999,172.31.36.0-255,66,91607,7,154913
32970,0.001013,172.31.36.0-255,66,91673,7,154913
32971,0.001018,74.125.24.0-255,2184,93857,7,154913
32972,0.001019,172.31.36.0-255,66,93923,7,154913
32973,0.001116,74.125.24.0-255,1484,95407,7,154913
32974,0.001122,74.125.24.0-255,2902,98309,7,154913
32975,0.001125,172.31.36.0-255,66,98375,7,154913
32976,0.001128,74.125.24.0-255,1484,99859,7,154913
32977,0.00115,74.125.24.0-255,4320,104179,7,154913
32978,0.001153,172.31.36.0-255,66,104245,7,154913
32979,0.00116,74.125.24.0-255,5738,109983,7,154913
32980,0.001162,172.31.36.0-255,66,110049,7,154913
32981,0.001219,172.31.36.0-255,66,110115,7,154913
32982,0.00123,74.125.24.0-255,5020,115135,7,154913
32983,0.001233,172.31.36.0-255,66,115201,7,154913
32984,0.00137,74.125.24.0-255,1484,116685,7,154913
32985,0.001378,74.125.24.0-255,2902,119587,7,154913
32986,0.001381,172.31.36.0-255,66,119653,7,154913
32987,0.001386,74.125.24.0-255,2902,122555,7,154913
32988,0.001389,172.31.36.0-255,66,122621,7,154913
32989,0.001405,74.125.24.0-255,2902,125523,7,154913
32990,0.001408,172.31.36.0-255,66,125589,7,154913
32991,0.001414,74.125.24.0-255,5738,131327,7,154913
32992,0.001416,172.31.36.0-255,66,131393,7,154913
32993,0.001422,74.125.24.0-255,4320,135713,7,154913
32994,0.001424,172.31.36.0-255,66,135779,7,154913
32995,0.001453,172.31.36.0-255,66,135845,7,154913
32996,0.001499,74.125.24.0-255,4320,140165,7,154913
32997,0.001501,172.31.36.0-255,66,140231,7,154913
32998,0.001521,172.31.36.0-255,66,140297,7,154913
32999,0.00154,172.31.36.0-255,66,140363,7,154913
33000,0.001552,172.31.36.0-255,66,140429,7,154913
33001,0.001584,172.31.36.0-255,66,140495,7,154913
33002,0.001614,172.31.36.0-255,66,140561,7,154913
33003,0.001628,172.31.36.0-255,66,140627,7,154913
33004,0.001667,172.31.36.0-255,66,140693,7,154913
33005,0.001699,172.31.36.0-255,66,140759,7,154913
33006,0.001735,172.31.36.0-255,66,140825,7,154913
33007,0.001754,172.31.36.0-255,66,140891,7,154913
33008,0.001794,172.31.36.0-255,66,140957,7,154913
33009,0.001805,172.31.36.0-255,66,141023,7,154913
33010,0.001814,74.125.24.0-255,7156,148179,7,154913
33011,0.001816,172.31.36.0-255,66,148245,7,154913
33012,0.001873,172.31.36.0-255,66,148311,7,154913
33013,0.001888,172.31.36.0-255,66,148377,7,154913
33014,0.001941,74.125.24.0-255,1838,150215,7,154913
33015,0.001944,172.31.36.0-255,66,150281,7,154913
33016,0.001948,74.125.24.0-255,105,150386,7,154913
33017,0.00744,172.31.36.0-255,66,150452,7,154913
33018,0.00748,172.31.36.0-255,105,150557,7,154913
33019,0.009512,74.125.24.0-255,66,150623,7,154913
33020,0.033951,172.31.36.0-255,172,150795,7,154913
33021,0.033985,172.31.36.0-255,1114,151909,7,154913
33022,0.034049,172.31.36.0-255,1514,153423,7,154913
33023,0.03405,172.31.36.0-255,1292,154715,7,154913
33024,0.035518,104.244.42.0-255,66,154781,7,154913
33025,0.035571,104.244.42.0-255,66,154847,7,154913
33026,0.035611,104.244.42.0-255,66,154913,7,154913
33027,0.0,172.217.194.0-255,153,153,7,286469
33028,2e-05,172.31.36.0-255,66,219,7,286469
33029,2.7e-05,172.217.194.0-255,1484,1703,7,286469
33030,3.1e-05,172.31.36.0-255,66,1769,7,286469
33031,3.7e-05,172.217.194.0-255,2902,4671,7,286469
33032,4.1e-05,172.31.36.0-255,66,4737,7,286469
33033,4.6e-05,172.217.194.0-255,4320,9057,7,286469
33034,4.9e-05,172.31.36.0-255,66,9123,7,286469
33035,8.9e-05,172.217.194.0-255,4901,14024,7,286469
33036,9.2e-05,172.31.36.0-255,66,14090,7,286469
33037,0.000117,172.217.194.0-255,5738,19828,7,286469
33038,0.00012,172.31.36.0-255,66,19894,7,286469
33039,0.000146,172.31.36.0-255,66,19960,7,286469
33040,0.000164,172.217.194.0-255,2543,22503,7,286469
33041,0.000167,172.31.36.0-255,66,22569,7,286469
33042,0.000185,172.217.194.0-255,2902,25471,7,286469
33043,0.000187,172.31.36.0-255,66,25537,7,286469
33044,0.00022,172.31.36.0-255,66,25603,7,286469
33045,0.000241,172.217.194.0-255,4320,29923,7,286469
33046,0.000243,172.31.36.0-255,66,29989,7,286469
33047,0.000267,172.31.36.0-255,66,30055,7,286469
33048,0.000289,172.217.194.0-255,2543,32598,7,286469
33049,0.000291,172.31.36.0-255,66,32664,7,286469
33050,0.000295,172.217.194.0-255,342,33006,7,286469
33051,0.000297,172.31.36.0-255,66,33072,7,286469
33052,0.0003,172.217.194.0-255,118,33190,7,286469
33053,0.000303,172.31.36.0-255,66,33256,7,286469
33054,0.000461,172.217.194.0-255,381,33637,7,286469
33055,0.000466,172.31.36.0-255,66,33703,7,286469
33056,0.00072,172.217.194.0-255,1484,35187,7,286469
33057,0.000725,172.217.194.0-255,1484,36671,7,286469
33058,0.000729,172.31.36.0-255,66,36737,7,286469
33059,0.000744,172.217.194.0-255,1484,38221,7,286469
33060,0.00075,172.217.194.0-255,4320,42541,7,286469
33061,0.000753,172.31.36.0-255,66,42607,7,286469
33062,0.00078,172.217.194.0-255,1484,44091,7,286469
33063,0.000788,172.217.194.0-255,7156,51247,7,286469
33064,0.00079,172.31.36.0-255,66,51313,7,286469
33065,0.000799,172.217.194.0-255,7156,58469,7,286469
33066,0.000801,172.31.36.0-255,66,58535,7,286469
33067,0.000826,172.217.194.0-255,7156,65691,7,286469
33068,0.000829,172.31.36.0-255,66,65757,7,286469
33069,0.000848,172.217.194.0-255,2184,67941,7,286469
33070,0.000851,172.31.36.0-255,66,68007,7,286469
33071,0.001051,172.217.194.0-255,1484,69491,7,286469
33072,0.001056,172.217.194.0-255,1484,70975,7,286469
33073,0.001078,172.31.36.0-255,66,71041,7,286469
33074,0.0011,172.217.194.0-255,1484,72525,7,286469
33075,0.001108,172.217.194.0-255,5738,78263,7,286469
33076,0.00111,172.31.36.0-255,66,78329,7,286469
33077,0.001121,172.31.36.0-255,66,78395,7,286469
33078,0.001166,172.31.36.0-255,66,78461,7,286469
33079,0.001295,172.217.194.0-255,1484,79945,7,286469
33080,0.001301,172.217.194.0-255,2902,82847,7,286469
33081,0.001305,172.31.36.0-255,66,82913,7,286469
33082,0.001312,172.217.194.0-255,5738,88651,7,286469
33083,0.001314,172.31.36.0-255,66,88717,7,286469
33084,0.001317,172.217.194.0-255,1484,90201,7,286469
33085,0.001351,172.31.36.0-255,66,90267,7,286469
33086,0.001355,172.217.194.0-255,1484,91751,7,286469
33087,0.001378,172.217.194.0-255,7156,98907,7,286469
33088,0.001381,172.31.36.0-255,66,98973,7,286469
33089,0.001398,172.217.194.0-255,2184,101157,7,286469
33090,0.0014,172.31.36.0-255,66,101223,7,286469
33091,0.001531,172.217.194.0-255,1484,102707,7,286469
33092,0.001538,172.217.194.0-255,2902,105609,7,286469
33093,0.001541,172.31.36.0-255,66,105675,7,286469
33094,0.001548,172.217.194.0-255,5738,111413,7,286469
33095,0.00155,172.31.36.0-255,66,111479,7,286469
33096,0.00159,172.31.36.0-255,66,111545,7,286469
33097,0.001601,172.31.36.0-255,66,111611,7,286469
33098,0.001619,172.217.194.0-255,2184,113795,7,286469
33099,0.001621,172.31.36.0-255,66,113861,7,286469
33100,0.002036,172.217.194.0-255,1484,115345,7,286469
33101,0.00204,172.217.194.0-255,1484,116829,7,286469
33102,0.002044,172.31.36.0-255,66,116895,7,286469
33103,0.002068,172.217.194.0-255,1484,118379,7,286469
33104,0.002074,172.217.194.0-255,5738,124117,7,286469
33105,0.002077,172.31.36.0-255,66,124183,7,286469
33106,0.002084,172.217.194.0-255,7156,131339,7,286469
33107,0.002087,172.31.36.0-255,66,131405,7,286469
33108,0.002104,172.217.194.0-255,5738,137143,7,286469
33109,0.002107,172.31.36.0-255,66,137209,7,286469
33110,0.002117,172.31.36.0-255,66,137275,7,286469
33111,0.002138,172.217.194.0-255,2184,139459,7,286469
33112,0.00214,172.31.36.0-255,66,139525,7,286469
33113,0.002261,172.217.194.0-255,1484,141009,7,286469
33114,0.002274,172.217.194.0-255,2902,143911,7,286469
33115,0.002277,172.31.36.0-255,66,143977,7,286469
33116,0.002281,172.217.194.0-255,1484,145461,7,286469
33117,0.0023,172.217.194.0-255,4320,149781,7,286469
33118,0.002303,172.31.36.0-255,66,149847,7,286469
33119,0.002315,172.217.194.0-255,7156,157003,7,286469
33120,0.002318,172.31.36.0-255,66,157069,7,286469
33121,0.002322,172.217.194.0-255,2902,159971,7,286469
33122,0.002324,172.31.36.0-255,66,160037,7,286469
33123,0.002357,172.31.36.0-255,66,160103,7,286469
33124,0.002361,172.217.194.0-255,2184,162287,7,286469
33125,0.002363,172.31.36.0-255,66,162353,7,286469
33126,0.002398,172.217.194.0-255,2902,165255,7,286469
33127,0.002401,172.31.36.0-255,66,165321,7,286469
33128,0.002406,172.217.194.0-255,2902,168223,7,286469
33129,0.002408,172.31.36.0-255,66,168289,7,286469
33130,0.004784,172.217.194.0-255,5738,174027,7,286469
33131,0.004792,172.31.36.0-255,66,174093,7,286469
33132,0.00717,172.217.194.0-255,4320,178413,7,286469
33133,0.007173,172.31.36.0-255,66,178479,7,286469
33134,0.007197,172.217.194.0-255,1484,179963,7,286469
33135,0.009582,172.217.194.0-255,4320,184283,7,286469
33136,0.009587,172.31.36.0-255,66,184349,7,286469
33137,0.011963,172.217.194.0-255,5738,190087,7,286469
33138,0.011972,172.31.36.0-255,66,190153,7,286469
33139,0.014339,172.217.194.0-255,5738,195891,7,286469
33140,0.014346,172.31.36.0-255,66,195957,7,286469
33141,0.016725,172.217.194.0-255,5738,201695,7,286469
33142,0.016732,172.31.36.0-255,66,201761,7,286469
33143,0.019137,172.217.194.0-255,5738,207499,7,286469
33144,0.019148,172.31.36.0-255,66,207565,7,286469
33145,0.021567,172.217.194.0-255,5738,213303,7,286469
33146,0.021575,172.31.36.0-255,66,213369,7,286469
33147,0.023957,172.217.194.0-255,5738,219107,7,286469
33148,0.023965,172.31.36.0-255,66,219173,7,286469
33149,0.026351,172.217.194.0-255,5738,224911,7,286469
33150,0.026357,172.31.36.0-255,66,224977,7,286469
33151,0.02874,172.217.194.0-255,5738,230715,7,286469
33152,0.028747,172.31.36.0-255,66,230781,7,286469
33153,0.031141,172.217.194.0-255,5738,236519,7,286469
33154,0.031153,172.31.36.0-255,66,236585,7,286469
33155,0.03356,172.217.194.0-255,5738,242323,7,286469
33156,0.033569,172.31.36.0-255,66,242389,7,286469
33157,0.035946,172.217.194.0-255,5738,248127,7,286469
33158,0.035954,172.31.36.0-255,66,248193,7,286469
33159,0.038365,172.217.194.0-255,5738,253931,7,286469
33160,0.038373,172.31.36.0-255,66,253997,7,286469
33161,0.03976,172.31.36.0-255,172,254169,7,286469
33162,0.03979,172.31.36.0-255,1115,255284,7,286469
33163,0.039844,172.31.36.0-255,1514,256798,7,286469
33164,0.039845,172.31.36.0-255,1514,258312,7,286469
33165,0.039846,172.31.36.0-255,1514,259826,7,286469
33166,0.039871,172.31.36.0-255,1514,261340,7,286469
33167,0.039872,172.31.36.0-255,1514,262854,7,286469
33168,0.039873,172.31.36.0-255,69,262923,7,286469
33169,0.040735,172.217.194.0-255,5738,268661,7,286469
33170,0.040742,172.31.36.0-255,66,268727,7,286469
33171,0.041303,104.244.42.0-255,66,268793,7,286469
33172,0.04135,104.244.42.0-255,66,268859,7,286469
33173,0.041445,104.244.42.0-255,66,268925,7,286469
33174,0.041449,104.244.42.0-255,66,268991,7,286469
33175,0.041451,104.244.42.0-255,66,269057,7,286469
33176,0.04311,172.217.194.0-255,5738,274795,7,286469
33177,0.043118,172.31.36.0-255,66,274861,7,286469
33178,0.045491,172.217.194.0-255,5738,280599,7,286469
33179,0.0455,172.31.36.0-255,66,280665,7,286469
33180,0.047902,172.217.194.0-255,5738,286403,7,286469
33181,0.047911,172.31.36.0-255,66,286469,7,286469
33182,0.0,172.217.194.0-255,153,153,7,145627
33183,2.4e-05,172.31.36.0-255,66,219,7,145627
33184,3.1e-05,172.217.194.0-255,1484,1703,7,145627
33185,3.6e-05,172.31.36.0-255,66,1769,7,145627
33186,4.2e-05,172.217.194.0-255,2902,4671,7,145627
33187,4.5e-05,172.31.36.0-255,66,4737,7,145627
33188,5.3e-05,172.217.194.0-255,7156,11893,7,145627
33189,5.5e-05,172.31.36.0-255,66,11959,7,145627
33190,7.2e-05,172.31.36.0-255,66,12025,7,145627
33191,9.8e-05,172.217.194.0-255,2543,14568,7,145627
33192,0.000101,172.31.36.0-255,66,14634,7,145627
33193,0.000141,172.217.194.0-255,2902,17536,7,145627
33194,0.000144,172.31.36.0-255,66,17602,7,145627
33195,0.000149,172.217.194.0-255,2902,20504,7,145627
33196,0.000151,172.31.36.0-255,66,20570,7,145627
33197,0.000161,172.217.194.0-255,1484,22054,7,145627
33198,0.000164,172.31.36.0-255,66,22120,7,145627
33199,0.000176,172.31.36.0-255,66,22186,7,145627
33200,0.000196,172.217.194.0-255,1484,23670,7,145627
33201,0.000198,172.31.36.0-255,66,23736,7,145627
33202,0.00023,172.31.36.0-255,66,23802,7,145627
33203,0.000244,172.217.194.0-255,2902,26704,7,145627
33204,0.000246,172.31.36.0-255,66,26770,7,145627
33205,0.000265,172.217.194.0-255,2795,29565,7,145627
33206,0.000268,172.31.36.0-255,66,29631,7,145627
33207,0.000289,172.217.194.0-255,118,29749,7,145627
33208,0.000291,172.31.36.0-255,66,29815,7,145627
33209,0.000294,172.217.194.0-255,383,30198,7,145627
33210,0.000296,172.31.36.0-255,66,30264,7,145627
33211,0.000496,172.217.194.0-255,1484,31748,7,145627
33212,0.000504,172.217.194.0-255,2902,34650,7,145627
33213,0.000508,172.31.36.0-255,66,34716,7,145627
33214,0.000515,172.217.194.0-255,5738,40454,7,145627
33215,0.000518,172.31.36.0-255,66,40520,7,145627
33216,0.000572,172.31.36.0-255,66,40586,7,145627
33217,0.000585,172.31.36.0-255,66,40652,7,145627
33218,0.000781,172.217.194.0-255,1484,42136,7,145627
33219,0.000786,172.217.194.0-255,1484,43620,7,145627
33220,0.000789,172.31.36.0-255,66,43686,7,145627
33221,0.00081,172.217.194.0-255,1484,45170,7,145627
33222,0.000817,172.217.194.0-255,5738,50908,7,145627
33223,0.000819,172.31.36.0-255,66,50974,7,145627
33224,0.000826,172.217.194.0-255,5738,56712,7,145627
33225,0.000828,172.31.36.0-255,66,56778,7,145627
33226,0.000849,172.217.194.0-255,7156,63934,7,145627
33227,0.000852,172.31.36.0-255,66,64000,7,145627
33228,0.00086,172.217.194.0-255,7156,71156,7,145627
33229,0.000862,172.31.36.0-255,66,71222,7,145627
33230,0.000881,172.217.194.0-255,3602,74824,7,145627
33231,0.000884,172.31.36.0-255,66,74890,7,145627
33232,0.001412,172.217.194.0-255,1484,76374,7,145627
33233,0.001418,172.217.194.0-255,2902,79276,7,145627
33234,0.001422,172.31.36.0-255,66,79342,7,145627
33235,0.00143,172.217.194.0-255,5738,85080,7,145627
33236,0.001432,172.31.36.0-255,66,85146,7,145627
33237,0.001476,172.31.36.0-255,66,85212,7,145627
33238,0.001487,172.31.36.0-255,66,85278,7,145627
33239,0.001522,172.217.194.0-255,2184,87462,7,145627
33240,0.001525,172.31.36.0-255,66,87528,7,145627
33241,0.00154,172.217.194.0-255,1484,89012,7,145627
33242,0.001556,172.217.194.0-255,1484,90496,7,145627
33243,0.001558,172.31.36.0-255,66,90562,7,145627
33244,0.001563,172.217.194.0-255,2902,93464,7,145627
33245,0.001565,172.31.36.0-255,66,93530,7,145627
33246,0.001583,172.217.194.0-255,4320,97850,7,145627
33247,0.001585,172.31.36.0-255,66,97916,7,145627
33248,0.001601,172.31.36.0-255,66,97982,7,145627
33249,0.00162,172.217.194.0-255,5738,103720,7,145627
33250,0.001623,172.31.36.0-255,66,103786,7,145627
33251,0.001645,172.217.194.0-255,2184,105970,7,145627
33252,0.001649,172.31.36.0-255,66,106036,7,145627
33253,0.00167,172.217.194.0-255,1484,107520,7,145627
33254,0.001674,172.217.194.0-255,2902,110422,7,145627
33255,0.001677,172.31.36.0-255,66,110488,7,145627
33256,0.001683,172.217.194.0-255,5738,116226,7,145627
33257,0.001685,172.31.36.0-255,66,116292,7,145627
33258,0.001703,172.217.194.0-255,1484,117776,7,145627
33259,0.001726,172.31.36.0-255,66,117842,7,145627
33260,0.001737,172.31.36.0-255,66,117908,7,145627
33261,0.001758,172.217.194.0-255,766,118674,7,145627
33262,0.001811,172.217.194.0-255,1484,120158,7,145627
33263,0.001814,172.31.36.0-255,66,120224,7,145627
33264,0.001818,172.217.194.0-255,1484,121708,7,145627
33265,0.001833,172.217.194.0-255,1484,123192,7,145627
33266,0.001836,172.31.36.0-255,66,123258,7,145627
33267,0.001842,172.217.194.0-255,5738,128996,7,145627
33268,0.001845,172.31.36.0-255,66,129062,7,145627
33269,0.001878,172.31.36.0-255,66,129128,7,145627
33270,0.001895,172.217.194.0-255,4320,133448,7,145627
33271,0.001898,172.31.36.0-255,66,133514,7,145627
33272,0.001911,172.31.36.0-255,66,133580,7,145627
33273,0.00199,172.31.36.0-255,66,133646,7,145627
33274,0.002002,172.31.36.0-255,66,133712,7,145627
33275,0.002013,172.31.36.0-255,66,133778,7,145627
33276,0.002102,172.31.36.0-255,66,133844,7,145627
33277,0.00211,172.217.194.0-255,7156,141000,7,145627
33278,0.002134,172.217.194.0-255,105,141105,7,145627
33279,0.002147,172.31.36.0-255,66,141171,7,145627
33280,0.004301,172.31.36.0-255,105,141276,7,145627
33281,0.006492,172.217.194.0-255,66,141342,7,145627
33282,0.033393,172.31.36.0-255,167,141509,7,145627
33283,0.033427,172.31.36.0-255,1115,142624,7,145627
33284,0.033492,172.31.36.0-255,1514,144138,7,145627
33285,0.033494,172.31.36.0-255,1291,145429,7,145627
33286,0.034917,104.244.42.0-255,66,145495,7,145627
33287,0.034927,104.244.42.0-255,66,145561,7,145627
33288,0.035004,104.244.42.0-255,66,145627,7,145627
33289,0.0,172.217.194.0-255,146,146,7,168414
33290,2.1e-05,172.31.36.0-255,66,212,7,168414
33291,2.8e-05,172.217.194.0-255,1484,1696,7,168414
33292,3.3e-05,172.31.36.0-255,66,1762,7,168414
33293,3.7e-05,172.217.194.0-255,2902,4664,7,168414
33294,4e-05,172.31.36.0-255,66,4730,7,168414
33295,7.6e-05,172.217.194.0-255,7156,11886,7,168414
33296,8e-05,172.31.36.0-255,66,11952,7,168414
33297,8.9e-05,172.31.36.0-255,66,12018,7,168414
33298,0.000136,172.31.36.0-255,66,12084,7,168414
33299,0.000185,172.217.194.0-255,1484,13568,7,168414
33300,0.000189,172.31.36.0-255,66,13634,7,168414
33301,0.000194,172.217.194.0-255,2902,16536,7,168414
33302,0.000197,172.31.36.0-255,66,16602,7,168414
33303,0.000223,172.217.194.0-255,5738,22340,7,168414
33304,0.000226,172.31.36.0-255,66,22406,7,168414
33305,0.000244,172.217.194.0-255,1484,23890,7,168414
33306,0.000247,172.31.36.0-255,66,23956,7,168414
33307,0.00028,172.31.36.0-255,66,24022,7,168414
33308,0.000293,172.31.36.0-255,66,24088,7,168414
33309,0.000296,172.217.194.0-255,1484,25572,7,168414
33310,0.0003,172.31.36.0-255,66,25638,7,168414
33311,0.000321,172.217.194.0-255,287,25925,7,168414
33312,0.000324,172.31.36.0-255,66,25991,7,168414
33313,0.000627,172.217.194.0-255,1484,27475,7,168414
33314,0.000632,172.31.36.0-255,66,27541,7,168414
33315,0.000639,172.217.194.0-255,2902,30443,7,168414
33316,0.000641,172.31.36.0-255,66,30509,7,168414
33317,0.000647,172.217.194.0-255,5738,36247,7,168414
33318,0.000649,172.31.36.0-255,66,36313,7,168414
33319,0.000653,172.217.194.0-255,1484,37797,7,168414
33320,0.000676,172.217.194.0-255,2902,40699,7,168414
33321,0.000679,172.31.36.0-255,66,40765,7,168414
33322,0.000691,172.31.36.0-255,66,40831,7,168414
33323,0.000713,172.217.194.0-255,1484,42315,7,168414
33324,0.000745,172.31.36.0-255,66,42381,7,168414
33325,0.001085,172.217.194.0-255,1484,43865,7,168414
33326,0.001094,172.217.194.0-255,2902,46767,7,168414
33327,0.001097,172.31.36.0-255,66,46833,7,168414
33328,0.001105,172.217.194.0-255,5738,52571,7,168414
33329,0.001107,172.31.36.0-255,66,52637,7,168414
33330,0.001135,172.217.194.0-255,5738,58375,7,168414
33331,0.001138,172.31.36.0-255,66,58441,7,168414
33332,0.00117,172.31.36.0-255,66,58507,7,168414
33333,0.001194,172.217.194.0-255,4320,62827,7,168414
33334,0.001198,172.31.36.0-255,66,62893,7,168414
33335,0.001204,172.217.194.0-255,5020,67913,7,168414
33336,0.001206,172.31.36.0-255,66,67979,7,168414
33337,0.001249,172.217.194.0-255,1484,69463,7,168414
33338,0.001255,172.217.194.0-255,2902,72365,7,168414
33339,0.001258,172.31.36.0-255,66,72431,7,168414
33340,0.001278,172.217.194.0-255,4320,76751,7,168414
33341,0.001282,172.31.36.0-255,66,76817,7,168414
33342,0.001298,172.217.194.0-255,1484,78301,7,168414
33343,0.001303,172.217.194.0-255,2902,81203,7,168414
33344,0.001307,172.31.36.0-255,66,81269,7,168414
33345,0.001344,172.31.36.0-255,66,81335,7,168414
33346,0.001356,172.31.36.0-255,66,81401,7,168414
33347,0.001398,172.217.194.0-255,1484,82885,7,168414
33348,0.001405,172.217.194.0-255,2902,85787,7,168414
33349,0.001409,172.31.36.0-255,66,85853,7,168414
33350,0.001415,172.217.194.0-255,2902,88755,7,168414
33351,0.001417,172.31.36.0-255,66,88821,7,168414
33352,0.001434,172.217.194.0-255,4320,93141,7,168414
33353,0.001437,172.31.36.0-255,66,93207,7,168414
33354,0.001461,172.217.194.0-255,2902,96109,7,168414
33355,0.001464,172.31.36.0-255,66,96175,7,168414
33356,0.00147,172.217.194.0-255,4320,100495,7,168414
33357,0.001473,172.31.36.0-255,66,100561,7,168414
33358,0.001497,172.31.36.0-255,66,100627,7,168414
33359,0.001502,172.217.194.0-255,3602,104229,7,168414
33360,0.001505,172.31.36.0-255,66,104295,7,168414
33361,0.001567,172.31.36.0-255,66,104361,7,168414
33362,0.001591,172.217.194.0-255,5738,110099,7,168414
33363,0.001594,172.31.36.0-255,66,110165,7,168414
33364,0.001624,172.217.194.0-255,5738,115903,7,168414
33365,0.001629,172.31.36.0-255,66,115969,7,168414
33366,0.001643,172.31.36.0-255,66,116035,7,168414
33367,0.001906,172.217.194.0-255,1484,117519,7,168414
33368,0.001912,172.217.194.0-255,2902,120421,7,168414
33369,0.001918,172.31.36.0-255,66,120487,7,168414
33370,0.001927,172.217.194.0-255,2902,123389,7,168414
33371,0.001929,172.31.36.0-255,66,123455,7,168414
33372,0.001944,172.217.194.0-255,2902,126357,7,168414
33373,0.001946,172.31.36.0-255,66,126423,7,168414
33374,0.00195,172.217.194.0-255,1484,127907,7,168414
33375,0.001988,172.31.36.0-255,66,127973,7,168414
33376,0.002038,172.217.194.0-255,1484,129457,7,168414
33377,0.002043,172.31.36.0-255,66,129523,7,168414
33378,0.002061,172.31.36.0-255,66,129589,7,168414
33379,0.002096,172.31.36.0-255,66,129655,7,168414
33380,0.002102,172.217.194.0-255,6438,136093,7,168414
33381,0.002104,172.31.36.0-255,66,136159,7,168414
33382,0.002109,172.217.194.0-255,5738,141897,7,168414
33383,0.002111,172.31.36.0-255,66,141963,7,168414
33384,0.002153,172.31.36.0-255,66,142029,7,168414
33385,0.002162,172.217.194.0-255,3602,145631,7,168414
33386,0.002164,172.31.36.0-255,66,145697,7,168414
33387,0.00217,172.217.194.0-255,7156,152853,7,168414
33388,0.002173,172.217.194.0-255,1484,154337,7,168414
33389,0.002203,172.31.36.0-255,66,154403,7,168414
33390,0.002232,172.217.194.0-255,4320,158723,7,168414
33391,0.002251,172.31.36.0-255,66,158789,7,168414
33392,0.002327,172.31.36.0-255,66,158855,7,168414
33393,0.002349,172.217.194.0-255,4927,163782,7,168414
33394,0.002351,172.217.194.0-255,105,163887,7,168414
33395,0.002362,172.31.36.0-255,66,163953,7,168414
33396,0.004247,172.31.36.0-255,105,164058,7,168414
33397,0.006792,172.217.194.0-255,66,164124,7,168414
33398,0.026785,172.31.36.0-255,172,164296,7,168414
33399,0.026843,172.31.36.0-255,1114,165410,7,168414
33400,0.026915,172.31.36.0-255,1514,166924,7,168414
33401,0.026917,172.31.36.0-255,1292,168216,7,168414
33402,0.028324,104.244.42.0-255,66,168282,7,168414
33403,0.028363,104.244.42.0-255,66,168348,7,168414
33404,0.028446,104.244.42.0-255,66,168414,7,168414
33405,0.0,172.253.118.0-255,153,153,7,219656
33406,2.2e-05,172.31.36.0-255,66,219,7,219656
33407,5.9e-05,172.253.118.0-255,1484,1703,7,219656
33408,6.5e-05,172.31.36.0-255,66,1769,7,219656
33409,7.1e-05,172.253.118.0-255,2902,4671,7,219656
33410,7.4e-05,172.31.36.0-255,66,4737,7,219656
33411,8.1e-05,172.253.118.0-255,5738,10475,7,219656
33412,8.4e-05,172.31.36.0-255,66,10541,7,219656
33413,0.000119,172.253.118.0-255,3485,14026,7,219656
33414,0.000122,172.31.36.0-255,66,14092,7,219656
33415,0.000147,172.253.118.0-255,4320,18412,7,219656
33416,0.00015,172.31.36.0-255,66,18478,7,219656
33417,0.000156,172.253.118.0-255,4320,22798,7,219656
33418,0.000159,172.31.36.0-255,66,22864,7,219656
33419,0.00025,172.31.36.0-255,66,22930,7,219656
33420,0.000349,172.253.118.0-255,1484,24414,7,219656
33421,0.000352,172.31.36.0-255,66,24480,7,219656
33422,0.000358,172.253.118.0-255,2902,27382,7,219656
33423,0.00036,172.31.36.0-255,66,27448,7,219656
33424,0.000395,172.253.118.0-255,5738,33186,7,219656
33425,0.000398,172.31.36.0-255,66,33252,7,219656
33426,0.00043,172.31.36.0-255,66,33318,7,219656
33427,0.000437,172.253.118.0-255,5738,39056,7,219656
33428,0.000439,172.31.36.0-255,66,39122,7,219656
33429,0.000469,172.253.118.0-255,2902,42024,7,219656
33430,0.000472,172.31.36.0-255,66,42090,7,219656
33431,0.00048,172.253.118.0-255,7103,49193,7,219656
33432,0.000483,172.31.36.0-255,66,49259,7,219656
33433,0.000485,172.253.118.0-255,113,49372,7,219656
33434,0.000488,172.31.36.0-255,66,49438,7,219656
33435,0.00055,172.253.118.0-255,332,49770,7,219656
33436,0.001129,172.253.118.0-255,1484,51254,7,219656
33437,0.001135,172.31.36.0-255,66,51320,7,219656
33438,0.001141,172.253.118.0-255,2902,54222,7,219656
33439,0.001143,172.31.36.0-255,66,54288,7,219656
33440,0.001147,172.253.118.0-255,1484,55772,7,219656
33441,0.001184,172.253.118.0-255,4320,60092,7,219656
33442,0.001187,172.31.36.0-255,66,60158,7,219656
33443,0.001193,172.253.118.0-255,4320,64478,7,219656
33444,0.001194,172.31.36.0-255,66,64544,7,219656
33445,0.001208,172.31.36.0-255,66,64610,7,219656
33446,0.001234,172.253.118.0-255,2902,67512,7,219656
33447,0.001236,172.31.36.0-255,66,67578,7,219656
33448,0.001261,172.253.118.0-255,5020,72598,7,219656
33449,0.001264,172.31.36.0-255,66,72664,7,219656
33450,0.002111,172.253.118.0-255,1484,74148,7,219656
33451,0.002122,172.253.118.0-255,2902,77050,7,219656
33452,0.002127,172.31.36.0-255,66,77116,7,219656
33453,0.002133,172.253.118.0-255,2902,80018,7,219656
33454,0.002135,172.31.36.0-255,66,80084,7,219656
33455,0.002138,172.253.118.0-255,1484,81568,7,219656
33456,0.002167,172.253.118.0-255,2902,84470,7,219656
33457,0.00217,172.31.36.0-255,66,84536,7,219656
33458,0.002178,172.253.118.0-255,7156,91692,7,219656
33459,0.00218,172.31.36.0-255,66,91758,7,219656
33460,0.002199,172.253.118.0-255,1484,93242,7,219656
33461,0.002207,172.253.118.0-255,5738,98980,7,219656
33462,0.002209,172.31.36.0-255,66,99046,7,219656
33463,0.002245,172.31.36.0-255,66,99112,7,219656
33464,0.004548,172.253.118.0-255,5738,104850,7,219656
33465,0.004554,172.31.36.0-255,66,104916,7,219656
33466,0.006848,172.253.118.0-255,5738,110654,7,219656
33467,0.006851,172.31.36.0-255,66,110720,7,219656
33468,0.009159,172.253.118.0-255,5738,116458,7,219656
33469,0.009167,172.31.36.0-255,66,116524,7,219656
33470,0.011466,172.253.118.0-255,5738,122262,7,219656
33471,0.011475,172.31.36.0-255,66,122328,7,219656
33472,0.013765,172.253.118.0-255,5738,128066,7,219656
33473,0.013774,172.31.36.0-255,66,128132,7,219656
33474,0.01609,172.253.118.0-255,5738,133870,7,219656
33475,0.0161,172.31.36.0-255,66,133936,7,219656
33476,0.018432,172.253.118.0-255,5738,139674,7,219656
33477,0.01844,172.31.36.0-255,66,139740,7,219656
33478,0.020743,172.253.118.0-255,5738,145478,7,219656
33479,0.020751,172.31.36.0-255,66,145544,7,219656
33480,0.023051,172.253.118.0-255,5738,151282,7,219656
33481,0.02306,172.31.36.0-255,66,151348,7,219656
33482,0.025359,172.253.118.0-255,5738,157086,7,219656
33483,0.025366,172.31.36.0-255,66,157152,7,219656
33484,0.027247,172.31.36.0-255,172,157324,7,219656
33485,0.027275,172.31.36.0-255,1114,158438,7,219656
33486,0.027334,172.31.36.0-255,1514,159952,7,219656
33487,0.027336,172.31.36.0-255,1292,161244,7,219656
33488,0.02768,172.253.118.0-255,5738,166982,7,219656
33489,0.027687,172.31.36.0-255,66,167048,7,219656
33490,0.028821,104.244.42.0-255,66,167114,7,219656
33491,0.028853,104.244.42.0-255,66,167180,7,219656
33492,0.028895,104.244.42.0-255,66,167246,7,219656
33493,0.029533,104.244.42.0-255,108,167354,7,219656
33494,0.029538,172.31.36.0-255,66,167420,7,219656
33495,0.029998,172.253.118.0-255,5738,173158,7,219656
33496,0.030003,172.31.36.0-255,66,173224,7,219656
33497,0.032302,172.253.118.0-255,5738,178962,7,219656
33498,0.032311,172.31.36.0-255,66,179028,7,219656
33499,0.034613,172.253.118.0-255,5738,184766,7,219656
33500,0.034621,172.31.36.0-255,66,184832,7,219656
33501,0.036959,172.253.118.0-255,5738,190570,7,219656
33502,0.036971,172.31.36.0-255,66,190636,7,219656
33503,0.039286,172.253.118.0-255,5738,196374,7,219656
33504,0.039297,172.31.36.0-255,66,196440,7,219656
33505,0.041622,172.253.118.0-255,5738,202178,7,219656
33506,0.041628,172.31.36.0-255,66,202244,7,219656
33507,0.043939,172.253.118.0-255,5738,207982,7,219656
33508,0.043946,172.31.36.0-255,66,208048,7,219656
33509,0.046266,172.253.118.0-255,5738,213786,7,219656
33510,0.046273,172.31.36.0-255,66,213852,7,219656
33511,0.048614,172.253.118.0-255,5738,219590,7,219656
33512,0.04862,172.31.36.0-255,66,219656,7,219656
33513,0.0,172.217.24.0-255,297,297,7,214501
33514,2.3e-05,172.31.36.0-255,66,363,7,214501
33515,2.9e-05,172.217.24.0-255,1484,1847,7,214501
33516,3.4e-05,172.31.36.0-255,66,1913,7,214501
33517,3.7e-05,172.217.24.0-255,1484,3397,7,214501
33518,4.1e-05,172.31.36.0-255,66,3463,7,214501
33519,4.7e-05,172.217.24.0-255,2902,6365,7,214501
33520,5e-05,172.31.36.0-255,66,6431,7,214501
33521,5.4e-05,172.217.24.0-255,2902,9333,7,214501
33522,5.8e-05,172.31.36.0-255,66,9399,7,214501
33523,6.3e-05,172.217.24.0-255,4320,13719,7,214501
33524,6.6e-05,172.31.36.0-255,66,13785,7,214501
33525,6.9e-05,172.217.24.0-255,388,14173,7,214501
33526,7.1e-05,172.31.36.0-255,66,14239,7,214501
33527,0.000207,172.217.24.0-255,1484,15723,7,214501
33528,0.000212,172.31.36.0-255,66,15789,7,214501
33529,0.000219,172.217.24.0-255,2902,18691,7,214501
33530,0.000222,172.31.36.0-255,66,18757,7,214501
33531,0.000239,172.217.24.0-255,5738,24495,7,214501
33532,0.000241,172.31.36.0-255,66,24561,7,214501
33533,0.000248,172.217.24.0-255,5738,30299,7,214501
33534,0.000251,172.31.36.0-255,66,30365,7,214501
33535,0.00029,172.217.24.0-255,6797,37162,7,214501
33536,0.000293,172.31.36.0-255,66,37228,7,214501
33537,0.000299,172.217.24.0-255,5738,42966,7,214501
33538,0.000301,172.31.36.0-255,66,43032,7,214501
33539,0.000352,172.217.24.0-255,5379,48411,7,214501
33540,0.000355,172.31.36.0-255,66,48477,7,214501
33541,0.000373,172.217.24.0-255,1484,49961,7,214501
33542,0.000376,172.31.36.0-255,66,50027,7,214501
33543,0.000394,172.217.24.0-255,4320,54347,7,214501
33544,0.000396,172.31.36.0-255,66,54413,7,214501
33545,0.000404,172.217.24.0-255,7156,61569,7,214501
33546,0.000406,172.31.36.0-255,66,61635,7,214501
33547,0.000421,172.217.24.0-255,1484,63119,7,214501
33548,0.000452,172.217.24.0-255,2873,65992,7,214501
33549,0.000456,172.31.36.0-255,66,66058,7,214501
33550,0.001911,172.217.24.0-255,114,66172,7,214501
33551,0.00239,172.217.24.0-255,4320,70492,7,214501
33552,0.002396,172.31.36.0-255,66,70558,7,214501
33553,0.004338,172.217.24.0-255,5738,76296,7,214501
33554,0.004344,172.31.36.0-255,66,76362,7,214501
33555,0.006278,172.217.24.0-255,5738,82100,7,214501
33556,0.006285,172.31.36.0-255,66,82166,7,214501
33557,0.008226,172.217.24.0-255,5738,87904,7,214501
33558,0.008233,172.31.36.0-255,66,87970,7,214501
33559,0.010187,172.217.24.0-255,5738,93708,7,214501
33560,0.010192,172.31.36.0-255,66,93774,7,214501
33561,0.012131,172.217.24.0-255,5738,99512,7,214501
33562,0.012139,172.31.36.0-255,66,99578,7,214501
33563,0.014081,172.217.24.0-255,5738,105316,7,214501
33564,0.01409,172.31.36.0-255,66,105382,7,214501
33565,0.016037,172.217.24.0-255,5738,111120,7,214501
33566,0.016045,172.31.36.0-255,66,111186,7,214501
33567,0.017991,172.217.24.0-255,5738,116924,7,214501
33568,0.017999,172.31.36.0-255,66,116990,7,214501
33569,0.019965,172.217.24.0-255,5738,122728,7,214501
33570,0.019974,172.31.36.0-255,66,122794,7,214501
33571,0.021916,172.217.24.0-255,5738,128532,7,214501
33572,0.021924,172.31.36.0-255,66,128598,7,214501
33573,0.023861,172.217.24.0-255,5738,134336,7,214501
33574,0.023868,172.31.36.0-255,66,134402,7,214501
33575,0.025812,172.217.24.0-255,5738,140140,7,214501
33576,0.02582,172.31.36.0-255,66,140206,7,214501
33577,0.025905,172.31.36.0-255,101,140307,7,214501
33578,0.027427,172.31.36.0-255,188,140495,7,214501
33579,0.027459,172.31.36.0-255,958,141453,7,214501
33580,0.02752,172.31.36.0-255,1514,142967,7,214501
33581,0.027522,172.31.36.0-255,1448,144415,7,214501
33582,0.027755,172.217.24.0-255,5738,150153,7,214501
33583,0.027761,172.31.36.0-255,66,150219,7,214501
33584,0.027796,172.217.24.0-255,66,150285,7,214501
33585,0.02897,104.244.42.0-255,66,150351,7,214501
33586,0.029051,104.244.42.0-255,66,150417,7,214501
33587,0.029086,104.244.42.0-255,66,150483,7,214501
33588,0.029699,172.217.24.0-255,5738,156221,7,214501
33589,0.029705,172.31.36.0-255,66,156287,7,214501
33590,0.029722,104.244.42.0-255,108,156395,7,214501
33591,0.029725,172.31.36.0-255,66,156461,7,214501
33592,0.031645,172.217.24.0-255,5738,162199,7,214501
33593,0.031652,172.31.36.0-255,66,162265,7,214501
33594,0.033597,172.217.24.0-255,5738,168003,7,214501
33595,0.033604,172.31.36.0-255,66,168069,7,214501
33596,0.035547,172.217.24.0-255,5738,173807,7,214501
33597,0.035553,172.31.36.0-255,66,173873,7,214501
33598,0.037511,172.217.24.0-255,5738,179611,7,214501
33599,0.03752,172.31.36.0-255,66,179677,7,214501
33600,0.039483,172.217.24.0-255,5738,185415,7,214501
33601,0.039491,172.31.36.0-255,66,185481,7,214501
33602,0.041438,172.217.24.0-255,5738,191219,7,214501
33603,0.041448,172.31.36.0-255,66,191285,7,214501
33604,0.043402,172.217.24.0-255,5738,197023,7,214501
33605,0.043409,172.31.36.0-255,66,197089,7,214501
33606,0.045391,172.217.24.0-255,5738,202827,7,214501
33607,0.045398,172.31.36.0-255,66,202893,7,214501
33608,0.04737,172.217.24.0-255,5738,208631,7,214501
33609,0.047376,172.31.36.0-255,66,208697,7,214501
33610,0.049327,172.217.24.0-255,5738,214435,7,214501
33611,0.049335,172.31.36.0-255,66,214501,7,214501
33612,0.0,172.217.194.0-255,150,150,7,265313
33613,3.5e-05,172.31.36.0-255,66,216,7,265313
33614,4.1e-05,172.217.194.0-255,1484,1700,7,265313
33615,4.6e-05,172.31.36.0-255,66,1766,7,265313
33616,5.1e-05,172.217.194.0-255,2902,4668,7,265313
33617,5.3e-05,172.31.36.0-255,66,4734,7,265313
33618,6e-05,172.217.194.0-255,7156,11890,7,265313
33619,6.3e-05,172.31.36.0-255,66,11956,7,265313
33620,9e-05,172.217.194.0-255,2104,14060,7,265313
33621,9.3e-05,172.31.36.0-255,66,14126,7,265313
33622,0.000153,172.217.194.0-255,1484,15610,7,265313
33623,0.000157,172.31.36.0-255,66,15676,7,265313
33624,0.00016,172.217.194.0-255,1484,17160,7,265313
33625,0.000164,172.31.36.0-255,66,17226,7,265313
33626,0.000182,172.217.194.0-255,1484,18710,7,265313
33627,0.000184,172.31.36.0-255,66,18776,7,265313
33628,0.000191,172.217.194.0-255,5738,24514,7,265313
33629,0.000194,172.31.36.0-255,66,24580,7,265313
33630,0.000199,172.217.194.0-255,4320,28900,7,265313
33631,0.000201,172.31.36.0-255,66,28966,7,265313
33632,0.000252,172.31.36.0-255,66,29032,7,265313
33633,0.000274,172.217.194.0-255,3961,32993,7,265313
33634,0.000279,172.31.36.0-255,66,33059,7,265313
33635,0.000293,172.31.36.0-255,66,33125,7,265313
33636,0.000299,172.217.194.0-255,4320,37445,7,265313
33637,0.000302,172.31.36.0-255,66,37511,7,265313
33638,0.000325,172.217.194.0-255,2476,39987,7,265313
33639,0.000328,172.31.36.0-255,66,40053,7,265313
33640,0.000331,172.217.194.0-255,384,40437,7,265313
33641,0.000335,172.31.36.0-255,66,40503,7,265313
33642,0.000567,172.217.194.0-255,1484,41987,7,265313
33643,0.000581,172.217.194.0-255,1484,43471,7,265313
33644,0.000585,172.31.36.0-255,66,43537,7,265313
33645,0.000607,172.217.194.0-255,1484,45021,7,265313
33646,0.000614,172.217.194.0-255,5738,50759,7,265313
33647,0.000619,172.31.36.0-255,66,50825,7,265313
33648,0.000623,172.31.36.0-255,66,50891,7,265313
33649,0.00067,172.217.194.0-255,7156,58047,7,265313
33650,0.000673,172.31.36.0-255,66,58113,7,265313
33651,0.0007,172.31.36.0-255,66,58179,7,265313
33652,0.001176,172.217.194.0-255,1484,59663,7,265313
33653,0.001186,172.217.194.0-255,2902,62565,7,265313
33654,0.00119,172.31.36.0-255,66,62631,7,265313
33655,0.001197,172.217.194.0-255,5738,68369,7,265313
33656,0.001199,172.31.36.0-255,66,68435,7,265313
33657,0.001216,172.217.194.0-255,4320,72755,7,265313
33658,0.001219,172.31.36.0-255,66,72821,7,265313
33659,0.001254,172.31.36.0-255,66,72887,7,265313
33660,0.001283,172.31.36.0-255,66,72953,7,265313
33661,0.001554,172.217.194.0-255,1484,74437,7,265313
33662,0.001563,172.217.194.0-255,2902,77339,7,265313
33663,0.001567,172.31.36.0-255,66,77405,7,265313
33664,0.001574,172.217.194.0-255,5738,83143,7,265313
33665,0.001577,172.31.36.0-255,66,83209,7,265313
33666,0.001589,172.217.194.0-255,1484,84693,7,265313
33667,0.001617,172.31.36.0-255,66,84759,7,265313
33668,0.001621,172.217.194.0-255,2902,87661,7,265313
33669,0.001624,172.31.36.0-255,66,87727,7,265313
33670,0.001657,172.31.36.0-255,66,87793,7,265313
33671,0.001662,172.217.194.0-255,4320,92113,7,265313
33672,0.001665,172.31.36.0-255,66,92179,7,265313
33673,0.001697,172.217.194.0-255,7156,99335,7,265313
33674,0.001701,172.31.36.0-255,66,99401,7,265313
33675,0.001713,172.31.36.0-255,66,99467,7,265313
33676,0.001753,172.31.36.0-255,66,99533,7,265313
33677,0.00182,172.217.194.0-255,1484,101017,7,265313
33678,0.001825,172.217.194.0-255,2902,103919,7,265313
33679,0.001827,172.31.36.0-255,66,103985,7,265313
33680,0.001848,172.217.194.0-255,5738,109723,7,265313
33681,0.001851,172.31.36.0-255,66,109789,7,265313
33682,0.001853,172.217.194.0-255,1484,111273,7,265313
33683,0.001871,172.217.194.0-255,5738,117011,7,265313
33684,0.001873,172.31.36.0-255,66,117077,7,265313
33685,0.001893,172.217.194.0-255,5738,122815,7,265313
33686,0.001896,172.31.36.0-255,66,122881,7,265313
33687,0.001907,172.31.36.0-255,66,122947,7,265313
33688,0.003875,172.217.194.0-255,5738,128685,7,265313
33689,0.003882,172.31.36.0-255,66,128751,7,265313
33690,0.005867,172.217.194.0-255,2902,131653,7,265313
33691,0.005873,172.31.36.0-255,66,131719,7,265313
33692,0.005889,172.217.194.0-255,2902,134621,7,265313
33693,0.005891,172.31.36.0-255,66,134687,7,265313
33694,0.007842,172.217.194.0-255,5738,140425,7,265313
33695,0.007849,172.31.36.0-255,66,140491,7,265313
33696,0.009811,172.217.194.0-255,5738,146229,7,265313
33697,0.009819,172.31.36.0-255,66,146295,7,265313
33698,0.011781,172.217.194.0-255,5738,152033,7,265313
33699,0.011789,172.31.36.0-255,66,152099,7,265313
33700,0.013802,172.217.194.0-255,5738,157837,7,265313
33701,0.013811,172.31.36.0-255,66,157903,7,265313
33702,0.015781,172.217.194.0-255,5738,163641,7,265313
33703,0.015794,172.31.36.0-255,66,163707,7,265313
33704,0.017792,172.217.194.0-255,5738,169445,7,265313
33705,0.017801,172.31.36.0-255,66,169511,7,265313
33706,0.019762,172.217.194.0-255,5738,175249,7,265313
33707,0.01977,172.31.36.0-255,66,175315,7,265313
33708,0.021706,172.217.194.0-255,5738,181053,7,265313
33709,0.021713,172.31.36.0-255,66,181119,7,265313
33710,0.023667,172.217.194.0-255,5738,186857,7,265313
33711,0.023676,172.31.36.0-255,66,186923,7,265313
33712,0.025648,172.217.194.0-255,5738,192661,7,265313
33713,0.025658,172.31.36.0-255,66,192727,7,265313
33714,0.027646,172.217.194.0-255,5738,198465,7,265313
33715,0.027653,172.31.36.0-255,66,198531,7,265313
33716,0.029618,172.217.194.0-255,5738,204269,7,265313
33717,0.029633,172.31.36.0-255,66,204335,7,265313
33718,0.031571,172.217.194.0-255,5738,210073,7,265313
33719,0.031583,172.31.36.0-255,66,210139,7,265313
33720,0.033533,172.217.194.0-255,5738,215877,7,265313
33721,0.03354,172.31.36.0-255,66,215943,7,265313
33722,0.034376,172.31.36.0-255,172,216115,7,265313
33723,0.034468,172.31.36.0-255,1114,217229,7,265313
33724,0.034821,172.31.36.0-255,1514,218743,7,265313
33725,0.034824,172.31.36.0-255,1292,220035,7,265313
33726,0.035508,172.217.194.0-255,5738,225773,7,265313
33727,0.035514,172.31.36.0-255,66,225839,7,265313
33728,0.035942,104.244.42.0-255,66,225905,7,265313
33729,0.036041,104.244.42.0-255,66,225971,7,265313
33730,0.036372,104.244.42.0-255,66,226037,7,265313
33731,0.037435,172.217.194.0-255,4320,230357,7,265313
33732,0.037439,172.31.36.0-255,66,230423,7,265313
33733,0.03747,172.217.194.0-255,1484,231907,7,265313
33734,0.039396,172.217.194.0-255,4320,236227,7,265313
33735,0.039402,172.31.36.0-255,66,236293,7,265313
33736,0.041358,172.217.194.0-255,5738,242031,7,265313
33737,0.041363,172.31.36.0-255,66,242097,7,265313
33738,0.043339,172.217.194.0-255,5738,247835,7,265313
33739,0.043345,172.31.36.0-255,66,247901,7,265313
33740,0.045336,172.217.194.0-255,5738,253639,7,265313
33741,0.045342,172.31.36.0-255,66,253705,7,265313
33742,0.047297,172.217.194.0-255,5738,259443,7,265313
33743,0.047304,172.31.36.0-255,66,259509,7,265313
33744,0.049264,172.217.194.0-255,5738,265247,7,265313
33745,0.049271,172.31.36.0-255,66,265313,7,265313
33746,0.0,172.31.36.0-255,105,105,7,300447
33747,0.027725,74.125.24.0-255,152,257,7,300447
33748,0.027745,172.31.36.0-255,66,323,7,300447
33749,0.027752,74.125.24.0-255,1484,1807,7,300447
33750,0.027756,172.31.36.0-255,66,1873,7,300447
33751,0.027762,74.125.24.0-255,2902,4775,7,300447
33752,0.027765,172.31.36.0-255,66,4841,7,300447
33753,0.027771,74.125.24.0-255,4320,9161,7,300447
33754,0.027775,172.31.36.0-255,66,9227,7,300447
33755,0.027817,172.31.36.0-255,66,9293,7,300447
33756,0.027825,74.125.24.0-255,7156,16449,7,300447
33757,0.027828,172.31.36.0-255,66,16515,7,300447
33758,0.027854,74.125.24.0-255,2902,19417,7,300447
33759,0.027857,172.31.36.0-255,66,19483,7,300447
33760,0.027876,74.125.24.0-255,2543,22026,7,300447
33761,0.027878,172.31.36.0-255,66,22092,7,300447
33762,0.027959,74.125.24.0-255,1484,23576,7,300447
33763,0.027962,172.31.36.0-255,66,23642,7,300447
33764,0.027976,74.125.24.0-255,2902,26544,7,300447
33765,0.027979,172.31.36.0-255,66,26610,7,300447
33766,0.027987,74.125.24.0-255,5738,32348,7,300447
33767,0.027989,172.31.36.0-255,66,32414,7,300447
33768,0.028022,74.125.24.0-255,6797,39211,7,300447
33769,0.028026,172.31.36.0-255,66,39277,7,300447
33770,0.028063,172.31.36.0-255,66,39343,7,300447
33771,0.028067,74.125.24.0-255,2543,41886,7,300447
33772,0.028069,172.31.36.0-255,66,41952,7,300447
33773,0.028087,74.125.24.0-255,362,42314,7,300447
33774,0.028089,172.31.36.0-255,66,42380,7,300447
33775,0.028164,74.125.24.0-255,1484,43864,7,300447
33776,0.028168,172.31.36.0-255,66,43930,7,300447
33777,0.028172,74.125.24.0-255,2902,46832,7,300447
33778,0.028175,172.31.36.0-255,66,46898,7,300447
33779,0.028178,74.125.24.0-255,1484,48382,7,300447
33780,0.028195,74.125.24.0-255,4320,52702,7,300447
33781,0.028198,172.31.36.0-255,66,52768,7,300447
33782,0.02823,74.125.24.0-255,7091,59859,7,300447
33783,0.028233,172.31.36.0-255,66,59925,7,300447
33784,0.028241,74.125.24.0-255,7156,67081,7,300447
33785,0.028244,172.31.36.0-255,66,67147,7,300447
33786,0.02828,172.31.36.0-255,66,67213,7,300447
33787,0.028381,74.125.24.0-255,1484,68697,7,300447
33788,0.028388,74.125.24.0-255,2902,71599,7,300447
33789,0.028391,172.31.36.0-255,66,71665,7,300447
33790,0.028398,74.125.24.0-255,5738,77403,7,300447
33791,0.028401,172.31.36.0-255,66,77469,7,300447
33792,0.028407,74.125.24.0-255,4320,81789,7,300447
33793,0.02841,172.31.36.0-255,66,81855,7,300447
33794,0.028428,74.125.24.0-255,1484,83339,7,300447
33795,0.028437,74.125.24.0-255,7156,90495,7,300447
33796,0.028439,172.31.36.0-255,66,90561,7,300447
33797,0.028455,74.125.24.0-255,2902,93463,7,300447
33798,0.028457,172.31.36.0-255,66,93529,7,300447
33799,0.028487,172.31.36.0-255,66,93595,7,300447
33800,0.028495,74.125.24.0-255,7156,100751,7,300447
33801,0.028498,172.31.36.0-255,66,100817,7,300447
33802,0.02851,74.125.24.0-255,1484,102301,7,300447
33803,0.028528,74.125.24.0-255,7156,109457,7,300447
33804,0.028531,172.31.36.0-255,66,109523,7,300447
33805,0.028568,172.31.36.0-255,66,109589,7,300447
33806,0.028571,74.125.24.0-255,1484,111073,7,300447
33807,0.028577,74.125.24.0-255,2902,113975,7,300447
33808,0.02858,172.31.36.0-255,66,114041,7,300447
33809,0.028643,74.125.24.0-255,5738,119779,7,300447
33810,0.028647,172.31.36.0-255,66,119845,7,300447
33811,0.028655,74.125.24.0-255,6797,126642,7,300447
33812,0.028657,172.31.36.0-255,66,126708,7,300447
33813,0.028692,74.125.24.0-255,1484,128192,7,300447
33814,0.028696,74.125.24.0-255,1484,129676,7,300447
33815,0.028698,172.31.36.0-255,66,129742,7,300447
33816,0.028719,74.125.24.0-255,1484,131226,7,300447
33817,0.028726,74.125.24.0-255,5738,136964,7,300447
33818,0.028728,172.31.36.0-255,66,137030,7,300447
33819,0.028757,74.125.24.0-255,7156,144186,7,300447
33820,0.028761,172.31.36.0-255,66,144252,7,300447
33821,0.028777,74.125.24.0-255,5738,149990,7,300447
33822,0.02878,172.31.36.0-255,66,150056,7,300447
33823,0.028788,74.125.24.0-255,7156,157212,7,300447
33824,0.028818,74.125.24.0-255,3602,160814,7,300447
33825,0.0289,172.31.36.0-255,66,160880,7,300447
33826,0.02898,74.125.24.0-255,1484,162364,7,300447
33827,0.028987,74.125.24.0-255,2902,165266,7,300447
33828,0.028993,74.125.24.0-255,5738,171004,7,300447
33829,0.029011,74.125.24.0-255,1484,172488,7,300447
33830,0.029051,74.125.24.0-255,5738,178226,7,300447
33831,0.029084,74.125.24.0-255,5738,183964,7,300447
33832,0.029104,172.31.36.0-255,66,184030,7,300447
33833,0.029128,74.125.24.0-255,7156,191186,7,300447
33834,0.029131,172.31.36.0-255,66,191252,7,300447
33835,0.029137,172.31.36.0-255,66,191318,7,300447
33836,0.029155,74.125.24.0-255,1484,192802,7,300447
33837,0.029173,74.125.24.0-255,7156,199958,7,300447
33838,0.029183,172.31.36.0-255,66,200024,7,300447
33839,0.02919,74.125.24.0-255,2184,202208,7,300447
33840,0.029198,172.31.36.0-255,66,202274,7,300447
33841,0.029211,74.125.24.0-255,1484,203758,7,300447
33842,0.029215,74.125.24.0-255,2902,206660,7,300447
33843,0.029218,74.125.24.0-255,1484,208144,7,300447
33844,0.029227,172.31.36.0-255,66,208210,7,300447
33845,0.029238,74.125.24.0-255,4320,212530,7,300447
33846,0.029242,172.31.36.0-255,66,212596,7,300447
33847,0.029245,74.125.24.0-255,7156,219752,7,300447
33848,0.02926,172.31.36.0-255,66,219818,7,300447
33849,0.029267,74.125.24.0-255,2902,222720,7,300447
33850,0.029279,172.31.36.0-255,66,222786,7,300447
33851,0.029291,74.125.24.0-255,2902,225688,7,300447
33852,0.029299,172.31.36.0-255,66,225754,7,300447
33853,0.029315,74.125.24.0-255,7156,232910,7,300447
33854,0.029335,74.125.24.0-255,3602,236512,7,300447
33855,0.029336,172.31.36.0-255,66,236578,7,300447
33856,0.029341,172.31.36.0-255,66,236644,7,300447
33857,0.029523,74.125.24.0-255,1484,238128,7,300447
33858,0.029537,74.125.24.0-255,2902,241030,7,300447
33859,0.02954,172.31.36.0-255,66,241096,7,300447
33860,0.029554,74.125.24.0-255,4320,245416,7,300447
33861,0.02956,172.31.36.0-255,66,245482,7,300447
33862,0.029567,74.125.24.0-255,1484,246966,7,300447
33863,0.02957,74.125.24.0-255,1484,248450,7,300447
33864,0.029574,172.31.36.0-255,66,248516,7,300447
33865,0.029597,74.125.24.0-255,7156,255672,7,300447
33866,0.029605,172.31.36.0-255,66,255738,7,300447
33867,0.0297,172.31.36.0-255,66,255804,7,300447
33868,0.029706,74.125.24.0-255,6438,262242,7,300447
33869,0.029713,74.125.24.0-255,7156,269398,7,300447
33870,0.029715,172.31.36.0-255,66,269464,7,300447
33871,0.02972,172.31.36.0-255,66,269530,7,300447
33872,0.029734,172.31.36.0-255,66,269596,7,300447
33873,0.029754,74.125.24.0-255,1484,271080,7,300447
33874,0.029773,74.125.24.0-255,2902,273982,7,300447
33875,0.029776,74.125.24.0-255,1484,275466,7,300447
33876,0.029776,172.31.36.0-255,66,275532,7,300447
33877,0.029798,74.125.24.0-255,4320,279852,7,300447
33878,0.029803,74.125.24.0-255,2902,282754,7,300447
33879,0.029813,172.31.36.0-255,66,282820,7,300447
33880,0.029822,74.125.24.0-255,2902,285722,7,300447
33881,0.029828,172.31.36.0-255,66,285788,7,300447
33882,0.029847,74.125.24.0-255,5738,291526,7,300447
33883,0.029853,172.31.36.0-255,66,291592,7,300447
33884,0.029879,74.125.24.0-255,7156,298748,7,300447
33885,0.029881,74.125.24.0-255,1194,299942,7,300447
33886,0.029884,74.125.24.0-255,97,300039,7,300447
33887,0.02989,172.31.36.0-255,66,300105,7,300447
33888,0.029938,74.125.24.0-255,105,300210,7,300447
33889,0.032434,172.31.36.0-255,66,300276,7,300447
33890,0.032462,172.31.36.0-255,105,300381,7,300447
33891,0.034724,74.125.24.0-255,66,300447,7,300447
33892,0.0,172.217.194.0-255,146,146,7,205140
33893,1.9e-05,172.31.36.0-255,66,212,7,205140
33894,2.6e-05,172.217.194.0-255,1484,1696,7,205140
33895,3e-05,172.31.36.0-255,66,1762,7,205140
33896,3.6e-05,172.217.194.0-255,2902,4664,7,205140
33897,4.7e-05,172.31.36.0-255,66,4730,7,205140
33898,5.5e-05,172.217.194.0-255,5738,10468,7,205140
33899,5.8e-05,172.31.36.0-255,66,10534,7,205140
33900,7.8e-05,172.217.194.0-255,1484,12018,7,205140
33901,8e-05,172.31.36.0-255,66,12084,7,205140
33902,9e-05,172.217.194.0-255,2002,14086,7,205140
33903,9.3e-05,172.31.36.0-255,66,14152,7,205140
33904,0.000319,172.217.194.0-255,1484,15636,7,205140
33905,0.000325,172.31.36.0-255,66,15702,7,205140
33906,0.000346,172.217.194.0-255,2902,18604,7,205140
33907,0.000349,172.31.36.0-255,66,18670,7,205140
33908,0.000356,172.217.194.0-255,5738,24408,7,205140
33909,0.000358,172.31.36.0-255,66,24474,7,205140
33910,0.000388,172.217.194.0-255,5738,30212,7,205140
33911,0.000392,172.31.36.0-255,66,30278,7,205140
33912,0.000434,172.31.36.0-255,66,30344,7,205140
33913,0.000452,172.31.36.0-255,66,30410,7,205140
33914,0.000457,172.217.194.0-255,4320,34730,7,205140
33915,0.000459,172.31.36.0-255,66,34796,7,205140
33916,0.000507,172.31.36.0-255,66,34862,7,205140
33917,0.00051,172.217.194.0-255,380,35242,7,205140
33918,0.000512,172.31.36.0-255,66,35308,7,205140
33919,0.000724,172.217.194.0-255,364,35672,7,205140
33920,0.000727,172.31.36.0-255,66,35738,7,205140
33921,0.001358,172.217.194.0-255,1484,37222,7,205140
33922,0.001364,172.31.36.0-255,66,37288,7,205140
33923,0.001374,172.217.194.0-255,2902,40190,7,205140
33924,0.001376,172.31.36.0-255,66,40256,7,205140
33925,0.001389,172.217.194.0-255,5738,45994,7,205140
33926,0.001391,172.31.36.0-255,66,46060,7,205140
33927,0.001427,172.31.36.0-255,66,46126,7,205140
33928,0.00144,172.31.36.0-255,66,46192,7,205140
33929,0.001564,172.217.194.0-255,1484,47676,7,205140
33930,0.001569,172.31.36.0-255,66,47742,7,205140
33931,0.001585,172.217.194.0-255,2902,50644,7,205140
33932,0.001587,172.31.36.0-255,66,50710,7,205140
33933,0.001599,172.217.194.0-255,5738,56448,7,205140
33934,0.001601,172.31.36.0-255,66,56514,7,205140
33935,0.001669,172.31.36.0-255,66,56580,7,205140
33936,0.001673,172.217.194.0-255,1484,58064,7,205140
33937,0.001675,172.31.36.0-255,66,58130,7,205140
33938,0.001687,172.31.36.0-255,66,58196,7,205140
33939,0.00183,172.217.194.0-255,1484,59680,7,205140
33940,0.001834,172.31.36.0-255,66,59746,7,205140
33941,0.00184,172.217.194.0-255,2902,62648,7,205140
33942,0.001843,172.31.36.0-255,66,62714,7,205140
33943,0.001846,172.217.194.0-255,1484,64198,7,205140
33944,0.001853,172.31.36.0-255,66,64264,7,205140
33945,0.001891,172.217.194.0-255,4320,68584,7,205140
33946,0.001894,172.31.36.0-255,66,68650,7,205140
33947,0.001908,172.31.36.0-255,66,68716,7,205140
33948,0.001921,172.31.36.0-255,66,68782,7,205140
33949,0.001924,172.217.194.0-255,766,69548,7,205140
33950,0.003971,172.217.194.0-255,4320,73868,7,205140
33951,0.00533,172.31.36.0-255,66,73934,7,205140
33952,0.007377,172.217.194.0-255,5738,79672,7,205140
33953,0.007383,172.31.36.0-255,66,79738,7,205140
33954,0.009444,172.217.194.0-255,5738,85476,7,205140
33955,0.009451,172.31.36.0-255,66,85542,7,205140
33956,0.0115,172.217.194.0-255,5738,91280,7,205140
33957,0.011508,172.31.36.0-255,66,91346,7,205140
33958,0.013535,172.217.194.0-255,5738,97084,7,205140
33959,0.013544,172.31.36.0-255,66,97150,7,205140
33960,0.015567,172.217.194.0-255,5738,102888,7,205140
33961,0.015575,172.31.36.0-255,66,102954,7,205140
33962,0.017626,172.217.194.0-255,5738,108692,7,205140
33963,0.017633,172.31.36.0-255,66,108758,7,205140
33964,0.019672,172.217.194.0-255,5738,114496,7,205140
33965,0.019681,172.31.36.0-255,66,114562,7,205140
33966,0.021719,172.217.194.0-255,5738,120300,7,205140
33967,0.021726,172.31.36.0-255,66,120366,7,205140
33968,0.023757,172.217.194.0-255,5738,126104,7,205140
33969,0.023768,172.31.36.0-255,66,126170,7,205140
33970,0.025812,172.217.194.0-255,5738,131908,7,205140
33971,0.025824,172.31.36.0-255,66,131974,7,205140
33972,0.02786,172.217.194.0-255,5738,137712,7,205140
33973,0.027871,172.31.36.0-255,66,137778,7,205140
33974,0.029915,172.217.194.0-255,5738,143516,7,205140
33975,0.029923,172.31.36.0-255,66,143582,7,205140
33976,0.031963,172.217.194.0-255,2902,146484,7,205140
33977,0.031969,172.31.36.0-255,66,146550,7,205140
33978,0.031976,172.31.36.0-255,172,146722,7,205140
33979,0.031997,172.217.194.0-255,2902,149624,7,205140
33980,0.032,172.31.36.0-255,66,149690,7,205140
33981,0.032034,172.31.36.0-255,1113,150803,7,205140
33982,0.032107,172.31.36.0-255,1514,152317,7,205140
33983,0.032109,172.31.36.0-255,1514,153831,7,205140
33984,0.032114,172.31.36.0-255,1514,155345,7,205140
33985,0.032116,172.31.36.0-255,1514,156859,7,205140
33986,0.032148,172.31.36.0-255,1514,158373,7,205140
33987,0.03215,172.31.36.0-255,71,158444,7,205140
33988,0.033514,104.244.42.0-255,66,158510,7,205140
33989,0.033614,104.244.42.0-255,66,158576,7,205140
33990,0.033713,104.244.42.0-255,66,158642,7,205140
33991,0.033719,104.244.42.0-255,66,158708,7,205140
33992,0.034012,172.217.194.0-255,5738,164446,7,205140
33993,0.034019,172.31.36.0-255,66,164512,7,205140
33994,0.036088,172.217.194.0-255,5738,170250,7,205140
33995,0.036097,172.31.36.0-255,66,170316,7,205140
33996,0.038149,172.217.194.0-255,5738,176054,7,205140
33997,0.038156,172.31.36.0-255,66,176120,7,205140
33998,0.040224,172.217.194.0-255,5738,181858,7,205140
33999,0.040231,172.31.36.0-255,66,181924,7,205140
34000,0.042286,172.217.194.0-255,5738,187662,7,205140
34001,0.042296,172.31.36.0-255,66,187728,7,205140
34002,0.044335,172.217.194.0-255,5738,193466,7,205140
34003,0.044342,172.31.36.0-255,66,193532,7,205140
34004,0.046387,172.217.194.0-255,5738,199270,7,205140
34005,0.046395,172.31.36.0-255,66,199336,7,205140
34006,0.048488,172.217.194.0-255,5738,205074,7,205140
34007,0.048495,172.31.36.0-255,66,205140,7,205140
34008,0.0,172.31.36.0-255,105,105,7,276
34009,0.001763,157.240.13.0-255,105,210,7,276
34010,0.001778,172.31.36.0-255,66,276,7,276
34011,0.0,74.125.24.0-255,152,152,7,156128
34012,2.2e-05,172.31.36.0-255,66,218,7,156128
34013,3e-05,74.125.24.0-255,1484,1702,7,156128
34014,3.5e-05,172.31.36.0-255,66,1768,7,156128
34015,4.9e-05,74.125.24.0-255,2902,4670,7,156128
34016,5.3e-05,172.31.36.0-255,66,4736,7,156128
34017,5.9e-05,74.125.24.0-255,4320,9056,7,156128
34018,6.2e-05,172.31.36.0-255,66,9122,7,156128
34019,7.5e-05,172.31.36.0-255,66,9188,7,156128
34020,0.000112,172.31.36.0-255,66,9254,7,156128
34021,0.000195,74.125.24.0-255,1484,10738,7,156128
34022,0.000198,172.31.36.0-255,66,10804,7,156128
34023,0.000204,74.125.24.0-255,2902,13706,7,156128
34024,0.000206,172.31.36.0-255,66,13772,7,156128
34025,0.000237,74.125.24.0-255,5738,19510,7,156128
34026,0.00024,172.31.36.0-255,66,19576,7,156128
34027,0.000248,74.125.24.0-255,6797,26373,7,156128
34028,0.00025,172.31.36.0-255,66,26439,7,156128
34029,0.000286,172.31.36.0-255,66,26505,7,156128
34030,0.000292,74.125.24.0-255,2854,29359,7,156128
34031,0.000293,172.31.36.0-255,66,29425,7,156128
34032,0.000357,74.125.24.0-255,109,29534,7,156128
34033,0.000361,172.31.36.0-255,66,29600,7,156128
34034,0.000532,74.125.24.0-255,1484,31084,7,156128
34035,0.000536,172.31.36.0-255,66,31150,7,156128
34036,0.000543,74.125.24.0-255,2902,34052,7,156128
34037,0.000545,172.31.36.0-255,66,34118,7,156128
34038,0.000579,74.125.24.0-255,5738,39856,7,156128
34039,0.000582,172.31.36.0-255,66,39922,7,156128
34040,0.000587,74.125.24.0-255,2902,42824,7,156128
34041,0.000589,172.31.36.0-255,66,42890,7,156128
34042,0.000634,172.31.36.0-255,66,42956,7,156128
34043,0.000648,172.31.36.0-255,66,43022,7,156128
34044,0.000651,74.125.24.0-255,1125,44147,7,156128
34045,0.001142,74.125.24.0-255,1484,45631,7,156128
34046,0.001147,172.31.36.0-255,66,45697,7,156128
34047,0.001153,74.125.24.0-255,2902,48599,7,156128
34048,0.001155,172.31.36.0-255,66,48665,7,156128
34049,0.001159,74.125.24.0-255,1484,50149,7,156128
34050,0.001189,74.125.24.0-255,4320,54469,7,156128
34051,0.001192,172.31.36.0-255,66,54535,7,156128
34052,0.001207,172.31.36.0-255,66,54601,7,156128
34053,0.001214,74.125.24.0-255,5738,60339,7,156128
34054,0.001217,172.31.36.0-255,66,60405,7,156128
34055,0.001273,74.125.24.0-255,5020,65425,7,156128
34056,0.001276,172.31.36.0-255,66,65491,7,156128
34057,0.001341,74.125.24.0-255,1484,66975,7,156128
34058,0.001347,74.125.24.0-255,2902,69877,7,156128
34059,0.001349,172.31.36.0-255,66,69943,7,156128
34060,0.001371,74.125.24.0-255,5738,75681,7,156128
34061,0.001377,172.31.36.0-255,66,75747,7,156128
34062,0.001441,172.31.36.0-255,66,75813,7,156128
34063,0.001471,74.125.24.0-255,4320,80133,7,156128
34064,0.001474,172.31.36.0-255,66,80199,7,156128
34065,0.00148,74.125.24.0-255,4320,84519,7,156128
34066,0.001482,172.31.36.0-255,66,84585,7,156128
34067,0.00149,74.125.24.0-255,6438,91023,7,156128
34068,0.001493,172.31.36.0-255,66,91089,7,156128
34069,0.001716,74.125.24.0-255,1484,92573,7,156128
34070,0.001733,74.125.24.0-255,2902,95475,7,156128
34071,0.001736,172.31.36.0-255,66,95541,7,156128
34072,0.001766,74.125.24.0-255,5738,101279,7,156128
34073,0.001768,172.31.36.0-255,66,101345,7,156128
34074,0.001772,74.125.24.0-255,1484,102829,7,156128
34075,0.001801,74.125.24.0-255,4320,107149,7,156128
34076,0.001804,172.31.36.0-255,66,107215,7,156128
34077,0.001825,74.125.24.0-255,4320,111535,7,156128
34078,0.001827,172.31.36.0-255,66,111601,7,156128
34079,0.001835,74.125.24.0-255,7156,118757,7,156128
34080,0.001839,172.31.36.0-255,66,118823,7,156128
34081,0.001877,74.125.24.0-255,6438,125261,7,156128
34082,0.00188,172.31.36.0-255,66,125327,7,156128
34083,0.002066,74.125.24.0-255,1484,126811,7,156128
34084,0.002073,74.125.24.0-255,2902,129713,7,156128
34085,0.002076,172.31.36.0-255,66,129779,7,156128
34086,0.002081,74.125.24.0-255,2902,132681,7,156128
34087,0.002083,172.31.36.0-255,66,132747,7,156128
34088,0.002105,74.125.24.0-255,2902,135649,7,156128
34089,0.002108,172.31.36.0-255,66,135715,7,156128
34090,0.002134,172.31.36.0-255,66,135781,7,156128
34091,0.002142,74.125.24.0-255,7156,142937,7,156128
34092,0.002145,172.31.36.0-255,66,143003,7,156128
34093,0.002206,172.31.36.0-255,66,143069,7,156128
34094,0.002217,172.31.36.0-255,66,143135,7,156128
34095,0.002264,172.31.36.0-255,66,143201,7,156128
34096,0.002293,74.125.24.0-255,5020,148221,7,156128
34097,0.002296,172.31.36.0-255,66,148287,7,156128
34098,0.002317,172.31.36.0-255,66,148353,7,156128
34099,0.002361,172.31.36.0-255,66,148419,7,156128
34100,0.002388,172.31.36.0-255,66,148485,7,156128
34101,0.002483,172.31.36.0-255,66,148551,7,156128
34102,0.00251,172.31.36.0-255,66,148617,7,156128
34103,0.002539,74.125.24.0-255,2902,151519,7,156128
34104,0.002541,172.31.36.0-255,66,151585,7,156128
34105,0.002574,172.31.36.0-255,66,151651,7,156128
34106,0.00976,172.31.36.0-255,105,151756,7,156128
34107,0.012249,74.125.24.0-255,66,151822,7,156128
34108,0.032172,172.31.36.0-255,188,152010,7,156128
34109,0.032212,172.31.36.0-255,958,152968,7,156128
34110,0.033693,104.244.42.0-255,66,153034,7,156128
34111,0.033738,104.244.42.0-255,66,153100,7,156128
34112,0.03439,172.31.36.0-255,1514,154614,7,156128
34113,0.034393,172.31.36.0-255,1448,156062,7,156128
34114,0.035975,104.244.42.0-255,66,156128,7,156128
34115,0.0,91.189.92.0-255,97,97,7,458
34116,3.8e-05,172.31.36.0-255,66,163,7,458
34117,0.000106,172.31.36.0-255,97,260,7,458
34118,0.000125,172.31.36.0-255,66,326,7,458
34119,0.000126,91.189.92.0-255,66,392,7,458
34120,0.000131,172.31.36.0-255,66,458,7,458
34121,0.0,74.125.24.0-255,146,146,7,223534
34122,1.4e-05,172.31.36.0-255,66,212,7,223534
34123,2e-05,74.125.24.0-255,1484,1696,7,223534
34124,2.5e-05,172.31.36.0-255,66,1762,7,223534
34125,3.8e-05,74.125.24.0-255,2902,4664,7,223534
34126,4.2e-05,172.31.36.0-255,66,4730,7,223534
34127,8.1e-05,74.125.24.0-255,5738,10468,7,223534
34128,8.5e-05,172.31.36.0-255,66,10534,7,223534
34129,0.000121,172.31.36.0-255,66,10600,7,223534
34130,0.000129,74.125.24.0-255,6797,17397,7,223534
34131,0.000131,172.31.36.0-255,66,17463,7,223534
34132,0.000475,74.125.24.0-255,1484,18947,7,223534
34133,0.000482,172.31.36.0-255,66,19013,7,223534
34134,0.000489,74.125.24.0-255,2902,21915,7,223534
34135,0.000491,172.31.36.0-255,66,21981,7,223534
34136,0.000504,74.125.24.0-255,5738,27719,7,223534
34137,0.000507,172.31.36.0-255,66,27785,7,223534
34138,0.000551,172.31.36.0-255,66,27851,7,223534
34139,0.000566,172.31.36.0-255,66,27917,7,223534
34140,0.000598,74.125.24.0-255,131,28048,7,223534
34141,0.000601,172.31.36.0-255,66,28114,7,223534
34142,0.000742,74.125.24.0-255,1484,29598,7,223534
34143,0.000748,172.31.36.0-255,66,29664,7,223534
34144,0.000775,74.125.24.0-255,2902,32566,7,223534
34145,0.000778,172.31.36.0-255,66,32632,7,223534
34146,0.000784,74.125.24.0-255,5738,38370,7,223534
34147,0.000787,172.31.36.0-255,66,38436,7,223534
34148,0.000812,74.125.24.0-255,2902,41338,7,223534
34149,0.000814,172.31.36.0-255,66,41404,7,223534
34150,0.000866,74.125.24.0-255,3961,45365,7,223534
34151,0.00087,172.31.36.0-255,66,45431,7,223534
34152,0.000886,172.31.36.0-255,66,45497,7,223534
34153,0.00089,74.125.24.0-255,2543,48040,7,223534
34154,0.000892,172.31.36.0-255,66,48106,7,223534
34155,0.000918,74.125.24.0-255,350,48456,7,223534
34156,0.001483,172.31.36.0-255,66,48522,7,223534
34157,0.001512,74.125.24.0-255,1484,50006,7,223534
34158,0.001518,74.125.24.0-255,2902,52908,7,223534
34159,0.001521,172.31.36.0-255,66,52974,7,223534
34160,0.001528,74.125.24.0-255,5738,58712,7,223534
34161,0.00153,172.31.36.0-255,66,58778,7,223534
34162,0.001566,172.31.36.0-255,66,58844,7,223534
34163,0.001569,74.125.24.0-255,1484,60328,7,223534
34164,0.001595,74.125.24.0-255,2902,63230,7,223534
34165,0.001597,172.31.36.0-255,66,63296,7,223534
34166,0.001604,74.125.24.0-255,5738,69034,7,223534
34167,0.001606,172.31.36.0-255,66,69100,7,223534
34168,0.001609,74.125.24.0-255,766,69866,7,223534
34169,0.001859,172.31.36.0-255,66,69932,7,223534
34170,0.001891,74.125.24.0-255,1484,71416,7,223534
34171,0.001898,74.125.24.0-255,2902,74318,7,223534
34172,0.0019,172.31.36.0-255,66,74384,7,223534
34173,0.001907,74.125.24.0-255,5738,80122,7,223534
34174,0.001909,172.31.36.0-255,66,80188,7,223534
34175,0.001914,74.125.24.0-255,2902,83090,7,223534
34176,0.001916,172.31.36.0-255,66,83156,7,223534
34177,0.001947,74.125.24.0-255,2902,86058,7,223534
34178,0.00195,172.31.36.0-255,66,86124,7,223534
34179,0.001963,172.31.36.0-255,66,86190,7,223534
34180,0.001969,74.125.24.0-255,5020,91210,7,223534
34181,0.001971,172.31.36.0-255,66,91276,7,223534
34182,0.002091,74.125.24.0-255,1484,92760,7,223534
34183,0.002097,74.125.24.0-255,2902,95662,7,223534
34184,0.0021,172.31.36.0-255,66,95728,7,223534
34185,0.002122,74.125.24.0-255,5738,101466,7,223534
34186,0.002125,172.31.36.0-255,66,101532,7,223534
34187,0.002128,74.125.24.0-255,1484,103016,7,223534
34188,0.002166,172.31.36.0-255,66,103082,7,223534
34189,0.002179,172.31.36.0-255,66,103148,7,223534
34190,0.004452,74.125.24.0-255,5738,108886,7,223534
34191,0.00446,172.31.36.0-255,66,108952,7,223534
34192,0.006753,74.125.24.0-255,5738,114690,7,223534
34193,0.006756,172.31.36.0-255,66,114756,7,223534
34194,0.009037,74.125.24.0-255,5738,120494,7,223534
34195,0.009044,172.31.36.0-255,66,120560,7,223534
34196,0.011352,74.125.24.0-255,5738,126298,7,223534
34197,0.01136,172.31.36.0-255,66,126364,7,223534
34198,0.013683,74.125.24.0-255,5738,132102,7,223534
34199,0.013692,172.31.36.0-255,66,132168,7,223534
34200,0.016006,74.125.24.0-255,5738,137906,7,223534
34201,0.016015,172.31.36.0-255,66,137972,7,223534
34202,0.018277,74.125.24.0-255,5738,143710,7,223534
34203,0.018285,172.31.36.0-255,66,143776,7,223534
34204,0.020558,74.125.24.0-255,5738,149514,7,223534
34205,0.020566,172.31.36.0-255,66,149580,7,223534
34206,0.022898,74.125.24.0-255,5738,155318,7,223534
34207,0.022908,172.31.36.0-255,66,155384,7,223534
34208,0.02522,74.125.24.0-255,5738,161122,7,223534
34209,0.025228,172.31.36.0-255,66,161188,7,223534
34210,0.027578,74.125.24.0-255,5738,166926,7,223534
34211,0.027585,172.31.36.0-255,66,166992,7,223534
34212,0.029182,172.31.36.0-255,188,167180,7,223534
34213,0.029213,172.31.36.0-255,958,168138,7,223534
34214,0.029277,172.31.36.0-255,1514,169652,7,223534
34215,0.029278,172.31.36.0-255,1448,171100,7,223534
34216,0.029882,74.125.24.0-255,5738,176838,7,223534
34217,0.029889,172.31.36.0-255,66,176904,7,223534
34218,0.030757,104.244.42.0-255,66,176970,7,223534
34219,0.030784,104.244.42.0-255,66,177036,7,223534
34220,0.030861,104.244.42.0-255,66,177102,7,223534
34221,0.032215,74.125.24.0-255,5738,182840,7,223534
34222,0.032221,172.31.36.0-255,66,182906,7,223534
34223,0.034526,74.125.24.0-255,5738,188644,7,223534
34224,0.034534,172.31.36.0-255,66,188710,7,223534
34225,0.036836,74.125.24.0-255,5738,194448,7,223534
34226,0.036844,172.31.36.0-255,66,194514,7,223534
34227,0.039163,74.125.24.0-255,5738,200252,7,223534
34228,0.03917,172.31.36.0-255,66,200318,7,223534
34229,0.041452,74.125.24.0-255,5738,206056,7,223534
34230,0.041461,172.31.36.0-255,66,206122,7,223534
34231,0.04379,74.125.24.0-255,5738,211860,7,223534
34232,0.043797,172.31.36.0-255,66,211926,7,223534
34233,0.046076,74.125.24.0-255,5738,217664,7,223534
34234,0.046083,172.31.36.0-255,66,217730,7,223534
34235,0.048375,74.125.24.0-255,5738,223468,7,223534
34236,0.048382,172.31.36.0-255,66,223534,7,223534
34237,0.0,172.217.194.0-255,153,153,7,98920
34238,1.5e-05,172.31.36.0-255,66,219,7,98920
34239,2e-05,172.217.194.0-255,1484,1703,7,98920
34240,2.5e-05,172.31.36.0-255,66,1769,7,98920
34241,3.1e-05,172.217.194.0-255,2902,4671,7,98920
34242,3.5e-05,172.31.36.0-255,66,4737,7,98920
34243,6.2e-05,172.217.194.0-255,7156,11893,7,98920
34244,6.5e-05,172.31.36.0-255,66,11959,7,98920
34245,0.000147,172.217.194.0-255,1975,13934,7,98920
34246,0.00015,172.31.36.0-255,66,14000,7,98920
34247,0.000164,172.217.194.0-255,1484,15484,7,98920
34248,0.000167,172.31.36.0-255,66,15550,7,98920
34249,0.000197,172.31.36.0-255,66,15616,7,98920
34250,0.000312,172.217.194.0-255,5379,20995,7,98920
34251,0.000316,172.31.36.0-255,66,21061,7,98920
34252,0.000376,172.217.194.0-255,5738,26799,7,98920
34253,0.000379,172.31.36.0-255,66,26865,7,98920
34254,0.000441,172.217.194.0-255,5738,32603,7,98920
34255,0.000445,172.31.36.0-255,66,32669,7,98920
34256,0.000462,172.217.194.0-255,5379,38048,7,98920
34257,0.000465,172.31.36.0-255,66,38114,7,98920
34258,0.000601,172.31.36.0-255,66,38180,7,98920
34259,0.000765,172.217.194.0-255,647,38827,7,98920
34260,0.00077,172.31.36.0-255,66,38893,7,98920
34261,0.000865,172.217.194.0-255,1484,40377,7,98920
34262,0.000869,172.31.36.0-255,66,40443,7,98920
34263,0.000875,172.217.194.0-255,2902,43345,7,98920
34264,0.000877,172.31.36.0-255,66,43411,7,98920
34265,0.00089,172.217.194.0-255,1484,44895,7,98920
34266,0.000892,172.31.36.0-255,66,44961,7,98920
34267,0.00091,172.217.194.0-255,4320,49281,7,98920
34268,0.000916,172.31.36.0-255,66,49347,7,98920
34269,0.000972,172.217.194.0-255,4320,53667,7,98920
34270,0.000977,172.31.36.0-255,66,53733,7,98920
34271,0.001013,172.31.36.0-255,66,53799,7,98920
34272,0.001132,172.217.194.0-255,7156,60955,7,98920
34273,0.001136,172.31.36.0-255,66,61021,7,98920
34274,0.001153,172.217.194.0-255,2902,63923,7,98920
34275,0.001175,172.31.36.0-255,66,63989,7,98920
34276,0.001231,172.217.194.0-255,766,64755,7,98920
34277,0.00128,172.217.194.0-255,4320,69075,7,98920
34278,0.001283,172.31.36.0-255,66,69141,7,98920
34279,0.001288,172.31.36.0-255,66,69207,7,98920
34280,0.00143,172.31.36.0-255,66,69273,7,98920
34281,0.001473,172.31.36.0-255,66,69339,7,98920
34282,0.001678,172.31.36.0-255,66,69405,7,98920
34283,0.001744,172.31.36.0-255,66,69471,7,98920
34284,0.002129,172.31.36.0-255,66,69537,7,98920
34285,0.002175,172.31.36.0-255,66,69603,7,98920
34286,0.002492,172.217.194.0-255,2902,72505,7,98920
34287,0.002496,172.31.36.0-255,66,72571,7,98920
34288,0.002565,172.31.36.0-255,66,72637,7,98920
34289,0.00292,172.217.194.0-255,5738,78375,7,98920
34290,0.002925,172.31.36.0-255,66,78441,7,98920
34291,0.004559,172.217.194.0-255,7156,85597,7,98920
34292,0.004723,172.217.194.0-255,2902,88499,7,98920
34293,0.004771,172.217.194.0-255,5711,94210,7,98920
34294,0.008025,172.31.36.0-255,66,94276,7,98920
34295,0.008193,172.31.36.0-255,101,94377,7,98920
34296,0.00949,172.31.36.0-255,105,94482,7,98920
34297,0.010455,172.217.194.0-255,66,94548,7,98920
34298,0.011734,172.217.194.0-255,66,94614,7,98920
34299,0.036653,172.31.36.0-255,188,94802,7,98920
34300,0.036685,172.31.36.0-255,958,95760,7,98920
34301,0.036747,172.31.36.0-255,1514,97274,7,98920
34302,0.036749,172.31.36.0-255,1448,98722,7,98920
34303,0.038233,104.244.42.0-255,66,98788,7,98920
34304,0.038263,104.244.42.0-255,66,98854,7,98920
34305,0.038323,104.244.42.0-255,66,98920,7,98920
34306,0.0,172.217.194.0-255,152,152,7,201370
34307,2.5e-05,172.31.36.0-255,66,218,7,201370
34308,3.1e-05,172.217.194.0-255,1484,1702,7,201370
34309,3.4e-05,172.31.36.0-255,66,1768,7,201370
34310,3.8e-05,172.217.194.0-255,2902,4670,7,201370
34311,5e-05,172.31.36.0-255,66,4736,7,201370
34312,5.7e-05,172.217.194.0-255,7156,11892,7,201370
34313,6e-05,172.31.36.0-255,66,11958,7,201370
34314,8.7e-05,172.217.194.0-255,2067,14025,7,201370
34315,8.9e-05,172.31.36.0-255,66,14091,7,201370
34316,0.000113,172.217.194.0-255,2902,16993,7,201370
34317,0.000116,172.31.36.0-255,66,17059,7,201370
34318,0.000123,172.217.194.0-255,7156,24215,7,201370
34319,0.000125,172.31.36.0-255,66,24281,7,201370
34320,0.000135,172.217.194.0-255,5738,30019,7,201370
34321,0.000136,172.31.36.0-255,66,30085,7,201370
34322,0.000163,172.217.194.0-255,1125,31210,7,201370
34323,0.000166,172.31.36.0-255,66,31276,7,201370
34324,0.000199,172.217.194.0-255,1484,32760,7,201370
34325,0.000201,172.31.36.0-255,66,32826,7,201370
34326,0.000206,172.217.194.0-255,2902,35728,7,201370
34327,0.000208,172.31.36.0-255,66,35794,7,201370
34328,0.000235,172.217.194.0-255,1484,37278,7,201370
34329,0.000238,172.31.36.0-255,66,37344,7,201370
34330,0.000245,172.217.194.0-255,7156,44500,7,201370
34331,0.000247,172.31.36.0-255,66,44566,7,201370
34332,0.000309,172.31.36.0-255,66,44632,7,201370
34333,0.000312,172.217.194.0-255,1484,46116,7,201370
34334,0.000314,172.31.36.0-255,66,46182,7,201370
34335,0.000332,172.31.36.0-255,66,46248,7,201370
34336,0.000334,172.217.194.0-255,389,46637,7,201370
34337,0.000369,172.217.194.0-255,386,47023,7,201370
34338,0.00067,172.217.194.0-255,1484,48507,7,201370
34339,0.000674,172.31.36.0-255,66,48573,7,201370
34340,0.000679,172.217.194.0-255,2902,51475,7,201370
34341,0.000681,172.31.36.0-255,66,51541,7,201370
34342,0.000687,172.217.194.0-255,5738,57279,7,201370
34343,0.000689,172.31.36.0-255,66,57345,7,201370
34344,0.000719,172.217.194.0-255,7156,64501,7,201370
34345,0.000722,172.31.36.0-255,66,64567,7,201370
34346,0.000726,172.217.194.0-255,2902,67469,7,201370
34347,0.000728,172.31.36.0-255,66,67535,7,201370
34348,0.000766,172.31.36.0-255,66,67601,7,201370
34349,0.000769,172.217.194.0-255,2184,69785,7,201370
34350,0.000771,172.31.36.0-255,66,69851,7,201370
34351,0.000983,172.217.194.0-255,1484,71335,7,201370
34352,0.000992,172.217.194.0-255,2902,74237,7,201370
34353,0.000995,172.31.36.0-255,66,74303,7,201370
34354,0.001001,172.217.194.0-255,4320,78623,7,201370
34355,0.001002,172.31.36.0-255,66,78689,7,201370
34356,0.001024,172.217.194.0-255,1484,80173,7,201370
34357,0.001029,172.217.194.0-255,2902,83075,7,201370
34358,0.001031,172.31.36.0-255,66,83141,7,201370
34359,0.001063,172.217.194.0-255,7156,90297,7,201370
34360,0.001067,172.31.36.0-255,66,90363,7,201370
34361,0.001078,172.31.36.0-255,66,90429,7,201370
34362,0.001101,172.217.194.0-255,2184,92613,7,201370
34363,0.001104,172.31.36.0-255,66,92679,7,201370
34364,0.001127,172.217.194.0-255,1484,94163,7,201370
34365,0.001132,172.217.194.0-255,2902,97065,7,201370
34366,0.001135,172.31.36.0-255,66,97131,7,201370
34367,0.001169,172.217.194.0-255,5738,102869,7,201370
34368,0.001172,172.31.36.0-255,66,102935,7,201370
34369,0.001182,172.31.36.0-255,66,103001,7,201370
34370,0.001199,172.217.194.0-255,1484,104485,7,201370
34371,0.001216,172.217.194.0-255,5738,110223,7,201370
34372,0.00122,172.31.36.0-255,66,110289,7,201370
34373,0.001256,172.31.36.0-255,66,110355,7,201370
34374,0.001293,172.31.36.0-255,66,110421,7,201370
34375,0.001302,172.217.194.0-255,7156,117577,7,201370
34376,0.001304,172.31.36.0-255,66,117643,7,201370
34377,0.001352,172.31.36.0-255,66,117709,7,201370
34378,0.001366,172.31.36.0-255,66,117775,7,201370
34379,0.001395,172.217.194.0-255,4320,122095,7,201370
34380,0.001403,172.31.36.0-255,66,122161,7,201370
34381,0.001435,172.217.194.0-255,7156,129317,7,201370
34382,0.001438,172.31.36.0-255,66,129383,7,201370
34383,0.001449,172.31.36.0-255,66,129449,7,201370
34384,0.001525,172.217.194.0-255,1484,130933,7,201370
34385,0.001531,172.217.194.0-255,2902,133835,7,201370
34386,0.001534,172.31.36.0-255,66,133901,7,201370
34387,0.001541,172.217.194.0-255,5738,139639,7,201370
34388,0.001544,172.31.36.0-255,66,139705,7,201370
34389,0.001608,172.31.36.0-255,66,139771,7,201370
34390,0.001624,172.31.36.0-255,66,139837,7,201370
34391,0.001628,172.217.194.0-255,766,140603,7,201370
34392,0.001682,172.217.194.0-255,1484,142087,7,201370
34393,0.001686,172.31.36.0-255,66,142153,7,201370
34394,0.001692,172.217.194.0-255,2902,145055,7,201370
34395,0.001695,172.31.36.0-255,66,145121,7,201370
34396,0.001706,172.217.194.0-255,5738,150859,7,201370
34397,0.001709,172.31.36.0-255,66,150925,7,201370
34398,0.001723,172.217.194.0-255,2902,153827,7,201370
34399,0.001725,172.31.36.0-255,66,153893,7,201370
34400,0.001758,172.217.194.0-255,7156,161049,7,201370
34401,0.001762,172.31.36.0-255,66,161115,7,201370
34402,0.00178,172.31.36.0-255,66,161181,7,201370
34403,0.001784,172.217.194.0-255,2184,163365,7,201370
34404,0.001787,172.31.36.0-255,66,163431,7,201370
34405,0.002077,172.217.194.0-255,1484,164915,7,201370
34406,0.002085,172.217.194.0-255,2902,167817,7,201370
34407,0.002089,172.31.36.0-255,66,167883,7,201370
34408,0.002096,172.217.194.0-255,5738,173621,7,201370
34409,0.002098,172.31.36.0-255,66,173687,7,201370
34410,0.002144,172.31.36.0-255,66,173753,7,201370
34411,0.002173,172.217.194.0-255,2902,176655,7,201370
34412,0.002177,172.31.36.0-255,66,176721,7,201370
34413,0.002187,172.31.36.0-255,66,176787,7,201370
34414,0.002194,172.217.194.0-255,1484,178271,7,201370
34415,0.002237,172.31.36.0-255,66,178337,7,201370
34416,0.002264,172.217.194.0-255,3602,181939,7,201370
34417,0.002267,172.31.36.0-255,66,182005,7,201370
34418,0.002273,172.217.194.0-255,7156,189161,7,201370
34419,0.002275,172.31.36.0-255,66,189227,7,201370
34420,0.002342,172.217.194.0-255,2105,191332,7,201370
34421,0.002346,172.31.36.0-255,66,191398,7,201370
34422,0.002355,172.31.36.0-255,66,191464,7,201370
34423,0.002357,172.31.36.0-255,66,191530,7,201370
34424,0.002364,172.31.36.0-255,66,191596,7,201370
34425,0.002367,172.217.194.0-255,105,191701,7,201370
34426,0.004159,172.31.36.0-255,66,191767,7,201370
34427,0.00419,172.31.36.0-255,105,191872,7,201370
34428,0.00678,172.217.194.0-255,66,191938,7,201370
34429,0.02955,172.31.36.0-255,172,192110,7,201370
34430,0.029615,172.31.36.0-255,1113,193223,7,201370
34431,0.029704,172.31.36.0-255,1514,194737,7,201370
34432,0.029706,172.31.36.0-255,1514,196251,7,201370
34433,0.029708,172.31.36.0-255,1514,197765,7,201370
34434,0.029709,172.31.36.0-255,1514,199279,7,201370
34435,0.029741,172.31.36.0-255,1514,200793,7,201370
34436,0.029742,172.31.36.0-255,73,200866,7,201370
34437,0.031092,104.244.42.0-255,66,200932,7,201370
34438,0.031174,104.244.42.0-255,66,200998,7,201370
34439,0.031245,104.244.42.0-255,66,201064,7,201370
34440,0.031248,104.244.42.0-255,66,201130,7,201370
34441,0.03125,104.244.42.0-255,66,201196,7,201370
34442,0.031877,104.244.42.0-255,108,201304,7,201370
34443,0.031899,172.31.36.0-255,66,201370,7,201370
34444,0.0,216.58.221.0-255,153,153,7,219297
34445,3.4e-05,172.31.36.0-255,66,219,7,219297
34446,4.1e-05,216.58.221.0-255,1484,1703,7,219297
34447,4.5e-05,172.31.36.0-255,66,1769,7,219297
34448,5.1e-05,216.58.221.0-255,2902,4671,7,219297
34449,5.4e-05,172.31.36.0-255,66,4737,7,219297
34450,6.8e-05,216.58.221.0-255,5738,10475,7,219297
34451,7.1e-05,172.31.36.0-255,66,10541,7,219297
34452,7.6e-05,216.58.221.0-255,3454,13995,7,219297
34453,7.8e-05,172.31.36.0-255,66,14061,7,219297
34454,0.000334,216.58.221.0-255,1484,15545,7,219297
34455,0.00034,172.31.36.0-255,66,15611,7,219297
34456,0.000346,216.58.221.0-255,2902,18513,7,219297
34457,0.000348,172.31.36.0-255,66,18579,7,219297
34458,0.000362,216.58.221.0-255,5738,24317,7,219297
34459,0.000365,172.31.36.0-255,66,24383,7,219297
34460,0.000409,216.58.221.0-255,6797,31180,7,219297
34461,0.000413,172.31.36.0-255,66,31246,7,219297
34462,0.000509,216.58.221.0-255,1484,32730,7,219297
34463,0.000513,172.31.36.0-255,66,32796,7,219297
34464,0.000519,216.58.221.0-255,2902,35698,7,219297
34465,0.000521,172.31.36.0-255,66,35764,7,219297
34466,0.00053,216.58.221.0-255,1484,37248,7,219297
34467,0.000532,172.31.36.0-255,66,37314,7,219297
34468,0.000561,216.58.221.0-255,2902,40216,7,219297
34469,0.000565,172.31.36.0-255,66,40282,7,219297
34470,0.000577,172.31.36.0-255,66,40348,7,219297
34471,0.000602,216.58.221.0-255,2902,43250,7,219297
34472,0.000605,172.31.36.0-255,66,43316,7,219297
34473,0.000645,172.31.36.0-255,66,43382,7,219297
34474,0.000649,216.58.221.0-255,361,43743,7,219297
34475,0.000823,172.31.36.0-255,66,43809,7,219297
34476,0.001186,216.58.221.0-255,131,43940,7,219297
34477,0.001291,216.58.221.0-255,348,44288,7,219297
34478,0.001532,216.58.221.0-255,1484,45772,7,219297
34479,0.001539,172.31.36.0-255,66,45838,7,219297
34480,0.001546,216.58.221.0-255,2902,48740,7,219297
34481,0.001548,172.31.36.0-255,66,48806,7,219297
34482,0.001555,216.58.221.0-255,5738,54544,7,219297
34483,0.001565,172.31.36.0-255,66,54610,7,219297
34484,0.001572,216.58.221.0-255,4320,58930,7,219297
34485,0.001573,172.31.36.0-255,66,58996,7,219297
34486,0.001618,172.31.36.0-255,66,59062,7,219297
34487,0.001634,172.31.36.0-255,66,59128,7,219297
34488,0.001784,216.58.221.0-255,1484,60612,7,219297
34489,0.0018,216.58.221.0-255,2902,63514,7,219297
34490,0.001803,172.31.36.0-255,66,63580,7,219297
34491,0.001808,216.58.221.0-255,4320,67900,7,219297
34492,0.00181,172.31.36.0-255,66,67966,7,219297
34493,0.001829,216.58.221.0-255,1484,69450,7,219297
34494,0.001833,216.58.221.0-255,2902,72352,7,219297
34495,0.001835,172.31.36.0-255,66,72418,7,219297
34496,0.001888,172.31.36.0-255,66,72484,7,219297
34497,0.001903,172.31.36.0-255,66,72550,7,219297
34498,0.001907,216.58.221.0-255,2184,74734,7,219297
34499,0.001909,172.31.36.0-255,66,74800,7,219297
34500,0.003898,216.58.221.0-255,1484,76284,7,219297
34501,0.003917,216.58.221.0-255,4320,80604,7,219297
34502,0.00392,172.31.36.0-255,66,80670,7,219297
34503,0.005892,216.58.221.0-255,4320,84990,7,219297
34504,0.005897,172.31.36.0-255,66,85056,7,219297
34505,0.005924,216.58.221.0-255,1484,86540,7,219297
34506,0.007868,216.58.221.0-255,4320,90860,7,219297
34507,0.007874,172.31.36.0-255,66,90926,7,219297
34508,0.00987,216.58.221.0-255,5738,96664,7,219297
34509,0.009876,172.31.36.0-255,66,96730,7,219297
34510,0.011856,216.58.221.0-255,5738,102468,7,219297
34511,0.011864,172.31.36.0-255,66,102534,7,219297
34512,0.013873,216.58.221.0-255,5738,108272,7,219297
34513,0.013883,172.31.36.0-255,66,108338,7,219297
34514,0.015905,216.58.221.0-255,5738,114076,7,219297
34515,0.015913,172.31.36.0-255,66,114142,7,219297
34516,0.017877,216.58.221.0-255,4320,118462,7,219297
34517,0.017885,172.31.36.0-255,66,118528,7,219297
34518,0.017919,216.58.221.0-255,1484,120012,7,219297
34519,0.019867,216.58.221.0-255,4320,124332,7,219297
34520,0.019874,172.31.36.0-255,66,124398,7,219297
34521,0.021882,216.58.221.0-255,5738,130136,7,219297
34522,0.021892,172.31.36.0-255,66,130202,7,219297
34523,0.023878,216.58.221.0-255,5738,135940,7,219297
34524,0.023889,172.31.36.0-255,66,136006,7,219297
34525,0.025914,216.58.221.0-255,5738,141744,7,219297
34526,0.025931,172.31.36.0-255,66,141810,7,219297
34527,0.027925,216.58.221.0-255,5738,147548,7,219297
34528,0.027938,172.31.36.0-255,66,147614,7,219297
34529,0.029921,216.58.221.0-255,5738,153352,7,219297
34530,0.029928,172.31.36.0-255,66,153418,7,219297
34531,0.030683,172.31.36.0-255,172,153590,7,219297
34532,0.03071,172.31.36.0-255,1113,154703,7,219297
34533,0.03075,172.31.36.0-255,1514,156217,7,219297
34534,0.030751,172.31.36.0-255,1514,157731,7,219297
34535,0.030757,172.31.36.0-255,1514,159245,7,219297
34536,0.030758,172.31.36.0-255,1514,160759,7,219297
34537,0.030773,172.31.36.0-255,1514,162273,7,219297
34538,0.030774,172.31.36.0-255,72,162345,7,219297
34539,0.031916,216.58.221.0-255,5738,168083,7,219297
34540,0.031922,172.31.36.0-255,66,168149,7,219297
34541,0.032234,104.244.42.0-255,66,168215,7,219297
34542,0.032242,104.244.42.0-255,66,168281,7,219297
34543,0.03229,104.244.42.0-255,66,168347,7,219297
34544,0.032397,104.244.42.0-255,66,168413,7,219297
34545,0.0339,216.58.221.0-255,4320,172733,7,219297
34546,0.033905,172.31.36.0-255,66,172799,7,219297
34547,0.033936,216.58.221.0-255,1484,174283,7,219297
34548,0.035902,216.58.221.0-255,4320,178603,7,219297
34549,0.035907,172.31.36.0-255,66,178669,7,219297
34550,0.037879,216.58.221.0-255,5738,184407,7,219297
34551,0.037884,172.31.36.0-255,66,184473,7,219297
34552,0.039852,216.58.221.0-255,5738,190211,7,219297
34553,0.039857,172.31.36.0-255,66,190277,7,219297
34554,0.04186,216.58.221.0-255,5738,196015,7,219297
34555,0.041867,172.31.36.0-255,66,196081,7,219297
34556,0.043837,216.58.221.0-255,5738,201819,7,219297
34557,0.043842,172.31.36.0-255,66,201885,7,219297
34558,0.045821,216.58.221.0-255,5738,207623,7,219297
34559,0.045826,172.31.36.0-255,66,207689,7,219297
34560,0.047819,216.58.221.0-255,5738,213427,7,219297
34561,0.047826,172.31.36.0-255,66,213493,7,219297
34562,0.049808,216.58.221.0-255,5738,219231,7,219297
34563,0.049814,172.31.36.0-255,66,219297,7,219297
34564,0.0,74.125.24.0-255,152,152,7,237047
34565,2.4e-05,172.31.36.0-255,66,218,7,237047
34566,3.1e-05,74.125.24.0-255,1484,1702,7,237047
34567,3.5e-05,172.31.36.0-255,66,1768,7,237047
34568,4e-05,74.125.24.0-255,2902,4670,7,237047
34569,4.4e-05,172.31.36.0-255,66,4736,7,237047
34570,4.9e-05,74.125.24.0-255,2902,7638,7,237047
34571,5.3e-05,172.31.36.0-255,66,7704,7,237047
34572,7.7e-05,74.125.24.0-255,1484,9188,7,237047
34573,8e-05,172.31.36.0-255,66,9254,7,237047
34574,0.00011,74.125.24.0-255,4845,14099,7,237047
34575,0.000113,172.31.36.0-255,66,14165,7,237047
34576,0.000468,74.125.24.0-255,1484,15649,7,237047
34577,0.000474,172.31.36.0-255,66,15715,7,237047
34578,0.000481,74.125.24.0-255,2902,18617,7,237047
34579,0.000484,172.31.36.0-255,66,18683,7,237047
34580,0.00049,74.125.24.0-255,5738,24421,7,237047
34581,0.000492,172.31.36.0-255,66,24487,7,237047
34582,0.000525,74.125.24.0-255,6797,31284,7,237047
34583,0.000528,172.31.36.0-255,66,31350,7,237047
34584,0.000533,74.125.24.0-255,2902,34252,7,237047
34585,0.000536,172.31.36.0-255,66,34318,7,237047
34586,0.000551,74.125.24.0-255,4320,38638,7,237047
34587,0.000553,172.31.36.0-255,66,38704,7,237047
34588,0.000557,74.125.24.0-255,2902,41606,7,237047
34589,0.000559,172.31.36.0-255,66,41672,7,237047
34590,0.000606,172.31.36.0-255,66,41738,7,237047
34591,0.000621,172.31.36.0-255,66,41804,7,237047
34592,0.000684,74.125.24.0-255,403,42207,7,237047
34593,0.000688,172.31.36.0-255,66,42273,7,237047
34594,0.000727,74.125.24.0-255,110,42383,7,237047
34595,0.000767,74.125.24.0-255,1484,43867,7,237047
34596,0.000771,172.31.36.0-255,66,43933,7,237047
34597,0.000775,74.125.24.0-255,2902,46835,7,237047
34598,0.000778,172.31.36.0-255,66,46901,7,237047
34599,0.00078,74.125.24.0-255,1484,48385,7,237047
34600,0.000808,74.125.24.0-255,5738,54123,7,237047
34601,0.000811,172.31.36.0-255,66,54189,7,237047
34602,0.000816,74.125.24.0-255,4320,58509,7,237047
34603,0.000819,172.31.36.0-255,66,58575,7,237047
34604,0.000843,172.31.36.0-255,66,58641,7,237047
34605,0.000881,74.125.24.0-255,2902,61543,7,237047
34606,0.000884,172.31.36.0-255,66,61609,7,237047
34607,0.000906,74.125.24.0-255,5283,66892,7,237047
34608,0.000909,172.31.36.0-255,66,66958,7,237047
34609,0.000945,74.125.24.0-255,1484,68442,7,237047
34610,0.000961,74.125.24.0-255,2902,71344,7,237047
34611,0.000964,172.31.36.0-255,66,71410,7,237047
34612,0.000968,74.125.24.0-255,1484,72894,7,237047
34613,0.000986,74.125.24.0-255,4320,77214,7,237047
34614,0.000991,172.31.36.0-255,66,77280,7,237047
34615,0.001,74.125.24.0-255,2902,80182,7,237047
34616,0.001003,172.31.36.0-255,66,80248,7,237047
34617,0.001038,74.125.24.0-255,5738,85986,7,237047
34618,0.001047,172.31.36.0-255,66,86052,7,237047
34619,0.00105,172.31.36.0-255,66,86118,7,237047
34620,0.001067,74.125.24.0-255,5020,91138,7,237047
34621,0.001069,172.31.36.0-255,66,91204,7,237047
34622,0.001104,74.125.24.0-255,2902,94106,7,237047
34623,0.001107,172.31.36.0-255,66,94172,7,237047
34624,0.001129,74.125.24.0-255,2902,97074,7,237047
34625,0.001131,172.31.36.0-255,66,97140,7,237047
34626,0.001137,74.125.24.0-255,4320,101460,7,237047
34627,0.001139,172.31.36.0-255,66,101526,7,237047
34628,0.001152,172.31.36.0-255,66,101592,7,237047
34629,0.001211,172.31.36.0-255,66,101658,7,237047
34630,0.001232,74.125.24.0-255,3602,105260,7,237047
34631,0.001235,172.31.36.0-255,66,105326,7,237047
34632,0.00124,74.125.24.0-255,4320,109646,7,237047
34633,0.001242,172.31.36.0-255,66,109712,7,237047
34634,0.001248,74.125.24.0-255,5738,115450,7,237047
34635,0.00125,172.31.36.0-255,66,115516,7,237047
34636,0.001281,172.31.36.0-255,66,115582,7,237047
34637,0.001288,74.125.24.0-255,5738,121320,7,237047
34638,0.00129,172.31.36.0-255,66,121386,7,237047
34639,0.001325,74.125.24.0-255,6438,127824,7,237047
34640,0.001328,172.31.36.0-255,66,127890,7,237047
34641,0.001377,74.125.24.0-255,7156,135046,7,237047
34642,0.001382,172.31.36.0-255,66,135112,7,237047
34643,0.001403,172.31.36.0-255,66,135178,7,237047
34644,0.001415,74.125.24.0-255,1484,136662,7,237047
34645,0.001447,172.31.36.0-255,66,136728,7,237047
34646,0.00145,74.125.24.0-255,766,137494,7,237047
34647,0.001501,74.125.24.0-255,1484,138978,7,237047
34648,0.001504,172.31.36.0-255,66,139044,7,237047
34649,0.001509,74.125.24.0-255,2902,141946,7,237047
34650,0.001511,172.31.36.0-255,66,142012,7,237047
34651,0.001515,74.125.24.0-255,1484,143496,7,237047
34652,0.001533,74.125.24.0-255,4320,147816,7,237047
34653,0.001536,172.31.36.0-255,66,147882,7,237047
34654,0.001541,74.125.24.0-255,4320,152202,7,237047
34655,0.001544,172.31.36.0-255,66,152268,7,237047
34656,0.001553,74.125.24.0-255,2902,155170,7,237047
34657,0.001556,172.31.36.0-255,66,155236,7,237047
34658,0.001584,172.31.36.0-255,66,155302,7,237047
34659,0.001593,172.31.36.0-255,66,155368,7,237047
34660,0.001639,74.125.24.0-255,7156,162524,7,237047
34661,0.001642,172.31.36.0-255,66,162590,7,237047
34662,0.001665,74.125.24.0-255,1484,164074,7,237047
34663,0.001677,172.31.36.0-255,66,164140,7,237047
34664,0.0017,172.31.36.0-255,66,164206,7,237047
34665,0.001726,74.125.24.0-255,6438,170644,7,237047
34666,0.001729,74.125.24.0-255,1484,172128,7,237047
34667,0.001733,172.31.36.0-255,66,172194,7,237047
34668,0.001741,74.125.24.0-255,1484,173678,7,237047
34669,0.001744,172.31.36.0-255,66,173744,7,237047
34670,0.00175,74.125.24.0-255,4320,178064,7,237047
34671,0.001752,172.31.36.0-255,66,178130,7,237047
34672,0.00178,74.125.24.0-255,5738,183868,7,237047
34673,0.001783,172.31.36.0-255,66,183934,7,237047
34674,0.001806,74.125.24.0-255,2902,186836,7,237047
34675,0.001809,172.31.36.0-255,66,186902,7,237047
34676,0.001817,74.125.24.0-255,7156,194058,7,237047
34677,0.001819,172.31.36.0-255,66,194124,7,237047
34678,0.001839,74.125.24.0-255,2902,197026,7,237047
34679,0.001842,172.31.36.0-255,66,197092,7,237047
34680,0.001873,172.31.36.0-255,66,197158,7,237047
34681,0.001892,74.125.24.0-255,7156,204314,7,237047
34682,0.001895,172.31.36.0-255,66,204380,7,237047
34683,0.001929,172.31.36.0-255,66,204446,7,237047
34684,0.00201,172.31.36.0-255,66,204512,7,237047
34685,0.002012,74.125.24.0-255,766,205278,7,237047
34686,0.002016,74.125.24.0-255,1484,206762,7,237047
34687,0.002018,172.31.36.0-255,66,206828,7,237047
34688,0.002024,74.125.24.0-255,4320,211148,7,237047
34689,0.002026,172.31.36.0-255,66,211214,7,237047
34690,0.002039,172.31.36.0-255,66,211280,7,237047
34691,0.00205,172.31.36.0-255,66,211346,7,237047
34692,0.002053,74.125.24.0-255,1484,212830,7,237047
34693,0.004064,74.125.24.0-255,4320,217150,7,237047
34694,0.004071,172.31.36.0-255,66,217216,7,237047
34695,0.006112,74.125.24.0-255,5738,222954,7,237047
34696,0.006123,172.31.36.0-255,66,223020,7,237047
34697,0.00814,74.125.24.0-255,4320,227340,7,237047
34698,0.008144,172.31.36.0-255,66,227406,7,237047
34699,0.008164,74.125.24.0-255,1484,228890,7,237047
34700,0.01017,74.125.24.0-255,3628,232518,7,237047
34701,0.010174,172.31.36.0-255,66,232584,7,237047
34702,0.01077,172.31.36.0-255,105,232689,7,237047
34703,0.012824,74.125.24.0-255,66,232755,7,237047
34704,0.043374,172.31.36.0-255,172,232927,7,237047
34705,0.043411,172.31.36.0-255,1114,234041,7,237047
34706,0.043477,172.31.36.0-255,1514,235555,7,237047
34707,0.043479,172.31.36.0-255,1294,236849,7,237047
34708,0.044882,104.244.42.0-255,66,236915,7,237047
34709,0.044914,104.244.42.0-255,66,236981,7,237047
34710,0.044981,104.244.42.0-255,66,237047,7,237047
34711,0.0,172.217.194.0-255,143,143,7,243886
34712,3e-05,172.31.36.0-255,66,209,7,243886
34713,3.8e-05,172.217.194.0-255,1484,1693,7,243886
34714,4.2e-05,172.31.36.0-255,66,1759,7,243886
34715,4.7e-05,172.217.194.0-255,2902,4661,7,243886
34716,5e-05,172.31.36.0-255,66,4727,7,243886
34717,5.8e-05,172.217.194.0-255,7156,11883,7,243886
34718,6e-05,172.31.36.0-255,66,11949,7,243886
34719,6.7e-05,172.217.194.0-255,7156,19105,7,243886
34720,7e-05,172.31.36.0-255,66,19171,7,243886
34721,9e-05,172.217.194.0-255,2048,21219,7,243886
34722,9.2e-05,172.31.36.0-255,66,21285,7,243886
34723,0.000113,172.217.194.0-255,1484,22769,7,243886
34724,0.000116,172.31.36.0-255,66,22835,7,243886
34725,0.000141,172.31.36.0-255,66,22901,7,243886
34726,0.000228,172.217.194.0-255,1484,24385,7,243886
34727,0.000232,172.31.36.0-255,66,24451,7,243886
34728,0.000237,172.217.194.0-255,2902,27353,7,243886
34729,0.000239,172.31.36.0-255,66,27419,7,243886
34730,0.000259,172.217.194.0-255,5738,33157,7,243886
34731,0.000263,172.31.36.0-255,66,33223,7,243886
34732,0.000307,172.217.194.0-255,2902,36125,7,243886
34733,0.000311,172.31.36.0-255,66,36191,7,243886
34734,0.000331,172.217.194.0-255,3961,40152,7,243886
34735,0.000334,172.31.36.0-255,66,40218,7,243886
34736,0.000697,172.217.194.0-255,1484,41702,7,243886
34737,0.000702,172.31.36.0-255,66,41768,7,243886
34738,0.000711,172.217.194.0-255,2902,44670,7,243886
34739,0.000713,172.31.36.0-255,66,44736,7,243886
34740,0.00072,172.217.194.0-255,5738,50474,7,243886
34741,0.000722,172.31.36.0-255,66,50540,7,243886
34742,0.000729,172.217.194.0-255,6797,57337,7,243886
34743,0.000731,172.31.36.0-255,66,57403,7,243886
34744,0.00117,172.217.194.0-255,1484,58887,7,243886
34745,0.00118,172.217.194.0-255,2902,61789,7,243886
34746,0.001185,172.31.36.0-255,66,61855,7,243886
34747,0.001193,172.217.194.0-255,5738,67593,7,243886
34748,0.001195,172.31.36.0-255,66,67659,7,243886
34749,0.001228,172.217.194.0-255,4320,71979,7,243886
34750,0.001231,172.31.36.0-255,66,72045,7,243886
34751,0.001247,172.217.194.0-255,3122,75167,7,243886
34752,0.00125,172.31.36.0-255,66,75233,7,243886
34753,0.001303,172.217.194.0-255,1484,76717,7,243886
34754,0.001322,172.217.194.0-255,2902,79619,7,243886
34755,0.001324,172.31.36.0-255,66,79685,7,243886
34756,0.001329,172.217.194.0-255,2902,82587,7,243886
34757,0.00133,172.31.36.0-255,66,82653,7,243886
34758,0.001346,172.217.194.0-255,2902,85555,7,243886
34759,0.001348,172.31.36.0-255,66,85621,7,243886
34760,0.001386,172.217.194.0-255,5738,91359,7,243886
34761,0.001389,172.31.36.0-255,66,91425,7,243886
34762,0.001403,172.217.194.0-255,1125,92550,7,243886
34763,0.001616,172.31.36.0-255,66,92616,7,243886
34764,0.001695,172.217.194.0-255,1484,94100,7,243886
34765,0.001721,172.217.194.0-255,2902,97002,7,243886
34766,0.001724,172.31.36.0-255,66,97068,7,243886
34767,0.001729,172.217.194.0-255,2902,99970,7,243886
34768,0.001731,172.31.36.0-255,66,100036,7,243886
34769,0.001744,172.217.194.0-255,2902,102938,7,243886
34770,0.001746,172.31.36.0-255,66,103004,7,243886
34771,0.00175,172.217.194.0-255,2902,105906,7,243886
34772,0.001752,172.31.36.0-255,66,105972,7,243886
34773,0.001792,172.31.36.0-255,66,106038,7,243886
34774,0.001803,172.31.36.0-255,66,106104,7,243886
34775,0.001816,172.217.194.0-255,2184,108288,7,243886
34776,0.001819,172.31.36.0-255,66,108354,7,243886
34777,0.002071,172.217.194.0-255,1484,109838,7,243886
34778,0.002076,172.217.194.0-255,2902,112740,7,243886
34779,0.002079,172.31.36.0-255,66,112806,7,243886
34780,0.002084,172.217.194.0-255,2902,115708,7,243886
34781,0.002086,172.31.36.0-255,66,115774,7,243886
34782,0.002101,172.217.194.0-255,2902,118676,7,243886
34783,0.002103,172.31.36.0-255,66,118742,7,243886
34784,0.002113,172.31.36.0-255,66,118808,7,243886
34785,0.002163,172.217.194.0-255,7156,125964,7,243886
34786,0.002166,172.31.36.0-255,66,126030,7,243886
34787,0.002193,172.31.36.0-255,66,126096,7,243886
34788,0.004539,172.217.194.0-255,2902,128998,7,243886
34789,0.004544,172.31.36.0-255,66,129064,7,243886
34790,0.004566,172.217.194.0-255,2902,131966,7,243886
34791,0.004568,172.31.36.0-255,66,132032,7,243886
34792,0.006947,172.217.194.0-255,5738,137770,7,243886
34793,0.006953,172.31.36.0-255,66,137836,7,243886
34794,0.009319,172.217.194.0-255,5738,143574,7,243886
34795,0.009326,172.31.36.0-255,66,143640,7,243886
34796,0.011707,172.217.194.0-255,5738,149378,7,243886
34797,0.011718,172.31.36.0-255,66,149444,7,243886
34798,0.014076,172.217.194.0-255,5738,155182,7,243886
34799,0.014088,172.31.36.0-255,66,155248,7,243886
34800,0.016469,172.217.194.0-255,5738,160986,7,243886
34801,0.016478,172.31.36.0-255,66,161052,7,243886
34802,0.01886,172.217.194.0-255,5738,166790,7,243886
34803,0.018869,172.31.36.0-255,66,166856,7,243886
34804,0.021244,172.217.194.0-255,5738,172594,7,243886
34805,0.021254,172.31.36.0-255,66,172660,7,243886
34806,0.022088,172.31.36.0-255,164,172824,7,243886
34807,0.02212,172.31.36.0-255,1123,173947,7,243886
34808,0.022172,172.31.36.0-255,1514,175461,7,243886
34809,0.022174,172.31.36.0-255,1283,176744,7,243886
34810,0.02361,104.244.42.0-255,66,176810,7,243886
34811,0.023622,172.217.194.0-255,5738,182548,7,243886
34812,0.023625,172.31.36.0-255,66,182614,7,243886
34813,0.023649,104.244.42.0-255,66,182680,7,243886
34814,0.023736,104.244.42.0-255,66,182746,7,243886
34815,0.02599,172.217.194.0-255,4320,187066,7,243886
34816,0.025995,172.31.36.0-255,66,187132,7,243886
34817,0.026028,172.217.194.0-255,1484,188616,7,243886
34818,0.028365,172.217.194.0-255,2902,191518,7,243886
34819,0.028371,172.31.36.0-255,66,191584,7,243886
34820,0.0284,172.217.194.0-255,1484,193068,7,243886
34821,0.030741,172.217.194.0-255,4320,197388,7,243886
34822,0.030747,172.31.36.0-255,66,197454,7,243886
34823,0.033105,172.217.194.0-255,5738,203192,7,243886
34824,0.03311,172.31.36.0-255,66,203258,7,243886
34825,0.035472,172.217.194.0-255,5738,208996,7,243886
34826,0.03548,172.31.36.0-255,66,209062,7,243886
34827,0.037849,172.217.194.0-255,5738,214800,7,243886
34828,0.037854,172.31.36.0-255,66,214866,7,243886
34829,0.040221,172.217.194.0-255,5738,220604,7,243886
34830,0.040226,172.31.36.0-255,66,220670,7,243886
34831,0.042574,172.217.194.0-255,5738,226408,7,243886
34832,0.04258,172.31.36.0-255,66,226474,7,243886
34833,0.044943,172.217.194.0-255,5738,232212,7,243886
34834,0.044949,172.31.36.0-255,66,232278,7,243886
34835,0.047298,172.217.194.0-255,5738,238016,7,243886
34836,0.047304,172.31.36.0-255,66,238082,7,243886
34837,0.049666,172.217.194.0-255,5738,243820,7,243886
34838,0.049671,172.31.36.0-255,66,243886,7,243886
34839,0.0,172.217.194.0-255,153,153,7,273764
34840,2.3e-05,172.31.36.0-255,66,219,7,273764
34841,3e-05,172.217.194.0-255,1484,1703,7,273764
34842,3.5e-05,172.31.36.0-255,66,1769,7,273764
34843,4.1e-05,172.217.194.0-255,2902,4671,7,273764
34844,4.4e-05,172.31.36.0-255,66,4737,7,273764
34845,5.1e-05,172.217.194.0-255,7156,11893,7,273764
34846,5.4e-05,172.31.36.0-255,66,11959,7,273764
34847,5.9e-05,172.217.194.0-255,2902,14861,7,273764
34848,6.3e-05,172.31.36.0-255,66,14927,7,273764
34849,0.000103,172.31.36.0-255,66,14993,7,273764
34850,0.000107,172.217.194.0-255,2543,17536,7,273764
34851,0.000109,172.31.36.0-255,66,17602,7,273764
34852,0.00014,172.217.194.0-255,2902,20504,7,273764
34853,0.000143,172.31.36.0-255,66,20570,7,273764
34854,0.000146,172.217.194.0-255,1484,22054,7,273764
34855,0.000148,172.31.36.0-255,66,22120,7,273764
34856,0.000164,172.217.194.0-255,2902,25022,7,273764
34857,0.000166,172.31.36.0-255,66,25088,7,273764
34858,0.000173,172.217.194.0-255,5738,30826,7,273764
34859,0.000175,172.31.36.0-255,66,30892,7,273764
34860,0.000196,172.217.194.0-255,2902,33794,7,273764
34861,0.000198,172.31.36.0-255,66,33860,7,273764
34862,0.000202,172.217.194.0-255,1484,35344,7,273764
34863,0.000204,172.31.36.0-255,66,35410,7,273764
34864,0.00022,172.217.194.0-255,4320,39730,7,273764
34865,0.000223,172.31.36.0-255,66,39796,7,273764
34866,0.000249,172.31.36.0-255,66,39862,7,273764
34867,0.000266,172.217.194.0-255,2436,42298,7,273764
34868,0.000268,172.31.36.0-255,66,42364,7,273764
34869,0.000305,172.217.194.0-255,121,42485,7,273764
34870,0.000651,172.217.194.0-255,379,42864,7,273764
34871,0.000877,172.217.194.0-255,1484,44348,7,273764
34872,0.000884,172.31.36.0-255,66,44414,7,273764
34873,0.000895,172.217.194.0-255,2902,47316,7,273764
34874,0.000898,172.31.36.0-255,66,47382,7,273764
34875,0.00092,172.217.194.0-255,5738,53120,7,273764
34876,0.000923,172.31.36.0-255,66,53186,7,273764
34877,0.000942,172.217.194.0-255,4320,57506,7,273764
34878,0.000944,172.31.36.0-255,66,57572,7,273764
34879,0.00098,172.31.36.0-255,66,57638,7,273764
34880,0.000987,172.217.194.0-255,5738,63376,7,273764
34881,0.00099,172.31.36.0-255,66,63442,7,273764
34882,0.001018,172.217.194.0-255,5020,68462,7,273764
34883,0.001022,172.31.36.0-255,66,68528,7,273764
34884,0.001298,172.217.194.0-255,1484,70012,7,273764
34885,0.001303,172.217.194.0-255,2902,72914,7,273764
34886,0.001309,172.31.36.0-255,66,72980,7,273764
34887,0.001321,172.217.194.0-255,5738,78718,7,273764
34888,0.001325,172.31.36.0-255,66,78784,7,273764
34889,0.001337,172.217.194.0-255,2902,81686,7,273764
34890,0.001339,172.31.36.0-255,66,81752,7,273764
34891,0.001369,172.31.36.0-255,66,81818,7,273764
34892,0.00139,172.217.194.0-255,2902,84720,7,273764
34893,0.001392,172.31.36.0-255,66,84786,7,273764
34894,0.001419,172.31.36.0-255,66,84852,7,273764
34895,0.001499,172.217.194.0-255,1484,86336,7,273764
34896,0.001516,172.217.194.0-255,2902,89238,7,273764
34897,0.001519,172.217.194.0-255,1484,90722,7,273764
34898,0.001523,172.31.36.0-255,66,90788,7,273764
34899,0.001542,172.217.194.0-255,4320,95108,7,273764
34900,0.001545,172.31.36.0-255,66,95174,7,273764
34901,0.001561,172.31.36.0-255,66,95240,7,273764
34902,0.001597,172.217.194.0-255,2902,98142,7,273764
34903,0.0016,172.31.36.0-255,66,98208,7,273764
34904,0.001631,172.217.194.0-255,7156,105364,7,273764
34905,0.001635,172.31.36.0-255,66,105430,7,273764
34906,0.001639,172.217.194.0-255,2184,107614,7,273764
34907,0.001641,172.31.36.0-255,66,107680,7,273764
34908,0.001645,172.217.194.0-255,2902,110582,7,273764
34909,0.001647,172.31.36.0-255,66,110648,7,273764
34910,0.001655,172.217.194.0-255,7156,117804,7,273764
34911,0.001658,172.31.36.0-255,66,117870,7,273764
34912,0.001673,172.31.36.0-255,66,117936,7,273764
34913,0.001678,172.217.194.0-255,4320,122256,7,273764
34914,0.00168,172.31.36.0-255,66,122322,7,273764
34915,0.001698,172.217.194.0-255,2184,124506,7,273764
34916,0.0017,172.31.36.0-255,66,124572,7,273764
34917,0.001703,172.217.194.0-255,1484,126056,7,273764
34918,0.001722,172.217.194.0-255,5738,131794,7,273764
34919,0.001725,172.31.36.0-255,66,131860,7,273764
34920,0.001757,172.31.36.0-255,66,131926,7,273764
34921,0.001778,172.217.194.0-255,7156,139082,7,273764
34922,0.001781,172.31.36.0-255,66,139148,7,273764
34923,0.001793,172.31.36.0-255,66,139214,7,273764
34924,0.002297,172.217.194.0-255,1484,140698,7,273764
34925,0.002303,172.217.194.0-255,2902,143600,7,273764
34926,0.002307,172.31.36.0-255,66,143666,7,273764
34927,0.002311,172.217.194.0-255,1484,145150,7,273764
34928,0.002332,172.217.194.0-255,4320,149470,7,273764
34929,0.002337,172.31.36.0-255,66,149536,7,273764
34930,0.002348,172.217.194.0-255,4320,153856,7,273764
34931,0.00235,172.31.36.0-255,66,153922,7,273764
34932,0.002395,172.31.36.0-255,66,153988,7,273764
34933,0.002407,172.31.36.0-255,66,154054,7,273764
34934,0.00241,172.217.194.0-255,766,154820,7,273764
34935,0.00474,172.217.194.0-255,4320,159140,7,273764
34936,0.004748,172.31.36.0-255,66,159206,7,273764
34937,0.007135,172.217.194.0-255,5738,164944,7,273764
34938,0.007145,172.31.36.0-255,66,165010,7,273764
34939,0.009529,172.217.194.0-255,5738,170748,7,273764
34940,0.009535,172.31.36.0-255,66,170814,7,273764
34941,0.011884,172.217.194.0-255,5738,176552,7,273764
34942,0.011891,172.31.36.0-255,66,176618,7,273764
34943,0.014217,172.217.194.0-255,5738,182356,7,273764
34944,0.014225,172.31.36.0-255,66,182422,7,273764
34945,0.016558,172.217.194.0-255,5738,188160,7,273764
34946,0.016566,172.31.36.0-255,66,188226,7,273764
34947,0.018947,172.217.194.0-255,5738,193964,7,273764
34948,0.018956,172.31.36.0-255,66,194030,7,273764
34949,0.021295,172.217.194.0-255,5738,199768,7,273764
34950,0.021302,172.31.36.0-255,66,199834,7,273764
34951,0.023624,172.217.194.0-255,5738,205572,7,273764
34952,0.023632,172.31.36.0-255,66,205638,7,273764
34953,0.025969,172.217.194.0-255,5738,211376,7,273764
34954,0.025976,172.31.36.0-255,66,211442,7,273764
34955,0.028309,172.217.194.0-255,5738,217180,7,273764
34956,0.028317,172.31.36.0-255,66,217246,7,273764
34957,0.030665,172.217.194.0-255,5738,222984,7,273764
34958,0.030673,172.31.36.0-255,66,223050,7,273764
34959,0.033047,172.217.194.0-255,5738,228788,7,273764
34960,0.033054,172.31.36.0-255,66,228854,7,273764
34961,0.034001,172.31.36.0-255,164,229018,7,273764
34962,0.034031,172.31.36.0-255,1121,230139,7,273764
34963,0.034093,172.31.36.0-255,1514,231653,7,273764
34964,0.034095,172.31.36.0-255,1285,232938,7,273764
34965,0.035437,172.217.194.0-255,5738,238676,7,273764
34966,0.035444,172.31.36.0-255,66,238742,7,273764
34967,0.035549,104.244.42.0-255,66,238808,7,273764
34968,0.035588,104.244.42.0-255,66,238874,7,273764
34969,0.03563,104.244.42.0-255,66,238940,7,273764
34970,0.03781,172.217.194.0-255,5738,244678,7,273764
34971,0.037821,172.31.36.0-255,66,244744,7,273764
34972,0.040172,172.217.194.0-255,5738,250482,7,273764
34973,0.04018,172.31.36.0-255,66,250548,7,273764
34974,0.042526,172.217.194.0-255,5738,256286,7,273764
34975,0.042535,172.31.36.0-255,66,256352,7,273764
34976,0.04487,172.217.194.0-255,5738,262090,7,273764
34977,0.044877,172.31.36.0-255,66,262156,7,273764
34978,0.047199,172.217.194.0-255,5738,267894,7,273764
34979,0.047206,172.31.36.0-255,66,267960,7,273764
34980,0.049539,172.217.194.0-255,5738,273698,7,273764
34981,0.049546,172.31.36.0-255,66,273764,7,273764
34982,0.0,74.125.24.0-255,307,307,7,211243
34983,3.2e-05,172.31.36.0-255,66,373,7,211243
34984,3.9e-05,74.125.24.0-255,1484,1857,7,211243
34985,4.3e-05,172.31.36.0-255,66,1923,7,211243
34986,5.6e-05,74.125.24.0-255,2902,4825,7,211243
34987,5.9e-05,172.31.36.0-255,66,4891,7,211243
34988,6.6e-05,74.125.24.0-255,5738,10629,7,211243
34989,6.9e-05,172.31.36.0-255,66,10695,7,211243
34990,0.000108,74.125.24.0-255,4640,15335,7,211243
34991,0.000111,172.31.36.0-255,66,15401,7,211243
34992,0.000117,74.125.24.0-255,5738,21139,7,211243
34993,0.000119,172.31.36.0-255,66,21205,7,211243
34994,0.000156,172.31.36.0-255,66,21271,7,211243
34995,0.000308,74.125.24.0-255,1484,22755,7,211243
34996,0.000313,74.125.24.0-255,2902,25657,7,211243
34997,0.000314,172.31.36.0-255,66,25723,7,211243
34998,0.000319,172.31.36.0-255,66,25789,7,211243
34999,0.000356,74.125.24.0-255,5738,31527,7,211243
35000,0.00036,172.31.36.0-255,66,31593,7,211243
35001,0.000366,74.125.24.0-255,4320,35913,7,211243
35002,0.000368,172.31.36.0-255,66,35979,7,211243
35003,0.00038,172.31.36.0-255,66,36045,7,211243
35004,0.000395,74.125.24.0-255,2543,38588,7,211243
35005,0.000398,172.31.36.0-255,66,38654,7,211243
35006,0.000412,74.125.24.0-255,6797,45451,7,211243
35007,0.000415,172.31.36.0-255,66,45517,7,211243
35008,0.000418,74.125.24.0-255,400,45917,7,211243
35009,0.00042,172.31.36.0-255,66,45983,7,211243
35010,0.000516,74.125.24.0-255,108,46091,7,211243
35011,0.00052,172.31.36.0-255,66,46157,7,211243
35012,0.000551,74.125.24.0-255,334,46491,7,211243
35013,0.000822,74.125.24.0-255,1484,47975,7,211243
35014,0.000827,172.31.36.0-255,66,48041,7,211243
35015,0.000854,74.125.24.0-255,2902,50943,7,211243
35016,0.00086,74.125.24.0-255,5738,56681,7,211243
35017,0.00086,172.31.36.0-255,66,56747,7,211243
35018,0.000864,172.31.36.0-255,66,56813,7,211243
35019,0.0009,74.125.24.0-255,4320,61133,7,211243
35020,0.000903,172.31.36.0-255,66,61199,7,211243
35021,0.000939,172.31.36.0-255,66,61265,7,211243
35022,0.000951,172.31.36.0-255,66,61331,7,211243
35023,0.001426,74.125.24.0-255,1484,62815,7,211243
35024,0.001437,74.125.24.0-255,2902,65717,7,211243
35025,0.001441,172.31.36.0-255,66,65783,7,211243
35026,0.001448,74.125.24.0-255,5738,71521,7,211243
35027,0.001451,172.31.36.0-255,66,71587,7,211243
35028,0.001463,74.125.24.0-255,2902,74489,7,211243
35029,0.001465,172.31.36.0-255,66,74555,7,211243
35030,0.001513,172.31.36.0-255,66,74621,7,211243
35031,0.001522,74.125.24.0-255,7156,81777,7,211243
35032,0.001524,172.31.36.0-255,66,81843,7,211243
35033,0.001551,74.125.24.0-255,3602,85445,7,211243
35034,0.001554,172.31.36.0-255,66,85511,7,211243
35035,0.003777,74.125.24.0-255,1484,86995,7,211243
35036,0.003827,74.125.24.0-255,2902,89897,7,211243
35037,0.003831,172.31.36.0-255,66,89963,7,211243
35038,0.003848,74.125.24.0-255,1484,91447,7,211243
35039,0.006068,74.125.24.0-255,4320,95767,7,211243
35040,0.006071,172.31.36.0-255,66,95833,7,211243
35041,0.008313,74.125.24.0-255,4320,100153,7,211243
35042,0.00832,172.31.36.0-255,66,100219,7,211243
35043,0.008352,74.125.24.0-255,1484,101703,7,211243
35044,0.010605,74.125.24.0-255,4320,106023,7,211243
35045,0.010612,172.31.36.0-255,66,106089,7,211243
35046,0.012914,74.125.24.0-255,5738,111827,7,211243
35047,0.012922,172.31.36.0-255,66,111893,7,211243
35048,0.015191,74.125.24.0-255,5738,117631,7,211243
35049,0.015201,172.31.36.0-255,66,117697,7,211243
35050,0.017482,74.125.24.0-255,5738,123435,7,211243
35051,0.01749,172.31.36.0-255,66,123501,7,211243
35052,0.019756,74.125.24.0-255,5738,129239,7,211243
35053,0.019765,172.31.36.0-255,66,129305,7,211243
35054,0.022043,74.125.24.0-255,5738,135043,7,211243
35055,0.02205,172.31.36.0-255,66,135109,7,211243
35056,0.024322,74.125.24.0-255,5738,140847,7,211243
35057,0.024329,172.31.36.0-255,66,140913,7,211243
35058,0.026635,74.125.24.0-255,5738,146651,7,211243
35059,0.026648,172.31.36.0-255,66,146717,7,211243
35060,0.028964,74.125.24.0-255,5738,152455,7,211243
35061,0.028978,172.31.36.0-255,66,152521,7,211243
35062,0.031239,74.125.24.0-255,5738,158259,7,211243
35063,0.031249,172.31.36.0-255,66,158325,7,211243
35064,0.031474,172.31.36.0-255,172,158497,7,211243
35065,0.031531,172.31.36.0-255,1113,159610,7,211243
35066,0.031629,172.31.36.0-255,1514,161124,7,211243
35067,0.031631,172.31.36.0-255,1514,162638,7,211243
35068,0.031632,172.31.36.0-255,1514,164152,7,211243
35069,0.031633,172.31.36.0-255,1514,165666,7,211243
35070,0.031664,172.31.36.0-255,1514,167180,7,211243
35071,0.031665,172.31.36.0-255,71,167251,7,211243
35072,0.033022,104.244.42.0-255,66,167317,7,211243
35073,0.033121,104.244.42.0-255,66,167383,7,211243
35074,0.033207,104.244.42.0-255,66,167449,7,211243
35075,0.033213,104.244.42.0-255,66,167515,7,211243
35076,0.033498,74.125.24.0-255,5738,173253,7,211243
35077,0.033506,172.31.36.0-255,66,173319,7,211243
35078,0.035756,74.125.24.0-255,5738,179057,7,211243
35079,0.035765,172.31.36.0-255,66,179123,7,211243
35080,0.03806,74.125.24.0-255,5738,184861,7,211243
35081,0.038069,172.31.36.0-255,66,184927,7,211243
35082,0.040324,74.125.24.0-255,4320,189247,7,211243
35083,0.040332,172.31.36.0-255,66,189313,7,211243
35084,0.04037,74.125.24.0-255,1484,190797,7,211243
35085,0.042607,74.125.24.0-255,4320,195117,7,211243
35086,0.042613,172.31.36.0-255,66,195183,7,211243
35087,0.044897,74.125.24.0-255,5738,200921,7,211243
35088,0.044903,172.31.36.0-255,66,200987,7,211243
35089,0.047181,74.125.24.0-255,4320,205307,7,211243
35090,0.047191,172.31.36.0-255,66,205373,7,211243
35091,0.047218,74.125.24.0-255,1484,206857,7,211243
35092,0.049488,74.125.24.0-255,4320,211177,7,211243
35093,0.049493,172.31.36.0-255,66,211243,7,211243
35094,0.0,172.31.36.0-255,105,105,7,459
35095,0.000186,172.31.36.0-255,90,195,7,459
35096,0.000197,172.31.36.0-255,66,261,7,459
35097,0.002535,74.125.24.0-255,66,327,7,459
35098,0.002549,74.125.24.0-255,66,393,7,459
35099,0.002559,172.31.36.0-255,66,459,7,459
35100,0.0,74.125.130.0-255,153,153,7,245838
35101,2.1e-05,172.31.36.0-255,66,219,7,245838
35102,2.9e-05,74.125.130.0-255,1484,1703,7,245838
35103,3.4e-05,172.31.36.0-255,66,1769,7,245838
35104,3.8e-05,74.125.130.0-255,1484,3253,7,245838
35105,4.1e-05,172.31.36.0-255,66,3319,7,245838
35106,4.8e-05,74.125.130.0-255,2902,6221,7,245838
35107,5.1e-05,172.31.36.0-255,66,6287,7,245838
35108,5.8e-05,74.125.130.0-255,5738,12025,7,245838
35109,6.1e-05,172.31.36.0-255,66,12091,7,245838
35110,6.5e-05,74.125.130.0-255,2064,14155,7,245838
35111,6.9e-05,172.31.36.0-255,66,14221,7,245838
35112,9.2e-05,74.125.130.0-255,2902,17123,7,245838
35113,9.5e-05,172.31.36.0-255,66,17189,7,245838
35114,0.000119,74.125.130.0-255,5738,22927,7,245838
35115,0.000122,172.31.36.0-255,66,22993,7,245838
35116,0.000142,74.125.130.0-255,2902,25895,7,245838
35117,0.000144,172.31.36.0-255,66,25961,7,245838
35118,0.000167,74.125.130.0-255,4320,30281,7,245838
35119,0.00017,172.31.36.0-255,66,30347,7,245838
35120,0.000173,74.125.130.0-255,1125,31472,7,245838
35121,0.000175,172.31.36.0-255,66,31538,7,245838
35122,0.000327,74.125.130.0-255,1484,33022,7,245838
35123,0.000333,172.31.36.0-255,66,33088,7,245838
35124,0.000337,74.125.130.0-255,1484,34572,7,245838
35125,0.000339,172.31.36.0-255,66,34638,7,245838
35126,0.000361,74.125.130.0-255,1484,36122,7,245838
35127,0.000364,172.31.36.0-255,66,36188,7,245838
35128,0.000368,74.125.130.0-255,1484,37672,7,245838
35129,0.00037,172.31.36.0-255,66,37738,7,245838
35130,0.000388,74.125.130.0-255,2902,40640,7,245838
35131,0.000391,172.31.36.0-255,66,40706,7,245838
35132,0.000397,74.125.130.0-255,5738,46444,7,245838
35133,0.0004,172.31.36.0-255,66,46510,7,245838
35134,0.000423,74.125.130.0-255,2543,49053,7,245838
35135,0.000425,172.31.36.0-255,66,49119,7,245838
35136,0.000647,74.125.130.0-255,1484,50603,7,245838
35137,0.000671,74.125.130.0-255,2902,53505,7,245838
35138,0.000675,172.31.36.0-255,66,53571,7,245838
35139,0.000698,74.125.130.0-255,4320,57891,7,245838
35140,0.000701,172.31.36.0-255,66,57957,7,245838
35141,0.00072,74.125.130.0-255,2902,60859,7,245838
35142,0.000723,172.31.36.0-255,66,60925,7,245838
35143,0.000741,74.125.130.0-255,4320,65245,7,245838
35144,0.000744,172.31.36.0-255,66,65311,7,245838
35145,0.000765,74.125.130.0-255,1125,66436,7,245838
35146,0.001234,74.125.130.0-255,646,67082,7,245838
35147,0.00124,172.31.36.0-255,66,67148,7,245838
35148,0.001474,74.125.130.0-255,1484,68632,7,245838
35149,0.001493,74.125.130.0-255,2902,71534,7,245838
35150,0.001497,172.31.36.0-255,66,71600,7,245838
35151,0.00153,74.125.130.0-255,5738,77338,7,245838
35152,0.001533,172.31.36.0-255,66,77404,7,245838
35153,0.001537,74.125.130.0-255,1484,78888,7,245838
35154,0.001542,74.125.130.0-255,2902,81790,7,245838
35155,0.001544,172.31.36.0-255,66,81856,7,245838
35156,0.001564,74.125.130.0-255,1484,83340,7,245838
35157,0.001585,74.125.130.0-255,4320,87660,7,245838
35158,0.001589,172.31.36.0-255,66,87726,7,245838
35159,0.001593,74.125.130.0-255,1484,89210,7,245838
35160,0.001639,172.31.36.0-255,66,89276,7,245838
35161,0.001643,74.125.130.0-255,1484,90760,7,245838
35162,0.001647,74.125.130.0-255,2184,92944,7,245838
35163,0.001649,172.31.36.0-255,66,93010,7,245838
35164,0.002066,74.125.130.0-255,1484,94494,7,245838
35165,0.002084,74.125.130.0-255,2902,97396,7,245838
35166,0.002089,172.31.36.0-255,66,97462,7,245838
35167,0.002097,74.125.130.0-255,4320,101782,7,245838
35168,0.002099,172.31.36.0-255,66,101848,7,245838
35169,0.002103,74.125.130.0-255,1484,103332,7,245838
35170,0.002126,74.125.130.0-255,4320,107652,7,245838
35171,0.002128,172.31.36.0-255,66,107718,7,245838
35172,0.00214,74.125.130.0-255,2902,110620,7,245838
35173,0.002142,172.31.36.0-255,66,110686,7,245838
35174,0.002168,74.125.130.0-255,5738,116424,7,245838
35175,0.00217,172.31.36.0-255,66,116490,7,245838
35176,0.002183,172.31.36.0-255,66,116556,7,245838
35177,0.002185,74.125.130.0-255,766,117322,7,245838
35178,0.002488,74.125.130.0-255,1484,118806,7,245838
35179,0.002491,172.31.36.0-255,66,118872,7,245838
35180,0.002512,74.125.130.0-255,2902,121774,7,245838
35181,0.002514,172.31.36.0-255,66,121840,7,245838
35182,0.002531,74.125.130.0-255,1484,123324,7,245838
35183,0.002544,74.125.130.0-255,4320,127644,7,245838
35184,0.002548,172.31.36.0-255,66,127710,7,245838
35185,0.002551,74.125.130.0-255,1484,129194,7,245838
35186,0.002565,74.125.130.0-255,2902,132096,7,245838
35187,0.002568,172.31.36.0-255,66,132162,7,245838
35188,0.002587,74.125.130.0-255,4320,136482,7,245838
35189,0.00259,172.31.36.0-255,66,136548,7,245838
35190,0.005161,74.125.130.0-255,2902,139450,7,245838
35191,0.005169,172.31.36.0-255,66,139516,7,245838
35192,0.005191,74.125.130.0-255,2902,142418,7,245838
35193,0.005194,172.31.36.0-255,66,142484,7,245838
35194,0.007739,74.125.130.0-255,2902,145386,7,245838
35195,0.007746,172.31.36.0-255,66,145452,7,245838
35196,0.007764,74.125.130.0-255,2902,148354,7,245838
35197,0.007766,172.31.36.0-255,66,148420,7,245838
35198,0.010327,74.125.130.0-255,5738,154158,7,245838
35199,0.010334,172.31.36.0-255,66,154224,7,245838
35200,0.012911,74.125.130.0-255,5738,159962,7,245838
35201,0.012919,172.31.36.0-255,66,160028,7,245838
35202,0.015494,74.125.130.0-255,5738,165766,7,245838
35203,0.015503,172.31.36.0-255,66,165832,7,245838
35204,0.018079,74.125.130.0-255,5738,171570,7,245838
35205,0.018093,172.31.36.0-255,66,171636,7,245838
35206,0.020666,74.125.130.0-255,5738,177374,7,245838
35207,0.020674,172.31.36.0-255,66,177440,7,245838
35208,0.02324,74.125.130.0-255,5738,183178,7,245838
35209,0.023248,172.31.36.0-255,66,183244,7,245838
35210,0.025812,74.125.130.0-255,5738,188982,7,245838
35211,0.02582,172.31.36.0-255,66,189048,7,245838
35212,0.026546,172.31.36.0-255,172,189220,7,245838
35213,0.026579,172.31.36.0-255,1114,190334,7,245838
35214,0.026635,172.31.36.0-255,1514,191848,7,245838
35215,0.026637,172.31.36.0-255,1292,193140,7,245838
35216,0.028089,104.244.42.0-255,66,193206,7,245838
35217,0.028167,104.244.42.0-255,66,193272,7,245838
35218,0.028236,104.244.42.0-255,66,193338,7,245838
35219,0.028391,74.125.130.0-255,5738,199076,7,245838
35220,0.028397,172.31.36.0-255,66,199142,7,245838
35221,0.030972,74.125.130.0-255,5738,204880,7,245838
35222,0.030979,172.31.36.0-255,66,204946,7,245838
35223,0.033558,74.125.130.0-255,5738,210684,7,245838
35224,0.033566,172.31.36.0-255,66,210750,7,245838
35225,0.036147,74.125.130.0-255,5738,216488,7,245838
35226,0.036154,172.31.36.0-255,66,216554,7,245838
35227,0.038775,74.125.130.0-255,5738,222292,7,245838
35228,0.038782,172.31.36.0-255,66,222358,7,245838
35229,0.041361,74.125.130.0-255,5738,228096,7,245838
35230,0.041371,172.31.36.0-255,66,228162,7,245838
35231,0.043947,74.125.130.0-255,5738,233900,7,245838
35232,0.043953,172.31.36.0-255,66,233966,7,245838
35233,0.046518,74.125.130.0-255,2902,236868,7,245838
35234,0.046525,172.31.36.0-255,66,236934,7,245838
35235,0.046544,74.125.130.0-255,2902,239836,7,245838
35236,0.046547,172.31.36.0-255,66,239902,7,245838
35237,0.049082,74.125.130.0-255,2902,242804,7,245838
35238,0.049089,172.31.36.0-255,66,242870,7,245838
35239,0.049109,74.125.130.0-255,2902,245772,7,245838
35240,0.049111,172.31.36.0-255,66,245838,7,245838
35241,0.0,74.125.24.0-255,153,153,7,229795
35242,2.7e-05,172.31.36.0-255,66,219,7,229795
35243,3.4e-05,74.125.24.0-255,1484,1703,7,229795
35244,3.8e-05,172.31.36.0-255,66,1769,7,229795
35245,4.3e-05,74.125.24.0-255,2902,4671,7,229795
35246,4.6e-05,172.31.36.0-255,66,4737,7,229795
35247,5.3e-05,74.125.24.0-255,7156,11893,7,229795
35248,5.6e-05,172.31.36.0-255,66,11959,7,229795
35249,5.9e-05,74.125.24.0-255,1484,13443,7,229795
35250,6.1e-05,172.31.36.0-255,66,13509,7,229795
35251,8.2e-05,74.125.24.0-255,631,14140,7,229795
35252,8.6e-05,172.31.36.0-255,66,14206,7,229795
35253,0.000127,74.125.24.0-255,1484,15690,7,229795
35254,0.00013,172.31.36.0-255,66,15756,7,229795
35255,0.000136,74.125.24.0-255,2902,18658,7,229795
35256,0.000138,172.31.36.0-255,66,18724,7,229795
35257,0.000141,74.125.24.0-255,1484,20208,7,229795
35258,0.000142,172.31.36.0-255,66,20274,7,229795
35259,0.000161,74.125.24.0-255,4320,24594,7,229795
35260,0.000164,172.31.36.0-255,66,24660,7,229795
35261,0.00019,74.125.24.0-255,4320,28980,7,229795
35262,0.000193,172.31.36.0-255,66,29046,7,229795
35263,0.000211,74.125.24.0-255,2543,31589,7,229795
35264,0.000213,172.31.36.0-255,66,31655,7,229795
35265,0.000325,74.125.24.0-255,1484,33139,7,229795
35266,0.00033,172.31.36.0-255,66,33205,7,229795
35267,0.000334,74.125.24.0-255,2902,36107,7,229795
35268,0.000336,172.31.36.0-255,66,36173,7,229795
35269,0.000342,74.125.24.0-255,4320,40493,7,229795
35270,0.000344,172.31.36.0-255,66,40559,7,229795
35271,0.000365,74.125.24.0-255,1484,42043,7,229795
35272,0.000368,172.31.36.0-255,66,42109,7,229795
35273,0.000375,74.125.24.0-255,5738,47847,7,229795
35274,0.000378,172.31.36.0-255,66,47913,7,229795
35275,0.000407,172.31.36.0-255,66,47979,7,229795
35276,0.000419,172.31.36.0-255,66,48045,7,229795
35277,0.000422,74.125.24.0-255,400,48445,7,229795
35278,0.000474,74.125.24.0-255,109,48554,7,229795
35279,0.000572,74.125.24.0-255,331,48885,7,229795
35280,0.000801,172.31.36.0-255,66,48951,7,229795
35281,0.000952,74.125.24.0-255,1484,50435,7,229795
35282,0.000962,74.125.24.0-255,2902,53337,7,229795
35283,0.000965,172.31.36.0-255,66,53403,7,229795
35284,0.000973,74.125.24.0-255,5738,59141,7,229795
35285,0.000975,172.31.36.0-255,66,59207,7,229795
35286,0.001005,172.31.36.0-255,66,59273,7,229795
35287,0.001021,74.125.24.0-255,1484,60757,7,229795
35288,0.001034,172.31.36.0-255,66,60823,7,229795
35289,0.001213,74.125.24.0-255,1484,62307,7,229795
35290,0.001221,74.125.24.0-255,2902,65209,7,229795
35291,0.001225,172.31.36.0-255,66,65275,7,229795
35292,0.001231,74.125.24.0-255,4320,69595,7,229795
35293,0.00125,172.31.36.0-255,66,69661,7,229795
35294,0.001278,74.125.24.0-255,1484,71145,7,229795
35295,0.001295,172.31.36.0-255,66,71211,7,229795
35296,0.001306,172.31.36.0-255,66,71277,7,229795
35297,0.001309,74.125.24.0-255,766,72043,7,229795
35298,0.001913,74.125.24.0-255,1484,73527,7,229795
35299,0.001918,172.31.36.0-255,66,73593,7,229795
35300,0.001924,74.125.24.0-255,2902,76495,7,229795
35301,0.001927,172.31.36.0-255,66,76561,7,229795
35302,0.001931,74.125.24.0-255,2902,79463,7,229795
35303,0.001933,172.31.36.0-255,66,79529,7,229795
35304,0.001959,74.125.24.0-255,2902,82431,7,229795
35305,0.001962,172.31.36.0-255,66,82497,7,229795
35306,0.001975,172.31.36.0-255,66,82563,7,229795
35307,0.001981,74.125.24.0-255,5738,88301,7,229795
35308,0.001983,172.31.36.0-255,66,88367,7,229795
35309,0.002001,74.125.24.0-255,5020,93387,7,229795
35310,0.002003,172.31.36.0-255,66,93453,7,229795
35311,0.002149,74.125.24.0-255,1484,94937,7,229795
35312,0.002166,74.125.24.0-255,2902,97839,7,229795
35313,0.002168,172.31.36.0-255,66,97905,7,229795
35314,0.002206,74.125.24.0-255,2902,100807,7,229795
35315,0.002208,172.31.36.0-255,66,100873,7,229795
35316,0.002229,74.125.24.0-255,2902,103775,7,229795
35317,0.00223,172.31.36.0-255,66,103841,7,229795
35318,0.002243,172.31.36.0-255,66,103907,7,229795
35319,0.002255,172.31.36.0-255,66,103973,7,229795
35320,0.002301,74.125.24.0-255,1484,105457,7,229795
35321,0.002303,74.125.24.0-255,1484,106941,7,229795
35322,0.002305,172.31.36.0-255,66,107007,7,229795
35323,0.002321,74.125.24.0-255,1484,108491,7,229795
35324,0.002328,74.125.24.0-255,5738,114229,7,229795
35325,0.00233,172.31.36.0-255,66,114295,7,229795
35326,0.002332,74.125.24.0-255,1484,115779,7,229795
35327,0.002357,172.31.36.0-255,66,115845,7,229795
35328,0.002399,172.31.36.0-255,66,115911,7,229795
35329,0.002412,74.125.24.0-255,2902,118813,7,229795
35330,0.002415,172.31.36.0-255,66,118879,7,229795
35331,0.002452,172.31.36.0-255,66,118945,7,229795
35332,0.002465,172.31.36.0-255,66,119011,7,229795
35333,0.002507,172.31.36.0-255,66,119077,7,229795
35334,0.002522,74.125.24.0-255,3602,122679,7,229795
35335,0.002524,172.31.36.0-255,66,122745,7,229795
35336,0.002538,172.31.36.0-255,66,122811,7,229795
35337,0.002548,172.31.36.0-255,66,122877,7,229795
35338,0.00255,74.125.24.0-255,1484,124361,7,229795
35339,0.005029,74.125.24.0-255,4320,128681,7,229795
35340,0.005034,172.31.36.0-255,66,128747,7,229795
35341,0.007546,74.125.24.0-255,5738,134485,7,229795
35342,0.007551,172.31.36.0-255,66,134551,7,229795
35343,0.010083,74.125.24.0-255,5738,140289,7,229795
35344,0.010095,172.31.36.0-255,66,140355,7,229795
35345,0.012611,74.125.24.0-255,5738,146093,7,229795
35346,0.012622,172.31.36.0-255,66,146159,7,229795
35347,0.015193,74.125.24.0-255,5738,151897,7,229795
35348,0.015205,172.31.36.0-255,66,151963,7,229795
35349,0.017724,74.125.24.0-255,5738,157701,7,229795
35350,0.017731,172.31.36.0-255,66,157767,7,229795
35351,0.020227,74.125.24.0-255,4320,162087,7,229795
35352,0.02023,172.31.36.0-255,66,162153,7,229795
35353,0.020247,74.125.24.0-255,1484,163637,7,229795
35354,0.022758,74.125.24.0-255,4320,167957,7,229795
35355,0.022769,172.31.36.0-255,66,168023,7,229795
35356,0.025277,74.125.24.0-255,5738,173761,7,229795
35357,0.025285,172.31.36.0-255,66,173827,7,229795
35358,0.027824,74.125.24.0-255,5738,179565,7,229795
35359,0.027831,172.31.36.0-255,66,179631,7,229795
35360,0.028154,172.31.36.0-255,172,179803,7,229795
35361,0.028185,172.31.36.0-255,1114,180917,7,229795
35362,0.028225,172.31.36.0-255,1514,182431,7,229795
35363,0.028227,172.31.36.0-255,1294,183725,7,229795
35364,0.029625,104.244.42.0-255,66,183791,7,229795
35365,0.029817,104.244.42.0-255,66,183857,7,229795
35366,0.029822,104.244.42.0-255,66,183923,7,229795
35367,0.030334,74.125.24.0-255,4320,188243,7,229795
35368,0.030338,172.31.36.0-255,66,188309,7,229795
35369,0.030401,74.125.24.0-255,1484,189793,7,229795
35370,0.032844,74.125.24.0-255,4320,194113,7,229795
35371,0.03285,172.31.36.0-255,66,194179,7,229795
35372,0.035371,74.125.24.0-255,2902,197081,7,229795
35373,0.035376,172.31.36.0-255,66,197147,7,229795
35374,0.035409,74.125.24.0-255,2902,200049,7,229795
35375,0.035413,172.31.36.0-255,66,200115,7,229795
35376,0.037874,74.125.24.0-255,2902,203017,7,229795
35377,0.037879,172.31.36.0-255,66,203083,7,229795
35378,0.037909,74.125.24.0-255,2902,205985,7,229795
35379,0.037912,172.31.36.0-255,66,206051,7,229795
35380,0.040366,74.125.24.0-255,2902,208953,7,229795
35381,0.040372,172.31.36.0-255,66,209019,7,229795
35382,0.040401,74.125.24.0-255,2902,211921,7,229795
35383,0.040405,172.31.36.0-255,66,211987,7,229795
35384,0.042879,74.125.24.0-255,2902,214889,7,229795
35385,0.042885,172.31.36.0-255,66,214955,7,229795
35386,0.042922,74.125.24.0-255,2902,217857,7,229795
35387,0.042925,172.31.36.0-255,66,217923,7,229795
35388,0.045366,74.125.24.0-255,2902,220825,7,229795
35389,0.045371,172.31.36.0-255,66,220891,7,229795
35390,0.045407,74.125.24.0-255,2902,223793,7,229795
35391,0.045411,172.31.36.0-255,66,223859,7,229795
35392,0.047878,74.125.24.0-255,2902,226761,7,229795
35393,0.047883,172.31.36.0-255,66,226827,7,229795
35394,0.047919,74.125.24.0-255,2902,229729,7,229795
35395,0.047922,172.31.36.0-255,66,229795,7,229795
35396,0.0,172.31.36.0-255,105,105,7,105
35397,0.0,74.125.24.0-255,153,153,7,168587
35398,2.6e-05,172.31.36.0-255,66,219,7,168587
35399,3.4e-05,74.125.24.0-255,1484,1703,7,168587
35400,3.8e-05,172.31.36.0-255,66,1769,7,168587
35401,4.3e-05,74.125.24.0-255,2902,4671,7,168587
35402,4.7e-05,172.31.36.0-255,66,4737,7,168587
35403,5.5e-05,74.125.24.0-255,7156,11893,7,168587
35404,5.8e-05,172.31.36.0-255,66,11959,7,168587
35405,6.1e-05,74.125.24.0-255,1979,13938,7,168587
35406,6.4e-05,172.31.36.0-255,66,14004,7,168587
35407,9.7e-05,74.125.24.0-255,2902,16906,7,168587
35408,0.000102,172.31.36.0-255,66,16972,7,168587
35409,0.000122,74.125.24.0-255,1484,18456,7,168587
35410,0.000125,172.31.36.0-255,66,18522,7,168587
35411,0.000132,74.125.24.0-255,5738,24260,7,168587
35412,0.000134,172.31.36.0-255,66,24326,7,168587
35413,0.000157,74.125.24.0-255,2902,27228,7,168587
35414,0.00016,172.31.36.0-255,66,27294,7,168587
35415,0.00018,74.125.24.0-255,3961,31255,7,168587
35416,0.000183,172.31.36.0-255,66,31321,7,168587
35417,0.000217,74.125.24.0-255,1484,32805,7,168587
35418,0.00022,172.31.36.0-255,66,32871,7,168587
35419,0.000226,74.125.24.0-255,2902,35773,7,168587
35420,0.000229,172.31.36.0-255,66,35839,7,168587
35421,0.000232,74.125.24.0-255,1484,37323,7,168587
35422,0.000234,172.31.36.0-255,66,37389,7,168587
35423,0.000257,74.125.24.0-255,4320,41709,7,168587
35424,0.000259,172.31.36.0-255,66,41775,7,168587
35425,0.000266,74.125.24.0-255,4320,46095,7,168587
35426,0.000269,172.31.36.0-255,66,46161,7,168587
35427,0.000295,172.31.36.0-255,66,46227,7,168587
35428,0.000321,74.125.24.0-255,2543,48770,7,168587
35429,0.000324,172.31.36.0-255,66,48836,7,168587
35430,0.000333,74.125.24.0-255,6797,55633,7,168587
35431,0.000335,172.31.36.0-255,66,55699,7,168587
35432,0.000338,74.125.24.0-255,356,56055,7,168587
35433,0.00048,74.125.24.0-255,388,56443,7,168587
35434,0.000505,74.125.24.0-255,1484,57927,7,168587
35435,0.000509,172.31.36.0-255,66,57993,7,168587
35436,0.000529,74.125.24.0-255,4320,62313,7,168587
35437,0.000532,172.31.36.0-255,66,62379,7,168587
35438,0.000561,74.125.24.0-255,1484,63863,7,168587
35439,0.000577,74.125.24.0-255,5738,69601,7,168587
35440,0.00058,172.31.36.0-255,66,69667,7,168587
35441,0.000599,74.125.24.0-255,2902,72569,7,168587
35442,0.000602,172.31.36.0-255,66,72635,7,168587
35443,0.000618,172.31.36.0-255,66,72701,7,168587
35444,0.000622,74.125.24.0-255,2184,74885,7,168587
35445,0.000625,172.31.36.0-255,66,74951,7,168587
35446,0.000828,74.125.24.0-255,1484,76435,7,168587
35447,0.000834,74.125.24.0-255,2902,79337,7,168587
35448,0.000837,172.31.36.0-255,66,79403,7,168587
35449,0.000844,74.125.24.0-255,5738,85141,7,168587
35450,0.000846,172.31.36.0-255,66,85207,7,168587
35451,0.000885,172.31.36.0-255,66,85273,7,168587
35452,0.000919,74.125.24.0-255,5738,91011,7,168587
35453,0.000923,172.31.36.0-255,66,91077,7,168587
35454,0.00095,172.31.36.0-255,66,91143,7,168587
35455,0.000977,74.125.24.0-255,1484,92627,7,168587
35456,0.000981,74.125.24.0-255,1484,94111,7,168587
35457,0.000983,172.31.36.0-255,66,94177,7,168587
35458,0.001005,74.125.24.0-255,1484,95661,7,168587
35459,0.001012,74.125.24.0-255,5738,101399,7,168587
35460,0.001015,172.31.36.0-255,66,101465,7,168587
35461,0.001027,172.31.36.0-255,66,101531,7,168587
35462,0.001094,172.31.36.0-255,66,101597,7,168587
35463,0.001648,74.125.24.0-255,1484,103081,7,168587
35464,0.00167,74.125.24.0-255,2902,105983,7,168587
35465,0.001675,172.31.36.0-255,66,106049,7,168587
35466,0.00171,74.125.24.0-255,4320,110369,7,168587
35467,0.001714,172.31.36.0-255,66,110435,7,168587
35468,0.001738,74.125.24.0-255,1484,111919,7,168587
35469,0.001746,74.125.24.0-255,7156,119075,7,168587
35470,0.001748,172.31.36.0-255,66,119141,7,168587
35471,0.001762,172.31.36.0-255,66,119207,7,168587
35472,0.00179,74.125.24.0-255,3602,122809,7,168587
35473,0.001795,172.31.36.0-255,66,122875,7,168587
35474,0.001981,74.125.24.0-255,1484,124359,7,168587
35475,0.001987,74.125.24.0-255,2902,127261,7,168587
35476,0.00199,172.31.36.0-255,66,127327,7,168587
35477,0.001994,74.125.24.0-255,2902,130229,7,168587
35478,0.001996,172.31.36.0-255,66,130295,7,168587
35479,0.002011,74.125.24.0-255,2902,133197,7,168587
35480,0.002013,172.31.36.0-255,66,133263,7,168587
35481,0.002051,172.31.36.0-255,66,133329,7,168587
35482,0.002063,172.31.36.0-255,66,133395,7,168587
35483,0.002089,74.125.24.0-255,3602,136997,7,168587
35484,0.002092,172.31.36.0-255,66,137063,7,168587
35485,0.002111,172.31.36.0-255,66,137129,7,168587
35486,0.002125,172.31.36.0-255,66,137195,7,168587
35487,0.002132,74.125.24.0-255,7156,144351,7,168587
35488,0.002135,172.31.36.0-255,66,144417,7,168587
35489,0.00217,74.125.24.0-255,6438,150855,7,168587
35490,0.002172,172.31.36.0-255,66,150921,7,168587
35491,0.002183,172.31.36.0-255,66,150987,7,168587
35492,0.0022,74.125.24.0-255,1484,152471,7,168587
35493,0.002222,172.31.36.0-255,66,152537,7,168587
35494,0.002225,74.125.24.0-255,1484,154021,7,168587
35495,0.002253,172.31.36.0-255,66,154087,7,168587
35496,0.002257,74.125.24.0-255,2902,156989,7,168587
35497,0.002259,172.31.36.0-255,66,157055,7,168587
35498,0.002283,172.31.36.0-255,66,157121,7,168587
35499,0.002305,74.125.24.0-255,5020,162141,7,168587
35500,0.002308,172.31.36.0-255,66,162207,7,168587
35501,0.002352,172.31.36.0-255,66,162273,7,168587
35502,0.002398,172.31.36.0-255,66,162339,7,168587
35503,0.002421,172.31.36.0-255,66,162405,7,168587
35504,0.002423,74.125.24.0-255,1484,163889,7,168587
35505,0.002467,172.31.36.0-255,66,163955,7,168587
35506,0.004809,74.125.24.0-255,105,164060,7,168587
35507,0.004919,172.31.36.0-255,66,164126,7,168587
35508,0.004948,172.31.36.0-255,105,164231,7,168587
35509,0.007292,74.125.24.0-255,66,164297,7,168587
35510,0.033964,172.31.36.0-255,172,164469,7,168587
35511,0.034005,172.31.36.0-255,1114,165583,7,168587
35512,0.034079,172.31.36.0-255,1514,167097,7,168587
35513,0.034081,172.31.36.0-255,1292,168389,7,168587
35514,0.035495,104.244.42.0-255,66,168455,7,168587
35515,0.035521,104.244.42.0-255,66,168521,7,168587
35516,0.03562,104.244.42.0-255,66,168587,7,168587
35517,0.0,172.217.194.0-255,153,153,7,178974
35518,3.6e-05,172.31.36.0-255,66,219,7,178974
35519,4.3e-05,172.217.194.0-255,1484,1703,7,178974
35520,4.8e-05,172.31.36.0-255,66,1769,7,178974
35521,5.3e-05,172.217.194.0-255,2902,4671,7,178974
35522,5.6e-05,172.31.36.0-255,66,4737,7,178974
35523,6.4e-05,172.217.194.0-255,7156,11893,7,178974
35524,6.7e-05,172.31.36.0-255,66,11959,7,178974
35525,7.1e-05,172.217.194.0-255,2068,14027,7,178974
35526,7.5e-05,172.31.36.0-255,66,14093,7,178974
35527,0.000424,172.217.194.0-255,1484,15577,7,178974
35528,0.00043,172.31.36.0-255,66,15643,7,178974
35529,0.00044,172.217.194.0-255,2902,18545,7,178974
35530,0.000443,172.31.36.0-255,66,18611,7,178974
35531,0.000486,172.217.194.0-255,5738,24349,7,178974
35532,0.00049,172.31.36.0-255,66,24415,7,178974
35533,0.000515,172.217.194.0-255,6797,31212,7,178974
35534,0.000519,172.31.36.0-255,66,31278,7,178974
35535,0.000814,172.217.194.0-255,1484,32762,7,178974
35536,0.00082,172.31.36.0-255,66,32828,7,178974
35537,0.000827,172.217.194.0-255,2902,35730,7,178974
35538,0.00083,172.31.36.0-255,66,35796,7,178974
35539,0.000836,172.217.194.0-255,5738,41534,7,178974
35540,0.00084,172.31.36.0-255,66,41600,7,178974
35541,0.000871,172.31.36.0-255,66,41666,7,178974
35542,0.000889,172.217.194.0-255,3961,45627,7,178974
35543,0.000891,172.31.36.0-255,66,45693,7,178974
35544,0.000928,172.31.36.0-255,66,45759,7,178974
35545,0.00186,172.217.194.0-255,648,46407,7,178974
35546,0.001866,172.31.36.0-255,66,46473,7,178974
35547,0.002014,172.217.194.0-255,1484,47957,7,178974
35548,0.002021,172.217.194.0-255,2902,50859,7,178974
35549,0.002024,172.31.36.0-255,66,50925,7,178974
35550,0.002027,172.217.194.0-255,1484,52409,7,178974
35551,0.002048,172.217.194.0-255,4320,56729,7,178974
35552,0.00205,172.31.36.0-255,66,56795,7,178974
35553,0.002054,172.217.194.0-255,2902,59697,7,178974
35554,0.002056,172.31.36.0-255,66,59763,7,178974
35555,0.002081,172.31.36.0-255,66,59829,7,178974
35556,0.002091,172.31.36.0-255,66,59895,7,178974
35557,0.002498,172.217.194.0-255,1484,61379,7,178974
35558,0.002504,172.217.194.0-255,2902,64281,7,178974
35559,0.002506,172.31.36.0-255,66,64347,7,178974
35560,0.002527,172.217.194.0-255,5738,70085,7,178974
35561,0.00253,172.31.36.0-255,66,70151,7,178974
35562,0.002533,172.217.194.0-255,1484,71635,7,178974
35563,0.005033,172.217.194.0-255,4320,75955,7,178974
35564,0.005044,172.31.36.0-255,66,76021,7,178974
35565,0.00755,172.217.194.0-255,5738,81759,7,178974
35566,0.007561,172.31.36.0-255,66,81825,7,178974
35567,0.010076,172.217.194.0-255,5738,87563,7,178974
35568,0.010089,172.31.36.0-255,66,87629,7,178974
35569,0.012574,172.217.194.0-255,5738,93367,7,178974
35570,0.012585,172.31.36.0-255,66,93433,7,178974
35571,0.015092,172.217.194.0-255,5738,99171,7,178974
35572,0.015103,172.31.36.0-255,66,99237,7,178974
35573,0.01762,172.217.194.0-255,5738,104975,7,178974
35574,0.017635,172.31.36.0-255,66,105041,7,178974
35575,0.020131,172.217.194.0-255,5738,110779,7,178974
35576,0.020141,172.31.36.0-255,66,110845,7,178974
35577,0.020274,172.31.36.0-255,167,111012,7,178974
35578,0.020303,172.31.36.0-255,1114,112126,7,178974
35579,0.020364,172.31.36.0-255,1514,113640,7,178974
35580,0.020366,172.31.36.0-255,1292,114932,7,178974
35581,0.021847,104.244.42.0-255,66,114998,7,178974
35582,0.021883,104.244.42.0-255,66,115064,7,178974
35583,0.021932,104.244.42.0-255,66,115130,7,178974
35584,0.022616,172.217.194.0-255,5738,120868,7,178974
35585,0.022622,172.31.36.0-255,66,120934,7,178974
35586,0.025118,172.217.194.0-255,5738,126672,7,178974
35587,0.025124,172.31.36.0-255,66,126738,7,178974
35588,0.027621,172.217.194.0-255,5738,132476,7,178974
35589,0.027627,172.31.36.0-255,66,132542,7,178974
35590,0.030119,172.217.194.0-255,5738,138280,7,178974
35591,0.030127,172.31.36.0-255,66,138346,7,178974
35592,0.032646,172.217.194.0-255,5738,144084,7,178974
35593,0.032658,172.31.36.0-255,66,144150,7,178974
35594,0.035188,172.217.194.0-255,5738,149888,7,178974
35595,0.035195,172.31.36.0-255,66,149954,7,178974
35596,0.03771,172.217.194.0-255,5738,155692,7,178974
35597,0.037716,172.31.36.0-255,66,155758,7,178974
35598,0.040225,172.217.194.0-255,5738,161496,7,178974
35599,0.040232,172.31.36.0-255,66,161562,7,178974
35600,0.042744,172.217.194.0-255,5738,167300,7,178974
35601,0.042753,172.31.36.0-255,66,167366,7,178974
35602,0.04523,172.217.194.0-255,5738,173104,7,178974
35603,0.045237,172.31.36.0-255,66,173170,7,178974
35604,0.047769,172.217.194.0-255,5738,178908,7,178974
35605,0.047776,172.31.36.0-255,66,178974,7,178974
35606,0.0,74.125.24.0-255,298,298,7,215576
35607,3.4e-05,172.31.36.0-255,66,364,7,215576
35608,4.1e-05,74.125.24.0-255,1484,1848,7,215576
35609,4.7e-05,172.31.36.0-255,66,1914,7,215576
35610,5.3e-05,74.125.24.0-255,4320,6234,7,215576
35611,5.6e-05,172.31.36.0-255,66,6300,7,215576
35612,6.8e-05,172.31.36.0-255,66,6366,7,215576
35613,7.3e-05,74.125.24.0-255,4320,10686,7,215576
35614,7.5e-05,172.31.36.0-255,66,10752,7,215576
35615,0.000128,172.31.36.0-255,66,10818,7,215576
35616,0.000188,74.125.24.0-255,1484,12302,7,215576
35617,0.000192,172.31.36.0-255,66,12368,7,215576
35618,0.000196,74.125.24.0-255,1484,13852,7,215576
35619,0.000198,172.31.36.0-255,66,13918,7,215576
35620,0.000215,74.125.24.0-255,1484,15402,7,215576
35621,0.000217,172.31.36.0-255,66,15468,7,215576
35622,0.000225,74.125.24.0-255,2902,18370,7,215576
35623,0.000228,172.31.36.0-255,66,18436,7,215576
35624,0.000233,74.125.24.0-255,4320,22756,7,215576
35625,0.000236,172.31.36.0-255,66,22822,7,215576
35626,0.000268,172.31.36.0-255,66,22888,7,215576
35627,0.000275,74.125.24.0-255,4320,27208,7,215576
35628,0.000277,172.31.36.0-255,66,27274,7,215576
35629,0.000308,74.125.24.0-255,1484,28758,7,215576
35630,0.000314,172.31.36.0-255,66,28824,7,215576
35631,0.000337,74.125.24.0-255,6797,35621,7,215576
35632,0.00034,172.31.36.0-255,66,35687,7,215576
35633,0.000344,74.125.24.0-255,360,36047,7,215576
35634,0.000346,172.31.36.0-255,66,36113,7,215576
35635,0.001351,74.125.24.0-255,383,36496,7,215576
35636,0.001455,74.125.24.0-255,1484,37980,7,215576
35637,0.001461,172.31.36.0-255,66,38046,7,215576
35638,0.001468,74.125.24.0-255,2902,40948,7,215576
35639,0.00147,172.31.36.0-255,66,41014,7,215576
35640,0.001476,74.125.24.0-255,4320,45334,7,215576
35641,0.001478,172.31.36.0-255,66,45400,7,215576
35642,0.001503,74.125.24.0-255,1484,46884,7,215576
35643,0.00151,74.125.24.0-255,6797,53681,7,215576
35644,0.001589,74.125.24.0-255,1484,55165,7,215576
35645,0.001595,74.125.24.0-255,2902,58067,7,215576
35646,0.00161,74.125.24.0-255,2902,60969,7,215576
35647,0.001626,74.125.24.0-255,2902,63871,7,215576
35648,0.001636,74.125.24.0-255,6797,70668,7,215576
35649,0.002041,74.125.24.0-255,1484,72152,7,215576
35650,0.00205,74.125.24.0-255,2902,75054,7,215576
35651,0.002065,74.125.24.0-255,5738,80792,7,215576
35652,0.002102,74.125.24.0-255,4320,85112,7,215576
35653,0.002108,74.125.24.0-255,7156,92268,7,215576
35654,0.002142,74.125.24.0-255,3602,95870,7,215576
35655,0.003127,172.31.36.0-255,66,95936,7,215576
35656,0.005466,74.125.24.0-255,5738,101674,7,215576
35657,0.005481,172.31.36.0-255,66,101740,7,215576
35658,0.007783,74.125.24.0-255,5738,107478,7,215576
35659,0.007792,172.31.36.0-255,66,107544,7,215576
35660,0.010131,74.125.24.0-255,5738,113282,7,215576
35661,0.010145,172.31.36.0-255,66,113348,7,215576
35662,0.012482,74.125.24.0-255,5738,119086,7,215576
35663,0.012497,172.31.36.0-255,66,119152,7,215576
35664,0.014847,74.125.24.0-255,5738,124890,7,215576
35665,0.014868,172.31.36.0-255,66,124956,7,215576
35666,0.017215,74.125.24.0-255,5738,130694,7,215576
35667,0.017229,172.31.36.0-255,66,130760,7,215576
35668,0.019538,74.125.24.0-255,5738,136498,7,215576
35669,0.019549,172.31.36.0-255,66,136564,7,215576
35670,0.021887,74.125.24.0-255,5738,142302,7,215576
35671,0.021903,172.31.36.0-255,66,142368,7,215576
35672,0.024223,74.125.24.0-255,5738,148106,7,215576
35673,0.024234,172.31.36.0-255,66,148172,7,215576
35674,0.026577,74.125.24.0-255,5738,153910,7,215576
35675,0.026588,172.31.36.0-255,66,153976,7,215576
35676,0.028896,74.125.24.0-255,5738,159714,7,215576
35677,0.028903,172.31.36.0-255,66,159780,7,215576
35678,0.030895,172.31.36.0-255,172,159952,7,215576
35679,0.030944,172.31.36.0-255,1113,161065,7,215576
35680,0.031013,172.31.36.0-255,1514,162579,7,215576
35681,0.031015,172.31.36.0-255,1514,164093,7,215576
35682,0.031016,172.31.36.0-255,1514,165607,7,215576
35683,0.031017,172.31.36.0-255,1514,167121,7,215576
35684,0.031047,172.31.36.0-255,1514,168635,7,215576
35685,0.031048,172.31.36.0-255,71,168706,7,215576
35686,0.031245,74.125.24.0-255,5738,174444,7,215576
35687,0.031251,172.31.36.0-255,66,174510,7,215576
35688,0.032451,104.244.42.0-255,66,174576,7,215576
35689,0.032481,104.244.42.0-255,66,174642,7,215576
35690,0.032604,104.244.42.0-255,66,174708,7,215576
35691,0.03261,104.244.42.0-255,66,174774,7,215576
35692,0.033127,104.244.42.0-255,108,174882,7,215576
35693,0.033133,172.31.36.0-255,66,174948,7,215576
35694,0.033611,74.125.24.0-255,5738,180686,7,215576
35695,0.033617,172.31.36.0-255,66,180752,7,215576
35696,0.035968,74.125.24.0-255,5738,186490,7,215576
35697,0.035975,172.31.36.0-255,66,186556,7,215576
35698,0.038307,74.125.24.0-255,5738,192294,7,215576
35699,0.038315,172.31.36.0-255,66,192360,7,215576
35700,0.040645,74.125.24.0-255,5738,198098,7,215576
35701,0.040652,172.31.36.0-255,66,198164,7,215576
35702,0.043009,74.125.24.0-255,5738,203902,7,215576
35703,0.043016,172.31.36.0-255,66,203968,7,215576
35704,0.04535,74.125.24.0-255,5738,209706,7,215576
35705,0.045361,172.31.36.0-255,66,209772,7,215576
35706,0.047704,74.125.24.0-255,5738,215510,7,215576
35707,0.047712,172.31.36.0-255,66,215576,7,215576
35708,0.0,172.217.194.0-255,146,146,7,242354
35709,2e-05,172.31.36.0-255,66,212,7,242354
35710,2.6e-05,172.217.194.0-255,1484,1696,7,242354
35711,3e-05,172.31.36.0-255,66,1762,7,242354
35712,3.5e-05,172.217.194.0-255,2902,4664,7,242354
35713,3.7e-05,172.31.36.0-255,66,4730,7,242354
35714,4.4e-05,172.217.194.0-255,5738,10468,7,242354
35715,4.6e-05,172.31.36.0-255,66,10534,7,242354
35716,6.3e-05,172.217.194.0-255,1484,12018,7,242354
35717,6.5e-05,172.31.36.0-255,66,12084,7,242354
35718,7e-05,172.217.194.0-255,2902,14986,7,242354
35719,7.2e-05,172.31.36.0-255,66,15052,7,242354
35720,0.000102,172.31.36.0-255,66,15118,7,242354
35721,0.000109,172.217.194.0-255,6797,21915,7,242354
35722,0.000111,172.31.36.0-255,66,21981,7,242354
35723,0.000393,172.217.194.0-255,1484,23465,7,242354
35724,0.000399,172.31.36.0-255,66,23531,7,242354
35725,0.000404,172.217.194.0-255,2902,26433,7,242354
35726,0.000406,172.31.36.0-255,66,26499,7,242354
35727,0.000426,172.217.194.0-255,1484,27983,7,242354
35728,0.000428,172.31.36.0-255,66,28049,7,242354
35729,0.00045,172.217.194.0-255,4320,32369,7,242354
35730,0.000453,172.31.36.0-255,66,32435,7,242354
35731,0.000474,172.31.36.0-255,66,32501,7,242354
35732,0.000479,172.217.194.0-255,4320,36821,7,242354
35733,0.000481,172.31.36.0-255,66,36887,7,242354
35734,0.000504,172.217.194.0-255,4320,41207,7,242354
35735,0.000507,172.31.36.0-255,66,41273,7,242354
35736,0.000527,172.217.194.0-255,6797,48070,7,242354
35737,0.00053,172.31.36.0-255,66,48136,7,242354
35738,0.000632,172.217.194.0-255,1484,49620,7,242354
35739,0.000638,172.217.194.0-255,2902,52522,7,242354
35740,0.00064,172.31.36.0-255,66,52588,7,242354
35741,0.000653,172.217.194.0-255,2902,55490,7,242354
35742,0.000655,172.31.36.0-255,66,55556,7,242354
35743,0.000682,172.217.194.0-255,2902,58458,7,242354
35744,0.000685,172.31.36.0-255,66,58524,7,242354
35745,0.000689,172.217.194.0-255,4320,62844,7,242354
35746,0.000691,172.31.36.0-255,66,62910,7,242354
35747,0.000714,172.217.194.0-255,5738,68648,7,242354
35748,0.000716,172.31.36.0-255,66,68714,7,242354
35749,0.000744,172.217.194.0-255,5959,74673,7,242354
35750,0.000746,172.31.36.0-255,66,74739,7,242354
35751,0.000762,172.217.194.0-255,5738,80477,7,242354
35752,0.000766,172.31.36.0-255,66,80543,7,242354
35753,0.000787,172.217.194.0-255,2543,83086,7,242354
35754,0.00079,172.31.36.0-255,66,83152,7,242354
35755,0.000899,172.217.194.0-255,1484,84636,7,242354
35756,0.000916,172.217.194.0-255,2902,87538,7,242354
35757,0.00092,172.217.194.0-255,5738,93276,7,242354
35758,0.000924,172.31.36.0-255,66,93342,7,242354
35759,0.000927,172.31.36.0-255,66,93408,7,242354
35760,0.000944,172.217.194.0-255,2902,96310,7,242354
35761,0.000946,172.31.36.0-255,66,96376,7,242354
35762,0.000975,172.31.36.0-255,66,96442,7,242354
35763,0.000986,172.31.36.0-255,66,96508,7,242354
35764,0.001042,172.217.194.0-255,1484,97992,7,242354
35765,0.001047,172.217.194.0-255,2902,100894,7,242354
35766,0.001049,172.31.36.0-255,66,100960,7,242354
35767,0.001052,172.217.194.0-255,1484,102444,7,242354
35768,0.001072,172.217.194.0-255,4320,106764,7,242354
35769,0.001075,172.31.36.0-255,66,106830,7,242354
35770,0.001093,172.217.194.0-255,7156,113986,7,242354
35771,0.001096,172.31.36.0-255,66,114052,7,242354
35772,0.001113,172.217.194.0-255,5738,119790,7,242354
35773,0.001115,172.31.36.0-255,66,119856,7,242354
35774,0.001118,172.217.194.0-255,1484,121340,7,242354
35775,0.001139,172.217.194.0-255,5738,127078,7,242354
35776,0.001142,172.31.36.0-255,66,127144,7,242354
35777,0.001162,172.217.194.0-255,3602,130746,7,242354
35778,0.001164,172.31.36.0-255,66,130812,7,242354
35779,0.001169,172.217.194.0-255,4320,135132,7,242354
35780,0.001171,172.31.36.0-255,66,135198,7,242354
35781,0.001196,172.217.194.0-255,7156,142354,7,242354
35782,0.001199,172.31.36.0-255,66,142420,7,242354
35783,0.001242,172.217.194.0-255,4320,146740,7,242354
35784,0.001244,172.31.36.0-255,66,146806,7,242354
35785,0.001263,172.217.194.0-255,7156,153962,7,242354
35786,0.001266,172.31.36.0-255,66,154028,7,242354
35787,0.001277,172.31.36.0-255,66,154094,7,242354
35788,0.00129,172.31.36.0-255,66,154160,7,242354
35789,0.001304,172.31.36.0-255,66,154226,7,242354
35790,0.001327,172.217.194.0-255,3602,157828,7,242354
35791,0.00133,172.31.36.0-255,66,157894,7,242354
35792,0.001333,172.217.194.0-255,1484,159378,7,242354
35793,0.001336,172.217.194.0-255,2902,162280,7,242354
35794,0.001338,172.31.36.0-255,66,162346,7,242354
35795,0.001342,172.217.194.0-255,2902,165248,7,242354
35796,0.001343,172.31.36.0-255,66,165314,7,242354
35797,0.001364,172.217.194.0-255,2902,168216,7,242354
35798,0.001367,172.31.36.0-255,66,168282,7,242354
35799,0.001379,172.217.194.0-255,7156,175438,7,242354
35800,0.001381,172.31.36.0-255,66,175504,7,242354
35801,0.001403,172.217.194.0-255,5738,181242,7,242354
35802,0.001406,172.31.36.0-255,66,181308,7,242354
35803,0.001417,172.31.36.0-255,66,181374,7,242354
35804,0.001465,172.217.194.0-255,1484,182858,7,242354
35805,0.001469,172.217.194.0-255,2902,185760,7,242354
35806,0.001472,172.31.36.0-255,66,185826,7,242354
35807,0.001478,172.217.194.0-255,4320,190146,7,242354
35808,0.00148,172.31.36.0-255,66,190212,7,242354
35809,0.001494,172.217.194.0-255,1484,191696,7,242354
35810,0.001497,172.217.194.0-255,1484,193180,7,242354
35811,0.001499,172.31.36.0-255,66,193246,7,242354
35812,0.001526,172.31.36.0-255,66,193312,7,242354
35813,0.001531,172.217.194.0-255,2902,196214,7,242354
35814,0.001533,172.31.36.0-255,66,196280,7,242354
35815,0.00157,172.31.36.0-255,66,196346,7,242354
35816,0.001596,172.217.194.0-255,1484,197830,7,242354
35817,0.001601,172.217.194.0-255,2902,200732,7,242354
35818,0.001603,172.31.36.0-255,66,200798,7,242354
35819,0.001607,172.217.194.0-255,1484,202282,7,242354
35820,0.001627,172.217.194.0-255,4320,206602,7,242354
35821,0.00163,172.31.36.0-255,66,206668,7,242354
35822,0.001638,172.217.194.0-255,5738,212406,7,242354
35823,0.001641,172.31.36.0-255,66,212472,7,242354
35824,0.001668,172.217.194.0-255,4320,216792,7,242354
35825,0.001672,172.31.36.0-255,66,216858,7,242354
35826,0.001696,172.217.194.0-255,5738,222596,7,242354
35827,0.0017,172.31.36.0-255,66,222662,7,242354
35828,0.001746,172.31.36.0-255,66,222728,7,242354
35829,0.001753,172.217.194.0-255,7156,229884,7,242354
35830,0.001757,172.31.36.0-255,66,229950,7,242354
35831,0.001778,172.217.194.0-255,7156,237106,7,242354
35832,0.001781,172.31.36.0-255,66,237172,7,242354
35833,0.001795,172.31.36.0-255,66,237238,7,242354
35834,0.001848,172.31.36.0-255,66,237304,7,242354
35835,0.001887,172.31.36.0-255,66,237370,7,242354
35836,0.001909,172.31.36.0-255,66,237436,7,242354
35837,0.001913,172.217.194.0-255,97,237533,7,242354
35838,0.001916,172.217.194.0-255,105,237638,7,242354
35839,0.005086,172.31.36.0-255,66,237704,7,242354
35840,0.005127,172.31.36.0-255,105,237809,7,242354
35841,0.007043,172.217.194.0-255,66,237875,7,242354
35842,0.03513,172.31.36.0-255,187,238062,7,242354
35843,0.035187,172.31.36.0-255,982,239044,7,242354
35844,0.035298,172.31.36.0-255,1514,240558,7,242354
35845,0.0353,172.31.36.0-255,1424,241982,7,242354
35846,0.036687,104.244.42.0-255,66,242048,7,242354
35847,0.036718,104.244.42.0-255,66,242114,7,242354
35848,0.036911,104.244.42.0-255,66,242180,7,242354
35849,0.040514,104.244.42.0-255,108,242288,7,242354
35850,0.040521,172.31.36.0-255,66,242354,7,242354
35851,0.0,172.31.36.0-255,105,105,7,276
35852,0.002304,157.240.13.0-255,105,210,7,276
35853,0.002322,172.31.36.0-255,66,276,7,276
35854,0.0,172.217.194.0-255,143,143,7,213534
35855,2.5e-05,172.31.36.0-255,66,209,7,213534
35856,3.2e-05,172.217.194.0-255,1484,1693,7,213534
35857,3.6e-05,172.31.36.0-255,66,1759,7,213534
35858,5.1e-05,172.217.194.0-255,2902,4661,7,213534
35859,5.4e-05,172.31.36.0-255,66,4727,7,213534
35860,6e-05,172.217.194.0-255,4320,9047,7,213534
35861,6.3e-05,172.31.36.0-255,66,9113,7,213534
35862,6.9e-05,172.217.194.0-255,4837,13950,7,213534
35863,7.3e-05,172.31.36.0-255,66,14016,7,213534
35864,0.00019,172.217.194.0-255,1484,15500,7,213534
35865,0.000194,172.31.36.0-255,66,15566,7,213534
35866,0.0002,172.217.194.0-255,2902,18468,7,213534
35867,0.000202,172.31.36.0-255,66,18534,7,213534
35868,0.000214,172.217.194.0-255,5738,24272,7,213534
35869,0.000217,172.31.36.0-255,66,24338,7,213534
35870,0.000258,172.31.36.0-255,66,24404,7,213534
35871,0.000264,172.217.194.0-255,5738,30142,7,213534
35872,0.000267,172.31.36.0-255,66,30208,7,213534
35873,0.00029,172.217.194.0-255,2902,33110,7,213534
35874,0.000292,172.31.36.0-255,66,33176,7,213534
35875,0.000302,172.217.194.0-255,5738,38914,7,213534
35876,0.000306,172.31.36.0-255,66,38980,7,213534
35877,0.000348,172.31.36.0-255,66,39046,7,213534
35878,0.000356,172.217.194.0-255,6438,45484,7,213534
35879,0.000359,172.31.36.0-255,66,45550,7,213534
35880,0.000411,172.217.194.0-255,413,45963,7,213534
35881,0.000414,172.31.36.0-255,66,46029,7,213534
35882,0.00044,172.217.194.0-255,1484,47513,7,213534
35883,0.000443,172.31.36.0-255,66,47579,7,213534
35884,0.000446,172.217.194.0-255,1484,49063,7,213534
35885,0.000467,172.217.194.0-255,1484,50547,7,213534
35886,0.00047,172.31.36.0-255,66,50613,7,213534
35887,0.000477,172.217.194.0-255,5738,56351,7,213534
35888,0.000479,172.31.36.0-255,66,56417,7,213534
35889,0.000519,172.31.36.0-255,66,56483,7,213534
35890,0.000548,172.217.194.0-255,5738,62221,7,213534
35891,0.000551,172.31.36.0-255,66,62287,7,213534
35892,0.00058,172.217.194.0-255,5315,67602,7,213534
35893,0.000583,172.31.36.0-255,66,67668,7,213534
35894,0.000816,172.217.194.0-255,1484,69152,7,213534
35895,0.000824,172.217.194.0-255,2902,72054,7,213534
35896,0.000828,172.31.36.0-255,66,72120,7,213534
35897,0.000859,172.217.194.0-255,5738,77858,7,213534
35898,0.000863,172.31.36.0-255,66,77924,7,213534
35899,0.000869,172.217.194.0-255,4320,82244,7,213534
35900,0.000871,172.31.36.0-255,66,82310,7,213534
35901,0.000911,172.31.36.0-255,66,82376,7,213534
35902,0.000923,172.31.36.0-255,66,82442,7,213534
35903,0.003219,172.217.194.0-255,5738,88180,7,213534
35904,0.003225,172.31.36.0-255,66,88246,7,213534
35905,0.005493,172.217.194.0-255,5738,93984,7,213534
35906,0.005498,172.31.36.0-255,66,94050,7,213534
35907,0.0078,172.217.194.0-255,5738,99788,7,213534
35908,0.007807,172.31.36.0-255,66,99854,7,213534
35909,0.010094,172.217.194.0-255,5738,105592,7,213534
35910,0.010103,172.31.36.0-255,66,105658,7,213534
35911,0.012394,172.217.194.0-255,5738,111396,7,213534
35912,0.012403,172.31.36.0-255,66,111462,7,213534
35913,0.014699,172.217.194.0-255,5738,117200,7,213534
35914,0.01471,172.31.36.0-255,66,117266,7,213534
35915,0.01706,172.217.194.0-255,5738,123004,7,213534
35916,0.017069,172.31.36.0-255,66,123070,7,213534
35917,0.019371,172.217.194.0-255,5738,128808,7,213534
35918,0.019389,172.31.36.0-255,66,128874,7,213534
35919,0.021691,172.217.194.0-255,5738,134612,7,213534
35920,0.021702,172.31.36.0-255,66,134678,7,213534
35921,0.024037,172.217.194.0-255,5738,140416,7,213534
35922,0.024045,172.31.36.0-255,66,140482,7,213534
35923,0.02634,172.217.194.0-255,5738,146220,7,213534
35924,0.02635,172.31.36.0-255,66,146286,7,213534
35925,0.028667,172.217.194.0-255,5738,152024,7,213534
35926,0.028674,172.31.36.0-255,66,152090,7,213534
35927,0.030982,172.217.194.0-255,5738,157828,7,213534
35928,0.030988,172.31.36.0-255,66,157894,7,213534
35929,0.031144,172.31.36.0-255,190,158084,7,213534
35930,0.031169,172.31.36.0-255,1113,159197,7,213534
35931,0.031283,172.31.36.0-255,1514,160711,7,213534
35932,0.031285,172.31.36.0-255,1514,162225,7,213534
35933,0.031286,172.31.36.0-255,1514,163739,7,213534
35934,0.031291,172.31.36.0-255,1514,165253,7,213534
35935,0.031312,172.31.36.0-255,1514,166767,7,213534
35936,0.031313,172.31.36.0-255,71,166838,7,213534
35937,0.032668,104.244.42.0-255,66,166904,7,213534
35938,0.032717,104.244.42.0-255,66,166970,7,213534
35939,0.032856,104.244.42.0-255,66,167036,7,213534
35940,0.032863,104.244.42.0-255,66,167102,7,213534
35941,0.033267,172.217.194.0-255,5738,172840,7,213534
35942,0.033274,172.31.36.0-255,66,172906,7,213534
35943,0.03559,172.217.194.0-255,5738,178644,7,213534
35944,0.035597,172.31.36.0-255,66,178710,7,213534
35945,0.037914,172.217.194.0-255,5738,184448,7,213534
35946,0.037921,172.31.36.0-255,66,184514,7,213534
35947,0.040222,172.217.194.0-255,5738,190252,7,213534
35948,0.040232,172.31.36.0-255,66,190318,7,213534
35949,0.042516,172.217.194.0-255,5738,196056,7,213534
35950,0.042522,172.31.36.0-255,66,196122,7,213534
35951,0.044837,172.217.194.0-255,5738,201860,7,213534
35952,0.044843,172.31.36.0-255,66,201926,7,213534
35953,0.047206,172.217.194.0-255,5738,207664,7,213534
35954,0.047212,172.31.36.0-255,66,207730,7,213534
35955,0.049517,172.217.194.0-255,5738,213468,7,213534
35956,0.049526,172.31.36.0-255,66,213534,7,213534
35957,0.0,172.31.36.0-255,66,66,7,66
35958,0.0,74.125.68.0-255,148,148,7,305591
35959,3.5e-05,172.31.36.0-255,66,214,7,305591
35960,4.3e-05,74.125.68.0-255,1484,1698,7,305591
35961,4.8e-05,172.31.36.0-255,66,1764,7,305591
35962,5.3e-05,74.125.68.0-255,2902,4666,7,305591
35963,5.5e-05,172.31.36.0-255,66,4732,7,305591
35964,6.2e-05,74.125.68.0-255,7156,11888,7,305591
35965,6.4e-05,172.31.36.0-255,66,11954,7,305591
35966,6.8e-05,74.125.68.0-255,2040,13994,7,305591
35967,7.1e-05,172.31.36.0-255,66,14060,7,305591
35968,0.000116,74.125.68.0-255,1484,15544,7,305591
35969,0.000119,172.31.36.0-255,66,15610,7,305591
35970,0.000125,74.125.68.0-255,2902,18512,7,305591
35971,0.000127,172.31.36.0-255,66,18578,7,305591
35972,0.000159,74.125.68.0-255,5738,24316,7,305591
35973,0.000162,172.31.36.0-255,66,24382,7,305591
35974,0.000168,74.125.68.0-255,5738,30120,7,305591
35975,0.00017,172.31.36.0-255,66,30186,7,305591
35976,0.000205,74.125.68.0-255,1125,31311,7,305591
35977,0.000208,172.31.36.0-255,66,31377,7,305591
35978,0.000371,74.125.68.0-255,1484,32861,7,305591
35979,0.000376,172.31.36.0-255,66,32927,7,305591
35980,0.000382,74.125.68.0-255,2902,35829,7,305591
35981,0.000384,172.31.36.0-255,66,35895,7,305591
35982,0.000406,74.125.68.0-255,2902,38797,7,305591
35983,0.000408,172.31.36.0-255,66,38863,7,305591
35984,0.000426,74.125.68.0-255,2902,41765,7,305591
35985,0.000429,172.31.36.0-255,66,41831,7,305591
35986,0.000437,74.125.68.0-255,6797,48628,7,305591
35987,0.000439,172.31.36.0-255,66,48694,7,305591
35988,0.000486,172.31.36.0-255,66,48760,7,305591
35989,0.000518,74.125.68.0-255,5738,54498,7,305591
35990,0.000521,172.31.36.0-255,66,54564,7,305591
35991,0.000536,74.125.68.0-255,1437,56001,7,305591
35992,0.00054,74.125.68.0-255,376,56377,7,305591
35993,0.000542,172.31.36.0-255,66,56443,7,305591
35994,0.000736,74.125.68.0-255,1484,57927,7,305591
35995,0.000755,74.125.68.0-255,2902,60829,7,305591
35996,0.000758,172.31.36.0-255,66,60895,7,305591
35997,0.000785,74.125.68.0-255,2902,63797,7,305591
35998,0.000788,172.31.36.0-255,66,63863,7,305591
35999,0.000813,74.125.68.0-255,2902,66765,7,305591
36000,0.000816,172.31.36.0-255,66,66831,7,305591
36001,0.000828,172.31.36.0-255,66,66897,7,305591
36002,0.000841,172.31.36.0-255,66,66963,7,305591
36003,0.000845,74.125.68.0-255,2184,69147,7,305591
36004,0.000848,172.31.36.0-255,66,69213,7,305591
36005,0.0011,74.125.68.0-255,1484,70697,7,305591
36006,0.001116,74.125.68.0-255,2902,73599,7,305591
36007,0.00112,172.31.36.0-255,66,73665,7,305591
36008,0.001124,74.125.68.0-255,1484,75149,7,305591
36009,0.001144,74.125.68.0-255,4320,79469,7,305591
36010,0.001146,172.31.36.0-255,66,79535,7,305591
36011,0.001152,74.125.68.0-255,4320,83855,7,305591
36012,0.001154,172.31.36.0-255,66,83921,7,305591
36013,0.001158,74.125.68.0-255,2902,86823,7,305591
36014,0.00116,172.31.36.0-255,66,86889,7,305591
36015,0.001178,74.125.68.0-255,2902,89791,7,305591
36016,0.001181,172.31.36.0-255,66,89857,7,305591
36017,0.001211,74.125.68.0-255,2184,92041,7,305591
36018,0.001218,172.31.36.0-255,66,92107,7,305591
36019,0.001222,172.31.36.0-255,66,92173,7,305591
36020,0.001497,74.125.68.0-255,1484,93657,7,305591
36021,0.001506,74.125.68.0-255,2902,96559,7,305591
36022,0.00151,172.31.36.0-255,66,96625,7,305591
36023,0.001531,74.125.68.0-255,5738,102363,7,305591
36024,0.001533,172.31.36.0-255,66,102429,7,305591
36025,0.001564,74.125.68.0-255,2902,105331,7,305591
36026,0.001568,172.31.36.0-255,66,105397,7,305591
36027,0.001596,172.31.36.0-255,66,105463,7,305591
36028,0.0016,74.125.68.0-255,1484,106947,7,305591
36029,0.001632,172.31.36.0-255,66,107013,7,305591
36030,0.001658,74.125.68.0-255,1484,108497,7,305591
36031,0.001674,74.125.68.0-255,2902,111399,7,305591
36032,0.001677,172.31.36.0-255,66,111465,7,305591
36033,0.001682,74.125.68.0-255,2902,114367,7,305591
36034,0.001684,172.31.36.0-255,66,114433,7,305591
36035,0.001697,74.125.68.0-255,2902,117335,7,305591
36036,0.0017,172.31.36.0-255,66,117401,7,305591
36037,0.001735,172.31.36.0-255,66,117467,7,305591
36038,0.001739,74.125.68.0-255,2902,120369,7,305591
36039,0.001741,172.31.36.0-255,66,120435,7,305591
36040,0.001759,74.125.68.0-255,7156,127591,7,305591
36041,0.001762,172.31.36.0-255,66,127657,7,305591
36042,0.001769,74.125.68.0-255,5020,132677,7,305591
36043,0.001772,172.31.36.0-255,66,132743,7,305591
36044,0.001971,74.125.68.0-255,1484,134227,7,305591
36045,0.00198,74.125.68.0-255,2902,137129,7,305591
36046,0.001984,172.31.36.0-255,66,137195,7,305591
36047,0.002015,74.125.68.0-255,5738,142933,7,305591
36048,0.002018,172.31.36.0-255,66,142999,7,305591
36049,0.002023,74.125.68.0-255,4320,147319,7,305591
36050,0.002026,172.31.36.0-255,66,147385,7,305591
36051,0.002029,74.125.68.0-255,1484,148869,7,305591
36052,0.002052,74.125.68.0-255,4320,153189,7,305591
36053,0.002056,172.31.36.0-255,66,153255,7,305591
36054,0.00206,74.125.68.0-255,1484,154739,7,305591
36055,0.00209,172.31.36.0-255,66,154805,7,305591
36056,0.002094,74.125.68.0-255,2184,156989,7,305591
36057,0.002096,172.31.36.0-255,66,157055,7,305591
36058,0.002173,74.125.68.0-255,1484,158539,7,305591
36059,0.002197,74.125.68.0-255,2902,161441,7,305591
36060,0.002204,74.125.68.0-255,5738,167179,7,305591
36061,0.002247,74.125.68.0-255,5738,172917,7,305591
36062,0.002259,74.125.68.0-255,4320,177237,7,305591
36063,0.002297,74.125.68.0-255,1484,178721,7,305591
36064,0.002324,74.125.68.0-255,2184,180905,7,305591
36065,0.002458,74.125.68.0-255,1484,182389,7,305591
36066,0.002474,74.125.68.0-255,2902,185291,7,305591
36067,0.002477,74.125.68.0-255,1484,186775,7,305591
36068,0.002499,74.125.68.0-255,2902,189677,7,305591
36069,0.002519,74.125.68.0-255,5738,195415,7,305591
36070,0.002591,74.125.68.0-255,5738,201153,7,305591
36071,0.002607,74.125.68.0-255,3602,204755,7,305591
36072,0.007374,172.31.36.0-255,66,204821,7,305591
36073,0.009942,74.125.68.0-255,5738,210559,7,305591
36074,0.00995,172.31.36.0-255,66,210625,7,305591
36075,0.012514,74.125.68.0-255,5738,216363,7,305591
36076,0.012521,172.31.36.0-255,66,216429,7,305591
36077,0.01508,74.125.68.0-255,5738,222167,7,305591
36078,0.015088,172.31.36.0-255,66,222233,7,305591
36079,0.01765,74.125.68.0-255,5738,227971,7,305591
36080,0.017659,172.31.36.0-255,66,228037,7,305591
36081,0.020229,74.125.68.0-255,5738,233775,7,305591
36082,0.020237,172.31.36.0-255,66,233841,7,305591
36083,0.022806,74.125.68.0-255,5738,239579,7,305591
36084,0.022812,172.31.36.0-255,66,239645,7,305591
36085,0.025366,74.125.68.0-255,5738,245383,7,305591
36086,0.025374,172.31.36.0-255,66,245449,7,305591
36087,0.027937,74.125.68.0-255,5738,251187,7,305591
36088,0.027945,172.31.36.0-255,66,251253,7,305591
36089,0.030517,74.125.68.0-255,5738,256991,7,305591
36090,0.030523,172.31.36.0-255,66,257057,7,305591
36091,0.03309,74.125.68.0-255,5738,262795,7,305591
36092,0.033098,172.31.36.0-255,66,262861,7,305591
36093,0.035272,172.31.36.0-255,172,263033,7,305591
36094,0.035316,172.31.36.0-255,1113,264146,7,305591
36095,0.035401,172.31.36.0-255,1514,265660,7,305591
36096,0.035402,172.31.36.0-255,1514,267174,7,305591
36097,0.035403,172.31.36.0-255,1514,268688,7,305591
36098,0.035408,172.31.36.0-255,1514,270202,7,305591
36099,0.035409,172.31.36.0-255,1514,271716,7,305591
36100,0.03541,172.31.36.0-255,73,271789,7,305591
36101,0.035663,74.125.68.0-255,5738,277527,7,305591
36102,0.03567,172.31.36.0-255,66,277593,7,305591
36103,0.036756,104.244.42.0-255,66,277659,7,305591
36104,0.036798,104.244.42.0-255,66,277725,7,305591
36105,0.036902,104.244.42.0-255,66,277791,7,305591
36106,0.036908,104.244.42.0-255,66,277857,7,305591
36107,0.038223,74.125.68.0-255,5738,283595,7,305591
36108,0.038228,172.31.36.0-255,66,283661,7,305591
36109,0.040784,74.125.68.0-255,5738,289399,7,305591
36110,0.040792,172.31.36.0-255,66,289465,7,305591
36111,0.04336,74.125.68.0-255,4320,293785,7,305591
36112,0.043366,172.31.36.0-255,66,293851,7,305591
36113,0.04338,74.125.68.0-255,1484,295335,7,305591
36114,0.045921,74.125.68.0-255,4320,299655,7,305591
36115,0.045928,172.31.36.0-255,66,299721,7,305591
36116,0.048484,74.125.68.0-255,4320,304041,7,305591
36117,0.048491,172.31.36.0-255,66,304107,7,305591
36118,0.048526,74.125.68.0-255,1484,305591,7,305591
36119,0.0,172.217.194.0-255,146,146,7,259470
36120,1.6e-05,172.31.36.0-255,66,212,7,259470
36121,2.3e-05,172.217.194.0-255,1484,1696,7,259470
36122,2.7e-05,172.31.36.0-255,66,1762,7,259470
36123,3.3e-05,172.217.194.0-255,2902,4664,7,259470
36124,3.6e-05,172.31.36.0-255,66,4730,7,259470
36125,4.4e-05,172.217.194.0-255,5738,10468,7,259470
36126,4.8e-05,172.31.36.0-255,66,10534,7,259470
36127,7.3e-05,172.217.194.0-255,1484,12018,7,259470
36128,7.6e-05,172.31.36.0-255,66,12084,7,259470
36129,9.1e-05,172.31.36.0-255,66,12150,7,259470
36130,9.7e-05,172.217.194.0-255,6797,18947,7,259470
36131,0.0001,172.31.36.0-255,66,19013,7,259470
36132,0.000151,172.217.194.0-255,1484,20497,7,259470
36133,0.000155,172.31.36.0-255,66,20563,7,259470
36134,0.00016,172.217.194.0-255,2902,23465,7,259470
36135,0.000162,172.31.36.0-255,66,23531,7,259470
36136,0.000168,172.217.194.0-255,5738,29269,7,259470
36137,0.000171,172.31.36.0-255,66,29335,7,259470
36138,0.000208,172.31.36.0-255,66,29401,7,259470
36139,0.000214,172.217.194.0-255,3961,33362,7,259470
36140,0.000216,172.31.36.0-255,66,33428,7,259470
36141,0.000267,172.31.36.0-255,66,33494,7,259470
36142,0.00027,172.217.194.0-255,365,33859,7,259470
36143,0.000272,172.31.36.0-255,66,33925,7,259470
36144,0.000419,172.217.194.0-255,1484,35409,7,259470
36145,0.000426,172.31.36.0-255,66,35475,7,259470
36146,0.000431,172.217.194.0-255,2902,38377,7,259470
36147,0.000433,172.31.36.0-255,66,38443,7,259470
36148,0.00044,172.217.194.0-255,5738,44181,7,259470
36149,0.000442,172.31.36.0-255,66,44247,7,259470
36150,0.000447,172.217.194.0-255,2902,47149,7,259470
36151,0.000449,172.31.36.0-255,66,47215,7,259470
36152,0.000471,172.217.194.0-255,4320,51535,7,259470
36153,0.000474,172.31.36.0-255,66,51601,7,259470
36154,0.000483,172.31.36.0-255,66,51667,7,259470
36155,0.000505,172.217.194.0-255,4320,55987,7,259470
36156,0.000507,172.31.36.0-255,66,56053,7,259470
36157,0.00051,172.217.194.0-255,2184,58237,7,259470
36158,0.000512,172.31.36.0-255,66,58303,7,259470
36159,0.001151,172.217.194.0-255,1484,59787,7,259470
36160,0.001178,172.217.194.0-255,2902,62689,7,259470
36161,0.001183,172.217.194.0-255,5738,68427,7,259470
36162,0.001203,172.31.36.0-255,66,68493,7,259470
36163,0.00121,172.31.36.0-255,66,68559,7,259470
36164,0.001221,172.217.194.0-255,2902,71461,7,259470
36165,0.001224,172.31.36.0-255,66,71527,7,259470
36166,0.001252,172.217.194.0-255,5738,77265,7,259470
36167,0.001255,172.31.36.0-255,66,77331,7,259470
36168,0.001265,172.217.194.0-255,4320,81651,7,259470
36169,0.001267,172.31.36.0-255,66,81717,7,259470
36170,0.001294,172.217.194.0-255,5738,87455,7,259470
36171,0.001297,172.31.36.0-255,66,87521,7,259470
36172,0.001303,172.217.194.0-255,5020,92541,7,259470
36173,0.001304,172.31.36.0-255,66,92607,7,259470
36174,0.001328,172.217.194.0-255,2902,95509,7,259470
36175,0.001331,172.31.36.0-255,66,95575,7,259470
36176,0.001337,172.217.194.0-255,4320,99895,7,259470
36177,0.001339,172.31.36.0-255,66,99961,7,259470
36178,0.001343,172.217.194.0-255,1484,101445,7,259470
36179,0.001375,172.217.194.0-255,7156,108601,7,259470
36180,0.001379,172.31.36.0-255,66,108667,7,259470
36181,0.00139,172.31.36.0-255,66,108733,7,259470
36182,0.001403,172.217.194.0-255,1484,110217,7,259470
36183,0.001426,172.31.36.0-255,66,110283,7,259470
36184,0.001515,172.217.194.0-255,1484,111767,7,259470
36185,0.001522,172.217.194.0-255,2902,114669,7,259470
36186,0.001525,172.31.36.0-255,66,114735,7,259470
36187,0.001532,172.217.194.0-255,5738,120473,7,259470
36188,0.001534,172.31.36.0-255,66,120539,7,259470
36189,0.001564,172.31.36.0-255,66,120605,7,259470
36190,0.00159,172.217.194.0-255,1484,122089,7,259470
36191,0.001603,172.31.36.0-255,66,122155,7,259470
36192,0.00163,172.217.194.0-255,1484,123639,7,259470
36193,0.001634,172.217.194.0-255,2902,126541,7,259470
36194,0.001636,172.31.36.0-255,66,126607,7,259470
36195,0.00164,172.217.194.0-255,1484,128091,7,259470
36196,0.00166,172.217.194.0-255,4320,132411,7,259470
36197,0.001663,172.31.36.0-255,66,132477,7,259470
36198,0.001668,172.217.194.0-255,4320,136797,7,259470
36199,0.00167,172.31.36.0-255,66,136863,7,259470
36200,0.001707,172.31.36.0-255,66,136929,7,259470
36201,0.001709,172.217.194.0-255,1484,138413,7,259470
36202,0.001726,172.217.194.0-255,7156,145569,7,259470
36203,0.001729,172.31.36.0-255,66,145635,7,259470
36204,0.001751,172.217.194.0-255,2184,147819,7,259470
36205,0.001753,172.31.36.0-255,66,147885,7,259470
36206,0.001793,172.217.194.0-255,7156,155041,7,259470
36207,0.001795,172.31.36.0-255,66,155107,7,259470
36208,0.001813,172.217.194.0-255,2902,158009,7,259470
36209,0.001816,172.31.36.0-255,66,158075,7,259470
36210,0.001831,172.31.36.0-255,66,158141,7,259470
36211,0.001844,172.31.36.0-255,66,158207,7,259470
36212,0.001934,172.217.194.0-255,1484,159691,7,259470
36213,0.001951,172.217.194.0-255,2902,162593,7,259470
36214,0.001954,172.31.36.0-255,66,162659,7,259470
36215,0.00197,172.217.194.0-255,2902,165561,7,259470
36216,0.001972,172.31.36.0-255,66,165627,7,259470
36217,0.001984,172.217.194.0-255,2902,168529,7,259470
36218,0.001986,172.31.36.0-255,66,168595,7,259470
36219,0.001989,172.217.194.0-255,1484,170079,7,259470
36220,0.002018,172.31.36.0-255,66,170145,7,259470
36221,0.002046,172.217.194.0-255,2902,173047,7,259470
36222,0.002048,172.31.36.0-255,66,173113,7,259470
36223,0.002059,172.31.36.0-255,66,173179,7,259470
36224,0.002176,172.217.194.0-255,1484,174663,7,259470
36225,0.002181,172.217.194.0-255,2902,177565,7,259470
36226,0.002184,172.31.36.0-255,66,177631,7,259470
36227,0.002188,172.217.194.0-255,1484,179115,7,259470
36228,0.002207,172.217.194.0-255,4320,183435,7,259470
36229,0.002209,172.31.36.0-255,66,183501,7,259470
36230,0.002216,172.217.194.0-255,7156,190657,7,259470
36231,0.002219,172.31.36.0-255,66,190723,7,259470
36232,0.002241,172.217.194.0-255,5738,196461,7,259470
36233,0.002243,172.31.36.0-255,66,196527,7,259470
36234,0.002255,172.31.36.0-255,66,196593,7,259470
36235,0.00228,172.217.194.0-255,5738,202331,7,259470
36236,0.002282,172.31.36.0-255,66,202397,7,259470
36237,0.002326,172.31.36.0-255,66,202463,7,259470
36238,0.002336,172.31.36.0-255,66,202529,7,259470
36239,0.002342,172.217.194.0-255,7156,209685,7,259470
36240,0.002345,172.31.36.0-255,66,209751,7,259470
36241,0.004632,172.217.194.0-255,5738,215489,7,259470
36242,0.004638,172.31.36.0-255,66,215555,7,259470
36243,0.00693,172.217.194.0-255,5738,221293,7,259470
36244,0.006936,172.31.36.0-255,66,221359,7,259470
36245,0.009226,172.217.194.0-255,5738,227097,7,259470
36246,0.009233,172.31.36.0-255,66,227163,7,259470
36247,0.011511,172.217.194.0-255,5738,232901,7,259470
36248,0.01152,172.31.36.0-255,66,232967,7,259470
36249,0.013815,172.217.194.0-255,5738,238705,7,259470
36250,0.013826,172.31.36.0-255,66,238771,7,259470
36251,0.016127,172.217.194.0-255,5738,244509,7,259470
36252,0.016134,172.31.36.0-255,66,244575,7,259470
36253,0.018448,172.217.194.0-255,5228,249803,7,259470
36254,0.018456,172.31.36.0-255,66,249869,7,259470
36255,0.018688,172.31.36.0-255,105,249974,7,259470
36256,0.020944,172.217.194.0-255,66,250040,7,259470
36257,0.029562,172.31.36.0-255,172,250212,7,259470
36258,0.029591,172.31.36.0-255,1113,251325,7,259470
36259,0.029639,172.31.36.0-255,1514,252839,7,259470
36260,0.02964,172.31.36.0-255,1514,254353,7,259470
36261,0.029641,172.31.36.0-255,1514,255867,7,259470
36262,0.029643,172.31.36.0-255,1514,257381,7,259470
36263,0.029672,172.31.36.0-255,1514,258895,7,259470
36264,0.029673,172.31.36.0-255,71,258966,7,259470
36265,0.031089,104.244.42.0-255,66,259032,7,259470
36266,0.031131,104.244.42.0-255,66,259098,7,259470
36267,0.031206,104.244.42.0-255,66,259164,7,259470
36268,0.031211,104.244.42.0-255,66,259230,7,259470
36269,0.031214,104.244.42.0-255,66,259296,7,259470
36270,0.03205,104.244.42.0-255,108,259404,7,259470
36271,0.032071,172.31.36.0-255,66,259470,7,259470
36272,0.0,74.125.68.0-255,152,152,7,307457
36273,1.9e-05,172.31.36.0-255,66,218,7,307457
36274,2.5e-05,74.125.68.0-255,1484,1702,7,307457
36275,3e-05,172.31.36.0-255,66,1768,7,307457
36276,4.3e-05,74.125.68.0-255,2902,4670,7,307457
36277,4.5e-05,172.31.36.0-255,66,4736,7,307457
36278,4.9e-05,74.125.68.0-255,1484,6220,7,307457
36279,5.2e-05,172.31.36.0-255,66,6286,7,307457
36280,8.8e-05,74.125.68.0-255,4320,10606,7,307457
36281,9.1e-05,172.31.36.0-255,66,10672,7,307457
36282,9.7e-05,74.125.68.0-255,3396,14068,7,307457
36283,9.9e-05,172.31.36.0-255,66,14134,7,307457
36284,0.000102,74.125.68.0-255,1484,15618,7,307457
36285,0.000104,172.31.36.0-255,66,15684,7,307457
36286,0.000135,74.125.68.0-255,2902,18586,7,307457
36287,0.000138,172.31.36.0-255,66,18652,7,307457
36288,0.000144,74.125.68.0-255,5738,24390,7,307457
36289,0.000147,172.31.36.0-255,66,24456,7,307457
36290,0.000153,74.125.68.0-255,7156,31612,7,307457
36291,0.000157,172.31.36.0-255,66,31678,7,307457
36292,0.000197,172.31.36.0-255,66,31744,7,307457
36293,0.000247,74.125.68.0-255,4320,36064,7,307457
36294,0.000249,172.31.36.0-255,66,36130,7,307457
36295,0.000273,74.125.68.0-255,2184,38314,7,307457
36296,0.000275,172.31.36.0-255,66,38380,7,307457
36297,0.000357,74.125.68.0-255,1484,39864,7,307457
36298,0.000361,172.31.36.0-255,66,39930,7,307457
36299,0.000366,74.125.68.0-255,2902,42832,7,307457
36300,0.000369,172.31.36.0-255,66,42898,7,307457
36301,0.000372,74.125.68.0-255,1484,44382,7,307457
36302,0.000379,172.31.36.0-255,66,44448,7,307457
36303,0.000402,74.125.68.0-255,1484,45932,7,307457
36304,0.000408,74.125.68.0-255,4320,50252,7,307457
36305,0.000411,172.31.36.0-255,66,50318,7,307457
36306,0.000421,74.125.68.0-255,1484,51802,7,307457
36307,0.000446,74.125.68.0-255,4233,56035,7,307457
36308,0.00049,74.125.68.0-255,383,56418,7,307457
36309,0.000532,74.125.68.0-255,1484,57902,7,307457
36310,0.000546,74.125.68.0-255,2902,60804,7,307457
36311,0.000567,74.125.68.0-255,5738,66542,7,307457
36312,0.000588,74.125.68.0-255,5738,72280,7,307457
36313,0.000608,74.125.68.0-255,7156,79436,7,307457
36314,0.000633,74.125.68.0-255,2902,82338,7,307457
36315,0.000671,172.31.36.0-255,66,82404,7,307457
36316,0.000822,74.125.68.0-255,1484,83888,7,307457
36317,0.000845,74.125.68.0-255,2902,86790,7,307457
36318,0.000851,74.125.68.0-255,4320,91110,7,307457
36319,0.000857,172.31.36.0-255,66,91176,7,307457
36320,0.000895,74.125.68.0-255,5738,96914,7,307457
36321,0.0009,74.125.68.0-255,2902,99816,7,307457
36322,0.000909,172.31.36.0-255,66,99882,7,307457
36323,0.000927,74.125.68.0-255,4320,104202,7,307457
36324,0.000943,74.125.68.0-255,3602,107804,7,307457
36325,0.000962,172.31.36.0-255,66,107870,7,307457
36326,0.000999,74.125.68.0-255,1484,109354,7,307457
36327,0.001014,74.125.68.0-255,2902,112256,7,307457
36328,0.001028,74.125.68.0-255,5738,117994,7,307457
36329,0.001041,74.125.68.0-255,1484,119478,7,307457
36330,0.001057,172.31.36.0-255,66,119544,7,307457
36331,0.001062,74.125.68.0-255,2902,122446,7,307457
36332,0.00107,172.31.36.0-255,66,122512,7,307457
36333,0.001089,74.125.68.0-255,5738,128250,7,307457
36334,0.001093,74.125.68.0-255,2902,131152,7,307457
36335,0.001113,74.125.68.0-255,2902,134054,7,307457
36336,0.00112,74.125.68.0-255,5738,139792,7,307457
36337,0.001135,74.125.68.0-255,1484,141276,7,307457
36338,0.001138,74.125.68.0-255,766,142042,7,307457
36339,0.001149,172.31.36.0-255,66,142108,7,307457
36340,0.001267,74.125.68.0-255,1484,143592,7,307457
36341,0.001286,74.125.68.0-255,2902,146494,7,307457
36342,0.001289,74.125.68.0-255,1484,147978,7,307457
36343,0.001301,74.125.68.0-255,2902,150880,7,307457
36344,0.00131,172.31.36.0-255,66,150946,7,307457
36345,0.00132,172.31.36.0-255,66,151012,7,307457
36346,0.00133,74.125.68.0-255,5738,156750,7,307457
36347,0.001382,74.125.68.0-255,2902,159652,7,307457
36348,0.001411,74.125.68.0-255,2902,162554,7,307457
36349,0.001414,172.31.36.0-255,66,162620,7,307457
36350,0.00142,172.31.36.0-255,66,162686,7,307457
36351,0.001478,74.125.68.0-255,4320,167006,7,307457
36352,0.001484,74.125.68.0-255,5738,172744,7,307457
36353,0.001527,172.31.36.0-255,66,172810,7,307457
36354,0.001579,74.125.68.0-255,5738,178548,7,307457
36355,0.001585,74.125.68.0-255,7156,185704,7,307457
36356,0.001602,74.125.68.0-255,3053,188757,7,307457
36357,0.001619,172.31.36.0-255,66,188823,7,307457
36358,0.001748,74.125.68.0-255,1484,190307,7,307457
36359,0.001781,74.125.68.0-255,2902,193209,7,307457
36360,0.001793,172.31.36.0-255,66,193275,7,307457
36361,0.001804,74.125.68.0-255,2902,196177,7,307457
36362,0.001821,74.125.68.0-255,1484,197661,7,307457
36363,0.001834,74.125.68.0-255,2902,200563,7,307457
36364,0.001847,74.125.68.0-255,1484,202047,7,307457
36365,0.00185,172.31.36.0-255,66,202113,7,307457
36366,0.001871,74.125.68.0-255,7156,209269,7,307457
36367,0.001874,74.125.68.0-255,1484,210753,7,307457
36368,0.00189,172.31.36.0-255,66,210819,7,307457
36369,0.0019,74.125.68.0-255,2902,213721,7,307457
36370,0.00191,172.31.36.0-255,66,213787,7,307457
36371,0.001927,74.125.68.0-255,766,214553,7,307457
36372,0.001954,172.31.36.0-255,66,214619,7,307457
36373,0.002011,74.125.68.0-255,1484,216103,7,307457
36374,0.002016,74.125.68.0-255,1484,217587,7,307457
36375,0.00203,74.125.68.0-255,1484,219071,7,307457
36376,0.002046,74.125.68.0-255,5738,224809,7,307457
36377,0.002053,172.31.36.0-255,66,224875,7,307457
36378,0.0021,74.125.68.0-255,7156,232031,7,307457
36379,0.002113,74.125.68.0-255,1484,233515,7,307457
36380,0.002137,74.125.68.0-255,6438,239953,7,307457
36381,0.002139,74.125.68.0-255,1484,241437,7,307457
36382,0.002145,172.31.36.0-255,66,241503,7,307457
36383,0.002177,74.125.68.0-255,7156,248659,7,307457
36384,0.002193,74.125.68.0-255,7156,255815,7,307457
36385,0.002206,74.125.68.0-255,2902,258717,7,307457
36386,0.002209,74.125.68.0-255,1484,260201,7,307457
36387,0.002214,172.31.36.0-255,66,260267,7,307457
36388,0.002236,74.125.68.0-255,5020,265287,7,307457
36389,0.00224,74.125.68.0-255,2902,268189,7,307457
36390,0.002262,74.125.68.0-255,4320,272509,7,307457
36391,0.002267,74.125.68.0-255,2902,275411,7,307457
36392,0.002281,74.125.68.0-255,4320,279731,7,307457
36393,0.002293,74.125.68.0-255,1484,281215,7,307457
36394,0.002308,74.125.68.0-255,5738,286953,7,307457
36395,0.002313,172.31.36.0-255,66,287019,7,307457
36396,0.002318,172.31.36.0-255,66,287085,7,307457
36397,0.002338,74.125.68.0-255,1484,288569,7,307457
36398,0.002351,74.125.68.0-255,1484,290053,7,307457
36399,0.002382,74.125.68.0-255,7156,297209,7,307457
36400,0.002384,74.125.68.0-255,1484,298693,7,307457
36401,0.002387,74.125.68.0-255,1484,300177,7,307457
36402,0.002425,172.31.36.0-255,66,300243,7,307457
36403,0.002431,172.31.36.0-255,66,300309,7,307457
36404,0.002452,74.125.68.0-255,2353,302662,7,307457
36405,0.002455,74.125.68.0-255,97,302759,7,307457
36406,0.002481,172.31.36.0-255,66,302825,7,307457
36407,0.002526,74.125.68.0-255,105,302930,7,307457
36408,0.016043,172.31.36.0-255,66,302996,7,307457
36409,0.016098,172.31.36.0-255,105,303101,7,307457
36410,0.018382,74.125.68.0-255,66,303167,7,307457
36411,0.038677,172.31.36.0-255,172,303339,7,307457
36412,0.038712,172.31.36.0-255,1114,304453,7,307457
36413,0.038776,172.31.36.0-255,1514,305967,7,307457
36414,0.038778,172.31.36.0-255,1292,307259,7,307457
36415,0.040235,104.244.42.0-255,66,307325,7,307457
36416,0.040289,104.244.42.0-255,66,307391,7,307457
36417,0.04037,104.244.42.0-255,66,307457,7,307457
36418,0.0,74.125.200.0-255,158,158,7,324221
36419,2.3e-05,172.31.36.0-255,66,224,7,324221
36420,3e-05,74.125.200.0-255,1484,1708,7,324221
36421,3.5e-05,172.31.36.0-255,66,1774,7,324221
36422,4.1e-05,74.125.200.0-255,2902,4676,7,324221
36423,4.4e-05,172.31.36.0-255,66,4742,7,324221
36424,5.9e-05,74.125.200.0-255,7156,11898,7,324221
36425,6.3e-05,172.31.36.0-255,66,11964,7,324221
36426,6.6e-05,74.125.200.0-255,1484,13448,7,324221
36427,6.8e-05,172.31.36.0-255,66,13514,7,324221
36428,0.0001,74.125.200.0-255,585,14099,7,324221
36429,0.000103,172.31.36.0-255,66,14165,7,324221
36430,0.000128,74.125.200.0-255,1484,15649,7,324221
36431,0.00013,172.31.36.0-255,66,15715,7,324221
36432,0.000151,74.125.200.0-255,4320,20035,7,324221
36433,0.000153,172.31.36.0-255,66,20101,7,324221
36434,0.000158,74.125.200.0-255,2902,23003,7,324221
36435,0.00016,172.31.36.0-255,66,23069,7,324221
36436,0.00019,74.125.200.0-255,4320,27389,7,324221
36437,0.000196,172.31.36.0-255,66,27455,7,324221
36438,0.000224,74.125.200.0-255,3961,31416,7,324221
36439,0.000226,172.31.36.0-255,66,31482,7,324221
36440,0.000253,74.125.200.0-255,2902,34384,7,324221
36441,0.000256,172.31.36.0-255,66,34450,7,324221
36442,0.000259,74.125.200.0-255,1484,35934,7,324221
36443,0.000261,172.31.36.0-255,66,36000,7,324221
36444,0.000295,74.125.200.0-255,2902,38902,7,324221
36445,0.000297,172.31.36.0-255,66,38968,7,324221
36446,0.000307,172.31.36.0-255,66,39034,7,324221
36447,0.000315,74.125.200.0-255,1125,40159,7,324221
36448,0.000316,172.31.36.0-255,66,40225,7,324221
36449,0.000713,74.125.200.0-255,1484,41709,7,324221
36450,0.000721,74.125.200.0-255,2902,44611,7,324221
36451,0.000725,172.31.36.0-255,66,44677,7,324221
36452,0.000756,74.125.200.0-255,4320,48997,7,324221
36453,0.000759,172.31.36.0-255,66,49063,7,324221
36454,0.000787,74.125.200.0-255,1484,50547,7,324221
36455,0.00079,74.125.200.0-255,1484,52031,7,324221
36456,0.000793,172.31.36.0-255,66,52097,7,324221
36457,0.000798,74.125.200.0-255,2902,54999,7,324221
36458,0.0008,172.31.36.0-255,66,55065,7,324221
36459,0.00083,74.125.200.0-255,2543,57608,7,324221
36460,0.000834,172.31.36.0-255,66,57674,7,324221
36461,0.000876,74.125.200.0-255,647,58321,7,324221
36462,0.001147,74.125.200.0-255,1484,59805,7,324221
36463,0.001151,172.31.36.0-255,66,59871,7,324221
36464,0.001157,74.125.200.0-255,2902,62773,7,324221
36465,0.00116,172.31.36.0-255,66,62839,7,324221
36466,0.00117,74.125.200.0-255,2902,65741,7,324221
36467,0.001172,172.31.36.0-255,66,65807,7,324221
36468,0.001176,74.125.200.0-255,2902,68709,7,324221
36469,0.001178,172.31.36.0-255,66,68775,7,324221
36470,0.0012,74.125.200.0-255,1484,70259,7,324221
36471,0.001216,172.31.36.0-255,66,70325,7,324221
36472,0.00125,74.125.200.0-255,5738,76063,7,324221
36473,0.001257,74.125.200.0-255,7156,83219,7,324221
36474,0.001261,172.31.36.0-255,66,83285,7,324221
36475,0.001271,172.31.36.0-255,66,83351,7,324221
36476,0.001295,74.125.200.0-255,766,84117,7,324221
36477,0.001377,74.125.200.0-255,1484,85601,7,324221
36478,0.001381,172.31.36.0-255,66,85667,7,324221
36479,0.001411,74.125.200.0-255,2902,88569,7,324221
36480,0.001413,172.31.36.0-255,66,88635,7,324221
36481,0.001446,74.125.200.0-255,5738,94373,7,324221
36482,0.001448,172.31.36.0-255,66,94439,7,324221
36483,0.001452,74.125.200.0-255,1484,95923,7,324221
36484,0.001475,74.125.200.0-255,5738,101661,7,324221
36485,0.001477,172.31.36.0-255,66,101727,7,324221
36486,0.001485,74.125.200.0-255,7156,108883,7,324221
36487,0.001487,172.31.36.0-255,66,108949,7,324221
36488,0.001491,74.125.200.0-255,2902,111851,7,324221
36489,0.001493,172.31.36.0-255,66,111917,7,324221
36490,0.001527,74.125.200.0-255,5738,117655,7,324221
36491,0.001531,172.31.36.0-255,66,117721,7,324221
36492,0.001534,74.125.200.0-255,766,118487,7,324221
36493,0.001595,74.125.200.0-255,1484,119971,7,324221
36494,0.001598,172.31.36.0-255,66,120037,7,324221
36495,0.001628,74.125.200.0-255,2902,122939,7,324221
36496,0.001631,172.31.36.0-255,66,123005,7,324221
36497,0.001638,74.125.200.0-255,5738,128743,7,324221
36498,0.001641,172.31.36.0-255,66,128809,7,324221
36499,0.001653,74.125.200.0-255,7156,135965,7,324221
36500,0.001655,172.31.36.0-255,66,136031,7,324221
36501,0.001681,74.125.200.0-255,4320,140351,7,324221
36502,0.001684,172.31.36.0-255,66,140417,7,324221
36503,0.001725,172.31.36.0-255,66,140483,7,324221
36504,0.001729,74.125.200.0-255,2184,142667,7,324221
36505,0.001731,172.31.36.0-255,66,142733,7,324221
36506,0.001918,74.125.200.0-255,1484,144217,7,324221
36507,0.001924,74.125.200.0-255,2902,147119,7,324221
36508,0.001927,172.31.36.0-255,66,147185,7,324221
36509,0.001948,74.125.200.0-255,5738,152923,7,324221
36510,0.00195,172.31.36.0-255,66,152989,7,324221
36511,0.002015,74.125.200.0-255,7156,160145,7,324221
36512,0.002018,172.31.36.0-255,66,160211,7,324221
36513,0.002037,172.31.36.0-255,66,160277,7,324221
36514,0.002042,74.125.200.0-255,2184,162461,7,324221
36515,0.002044,172.31.36.0-255,66,162527,7,324221
36516,0.0021,74.125.200.0-255,1484,164011,7,324221
36517,0.002123,74.125.200.0-255,2902,166913,7,324221
36518,0.002126,172.31.36.0-255,66,166979,7,324221
36519,0.002132,74.125.200.0-255,5738,172717,7,324221
36520,0.002135,172.31.36.0-255,66,172783,7,324221
36521,0.002143,74.125.200.0-255,2902,175685,7,324221
36522,0.002146,172.31.36.0-255,66,175751,7,324221
36523,0.002168,74.125.200.0-255,2902,178653,7,324221
36524,0.002171,172.31.36.0-255,66,178719,7,324221
36525,0.002201,74.125.200.0-255,7156,185875,7,324221
36526,0.002204,172.31.36.0-255,66,185941,7,324221
36527,0.002217,172.31.36.0-255,66,186007,7,324221
36528,0.002247,74.125.200.0-255,7156,193163,7,324221
36529,0.002252,172.31.36.0-255,66,193229,7,324221
36530,0.002272,74.125.200.0-255,4320,197549,7,324221
36531,0.002274,172.31.36.0-255,66,197615,7,324221
36532,0.002285,74.125.200.0-255,4320,201935,7,324221
36533,0.002288,172.31.36.0-255,66,202001,7,324221
36534,0.002291,74.125.200.0-255,1484,203485,7,324221
36535,0.002341,172.31.36.0-255,66,203551,7,324221
36536,0.002344,74.125.200.0-255,766,204317,7,324221
36537,0.002406,74.125.200.0-255,1484,205801,7,324221
36538,0.00241,172.31.36.0-255,66,205867,7,324221
36539,0.002416,74.125.200.0-255,2902,208769,7,324221
36540,0.002418,172.31.36.0-255,66,208835,7,324221
36541,0.002455,74.125.200.0-255,5738,214573,7,324221
36542,0.002459,172.31.36.0-255,66,214639,7,324221
36543,0.002477,74.125.200.0-255,1484,216123,7,324221
36544,0.006481,172.31.36.0-255,66,216189,7,324221
36545,0.008997,74.125.200.0-255,5738,221927,7,324221
36546,0.009004,172.31.36.0-255,66,221993,7,324221
36547,0.01152,74.125.200.0-255,5738,227731,7,324221
36548,0.011528,172.31.36.0-255,66,227797,7,324221
36549,0.014041,74.125.200.0-255,5738,233535,7,324221
36550,0.01405,172.31.36.0-255,66,233601,7,324221
36551,0.016568,74.125.200.0-255,5738,239339,7,324221
36552,0.016579,172.31.36.0-255,66,239405,7,324221
36553,0.0191,74.125.200.0-255,5738,245143,7,324221
36554,0.019112,172.31.36.0-255,66,245209,7,324221
36555,0.021633,74.125.200.0-255,5738,250947,7,324221
36556,0.021641,172.31.36.0-255,66,251013,7,324221
36557,0.024148,74.125.200.0-255,5738,256751,7,324221
36558,0.024156,172.31.36.0-255,66,256817,7,324221
36559,0.026669,74.125.200.0-255,5738,262555,7,324221
36560,0.026678,172.31.36.0-255,66,262621,7,324221
36561,0.029195,74.125.200.0-255,5738,268359,7,324221
36562,0.029203,172.31.36.0-255,66,268425,7,324221
36563,0.03175,74.125.200.0-255,5738,274163,7,324221
36564,0.031759,172.31.36.0-255,66,274229,7,324221
36565,0.034283,74.125.200.0-255,5738,279967,7,324221
36566,0.034293,172.31.36.0-255,66,280033,7,324221
36567,0.036808,74.125.200.0-255,5738,285771,7,324221
36568,0.036815,172.31.36.0-255,66,285837,7,324221
36569,0.037278,172.31.36.0-255,172,286009,7,324221
36570,0.037312,172.31.36.0-255,1113,287122,7,324221
36571,0.03738,172.31.36.0-255,1514,288636,7,324221
36572,0.037382,172.31.36.0-255,1514,290150,7,324221
36573,0.037383,172.31.36.0-255,1514,291664,7,324221
36574,0.037384,172.31.36.0-255,1514,293178,7,324221
36575,0.037385,172.31.36.0-255,1514,294692,7,324221
36576,0.037413,172.31.36.0-255,71,294763,7,324221
36577,0.03884,104.244.42.0-255,66,294829,7,324221
36578,0.038891,104.244.42.0-255,66,294895,7,324221
36579,0.038988,104.244.42.0-255,66,294961,7,324221
36580,0.038994,104.244.42.0-255,66,295027,7,324221
36581,0.03932,74.125.200.0-255,5738,300765,7,324221
36582,0.039327,172.31.36.0-255,66,300831,7,324221
36583,0.039535,104.244.42.0-255,108,300939,7,324221
36584,0.03954,172.31.36.0-255,66,301005,7,324221
36585,0.041954,74.125.200.0-255,5738,306743,7,324221
36586,0.041962,172.31.36.0-255,66,306809,7,324221
36587,0.044473,74.125.200.0-255,5738,312547,7,324221
36588,0.044483,172.31.36.0-255,66,312613,7,324221
36589,0.047012,74.125.200.0-255,5738,318351,7,324221
36590,0.04702,172.31.36.0-255,66,318417,7,324221
36591,0.049546,74.125.200.0-255,5738,324155,7,324221
36592,0.049557,172.31.36.0-255,66,324221,7,324221
36593,0.0,172.217.194.0-255,153,153,7,217222
36594,2.3e-05,172.31.36.0-255,66,219,7,217222
36595,3.9e-05,172.217.194.0-255,1484,1703,7,217222
36596,4.3e-05,172.31.36.0-255,66,1769,7,217222
36597,5.4e-05,172.217.194.0-255,1484,3253,7,217222
36598,5.7e-05,172.31.36.0-255,66,3319,7,217222
36599,6.3e-05,172.217.194.0-255,2902,6221,7,217222
36600,6.6e-05,172.31.36.0-255,66,6287,7,217222
36601,7.2e-05,172.217.194.0-255,5738,12025,7,217222
36602,7.7e-05,172.31.36.0-255,66,12091,7,217222
36603,8.1e-05,172.217.194.0-255,2019,14110,7,217222
36604,8.4e-05,172.31.36.0-255,66,14176,7,217222
36605,8.8e-05,172.217.194.0-255,1484,15660,7,217222
36606,9.2e-05,172.31.36.0-255,66,15726,7,217222
36607,0.000126,172.217.194.0-255,1484,17210,7,217222
36608,0.000128,172.31.36.0-255,66,17276,7,217222
36609,0.000156,172.217.194.0-255,7156,24432,7,217222
36610,0.00016,172.31.36.0-255,66,24498,7,217222
36611,0.000167,172.217.194.0-255,6797,31295,7,217222
36612,0.00017,172.31.36.0-255,66,31361,7,217222
36613,0.000176,172.217.194.0-255,7156,38517,7,217222
36614,0.000179,172.31.36.0-255,66,38583,7,217222
36615,0.000183,172.217.194.0-255,2902,41485,7,217222
36616,0.000186,172.31.36.0-255,66,41551,7,217222
36617,0.000224,172.217.194.0-255,6797,48348,7,217222
36618,0.000227,172.31.36.0-255,66,48414,7,217222
36619,0.000866,172.217.194.0-255,1484,49898,7,217222
36620,0.000872,172.31.36.0-255,66,49964,7,217222
36621,0.000878,172.217.194.0-255,2902,52866,7,217222
36622,0.00088,172.31.36.0-255,66,52932,7,217222
36623,0.00092,172.217.194.0-255,5738,58670,7,217222
36624,0.000923,172.31.36.0-255,66,58736,7,217222
36625,0.000932,172.217.194.0-255,5738,64474,7,217222
36626,0.000934,172.31.36.0-255,66,64540,7,217222
36627,0.000969,172.31.36.0-255,66,64606,7,217222
36628,0.000972,172.217.194.0-255,1484,66090,7,217222
36629,0.001007,172.31.36.0-255,66,66156,7,217222
36630,0.001047,172.31.36.0-255,66,66222,7,217222
36631,0.001724,172.217.194.0-255,1484,67706,7,217222
36632,0.001734,172.217.194.0-255,2902,70608,7,217222
36633,0.001738,172.31.36.0-255,66,70674,7,217222
36634,0.001746,172.217.194.0-255,5738,76412,7,217222
36635,0.001749,172.31.36.0-255,66,76478,7,217222
36636,0.00176,172.217.194.0-255,4320,80798,7,217222
36637,0.001763,172.31.36.0-255,66,80864,7,217222
36638,0.001802,172.217.194.0-255,2902,83766,7,217222
36639,0.001806,172.31.36.0-255,66,83832,7,217222
36640,0.001825,172.31.36.0-255,66,83898,7,217222
36641,0.00183,172.217.194.0-255,2184,86082,7,217222
36642,0.001832,172.31.36.0-255,66,86148,7,217222
36643,0.004115,172.217.194.0-255,5738,91886,7,217222
36644,0.004122,172.31.36.0-255,66,91952,7,217222
36645,0.006358,172.217.194.0-255,5738,97690,7,217222
36646,0.006361,172.31.36.0-255,66,97756,7,217222
36647,0.008622,172.217.194.0-255,5738,103494,7,217222
36648,0.00863,172.31.36.0-255,66,103560,7,217222
36649,0.010907,172.217.194.0-255,5738,109298,7,217222
36650,0.010915,172.31.36.0-255,66,109364,7,217222
36651,0.013162,172.217.194.0-255,5738,115102,7,217222
36652,0.013172,172.31.36.0-255,66,115168,7,217222
36653,0.015407,172.217.194.0-255,5738,120906,7,217222
36654,0.015415,172.31.36.0-255,66,120972,7,217222
36655,0.017687,172.217.194.0-255,5738,126710,7,217222
36656,0.017694,172.31.36.0-255,66,126776,7,217222
36657,0.01995,172.217.194.0-255,5738,132514,7,217222
36658,0.019958,172.31.36.0-255,66,132580,7,217222
36659,0.022221,172.217.194.0-255,5738,138318,7,217222
36660,0.022226,172.31.36.0-255,66,138384,7,217222
36661,0.024498,172.217.194.0-255,5738,144122,7,217222
36662,0.024506,172.31.36.0-255,66,144188,7,217222
36663,0.026758,172.217.194.0-255,5738,149926,7,217222
36664,0.026768,172.31.36.0-255,66,149992,7,217222
36665,0.029034,172.217.194.0-255,5738,155730,7,217222
36666,0.029041,172.31.36.0-255,66,155796,7,217222
36667,0.031317,172.217.194.0-255,5738,161534,7,217222
36668,0.031324,172.31.36.0-255,66,161600,7,217222
36669,0.033615,172.217.194.0-255,5738,167338,7,217222
36670,0.033623,172.31.36.0-255,66,167404,7,217222
36671,0.035875,172.217.194.0-255,5738,173142,7,217222
36672,0.035883,172.31.36.0-255,66,173208,7,217222
36673,0.038164,172.217.194.0-255,5738,178946,7,217222
36674,0.038173,172.31.36.0-255,66,179012,7,217222
36675,0.040447,172.217.194.0-255,5738,184750,7,217222
36676,0.040455,172.31.36.0-255,66,184816,7,217222
36677,0.041049,172.31.36.0-255,172,184988,7,217222
36678,0.041086,172.31.36.0-255,1115,186103,7,217222
36679,0.041152,172.31.36.0-255,1514,187617,7,217222
36680,0.041153,172.31.36.0-255,1514,189131,7,217222
36681,0.041159,172.31.36.0-255,1514,190645,7,217222
36682,0.04116,172.31.36.0-255,1514,192159,7,217222
36683,0.041179,172.31.36.0-255,1514,193673,7,217222
36684,0.04118,172.31.36.0-255,69,193742,7,217222
36685,0.042585,104.244.42.0-255,66,193808,7,217222
36686,0.042667,104.244.42.0-255,66,193874,7,217222
36687,0.042707,172.217.194.0-255,5738,199612,7,217222
36688,0.042713,172.31.36.0-255,66,199678,7,217222
36689,0.042747,104.244.42.0-255,66,199744,7,217222
36690,0.042752,104.244.42.0-255,66,199810,7,217222
36691,0.044962,172.217.194.0-255,5738,205548,7,217222
36692,0.044969,172.31.36.0-255,66,205614,7,217222
36693,0.047213,172.217.194.0-255,5738,211352,7,217222
36694,0.047221,172.31.36.0-255,66,211418,7,217222
36695,0.049462,172.217.194.0-255,5738,217156,7,217222
36696,0.04947,172.31.36.0-255,66,217222,7,217222
36697,0.0,74.125.24.0-255,297,297,7,173882
36698,2.3e-05,172.31.36.0-255,66,363,7,173882
36699,3.1e-05,74.125.24.0-255,1484,1847,7,173882
36700,3.6e-05,172.31.36.0-255,66,1913,7,173882
36701,4.3e-05,74.125.24.0-255,4320,6233,7,173882
36702,4.7e-05,172.31.36.0-255,66,6299,7,173882
36703,5.3e-05,74.125.24.0-255,5738,12037,7,173882
36704,5.6e-05,172.31.36.0-255,66,12103,7,173882
36705,6e-05,74.125.24.0-255,1874,13977,7,173882
36706,6.2e-05,172.31.36.0-255,66,14043,7,173882
36707,0.000146,74.125.24.0-255,1484,15527,7,173882
36708,0.00015,172.31.36.0-255,66,15593,7,173882
36709,0.000155,74.125.24.0-255,2902,18495,7,173882
36710,0.000157,172.31.36.0-255,66,18561,7,173882
36711,0.000187,74.125.24.0-255,5738,24299,7,173882
36712,0.00019,172.31.36.0-255,66,24365,7,173882
36713,0.000225,74.125.24.0-255,6797,31162,7,173882
36714,0.000228,172.31.36.0-255,66,31228,7,173882
36715,0.000714,74.125.24.0-255,1484,32712,7,173882
36716,0.000721,172.31.36.0-255,66,32778,7,173882
36717,0.000729,74.125.24.0-255,2902,35680,7,173882
36718,0.000731,172.31.36.0-255,66,35746,7,173882
36719,0.000752,74.125.24.0-255,4320,40066,7,173882
36720,0.000755,172.31.36.0-255,66,40132,7,173882
36721,0.000773,74.125.24.0-255,1484,41616,7,173882
36722,0.000775,172.31.36.0-255,66,41682,7,173882
36723,0.000786,172.31.36.0-255,66,41748,7,173882
36724,0.000796,172.31.36.0-255,66,41814,7,173882
36725,0.000822,74.125.24.0-255,6797,48611,7,173882
36726,0.000824,172.31.36.0-255,66,48677,7,173882
36727,0.002203,74.125.24.0-255,645,49322,7,173882
36728,0.002345,74.125.24.0-255,1484,50806,7,173882
36729,0.00235,172.31.36.0-255,66,50872,7,173882
36730,0.003148,74.125.24.0-255,2902,53774,7,173882
36731,0.003155,172.31.36.0-255,66,53840,7,173882
36732,0.004672,74.125.24.0-255,2902,56742,7,173882
36733,0.004679,172.31.36.0-255,66,56808,7,173882
36734,0.005492,74.125.24.0-255,2902,59710,7,173882
36735,0.005495,172.31.36.0-255,66,59776,7,173882
36736,0.007014,74.125.24.0-255,2902,62678,7,173882
36737,0.007019,172.31.36.0-255,66,62744,7,173882
36738,0.00782,74.125.24.0-255,2902,65646,7,173882
36739,0.007827,172.31.36.0-255,66,65712,7,173882
36740,0.009326,74.125.24.0-255,2902,68614,7,173882
36741,0.009333,172.31.36.0-255,66,68680,7,173882
36742,0.010167,74.125.24.0-255,2902,71582,7,173882
36743,0.010174,172.31.36.0-255,66,71648,7,173882
36744,0.011698,74.125.24.0-255,2902,74550,7,173882
36745,0.011707,172.31.36.0-255,66,74616,7,173882
36746,0.012501,74.125.24.0-255,2902,77518,7,173882
36747,0.012508,172.31.36.0-255,66,77584,7,173882
36748,0.014034,74.125.24.0-255,2902,80486,7,173882
36749,0.014041,172.31.36.0-255,66,80552,7,173882
36750,0.014846,74.125.24.0-255,2902,83454,7,173882
36751,0.014853,172.31.36.0-255,66,83520,7,173882
36752,0.016358,74.125.24.0-255,2902,86422,7,173882
36753,0.016367,172.31.36.0-255,66,86488,7,173882
36754,0.01719,74.125.24.0-255,2902,89390,7,173882
36755,0.017196,172.31.36.0-255,66,89456,7,173882
36756,0.018697,74.125.24.0-255,2902,92358,7,173882
36757,0.018704,172.31.36.0-255,66,92424,7,173882
36758,0.019522,74.125.24.0-255,2902,95326,7,173882
36759,0.019529,172.31.36.0-255,66,95392,7,173882
36760,0.021052,74.125.24.0-255,2902,98294,7,173882
36761,0.02106,172.31.36.0-255,66,98360,7,173882
36762,0.021882,74.125.24.0-255,2902,101262,7,173882
36763,0.02189,172.31.36.0-255,66,101328,7,173882
36764,0.023403,74.125.24.0-255,2902,104230,7,173882
36765,0.02341,172.31.36.0-255,66,104296,7,173882
36766,0.024247,74.125.24.0-255,2902,107198,7,173882
36767,0.024253,172.31.36.0-255,66,107264,7,173882
36768,0.025733,74.125.24.0-255,2902,110166,7,173882
36769,0.02574,172.31.36.0-255,66,110232,7,173882
36770,0.026639,74.125.24.0-255,2902,113134,7,173882
36771,0.026646,172.31.36.0-255,66,113200,7,173882
36772,0.02809,74.125.24.0-255,2902,116102,7,173882
36773,0.028097,172.31.36.0-255,66,116168,7,173882
36774,0.028972,74.125.24.0-255,2902,119070,7,173882
36775,0.02898,172.31.36.0-255,66,119136,7,173882
36776,0.030436,74.125.24.0-255,2902,122038,7,173882
36777,0.030443,172.31.36.0-255,66,122104,7,173882
36778,0.03135,74.125.24.0-255,2902,125006,7,173882
36779,0.031356,172.31.36.0-255,66,125072,7,173882
36780,0.032045,172.31.36.0-255,172,125244,7,173882
36781,0.032087,172.31.36.0-255,1114,126358,7,173882
36782,0.032149,172.31.36.0-255,1514,127872,7,173882
36783,0.032151,172.31.36.0-255,1292,129164,7,173882
36784,0.032779,74.125.24.0-255,2902,132066,7,173882
36785,0.032786,172.31.36.0-255,66,132132,7,173882
36786,0.033589,104.244.42.0-255,66,132198,7,173882
36787,0.033634,104.244.42.0-255,66,132264,7,173882
36788,0.033662,74.125.24.0-255,2902,135166,7,173882
36789,0.033667,172.31.36.0-255,66,135232,7,173882
36790,0.033685,104.244.42.0-255,66,135298,7,173882
36791,0.035163,74.125.24.0-255,2902,138200,7,173882
36792,0.035169,172.31.36.0-255,66,138266,7,173882
36793,0.036016,74.125.24.0-255,2902,141168,7,173882
36794,0.036022,172.31.36.0-255,66,141234,7,173882
36795,0.037488,74.125.24.0-255,2902,144136,7,173882
36796,0.037495,172.31.36.0-255,66,144202,7,173882
36797,0.038378,74.125.24.0-255,2902,147104,7,173882
36798,0.038384,172.31.36.0-255,66,147170,7,173882
36799,0.039853,74.125.24.0-255,2902,150072,7,173882
36800,0.039859,172.31.36.0-255,66,150138,7,173882
36801,0.040702,74.125.24.0-255,2902,153040,7,173882
36802,0.040708,172.31.36.0-255,66,153106,7,173882
36803,0.042199,74.125.24.0-255,2902,156008,7,173882
36804,0.042208,172.31.36.0-255,66,156074,7,173882
36805,0.04308,74.125.24.0-255,2902,158976,7,173882
36806,0.043087,172.31.36.0-255,66,159042,7,173882
36807,0.044576,74.125.24.0-255,2902,161944,7,173882
36808,0.044583,172.31.36.0-255,66,162010,7,173882
36809,0.04545,74.125.24.0-255,2902,164912,7,173882
36810,0.045457,172.31.36.0-255,66,164978,7,173882
36811,0.046904,74.125.24.0-255,2902,167880,7,173882
36812,0.046911,172.31.36.0-255,66,167946,7,173882
36813,0.047777,74.125.24.0-255,2902,170848,7,173882
36814,0.047784,172.31.36.0-255,66,170914,7,173882
36815,0.049283,74.125.24.0-255,2902,173816,7,173882
36816,0.049289,172.31.36.0-255,66,173882,7,173882
36817,0.0,74.125.68.0-255,153,153,7,187790
36818,2.9e-05,172.31.36.0-255,66,219,7,187790
36819,3.5e-05,74.125.68.0-255,1484,1703,7,187790
36820,3.9e-05,172.31.36.0-255,66,1769,7,187790
36821,5.2e-05,74.125.68.0-255,2902,4671,7,187790
36822,5.6e-05,172.31.36.0-255,66,4737,7,187790
36823,8.9e-05,74.125.68.0-255,2902,7639,7,187790
36824,9.2e-05,172.31.36.0-255,66,7705,7,187790
36825,0.000155,74.125.68.0-255,4320,12025,7,187790
36826,0.00016,172.31.36.0-255,66,12091,7,187790
36827,0.000242,74.125.68.0-255,4846,16937,7,187790
36828,0.000247,172.31.36.0-255,66,17003,7,187790
36829,0.000342,74.125.68.0-255,4320,21323,7,187790
36830,0.000349,172.31.36.0-255,66,21389,7,187790
36831,0.000379,74.125.68.0-255,7156,28545,7,187790
36832,0.000383,172.31.36.0-255,66,28611,7,187790
36833,0.000577,74.125.68.0-255,2543,31154,7,187790
36834,0.000582,172.31.36.0-255,66,31220,7,187790
36835,0.000628,74.125.68.0-255,4320,35540,7,187790
36836,0.000633,172.31.36.0-255,66,35606,7,187790
36837,0.000675,172.31.36.0-255,66,35672,7,187790
36838,0.00096,74.125.68.0-255,1125,36797,7,187790
36839,0.000967,172.31.36.0-255,66,36863,7,187790
36840,0.000998,74.125.68.0-255,1484,38347,7,187790
36841,0.001001,172.31.36.0-255,66,38413,7,187790
36842,0.001006,74.125.68.0-255,1484,39897,7,187790
36843,0.001008,172.31.36.0-255,66,39963,7,187790
36844,0.001035,74.125.68.0-255,2902,42865,7,187790
36845,0.001039,172.31.36.0-255,66,42931,7,187790
36846,0.001114,172.31.36.0-255,66,42997,7,187790
36847,0.00114,74.125.68.0-255,1484,44481,7,187790
36848,0.00134,74.125.68.0-255,4320,48801,7,187790
36849,0.001345,172.31.36.0-255,66,48867,7,187790
36850,0.001393,74.125.68.0-255,2902,51769,7,187790
36851,0.001416,74.125.68.0-255,5379,57148,7,187790
36852,0.001864,74.125.68.0-255,5738,62886,7,187790
36853,0.002827,74.125.68.0-255,1484,64370,7,187790
36854,0.003809,74.125.68.0-255,2902,67272,7,187790
36855,0.004159,172.31.36.0-255,66,67338,7,187790
36856,0.006401,74.125.68.0-255,5738,73076,7,187790
36857,0.006407,172.31.36.0-255,66,73142,7,187790
36858,0.008658,74.125.68.0-255,5738,78880,7,187790
36859,0.008665,172.31.36.0-255,66,78946,7,187790
36860,0.010907,74.125.68.0-255,5738,84684,7,187790
36861,0.010915,172.31.36.0-255,66,84750,7,187790
36862,0.01316,74.125.68.0-255,5738,90488,7,187790
36863,0.013168,172.31.36.0-255,66,90554,7,187790
36864,0.015423,74.125.68.0-255,5738,96292,7,187790
36865,0.015431,172.31.36.0-255,66,96358,7,187790
36866,0.017693,74.125.68.0-255,5738,102096,7,187790
36867,0.017701,172.31.36.0-255,66,102162,7,187790
36868,0.01994,74.125.68.0-255,5738,107900,7,187790
36869,0.019947,172.31.36.0-255,66,107966,7,187790
36870,0.022228,74.125.68.0-255,5738,113704,7,187790
36871,0.022236,172.31.36.0-255,66,113770,7,187790
36872,0.024474,74.125.68.0-255,5738,119508,7,187790
36873,0.024481,172.31.36.0-255,66,119574,7,187790
36874,0.026719,74.125.68.0-255,5738,125312,7,187790
36875,0.026726,172.31.36.0-255,66,125378,7,187790
36876,0.02865,172.31.36.0-255,188,125566,7,187790
36877,0.028683,172.31.36.0-255,958,126524,7,187790
36878,0.028749,172.31.36.0-255,1514,128038,7,187790
36879,0.028751,172.31.36.0-255,1448,129486,7,187790
36880,0.02897,74.125.68.0-255,5738,135224,7,187790
36881,0.028977,172.31.36.0-255,66,135290,7,187790
36882,0.030178,104.244.42.0-255,66,135356,7,187790
36883,0.030208,104.244.42.0-255,66,135422,7,187790
36884,0.030318,104.244.42.0-255,66,135488,7,187790
36885,0.031216,74.125.68.0-255,5738,141226,7,187790
36886,0.031221,172.31.36.0-255,66,141292,7,187790
36887,0.033468,74.125.68.0-255,5738,147030,7,187790
36888,0.033475,172.31.36.0-255,66,147096,7,187790
36889,0.035726,74.125.68.0-255,5738,152834,7,187790
36890,0.035733,172.31.36.0-255,66,152900,7,187790
36891,0.03797,74.125.68.0-255,5738,158638,7,187790
36892,0.037976,172.31.36.0-255,66,158704,7,187790
36893,0.040204,74.125.68.0-255,5738,164442,7,187790
36894,0.040224,172.31.36.0-255,66,164508,7,187790
36895,0.042452,74.125.68.0-255,5738,170246,7,187790
36896,0.042458,172.31.36.0-255,66,170312,7,187790
36897,0.044691,74.125.68.0-255,5738,176050,7,187790
36898,0.044698,172.31.36.0-255,66,176116,7,187790
36899,0.046932,74.125.68.0-255,5738,181854,7,187790
36900,0.046938,172.31.36.0-255,66,181920,7,187790
36901,0.049297,74.125.68.0-255,4320,186240,7,187790
36902,0.049303,172.31.36.0-255,66,186306,7,187790
36903,0.049343,74.125.68.0-255,1484,187790,7,187790
36904,0.0,74.125.24.0-255,146,146,7,280269
36905,2.1e-05,172.31.36.0-255,66,212,7,280269
36906,2.8e-05,74.125.24.0-255,1484,1696,7,280269
36907,3.3e-05,172.31.36.0-255,66,1762,7,280269
36908,3.9e-05,74.125.24.0-255,2902,4664,7,280269
36909,4.3e-05,172.31.36.0-255,66,4730,7,280269
36910,5e-05,74.125.24.0-255,5738,10468,7,280269
36911,5.4e-05,172.31.36.0-255,66,10534,7,280269
36912,9.2e-05,74.125.24.0-255,3405,13939,7,280269
36913,9.5e-05,172.31.36.0-255,66,14005,7,280269
36914,0.000115,74.125.24.0-255,2902,16907,7,280269
36915,0.000117,172.31.36.0-255,66,16973,7,280269
36916,0.000133,74.125.24.0-255,1484,18457,7,280269
36917,0.000135,172.31.36.0-255,66,18523,7,280269
36918,0.000141,74.125.24.0-255,4320,22843,7,280269
36919,0.000143,172.31.36.0-255,66,22909,7,280269
36920,0.000184,74.125.24.0-255,2902,25811,7,280269
36921,0.000186,172.31.36.0-255,66,25877,7,280269
36922,0.000207,74.125.24.0-255,5379,31256,7,280269
36923,0.00021,172.31.36.0-255,66,31322,7,280269
36924,0.000234,172.31.36.0-255,66,31388,7,280269
36925,0.000264,74.125.24.0-255,2902,34290,7,280269
36926,0.000266,172.31.36.0-255,66,34356,7,280269
36927,0.000286,74.125.24.0-255,1484,35840,7,280269
36928,0.000288,172.31.36.0-255,66,35906,7,280269
36929,0.000294,74.125.24.0-255,5738,41644,7,280269
36930,0.000296,172.31.36.0-255,66,41710,7,280269
36931,0.000323,172.31.36.0-255,66,41776,7,280269
36932,0.0004,74.125.24.0-255,5690,47466,7,280269
36933,0.000404,172.31.36.0-255,66,47532,7,280269
36934,0.000418,74.125.24.0-255,377,47909,7,280269
36935,0.000687,74.125.24.0-255,1484,49393,7,280269
36936,0.000692,172.31.36.0-255,66,49459,7,280269
36937,0.000697,74.125.24.0-255,2902,52361,7,280269
36938,0.0007,172.31.36.0-255,66,52427,7,280269
36939,0.000706,74.125.24.0-255,5738,58165,7,280269
36940,0.000709,172.31.36.0-255,66,58231,7,280269
36941,0.000742,74.125.24.0-255,2902,61133,7,280269
36942,0.000746,172.31.36.0-255,66,61199,7,280269
36943,0.000761,74.125.24.0-255,4320,65519,7,280269
36944,0.000764,172.31.36.0-255,66,65585,7,280269
36945,0.000789,74.125.24.0-255,5738,71323,7,280269
36946,0.000792,172.31.36.0-255,66,71389,7,280269
36947,0.000809,74.125.24.0-255,1484,72873,7,280269
36948,0.000825,74.125.24.0-255,5738,78611,7,280269
36949,0.000827,172.31.36.0-255,66,78677,7,280269
36950,0.000847,74.125.24.0-255,3602,82279,7,280269
36951,0.00085,172.31.36.0-255,66,82345,7,280269
36952,0.001152,74.125.24.0-255,1484,83829,7,280269
36953,0.001158,74.125.24.0-255,2902,86731,7,280269
36954,0.001161,172.31.36.0-255,66,86797,7,280269
36955,0.001168,74.125.24.0-255,4320,91117,7,280269
36956,0.00117,172.31.36.0-255,66,91183,7,280269
36957,0.001188,74.125.24.0-255,1484,92667,7,280269
36958,0.001205,74.125.24.0-255,5738,98405,7,280269
36959,0.001207,172.31.36.0-255,66,98471,7,280269
36960,0.001231,74.125.24.0-255,5738,104209,7,280269
36961,0.001233,172.31.36.0-255,66,104275,7,280269
36962,0.001248,74.125.24.0-255,1484,105759,7,280269
36963,0.001289,74.125.24.0-255,2902,108661,7,280269
36964,0.001293,172.31.36.0-255,66,108727,7,280269
36965,0.001321,172.31.36.0-255,66,108793,7,280269
36966,0.002008,74.125.24.0-255,1484,110277,7,280269
36967,0.002016,74.125.24.0-255,1484,111761,7,280269
36968,0.00202,172.31.36.0-255,66,111827,7,280269
36969,0.002038,74.125.24.0-255,1484,113311,7,280269
36970,0.002071,74.125.24.0-255,5738,119049,7,280269
36971,0.002075,172.31.36.0-255,66,119115,7,280269
36972,0.002085,172.31.36.0-255,66,119181,7,280269
36973,0.002097,74.125.24.0-255,1484,120665,7,280269
36974,0.002128,74.125.24.0-255,5738,126403,7,280269
36975,0.00213,172.31.36.0-255,66,126469,7,280269
36976,0.002154,74.125.24.0-255,4320,130789,7,280269
36977,0.002157,172.31.36.0-255,66,130855,7,280269
36978,0.002177,74.125.24.0-255,2902,133757,7,280269
36979,0.002178,172.31.36.0-255,66,133823,7,280269
36980,0.002195,74.125.24.0-255,766,134589,7,280269
36981,0.002272,74.125.24.0-255,1484,136073,7,280269
36982,0.002275,172.31.36.0-255,66,136139,7,280269
36983,0.002279,74.125.24.0-255,2902,139041,7,280269
36984,0.002281,172.31.36.0-255,66,139107,7,280269
36985,0.002305,74.125.24.0-255,2902,142009,7,280269
36986,0.002307,172.31.36.0-255,66,142075,7,280269
36987,0.002321,74.125.24.0-255,2902,144977,7,280269
36988,0.002323,172.31.36.0-255,66,145043,7,280269
36989,0.002354,74.125.24.0-255,2902,147945,7,280269
36990,0.002356,172.31.36.0-255,66,148011,7,280269
36991,0.002378,172.31.36.0-255,66,148077,7,280269
36992,0.002409,74.125.24.0-255,4320,152397,7,280269
36993,0.002412,172.31.36.0-255,66,152463,7,280269
36994,0.002429,74.125.24.0-255,2902,155365,7,280269
36995,0.002431,172.31.36.0-255,66,155431,7,280269
36996,0.002465,74.125.24.0-255,4320,159751,7,280269
36997,0.002468,172.31.36.0-255,66,159817,7,280269
36998,0.002505,172.31.36.0-255,66,159883,7,280269
36999,0.004855,74.125.24.0-255,5738,165621,7,280269
37000,0.004862,172.31.36.0-255,66,165687,7,280269
37001,0.0072,74.125.24.0-255,5738,171425,7,280269
37002,0.007207,172.31.36.0-255,66,171491,7,280269
37003,0.00955,74.125.24.0-255,5738,177229,7,280269
37004,0.009557,172.31.36.0-255,66,177295,7,280269
37005,0.011888,74.125.24.0-255,5738,183033,7,280269
37006,0.011896,172.31.36.0-255,66,183099,7,280269
37007,0.014252,74.125.24.0-255,5738,188837,7,280269
37008,0.01426,172.31.36.0-255,66,188903,7,280269
37009,0.01663,74.125.24.0-255,5738,194641,7,280269
37010,0.016642,172.31.36.0-255,66,194707,7,280269
37011,0.018988,74.125.24.0-255,5738,200445,7,280269
37012,0.018997,172.31.36.0-255,66,200511,7,280269
37013,0.02135,74.125.24.0-255,5738,206249,7,280269
37014,0.021359,172.31.36.0-255,66,206315,7,280269
37015,0.023732,74.125.24.0-255,5738,212053,7,280269
37016,0.02374,172.31.36.0-255,66,212119,7,280269
37017,0.026095,74.125.24.0-255,5738,217857,7,280269
37018,0.026104,172.31.36.0-255,66,217923,7,280269
37019,0.028456,74.125.24.0-255,5738,223661,7,280269
37020,0.028465,172.31.36.0-255,66,223727,7,280269
37021,0.030802,74.125.24.0-255,5738,229465,7,280269
37022,0.030809,172.31.36.0-255,66,229531,7,280269
37023,0.032094,172.31.36.0-255,188,229719,7,280269
37024,0.032127,172.31.36.0-255,958,230677,7,280269
37025,0.032188,172.31.36.0-255,1514,232191,7,280269
37026,0.03219,172.31.36.0-255,1448,233639,7,280269
37027,0.033159,74.125.24.0-255,5738,239377,7,280269
37028,0.033167,172.31.36.0-255,66,239443,7,280269
37029,0.033665,104.244.42.0-255,66,239509,7,280269
37030,0.033674,104.244.42.0-255,66,239575,7,280269
37031,0.033797,104.244.42.0-255,66,239641,7,280269
37032,0.035547,74.125.24.0-255,5738,245379,7,280269
37033,0.035554,172.31.36.0-255,66,245445,7,280269
37034,0.037919,74.125.24.0-255,5738,251183,7,280269
37035,0.037926,172.31.36.0-255,66,251249,7,280269
37036,0.040275,74.125.24.0-255,5738,256987,7,280269
37037,0.040285,172.31.36.0-255,66,257053,7,280269
37038,0.042636,74.125.24.0-255,5738,262791,7,280269
37039,0.042642,172.31.36.0-255,66,262857,7,280269
37040,0.04499,74.125.24.0-255,5738,268595,7,280269
37041,0.044997,172.31.36.0-255,66,268661,7,280269
37042,0.047334,74.125.24.0-255,5738,274399,7,280269
37043,0.04734,172.31.36.0-255,66,274465,7,280269
37044,0.04968,74.125.24.0-255,5738,280203,7,280269
37045,0.049686,172.31.36.0-255,66,280269,7,280269
37046,0.0,216.58.221.0-255,66,66,7,66
37047,0.0,74.125.130.0-255,142,142,7,332356
37048,2.6e-05,172.31.36.0-255,66,208,7,332356
37049,3.3e-05,74.125.130.0-255,1484,1692,7,332356
37050,3.8e-05,172.31.36.0-255,66,1758,7,332356
37051,4.3e-05,74.125.130.0-255,2902,4660,7,332356
37052,5.4e-05,172.31.36.0-255,66,4726,7,332356
37053,5.9e-05,74.125.130.0-255,4320,9046,7,332356
37054,6.2e-05,172.31.36.0-255,66,9112,7,332356
37055,6.8e-05,74.125.130.0-255,4939,14051,7,332356
37056,7.2e-05,172.31.36.0-255,66,14117,7,332356
37057,0.0001,74.125.130.0-255,1484,15601,7,332356
37058,0.000103,172.31.36.0-255,66,15667,7,332356
37059,0.00013,74.125.130.0-255,2902,18569,7,332356
37060,0.000132,172.31.36.0-255,66,18635,7,332356
37061,0.000139,74.125.130.0-255,5738,24373,7,332356
37062,0.000142,172.31.36.0-255,66,24439,7,332356
37063,0.000153,74.125.130.0-255,4320,28759,7,332356
37064,0.000155,172.31.36.0-255,66,28825,7,332356
37065,0.000208,74.125.130.0-255,2543,31368,7,332356
37066,0.000211,172.31.36.0-255,66,31434,7,332356
37067,0.000291,74.125.130.0-255,1484,32918,7,332356
37068,0.000294,172.31.36.0-255,66,32984,7,332356
37069,0.000299,74.125.130.0-255,1484,34468,7,332356
37070,0.000301,172.31.36.0-255,66,34534,7,332356
37071,0.000327,74.125.130.0-255,1484,36018,7,332356
37072,0.00033,172.31.36.0-255,66,36084,7,332356
37073,0.000341,74.125.130.0-255,5738,41822,7,332356
37074,0.000344,172.31.36.0-255,66,41888,7,332356
37075,0.000351,74.125.130.0-255,6797,48685,7,332356
37076,0.000354,172.31.36.0-255,66,48751,7,332356
37077,0.000419,74.125.130.0-255,1484,50235,7,332356
37078,0.000422,172.31.36.0-255,66,50301,7,332356
37079,0.000427,74.125.130.0-255,2902,53203,7,332356
37080,0.00043,172.31.36.0-255,66,53269,7,332356
37081,0.000436,74.125.130.0-255,5738,59007,7,332356
37082,0.000445,74.125.130.0-255,1484,60491,7,332356
37083,0.000441,172.31.36.0-255,66,60557,7,332356
37084,0.000475,74.125.130.0-255,2902,63459,7,332356
37085,0.000479,172.31.36.0-255,66,63525,7,332356
37086,0.000506,74.125.130.0-255,3154,66679,7,332356
37087,0.000509,172.31.36.0-255,66,66745,7,332356
37088,0.00091,74.125.130.0-255,1484,68229,7,332356
37089,0.00092,74.125.130.0-255,2902,71131,7,332356
37090,0.000924,172.31.36.0-255,66,71197,7,332356
37091,0.000929,74.125.130.0-255,1484,72681,7,332356
37092,0.00096,74.125.130.0-255,4320,77001,7,332356
37093,0.000964,172.31.36.0-255,66,77067,7,332356
37094,0.000971,74.125.130.0-255,5738,82805,7,332356
37095,0.000974,172.31.36.0-255,66,82871,7,332356
37096,0.001015,74.125.130.0-255,7156,90027,7,332356
37097,0.001019,172.31.36.0-255,66,90093,7,332356
37098,0.001024,74.125.130.0-255,2902,92995,7,332356
37099,0.001026,172.31.36.0-255,66,93061,7,332356
37100,0.001053,74.125.130.0-255,5738,98799,7,332356
37101,0.001061,172.31.36.0-255,66,98865,7,332356
37102,0.001067,74.125.130.0-255,2184,101049,7,332356
37103,0.001069,172.31.36.0-255,66,101115,7,332356
37104,0.001131,74.125.130.0-255,1484,102599,7,332356
37105,0.001151,74.125.130.0-255,2902,105501,7,332356
37106,0.001155,172.31.36.0-255,66,105567,7,332356
37107,0.001161,74.125.130.0-255,4320,109887,7,332356
37108,0.001163,172.31.36.0-255,66,109953,7,332356
37109,0.001232,74.125.130.0-255,5738,115691,7,332356
37110,0.001238,172.31.36.0-255,66,115757,7,332356
37111,0.001255,74.125.130.0-255,1994,117751,7,332356
37112,0.001258,172.31.36.0-255,66,117817,7,332356
37113,0.001354,74.125.130.0-255,1484,119301,7,332356
37114,0.001372,74.125.130.0-255,2902,122203,7,332356
37115,0.001377,172.31.36.0-255,66,122269,7,332356
37116,0.001404,74.125.130.0-255,1484,123753,7,332356
37117,0.001423,74.125.130.0-255,2902,126655,7,332356
37118,0.001427,172.31.36.0-255,66,126721,7,332356
37119,0.001452,74.125.130.0-255,5738,132459,7,332356
37120,0.001455,172.31.36.0-255,66,132525,7,332356
37121,0.001463,74.125.130.0-255,5738,138263,7,332356
37122,0.001465,172.31.36.0-255,66,138329,7,332356
37123,0.001501,74.125.130.0-255,7156,145485,7,332356
37124,0.001509,172.31.36.0-255,66,145551,7,332356
37125,0.00154,74.125.130.0-255,6438,151989,7,332356
37126,0.001543,172.31.36.0-255,66,152055,7,332356
37127,0.001611,74.125.130.0-255,1484,153539,7,332356
37128,0.001628,74.125.130.0-255,2902,156441,7,332356
37129,0.00163,172.31.36.0-255,66,156507,7,332356
37130,0.001661,74.125.130.0-255,5738,162245,7,332356
37131,0.001664,172.31.36.0-255,66,162311,7,332356
37132,0.00167,74.125.130.0-255,5738,168049,7,332356
37133,0.001673,172.31.36.0-255,66,168115,7,332356
37134,0.001701,74.125.130.0-255,2902,171017,7,332356
37135,0.001704,172.31.36.0-255,66,171083,7,332356
37136,0.00173,74.125.130.0-255,3961,175044,7,332356
37137,0.001734,172.31.36.0-255,66,175110,7,332356
37138,0.001738,74.125.130.0-255,2902,178012,7,332356
37139,0.00174,172.31.36.0-255,66,178078,7,332356
37140,0.001785,172.31.36.0-255,66,178144,7,332356
37141,0.001796,172.31.36.0-255,66,178210,7,332356
37142,0.001831,74.125.130.0-255,5020,183230,7,332356
37143,0.001834,172.31.36.0-255,66,183296,7,332356
37144,0.001998,74.125.130.0-255,1484,184780,7,332356
37145,0.002012,74.125.130.0-255,2902,187682,7,332356
37146,0.002015,172.31.36.0-255,66,187748,7,332356
37147,0.002042,74.125.130.0-255,4320,192068,7,332356
37148,0.002044,172.31.36.0-255,66,192134,7,332356
37149,0.00211,172.31.36.0-255,66,192200,7,332356
37150,0.002116,74.125.130.0-255,5738,197938,7,332356
37151,0.002119,172.31.36.0-255,66,198004,7,332356
37152,0.00213,74.125.130.0-255,7156,205160,7,332356
37153,0.002133,172.31.36.0-255,66,205226,7,332356
37154,0.002137,74.125.130.0-255,3602,208828,7,332356
37155,0.002139,172.31.36.0-255,66,208894,7,332356
37156,0.004351,74.125.130.0-255,5738,214632,7,332356
37157,0.004357,172.31.36.0-255,66,214698,7,332356
37158,0.006578,74.125.130.0-255,5738,220436,7,332356
37159,0.006585,172.31.36.0-255,66,220502,7,332356
37160,0.00884,74.125.130.0-255,5738,226240,7,332356
37161,0.008848,172.31.36.0-255,66,226306,7,332356
37162,0.011071,74.125.130.0-255,5738,232044,7,332356
37163,0.011078,172.31.36.0-255,66,232110,7,332356
37164,0.013313,74.125.130.0-255,5738,237848,7,332356
37165,0.013321,172.31.36.0-255,66,237914,7,332356
37166,0.015555,74.125.130.0-255,5738,243652,7,332356
37167,0.015562,172.31.36.0-255,66,243718,7,332356
37168,0.01779,74.125.130.0-255,5738,249456,7,332356
37169,0.017797,172.31.36.0-255,66,249522,7,332356
37170,0.020022,74.125.130.0-255,5738,255260,7,332356
37171,0.02003,172.31.36.0-255,66,255326,7,332356
37172,0.022262,74.125.130.0-255,5738,261064,7,332356
37173,0.022271,172.31.36.0-255,66,261130,7,332356
37174,0.024511,74.125.130.0-255,5738,266868,7,332356
37175,0.024519,172.31.36.0-255,66,266934,7,332356
37176,0.026375,172.31.36.0-255,164,267098,7,332356
37177,0.026482,172.31.36.0-255,1123,268221,7,332356
37178,0.026542,172.31.36.0-255,1514,269735,7,332356
37179,0.026544,172.31.36.0-255,1283,271018,7,332356
37180,0.026749,74.125.130.0-255,5738,276756,7,332356
37181,0.026758,172.31.36.0-255,66,276822,7,332356
37182,0.027936,104.244.42.0-255,66,276888,7,332356
37183,0.028029,104.244.42.0-255,66,276954,7,332356
37184,0.028129,104.244.42.0-255,66,277020,7,332356
37185,0.028975,74.125.130.0-255,4320,281340,7,332356
37186,0.028979,172.31.36.0-255,66,281406,7,332356
37187,0.029018,74.125.130.0-255,1484,282890,7,332356
37188,0.031205,74.125.130.0-255,4320,287210,7,332356
37189,0.031212,172.31.36.0-255,66,287276,7,332356
37190,0.033441,74.125.130.0-255,5738,293014,7,332356
37191,0.033447,172.31.36.0-255,66,293080,7,332356
37192,0.035678,74.125.130.0-255,5738,298818,7,332356
37193,0.035684,172.31.36.0-255,66,298884,7,332356
37194,0.037913,74.125.130.0-255,5738,304622,7,332356
37195,0.037919,172.31.36.0-255,66,304688,7,332356
37196,0.040156,74.125.130.0-255,5738,310426,7,332356
37197,0.040161,172.31.36.0-255,66,310492,7,332356
37198,0.0424,74.125.130.0-255,4320,314812,7,332356
37199,0.042408,172.31.36.0-255,66,314878,7,332356
37200,0.04244,74.125.130.0-255,1484,316362,7,332356
37201,0.044635,74.125.130.0-255,4320,320682,7,332356
37202,0.044641,172.31.36.0-255,66,320748,7,332356
37203,0.046866,74.125.130.0-255,5738,326486,7,332356
37204,0.046872,172.31.36.0-255,66,326552,7,332356
37205,0.049096,74.125.130.0-255,5738,332290,7,332356
37206,0.049101,172.31.36.0-255,66,332356,7,332356
37207,0.0,74.125.200.0-255,297,297,7,335872
37208,2.3e-05,172.31.36.0-255,66,363,7,335872
37209,2.9e-05,74.125.200.0-255,1484,1847,7,335872
37210,3.3e-05,172.31.36.0-255,66,1913,7,335872
37211,3.6e-05,74.125.200.0-255,1484,3397,7,335872
37212,4.8e-05,172.31.36.0-255,66,3463,7,335872
37213,5.5e-05,74.125.200.0-255,2902,6365,7,335872
37214,5.8e-05,172.31.36.0-255,66,6431,7,335872
37215,6.3e-05,74.125.200.0-255,2902,9333,7,335872
37216,6.6e-05,172.31.36.0-255,66,9399,7,335872
37217,0.000103,74.125.200.0-255,2902,12301,7,335872
37218,0.000106,172.31.36.0-255,66,12367,7,335872
37219,0.00011,74.125.200.0-255,1851,14218,7,335872
37220,0.000113,172.31.36.0-255,66,14284,7,335872
37221,0.000117,74.125.200.0-255,2902,17186,7,335872
37222,0.00012,172.31.36.0-255,66,17252,7,335872
37223,0.000128,74.125.200.0-255,7156,24408,7,335872
37224,0.00013,172.31.36.0-255,66,24474,7,335872
37225,0.000137,74.125.200.0-255,5738,30212,7,335872
37226,0.000139,172.31.36.0-255,66,30278,7,335872
37227,0.000179,74.125.200.0-255,1125,31403,7,335872
37228,0.000181,172.31.36.0-255,66,31469,7,335872
37229,0.000258,74.125.200.0-255,1484,32953,7,335872
37230,0.000262,172.31.36.0-255,66,33019,7,335872
37231,0.000288,74.125.200.0-255,2902,35921,7,335872
37232,0.00029,172.31.36.0-255,66,35987,7,335872
37233,0.000296,74.125.200.0-255,4320,40307,7,335872
37234,0.000299,172.31.36.0-255,66,40373,7,335872
37235,0.000346,172.31.36.0-255,66,40439,7,335872
37236,0.000351,74.125.200.0-255,4320,44759,7,335872
37237,0.000353,172.31.36.0-255,66,44825,7,335872
37238,0.000414,172.31.36.0-255,66,44891,7,335872
37239,0.000417,74.125.200.0-255,378,45269,7,335872
37240,0.000567,74.125.200.0-255,1484,46753,7,335872
37241,0.000571,172.31.36.0-255,66,46819,7,335872
37242,0.000576,74.125.200.0-255,2902,49721,7,335872
37243,0.000579,172.31.36.0-255,66,49787,7,335872
37244,0.000611,74.125.200.0-255,5738,55525,7,335872
37245,0.000614,172.31.36.0-255,66,55591,7,335872
37246,0.000622,74.125.200.0-255,7156,62747,7,335872
37247,0.000624,172.31.36.0-255,66,62813,7,335872
37248,0.000649,74.125.200.0-255,5738,68551,7,335872
37249,0.000652,172.31.36.0-255,66,68617,7,335872
37250,0.000673,74.125.200.0-255,7156,75773,7,335872
37251,0.000675,172.31.36.0-255,66,75839,7,335872
37252,0.0007,74.125.200.0-255,3602,79441,7,335872
37253,0.000703,172.31.36.0-255,66,79507,7,335872
37254,0.000846,74.125.200.0-255,1484,80991,7,335872
37255,0.000864,74.125.200.0-255,2902,83893,7,335872
37256,0.000868,172.31.36.0-255,66,83959,7,335872
37257,0.000875,74.125.200.0-255,5738,89697,7,335872
37258,0.000878,172.31.36.0-255,66,89763,7,335872
37259,0.000911,172.31.36.0-255,66,89829,7,335872
37260,0.00095,172.31.36.0-255,66,89895,7,335872
37261,0.000973,74.125.200.0-255,2184,92079,7,335872
37262,0.000976,172.31.36.0-255,66,92145,7,335872
37263,0.001042,74.125.200.0-255,1484,93629,7,335872
37264,0.001048,74.125.200.0-255,2902,96531,7,335872
37265,0.001051,172.31.36.0-255,66,96597,7,335872
37266,0.001058,74.125.200.0-255,5738,102335,7,335872
37267,0.00106,172.31.36.0-255,66,102401,7,335872
37268,0.001073,74.125.200.0-255,7156,109557,7,335872
37269,0.001075,172.31.36.0-255,66,109623,7,335872
37270,0.00115,172.31.36.0-255,66,109689,7,335872
37271,0.001155,74.125.200.0-255,2184,111873,7,335872
37272,0.001157,172.31.36.0-255,66,111939,7,335872
37273,0.001186,74.125.200.0-255,2902,114841,7,335872
37274,0.001188,172.31.36.0-255,66,114907,7,335872
37275,0.001195,74.125.200.0-255,7156,122063,7,335872
37276,0.001198,172.31.36.0-255,66,122129,7,335872
37277,0.001209,74.125.200.0-255,5738,127867,7,335872
37278,0.001212,172.31.36.0-255,66,127933,7,335872
37279,0.00125,74.125.200.0-255,7156,135089,7,335872
37280,0.001253,172.31.36.0-255,66,135155,7,335872
37281,0.001259,74.125.200.0-255,4320,139475,7,335872
37282,0.001261,172.31.36.0-255,66,139541,7,335872
37283,0.001295,74.125.200.0-255,6438,145979,7,335872
37284,0.001298,172.31.36.0-255,66,146045,7,335872
37285,0.001301,74.125.200.0-255,1484,147529,7,335872
37286,0.00133,74.125.200.0-255,2902,150431,7,335872
37287,0.001333,172.31.36.0-255,66,150497,7,335872
37288,0.00134,74.125.200.0-255,5738,156235,7,335872
37289,0.001343,172.31.36.0-255,66,156301,7,335872
37290,0.001388,172.31.36.0-255,66,156367,7,335872
37291,0.0014,172.31.36.0-255,66,156433,7,335872
37292,0.001433,74.125.200.0-255,2184,158617,7,335872
37293,0.001435,172.31.36.0-255,66,158683,7,335872
37294,0.001742,74.125.200.0-255,1484,160167,7,335872
37295,0.001746,74.125.200.0-255,1484,161651,7,335872
37296,0.001749,172.31.36.0-255,66,161717,7,335872
37297,0.001782,74.125.200.0-255,1484,163201,7,335872
37298,0.001787,74.125.200.0-255,4320,167521,7,335872
37299,0.00179,172.31.36.0-255,66,167587,7,335872
37300,0.001797,74.125.200.0-255,5738,173325,7,335872
37301,0.001799,172.31.36.0-255,66,173391,7,335872
37302,0.001824,172.31.36.0-255,66,173457,7,335872
37303,0.00183,74.125.200.0-255,5738,179195,7,335872
37304,0.001833,172.31.36.0-255,66,179261,7,335872
37305,0.001857,74.125.200.0-255,2184,181445,7,335872
37306,0.00186,172.31.36.0-255,66,181511,7,335872
37307,0.00197,74.125.200.0-255,1484,182995,7,335872
37308,0.001987,74.125.200.0-255,2902,185897,7,335872
37309,0.00199,172.31.36.0-255,66,185963,7,335872
37310,0.001996,74.125.200.0-255,2902,188865,7,335872
37311,0.001999,172.31.36.0-255,66,188931,7,335872
37312,0.00203,74.125.200.0-255,2902,191833,7,335872
37313,0.002033,172.31.36.0-255,66,191899,7,335872
37314,0.002039,74.125.200.0-255,4320,196219,7,335872
37315,0.002041,172.31.36.0-255,66,196285,7,335872
37316,0.002052,74.125.200.0-255,5738,202023,7,335872
37317,0.002055,172.31.36.0-255,66,202089,7,335872
37318,0.00206,74.125.200.0-255,5738,207827,7,335872
37319,0.002063,172.31.36.0-255,66,207893,7,335872
37320,0.004099,74.125.200.0-255,5738,213631,7,335872
37321,0.004109,172.31.36.0-255,66,213697,7,335872
37322,0.006145,74.125.200.0-255,5738,219435,7,335872
37323,0.006154,172.31.36.0-255,66,219501,7,335872
37324,0.008174,74.125.200.0-255,5738,225239,7,335872
37325,0.008177,172.31.36.0-255,66,225305,7,335872
37326,0.010201,74.125.200.0-255,5738,231043,7,335872
37327,0.010208,172.31.36.0-255,66,231109,7,335872
37328,0.012239,74.125.200.0-255,5738,236847,7,335872
37329,0.012251,172.31.36.0-255,66,236913,7,335872
37330,0.014275,74.125.200.0-255,5738,242651,7,335872
37331,0.014284,172.31.36.0-255,66,242717,7,335872
37332,0.016351,74.125.200.0-255,5738,248455,7,335872
37333,0.016359,172.31.36.0-255,66,248521,7,335872
37334,0.018401,74.125.200.0-255,5738,254259,7,335872
37335,0.01841,172.31.36.0-255,66,254325,7,335872
37336,0.020442,74.125.200.0-255,5738,260063,7,335872
37337,0.02045,172.31.36.0-255,66,260129,7,335872
37338,0.02249,74.125.200.0-255,5738,265867,7,335872
37339,0.022497,172.31.36.0-255,66,265933,7,335872
37340,0.024533,74.125.200.0-255,5738,271671,7,335872
37341,0.02454,172.31.36.0-255,66,271737,7,335872
37342,0.026577,74.125.200.0-255,5738,277475,7,335872
37343,0.026584,172.31.36.0-255,66,277541,7,335872
37344,0.028619,74.125.200.0-255,5738,283279,7,335872
37345,0.028625,172.31.36.0-255,66,283345,7,335872
37346,0.030661,74.125.200.0-255,5738,289083,7,335872
37347,0.030669,172.31.36.0-255,66,289149,7,335872
37348,0.032706,74.125.200.0-255,5738,294887,7,335872
37349,0.032714,172.31.36.0-255,66,294953,7,335872
37350,0.034745,74.125.200.0-255,5738,300691,7,335872
37351,0.034753,172.31.36.0-255,66,300757,7,335872
37352,0.036656,172.31.36.0-255,172,300929,7,335872
37353,0.036691,172.31.36.0-255,1112,302041,7,335872
37354,0.036751,172.31.36.0-255,1514,303555,7,335872
37355,0.036753,172.31.36.0-255,1296,304851,7,335872
37356,0.036792,74.125.200.0-255,5738,310589,7,335872
37357,0.036798,172.31.36.0-255,66,310655,7,335872
37358,0.038144,104.244.42.0-255,66,310721,7,335872
37359,0.038181,104.244.42.0-255,66,310787,7,335872
37360,0.038254,104.244.42.0-255,66,310853,7,335872
37361,0.038826,74.125.200.0-255,5738,316591,7,335872
37362,0.038839,172.31.36.0-255,66,316657,7,335872
37363,0.040882,74.125.200.0-255,5738,322395,7,335872
37364,0.04089,172.31.36.0-255,66,322461,7,335872
37365,0.042933,74.125.200.0-255,5738,328199,7,335872
37366,0.042941,172.31.36.0-255,66,328265,7,335872
37367,0.045019,74.125.200.0-255,5738,334003,7,335872
37368,0.045027,172.31.36.0-255,66,334069,7,335872
37369,0.04706,74.125.200.0-255,1566,335635,7,335872
37370,0.047066,172.31.36.0-255,66,335701,7,335872
37371,0.047235,172.31.36.0-255,105,335806,7,335872
37372,0.049242,74.125.200.0-255,66,335872,7,335872
37373,0.0,74.125.68.0-255,142,142,7,260037
37374,3.2e-05,172.31.36.0-255,66,208,7,260037
37375,3.9e-05,74.125.68.0-255,1484,1692,7,260037
37376,4.3e-05,172.31.36.0-255,66,1758,7,260037
37377,4.6e-05,74.125.68.0-255,1484,3242,7,260037
37378,4.9e-05,172.31.36.0-255,66,3308,7,260037
37379,6.9e-05,74.125.68.0-255,2902,6210,7,260037
37380,7.1e-05,172.31.36.0-255,66,6276,7,260037
37381,9.9e-05,74.125.68.0-255,2902,9178,7,260037
37382,0.000102,172.31.36.0-255,66,9244,7,260037
37383,0.000121,74.125.68.0-255,2902,12146,7,260037
37384,0.000123,172.31.36.0-255,66,12212,7,260037
37385,0.000128,74.125.68.0-255,2049,14261,7,260037
37386,0.00013,172.31.36.0-255,66,14327,7,260037
37387,0.000212,74.125.68.0-255,1484,15811,7,260037
37388,0.000217,172.31.36.0-255,66,15877,7,260037
37389,0.000223,74.125.68.0-255,2902,18779,7,260037
37390,0.000225,172.31.36.0-255,66,18845,7,260037
37391,0.000253,74.125.68.0-255,5738,24583,7,260037
37392,0.000255,172.31.36.0-255,66,24649,7,260037
37393,0.00026,74.125.68.0-255,2902,27551,7,260037
37394,0.000261,172.31.36.0-255,66,27617,7,260037
37395,0.000297,74.125.68.0-255,2902,30519,7,260037
37396,0.000301,172.31.36.0-255,66,30585,7,260037
37397,0.000331,172.31.36.0-255,66,30651,7,260037
37398,0.000337,74.125.68.0-255,4320,34971,7,260037
37399,0.000339,172.31.36.0-255,66,35037,7,260037
37400,0.00037,74.125.68.0-255,7156,42193,7,260037
37401,0.000376,172.31.36.0-255,66,42259,7,260037
37402,0.000395,172.31.36.0-255,66,42325,7,260037
37403,0.000401,74.125.68.0-255,5020,47345,7,260037
37404,0.000403,172.31.36.0-255,66,47411,7,260037
37405,0.000406,74.125.68.0-255,422,47833,7,260037
37406,0.000504,74.125.68.0-255,352,48185,7,260037
37407,0.00087,172.31.36.0-255,66,48251,7,260037
37408,0.00101,74.125.68.0-255,1484,49735,7,260037
37409,0.001032,74.125.68.0-255,1484,51219,7,260037
37410,0.001037,172.31.36.0-255,66,51285,7,260037
37411,0.001052,74.125.68.0-255,2902,54187,7,260037
37412,0.001055,172.31.36.0-255,66,54253,7,260037
37413,0.001079,74.125.68.0-255,1484,55737,7,260037
37414,0.001098,74.125.68.0-255,1484,57221,7,260037
37415,0.001101,172.31.36.0-255,66,57287,7,260037
37416,0.001107,74.125.68.0-255,4320,61607,7,260037
37417,0.00111,172.31.36.0-255,66,61673,7,260037
37418,0.001139,74.125.68.0-255,7156,68829,7,260037
37419,0.001142,172.31.36.0-255,66,68895,7,260037
37420,0.001158,74.125.68.0-255,4320,73215,7,260037
37421,0.001161,172.31.36.0-255,66,73281,7,260037
37422,0.001185,74.125.68.0-255,4320,77601,7,260037
37423,0.001188,172.31.36.0-255,66,77667,7,260037
37424,0.001194,74.125.68.0-255,5020,82687,7,260037
37425,0.001196,172.31.36.0-255,66,82753,7,260037
37426,0.00182,74.125.68.0-255,1484,84237,7,260037
37427,0.001836,74.125.68.0-255,1484,85721,7,260037
37428,0.001841,172.31.36.0-255,66,85787,7,260037
37429,0.001845,74.125.68.0-255,1484,87271,7,260037
37430,0.001858,74.125.68.0-255,1484,88755,7,260037
37431,0.00186,172.31.36.0-255,66,88821,7,260037
37432,0.001874,74.125.68.0-255,4320,93141,7,260037
37433,0.001876,172.31.36.0-255,66,93207,7,260037
37434,0.001888,74.125.68.0-255,1484,94691,7,260037
37435,0.001893,74.125.68.0-255,4320,99011,7,260037
37436,0.001895,172.31.36.0-255,66,99077,7,260037
37437,0.001909,74.125.68.0-255,4320,103397,7,260037
37438,0.001911,172.31.36.0-255,66,103463,7,260037
37439,0.001916,74.125.68.0-255,5738,109201,7,260037
37440,0.001918,172.31.36.0-255,66,109267,7,260037
37441,0.001941,74.125.68.0-255,4320,113587,7,260037
37442,0.001943,172.31.36.0-255,66,113653,7,260037
37443,0.001946,74.125.68.0-255,1484,115137,7,260037
37444,0.001961,74.125.68.0-255,2184,117321,7,260037
37445,0.001964,172.31.36.0-255,66,117387,7,260037
37446,0.002302,74.125.68.0-255,1484,118871,7,260037
37447,0.002312,74.125.68.0-255,1484,120355,7,260037
37448,0.002314,172.31.36.0-255,66,120421,7,260037
37449,0.002324,74.125.68.0-255,1484,121905,7,260037
37450,0.002339,74.125.68.0-255,2902,124807,7,260037
37451,0.002341,172.31.36.0-255,66,124873,7,260037
37452,0.002354,74.125.68.0-255,2902,127775,7,260037
37453,0.002356,172.31.36.0-255,66,127841,7,260037
37454,0.002359,74.125.68.0-255,1484,129325,7,260037
37455,0.002373,74.125.68.0-255,4320,133645,7,260037
37456,0.002375,172.31.36.0-255,66,133711,7,260037
37457,0.004698,74.125.68.0-255,2902,136613,7,260037
37458,0.004701,172.31.36.0-255,66,136679,7,260037
37459,0.004722,74.125.68.0-255,2902,139581,7,260037
37460,0.004724,172.31.36.0-255,66,139647,7,260037
37461,0.007018,74.125.68.0-255,2902,142549,7,260037
37462,0.007025,172.31.36.0-255,66,142615,7,260037
37463,0.007042,74.125.68.0-255,2902,145517,7,260037
37464,0.007045,172.31.36.0-255,66,145583,7,260037
37465,0.009358,74.125.68.0-255,5738,151321,7,260037
37466,0.009365,172.31.36.0-255,66,151387,7,260037
37467,0.0117,74.125.68.0-255,5738,157125,7,260037
37468,0.011707,172.31.36.0-255,66,157191,7,260037
37469,0.014046,74.125.68.0-255,5738,162929,7,260037
37470,0.014059,172.31.36.0-255,66,162995,7,260037
37471,0.016392,74.125.68.0-255,5738,168733,7,260037
37472,0.016399,172.31.36.0-255,66,168799,7,260037
37473,0.018765,74.125.68.0-255,5738,174537,7,260037
37474,0.018774,172.31.36.0-255,66,174603,7,260037
37475,0.0211,74.125.68.0-255,5738,180341,7,260037
37476,0.021106,172.31.36.0-255,66,180407,7,260037
37477,0.023444,74.125.68.0-255,5738,186145,7,260037
37478,0.023451,172.31.36.0-255,66,186211,7,260037
37479,0.025788,74.125.68.0-255,5738,191949,7,260037
37480,0.025795,172.31.36.0-255,66,192015,7,260037
37481,0.028139,74.125.68.0-255,5738,197753,7,260037
37482,0.028147,172.31.36.0-255,66,197819,7,260037
37483,0.030484,74.125.68.0-255,5738,203557,7,260037
37484,0.030492,172.31.36.0-255,66,203623,7,260037
37485,0.032679,172.31.36.0-255,172,203795,7,260037
37486,0.032708,172.31.36.0-255,1113,204908,7,260037
37487,0.032764,172.31.36.0-255,1514,206422,7,260037
37488,0.032766,172.31.36.0-255,1514,207936,7,260037
37489,0.032767,172.31.36.0-255,1514,209450,7,260037
37490,0.032772,172.31.36.0-255,1514,210964,7,260037
37491,0.032774,172.31.36.0-255,1514,212478,7,260037
37492,0.032775,172.31.36.0-255,71,212549,7,260037
37493,0.032818,74.125.68.0-255,5738,218287,7,260037
37494,0.032824,172.31.36.0-255,66,218353,7,260037
37495,0.03423,104.244.42.0-255,66,218419,7,260037
37496,0.034238,104.244.42.0-255,66,218485,7,260037
37497,0.034349,104.244.42.0-255,66,218551,7,260037
37498,0.034356,104.244.42.0-255,66,218617,7,260037
37499,0.03516,74.125.68.0-255,5738,224355,7,260037
37500,0.035168,172.31.36.0-255,66,224421,7,260037
37501,0.037487,74.125.68.0-255,2902,227323,7,260037
37502,0.037493,172.31.36.0-255,66,227389,7,260037
37503,0.037528,74.125.68.0-255,2902,230291,7,260037
37504,0.037531,172.31.36.0-255,66,230357,7,260037
37505,0.039831,74.125.68.0-255,2902,233259,7,260037
37506,0.039837,172.31.36.0-255,66,233325,7,260037
37507,0.039855,74.125.68.0-255,2902,236227,7,260037
37508,0.039858,172.31.36.0-255,66,236293,7,260037
37509,0.042156,74.125.68.0-255,2902,239195,7,260037
37510,0.042176,172.31.36.0-255,66,239261,7,260037
37511,0.042195,74.125.68.0-255,2902,242163,7,260037
37512,0.042198,172.31.36.0-255,66,242229,7,260037
37513,0.044493,74.125.68.0-255,2902,245131,7,260037
37514,0.044497,172.31.36.0-255,66,245197,7,260037
37515,0.044531,74.125.68.0-255,2902,248099,7,260037
37516,0.044534,172.31.36.0-255,66,248165,7,260037
37517,0.046835,74.125.68.0-255,2902,251067,7,260037
37518,0.046841,172.31.36.0-255,66,251133,7,260037
37519,0.046877,74.125.68.0-255,2902,254035,7,260037
37520,0.04688,172.31.36.0-255,66,254101,7,260037
37521,0.049172,74.125.68.0-255,2902,257003,7,260037
37522,0.049178,172.31.36.0-255,66,257069,7,260037
37523,0.049212,74.125.68.0-255,2902,259971,7,260037
37524,0.049214,172.31.36.0-255,66,260037,7,260037
37525,0.0,74.125.68.0-255,153,153,7,343655
37526,3.4e-05,172.31.36.0-255,66,219,7,343655
37527,5.4e-05,74.125.68.0-255,1484,1703,7,343655
37528,5.8e-05,172.31.36.0-255,66,1769,7,343655
37529,7.9e-05,74.125.68.0-255,2902,4671,7,343655
37530,8.2e-05,172.31.36.0-255,66,4737,7,343655
37531,8.7e-05,74.125.68.0-255,4320,9057,7,343655
37532,8.9e-05,172.31.36.0-255,66,9123,7,343655
37533,9.2e-05,74.125.68.0-255,1484,10607,7,343655
37534,9.4e-05,172.31.36.0-255,66,10673,7,343655
37535,0.000113,74.125.68.0-255,3442,14115,7,343655
37536,0.000115,172.31.36.0-255,66,14181,7,343655
37537,0.000132,74.125.68.0-255,1484,15665,7,343655
37538,0.000134,172.31.36.0-255,66,15731,7,343655
37539,0.000149,74.125.68.0-255,2902,18633,7,343655
37540,0.000152,172.31.36.0-255,66,18699,7,343655
37541,0.000156,74.125.68.0-255,1484,20183,7,343655
37542,0.000158,172.31.36.0-255,66,20249,7,343655
37543,0.000181,74.125.68.0-255,4320,24569,7,343655
37544,0.000183,172.31.36.0-255,66,24635,7,343655
37545,0.000193,74.125.68.0-255,4320,28955,7,343655
37546,0.000195,172.31.36.0-255,66,29021,7,343655
37547,0.000217,74.125.68.0-255,2543,31564,7,343655
37548,0.00022,172.31.36.0-255,66,31630,7,343655
37549,0.000364,74.125.68.0-255,1484,33114,7,343655
37550,0.000368,172.31.36.0-255,66,33180,7,343655
37551,0.000374,74.125.68.0-255,2902,36082,7,343655
37552,0.000377,74.125.68.0-255,1484,37566,7,343655
37553,0.000379,172.31.36.0-255,66,37632,7,343655
37554,0.000382,172.31.36.0-255,66,37698,7,343655
37555,0.000406,74.125.68.0-255,4320,42018,7,343655
37556,0.000409,172.31.36.0-255,66,42084,7,343655
37557,0.000414,74.125.68.0-255,4320,46404,7,343655
37558,0.000418,172.31.36.0-255,66,46470,7,343655
37559,0.000452,74.125.68.0-255,2543,49013,7,343655
37560,0.000456,74.125.68.0-255,2902,51915,7,343655
37561,0.000457,172.31.36.0-255,66,51981,7,343655
37562,0.000461,172.31.36.0-255,66,52047,7,343655
37563,0.000474,74.125.68.0-255,1484,53531,7,343655
37564,0.000501,74.125.68.0-255,5738,59269,7,343655
37565,0.000505,172.31.36.0-255,66,59335,7,343655
37566,0.00051,74.125.68.0-255,4320,63655,7,343655
37567,0.000513,172.31.36.0-255,66,63721,7,343655
37568,0.000547,74.125.68.0-255,2812,66533,7,343655
37569,0.00055,172.31.36.0-255,66,66599,7,343655
37570,0.000703,74.125.68.0-255,388,66987,7,343655
37571,0.000857,172.31.36.0-255,66,67053,7,343655
37572,0.000956,74.125.68.0-255,1484,68537,7,343655
37573,0.000965,74.125.68.0-255,2902,71439,7,343655
37574,0.000968,172.31.36.0-255,66,71505,7,343655
37575,0.000974,74.125.68.0-255,2902,74407,7,343655
37576,0.000976,172.31.36.0-255,66,74473,7,343655
37577,0.000992,74.125.68.0-255,2902,77375,7,343655
37578,0.000994,172.31.36.0-255,66,77441,7,343655
37579,0.001011,74.125.68.0-255,1484,78925,7,343655
37580,0.001031,74.125.68.0-255,2902,81827,7,343655
37581,0.001033,172.31.36.0-255,66,81893,7,343655
37582,0.00104,74.125.68.0-255,4320,86213,7,343655
37583,0.001042,172.31.36.0-255,66,86279,7,343655
37584,0.001061,74.125.68.0-255,1484,87763,7,343655
37585,0.001095,74.125.68.0-255,2902,90665,7,343655
37586,0.001098,172.31.36.0-255,66,90731,7,343655
37587,0.001117,74.125.68.0-255,4320,95051,7,343655
37588,0.00112,172.31.36.0-255,66,95117,7,343655
37589,0.001141,74.125.68.0-255,1484,96601,7,343655
37590,0.001164,74.125.68.0-255,5020,101621,7,343655
37591,0.001167,172.31.36.0-255,66,101687,7,343655
37592,0.001274,74.125.68.0-255,1484,103171,7,343655
37593,0.001281,74.125.68.0-255,2902,106073,7,343655
37594,0.001285,172.31.36.0-255,66,106139,7,343655
37595,0.001291,74.125.68.0-255,2902,109041,7,343655
37596,0.001293,172.31.36.0-255,66,109107,7,343655
37597,0.001313,74.125.68.0-255,4320,113427,7,343655
37598,0.001316,172.31.36.0-255,66,113493,7,343655
37599,0.001363,172.31.36.0-255,66,113559,7,343655
37600,0.001393,74.125.68.0-255,2902,116461,7,343655
37601,0.001396,172.31.36.0-255,66,116527,7,343655
37602,0.00142,74.125.68.0-255,7156,123683,7,343655
37603,0.001423,172.31.36.0-255,66,123749,7,343655
37604,0.001427,74.125.68.0-255,2902,126651,7,343655
37605,0.00143,172.31.36.0-255,66,126717,7,343655
37606,0.001467,74.125.68.0-255,4320,131037,7,343655
37607,0.00147,172.31.36.0-255,66,131103,7,343655
37608,0.00149,74.125.68.0-255,3602,134705,7,343655
37609,0.001493,172.31.36.0-255,66,134771,7,343655
37610,0.001503,172.31.36.0-255,66,134837,7,343655
37611,0.00151,74.125.68.0-255,4320,139157,7,343655
37612,0.001512,172.31.36.0-255,66,139223,7,343655
37613,0.001547,74.125.68.0-255,5738,144961,7,343655
37614,0.001552,172.31.36.0-255,66,145027,7,343655
37615,0.001583,172.31.36.0-255,66,145093,7,343655
37616,0.001602,74.125.68.0-255,1484,146577,7,343655
37617,0.001631,74.125.68.0-255,2902,149479,7,343655
37618,0.001634,172.31.36.0-255,66,149545,7,343655
37619,0.00164,74.125.68.0-255,4320,153865,7,343655
37620,0.001643,172.31.36.0-255,66,153931,7,343655
37621,0.001667,74.125.68.0-255,1484,155415,7,343655
37622,0.001682,74.125.68.0-255,1484,156899,7,343655
37623,0.001686,172.31.36.0-255,66,156965,7,343655
37624,0.001716,74.125.68.0-255,2902,159867,7,343655
37625,0.001718,172.31.36.0-255,66,159933,7,343655
37626,0.001772,74.125.68.0-255,4320,164253,7,343655
37627,0.001774,172.31.36.0-255,66,164319,7,343655
37628,0.001779,74.125.68.0-255,5738,170057,7,343655
37629,0.001781,172.31.36.0-255,66,170123,7,343655
37630,0.001787,74.125.68.0-255,7156,177279,7,343655
37631,0.001789,172.31.36.0-255,66,177345,7,343655
37632,0.001829,74.125.68.0-255,2184,179529,7,343655
37633,0.001831,172.31.36.0-255,66,179595,7,343655
37634,0.001992,74.125.68.0-255,1484,181079,7,343655
37635,0.002022,74.125.68.0-255,1484,182563,7,343655
37636,0.002024,172.31.36.0-255,66,182629,7,343655
37637,0.002027,74.125.68.0-255,1484,184113,7,343655
37638,0.002041,74.125.68.0-255,1484,185597,7,343655
37639,0.002043,172.31.36.0-255,66,185663,7,343655
37640,0.00206,74.125.68.0-255,5738,191401,7,343655
37641,0.002062,172.31.36.0-255,66,191467,7,343655
37642,0.002065,74.125.68.0-255,1484,192951,7,343655
37643,0.002096,74.125.68.0-255,5738,198689,7,343655
37644,0.002099,172.31.36.0-255,66,198755,7,343655
37645,0.002117,74.125.68.0-255,2902,201657,7,343655
37646,0.002119,172.31.36.0-255,66,201723,7,343655
37647,0.002126,74.125.68.0-255,7156,208879,7,343655
37648,0.002129,172.31.36.0-255,66,208945,7,343655
37649,0.002186,74.125.68.0-255,4320,213265,7,343655
37650,0.002188,172.31.36.0-255,66,213331,7,343655
37651,0.002206,74.125.68.0-255,3602,216933,7,343655
37652,0.002208,172.31.36.0-255,66,216999,7,343655
37653,0.002251,74.125.68.0-255,1484,218483,7,343655
37654,0.004449,74.125.68.0-255,4320,222803,7,343655
37655,0.004455,172.31.36.0-255,66,222869,7,343655
37656,0.006731,74.125.68.0-255,2902,225771,7,343655
37657,0.006737,172.31.36.0-255,66,225837,7,343655
37658,0.00676,74.125.68.0-255,2902,228739,7,343655
37659,0.006762,172.31.36.0-255,66,228805,7,343655
37660,0.008974,74.125.68.0-255,2902,231707,7,343655
37661,0.00898,172.31.36.0-255,66,231773,7,343655
37662,0.009003,74.125.68.0-255,2902,234675,7,343655
37663,0.009006,172.31.36.0-255,66,234741,7,343655
37664,0.011229,74.125.68.0-255,2902,237643,7,343655
37665,0.011238,172.31.36.0-255,66,237709,7,343655
37666,0.011247,74.125.68.0-255,2902,240611,7,343655
37667,0.01125,172.31.36.0-255,66,240677,7,343655
37668,0.013477,74.125.68.0-255,5738,246415,7,343655
37669,0.013483,172.31.36.0-255,66,246481,7,343655
37670,0.015737,74.125.68.0-255,5738,252219,7,343655
37671,0.015746,172.31.36.0-255,66,252285,7,343655
37672,0.017985,74.125.68.0-255,5738,258023,7,343655
37673,0.017995,172.31.36.0-255,66,258089,7,343655
37674,0.020243,74.125.68.0-255,5738,263827,7,343655
37675,0.020252,172.31.36.0-255,66,263893,7,343655
37676,0.022502,74.125.68.0-255,5738,269631,7,343655
37677,0.02251,172.31.36.0-255,66,269697,7,343655
37678,0.024751,74.125.68.0-255,5738,275435,7,343655
37679,0.024758,172.31.36.0-255,66,275501,7,343655
37680,0.026997,74.125.68.0-255,5738,281239,7,343655
37681,0.027004,172.31.36.0-255,66,281305,7,343655
37682,0.029249,74.125.68.0-255,5738,287043,7,343655
37683,0.029256,172.31.36.0-255,66,287109,7,343655
37684,0.030467,172.31.36.0-255,192,287301,7,343655
37685,0.0305,172.31.36.0-255,958,288259,7,343655
37686,0.030537,172.31.36.0-255,1514,289773,7,343655
37687,0.030539,172.31.36.0-255,1448,291221,7,343655
37688,0.031494,74.125.68.0-255,5738,296959,7,343655
37689,0.0315,172.31.36.0-255,66,297025,7,343655
37690,0.032034,104.244.42.0-255,66,297091,7,343655
37691,0.03204,104.244.42.0-255,66,297157,7,343655
37692,0.032081,104.244.42.0-255,66,297223,7,343655
37693,0.033737,74.125.68.0-255,5738,302961,7,343655
37694,0.033742,172.31.36.0-255,66,303027,7,343655
37695,0.035973,74.125.68.0-255,5738,308765,7,343655
37696,0.035978,172.31.36.0-255,66,308831,7,343655
37697,0.038221,74.125.68.0-255,5738,314569,7,343655
37698,0.038226,172.31.36.0-255,66,314635,7,343655
37699,0.040463,74.125.68.0-255,5738,320373,7,343655
37700,0.040468,172.31.36.0-255,66,320439,7,343655
37701,0.042694,74.125.68.0-255,5738,326177,7,343655
37702,0.042715,172.31.36.0-255,66,326243,7,343655
37703,0.044946,74.125.68.0-255,5738,331981,7,343655
37704,0.044951,172.31.36.0-255,66,332047,7,343655
37705,0.047181,74.125.68.0-255,5738,337785,7,343655
37706,0.047187,172.31.36.0-255,66,337851,7,343655
37707,0.049423,74.125.68.0-255,5738,343589,7,343655
37708,0.049428,172.31.36.0-255,66,343655,7,343655
37709,0.0,74.125.200.0-255,153,153,7,213714
37710,3.6e-05,172.31.36.0-255,66,219,7,213714
37711,4.3e-05,74.125.200.0-255,1484,1703,7,213714
37712,4.7e-05,172.31.36.0-255,66,1769,7,213714
37713,5.3e-05,74.125.200.0-255,2902,4671,7,213714
37714,6.5e-05,172.31.36.0-255,66,4737,7,213714
37715,6.7e-05,74.125.200.0-255,1484,6221,7,213714
37716,7e-05,172.31.36.0-255,66,6287,7,213714
37717,7.6e-05,74.125.200.0-255,2902,9189,7,213714
37718,7.9e-05,172.31.36.0-255,66,9255,7,213714
37719,0.000115,74.125.200.0-255,2902,12157,7,213714
37720,0.000118,172.31.36.0-255,66,12223,7,213714
37721,0.000145,74.125.200.0-255,2028,14251,7,213714
37722,0.000149,172.31.36.0-255,66,14317,7,213714
37723,0.000157,74.125.200.0-255,5738,20055,7,213714
37724,0.00016,172.31.36.0-255,66,20121,7,213714
37725,0.000171,74.125.200.0-255,5738,25859,7,213714
37726,0.000173,172.31.36.0-255,66,25925,7,213714
37727,0.000203,74.125.200.0-255,4320,30245,7,213714
37728,0.000206,172.31.36.0-255,66,30311,7,213714
37729,0.000243,74.125.200.0-255,2902,33213,7,213714
37730,0.000246,172.31.36.0-255,66,33279,7,213714
37731,0.000264,172.31.36.0-255,66,33345,7,213714
37732,0.000269,74.125.200.0-255,3602,36947,7,213714
37733,0.000272,172.31.36.0-255,66,37013,7,213714
37734,0.000728,74.125.200.0-255,1484,38497,7,213714
37735,0.000735,172.31.36.0-255,66,38563,7,213714
37736,0.00074,74.125.200.0-255,1484,40047,7,213714
37737,0.000742,172.31.36.0-255,66,40113,7,213714
37738,0.000769,74.125.200.0-255,1484,41597,7,213714
37739,0.000775,172.31.36.0-255,66,41663,7,213714
37740,0.000781,74.125.200.0-255,5738,47401,7,213714
37741,0.000784,172.31.36.0-255,66,47467,7,213714
37742,0.000789,74.125.200.0-255,2902,50369,7,213714
37743,0.00079,172.31.36.0-255,66,50435,7,213714
37744,0.000832,74.125.200.0-255,4272,54707,7,213714
37745,0.000835,172.31.36.0-255,66,54773,7,213714
37746,0.000868,74.125.200.0-255,110,54883,7,213714
37747,0.000896,74.125.200.0-255,1484,56367,7,213714
37748,0.0009,172.31.36.0-255,66,56433,7,213714
37749,0.000905,74.125.200.0-255,2902,59335,7,213714
37750,0.000908,172.31.36.0-255,66,59401,7,213714
37751,0.00091,74.125.200.0-255,1484,60885,7,213714
37752,0.000945,74.125.200.0-255,2902,63787,7,213714
37753,0.000949,172.31.36.0-255,66,63853,7,213714
37754,0.000955,74.125.200.0-255,5738,69591,7,213714
37755,0.000958,172.31.36.0-255,66,69657,7,213714
37756,0.000998,172.31.36.0-255,66,69723,7,213714
37757,0.001022,74.125.200.0-255,1484,71207,7,213714
37758,0.001039,74.125.200.0-255,5020,76227,7,213714
37759,0.001042,172.31.36.0-255,66,76293,7,213714
37760,0.002002,74.125.200.0-255,1484,77777,7,213714
37761,0.003008,74.125.200.0-255,4320,82097,7,213714
37762,0.003014,172.31.36.0-255,66,82163,7,213714
37763,0.005011,74.125.200.0-255,4320,86483,7,213714
37764,0.005016,172.31.36.0-255,66,86549,7,213714
37765,0.005043,74.125.200.0-255,1484,88033,7,213714
37766,0.007,74.125.200.0-255,4320,92353,7,213714
37767,0.007007,172.31.36.0-255,66,92419,7,213714
37768,0.008995,74.125.200.0-255,5738,98157,7,213714
37769,0.009003,172.31.36.0-255,66,98223,7,213714
37770,0.010992,74.125.200.0-255,5738,103961,7,213714
37771,0.011,172.31.36.0-255,66,104027,7,213714
37772,0.012982,74.125.200.0-255,4320,108347,7,213714
37773,0.012992,172.31.36.0-255,66,108413,7,213714
37774,0.013033,74.125.200.0-255,1484,109897,7,213714
37775,0.014966,74.125.200.0-255,4320,114217,7,213714
37776,0.014974,172.31.36.0-255,66,114283,7,213714
37777,0.016946,74.125.200.0-255,5738,120021,7,213714
37778,0.016967,172.31.36.0-255,66,120087,7,213714
37779,0.018946,74.125.200.0-255,5738,125825,7,213714
37780,0.018954,172.31.36.0-255,66,125891,7,213714
37781,0.020931,74.125.200.0-255,5738,131629,7,213714
37782,0.020939,172.31.36.0-255,66,131695,7,213714
37783,0.02292,74.125.200.0-255,5738,137433,7,213714
37784,0.022927,172.31.36.0-255,66,137499,7,213714
37785,0.024905,74.125.200.0-255,5738,143237,7,213714
37786,0.024914,172.31.36.0-255,66,143303,7,213714
37787,0.026946,74.125.200.0-255,5738,149041,7,213714
37788,0.026953,172.31.36.0-255,66,149107,7,213714
37789,0.028923,74.125.200.0-255,5738,154845,7,213714
37790,0.02893,172.31.36.0-255,66,154911,7,213714
37791,0.030908,74.125.200.0-255,5738,160649,7,213714
37792,0.030913,172.31.36.0-255,66,160715,7,213714
37793,0.031363,172.31.36.0-255,172,160887,7,213714
37794,0.031396,172.31.36.0-255,1113,162000,7,213714
37795,0.031449,172.31.36.0-255,566,162566,7,213714
37796,0.032885,74.125.200.0-255,5738,168304,7,213714
37797,0.032892,172.31.36.0-255,66,168370,7,213714
37798,0.032922,104.244.42.0-255,66,168436,7,213714
37799,0.032976,104.244.42.0-255,66,168502,7,213714
37800,0.03302,104.244.42.0-255,66,168568,7,213714
37801,0.03487,74.125.200.0-255,4320,172888,7,213714
37802,0.03488,172.31.36.0-255,66,172954,7,213714
37803,0.03491,74.125.200.0-255,1484,174438,7,213714
37804,0.036867,74.125.200.0-255,4320,178758,7,213714
37805,0.03688,172.31.36.0-255,66,178824,7,213714
37806,0.038862,74.125.200.0-255,5738,184562,7,213714
37807,0.038869,172.31.36.0-255,66,184628,7,213714
37808,0.040894,74.125.200.0-255,5738,190366,7,213714
37809,0.040901,172.31.36.0-255,66,190432,7,213714
37810,0.042882,74.125.200.0-255,5738,196170,7,213714
37811,0.042889,172.31.36.0-255,66,196236,7,213714
37812,0.044872,74.125.200.0-255,5738,201974,7,213714
37813,0.044879,172.31.36.0-255,66,202040,7,213714
37814,0.046869,74.125.200.0-255,5738,207778,7,213714
37815,0.046876,172.31.36.0-255,66,207844,7,213714
37816,0.048846,74.125.200.0-255,4320,212164,7,213714
37817,0.048852,172.31.36.0-255,66,212230,7,213714
37818,0.048879,74.125.200.0-255,1484,213714,7,213714
37819,0.0,172.217.194.0-255,153,153,7,201901
37820,2.3e-05,172.31.36.0-255,66,219,7,201901
37821,2.9e-05,172.217.194.0-255,1484,1703,7,201901
37822,3.3e-05,172.31.36.0-255,66,1769,7,201901
37823,3.8e-05,172.217.194.0-255,2902,4671,7,201901
37824,4.1e-05,172.31.36.0-255,66,4737,7,201901
37825,4.7e-05,172.217.194.0-255,5738,10475,7,201901
37826,5e-05,172.31.36.0-255,66,10541,7,201901
37827,7.4e-05,172.217.194.0-255,1484,12025,7,201901
37828,7.6e-05,172.31.36.0-255,66,12091,7,201901
37829,8.1e-05,172.217.194.0-255,2040,14131,7,201901
37830,8.2e-05,172.31.36.0-255,66,14197,7,201901
37831,9.6e-05,172.31.36.0-255,66,14263,7,201901
37832,0.000123,172.217.194.0-255,5379,19642,7,201901
37833,0.000127,172.31.36.0-255,66,19708,7,201901
37834,0.000173,172.217.194.0-255,1484,21192,7,201901
37835,0.000175,172.31.36.0-255,66,21258,7,201901
37836,0.00018,172.217.194.0-255,2902,24160,7,201901
37837,0.000183,172.31.36.0-255,66,24226,7,201901
37838,0.000197,172.217.194.0-255,1484,25710,7,201901
37839,0.000199,172.31.36.0-255,66,25776,7,201901
37840,0.000223,172.217.194.0-255,4320,30096,7,201901
37841,0.000226,172.31.36.0-255,66,30162,7,201901
37842,0.000233,172.217.194.0-255,6797,36959,7,201901
37843,0.000235,172.31.36.0-255,66,37025,7,201901
37844,0.000249,172.31.36.0-255,66,37091,7,201901
37845,0.000268,172.217.194.0-255,2834,39925,7,201901
37846,0.000271,172.31.36.0-255,66,39991,7,201901
37847,0.000292,172.217.194.0-255,364,40355,7,201901
37848,0.000295,172.31.36.0-255,66,40421,7,201901
37849,0.000383,172.217.194.0-255,1484,41905,7,201901
37850,0.000389,172.217.194.0-255,2902,44807,7,201901
37851,0.000391,172.31.36.0-255,66,44873,7,201901
37852,0.000396,172.217.194.0-255,2902,47775,7,201901
37853,0.000398,172.31.36.0-255,66,47841,7,201901
37854,0.000416,172.217.194.0-255,2902,50743,7,201901
37855,0.00042,172.31.36.0-255,66,50809,7,201901
37856,0.000426,172.217.194.0-255,6797,57606,7,201901
37857,0.00043,172.31.36.0-255,66,57672,7,201901
37858,0.000465,172.31.36.0-255,66,57738,7,201901
37859,0.000469,172.217.194.0-255,2543,60281,7,201901
37860,0.000471,172.31.36.0-255,66,60347,7,201901
37861,0.000491,172.217.194.0-255,2902,63249,7,201901
37862,0.000493,172.31.36.0-255,66,63315,7,201901
37863,0.000498,172.217.194.0-255,2902,66217,7,201901
37864,0.0005,172.31.36.0-255,66,66283,7,201901
37865,0.000521,172.217.194.0-255,4320,70603,7,201901
37866,0.000524,172.31.36.0-255,66,70669,7,201901
37867,0.000535,172.31.36.0-255,66,70735,7,201901
37868,0.000573,172.217.194.0-255,7156,77891,7,201901
37869,0.000578,172.31.36.0-255,66,77957,7,201901
37870,0.000609,172.31.36.0-255,66,78023,7,201901
37871,0.000624,172.31.36.0-255,66,78089,7,201901
37872,0.000637,172.31.36.0-255,66,78155,7,201901
37873,0.000672,172.217.194.0-255,7156,85311,7,201901
37874,0.000676,172.31.36.0-255,66,85377,7,201901
37875,0.000697,172.217.194.0-255,2184,87561,7,201901
37876,0.0007,172.31.36.0-255,66,87627,7,201901
37877,0.000711,172.31.36.0-255,66,87693,7,201901
37878,0.000746,172.31.36.0-255,66,87759,7,201901
37879,0.000759,172.217.194.0-255,766,88525,7,201901
37880,0.000762,172.217.194.0-255,1484,90009,7,201901
37881,0.000764,172.31.36.0-255,66,90075,7,201901
37882,0.000785,172.217.194.0-255,2902,92977,7,201901
37883,0.00079,172.31.36.0-255,66,93043,7,201901
37884,0.00079,172.217.194.0-255,5738,98781,7,201901
37885,0.000793,172.31.36.0-255,66,98847,7,201901
37886,0.000808,172.217.194.0-255,1484,100331,7,201901
37887,0.000838,172.31.36.0-255,66,100397,7,201901
37888,0.000845,172.217.194.0-255,7156,107553,7,201901
37889,0.000847,172.31.36.0-255,66,107619,7,201901
37890,0.000909,172.217.194.0-255,3602,111221,7,201901
37891,0.000912,172.31.36.0-255,66,111287,7,201901
37892,0.000918,172.217.194.0-255,4320,115607,7,201901
37893,0.00092,172.31.36.0-255,66,115673,7,201901
37894,0.000931,172.31.36.0-255,66,115739,7,201901
37895,0.000944,172.217.194.0-255,7156,122895,7,201901
37896,0.000947,172.31.36.0-255,66,122961,7,201901
37897,0.000971,172.217.194.0-255,4320,127281,7,201901
37898,0.000975,172.31.36.0-255,66,127347,7,201901
37899,0.00098,172.217.194.0-255,2902,130249,7,201901
37900,0.000983,172.31.36.0-255,66,130315,7,201901
37901,0.001002,172.217.194.0-255,5020,135335,7,201901
37902,0.001005,172.31.36.0-255,66,135401,7,201901
37903,0.001012,172.217.194.0-255,5738,141139,7,201901
37904,0.001014,172.31.36.0-255,66,141205,7,201901
37905,0.001034,172.217.194.0-255,2902,144107,7,201901
37906,0.001037,172.31.36.0-255,66,144173,7,201901
37907,0.001052,172.31.36.0-255,66,144239,7,201901
37908,0.001077,172.217.194.0-255,1484,145723,7,201901
37909,0.001095,172.31.36.0-255,66,145789,7,201901
37910,0.001105,172.31.36.0-255,66,145855,7,201901
37911,0.001139,172.217.194.0-255,5738,151593,7,201901
37912,0.001143,172.31.36.0-255,66,151659,7,201901
37913,0.001187,172.31.36.0-255,66,151725,7,201901
37914,0.001221,172.217.194.0-255,1484,153209,7,201901
37915,0.001226,172.217.194.0-255,2902,156111,7,201901
37916,0.001229,172.31.36.0-255,66,156177,7,201901
37917,0.001233,172.217.194.0-255,1484,157661,7,201901
37918,0.001254,172.217.194.0-255,4320,161981,7,201901
37919,0.001259,172.31.36.0-255,66,162047,7,201901
37920,0.001266,172.217.194.0-255,5738,167785,7,201901
37921,0.001268,172.31.36.0-255,66,167851,7,201901
37922,0.001284,172.217.194.0-255,7156,175007,7,201901
37923,0.001289,172.31.36.0-255,66,175073,7,201901
37924,0.001301,172.31.36.0-255,66,175139,7,201901
37925,0.001334,172.217.194.0-255,1484,176623,7,201901
37926,0.001338,172.217.194.0-255,1484,178107,7,201901
37927,0.001342,172.31.36.0-255,66,178173,7,201901
37928,0.001364,172.217.194.0-255,1484,179657,7,201901
37929,0.00137,172.217.194.0-255,5738,185395,7,201901
37930,0.001373,172.31.36.0-255,66,185461,7,201901
37931,0.001378,172.217.194.0-255,4320,189781,7,201901
37932,0.00138,172.31.36.0-255,66,189847,7,201901
37933,0.001414,172.31.36.0-255,66,189913,7,201901
37934,0.001425,172.31.36.0-255,66,189979,7,201901
37935,0.001445,172.217.194.0-255,7156,197135,7,201901
37936,0.001449,172.31.36.0-255,66,197201,7,201901
37937,0.001485,172.31.36.0-255,66,197267,7,201901
37938,0.001488,172.217.194.0-255,105,197372,7,201901
37939,0.008205,172.31.36.0-255,66,197438,7,201901
37940,0.008232,172.31.36.0-255,105,197543,7,201901
37941,0.010501,172.217.194.0-255,66,197609,7,201901
37942,0.03002,172.31.36.0-255,172,197781,7,201901
37943,0.03005,172.31.36.0-255,1114,198895,7,201901
37944,0.030095,172.31.36.0-255,1514,200409,7,201901
37945,0.030096,172.31.36.0-255,1294,201703,7,201901
37946,0.031527,104.244.42.0-255,66,201769,7,201901
37947,0.031594,104.244.42.0-255,66,201835,7,201901
37948,0.031638,104.244.42.0-255,66,201901,7,201901
37949,0.0,172.217.194.0-255,146,146,7,237288
37950,2.3e-05,172.31.36.0-255,66,212,7,237288
37951,2.9e-05,172.217.194.0-255,1484,1696,7,237288
37952,3.3e-05,172.31.36.0-255,66,1762,7,237288
37953,5.7e-05,172.217.194.0-255,2902,4664,7,237288
37954,6.4e-05,172.31.36.0-255,66,4730,7,237288
37955,7e-05,172.217.194.0-255,7156,11886,7,237288
37956,7.3e-05,172.31.36.0-255,66,11952,7,237288
37957,7.6e-05,172.217.194.0-255,2084,14036,7,237288
37958,7.8e-05,172.31.36.0-255,66,14102,7,237288
37959,0.000139,172.217.194.0-255,1484,15586,7,237288
37960,0.000143,172.31.36.0-255,66,15652,7,237288
37961,0.000148,172.217.194.0-255,2902,18554,7,237288
37962,0.000152,172.31.36.0-255,66,18620,7,237288
37963,0.000163,172.217.194.0-255,5738,24358,7,237288
37964,0.000165,172.31.36.0-255,66,24424,7,237288
37965,0.000196,172.217.194.0-255,6797,31221,7,237288
37966,0.000199,172.31.36.0-255,66,31287,7,237288
37967,0.000338,172.217.194.0-255,1484,32771,7,237288
37968,0.000342,172.31.36.0-255,66,32837,7,237288
37969,0.000346,172.217.194.0-255,1484,34321,7,237288
37970,0.000349,172.31.36.0-255,66,34387,7,237288
37971,0.000375,172.217.194.0-255,1484,35871,7,237288
37972,0.000378,172.31.36.0-255,66,35937,7,237288
37973,0.000385,172.217.194.0-255,5738,41675,7,237288
37974,0.000388,172.31.36.0-255,66,41741,7,237288
37975,0.000394,172.217.194.0-255,6797,48538,7,237288
37976,0.000397,172.31.36.0-255,66,48604,7,237288
37977,0.000427,172.31.36.0-255,66,48670,7,237288
37978,0.000449,172.217.194.0-255,2819,51489,7,237288
37979,0.000452,172.31.36.0-255,66,51555,7,237288
37980,0.000523,172.217.194.0-255,118,51673,7,237288
37981,0.000526,172.31.36.0-255,66,51739,7,237288
37982,0.000576,172.217.194.0-255,382,52121,7,237288
37983,0.000579,172.31.36.0-255,66,52187,7,237288
37984,0.001091,172.217.194.0-255,1484,53671,7,237288
37985,0.0011,172.217.194.0-255,2902,56573,7,237288
37986,0.001104,172.31.36.0-255,66,56639,7,237288
37987,0.001111,172.217.194.0-255,5738,62377,7,237288
37988,0.001113,172.31.36.0-255,66,62443,7,237288
37989,0.001143,172.31.36.0-255,66,62509,7,237288
37990,0.001166,172.217.194.0-255,1484,63993,7,237288
37991,0.00117,172.217.194.0-255,2902,66895,7,237288
37992,0.001172,172.31.36.0-255,66,66961,7,237288
37993,0.001204,172.217.194.0-255,7156,74117,7,237288
37994,0.001207,172.31.36.0-255,66,74183,7,237288
37995,0.00121,172.217.194.0-255,766,74949,7,237288
37996,0.001361,172.217.194.0-255,1484,76433,7,237288
37997,0.001365,172.31.36.0-255,66,76499,7,237288
37998,0.00137,172.217.194.0-255,2902,79401,7,237288
37999,0.001372,172.31.36.0-255,66,79467,7,237288
38000,0.001395,172.217.194.0-255,5738,85205,7,237288
38001,0.001399,172.31.36.0-255,66,85271,7,237288
38002,0.001403,172.217.194.0-255,2902,88173,7,237288
38003,0.001404,172.31.36.0-255,66,88239,7,237288
38004,0.001424,172.217.194.0-255,2902,91141,7,237288
38005,0.001427,172.31.36.0-255,66,91207,7,237288
38006,0.001444,172.31.36.0-255,66,91273,7,237288
38007,0.00145,172.217.194.0-255,5020,96293,7,237288
38008,0.001456,172.31.36.0-255,66,96359,7,237288
38009,0.00156,172.217.194.0-255,1484,97843,7,237288
38010,0.001572,172.217.194.0-255,2902,100745,7,237288
38011,0.001575,172.31.36.0-255,66,100811,7,237288
38012,0.001578,172.217.194.0-255,1484,102295,7,237288
38013,0.001606,172.217.194.0-255,4320,106615,7,237288
38014,0.001609,172.31.36.0-255,66,106681,7,237288
38015,0.001621,172.217.194.0-255,2902,109583,7,237288
38016,0.001628,172.31.36.0-255,66,109649,7,237288
38017,0.001653,172.31.36.0-255,66,109715,7,237288
38018,0.001665,172.31.36.0-255,66,109781,7,237288
38019,0.001725,172.217.194.0-255,5738,115519,7,237288
38020,0.001728,172.31.36.0-255,66,115585,7,237288
38021,0.001753,172.217.194.0-255,7156,122741,7,237288
38022,0.001756,172.31.36.0-255,66,122807,7,237288
38023,0.001764,172.31.36.0-255,66,122873,7,237288
38024,0.00177,172.217.194.0-255,4320,127193,7,237288
38025,0.001771,172.31.36.0-255,66,127259,7,237288
38026,0.001805,172.31.36.0-255,66,127325,7,237288
38027,0.001831,172.217.194.0-255,4320,131645,7,237288
38028,0.001835,172.217.194.0-255,2902,134547,7,237288
38029,0.001835,172.31.36.0-255,66,134613,7,237288
38030,0.001839,172.31.36.0-255,66,134679,7,237288
38031,0.001862,172.217.194.0-255,2902,137581,7,237288
38032,0.001864,172.31.36.0-255,66,137647,7,237288
38033,0.001874,172.31.36.0-255,66,137713,7,237288
38034,0.001879,172.217.194.0-255,4320,142033,7,237288
38035,0.00188,172.31.36.0-255,66,142099,7,237288
38036,0.001905,172.217.194.0-255,5738,147837,7,237288
38037,0.001909,172.31.36.0-255,66,147903,7,237288
38038,0.001912,172.217.194.0-255,2184,150087,7,237288
38039,0.001915,172.31.36.0-255,66,150153,7,237288
38040,0.001936,172.217.194.0-255,2902,153055,7,237288
38041,0.001938,172.31.36.0-255,66,153121,7,237288
38042,0.001966,172.217.194.0-255,7156,160277,7,237288
38043,0.00197,172.31.36.0-255,66,160343,7,237288
38044,0.001985,172.217.194.0-255,7156,167499,7,237288
38045,0.001989,172.31.36.0-255,66,167565,7,237288
38046,0.00202,172.31.36.0-255,66,167631,7,237288
38047,0.002039,172.217.194.0-255,1484,169115,7,237288
38048,0.002041,172.217.194.0-255,766,169881,7,237288
38049,0.002043,172.31.36.0-255,66,169947,7,237288
38050,0.002084,172.217.194.0-255,1484,171431,7,237288
38051,0.002128,172.217.194.0-255,1484,172915,7,237288
38052,0.002131,172.31.36.0-255,66,172981,7,237288
38053,0.002135,172.217.194.0-255,2902,175883,7,237288
38054,0.002137,172.31.36.0-255,66,175949,7,237288
38055,0.00217,172.217.194.0-255,5738,181687,7,237288
38056,0.002173,172.31.36.0-255,66,181753,7,237288
38057,0.002183,172.31.36.0-255,66,181819,7,237288
38058,0.002214,172.217.194.0-255,4320,186139,7,237288
38059,0.002218,172.31.36.0-255,66,186205,7,237288
38060,0.002227,172.31.36.0-255,66,186271,7,237288
38061,0.002528,172.217.194.0-255,1484,187755,7,237288
38062,0.002549,172.217.194.0-255,2902,190657,7,237288
38063,0.002554,172.31.36.0-255,66,190723,7,237288
38064,0.002574,172.217.194.0-255,5738,196461,7,237288
38065,0.002577,172.31.36.0-255,66,196527,7,237288
38066,0.002582,172.217.194.0-255,5738,202265,7,237288
38067,0.002584,172.31.36.0-255,66,202331,7,237288
38068,0.002611,172.217.194.0-255,7156,209487,7,237288
38069,0.002614,172.31.36.0-255,66,209553,7,237288
38070,0.002628,172.31.36.0-255,66,209619,7,237288
38071,0.002647,172.217.194.0-255,1484,211103,7,237288
38072,0.00265,172.217.194.0-255,766,211869,7,237288
38073,0.002653,172.31.36.0-255,66,211935,7,237288
38074,0.002659,172.31.36.0-255,66,212001,7,237288
38075,0.002689,172.217.194.0-255,1484,213485,7,237288
38076,0.002726,172.31.36.0-255,66,213551,7,237288
38077,0.002757,172.217.194.0-255,2902,216453,7,237288
38078,0.00276,172.31.36.0-255,66,216519,7,237288
38079,0.00277,172.31.36.0-255,66,216585,7,237288
38080,0.002833,172.217.194.0-255,1484,218069,7,237288
38081,0.002852,172.217.194.0-255,1484,219553,7,237288
38082,0.002855,172.31.36.0-255,66,219619,7,237288
38083,0.00288,172.217.194.0-255,1484,221103,7,237288
38084,0.002883,172.217.194.0-255,1484,222587,7,237288
38085,0.002886,172.31.36.0-255,66,222653,7,237288
38086,0.002891,172.31.36.0-255,66,222719,7,237288
38087,0.002895,172.217.194.0-255,2902,225621,7,237288
38088,0.002898,172.31.36.0-255,66,225687,7,237288
38089,0.002951,172.31.36.0-255,66,225753,7,237288
38090,0.00296,172.31.36.0-255,66,225819,7,237288
38091,0.002964,172.217.194.0-255,1871,227690,7,237288
38092,0.002965,172.31.36.0-255,66,227756,7,237288
38093,0.002985,172.217.194.0-255,105,227861,7,237288
38094,0.00367,172.31.36.0-255,66,227927,7,237288
38095,0.003696,172.31.36.0-255,105,228032,7,237288
38096,0.005927,172.217.194.0-255,66,228098,7,237288
38097,0.025668,172.31.36.0-255,172,228270,7,237288
38098,0.025697,172.31.36.0-255,1113,229383,7,237288
38099,0.025769,172.31.36.0-255,1514,230897,7,237288
38100,0.025771,172.31.36.0-255,1514,232411,7,237288
38101,0.025772,172.31.36.0-255,1514,233925,7,237288
38102,0.025779,172.31.36.0-255,1514,235439,7,237288
38103,0.025781,172.31.36.0-255,1514,236953,7,237288
38104,0.025781,172.31.36.0-255,71,237024,7,237288
38105,0.027205,104.244.42.0-255,66,237090,7,237288
38106,0.027214,104.244.42.0-255,66,237156,7,237288
38107,0.027282,104.244.42.0-255,66,237222,7,237288
38108,0.027329,104.244.42.0-255,66,237288,7,237288
38109,0.0,74.125.200.0-255,146,146,7,369700
38110,3.1e-05,172.31.36.0-255,66,212,7,369700
38111,3.8e-05,74.125.200.0-255,1484,1696,7,369700
38112,4.3e-05,172.31.36.0-255,66,1762,7,369700
38113,6.4e-05,74.125.200.0-255,2902,4664,7,369700
38114,7.2e-05,172.31.36.0-255,66,4730,7,369700
38115,7.6e-05,74.125.200.0-255,2902,7632,7,369700
38116,7.8e-05,172.31.36.0-255,66,7698,7,369700
38117,8.1e-05,74.125.200.0-255,1484,9182,7,369700
38118,8.4e-05,172.31.36.0-255,66,9248,7,369700
38119,0.00011,74.125.200.0-255,2902,12150,7,369700
38120,0.000113,172.31.36.0-255,66,12216,7,369700
38121,0.000117,74.125.200.0-255,2014,14230,7,369700
38122,0.000119,172.31.36.0-255,66,14296,7,369700
38123,0.000148,74.125.200.0-255,2902,17198,7,369700
38124,0.000151,172.31.36.0-255,66,17264,7,369700
38125,0.000184,74.125.200.0-255,7156,24420,7,369700
38126,0.000187,172.31.36.0-255,66,24486,7,369700
38127,0.00019,74.125.200.0-255,1484,25970,7,369700
38128,0.000192,172.31.36.0-255,66,26036,7,369700
38129,0.000197,74.125.200.0-255,2902,28938,7,369700
38130,0.000199,172.31.36.0-255,66,29004,7,369700
38131,0.000239,74.125.200.0-255,2543,31547,7,369700
38132,0.000242,172.31.36.0-255,66,31613,7,369700
38133,0.000347,74.125.200.0-255,1484,33097,7,369700
38134,0.000352,172.31.36.0-255,66,33163,7,369700
38135,0.000357,74.125.200.0-255,2902,36065,7,369700
38136,0.00036,172.31.36.0-255,66,36131,7,369700
38137,0.000362,74.125.200.0-255,1484,37615,7,369700
38138,0.00037,172.31.36.0-255,66,37681,7,369700
38139,0.000394,74.125.200.0-255,2902,40583,7,369700
38140,0.000398,172.31.36.0-255,66,40649,7,369700
38141,0.000401,74.125.200.0-255,1484,42133,7,369700
38142,0.000428,74.125.200.0-255,4320,46453,7,369700
38143,0.000433,74.125.200.0-255,2543,48996,7,369700
38144,0.00044,172.31.36.0-255,66,49062,7,369700
38145,0.000461,74.125.200.0-255,2902,51964,7,369700
38146,0.000469,172.31.36.0-255,66,52030,7,369700
38147,0.000496,74.125.200.0-255,5738,57768,7,369700
38148,0.000501,172.31.36.0-255,66,57834,7,369700
38149,0.000503,74.125.200.0-255,7156,64990,7,369700
38150,0.000518,172.31.36.0-255,66,65056,7,369700
38151,0.000521,74.125.200.0-255,1125,66181,7,369700
38152,0.000555,74.125.200.0-255,396,66577,7,369700
38153,0.000599,74.125.200.0-255,348,66925,7,369700
38154,0.000604,172.31.36.0-255,66,66991,7,369700
38155,0.000778,74.125.200.0-255,1484,68475,7,369700
38156,0.000801,74.125.200.0-255,2902,71377,7,369700
38157,0.000805,172.31.36.0-255,66,71443,7,369700
38158,0.000809,74.125.200.0-255,1484,72927,7,369700
38159,0.000835,74.125.200.0-255,4320,77247,7,369700
38160,0.000838,74.125.200.0-255,1484,78731,7,369700
38161,0.000842,172.31.36.0-255,66,78797,7,369700
38162,0.000887,74.125.200.0-255,2902,81699,7,369700
38163,0.000895,74.125.200.0-255,5738,87437,7,369700
38164,0.000896,172.31.36.0-255,66,87503,7,369700
38165,0.000903,172.31.36.0-255,66,87569,7,369700
38166,0.000924,74.125.200.0-255,4320,91889,7,369700
38167,0.000929,172.31.36.0-255,66,91955,7,369700
38168,0.000959,74.125.200.0-255,2902,94857,7,369700
38169,0.000962,74.125.200.0-255,1484,96341,7,369700
38170,0.000963,172.31.36.0-255,66,96407,7,369700
38171,0.000965,74.125.200.0-255,2902,99309,7,369700
38172,0.000981,172.31.36.0-255,66,99375,7,369700
38173,0.000988,74.125.200.0-255,2184,101559,7,369700
38174,0.000995,172.31.36.0-255,66,101625,7,369700
38175,0.001229,74.125.200.0-255,1484,103109,7,369700
38176,0.001238,74.125.200.0-255,2902,106011,7,369700
38177,0.001242,172.31.36.0-255,66,106077,7,369700
38178,0.001275,74.125.200.0-255,5738,111815,7,369700
38179,0.001297,74.125.200.0-255,7156,118971,7,369700
38180,0.001302,74.125.200.0-255,1484,120455,7,369700
38181,0.001327,74.125.200.0-255,7156,127611,7,369700
38182,0.001384,74.125.200.0-255,4320,131931,7,369700
38183,0.001397,74.125.200.0-255,2902,134833,7,369700
38184,0.001413,74.125.200.0-255,2902,137735,7,369700
38185,0.001428,74.125.200.0-255,5738,143473,7,369700
38186,0.001456,74.125.200.0-255,5738,149211,7,369700
38187,0.001463,74.125.200.0-255,5738,154949,7,369700
38188,0.001493,74.125.200.0-255,4320,159269,7,369700
38189,0.001505,74.125.200.0-255,2184,161453,7,369700
38190,0.001557,74.125.200.0-255,1484,162937,7,369700
38191,0.001598,74.125.200.0-255,1484,164421,7,369700
38192,0.001603,74.125.200.0-255,2902,167323,7,369700
38193,0.001621,74.125.200.0-255,2902,170225,7,369700
38194,0.001637,74.125.200.0-255,2902,173127,7,369700
38195,0.001642,74.125.200.0-255,4320,177447,7,369700
38196,0.001655,74.125.200.0-255,1484,178931,7,369700
38197,0.00166,74.125.200.0-255,4320,183251,7,369700
38198,0.001678,74.125.200.0-255,2902,186153,7,369700
38199,0.001693,74.125.200.0-255,5738,191891,7,369700
38200,0.001712,74.125.200.0-255,3602,195493,7,369700
38201,0.001788,74.125.200.0-255,1484,196977,7,369700
38202,0.001794,74.125.200.0-255,2902,199879,7,369700
38203,0.001815,74.125.200.0-255,5738,205617,7,369700
38204,0.001833,74.125.200.0-255,1484,207101,7,369700
38205,0.001877,74.125.200.0-255,5738,212839,7,369700
38206,0.001908,74.125.200.0-255,5020,217859,7,369700
38207,0.001978,74.125.200.0-255,1484,219343,7,369700
38208,0.001992,74.125.200.0-255,2902,222245,7,369700
38209,0.001994,74.125.200.0-255,1484,223729,7,369700
38210,0.001996,74.125.200.0-255,1484,225213,7,369700
38211,0.002014,74.125.200.0-255,1484,226697,7,369700
38212,0.002019,74.125.200.0-255,4320,231017,7,369700
38213,0.002034,74.125.200.0-255,1484,232501,7,369700
38214,0.002066,74.125.200.0-255,2902,235403,7,369700
38215,0.002148,74.125.200.0-255,2902,238305,7,369700
38216,0.002155,74.125.200.0-255,7156,245461,7,369700
38217,0.002181,74.125.200.0-255,5020,250481,7,369700
38218,0.002216,74.125.200.0-255,1484,251965,7,369700
38219,0.002221,74.125.200.0-255,2902,254867,7,369700
38220,0.002249,74.125.200.0-255,4320,259187,7,369700
38221,0.00226,74.125.200.0-255,1484,260671,7,369700
38222,0.002266,74.125.200.0-255,4320,264991,7,369700
38223,0.00227,74.125.200.0-255,1484,266475,7,369700
38224,0.002293,74.125.200.0-255,4320,270795,7,369700
38225,0.002309,74.125.200.0-255,4320,275115,7,369700
38226,0.002336,74.125.200.0-255,7156,282271,7,369700
38227,0.002364,74.125.200.0-255,5738,288009,7,369700
38228,0.002385,74.125.200.0-255,6438,294447,7,369700
38229,0.002388,74.125.200.0-255,1484,295931,7,369700
38230,0.002443,172.31.36.0-255,66,295997,7,369700
38231,0.004812,74.125.200.0-255,5738,301735,7,369700
38232,0.004819,172.31.36.0-255,66,301801,7,369700
38233,0.007142,74.125.200.0-255,2902,304703,7,369700
38234,0.007163,74.125.200.0-255,2902,307605,7,369700
38235,0.008295,172.31.36.0-255,66,307671,7,369700
38236,0.010634,74.125.200.0-255,5738,313409,7,369700
38237,0.01064,172.31.36.0-255,66,313475,7,369700
38238,0.012968,74.125.200.0-255,4320,317795,7,369700
38239,0.012975,172.31.36.0-255,66,317861,7,369700
38240,0.01301,74.125.200.0-255,1484,319345,7,369700
38241,0.015305,74.125.200.0-255,4320,323665,7,369700
38242,0.015312,172.31.36.0-255,66,323731,7,369700
38243,0.017627,74.125.200.0-255,5738,329469,7,369700
38244,0.017671,172.31.36.0-255,66,329535,7,369700
38245,0.019995,74.125.200.0-255,5738,335273,7,369700
38246,0.020003,172.31.36.0-255,66,335339,7,369700
38247,0.022344,74.125.200.0-255,5738,341077,7,369700
38248,0.022352,172.31.36.0-255,66,341143,7,369700
38249,0.02468,74.125.200.0-255,5738,346881,7,369700
38250,0.024687,172.31.36.0-255,66,346947,7,369700
38251,0.027007,74.125.200.0-255,5738,352685,7,369700
38252,0.027013,172.31.36.0-255,66,352751,7,369700
38253,0.029352,74.125.200.0-255,5738,358489,7,369700
38254,0.029361,172.31.36.0-255,66,358555,7,369700
38255,0.029686,172.31.36.0-255,172,358727,7,369700
38256,0.029726,172.31.36.0-255,1116,359843,7,369700
38257,0.029796,172.31.36.0-255,1514,361357,7,369700
38258,0.029798,172.31.36.0-255,1290,362647,7,369700
38259,0.031275,104.244.42.0-255,66,362713,7,369700
38260,0.031281,104.244.42.0-255,66,362779,7,369700
38261,0.031345,104.244.42.0-255,66,362845,7,369700
38262,0.031684,74.125.200.0-255,2902,365747,7,369700
38263,0.031687,172.31.36.0-255,66,365813,7,369700
38264,0.031719,74.125.200.0-255,2902,368715,7,369700
38265,0.031751,172.31.36.0-255,66,368781,7,369700
38266,0.033993,74.125.200.0-255,682,369463,7,369700
38267,0.034124,172.31.36.0-255,66,369529,7,369700
38268,0.03415,172.31.36.0-255,105,369634,7,369700
38269,0.036437,74.125.200.0-255,66,369700,7,369700
38270,0.0,172.217.194.0-255,153,153,7,266395
38271,7.5e-05,172.31.36.0-255,66,219,7,266395
38272,8.1e-05,172.217.194.0-255,1484,1703,7,266395
38273,8.5e-05,172.31.36.0-255,66,1769,7,266395
38274,9e-05,172.217.194.0-255,2902,4671,7,266395
38275,9.3e-05,172.31.36.0-255,66,4737,7,266395
38276,9.9e-05,172.217.194.0-255,4320,9057,7,266395
38277,0.000102,172.31.36.0-255,66,9123,7,266395
38278,0.000108,172.217.194.0-255,4849,13972,7,266395
38279,0.00011,172.31.36.0-255,66,14038,7,266395
38280,0.000116,172.217.194.0-255,5738,19776,7,266395
38281,0.00012,172.31.36.0-255,66,19842,7,266395
38282,0.000148,172.217.194.0-255,5738,25580,7,266395
38283,0.00015,172.31.36.0-255,66,25646,7,266395
38284,0.000172,172.217.194.0-255,5379,31025,7,266395
38285,0.000176,172.31.36.0-255,66,31091,7,266395
38286,0.000193,172.217.194.0-255,1484,32575,7,266395
38287,0.000196,172.31.36.0-255,66,32641,7,266395
38288,0.000217,172.217.194.0-255,2902,35543,7,266395
38289,0.00022,172.31.36.0-255,66,35609,7,266395
38290,0.000227,172.217.194.0-255,5738,41347,7,266395
38291,0.00023,172.31.36.0-255,66,41413,7,266395
38292,0.000241,172.217.194.0-255,2902,44315,7,266395
38293,0.000245,172.31.36.0-255,66,44381,7,266395
38294,0.000255,172.217.194.0-255,1484,45865,7,266395
38295,0.000258,172.31.36.0-255,66,45931,7,266395
38296,0.000298,172.217.194.0-255,1484,47415,7,266395
38297,0.000301,172.31.36.0-255,66,47481,7,266395
38298,0.000322,172.217.194.0-255,5379,52860,7,266395
38299,0.000325,172.31.36.0-255,66,52926,7,266395
38300,0.000331,172.217.194.0-255,7156,60082,7,266395
38301,0.000333,172.31.36.0-255,66,60148,7,266395
38302,0.000354,172.217.194.0-255,2902,63050,7,266395
38303,0.000366,172.31.36.0-255,66,63116,7,266395
38304,0.000372,172.217.194.0-255,2543,65659,7,266395
38305,0.000381,172.31.36.0-255,66,65725,7,266395
38306,0.000399,172.217.194.0-255,648,66373,7,266395
38307,0.000497,172.217.194.0-255,1484,67857,7,266395
38308,0.000511,172.217.194.0-255,2902,70759,7,266395
38309,0.000513,172.31.36.0-255,66,70825,7,266395
38310,0.000518,172.31.36.0-255,66,70891,7,266395
38311,0.000537,172.217.194.0-255,5738,76629,7,266395
38312,0.000544,172.31.36.0-255,66,76695,7,266395
38313,0.000553,172.217.194.0-255,1484,78179,7,266395
38314,0.000568,172.217.194.0-255,5379,83558,7,266395
38315,0.000571,172.31.36.0-255,66,83624,7,266395
38316,0.000641,172.217.194.0-255,2543,86167,7,266395
38317,0.000643,172.31.36.0-255,66,86233,7,266395
38318,0.000649,172.31.36.0-255,66,86299,7,266395
38319,0.000783,172.217.194.0-255,1484,87783,7,266395
38320,0.000819,172.217.194.0-255,2902,90685,7,266395
38321,0.000823,172.31.36.0-255,66,90751,7,266395
38322,0.000843,172.217.194.0-255,4320,95071,7,266395
38323,0.000854,172.217.194.0-255,1484,96555,7,266395
38324,0.000854,172.31.36.0-255,66,96621,7,266395
38325,0.000856,172.217.194.0-255,1484,98105,7,266395
38326,0.000859,172.217.194.0-255,1484,99589,7,266395
38327,0.000859,172.31.36.0-255,66,99655,7,266395
38328,0.000884,172.31.36.0-255,66,99721,7,266395
38329,0.000896,172.217.194.0-255,1484,101205,7,266395
38330,0.0009,172.217.194.0-255,2902,104107,7,266395
38331,0.000902,172.31.36.0-255,66,104173,7,266395
38332,0.000918,172.217.194.0-255,5887,110060,7,266395
38333,0.000924,172.31.36.0-255,66,110126,7,266395
38334,0.000964,172.217.194.0-255,1484,111610,7,266395
38335,0.000981,172.217.194.0-255,2902,114512,7,266395
38336,0.000986,172.31.36.0-255,66,114578,7,266395
38337,0.001023,172.31.36.0-255,66,114644,7,266395
38338,0.001048,172.217.194.0-255,1484,116128,7,266395
38339,0.00107,172.31.36.0-255,66,116194,7,266395
38340,0.001092,172.217.194.0-255,5020,121214,7,266395
38341,0.001098,172.31.36.0-255,66,121280,7,266395
38342,0.001209,172.217.194.0-255,1484,122764,7,266395
38343,0.001214,172.217.194.0-255,2902,125666,7,266395
38344,0.001217,172.31.36.0-255,66,125732,7,266395
38345,0.001221,172.217.194.0-255,2902,128634,7,266395
38346,0.001231,172.31.36.0-255,66,128700,7,266395
38347,0.001235,172.217.194.0-255,2902,131602,7,266395
38348,0.001241,172.217.194.0-255,7156,138758,7,266395
38349,0.001248,172.31.36.0-255,66,138824,7,266395
38350,0.001257,172.217.194.0-255,5738,144562,7,266395
38351,0.001259,172.31.36.0-255,66,144628,7,266395
38352,0.001289,172.31.36.0-255,66,144694,7,266395
38353,0.001369,172.217.194.0-255,1484,146178,7,266395
38354,0.001387,172.217.194.0-255,2902,149080,7,266395
38355,0.00139,172.31.36.0-255,66,149146,7,266395
38356,0.001394,172.217.194.0-255,1484,150630,7,266395
38357,0.001406,172.217.194.0-255,1484,152114,7,266395
38358,0.001412,172.31.36.0-255,66,152180,7,266395
38359,0.001416,172.217.194.0-255,1484,153664,7,266395
38360,0.001429,172.217.194.0-255,1484,155148,7,266395
38361,0.001437,172.31.36.0-255,66,155214,7,266395
38362,0.001478,172.31.36.0-255,66,155280,7,266395
38363,0.00148,172.217.194.0-255,7156,162436,7,266395
38364,0.001496,172.31.36.0-255,66,162502,7,266395
38365,0.0015,172.217.194.0-255,6438,168940,7,266395
38366,0.001508,172.31.36.0-255,66,169006,7,266395
38367,0.001511,172.217.194.0-255,1484,170490,7,266395
38368,0.001534,172.217.194.0-255,2902,173392,7,266395
38369,0.00154,172.217.194.0-255,5738,179130,7,266395
38370,0.001545,172.31.36.0-255,66,179196,7,266395
38371,0.001564,172.217.194.0-255,2902,182098,7,266395
38372,0.001567,172.31.36.0-255,66,182164,7,266395
38373,0.001592,172.217.194.0-255,7156,189320,7,266395
38374,0.001596,172.31.36.0-255,66,189386,7,266395
38375,0.001606,172.217.194.0-255,4320,193706,7,266395
38376,0.00161,172.31.36.0-255,66,193772,7,266395
38377,0.001654,172.31.36.0-255,66,193838,7,266395
38378,0.001696,172.31.36.0-255,66,193904,7,266395
38379,0.001721,172.217.194.0-255,5738,199642,7,266395
38380,0.001725,172.31.36.0-255,66,199708,7,266395
38381,0.001731,172.217.194.0-255,1484,201192,7,266395
38382,0.001744,172.31.36.0-255,66,201258,7,266395
38383,0.001756,172.217.194.0-255,4320,205578,7,266395
38384,0.001756,172.31.36.0-255,66,205644,7,266395
38385,0.00176,172.31.36.0-255,66,205710,7,266395
38386,0.001776,172.217.194.0-255,5738,211448,7,266395
38387,0.001781,172.31.36.0-255,66,211514,7,266395
38388,0.00179,172.217.194.0-255,4320,215834,7,266395
38389,0.001798,172.31.36.0-255,66,215900,7,266395
38390,0.00182,172.217.194.0-255,4320,220220,7,266395
38391,0.001823,172.217.194.0-255,1484,221704,7,266395
38392,0.001824,172.31.36.0-255,66,221770,7,266395
38393,0.001824,172.217.194.0-255,766,222536,7,266395
38394,0.001828,172.31.36.0-255,66,222602,7,266395
38395,0.001923,172.217.194.0-255,1484,224086,7,266395
38396,0.001936,172.217.194.0-255,2902,226988,7,266395
38397,0.001939,172.217.194.0-255,1484,228472,7,266395
38398,0.001947,172.31.36.0-255,66,228538,7,266395
38399,0.001957,172.217.194.0-255,4320,232858,7,266395
38400,0.00196,172.31.36.0-255,66,232924,7,266395
38401,0.001964,172.217.194.0-255,2902,235826,7,266395
38402,0.001972,172.31.36.0-255,66,235892,7,266395
38403,0.002,172.31.36.0-255,66,235958,7,266395
38404,0.002048,172.217.194.0-255,4320,240278,7,266395
38405,0.002055,172.31.36.0-255,66,240344,7,266395
38406,0.002063,172.217.194.0-255,6438,246782,7,266395
38407,0.002067,172.31.36.0-255,66,246848,7,266395
38408,0.002105,172.217.194.0-255,1484,248332,7,266395
38409,0.002118,172.217.194.0-255,2902,251234,7,266395
38410,0.002122,172.31.36.0-255,66,251300,7,266395
38411,0.002143,172.217.194.0-255,5738,257038,7,266395
38412,0.002145,172.31.36.0-255,66,257104,7,266395
38413,0.002151,172.217.194.0-255,4320,261424,7,266395
38414,0.002157,172.31.36.0-255,66,261490,7,266395
38415,0.002183,172.31.36.0-255,66,261556,7,266395
38416,0.002187,172.31.36.0-255,66,261622,7,266395
38417,0.002203,172.217.194.0-255,766,262388,7,266395
38418,0.002219,172.217.194.0-255,1484,263872,7,266395
38419,0.002223,172.31.36.0-255,66,263938,7,266395
38420,0.002244,172.217.194.0-255,105,264043,7,266395
38421,0.002246,172.31.36.0-255,66,264109,7,266395
38422,0.008814,172.31.36.0-255,66,264175,7,266395
38423,0.008851,172.31.36.0-255,105,264280,7,266395
38424,0.011047,172.217.194.0-255,66,264346,7,266395
38425,0.033401,172.31.36.0-255,172,264518,7,266395
38426,0.033431,172.31.36.0-255,1113,265631,7,266395
38427,0.033465,172.31.36.0-255,566,266197,7,266395
38428,0.034969,104.244.42.0-255,66,266263,7,266395
38429,0.034979,104.244.42.0-255,66,266329,7,266395
38430,0.035017,104.244.42.0-255,66,266395,7,266395
38431,0.0,172.217.160.0-255,153,153,7,297612
38432,2.3e-05,172.31.36.0-255,66,219,7,297612
38433,3.1e-05,172.217.160.0-255,1484,1703,7,297612
38434,3.5e-05,172.31.36.0-255,66,1769,7,297612
38435,4.2e-05,172.217.160.0-255,2902,4671,7,297612
38436,4.5e-05,172.31.36.0-255,66,4737,7,297612
38437,5.4e-05,172.217.160.0-255,7156,11893,7,297612
38438,5.7e-05,172.31.36.0-255,66,11959,7,297612
38439,9.8e-05,172.31.36.0-255,66,12025,7,297612
38440,0.000143,172.31.36.0-255,66,12091,7,297612
38441,0.000197,172.217.160.0-255,1484,13575,7,297612
38442,0.0002,172.31.36.0-255,66,13641,7,297612
38443,0.000206,172.217.160.0-255,2902,16543,7,297612
38444,0.000208,172.31.36.0-255,66,16609,7,297612
38445,0.000212,172.217.160.0-255,1484,18093,7,297612
38446,0.000214,172.31.36.0-255,66,18159,7,297612
38447,0.000236,172.217.160.0-255,2902,21061,7,297612
38448,0.000239,172.31.36.0-255,66,21127,7,297612
38449,0.000274,172.217.160.0-255,5738,26865,7,297612
38450,0.000277,172.31.36.0-255,66,26931,7,297612
38451,0.000292,172.217.160.0-255,2543,29474,7,297612
38452,0.000294,172.31.36.0-255,66,29540,7,297612
38453,0.00033,172.217.160.0-255,5738,35278,7,297612
38454,0.000333,172.31.36.0-255,66,35344,7,297612
38455,0.000355,172.217.160.0-255,1484,36828,7,297612
38456,0.000357,172.31.36.0-255,66,36894,7,297612
38457,0.000368,172.31.36.0-255,66,36960,7,297612
38458,0.000371,172.217.160.0-255,1434,38394,7,297612
38459,0.000373,172.31.36.0-255,66,38460,7,297612
38460,0.000679,172.217.160.0-255,103,38563,7,297612
38461,0.000859,172.217.160.0-255,1484,40047,7,297612
38462,0.000863,172.31.36.0-255,66,40113,7,297612
38463,0.00087,172.217.160.0-255,2902,43015,7,297612
38464,0.000872,172.31.36.0-255,66,43081,7,297612
38465,0.000895,172.217.160.0-255,4320,47401,7,297612
38466,0.000898,172.31.36.0-255,66,47467,7,297612
38467,0.000926,172.217.160.0-255,1484,48951,7,297612
38468,0.000941,172.31.36.0-255,66,49017,7,297612
38469,0.000953,172.31.36.0-255,66,49083,7,297612
38470,0.00097,172.217.160.0-255,1484,50567,7,297612
38471,0.000974,172.217.160.0-255,1484,52051,7,297612
38472,0.000976,172.31.36.0-255,66,52117,7,297612
38473,0.000995,172.217.160.0-255,1484,53601,7,297612
38474,0.001002,172.217.160.0-255,5738,59339,7,297612
38475,0.001005,172.31.36.0-255,66,59405,7,297612
38476,0.001013,172.217.160.0-255,7156,66561,7,297612
38477,0.001015,172.31.36.0-255,66,66627,7,297612
38478,0.001045,172.217.160.0-255,5738,72365,7,297612
38479,0.001063,172.31.36.0-255,66,72431,7,297612
38480,0.001066,172.31.36.0-255,66,72497,7,297612
38481,0.001104,172.217.160.0-255,1484,73981,7,297612
38482,0.001124,172.217.160.0-255,2902,76883,7,297612
38483,0.001127,172.31.36.0-255,66,76949,7,297612
38484,0.001131,172.217.160.0-255,1484,78433,7,297612
38485,0.001137,172.217.160.0-255,4320,82753,7,297612
38486,0.001153,172.31.36.0-255,66,82819,7,297612
38487,0.001183,172.217.160.0-255,1484,84303,7,297612
38488,0.001199,172.31.36.0-255,66,84369,7,297612
38489,0.001211,172.31.36.0-255,66,84435,7,297612
38490,0.001255,172.217.160.0-255,1484,85919,7,297612
38491,0.001258,172.217.160.0-255,1484,87403,7,297612
38492,0.00126,172.31.36.0-255,66,87469,7,297612
38493,0.001277,172.217.160.0-255,1484,88953,7,297612
38494,0.001284,172.217.160.0-255,5738,94691,7,297612
38495,0.001286,172.31.36.0-255,66,94757,7,297612
38496,0.00129,172.217.160.0-255,2902,97659,7,297612
38497,0.001292,172.31.36.0-255,66,97725,7,297612
38498,0.001319,172.217.160.0-255,4320,102045,7,297612
38499,0.001323,172.31.36.0-255,66,102111,7,297612
38500,0.001336,172.31.36.0-255,66,102177,7,297612
38501,0.00136,172.217.160.0-255,2902,105079,7,297612
38502,0.001363,172.31.36.0-255,66,105145,7,297612
38503,0.001367,172.217.160.0-255,2184,107329,7,297612
38504,0.001369,172.31.36.0-255,66,107395,7,297612
38505,0.001414,172.217.160.0-255,1484,108879,7,297612
38506,0.00142,172.217.160.0-255,2902,111781,7,297612
38507,0.001423,172.31.36.0-255,66,111847,7,297612
38508,0.001427,172.217.160.0-255,2902,114749,7,297612
38509,0.00143,172.31.36.0-255,66,114815,7,297612
38510,0.001443,172.217.160.0-255,2902,117717,7,297612
38511,0.001445,172.31.36.0-255,66,117783,7,297612
38512,0.001448,172.217.160.0-255,1484,119267,7,297612
38513,0.001566,172.217.160.0-255,1484,120751,7,297612
38514,0.001572,172.217.160.0-255,2902,123653,7,297612
38515,0.001576,172.217.160.0-255,2902,126555,7,297612
38516,0.001594,172.217.160.0-255,2902,129457,7,297612
38517,0.001606,172.217.160.0-255,7156,136613,7,297612
38518,0.00162,172.217.160.0-255,5738,142351,7,297612
38519,0.005498,172.31.36.0-255,66,142417,7,297612
38520,0.007163,172.217.160.0-255,5738,148155,7,297612
38521,0.007169,172.31.36.0-255,66,148221,7,297612
38522,0.008816,172.217.160.0-255,5738,153959,7,297612
38523,0.008822,172.31.36.0-255,66,154025,7,297612
38524,0.01048,172.217.160.0-255,5738,159763,7,297612
38525,0.010487,172.31.36.0-255,66,159829,7,297612
38526,0.012144,172.217.160.0-255,5738,165567,7,297612
38527,0.012152,172.31.36.0-255,66,165633,7,297612
38528,0.013806,172.217.160.0-255,5738,171371,7,297612
38529,0.013814,172.31.36.0-255,66,171437,7,297612
38530,0.015473,172.217.160.0-255,5738,177175,7,297612
38531,0.015481,172.31.36.0-255,66,177241,7,297612
38532,0.017159,172.217.160.0-255,5738,182979,7,297612
38533,0.017167,172.31.36.0-255,66,183045,7,297612
38534,0.01883,172.217.160.0-255,5738,188783,7,297612
38535,0.018838,172.31.36.0-255,66,188849,7,297612
38536,0.020486,172.217.160.0-255,5738,194587,7,297612
38537,0.020494,172.31.36.0-255,66,194653,7,297612
38538,0.022144,172.217.160.0-255,5738,200391,7,297612
38539,0.022151,172.31.36.0-255,66,200457,7,297612
38540,0.023804,172.217.160.0-255,5738,206195,7,297612
38541,0.023811,172.31.36.0-255,66,206261,7,297612
38542,0.025465,172.217.160.0-255,5738,211999,7,297612
38543,0.025472,172.31.36.0-255,66,212065,7,297612
38544,0.027137,172.217.160.0-255,5738,217803,7,297612
38545,0.027144,172.31.36.0-255,66,217869,7,297612
38546,0.028802,172.217.160.0-255,5738,223607,7,297612
38547,0.028809,172.31.36.0-255,66,223673,7,297612
38548,0.03046,172.217.160.0-255,5738,229411,7,297612
38549,0.030467,172.31.36.0-255,66,229477,7,297612
38550,0.032121,172.217.160.0-255,5738,235215,7,297612
38551,0.032129,172.31.36.0-255,66,235281,7,297612
38552,0.032955,172.31.36.0-255,171,235452,7,297612
38553,0.032987,172.31.36.0-255,1138,236590,7,297612
38554,0.033046,172.31.36.0-255,1514,238104,7,297612
38555,0.033048,172.31.36.0-255,1270,239374,7,297612
38556,0.033781,172.217.160.0-255,5738,245112,7,297612
38557,0.033789,172.31.36.0-255,66,245178,7,297612
38558,0.034508,104.244.42.0-255,66,245244,7,297612
38559,0.034545,104.244.42.0-255,66,245310,7,297612
38560,0.034587,104.244.42.0-255,66,245376,7,297612
38561,0.035448,172.217.160.0-255,5738,251114,7,297612
38562,0.035453,172.31.36.0-255,66,251180,7,297612
38563,0.037105,172.217.160.0-255,5738,256918,7,297612
38564,0.037111,172.31.36.0-255,66,256984,7,297612
38565,0.038764,172.217.160.0-255,5738,262722,7,297612
38566,0.038771,172.31.36.0-255,66,262788,7,297612
38567,0.040426,172.217.160.0-255,5738,268526,7,297612
38568,0.040433,172.31.36.0-255,66,268592,7,297612
38569,0.042083,172.217.160.0-255,5738,274330,7,297612
38570,0.042091,172.31.36.0-255,66,274396,7,297612
38571,0.043762,172.217.160.0-255,5738,280134,7,297612
38572,0.043771,172.31.36.0-255,66,280200,7,297612
38573,0.045431,172.217.160.0-255,5738,285938,7,297612
38574,0.045437,172.31.36.0-255,66,286004,7,297612
38575,0.047095,172.217.160.0-255,5738,291742,7,297612
38576,0.047102,172.31.36.0-255,66,291808,7,297612
38577,0.048766,172.217.160.0-255,5738,297546,7,297612
38578,0.048773,172.31.36.0-255,66,297612,7,297612
38579,0.0,74.125.24.0-255,153,153,7,241373
38580,2.8e-05,172.31.36.0-255,66,219,7,241373
38581,3.5e-05,74.125.24.0-255,1484,1703,7,241373
38582,3.9e-05,172.31.36.0-255,66,1769,7,241373
38583,4.4e-05,74.125.24.0-255,2902,4671,7,241373
38584,4.7e-05,172.31.36.0-255,66,4737,7,241373
38585,5.5e-05,74.125.24.0-255,7156,11893,7,241373
38586,5.7e-05,172.31.36.0-255,66,11959,7,241373
38587,8.4e-05,74.125.24.0-255,2002,13961,7,241373
38588,8.7e-05,172.31.36.0-255,66,14027,7,241373
38589,0.000615,74.125.24.0-255,1484,15511,7,241373
38590,0.000621,172.31.36.0-255,66,15577,7,241373
38591,0.000631,74.125.24.0-255,2902,18479,7,241373
38592,0.000634,172.31.36.0-255,66,18545,7,241373
38593,0.00064,74.125.24.0-255,4320,22865,7,241373
38594,0.000642,172.31.36.0-255,66,22931,7,241373
38595,0.000669,74.125.24.0-255,5738,28669,7,241373
38596,0.000673,172.31.36.0-255,66,28735,7,241373
38597,0.000694,74.125.24.0-255,2543,31278,7,241373
38598,0.000698,172.31.36.0-255,66,31344,7,241373
38599,0.001076,74.125.24.0-255,1484,32828,7,241373
38600,0.001083,172.31.36.0-255,66,32894,7,241373
38601,0.001092,74.125.24.0-255,2902,35796,7,241373
38602,0.001095,172.31.36.0-255,66,35862,7,241373
38603,0.001102,74.125.24.0-255,5738,41600,7,241373
38604,0.001105,172.31.36.0-255,66,41666,7,241373
38605,0.001135,74.125.24.0-255,5738,47404,7,241373
38606,0.001137,172.31.36.0-255,66,47470,7,241373
38607,0.001167,172.31.36.0-255,66,47536,7,241373
38608,0.001172,74.125.24.0-255,4320,51856,7,241373
38609,0.001174,172.31.36.0-255,66,51922,7,241373
38610,0.001202,74.125.24.0-255,5687,57609,7,241373
38611,0.001205,172.31.36.0-255,66,57675,7,241373
38612,0.001218,74.125.24.0-255,379,58054,7,241373
38613,0.001351,74.125.24.0-255,1484,59538,7,241373
38614,0.001355,172.31.36.0-255,66,59604,7,241373
38615,0.00136,74.125.24.0-255,2902,62506,7,241373
38616,0.001362,172.31.36.0-255,66,62572,7,241373
38617,0.001365,74.125.24.0-255,1484,64056,7,241373
38618,0.00138,74.125.24.0-255,4320,68376,7,241373
38619,0.001382,172.31.36.0-255,66,68442,7,241373
38620,0.001406,74.125.24.0-255,5738,74180,7,241373
38621,0.001409,172.31.36.0-255,66,74246,7,241373
38622,0.001424,74.125.24.0-255,7156,81402,7,241373
38623,0.001426,172.31.36.0-255,66,81468,7,241373
38624,0.001469,74.125.24.0-255,4320,85788,7,241373
38625,0.001472,172.31.36.0-255,66,85854,7,241373
38626,0.001494,74.125.24.0-255,6438,92292,7,241373
38627,0.001497,172.31.36.0-255,66,92358,7,241373
38628,0.003413,74.125.24.0-255,5738,98096,7,241373
38629,0.003418,172.31.36.0-255,66,98162,7,241373
38630,0.005351,74.125.24.0-255,5738,103900,7,241373
38631,0.005357,172.31.36.0-255,66,103966,7,241373
38632,0.007311,74.125.24.0-255,5738,109704,7,241373
38633,0.007319,172.31.36.0-255,66,109770,7,241373
38634,0.009255,74.125.24.0-255,5738,115508,7,241373
38635,0.009262,172.31.36.0-255,66,115574,7,241373
38636,0.011208,74.125.24.0-255,5738,121312,7,241373
38637,0.011216,172.31.36.0-255,66,121378,7,241373
38638,0.013189,74.125.24.0-255,5738,127116,7,241373
38639,0.013197,172.31.36.0-255,66,127182,7,241373
38640,0.015156,74.125.24.0-255,5738,132920,7,241373
38641,0.015165,172.31.36.0-255,66,132986,7,241373
38642,0.017101,74.125.24.0-255,5738,138724,7,241373
38643,0.017109,172.31.36.0-255,66,138790,7,241373
38644,0.019058,74.125.24.0-255,5738,144528,7,241373
38645,0.019066,172.31.36.0-255,66,144594,7,241373
38646,0.021006,74.125.24.0-255,5738,150332,7,241373
38647,0.021012,172.31.36.0-255,66,150398,7,241373
38648,0.022948,74.125.24.0-255,5738,156136,7,241373
38649,0.022955,172.31.36.0-255,66,156202,7,241373
38650,0.024913,74.125.24.0-255,5738,161940,7,241373
38651,0.024921,172.31.36.0-255,66,162006,7,241373
38652,0.026872,74.125.24.0-255,5738,167744,7,241373
38653,0.026878,172.31.36.0-255,66,167810,7,241373
38654,0.026928,172.31.36.0-255,171,167981,7,241373
38655,0.026966,172.31.36.0-255,1137,169118,7,241373
38656,0.027196,172.31.36.0-255,1514,170632,7,241373
38657,0.027198,172.31.36.0-255,1514,172146,7,241373
38658,0.0272,172.31.36.0-255,1514,173660,7,241373
38659,0.027201,172.31.36.0-255,1514,175174,7,241373
38660,0.027233,172.31.36.0-255,1497,176671,7,241373
38661,0.028475,104.244.42.0-255,66,176737,7,241373
38662,0.028518,104.244.42.0-255,66,176803,7,241373
38663,0.028767,104.244.42.0-255,66,176869,7,241373
38664,0.028773,104.244.42.0-255,66,176935,7,241373
38665,0.028838,74.125.24.0-255,5738,182673,7,241373
38666,0.028844,172.31.36.0-255,66,182739,7,241373
38667,0.030802,74.125.24.0-255,5738,188477,7,241373
38668,0.030807,172.31.36.0-255,66,188543,7,241373
38669,0.032733,74.125.24.0-255,5738,194281,7,241373
38670,0.032738,172.31.36.0-255,66,194347,7,241373
38671,0.034682,74.125.24.0-255,5738,200085,7,241373
38672,0.034687,172.31.36.0-255,66,200151,7,241373
38673,0.036607,74.125.24.0-255,5738,205889,7,241373
38674,0.036613,172.31.36.0-255,66,205955,7,241373
38675,0.038551,74.125.24.0-255,5738,211693,7,241373
38676,0.038571,172.31.36.0-255,66,211759,7,241373
38677,0.040509,74.125.24.0-255,2902,214661,7,241373
38678,0.040515,172.31.36.0-255,66,214727,7,241373
38679,0.040549,74.125.24.0-255,2902,217629,7,241373
38680,0.040552,172.31.36.0-255,66,217695,7,241373
38681,0.042431,74.125.24.0-255,2902,220597,7,241373
38682,0.042436,172.31.36.0-255,66,220663,7,241373
38683,0.042467,74.125.24.0-255,1484,222147,7,241373
38684,0.042477,74.125.24.0-255,1484,223631,7,241373
38685,0.04248,172.31.36.0-255,66,223697,7,241373
38686,0.044373,74.125.24.0-255,2902,226599,7,241373
38687,0.044378,172.31.36.0-255,66,226665,7,241373
38688,0.044407,74.125.24.0-255,2902,229567,7,241373
38689,0.04441,172.31.36.0-255,66,229633,7,241373
38690,0.046309,74.125.24.0-255,2902,232535,7,241373
38691,0.046313,172.31.36.0-255,66,232601,7,241373
38692,0.046339,74.125.24.0-255,2902,235503,7,241373
38693,0.046342,172.31.36.0-255,66,235569,7,241373
38694,0.048268,74.125.24.0-255,5738,241307,7,241373
38695,0.048272,172.31.36.0-255,66,241373,7,241373
38696,0.0,74.125.24.0-255,153,153,7,185974
38697,2.7e-05,172.31.36.0-255,66,219,7,185974
38698,3.3e-05,74.125.24.0-255,1484,1703,7,185974
38699,3.8e-05,172.31.36.0-255,66,1769,7,185974
38700,4.2e-05,74.125.24.0-255,2902,4671,7,185974
38701,4.5e-05,172.31.36.0-255,66,4737,7,185974
38702,5.2e-05,74.125.24.0-255,7156,11893,7,185974
38703,5.5e-05,172.31.36.0-255,66,11959,7,185974
38704,0.000103,172.31.36.0-255,66,12025,7,185974
38705,0.000128,74.125.24.0-255,6797,18822,7,185974
38706,0.000131,172.31.36.0-255,66,18888,7,185974
38707,0.000171,74.125.24.0-255,1484,20372,7,185974
38708,0.000174,172.31.36.0-255,66,20438,7,185974
38709,0.00018,74.125.24.0-255,2902,23340,7,185974
38710,0.000182,172.31.36.0-255,66,23406,7,185974
38711,0.000186,74.125.24.0-255,1484,24890,7,185974
38712,0.000188,172.31.36.0-255,66,24956,7,185974
38713,0.000203,74.125.24.0-255,4320,29276,7,185974
38714,0.000206,172.31.36.0-255,66,29342,7,185974
38715,0.000225,74.125.24.0-255,6797,36139,7,185974
38716,0.000228,172.31.36.0-255,66,36205,7,185974
38717,0.000258,74.125.24.0-255,7156,43361,7,185974
38718,0.000261,172.31.36.0-255,66,43427,7,185974
38719,0.000289,172.31.36.0-255,66,43493,7,185974
38720,0.000292,74.125.24.0-255,131,43624,7,185974
38721,0.000294,172.31.36.0-255,66,43690,7,185974
38722,0.000416,74.125.24.0-255,1484,45174,7,185974
38723,0.000419,172.31.36.0-255,66,45240,7,185974
38724,0.000424,74.125.24.0-255,2902,48142,7,185974
38725,0.000426,172.31.36.0-255,66,48208,7,185974
38726,0.000452,74.125.24.0-255,4320,52528,7,185974
38727,0.000455,172.31.36.0-255,66,52594,7,185974
38728,0.000472,74.125.24.0-255,1484,54078,7,185974
38729,0.000504,172.31.36.0-255,66,54144,7,185974
38730,0.000515,172.31.36.0-255,66,54210,7,185974
38731,0.000519,74.125.24.0-255,1385,55595,7,185974
38732,0.000735,74.125.24.0-255,1484,57079,7,185974
38733,0.000739,74.125.24.0-255,2902,59981,7,185974
38734,0.00074,172.31.36.0-255,66,60047,7,185974
38735,0.000745,172.31.36.0-255,66,60113,7,185974
38736,0.000764,74.125.24.0-255,5738,65851,7,185974
38737,0.000767,172.31.36.0-255,66,65917,7,185974
38738,0.000782,74.125.24.0-255,4320,70237,7,185974
38739,0.000784,172.31.36.0-255,66,70303,7,185974
38740,0.000811,172.31.36.0-255,66,70369,7,185974
38741,0.000838,74.125.24.0-255,5738,76107,7,185974
38742,0.00084,172.31.36.0-255,66,76173,7,185974
38743,0.000857,74.125.24.0-255,5020,81193,7,185974
38744,0.00086,172.31.36.0-255,66,81259,7,185974
38745,0.000883,74.125.24.0-255,1484,82743,7,185974
38746,0.000905,74.125.24.0-255,2902,85645,7,185974
38747,0.000908,172.31.36.0-255,66,85711,7,185974
38748,0.000934,74.125.24.0-255,4320,90031,7,185974
38749,0.000937,172.31.36.0-255,66,90097,7,185974
38750,0.000975,74.125.24.0-255,5738,95835,7,185974
38751,0.000978,172.31.36.0-255,66,95901,7,185974
38752,0.000997,74.125.24.0-255,2902,98803,7,185974
38753,0.001,172.31.36.0-255,66,98869,7,185974
38754,0.001037,172.31.36.0-255,66,98935,7,185974
38755,0.001042,74.125.24.0-255,2902,101837,7,185974
38756,0.001044,172.31.36.0-255,66,101903,7,185974
38757,0.001105,74.125.24.0-255,3602,105505,7,185974
38758,0.001108,172.31.36.0-255,66,105571,7,185974
38759,0.001234,74.125.24.0-255,1484,107055,7,185974
38760,0.001252,74.125.24.0-255,2902,109957,7,185974
38761,0.001255,172.31.36.0-255,66,110023,7,185974
38762,0.00126,74.125.24.0-255,2902,112925,7,185974
38763,0.001263,172.31.36.0-255,66,112991,7,185974
38764,0.001276,74.125.24.0-255,2902,115893,7,185974
38765,0.001279,172.31.36.0-255,66,115959,7,185974
38766,0.001284,74.125.24.0-255,4320,120279,7,185974
38767,0.001286,172.31.36.0-255,66,120345,7,185974
38768,0.001323,172.31.36.0-255,66,120411,7,185974
38769,0.001331,74.125.24.0-255,7156,127567,7,185974
38770,0.001335,172.31.36.0-255,66,127633,7,185974
38771,0.001387,74.125.24.0-255,3602,131235,7,185974
38772,0.00139,172.31.36.0-255,66,131301,7,185974
38773,0.00143,74.125.24.0-255,1484,132785,7,185974
38774,0.001441,74.125.24.0-255,1484,134269,7,185974
38775,0.001444,172.31.36.0-255,66,134335,7,185974
38776,0.001466,74.125.24.0-255,2902,137237,7,185974
38777,0.001469,172.31.36.0-255,66,137303,7,185974
38778,0.001476,74.125.24.0-255,5738,143041,7,185974
38779,0.001478,172.31.36.0-255,66,143107,7,185974
38780,0.001496,74.125.24.0-255,5738,148845,7,185974
38781,0.001499,172.31.36.0-255,66,148911,7,185974
38782,0.001519,74.125.24.0-255,7156,156067,7,185974
38783,0.001522,172.31.36.0-255,66,156133,7,185974
38784,0.001567,172.31.36.0-255,66,156199,7,185974
38785,0.001641,74.125.24.0-255,1484,157683,7,185974
38786,0.001645,74.125.24.0-255,1484,159167,7,185974
38787,0.001648,172.31.36.0-255,66,159233,7,185974
38788,0.00167,74.125.24.0-255,1484,160717,7,185974
38789,0.001677,74.125.24.0-255,5738,166455,7,185974
38790,0.001679,172.31.36.0-255,66,166521,7,185974
38791,0.001684,74.125.24.0-255,2902,169423,7,185974
38792,0.001685,172.31.36.0-255,66,169489,7,185974
38793,0.00174,172.31.36.0-255,66,169555,7,185974
38794,0.001751,172.31.36.0-255,66,169621,7,185974
38795,0.001783,172.31.36.0-255,66,169687,7,185974
38796,0.001792,172.31.36.0-255,66,169753,7,185974
38797,0.001823,74.125.24.0-255,4320,174073,7,185974
38798,0.001827,172.31.36.0-255,66,174139,7,185974
38799,0.001871,172.31.36.0-255,66,174205,7,185974
38800,0.001888,172.31.36.0-255,66,174271,7,185974
38801,0.00189,74.125.24.0-255,766,175037,7,185974
38802,0.001926,172.31.36.0-255,66,175103,7,185974
38803,0.001955,172.31.36.0-255,66,175169,7,185974
38804,0.001966,172.31.36.0-255,66,175235,7,185974
38805,0.001981,74.125.24.0-255,2902,178137,7,185974
38806,0.001984,172.31.36.0-255,66,178203,7,185974
38807,0.002018,172.31.36.0-255,66,178269,7,185974
38808,0.002068,74.125.24.0-255,105,178374,7,185974
38809,0.003892,172.31.36.0-255,66,178440,7,185974
38810,0.00392,172.31.36.0-255,105,178545,7,185974
38811,0.006101,74.125.24.0-255,66,178611,7,185974
38812,0.027705,172.31.36.0-255,192,178803,7,185974
38813,0.027739,172.31.36.0-255,958,179761,7,185974
38814,0.027784,172.31.36.0-255,1514,181275,7,185974
38815,0.027786,172.31.36.0-255,1514,182789,7,185974
38816,0.027788,172.31.36.0-255,1514,184303,7,185974
38817,0.027789,172.31.36.0-255,1233,185536,7,185974
38818,0.029221,104.244.42.0-255,66,185602,7,185974
38819,0.029274,104.244.42.0-255,66,185668,7,185974
38820,0.029316,104.244.42.0-255,66,185734,7,185974
38821,0.029318,104.244.42.0-255,66,185800,7,185974
38822,0.030065,104.244.42.0-255,108,185908,7,185974
38823,0.030088,172.31.36.0-255,66,185974,7,185974
38824,0.0,74.125.24.0-255,153,153,7,220487
38825,3.5e-05,172.31.36.0-255,66,219,7,220487
38826,4.2e-05,74.125.24.0-255,1484,1703,7,220487
38827,4.7e-05,172.31.36.0-255,66,1769,7,220487
38828,5.2e-05,74.125.24.0-255,2902,4671,7,220487
38829,6.3e-05,172.31.36.0-255,66,4737,7,220487
38830,6.5e-05,74.125.24.0-255,1484,6221,7,220487
38831,6.8e-05,172.31.36.0-255,66,6287,7,220487
38832,7.2e-05,74.125.24.0-255,2902,9189,7,220487
38833,7.4e-05,172.31.36.0-255,66,9255,7,220487
38834,0.000112,74.125.24.0-255,4885,14140,7,220487
38835,0.000116,172.31.36.0-255,66,14206,7,220487
38836,0.000141,74.125.24.0-255,1484,15690,7,220487
38837,0.000144,172.31.36.0-255,66,15756,7,220487
38838,0.000166,74.125.24.0-255,2902,18658,7,220487
38839,0.000171,172.31.36.0-255,66,18724,7,220487
38840,0.000178,74.125.24.0-255,5738,24462,7,220487
38841,0.00018,172.31.36.0-255,66,24528,7,220487
38842,0.000238,74.125.24.0-255,6797,31325,7,220487
38843,0.000241,172.31.36.0-255,66,31391,7,220487
38844,0.000382,74.125.24.0-255,1484,32875,7,220487
38845,0.000386,172.31.36.0-255,66,32941,7,220487
38846,0.000391,74.125.24.0-255,2902,35843,7,220487
38847,0.000394,172.31.36.0-255,66,35909,7,220487
38848,0.000399,74.125.24.0-255,5738,41647,7,220487
38849,0.000407,172.31.36.0-255,66,41713,7,220487
38850,0.000451,74.125.24.0-255,7156,48869,7,220487
38851,0.000453,172.31.36.0-255,66,48935,7,220487
38852,0.000457,172.31.36.0-255,66,49001,7,220487
38853,0.000472,74.125.24.0-255,2543,51544,7,220487
38854,0.000475,172.31.36.0-255,66,51610,7,220487
38855,0.000478,74.125.24.0-255,397,52007,7,220487
38856,0.000683,74.125.24.0-255,347,52354,7,220487
38857,0.00078,172.31.36.0-255,66,52420,7,220487
38858,0.00091,74.125.24.0-255,1484,53904,7,220487
38859,0.000921,74.125.24.0-255,2902,56806,7,220487
38860,0.000925,172.31.36.0-255,66,56872,7,220487
38861,0.000932,74.125.24.0-255,5738,62610,7,220487
38862,0.000934,172.31.36.0-255,66,62676,7,220487
38863,0.000985,172.31.36.0-255,66,62742,7,220487
38864,0.000998,172.31.36.0-255,66,62808,7,220487
38865,0.001001,74.125.24.0-255,1125,63933,7,220487
38866,0.00131,172.31.36.0-255,66,63999,7,220487
38867,0.001935,74.125.24.0-255,1484,65483,7,220487
38868,0.001955,74.125.24.0-255,2902,68385,7,220487
38869,0.001959,172.31.36.0-255,66,68451,7,220487
38870,0.001965,74.125.24.0-255,5738,74189,7,220487
38871,0.001967,172.31.36.0-255,66,74255,7,220487
38872,0.001976,74.125.24.0-255,4320,78575,7,220487
38873,0.001978,172.31.36.0-255,66,78641,7,220487
38874,0.001981,74.125.24.0-255,1484,80125,7,220487
38875,0.002027,172.31.36.0-255,66,80191,7,220487
38876,0.00203,172.31.36.0-255,66,80257,7,220487
38877,0.002173,74.125.24.0-255,1484,81741,7,220487
38878,0.002184,74.125.24.0-255,2902,84643,7,220487
38879,0.002187,172.31.36.0-255,66,84709,7,220487
38880,0.002219,74.125.24.0-255,5738,90447,7,220487
38881,0.002223,172.31.36.0-255,66,90513,7,220487
38882,0.002229,74.125.24.0-255,5738,96251,7,220487
38883,0.002231,172.31.36.0-255,66,96317,7,220487
38884,0.002271,172.31.36.0-255,66,96383,7,220487
38885,0.002276,74.125.24.0-255,5020,101403,7,220487
38886,0.002279,172.31.36.0-255,66,101469,7,220487
38887,0.00458,74.125.24.0-255,5738,107207,7,220487
38888,0.004585,172.31.36.0-255,66,107273,7,220487
38889,0.006846,74.125.24.0-255,5738,113011,7,220487
38890,0.006853,172.31.36.0-255,66,113077,7,220487
38891,0.009114,74.125.24.0-255,5738,118815,7,220487
38892,0.009122,172.31.36.0-255,66,118881,7,220487
38893,0.011443,74.125.24.0-255,5738,124619,7,220487
38894,0.011451,172.31.36.0-255,66,124685,7,220487
38895,0.013728,74.125.24.0-255,5738,130423,7,220487
38896,0.013736,172.31.36.0-255,66,130489,7,220487
38897,0.015999,74.125.24.0-255,5738,136227,7,220487
38898,0.016006,172.31.36.0-255,66,136293,7,220487
38899,0.018299,74.125.24.0-255,5738,142031,7,220487
38900,0.018306,172.31.36.0-255,66,142097,7,220487
38901,0.020585,74.125.24.0-255,5738,147835,7,220487
38902,0.020593,172.31.36.0-255,66,147901,7,220487
38903,0.022857,74.125.24.0-255,5738,153639,7,220487
38904,0.022864,172.31.36.0-255,66,153705,7,220487
38905,0.023946,172.31.36.0-255,172,153877,7,220487
38906,0.023989,172.31.36.0-255,1112,154989,7,220487
38907,0.02415,172.31.36.0-255,1514,156503,7,220487
38908,0.024152,172.31.36.0-255,1294,157797,7,220487
38909,0.025131,74.125.24.0-255,5738,163535,7,220487
38910,0.025139,172.31.36.0-255,66,163601,7,220487
38911,0.025471,104.244.42.0-255,66,163667,7,220487
38912,0.025512,104.244.42.0-255,66,163733,7,220487
38913,0.025716,104.244.42.0-255,66,163799,7,220487
38914,0.027395,74.125.24.0-255,5738,169537,7,220487
38915,0.027399,172.31.36.0-255,66,169603,7,220487
38916,0.029683,74.125.24.0-255,5738,175341,7,220487
38917,0.029689,172.31.36.0-255,66,175407,7,220487
38918,0.031948,74.125.24.0-255,5738,181145,7,220487
38919,0.031954,172.31.36.0-255,66,181211,7,220487
38920,0.034255,74.125.24.0-255,5738,186949,7,220487
38921,0.034263,172.31.36.0-255,66,187015,7,220487
38922,0.036572,74.125.24.0-255,5738,192753,7,220487
38923,0.036578,172.31.36.0-255,66,192819,7,220487
38924,0.038862,74.125.24.0-255,5738,198557,7,220487
38925,0.038867,172.31.36.0-255,66,198623,7,220487
38926,0.041135,74.125.24.0-255,4320,202943,7,220487
38927,0.041142,172.31.36.0-255,66,203009,7,220487
38928,0.041171,74.125.24.0-255,1484,204493,7,220487
38929,0.043434,74.125.24.0-255,4320,208813,7,220487
38930,0.04344,172.31.36.0-255,66,208879,7,220487
38931,0.045716,74.125.24.0-255,5738,214617,7,220487
38932,0.045722,172.31.36.0-255,66,214683,7,220487
38933,0.047991,74.125.24.0-255,5738,220421,7,220487
38934,0.047996,172.31.36.0-255,66,220487,7,220487
38935,0.0,172.217.194.0-255,298,298,7,233144
38936,2.8e-05,172.31.36.0-255,66,364,7,233144
38937,3.4e-05,172.217.194.0-255,1484,1848,7,233144
38938,3.8e-05,172.31.36.0-255,66,1914,7,233144
38939,4.3e-05,172.217.194.0-255,2902,4816,7,233144
38940,5.3e-05,172.31.36.0-255,66,4882,7,233144
38941,6e-05,172.217.194.0-255,5738,10620,7,233144
38942,6.3e-05,172.31.36.0-255,66,10686,7,233144
38943,9.9e-05,172.217.194.0-255,5738,16424,7,233144
38944,0.000102,172.31.36.0-255,66,16490,7,233144
38945,0.000135,172.31.36.0-255,66,16556,7,233144
38946,0.000143,172.217.194.0-255,6797,23353,7,233144
38947,0.000145,172.31.36.0-255,66,23419,7,233144
38948,0.000194,172.217.194.0-255,1484,24903,7,233144
38949,0.000198,172.31.36.0-255,66,24969,7,233144
38950,0.000203,172.217.194.0-255,2902,27871,7,233144
38951,0.000204,172.31.36.0-255,66,27937,7,233144
38952,0.000208,172.217.194.0-255,2902,30839,7,233144
38953,0.00021,172.31.36.0-255,66,30905,7,233144
38954,0.000237,172.217.194.0-255,2902,33807,7,233144
38955,0.000239,172.31.36.0-255,66,33873,7,233144
38956,0.000245,172.217.194.0-255,2902,36775,7,233144
38957,0.000247,172.31.36.0-255,66,36841,7,233144
38958,0.000285,172.31.36.0-255,66,36907,7,233144
38959,0.000322,172.31.36.0-255,66,36973,7,233144
38960,0.00039,172.217.194.0-255,381,37354,7,233144
38961,0.000393,172.31.36.0-255,66,37420,7,233144
38962,0.000771,172.217.194.0-255,1484,38904,7,233144
38963,0.000775,172.31.36.0-255,66,38970,7,233144
38964,0.000779,172.217.194.0-255,1484,40454,7,233144
38965,0.000803,172.217.194.0-255,1484,41938,7,233144
38966,0.000806,172.31.36.0-255,66,42004,7,233144
38967,0.000813,172.217.194.0-255,5738,47742,7,233144
38968,0.000816,172.31.36.0-255,66,47808,7,233144
38969,0.000822,172.217.194.0-255,5738,53546,7,233144
38970,0.000824,172.31.36.0-255,66,53612,7,233144
38971,0.000831,172.217.194.0-255,7156,60768,7,233144
38972,0.000834,172.31.36.0-255,66,60834,7,233144
38973,0.000893,172.31.36.0-255,66,60900,7,233144
38974,0.00125,172.217.194.0-255,1484,62384,7,233144
38975,0.001259,172.217.194.0-255,2902,65286,7,233144
38976,0.001263,172.31.36.0-255,66,65352,7,233144
38977,0.001268,172.217.194.0-255,1484,66836,7,233144
38978,0.001289,172.217.194.0-255,4320,71156,7,233144
38979,0.001292,172.31.36.0-255,66,71222,7,233144
38980,0.001298,172.217.194.0-255,4320,75542,7,233144
38981,0.001301,172.31.36.0-255,66,75608,7,233144
38982,0.001337,172.31.36.0-255,66,75674,7,233144
38983,0.00135,172.31.36.0-255,66,75740,7,233144
38984,0.001499,172.217.194.0-255,1484,77224,7,233144
38985,0.001518,172.217.194.0-255,1484,78708,7,233144
38986,0.001522,172.31.36.0-255,66,78774,7,233144
38987,0.001539,172.217.194.0-255,1484,80258,7,233144
38988,0.001549,172.217.194.0-255,4320,84578,7,233144
38989,0.001552,172.31.36.0-255,66,84644,7,233144
38990,0.001561,172.31.36.0-255,66,84710,7,233144
38991,0.001574,172.217.194.0-255,2902,87612,7,233144
38992,0.001576,172.31.36.0-255,66,87678,7,233144
38993,0.001618,172.31.36.0-255,66,87744,7,233144
38994,0.001624,172.217.194.0-255,4320,92064,7,233144
38995,0.001627,172.31.36.0-255,66,92130,7,233144
38996,0.001671,172.31.36.0-255,66,92196,7,233144
38997,0.001678,172.217.194.0-255,5738,97934,7,233144
38998,0.00168,172.31.36.0-255,66,98000,7,233144
38999,0.001725,172.31.36.0-255,66,98066,7,233144
39000,0.002243,172.217.194.0-255,1484,99550,7,233144
39001,0.002251,172.217.194.0-255,2902,102452,7,233144
39002,0.002256,172.31.36.0-255,66,102518,7,233144
39003,0.002264,172.217.194.0-255,5738,108256,7,233144
39004,0.002266,172.31.36.0-255,66,108322,7,233144
39005,0.004474,172.217.194.0-255,5738,114060,7,233144
39006,0.004481,172.31.36.0-255,66,114126,7,233144
39007,0.006725,172.217.194.0-255,5738,119864,7,233144
39008,0.006731,172.31.36.0-255,66,119930,7,233144
39009,0.00896,172.217.194.0-255,5738,125668,7,233144
39010,0.008966,172.31.36.0-255,66,125734,7,233144
39011,0.01119,172.217.194.0-255,5738,131472,7,233144
39012,0.0112,172.31.36.0-255,66,131538,7,233144
39013,0.013439,172.217.194.0-255,5738,137276,7,233144
39014,0.013447,172.31.36.0-255,66,137342,7,233144
39015,0.015684,172.217.194.0-255,5738,143080,7,233144
39016,0.015694,172.31.36.0-255,66,143146,7,233144
39017,0.017922,172.217.194.0-255,5738,148884,7,233144
39018,0.01793,172.31.36.0-255,66,148950,7,233144
39019,0.020172,172.217.194.0-255,5738,154688,7,233144
39020,0.02018,172.31.36.0-255,66,154754,7,233144
39021,0.022398,172.217.194.0-255,5738,160492,7,233144
39022,0.022407,172.31.36.0-255,66,160558,7,233144
39023,0.024634,172.217.194.0-255,5738,166296,7,233144
39024,0.024641,172.31.36.0-255,66,166362,7,233144
39025,0.026876,172.217.194.0-255,5738,172100,7,233144
39026,0.026884,172.31.36.0-255,66,172166,7,233144
39027,0.029166,172.217.194.0-255,5738,177904,7,233144
39028,0.029173,172.31.36.0-255,66,177970,7,233144
39029,0.03141,172.217.194.0-255,5738,183708,7,233144
39030,0.031418,172.31.36.0-255,66,183774,7,233144
39031,0.033636,172.217.194.0-255,5738,189512,7,233144
39032,0.033643,172.31.36.0-255,66,189578,7,233144
39033,0.033936,172.31.36.0-255,172,189750,7,233144
39034,0.033995,172.31.36.0-255,1115,190865,7,233144
39035,0.034049,172.31.36.0-255,1514,192379,7,233144
39036,0.034051,172.31.36.0-255,1291,193670,7,233144
39037,0.035515,104.244.42.0-255,66,193736,7,233144
39038,0.03556,104.244.42.0-255,66,193802,7,233144
39039,0.035617,104.244.42.0-255,66,193868,7,233144
39040,0.035873,172.217.194.0-255,4320,198188,7,233144
39041,0.035878,172.31.36.0-255,66,198254,7,233144
39042,0.03591,172.217.194.0-255,1484,199738,7,233144
39043,0.038105,172.217.194.0-255,4320,204058,7,233144
39044,0.038113,172.31.36.0-255,66,204124,7,233144
39045,0.040336,172.217.194.0-255,5738,209862,7,233144
39046,0.040341,172.31.36.0-255,66,209928,7,233144
39047,0.042557,172.217.194.0-255,5738,215666,7,233144
39048,0.042562,172.31.36.0-255,66,215732,7,233144
39049,0.044822,172.217.194.0-255,5738,221470,7,233144
39050,0.044827,172.31.36.0-255,66,221536,7,233144
39051,0.047064,172.217.194.0-255,5738,227274,7,233144
39052,0.047069,172.31.36.0-255,66,227340,7,233144
39053,0.049304,172.217.194.0-255,5738,233078,7,233144
39054,0.04931,172.31.36.0-255,66,233144,7,233144
39055,0.0,74.125.68.0-255,153,153,7,295865
39056,2.8e-05,172.31.36.0-255,66,219,7,295865
39057,3.6e-05,74.125.68.0-255,1484,1703,7,295865
39058,4.1e-05,172.31.36.0-255,66,1769,7,295865
39059,5.7e-05,74.125.68.0-255,2902,4671,7,295865
39060,6e-05,172.31.36.0-255,66,4737,7,295865
39061,6.6e-05,74.125.68.0-255,4320,9057,7,295865
39062,6.9e-05,172.31.36.0-255,66,9123,7,295865
39063,9.4e-05,74.125.68.0-255,1484,10607,7,295865
39064,9.8e-05,172.31.36.0-255,66,10673,7,295865
39065,0.000104,74.125.68.0-255,3471,14144,7,295865
39066,0.000107,172.31.36.0-255,66,14210,7,295865
39067,0.000142,74.125.68.0-255,2902,17112,7,295865
39068,0.000145,172.31.36.0-255,66,17178,7,295865
39069,0.000162,74.125.68.0-255,4320,21498,7,295865
39070,0.000166,172.31.36.0-255,66,21564,7,295865
39071,0.000194,172.31.36.0-255,66,21630,7,295865
39072,0.000197,74.125.68.0-255,1125,22755,7,295865
39073,0.000199,172.31.36.0-255,66,22821,7,295865
39074,0.000245,74.125.68.0-255,1484,24305,7,295865
39075,0.000248,172.31.36.0-255,66,24371,7,295865
39076,0.000266,74.125.68.0-255,2902,27273,7,295865
39077,0.00027,172.31.36.0-255,66,27339,7,295865
39078,0.000297,74.125.68.0-255,5738,33077,7,295865
39079,0.0003,172.31.36.0-255,66,33143,7,295865
39080,0.000305,74.125.68.0-255,4320,37463,7,295865
39081,0.000307,172.31.36.0-255,66,37529,7,295865
39082,0.000353,74.125.68.0-255,2543,40072,7,295865
39083,0.000357,172.31.36.0-255,66,40138,7,295865
39084,0.000384,74.125.68.0-255,2902,43040,7,295865
39085,0.000388,172.31.36.0-255,66,43106,7,295865
39086,0.000391,74.125.68.0-255,1484,44590,7,295865
39087,0.000405,74.125.68.0-255,1484,46074,7,295865
39088,0.00041,74.125.68.0-255,4320,50394,7,295865
39089,0.000411,172.31.36.0-255,66,50460,7,295865
39090,0.000431,172.31.36.0-255,66,50526,7,295865
39091,0.000458,74.125.68.0-255,6797,57323,7,295865
39092,0.000472,74.125.68.0-255,398,57721,7,295865
39093,0.000474,172.31.36.0-255,66,57787,7,295865
39094,0.000656,74.125.68.0-255,111,57898,7,295865
39095,0.000799,172.31.36.0-255,66,57964,7,295865
39096,0.000884,74.125.68.0-255,331,58295,7,295865
39097,0.001101,74.125.68.0-255,1484,59779,7,295865
39098,0.001118,74.125.68.0-255,2902,62681,7,295865
39099,0.001134,74.125.68.0-255,5738,68419,7,295865
39100,0.001148,74.125.68.0-255,1484,69903,7,295865
39101,0.001164,74.125.68.0-255,4320,74223,7,295865
39102,0.001206,74.125.68.0-255,1125,75348,7,295865
39103,0.00121,74.125.68.0-255,1484,76832,7,295865
39104,0.001223,74.125.68.0-255,1484,78316,7,295865
39105,0.001235,74.125.68.0-255,2902,81218,7,295865
39106,0.00126,74.125.68.0-255,7156,88374,7,295865
39107,0.001276,74.125.68.0-255,2902,91276,7,295865
39108,0.001295,74.125.68.0-255,1125,92401,7,295865
39109,0.002014,74.125.68.0-255,1484,93885,7,295865
39110,0.002021,74.125.68.0-255,2902,96787,7,295865
39111,0.002041,74.125.68.0-255,4320,101107,7,295865
39112,0.002065,74.125.68.0-255,5738,106845,7,295865
39113,0.002078,74.125.68.0-255,2902,109747,7,295865
39114,0.002085,74.125.68.0-255,7156,116903,7,295865
39115,0.002101,74.125.68.0-255,5738,122641,7,295865
39116,0.002114,74.125.68.0-255,2902,125543,7,295865
39117,0.002116,74.125.68.0-255,766,126309,7,295865
39118,0.002178,74.125.68.0-255,1484,127793,7,295865
39119,0.00219,74.125.68.0-255,2902,130695,7,295865
39120,0.002209,74.125.68.0-255,5738,136433,7,295865
39121,0.002232,74.125.68.0-255,5738,142171,7,295865
39122,0.002247,74.125.68.0-255,1484,143655,7,295865
39123,0.002253,74.125.68.0-255,5738,149393,7,295865
39124,0.002263,74.125.68.0-255,2902,152295,7,295865
39125,0.002283,74.125.68.0-255,2902,155197,7,295865
39126,0.002303,74.125.68.0-255,5020,160217,7,295865
39127,0.0025,74.125.68.0-255,1484,161701,7,295865
39128,0.002515,74.125.68.0-255,2902,164603,7,295865
39129,0.00253,74.125.68.0-255,1484,166087,7,295865
39130,0.002532,74.125.68.0-255,1484,167571,7,295865
39131,0.002546,74.125.68.0-255,1484,169055,7,295865
39132,0.002561,74.125.68.0-255,5738,174793,7,295865
39133,0.002592,74.125.68.0-255,5738,180531,7,295865
39134,0.00261,74.125.68.0-255,5738,186269,7,295865
39135,0.002635,74.125.68.0-255,4320,190589,7,295865
39136,0.002648,74.125.68.0-255,3602,194191,7,295865
39137,0.00323,172.31.36.0-255,66,194257,7,295865
39138,0.00585,74.125.68.0-255,5738,199995,7,295865
39139,0.005856,172.31.36.0-255,66,200061,7,295865
39140,0.008455,74.125.68.0-255,5738,205799,7,295865
39141,0.008462,172.31.36.0-255,66,205865,7,295865
39142,0.011084,74.125.68.0-255,5738,211603,7,295865
39143,0.011093,172.31.36.0-255,66,211669,7,295865
39144,0.013696,74.125.68.0-255,5738,217407,7,295865
39145,0.013704,172.31.36.0-255,66,217473,7,295865
39146,0.016312,74.125.68.0-255,5738,223211,7,295865
39147,0.016322,172.31.36.0-255,66,223277,7,295865
39148,0.018925,74.125.68.0-255,5738,229015,7,295865
39149,0.018933,172.31.36.0-255,66,229081,7,295865
39150,0.021539,74.125.68.0-255,5738,234819,7,295865
39151,0.021548,172.31.36.0-255,66,234885,7,295865
39152,0.024152,74.125.68.0-255,5738,240623,7,295865
39153,0.024161,172.31.36.0-255,66,240689,7,295865
39154,0.026759,74.125.68.0-255,5738,246427,7,295865
39155,0.026767,172.31.36.0-255,66,246493,7,295865
39156,0.029308,172.31.36.0-255,172,246665,7,295865
39157,0.029339,172.31.36.0-255,1115,247780,7,295865
39158,0.029374,74.125.68.0-255,5738,253518,7,295865
39159,0.029376,172.31.36.0-255,1514,255032,7,295865
39160,0.029378,172.31.36.0-255,1293,256325,7,295865
39161,0.029379,172.31.36.0-255,66,256391,7,295865
39162,0.030837,104.244.42.0-255,66,256457,7,295865
39163,0.030869,104.244.42.0-255,66,256523,7,295865
39164,0.030906,104.244.42.0-255,66,256589,7,295865
39165,0.031998,74.125.68.0-255,4320,260909,7,295865
39166,0.032003,172.31.36.0-255,66,260975,7,295865
39167,0.032037,74.125.68.0-255,1484,262459,7,295865
39168,0.034604,74.125.68.0-255,4320,266779,7,295865
39169,0.03461,172.31.36.0-255,66,266845,7,295865
39170,0.037211,74.125.68.0-255,5738,272583,7,295865
39171,0.037264,172.31.36.0-255,66,272649,7,295865
39172,0.039865,74.125.68.0-255,5738,278387,7,295865
39173,0.039871,172.31.36.0-255,66,278453,7,295865
39174,0.042458,74.125.68.0-255,5738,284191,7,295865
39175,0.042464,172.31.36.0-255,66,284257,7,295865
39176,0.045053,74.125.68.0-255,5738,289995,7,295865
39177,0.045059,172.31.36.0-255,66,290061,7,295865
39178,0.047671,74.125.68.0-255,5738,295799,7,295865
39179,0.047676,172.31.36.0-255,66,295865,7,295865
39180,0.0,172.217.194.0-255,156,156,7,195240
39181,2.1e-05,172.31.36.0-255,66,222,7,195240
39182,2.9e-05,172.217.194.0-255,1484,1706,7,195240
39183,3.4e-05,172.31.36.0-255,66,1772,7,195240
39184,5.1e-05,172.217.194.0-255,1484,3256,7,195240
39185,5.4e-05,172.31.36.0-255,66,3322,7,195240
39186,6.8e-05,172.217.194.0-255,1484,4806,7,195240
39187,7.1e-05,172.31.36.0-255,66,4872,7,195240
39188,9e-05,172.217.194.0-255,1484,6356,7,195240
39189,9.2e-05,172.31.36.0-255,66,6422,7,195240
39190,0.0001,172.217.194.0-255,4320,10742,7,195240
39191,0.000103,172.31.36.0-255,66,10808,7,195240
39192,0.000148,172.217.194.0-255,4914,15722,7,195240
39193,0.000152,172.31.36.0-255,66,15788,7,195240
39194,0.000187,172.217.194.0-255,5738,21526,7,195240
39195,0.00019,172.31.36.0-255,66,21592,7,195240
39196,0.000207,172.217.194.0-255,1484,23076,7,195240
39197,0.000209,172.31.36.0-255,66,23142,7,195240
39198,0.000228,172.217.194.0-255,4320,27462,7,195240
39199,0.00023,172.31.36.0-255,66,27528,7,195240
39200,0.000237,172.217.194.0-255,7156,34684,7,195240
39201,0.000239,172.31.36.0-255,66,34750,7,195240
39202,0.000255,172.217.194.0-255,1484,36234,7,195240
39203,0.000257,172.31.36.0-255,66,36300,7,195240
39204,0.000295,172.31.36.0-255,66,36366,7,195240
39205,0.000308,172.217.194.0-255,3602,39968,7,195240
39206,0.00031,172.31.36.0-255,66,40034,7,195240
39207,0.000847,172.217.194.0-255,1484,41518,7,195240
39208,0.000853,172.31.36.0-255,66,41584,7,195240
39209,0.000859,172.217.194.0-255,2902,44486,7,195240
39210,0.000861,172.31.36.0-255,66,44552,7,195240
39211,0.000901,172.217.194.0-255,5738,50290,7,195240
39212,0.000931,172.217.194.0-255,7102,57392,7,195240
39213,0.000965,172.31.36.0-255,66,57458,7,195240
39214,0.002967,172.217.194.0-255,5738,63196,7,195240
39215,0.002975,172.31.36.0-255,66,63262,7,195240
39216,0.004942,172.217.194.0-255,5738,69000,7,195240
39217,0.006029,172.31.36.0-255,66,69066,7,195240
39218,0.00798,172.217.194.0-255,5738,74804,7,195240
39219,0.007988,172.31.36.0-255,66,74870,7,195240
39220,0.009976,172.217.194.0-255,5738,80608,7,195240
39221,0.01044,172.31.36.0-255,66,80674,7,195240
39222,0.012419,172.217.194.0-255,5738,86412,7,195240
39223,0.012427,172.31.36.0-255,66,86478,7,195240
39224,0.01442,172.217.194.0-255,5738,92216,7,195240
39225,0.014429,172.31.36.0-255,66,92282,7,195240
39226,0.016384,172.217.194.0-255,5738,98020,7,195240
39227,0.016391,172.31.36.0-255,66,98086,7,195240
39228,0.018375,172.217.194.0-255,5738,103824,7,195240
39229,0.018383,172.31.36.0-255,66,103890,7,195240
39230,0.020363,172.217.194.0-255,5738,109628,7,195240
39231,0.020373,172.31.36.0-255,66,109694,7,195240
39232,0.022348,172.217.194.0-255,5738,115432,7,195240
39233,0.022356,172.31.36.0-255,66,115498,7,195240
39234,0.024385,172.217.194.0-255,5738,121236,7,195240
39235,0.024394,172.31.36.0-255,66,121302,7,195240
39236,0.026355,172.217.194.0-255,5738,127040,7,195240
39237,0.026364,172.31.36.0-255,66,127106,7,195240
39238,0.028181,172.31.36.0-255,172,127278,7,195240
39239,0.028211,172.31.36.0-255,1114,128392,7,195240
39240,0.028272,172.31.36.0-255,1514,129906,7,195240
39241,0.028274,172.31.36.0-255,1292,131198,7,195240
39242,0.028352,172.217.194.0-255,5738,136936,7,195240
39243,0.028357,172.31.36.0-255,66,137002,7,195240
39244,0.02972,104.244.42.0-255,66,137068,7,195240
39245,0.02981,104.244.42.0-255,66,137134,7,195240
39246,0.029815,104.244.42.0-255,66,137200,7,195240
39247,0.03032,172.217.194.0-255,5738,142938,7,195240
39248,0.030327,172.31.36.0-255,66,143004,7,195240
39249,0.032279,172.217.194.0-255,5738,148742,7,195240
39250,0.032287,172.31.36.0-255,66,148808,7,195240
39251,0.034241,172.217.194.0-255,5738,154546,7,195240
39252,0.034249,172.31.36.0-255,66,154612,7,195240
39253,0.036218,172.217.194.0-255,5738,160350,7,195240
39254,0.036226,172.31.36.0-255,66,160416,7,195240
39255,0.038191,172.217.194.0-255,5738,166154,7,195240
39256,0.038198,172.31.36.0-255,66,166220,7,195240
39257,0.040135,172.217.194.0-255,5738,171958,7,195240
39258,0.040143,172.31.36.0-255,66,172024,7,195240
39259,0.04212,172.217.194.0-255,5738,177762,7,195240
39260,0.042138,172.31.36.0-255,66,177828,7,195240
39261,0.044154,172.217.194.0-255,5738,183566,7,195240
39262,0.044172,172.31.36.0-255,66,183632,7,195240
39263,0.04615,172.217.194.0-255,5738,189370,7,195240
39264,0.046166,172.31.36.0-255,66,189436,7,195240
39265,0.048138,172.217.194.0-255,5738,195174,7,195240
39266,0.04815,172.31.36.0-255,66,195240,7,195240
39267,0.0,74.125.200.0-255,153,153,7,272986
39268,2.7e-05,172.31.36.0-255,66,219,7,272986
39269,3.4e-05,74.125.200.0-255,1484,1703,7,272986
39270,3.8e-05,172.31.36.0-255,66,1769,7,272986
39271,4.1e-05,74.125.200.0-255,1484,3253,7,272986
39272,4.4e-05,172.31.36.0-255,66,3319,7,272986
39273,6.5e-05,74.125.200.0-255,1484,4803,7,272986
39274,6.8e-05,172.31.36.0-255,66,4869,7,272986
39275,8.3e-05,74.125.200.0-255,4320,9189,7,272986
39276,8.6e-05,172.31.36.0-255,66,9255,7,272986
39277,0.000104,74.125.200.0-255,1484,10739,7,272986
39278,0.000106,172.31.36.0-255,66,10805,7,272986
39279,0.000128,74.125.200.0-255,6257,17062,7,272986
39280,0.000131,172.31.36.0-255,66,17128,7,272986
39281,0.000134,74.125.200.0-255,1484,18612,7,272986
39282,0.000136,172.31.36.0-255,66,18678,7,272986
39283,0.000148,74.125.200.0-255,1484,20162,7,272986
39284,0.00015,172.31.36.0-255,66,20228,7,272986
39285,0.000164,74.125.200.0-255,1484,21712,7,272986
39286,0.000167,172.31.36.0-255,66,21778,7,272986
39287,0.000193,74.125.200.0-255,5738,27516,7,272986
39288,0.000196,172.31.36.0-255,66,27582,7,272986
39289,0.0002,74.125.200.0-255,2902,30484,7,272986
39290,0.000203,172.31.36.0-255,66,30550,7,272986
39291,0.000208,74.125.200.0-255,4320,34870,7,272986
39292,0.00021,172.31.36.0-255,66,34936,7,272986
39293,0.000243,172.31.36.0-255,66,35002,7,272986
39294,0.000246,74.125.200.0-255,1484,36486,7,272986
39295,0.000248,172.31.36.0-255,66,36552,7,272986
39296,0.000286,74.125.200.0-255,3602,40154,7,272986
39297,0.00029,172.31.36.0-255,66,40220,7,272986
39298,0.000531,74.125.200.0-255,1484,41704,7,272986
39299,0.000537,74.125.200.0-255,1484,43188,7,272986
39300,0.000541,172.31.36.0-255,66,43254,7,272986
39301,0.000561,74.125.200.0-255,1484,44738,7,272986
39302,0.000568,74.125.200.0-255,5738,50476,7,272986
39303,0.000571,172.31.36.0-255,66,50542,7,272986
39304,0.000618,74.125.200.0-255,7154,57696,7,272986
39305,0.000626,172.31.36.0-255,66,57762,7,272986
39306,0.000875,74.125.200.0-255,1484,59246,7,272986
39307,0.000885,74.125.200.0-255,2902,62148,7,272986
39308,0.000889,172.31.36.0-255,66,62214,7,272986
39309,0.000908,74.125.200.0-255,4320,66534,7,272986
39310,0.000911,172.31.36.0-255,66,66600,7,272986
39311,0.00095,74.125.200.0-255,7156,73756,7,272986
39312,0.000955,172.31.36.0-255,66,73822,7,272986
39313,0.000967,74.125.200.0-255,1484,75306,7,272986
39314,0.000982,74.125.200.0-255,5738,81044,7,272986
39315,0.000985,172.31.36.0-255,66,81110,7,272986
39316,0.001007,74.125.200.0-255,4320,85430,7,272986
39317,0.00101,172.31.36.0-255,66,85496,7,272986
39318,0.001014,74.125.200.0-255,2902,88398,7,272986
39319,0.001016,172.31.36.0-255,66,88464,7,272986
39320,0.001046,74.125.200.0-255,3602,92066,7,272986
39321,0.001049,172.31.36.0-255,66,92132,7,272986
39322,0.00121,74.125.200.0-255,1484,93616,7,272986
39323,0.001217,74.125.200.0-255,2902,96518,7,272986
39324,0.001221,172.31.36.0-255,66,96584,7,272986
39325,0.001244,74.125.200.0-255,5738,102322,7,272986
39326,0.001246,172.31.36.0-255,66,102388,7,272986
39327,0.001252,74.125.200.0-255,4320,106708,7,272986
39328,0.001254,172.31.36.0-255,66,106774,7,272986
39329,0.001259,74.125.200.0-255,2902,109676,7,272986
39330,0.001261,172.31.36.0-255,66,109742,7,272986
39331,0.001279,74.125.200.0-255,2902,112644,7,272986
39332,0.001283,172.31.36.0-255,66,112710,7,272986
39333,0.001286,74.125.200.0-255,1484,114194,7,272986
39334,0.001311,172.31.36.0-255,66,114260,7,272986
39335,0.001316,74.125.200.0-255,2184,116444,7,272986
39336,0.001318,172.31.36.0-255,66,116510,7,272986
39337,0.001352,74.125.200.0-255,4320,120830,7,272986
39338,0.001356,172.31.36.0-255,66,120896,7,272986
39339,0.00138,172.31.36.0-255,66,120962,7,272986
39340,0.001387,74.125.200.0-255,7156,128118,7,272986
39341,0.001391,172.31.36.0-255,66,128184,7,272986
39342,0.001412,172.31.36.0-255,66,128250,7,272986
39343,0.001414,74.125.200.0-255,766,129016,7,272986
39344,0.001469,172.31.36.0-255,66,129082,7,272986
39345,0.001502,172.31.36.0-255,66,129148,7,272986
39346,0.001507,74.125.200.0-255,4320,133468,7,272986
39347,0.00151,172.31.36.0-255,66,133534,7,272986
39348,0.001545,172.31.36.0-255,66,133600,7,272986
39349,0.001577,172.31.36.0-255,66,133666,7,272986
39350,0.001594,74.125.200.0-255,2902,136568,7,272986
39351,0.001596,172.31.36.0-255,66,136634,7,272986
39352,0.001602,74.125.200.0-255,5738,142372,7,272986
39353,0.001604,172.31.36.0-255,66,142438,7,272986
39354,0.001608,74.125.200.0-255,2902,145340,7,272986
39355,0.00161,172.31.36.0-255,66,145406,7,272986
39356,0.001653,172.31.36.0-255,66,145472,7,272986
39357,0.001695,172.31.36.0-255,66,145538,7,272986
39358,0.001736,172.31.36.0-255,66,145604,7,272986
39359,0.001743,74.125.200.0-255,7156,152760,7,272986
39360,0.001745,172.31.36.0-255,66,152826,7,272986
39361,0.00176,172.31.36.0-255,66,152892,7,272986
39362,0.001772,172.31.36.0-255,66,152958,7,272986
39363,0.001792,74.125.200.0-255,5738,158696,7,272986
39364,0.001795,172.31.36.0-255,66,158762,7,272986
39365,0.001801,74.125.200.0-255,4320,163082,7,272986
39366,0.001803,172.31.36.0-255,66,163148,7,272986
39367,0.001827,74.125.200.0-255,2902,166050,7,272986
39368,0.00183,172.31.36.0-255,66,166116,7,272986
39369,0.001855,172.31.36.0-255,66,166182,7,272986
39370,0.00186,74.125.200.0-255,4320,170502,7,272986
39371,0.001863,172.31.36.0-255,66,170568,7,272986
39372,0.0019,172.31.36.0-255,66,170634,7,272986
39373,0.001907,74.125.200.0-255,7156,177790,7,272986
39374,0.001909,172.31.36.0-255,66,177856,7,272986
39375,0.001914,74.125.200.0-255,4320,182176,7,272986
39376,0.001916,172.31.36.0-255,66,182242,7,272986
39377,0.001944,74.125.200.0-255,3602,185844,7,272986
39378,0.001947,172.31.36.0-255,66,185910,7,272986
39379,0.001954,74.125.200.0-255,7156,193066,7,272986
39380,0.001957,172.31.36.0-255,66,193132,7,272986
39381,0.001965,74.125.200.0-255,7156,200288,7,272986
39382,0.002104,172.31.36.0-255,66,200354,7,272986
39383,0.004031,74.125.200.0-255,5738,206092,7,272986
39384,0.004038,172.31.36.0-255,66,206158,7,272986
39385,0.005988,74.125.200.0-255,5738,211896,7,272986
39386,0.005993,172.31.36.0-255,66,211962,7,272986
39387,0.007911,74.125.200.0-255,5738,217700,7,272986
39388,0.007917,172.31.36.0-255,66,217766,7,272986
39389,0.009833,74.125.200.0-255,5738,223504,7,272986
39390,0.00984,172.31.36.0-255,66,223570,7,272986
39391,0.011754,74.125.200.0-255,5738,229308,7,272986
39392,0.011762,172.31.36.0-255,66,229374,7,272986
39393,0.013692,74.125.200.0-255,5738,235112,7,272986
39394,0.013699,172.31.36.0-255,66,235178,7,272986
39395,0.015629,74.125.200.0-255,5738,240916,7,272986
39396,0.015637,172.31.36.0-255,66,240982,7,272986
39397,0.01756,74.125.200.0-255,5738,246720,7,272986
39398,0.017567,172.31.36.0-255,66,246786,7,272986
39399,0.019492,74.125.200.0-255,5738,252524,7,272986
39400,0.019501,172.31.36.0-255,66,252590,7,272986
39401,0.021422,74.125.200.0-255,5738,258328,7,272986
39402,0.021429,172.31.36.0-255,66,258394,7,272986
39403,0.023339,74.125.200.0-255,5165,263559,7,272986
39404,0.023347,172.31.36.0-255,66,263625,7,272986
39405,0.02357,172.31.36.0-255,105,263730,7,272986
39406,0.025447,74.125.200.0-255,66,263796,7,272986
39407,0.034133,172.31.36.0-255,172,263968,7,272986
39408,0.034171,172.31.36.0-255,1113,265081,7,272986
39409,0.034216,172.31.36.0-255,1514,266595,7,272986
39410,0.034217,172.31.36.0-255,1514,268109,7,272986
39411,0.034219,172.31.36.0-255,1514,269623,7,272986
39412,0.034225,172.31.36.0-255,1514,271137,7,272986
39413,0.034226,172.31.36.0-255,1514,272651,7,272986
39414,0.034227,172.31.36.0-255,71,272722,7,272986
39415,0.035677,104.244.42.0-255,66,272788,7,272986
39416,0.035735,104.244.42.0-255,66,272854,7,272986
39417,0.035823,104.244.42.0-255,66,272920,7,272986
39418,0.03583,104.244.42.0-255,66,272986,7,272986
39419,0.0,172.31.36.0-255,66,66,7,66
39420,0.0,172.217.194.0-255,153,153,7,293628
39421,3.4e-05,172.31.36.0-255,66,219,7,293628
39422,4.2e-05,172.217.194.0-255,1484,1703,7,293628
39423,4.7e-05,172.31.36.0-255,66,1769,7,293628
39424,5.3e-05,172.217.194.0-255,2902,4671,7,293628
39425,5.5e-05,172.31.36.0-255,66,4737,7,293628
39426,6.3e-05,172.217.194.0-255,7156,11893,7,293628
39427,6.5e-05,172.31.36.0-255,66,11959,7,293628
39428,0.000104,172.217.194.0-255,2091,14050,7,293628
39429,0.000107,172.31.36.0-255,66,14116,7,293628
39430,0.000139,172.217.194.0-255,1484,15600,7,293628
39431,0.000141,172.31.36.0-255,66,15666,7,293628
39432,0.000159,172.217.194.0-255,2902,18568,7,293628
39433,0.000162,172.31.36.0-255,66,18634,7,293628
39434,0.000165,172.217.194.0-255,1484,20118,7,293628
39435,0.000166,172.31.36.0-255,66,20184,7,293628
39436,0.000196,172.217.194.0-255,4320,24504,7,293628
39437,0.000198,172.31.36.0-255,66,24570,7,293628
39438,0.000218,172.217.194.0-255,1484,26054,7,293628
39439,0.00022,172.31.36.0-255,66,26120,7,293628
39440,0.000243,172.217.194.0-255,5379,31499,7,293628
39441,0.000245,172.31.36.0-255,66,31565,7,293628
39442,0.000652,172.217.194.0-255,1484,33049,7,293628
39443,0.000657,172.31.36.0-255,66,33115,7,293628
39444,0.000667,172.217.194.0-255,2902,36017,7,293628
39445,0.00067,172.31.36.0-255,66,36083,7,293628
39446,0.000676,172.217.194.0-255,5738,41821,7,293628
39447,0.000678,172.31.36.0-255,66,41887,7,293628
39448,0.000683,172.217.194.0-255,4320,46207,7,293628
39449,0.000685,172.31.36.0-255,66,46273,7,293628
39450,0.000704,172.217.194.0-255,1484,47757,7,293628
39451,0.000708,172.31.36.0-255,66,47823,7,293628
39452,0.000738,172.217.194.0-255,5379,53202,7,293628
39453,0.000743,172.217.194.0-255,4256,57458,7,293628
39454,0.000758,172.217.194.0-255,381,57839,7,293628
39455,0.000769,172.31.36.0-255,66,57905,7,293628
39456,0.000915,172.217.194.0-255,1484,59389,7,293628
39457,0.000934,172.217.194.0-255,2902,62291,7,293628
39458,0.00094,172.217.194.0-255,4320,66611,7,293628
39459,0.000947,172.31.36.0-255,66,66677,7,293628
39460,0.000957,172.217.194.0-255,1484,68161,7,293628
39461,0.000971,172.31.36.0-255,66,68227,7,293628
39462,0.001056,172.31.36.0-255,66,68293,7,293628
39463,0.001259,172.217.194.0-255,1484,69777,7,293628
39464,0.001265,172.217.194.0-255,2902,72679,7,293628
39465,0.001268,172.217.194.0-255,1484,74163,7,293628
39466,0.001279,172.31.36.0-255,66,74229,7,293628
39467,0.001289,172.217.194.0-255,4320,78549,7,293628
39468,0.001293,172.217.194.0-255,2902,81451,7,293628
39469,0.001297,172.31.36.0-255,66,81517,7,293628
39470,0.001325,172.217.194.0-255,5738,87255,7,293628
39471,0.001353,172.217.194.0-255,1484,88739,7,293628
39472,0.001358,172.217.194.0-255,5020,93759,7,293628
39473,0.001361,172.31.36.0-255,66,93825,7,293628
39474,0.001367,172.31.36.0-255,66,93891,7,293628
39475,0.001581,172.217.194.0-255,1484,95375,7,293628
39476,0.001587,172.217.194.0-255,2902,98277,7,293628
39477,0.001589,172.31.36.0-255,66,98343,7,293628
39478,0.00163,172.217.194.0-255,5738,104081,7,293628
39479,0.001635,172.31.36.0-255,66,104147,7,293628
39480,0.001646,172.217.194.0-255,4320,108467,7,293628
39481,0.001714,172.31.36.0-255,66,108533,7,293628
39482,0.001722,172.217.194.0-255,766,109299,7,293628
39483,0.001778,172.217.194.0-255,1484,110783,7,293628
39484,0.001781,172.31.36.0-255,66,110849,7,293628
39485,0.001803,172.217.194.0-255,2902,113751,7,293628
39486,0.001808,172.217.194.0-255,2902,116653,7,293628
39487,0.001816,172.31.36.0-255,66,116719,7,293628
39488,0.001824,172.217.194.0-255,2902,119621,7,293628
39489,0.001827,172.217.194.0-255,1484,121105,7,293628
39490,0.001831,172.31.36.0-255,66,121171,7,293628
39491,0.001866,172.217.194.0-255,2902,124073,7,293628
39492,0.00187,172.217.194.0-255,2902,126975,7,293628
39493,0.001873,172.31.36.0-255,66,127041,7,293628
39494,0.001878,172.31.36.0-255,66,127107,7,293628
39495,0.00191,172.31.36.0-255,66,127173,7,293628
39496,0.002012,172.217.194.0-255,1484,128657,7,293628
39497,0.002017,172.217.194.0-255,2902,131559,7,293628
39498,0.002019,172.31.36.0-255,66,131625,7,293628
39499,0.002023,172.217.194.0-255,1484,133109,7,293628
39500,0.002044,172.217.194.0-255,4320,137429,7,293628
39501,0.002048,172.217.194.0-255,2902,140331,7,293628
39502,0.002055,172.31.36.0-255,66,140397,7,293628
39503,0.002097,172.217.194.0-255,766,141163,7,293628
39504,0.002102,172.31.36.0-255,66,141229,7,293628
39505,0.00219,172.217.194.0-255,1484,142713,7,293628
39506,0.002203,172.217.194.0-255,2902,145615,7,293628
39507,0.002207,172.31.36.0-255,66,145681,7,293628
39508,0.002223,172.217.194.0-255,5738,151419,7,293628
39509,0.002242,172.217.194.0-255,4320,155739,7,293628
39510,0.002267,172.217.194.0-255,1484,157223,7,293628
39511,0.002334,172.217.194.0-255,7156,164379,7,293628
39512,0.002354,172.217.194.0-255,6438,170817,7,293628
39513,0.002377,172.217.194.0-255,7156,177973,7,293628
39514,0.00238,172.217.194.0-255,1484,179457,7,293628
39515,0.002403,172.217.194.0-255,7156,186613,7,293628
39516,0.002688,172.31.36.0-255,66,186679,7,293628
39517,0.005028,172.217.194.0-255,2902,189581,7,293628
39518,0.005034,172.31.36.0-255,66,189647,7,293628
39519,0.005056,172.217.194.0-255,2902,192549,7,293628
39520,0.005071,172.31.36.0-255,66,192615,7,293628
39521,0.007368,172.217.194.0-255,2902,195517,7,293628
39522,0.007376,172.31.36.0-255,66,195583,7,293628
39523,0.007399,172.217.194.0-255,2902,198485,7,293628
39524,0.007433,172.31.36.0-255,66,198551,7,293628
39525,0.009726,172.217.194.0-255,2902,201453,7,293628
39526,0.009734,172.31.36.0-255,66,201519,7,293628
39527,0.009756,172.217.194.0-255,2902,204421,7,293628
39528,0.009784,172.31.36.0-255,66,204487,7,293628
39529,0.012072,172.217.194.0-255,2902,207389,7,293628
39530,0.012082,172.31.36.0-255,66,207455,7,293628
39531,0.012125,172.217.194.0-255,2902,210357,7,293628
39532,0.012162,172.31.36.0-255,66,210423,7,293628
39533,0.014418,172.217.194.0-255,2902,213325,7,293628
39534,0.014427,172.31.36.0-255,66,213391,7,293628
39535,0.014505,172.217.194.0-255,2902,216293,7,293628
39536,0.014533,172.31.36.0-255,66,216359,7,293628
39537,0.016799,172.217.194.0-255,2902,219261,7,293628
39538,0.016807,172.31.36.0-255,66,219327,7,293628
39539,0.016877,172.217.194.0-255,2902,222229,7,293628
39540,0.016899,172.31.36.0-255,66,222295,7,293628
39541,0.019155,172.217.194.0-255,2902,225197,7,293628
39542,0.019162,172.31.36.0-255,66,225263,7,293628
39543,0.019254,172.217.194.0-255,2902,228165,7,293628
39544,0.019272,172.31.36.0-255,66,228231,7,293628
39545,0.021488,172.217.194.0-255,2902,231133,7,293628
39546,0.021495,172.31.36.0-255,66,231199,7,293628
39547,0.021621,172.217.194.0-255,2902,234101,7,293628
39548,0.021627,172.31.36.0-255,66,234167,7,293628
39549,0.023847,172.217.194.0-255,2902,237069,7,293628
39550,0.023863,172.31.36.0-255,66,237135,7,293628
39551,0.023983,172.217.194.0-255,2902,240037,7,293628
39552,0.024016,172.31.36.0-255,66,240103,7,293628
39553,0.02451,172.31.36.0-255,172,240275,7,293628
39554,0.024552,172.31.36.0-255,1115,241390,7,293628
39555,0.024626,172.31.36.0-255,1514,242904,7,293628
39556,0.024628,172.31.36.0-255,1291,244195,7,293628
39557,0.026077,104.244.42.0-255,66,244261,7,293628
39558,0.02613,104.244.42.0-255,66,244327,7,293628
39559,0.026165,172.217.194.0-255,2902,247229,7,293628
39560,0.026172,172.31.36.0-255,66,247295,7,293628
39561,0.026193,104.244.42.0-255,66,247361,7,293628
39562,0.02633,172.217.194.0-255,2902,250263,7,293628
39563,0.026517,172.31.36.0-255,66,250329,7,293628
39564,0.027118,104.244.42.0-255,108,250437,7,293628
39565,0.027124,172.31.36.0-255,66,250503,7,293628
39566,0.0285,172.217.194.0-255,2902,253405,7,293628
39567,0.028504,172.31.36.0-255,66,253471,7,293628
39568,0.028898,172.217.194.0-255,2902,256373,7,293628
39569,0.028904,172.31.36.0-255,66,256439,7,293628
39570,0.030842,172.217.194.0-255,2902,259341,7,293628
39571,0.030847,172.31.36.0-255,66,259407,7,293628
39572,0.031251,172.217.194.0-255,2902,262309,7,293628
39573,0.031256,172.31.36.0-255,66,262375,7,293628
39574,0.033177,172.217.194.0-255,2902,265277,7,293628
39575,0.033183,172.31.36.0-255,66,265343,7,293628
39576,0.033615,172.217.194.0-255,2902,268245,7,293628
39577,0.033621,172.31.36.0-255,66,268311,7,293628
39578,0.035529,172.217.194.0-255,2902,271213,7,293628
39579,0.035535,172.31.36.0-255,66,271279,7,293628
39580,0.035967,172.217.194.0-255,2902,274181,7,293628
39581,0.035972,172.31.36.0-255,66,274247,7,293628
39582,0.037881,172.217.194.0-255,2902,277149,7,293628
39583,0.037886,172.31.36.0-255,66,277215,7,293628
39584,0.038308,172.217.194.0-255,2902,280117,7,293628
39585,0.038314,172.31.36.0-255,66,280183,7,293628
39586,0.040211,172.217.194.0-255,2902,283085,7,293628
39587,0.040216,172.31.36.0-255,66,283151,7,293628
39588,0.040654,172.217.194.0-255,2902,286053,7,293628
39589,0.040659,172.31.36.0-255,66,286119,7,293628
39590,0.042572,172.217.194.0-255,2902,289021,7,293628
39591,0.042577,172.31.36.0-255,66,289087,7,293628
39592,0.042988,172.217.194.0-255,2902,291989,7,293628
39593,0.042993,172.31.36.0-255,66,292055,7,293628
39594,0.044908,172.217.194.0-255,1336,293391,7,293628
39595,0.045058,172.31.36.0-255,66,293457,7,293628
39596,0.045085,172.31.36.0-255,105,293562,7,293628
39597,0.047404,172.217.194.0-255,66,293628,7,293628
39598,0.0,74.125.24.0-255,153,153,7,215878
39599,2.9e-05,172.31.36.0-255,66,219,7,215878
39600,3.5e-05,74.125.24.0-255,1484,1703,7,215878
39601,4e-05,172.31.36.0-255,66,1769,7,215878
39602,4.4e-05,74.125.24.0-255,2902,4671,7,215878
39603,4.7e-05,172.31.36.0-255,66,4737,7,215878
39604,5.4e-05,74.125.24.0-255,7156,11893,7,215878
39605,5.6e-05,172.31.36.0-255,66,11959,7,215878
39606,8.1e-05,74.125.24.0-255,2064,14023,7,215878
39607,8.3e-05,172.31.36.0-255,66,14089,7,215878
39608,0.000113,74.125.24.0-255,2902,16991,7,215878
39609,0.000116,172.31.36.0-255,66,17057,7,215878
39610,0.00012,74.125.24.0-255,4320,21377,7,215878
39611,0.000122,172.31.36.0-255,66,21443,7,215878
39612,0.000159,172.31.36.0-255,66,21509,7,215878
39613,0.000179,74.125.24.0-255,1125,22634,7,215878
39614,0.000181,172.31.36.0-255,66,22700,7,215878
39615,0.00025,74.125.24.0-255,1484,24184,7,215878
39616,0.000253,172.31.36.0-255,66,24250,7,215878
39617,0.000257,74.125.24.0-255,2902,27152,7,215878
39618,0.000259,172.31.36.0-255,66,27218,7,215878
39619,0.000263,74.125.24.0-255,1484,28702,7,215878
39620,0.000266,172.31.36.0-255,66,28768,7,215878
39621,0.000284,74.125.24.0-255,2902,31670,7,215878
39622,0.000287,172.31.36.0-255,66,31736,7,215878
39623,0.000322,74.125.24.0-255,2902,34638,7,215878
39624,0.000325,172.31.36.0-255,66,34704,7,215878
39625,0.000347,74.125.24.0-255,5379,40083,7,215878
39626,0.00035,172.31.36.0-255,66,40149,7,215878
39627,0.000359,172.31.36.0-255,66,40215,7,215878
39628,0.000375,74.125.24.0-255,1484,41699,7,215878
39629,0.000391,74.125.24.0-255,7099,48798,7,215878
39630,0.000396,172.31.36.0-255,66,48864,7,215878
39631,0.000443,74.125.24.0-255,127,48991,7,215878
39632,0.000471,74.125.24.0-255,347,49338,7,215878
39633,0.000811,74.125.24.0-255,1484,50822,7,215878
39634,0.000815,172.31.36.0-255,66,50888,7,215878
39635,0.00082,74.125.24.0-255,2902,53790,7,215878
39636,0.000822,172.31.36.0-255,66,53856,7,215878
39637,0.000828,74.125.24.0-255,5738,59594,7,215878
39638,0.00083,172.31.36.0-255,66,59660,7,215878
39639,0.000863,172.31.36.0-255,66,59726,7,215878
39640,0.000883,74.125.24.0-255,5738,65464,7,215878
39641,0.000887,172.31.36.0-255,66,65530,7,215878
39642,0.000905,74.125.24.0-255,5020,70550,7,215878
39643,0.000907,172.31.36.0-255,66,70616,7,215878
39644,0.001899,74.125.24.0-255,1484,72100,7,215878
39645,0.00192,74.125.24.0-255,2902,75002,7,215878
39646,0.001924,172.31.36.0-255,66,75068,7,215878
39647,0.001931,74.125.24.0-255,4320,79388,7,215878
39648,0.001933,172.31.36.0-255,66,79454,7,215878
39649,0.001956,74.125.24.0-255,1484,80938,7,215878
39650,0.001963,74.125.24.0-255,7156,88094,7,215878
39651,0.001965,172.31.36.0-255,66,88160,7,215878
39652,0.002,74.125.24.0-255,5738,93898,7,215878
39653,0.002002,172.31.36.0-255,66,93964,7,215878
39654,0.002023,74.125.24.0-255,7156,101120,7,215878
39655,0.002025,172.31.36.0-255,66,101186,7,215878
39656,0.002039,74.125.24.0-255,3602,104788,7,215878
39657,0.002041,172.31.36.0-255,66,104854,7,215878
39658,0.004591,74.125.24.0-255,1484,106338,7,215878
39659,0.004612,74.125.24.0-255,4320,110658,7,215878
39660,0.004614,172.31.36.0-255,66,110724,7,215878
39661,0.007225,74.125.24.0-255,5738,116462,7,215878
39662,0.007231,172.31.36.0-255,66,116528,7,215878
39663,0.00985,74.125.24.0-255,5738,122266,7,215878
39664,0.009857,172.31.36.0-255,66,122332,7,215878
39665,0.012431,74.125.24.0-255,5738,128070,7,215878
39666,0.012438,172.31.36.0-255,66,128136,7,215878
39667,0.015068,74.125.24.0-255,5738,133874,7,215878
39668,0.015078,172.31.36.0-255,66,133940,7,215878
39669,0.017672,74.125.24.0-255,5738,139678,7,215878
39670,0.017682,172.31.36.0-255,66,139744,7,215878
39671,0.020272,74.125.24.0-255,5738,145482,7,215878
39672,0.020281,172.31.36.0-255,66,145548,7,215878
39673,0.022861,74.125.24.0-255,5738,151286,7,215878
39674,0.022869,172.31.36.0-255,66,151352,7,215878
39675,0.025508,74.125.24.0-255,5738,157090,7,215878
39676,0.025516,172.31.36.0-255,66,157156,7,215878
39677,0.028084,74.125.24.0-255,5738,162894,7,215878
39678,0.028091,172.31.36.0-255,66,162960,7,215878
39679,0.029559,172.31.36.0-255,172,163132,7,215878
39680,0.029591,172.31.36.0-255,1113,164245,7,215878
39681,0.029638,172.31.36.0-255,1514,165759,7,215878
39682,0.02964,172.31.36.0-255,1514,167273,7,215878
39683,0.029642,172.31.36.0-255,1514,168787,7,215878
39684,0.029643,172.31.36.0-255,1514,170301,7,215878
39685,0.029644,172.31.36.0-255,1514,171815,7,215878
39686,0.029672,172.31.36.0-255,71,171886,7,215878
39687,0.030713,74.125.24.0-255,5738,177624,7,215878
39688,0.03072,172.31.36.0-255,66,177690,7,215878
39689,0.031142,104.244.42.0-255,66,177756,7,215878
39690,0.031194,104.244.42.0-255,66,177822,7,215878
39691,0.031235,104.244.42.0-255,66,177888,7,215878
39692,0.03124,104.244.42.0-255,66,177954,7,215878
39693,0.033271,74.125.24.0-255,5738,183692,7,215878
39694,0.033277,172.31.36.0-255,66,183758,7,215878
39695,0.035847,74.125.24.0-255,4320,188078,7,215878
39696,0.035853,172.31.36.0-255,66,188144,7,215878
39697,0.035884,74.125.24.0-255,1484,189628,7,215878
39698,0.038439,74.125.24.0-255,2902,192530,7,215878
39699,0.038444,172.31.36.0-255,66,192596,7,215878
39700,0.038474,74.125.24.0-255,1484,194080,7,215878
39701,0.041049,74.125.24.0-255,4320,198400,7,215878
39702,0.041055,172.31.36.0-255,66,198466,7,215878
39703,0.043618,74.125.24.0-255,5738,204204,7,215878
39704,0.043624,172.31.36.0-255,66,204270,7,215878
39705,0.046193,74.125.24.0-255,5738,210008,7,215878
39706,0.046203,172.31.36.0-255,66,210074,7,215878
39707,0.048767,74.125.24.0-255,5738,215812,7,215878
39708,0.048777,172.31.36.0-255,66,215878,7,215878
39709,0.0,74.125.24.0-255,153,153,7,202310
39710,3.2e-05,172.31.36.0-255,66,219,7,202310
39711,3.9e-05,74.125.24.0-255,1484,1703,7,202310
39712,4.4e-05,172.31.36.0-255,66,1769,7,202310
39713,4.9e-05,74.125.24.0-255,2902,4671,7,202310
39714,5.1e-05,172.31.36.0-255,66,4737,7,202310
39715,5.8e-05,74.125.24.0-255,7156,11893,7,202310
39716,6.1e-05,172.31.36.0-255,66,11959,7,202310
39717,6.5e-05,74.125.24.0-255,2072,14031,7,202310
39718,6.7e-05,172.31.36.0-255,66,14097,7,202310
39719,0.000111,74.125.24.0-255,1484,15581,7,202310
39720,0.000113,172.31.36.0-255,66,15647,7,202310
39721,0.000141,74.125.24.0-255,2902,18549,7,202310
39722,0.000144,172.31.36.0-255,66,18615,7,202310
39723,0.000148,74.125.24.0-255,1484,20099,7,202310
39724,0.00015,172.31.36.0-255,66,20165,7,202310
39725,0.000166,74.125.24.0-255,2902,23067,7,202310
39726,0.000168,172.31.36.0-255,66,23133,7,202310
39727,0.000175,74.125.24.0-255,5738,28871,7,202310
39728,0.000177,172.31.36.0-255,66,28937,7,202310
39729,0.000208,74.125.24.0-255,2543,31480,7,202310
39730,0.000211,172.31.36.0-255,66,31546,7,202310
39731,0.000275,74.125.24.0-255,1484,33030,7,202310
39732,0.000279,172.31.36.0-255,66,33096,7,202310
39733,0.000295,74.125.24.0-255,2902,35998,7,202310
39734,0.000298,172.31.36.0-255,66,36064,7,202310
39735,0.000325,74.125.24.0-255,5738,41802,7,202310
39736,0.000328,172.31.36.0-255,66,41868,7,202310
39737,0.000334,74.125.24.0-255,5738,47606,7,202310
39738,0.000337,172.31.36.0-255,66,47672,7,202310
39739,0.000378,172.31.36.0-255,66,47738,7,202310
39740,0.000384,74.125.24.0-255,3961,51699,7,202310
39741,0.000386,172.31.36.0-255,66,51765,7,202310
39742,0.000524,74.125.24.0-255,395,52160,7,202310
39743,0.000672,74.125.24.0-255,347,52507,7,202310
39744,0.000807,172.31.36.0-255,66,52573,7,202310
39745,0.001155,74.125.24.0-255,1484,54057,7,202310
39746,0.001164,74.125.24.0-255,1484,55541,7,202310
39747,0.001168,172.31.36.0-255,66,55607,7,202310
39748,0.001188,74.125.24.0-255,1484,57091,7,202310
39749,0.001196,74.125.24.0-255,5738,62829,7,202310
39750,0.001198,172.31.36.0-255,66,62895,7,202310
39751,0.001223,74.125.24.0-255,4320,67215,7,202310
39752,0.001227,172.31.36.0-255,66,67281,7,202310
39753,0.001257,172.31.36.0-255,66,67347,7,202310
39754,0.001264,74.125.24.0-255,5738,73085,7,202310
39755,0.001265,172.31.36.0-255,66,73151,7,202310
39756,0.0013,74.125.24.0-255,1484,74635,7,202310
39757,0.001321,74.125.24.0-255,3602,78237,7,202310
39758,0.001324,172.31.36.0-255,66,78303,7,202310
39759,0.001417,74.125.24.0-255,1484,79787,7,202310
39760,0.001425,74.125.24.0-255,2902,82689,7,202310
39761,0.001428,172.31.36.0-255,66,82755,7,202310
39762,0.001447,74.125.24.0-255,5738,88493,7,202310
39763,0.00145,172.31.36.0-255,66,88559,7,202310
39764,0.001453,74.125.24.0-255,1484,90043,7,202310
39765,0.001484,172.31.36.0-255,66,90109,7,202310
39766,0.001511,172.31.36.0-255,66,90175,7,202310
39767,0.001643,74.125.24.0-255,1484,91659,7,202310
39768,0.001649,74.125.24.0-255,1484,93143,7,202310
39769,0.001652,172.31.36.0-255,66,93209,7,202310
39770,0.00167,74.125.24.0-255,1484,94693,7,202310
39771,0.001673,74.125.24.0-255,1484,96177,7,202310
39772,0.001675,172.31.36.0-255,66,96243,7,202310
39773,0.001694,74.125.24.0-255,4320,100563,7,202310
39774,0.001697,172.31.36.0-255,66,100629,7,202310
39775,0.001702,74.125.24.0-255,4320,104949,7,202310
39776,0.001704,172.31.36.0-255,66,105015,7,202310
39777,0.001734,172.31.36.0-255,66,105081,7,202310
39778,0.001758,74.125.24.0-255,1484,106565,7,202310
39779,0.001784,74.125.24.0-255,6438,113003,7,202310
39780,0.001786,172.31.36.0-255,66,113069,7,202310
39781,0.001897,74.125.24.0-255,1484,114553,7,202310
39782,0.0019,74.125.24.0-255,1484,116037,7,202310
39783,0.001901,172.31.36.0-255,66,116103,7,202310
39784,0.001913,74.125.24.0-255,1484,117587,7,202310
39785,0.001916,74.125.24.0-255,1484,119071,7,202310
39786,0.001919,172.31.36.0-255,66,119137,7,202310
39787,0.001946,74.125.24.0-255,4320,123457,7,202310
39788,0.001949,172.31.36.0-255,66,123523,7,202310
39789,0.001959,172.31.36.0-255,66,123589,7,202310
39790,0.001976,74.125.24.0-255,2902,126491,7,202310
39791,0.001979,172.31.36.0-255,66,126557,7,202310
39792,0.001988,172.31.36.0-255,66,126623,7,202310
39793,0.002013,74.125.24.0-255,2184,128807,7,202310
39794,0.002015,172.31.36.0-255,66,128873,7,202310
39795,0.00216,74.125.24.0-255,1484,130357,7,202310
39796,0.002177,74.125.24.0-255,2902,133259,7,202310
39797,0.00218,172.31.36.0-255,66,133325,7,202310
39798,0.002184,74.125.24.0-255,2902,136227,7,202310
39799,0.002186,172.31.36.0-255,66,136293,7,202310
39800,0.0022,74.125.24.0-255,2902,139195,7,202310
39801,0.002202,172.31.36.0-255,66,139261,7,202310
39802,0.002205,74.125.24.0-255,1484,140745,7,202310
39803,0.002238,172.31.36.0-255,66,140811,7,202310
39804,0.002254,74.125.24.0-255,1484,142295,7,202310
39805,0.002283,172.31.36.0-255,66,142361,7,202310
39806,0.00232,74.125.24.0-255,5738,148099,7,202310
39807,0.002322,172.31.36.0-255,66,148165,7,202310
39808,0.002327,74.125.24.0-255,4320,152485,7,202310
39809,0.00233,172.31.36.0-255,66,152551,7,202310
39810,0.002341,74.125.24.0-255,2902,155453,7,202310
39811,0.002343,172.31.36.0-255,66,155519,7,202310
39812,0.002386,74.125.24.0-255,2902,158421,7,202310
39813,0.00239,172.31.36.0-255,66,158487,7,202310
39814,0.002419,172.31.36.0-255,66,158553,7,202310
39815,0.002433,172.31.36.0-255,66,158619,7,202310
39816,0.002439,74.125.24.0-255,5738,164357,7,202310
39817,0.002442,172.31.36.0-255,66,164423,7,202310
39818,0.002455,74.125.24.0-255,2902,167325,7,202310
39819,0.002458,172.31.36.0-255,66,167391,7,202310
39820,0.002485,172.31.36.0-255,66,167457,7,202310
39821,0.00251,74.125.24.0-255,2184,169641,7,202310
39822,0.002513,172.31.36.0-255,66,169707,7,202310
39823,0.002516,74.125.24.0-255,1484,171191,7,202310
39824,0.002519,74.125.24.0-255,1484,172675,7,202310
39825,0.002521,172.31.36.0-255,66,172741,7,202310
39826,0.002524,74.125.24.0-255,1484,174225,7,202310
39827,0.002527,74.125.24.0-255,1484,175709,7,202310
39828,0.00253,172.31.36.0-255,66,175775,7,202310
39829,0.002534,74.125.24.0-255,2902,178677,7,202310
39830,0.002537,172.31.36.0-255,66,178743,7,202310
39831,0.002572,172.31.36.0-255,66,178809,7,202310
39832,0.002583,172.31.36.0-255,66,178875,7,202310
39833,0.002604,74.125.24.0-255,2902,181777,7,202310
39834,0.002607,172.31.36.0-255,66,181843,7,202310
39835,0.002614,74.125.24.0-255,5738,187581,7,202310
39836,0.002617,172.31.36.0-255,66,187647,7,202310
39837,0.002638,74.125.24.0-255,6438,194085,7,202310
39838,0.002641,172.31.36.0-255,66,194151,7,202310
39839,0.002655,172.31.36.0-255,66,194217,7,202310
39840,0.002667,172.31.36.0-255,66,194283,7,202310
39841,0.002703,74.125.24.0-255,1484,195767,7,202310
39842,0.002739,172.31.36.0-255,66,195833,7,202310
39843,0.002742,74.125.24.0-255,1484,197317,7,202310
39844,0.002751,172.31.36.0-255,66,197383,7,202310
39845,0.002761,172.31.36.0-255,66,197449,7,202310
39846,0.002799,172.31.36.0-255,66,197515,7,202310
39847,0.002811,74.125.24.0-255,97,197612,7,202310
39848,0.002821,172.31.36.0-255,66,197678,7,202310
39849,0.002852,74.125.24.0-255,105,197783,7,202310
39850,0.005428,172.31.36.0-255,66,197849,7,202310
39851,0.005455,172.31.36.0-255,105,197954,7,202310
39852,0.007745,74.125.24.0-255,66,198020,7,202310
39853,0.031169,172.31.36.0-255,172,198192,7,202310
39854,0.031201,172.31.36.0-255,1115,199307,7,202310
39855,0.031248,172.31.36.0-255,1514,200821,7,202310
39856,0.03125,172.31.36.0-255,1291,202112,7,202310
39857,0.032717,104.244.42.0-255,66,202178,7,202310
39858,0.032896,104.244.42.0-255,66,202244,7,202310
39859,0.032951,104.244.42.0-255,66,202310,7,202310
39860,0.0,74.125.24.0-255,152,152,7,278579
39861,2.3e-05,172.31.36.0-255,66,218,7,278579
39862,3e-05,74.125.24.0-255,1484,1702,7,278579
39863,3.4e-05,172.31.36.0-255,66,1768,7,278579
39864,3.9e-05,74.125.24.0-255,2902,4670,7,278579
39865,4.2e-05,172.31.36.0-255,66,4736,7,278579
39866,4.9e-05,74.125.24.0-255,5738,10474,7,278579
39867,5.1e-05,172.31.36.0-255,66,10540,7,278579
39868,7.4e-05,74.125.24.0-255,3430,13970,7,278579
39869,7.7e-05,172.31.36.0-255,66,14036,7,278579
39870,9.9e-05,74.125.24.0-255,1484,15520,7,278579
39871,0.000102,172.31.36.0-255,66,15586,7,278579
39872,0.000124,74.125.24.0-255,2902,18488,7,278579
39873,0.000127,172.31.36.0-255,66,18554,7,278579
39874,0.000134,74.125.24.0-255,5738,24292,7,278579
39875,0.000136,172.31.36.0-255,66,24358,7,278579
39876,0.000175,74.125.24.0-255,2902,27260,7,278579
39877,0.000178,172.31.36.0-255,66,27326,7,278579
39878,0.000196,74.125.24.0-255,3961,31287,7,278579
39879,0.000198,172.31.36.0-255,66,31353,7,278579
39880,0.000318,74.125.24.0-255,1484,32837,7,278579
39881,0.000322,172.31.36.0-255,66,32903,7,278579
39882,0.000327,74.125.24.0-255,2902,35805,7,278579
39883,0.00033,172.31.36.0-255,66,35871,7,278579
39884,0.000346,74.125.24.0-255,5738,41609,7,278579
39885,0.000348,172.31.36.0-255,66,41675,7,278579
39886,0.000377,172.31.36.0-255,66,41741,7,278579
39887,0.000404,74.125.24.0-255,5379,47120,7,278579
39888,0.000406,172.31.36.0-255,66,47186,7,278579
39889,0.000417,172.31.36.0-255,66,47252,7,278579
39890,0.000419,74.125.24.0-255,1420,48672,7,278579
39891,0.000495,74.125.24.0-255,383,49055,7,278579
39892,0.000499,172.31.36.0-255,66,49121,7,278579
39893,0.000791,74.125.24.0-255,1484,50605,7,278579
39894,0.000797,74.125.24.0-255,2902,53507,7,278579
39895,0.0008,172.31.36.0-255,66,53573,7,278579
39896,0.000806,74.125.24.0-255,2902,56475,7,278579
39897,0.000809,172.31.36.0-255,66,56541,7,278579
39898,0.000825,74.125.24.0-255,2902,59443,7,278579
39899,0.000832,74.125.24.0-255,7156,66599,7,278579
39900,0.000836,172.31.36.0-255,66,66665,7,278579
39901,0.000839,172.31.36.0-255,66,66731,7,278579
39902,0.000867,74.125.24.0-255,5738,72469,7,278579
39903,0.00087,172.31.36.0-255,66,72535,7,278579
39904,0.000877,74.125.24.0-255,7156,79691,7,278579
39905,0.000897,172.31.36.0-255,66,79757,7,278579
39906,0.000904,74.125.24.0-255,3602,83359,7,278579
39907,0.000915,172.31.36.0-255,66,83425,7,278579
39908,0.001141,74.125.24.0-255,1484,84909,7,278579
39909,0.001155,74.125.24.0-255,2902,87811,7,278579
39910,0.001158,172.31.36.0-255,66,87877,7,278579
39911,0.001166,74.125.24.0-255,5738,93615,7,278579
39912,0.001168,172.31.36.0-255,66,93681,7,278579
39913,0.001208,172.31.36.0-255,66,93747,7,278579
39914,0.001215,74.125.24.0-255,5738,99485,7,278579
39915,0.001217,172.31.36.0-255,66,99551,7,278579
39916,0.001267,74.125.24.0-255,5020,104571,7,278579
39917,0.00127,172.31.36.0-255,66,104637,7,278579
39918,0.001736,74.125.24.0-255,1484,106121,7,278579
39919,0.00174,74.125.24.0-255,1484,107605,7,278579
39920,0.001744,172.31.36.0-255,66,107671,7,278579
39921,0.001767,74.125.24.0-255,1484,109155,7,278579
39922,0.001773,74.125.24.0-255,5738,114893,7,278579
39923,0.001775,172.31.36.0-255,66,114959,7,278579
39924,0.001788,172.31.36.0-255,66,115025,7,278579
39925,0.001811,74.125.24.0-255,2902,117927,7,278579
39926,0.001814,172.31.36.0-255,66,117993,7,278579
39927,0.001826,172.31.36.0-255,66,118059,7,278579
39928,0.00183,74.125.24.0-255,1484,119543,7,278579
39929,0.001856,172.31.36.0-255,66,119609,7,278579
39930,0.001867,74.125.24.0-255,2902,122511,7,278579
39931,0.001898,172.31.36.0-255,66,122577,7,278579
39932,0.001907,74.125.24.0-255,2902,125479,7,278579
39933,0.001912,172.31.36.0-255,66,125545,7,278579
39934,0.00195,172.31.36.0-255,66,125611,7,278579
39935,0.001957,74.125.24.0-255,1484,127095,7,278579
39936,0.001974,74.125.24.0-255,2902,129997,7,278579
39937,0.001976,172.31.36.0-255,66,130063,7,278579
39938,0.001984,74.125.24.0-255,5738,135801,7,278579
39939,0.002001,74.125.24.0-255,2902,138703,7,278579
39940,0.00201,172.31.36.0-255,66,138769,7,278579
39941,0.002044,172.31.36.0-255,66,138835,7,278579
39942,0.002053,74.125.24.0-255,2902,141737,7,278579
39943,0.002058,172.31.36.0-255,66,141803,7,278579
39944,0.002102,172.31.36.0-255,66,141869,7,278579
39945,0.004159,74.125.24.0-255,5738,147607,7,278579
39946,0.004167,172.31.36.0-255,66,147673,7,278579
39947,0.0062,74.125.24.0-255,4320,151993,7,278579
39948,0.006204,172.31.36.0-255,66,152059,7,278579
39949,0.00622,74.125.24.0-255,1484,153543,7,278579
39950,0.008241,74.125.24.0-255,4320,157863,7,278579
39951,0.008248,172.31.36.0-255,66,157929,7,278579
39952,0.010312,74.125.24.0-255,5738,163667,7,278579
39953,0.010319,172.31.36.0-255,66,163733,7,278579
39954,0.012367,74.125.24.0-255,5738,169471,7,278579
39955,0.012375,172.31.36.0-255,66,169537,7,278579
39956,0.014463,74.125.24.0-255,5738,175275,7,278579
39957,0.014481,172.31.36.0-255,66,175341,7,278579
39958,0.016532,74.125.24.0-255,5738,181079,7,278579
39959,0.016544,172.31.36.0-255,66,181145,7,278579
39960,0.018647,74.125.24.0-255,5738,186883,7,278579
39961,0.018661,172.31.36.0-255,66,186949,7,278579
39962,0.020721,74.125.24.0-255,5738,192687,7,278579
39963,0.020734,172.31.36.0-255,66,192753,7,278579
39964,0.022782,74.125.24.0-255,5738,198491,7,278579
39965,0.022792,172.31.36.0-255,66,198557,7,278579
39966,0.024881,74.125.24.0-255,5738,204295,7,278579
39967,0.024895,172.31.36.0-255,66,204361,7,278579
39968,0.026967,74.125.24.0-255,5738,210099,7,278579
39969,0.026975,172.31.36.0-255,66,210165,7,278579
39970,0.029051,74.125.24.0-255,5738,215903,7,278579
39971,0.029063,172.31.36.0-255,66,215969,7,278579
39972,0.031168,74.125.24.0-255,5738,221707,7,278579
39973,0.031175,172.31.36.0-255,66,221773,7,278579
39974,0.033265,74.125.24.0-255,5738,227511,7,278579
39975,0.033273,172.31.36.0-255,66,227577,7,278579
39976,0.035336,74.125.24.0-255,5738,233315,7,278579
39977,0.035344,172.31.36.0-255,66,233381,7,278579
39978,0.037405,74.125.24.0-255,5738,239119,7,278579
39979,0.037411,172.31.36.0-255,66,239185,7,278579
39980,0.038902,172.31.36.0-255,172,239357,7,278579
39981,0.038932,172.31.36.0-255,1114,240471,7,278579
39982,0.038998,172.31.36.0-255,1514,241985,7,278579
39983,0.039,172.31.36.0-255,1293,243278,7,278579
39984,0.039459,74.125.24.0-255,5738,249016,7,278579
39985,0.039466,172.31.36.0-255,66,249082,7,278579
39986,0.040447,104.244.42.0-255,66,249148,7,278579
39987,0.040493,104.244.42.0-255,66,249214,7,278579
39988,0.040541,104.244.42.0-255,66,249280,7,278579
39989,0.041108,104.244.42.0-255,108,249388,7,278579
39990,0.041115,172.31.36.0-255,66,249454,7,278579
39991,0.041539,74.125.24.0-255,5738,255192,7,278579
39992,0.041543,172.31.36.0-255,66,255258,7,278579
39993,0.041817,172.31.36.0-255,105,255363,7,278579
39994,0.043606,74.125.24.0-255,5738,261101,7,278579
39995,0.043614,172.31.36.0-255,66,261167,7,278579
39996,0.045688,74.125.24.0-255,5738,266905,7,278579
39997,0.045695,172.31.36.0-255,66,266971,7,278579
39998,0.047744,74.125.24.0-255,5738,272709,7,278579
39999,0.047752,172.31.36.0-255,66,272775,7,278579
40000,0.04986,74.125.24.0-255,5738,278513,7,278579
40001,0.049866,172.31.36.0-255,66,278579,7,278579
40002,0.0,172.31.36.0-255,105,105,7,525
40003,0.000188,172.31.36.0-255,90,195,7,525
40004,0.000198,172.31.36.0-255,66,261,7,525
40005,0.00242,74.125.24.0-255,66,327,7,525
40006,0.00243,74.125.24.0-255,66,393,7,525
40007,0.002435,172.31.36.0-255,66,459,7,525
40008,0.002448,74.125.24.0-255,66,525,7,525
40009,0.0,172.31.36.0-255,105,105,7,105
40010,0.0,172.31.36.0-255,105,105,7,459
40011,0.00019,172.31.36.0-255,90,195,7,459
40012,0.000199,172.31.36.0-255,66,261,7,459
40013,0.002215,74.125.130.0-255,66,327,7,459
40014,0.002241,74.125.130.0-255,66,393,7,459
40015,0.002272,172.31.36.0-255,66,459,7,459
40016,0.0,172.217.194.0-255,146,146,7,251918
40017,2e-05,172.31.36.0-255,66,212,7,251918
40018,2.8e-05,172.217.194.0-255,1484,1696,7,251918
40019,3.3e-05,172.31.36.0-255,66,1762,7,251918
40020,3.9e-05,172.217.194.0-255,2902,4664,7,251918
40021,4.2e-05,172.31.36.0-255,66,4730,7,251918
40022,5.8e-05,172.217.194.0-255,7156,11886,7,251918
40023,6.1e-05,172.31.36.0-255,66,11952,7,251918
40024,6.6e-05,172.217.194.0-255,2008,13960,7,251918
40025,6.9e-05,172.31.36.0-255,66,14026,7,251918
40026,0.000113,172.217.194.0-255,1484,15510,7,251918
40027,0.000115,172.31.36.0-255,66,15576,7,251918
40028,0.000121,172.217.194.0-255,2902,18478,7,251918
40029,0.000124,172.31.36.0-255,66,18544,7,251918
40030,0.000149,172.217.194.0-255,5738,24282,7,251918
40031,0.000152,172.31.36.0-255,66,24348,7,251918
40032,0.000159,172.217.194.0-255,6797,31145,7,251918
40033,0.000162,172.31.36.0-255,66,31211,7,251918
40034,0.00021,172.217.194.0-255,1484,32695,7,251918
40035,0.000212,172.31.36.0-255,66,32761,7,251918
40036,0.000217,172.217.194.0-255,2902,35663,7,251918
40037,0.000219,172.31.36.0-255,66,35729,7,251918
40038,0.000249,172.217.194.0-255,5738,41467,7,251918
40039,0.000251,172.31.36.0-255,66,41533,7,251918
40040,0.000259,172.217.194.0-255,6797,48330,7,251918
40041,0.000262,172.31.36.0-255,66,48396,7,251918
40042,0.000621,172.217.194.0-255,1484,49880,7,251918
40043,0.000627,172.31.36.0-255,66,49946,7,251918
40044,0.000633,172.217.194.0-255,2902,52848,7,251918
40045,0.000637,172.31.36.0-255,66,52914,7,251918
40046,0.000648,172.217.194.0-255,5738,58652,7,251918
40047,0.000651,172.31.36.0-255,66,58718,7,251918
40048,0.000659,172.217.194.0-255,6797,65515,7,251918
40049,0.000661,172.31.36.0-255,66,65581,7,251918
40050,0.000692,172.217.194.0-255,647,66228,7,251918
40051,0.000766,172.217.194.0-255,1484,67712,7,251918
40052,0.000771,172.31.36.0-255,66,67778,7,251918
40053,0.000776,172.217.194.0-255,2902,70680,7,251918
40054,0.000778,172.31.36.0-255,66,70746,7,251918
40055,0.000788,172.217.194.0-255,2902,73648,7,251918
40056,0.000791,172.31.36.0-255,66,73714,7,251918
40057,0.000816,172.217.194.0-255,2902,76616,7,251918
40058,0.000819,172.31.36.0-255,66,76682,7,251918
40059,0.000831,172.217.194.0-255,5738,82420,7,251918
40060,0.000833,172.31.36.0-255,66,82486,7,251918
40061,0.000858,172.217.194.0-255,3961,86447,7,251918
40062,0.000864,172.31.36.0-255,66,86513,7,251918
40063,0.00087,172.217.194.0-255,4320,90833,7,251918
40064,0.000872,172.31.36.0-255,66,90899,7,251918
40065,0.000886,172.31.36.0-255,66,90965,7,251918
40066,0.001523,172.217.194.0-255,1484,92449,7,251918
40067,0.001529,172.217.194.0-255,2902,95351,7,251918
40068,0.001533,172.31.36.0-255,66,95417,7,251918
40069,0.001541,172.217.194.0-255,5738,101155,7,251918
40070,0.001544,172.31.36.0-255,66,101221,7,251918
40071,0.001582,172.31.36.0-255,66,101287,7,251918
40072,0.001616,172.31.36.0-255,66,101353,7,251918
40073,0.00193,172.217.194.0-255,1484,102837,7,251918
40074,0.001939,172.217.194.0-255,2902,105739,7,251918
40075,0.001942,172.31.36.0-255,66,105805,7,251918
40076,0.00195,172.217.194.0-255,5738,111543,7,251918
40077,0.001952,172.31.36.0-255,66,111609,7,251918
40078,0.001961,172.217.194.0-255,1484,113093,7,251918
40079,0.001993,172.31.36.0-255,66,113159,7,251918
40080,0.001997,172.217.194.0-255,1484,114643,7,251918
40081,0.00203,172.31.36.0-255,66,114709,7,251918
40082,0.002059,172.217.194.0-255,1484,116193,7,251918
40083,0.002072,172.217.194.0-255,2902,119095,7,251918
40084,0.002075,172.31.36.0-255,66,119161,7,251918
40085,0.002081,172.217.194.0-255,5738,124899,7,251918
40086,0.002084,172.31.36.0-255,66,124965,7,251918
40087,0.002118,172.31.36.0-255,66,125031,7,251918
40088,0.002121,172.217.194.0-255,1484,126515,7,251918
40089,0.002156,172.31.36.0-255,66,126581,7,251918
40090,0.002203,172.31.36.0-255,66,126647,7,251918
40091,0.002233,172.217.194.0-255,1484,128131,7,251918
40092,0.002246,172.31.36.0-255,66,128197,7,251918
40093,0.002282,172.31.36.0-255,66,128263,7,251918
40094,0.00232,172.31.36.0-255,66,128329,7,251918
40095,0.002367,172.31.36.0-255,66,128395,7,251918
40096,0.004594,172.217.194.0-255,5738,134133,7,251918
40097,0.004601,172.31.36.0-255,66,134199,7,251918
40098,0.006893,172.217.194.0-255,1484,135683,7,251918
40099,0.00691,172.217.194.0-255,4320,140003,7,251918
40100,0.006914,172.31.36.0-255,66,140069,7,251918
40101,0.009164,172.217.194.0-255,5738,145807,7,251918
40102,0.009171,172.31.36.0-255,66,145873,7,251918
40103,0.011412,172.217.194.0-255,5738,151611,7,251918
40104,0.01142,172.31.36.0-255,66,151677,7,251918
40105,0.013693,172.217.194.0-255,5738,157415,7,251918
40106,0.013702,172.31.36.0-255,66,157481,7,251918
40107,0.015975,172.217.194.0-255,5738,163219,7,251918
40108,0.015983,172.31.36.0-255,66,163285,7,251918
40109,0.018252,172.217.194.0-255,5738,169023,7,251918
40110,0.01826,172.31.36.0-255,66,169089,7,251918
40111,0.020509,172.217.194.0-255,5738,174827,7,251918
40112,0.020516,172.31.36.0-255,66,174893,7,251918
40113,0.022773,172.217.194.0-255,5738,180631,7,251918
40114,0.02278,172.31.36.0-255,66,180697,7,251918
40115,0.025038,172.217.194.0-255,5738,186435,7,251918
40116,0.025044,172.31.36.0-255,66,186501,7,251918
40117,0.027334,172.217.194.0-255,5738,192239,7,251918
40118,0.02734,172.31.36.0-255,66,192305,7,251918
40119,0.029586,172.217.194.0-255,5738,198043,7,251918
40120,0.029593,172.31.36.0-255,66,198109,7,251918
40121,0.031874,172.217.194.0-255,5738,203847,7,251918
40122,0.031882,172.31.36.0-255,66,203913,7,251918
40123,0.034157,172.217.194.0-255,5738,209651,7,251918
40124,0.034164,172.31.36.0-255,66,209717,7,251918
40125,0.034595,172.31.36.0-255,210,209927,7,251918
40126,0.034622,172.31.36.0-255,958,210885,7,251918
40127,0.034684,172.31.36.0-255,1514,212399,7,251918
40128,0.034686,172.31.36.0-255,1514,213913,7,251918
40129,0.034687,172.31.36.0-255,1514,215427,7,251918
40130,0.034688,172.31.36.0-255,1229,216656,7,251918
40131,0.036159,104.244.42.0-255,66,216722,7,251918
40132,0.036216,104.244.42.0-255,66,216788,7,251918
40133,0.036268,104.244.42.0-255,66,216854,7,251918
40134,0.036289,104.244.42.0-255,66,216920,7,251918
40135,0.036433,172.217.194.0-255,5738,222658,7,251918
40136,0.036439,172.31.36.0-255,66,222724,7,251918
40137,0.036972,104.244.42.0-255,108,222832,7,251918
40138,0.036982,172.31.36.0-255,66,222898,7,251918
40139,0.038693,172.217.194.0-255,5738,228636,7,251918
40140,0.038698,172.31.36.0-255,66,228702,7,251918
40141,0.040982,172.217.194.0-255,5738,234440,7,251918
40142,0.040988,172.31.36.0-255,66,234506,7,251918
40143,0.043248,172.217.194.0-255,5738,240244,7,251918
40144,0.043255,172.31.36.0-255,66,240310,7,251918
40145,0.045496,172.217.194.0-255,5738,246048,7,251918
40146,0.045505,172.31.36.0-255,66,246114,7,251918
40147,0.04788,172.217.194.0-255,5738,251852,7,251918
40148,0.047887,172.31.36.0-255,66,251918,7,251918
40149,0.0,74.125.200.0-255,150,150,7,293805
40150,3.6e-05,172.31.36.0-255,66,216,7,293805
40151,4.3e-05,74.125.200.0-255,1484,1700,7,293805
40152,4.9e-05,172.31.36.0-255,66,1766,7,293805
40153,6.1e-05,74.125.200.0-255,2902,4668,7,293805
40154,6.5e-05,172.31.36.0-255,66,4734,7,293805
40155,7.2e-05,74.125.200.0-255,5738,10472,7,293805
40156,7.5e-05,172.31.36.0-255,66,10538,7,293805
40157,0.000101,74.125.200.0-255,1484,12022,7,293805
40158,0.000104,172.31.36.0-255,66,12088,7,293805
40159,0.000131,74.125.200.0-255,2019,14107,7,293805
40160,0.000134,172.31.36.0-255,66,14173,7,293805
40161,0.000162,74.125.200.0-255,1484,15657,7,293805
40162,0.000165,172.31.36.0-255,66,15723,7,293805
40163,0.000171,74.125.200.0-255,2902,18625,7,293805
40164,0.000173,172.31.36.0-255,66,18691,7,293805
40165,0.000206,74.125.200.0-255,5738,24429,7,293805
40166,0.000211,172.31.36.0-255,66,24495,7,293805
40167,0.000218,74.125.200.0-255,6797,31292,7,293805
40168,0.00022,172.31.36.0-255,66,31358,7,293805
40169,0.000247,74.125.200.0-255,1484,32842,7,293805
40170,0.00025,172.31.36.0-255,66,32908,7,293805
40171,0.000254,74.125.200.0-255,2902,35810,7,293805
40172,0.000256,172.31.36.0-255,66,35876,7,293805
40173,0.000283,74.125.200.0-255,5738,41614,7,293805
40174,0.000287,172.31.36.0-255,66,41680,7,293805
40175,0.000292,74.125.200.0-255,2902,44582,7,293805
40176,0.000294,172.31.36.0-255,66,44648,7,293805
40177,0.000297,74.125.200.0-255,1484,46132,7,293805
40178,0.0003,172.31.36.0-255,66,46198,7,293805
40179,0.000331,74.125.200.0-255,2543,48741,7,293805
40180,0.000335,172.31.36.0-255,66,48807,7,293805
40181,0.0004,74.125.200.0-255,1484,50291,7,293805
40182,0.000406,74.125.200.0-255,2902,53193,7,293805
40183,0.00041,172.31.36.0-255,66,53259,7,293805
40184,0.000441,74.125.200.0-255,5738,58997,7,293805
40185,0.000445,172.31.36.0-255,66,59063,7,293805
40186,0.000473,74.125.200.0-255,6797,65860,7,293805
40187,0.000477,172.31.36.0-255,66,65926,7,293805
40188,0.00048,74.125.200.0-255,399,66325,7,293805
40189,0.000567,74.125.200.0-255,112,66437,7,293805
40190,0.000607,74.125.200.0-255,330,66767,7,293805
40191,0.000831,172.31.36.0-255,66,66833,7,293805
40192,0.000933,74.125.200.0-255,1484,68317,7,293805
40193,0.000954,74.125.200.0-255,2902,71219,7,293805
40194,0.000958,172.31.36.0-255,66,71285,7,293805
40195,0.000966,74.125.200.0-255,5738,77023,7,293805
40196,0.000968,172.31.36.0-255,66,77089,7,293805
40197,0.001009,172.31.36.0-255,66,77155,7,293805
40198,0.001015,74.125.200.0-255,4320,81475,7,293805
40199,0.001017,172.31.36.0-255,66,81541,7,293805
40200,0.001056,74.125.200.0-255,4320,85861,7,293805
40201,0.00106,172.31.36.0-255,66,85927,7,293805
40202,0.001085,74.125.200.0-255,2184,88111,7,293805
40203,0.001088,172.31.36.0-255,66,88177,7,293805
40204,0.001133,74.125.200.0-255,1484,89661,7,293805
40205,0.001146,74.125.200.0-255,2902,92563,7,293805
40206,0.001149,172.31.36.0-255,66,92629,7,293805
40207,0.00118,74.125.200.0-255,4320,96949,7,293805
40208,0.001184,172.31.36.0-255,66,97015,7,293805
40209,0.001196,172.31.36.0-255,66,97081,7,293805
40210,0.0012,74.125.200.0-255,2902,99983,7,293805
40211,0.001202,172.31.36.0-255,66,100049,7,293805
40212,0.001242,74.125.200.0-255,4320,104369,7,293805
40213,0.001245,172.31.36.0-255,66,104435,7,293805
40214,0.001255,172.31.36.0-255,66,104501,7,293805
40215,0.001258,74.125.200.0-255,766,105267,7,293805
40216,0.001282,74.125.200.0-255,1484,106751,7,293805
40217,0.001285,172.31.36.0-255,66,106817,7,293805
40218,0.00129,74.125.200.0-255,2902,109719,7,293805
40219,0.001293,172.31.36.0-255,66,109785,7,293805
40220,0.001309,74.125.200.0-255,1484,111269,7,293805
40221,0.001313,74.125.200.0-255,1484,112753,7,293805
40222,0.001316,172.31.36.0-255,66,112819,7,293805
40223,0.001326,74.125.200.0-255,2902,115721,7,293805
40224,0.001329,172.31.36.0-255,66,115787,7,293805
40225,0.001334,74.125.200.0-255,5738,121525,7,293805
40226,0.001339,172.31.36.0-255,66,121591,7,293805
40227,0.001364,74.125.200.0-255,4320,125911,7,293805
40228,0.001368,172.31.36.0-255,66,125977,7,293805
40229,0.0014,74.125.200.0-255,5738,131715,7,293805
40230,0.001404,172.31.36.0-255,66,131781,7,293805
40231,0.00141,74.125.200.0-255,2902,134683,7,293805
40232,0.001412,172.31.36.0-255,66,134749,7,293805
40233,0.001442,74.125.200.0-255,5020,139769,7,293805
40234,0.001446,172.31.36.0-255,66,139835,7,293805
40235,0.001878,74.125.200.0-255,1484,141319,7,293805
40236,0.001882,74.125.200.0-255,1484,142803,7,293805
40237,0.001885,172.31.36.0-255,66,142869,7,293805
40238,0.001902,74.125.200.0-255,1484,144353,7,293805
40239,0.001908,74.125.200.0-255,5738,150091,7,293805
40240,0.001911,172.31.36.0-255,66,150157,7,293805
40241,0.001943,74.125.200.0-255,4320,154477,7,293805
40242,0.001945,172.31.36.0-255,66,154543,7,293805
40243,0.001957,172.31.36.0-255,66,154609,7,293805
40244,0.002003,74.125.200.0-255,2902,157511,7,293805
40245,0.002006,172.31.36.0-255,66,157577,7,293805
40246,0.002031,74.125.200.0-255,5020,162597,7,293805
40247,0.002034,172.31.36.0-255,66,162663,7,293805
40248,0.004279,74.125.200.0-255,5738,168401,7,293805
40249,0.004283,172.31.36.0-255,66,168467,7,293805
40250,0.006555,74.125.200.0-255,5738,174205,7,293805
40251,0.006562,172.31.36.0-255,66,174271,7,293805
40252,0.008831,74.125.200.0-255,5738,180009,7,293805
40253,0.00884,172.31.36.0-255,66,180075,7,293805
40254,0.011098,74.125.200.0-255,5738,185813,7,293805
40255,0.011106,172.31.36.0-255,66,185879,7,293805
40256,0.013367,74.125.200.0-255,5738,191617,7,293805
40257,0.013375,172.31.36.0-255,66,191683,7,293805
40258,0.015629,74.125.200.0-255,5738,197421,7,293805
40259,0.015636,172.31.36.0-255,66,197487,7,293805
40260,0.017891,74.125.200.0-255,5738,203225,7,293805
40261,0.017898,172.31.36.0-255,66,203291,7,293805
40262,0.020153,74.125.200.0-255,5738,209029,7,293805
40263,0.02016,172.31.36.0-255,66,209095,7,293805
40264,0.022425,74.125.200.0-255,5738,214833,7,293805
40265,0.022431,172.31.36.0-255,66,214899,7,293805
40266,0.024695,74.125.200.0-255,5738,220637,7,293805
40267,0.024703,172.31.36.0-255,66,220703,7,293805
40268,0.026961,74.125.200.0-255,5738,226441,7,293805
40269,0.026969,172.31.36.0-255,66,226507,7,293805
40270,0.02926,74.125.200.0-255,5738,232245,7,293805
40271,0.029268,172.31.36.0-255,66,232311,7,293805
40272,0.029993,172.31.36.0-255,172,232483,7,293805
40273,0.030034,172.31.36.0-255,1113,233596,7,293805
40274,0.030119,172.31.36.0-255,1514,235110,7,293805
40275,0.030144,172.31.36.0-255,1514,236624,7,293805
40276,0.030146,172.31.36.0-255,1514,238138,7,293805
40277,0.030169,172.31.36.0-255,1514,239652,7,293805
40278,0.03017,172.31.36.0-255,1514,241166,7,293805
40279,0.030171,172.31.36.0-255,73,241239,7,293805
40280,0.031519,104.244.42.0-255,66,241305,7,293805
40281,0.031535,74.125.200.0-255,5738,247043,7,293805
40282,0.031542,172.31.36.0-255,66,247109,7,293805
40283,0.031578,104.244.42.0-255,66,247175,7,293805
40284,0.03166,104.244.42.0-255,66,247241,7,293805
40285,0.031709,104.244.42.0-255,66,247307,7,293805
40286,0.031712,104.244.42.0-255,66,247373,7,293805
40287,0.033802,74.125.200.0-255,5738,253111,7,293805
40288,0.033808,172.31.36.0-255,66,253177,7,293805
40289,0.036067,74.125.200.0-255,5738,258915,7,293805
40290,0.036072,172.31.36.0-255,66,258981,7,293805
40291,0.038336,74.125.200.0-255,5738,264719,7,293805
40292,0.038342,172.31.36.0-255,66,264785,7,293805
40293,0.040597,74.125.200.0-255,5738,270523,7,293805
40294,0.040603,172.31.36.0-255,66,270589,7,293805
40295,0.042864,74.125.200.0-255,5738,276327,7,293805
40296,0.042887,172.31.36.0-255,66,276393,7,293805
40297,0.045141,74.125.200.0-255,5738,282131,7,293805
40298,0.045147,172.31.36.0-255,66,282197,7,293805
40299,0.047423,74.125.200.0-255,5738,287935,7,293805
40300,0.047429,172.31.36.0-255,66,288001,7,293805
40301,0.049679,74.125.200.0-255,5738,293739,7,293805
40302,0.049684,172.31.36.0-255,66,293805,7,293805
40303,0.0,172.217.194.0-255,153,153,7,286365
40304,2.2e-05,172.31.36.0-255,66,219,7,286365
40305,3e-05,172.217.194.0-255,1484,1703,7,286365
40306,3.4e-05,172.31.36.0-255,66,1769,7,286365
40307,4e-05,172.217.194.0-255,2902,4671,7,286365
40308,4.3e-05,172.31.36.0-255,66,4737,7,286365
40309,5.1e-05,172.217.194.0-255,7156,11893,7,286365
40310,5.4e-05,172.31.36.0-255,66,11959,7,286365
40311,5.9e-05,172.217.194.0-255,2035,13994,7,286365
40312,6.1e-05,172.31.36.0-255,66,14060,7,286365
40313,0.000303,172.217.194.0-255,1484,15544,7,286365
40314,0.000308,172.31.36.0-255,66,15610,7,286365
40315,0.000315,172.217.194.0-255,2902,18512,7,286365
40316,0.000318,172.31.36.0-255,66,18578,7,286365
40317,0.000325,172.217.194.0-255,5738,24316,7,286365
40318,0.000327,172.31.36.0-255,66,24382,7,286365
40319,0.000377,172.31.36.0-255,66,24448,7,286365
40320,0.000385,172.217.194.0-255,7156,31604,7,286365
40321,0.000387,172.31.36.0-255,66,31670,7,286365
40322,0.000435,172.217.194.0-255,4320,35990,7,286365
40323,0.000438,172.31.36.0-255,66,36056,7,286365
40324,0.000473,172.31.36.0-255,66,36122,7,286365
40325,0.000476,172.217.194.0-255,347,36469,7,286365
40326,0.000478,172.31.36.0-255,66,36535,7,286365
40327,0.000778,172.217.194.0-255,116,36651,7,286365
40328,0.000783,172.31.36.0-255,66,36717,7,286365
40329,0.000834,172.217.194.0-255,1484,38201,7,286365
40330,0.000838,172.217.194.0-255,2902,41103,7,286365
40331,0.000844,172.31.36.0-255,66,41169,7,286365
40332,0.000853,172.31.36.0-255,66,41235,7,286365
40333,0.000858,172.217.194.0-255,4320,45555,7,286365
40334,0.00086,172.31.36.0-255,66,45621,7,286365
40335,0.000877,172.217.194.0-255,2902,48523,7,286365
40336,0.000879,172.31.36.0-255,66,48589,7,286365
40337,0.000886,172.217.194.0-255,4320,52909,7,286365
40338,0.000888,172.31.36.0-255,66,52975,7,286365
40339,0.00091,172.217.194.0-255,5738,58713,7,286365
40340,0.000913,172.31.36.0-255,66,58779,7,286365
40341,0.000916,172.217.194.0-255,1484,60263,7,286365
40342,0.000954,172.31.36.0-255,66,60329,7,286365
40343,0.000957,172.217.194.0-255,766,61095,7,286365
40344,0.00111,172.217.194.0-255,1484,62579,7,286365
40345,0.00112,172.31.36.0-255,66,62645,7,286365
40346,0.001125,172.217.194.0-255,2902,65547,7,286365
40347,0.001128,172.31.36.0-255,66,65613,7,286365
40348,0.001131,172.217.194.0-255,1484,67097,7,286365
40349,0.001153,172.217.194.0-255,4320,71417,7,286365
40350,0.001156,172.31.36.0-255,66,71483,7,286365
40351,0.00117,172.217.194.0-255,2902,74385,7,286365
40352,0.001173,172.31.36.0-255,66,74451,7,286365
40353,0.001215,172.31.36.0-255,66,74517,7,286365
40354,0.001227,172.31.36.0-255,66,74583,7,286365
40355,0.00125,172.217.194.0-255,1484,76067,7,286365
40356,0.00127,172.217.194.0-255,2902,78969,7,286365
40357,0.001273,172.31.36.0-255,66,79035,7,286365
40358,0.001279,172.217.194.0-255,4320,83355,7,286365
40359,0.001282,172.31.36.0-255,66,83421,7,286365
40360,0.001299,172.217.194.0-255,1484,84905,7,286365
40361,0.001306,172.217.194.0-255,5738,90643,7,286365
40362,0.001309,172.31.36.0-255,66,90709,7,286365
40363,0.001322,172.31.36.0-255,66,90775,7,286365
40364,0.001377,172.217.194.0-255,5020,95795,7,286365
40365,0.001381,172.31.36.0-255,66,95861,7,286365
40366,0.00172,172.217.194.0-255,1484,97345,7,286365
40367,0.001727,172.217.194.0-255,2902,100247,7,286365
40368,0.00173,172.31.36.0-255,66,100313,7,286365
40369,0.001736,172.217.194.0-255,4320,104633,7,286365
40370,0.001738,172.31.36.0-255,66,104699,7,286365
40371,0.00175,172.217.194.0-255,1484,106183,7,286365
40372,0.001767,172.217.194.0-255,5738,111921,7,286365
40373,0.001769,172.31.36.0-255,66,111987,7,286365
40374,0.001783,172.217.194.0-255,1484,113471,7,286365
40375,0.001799,172.31.36.0-255,66,113537,7,286365
40376,0.001819,172.217.194.0-255,2902,116439,7,286365
40377,0.001822,172.31.36.0-255,66,116505,7,286365
40378,0.001826,172.217.194.0-255,2184,118689,7,286365
40379,0.001828,172.31.36.0-255,66,118755,7,286365
40380,0.001852,172.217.194.0-255,1484,120239,7,286365
40381,0.001874,172.217.194.0-255,2902,123141,7,286365
40382,0.001877,172.31.36.0-255,66,123207,7,286365
40383,0.001884,172.217.194.0-255,5738,128945,7,286365
40384,0.001886,172.31.36.0-255,66,129011,7,286365
40385,0.001927,172.31.36.0-255,66,129077,7,286365
40386,0.00195,172.217.194.0-255,1484,130561,7,286365
40387,0.001972,172.31.36.0-255,66,130627,7,286365
40388,0.001994,172.217.194.0-255,1484,132111,7,286365
40389,0.002007,172.217.194.0-255,2902,135013,7,286365
40390,0.002009,172.31.36.0-255,66,135079,7,286365
40391,0.002016,172.217.194.0-255,4320,139399,7,286365
40392,0.002018,172.31.36.0-255,66,139465,7,286365
40393,0.002032,172.217.194.0-255,1484,140949,7,286365
40394,0.002037,172.217.194.0-255,4320,145269,7,286365
40395,0.002041,172.31.36.0-255,66,145335,7,286365
40396,0.002063,172.31.36.0-255,66,145401,7,286365
40397,0.002074,172.31.36.0-255,66,145467,7,286365
40398,0.002205,172.217.194.0-255,1484,146951,7,286365
40399,0.002223,172.217.194.0-255,2902,149853,7,286365
40400,0.002226,172.31.36.0-255,66,149919,7,286365
40401,0.002243,172.217.194.0-255,5738,155657,7,286365
40402,0.002246,172.31.36.0-255,66,155723,7,286365
40403,0.002274,172.31.36.0-255,66,155789,7,286365
40404,0.002295,172.217.194.0-255,4320,160109,7,286365
40405,0.002298,172.31.36.0-255,66,160175,7,286365
40406,0.002337,172.31.36.0-255,66,160241,7,286365
40407,0.002352,172.217.194.0-255,2184,162425,7,286365
40408,0.002355,172.31.36.0-255,66,162491,7,286365
40409,0.002611,172.217.194.0-255,1484,163975,7,286365
40410,0.002617,172.217.194.0-255,2902,166877,7,286365
40411,0.002621,172.31.36.0-255,66,166943,7,286365
40412,0.002628,172.217.194.0-255,5738,172681,7,286365
40413,0.002631,172.31.36.0-255,66,172747,7,286365
40414,0.002633,172.217.194.0-255,1484,174231,7,286365
40415,0.005235,172.217.194.0-255,4320,178551,7,286365
40416,0.005244,172.31.36.0-255,66,178617,7,286365
40417,0.007854,172.217.194.0-255,5738,184355,7,286365
40418,0.00786,172.31.36.0-255,66,184421,7,286365
40419,0.010488,172.217.194.0-255,2902,187323,7,286365
40420,0.010495,172.31.36.0-255,66,187389,7,286365
40421,0.010516,172.217.194.0-255,2902,190291,7,286365
40422,0.010519,172.31.36.0-255,66,190357,7,286365
40423,0.013118,172.217.194.0-255,5738,196095,7,286365
40424,0.013126,172.31.36.0-255,66,196161,7,286365
40425,0.01574,172.217.194.0-255,5738,201899,7,286365
40426,0.015749,172.31.36.0-255,66,201965,7,286365
40427,0.018406,172.217.194.0-255,5738,207703,7,286365
40428,0.018417,172.31.36.0-255,66,207769,7,286365
40429,0.021056,172.217.194.0-255,5738,213507,7,286365
40430,0.021071,172.31.36.0-255,66,213573,7,286365
40431,0.023703,172.217.194.0-255,5738,219311,7,286365
40432,0.023712,172.31.36.0-255,66,219377,7,286365
40433,0.026332,172.217.194.0-255,5738,225115,7,286365
40434,0.026341,172.31.36.0-255,66,225181,7,286365
40435,0.028939,172.217.194.0-255,5738,230919,7,286365
40436,0.028945,172.31.36.0-255,66,230985,7,286365
40437,0.031574,172.217.194.0-255,5738,236723,7,286365
40438,0.031583,172.31.36.0-255,66,236789,7,286365
40439,0.034191,172.217.194.0-255,5738,242527,7,286365
40440,0.0342,172.31.36.0-255,66,242593,7,286365
40441,0.036233,172.31.36.0-255,172,242765,7,286365
40442,0.036265,172.31.36.0-255,1113,243878,7,286365
40443,0.036329,172.31.36.0-255,1514,245392,7,286365
40444,0.036331,172.31.36.0-255,1514,246906,7,286365
40445,0.036336,172.31.36.0-255,1514,248420,7,286365
40446,0.036338,172.31.36.0-255,1514,249934,7,286365
40447,0.036356,172.31.36.0-255,1514,251448,7,286365
40448,0.036357,172.31.36.0-255,71,251519,7,286365
40449,0.036829,172.217.194.0-255,5738,257257,7,286365
40450,0.036837,172.31.36.0-255,66,257323,7,286365
40451,0.037813,104.244.42.0-255,66,257389,7,286365
40452,0.037821,104.244.42.0-255,66,257455,7,286365
40453,0.037893,104.244.42.0-255,66,257521,7,286365
40454,0.037898,104.244.42.0-255,66,257587,7,286365
40455,0.039482,172.217.194.0-255,5738,263325,7,286365
40456,0.039492,172.31.36.0-255,66,263391,7,286365
40457,0.042099,172.217.194.0-255,5738,269129,7,286365
40458,0.042106,172.31.36.0-255,66,269195,7,286365
40459,0.044714,172.217.194.0-255,5738,274933,7,286365
40460,0.044721,172.31.36.0-255,66,274999,7,286365
40461,0.047321,172.217.194.0-255,5738,280737,7,286365
40462,0.047328,172.31.36.0-255,66,280803,7,286365
40463,0.04993,172.217.194.0-255,5496,286299,7,286365
40464,0.049936,172.31.36.0-255,66,286365,7,286365
40465,0.0,172.31.36.0-255,105,105,7,105
40466,0.0,74.125.24.0-255,153,153,7,239892
40467,3.6e-05,172.31.36.0-255,66,219,7,239892
40468,4.4e-05,74.125.24.0-255,1484,1703,7,239892
40469,4.9e-05,172.31.36.0-255,66,1769,7,239892
40470,6.2e-05,74.125.24.0-255,2902,4671,7,239892
40471,6.5e-05,172.31.36.0-255,66,4737,7,239892
40472,7.2e-05,74.125.24.0-255,7156,11893,7,239892
40473,7.5e-05,172.31.36.0-255,66,11959,7,239892
40474,8e-05,74.125.24.0-255,2053,14012,7,239892
40475,8.2e-05,172.31.36.0-255,66,14078,7,239892
40476,0.000436,74.125.24.0-255,1484,15562,7,239892
40477,0.000442,172.31.36.0-255,66,15628,7,239892
40478,0.000448,74.125.24.0-255,2902,18530,7,239892
40479,0.00045,172.31.36.0-255,66,18596,7,239892
40480,0.000463,74.125.24.0-255,5738,24334,7,239892
40481,0.000465,172.31.36.0-255,66,24400,7,239892
40482,0.000501,74.125.24.0-255,6797,31197,7,239892
40483,0.000505,172.31.36.0-255,66,31263,7,239892
40484,0.000751,74.125.24.0-255,1484,32747,7,239892
40485,0.000757,172.31.36.0-255,66,32813,7,239892
40486,0.000766,74.125.24.0-255,2902,35715,7,239892
40487,0.000776,172.31.36.0-255,66,35781,7,239892
40488,0.000784,74.125.24.0-255,5738,41519,7,239892
40489,0.000787,172.31.36.0-255,66,41585,7,239892
40490,0.000833,74.125.24.0-255,5738,47323,7,239892
40491,0.000837,172.31.36.0-255,66,47389,7,239892
40492,0.000867,74.125.24.0-255,5379,52768,7,239892
40493,0.00087,172.31.36.0-255,66,52834,7,239892
40494,0.000884,172.31.36.0-255,66,52900,7,239892
40495,0.000886,74.125.24.0-255,1125,54025,7,239892
40496,0.000889,172.31.36.0-255,66,54091,7,239892
40497,0.000894,74.125.24.0-255,400,54491,7,239892
40498,0.000999,74.125.24.0-255,109,54600,7,239892
40499,0.001032,74.125.24.0-255,1484,56084,7,239892
40500,0.001036,172.31.36.0-255,66,56150,7,239892
40501,0.00104,74.125.24.0-255,1484,57634,7,239892
40502,0.001064,74.125.24.0-255,1484,59118,7,239892
40503,0.001067,172.31.36.0-255,66,59184,7,239892
40504,0.001075,74.125.24.0-255,7156,66340,7,239892
40505,0.001077,172.31.36.0-255,66,66406,7,239892
40506,0.001089,74.125.24.0-255,5379,71785,7,239892
40507,0.001091,172.31.36.0-255,66,71851,7,239892
40508,0.001132,74.125.24.0-255,4320,76171,7,239892
40509,0.001136,172.31.36.0-255,66,76237,7,239892
40510,0.001166,74.125.24.0-255,7156,83393,7,239892
40511,0.001169,172.31.36.0-255,66,83459,7,239892
40512,0.001196,74.125.24.0-255,5379,88838,7,239892
40513,0.001199,172.31.36.0-255,66,88904,7,239892
40514,0.001233,74.125.24.0-255,1484,90388,7,239892
40515,0.001273,74.125.24.0-255,1484,91872,7,239892
40516,0.001276,172.31.36.0-255,66,91938,7,239892
40517,0.001297,74.125.24.0-255,1484,93422,7,239892
40518,0.001303,74.125.24.0-255,5738,99160,7,239892
40519,0.001305,172.31.36.0-255,66,99226,7,239892
40520,0.001312,74.125.24.0-255,7156,106382,7,239892
40521,0.001346,74.125.24.0-255,5738,112120,7,239892
40522,0.001372,74.125.24.0-255,2184,114304,7,239892
40523,0.001409,74.125.24.0-255,2902,117206,7,239892
40524,0.001434,74.125.24.0-255,7156,124362,7,239892
40525,0.001504,74.125.24.0-255,3602,127964,7,239892
40526,0.005647,172.31.36.0-255,66,128030,7,239892
40527,0.007929,74.125.24.0-255,5738,133768,7,239892
40528,0.007936,172.31.36.0-255,66,133834,7,239892
40529,0.010188,74.125.24.0-255,5738,139572,7,239892
40530,0.010195,172.31.36.0-255,66,139638,7,239892
40531,0.012452,74.125.24.0-255,5738,145376,7,239892
40532,0.01246,172.31.36.0-255,66,145442,7,239892
40533,0.014734,74.125.24.0-255,5738,151180,7,239892
40534,0.014742,172.31.36.0-255,66,151246,7,239892
40535,0.017052,74.125.24.0-255,5738,156984,7,239892
40536,0.017062,172.31.36.0-255,66,157050,7,239892
40537,0.019327,74.125.24.0-255,5738,162788,7,239892
40538,0.019336,172.31.36.0-255,66,162854,7,239892
40539,0.021595,74.125.24.0-255,5738,168592,7,239892
40540,0.021603,172.31.36.0-255,66,168658,7,239892
40541,0.023864,74.125.24.0-255,5738,174396,7,239892
40542,0.023872,172.31.36.0-255,66,174462,7,239892
40543,0.02613,74.125.24.0-255,5738,180200,7,239892
40544,0.026138,172.31.36.0-255,66,180266,7,239892
40545,0.028418,74.125.24.0-255,5738,186004,7,239892
40546,0.028425,172.31.36.0-255,66,186070,7,239892
40547,0.029756,172.31.36.0-255,172,186242,7,239892
40548,0.029787,172.31.36.0-255,1115,187357,7,239892
40549,0.02983,172.31.36.0-255,1514,188871,7,239892
40550,0.029832,172.31.36.0-255,1291,190162,7,239892
40551,0.030719,74.125.24.0-255,5738,195900,7,239892
40552,0.030726,172.31.36.0-255,66,195966,7,239892
40553,0.031351,104.244.42.0-255,66,196032,7,239892
40554,0.031358,104.244.42.0-255,66,196098,7,239892
40555,0.031387,104.244.42.0-255,66,196164,7,239892
40556,0.032991,74.125.24.0-255,4320,200484,7,239892
40557,0.032996,172.31.36.0-255,66,200550,7,239892
40558,0.03303,74.125.24.0-255,1484,202034,7,239892
40559,0.035287,74.125.24.0-255,4320,206354,7,239892
40560,0.035294,172.31.36.0-255,66,206420,7,239892
40561,0.037586,74.125.24.0-255,4320,210740,7,239892
40562,0.037592,172.31.36.0-255,66,210806,7,239892
40563,0.037621,74.125.24.0-255,1484,212290,7,239892
40564,0.03987,74.125.24.0-255,4320,216610,7,239892
40565,0.039881,172.31.36.0-255,66,216676,7,239892
40566,0.042149,74.125.24.0-255,5738,222414,7,239892
40567,0.042155,172.31.36.0-255,66,222480,7,239892
40568,0.044425,74.125.24.0-255,5738,228218,7,239892
40569,0.044431,172.31.36.0-255,66,228284,7,239892
40570,0.046711,74.125.24.0-255,5738,234022,7,239892
40571,0.046716,172.31.36.0-255,66,234088,7,239892
40572,0.048968,74.125.24.0-255,5738,239826,7,239892
40573,0.048973,172.31.36.0-255,66,239892,7,239892
40574,0.0,74.125.24.0-255,151,151,7,266141
40575,2.4e-05,172.31.36.0-255,66,217,7,266141
40576,3.1e-05,74.125.24.0-255,1484,1701,7,266141
40577,3.6e-05,172.31.36.0-255,66,1767,7,266141
40578,4.2e-05,74.125.24.0-255,2902,4669,7,266141
40579,5.3e-05,172.31.36.0-255,66,4735,7,266141
40580,6.1e-05,74.125.24.0-255,7156,11891,7,266141
40581,6.4e-05,172.31.36.0-255,66,11957,7,266141
40582,6.8e-05,74.125.24.0-255,2066,14023,7,266141
40583,7.2e-05,172.31.36.0-255,66,14089,7,266141
40584,0.000137,74.125.24.0-255,5738,19827,7,266141
40585,0.000141,172.31.36.0-255,66,19893,7,266141
40586,0.000171,74.125.24.0-255,5738,25631,7,266141
40587,0.000175,172.31.36.0-255,66,25697,7,266141
40588,0.000181,74.125.24.0-255,5379,31076,7,266141
40589,0.000183,172.31.36.0-255,66,31142,7,266141
40590,0.000214,74.125.24.0-255,1484,32626,7,266141
40591,0.000216,172.31.36.0-255,66,32692,7,266141
40592,0.000221,74.125.24.0-255,2902,35594,7,266141
40593,0.000223,172.31.36.0-255,66,35660,7,266141
40594,0.000231,74.125.24.0-255,5738,41398,7,266141
40595,0.000237,172.31.36.0-255,66,41464,7,266141
40596,0.000282,172.31.36.0-255,66,41530,7,266141
40597,0.000319,172.31.36.0-255,66,41596,7,266141
40598,0.000385,74.125.24.0-255,116,41712,7,266141
40599,0.000389,172.31.36.0-255,66,41778,7,266141
40600,0.000415,74.125.24.0-255,327,42105,7,266141
40601,0.000417,172.31.36.0-255,66,42171,7,266141
40602,0.000593,74.125.24.0-255,1484,43655,7,266141
40603,0.000598,172.31.36.0-255,66,43721,7,266141
40604,0.000604,74.125.24.0-255,2902,46623,7,266141
40605,0.000606,172.31.36.0-255,66,46689,7,266141
40606,0.000618,74.125.24.0-255,4320,51009,7,266141
40607,0.000621,172.31.36.0-255,66,51075,7,266141
40608,0.000648,74.125.24.0-255,1484,52559,7,266141
40609,0.000664,172.31.36.0-255,66,52625,7,266141
40610,0.00067,74.125.24.0-255,4320,56945,7,266141
40611,0.000672,172.31.36.0-255,66,57011,7,266141
40612,0.000695,74.125.24.0-255,6438,63449,7,266141
40613,0.000711,172.31.36.0-255,66,63515,7,266141
40614,0.000778,74.125.24.0-255,1484,64999,7,266141
40615,0.000784,74.125.24.0-255,2902,67901,7,266141
40616,0.000787,172.31.36.0-255,66,67967,7,266141
40617,0.000794,74.125.24.0-255,5738,73705,7,266141
40618,0.000797,172.31.36.0-255,66,73771,7,266141
40619,0.000818,74.125.24.0-255,5738,79509,7,266141
40620,0.000843,74.125.24.0-255,7156,86665,7,266141
40621,0.000851,172.31.36.0-255,66,86731,7,266141
40622,0.000876,74.125.24.0-255,4320,91051,7,266141
40623,0.000894,74.125.24.0-255,6438,97489,7,266141
40624,0.0009,172.31.36.0-255,66,97555,7,266141
40625,0.000971,74.125.24.0-255,5738,103293,7,266141
40626,0.000991,74.125.24.0-255,4320,107613,7,266141
40627,0.001013,172.31.36.0-255,66,107679,7,266141
40628,0.001039,74.125.24.0-255,1484,109163,7,266141
40629,0.001044,74.125.24.0-255,2902,112065,7,266141
40630,0.001048,74.125.24.0-255,1484,113549,7,266141
40631,0.001057,172.31.36.0-255,66,113615,7,266141
40632,0.001067,74.125.24.0-255,4320,117935,7,266141
40633,0.001077,172.31.36.0-255,66,118001,7,266141
40634,0.001084,74.125.24.0-255,1484,119485,7,266141
40635,0.001087,74.125.24.0-255,1484,120969,7,266141
40636,0.0011,74.125.24.0-255,1484,122453,7,266141
40637,0.001106,74.125.24.0-255,4320,126773,7,266141
40638,0.001124,74.125.24.0-255,1484,128257,7,266141
40639,0.00113,74.125.24.0-255,5738,133995,7,266141
40640,0.001149,172.31.36.0-255,66,134061,7,266141
40641,0.001186,172.31.36.0-255,66,134127,7,266141
40642,0.001222,74.125.24.0-255,4320,138447,7,266141
40643,0.001233,74.125.24.0-255,1484,139931,7,266141
40644,0.00125,74.125.24.0-255,4320,144251,7,266141
40645,0.00126,172.31.36.0-255,66,144317,7,266141
40646,0.001273,172.31.36.0-255,66,144383,7,266141
40647,0.001305,74.125.24.0-255,2902,147285,7,266141
40648,0.00131,74.125.24.0-255,3602,150887,7,266141
40649,0.001322,74.125.24.0-255,4320,155207,7,266141
40650,0.001335,172.31.36.0-255,66,155273,7,266141
40651,0.001358,74.125.24.0-255,1484,156757,7,266141
40652,0.001361,74.125.24.0-255,1484,158241,7,266141
40653,0.001366,172.31.36.0-255,66,158307,7,266141
40654,0.001435,172.31.36.0-255,66,158373,7,266141
40655,0.001475,172.31.36.0-255,66,158439,7,266141
40656,0.00175,74.125.24.0-255,1484,159923,7,266141
40657,0.001756,74.125.24.0-255,2902,162825,7,266141
40658,0.001759,74.125.24.0-255,1484,164309,7,266141
40659,0.001774,74.125.24.0-255,4320,168629,7,266141
40660,0.001777,172.31.36.0-255,66,168695,7,266141
40661,0.001782,172.31.36.0-255,66,168761,7,266141
40662,0.001797,74.125.24.0-255,4320,173081,7,266141
40663,0.001831,74.125.24.0-255,5738,178819,7,266141
40664,0.001838,74.125.24.0-255,5738,184557,7,266141
40665,0.001848,172.31.36.0-255,66,184623,7,266141
40666,0.00187,74.125.24.0-255,5738,190361,7,266141
40667,0.001874,74.125.24.0-255,2184,192545,7,266141
40668,0.00192,172.31.36.0-255,66,192611,7,266141
40669,0.00195,74.125.24.0-255,1484,194095,7,266141
40670,0.001955,74.125.24.0-255,2902,196997,7,266141
40671,0.001961,74.125.24.0-255,5738,202735,7,266141
40672,0.001969,172.31.36.0-255,66,202801,7,266141
40673,0.002014,74.125.24.0-255,4320,207121,7,266141
40674,0.002029,172.31.36.0-255,66,207187,7,266141
40675,0.002041,74.125.24.0-255,2902,210089,7,266141
40676,0.002082,172.31.36.0-255,66,210155,7,266141
40677,0.003066,172.31.36.0-255,101,210256,7,266141
40678,0.004096,74.125.24.0-255,5738,215994,7,266141
40679,0.004102,172.31.36.0-255,66,216060,7,266141
40680,0.005061,74.125.24.0-255,66,216126,7,266141
40681,0.006148,74.125.24.0-255,5738,221864,7,266141
40682,0.006155,172.31.36.0-255,66,221930,7,266141
40683,0.008214,74.125.24.0-255,5738,227668,7,266141
40684,0.008221,172.31.36.0-255,66,227734,7,266141
40685,0.010254,74.125.24.0-255,5738,233472,7,266141
40686,0.01026,172.31.36.0-255,66,233538,7,266141
40687,0.012306,74.125.24.0-255,5738,239276,7,266141
40688,0.012314,172.31.36.0-255,66,239342,7,266141
40689,0.014323,74.125.24.0-255,5738,245080,7,266141
40690,0.014332,172.31.36.0-255,66,245146,7,266141
40691,0.016415,74.125.24.0-255,5738,250884,7,266141
40692,0.016424,172.31.36.0-255,66,250950,7,266141
40693,0.018453,74.125.24.0-255,5738,256688,7,266141
40694,0.018461,172.31.36.0-255,66,256754,7,266141
40695,0.02051,74.125.24.0-255,4860,261614,7,266141
40696,0.020517,172.31.36.0-255,66,261680,7,266141
40697,0.020876,172.31.36.0-255,105,261785,7,266141
40698,0.028193,74.125.24.0-255,66,261851,7,266141
40699,0.032906,172.31.36.0-255,172,262023,7,266141
40700,0.032988,172.31.36.0-255,1114,263137,7,266141
40701,0.034462,104.244.42.0-255,66,263203,7,266141
40702,0.034508,104.244.42.0-255,66,263269,7,266141
40703,0.035638,172.31.36.0-255,1514,264783,7,266141
40704,0.03564,172.31.36.0-255,1292,266075,7,266141
40705,0.037191,104.244.42.0-255,66,266141,7,266141
40706,0.0,172.217.194.0-255,153,153,7,179585
40707,1.5e-05,172.31.36.0-255,66,219,7,179585
40708,2.2e-05,172.217.194.0-255,1484,1703,7,179585
40709,2.6e-05,172.31.36.0-255,66,1769,7,179585
40710,3.2e-05,172.217.194.0-255,2902,4671,7,179585
40711,4.3e-05,172.31.36.0-255,66,4737,7,179585
40712,5.2e-05,172.217.194.0-255,7156,11893,7,179585
40713,5.5e-05,172.31.36.0-255,66,11959,7,179585
40714,5.9e-05,172.217.194.0-255,2028,13987,7,179585
40715,6.2e-05,172.31.36.0-255,66,14053,7,179585
40716,7.5e-05,172.31.36.0-255,66,14119,7,179585
40717,8.1e-05,172.217.194.0-255,2902,17021,7,179585
40718,8.3e-05,172.31.36.0-255,66,17087,7,179585
40719,0.000125,172.31.36.0-255,66,17153,7,179585
40720,0.000128,172.217.194.0-255,766,17919,7,179585
40721,0.00013,172.31.36.0-255,66,17985,7,179585
40722,0.00034,172.217.194.0-255,1484,19469,7,179585
40723,0.000346,172.31.36.0-255,66,19535,7,179585
40724,0.000353,172.217.194.0-255,2902,22437,7,179585
40725,0.000355,172.31.36.0-255,66,22503,7,179585
40726,0.00036,172.217.194.0-255,2902,25405,7,179585
40727,0.000367,172.31.36.0-255,66,25471,7,179585
40728,0.000392,172.217.194.0-255,2902,28373,7,179585
40729,0.000395,172.31.36.0-255,66,28439,7,179585
40730,0.000402,172.217.194.0-255,5738,34177,7,179585
40731,0.000404,172.31.36.0-255,66,34243,7,179585
40732,0.000433,172.217.194.0-255,1430,35673,7,179585
40733,0.000436,172.31.36.0-255,66,35739,7,179585
40734,0.000595,172.217.194.0-255,1484,37223,7,179585
40735,0.000599,172.31.36.0-255,66,37289,7,179585
40736,0.000604,172.217.194.0-255,1484,38773,7,179585
40737,0.000645,172.217.194.0-255,1484,40257,7,179585
40738,0.000648,172.31.36.0-255,66,40323,7,179585
40739,0.000655,172.217.194.0-255,5738,46061,7,179585
40740,0.000657,172.31.36.0-255,66,46127,7,179585
40741,0.000668,172.217.194.0-255,5738,51865,7,179585
40742,0.00067,172.31.36.0-255,66,51931,7,179585
40743,0.000685,172.31.36.0-255,66,51997,7,179585
40744,0.000691,172.217.194.0-255,4320,56317,7,179585
40745,0.000693,172.31.36.0-255,66,56383,7,179585
40746,0.000723,172.217.194.0-255,766,57149,7,179585
40747,0.000899,172.217.194.0-255,1484,58633,7,179585
40748,0.000904,172.31.36.0-255,66,58699,7,179585
40749,0.00091,172.217.194.0-255,2902,61601,7,179585
40750,0.000912,172.31.36.0-255,66,61667,7,179585
40751,0.000931,172.217.194.0-255,2902,64569,7,179585
40752,0.000934,172.31.36.0-255,66,64635,7,179585
40753,0.000964,172.217.194.0-255,2902,67537,7,179585
40754,0.000967,172.31.36.0-255,66,67603,7,179585
40755,0.000981,172.31.36.0-255,66,67669,7,179585
40756,0.001006,172.217.194.0-255,5738,73407,7,179585
40757,0.001009,172.31.36.0-255,66,73473,7,179585
40758,0.001047,172.31.36.0-255,66,73539,7,179585
40759,0.001059,172.31.36.0-255,66,73605,7,179585
40760,0.001083,172.217.194.0-255,4320,77925,7,179585
40761,0.001085,172.31.36.0-255,66,77991,7,179585
40762,0.001092,172.217.194.0-255,5738,83729,7,179585
40763,0.001094,172.31.36.0-255,66,83795,7,179585
40764,0.00112,172.217.194.0-255,3602,87397,7,179585
40765,0.001124,172.31.36.0-255,66,87463,7,179585
40766,0.001143,172.217.194.0-255,1484,88947,7,179585
40767,0.001148,172.217.194.0-255,2902,91849,7,179585
40768,0.001152,172.31.36.0-255,66,91915,7,179585
40769,0.001217,172.217.194.0-255,5738,97653,7,179585
40770,0.00122,172.31.36.0-255,66,97719,7,179585
40771,0.001226,172.217.194.0-255,5738,103457,7,179585
40772,0.001228,172.31.36.0-255,66,103523,7,179585
40773,0.001241,172.31.36.0-255,66,103589,7,179585
40774,0.001274,172.217.194.0-255,5020,108609,7,179585
40775,0.001278,172.31.36.0-255,66,108675,7,179585
40776,0.001315,172.217.194.0-255,1484,110159,7,179585
40777,0.001331,172.217.194.0-255,2902,113061,7,179585
40778,0.001334,172.31.36.0-255,66,113127,7,179585
40779,0.001338,172.217.194.0-255,1484,114611,7,179585
40780,0.001361,172.217.194.0-255,4320,118931,7,179585
40781,0.001365,172.31.36.0-255,66,118997,7,179585
40782,0.001397,172.31.36.0-255,66,119063,7,179585
40783,0.001424,172.217.194.0-255,4320,123383,7,179585
40784,0.001428,172.31.36.0-255,66,123449,7,179585
40785,0.001433,172.217.194.0-255,2902,126351,7,179585
40786,0.001435,172.31.36.0-255,66,126417,7,179585
40787,0.001466,172.31.36.0-255,66,126483,7,179585
40788,0.001509,172.31.36.0-255,66,126549,7,179585
40789,0.001529,172.31.36.0-255,66,126615,7,179585
40790,0.00154,172.31.36.0-255,66,126681,7,179585
40791,0.001598,172.217.194.0-255,1484,128165,7,179585
40792,0.001603,172.217.194.0-255,2902,131067,7,179585
40793,0.001606,172.31.36.0-255,66,131133,7,179585
40794,0.001613,172.217.194.0-255,5738,136871,7,179585
40795,0.001616,172.31.36.0-255,66,136937,7,179585
40796,0.001637,172.217.194.0-255,7156,144093,7,179585
40797,0.001639,172.31.36.0-255,66,144159,7,179585
40798,0.001674,172.217.194.0-255,5738,149897,7,179585
40799,0.001678,172.31.36.0-255,66,149963,7,179585
40800,0.00169,172.31.36.0-255,66,150029,7,179585
40801,0.001694,172.217.194.0-255,1484,151513,7,179585
40802,0.001698,172.217.194.0-255,2902,154415,7,179585
40803,0.001701,172.31.36.0-255,66,154481,7,179585
40804,0.001708,172.217.194.0-255,5738,160219,7,179585
40805,0.00171,172.31.36.0-255,66,160285,7,179585
40806,0.001747,172.31.36.0-255,66,160351,7,179585
40807,0.001786,172.217.194.0-255,1484,161835,7,179585
40808,0.001805,172.31.36.0-255,66,161901,7,179585
40809,0.001863,172.217.194.0-255,5738,167639,7,179585
40810,0.001921,172.31.36.0-255,66,167705,7,179585
40811,0.00195,172.217.194.0-255,7156,174861,7,179585
40812,0.001961,172.31.36.0-255,66,174927,7,179585
40813,0.002001,172.217.194.0-255,105,175032,7,179585
40814,0.002025,172.31.36.0-255,66,175098,7,179585
40815,0.004683,172.31.36.0-255,105,175203,7,179585
40816,0.00688,172.217.194.0-255,66,175269,7,179585
40817,0.030768,172.31.36.0-255,198,175467,7,179585
40818,0.030801,172.31.36.0-255,958,176425,7,179585
40819,0.030864,172.31.36.0-255,1514,177939,7,179585
40820,0.030866,172.31.36.0-255,1448,179387,7,179585
40821,0.03234,104.244.42.0-255,66,179453,7,179585
40822,0.03237,104.244.42.0-255,66,179519,7,179585
40823,0.032475,104.244.42.0-255,66,179585,7,179585
40824,0.0,74.125.24.0-255,143,143,7,299618
40825,3.4e-05,172.31.36.0-255,66,209,7,299618
40826,4.1e-05,74.125.24.0-255,1484,1693,7,299618
40827,4.5e-05,172.31.36.0-255,66,1759,7,299618
40828,5e-05,74.125.24.0-255,2902,4661,7,299618
40829,5.3e-05,172.31.36.0-255,66,4727,7,299618
40830,6e-05,74.125.24.0-255,7156,11883,7,299618
40831,6.2e-05,172.31.36.0-255,66,11949,7,299618
40832,8e-05,74.125.24.0-255,2039,13988,7,299618
40833,8.2e-05,172.31.36.0-255,66,14054,7,299618
40834,0.000132,74.125.24.0-255,1484,15538,7,299618
40835,0.000135,172.31.36.0-255,66,15604,7,299618
40836,0.00014,74.125.24.0-255,2902,18506,7,299618
40837,0.000143,172.31.36.0-255,66,18572,7,299618
40838,0.000145,74.125.24.0-255,1484,20056,7,299618
40839,0.000148,172.31.36.0-255,66,20122,7,299618
40840,0.000172,74.125.24.0-255,4320,24442,7,299618
40841,0.000174,172.31.36.0-255,66,24508,7,299618
40842,0.00018,74.125.24.0-255,1484,25992,7,299618
40843,0.000182,172.31.36.0-255,66,26058,7,299618
40844,0.000198,74.125.24.0-255,5379,31437,7,299618
40845,0.000201,172.31.36.0-255,66,31503,7,299618
40846,0.000208,74.125.24.0-255,7156,38659,7,299618
40847,0.000211,172.31.36.0-255,66,38725,7,299618
40848,0.000271,74.125.24.0-255,2902,41627,7,299618
40849,0.000275,172.31.36.0-255,66,41693,7,299618
40850,0.000296,74.125.24.0-255,6797,48490,7,299618
40851,0.0003,172.31.36.0-255,66,48556,7,299618
40852,0.00045,74.125.24.0-255,1484,50040,7,299618
40853,0.000454,172.31.36.0-255,66,50106,7,299618
40854,0.000459,74.125.24.0-255,2902,53008,7,299618
40855,0.000462,172.31.36.0-255,66,53074,7,299618
40856,0.000468,74.125.24.0-255,4320,57394,7,299618
40857,0.00047,172.31.36.0-255,66,57460,7,299618
40858,0.000482,74.125.24.0-255,1484,58944,7,299618
40859,0.000501,74.125.24.0-255,2902,61846,7,299618
40860,0.000504,172.31.36.0-255,66,61912,7,299618
40861,0.000524,74.125.24.0-255,4307,66219,7,299618
40862,0.000528,172.31.36.0-255,66,66285,7,299618
40863,0.000531,74.125.24.0-255,332,66617,7,299618
40864,0.000673,74.125.24.0-255,1484,68101,7,299618
40865,0.000677,172.31.36.0-255,66,68167,7,299618
40866,0.000682,74.125.24.0-255,2902,71069,7,299618
40867,0.000685,172.31.36.0-255,66,71135,7,299618
40868,0.00071,74.125.24.0-255,2902,74037,7,299618
40869,0.000713,172.31.36.0-255,66,74103,7,299618
40870,0.000718,74.125.24.0-255,4320,78423,7,299618
40871,0.00072,172.31.36.0-255,66,78489,7,299618
40872,0.000753,74.125.24.0-255,1484,79973,7,299618
40873,0.000757,172.31.36.0-255,66,80039,7,299618
40874,0.000807,74.125.24.0-255,4320,84359,7,299618
40875,0.000811,172.31.36.0-255,66,84425,7,299618
40876,0.000833,74.125.24.0-255,6797,91222,7,299618
40877,0.000836,172.31.36.0-255,66,91288,7,299618
40878,0.001411,74.125.24.0-255,1484,92772,7,299618
40879,0.001419,74.125.24.0-255,2902,95674,7,299618
40880,0.001423,172.31.36.0-255,66,95740,7,299618
40881,0.001429,74.125.24.0-255,2902,98642,7,299618
40882,0.001431,172.31.36.0-255,66,98708,7,299618
40883,0.001445,74.125.24.0-255,2902,101610,7,299618
40884,0.001447,172.31.36.0-255,66,101676,7,299618
40885,0.001452,74.125.24.0-255,2902,104578,7,299618
40886,0.001454,172.31.36.0-255,66,104644,7,299618
40887,0.001474,172.31.36.0-255,66,104710,7,299618
40888,0.00148,74.125.24.0-255,5738,110448,7,299618
40889,0.001483,172.31.36.0-255,66,110514,7,299618
40890,0.001529,74.125.24.0-255,6438,116952,7,299618
40891,0.001533,172.31.36.0-255,66,117018,7,299618
40892,0.001558,74.125.24.0-255,7156,124174,7,299618
40893,0.001562,172.31.36.0-255,66,124240,7,299618
40894,0.001567,74.125.24.0-255,2902,127142,7,299618
40895,0.001569,172.31.36.0-255,66,127208,7,299618
40896,0.00159,172.31.36.0-255,66,127274,7,299618
40897,0.001609,74.125.24.0-255,1484,128758,7,299618
40898,0.001624,74.125.24.0-255,5738,134496,7,299618
40899,0.001627,172.31.36.0-255,66,134562,7,299618
40900,0.001645,74.125.24.0-255,3602,138164,7,299618
40901,0.001648,172.31.36.0-255,66,138230,7,299618
40902,0.002094,74.125.24.0-255,1484,139714,7,299618
40903,0.002102,74.125.24.0-255,1484,141198,7,299618
40904,0.002108,172.31.36.0-255,66,141264,7,299618
40905,0.002129,74.125.24.0-255,1484,142748,7,299618
40906,0.002135,74.125.24.0-255,5738,148486,7,299618
40907,0.002138,172.31.36.0-255,66,148552,7,299618
40908,0.002143,74.125.24.0-255,2902,151454,7,299618
40909,0.002146,172.31.36.0-255,66,151520,7,299618
40910,0.002154,74.125.24.0-255,7156,158676,7,299618
40911,0.002156,172.31.36.0-255,66,158742,7,299618
40912,0.00217,74.125.24.0-255,2902,161644,7,299618
40913,0.002172,172.31.36.0-255,66,161710,7,299618
40914,0.002179,74.125.24.0-255,5738,167448,7,299618
40915,0.00218,172.31.36.0-255,66,167514,7,299618
40916,0.002227,74.125.24.0-255,4320,171834,7,299618
40917,0.00223,172.31.36.0-255,66,171900,7,299618
40918,0.002247,74.125.24.0-255,766,172666,7,299618
40919,0.00443,74.125.24.0-255,4320,176986,7,299618
40920,0.004437,172.31.36.0-255,66,177052,7,299618
40921,0.006627,74.125.24.0-255,4320,181372,7,299618
40922,0.00663,172.31.36.0-255,66,181438,7,299618
40923,0.006647,74.125.24.0-255,1484,182922,7,299618
40924,0.008818,74.125.24.0-255,4320,187242,7,299618
40925,0.008825,172.31.36.0-255,66,187308,7,299618
40926,0.01104,74.125.24.0-255,5738,193046,7,299618
40927,0.011048,172.31.36.0-255,66,193112,7,299618
40928,0.013307,74.125.24.0-255,5738,198850,7,299618
40929,0.013314,172.31.36.0-255,66,198916,7,299618
40930,0.015497,74.125.24.0-255,5738,204654,7,299618
40931,0.015503,172.31.36.0-255,66,204720,7,299618
40932,0.017693,74.125.24.0-255,5738,210458,7,299618
40933,0.017706,172.31.36.0-255,66,210524,7,299618
40934,0.019911,74.125.24.0-255,5738,216262,7,299618
40935,0.01992,172.31.36.0-255,66,216328,7,299618
40936,0.022117,74.125.24.0-255,4320,220648,7,299618
40937,0.022125,172.31.36.0-255,66,220714,7,299618
40938,0.022162,74.125.24.0-255,1484,222198,7,299618
40939,0.024329,74.125.24.0-255,4320,226518,7,299618
40940,0.024336,172.31.36.0-255,66,226584,7,299618
40941,0.026535,74.125.24.0-255,5738,232322,7,299618
40942,0.026542,172.31.36.0-255,66,232388,7,299618
40943,0.028735,74.125.24.0-255,5738,238126,7,299618
40944,0.028742,172.31.36.0-255,66,238192,7,299618
40945,0.030935,74.125.24.0-255,5738,243930,7,299618
40946,0.030942,172.31.36.0-255,66,243996,7,299618
40947,0.03315,74.125.24.0-255,5738,249734,7,299618
40948,0.033158,172.31.36.0-255,66,249800,7,299618
40949,0.035361,74.125.24.0-255,5738,255538,7,299618
40950,0.03537,172.31.36.0-255,66,255604,7,299618
40951,0.037585,74.125.24.0-255,5738,261342,7,299618
40952,0.037596,172.31.36.0-255,66,261408,7,299618
40953,0.038236,172.31.36.0-255,172,261580,7,299618
40954,0.038273,172.31.36.0-255,1113,262693,7,299618
40955,0.038326,172.31.36.0-255,1514,264207,7,299618
40956,0.038328,172.31.36.0-255,1514,265721,7,299618
40957,0.038333,172.31.36.0-255,1514,267235,7,299618
40958,0.038334,172.31.36.0-255,1514,268749,7,299618
40959,0.038357,172.31.36.0-255,1514,270263,7,299618
40960,0.038363,172.31.36.0-255,71,270334,7,299618
40961,0.039787,74.125.24.0-255,5738,276072,7,299618
40962,0.039802,172.31.36.0-255,66,276138,7,299618
40963,0.039824,104.244.42.0-255,66,276204,7,299618
40964,0.039853,104.244.42.0-255,66,276270,7,299618
40965,0.039906,104.244.42.0-255,66,276336,7,299618
40966,0.039966,104.244.42.0-255,66,276402,7,299618
40967,0.042,74.125.24.0-255,5738,282140,7,299618
40968,0.042007,172.31.36.0-255,66,282206,7,299618
40969,0.044216,74.125.24.0-255,5738,287944,7,299618
40970,0.044221,172.31.36.0-255,66,288010,7,299618
40971,0.046405,74.125.24.0-255,5738,293748,7,299618
40972,0.046411,172.31.36.0-255,66,293814,7,299618
40973,0.048589,74.125.24.0-255,5738,299552,7,299618
40974,0.048593,172.31.36.0-255,66,299618,7,299618
40975,0.0,74.125.200.0-255,300,300,7,362460
40976,3.4e-05,172.31.36.0-255,66,366,7,362460
40977,4.1e-05,74.125.200.0-255,1484,1850,7,362460
40978,4.6e-05,172.31.36.0-255,66,1916,7,362460
40979,5.3e-05,74.125.200.0-255,4320,6236,7,362460
40980,5.5e-05,172.31.36.0-255,66,6302,7,362460
40981,7e-05,74.125.200.0-255,2902,9204,7,362460
40982,7.2e-05,172.31.36.0-255,66,9270,7,362460
40983,8.8e-05,74.125.200.0-255,4729,13999,7,362460
40984,9e-05,172.31.36.0-255,66,14065,7,362460
40985,0.000111,74.125.200.0-255,2902,16967,7,362460
40986,0.000114,172.31.36.0-255,66,17033,7,362460
40987,0.000134,74.125.200.0-255,5738,22771,7,362460
40988,0.000137,172.31.36.0-255,66,22837,7,362460
40989,0.000143,74.125.200.0-255,5738,28575,7,362460
40990,0.000146,172.31.36.0-255,66,28641,7,362460
40991,0.000171,74.125.200.0-255,2543,31184,7,362460
40992,0.000173,172.31.36.0-255,66,31250,7,362460
40993,0.000402,74.125.200.0-255,1484,32734,7,362460
40994,0.000407,172.31.36.0-255,66,32800,7,362460
40995,0.000422,74.125.200.0-255,1484,34284,7,362460
40996,0.000425,172.31.36.0-255,66,34350,7,362460
40997,0.000429,74.125.200.0-255,2902,37252,7,362460
40998,0.000432,172.31.36.0-255,66,37318,7,362460
40999,0.00046,74.125.200.0-255,5738,43056,7,362460
41000,0.000467,172.31.36.0-255,66,43122,7,362460
41001,0.000475,74.125.200.0-255,4320,47442,7,362460
41002,0.000477,172.31.36.0-255,66,47508,7,362460
41003,0.000493,74.125.200.0-255,2543,50051,7,362460
41004,0.000496,172.31.36.0-255,66,50117,7,362460
41005,0.000503,74.125.200.0-255,7156,57273,7,362460
41006,0.000506,172.31.36.0-255,66,57339,7,362460
41007,0.000519,74.125.200.0-255,1484,58823,7,362460
41008,0.000536,74.125.200.0-255,6797,65620,7,362460
41009,0.00054,172.31.36.0-255,66,65686,7,362460
41010,0.000563,74.125.200.0-255,359,66045,7,362460
41011,0.000603,74.125.200.0-255,135,66180,7,362460
41012,0.000621,74.125.200.0-255,345,66525,7,362460
41013,0.000789,74.125.200.0-255,1484,68009,7,362460
41014,0.000793,172.31.36.0-255,66,68075,7,362460
41015,0.000798,74.125.200.0-255,2902,70977,7,362460
41016,0.0008,172.31.36.0-255,66,71043,7,362460
41017,0.000833,74.125.200.0-255,2902,73945,7,362460
41018,0.000836,172.31.36.0-255,66,74011,7,362460
41019,0.000851,74.125.200.0-255,2902,76913,7,362460
41020,0.000854,172.31.36.0-255,66,76979,7,362460
41021,0.000859,74.125.200.0-255,4320,81299,7,362460
41022,0.000862,172.31.36.0-255,66,81365,7,362460
41023,0.000881,74.125.200.0-255,2902,84267,7,362460
41024,0.000883,172.31.36.0-255,66,84333,7,362460
41025,0.000888,74.125.200.0-255,2902,87235,7,362460
41026,0.00089,172.31.36.0-255,66,87301,7,362460
41027,0.000918,172.31.36.0-255,66,87367,7,362460
41028,0.000958,74.125.200.0-255,5020,92387,7,362460
41029,0.000961,172.31.36.0-255,66,92453,7,362460
41030,0.001386,74.125.200.0-255,1484,93937,7,362460
41031,0.001397,74.125.200.0-255,2902,96839,7,362460
41032,0.001401,172.31.36.0-255,66,96905,7,362460
41033,0.001405,74.125.200.0-255,1484,98389,7,362460
41034,0.001427,74.125.200.0-255,4320,102709,7,362460
41035,0.001429,172.31.36.0-255,66,102775,7,362460
41036,0.001434,74.125.200.0-255,2902,105677,7,362460
41037,0.001435,172.31.36.0-255,66,105743,7,362460
41038,0.001456,74.125.200.0-255,4320,110063,7,362460
41039,0.001458,172.31.36.0-255,66,110129,7,362460
41040,0.001468,172.31.36.0-255,66,110195,7,362460
41041,0.001486,74.125.200.0-255,2902,113097,7,362460
41042,0.001488,172.31.36.0-255,66,113163,7,362460
41043,0.001504,74.125.200.0-255,5020,118183,7,362460
41044,0.001506,172.31.36.0-255,66,118249,7,362460
41045,0.001569,74.125.200.0-255,1484,119733,7,362460
41046,0.001582,74.125.200.0-255,1484,121217,7,362460
41047,0.001585,172.31.36.0-255,66,121283,7,362460
41048,0.001589,74.125.200.0-255,1484,122767,7,362460
41049,0.0016,74.125.200.0-255,1484,124251,7,362460
41050,0.001602,172.31.36.0-255,66,124317,7,362460
41051,0.001622,74.125.200.0-255,2902,127219,7,362460
41052,0.001626,172.31.36.0-255,66,127285,7,362460
41053,0.001653,74.125.200.0-255,2902,130187,7,362460
41054,0.001656,172.31.36.0-255,66,130253,7,362460
41055,0.001661,74.125.200.0-255,2902,133155,7,362460
41056,0.001665,172.31.36.0-255,66,133221,7,362460
41057,0.001665,74.125.200.0-255,4320,137541,7,362460
41058,0.001669,172.31.36.0-255,66,137607,7,362460
41059,0.001675,172.31.36.0-255,66,137673,7,362460
41060,0.00168,74.125.200.0-255,2902,140575,7,362460
41061,0.001681,172.31.36.0-255,66,140641,7,362460
41062,0.001698,74.125.200.0-255,3602,144243,7,362460
41063,0.001701,172.31.36.0-255,66,144309,7,362460
41064,0.001733,74.125.200.0-255,7156,151465,7,362460
41065,0.001736,172.31.36.0-255,66,151531,7,362460
41066,0.001741,74.125.200.0-255,2902,154433,7,362460
41067,0.001743,172.31.36.0-255,66,154499,7,362460
41068,0.001764,74.125.200.0-255,2902,157401,7,362460
41069,0.001767,172.31.36.0-255,66,157467,7,362460
41070,0.001791,172.31.36.0-255,66,157533,7,362460
41071,0.001797,74.125.200.0-255,5738,163271,7,362460
41072,0.001799,172.31.36.0-255,66,163337,7,362460
41073,0.001822,74.125.200.0-255,5738,169075,7,362460
41074,0.001824,74.125.200.0-255,766,169841,7,362460
41075,0.001827,172.31.36.0-255,66,169907,7,362460
41076,0.00191,74.125.200.0-255,1484,171391,7,362460
41077,0.001914,172.31.36.0-255,66,171457,7,362460
41078,0.001918,74.125.200.0-255,1484,172941,7,362460
41079,0.001934,74.125.200.0-255,1484,174425,7,362460
41080,0.001938,172.31.36.0-255,66,174491,7,362460
41081,0.001942,74.125.200.0-255,2902,177393,7,362460
41082,0.001944,172.31.36.0-255,66,177459,7,362460
41083,0.00195,74.125.200.0-255,4320,181779,7,362460
41084,0.001952,172.31.36.0-255,66,181845,7,362460
41085,0.001968,74.125.200.0-255,4320,186165,7,362460
41086,0.001971,172.31.36.0-255,66,186231,7,362460
41087,0.001987,74.125.200.0-255,4320,190551,7,362460
41088,0.001989,172.31.36.0-255,66,190617,7,362460
41089,0.001997,74.125.200.0-255,7156,197773,7,362460
41090,0.002,172.31.36.0-255,66,197839,7,362460
41091,0.002037,74.125.200.0-255,2902,200741,7,362460
41092,0.002041,172.31.36.0-255,66,200807,7,362460
41093,0.002061,74.125.200.0-255,3602,204409,7,362460
41094,0.002064,172.31.36.0-255,66,204475,7,362460
41095,0.002098,74.125.200.0-255,1484,205959,7,362460
41096,0.002111,74.125.200.0-255,2902,208861,7,362460
41097,0.002114,172.31.36.0-255,66,208927,7,362460
41098,0.002132,74.125.200.0-255,1484,210411,7,362460
41099,0.00215,74.125.200.0-255,4320,214731,7,362460
41100,0.002153,172.31.36.0-255,66,214797,7,362460
41101,0.002161,74.125.200.0-255,1484,216281,7,362460
41102,0.00218,74.125.200.0-255,2902,219183,7,362460
41103,0.002184,172.31.36.0-255,66,219249,7,362460
41104,0.00219,74.125.200.0-255,4320,223569,7,362460
41105,0.002192,172.31.36.0-255,66,223635,7,362460
41106,0.002204,74.125.200.0-255,1484,225119,7,362460
41107,0.002228,74.125.200.0-255,4320,229439,7,362460
41108,0.002231,172.31.36.0-255,66,229505,7,362460
41109,0.002252,74.125.200.0-255,2902,232407,7,362460
41110,0.002255,172.31.36.0-255,66,232473,7,362460
41111,0.002259,74.125.200.0-255,2902,235375,7,362460
41112,0.002262,172.31.36.0-255,66,235441,7,362460
41113,0.002267,74.125.200.0-255,3602,239043,7,362460
41114,0.002269,172.31.36.0-255,66,239109,7,362460
41115,0.002576,172.31.36.0-255,101,239210,7,362460
41116,0.004584,74.125.200.0-255,2902,242112,7,362460
41117,0.004591,172.31.36.0-255,66,242178,7,362460
41118,0.004607,74.125.200.0-255,2902,245080,7,362460
41119,0.004609,172.31.36.0-255,66,245146,7,362460
41120,0.00485,74.125.200.0-255,66,245212,7,362460
41121,0.006895,74.125.200.0-255,2902,248114,7,362460
41122,0.0069,172.31.36.0-255,66,248180,7,362460
41123,0.006929,74.125.200.0-255,2902,251082,7,362460
41124,0.006931,172.31.36.0-255,66,251148,7,362460
41125,0.009206,74.125.200.0-255,2902,254050,7,362460
41126,0.009212,172.31.36.0-255,66,254116,7,362460
41127,0.009245,74.125.200.0-255,2902,257018,7,362460
41128,0.009248,172.31.36.0-255,66,257084,7,362460
41129,0.011529,74.125.200.0-255,2902,259986,7,362460
41130,0.011536,172.31.36.0-255,66,260052,7,362460
41131,0.011565,74.125.200.0-255,2902,262954,7,362460
41132,0.011568,172.31.36.0-255,66,263020,7,362460
41133,0.013849,74.125.200.0-255,2902,265922,7,362460
41134,0.013855,172.31.36.0-255,66,265988,7,362460
41135,0.013875,74.125.200.0-255,2902,268890,7,362460
41136,0.013877,172.31.36.0-255,66,268956,7,362460
41137,0.016179,74.125.200.0-255,2902,271858,7,362460
41138,0.016187,172.31.36.0-255,66,271924,7,362460
41139,0.01622,74.125.200.0-255,2902,274826,7,362460
41140,0.016223,172.31.36.0-255,66,274892,7,362460
41141,0.018514,74.125.200.0-255,2902,277794,7,362460
41142,0.018521,172.31.36.0-255,66,277860,7,362460
41143,0.018556,74.125.200.0-255,2902,280762,7,362460
41144,0.018559,172.31.36.0-255,66,280828,7,362460
41145,0.020842,74.125.200.0-255,2902,283730,7,362460
41146,0.020849,172.31.36.0-255,66,283796,7,362460
41147,0.020884,74.125.200.0-255,2902,286698,7,362460
41148,0.020888,172.31.36.0-255,66,286764,7,362460
41149,0.023188,74.125.200.0-255,2902,289666,7,362460
41150,0.023198,172.31.36.0-255,66,289732,7,362460
41151,0.023234,74.125.200.0-255,2902,292634,7,362460
41152,0.023237,172.31.36.0-255,66,292700,7,362460
41153,0.025521,74.125.200.0-255,2902,295602,7,362460
41154,0.025529,172.31.36.0-255,66,295668,7,362460
41155,0.025563,74.125.200.0-255,2902,298570,7,362460
41156,0.025567,172.31.36.0-255,66,298636,7,362460
41157,0.027853,74.125.200.0-255,2902,301538,7,362460
41158,0.027863,172.31.36.0-255,66,301604,7,362460
41159,0.027899,74.125.200.0-255,2902,304506,7,362460
41160,0.027902,172.31.36.0-255,66,304572,7,362460
41161,0.030179,74.125.200.0-255,2902,307474,7,362460
41162,0.030187,172.31.36.0-255,66,307540,7,362460
41163,0.030222,74.125.200.0-255,2902,310442,7,362460
41164,0.030226,172.31.36.0-255,66,310508,7,362460
41165,0.031972,172.31.36.0-255,172,310680,7,362460
41166,0.032002,172.31.36.0-255,1115,311795,7,362460
41167,0.032044,172.31.36.0-255,1514,313309,7,362460
41168,0.032045,172.31.36.0-255,1291,314600,7,362460
41169,0.0325,74.125.200.0-255,2902,317502,7,362460
41170,0.032506,172.31.36.0-255,66,317568,7,362460
41171,0.032541,74.125.200.0-255,2902,320470,7,362460
41172,0.032545,172.31.36.0-255,66,320536,7,362460
41173,0.033492,104.244.42.0-255,66,320602,7,362460
41174,0.033581,104.244.42.0-255,66,320668,7,362460
41175,0.033634,104.244.42.0-255,66,320734,7,362460
41176,0.034236,104.244.42.0-255,108,320842,7,362460
41177,0.034242,172.31.36.0-255,66,320908,7,362460
41178,0.034812,74.125.200.0-255,2902,323810,7,362460
41179,0.034816,172.31.36.0-255,66,323876,7,362460
41180,0.034867,74.125.200.0-255,2902,326778,7,362460
41181,0.034871,172.31.36.0-255,66,326844,7,362460
41182,0.037125,74.125.200.0-255,2902,329746,7,362460
41183,0.037131,172.31.36.0-255,66,329812,7,362460
41184,0.037178,74.125.200.0-255,2902,332714,7,362460
41185,0.037184,172.31.36.0-255,66,332780,7,362460
41186,0.039448,74.125.200.0-255,2902,335682,7,362460
41187,0.039469,172.31.36.0-255,66,335748,7,362460
41188,0.039502,74.125.200.0-255,2902,338650,7,362460
41189,0.039506,172.31.36.0-255,66,338716,7,362460
41190,0.041795,74.125.200.0-255,2902,341618,7,362460
41191,0.0418,172.31.36.0-255,66,341684,7,362460
41192,0.041832,74.125.200.0-255,2902,344586,7,362460
41193,0.041835,172.31.36.0-255,66,344652,7,362460
41194,0.044134,74.125.200.0-255,2902,347554,7,362460
41195,0.044139,172.31.36.0-255,66,347620,7,362460
41196,0.044169,74.125.200.0-255,2902,350522,7,362460
41197,0.044172,172.31.36.0-255,66,350588,7,362460
41198,0.046461,74.125.200.0-255,2902,353490,7,362460
41199,0.046466,172.31.36.0-255,66,353556,7,362460
41200,0.046495,74.125.200.0-255,2902,356458,7,362460
41201,0.046498,172.31.36.0-255,66,356524,7,362460
41202,0.048791,74.125.200.0-255,2902,359426,7,362460
41203,0.048796,172.31.36.0-255,66,359492,7,362460
41204,0.048824,74.125.200.0-255,2902,362394,7,362460
41205,0.048827,172.31.36.0-255,66,362460,7,362460
41206,0.0,74.125.24.0-255,226,226,7,146024
41207,2.3e-05,172.31.36.0-255,66,292,7,146024
41208,3.1e-05,74.125.24.0-255,1484,1776,7,146024
41209,3.5e-05,172.31.36.0-255,66,1842,7,146024
41210,6.9e-05,74.125.24.0-255,4320,6162,7,146024
41211,7.8e-05,172.31.36.0-255,66,6228,7,146024
41212,0.000241,172.31.36.0-255,66,6294,7,146024
41213,0.000584,74.125.24.0-255,2902,9196,7,146024
41214,0.000589,172.31.36.0-255,66,9262,7,146024
41215,0.000616,172.31.36.0-255,66,9328,7,146024
41216,0.0012,74.125.24.0-255,2543,11871,7,146024
41217,0.001203,172.31.36.0-255,66,11937,7,146024
41218,0.002841,74.125.24.0-255,2902,14839,7,146024
41219,0.002846,172.31.36.0-255,66,14905,7,146024
41220,0.003439,74.125.24.0-255,2902,17807,7,146024
41221,0.003446,172.31.36.0-255,66,17873,7,146024
41222,0.005072,74.125.24.0-255,2902,20775,7,146024
41223,0.00508,172.31.36.0-255,66,20841,7,146024
41224,0.005681,74.125.24.0-255,2902,23743,7,146024
41225,0.005684,172.31.36.0-255,66,23809,7,146024
41226,0.007311,74.125.24.0-255,2902,26711,7,146024
41227,0.007318,172.31.36.0-255,66,26777,7,146024
41228,0.007938,74.125.24.0-255,2902,29679,7,146024
41229,0.007944,172.31.36.0-255,66,29745,7,146024
41230,0.009577,74.125.24.0-255,2902,32647,7,146024
41231,0.009581,172.31.36.0-255,66,32713,7,146024
41232,0.010212,74.125.24.0-255,2902,35615,7,146024
41233,0.010218,172.31.36.0-255,66,35681,7,146024
41234,0.011838,74.125.24.0-255,2902,38583,7,146024
41235,0.011844,172.31.36.0-255,66,38649,7,146024
41236,0.012458,74.125.24.0-255,2902,41551,7,146024
41237,0.012465,172.31.36.0-255,66,41617,7,146024
41238,0.014076,74.125.24.0-255,2902,44519,7,146024
41239,0.014083,172.31.36.0-255,66,44585,7,146024
41240,0.014778,74.125.24.0-255,2902,47487,7,146024
41241,0.014784,172.31.36.0-255,66,47553,7,146024
41242,0.016349,74.125.24.0-255,2902,50455,7,146024
41243,0.016358,172.31.36.0-255,66,50521,7,146024
41244,0.017029,74.125.24.0-255,2902,53423,7,146024
41245,0.017036,172.31.36.0-255,66,53489,7,146024
41246,0.018596,74.125.24.0-255,2902,56391,7,146024
41247,0.018603,172.31.36.0-255,66,56457,7,146024
41248,0.019288,74.125.24.0-255,2902,59359,7,146024
41249,0.019295,172.31.36.0-255,66,59425,7,146024
41250,0.020857,74.125.24.0-255,2902,62327,7,146024
41251,0.020864,172.31.36.0-255,66,62393,7,146024
41252,0.02153,74.125.24.0-255,2902,65295,7,146024
41253,0.021543,172.31.36.0-255,66,65361,7,146024
41254,0.023119,74.125.24.0-255,2902,68263,7,146024
41255,0.023125,172.31.36.0-255,66,68329,7,146024
41256,0.023766,74.125.24.0-255,2902,71231,7,146024
41257,0.023772,172.31.36.0-255,66,71297,7,146024
41258,0.025402,74.125.24.0-255,2902,74199,7,146024
41259,0.025409,172.31.36.0-255,66,74265,7,146024
41260,0.026036,74.125.24.0-255,2902,77167,7,146024
41261,0.026043,172.31.36.0-255,66,77233,7,146024
41262,0.027654,74.125.24.0-255,2902,80135,7,146024
41263,0.027661,172.31.36.0-255,66,80201,7,146024
41264,0.028292,74.125.24.0-255,2902,83103,7,146024
41265,0.028299,172.31.36.0-255,66,83169,7,146024
41266,0.029918,74.125.24.0-255,2902,86071,7,146024
41267,0.029924,172.31.36.0-255,66,86137,7,146024
41268,0.030536,74.125.24.0-255,2902,89039,7,146024
41269,0.030542,172.31.36.0-255,66,89105,7,146024
41270,0.032164,74.125.24.0-255,2902,92007,7,146024
41271,0.032172,172.31.36.0-255,66,92073,7,146024
41272,0.032784,74.125.24.0-255,2902,94975,7,146024
41273,0.03279,172.31.36.0-255,66,95041,7,146024
41274,0.034407,74.125.24.0-255,2902,97943,7,146024
41275,0.034418,172.31.36.0-255,66,98009,7,146024
41276,0.03502,74.125.24.0-255,2902,100911,7,146024
41277,0.035027,172.31.36.0-255,66,100977,7,146024
41278,0.035251,172.31.36.0-255,172,101149,7,146024
41279,0.035282,172.31.36.0-255,1113,102262,7,146024
41280,0.035349,172.31.36.0-255,1514,103776,7,146024
41281,0.035351,172.31.36.0-255,1514,105290,7,146024
41282,0.035352,172.31.36.0-255,1514,106804,7,146024
41283,0.035353,172.31.36.0-255,1514,108318,7,146024
41284,0.035382,172.31.36.0-255,1514,109832,7,146024
41285,0.035387,172.31.36.0-255,72,109904,7,146024
41286,0.036675,74.125.24.0-255,2902,112806,7,146024
41287,0.036682,172.31.36.0-255,66,112872,7,146024
41288,0.036793,104.244.42.0-255,66,112938,7,146024
41289,0.03685,104.244.42.0-255,66,113004,7,146024
41290,0.036895,104.244.42.0-255,66,113070,7,146024
41291,0.036962,104.244.42.0-255,66,113136,7,146024
41292,0.036967,104.244.42.0-255,66,113202,7,146024
41293,0.037264,74.125.24.0-255,2902,116104,7,146024
41294,0.03727,172.31.36.0-255,66,116170,7,146024
41295,0.038527,104.244.42.0-255,108,116278,7,146024
41296,0.038538,172.31.36.0-255,66,116344,7,146024
41297,0.03893,74.125.24.0-255,2902,119246,7,146024
41298,0.038936,172.31.36.0-255,66,119312,7,146024
41299,0.039528,74.125.24.0-255,2902,122214,7,146024
41300,0.039535,172.31.36.0-255,66,122280,7,146024
41301,0.041202,74.125.24.0-255,2902,125182,7,146024
41302,0.041209,172.31.36.0-255,66,125248,7,146024
41303,0.041774,74.125.24.0-255,2902,128150,7,146024
41304,0.041781,172.31.36.0-255,66,128216,7,146024
41305,0.043488,74.125.24.0-255,2902,131118,7,146024
41306,0.0435,172.31.36.0-255,66,131184,7,146024
41307,0.044055,74.125.24.0-255,2902,134086,7,146024
41308,0.044061,172.31.36.0-255,66,134152,7,146024
41309,0.045731,74.125.24.0-255,2902,137054,7,146024
41310,0.045739,172.31.36.0-255,66,137120,7,146024
41311,0.046297,74.125.24.0-255,2902,140022,7,146024
41312,0.046303,172.31.36.0-255,66,140088,7,146024
41313,0.047983,74.125.24.0-255,2902,142990,7,146024
41314,0.047989,172.31.36.0-255,66,143056,7,146024
41315,0.048543,74.125.24.0-255,2902,145958,7,146024
41316,0.048549,172.31.36.0-255,66,146024,7,146024
41317,0.0,74.125.130.0-255,155,155,7,281646
41318,3.7e-05,172.31.36.0-255,66,221,7,281646
41319,4.4e-05,74.125.130.0-255,1484,1705,7,281646
41320,4.8e-05,172.31.36.0-255,66,1771,7,281646
41321,5.3e-05,74.125.130.0-255,2902,4673,7,281646
41322,5.6e-05,172.31.36.0-255,66,4739,7,281646
41323,5.9e-05,74.125.130.0-255,1484,6223,7,281646
41324,6.2e-05,172.31.36.0-255,66,6289,7,281646
41325,9.2e-05,74.125.130.0-255,5738,12027,7,281646
41326,9.5e-05,172.31.36.0-255,66,12093,7,281646
41327,0.0001,74.125.130.0-255,2003,14096,7,281646
41328,0.000101,172.31.36.0-255,66,14162,7,281646
41329,0.000106,74.125.130.0-255,2902,17064,7,281646
41330,0.000108,172.31.36.0-255,66,17130,7,281646
41331,0.000114,74.125.130.0-255,4320,21450,7,281646
41332,0.000116,172.31.36.0-255,66,21516,7,281646
41333,0.000154,74.125.130.0-255,2902,24418,7,281646
41334,0.000157,172.31.36.0-255,66,24484,7,281646
41335,0.000162,74.125.130.0-255,2902,27386,7,281646
41336,0.000165,172.31.36.0-255,66,27452,7,281646
41337,0.000171,74.125.130.0-255,3961,31413,7,281646
41338,0.000174,172.31.36.0-255,66,31479,7,281646
41339,0.000235,74.125.130.0-255,1484,32963,7,281646
41340,0.000238,172.31.36.0-255,66,33029,7,281646
41341,0.00027,74.125.130.0-255,2902,35931,7,281646
41342,0.000274,172.31.36.0-255,66,35997,7,281646
41343,0.000281,74.125.130.0-255,5738,41735,7,281646
41344,0.000283,172.31.36.0-255,66,41801,7,281646
41345,0.000292,74.125.130.0-255,1484,43285,7,281646
41346,0.000294,172.31.36.0-255,66,43351,7,281646
41347,0.000329,74.125.130.0-255,1484,44835,7,281646
41348,0.000333,172.31.36.0-255,66,44901,7,281646
41349,0.000362,74.125.130.0-255,3961,48862,7,281646
41350,0.000366,172.31.36.0-255,66,48928,7,281646
41351,0.000867,74.125.130.0-255,1484,50412,7,281646
41352,0.000879,74.125.130.0-255,2902,53314,7,281646
41353,0.000883,172.31.36.0-255,66,53380,7,281646
41354,0.000914,74.125.130.0-255,4320,57700,7,281646
41355,0.000918,172.31.36.0-255,66,57766,7,281646
41356,0.000948,74.125.130.0-255,7156,64922,7,281646
41357,0.000951,172.31.36.0-255,66,64988,7,281646
41358,0.000986,74.125.130.0-255,2543,67531,7,281646
41359,0.00099,172.31.36.0-255,66,67597,7,281646
41360,0.00101,172.31.36.0-255,66,67663,7,281646
41361,0.001017,74.125.130.0-255,7156,74819,7,281646
41362,0.001019,172.31.36.0-255,66,74885,7,281646
41363,0.001029,172.31.36.0-255,66,74951,7,281646
41364,0.001034,74.125.130.0-255,4320,79271,7,281646
41365,0.001036,172.31.36.0-255,66,79337,7,281646
41366,0.001082,74.125.130.0-255,2184,81521,7,281646
41367,0.001085,172.31.36.0-255,66,81587,7,281646
41368,0.001119,74.125.130.0-255,646,82233,7,281646
41369,0.001334,74.125.130.0-255,1484,83717,7,281646
41370,0.00134,172.31.36.0-255,66,83783,7,281646
41371,0.001346,74.125.130.0-255,2902,86685,7,281646
41372,0.001348,172.31.36.0-255,66,86751,7,281646
41373,0.001384,74.125.130.0-255,5738,92489,7,281646
41374,0.001388,172.31.36.0-255,66,92555,7,281646
41375,0.001392,74.125.130.0-255,4320,96875,7,281646
41376,0.001394,172.31.36.0-255,66,96941,7,281646
41377,0.001422,74.125.130.0-255,2902,99843,7,281646
41378,0.001424,172.31.36.0-255,66,99909,7,281646
41379,0.001433,172.31.36.0-255,66,99975,7,281646
41380,0.001437,74.125.130.0-255,2902,102877,7,281646
41381,0.001441,172.31.36.0-255,66,102943,7,281646
41382,0.001462,74.125.130.0-255,5020,107963,7,281646
41383,0.001464,172.31.36.0-255,66,108029,7,281646
41384,0.001778,74.125.130.0-255,1484,109513,7,281646
41385,0.001792,74.125.130.0-255,1484,110997,7,281646
41386,0.001794,172.31.36.0-255,66,111063,7,281646
41387,0.001799,74.125.130.0-255,2902,113965,7,281646
41388,0.001801,172.31.36.0-255,66,114031,7,281646
41389,0.001826,74.125.130.0-255,5738,119769,7,281646
41390,0.001832,172.31.36.0-255,66,119835,7,281646
41391,0.001846,74.125.130.0-255,2902,122737,7,281646
41392,0.001847,172.31.36.0-255,66,122803,7,281646
41393,0.001869,74.125.130.0-255,5738,128541,7,281646
41394,0.001872,172.31.36.0-255,66,128607,7,281646
41395,0.001912,74.125.130.0-255,7156,135763,7,281646
41396,0.001915,172.31.36.0-255,66,135829,7,281646
41397,0.001938,74.125.130.0-255,2902,138731,7,281646
41398,0.001941,172.31.36.0-255,66,138797,7,281646
41399,0.001945,74.125.130.0-255,3602,142399,7,281646
41400,0.001947,172.31.36.0-255,66,142465,7,281646
41401,0.002092,74.125.130.0-255,1484,143949,7,281646
41402,0.002098,74.125.130.0-255,2902,146851,7,281646
41403,0.002101,172.31.36.0-255,66,146917,7,281646
41404,0.002126,74.125.130.0-255,5738,152655,7,281646
41405,0.002129,172.31.36.0-255,66,152721,7,281646
41406,0.002169,172.31.36.0-255,66,152787,7,281646
41407,0.00219,74.125.130.0-255,1484,154271,7,281646
41408,0.002208,74.125.130.0-255,2902,157173,7,281646
41409,0.00221,172.31.36.0-255,66,157239,7,281646
41410,0.002242,172.31.36.0-255,66,157305,7,281646
41411,0.004504,74.125.130.0-255,5738,163043,7,281646
41412,0.004508,172.31.36.0-255,66,163109,7,281646
41413,0.006815,74.125.130.0-255,5738,168847,7,281646
41414,0.006821,172.31.36.0-255,66,168913,7,281646
41415,0.009103,74.125.130.0-255,5738,174651,7,281646
41416,0.009111,172.31.36.0-255,66,174717,7,281646
41417,0.011411,74.125.130.0-255,5738,180455,7,281646
41418,0.01142,172.31.36.0-255,66,180521,7,281646
41419,0.013703,74.125.130.0-255,5738,186259,7,281646
41420,0.013715,172.31.36.0-255,66,186325,7,281646
41421,0.01601,74.125.130.0-255,5738,192063,7,281646
41422,0.016025,172.31.36.0-255,66,192129,7,281646
41423,0.018328,74.125.130.0-255,5738,197867,7,281646
41424,0.01834,172.31.36.0-255,66,197933,7,281646
41425,0.02063,74.125.130.0-255,5738,203671,7,281646
41426,0.020639,172.31.36.0-255,66,203737,7,281646
41427,0.02294,74.125.130.0-255,5738,209475,7,281646
41428,0.022947,172.31.36.0-255,66,209541,7,281646
41429,0.025228,74.125.130.0-255,5738,215279,7,281646
41430,0.025235,172.31.36.0-255,66,215345,7,281646
41431,0.027524,74.125.130.0-255,5738,221083,7,281646
41432,0.027531,172.31.36.0-255,66,221149,7,281646
41433,0.029828,74.125.130.0-255,5738,226887,7,281646
41434,0.029837,172.31.36.0-255,66,226953,7,281646
41435,0.032139,74.125.130.0-255,5738,232691,7,281646
41436,0.032151,172.31.36.0-255,66,232757,7,281646
41437,0.034439,74.125.130.0-255,5738,238495,7,281646
41438,0.034449,172.31.36.0-255,66,238561,7,281646
41439,0.036528,172.31.36.0-255,199,238760,7,281646
41440,0.036558,172.31.36.0-255,1113,239873,7,281646
41441,0.036606,172.31.36.0-255,1514,241387,7,281646
41442,0.036608,172.31.36.0-255,1514,242901,7,281646
41443,0.036613,172.31.36.0-255,1514,244415,7,281646
41444,0.036615,172.31.36.0-255,1514,245929,7,281646
41445,0.036639,172.31.36.0-255,1514,247443,7,281646
41446,0.03664,172.31.36.0-255,71,247514,7,281646
41447,0.036723,74.125.130.0-255,5738,253252,7,281646
41448,0.036729,172.31.36.0-255,66,253318,7,281646
41449,0.038049,104.244.42.0-255,66,253384,7,281646
41450,0.038109,104.244.42.0-255,66,253450,7,281646
41451,0.03816,104.244.42.0-255,66,253516,7,281646
41452,0.03828,104.244.42.0-255,66,253582,7,281646
41453,0.039018,74.125.130.0-255,5738,259320,7,281646
41454,0.039025,172.31.36.0-255,66,259386,7,281646
41455,0.041319,74.125.130.0-255,4320,263706,7,281646
41456,0.041325,172.31.36.0-255,66,263772,7,281646
41457,0.041356,74.125.130.0-255,1484,265256,7,281646
41458,0.043599,74.125.130.0-255,1484,266740,7,281646
41459,0.043605,172.31.36.0-255,66,266806,7,281646
41460,0.043643,74.125.130.0-255,2902,269708,7,281646
41461,0.043647,172.31.36.0-255,66,269774,7,281646
41462,0.0459,74.125.130.0-255,2902,272676,7,281646
41463,0.045907,172.31.36.0-255,66,272742,7,281646
41464,0.045939,74.125.130.0-255,2902,275644,7,281646
41465,0.045943,172.31.36.0-255,66,275710,7,281646
41466,0.048183,74.125.130.0-255,2902,278612,7,281646
41467,0.04819,172.31.36.0-255,66,278678,7,281646
41468,0.048218,74.125.130.0-255,2902,281580,7,281646
41469,0.048221,172.31.36.0-255,66,281646,7,281646
41470,0.0,216.58.203.0-255,152,152,7,302645
41471,3.2e-05,172.31.36.0-255,66,218,7,302645
41472,3.9e-05,216.58.203.0-255,1484,1702,7,302645
41473,4.3e-05,172.31.36.0-255,66,1768,7,302645
41474,4.7e-05,216.58.203.0-255,2902,4670,7,302645
41475,5.9e-05,172.31.36.0-255,66,4736,7,302645
41476,6.5e-05,216.58.203.0-255,5738,10474,7,302645
41477,6.9e-05,172.31.36.0-255,66,10540,7,302645
41478,7.6e-05,216.58.203.0-255,7156,17696,7,302645
41479,7.9e-05,172.31.36.0-255,66,17762,7,302645
41480,0.000112,216.58.203.0-255,6293,24055,7,302645
41481,0.000117,172.31.36.0-255,66,24121,7,302645
41482,0.000124,216.58.203.0-255,6797,30918,7,302645
41483,0.000126,172.31.36.0-255,66,30984,7,302645
41484,0.000275,216.58.203.0-255,1484,32468,7,302645
41485,0.00028,172.31.36.0-255,66,32534,7,302645
41486,0.000283,216.58.203.0-255,1484,34018,7,302645
41487,0.000285,172.31.36.0-255,66,34084,7,302645
41488,0.000291,216.58.203.0-255,2902,36986,7,302645
41489,0.000299,172.31.36.0-255,66,37052,7,302645
41490,0.000306,216.58.203.0-255,5738,42790,7,302645
41491,0.00031,172.31.36.0-255,66,42856,7,302645
41492,0.000353,216.58.203.0-255,5379,48235,7,302645
41493,0.000357,172.31.36.0-255,66,48301,7,302645
41494,0.000655,216.58.203.0-255,1484,49785,7,302645
41495,0.000659,172.31.36.0-255,66,49851,7,302645
41496,0.000665,216.58.203.0-255,2902,52753,7,302645
41497,0.000668,172.31.36.0-255,66,52819,7,302645
41498,0.000681,216.58.203.0-255,5738,58557,7,302645
41499,0.000684,172.31.36.0-255,66,58623,7,302645
41500,0.000688,216.58.203.0-255,2902,61525,7,302645
41501,0.000691,172.31.36.0-255,66,61591,7,302645
41502,0.000721,216.58.203.0-255,3961,65552,7,302645
41503,0.000725,172.31.36.0-255,66,65618,7,302645
41504,0.00075,216.58.203.0-255,357,65975,7,302645
41505,0.000845,172.31.36.0-255,66,66041,7,302645
41506,0.00089,216.58.203.0-255,1484,67525,7,302645
41507,0.000894,216.58.203.0-255,1484,69009,7,302645
41508,0.000898,172.31.36.0-255,66,69075,7,302645
41509,0.000904,216.58.203.0-255,2902,71977,7,302645
41510,0.000906,172.31.36.0-255,66,72043,7,302645
41511,0.000917,216.58.203.0-255,5738,77781,7,302645
41512,0.000919,172.31.36.0-255,66,77847,7,302645
41513,0.000954,216.58.203.0-255,5379,83226,7,302645
41514,0.000957,172.31.36.0-255,66,83292,7,302645
41515,0.001051,216.58.203.0-255,1484,84776,7,302645
41516,0.001055,216.58.203.0-255,1484,86260,7,302645
41517,0.001058,172.31.36.0-255,66,86326,7,302645
41518,0.00108,216.58.203.0-255,1484,87810,7,302645
41519,0.001086,216.58.203.0-255,5738,93548,7,302645
41520,0.001088,172.31.36.0-255,66,93614,7,302645
41521,0.001114,172.31.36.0-255,66,93680,7,302645
41522,0.001124,172.31.36.0-255,66,93746,7,302645
41523,0.001156,216.58.203.0-255,6682,100428,7,302645
41524,0.001159,172.31.36.0-255,66,100494,7,302645
41525,0.001518,216.58.203.0-255,1484,101978,7,302645
41526,0.001529,216.58.203.0-255,2902,104880,7,302645
41527,0.001532,172.31.36.0-255,66,104946,7,302645
41528,0.001569,216.58.203.0-255,5738,110684,7,302645
41529,0.001572,172.31.36.0-255,66,110750,7,302645
41530,0.001589,172.31.36.0-255,66,110816,7,302645
41531,0.001618,216.58.203.0-255,1484,112300,7,302645
41532,0.001636,216.58.203.0-255,2902,115202,7,302645
41533,0.001639,172.31.36.0-255,66,115268,7,302645
41534,0.001646,216.58.203.0-255,5738,121006,7,302645
41535,0.001648,172.31.36.0-255,66,121072,7,302645
41536,0.001652,216.58.203.0-255,2902,123974,7,302645
41537,0.00166,172.31.36.0-255,66,124040,7,302645
41538,0.001689,216.58.203.0-255,1484,125524,7,302645
41539,0.001696,216.58.203.0-255,5738,131262,7,302645
41540,0.001699,172.31.36.0-255,66,131328,7,302645
41541,0.00171,172.31.36.0-255,66,131394,7,302645
41542,0.001714,216.58.203.0-255,2184,133578,7,302645
41543,0.001715,172.31.36.0-255,66,133644,7,302645
41544,0.003379,216.58.203.0-255,4320,137964,7,302645
41545,0.003385,172.31.36.0-255,66,138030,7,302645
41546,0.003408,216.58.203.0-255,1484,139514,7,302645
41547,0.005053,216.58.203.0-255,4320,143834,7,302645
41548,0.005059,172.31.36.0-255,66,143900,7,302645
41549,0.006733,216.58.203.0-255,5738,149638,7,302645
41550,0.006739,172.31.36.0-255,66,149704,7,302645
41551,0.00842,216.58.203.0-255,5738,155442,7,302645
41552,0.008427,172.31.36.0-255,66,155508,7,302645
41553,0.010104,216.58.203.0-255,5738,161246,7,302645
41554,0.010112,172.31.36.0-255,66,161312,7,302645
41555,0.011787,216.58.203.0-255,5738,167050,7,302645
41556,0.011795,172.31.36.0-255,66,167116,7,302645
41557,0.013476,216.58.203.0-255,5738,172854,7,302645
41558,0.013486,172.31.36.0-255,66,172920,7,302645
41559,0.015155,216.58.203.0-255,5738,178658,7,302645
41560,0.01516,172.31.36.0-255,66,178724,7,302645
41561,0.01683,216.58.203.0-255,5738,184462,7,302645
41562,0.016836,172.31.36.0-255,66,184528,7,302645
41563,0.018551,216.58.203.0-255,5738,190266,7,302645
41564,0.01856,172.31.36.0-255,66,190332,7,302645
41565,0.020233,216.58.203.0-255,5738,196070,7,302645
41566,0.02024,172.31.36.0-255,66,196136,7,302645
41567,0.021909,216.58.203.0-255,5738,201874,7,302645
41568,0.021915,172.31.36.0-255,66,201940,7,302645
41569,0.023603,216.58.203.0-255,5738,207678,7,302645
41570,0.02361,172.31.36.0-255,66,207744,7,302645
41571,0.025289,216.58.203.0-255,5738,213482,7,302645
41572,0.025296,172.31.36.0-255,66,213548,7,302645
41573,0.026993,216.58.203.0-255,5738,219286,7,302645
41574,0.027,172.31.36.0-255,66,219352,7,302645
41575,0.028678,216.58.203.0-255,5738,225090,7,302645
41576,0.028684,172.31.36.0-255,66,225156,7,302645
41577,0.030362,216.58.203.0-255,5738,230894,7,302645
41578,0.03037,172.31.36.0-255,66,230960,7,302645
41579,0.031951,172.31.36.0-255,172,231132,7,302645
41580,0.031981,172.31.36.0-255,1113,232245,7,302645
41581,0.032038,172.31.36.0-255,1514,233759,7,302645
41582,0.03204,172.31.36.0-255,1514,235273,7,302645
41583,0.032041,216.58.203.0-255,5738,241011,7,302645
41584,0.032041,172.31.36.0-255,1514,242525,7,302645
41585,0.032046,172.31.36.0-255,1514,244039,7,302645
41586,0.032047,172.31.36.0-255,1514,245553,7,302645
41587,0.032048,172.31.36.0-255,74,245627,7,302645
41588,0.03205,172.31.36.0-255,66,245693,7,302645
41589,0.033482,104.244.42.0-255,66,245759,7,302645
41590,0.033491,104.244.42.0-255,66,245825,7,302645
41591,0.033579,104.244.42.0-255,66,245891,7,302645
41592,0.033586,104.244.42.0-255,66,245957,7,302645
41593,0.03372,216.58.203.0-255,4320,250277,7,302645
41594,0.033726,172.31.36.0-255,66,250343,7,302645
41595,0.033761,216.58.203.0-255,1484,251827,7,302645
41596,0.035399,216.58.203.0-255,4320,256147,7,302645
41597,0.035405,172.31.36.0-255,66,256213,7,302645
41598,0.037074,216.58.203.0-255,5738,261951,7,302645
41599,0.03708,172.31.36.0-255,66,262017,7,302645
41600,0.038745,216.58.203.0-255,5738,267755,7,302645
41601,0.038751,172.31.36.0-255,66,267821,7,302645
41602,0.040412,216.58.203.0-255,5738,273559,7,302645
41603,0.040418,172.31.36.0-255,66,273625,7,302645
41604,0.042091,216.58.203.0-255,5738,279363,7,302645
41605,0.042096,172.31.36.0-255,66,279429,7,302645
41606,0.043766,216.58.203.0-255,5738,285167,7,302645
41607,0.043772,172.31.36.0-255,66,285233,7,302645
41608,0.045445,216.58.203.0-255,5738,290971,7,302645
41609,0.04545,172.31.36.0-255,66,291037,7,302645
41610,0.047128,216.58.203.0-255,5738,296775,7,302645
41611,0.047133,172.31.36.0-255,66,296841,7,302645
41612,0.048807,216.58.203.0-255,5738,302579,7,302645
41613,0.048812,172.31.36.0-255,66,302645,7,302645
41614,0.0,74.125.68.0-255,152,152,7,178632
41615,9.5e-05,172.31.36.0-255,66,218,7,178632
41616,0.000102,74.125.68.0-255,1484,1702,7,178632
41617,0.000107,172.31.36.0-255,66,1768,7,178632
41618,0.000111,74.125.68.0-255,2902,4670,7,178632
41619,0.000114,172.31.36.0-255,66,4736,7,178632
41620,0.000117,74.125.68.0-255,1484,6220,7,178632
41621,0.000119,172.31.36.0-255,66,6286,7,178632
41622,0.000126,74.125.68.0-255,5738,12024,7,178632
41623,0.000128,172.31.36.0-255,66,12090,7,178632
41624,0.000269,74.125.68.0-255,2048,14138,7,178632
41625,0.000274,172.31.36.0-255,66,14204,7,178632
41626,0.000421,74.125.68.0-255,1484,15688,7,178632
41627,0.000425,172.31.36.0-255,66,15754,7,178632
41628,0.00046,74.125.68.0-255,2902,18656,7,178632
41629,0.000464,172.31.36.0-255,66,18722,7,178632
41630,0.000493,74.125.68.0-255,4320,23042,7,178632
41631,0.000496,172.31.36.0-255,66,23108,7,178632
41632,0.000607,74.125.68.0-255,5738,28846,7,178632
41633,0.000611,172.31.36.0-255,66,28912,7,178632
41634,0.000632,74.125.68.0-255,3961,32873,7,178632
41635,0.000635,172.31.36.0-255,66,32939,7,178632
41636,0.000844,172.31.36.0-255,66,33005,7,178632
41637,0.000869,74.125.68.0-255,7156,40161,7,178632
41638,0.000874,172.31.36.0-255,66,40227,7,178632
41639,0.001221,74.125.68.0-255,4320,44547,7,178632
41640,0.001227,172.31.36.0-255,66,44613,7,178632
41641,0.001331,172.31.36.0-255,66,44679,7,178632
41642,0.001615,172.31.36.0-255,66,44745,7,178632
41643,0.00167,172.31.36.0-255,66,44811,7,178632
41644,0.002432,172.31.36.0-255,66,44877,7,178632
41645,0.002472,172.31.36.0-255,66,44943,7,178632
41646,0.003253,172.31.36.0-255,66,45009,7,178632
41647,0.003286,172.31.36.0-255,66,45075,7,178632
41648,0.005362,74.125.68.0-255,5738,50813,7,178632
41649,0.005366,172.31.36.0-255,66,50879,7,178632
41650,0.007456,74.125.68.0-255,5738,56617,7,178632
41651,0.007463,172.31.36.0-255,66,56683,7,178632
41652,0.00955,74.125.68.0-255,5738,62421,7,178632
41653,0.009557,172.31.36.0-255,66,62487,7,178632
41654,0.011643,74.125.68.0-255,5738,68225,7,178632
41655,0.011654,172.31.36.0-255,66,68291,7,178632
41656,0.013755,74.125.68.0-255,5738,74029,7,178632
41657,0.013762,172.31.36.0-255,66,74095,7,178632
41658,0.015882,74.125.68.0-255,5738,79833,7,178632
41659,0.015889,172.31.36.0-255,66,79899,7,178632
41660,0.017994,74.125.68.0-255,5738,85637,7,178632
41661,0.018001,172.31.36.0-255,66,85703,7,178632
41662,0.020094,74.125.68.0-255,5738,91441,7,178632
41663,0.020101,172.31.36.0-255,66,91507,7,178632
41664,0.022184,74.125.68.0-255,5738,97245,7,178632
41665,0.02219,172.31.36.0-255,66,97311,7,178632
41666,0.023315,172.31.36.0-255,167,97478,7,178632
41667,0.023351,172.31.36.0-255,1112,98590,7,178632
41668,0.023409,172.31.36.0-255,1514,100104,7,178632
41669,0.023411,172.31.36.0-255,1294,101398,7,178632
41670,0.024275,74.125.68.0-255,5738,107136,7,178632
41671,0.024279,172.31.36.0-255,66,107202,7,178632
41672,0.024846,104.244.42.0-255,66,107268,7,178632
41673,0.024903,104.244.42.0-255,66,107334,7,178632
41674,0.024947,104.244.42.0-255,66,107400,7,178632
41675,0.026358,74.125.68.0-255,2902,110302,7,178632
41676,0.026363,172.31.36.0-255,66,110368,7,178632
41677,0.026387,74.125.68.0-255,2902,113270,7,178632
41678,0.026403,172.31.36.0-255,66,113336,7,178632
41679,0.028442,74.125.68.0-255,2902,116238,7,178632
41680,0.028447,172.31.36.0-255,66,116304,7,178632
41681,0.028481,74.125.68.0-255,2902,119206,7,178632
41682,0.028494,172.31.36.0-255,66,119272,7,178632
41683,0.030521,74.125.68.0-255,2902,122174,7,178632
41684,0.030526,172.31.36.0-255,66,122240,7,178632
41685,0.030591,74.125.68.0-255,2902,125142,7,178632
41686,0.0306,172.31.36.0-255,66,125208,7,178632
41687,0.032603,74.125.68.0-255,2902,128110,7,178632
41688,0.032608,172.31.36.0-255,66,128176,7,178632
41689,0.032665,74.125.68.0-255,2902,131078,7,178632
41690,0.032692,172.31.36.0-255,66,131144,7,178632
41691,0.034688,74.125.68.0-255,2902,134046,7,178632
41692,0.034693,172.31.36.0-255,66,134112,7,178632
41693,0.034763,74.125.68.0-255,2902,137014,7,178632
41694,0.034773,172.31.36.0-255,66,137080,7,178632
41695,0.036769,74.125.68.0-255,2902,139982,7,178632
41696,0.036774,172.31.36.0-255,66,140048,7,178632
41697,0.036864,74.125.68.0-255,2902,142950,7,178632
41698,0.036868,172.31.36.0-255,66,143016,7,178632
41699,0.038846,74.125.68.0-255,2902,145918,7,178632
41700,0.03885,172.31.36.0-255,66,145984,7,178632
41701,0.038938,74.125.68.0-255,2902,148886,7,178632
41702,0.038942,172.31.36.0-255,66,148952,7,178632
41703,0.040919,74.125.68.0-255,2902,151854,7,178632
41704,0.040925,172.31.36.0-255,66,151920,7,178632
41705,0.041008,74.125.68.0-255,2902,154822,7,178632
41706,0.041013,172.31.36.0-255,66,154888,7,178632
41707,0.04301,74.125.68.0-255,2902,157790,7,178632
41708,0.043015,172.31.36.0-255,66,157856,7,178632
41709,0.043089,74.125.68.0-255,2902,160758,7,178632
41710,0.043093,172.31.36.0-255,66,160824,7,178632
41711,0.04508,74.125.68.0-255,2902,163726,7,178632
41712,0.045085,172.31.36.0-255,66,163792,7,178632
41713,0.045163,74.125.68.0-255,2902,166694,7,178632
41714,0.045167,172.31.36.0-255,66,166760,7,178632
41715,0.047164,74.125.68.0-255,2902,169662,7,178632
41716,0.047169,172.31.36.0-255,66,169728,7,178632
41717,0.047244,74.125.68.0-255,2902,172630,7,178632
41718,0.047251,172.31.36.0-255,66,172696,7,178632
41719,0.049251,74.125.68.0-255,2902,175598,7,178632
41720,0.049256,172.31.36.0-255,66,175664,7,178632
41721,0.049329,74.125.68.0-255,2902,178566,7,178632
41722,0.049335,172.31.36.0-255,66,178632,7,178632
41723,0.0,172.31.36.0-255,105,105,7,105
41724,0.0,74.125.68.0-255,152,152,7,248718
41725,2.5e-05,172.31.36.0-255,66,218,7,248718
41726,3.3e-05,74.125.68.0-255,1484,1702,7,248718
41727,3.8e-05,172.31.36.0-255,66,1768,7,248718
41728,4.4e-05,74.125.68.0-255,2902,4670,7,248718
41729,7.5e-05,172.31.36.0-255,66,4736,7,248718
41730,8.4e-05,74.125.68.0-255,7156,11892,7,248718
41731,8.8e-05,172.31.36.0-255,66,11958,7,248718
41732,9.2e-05,74.125.68.0-255,1484,13442,7,248718
41733,9.5e-05,172.31.36.0-255,66,13508,7,248718
41734,0.000101,74.125.68.0-255,2020,15528,7,248718
41735,0.000103,172.31.36.0-255,66,15594,7,248718
41736,0.000109,74.125.68.0-255,2902,18496,7,248718
41737,0.000113,172.31.36.0-255,66,18562,7,248718
41738,0.000141,74.125.68.0-255,2902,21464,7,248718
41739,0.000144,172.31.36.0-255,66,21530,7,248718
41740,0.00015,74.125.68.0-255,2902,24432,7,248718
41741,0.000152,172.31.36.0-255,66,24498,7,248718
41742,0.00016,74.125.68.0-255,4320,28818,7,248718
41743,0.000163,172.31.36.0-255,66,28884,7,248718
41744,0.000196,74.125.68.0-255,2543,31427,7,248718
41745,0.000199,172.31.36.0-255,66,31493,7,248718
41746,0.000533,74.125.68.0-255,1484,32977,7,248718
41747,0.000541,172.31.36.0-255,66,33043,7,248718
41748,0.000549,74.125.68.0-255,2902,35945,7,248718
41749,0.000552,172.31.36.0-255,66,36011,7,248718
41750,0.000564,74.125.68.0-255,5738,41749,7,248718
41751,0.000567,172.31.36.0-255,66,41815,7,248718
41752,0.000572,74.125.68.0-255,2902,44717,7,248718
41753,0.000574,172.31.36.0-255,66,44783,7,248718
41754,0.000609,74.125.68.0-255,3961,48744,7,248718
41755,0.000612,172.31.36.0-255,66,48810,7,248718
41756,0.000644,74.125.68.0-255,5738,54548,7,248718
41757,0.000647,172.31.36.0-255,66,54614,7,248718
41758,0.000653,74.125.68.0-255,2902,57516,7,248718
41759,0.000655,172.31.36.0-255,66,57582,7,248718
41760,0.000688,74.125.68.0-255,4320,61902,7,248718
41761,0.000691,172.31.36.0-255,66,61968,7,248718
41762,0.000696,74.125.68.0-255,4270,66238,7,248718
41763,0.000699,172.31.36.0-255,66,66304,7,248718
41764,0.000702,74.125.68.0-255,111,66415,7,248718
41765,0.000927,74.125.68.0-255,1484,67899,7,248718
41766,0.000932,172.31.36.0-255,66,67965,7,248718
41767,0.00094,74.125.68.0-255,2902,70867,7,248718
41768,0.000942,172.31.36.0-255,66,70933,7,248718
41769,0.000946,74.125.68.0-255,1484,72417,7,248718
41770,0.000977,74.125.68.0-255,4320,76737,7,248718
41771,0.00098,172.31.36.0-255,66,76803,7,248718
41772,0.000988,74.125.68.0-255,6797,83600,7,248718
41773,0.00099,172.31.36.0-255,66,83666,7,248718
41774,0.001043,74.125.68.0-255,5738,89404,7,248718
41775,0.001046,172.31.36.0-255,66,89470,7,248718
41776,0.001072,74.125.68.0-255,1484,90954,7,248718
41777,0.001084,172.31.36.0-255,66,91020,7,248718
41778,0.001148,74.125.68.0-255,1369,92389,7,248718
41779,0.001297,74.125.68.0-255,1484,93873,7,248718
41780,0.001303,172.31.36.0-255,66,93939,7,248718
41781,0.001333,74.125.68.0-255,2902,96841,7,248718
41782,0.001336,172.31.36.0-255,66,96907,7,248718
41783,0.001343,74.125.68.0-255,5738,102645,7,248718
41784,0.001345,172.31.36.0-255,66,102711,7,248718
41785,0.001356,74.125.68.0-255,4320,107031,7,248718
41786,0.001358,172.31.36.0-255,66,107097,7,248718
41787,0.001365,74.125.68.0-255,5738,112835,7,248718
41788,0.001368,172.31.36.0-255,66,112901,7,248718
41789,0.001391,74.125.68.0-255,4320,117221,7,248718
41790,0.001394,172.31.36.0-255,66,117287,7,248718
41791,0.001425,74.125.68.0-255,7156,124443,7,248718
41792,0.001428,172.31.36.0-255,66,124509,7,248718
41793,0.001447,74.125.68.0-255,2184,126693,7,248718
41794,0.00145,172.31.36.0-255,66,126759,7,248718
41795,0.003716,74.125.68.0-255,2902,129661,7,248718
41796,0.003724,172.31.36.0-255,66,129727,7,248718
41797,0.003758,74.125.68.0-255,2902,132629,7,248718
41798,0.00376,172.31.36.0-255,66,132695,7,248718
41799,0.006027,74.125.68.0-255,2902,135597,7,248718
41800,0.006031,172.31.36.0-255,66,135663,7,248718
41801,0.006055,74.125.68.0-255,2902,138565,7,248718
41802,0.006058,172.31.36.0-255,66,138631,7,248718
41803,0.008323,74.125.68.0-255,2902,141533,7,248718
41804,0.00833,172.31.36.0-255,66,141599,7,248718
41805,0.008357,74.125.68.0-255,2902,144501,7,248718
41806,0.00836,172.31.36.0-255,66,144567,7,248718
41807,0.010639,74.125.68.0-255,2902,147469,7,248718
41808,0.010647,172.31.36.0-255,66,147535,7,248718
41809,0.010675,74.125.68.0-255,2902,150437,7,248718
41810,0.010678,172.31.36.0-255,66,150503,7,248718
41811,0.012958,74.125.68.0-255,2902,153405,7,248718
41812,0.012966,172.31.36.0-255,66,153471,7,248718
41813,0.012996,74.125.68.0-255,2902,156373,7,248718
41814,0.012999,172.31.36.0-255,66,156439,7,248718
41815,0.015267,74.125.68.0-255,2902,159341,7,248718
41816,0.015274,172.31.36.0-255,66,159407,7,248718
41817,0.015313,74.125.68.0-255,2902,162309,7,248718
41818,0.015316,172.31.36.0-255,66,162375,7,248718
41819,0.017576,74.125.68.0-255,2902,165277,7,248718
41820,0.017587,172.31.36.0-255,66,165343,7,248718
41821,0.01762,74.125.68.0-255,2902,168245,7,248718
41822,0.017624,172.31.36.0-255,66,168311,7,248718
41823,0.019887,74.125.68.0-255,2902,171213,7,248718
41824,0.019896,172.31.36.0-255,66,171279,7,248718
41825,0.019928,74.125.68.0-255,2902,174181,7,248718
41826,0.019931,172.31.36.0-255,66,174247,7,248718
41827,0.022205,74.125.68.0-255,2902,177149,7,248718
41828,0.022213,172.31.36.0-255,66,177215,7,248718
41829,0.022247,74.125.68.0-255,2902,180117,7,248718
41830,0.02225,172.31.36.0-255,66,180183,7,248718
41831,0.024515,74.125.68.0-255,2902,183085,7,248718
41832,0.024522,172.31.36.0-255,66,183151,7,248718
41833,0.024552,74.125.68.0-255,2902,186053,7,248718
41834,0.024555,172.31.36.0-255,66,186119,7,248718
41835,0.026816,74.125.68.0-255,2902,189021,7,248718
41836,0.026824,172.31.36.0-255,66,189087,7,248718
41837,0.026851,74.125.68.0-255,2902,191989,7,248718
41838,0.026855,172.31.36.0-255,66,192055,7,248718
41839,0.029119,74.125.68.0-255,2902,194957,7,248718
41840,0.029128,172.31.36.0-255,66,195023,7,248718
41841,0.029161,74.125.68.0-255,2902,197925,7,248718
41842,0.029164,172.31.36.0-255,66,197991,7,248718
41843,0.031439,74.125.68.0-255,5738,203729,7,248718
41844,0.031446,172.31.36.0-255,66,203795,7,248718
41845,0.032648,172.31.36.0-255,176,203971,7,248718
41846,0.032678,172.31.36.0-255,1115,205086,7,248718
41847,0.032754,172.31.36.0-255,1514,206600,7,248718
41848,0.032756,172.31.36.0-255,1292,207892,7,248718
41849,0.033785,74.125.68.0-255,5738,213630,7,248718
41850,0.033792,172.31.36.0-255,66,213696,7,248718
41851,0.034215,104.244.42.0-255,66,213762,7,248718
41852,0.034259,104.244.42.0-255,66,213828,7,248718
41853,0.034306,104.244.42.0-255,66,213894,7,248718
41854,0.036093,74.125.68.0-255,5738,219632,7,248718
41855,0.0361,172.31.36.0-255,66,219698,7,248718
41856,0.038413,74.125.68.0-255,5738,225436,7,248718
41857,0.038421,172.31.36.0-255,66,225502,7,248718
41858,0.040719,74.125.68.0-255,5738,231240,7,248718
41859,0.040738,172.31.36.0-255,66,231306,7,248718
41860,0.043053,74.125.68.0-255,5738,237044,7,248718
41861,0.043065,172.31.36.0-255,66,237110,7,248718
41862,0.045367,74.125.68.0-255,5738,242848,7,248718
41863,0.045373,172.31.36.0-255,66,242914,7,248718
41864,0.047695,74.125.68.0-255,5738,248652,7,248718
41865,0.047701,172.31.36.0-255,66,248718,7,248718
41866,0.0,172.217.194.0-255,146,146,7,291607
41867,2.5e-05,172.31.36.0-255,66,212,7,291607
41868,3.3e-05,172.217.194.0-255,1484,1696,7,291607
41869,3.8e-05,172.31.36.0-255,66,1762,7,291607
41870,5.1e-05,172.217.194.0-255,2902,4664,7,291607
41871,5.4e-05,172.31.36.0-255,66,4730,7,291607
41872,6.2e-05,172.217.194.0-255,7156,11886,7,291607
41873,6.6e-05,172.31.36.0-255,66,11952,7,291607
41874,7e-05,172.217.194.0-255,2065,14017,7,291607
41875,7.2e-05,172.31.36.0-255,66,14083,7,291607
41876,0.000113,172.217.194.0-255,2902,16985,7,291607
41877,0.000122,172.31.36.0-255,66,17051,7,291607
41878,0.00013,172.217.194.0-255,7156,24207,7,291607
41879,0.000133,172.31.36.0-255,66,24273,7,291607
41880,0.00014,172.217.194.0-255,6797,31070,7,291607
41881,0.000143,172.31.36.0-255,66,31136,7,291607
41882,0.000168,172.217.194.0-255,4320,35456,7,291607
41883,0.000172,172.31.36.0-255,66,35522,7,291607
41884,0.000205,172.31.36.0-255,66,35588,7,291607
41885,0.000208,172.217.194.0-255,1125,36713,7,291607
41886,0.00021,172.31.36.0-255,66,36779,7,291607
41887,0.000236,172.217.194.0-255,5738,42517,7,291607
41888,0.000239,172.31.36.0-255,66,42583,7,291607
41889,0.000272,172.31.36.0-255,66,42649,7,291607
41890,0.000275,172.217.194.0-255,676,43325,7,291607
41891,0.000277,172.31.36.0-255,66,43391,7,291607
41892,0.00049,172.217.194.0-255,1484,44875,7,291607
41893,0.000496,172.31.36.0-255,66,44941,7,291607
41894,0.000502,172.217.194.0-255,2902,47843,7,291607
41895,0.000504,172.31.36.0-255,66,47909,7,291607
41896,0.000513,172.217.194.0-255,2902,50811,7,291607
41897,0.000515,172.31.36.0-255,66,50877,7,291607
41898,0.000542,172.217.194.0-255,2902,53779,7,291607
41899,0.000545,172.31.36.0-255,66,53845,7,291607
41900,0.000557,172.31.36.0-255,66,53911,7,291607
41901,0.00059,172.217.194.0-255,7156,61067,7,291607
41902,0.000592,172.31.36.0-255,66,61133,7,291607
41903,0.000622,172.217.194.0-255,5890,67023,7,291607
41904,0.000625,172.31.36.0-255,66,67089,7,291607
41905,0.000657,172.31.36.0-255,66,67155,7,291607
41906,0.000685,172.217.194.0-255,3961,71116,7,291607
41907,0.000688,172.31.36.0-255,66,71182,7,291607
41908,0.00087,172.217.194.0-255,1484,72666,7,291607
41909,0.000876,172.217.194.0-255,1484,74150,7,291607
41910,0.000879,172.31.36.0-255,66,74216,7,291607
41911,0.000906,172.217.194.0-255,1484,75700,7,291607
41912,0.000913,172.217.194.0-255,5738,81438,7,291607
41913,0.000916,172.31.36.0-255,66,81504,7,291607
41914,0.000941,172.217.194.0-255,1484,82988,7,291607
41915,0.000967,172.31.36.0-255,66,83054,7,291607
41916,0.000983,172.217.194.0-255,1484,84538,7,291607
41917,0.000986,172.217.194.0-255,1484,86022,7,291607
41918,0.000988,172.31.36.0-255,66,86088,7,291607
41919,0.001019,172.31.36.0-255,66,86154,7,291607
41920,0.001075,172.217.194.0-255,1484,87638,7,291607
41921,0.001081,172.217.194.0-255,2902,90540,7,291607
41922,0.001084,172.31.36.0-255,66,90606,7,291607
41923,0.001105,172.217.194.0-255,5738,96344,7,291607
41924,0.001108,172.31.36.0-255,66,96410,7,291607
41925,0.001126,172.217.194.0-255,2902,99312,7,291607
41926,0.001128,172.31.36.0-255,66,99378,7,291607
41927,0.00117,172.217.194.0-255,7156,106534,7,291607
41928,0.001174,172.31.36.0-255,66,106600,7,291607
41929,0.001182,172.31.36.0-255,66,106666,7,291607
41930,0.001185,172.217.194.0-255,1484,108150,7,291607
41931,0.001215,172.217.194.0-255,2184,110334,7,291607
41932,0.001218,172.31.36.0-255,66,110400,7,291607
41933,0.001243,172.217.194.0-255,4320,114720,7,291607
41934,0.001246,172.31.36.0-255,66,114786,7,291607
41935,0.001251,172.217.194.0-255,2902,117688,7,291607
41936,0.001253,172.31.36.0-255,66,117754,7,291607
41937,0.001276,172.217.194.0-255,1484,119238,7,291607
41938,0.00128,172.217.194.0-255,1484,120722,7,291607
41939,0.001282,172.31.36.0-255,66,120788,7,291607
41940,0.001322,172.31.36.0-255,66,120854,7,291607
41941,0.001364,172.217.194.0-255,2902,123756,7,291607
41942,0.001367,172.31.36.0-255,66,123822,7,291607
41943,0.001396,172.31.36.0-255,66,123888,7,291607
41944,0.001401,172.217.194.0-255,3602,127490,7,291607
41945,0.001403,172.31.36.0-255,66,127556,7,291607
41946,0.001673,172.217.194.0-255,1484,129040,7,291607
41947,0.001701,172.217.194.0-255,2902,131942,7,291607
41948,0.001705,172.31.36.0-255,66,132008,7,291607
41949,0.00171,172.217.194.0-255,2902,134910,7,291607
41950,0.001713,172.31.36.0-255,66,134976,7,291607
41951,0.001723,172.217.194.0-255,4320,139296,7,291607
41952,0.001726,172.31.36.0-255,66,139362,7,291607
41953,0.001737,172.217.194.0-255,2902,142264,7,291607
41954,0.001739,172.31.36.0-255,66,142330,7,291607
41955,0.001765,172.217.194.0-255,5738,148068,7,291607
41956,0.001768,172.31.36.0-255,66,148134,7,291607
41957,0.001804,172.31.36.0-255,66,148200,7,291607
41958,0.001815,172.217.194.0-255,3602,151802,7,291607
41959,0.001817,172.31.36.0-255,66,151868,7,291607
41960,0.003872,172.217.194.0-255,5738,157606,7,291607
41961,0.003879,172.31.36.0-255,66,157672,7,291607
41962,0.005942,172.217.194.0-255,4320,161992,7,291607
41963,0.005949,172.31.36.0-255,66,162058,7,291607
41964,0.005977,172.217.194.0-255,1484,163542,7,291607
41965,0.008024,172.217.194.0-255,4320,167862,7,291607
41966,0.00803,172.31.36.0-255,66,167928,7,291607
41967,0.010107,172.217.194.0-255,5738,173666,7,291607
41968,0.010115,172.31.36.0-255,66,173732,7,291607
41969,0.012161,172.217.194.0-255,5738,179470,7,291607
41970,0.01217,172.31.36.0-255,66,179536,7,291607
41971,0.014253,172.217.194.0-255,5738,185274,7,291607
41972,0.014263,172.31.36.0-255,66,185340,7,291607
41973,0.01636,172.217.194.0-255,5738,191078,7,291607
41974,0.01637,172.31.36.0-255,66,191144,7,291607
41975,0.018436,172.217.194.0-255,5738,196882,7,291607
41976,0.018445,172.31.36.0-255,66,196948,7,291607
41977,0.020504,172.217.194.0-255,5738,202686,7,291607
41978,0.020512,172.31.36.0-255,66,202752,7,291607
41979,0.022634,172.217.194.0-255,5738,208490,7,291607
41980,0.022641,172.31.36.0-255,66,208556,7,291607
41981,0.024695,172.217.194.0-255,5738,214294,7,291607
41982,0.024705,172.31.36.0-255,66,214360,7,291607
41983,0.026801,172.217.194.0-255,5738,220098,7,291607
41984,0.026809,172.31.36.0-255,66,220164,7,291607
41985,0.028893,172.217.194.0-255,5738,225902,7,291607
41986,0.028901,172.31.36.0-255,66,225968,7,291607
41987,0.030331,172.31.36.0-255,210,226178,7,291607
41988,0.030364,172.31.36.0-255,1114,227292,7,291607
41989,0.030427,172.31.36.0-255,1514,228806,7,291607
41990,0.030429,172.31.36.0-255,1514,230320,7,291607
41991,0.03043,172.31.36.0-255,1514,231834,7,291607
41992,0.030431,172.31.36.0-255,1073,232907,7,291607
41993,0.030985,172.217.194.0-255,5738,238645,7,291607
41994,0.030993,172.31.36.0-255,66,238711,7,291607
41995,0.031865,104.244.42.0-255,66,238777,7,291607
41996,0.031942,104.244.42.0-255,66,238843,7,291607
41997,0.032022,104.244.42.0-255,66,238909,7,291607
41998,0.032043,104.244.42.0-255,66,238975,7,291607
41999,0.033058,172.217.194.0-255,5738,244713,7,291607
42000,0.033064,172.31.36.0-255,66,244779,7,291607
42001,0.035166,172.217.194.0-255,5738,250517,7,291607
42002,0.035173,172.31.36.0-255,66,250583,7,291607
42003,0.037264,172.217.194.0-255,5738,256321,7,291607
42004,0.037271,172.31.36.0-255,66,256387,7,291607
42005,0.039352,172.217.194.0-255,5738,262125,7,291607
42006,0.039358,172.31.36.0-255,66,262191,7,291607
42007,0.041444,172.217.194.0-255,5738,267929,7,291607
42008,0.04145,172.31.36.0-255,66,267995,7,291607
42009,0.043555,172.217.194.0-255,5738,273733,7,291607
42010,0.043561,172.31.36.0-255,66,273799,7,291607
42011,0.045647,172.217.194.0-255,2902,276701,7,291607
42012,0.045657,172.31.36.0-255,66,276767,7,291607
42013,0.045687,172.217.194.0-255,2902,279669,7,291607
42014,0.045692,172.31.36.0-255,66,279735,7,291607
42015,0.047709,172.217.194.0-255,2902,282637,7,291607
42016,0.047717,172.31.36.0-255,66,282703,7,291607
42017,0.04775,172.217.194.0-255,2902,285605,7,291607
42018,0.047753,172.31.36.0-255,66,285671,7,291607
42019,0.049783,172.217.194.0-255,2902,288573,7,291607
42020,0.04979,172.31.36.0-255,66,288639,7,291607
42021,0.049818,172.217.194.0-255,2902,291541,7,291607
42022,0.049821,172.31.36.0-255,66,291607,7,291607
42023,0.0,172.31.36.0-255,105,105,7,276
42024,0.002064,157.240.13.0-255,105,210,7,276
42025,0.002078,172.31.36.0-255,66,276,7,276
42026,0.0,172.253.118.0-255,143,143,7,262874
42027,1.9e-05,172.31.36.0-255,66,209,7,262874
42028,2.6e-05,172.253.118.0-255,1484,1693,7,262874
42029,3e-05,172.31.36.0-255,66,1759,7,262874
42030,3.7e-05,172.253.118.0-255,2902,4661,7,262874
42031,4.1e-05,172.31.36.0-255,66,4727,7,262874
42032,4.6e-05,172.253.118.0-255,2902,7629,7,262874
42033,4.8e-05,172.31.36.0-255,66,7695,7,262874
42034,9.9e-05,172.31.36.0-255,66,7761,7,262874
42035,0.000105,172.253.118.0-255,5738,13499,7,262874
42036,0.000108,172.31.36.0-255,66,13565,7,262874
42037,0.000111,172.253.118.0-255,1484,15049,7,262874
42038,0.000113,172.31.36.0-255,66,15115,7,262874
42039,0.000138,172.253.118.0-255,5738,20853,7,262874
42040,0.000141,172.31.36.0-255,66,20919,7,262874
42041,0.000146,172.253.118.0-255,2543,23462,7,262874
42042,0.000148,172.31.36.0-255,66,23528,7,262874
42043,0.000303,172.253.118.0-255,1484,25012,7,262874
42044,0.000307,172.31.36.0-255,66,25078,7,262874
42045,0.00032,172.253.118.0-255,2902,27980,7,262874
42046,0.000324,172.31.36.0-255,66,28046,7,262874
42047,0.000326,172.253.118.0-255,1484,29530,7,262874
42048,0.000328,172.31.36.0-255,66,29596,7,262874
42049,0.000352,172.253.118.0-255,4320,33916,7,262874
42050,0.000355,172.31.36.0-255,66,33982,7,262874
42051,0.000361,172.253.118.0-255,4320,38302,7,262874
42052,0.000363,172.31.36.0-255,66,38368,7,262874
42053,0.000397,172.253.118.0-255,5738,44106,7,262874
42054,0.000401,172.31.36.0-255,66,44172,7,262874
42055,0.000421,172.253.118.0-255,6797,50969,7,262874
42056,0.000424,172.31.36.0-255,66,51035,7,262874
42057,0.000429,172.253.118.0-255,2902,53937,7,262874
42058,0.000431,172.31.36.0-255,66,54003,7,262874
42059,0.000452,172.253.118.0-255,1484,55487,7,262874
42060,0.000465,172.253.118.0-255,2819,58306,7,262874
42061,0.000467,172.31.36.0-255,66,58372,7,262874
42062,0.000494,172.253.118.0-255,129,58501,7,262874
42063,0.000626,172.253.118.0-255,1484,59985,7,262874
42064,0.00063,172.31.36.0-255,66,60051,7,262874
42065,0.000635,172.253.118.0-255,2902,62953,7,262874
42066,0.000638,172.31.36.0-255,66,63019,7,262874
42067,0.00067,172.253.118.0-255,5738,68757,7,262874
42068,0.000673,172.31.36.0-255,66,68823,7,262874
42069,0.000702,172.31.36.0-255,66,68889,7,262874
42070,0.000732,172.31.36.0-255,66,68955,7,262874
42071,0.000778,172.253.118.0-255,3883,72838,7,262874
42072,0.00078,172.31.36.0-255,66,72904,7,262874
42073,0.00118,172.253.118.0-255,1484,74388,7,262874
42074,0.001188,172.253.118.0-255,2902,77290,7,262874
42075,0.001193,172.31.36.0-255,66,77356,7,262874
42076,0.0012,172.253.118.0-255,5738,83094,7,262874
42077,0.001203,172.31.36.0-255,66,83160,7,262874
42078,0.001225,172.253.118.0-255,4320,87480,7,262874
42079,0.001228,172.31.36.0-255,66,87546,7,262874
42080,0.001235,172.253.118.0-255,5738,93284,7,262874
42081,0.001238,172.31.36.0-255,66,93350,7,262874
42082,0.001258,172.253.118.0-255,5738,99088,7,262874
42083,0.00126,172.31.36.0-255,66,99154,7,262874
42084,0.001299,172.31.36.0-255,66,99220,7,262874
42085,0.00131,172.31.36.0-255,66,99286,7,262874
42086,0.001358,172.31.36.0-255,66,99352,7,262874
42087,0.001377,172.253.118.0-255,2902,102254,7,262874
42088,0.001379,172.31.36.0-255,66,102320,7,262874
42089,0.001402,172.253.118.0-255,3602,105922,7,262874
42090,0.001404,172.31.36.0-255,66,105988,7,262874
42091,0.001596,172.253.118.0-255,1484,107472,7,262874
42092,0.001613,172.253.118.0-255,2902,110374,7,262874
42093,0.001618,172.31.36.0-255,66,110440,7,262874
42094,0.001625,172.253.118.0-255,5738,116178,7,262874
42095,0.001627,172.31.36.0-255,66,116244,7,262874
42096,0.00166,172.31.36.0-255,66,116310,7,262874
42097,0.001679,172.253.118.0-255,1484,117794,7,262874
42098,0.001701,172.253.118.0-255,2902,120696,7,262874
42099,0.001705,172.31.36.0-255,66,120762,7,262874
42100,0.001714,172.253.118.0-255,2902,123664,7,262874
42101,0.001718,172.31.36.0-255,66,123730,7,262874
42102,0.001741,172.31.36.0-255,66,123796,7,262874
42103,0.002283,172.253.118.0-255,1484,125280,7,262874
42104,0.002288,172.253.118.0-255,2902,128182,7,262874
42105,0.002298,172.31.36.0-255,66,128248,7,262874
42106,0.00232,172.253.118.0-255,5738,133986,7,262874
42107,0.002322,172.31.36.0-255,66,134052,7,262874
42108,0.002326,172.253.118.0-255,1484,135536,7,262874
42109,0.002357,172.253.118.0-255,5738,141274,7,262874
42110,0.00236,172.31.36.0-255,66,141340,7,262874
42111,0.002374,172.31.36.0-255,66,141406,7,262874
42112,0.002391,172.253.118.0-255,1484,142890,7,262874
42113,0.002395,172.253.118.0-255,2184,145074,7,262874
42114,0.002397,172.31.36.0-255,66,145140,7,262874
42115,0.00471,172.253.118.0-255,1484,146624,7,262874
42116,0.00473,172.253.118.0-255,2902,149526,7,262874
42117,0.004735,172.31.36.0-255,66,149592,7,262874
42118,0.004748,172.253.118.0-255,1484,151076,7,262874
42119,0.007054,172.253.118.0-255,4320,155396,7,262874
42120,0.007057,172.31.36.0-255,66,155462,7,262874
42121,0.009414,172.253.118.0-255,5738,161200,7,262874
42122,0.009421,172.31.36.0-255,66,161266,7,262874
42123,0.011761,172.253.118.0-255,5738,167004,7,262874
42124,0.011767,172.31.36.0-255,66,167070,7,262874
42125,0.014114,172.253.118.0-255,5738,172808,7,262874
42126,0.014123,172.31.36.0-255,66,172874,7,262874
42127,0.016498,172.253.118.0-255,5738,178612,7,262874
42128,0.016512,172.31.36.0-255,66,178678,7,262874
42129,0.01887,172.253.118.0-255,5738,184416,7,262874
42130,0.01888,172.31.36.0-255,66,184482,7,262874
42131,0.021264,172.253.118.0-255,5738,190220,7,262874
42132,0.021271,172.31.36.0-255,66,190286,7,262874
42133,0.023622,172.253.118.0-255,5738,196024,7,262874
42134,0.02363,172.31.36.0-255,66,196090,7,262874
42135,0.025988,172.253.118.0-255,5738,201828,7,262874
42136,0.025995,172.31.36.0-255,66,201894,7,262874
42137,0.028356,172.253.118.0-255,5738,207632,7,262874
42138,0.028364,172.31.36.0-255,66,207698,7,262874
42139,0.030721,172.253.118.0-255,5738,213436,7,262874
42140,0.030732,172.31.36.0-255,66,213502,7,262874
42141,0.033096,172.253.118.0-255,5738,219240,7,262874
42142,0.033103,172.31.36.0-255,66,219306,7,262874
42143,0.034322,172.31.36.0-255,172,219478,7,262874
42144,0.034355,172.31.36.0-255,1116,220594,7,262874
42145,0.034411,172.31.36.0-255,1514,222108,7,262874
42146,0.034413,172.31.36.0-255,1292,223400,7,262874
42147,0.035473,172.253.118.0-255,4320,227720,7,262874
42148,0.035479,172.31.36.0-255,66,227786,7,262874
42149,0.035495,172.253.118.0-255,1484,229270,7,262874
42150,0.035855,104.244.42.0-255,66,229336,7,262874
42151,0.035964,104.244.42.0-255,66,229402,7,262874
42152,0.035969,104.244.42.0-255,66,229468,7,262874
42153,0.03786,172.253.118.0-255,4320,233788,7,262874
42154,0.037867,172.31.36.0-255,66,233854,7,262874
42155,0.040212,172.253.118.0-255,5738,239592,7,262874
42156,0.040218,172.31.36.0-255,66,239658,7,262874
42157,0.042569,172.253.118.0-255,5738,245396,7,262874
42158,0.042576,172.31.36.0-255,66,245462,7,262874
42159,0.044932,172.253.118.0-255,5738,251200,7,262874
42160,0.044939,172.31.36.0-255,66,251266,7,262874
42161,0.047299,172.253.118.0-255,5738,257004,7,262874
42162,0.047307,172.31.36.0-255,66,257070,7,262874
42163,0.049658,172.253.118.0-255,5738,262808,7,262874
42164,0.049666,172.31.36.0-255,66,262874,7,262874
42165,0.0,172.31.36.0-255,66,66,7,66
42166,0.0,74.125.24.0-255,150,150,7,214056
42167,2.2e-05,172.31.36.0-255,66,216,7,214056
42168,3e-05,74.125.24.0-255,1484,1700,7,214056
42169,3.4e-05,172.31.36.0-255,66,1766,7,214056
42170,4e-05,74.125.24.0-255,2902,4668,7,214056
42171,5.1e-05,172.31.36.0-255,66,4734,7,214056
42172,6e-05,74.125.24.0-255,7156,11890,7,214056
42173,6.4e-05,172.31.36.0-255,66,11956,7,214056
42174,6.7e-05,74.125.24.0-255,1484,13440,7,214056
42175,7e-05,172.31.36.0-255,66,13506,7,214056
42176,7.5e-05,74.125.24.0-255,2083,15589,7,214056
42177,7.8e-05,172.31.36.0-255,66,15655,7,214056
42178,8.3e-05,74.125.24.0-255,2902,18557,7,214056
42179,8.6e-05,172.31.36.0-255,66,18623,7,214056
42180,9.3e-05,74.125.24.0-255,5738,24361,7,214056
42181,9.5e-05,172.31.36.0-255,66,24427,7,214056
42182,0.000118,74.125.24.0-255,1484,25911,7,214056
42183,0.000121,172.31.36.0-255,66,25977,7,214056
42184,0.000134,74.125.24.0-255,5379,31356,7,214056
42185,0.000137,172.31.36.0-255,66,31422,7,214056
42186,0.000294,74.125.24.0-255,1484,32906,7,214056
42187,0.000299,172.31.36.0-255,66,32972,7,214056
42188,0.000306,74.125.24.0-255,2902,35874,7,214056
42189,0.000308,172.31.36.0-255,66,35940,7,214056
42190,0.000342,74.125.24.0-255,5738,41678,7,214056
42191,0.000346,172.31.36.0-255,66,41744,7,214056
42192,0.000351,74.125.24.0-255,4320,46064,7,214056
42193,0.000353,172.31.36.0-255,66,46130,7,214056
42194,0.000378,74.125.24.0-255,2543,48673,7,214056
42195,0.000381,172.31.36.0-255,66,48739,7,214056
42196,0.000409,74.125.24.0-255,2902,51641,7,214056
42197,0.000411,172.31.36.0-255,66,51707,7,214056
42198,0.000418,74.125.24.0-255,7156,58863,7,214056
42199,0.000421,172.31.36.0-255,66,58929,7,214056
42200,0.000426,74.125.24.0-255,2902,61831,7,214056
42201,0.000428,172.31.36.0-255,66,61897,7,214056
42202,0.000457,74.125.24.0-255,3961,65858,7,214056
42203,0.00046,172.31.36.0-255,66,65924,7,214056
42204,0.000462,74.125.24.0-255,365,66289,7,214056
42205,0.000645,74.125.24.0-255,379,66668,7,214056
42206,0.000791,74.125.24.0-255,1484,68152,7,214056
42207,0.000796,172.31.36.0-255,66,68218,7,214056
42208,0.000802,74.125.24.0-255,2902,71120,7,214056
42209,0.000804,172.31.36.0-255,66,71186,7,214056
42210,0.000824,74.125.24.0-255,4320,75506,7,214056
42211,0.000826,172.31.36.0-255,66,75572,7,214056
42212,0.000852,74.125.24.0-255,1484,77056,7,214056
42213,0.00086,74.125.24.0-255,6797,83853,7,214056
42214,0.000863,172.31.36.0-255,66,83919,7,214056
42215,0.000903,172.31.36.0-255,66,83985,7,214056
42216,0.000946,74.125.24.0-255,2902,86887,7,214056
42217,0.000949,172.31.36.0-255,66,86953,7,214056
42218,0.000974,74.125.24.0-255,2543,89496,7,214056
42219,0.000977,172.31.36.0-255,66,89562,7,214056
42220,0.003169,74.125.24.0-255,2902,92464,7,214056
42221,0.003176,172.31.36.0-255,66,92530,7,214056
42222,0.003205,74.125.24.0-255,2902,95432,7,214056
42223,0.003208,172.31.36.0-255,66,95498,7,214056
42224,0.005377,74.125.24.0-255,2902,98400,7,214056
42225,0.00538,172.31.36.0-255,66,98466,7,214056
42226,0.005422,74.125.24.0-255,2902,101368,7,214056
42227,0.005424,172.31.36.0-255,66,101434,7,214056
42228,0.007594,74.125.24.0-255,2902,104336,7,214056
42229,0.007601,172.31.36.0-255,66,104402,7,214056
42230,0.00766,74.125.24.0-255,2902,107304,7,214056
42231,0.007664,172.31.36.0-255,66,107370,7,214056
42232,0.009841,74.125.24.0-255,2902,110272,7,214056
42233,0.009849,172.31.36.0-255,66,110338,7,214056
42234,0.009883,74.125.24.0-255,2902,113240,7,214056
42235,0.009886,172.31.36.0-255,66,113306,7,214056
42236,0.012072,74.125.24.0-255,2902,116208,7,214056
42237,0.012079,172.31.36.0-255,66,116274,7,214056
42238,0.012107,74.125.24.0-255,2902,119176,7,214056
42239,0.01211,172.31.36.0-255,66,119242,7,214056
42240,0.014309,74.125.24.0-255,2902,122144,7,214056
42241,0.014318,172.31.36.0-255,66,122210,7,214056
42242,0.014345,74.125.24.0-255,2902,125112,7,214056
42243,0.014348,172.31.36.0-255,66,125178,7,214056
42244,0.016564,74.125.24.0-255,2902,128080,7,214056
42245,0.016572,172.31.36.0-255,66,128146,7,214056
42246,0.016579,74.125.24.0-255,2902,131048,7,214056
42247,0.016582,172.31.36.0-255,66,131114,7,214056
42248,0.018821,74.125.24.0-255,5738,136852,7,214056
42249,0.018833,172.31.36.0-255,66,136918,7,214056
42250,0.021069,74.125.24.0-255,5738,142656,7,214056
42251,0.021077,172.31.36.0-255,66,142722,7,214056
42252,0.023304,74.125.24.0-255,5738,148460,7,214056
42253,0.023311,172.31.36.0-255,66,148526,7,214056
42254,0.025569,74.125.24.0-255,4320,152846,7,214056
42255,0.025576,172.31.36.0-255,66,152912,7,214056
42256,0.025594,74.125.24.0-255,1484,154396,7,214056
42257,0.025774,172.31.36.0-255,164,154560,7,214056
42258,0.025804,172.31.36.0-255,1121,155681,7,214056
42259,0.025917,172.31.36.0-255,1514,157195,7,214056
42260,0.025919,172.31.36.0-255,1285,158480,7,214056
42261,0.027343,104.244.42.0-255,66,158546,7,214056
42262,0.027352,104.244.42.0-255,66,158612,7,214056
42263,0.027484,104.244.42.0-255,66,158678,7,214056
42264,0.02779,74.125.24.0-255,2902,161580,7,214056
42265,0.027797,172.31.36.0-255,66,161646,7,214056
42266,0.02828,104.244.42.0-255,108,161754,7,214056
42267,0.028287,172.31.36.0-255,66,161820,7,214056
42268,0.030017,74.125.24.0-255,5738,167558,7,214056
42269,0.030021,172.31.36.0-255,66,167624,7,214056
42270,0.032266,74.125.24.0-255,5738,173362,7,214056
42271,0.032272,172.31.36.0-255,66,173428,7,214056
42272,0.034542,74.125.24.0-255,5738,179166,7,214056
42273,0.034549,172.31.36.0-255,66,179232,7,214056
42274,0.03679,74.125.24.0-255,5738,184970,7,214056
42275,0.036796,172.31.36.0-255,66,185036,7,214056
42276,0.039032,74.125.24.0-255,5738,190774,7,214056
42277,0.039038,172.31.36.0-255,66,190840,7,214056
42278,0.041279,74.125.24.0-255,5738,196578,7,214056
42279,0.041284,172.31.36.0-255,66,196644,7,214056
42280,0.043514,74.125.24.0-255,5738,202382,7,214056
42281,0.04352,172.31.36.0-255,66,202448,7,214056
42282,0.045758,74.125.24.0-255,5738,208186,7,214056
42283,0.045765,172.31.36.0-255,66,208252,7,214056
42284,0.048014,74.125.24.0-255,5738,213990,7,214056
42285,0.048021,172.31.36.0-255,66,214056,7,214056
42286,0.0,172.217.160.0-255,153,153,7,217322
42287,1.6e-05,172.31.36.0-255,66,219,7,217322
42288,2.3e-05,172.217.160.0-255,1484,1703,7,217322
42289,2.8e-05,172.31.36.0-255,66,1769,7,217322
42290,4.1e-05,172.217.160.0-255,2902,4671,7,217322
42291,4.5e-05,172.31.36.0-255,66,4737,7,217322
42292,5.3e-05,172.217.160.0-255,7156,11893,7,217322
42293,5.6e-05,172.31.36.0-255,66,11959,7,217322
42294,6.1e-05,172.217.160.0-255,2036,13995,7,217322
42295,6.3e-05,172.31.36.0-255,66,14061,7,217322
42296,0.000102,172.217.160.0-255,1484,15545,7,217322
42297,0.000104,172.31.36.0-255,66,15611,7,217322
42298,0.000109,172.217.160.0-255,2902,18513,7,217322
42299,0.000111,172.31.36.0-255,66,18579,7,217322
42300,0.000144,172.217.160.0-255,5738,24317,7,217322
42301,0.000146,172.31.36.0-255,66,24383,7,217322
42302,0.000151,172.217.160.0-255,2902,27285,7,217322
42303,0.000154,172.31.36.0-255,66,27351,7,217322
42304,0.000176,172.217.160.0-255,3961,31312,7,217322
42305,0.000179,172.31.36.0-255,66,31378,7,217322
42306,0.000215,172.217.160.0-255,1484,32862,7,217322
42307,0.000217,172.31.36.0-255,66,32928,7,217322
42308,0.000221,172.217.160.0-255,1484,34412,7,217322
42309,0.000223,172.31.36.0-255,66,34478,7,217322
42310,0.000243,172.217.160.0-255,1484,35962,7,217322
42311,0.000245,172.31.36.0-255,66,36028,7,217322
42312,0.000258,172.217.160.0-255,5738,41766,7,217322
42313,0.000261,172.31.36.0-255,66,41832,7,217322
42314,0.000265,172.217.160.0-255,2902,44734,7,217322
42315,0.000267,172.31.36.0-255,66,44800,7,217322
42316,0.000303,172.217.160.0-255,3961,48761,7,217322
42317,0.00031,172.31.36.0-255,66,48827,7,217322
42318,0.001278,172.217.160.0-255,1484,50311,7,217322
42319,0.001289,172.217.160.0-255,2902,53213,7,217322
42320,0.001293,172.31.36.0-255,66,53279,7,217322
42321,0.001302,172.217.160.0-255,5738,59017,7,217322
42322,0.001329,172.217.160.0-255,6797,65814,7,217322
42323,0.001835,172.217.160.0-255,1484,67298,7,217322
42324,0.001841,172.217.160.0-255,1484,68782,7,217322
42325,0.001857,172.217.160.0-255,1484,70266,7,217322
42326,0.001864,172.217.160.0-255,5738,76004,7,217322
42327,0.001882,172.217.160.0-255,6797,82801,7,217322
42328,0.001925,172.217.160.0-255,4320,87121,7,217322
42329,0.001954,172.217.160.0-255,3961,91082,7,217322
42330,0.002774,172.31.36.0-255,66,91148,7,217322
42331,0.004724,172.217.160.0-255,5738,96886,7,217322
42332,0.004729,172.31.36.0-255,66,96952,7,217322
42333,0.006683,172.217.160.0-255,5738,102690,7,217322
42334,0.00669,172.31.36.0-255,66,102756,7,217322
42335,0.008645,172.217.160.0-255,5738,108494,7,217322
42336,0.008657,172.31.36.0-255,66,108560,7,217322
42337,0.010639,172.217.160.0-255,5738,114298,7,217322
42338,0.014754,172.31.36.0-255,66,114364,7,217322
42339,0.01671,172.217.160.0-255,5738,120102,7,217322
42340,0.016724,172.31.36.0-255,66,120168,7,217322
42341,0.018676,172.217.160.0-255,5738,125906,7,217322
42342,0.018685,172.31.36.0-255,66,125972,7,217322
42343,0.02063,172.217.160.0-255,5738,131710,7,217322
42344,0.020638,172.31.36.0-255,66,131776,7,217322
42345,0.022659,172.217.160.0-255,5738,137514,7,217322
42346,0.022665,172.31.36.0-255,66,137580,7,217322
42347,0.022849,172.31.36.0-255,172,137752,7,217322
42348,0.022881,172.31.36.0-255,1115,138867,7,217322
42349,0.02294,172.31.36.0-255,1514,140381,7,217322
42350,0.022942,172.31.36.0-255,1291,141672,7,217322
42351,0.024421,104.244.42.0-255,66,141738,7,217322
42352,0.024451,104.244.42.0-255,66,141804,7,217322
42353,0.024527,104.244.42.0-255,66,141870,7,217322
42354,0.0246,172.217.160.0-255,5738,147608,7,217322
42355,0.024606,172.31.36.0-255,66,147674,7,217322
42356,0.026573,172.217.160.0-255,5738,153412,7,217322
42357,0.02658,172.31.36.0-255,66,153478,7,217322
42358,0.02853,172.217.160.0-255,5738,159216,7,217322
42359,0.028537,172.31.36.0-255,66,159282,7,217322
42360,0.030488,172.217.160.0-255,5738,165020,7,217322
42361,0.030494,172.31.36.0-255,66,165086,7,217322
42362,0.032453,172.217.160.0-255,5738,170824,7,217322
42363,0.032459,172.31.36.0-255,66,170890,7,217322
42364,0.03441,172.217.160.0-255,5738,176628,7,217322
42365,0.034417,172.31.36.0-255,66,176694,7,217322
42366,0.036362,172.217.160.0-255,5738,182432,7,217322
42367,0.036368,172.31.36.0-255,66,182498,7,217322
42368,0.038321,172.217.160.0-255,5738,188236,7,217322
42369,0.038327,172.31.36.0-255,66,188302,7,217322
42370,0.040272,172.217.160.0-255,5738,194040,7,217322
42371,0.040278,172.31.36.0-255,66,194106,7,217322
42372,0.04223,172.217.160.0-255,5738,199844,7,217322
42373,0.042237,172.31.36.0-255,66,199910,7,217322
42374,0.044202,172.217.160.0-255,5738,205648,7,217322
42375,0.04421,172.31.36.0-255,66,205714,7,217322
42376,0.046162,172.217.160.0-255,5738,211452,7,217322
42377,0.046171,172.31.36.0-255,66,211518,7,217322
42378,0.04811,172.217.160.0-255,5738,217256,7,217322
42379,0.048122,172.31.36.0-255,66,217322,7,217322
42380,0.0,172.31.36.0-255,105,105,7,276
42381,0.002232,157.240.13.0-255,105,210,7,276
42382,0.002252,172.31.36.0-255,66,276,7,276
42383,0.0,74.125.24.0-255,153,153,7,238524
42384,2.6e-05,172.31.36.0-255,66,219,7,238524
42385,3.2e-05,74.125.24.0-255,1484,1703,7,238524
42386,3.6e-05,172.31.36.0-255,66,1769,7,238524
42387,4.1e-05,74.125.24.0-255,2902,4671,7,238524
42388,4.4e-05,172.31.36.0-255,66,4737,7,238524
42389,5.1e-05,74.125.24.0-255,7156,11893,7,238524
42390,5.4e-05,172.31.36.0-255,66,11959,7,238524
42391,5.7e-05,74.125.24.0-255,1484,13443,7,238524
42392,5.9e-05,172.31.36.0-255,66,13509,7,238524
42393,8.3e-05,74.125.24.0-255,648,14157,7,238524
42394,8.5e-05,172.31.36.0-255,66,14223,7,238524
42395,0.000123,74.125.24.0-255,1484,15707,7,238524
42396,0.000125,172.31.36.0-255,66,15773,7,238524
42397,0.00013,74.125.24.0-255,2902,18675,7,238524
42398,0.000133,172.31.36.0-255,66,18741,7,238524
42399,0.000136,74.125.24.0-255,1484,20225,7,238524
42400,0.000138,172.31.36.0-255,66,20291,7,238524
42401,0.000166,74.125.24.0-255,4320,24611,7,238524
42402,0.00017,172.31.36.0-255,66,24677,7,238524
42403,0.000177,74.125.24.0-255,6797,31474,7,238524
42404,0.00018,172.31.36.0-255,66,31540,7,238524
42405,0.000355,74.125.24.0-255,1484,33024,7,238524
42406,0.000361,172.31.36.0-255,66,33090,7,238524
42407,0.000366,74.125.24.0-255,2902,35992,7,238524
42408,0.000369,172.31.36.0-255,66,36058,7,238524
42409,0.000375,74.125.24.0-255,4320,40378,7,238524
42410,0.000377,172.31.36.0-255,66,40444,7,238524
42411,0.000395,74.125.24.0-255,1484,41928,7,238524
42412,0.000398,172.31.36.0-255,66,41994,7,238524
42413,0.000439,172.31.36.0-255,66,42060,7,238524
42414,0.000452,172.31.36.0-255,66,42126,7,238524
42415,0.000539,74.125.24.0-255,412,42538,7,238524
42416,0.000597,74.125.24.0-255,330,42868,7,238524
42417,0.000828,172.31.36.0-255,66,42934,7,238524
42418,0.000953,74.125.24.0-255,1484,44418,7,238524
42419,0.000962,74.125.24.0-255,2902,47320,7,238524
42420,0.000965,172.31.36.0-255,66,47386,7,238524
42421,0.000971,74.125.24.0-255,4320,51706,7,238524
42422,0.000973,172.31.36.0-255,66,51772,7,238524
42423,0.000988,74.125.24.0-255,1484,53256,7,238524
42424,0.000995,74.125.24.0-255,5738,58994,7,238524
42425,0.000998,172.31.36.0-255,66,59060,7,238524
42426,0.001004,74.125.24.0-255,4320,63380,7,238524
42427,0.001006,172.31.36.0-255,66,63446,7,238524
42428,0.001034,172.31.36.0-255,66,63512,7,238524
42429,0.001041,74.125.24.0-255,5020,68532,7,238524
42430,0.001043,172.31.36.0-255,66,68598,7,238524
42431,0.001232,74.125.24.0-255,1484,70082,7,238524
42432,0.001239,74.125.24.0-255,2902,72984,7,238524
42433,0.001242,172.31.36.0-255,66,73050,7,238524
42434,0.001249,74.125.24.0-255,5738,78788,7,238524
42435,0.001251,172.31.36.0-255,66,78854,7,238524
42436,0.00129,172.31.36.0-255,66,78920,7,238524
42437,0.001339,74.125.24.0-255,4320,83240,7,238524
42438,0.001343,172.31.36.0-255,66,83306,7,238524
42439,0.001367,74.125.24.0-255,6438,89744,7,238524
42440,0.001369,172.31.36.0-255,66,89810,7,238524
42441,0.001581,74.125.24.0-255,1484,91294,7,238524
42442,0.001589,74.125.24.0-255,2902,94196,7,238524
42443,0.001596,172.31.36.0-255,66,94262,7,238524
42444,0.0016,74.125.24.0-255,1484,95746,7,238524
42445,0.001621,74.125.24.0-255,4320,100066,7,238524
42446,0.001623,172.31.36.0-255,66,100132,7,238524
42447,0.001629,74.125.24.0-255,2902,103034,7,238524
42448,0.001631,172.31.36.0-255,66,103100,7,238524
42449,0.001655,172.31.36.0-255,66,103166,7,238524
42450,0.001662,74.125.24.0-255,7156,110322,7,238524
42451,0.001664,172.31.36.0-255,66,110388,7,238524
42452,0.001712,74.125.24.0-255,3602,113990,7,238524
42453,0.001714,172.31.36.0-255,66,114056,7,238524
42454,0.001744,74.125.24.0-255,4320,118376,7,238524
42455,0.001746,172.31.36.0-255,66,118442,7,238524
42456,0.00175,74.125.24.0-255,2902,121344,7,238524
42457,0.001752,172.31.36.0-255,66,121410,7,238524
42458,0.001779,74.125.24.0-255,7156,128566,7,238524
42459,0.001782,172.31.36.0-255,66,128632,7,238524
42460,0.001797,74.125.24.0-255,1484,130116,7,238524
42461,0.001812,74.125.24.0-255,5738,135854,7,238524
42462,0.001814,172.31.36.0-255,66,135920,7,238524
42463,0.001841,172.31.36.0-255,66,135986,7,238524
42464,0.002946,74.125.24.0-255,1484,137470,7,238524
42465,0.002962,74.125.24.0-255,2902,140372,7,238524
42466,0.002965,172.31.36.0-255,66,140438,7,238524
42467,0.002969,74.125.24.0-255,2902,143340,7,238524
42468,0.002971,172.31.36.0-255,66,143406,7,238524
42469,0.002985,74.125.24.0-255,1484,144890,7,238524
42470,0.003003,74.125.24.0-255,5738,150628,7,238524
42471,0.003005,172.31.36.0-255,66,150694,7,238524
42472,0.003039,172.31.36.0-255,66,150760,7,238524
42473,0.003053,74.125.24.0-255,7156,157916,7,238524
42474,0.003055,172.31.36.0-255,66,157982,7,238524
42475,0.003067,74.125.24.0-255,3602,161584,7,238524
42476,0.00307,172.31.36.0-255,66,161650,7,238524
42477,0.003121,74.125.24.0-255,1484,163134,7,238524
42478,0.00314,74.125.24.0-255,2902,166036,7,238524
42479,0.003142,172.31.36.0-255,66,166102,7,238524
42480,0.003162,74.125.24.0-255,4320,170422,7,238524
42481,0.003164,172.31.36.0-255,66,170488,7,238524
42482,0.003207,172.31.36.0-255,66,170554,7,238524
42483,0.003213,74.125.24.0-255,5738,176292,7,238524
42484,0.003215,172.31.36.0-255,66,176358,7,238524
42485,0.003248,172.31.36.0-255,66,176424,7,238524
42486,0.003262,74.125.24.0-255,766,177190,7,238524
42487,0.003323,74.125.24.0-255,1484,178674,7,238524
42488,0.003327,172.31.36.0-255,66,178740,7,238524
42489,0.003332,74.125.24.0-255,2902,181642,7,238524
42490,0.003334,172.31.36.0-255,66,181708,7,238524
42491,0.00334,74.125.24.0-255,5738,187446,7,238524
42492,0.003343,172.31.36.0-255,66,187512,7,238524
42493,0.003348,74.125.24.0-255,2902,190414,7,238524
42494,0.00335,172.31.36.0-255,66,190480,7,238524
42495,0.003354,74.125.24.0-255,1484,191964,7,238524
42496,0.003404,74.125.24.0-255,4320,196284,7,238524
42497,0.003408,172.31.36.0-255,66,196350,7,238524
42498,0.003442,172.31.36.0-255,66,196416,7,238524
42499,0.003475,74.125.24.0-255,1484,197900,7,238524
42500,0.00348,74.125.24.0-255,2902,200802,7,238524
42501,0.003483,172.31.36.0-255,66,200868,7,238524
42502,0.003488,74.125.24.0-255,4320,205188,7,238524
42503,0.003491,172.31.36.0-255,66,205254,7,238524
42504,0.003501,74.125.24.0-255,1484,206738,7,238524
42505,0.003535,172.31.36.0-255,66,206804,7,238524
42506,0.003553,74.125.24.0-255,2902,209706,7,238524
42507,0.003555,172.31.36.0-255,66,209772,7,238524
42508,0.003568,172.31.36.0-255,66,209838,7,238524
42509,0.003571,74.125.24.0-255,1484,211322,7,238524
42510,0.003575,74.125.24.0-255,2902,214224,7,238524
42511,0.003577,172.31.36.0-255,66,214290,7,238524
42512,0.003623,172.31.36.0-255,66,214356,7,238524
42513,0.003635,172.31.36.0-255,66,214422,7,238524
42514,0.003642,74.125.24.0-255,6438,220860,7,238524
42515,0.003645,172.31.36.0-255,66,220926,7,238524
42516,0.003649,74.125.24.0-255,2902,223828,7,238524
42517,0.003652,172.31.36.0-255,78,223906,7,238524
42518,0.003694,74.125.24.0-255,2902,226808,7,238524
42519,0.003697,172.31.36.0-255,78,226886,7,238524
42520,0.00374,172.31.36.0-255,66,226952,7,238524
42521,0.003743,74.125.24.0-255,1484,228436,7,238524
42522,0.003746,74.125.24.0-255,1484,229920,7,238524
42523,0.003748,172.31.36.0-255,66,229986,7,238524
42524,0.003761,172.31.36.0-255,66,230052,7,238524
42525,0.003773,172.31.36.0-255,66,230118,7,238524
42526,0.003778,74.125.24.0-255,3708,233826,7,238524
42527,0.003781,172.31.36.0-255,66,233892,7,238524
42528,0.003785,74.125.24.0-255,105,233997,7,238524
42529,0.006725,172.31.36.0-255,66,234063,7,238524
42530,0.006753,172.31.36.0-255,105,234168,7,238524
42531,0.009023,74.125.24.0-255,66,234234,7,238524
42532,0.031552,172.31.36.0-255,172,234406,7,238524
42533,0.031583,172.31.36.0-255,1114,235520,7,238524
42534,0.031623,172.31.36.0-255,1514,237034,7,238524
42535,0.031625,172.31.36.0-255,1292,238326,7,238524
42536,0.033109,104.244.42.0-255,66,238392,7,238524
42537,0.033283,104.244.42.0-255,66,238458,7,238524
42538,0.033285,104.244.42.0-255,66,238524,7,238524
42539,0.0,172.217.194.0-255,153,153,7,197982
42540,2.1e-05,172.31.36.0-255,66,219,7,197982
42541,2.8e-05,172.217.194.0-255,1484,1703,7,197982
42542,3.3e-05,172.31.36.0-255,66,1769,7,197982
42543,3.9e-05,172.217.194.0-255,2902,4671,7,197982
42544,4.3e-05,172.31.36.0-255,66,4737,7,197982
42545,5.1e-05,172.217.194.0-255,7156,11893,7,197982
42546,5.4e-05,172.31.36.0-255,66,11959,7,197982
42547,5.8e-05,172.217.194.0-255,2038,13997,7,197982
42548,6.1e-05,172.31.36.0-255,66,14063,7,197982
42549,8.5e-05,172.217.194.0-255,4320,18383,7,197982
42550,8.7e-05,172.31.36.0-255,66,18449,7,197982
42551,0.000124,172.217.194.0-255,7156,25605,7,197982
42552,0.000126,172.31.36.0-255,66,25671,7,197982
42553,0.000141,172.31.36.0-255,66,25737,7,197982
42554,0.000153,172.31.36.0-255,66,25803,7,197982
42555,0.000204,172.217.194.0-255,1484,27287,7,197982
42556,0.000206,172.31.36.0-255,66,27353,7,197982
42557,0.000211,172.217.194.0-255,2902,30255,7,197982
42558,0.000213,172.31.36.0-255,66,30321,7,197982
42559,0.00022,172.217.194.0-255,5738,36059,7,197982
42560,0.000222,172.31.36.0-255,66,36125,7,197982
42561,0.000253,172.217.194.0-255,7049,43174,7,197982
42562,0.000256,172.31.36.0-255,66,43240,7,197982
42563,0.000531,172.217.194.0-255,121,43361,7,197982
42564,0.000536,172.31.36.0-255,66,43427,7,197982
42565,0.000568,172.217.194.0-255,1484,44911,7,197982
42566,0.000571,172.31.36.0-255,66,44977,7,197982
42567,0.000577,172.217.194.0-255,2902,47879,7,197982
42568,0.000579,172.31.36.0-255,66,47945,7,197982
42569,0.000586,172.217.194.0-255,5738,53683,7,197982
42570,0.000589,172.31.36.0-255,66,53749,7,197982
42571,0.000613,172.217.194.0-255,1484,55233,7,197982
42572,0.000621,172.217.194.0-255,5379,60612,7,197982
42573,0.000624,172.31.36.0-255,66,60678,7,197982
42574,0.000659,172.31.36.0-255,66,60744,7,197982
42575,0.000675,172.217.194.0-255,1484,62228,7,197982
42576,0.00068,172.217.194.0-255,2543,64771,7,197982
42577,0.000683,172.31.36.0-255,66,64837,7,197982
42578,0.001282,172.217.194.0-255,1484,66321,7,197982
42579,0.001305,172.217.194.0-255,2902,69223,7,197982
42580,0.001308,172.31.36.0-255,66,69289,7,197982
42581,0.001315,172.217.194.0-255,5738,75027,7,197982
42582,0.001318,172.31.36.0-255,66,75093,7,197982
42583,0.001321,172.217.194.0-255,1484,76577,7,197982
42584,0.001328,172.217.194.0-255,7156,83733,7,197982
42585,0.00133,172.31.36.0-255,66,83799,7,197982
42586,0.001352,172.217.194.0-255,5738,89537,7,197982
42587,0.001354,172.31.36.0-255,66,89603,7,197982
42588,0.001367,172.31.36.0-255,66,89669,7,197982
42589,0.001517,172.217.194.0-255,1484,91153,7,197982
42590,0.001531,172.217.194.0-255,2902,94055,7,197982
42591,0.001534,172.31.36.0-255,66,94121,7,197982
42592,0.001542,172.217.194.0-255,5738,99859,7,197982
42593,0.001544,172.31.36.0-255,66,99925,7,197982
42594,0.001569,172.217.194.0-255,4320,104245,7,197982
42595,0.001572,172.31.36.0-255,66,104311,7,197982
42596,0.001596,172.217.194.0-255,4320,108631,7,197982
42597,0.001599,172.31.36.0-255,66,108697,7,197982
42598,0.001611,172.31.36.0-255,66,108763,7,197982
42599,0.001616,172.217.194.0-255,2902,111665,7,197982
42600,0.001617,172.31.36.0-255,66,111731,7,197982
42601,0.001639,172.217.194.0-255,2184,113915,7,197982
42602,0.001642,172.31.36.0-255,66,113981,7,197982
42603,0.001669,172.217.194.0-255,1484,115465,7,197982
42604,0.001689,172.217.194.0-255,2902,118367,7,197982
42605,0.001692,172.31.36.0-255,66,118433,7,197982
42606,0.001699,172.217.194.0-255,5738,124171,7,197982
42607,0.001701,172.31.36.0-255,66,124237,7,197982
42608,0.001705,172.217.194.0-255,1484,125721,7,197982
42609,0.001743,172.217.194.0-255,7156,132877,7,197982
42610,0.001746,172.31.36.0-255,66,132943,7,197982
42611,0.001769,172.217.194.0-255,5738,138681,7,197982
42612,0.001771,172.31.36.0-255,66,138747,7,197982
42613,0.001797,172.31.36.0-255,66,138813,7,197982
42614,0.001905,172.217.194.0-255,1484,140297,7,197982
42615,0.001933,172.217.194.0-255,2902,143199,7,197982
42616,0.001938,172.31.36.0-255,66,143265,7,197982
42617,0.001945,172.217.194.0-255,5738,149003,7,197982
42618,0.001947,172.31.36.0-255,66,149069,7,197982
42619,0.001954,172.217.194.0-255,7156,156225,7,197982
42620,0.001956,172.31.36.0-255,66,156291,7,197982
42621,0.001996,172.217.194.0-255,5738,162029,7,197982
42622,0.002,172.31.36.0-255,66,162095,7,197982
42623,0.002013,172.31.36.0-255,66,162161,7,197982
42624,0.002065,172.217.194.0-255,1484,163645,7,197982
42625,0.002069,172.217.194.0-255,2902,166547,7,197982
42626,0.002072,172.31.36.0-255,66,166613,7,197982
42627,0.002078,172.217.194.0-255,5738,172351,7,197982
42628,0.00208,172.31.36.0-255,66,172417,7,197982
42629,0.002086,172.217.194.0-255,5738,178155,7,197982
42630,0.002089,172.31.36.0-255,66,178221,7,197982
42631,0.002107,172.31.36.0-255,66,178287,7,197982
42632,0.002139,172.31.36.0-255,66,178353,7,197982
42633,0.00218,172.31.36.0-255,66,178419,7,197982
42634,0.002203,172.31.36.0-255,66,178485,7,197982
42635,0.002215,172.31.36.0-255,66,178551,7,197982
42636,0.002259,172.31.36.0-255,66,178617,7,197982
42637,0.002284,172.217.194.0-255,3602,182219,7,197982
42638,0.002287,172.31.36.0-255,66,182285,7,197982
42639,0.002309,172.31.36.0-255,66,182351,7,197982
42640,0.002322,172.31.36.0-255,66,182417,7,197982
42641,0.002357,172.217.194.0-255,5738,188155,7,197982
42642,0.00236,172.31.36.0-255,66,188221,7,197982
42643,0.002384,172.31.36.0-255,66,188287,7,197982
42644,0.002409,172.31.36.0-255,66,188353,7,197982
42645,0.002412,172.217.194.0-255,97,188450,7,197982
42646,0.002415,172.217.194.0-255,105,188555,7,197982
42647,0.009117,172.31.36.0-255,66,188621,7,197982
42648,0.009163,172.31.36.0-255,105,188726,7,197982
42649,0.011647,172.217.194.0-255,66,188792,7,197982
42650,0.036963,172.31.36.0-255,172,188964,7,197982
42651,0.036999,172.31.36.0-255,1113,190077,7,197982
42652,0.037069,172.31.36.0-255,1514,191591,7,197982
42653,0.037071,172.31.36.0-255,1514,193105,7,197982
42654,0.037076,172.31.36.0-255,1514,194619,7,197982
42655,0.037077,172.31.36.0-255,1514,196133,7,197982
42656,0.037097,172.31.36.0-255,1514,197647,7,197982
42657,0.037098,172.31.36.0-255,71,197718,7,197982
42658,0.038514,104.244.42.0-255,66,197784,7,197982
42659,0.038526,104.244.42.0-255,66,197850,7,197982
42660,0.038615,104.244.42.0-255,66,197916,7,197982
42661,0.038654,104.244.42.0-255,66,197982,7,197982
42662,0.0,74.125.24.0-255,147,147,7,209743
42663,1.8e-05,172.31.36.0-255,66,213,7,209743
42664,2.6e-05,74.125.24.0-255,1484,1697,7,209743
42665,3e-05,172.31.36.0-255,66,1763,7,209743
42666,3.6e-05,74.125.24.0-255,2902,4665,7,209743
42667,3.9e-05,172.31.36.0-255,66,4731,7,209743
42668,4.7e-05,74.125.24.0-255,7156,11887,7,209743
42669,5e-05,172.31.36.0-255,66,11953,7,209743
42670,7.4e-05,74.125.24.0-255,2036,13989,7,209743
42671,7.8e-05,172.31.36.0-255,66,14055,7,209743
42672,0.000318,74.125.24.0-255,1484,15539,7,209743
42673,0.000323,172.31.36.0-255,66,15605,7,209743
42674,0.000329,74.125.24.0-255,2902,18507,7,209743
42675,0.000332,172.31.36.0-255,66,18573,7,209743
42676,0.000338,74.125.24.0-255,5738,24311,7,209743
42677,0.000341,172.31.36.0-255,66,24377,7,209743
42678,0.000387,74.125.24.0-255,4320,28697,7,209743
42679,0.000391,172.31.36.0-255,66,28763,7,209743
42680,0.000409,74.125.24.0-255,2543,31306,7,209743
42681,0.000412,172.31.36.0-255,66,31372,7,209743
42682,0.00048,74.125.24.0-255,1484,32856,7,209743
42683,0.000484,172.31.36.0-255,66,32922,7,209743
42684,0.000488,74.125.24.0-255,1484,34406,7,209743
42685,0.00049,172.31.36.0-255,66,34472,7,209743
42686,0.000503,74.125.24.0-255,1484,35956,7,209743
42687,0.000509,74.125.24.0-255,5738,41694,7,209743
42688,0.000513,172.31.36.0-255,66,41760,7,209743
42689,0.000517,172.31.36.0-255,66,41826,7,209743
42690,0.000539,74.125.24.0-255,6797,48623,7,209743
42691,0.000542,172.31.36.0-255,66,48689,7,209743
42692,0.000549,74.125.24.0-255,5738,54427,7,209743
42693,0.000552,172.31.36.0-255,66,54493,7,209743
42694,0.000594,74.125.24.0-255,1484,55977,7,209743
42695,0.000609,172.31.36.0-255,66,56043,7,209743
42696,0.000628,74.125.24.0-255,111,56154,7,209743
42697,0.001142,74.125.24.0-255,330,56484,7,209743
42698,0.001473,172.31.36.0-255,66,56550,7,209743
42699,0.001572,74.125.24.0-255,1484,58034,7,209743
42700,0.00158,74.125.24.0-255,2902,60936,7,209743
42701,0.001584,172.31.36.0-255,66,61002,7,209743
42702,0.001593,74.125.24.0-255,5738,66740,7,209743
42703,0.001595,172.31.36.0-255,66,66806,7,209743
42704,0.00163,172.31.36.0-255,66,66872,7,209743
42705,0.001647,74.125.24.0-255,2902,69774,7,209743
42706,0.001649,172.31.36.0-255,66,69840,7,209743
42707,0.001686,74.125.24.0-255,5738,75578,7,209743
42708,0.001689,172.31.36.0-255,66,75644,7,209743
42709,0.001709,74.125.24.0-255,5020,80664,7,209743
42710,0.001712,172.31.36.0-255,66,80730,7,209743
42711,0.002185,74.125.24.0-255,1484,82214,7,209743
42712,0.002194,74.125.24.0-255,2902,85116,7,209743
42713,0.002198,172.31.36.0-255,66,85182,7,209743
42714,0.002206,74.125.24.0-255,5738,90920,7,209743
42715,0.002208,172.31.36.0-255,66,90986,7,209743
42716,0.002223,74.125.24.0-255,2902,93888,7,209743
42717,0.002225,172.31.36.0-255,66,93954,7,209743
42718,0.00225,172.31.36.0-255,66,94020,7,209743
42719,0.002262,172.31.36.0-255,66,94086,7,209743
42720,0.002265,74.125.24.0-255,766,94852,7,209743
42721,0.004556,74.125.24.0-255,4320,99172,7,209743
42722,0.004582,172.31.36.0-255,66,99238,7,209743
42723,0.006863,74.125.24.0-255,5738,104976,7,209743
42724,0.00687,172.31.36.0-255,66,105042,7,209743
42725,0.009181,74.125.24.0-255,5738,110780,7,209743
42726,0.009193,172.31.36.0-255,66,110846,7,209743
42727,0.011484,74.125.24.0-255,5738,116584,7,209743
42728,0.011493,172.31.36.0-255,66,116650,7,209743
42729,0.013783,74.125.24.0-255,4320,120970,7,209743
42730,0.013791,172.31.36.0-255,66,121036,7,209743
42731,0.013813,74.125.24.0-255,1484,122520,7,209743
42732,0.016118,74.125.24.0-255,4320,126840,7,209743
42733,0.016128,172.31.36.0-255,66,126906,7,209743
42734,0.018418,74.125.24.0-255,5738,132644,7,209743
42735,0.018427,172.31.36.0-255,66,132710,7,209743
42736,0.020705,74.125.24.0-255,5738,138448,7,209743
42737,0.020719,172.31.36.0-255,66,138514,7,209743
42738,0.023005,74.125.24.0-255,5738,144252,7,209743
42739,0.023013,172.31.36.0-255,66,144318,7,209743
42740,0.025293,74.125.24.0-255,4320,148638,7,209743
42741,0.0253,172.31.36.0-255,66,148704,7,209743
42742,0.025321,74.125.24.0-255,1484,150188,7,209743
42743,0.027588,74.125.24.0-255,4320,154508,7,209743
42744,0.027595,172.31.36.0-255,66,154574,7,209743
42745,0.029412,172.31.36.0-255,167,154741,7,209743
42746,0.02944,172.31.36.0-255,1115,155856,7,209743
42747,0.029498,172.31.36.0-255,1514,157370,7,209743
42748,0.0295,172.31.36.0-255,1291,158661,7,209743
42749,0.029897,74.125.24.0-255,4320,162981,7,209743
42750,0.029905,172.31.36.0-255,66,163047,7,209743
42751,0.029925,74.125.24.0-255,1484,164531,7,209743
42752,0.030942,104.244.42.0-255,66,164597,7,209743
42753,0.030993,104.244.42.0-255,66,164663,7,209743
42754,0.031038,104.244.42.0-255,66,164729,7,209743
42755,0.032179,74.125.24.0-255,4320,169049,7,209743
42756,0.032186,172.31.36.0-255,66,169115,7,209743
42757,0.0345,74.125.24.0-255,5738,174853,7,209743
42758,0.034507,172.31.36.0-255,66,174919,7,209743
42759,0.036782,74.125.24.0-255,5738,180657,7,209743
42760,0.036788,172.31.36.0-255,66,180723,7,209743
42761,0.03909,74.125.24.0-255,5738,186461,7,209743
42762,0.039096,172.31.36.0-255,66,186527,7,209743
42763,0.041391,74.125.24.0-255,5738,192265,7,209743
42764,0.041398,172.31.36.0-255,66,192331,7,209743
42765,0.043722,74.125.24.0-255,5738,198069,7,209743
42766,0.043728,172.31.36.0-255,66,198135,7,209743
42767,0.046034,74.125.24.0-255,5738,203873,7,209743
42768,0.04604,172.31.36.0-255,66,203939,7,209743
42769,0.048354,74.125.24.0-255,5738,209677,7,209743
42770,0.048361,172.31.36.0-255,66,209743,7,209743
42771,0.0,74.125.24.0-255,146,146,7,228854
42772,3.6e-05,172.31.36.0-255,66,212,7,228854
42773,4.3e-05,74.125.24.0-255,1484,1696,7,228854
42774,4.7e-05,172.31.36.0-255,66,1762,7,228854
42775,5.3e-05,74.125.24.0-255,2902,4664,7,228854
42776,6.5e-05,172.31.36.0-255,66,4730,7,228854
42777,7.2e-05,74.125.24.0-255,5738,10468,7,228854
42778,7.4e-05,172.31.36.0-255,66,10534,7,228854
42779,8e-05,74.125.24.0-255,3454,13988,7,228854
42780,8.3e-05,172.31.36.0-255,66,14054,7,228854
42781,0.000207,74.125.24.0-255,1484,15538,7,228854
42782,0.000213,172.31.36.0-255,66,15604,7,228854
42783,0.000218,74.125.24.0-255,2902,18506,7,228854
42784,0.000221,172.31.36.0-255,66,18572,7,228854
42785,0.000228,74.125.24.0-255,5738,24310,7,228854
42786,0.000236,172.31.36.0-255,66,24376,7,228854
42787,0.000297,74.125.24.0-255,6797,31173,7,228854
42788,0.000302,172.31.36.0-255,66,31239,7,228854
42789,0.000309,74.125.24.0-255,7156,38395,7,228854
42790,0.000312,172.31.36.0-255,66,38461,7,228854
42791,0.000352,172.31.36.0-255,66,38527,7,228854
42792,0.001105,74.125.24.0-255,1484,40011,7,228854
42793,0.001111,172.31.36.0-255,66,40077,7,228854
42794,0.001122,74.125.24.0-255,2902,42979,7,228854
42795,0.001125,172.31.36.0-255,66,43045,7,228854
42796,0.001138,74.125.24.0-255,5738,48783,7,228854
42797,0.00114,172.31.36.0-255,66,48849,7,228854
42798,0.001147,74.125.24.0-255,5738,54587,7,228854
42799,0.001149,172.31.36.0-255,66,54653,7,228854
42800,0.001178,74.125.24.0-255,7156,61809,7,228854
42801,0.00118,172.31.36.0-255,66,61875,7,228854
42802,0.001215,74.125.24.0-255,6797,68672,7,228854
42803,0.001221,74.125.24.0-255,3961,72633,7,228854
42804,0.001245,172.31.36.0-255,66,72699,7,228854
42805,0.00125,74.125.24.0-255,2902,75601,7,228854
42806,0.001255,172.31.36.0-255,66,75667,7,228854
42807,0.001333,172.31.36.0-255,66,75733,7,228854
42808,0.001489,74.125.24.0-255,1484,77217,7,228854
42809,0.001496,74.125.24.0-255,2902,80119,7,228854
42810,0.001515,172.31.36.0-255,66,80185,7,228854
42811,0.001521,74.125.24.0-255,5738,85923,7,228854
42812,0.001524,74.125.24.0-255,1484,87407,7,228854
42813,0.001549,172.31.36.0-255,66,87473,7,228854
42814,0.001581,74.125.24.0-255,2902,90375,7,228854
42815,0.001592,74.125.24.0-255,766,91141,7,228854
42816,0.001616,172.31.36.0-255,66,91207,7,228854
42817,0.002092,74.125.24.0-255,1484,92691,7,228854
42818,0.002098,74.125.24.0-255,2902,95593,7,228854
42819,0.002101,172.31.36.0-255,66,95659,7,228854
42820,0.002108,74.125.24.0-255,5738,101397,7,228854
42821,0.00213,74.125.24.0-255,4320,105717,7,228854
42822,0.002136,172.31.36.0-255,66,105783,7,228854
42823,0.002192,74.125.24.0-255,2902,108685,7,228854
42824,0.002216,172.31.36.0-255,66,108751,7,228854
42825,0.002655,74.125.24.0-255,1484,110235,7,228854
42826,0.002676,74.125.24.0-255,2902,113137,7,228854
42827,0.00268,172.31.36.0-255,66,113203,7,228854
42828,0.002687,74.125.24.0-255,5738,118941,7,228854
42829,0.00272,74.125.24.0-255,2902,121843,7,228854
42830,0.002722,74.125.24.0-255,1484,123327,7,228854
42831,0.00273,172.31.36.0-255,66,123393,7,228854
42832,0.002764,74.125.24.0-255,6438,129831,7,228854
42833,0.002782,172.31.36.0-255,66,129897,7,228854
42834,0.002794,74.125.24.0-255,4320,134217,7,228854
42835,0.002808,74.125.24.0-255,2902,137119,7,228854
42836,0.002814,74.125.24.0-255,5738,142857,7,228854
42837,0.002833,74.125.24.0-255,4320,147177,7,228854
42838,0.002836,172.31.36.0-255,66,147243,7,228854
42839,0.00284,172.31.36.0-255,66,147309,7,228854
42840,0.002892,74.125.24.0-255,6438,153747,7,228854
42841,0.002918,172.31.36.0-255,66,153813,7,228854
42842,0.002969,74.125.24.0-255,5020,158833,7,228854
42843,0.003079,74.125.24.0-255,1484,160317,7,228854
42844,0.003085,74.125.24.0-255,2902,163219,7,228854
42845,0.003091,74.125.24.0-255,5738,168957,7,228854
42846,0.003104,74.125.24.0-255,1484,170441,7,228854
42847,0.003171,74.125.24.0-255,7156,177597,7,228854
42848,0.003179,74.125.24.0-255,3602,181199,7,228854
42849,0.003229,74.125.24.0-255,1484,182683,7,228854
42850,0.003235,74.125.24.0-255,2902,185585,7,228854
42851,0.003254,74.125.24.0-255,5738,191323,7,228854
42852,0.003299,74.125.24.0-255,7156,198479,7,228854
42853,0.00343,74.125.24.0-255,3602,202081,7,228854
42854,0.003481,74.125.24.0-255,2902,204983,7,228854
42855,0.003525,74.125.24.0-255,1484,206467,7,228854
42856,0.003532,74.125.24.0-255,5020,211487,7,228854
42857,0.003592,74.125.24.0-255,1484,212971,7,228854
42858,0.003617,74.125.24.0-255,1484,214455,7,228854
42859,0.003623,74.125.24.0-255,4320,218775,7,228854
42860,0.003632,74.125.24.0-255,5437,224212,7,228854
42861,0.003684,74.125.24.0-255,105,224317,7,228854
42862,0.00394,172.31.36.0-255,66,224383,7,228854
42863,0.006296,172.31.36.0-255,105,224488,7,228854
42864,0.008642,74.125.24.0-255,66,224554,7,228854
42865,0.032637,172.31.36.0-255,182,224736,7,228854
42866,0.032696,172.31.36.0-255,1114,225850,7,228854
42867,0.03278,172.31.36.0-255,1514,227364,7,228854
42868,0.032782,172.31.36.0-255,1292,228656,7,228854
42869,0.034182,104.244.42.0-255,66,228722,7,228854
42870,0.034294,104.244.42.0-255,66,228788,7,228854
42871,0.034337,104.244.42.0-255,66,228854,7,228854
