,TIME,SRC,PACKET_SIZE,CUMULATIVE_PACKET_SIZE,PAGE_NUMBER,TOTAL_PACKET_SIZE
0,0.0,74.125.130.0-255,150,150,33,201812
1,2.8e-05,172.31.33.0-255,66,216,33,201812
2,3.5e-05,74.125.130.0-255,1484,1700,33,201812
3,3.9e-05,172.31.33.0-255,66,1766,33,201812
4,6.2e-05,74.125.130.0-255,2902,4668,33,201812
5,6.4e-05,172.31.33.0-255,66,4734,33,201812
6,8.5e-05,74.125.130.0-255,7156,11890,33,201812
7,8.8e-05,172.31.33.0-255,66,11956,33,201812
8,0.000143,172.31.33.0-255,66,12022,33,201812
9,0.000153,172.31.33.0-255,66,12088,33,201812
10,0.000177,74.125.130.0-255,2543,14631,33,201812
11,0.00018,172.31.33.0-255,66,14697,33,201812
12,0.000371,74.125.130.0-255,1484,16181,33,201812
13,0.000376,172.31.33.0-255,66,16247,33,201812
14,0.000382,74.125.130.0-255,2902,19149,33,201812
15,0.000384,172.31.33.0-255,66,19215,33,201812
16,0.000431,74.125.130.0-255,4320,23535,33,201812
17,0.000434,172.31.33.0-255,66,23601,33,201812
18,0.000452,74.125.130.0-255,1484,25085,33,201812
19,0.000454,172.31.33.0-255,66,25151,33,201812
20,0.000458,74.125.130.0-255,1484,26635,33,201812
21,0.00046,172.31.33.0-255,66,26701,33,201812
22,0.000464,74.125.130.0-255,2902,29603,33,201812
23,0.000467,172.31.33.0-255,66,29669,33,201812
24,0.000485,74.125.130.0-255,5379,35048,33,201812
25,0.000488,172.31.33.0-255,66,35114,33,201812
26,0.000503,74.125.130.0-255,4320,39434,33,201812
27,0.000505,172.31.33.0-255,66,39500,33,201812
28,0.000525,74.125.130.0-255,1484,40984,33,201812
29,0.000529,172.31.33.0-255,66,41050,33,201812
30,0.000535,74.125.130.0-255,5738,46788,33,201812
31,0.000537,172.31.33.0-255,66,46854,33,201812
32,0.000577,74.125.130.0-255,2833,49687,33,201812
33,0.000581,172.31.33.0-255,66,49753,33,201812
34,0.000661,74.125.130.0-255,365,50118,33,201812
35,0.000769,74.125.130.0-255,1484,51602,33,201812
36,0.000776,172.31.33.0-255,66,51668,33,201812
37,0.000786,74.125.130.0-255,1484,53152,33,201812
38,0.000789,172.31.33.0-255,66,53218,33,201812
39,0.000803,74.125.130.0-255,1484,54702,33,201812
40,0.000827,74.125.130.0-255,5738,60440,33,201812
41,0.000831,172.31.33.0-255,66,60506,33,201812
42,0.000846,74.125.130.0-255,5738,66244,33,201812
43,0.000849,172.31.33.0-255,66,66310,33,201812
44,0.000864,74.125.130.0-255,2902,69212,33,201812
45,0.000868,172.31.33.0-255,66,69278,33,201812
46,0.000896,74.125.130.0-255,4320,73598,33,201812
47,0.000899,172.31.33.0-255,66,73664,33,201812
48,0.000906,74.125.130.0-255,7156,80820,33,201812
49,0.000908,172.31.33.0-255,66,80886,33,201812
50,0.000943,74.125.130.0-255,3602,84488,33,201812
51,0.000946,172.31.33.0-255,66,84554,33,201812
52,0.001023,74.125.130.0-255,1484,86038,33,201812
53,0.001036,74.125.130.0-255,1484,87522,33,201812
54,0.001039,172.31.33.0-255,66,87588,33,201812
55,0.001042,74.125.130.0-255,1484,89072,33,201812
56,0.00106,74.125.130.0-255,1484,90556,33,201812
57,0.001062,172.31.33.0-255,66,90622,33,201812
58,0.001066,74.125.130.0-255,1484,92106,33,201812
59,0.001085,74.125.130.0-255,4320,96426,33,201812
60,0.001088,172.31.33.0-255,66,96492,33,201812
61,0.001092,74.125.130.0-255,2902,99394,33,201812
62,0.001094,172.31.33.0-255,66,99460,33,201812
63,0.001106,74.125.130.0-255,1484,100944,33,201812
64,0.001121,74.125.130.0-255,2902,103846,33,201812
65,0.001125,172.31.33.0-255,66,103912,33,201812
66,0.001144,74.125.130.0-255,5738,109650,33,201812
67,0.001147,172.31.33.0-255,66,109716,33,201812
68,0.001178,74.125.130.0-255,7156,116872,33,201812
69,0.001182,172.31.33.0-255,66,116938,33,201812
70,0.001186,74.125.130.0-255,2184,119122,33,201812
71,0.001188,172.31.33.0-255,66,119188,33,201812
72,0.00126,74.125.130.0-255,1484,120672,33,201812
73,0.001273,74.125.130.0-255,2902,123574,33,201812
74,0.001276,172.31.33.0-255,66,123640,33,201812
75,0.001299,74.125.130.0-255,5738,129378,33,201812
76,0.001302,172.31.33.0-255,66,129444,33,201812
77,0.001306,74.125.130.0-255,1484,130928,33,201812
78,0.001325,74.125.130.0-255,5738,136666,33,201812
79,0.001328,172.31.33.0-255,66,136732,33,201812
80,0.001365,74.125.130.0-255,2902,139634,33,201812
81,0.001369,172.31.33.0-255,66,139700,33,201812
82,0.001386,172.31.33.0-255,66,139766,33,201812
83,0.001391,74.125.130.0-255,3602,143368,33,201812
84,0.001393,172.31.33.0-255,66,143434,33,201812
85,0.001709,74.125.130.0-255,1484,144918,33,201812
86,0.001717,74.125.130.0-255,1484,146402,33,201812
87,0.001721,172.31.33.0-255,66,146468,33,201812
88,0.001741,74.125.130.0-255,1484,147952,33,201812
89,0.001747,74.125.130.0-255,4320,152272,33,201812
90,0.00175,172.31.33.0-255,66,152338,33,201812
91,0.001787,74.125.130.0-255,5738,158076,33,201812
92,0.001791,172.31.33.0-255,66,158142,33,201812
93,0.001795,74.125.130.0-255,2902,161044,33,201812
94,0.001798,172.31.33.0-255,66,161110,33,201812
95,0.001812,74.125.130.0-255,2902,164012,33,201812
96,0.001815,172.31.33.0-255,66,164078,33,201812
97,0.001818,74.125.130.0-255,1484,165562,33,201812
98,0.001845,74.125.130.0-255,5738,171300,33,201812
99,0.001848,172.31.33.0-255,66,171366,33,201812
100,0.001854,74.125.130.0-255,4320,175686,33,201812
101,0.001856,172.31.33.0-255,66,175752,33,201812
102,0.001915,74.125.130.0-255,2184,177936,33,201812
103,0.001919,172.31.33.0-255,66,178002,33,201812
104,0.003854,74.125.130.0-255,2902,180904,33,201812
105,0.00386,172.31.33.0-255,66,180970,33,201812
106,0.003906,74.125.130.0-255,1484,182454,33,201812
107,0.003922,74.125.130.0-255,1484,183938,33,201812
108,0.003924,172.31.33.0-255,66,184004,33,201812
109,0.005851,74.125.130.0-255,2902,186906,33,201812
110,0.005854,172.31.33.0-255,66,186972,33,201812
111,0.005909,74.125.130.0-255,2902,189874,33,201812
112,0.005912,172.31.33.0-255,66,189940,33,201812
113,0.007842,74.125.130.0-255,2902,192842,33,201812
114,0.007848,172.31.33.0-255,66,192908,33,201812
115,0.007893,74.125.130.0-255,2902,195810,33,201812
116,0.0079,172.31.33.0-255,66,195876,33,201812
117,0.009862,74.125.130.0-255,2902,198778,33,201812
118,0.009869,172.31.33.0-255,66,198844,33,201812
119,0.009911,74.125.130.0-255,2902,201746,33,201812
120,0.009915,172.31.33.0-255,66,201812,33,201812
121,0.0,172.217.194.0-255,151,151,33,235578
122,1.6e-05,172.31.33.0-255,66,217,33,235578
123,5.1e-05,172.217.194.0-255,1484,1701,33,235578
124,5.4e-05,172.31.33.0-255,66,1767,33,235578
125,5.9e-05,172.217.194.0-255,2902,4669,33,235578
126,6.2e-05,172.31.33.0-255,66,4735,33,235578
127,7.2e-05,172.217.194.0-255,7156,11891,33,235578
128,7.5e-05,172.31.33.0-255,66,11957,33,235578
129,9.7e-05,172.217.194.0-255,2902,14859,33,235578
130,0.0001,172.31.33.0-255,66,14925,33,235578
131,0.000132,172.31.33.0-255,66,14991,33,235578
132,0.000158,172.217.194.0-255,3431,18422,33,235578
133,0.000161,172.31.33.0-255,66,18488,33,235578
134,0.000186,172.217.194.0-255,2543,21031,33,235578
135,0.000188,172.31.33.0-255,66,21097,33,235578
136,0.000241,172.217.194.0-255,2902,23999,33,235578
137,0.000244,172.31.33.0-255,66,24065,33,235578
138,0.000247,172.217.194.0-255,1484,25549,33,235578
139,0.000249,172.31.33.0-255,66,25615,33,235578
140,0.000282,172.217.194.0-255,2902,28517,33,235578
141,0.000284,172.31.33.0-255,66,28583,33,235578
142,0.00029,172.217.194.0-255,7156,35739,33,235578
143,0.000292,172.31.33.0-255,66,35805,33,235578
144,0.000316,172.217.194.0-255,1484,37289,33,235578
145,0.000318,172.31.33.0-255,66,37355,33,235578
146,0.000322,172.217.194.0-255,2543,39898,33,235578
147,0.000324,172.31.33.0-255,66,39964,33,235578
148,0.000328,172.217.194.0-255,2902,42866,33,235578
149,0.000335,172.31.33.0-255,66,42932,33,235578
150,0.000341,172.217.194.0-255,7156,50088,33,235578
151,0.000343,172.31.33.0-255,66,50154,33,235578
152,0.000349,172.217.194.0-255,5668,55822,33,235578
153,0.000372,172.217.194.0-255,99,55921,33,235578
154,0.000497,172.31.33.0-255,66,55987,33,235578
155,0.000645,172.217.194.0-255,364,56351,33,235578
156,0.000887,172.217.194.0-255,1484,57835,33,235578
157,0.000892,172.31.33.0-255,66,57901,33,235578
158,0.000897,172.217.194.0-255,2902,60803,33,235578
159,0.000905,172.31.33.0-255,66,60869,33,235578
160,0.000934,172.217.194.0-255,5738,66607,33,235578
161,0.000956,172.217.194.0-255,1484,68091,33,235578
162,0.000988,172.31.33.0-255,66,68157,33,235578
163,0.001293,172.217.194.0-255,1484,69641,33,235578
164,0.001334,172.217.194.0-255,2902,72543,33,235578
165,0.001337,172.31.33.0-255,66,72609,33,235578
166,0.001342,172.217.194.0-255,2902,75511,33,235578
167,0.001344,172.31.33.0-255,66,75577,33,235578
168,0.00138,172.217.194.0-255,2902,78479,33,235578
169,0.001392,172.31.33.0-255,66,78545,33,235578
170,0.001445,172.31.33.0-255,66,78611,33,235578
171,0.00147,172.217.194.0-255,2184,80795,33,235578
172,0.001483,172.31.33.0-255,66,80861,33,235578
173,0.001577,172.217.194.0-255,1484,82345,33,235578
174,0.00159,172.217.194.0-255,2902,85247,33,235578
175,0.001593,172.31.33.0-255,66,85313,33,235578
176,0.001623,172.217.194.0-255,5738,91051,33,235578
177,0.001628,172.217.194.0-255,5738,96789,33,235578
178,0.001648,172.217.194.0-255,1484,98273,33,235578
179,0.001662,172.31.33.0-255,66,98339,33,235578
180,0.00171,172.31.33.0-255,66,98405,33,235578
181,0.001792,172.217.194.0-255,1484,99889,33,235578
182,0.001798,172.217.194.0-255,2902,102791,33,235578
183,0.001801,172.31.33.0-255,66,102857,33,235578
184,0.001833,172.217.194.0-255,5738,108595,33,235578
185,0.001839,172.217.194.0-255,5738,114333,33,235578
186,0.001845,172.31.33.0-255,66,114399,33,235578
187,0.001854,172.217.194.0-255,2902,117301,33,235578
188,0.001859,172.31.33.0-255,66,117367,33,235578
189,0.001889,172.217.194.0-255,766,118133,33,235578
190,0.001909,172.31.33.0-255,66,118199,33,235578
191,0.002253,172.217.194.0-255,1484,119683,33,235578
192,0.002257,172.217.194.0-255,1484,121167,33,235578
193,0.00226,172.31.33.0-255,66,121233,33,235578
194,0.002283,172.217.194.0-255,1484,122717,33,235578
195,0.002289,172.217.194.0-255,5738,128455,33,235578
196,0.002291,172.31.33.0-255,66,128521,33,235578
197,0.002318,172.217.194.0-255,7156,135677,33,235578
198,0.002321,172.217.194.0-255,1484,137161,33,235578
199,0.002331,172.31.33.0-255,66,137227,33,235578
200,0.002362,172.217.194.0-255,2902,140129,33,235578
201,0.00237,172.31.33.0-255,66,140195,33,235578
202,0.00239,172.217.194.0-255,2184,142379,33,235578
203,0.002404,172.217.194.0-255,2902,145281,33,235578
204,0.002409,172.31.33.0-255,66,145347,33,235578
205,0.002433,172.217.194.0-255,5738,151085,33,235578
206,0.002436,172.217.194.0-255,1484,152569,33,235578
207,0.002442,172.31.33.0-255,66,152635,33,235578
208,0.002469,172.217.194.0-255,5738,158373,33,235578
209,0.002477,172.217.194.0-255,2902,161275,33,235578
210,0.002489,172.217.194.0-255,2902,164177,33,235578
211,0.002494,172.217.194.0-255,4320,168497,33,235578
212,0.002515,172.217.194.0-255,7156,175653,33,235578
213,0.002518,172.217.194.0-255,766,176419,33,235578
214,0.002532,172.217.194.0-255,2902,179321,33,235578
215,0.002545,172.217.194.0-255,1484,180805,33,235578
216,0.002548,172.217.194.0-255,1484,182289,33,235578
217,0.002563,172.217.194.0-255,2902,185191,33,235578
218,0.002565,172.217.194.0-255,1484,186675,33,235578
219,0.002579,172.217.194.0-255,7156,193831,33,235578
220,0.002613,172.217.194.0-255,7156,200987,33,235578
221,0.002642,172.217.194.0-255,4320,205307,33,235578
222,0.002648,172.217.194.0-255,5020,210327,33,235578
223,0.002651,172.217.194.0-255,1484,211811,33,235578
224,0.002666,172.217.194.0-255,1484,213295,33,235578
225,0.002692,172.217.194.0-255,2902,216197,33,235578
226,0.002739,172.217.194.0-255,766,216963,33,235578
227,0.002767,172.217.194.0-255,1484,218447,33,235578
228,0.002779,172.217.194.0-255,4320,222767,33,235578
229,0.002835,172.217.194.0-255,5020,227787,33,235578
230,0.002859,172.217.194.0-255,2902,230689,33,235578
231,0.002865,172.217.194.0-255,4613,235302,33,235578
232,0.002867,172.217.194.0-255,105,235407,33,235578
233,0.007631,172.31.33.0-255,66,235473,33,235578
234,0.009149,172.31.33.0-255,105,235578,33,235578
235,0.0,172.217.194.0-255,218,218,33,182481
236,1.9e-05,172.31.33.0-255,66,284,33,182481
237,2.5e-05,172.217.194.0-255,1484,1768,33,182481
238,2.9e-05,172.31.33.0-255,66,1834,33,182481
239,3.5e-05,172.217.194.0-255,4320,6154,33,182481
240,3.7e-05,172.31.33.0-255,66,6220,33,182481
241,4e-05,172.217.194.0-255,1484,7704,33,182481
242,4.2e-05,172.31.33.0-255,66,7770,33,182481
243,6.5e-05,172.217.194.0-255,5738,13508,33,182481
244,6.7e-05,172.31.33.0-255,66,13574,33,182481
245,7.8e-05,172.217.194.0-255,376,13950,33,182481
246,8e-05,172.31.33.0-255,66,14016,33,182481
247,0.000125,172.217.194.0-255,1484,15500,33,182481
248,0.000127,172.31.33.0-255,66,15566,33,182481
249,0.000146,172.217.194.0-255,2902,18468,33,182481
250,0.000148,172.31.33.0-255,66,18534,33,182481
251,0.000153,172.217.194.0-255,2902,21436,33,182481
252,0.000155,172.31.33.0-255,66,21502,33,182481
253,0.00017,172.217.194.0-255,2902,24404,33,182481
254,0.000172,172.31.33.0-255,66,24470,33,182481
255,0.000175,172.217.194.0-255,1484,25954,33,182481
256,0.000176,172.31.33.0-255,66,26020,33,182481
257,0.000195,172.217.194.0-255,5379,31399,33,182481
258,0.000198,172.31.33.0-255,66,31465,33,182481
259,0.000204,172.217.194.0-255,7156,38621,33,182481
260,0.000206,172.31.33.0-255,66,38687,33,182481
261,0.000245,172.31.33.0-255,66,38753,33,182481
262,0.001015,172.217.194.0-255,1484,40237,33,182481
263,0.001021,172.31.33.0-255,66,40303,33,182481
264,0.001029,172.217.194.0-255,2902,43205,33,182481
265,0.001031,172.31.33.0-255,66,43271,33,182481
266,0.001036,172.217.194.0-255,5738,49009,33,182481
267,0.001038,172.31.33.0-255,66,49075,33,182481
268,0.001074,172.217.194.0-255,5738,54813,33,182481
269,0.001076,172.31.33.0-255,66,54879,33,182481
270,0.001105,172.217.194.0-255,1704,56583,33,182481
271,0.001107,172.31.33.0-255,66,56649,33,182481
272,0.001112,172.217.194.0-255,2902,59551,33,182481
273,0.001113,172.31.33.0-255,66,59617,33,182481
274,0.001127,172.217.194.0-255,4320,63937,33,182481
275,0.001128,172.31.33.0-255,66,64003,33,182481
276,0.001149,172.217.194.0-255,2902,66905,33,182481
277,0.00115,172.31.33.0-255,66,66971,33,182481
278,0.001161,172.31.33.0-255,66,67037,33,182481
279,0.001207,172.31.33.0-255,66,67103,33,182481
280,0.001221,172.217.194.0-255,5020,72123,33,182481
281,0.001224,172.31.33.0-255,66,72189,33,182481
282,0.001604,172.217.194.0-255,1484,73673,33,182481
283,0.001612,172.217.194.0-255,2902,76575,33,182481
284,0.001616,172.31.33.0-255,66,76641,33,182481
285,0.001639,172.217.194.0-255,5738,82379,33,182481
286,0.001642,172.31.33.0-255,66,82445,33,182481
287,0.001669,172.31.33.0-255,66,82511,33,182481
288,0.001676,172.217.194.0-255,7156,89667,33,182481
289,0.001678,172.31.33.0-255,66,89733,33,182481
290,0.001694,172.217.194.0-255,3602,93335,33,182481
291,0.001696,172.31.33.0-255,66,93401,33,182481
292,0.001726,172.217.194.0-255,2902,96303,33,182481
293,0.001729,172.31.33.0-255,66,96369,33,182481
294,0.001733,172.217.194.0-255,4320,100689,33,182481
295,0.001735,172.31.33.0-255,66,100755,33,182481
296,0.001745,172.31.33.0-255,66,100821,33,182481
297,0.001767,172.217.194.0-255,2902,103723,33,182481
298,0.001769,172.31.33.0-255,66,103789,33,182481
299,0.001796,172.31.33.0-255,66,103855,33,182481
300,0.002067,172.217.194.0-255,1484,105339,33,182481
301,0.002074,172.217.194.0-255,2902,108241,33,182481
302,0.002078,172.31.33.0-255,66,108307,33,182481
303,0.002084,172.217.194.0-255,5738,114045,33,182481
304,0.002086,172.31.33.0-255,66,114111,33,182481
305,0.00212,172.31.33.0-255,66,114177,33,182481
306,0.002126,172.217.194.0-255,7156,121333,33,182481
307,0.002128,172.31.33.0-255,66,121399,33,182481
308,0.002147,172.217.194.0-255,1484,122883,33,182481
309,0.002158,172.217.194.0-255,2184,125067,33,182481
310,0.00216,172.31.33.0-255,66,125133,33,182481
311,0.002248,172.217.194.0-255,1484,126617,33,182481
312,0.002259,172.217.194.0-255,2902,129519,33,182481
313,0.002261,172.31.33.0-255,66,129585,33,182481
314,0.00229,172.217.194.0-255,5738,135323,33,182481
315,0.002292,172.31.33.0-255,66,135389,33,182481
316,0.002309,172.217.194.0-255,4320,139709,33,182481
317,0.002311,172.31.33.0-255,66,139775,33,182481
318,0.002337,172.31.33.0-255,66,139841,33,182481
319,0.002343,172.217.194.0-255,5738,145579,33,182481
320,0.002344,172.31.33.0-255,66,145645,33,182481
321,0.002376,172.217.194.0-255,1484,147129,33,182481
322,0.002398,172.31.33.0-255,66,147195,33,182481
323,0.002445,172.217.194.0-255,7156,154351,33,182481
324,0.002447,172.31.33.0-255,66,154417,33,182481
325,0.002473,172.31.33.0-255,66,154483,33,182481
326,0.002483,172.31.33.0-255,66,154549,33,182481
327,0.002498,172.217.194.0-255,1484,156033,33,182481
328,0.002501,172.217.194.0-255,1484,157517,33,182481
329,0.002503,172.31.33.0-255,66,157583,33,182481
330,0.002526,172.217.194.0-255,1484,159067,33,182481
331,0.002532,172.217.194.0-255,5738,164805,33,182481
332,0.002535,172.31.33.0-255,66,164871,33,182481
333,0.002538,172.217.194.0-255,1484,166355,33,182481
334,0.002549,172.31.33.0-255,66,166421,33,182481
335,0.00258,172.217.194.0-255,4320,170741,33,182481
336,0.002582,172.31.33.0-255,66,170807,33,182481
337,0.002603,172.31.33.0-255,66,170873,33,182481
338,0.005139,172.217.194.0-255,5738,176611,33,182481
339,0.005142,172.31.33.0-255,66,176677,33,182481
340,0.007704,172.217.194.0-255,5738,182415,33,182481
341,0.007722,172.31.33.0-255,66,182481,33,182481
342,0.0,172.31.33.0-255,66,66,33,66
343,0.0,172.31.33.0-255,105,105,33,459
344,0.000255,172.31.33.0-255,90,195,33,459
345,0.000265,172.31.33.0-255,66,261,33,459
346,0.002591,172.217.194.0-255,66,327,33,459
347,0.002608,172.217.194.0-255,66,393,33,459
348,0.00262,172.31.33.0-255,66,459,33,459
349,0.0,74.125.200.0-255,148,148,33,63435
350,2.6e-05,172.31.33.0-255,66,214,33,63435
351,5.5e-05,74.125.200.0-255,1484,1698,33,63435
352,5.9e-05,172.31.33.0-255,66,1764,33,63435
353,6.4e-05,74.125.200.0-255,2902,4666,33,63435
354,6.7e-05,172.31.33.0-255,66,4732,33,63435
355,6.9e-05,74.125.200.0-255,1484,6216,33,63435
356,7.3e-05,172.31.33.0-255,66,6282,33,63435
357,0.000101,74.125.200.0-255,4320,10602,33,63435
358,0.000104,172.31.33.0-255,66,10668,33,63435
359,0.000126,74.125.200.0-255,1484,12152,33,63435
360,0.000128,172.31.33.0-255,66,12218,33,63435
361,0.000152,74.125.200.0-255,2053,14271,33,63435
362,0.000157,172.31.33.0-255,66,14337,33,63435
363,0.000161,74.125.200.0-255,2902,17239,33,63435
364,0.000162,172.31.33.0-255,66,17305,33,63435
365,0.00018,74.125.200.0-255,1484,18789,33,63435
366,0.000183,172.31.33.0-255,66,18855,33,63435
367,0.000185,74.125.200.0-255,1484,20339,33,63435
368,0.000191,172.31.33.0-255,66,20405,33,63435
369,0.000195,74.125.200.0-255,2902,23307,33,63435
370,0.000198,172.31.33.0-255,66,23373,33,63435
371,0.000203,74.125.200.0-255,5738,29111,33,63435
372,0.000206,172.31.33.0-255,66,29177,33,63435
373,0.000245,74.125.200.0-255,2543,31720,33,63435
374,0.000247,172.31.33.0-255,66,31786,33,63435
375,0.00082,74.125.200.0-255,1484,33270,33,63435
376,0.000827,172.31.33.0-255,66,33336,33,63435
377,0.000836,74.125.200.0-255,2902,36238,33,63435
378,0.000838,172.31.33.0-255,66,36304,33,63435
379,0.000849,74.125.200.0-255,4320,40624,33,63435
380,0.000851,172.31.33.0-255,66,40690,33,63435
381,0.000892,172.31.33.0-255,66,40756,33,63435
382,0.000897,74.125.200.0-255,2902,43658,33,63435
383,0.000899,172.31.33.0-255,66,43724,33,63435
384,0.000968,172.31.33.0-255,66,43790,33,63435
385,0.000996,74.125.200.0-255,2543,46333,33,63435
386,0.001,172.31.33.0-255,66,46399,33,63435
387,0.001768,74.125.200.0-255,646,47045,33,63435
388,0.003238,74.125.200.0-255,1484,48529,33,63435
389,0.003242,172.31.33.0-255,66,48595,33,63435
390,0.003268,74.125.200.0-255,2902,51497,33,63435
391,0.00327,172.31.33.0-255,66,51563,33,63435
392,0.005519,74.125.200.0-255,2902,54465,33,63435
393,0.005524,172.31.33.0-255,66,54531,33,63435
394,0.005548,74.125.200.0-255,2902,57433,33,63435
395,0.00555,172.31.33.0-255,66,57499,33,63435
396,0.007804,74.125.200.0-255,2902,60401,33,63435
397,0.007811,172.31.33.0-255,66,60467,33,63435
398,0.007839,74.125.200.0-255,2902,63369,33,63435
399,0.007843,172.31.33.0-255,66,63435,33,63435
400,0.0,74.125.24.0-255,153,153,33,170139
401,3.1e-05,172.31.33.0-255,66,219,33,170139
402,3.9e-05,74.125.24.0-255,1484,1703,33,170139
403,4.4e-05,172.31.33.0-255,66,1769,33,170139
404,4.8e-05,74.125.24.0-255,2902,4671,33,170139
405,5.1e-05,172.31.33.0-255,66,4737,33,170139
406,5.9e-05,74.125.24.0-255,7156,11893,33,170139
407,6.1e-05,172.31.33.0-255,66,11959,33,170139
408,6.5e-05,74.125.24.0-255,1984,13943,33,170139
409,6.7e-05,172.31.33.0-255,66,14009,33,170139
410,0.000114,74.125.24.0-255,1484,15493,33,170139
411,0.000117,172.31.33.0-255,66,15559,33,170139
412,0.000121,74.125.24.0-255,2902,18461,33,170139
413,0.000123,172.31.33.0-255,66,18527,33,170139
414,0.000128,74.125.24.0-255,2902,21429,33,170139
415,0.00013,172.31.33.0-255,66,21495,33,170139
416,0.000153,74.125.24.0-255,2902,24397,33,170139
417,0.000156,172.31.33.0-255,66,24463,33,170139
418,0.00017,74.125.24.0-255,5738,30201,33,170139
419,0.000172,172.31.33.0-255,66,30267,33,170139
420,0.000184,74.125.24.0-255,1125,31392,33,170139
421,0.000186,172.31.33.0-255,66,31458,33,170139
422,0.000191,74.125.24.0-255,2902,34360,33,170139
423,0.000193,172.31.33.0-255,66,34426,33,170139
424,0.000217,74.125.24.0-255,4320,38746,33,170139
425,0.00022,172.31.33.0-255,66,38812,33,170139
426,0.000232,172.31.33.0-255,66,38878,33,170139
427,0.000578,74.125.24.0-255,1484,40362,33,170139
428,0.000582,172.31.33.0-255,66,40428,33,170139
429,0.000588,74.125.24.0-255,2902,43330,33,170139
430,0.000592,172.31.33.0-255,66,43396,33,170139
431,0.000595,74.125.24.0-255,1484,44880,33,170139
432,0.000614,74.125.24.0-255,4320,49200,33,170139
433,0.000617,172.31.33.0-255,66,49266,33,170139
434,0.000652,74.125.24.0-255,4320,53586,33,170139
435,0.000655,172.31.33.0-255,66,53652,33,170139
436,0.000669,74.125.24.0-255,2543,56195,33,170139
437,0.000672,172.31.33.0-255,66,56261,33,170139
438,0.000686,74.125.24.0-255,1484,57745,33,170139
439,0.000691,74.125.24.0-255,2902,60647,33,170139
440,0.000693,172.31.33.0-255,66,60713,33,170139
441,0.000717,74.125.24.0-255,5738,66451,33,170139
442,0.00072,172.31.33.0-255,66,66517,33,170139
443,0.000724,74.125.24.0-255,2902,69419,33,170139
444,0.000726,172.31.33.0-255,66,69485,33,170139
445,0.000745,74.125.24.0-255,4542,74027,33,170139
446,0.000748,172.31.33.0-255,66,74093,33,170139
447,0.000824,74.125.24.0-255,1484,75577,33,170139
448,0.000829,74.125.24.0-255,2902,78479,33,170139
449,0.000831,172.31.33.0-255,66,78545,33,170139
450,0.000841,74.125.24.0-255,1484,80029,33,170139
451,0.000855,74.125.24.0-255,4320,84349,33,170139
452,0.000857,172.31.33.0-255,66,84415,33,170139
453,0.000878,74.125.24.0-255,5738,90153,33,170139
454,0.000881,172.31.33.0-255,66,90219,33,170139
455,0.000913,172.31.33.0-255,66,90285,33,170139
456,0.000925,172.31.33.0-255,66,90351,33,170139
457,0.001128,74.125.24.0-255,1484,91835,33,170139
458,0.001134,74.125.24.0-255,2902,94737,33,170139
459,0.001138,172.31.33.0-255,66,94803,33,170139
460,0.001152,74.125.24.0-255,2902,97705,33,170139
461,0.001154,172.31.33.0-255,66,97771,33,170139
462,0.001173,74.125.24.0-255,2902,100673,33,170139
463,0.001175,172.31.33.0-255,66,100739,33,170139
464,0.001183,74.125.24.0-255,5738,106477,33,170139
465,0.001186,172.31.33.0-255,66,106543,33,170139
466,0.00119,74.125.24.0-255,2902,109445,33,170139
467,0.001192,172.31.33.0-255,66,109511,33,170139
468,0.001225,172.31.33.0-255,66,109577,33,170139
469,0.001231,74.125.24.0-255,5020,114597,33,170139
470,0.001233,172.31.33.0-255,66,114663,33,170139
471,0.001377,74.125.24.0-255,1484,116147,33,170139
472,0.001382,74.125.24.0-255,2902,119049,33,170139
473,0.001385,172.31.33.0-255,66,119115,33,170139
474,0.001388,74.125.24.0-255,1484,120599,33,170139
475,0.001405,74.125.24.0-255,4320,124919,33,170139
476,0.001408,172.31.33.0-255,66,124985,33,170139
477,0.001413,74.125.24.0-255,2902,127887,33,170139
478,0.001415,172.31.33.0-255,66,127953,33,170139
479,0.00144,172.31.33.0-255,66,128019,33,170139
480,0.001447,74.125.24.0-255,7156,135175,33,170139
481,0.00145,172.31.33.0-255,66,135241,33,170139
482,0.001506,74.125.24.0-255,3602,138843,33,170139
483,0.001509,172.31.33.0-255,66,138909,33,170139
484,0.002073,74.125.24.0-255,1484,140393,33,170139
485,0.002102,74.125.24.0-255,2902,143295,33,170139
486,0.002107,172.31.33.0-255,66,143361,33,170139
487,0.002115,74.125.24.0-255,5738,149099,33,170139
488,0.002118,172.31.33.0-255,66,149165,33,170139
489,0.002131,172.31.33.0-255,66,149231,33,170139
490,0.002164,172.31.33.0-255,66,149297,33,170139
491,0.002302,74.125.24.0-255,1484,150781,33,170139
492,0.002318,74.125.24.0-255,1484,152265,33,170139
493,0.002321,172.31.33.0-255,66,152331,33,170139
494,0.004457,74.125.24.0-255,2902,155233,33,170139
495,0.00446,172.31.33.0-255,66,155299,33,170139
496,0.004599,74.125.24.0-255,2902,158201,33,170139
497,0.004601,172.31.33.0-255,66,158267,33,170139
498,0.006736,74.125.24.0-255,2902,161169,33,170139
499,0.006742,172.31.33.0-255,66,161235,33,170139
500,0.006863,74.125.24.0-255,2902,164137,33,170139
501,0.006866,172.31.33.0-255,66,164203,33,170139
502,0.009009,74.125.24.0-255,2902,167105,33,170139
503,0.009016,172.31.33.0-255,66,167171,33,170139
504,0.009139,74.125.24.0-255,2902,170073,33,170139
505,0.009144,172.31.33.0-255,66,170139,33,170139
506,0.0,172.31.33.0-255,105,105,33,459
507,0.000194,172.31.33.0-255,90,195,33,459
508,0.000203,172.31.33.0-255,66,261,33,459
509,0.002509,172.217.194.0-255,66,327,33,459
510,0.002523,172.217.194.0-255,66,393,33,459
511,0.002534,172.31.33.0-255,66,459,33,459
512,0.0,172.31.33.0-255,105,105,33,459
513,0.000166,172.31.33.0-255,90,195,33,459
514,0.000174,172.31.33.0-255,66,261,33,459
515,0.002137,172.217.194.0-255,66,327,33,459
516,0.002151,172.217.194.0-255,66,393,33,459
517,0.002159,172.31.33.0-255,66,459,33,459
518,0.0,172.31.33.0-255,105,105,33,459
519,0.000317,172.31.33.0-255,90,195,33,459
520,0.000329,172.31.33.0-255,66,261,33,459
521,0.002878,172.217.194.0-255,66,327,33,459
522,0.002898,172.217.194.0-255,66,393,33,459
523,0.002926,172.31.33.0-255,66,459,33,459
524,0.0,74.125.68.0-255,152,152,33,222866
525,2.1e-05,172.31.33.0-255,66,218,33,222866
526,2.8e-05,74.125.68.0-255,1484,1702,33,222866
527,3.2e-05,172.31.33.0-255,66,1768,33,222866
528,3.7e-05,74.125.68.0-255,2902,4670,33,222866
529,4.6e-05,172.31.33.0-255,66,4736,33,222866
530,5.1e-05,74.125.68.0-255,4320,9056,33,222866
531,5.4e-05,172.31.33.0-255,66,9122,33,222866
532,8.6e-05,74.125.68.0-255,2902,12024,33,222866
533,8.9e-05,172.31.33.0-255,66,12090,33,222866
534,9.3e-05,74.125.68.0-255,1993,14083,33,222866
535,9.5e-05,172.31.33.0-255,66,14149,33,222866
536,0.000183,74.125.68.0-255,1484,15633,33,222866
537,0.000188,172.31.33.0-255,66,15699,33,222866
538,0.000193,74.125.68.0-255,2902,18601,33,222866
539,0.000196,172.31.33.0-255,66,18667,33,222866
540,0.0002,74.125.68.0-255,2902,21569,33,222866
541,0.000202,172.31.33.0-255,66,21635,33,222866
542,0.000223,74.125.68.0-255,2902,24537,33,222866
543,0.000226,172.31.33.0-255,66,24603,33,222866
544,0.000235,74.125.68.0-255,2902,27505,33,222866
545,0.000238,172.31.33.0-255,66,27571,33,222866
546,0.000243,74.125.68.0-255,3961,31532,33,222866
547,0.000248,172.31.33.0-255,66,31598,33,222866
548,0.000398,74.125.68.0-255,1484,33082,33,222866
549,0.000402,172.31.33.0-255,66,33148,33,222866
550,0.000435,74.125.68.0-255,1484,34632,33,222866
551,0.000439,172.31.33.0-255,66,34698,33,222866
552,0.000444,74.125.68.0-255,2902,37600,33,222866
553,0.000446,172.31.33.0-255,66,37666,33,222866
554,0.000449,74.125.68.0-255,1484,39150,33,222866
555,0.000451,172.31.33.0-255,66,39216,33,222866
556,0.000488,74.125.68.0-255,4320,43536,33,222866
557,0.000492,172.31.33.0-255,66,43602,33,222866
558,0.000498,74.125.68.0-255,5379,48981,33,222866
559,0.0005,172.31.33.0-255,66,49047,33,222866
560,0.000506,74.125.68.0-255,5738,54785,33,222866
561,0.000509,172.31.33.0-255,66,54851,33,222866
562,0.000531,74.125.68.0-255,1484,56335,33,222866
563,0.000545,74.125.68.0-255,2902,59237,33,222866
564,0.000552,172.31.33.0-255,66,59303,33,222866
565,0.000582,74.125.68.0-255,2902,62205,33,222866
566,0.000587,74.125.68.0-255,4315,66520,33,222866
567,0.000588,172.31.33.0-255,66,66586,33,222866
568,0.000593,172.31.33.0-255,66,66652,33,222866
569,0.000614,74.125.68.0-255,332,66984,33,222866
570,0.000769,172.31.33.0-255,66,67050,33,222866
571,0.001,74.125.68.0-255,1484,68534,33,222866
572,0.001032,74.125.68.0-255,2902,71436,33,222866
573,0.001036,172.31.33.0-255,66,71502,33,222866
574,0.001043,74.125.68.0-255,4320,75822,33,222866
575,0.001045,172.31.33.0-255,66,75888,33,222866
576,0.001068,74.125.68.0-255,5738,81626,33,222866
577,0.001071,172.31.33.0-255,66,81692,33,222866
578,0.001095,74.125.68.0-255,2902,84594,33,222866
579,0.001098,172.31.33.0-255,66,84660,33,222866
580,0.001104,74.125.68.0-255,5738,90398,33,222866
581,0.001106,172.31.33.0-255,66,90464,33,222866
582,0.001114,74.125.68.0-255,5738,96202,33,222866
583,0.001116,172.31.33.0-255,66,96268,33,222866
584,0.001129,74.125.68.0-255,1484,97752,33,222866
585,0.001133,74.125.68.0-255,1484,99236,33,222866
586,0.001135,172.31.33.0-255,66,99302,33,222866
587,0.001165,74.125.68.0-255,2184,101486,33,222866
588,0.001168,172.31.33.0-255,66,101552,33,222866
589,0.001452,74.125.68.0-255,1484,103036,33,222866
590,0.001459,74.125.68.0-255,2902,105938,33,222866
591,0.001462,172.31.33.0-255,66,106004,33,222866
592,0.00149,74.125.68.0-255,5738,111742,33,222866
593,0.001492,172.31.33.0-255,66,111808,33,222866
594,0.001497,74.125.68.0-255,2902,114710,33,222866
595,0.001499,172.31.33.0-255,66,114776,33,222866
596,0.001504,74.125.68.0-255,4320,119096,33,222866
597,0.001506,172.31.33.0-255,66,119162,33,222866
598,0.001527,74.125.68.0-255,1484,120646,33,222866
599,0.001557,74.125.68.0-255,7156,127802,33,222866
600,0.001559,172.31.33.0-255,66,127868,33,222866
601,0.001563,74.125.68.0-255,2902,130770,33,222866
602,0.001565,172.31.33.0-255,66,130836,33,222866
603,0.00157,74.125.68.0-255,4320,135156,33,222866
604,0.001572,172.31.33.0-255,66,135222,33,222866
605,0.001575,74.125.68.0-255,766,135988,33,222866
606,0.001728,74.125.68.0-255,1484,137472,33,222866
607,0.00173,172.31.33.0-255,66,137538,33,222866
608,0.001733,74.125.68.0-255,1484,139022,33,222866
609,0.00175,74.125.68.0-255,1484,140506,33,222866
610,0.001753,172.31.33.0-255,66,140572,33,222866
611,0.001758,74.125.68.0-255,4320,144892,33,222866
612,0.00176,172.31.33.0-255,66,144958,33,222866
613,0.001796,74.125.68.0-255,2902,147860,33,222866
614,0.001798,172.31.33.0-255,66,147926,33,222866
615,0.001819,74.125.68.0-255,5738,153664,33,222866
616,0.001822,172.31.33.0-255,66,153730,33,222866
617,0.001832,172.31.33.0-255,66,153796,33,222866
618,0.001842,74.125.68.0-255,1484,155280,33,222866
619,0.001846,74.125.68.0-255,2902,158182,33,222866
620,0.001848,172.31.33.0-255,66,158248,33,222866
621,0.001869,74.125.68.0-255,3602,161850,33,222866
622,0.001871,172.31.33.0-255,66,161916,33,222866
623,0.002043,74.125.68.0-255,1484,163400,33,222866
624,0.002054,74.125.68.0-255,2902,166302,33,222866
625,0.002056,172.31.33.0-255,66,166368,33,222866
626,0.002081,74.125.68.0-255,5738,172106,33,222866
627,0.002083,172.31.33.0-255,66,172172,33,222866
628,0.002103,74.125.68.0-255,1484,173656,33,222866
629,0.002118,74.125.68.0-255,4320,177976,33,222866
630,0.002121,172.31.33.0-255,66,178042,33,222866
631,0.002146,74.125.68.0-255,2902,180944,33,222866
632,0.002148,172.31.33.0-255,66,181010,33,222866
633,0.00216,74.125.68.0-255,1484,182494,33,222866
634,0.002184,172.31.33.0-255,66,182560,33,222866
635,0.002189,74.125.68.0-255,4320,186880,33,222866
636,0.002191,172.31.33.0-255,66,186946,33,222866
637,0.002222,74.125.68.0-255,766,187712,33,222866
638,0.002252,74.125.68.0-255,1484,189196,33,222866
639,0.002254,172.31.33.0-255,66,189262,33,222866
640,0.002268,74.125.68.0-255,4320,193582,33,222866
641,0.002274,172.31.33.0-255,66,193648,33,222866
642,0.002309,74.125.68.0-255,5738,199386,33,222866
643,0.002311,172.31.33.0-255,66,199452,33,222866
644,0.002323,74.125.68.0-255,1484,200936,33,222866
645,0.002337,172.31.33.0-255,66,201002,33,222866
646,0.002343,74.125.68.0-255,4320,205322,33,222866
647,0.002345,172.31.33.0-255,66,205388,33,222866
648,0.002368,74.125.68.0-255,1484,206872,33,222866
649,0.004609,74.125.68.0-255,4320,211192,33,222866
650,0.004614,172.31.33.0-255,66,211258,33,222866
651,0.006901,74.125.68.0-255,5738,216996,33,222866
652,0.006907,172.31.33.0-255,66,217062,33,222866
653,0.009187,74.125.68.0-255,5738,222800,33,222866
654,0.009193,172.31.33.0-255,66,222866,33,222866
655,0.0,172.217.194.0-255,153,153,33,50582
656,1.6e-05,172.31.33.0-255,66,219,33,50582
657,2.3e-05,172.217.194.0-255,1484,1703,33,50582
658,2.7e-05,172.31.33.0-255,66,1769,33,50582
659,3.2e-05,172.217.194.0-255,2902,4671,33,50582
660,3.5e-05,172.31.33.0-255,66,4737,33,50582
661,6.5e-05,172.217.194.0-255,7156,11893,33,50582
662,6.8e-05,172.31.33.0-255,66,11959,33,50582
663,0.000104,172.217.194.0-255,4320,16279,33,50582
664,0.000107,172.31.33.0-255,66,16345,33,50582
665,0.000132,172.31.33.0-255,66,16411,33,50582
666,0.000168,172.217.194.0-255,6797,23208,33,50582
667,0.00017,172.31.33.0-255,66,23274,33,50582
668,0.000345,172.217.194.0-255,1484,24758,33,50582
669,0.00035,172.31.33.0-255,66,24824,33,50582
670,0.000356,172.217.194.0-255,2902,27726,33,50582
671,0.000359,172.31.33.0-255,66,27792,33,50582
672,0.000366,172.217.194.0-255,5738,33530,33,50582
673,0.000369,172.31.33.0-255,66,33596,33,50582
674,0.000397,172.31.33.0-255,66,33662,33,50582
675,0.000418,172.217.194.0-255,4320,37982,33,50582
676,0.00042,172.31.33.0-255,66,38048,33,50582
677,0.000433,172.31.33.0-255,66,38114,33,50582
678,0.001577,172.217.194.0-255,346,38460,33,50582
679,0.001583,172.31.33.0-255,66,38526,33,50582
680,0.001601,172.217.194.0-255,118,38644,33,50582
681,0.001603,172.31.33.0-255,66,38710,33,50582
682,0.004551,172.217.194.0-255,1484,40194,33,50582
683,0.004554,172.31.33.0-255,66,40260,33,50582
684,0.00457,172.217.194.0-255,2902,43162,33,50582
685,0.004597,172.217.194.0-255,1484,44646,33,50582
686,0.00556,172.31.33.0-255,66,44712,33,50582
687,0.006835,172.217.194.0-255,1484,46196,33,50582
688,0.007869,172.217.194.0-255,4320,50516,33,50582
689,0.009742,172.31.33.0-255,66,50582,33,50582
690,0.0,172.31.33.0-255,66,66,33,66
691,0.0,74.125.200.0-255,153,153,33,136308
692,2.5e-05,172.31.33.0-255,66,219,33,136308
693,3.3e-05,74.125.200.0-255,1484,1703,33,136308
694,3.8e-05,172.31.33.0-255,66,1769,33,136308
695,4.4e-05,74.125.200.0-255,2902,4671,33,136308
696,4.7e-05,172.31.33.0-255,66,4737,33,136308
697,5.3e-05,74.125.200.0-255,4320,9057,33,136308
698,5.6e-05,172.31.33.0-255,66,9123,33,136308
699,8.7e-05,74.125.200.0-255,1484,10607,33,136308
700,9e-05,172.31.33.0-255,66,10673,33,136308
701,0.000112,74.125.200.0-255,3465,14138,33,136308
702,0.000115,172.31.33.0-255,66,14204,33,136308
703,0.000197,74.125.200.0-255,1484,15688,33,136308
704,0.0002,172.31.33.0-255,66,15754,33,136308
705,0.000203,74.125.200.0-255,1484,17238,33,136308
706,0.000206,172.31.33.0-255,66,17304,33,136308
707,0.000211,74.125.200.0-255,2902,20206,33,136308
708,0.000213,172.31.33.0-255,66,20272,33,136308
709,0.00023,74.125.200.0-255,5738,26010,33,136308
710,0.000233,172.31.33.0-255,66,26076,33,136308
711,0.000236,74.125.200.0-255,1484,27560,33,136308
712,0.000238,172.31.33.0-255,66,27626,33,136308
713,0.000282,74.125.200.0-255,3961,31587,33,136308
714,0.000286,172.31.33.0-255,66,31653,33,136308
715,0.000469,74.125.200.0-255,1484,33137,33,136308
716,0.000475,172.31.33.0-255,66,33203,33,136308
717,0.000479,74.125.200.0-255,1484,34687,33,136308
718,0.000482,172.31.33.0-255,66,34753,33,136308
719,0.000486,74.125.200.0-255,2902,37655,33,136308
720,0.000489,172.31.33.0-255,66,37721,33,136308
721,0.000505,74.125.200.0-255,2902,40623,33,136308
722,0.000508,172.31.33.0-255,66,40689,33,136308
723,0.00053,74.125.200.0-255,2902,43591,33,136308
724,0.000533,172.31.33.0-255,66,43657,33,136308
725,0.000539,74.125.200.0-255,5379,49036,33,136308
726,0.000541,172.31.33.0-255,66,49102,33,136308
727,0.000586,74.125.200.0-255,5738,54840,33,136308
728,0.000589,172.31.33.0-255,66,54906,33,136308
729,0.000592,74.125.200.0-255,1484,56390,33,136308
730,0.000615,172.31.33.0-255,66,56456,33,136308
731,0.000633,74.125.200.0-255,1436,57892,33,136308
732,0.000951,74.125.200.0-255,111,58003,33,136308
733,0.000979,74.125.200.0-255,331,58334,33,136308
734,0.000983,172.31.33.0-255,66,58400,33,136308
735,0.001298,74.125.200.0-255,1484,59884,33,136308
736,0.001307,74.125.200.0-255,2902,62786,33,136308
737,0.001311,172.31.33.0-255,66,62852,33,136308
738,0.001318,74.125.200.0-255,2902,65754,33,136308
739,0.00132,172.31.33.0-255,66,65820,33,136308
740,0.001339,74.125.200.0-255,2902,68722,33,136308
741,0.001341,172.31.33.0-255,66,68788,33,136308
742,0.001345,74.125.200.0-255,1484,70272,33,136308
743,0.001361,74.125.200.0-255,4320,74592,33,136308
744,0.001364,172.31.33.0-255,66,74658,33,136308
745,0.001367,74.125.200.0-255,1484,76142,33,136308
746,0.001385,74.125.200.0-255,5738,81880,33,136308
747,0.001387,172.31.33.0-255,66,81946,33,136308
748,0.001405,74.125.200.0-255,2902,84848,33,136308
749,0.001407,172.31.33.0-255,66,84914,33,136308
750,0.00142,74.125.200.0-255,2902,87816,33,136308
751,0.001422,172.31.33.0-255,66,87882,33,136308
752,0.001454,74.125.200.0-255,5020,92902,33,136308
753,0.001457,172.31.33.0-255,66,92968,33,136308
754,0.002167,74.125.200.0-255,1484,94452,33,136308
755,0.002176,74.125.200.0-255,2902,97354,33,136308
756,0.002181,172.31.33.0-255,66,97420,33,136308
757,0.002198,74.125.200.0-255,1484,98904,33,136308
758,0.002218,74.125.200.0-255,4320,103224,33,136308
759,0.002221,172.31.33.0-255,66,103290,33,136308
760,0.002226,74.125.200.0-255,2902,106192,33,136308
761,0.002228,172.31.33.0-255,66,106258,33,136308
762,0.002243,74.125.200.0-255,1484,107742,33,136308
763,0.00225,74.125.200.0-255,5738,113480,33,136308
764,0.002253,172.31.33.0-255,66,113546,33,136308
765,0.002266,74.125.200.0-255,1484,115030,33,136308
766,0.002288,172.31.33.0-255,66,115096,33,136308
767,0.002306,74.125.200.0-255,1484,116580,33,136308
768,0.00231,74.125.200.0-255,2184,118764,33,136308
769,0.002312,172.31.33.0-255,66,118830,33,136308
770,0.004593,74.125.200.0-255,1484,120314,33,136308
771,0.004642,74.125.200.0-255,4320,124634,33,136308
772,0.004646,172.31.33.0-255,66,124700,33,136308
773,0.006969,74.125.200.0-255,5738,130438,33,136308
774,0.006976,172.31.33.0-255,66,130504,33,136308
775,0.009314,74.125.200.0-255,5738,136242,33,136308
776,0.009325,172.31.33.0-255,66,136308,33,136308
777,0.0,172.31.33.0-255,105,105,33,1377
778,3.7e-05,172.31.33.0-255,105,210,33,1377
779,0.000105,172.31.33.0-255,105,315,33,1377
780,0.000337,172.31.33.0-255,90,405,33,1377
781,0.000346,172.31.33.0-255,66,471,33,1377
782,0.000514,172.31.33.0-255,90,561,33,1377
783,0.000521,172.31.33.0-255,66,627,33,1377
784,0.00069,172.31.33.0-255,90,717,33,1377
785,0.000697,172.31.33.0-255,66,783,33,1377
786,0.002137,172.217.160.0-255,66,849,33,1377
787,0.002153,172.217.160.0-255,66,915,33,1377
788,0.002165,172.31.33.0-255,66,981,33,1377
789,0.002825,74.125.130.0-255,66,1047,33,1377
790,0.002863,74.125.130.0-255,66,1113,33,1377
791,0.002867,172.31.33.0-255,66,1179,33,1377
792,0.003022,172.217.194.0-255,66,1245,33,1377
793,0.003044,172.217.194.0-255,66,1311,33,1377
794,0.003046,172.31.33.0-255,66,1377,33,1377
795,0.0,172.31.33.0-255,105,105,33,1377
796,5.4e-05,172.31.33.0-255,105,210,33,1377
797,9.7e-05,172.31.33.0-255,105,315,33,1377
798,0.000351,172.31.33.0-255,90,405,33,1377
799,0.000361,172.31.33.0-255,66,471,33,1377
800,0.000536,172.31.33.0-255,90,561,33,1377
801,0.000544,172.31.33.0-255,66,627,33,1377
802,0.000848,172.31.33.0-255,90,717,33,1377
803,0.000856,172.31.33.0-255,66,783,33,1377
804,0.00267,74.125.24.0-255,66,849,33,1377
805,0.002686,74.125.24.0-255,66,915,33,1377
806,0.002698,172.31.33.0-255,66,981,33,1377
807,0.002783,172.217.194.0-255,66,1047,33,1377
808,0.002796,172.217.194.0-255,66,1113,33,1377
809,0.002798,172.31.33.0-255,66,1179,33,1377
810,0.003396,74.125.68.0-255,66,1245,33,1377
811,0.0034,74.125.68.0-255,66,1311,33,1377
812,0.003402,172.31.33.0-255,66,1377,33,1377
813,0.0,172.217.194.0-255,153,153,33,91978
814,1.5e-05,172.31.33.0-255,66,219,33,91978
815,2.2e-05,172.217.194.0-255,1484,1703,33,91978
816,2.6e-05,172.31.33.0-255,66,1769,33,91978
817,3.2e-05,172.217.194.0-255,2902,4671,33,91978
818,3.5e-05,172.31.33.0-255,66,4737,33,91978
819,4.1e-05,172.217.194.0-255,5738,10475,33,91978
820,4.4e-05,172.31.33.0-255,66,10541,33,91978
821,6.5e-05,172.217.194.0-255,1484,12025,33,91978
822,6.8e-05,172.31.33.0-255,66,12091,33,91978
823,7.2e-05,172.217.194.0-255,2088,14179,33,91978
824,7.4e-05,172.31.33.0-255,66,14245,33,91978
825,0.000145,172.217.194.0-255,1484,15729,33,91978
826,0.000148,172.31.33.0-255,66,15795,33,91978
827,0.000152,172.217.194.0-255,2902,18697,33,91978
828,0.000154,172.31.33.0-255,66,18763,33,91978
829,0.000157,172.217.194.0-255,1484,20247,33,91978
830,0.000159,172.31.33.0-255,66,20313,33,91978
831,0.000177,172.217.194.0-255,4320,24633,33,91978
832,0.00018,172.31.33.0-255,66,24699,33,91978
833,0.000185,172.217.194.0-255,4320,29019,33,91978
834,0.000187,172.31.33.0-255,66,29085,33,91978
835,0.000208,172.217.194.0-255,2543,31628,33,91978
836,0.00021,172.31.33.0-255,66,31694,33,91978
837,0.000221,172.31.33.0-255,66,31760,33,91978
838,0.000248,172.217.194.0-255,4320,36080,33,91978
839,0.000251,172.31.33.0-255,66,36146,33,91978
840,0.000263,172.31.33.0-255,66,36212,33,91978
841,0.000265,172.217.194.0-255,1484,37696,33,91978
842,0.000267,172.31.33.0-255,66,37762,33,91978
843,0.000291,172.217.194.0-255,6438,44200,33,91978
844,0.000418,172.31.33.0-255,66,44266,33,91978
845,0.0014,172.217.194.0-255,646,44912,33,91978
846,0.001429,172.217.194.0-255,1484,46396,33,91978
847,0.001434,172.31.33.0-255,66,46462,33,91978
848,0.001442,172.217.194.0-255,4320,50782,33,91978
849,0.001444,172.31.33.0-255,66,50848,33,91978
850,0.00145,172.217.194.0-255,2902,53750,33,91978
851,0.001479,172.217.194.0-255,7156,60906,33,91978
852,0.001508,172.217.194.0-255,7156,68062,33,91978
853,0.00154,172.217.194.0-255,2184,70246,33,91978
854,0.001943,172.217.194.0-255,1484,71730,33,91978
855,0.001949,172.217.194.0-255,2902,74632,33,91978
856,0.001969,172.217.194.0-255,4320,78952,33,91978
857,0.001989,172.217.194.0-255,1484,80436,33,91978
858,0.001996,172.217.194.0-255,7156,87592,33,91978
859,0.002,172.217.194.0-255,4320,91912,33,91978
860,0.008288,172.31.33.0-255,66,91978,33,91978
861,0.0,74.125.200.0-255,143,143,33,322383
862,2.8e-05,172.31.33.0-255,66,209,33,322383
863,3.5e-05,74.125.200.0-255,1484,1693,33,322383
864,4e-05,172.31.33.0-255,66,1759,33,322383
865,4.3e-05,74.125.200.0-255,1484,3243,33,322383
866,4.5e-05,172.31.33.0-255,66,3309,33,322383
867,6.7e-05,74.125.200.0-255,1484,4793,33,322383
868,7e-05,172.31.33.0-255,66,4859,33,322383
869,7.4e-05,74.125.200.0-255,2902,7761,33,322383
870,7.6e-05,172.31.33.0-255,66,7827,33,322383
871,8.8e-05,74.125.200.0-255,1484,9311,33,322383
872,8.9e-05,172.31.33.0-255,66,9377,33,322383
873,0.000114,74.125.200.0-255,2902,12279,33,322383
874,0.000116,172.31.33.0-255,66,12345,33,322383
875,0.000138,74.125.200.0-255,2086,14431,33,322383
876,0.00014,172.31.33.0-255,66,14497,33,322383
877,0.000146,74.125.200.0-255,5738,20235,33,322383
878,0.000148,172.31.33.0-255,66,20301,33,322383
879,0.000167,74.125.200.0-255,5738,26039,33,322383
880,0.00017,172.31.33.0-255,66,26105,33,322383
881,0.000192,74.125.200.0-255,2902,29007,33,322383
882,0.000195,172.31.33.0-255,66,29073,33,322383
883,0.000246,74.125.200.0-255,2543,31616,33,322383
884,0.000248,172.31.33.0-255,66,31682,33,322383
885,0.000424,74.125.200.0-255,1484,33166,33,322383
886,0.000428,172.31.33.0-255,66,33232,33,322383
887,0.000433,74.125.200.0-255,2902,36134,33,322383
888,0.000436,172.31.33.0-255,66,36200,33,322383
889,0.000461,74.125.200.0-255,5738,41938,33,322383
890,0.000464,172.31.33.0-255,66,42004,33,322383
891,0.000468,74.125.200.0-255,1484,43488,33,322383
892,0.00047,172.31.33.0-255,66,43554,33,322383
893,0.000494,74.125.200.0-255,4320,47874,33,322383
894,0.000498,172.31.33.0-255,66,47940,33,322383
895,0.000504,74.125.200.0-255,5738,53678,33,322383
896,0.000507,172.31.33.0-255,66,53744,33,322383
897,0.000528,74.125.200.0-255,1484,55228,33,322383
898,0.000552,74.125.200.0-255,1484,56712,33,322383
899,0.000555,172.31.33.0-255,66,56778,33,322383
900,0.000584,172.31.33.0-255,66,56844,33,322383
901,0.000587,74.125.200.0-255,358,57202,33,322383
902,0.000606,74.125.200.0-255,133,57335,33,322383
903,0.000639,74.125.200.0-255,1484,58819,33,322383
904,0.000643,172.31.33.0-255,66,58885,33,322383
905,0.000648,74.125.200.0-255,2902,61787,33,322383
906,0.000651,172.31.33.0-255,66,61853,33,322383
907,0.000667,74.125.200.0-255,1484,63337,33,322383
908,0.000671,74.125.200.0-255,1484,64821,33,322383
909,0.000673,172.31.33.0-255,66,64887,33,322383
910,0.000688,74.125.200.0-255,1484,66371,33,322383
911,0.000713,74.125.200.0-255,1484,67855,33,322383
912,0.000716,172.31.33.0-255,66,67921,33,322383
913,0.000735,74.125.200.0-255,1484,69405,33,322383
914,0.000741,74.125.200.0-255,4320,73725,33,322383
915,0.000744,172.31.33.0-255,66,73791,33,322383
916,0.000762,74.125.200.0-255,1484,75275,33,322383
917,0.000779,74.125.200.0-255,6500,81775,33,322383
918,0.000785,172.31.33.0-255,66,81841,33,322383
919,0.000809,172.31.33.0-255,66,81907,33,322383
920,0.000838,74.125.200.0-255,7156,89063,33,322383
921,0.000842,172.31.33.0-255,66,89129,33,322383
922,0.000861,74.125.200.0-255,7156,96285,33,322383
923,0.000865,172.31.33.0-255,66,96351,33,322383
924,0.00087,74.125.200.0-255,3602,99953,33,322383
925,0.000872,172.31.33.0-255,66,100019,33,322383
926,0.001036,74.125.200.0-255,1484,101503,33,322383
927,0.001042,74.125.200.0-255,2902,104405,33,322383
928,0.001047,172.31.33.0-255,66,104471,33,322383
929,0.00105,74.125.200.0-255,1484,105955,33,322383
930,0.001066,74.125.200.0-255,1484,107439,33,322383
931,0.001069,172.31.33.0-255,66,107505,33,322383
932,0.001089,74.125.200.0-255,4320,111825,33,322383
933,0.001092,172.31.33.0-255,66,111891,33,322383
934,0.001128,74.125.200.0-255,7156,119047,33,322383
935,0.001131,172.31.33.0-255,66,119113,33,322383
936,0.001144,74.125.200.0-255,1484,120597,33,322383
937,0.001149,74.125.200.0-255,4320,124917,33,322383
938,0.001151,172.31.33.0-255,66,124983,33,322383
939,0.001169,74.125.200.0-255,7156,132139,33,322383
940,0.001173,172.31.33.0-255,66,132205,33,322383
941,0.001189,74.125.200.0-255,2184,134389,33,322383
942,0.001192,172.31.33.0-255,66,134455,33,322383
943,0.001252,74.125.200.0-255,1484,135939,33,322383
944,0.001266,74.125.200.0-255,2902,138841,33,322383
945,0.00127,172.31.33.0-255,66,138907,33,322383
946,0.001273,74.125.200.0-255,1484,140391,33,322383
947,0.001287,74.125.200.0-255,1484,141875,33,322383
948,0.00129,172.31.33.0-255,66,141941,33,322383
949,0.001304,74.125.200.0-255,2902,144843,33,322383
950,0.001307,172.31.33.0-255,66,144909,33,322383
951,0.00134,74.125.200.0-255,7156,152065,33,322383
952,0.001345,172.31.33.0-255,66,152131,33,322383
953,0.001368,74.125.200.0-255,5738,157869,33,322383
954,0.001372,172.31.33.0-255,66,157935,33,322383
955,0.001373,74.125.200.0-255,4320,162255,33,322383
956,0.001375,172.31.33.0-255,66,162321,33,322383
957,0.001386,74.125.200.0-255,2902,165223,33,322383
958,0.00139,172.31.33.0-255,66,165289,33,322383
959,0.001399,74.125.200.0-255,3602,168891,33,322383
960,0.001402,172.31.33.0-255,66,168957,33,322383
961,0.001418,74.125.200.0-255,1484,170441,33,322383
962,0.001429,74.125.200.0-255,1484,171925,33,322383
963,0.001432,172.31.33.0-255,66,171991,33,322383
964,0.001453,74.125.200.0-255,1484,173475,33,322383
965,0.00146,74.125.200.0-255,5738,179213,33,322383
966,0.001463,172.31.33.0-255,66,179279,33,322383
967,0.001477,74.125.200.0-255,2902,182181,33,322383
968,0.001479,172.31.33.0-255,66,182247,33,322383
969,0.001511,172.31.33.0-255,66,182313,33,322383
970,0.001525,172.31.33.0-255,66,182379,33,322383
971,0.001528,74.125.200.0-255,1484,183863,33,322383
972,0.001531,74.125.200.0-255,2902,186765,33,322383
973,0.001534,172.31.33.0-255,66,186831,33,322383
974,0.001537,74.125.200.0-255,1484,188315,33,322383
975,0.001555,74.125.200.0-255,4320,192635,33,322383
976,0.001559,172.31.33.0-255,66,192701,33,322383
977,0.001583,74.125.200.0-255,2902,195603,33,322383
978,0.001587,172.31.33.0-255,66,195669,33,322383
979,0.001609,172.31.33.0-255,66,195735,33,322383
980,0.001644,172.31.33.0-255,66,195801,33,322383
981,0.001675,74.125.200.0-255,3602,199403,33,322383
982,0.00168,172.31.33.0-255,66,199469,33,322383
983,0.001704,74.125.200.0-255,2902,202371,33,322383
984,0.001708,172.31.33.0-255,66,202437,33,322383
985,0.001728,74.125.200.0-255,1484,203921,33,322383
986,0.001734,74.125.200.0-255,4320,208241,33,322383
987,0.001737,172.31.33.0-255,66,208307,33,322383
988,0.001759,74.125.200.0-255,4320,212627,33,322383
989,0.001763,172.31.33.0-255,66,212693,33,322383
990,0.001776,74.125.200.0-255,1484,214177,33,322383
991,0.001781,74.125.200.0-255,2902,217079,33,322383
992,0.001785,172.31.33.0-255,66,217145,33,322383
993,0.001809,74.125.200.0-255,7156,224301,33,322383
994,0.001813,172.31.33.0-255,66,224367,33,322383
995,0.001825,74.125.200.0-255,1484,225851,33,322383
996,0.001849,172.31.33.0-255,66,225917,33,322383
997,0.001927,74.125.200.0-255,1484,227401,33,322383
998,0.001938,74.125.200.0-255,1484,228885,33,322383
999,0.001941,74.125.200.0-255,1484,230369,33,322383
1000,0.001943,172.31.33.0-255,66,230435,33,322383
1001,0.001958,74.125.200.0-255,1484,231919,33,322383
1002,0.001961,172.31.33.0-255,66,231985,33,322383
1003,0.001966,74.125.200.0-255,2902,234887,33,322383
1004,0.001969,172.31.33.0-255,66,234953,33,322383
1005,0.001985,74.125.200.0-255,2902,237855,33,322383
1006,0.001989,172.31.33.0-255,66,237921,33,322383
1007,0.001994,74.125.200.0-255,4320,242241,33,322383
1008,0.001997,172.31.33.0-255,66,242307,33,322383
1009,0.002013,74.125.200.0-255,1484,243791,33,322383
1010,0.002019,74.125.200.0-255,4320,248111,33,322383
1011,0.002023,172.31.33.0-255,66,248177,33,322383
1012,0.002038,74.125.200.0-255,2902,251079,33,322383
1013,0.002041,172.31.33.0-255,66,251145,33,322383
1014,0.002059,74.125.200.0-255,4320,255465,33,322383
1015,0.002062,172.31.33.0-255,66,255531,33,322383
1016,0.002086,74.125.200.0-255,5020,260551,33,322383
1017,0.002089,172.31.33.0-255,66,260617,33,322383
1018,0.002142,74.125.200.0-255,1484,262101,33,322383
1019,0.002147,74.125.200.0-255,2902,265003,33,322383
1020,0.00215,172.31.33.0-255,66,265069,33,322383
1021,0.002156,74.125.200.0-255,5738,270807,33,322383
1022,0.002159,172.31.33.0-255,66,270873,33,322383
1023,0.002162,74.125.200.0-255,2902,273775,33,322383
1024,0.002166,74.125.200.0-255,4320,278095,33,322383
1025,0.002165,172.31.33.0-255,66,278161,33,322383
1026,0.002168,74.125.200.0-255,1484,279645,33,322383
1027,0.002169,172.31.33.0-255,66,279711,33,322383
1028,0.002188,74.125.200.0-255,7156,286867,33,322383
1029,0.002191,172.31.33.0-255,66,286933,33,322383
1030,0.002195,74.125.200.0-255,1484,288417,33,322383
1031,0.002218,74.125.200.0-255,6438,294855,33,322383
1032,0.002221,172.31.33.0-255,66,294921,33,322383
1033,0.00224,74.125.200.0-255,2902,297823,33,322383
1034,0.002243,172.31.33.0-255,66,297889,33,322383
1035,0.00226,74.125.200.0-255,1484,299373,33,322383
1036,0.002264,74.125.200.0-255,1484,300857,33,322383
1037,0.002266,172.31.33.0-255,66,300923,33,322383
1038,0.002286,74.125.200.0-255,4320,305243,33,322383
1039,0.00229,172.31.33.0-255,66,305309,33,322383
1040,0.002301,172.31.33.0-255,66,305375,33,322383
1041,0.002314,74.125.200.0-255,1484,306859,33,322383
1042,0.002319,74.125.200.0-255,4320,311179,33,322383
1043,0.002322,172.31.33.0-255,66,311245,33,322383
1044,0.002352,74.125.200.0-255,7156,318401,33,322383
1045,0.002356,172.31.33.0-255,66,318467,33,322383
1046,0.002387,172.31.33.0-255,66,318533,33,322383
1047,0.002393,74.125.200.0-255,3442,321975,33,322383
1048,0.002398,172.31.33.0-255,66,322041,33,322383
1049,0.002416,74.125.200.0-255,105,322146,33,322383
1050,0.003556,172.31.33.0-255,66,322212,33,322383
1051,0.003582,172.31.33.0-255,105,322317,33,322383
1052,0.006134,74.125.200.0-255,66,322383,33,322383
1053,0.0,74.125.130.0-255,150,150,33,135178
1054,1.4e-05,172.31.33.0-255,66,216,33,135178
1055,1.9e-05,74.125.130.0-255,1484,1700,33,135178
1056,2.3e-05,172.31.33.0-255,66,1766,33,135178
1057,2.8e-05,74.125.130.0-255,2902,4668,33,135178
1058,3e-05,172.31.33.0-255,66,4734,33,135178
1059,6.2e-05,74.125.130.0-255,4320,9054,33,135178
1060,6.5e-05,172.31.33.0-255,66,9120,33,135178
1061,7e-05,74.125.130.0-255,4880,14000,33,135178
1062,7.2e-05,172.31.33.0-255,66,14066,33,135178
1063,0.000122,74.125.130.0-255,1484,15550,33,135178
1064,0.000125,172.31.33.0-255,66,15616,33,135178
1065,0.000128,74.125.130.0-255,1484,17100,33,135178
1066,0.00013,172.31.33.0-255,66,17166,33,135178
1067,0.000143,74.125.130.0-255,1484,18650,33,135178
1068,0.000145,74.125.130.0-255,1484,20134,33,135178
1069,0.000148,172.31.33.0-255,66,20200,33,135178
1070,0.00015,172.31.33.0-255,66,20266,33,135178
1071,0.000176,74.125.130.0-255,5738,26004,33,135178
1072,0.000178,172.31.33.0-255,66,26070,33,135178
1073,0.00019,74.125.130.0-255,2902,28972,33,135178
1074,0.000192,172.31.33.0-255,66,29038,33,135178
1075,0.000204,74.125.130.0-255,2543,31581,33,135178
1076,0.000206,172.31.33.0-255,66,31647,33,135178
1077,0.000562,74.125.130.0-255,1484,33131,33,135178
1078,0.000567,172.31.33.0-255,66,33197,33,135178
1079,0.000572,74.125.130.0-255,2902,36099,33,135178
1080,0.000574,172.31.33.0-255,66,36165,33,135178
1081,0.00058,74.125.130.0-255,5738,41903,33,135178
1082,0.000581,172.31.33.0-255,66,41969,33,135178
1083,0.000615,74.125.130.0-255,2902,44871,33,135178
1084,0.000617,172.31.33.0-255,66,44937,33,135178
1085,0.000637,74.125.130.0-255,5379,50316,33,135178
1086,0.000649,74.125.130.0-255,1484,51800,33,135178
1087,0.000655,172.31.33.0-255,66,51866,33,135178
1088,0.000671,74.125.130.0-255,7156,59022,33,135178
1089,0.000683,172.31.33.0-255,66,59088,33,135178
1090,0.000712,74.125.130.0-255,4320,63408,33,135178
1091,0.000726,74.125.130.0-255,2798,66206,33,135178
1092,0.000729,74.125.130.0-255,115,66321,33,135178
1093,0.000735,172.31.33.0-255,66,66387,33,135178
1094,0.000827,74.125.130.0-255,1484,67871,33,135178
1095,0.000845,74.125.130.0-255,2902,70773,33,135178
1096,0.00085,74.125.130.0-255,4320,75093,33,135178
1097,0.000866,172.31.33.0-255,66,75159,33,135178
1098,0.00088,74.125.130.0-255,5738,80897,33,135178
1099,0.000898,74.125.130.0-255,3961,84858,33,135178
1100,0.000901,172.31.33.0-255,66,84924,33,135178
1101,0.000906,172.31.33.0-255,66,84990,33,135178
1102,0.000952,172.31.33.0-255,66,85056,33,135178
1103,0.000958,74.125.130.0-255,1484,86540,33,135178
1104,0.001013,74.125.130.0-255,2858,89398,33,135178
1105,0.001029,172.31.33.0-255,66,89464,33,135178
1106,0.001578,74.125.130.0-255,1484,90948,33,135178
1107,0.001587,74.125.130.0-255,2902,93850,33,135178
1108,0.001591,172.31.33.0-255,66,93916,33,135178
1109,0.001595,74.125.130.0-255,1484,95400,33,135178
1110,0.001613,74.125.130.0-255,4320,99720,33,135178
1111,0.001616,74.125.130.0-255,1484,101204,33,135178
1112,0.001634,74.125.130.0-255,4320,105524,33,135178
1113,0.001651,74.125.130.0-255,4320,109844,33,135178
1114,0.001668,74.125.130.0-255,2902,112746,33,135178
1115,0.001705,74.125.130.0-255,7156,119902,33,135178
1116,0.001723,74.125.130.0-255,3602,123504,33,135178
1117,0.004099,172.31.33.0-255,66,123570,33,135178
1118,0.006298,74.125.130.0-255,5738,129308,33,135178
1119,0.006304,172.31.33.0-255,66,129374,33,135178
1120,0.008505,74.125.130.0-255,5738,135112,33,135178
1121,0.008511,172.31.33.0-255,66,135178,33,135178
1122,0.0,172.217.194.0-255,153,153,33,92502
1123,2e-05,172.31.33.0-255,66,219,33,92502
1124,2.7e-05,172.217.194.0-255,1484,1703,33,92502
1125,3.2e-05,172.31.33.0-255,66,1769,33,92502
1126,3.7e-05,172.217.194.0-255,2902,4671,33,92502
1127,3.9e-05,172.31.33.0-255,66,4737,33,92502
1128,4.4e-05,172.217.194.0-255,2902,7639,33,92502
1129,4.7e-05,172.31.33.0-255,66,7705,33,92502
1130,6.8e-05,172.217.194.0-255,4320,12025,33,92502
1131,7.1e-05,172.31.33.0-255,66,12091,33,92502
1132,8.6e-05,172.217.194.0-255,1484,13575,33,92502
1133,8.8e-05,172.31.33.0-255,66,13641,33,92502
1134,0.000109,172.217.194.0-255,5738,19379,33,92502
1135,0.000111,172.31.33.0-255,66,19445,33,92502
1136,0.000133,172.217.194.0-255,2149,21594,33,92502
1137,0.000135,172.31.33.0-255,66,21660,33,92502
1138,0.000157,172.217.194.0-255,5738,27398,33,92502
1139,0.000159,172.31.33.0-255,66,27464,33,92502
1140,0.000178,172.217.194.0-255,3961,31425,33,92502
1141,0.00018,172.31.33.0-255,66,31491,33,92502
1142,0.000183,172.217.194.0-255,2902,34393,33,92502
1143,0.000185,172.31.33.0-255,66,34459,33,92502
1144,0.00019,172.217.194.0-255,4320,38779,33,92502
1145,0.000192,172.31.33.0-255,66,38845,33,92502
1146,0.000195,172.217.194.0-255,1484,40329,33,92502
1147,0.000197,172.31.33.0-255,66,40395,33,92502
1148,0.00022,172.217.194.0-255,7156,47551,33,92502
1149,0.000223,172.31.33.0-255,66,47617,33,92502
1150,0.000225,172.217.194.0-255,1125,48742,33,92502
1151,0.000226,172.31.33.0-255,66,48808,33,92502
1152,0.001558,172.217.194.0-255,1484,50292,33,92502
1153,0.001565,172.31.33.0-255,66,50358,33,92502
1154,0.001574,172.217.194.0-255,1484,51842,33,92502
1155,0.001589,172.217.194.0-255,1484,53326,33,92502
1156,0.001591,172.31.33.0-255,66,53392,33,92502
1157,0.001613,172.217.194.0-255,5738,59130,33,92502
1158,0.001615,172.31.33.0-255,66,59196,33,92502
1159,0.001627,172.31.33.0-255,66,59262,33,92502
1160,0.001637,172.217.194.0-255,1125,60387,33,92502
1161,0.001661,172.31.33.0-255,66,60453,33,92502
1162,0.001681,172.217.194.0-255,5379,65832,33,92502
1163,0.001683,172.31.33.0-255,66,65898,33,92502
1164,0.001695,172.217.194.0-255,1484,67382,33,92502
1165,0.001717,172.31.33.0-255,66,67448,33,92502
1166,0.001737,172.217.194.0-255,4320,71768,33,92502
1167,0.001739,172.31.33.0-255,66,71834,33,92502
1168,0.001742,172.217.194.0-255,1484,73318,33,92502
1169,0.001746,172.217.194.0-255,1706,75024,33,92502
1170,0.001749,172.31.33.0-255,66,75090,33,92502
1171,0.003818,172.217.194.0-255,5738,80828,33,92502
1172,0.003824,172.31.33.0-255,66,80894,33,92502
1173,0.005927,172.217.194.0-255,5738,86632,33,92502
1174,0.005931,172.31.33.0-255,66,86698,33,92502
1175,0.008026,172.217.194.0-255,5738,92436,33,92502
1176,0.008033,172.31.33.0-255,66,92502,33,92502
1177,0.0,172.31.33.0-255,105,105,33,1377
1178,6.2e-05,172.31.33.0-255,105,210,33,1377
1179,0.000115,172.31.33.0-255,105,315,33,1377
1180,0.000337,172.31.33.0-255,90,405,33,1377
1181,0.000347,172.31.33.0-255,66,471,33,1377
1182,0.000535,172.31.33.0-255,90,561,33,1377
1183,0.000543,172.31.33.0-255,66,627,33,1377
1184,0.000694,172.31.33.0-255,90,717,33,1377
1185,0.0007,172.31.33.0-255,66,783,33,1377
1186,0.002281,74.125.200.0-255,66,849,33,1377
1187,0.002309,74.125.200.0-255,66,915,33,1377
1188,0.002332,172.31.33.0-255,66,981,33,1377
1189,0.002497,74.125.24.0-255,66,1047,33,1377
1190,0.002515,74.125.24.0-255,66,1113,33,1377
1191,0.002527,172.31.33.0-255,66,1179,33,1377
1192,0.00302,172.217.194.0-255,66,1245,33,1377
1193,0.003037,172.217.194.0-255,66,1311,33,1377
1194,0.00305,172.31.33.0-255,66,1377,33,1377
1195,0.0,172.217.194.0-255,153,153,33,216105
1196,1.2e-05,172.31.33.0-255,66,219,33,216105
1197,3.2e-05,172.217.194.0-255,1484,1703,33,216105
1198,3.7e-05,172.31.33.0-255,66,1769,33,216105
1199,4.2e-05,172.217.194.0-255,2902,4671,33,216105
1200,4.4e-05,172.31.33.0-255,66,4737,33,216105
1201,4.7e-05,172.217.194.0-255,1484,6221,33,216105
1202,4.9e-05,172.31.33.0-255,66,6287,33,216105
1203,7.7e-05,172.217.194.0-255,5738,12025,33,216105
1204,8e-05,172.31.33.0-255,66,12091,33,216105
1205,0.000111,172.217.194.0-255,2022,14113,33,216105
1206,0.000113,172.31.33.0-255,66,14179,33,216105
1207,0.000199,172.217.194.0-255,1484,15663,33,216105
1208,0.000205,172.31.33.0-255,66,15729,33,216105
1209,0.00021,172.217.194.0-255,2902,18631,33,216105
1210,0.000212,172.31.33.0-255,66,18697,33,216105
1211,0.000229,172.217.194.0-255,4320,23017,33,216105
1212,0.000231,172.31.33.0-255,66,23083,33,216105
1213,0.000253,172.217.194.0-255,1484,24567,33,216105
1214,0.000255,172.31.33.0-255,66,24633,33,216105
1215,0.00026,172.217.194.0-255,5738,30371,33,216105
1216,0.000264,172.31.33.0-255,66,30437,33,216105
1217,0.000282,172.217.194.0-255,1125,31562,33,216105
1218,0.000284,172.31.33.0-255,66,31628,33,216105
1219,0.000291,172.217.194.0-255,7156,38784,33,216105
1220,0.000293,172.31.33.0-255,66,38850,33,216105
1221,0.000329,172.31.33.0-255,66,38916,33,216105
1222,0.000333,172.217.194.0-255,2902,41818,33,216105
1223,0.000335,172.31.33.0-255,66,41884,33,216105
1224,0.000373,172.31.33.0-255,66,41950,33,216105
1225,0.000424,172.217.194.0-255,362,42312,33,216105
1226,0.000902,172.217.194.0-255,1484,43796,33,216105
1227,0.000907,172.31.33.0-255,66,43862,33,216105
1228,0.000912,172.217.194.0-255,2902,46764,33,216105
1229,0.000914,172.31.33.0-255,66,46830,33,216105
1230,0.000917,172.217.194.0-255,1484,48314,33,216105
1231,0.000941,172.217.194.0-255,4320,52634,33,216105
1232,0.000944,172.31.33.0-255,66,52700,33,216105
1233,0.000977,172.31.33.0-255,66,52766,33,216105
1234,0.000999,172.217.194.0-255,2902,55668,33,216105
1235,0.001002,172.31.33.0-255,66,55734,33,216105
1236,0.001013,172.31.33.0-255,66,55800,33,216105
1237,0.001127,172.217.194.0-255,381,56181,33,216105
1238,0.001165,172.217.194.0-255,1484,57665,33,216105
1239,0.001168,172.31.33.0-255,66,57731,33,216105
1240,0.001172,172.217.194.0-255,1484,59215,33,216105
1241,0.001191,172.217.194.0-255,2902,62117,33,216105
1242,0.001194,172.31.33.0-255,66,62183,33,216105
1243,0.001203,172.31.33.0-255,66,62249,33,216105
1244,0.001226,172.217.194.0-255,5738,67987,33,216105
1245,0.001229,172.31.33.0-255,66,68053,33,216105
1246,0.001235,172.217.194.0-255,7156,75209,33,216105
1247,0.001237,172.31.33.0-255,66,75275,33,216105
1248,0.00127,172.217.194.0-255,5020,80295,33,216105
1249,0.001273,172.31.33.0-255,66,80361,33,216105
1250,0.001763,172.217.194.0-255,1484,81845,33,216105
1251,0.001776,172.217.194.0-255,2902,84747,33,216105
1252,0.001779,172.31.33.0-255,66,84813,33,216105
1253,0.001782,172.217.194.0-255,1484,86297,33,216105
1254,0.001793,172.217.194.0-255,4320,90617,33,216105
1255,0.001798,172.31.33.0-255,66,90683,33,216105
1256,0.001801,172.217.194.0-255,1484,92167,33,216105
1257,0.00183,172.31.33.0-255,66,92233,33,216105
1258,0.001839,172.31.33.0-255,66,92299,33,216105
1259,0.001862,172.217.194.0-255,2184,94483,33,216105
1260,0.001863,172.31.33.0-255,66,94549,33,216105
1261,0.001961,172.217.194.0-255,1484,96033,33,216105
1262,0.001965,172.217.194.0-255,2902,98935,33,216105
1263,0.001967,172.31.33.0-255,66,99001,33,216105
1264,0.001994,172.217.194.0-255,5738,104739,33,216105
1265,0.001996,172.31.33.0-255,66,104805,33,216105
1266,0.002007,172.217.194.0-255,4320,109125,33,216105
1267,0.002013,172.31.33.0-255,66,109191,33,216105
1268,0.002037,172.31.33.0-255,66,109257,33,216105
1269,0.002046,172.31.33.0-255,66,109323,33,216105
1270,0.00205,172.217.194.0-255,4320,113643,33,216105
1271,0.002051,172.31.33.0-255,66,113709,33,216105
1272,0.002075,172.217.194.0-255,7156,120865,33,216105
1273,0.002077,172.31.33.0-255,66,120931,33,216105
1274,0.002081,172.217.194.0-255,4320,125251,33,216105
1275,0.002083,172.31.33.0-255,66,125317,33,216105
1276,0.002115,172.31.33.0-255,66,125383,33,216105
1277,0.002144,172.217.194.0-255,766,126149,33,216105
1278,0.002261,172.217.194.0-255,1484,127633,33,216105
1279,0.002263,172.31.33.0-255,66,127699,33,216105
1280,0.002281,172.217.194.0-255,2902,130601,33,216105
1281,0.002282,172.31.33.0-255,66,130667,33,216105
1282,0.002287,172.217.194.0-255,5738,136405,33,216105
1283,0.002289,172.31.33.0-255,66,136471,33,216105
1284,0.002293,172.217.194.0-255,4320,140791,33,216105
1285,0.002296,172.31.33.0-255,66,140857,33,216105
1286,0.002316,172.217.194.0-255,1484,142341,33,216105
1287,0.002361,172.31.33.0-255,66,142407,33,216105
1288,0.002363,172.217.194.0-255,766,143173,33,216105
1289,0.002412,172.217.194.0-255,1484,144657,33,216105
1290,0.002414,172.31.33.0-255,66,144723,33,216105
1291,0.002418,172.217.194.0-255,2902,147625,33,216105
1292,0.00242,172.31.33.0-255,66,147691,33,216105
1293,0.00244,172.217.194.0-255,5738,153429,33,216105
1294,0.002442,172.31.33.0-255,66,153495,33,216105
1295,0.002444,172.217.194.0-255,1484,154979,33,216105
1296,0.002465,172.217.194.0-255,2902,157881,33,216105
1297,0.002466,172.31.33.0-255,66,157947,33,216105
1298,0.00247,172.217.194.0-255,2902,160849,33,216105
1299,0.002472,172.31.33.0-255,66,160915,33,216105
1300,0.002493,172.31.33.0-255,66,160981,33,216105
1301,0.002517,172.217.194.0-255,7156,168137,33,216105
1302,0.002519,172.31.33.0-255,66,168203,33,216105
1303,0.002521,172.217.194.0-255,766,168969,33,216105
1304,0.002543,172.31.33.0-255,66,169035,33,216105
1305,0.002571,172.217.194.0-255,1484,170519,33,216105
1306,0.002577,172.217.194.0-255,7156,177675,33,216105
1307,0.00258,172.31.33.0-255,66,177741,33,216105
1308,0.002582,172.217.194.0-255,1484,179225,33,216105
1309,0.002584,172.217.194.0-255,1484,180709,33,216105
1310,0.002586,172.31.33.0-255,78,180787,33,216105
1311,0.002591,172.217.194.0-255,4320,185107,33,216105
1312,0.002593,172.31.33.0-255,78,185185,33,216105
1313,0.002627,172.31.33.0-255,66,185251,33,216105
1314,0.002629,172.217.194.0-255,766,186017,33,216105
1315,0.002924,172.217.194.0-255,1484,187501,33,216105
1316,0.002926,172.31.33.0-255,66,187567,33,216105
1317,0.002959,172.217.194.0-255,1484,189051,33,216105
1318,0.002976,172.217.194.0-255,1484,190535,33,216105
1319,0.002978,172.31.33.0-255,66,190601,33,216105
1320,0.002998,172.217.194.0-255,1484,192085,33,216105
1321,0.003003,172.217.194.0-255,5738,197823,33,216105
1322,0.003005,172.31.33.0-255,66,197889,33,216105
1323,0.003008,172.217.194.0-255,1484,199373,33,216105
1324,0.003038,172.217.194.0-255,4320,203693,33,216105
1325,0.003041,172.31.33.0-255,66,203759,33,216105
1326,0.003073,172.31.33.0-255,66,203825,33,216105
1327,0.003082,172.31.33.0-255,66,203891,33,216105
1328,0.003107,172.217.194.0-255,5738,209629,33,216105
1329,0.00311,172.31.33.0-255,66,209695,33,216105
1330,0.003121,172.217.194.0-255,2902,212597,33,216105
1331,0.003123,172.31.33.0-255,66,212663,33,216105
1332,0.003138,172.31.33.0-255,66,212729,33,216105
1333,0.003159,172.217.194.0-255,2902,215631,33,216105
1334,0.003162,172.31.33.0-255,66,215697,33,216105
1335,0.003196,172.31.33.0-255,66,215763,33,216105
1336,0.003218,172.217.194.0-255,105,215868,33,216105
1337,0.00739,172.31.33.0-255,66,215934,33,216105
1338,0.007417,172.31.33.0-255,105,216039,33,216105
1339,0.009687,172.217.194.0-255,66,216105,33,216105
1340,0.0,172.217.194.0-255,153,153,33,116018
1341,3.1e-05,172.31.33.0-255,66,219,33,116018
1342,3.7e-05,172.217.194.0-255,1484,1703,33,116018
1343,4.2e-05,172.31.33.0-255,66,1769,33,116018
1344,5.3e-05,172.217.194.0-255,2902,4671,33,116018
1345,5.6e-05,172.31.33.0-255,66,4737,33,116018
1346,6.3e-05,172.217.194.0-255,7156,11893,33,116018
1347,6.6e-05,172.31.33.0-255,66,11959,33,116018
1348,9.7e-05,172.217.194.0-255,2060,14019,33,116018
1349,0.0001,172.31.33.0-255,66,14085,33,116018
1350,0.000134,172.217.194.0-255,2902,16987,33,116018
1351,0.000138,172.31.33.0-255,66,17053,33,116018
1352,0.000209,172.217.194.0-255,7156,24209,33,116018
1353,0.000213,172.31.33.0-255,66,24275,33,116018
1354,0.000366,172.217.194.0-255,4320,28595,33,116018
1355,0.000371,172.31.33.0-255,66,28661,33,116018
1356,0.000401,172.217.194.0-255,2543,31204,33,116018
1357,0.000405,172.31.33.0-255,66,31270,33,116018
1358,0.000521,172.217.194.0-255,4320,35590,33,116018
1359,0.000525,172.31.33.0-255,66,35656,33,116018
1360,0.000551,172.217.194.0-255,2902,38558,33,116018
1361,0.000555,172.31.33.0-255,66,38624,33,116018
1362,0.000691,172.217.194.0-255,1484,40108,33,116018
1363,0.000696,172.31.33.0-255,66,40174,33,116018
1364,0.000734,172.31.33.0-255,66,40240,33,116018
1365,0.001044,172.217.194.0-255,4320,44560,33,116018
1366,0.00105,172.31.33.0-255,66,44626,33,116018
1367,0.001081,172.217.194.0-255,7093,51719,33,116018
1368,0.001085,172.31.33.0-255,66,51785,33,116018
1369,0.00128,172.217.194.0-255,381,52166,33,116018
1370,0.001284,172.31.33.0-255,66,52232,33,116018
1371,0.001308,172.217.194.0-255,5738,57970,33,116018
1372,0.00131,172.31.33.0-255,66,58036,33,116018
1373,0.001328,172.217.194.0-255,5738,63774,33,116018
1374,0.00133,172.31.33.0-255,66,63840,33,116018
1375,0.001349,172.217.194.0-255,2902,66742,33,116018
1376,0.001351,172.31.33.0-255,66,66808,33,116018
1377,0.001648,172.217.194.0-255,1484,68292,33,116018
1378,0.001662,172.217.194.0-255,4320,72612,33,116018
1379,0.001664,172.31.33.0-255,66,72678,33,116018
1380,0.0017,172.31.33.0-255,66,72744,33,116018
1381,0.002092,172.217.194.0-255,1484,74228,33,116018
1382,0.002134,172.217.194.0-255,7156,81384,33,116018
1383,0.002136,172.31.33.0-255,66,81450,33,116018
1384,0.002162,172.31.33.0-255,66,81516,33,116018
1385,0.002185,172.217.194.0-255,3602,85118,33,116018
1386,0.002187,172.31.33.0-255,66,85184,33,116018
1387,0.002829,172.217.194.0-255,2902,88086,33,116018
1388,0.002833,172.31.33.0-255,66,88152,33,116018
1389,0.002871,172.31.33.0-255,66,88218,33,116018
1390,0.002878,172.217.194.0-255,4320,92538,33,116018
1391,0.002881,172.31.33.0-255,66,92604,33,116018
1392,0.0029,172.217.194.0-255,5738,98342,33,116018
1393,0.002903,172.31.33.0-255,66,98408,33,116018
1394,0.002946,172.31.33.0-255,66,98474,33,116018
1395,0.003808,172.217.194.0-255,5738,104212,33,116018
1396,0.003813,172.31.33.0-255,66,104278,33,116018
1397,0.003848,172.31.33.0-255,66,104344,33,116018
1398,0.003882,172.31.33.0-255,66,104410,33,116018
1399,0.00641,172.217.194.0-255,5738,110148,33,116018
1400,0.006415,172.31.33.0-255,66,110214,33,116018
1401,0.008907,172.217.194.0-255,5738,115952,33,116018
1402,0.008913,172.31.33.0-255,66,116018,33,116018
1403,0.0,172.31.33.0-255,105,105,33,1377
1404,7.9e-05,172.31.33.0-255,105,210,33,1377
1405,0.00015,172.31.33.0-255,105,315,33,1377
1406,0.000365,172.31.33.0-255,90,405,33,1377
1407,0.000377,172.31.33.0-255,66,471,33,1377
1408,0.000568,172.31.33.0-255,90,561,33,1377
1409,0.000574,172.31.33.0-255,66,627,33,1377
1410,0.000958,172.31.33.0-255,90,717,33,1377
1411,0.000967,172.31.33.0-255,66,783,33,1377
1412,0.002747,74.125.130.0-255,66,849,33,1377
1413,0.002774,74.125.130.0-255,66,915,33,1377
1414,0.002794,172.31.33.0-255,66,981,33,1377
1415,0.002798,74.125.24.0-255,66,1047,33,1377
1416,0.002814,74.125.24.0-255,66,1113,33,1377
1417,0.002824,172.31.33.0-255,66,1179,33,1377
1418,0.00317,74.125.68.0-255,66,1245,33,1377
1419,0.003184,74.125.68.0-255,66,1311,33,1377
1420,0.003195,172.31.33.0-255,66,1377,33,1377
1421,0.0,74.125.200.0-255,153,153,33,187760
1422,2.4e-05,172.31.33.0-255,66,219,33,187760
1423,3e-05,74.125.200.0-255,1484,1703,33,187760
1424,3.5e-05,172.31.33.0-255,66,1769,33,187760
1425,4.7e-05,74.125.200.0-255,2902,4671,33,187760
1426,5e-05,172.31.33.0-255,66,4737,33,187760
1427,5.6e-05,74.125.200.0-255,5738,10475,33,187760
1428,5.9e-05,172.31.33.0-255,66,10541,33,187760
1429,9.4e-05,74.125.200.0-255,3473,14014,33,187760
1430,9.7e-05,172.31.33.0-255,66,14080,33,187760
1431,0.000152,74.125.200.0-255,1484,15564,33,187760
1432,0.000155,172.31.33.0-255,66,15630,33,187760
1433,0.000158,74.125.200.0-255,1484,17114,33,187760
1434,0.00016,172.31.33.0-255,66,17180,33,187760
1435,0.000181,74.125.200.0-255,1484,18664,33,187760
1436,0.000183,172.31.33.0-255,66,18730,33,187760
1437,0.000189,74.125.200.0-255,5738,24468,33,187760
1438,0.000195,172.31.33.0-255,66,24534,33,187760
1439,0.000235,74.125.200.0-255,6797,31331,33,187760
1440,0.000238,172.31.33.0-255,66,31397,33,187760
1441,0.000356,74.125.200.0-255,1484,32881,33,187760
1442,0.00036,172.31.33.0-255,66,32947,33,187760
1443,0.000364,74.125.200.0-255,1484,34431,33,187760
1444,0.000366,172.31.33.0-255,66,34497,33,187760
1445,0.00039,74.125.200.0-255,2902,37399,33,187760
1446,0.000396,172.31.33.0-255,66,37465,33,187760
1447,0.000402,74.125.200.0-255,5738,43203,33,187760
1448,0.000404,172.31.33.0-255,66,43269,33,187760
1449,0.000431,74.125.200.0-255,5379,48648,33,187760
1450,0.000434,172.31.33.0-255,66,48714,33,187760
1451,0.000443,74.125.200.0-255,5738,54452,33,187760
1452,0.000446,172.31.33.0-255,66,54518,33,187760
1453,0.000484,172.31.33.0-255,66,54584,33,187760
1454,0.000522,74.125.200.0-255,2543,57127,33,187760
1455,0.000524,172.31.33.0-255,66,57193,33,187760
1456,0.000549,74.125.200.0-255,401,57594,33,187760
1457,0.000594,74.125.200.0-255,344,57938,33,187760
1458,0.000885,74.125.200.0-255,1484,59422,33,187760
1459,0.000895,172.31.33.0-255,66,59488,33,187760
1460,0.000901,74.125.200.0-255,2902,62390,33,187760
1461,0.000903,172.31.33.0-255,66,62456,33,187760
1462,0.000929,74.125.200.0-255,4320,66776,33,187760
1463,0.000931,172.31.33.0-255,66,66842,33,187760
1464,0.000962,74.125.200.0-255,5738,72580,33,187760
1465,0.000964,172.31.33.0-255,66,72646,33,187760
1466,0.000986,74.125.200.0-255,7156,79802,33,187760
1467,0.000989,172.31.33.0-255,66,79868,33,187760
1468,0.000999,74.125.200.0-255,1484,81352,33,187760
1469,0.001024,172.31.33.0-255,66,81418,33,187760
1470,0.001027,74.125.200.0-255,766,82184,33,187760
1471,0.001353,172.31.33.0-255,66,82250,33,187760
1472,0.001584,74.125.200.0-255,1484,83734,33,187760
1473,0.001594,74.125.200.0-255,2902,86636,33,187760
1474,0.001599,172.31.33.0-255,66,86702,33,187760
1475,0.001606,74.125.200.0-255,2902,89604,33,187760
1476,0.001608,172.31.33.0-255,66,89670,33,187760
1477,0.001635,74.125.200.0-255,2902,92572,33,187760
1478,0.001637,172.31.33.0-255,66,92638,33,187760
1479,0.001643,74.125.200.0-255,4320,96958,33,187760
1480,0.001645,172.31.33.0-255,66,97024,33,187760
1481,0.001674,74.125.200.0-255,7156,104180,33,187760
1482,0.001683,172.31.33.0-255,66,104246,33,187760
1483,0.001697,172.31.33.0-255,66,104312,33,187760
1484,0.001751,74.125.200.0-255,1484,105796,33,187760
1485,0.001756,74.125.200.0-255,2902,108698,33,187760
1486,0.001759,172.31.33.0-255,66,108764,33,187760
1487,0.001765,74.125.200.0-255,4320,113084,33,187760
1488,0.001767,172.31.33.0-255,66,113150,33,187760
1489,0.001783,172.31.33.0-255,66,113216,33,187760
1490,0.001786,74.125.200.0-255,1484,114700,33,187760
1491,0.001825,172.31.33.0-255,66,114766,33,187760
1492,0.001854,74.125.200.0-255,6438,121204,33,187760
1493,0.001857,172.31.33.0-255,66,121270,33,187760
1494,0.001909,74.125.200.0-255,7156,128426,33,187760
1495,0.001914,172.31.33.0-255,66,128492,33,187760
1496,0.001918,74.125.200.0-255,2902,131394,33,187760
1497,0.001921,172.31.33.0-255,66,131460,33,187760
1498,0.001938,172.31.33.0-255,66,131526,33,187760
1499,0.001944,74.125.200.0-255,4320,135846,33,187760
1500,0.001947,172.31.33.0-255,66,135912,33,187760
1501,0.001989,172.31.33.0-255,66,135978,33,187760
1502,0.002056,74.125.200.0-255,1484,137462,33,187760
1503,0.002071,74.125.200.0-255,1484,138946,33,187760
1504,0.002074,172.31.33.0-255,66,139012,33,187760
1505,0.002101,74.125.200.0-255,1484,140496,33,187760
1506,0.002108,74.125.200.0-255,5738,146234,33,187760
1507,0.002111,172.31.33.0-255,66,146300,33,187760
1508,0.002115,74.125.200.0-255,2902,149202,33,187760
1509,0.002117,172.31.33.0-255,66,149268,33,187760
1510,0.002124,74.125.200.0-255,5738,155006,33,187760
1511,0.002131,172.31.33.0-255,66,155072,33,187760
1512,0.002158,74.125.200.0-255,4320,159392,33,187760
1513,0.002165,172.31.33.0-255,66,159458,33,187760
1514,0.002171,74.125.200.0-255,4320,163778,33,187760
1515,0.002173,172.31.33.0-255,66,163844,33,187760
1516,0.002203,74.125.200.0-255,6438,170282,33,187760
1517,0.00221,172.31.33.0-255,66,170348,33,187760
1518,0.004454,74.125.200.0-255,5738,176086,33,187760
1519,0.004461,172.31.33.0-255,66,176152,33,187760
1520,0.006715,74.125.200.0-255,5738,181890,33,187760
1521,0.00672,172.31.33.0-255,66,181956,33,187760
1522,0.00903,74.125.200.0-255,5738,187694,33,187760
1523,0.009037,172.31.33.0-255,66,187760,33,187760
1524,0.0,172.31.33.0-255,105,105,33,918
1525,0.000115,172.31.33.0-255,105,210,33,918
1526,0.000325,172.31.33.0-255,90,300,33,918
1527,0.000335,172.31.33.0-255,66,366,33,918
1528,0.000529,172.31.33.0-255,90,456,33,918
1529,0.000537,172.31.33.0-255,66,522,33,918
1530,0.00232,172.217.194.0-255,66,588,33,918
1531,0.002336,172.217.194.0-255,66,654,33,918
1532,0.002347,172.31.33.0-255,66,720,33,918
1533,0.003101,172.217.194.0-255,66,786,33,918
1534,0.003105,172.217.194.0-255,66,852,33,918
1535,0.003107,172.31.33.0-255,66,918,33,918
1536,0.0,74.125.24.0-255,153,153,33,71843
1537,2.2e-05,172.31.33.0-255,66,219,33,71843
1538,3e-05,74.125.24.0-255,1484,1703,33,71843
1539,3.5e-05,172.31.33.0-255,66,1769,33,71843
1540,4.1e-05,74.125.24.0-255,2902,4671,33,71843
1541,4.5e-05,172.31.33.0-255,66,4737,33,71843
1542,5.3e-05,74.125.24.0-255,7156,11893,33,71843
1543,5.7e-05,172.31.33.0-255,66,11959,33,71843
1544,8.2e-05,74.125.24.0-255,2100,14059,33,71843
1545,8.4e-05,172.31.33.0-255,66,14125,33,71843
1546,0.000334,74.125.24.0-255,1484,15609,33,71843
1547,0.00034,74.125.24.0-255,2902,18511,33,71843
1548,0.000347,172.31.33.0-255,66,18577,33,71843
1549,0.000357,172.31.33.0-255,66,18643,33,71843
1550,0.000364,74.125.24.0-255,5738,24381,33,71843
1551,0.000367,172.31.33.0-255,66,24447,33,71843
1552,0.000375,74.125.24.0-255,6797,31244,33,71843
1553,0.000377,172.31.33.0-255,66,31310,33,71843
1554,0.000493,74.125.24.0-255,1484,32794,33,71843
1555,0.000499,74.125.24.0-255,2902,35696,33,71843
1556,0.000503,172.31.33.0-255,66,35762,33,71843
1557,0.000507,172.31.33.0-255,66,35828,33,71843
1558,0.000525,74.125.24.0-255,5738,41566,33,71843
1559,0.000528,172.31.33.0-255,66,41632,33,71843
1560,0.000544,74.125.24.0-255,1484,43116,33,71843
1561,0.000547,172.31.33.0-255,66,43182,33,71843
1562,0.000566,74.125.24.0-255,5379,48561,33,71843
1563,0.000569,172.31.33.0-255,66,48627,33,71843
1564,0.002837,74.125.24.0-255,5738,54365,33,71843
1565,0.002844,172.31.33.0-255,66,54431,33,71843
1566,0.005121,74.125.24.0-255,5738,60169,33,71843
1567,0.005124,172.31.33.0-255,66,60235,33,71843
1568,0.007417,74.125.24.0-255,5738,65973,33,71843
1569,0.007424,172.31.33.0-255,66,66039,33,71843
1570,0.00973,74.125.24.0-255,5738,71777,33,71843
1571,0.009739,172.31.33.0-255,66,71843,33,71843
1572,0.0,172.31.33.0-255,105,105,33,459
1573,0.000197,172.31.33.0-255,90,195,33,459
1574,0.000206,172.31.33.0-255,66,261,33,459
1575,0.002178,74.125.68.0-255,66,327,33,459
1576,0.002196,74.125.68.0-255,66,393,33,459
1577,0.00221,172.31.33.0-255,66,459,33,459
1578,0.0,172.217.27.0-255,158,158,33,137590
1579,1.5e-05,172.31.33.0-255,66,224,33,137590
1580,2.1e-05,172.217.27.0-255,1484,1708,33,137590
1581,2.5e-05,172.31.33.0-255,66,1774,33,137590
1582,3e-05,172.217.27.0-255,2902,4676,33,137590
1583,3.2e-05,172.31.33.0-255,66,4742,33,137590
1584,5.9e-05,172.217.27.0-255,5738,10480,33,137590
1585,6.2e-05,172.31.33.0-255,66,10546,33,137590
1586,7.9e-05,172.217.27.0-255,3409,13955,33,137590
1587,8.1e-05,172.31.33.0-255,66,14021,33,137590
1588,0.000123,172.217.27.0-255,1484,15505,33,137590
1589,0.000126,172.31.33.0-255,66,15571,33,137590
1590,0.00013,172.217.27.0-255,2902,18473,33,137590
1591,0.000132,172.31.33.0-255,66,18539,33,137590
1592,0.000154,172.217.27.0-255,5738,24277,33,137590
1593,0.000156,172.31.33.0-255,66,24343,33,137590
1594,0.000188,172.217.27.0-255,6797,31140,33,137590
1595,0.000191,172.31.33.0-255,66,31206,33,137590
1596,0.000231,172.217.27.0-255,4320,35526,33,137590
1597,0.000233,172.31.33.0-255,66,35592,33,137590
1598,0.000238,172.217.27.0-255,4320,39912,33,137590
1599,0.00024,172.31.33.0-255,66,39978,33,137590
1600,0.00025,172.217.27.0-255,1484,41462,33,137590
1601,0.000252,172.31.33.0-255,66,41528,33,137590
1602,0.000282,172.217.27.0-255,4320,45848,33,137590
1603,0.000285,172.31.33.0-255,66,45914,33,137590
1604,0.000302,172.217.27.0-255,2543,48457,33,137590
1605,0.000304,172.31.33.0-255,66,48523,33,137590
1606,0.000501,172.217.27.0-255,1484,50007,33,137590
1607,0.000506,172.31.33.0-255,66,50073,33,137590
1608,0.000512,172.217.27.0-255,2902,52975,33,137590
1609,0.000514,172.31.33.0-255,66,53041,33,137590
1610,0.00052,172.217.27.0-255,4320,57361,33,137590
1611,0.000522,172.31.33.0-255,66,57427,33,137590
1612,0.000536,172.217.27.0-255,1484,58911,33,137590
1613,0.000543,172.217.27.0-255,5738,64649,33,137590
1614,0.000545,172.31.33.0-255,66,64715,33,137590
1615,0.000576,172.217.27.0-255,1453,66168,33,137590
1616,0.000826,172.217.27.0-255,348,66516,33,137590
1617,0.000831,172.31.33.0-255,66,66582,33,137590
1618,0.000973,172.217.27.0-255,1484,68066,33,137590
1619,0.000978,172.217.27.0-255,2902,70968,33,137590
1620,0.00098,172.31.33.0-255,66,71034,33,137590
1621,0.000984,172.217.27.0-255,1484,72518,33,137590
1622,0.000987,172.217.27.0-255,1484,74002,33,137590
1623,0.000988,172.31.33.0-255,66,74068,33,137590
1624,0.001002,172.217.27.0-255,1484,75552,33,137590
1625,0.001008,172.217.27.0-255,5738,81290,33,137590
1626,0.00101,172.31.33.0-255,66,81356,33,137590
1627,0.001033,172.217.27.0-255,1484,82840,33,137590
1628,0.001056,172.31.33.0-255,66,82906,33,137590
1629,0.001076,172.217.27.0-255,2543,85449,33,137590
1630,0.001078,172.31.33.0-255,66,85515,33,137590
1631,0.001084,172.217.27.0-255,5379,90894,33,137590
1632,0.001086,172.31.33.0-255,66,90960,33,137590
1633,0.001582,172.217.27.0-255,1484,92444,33,137590
1634,0.001591,172.217.27.0-255,2902,95346,33,137590
1635,0.001595,172.31.33.0-255,66,95412,33,137590
1636,0.001599,172.217.27.0-255,1484,96896,33,137590
1637,0.001615,172.217.27.0-255,4320,101216,33,137590
1638,0.001617,172.31.33.0-255,66,101282,33,137590
1639,0.001654,172.31.33.0-255,66,101348,33,137590
1640,0.001661,172.217.27.0-255,7156,108504,33,137590
1641,0.001663,172.31.33.0-255,66,108570,33,137590
1642,0.003282,172.217.27.0-255,5738,114308,33,137590
1643,0.003288,172.31.33.0-255,66,114374,33,137590
1644,0.004913,172.217.27.0-255,5738,120112,33,137590
1645,0.004916,172.31.33.0-255,66,120178,33,137590
1646,0.006542,172.217.27.0-255,5738,125916,33,137590
1647,0.006548,172.31.33.0-255,66,125982,33,137590
1648,0.00818,172.217.27.0-255,5738,131720,33,137590
1649,0.008188,172.31.33.0-255,66,131786,33,137590
1650,0.009814,172.217.27.0-255,5738,137524,33,137590
1651,0.00982,172.31.33.0-255,66,137590,33,137590
1652,0.0,172.31.33.0-255,66,66,33,66
1653,0.0,216.58.221.0-255,146,146,33,147568
1654,2.6e-05,172.31.33.0-255,66,212,33,147568
1655,3.2e-05,216.58.221.0-255,1484,1696,33,147568
1656,3.7e-05,172.31.33.0-255,66,1762,33,147568
1657,4.2e-05,216.58.221.0-255,2902,4664,33,147568
1658,4.5e-05,172.31.33.0-255,66,4730,33,147568
1659,5e-05,216.58.221.0-255,4320,9050,33,147568
1660,5.2e-05,172.31.33.0-255,66,9116,33,147568
1661,5.8e-05,216.58.221.0-255,4894,14010,33,147568
1662,6.1e-05,172.31.33.0-255,66,14076,33,147568
1663,0.000494,216.58.221.0-255,1484,15560,33,147568
1664,0.0005,172.31.33.0-255,66,15626,33,147568
1665,0.000506,216.58.221.0-255,2902,18528,33,147568
1666,0.000509,172.31.33.0-255,66,18594,33,147568
1667,0.000514,216.58.221.0-255,5738,24332,33,147568
1668,0.000517,172.31.33.0-255,66,24398,33,147568
1669,0.00055,216.58.221.0-255,4320,28718,33,147568
1670,0.000553,172.31.33.0-255,66,28784,33,147568
1671,0.000576,216.58.221.0-255,2543,31327,33,147568
1672,0.000579,172.31.33.0-255,66,31393,33,147568
1673,0.000586,216.58.221.0-255,7156,38549,33,147568
1674,0.000591,172.31.33.0-255,66,38615,33,147568
1675,0.00063,172.31.33.0-255,66,38681,33,147568
1676,0.000948,216.58.221.0-255,1484,40165,33,147568
1677,0.000953,172.31.33.0-255,66,40231,33,147568
1678,0.000963,216.58.221.0-255,2902,43133,33,147568
1679,0.000965,172.31.33.0-255,66,43199,33,147568
1680,0.000971,216.58.221.0-255,4320,47519,33,147568
1681,0.000974,172.31.33.0-255,66,47585,33,147568
1682,0.000992,216.58.221.0-255,1484,49069,33,147568
1683,0.000995,172.31.33.0-255,66,49135,33,147568
1684,0.001007,216.58.221.0-255,1484,50619,33,147568
1685,0.001027,216.58.221.0-255,5671,56290,33,147568
1686,0.00103,172.31.33.0-255,66,56356,33,147568
1687,0.001425,216.58.221.0-255,1484,57840,33,147568
1688,0.001432,216.58.221.0-255,2902,60742,33,147568
1689,0.001437,172.31.33.0-255,66,60808,33,147568
1690,0.001443,216.58.221.0-255,4320,65128,33,147568
1691,0.001445,172.31.33.0-255,66,65194,33,147568
1692,0.001471,216.58.221.0-255,1484,66678,33,147568
1693,0.001479,216.58.221.0-255,7116,73794,33,147568
1694,0.00148,172.31.33.0-255,66,73860,33,147568
1695,0.001535,216.58.221.0-255,1484,75344,33,147568
1696,0.001552,216.58.221.0-255,2902,78246,33,147568
1697,0.001554,172.31.33.0-255,66,78312,33,147568
1698,0.001559,216.58.221.0-255,5738,84050,33,147568
1699,0.001561,172.31.33.0-255,66,84116,33,147568
1700,0.001564,216.58.221.0-255,1484,85600,33,147568
1701,0.001585,216.58.221.0-255,4320,89920,33,147568
1702,0.001587,172.31.33.0-255,66,89986,33,147568
1703,0.001624,216.58.221.0-255,2902,92888,33,147568
1704,0.001626,172.31.33.0-255,66,92954,33,147568
1705,0.001645,216.58.221.0-255,3961,96915,33,147568
1706,0.001647,172.31.33.0-255,66,96981,33,147568
1707,0.001653,216.58.221.0-255,7156,104137,33,147568
1708,0.001655,172.31.33.0-255,66,104203,33,147568
1709,0.001675,216.58.221.0-255,2902,107105,33,147568
1710,0.001677,172.31.33.0-255,66,107171,33,147568
1711,0.001686,216.58.221.0-255,458,107629,33,147568
1712,0.001718,216.58.221.0-255,201,107830,33,147568
1713,0.001915,216.58.221.0-255,1484,109314,33,147568
1714,0.001917,172.31.33.0-255,66,109380,33,147568
1715,0.001921,216.58.221.0-255,2902,112282,33,147568
1716,0.001923,172.31.33.0-255,66,112348,33,147568
1717,0.001934,216.58.221.0-255,2902,115250,33,147568
1718,0.001935,172.31.33.0-255,66,115316,33,147568
1719,0.001955,216.58.221.0-255,2902,118218,33,147568
1720,0.001957,172.31.33.0-255,66,118284,33,147568
1721,0.00196,216.58.221.0-255,1484,119768,33,147568
1722,0.001982,172.31.33.0-255,66,119834,33,147568
1723,0.001996,216.58.221.0-255,1484,121318,33,147568
1724,0.002001,216.58.221.0-255,4320,125638,33,147568
1725,0.002003,172.31.33.0-255,66,125704,33,147568
1726,0.003933,216.58.221.0-255,4320,130024,33,147568
1727,0.003936,172.31.33.0-255,66,130090,33,147568
1728,0.003949,216.58.221.0-255,1484,131574,33,147568
1729,0.005876,216.58.221.0-255,4320,135894,33,147568
1730,0.005882,172.31.33.0-255,66,135960,33,147568
1731,0.007828,216.58.221.0-255,5738,141698,33,147568
1732,0.007835,172.31.33.0-255,66,141764,33,147568
1733,0.00979,216.58.221.0-255,5738,147502,33,147568
1734,0.009798,172.31.33.0-255,66,147568,33,147568
1735,0.0,74.125.24.0-255,66,66,33,66
1736,0.0,172.217.194.0-255,218,218,33,226018
1737,2.3e-05,172.31.33.0-255,66,284,33,226018
1738,3.1e-05,172.217.194.0-255,1484,1768,33,226018
1739,3.5e-05,172.31.33.0-255,66,1834,33,226018
1740,4.2e-05,172.217.194.0-255,4320,6154,33,226018
1741,4.6e-05,172.31.33.0-255,66,6220,33,226018
1742,5.9e-05,172.31.33.0-255,66,6286,33,226018
1743,9.4e-05,172.31.33.0-255,66,6352,33,226018
1744,0.000117,172.217.194.0-255,4320,10672,33,226018
1745,0.00012,172.31.33.0-255,66,10738,33,226018
1746,0.000124,172.217.194.0-255,1125,11863,33,226018
1747,0.000126,172.31.33.0-255,66,11929,33,226018
1748,0.000162,172.217.194.0-255,1484,13413,33,226018
1749,0.000164,172.31.33.0-255,66,13479,33,226018
1750,0.000169,172.217.194.0-255,2902,16381,33,226018
1751,0.000172,172.31.33.0-255,66,16447,33,226018
1752,0.000189,172.217.194.0-255,5738,22185,33,226018
1753,0.000193,172.31.33.0-255,66,22251,33,226018
1754,0.000198,172.217.194.0-255,4320,26571,33,226018
1755,0.000201,172.31.33.0-255,66,26637,33,226018
1756,0.000234,172.31.33.0-255,66,26703,33,226018
1757,0.000246,172.31.33.0-255,66,26769,33,226018
1758,0.000272,172.217.194.0-255,1418,28187,33,226018
1759,0.000274,172.31.33.0-255,66,28253,33,226018
1760,0.000316,172.217.194.0-255,383,28636,33,226018
1761,0.000319,172.31.33.0-255,66,28702,33,226018
1762,0.0006,172.217.194.0-255,1484,30186,33,226018
1763,0.000606,172.31.33.0-255,66,30252,33,226018
1764,0.000613,172.217.194.0-255,2902,33154,33,226018
1765,0.000616,172.31.33.0-255,66,33220,33,226018
1766,0.000623,172.217.194.0-255,5738,38958,33,226018
1767,0.000626,172.31.33.0-255,66,39024,33,226018
1768,0.000665,172.31.33.0-255,66,39090,33,226018
1769,0.000691,172.31.33.0-255,66,39156,33,226018
1770,0.000711,172.217.194.0-255,2184,41340,33,226018
1771,0.000714,172.31.33.0-255,66,41406,33,226018
1772,0.001073,172.217.194.0-255,1484,42890,33,226018
1773,0.00108,172.217.194.0-255,2902,45792,33,226018
1774,0.001084,172.31.33.0-255,66,45858,33,226018
1775,0.001109,172.217.194.0-255,5738,51596,33,226018
1776,0.001111,172.31.33.0-255,66,51662,33,226018
1777,0.001118,172.217.194.0-255,5738,57400,33,226018
1778,0.00112,172.31.33.0-255,66,57466,33,226018
1779,0.001134,172.217.194.0-255,4320,61786,33,226018
1780,0.001136,172.31.33.0-255,66,61852,33,226018
1781,0.001167,172.217.194.0-255,7156,69008,33,226018
1782,0.00117,172.31.33.0-255,66,69074,33,226018
1783,0.001196,172.217.194.0-255,6438,75512,33,226018
1784,0.001199,172.31.33.0-255,66,75578,33,226018
1785,0.001205,172.217.194.0-255,5738,81316,33,226018
1786,0.001208,172.31.33.0-255,66,81382,33,226018
1787,0.001226,172.217.194.0-255,7156,88538,33,226018
1788,0.00123,172.31.33.0-255,66,88604,33,226018
1789,0.001264,172.31.33.0-255,66,88670,33,226018
1790,0.001271,172.217.194.0-255,6438,95108,33,226018
1791,0.001274,172.31.33.0-255,66,95174,33,226018
1792,0.001314,172.217.194.0-255,7156,102330,33,226018
1793,0.001318,172.31.33.0-255,66,102396,33,226018
1794,0.001353,172.31.33.0-255,66,102462,33,226018
1795,0.001403,172.31.33.0-255,66,102528,33,226018
1796,0.001428,172.217.194.0-255,6438,108966,33,226018
1797,0.001431,172.31.33.0-255,66,109032,33,226018
1798,0.001464,172.217.194.0-255,1484,110516,33,226018
1799,0.00147,172.217.194.0-255,2902,113418,33,226018
1800,0.001473,172.31.33.0-255,66,113484,33,226018
1801,0.00148,172.217.194.0-255,5738,119222,33,226018
1802,0.001482,172.31.33.0-255,66,119288,33,226018
1803,0.001519,172.217.194.0-255,5738,125026,33,226018
1804,0.001523,172.31.33.0-255,66,125092,33,226018
1805,0.001547,172.217.194.0-255,7156,132248,33,226018
1806,0.001551,172.31.33.0-255,66,132314,33,226018
1807,0.001553,172.217.194.0-255,1484,133798,33,226018
1808,0.00156,172.217.194.0-255,5738,139536,33,226018
1809,0.001562,172.31.33.0-255,66,139602,33,226018
1810,0.001585,172.217.194.0-255,3602,143204,33,226018
1811,0.001588,172.31.33.0-255,66,143270,33,226018
1812,0.001892,172.217.194.0-255,1484,144754,33,226018
1813,0.001898,172.217.194.0-255,2902,147656,33,226018
1814,0.001902,172.31.33.0-255,66,147722,33,226018
1815,0.001905,172.217.194.0-255,1484,149206,33,226018
1816,0.001924,172.217.194.0-255,4320,153526,33,226018
1817,0.001927,172.31.33.0-255,66,153592,33,226018
1818,0.00193,172.217.194.0-255,1484,155076,33,226018
1819,0.001964,172.31.33.0-255,66,155142,33,226018
1820,0.002002,172.31.33.0-255,66,155208,33,226018
1821,0.002058,172.217.194.0-255,1484,156692,33,226018
1822,0.002062,172.217.194.0-255,1484,158176,33,226018
1823,0.002065,172.31.33.0-255,66,158242,33,226018
1824,0.002086,172.217.194.0-255,1484,159726,33,226018
1825,0.002093,172.217.194.0-255,5738,165464,33,226018
1826,0.002095,172.31.33.0-255,66,165530,33,226018
1827,0.002103,172.217.194.0-255,7156,172686,33,226018
1828,0.002106,172.31.33.0-255,66,172752,33,226018
1829,0.002123,172.217.194.0-255,5738,178490,33,226018
1830,0.002125,172.31.33.0-255,66,178556,33,226018
1831,0.002138,172.31.33.0-255,66,178622,33,226018
1832,0.002178,172.31.33.0-255,66,178688,33,226018
1833,0.002199,172.217.194.0-255,5738,184426,33,226018
1834,0.002202,172.31.33.0-255,66,184492,33,226018
1835,0.002208,172.217.194.0-255,5738,190230,33,226018
1836,0.002211,172.31.33.0-255,66,190296,33,226018
1837,0.002242,172.217.194.0-255,3602,193898,33,226018
1838,0.002257,172.31.33.0-255,66,193964,33,226018
1839,0.002268,172.217.194.0-255,1484,195448,33,226018
1840,0.002272,172.217.194.0-255,2902,198350,33,226018
1841,0.002298,172.217.194.0-255,5738,204088,33,226018
1842,0.002303,172.31.33.0-255,66,204154,33,226018
1843,0.002322,172.31.33.0-255,66,204220,33,226018
1844,0.002333,172.217.194.0-255,4320,208540,33,226018
1845,0.002364,172.31.33.0-255,66,208606,33,226018
1846,0.004679,172.217.194.0-255,5738,214344,33,226018
1847,0.004687,172.31.33.0-255,66,214410,33,226018
1848,0.007029,172.217.194.0-255,5738,220148,33,226018
1849,0.007032,172.31.33.0-255,66,220214,33,226018
1850,0.009318,172.217.194.0-255,5738,225952,33,226018
1851,0.009326,172.31.33.0-255,66,226018,33,226018
1852,0.0,172.31.33.0-255,105,105,33,918
1853,9.2e-05,172.31.33.0-255,105,210,33,918
1854,0.00035,172.31.33.0-255,90,300,33,918
1855,0.00036,172.31.33.0-255,66,366,33,918
1856,0.000536,172.31.33.0-255,90,456,33,918
1857,0.000544,172.31.33.0-255,66,522,33,918
1858,0.002376,74.125.200.0-255,66,588,33,918
1859,0.002391,74.125.200.0-255,66,654,33,918
1860,0.002402,172.31.33.0-255,66,720,33,918
1861,0.002994,172.217.194.0-255,66,786,33,918
1862,0.002998,172.217.194.0-255,66,852,33,918
1863,0.003,172.31.33.0-255,66,918,33,918
1864,0.0,74.125.24.0-255,66,66,33,66
1865,0.0,172.217.194.0-255,153,153,33,204884
1866,2.2e-05,172.31.33.0-255,66,219,33,204884
1867,2.8e-05,172.217.194.0-255,1484,1703,33,204884
1868,3.2e-05,172.31.33.0-255,66,1769,33,204884
1869,3.6e-05,172.217.194.0-255,2902,4671,33,204884
1870,4e-05,172.31.33.0-255,66,4737,33,204884
1871,4.5e-05,172.217.194.0-255,5738,10475,33,204884
1872,4.7e-05,172.31.33.0-255,66,10541,33,204884
1873,8.4e-05,172.217.194.0-255,1484,12025,33,204884
1874,8.6e-05,172.31.33.0-255,66,12091,33,204884
1875,0.000102,172.217.194.0-255,2051,14142,33,204884
1876,0.000105,172.31.33.0-255,66,14208,33,204884
1877,0.000324,172.217.194.0-255,1484,15692,33,204884
1878,0.000331,172.31.33.0-255,66,15758,33,204884
1879,0.000336,172.217.194.0-255,2902,18660,33,204884
1880,0.000338,172.31.33.0-255,66,18726,33,204884
1881,0.000344,172.217.194.0-255,5738,24464,33,204884
1882,0.000346,172.31.33.0-255,66,24530,33,204884
1883,0.000352,172.217.194.0-255,6797,31327,33,204884
1884,0.000354,172.31.33.0-255,66,31393,33,204884
1885,0.000389,172.217.194.0-255,4320,35713,33,204884
1886,0.000392,172.31.33.0-255,66,35779,33,204884
1887,0.000409,172.217.194.0-255,7156,42935,33,204884
1888,0.00042,172.31.33.0-255,66,43001,33,204884
1889,0.000421,172.217.194.0-255,2902,45903,33,204884
1890,0.000424,172.217.194.0-255,2543,48446,33,204884
1891,0.000424,172.31.33.0-255,66,48512,33,204884
1892,0.000426,172.31.33.0-255,66,48578,33,204884
1893,0.000448,172.217.194.0-255,2902,51480,33,204884
1894,0.000451,172.31.33.0-255,66,51546,33,204884
1895,0.000475,172.217.194.0-255,7156,58702,33,204884
1896,0.000479,172.31.33.0-255,66,58768,33,204884
1897,0.000499,172.217.194.0-255,2902,61670,33,204884
1898,0.000502,172.31.33.0-255,66,61736,33,204884
1899,0.000517,172.217.194.0-255,3961,65697,33,204884
1900,0.000522,172.31.33.0-255,66,65763,33,204884
1901,0.000537,172.217.194.0-255,677,66440,33,204884
1902,0.000662,172.217.194.0-255,1484,67924,33,204884
1903,0.000667,172.31.33.0-255,66,67990,33,204884
1904,0.000672,172.217.194.0-255,2902,70892,33,204884
1905,0.000673,172.31.33.0-255,66,70958,33,204884
1906,0.0007,172.217.194.0-255,5738,76696,33,204884
1907,0.000703,172.31.33.0-255,66,76762,33,204884
1908,0.000706,172.217.194.0-255,1484,78246,33,204884
1909,0.000725,172.217.194.0-255,5379,83625,33,204884
1910,0.000727,172.31.33.0-255,66,83691,33,204884
1911,0.000765,172.217.194.0-255,4320,88011,33,204884
1912,0.000768,172.31.33.0-255,66,88077,33,204884
1913,0.000791,172.217.194.0-255,7156,95233,33,204884
1914,0.000794,172.31.33.0-255,66,95299,33,204884
1915,0.000831,172.217.194.0-255,5379,100678,33,204884
1916,0.000834,172.31.33.0-255,66,100744,33,204884
1917,0.00126,172.217.194.0-255,1484,102228,33,204884
1918,0.001279,172.217.194.0-255,2902,105130,33,204884
1919,0.001282,172.31.33.0-255,66,105196,33,204884
1920,0.001288,172.217.194.0-255,5738,110934,33,204884
1921,0.00129,172.31.33.0-255,66,111000,33,204884
1922,0.001305,172.217.194.0-255,1484,112484,33,204884
1923,0.001319,172.217.194.0-255,5738,118222,33,204884
1924,0.001322,172.31.33.0-255,66,118288,33,204884
1925,0.001345,172.217.194.0-255,5738,124026,33,204884
1926,0.001348,172.31.33.0-255,66,124092,33,204884
1927,0.001354,172.217.194.0-255,7156,131248,33,204884
1928,0.001356,172.31.33.0-255,66,131314,33,204884
1929,0.001372,172.217.194.0-255,3602,134916,33,204884
1930,0.001374,172.31.33.0-255,66,134982,33,204884
1931,0.00145,172.217.194.0-255,1484,136466,33,204884
1932,0.001453,172.217.194.0-255,1484,137950,33,204884
1933,0.001457,172.31.33.0-255,66,138016,33,204884
1934,0.001469,172.217.194.0-255,1484,139500,33,204884
1935,0.001473,172.217.194.0-255,2902,142402,33,204884
1936,0.001476,172.31.33.0-255,66,142468,33,204884
1937,0.001498,172.217.194.0-255,2902,145370,33,204884
1938,0.001501,172.31.33.0-255,66,145436,33,204884
1939,0.001507,172.217.194.0-255,7156,152592,33,204884
1940,0.001509,172.31.33.0-255,66,152658,33,204884
1941,0.001512,172.217.194.0-255,1484,154142,33,204884
1942,0.001536,172.31.33.0-255,66,154208,33,204884
1943,0.001556,172.217.194.0-255,1484,155692,33,204884
1944,0.00156,172.217.194.0-255,2184,157876,33,204884
1945,0.001562,172.31.33.0-255,66,157942,33,204884
1946,0.001639,172.31.33.0-255,66,158008,33,204884
1947,0.001648,172.31.33.0-255,66,158074,33,204884
1948,0.001678,172.217.194.0-255,6438,164512,33,204884
1949,0.001682,172.31.33.0-255,66,164578,33,204884
1950,0.002176,172.217.194.0-255,1484,166062,33,204884
1951,0.002192,172.217.194.0-255,2902,168964,33,204884
1952,0.002195,172.31.33.0-255,66,169030,33,204884
1953,0.002199,172.217.194.0-255,2902,171932,33,204884
1954,0.002201,172.31.33.0-255,66,171998,33,204884
1955,0.002218,172.217.194.0-255,2902,174900,33,204884
1956,0.00222,172.31.33.0-255,66,174966,33,204884
1957,0.002222,172.217.194.0-255,1484,176450,33,204884
1958,0.002252,172.31.33.0-255,66,176516,33,204884
1959,0.002257,172.217.194.0-255,4320,180836,33,204884
1960,0.002258,172.31.33.0-255,66,180902,33,204884
1961,0.002274,172.217.194.0-255,6438,187340,33,204884
1962,0.002276,172.31.33.0-255,66,187406,33,204884
1963,0.002368,172.217.194.0-255,1484,188890,33,204884
1964,0.00462,172.217.194.0-255,4320,193210,33,204884
1965,0.004624,172.31.33.0-255,66,193276,33,204884
1966,0.006957,172.217.194.0-255,5738,199014,33,204884
1967,0.006963,172.31.33.0-255,66,199080,33,204884
1968,0.009313,172.217.194.0-255,5738,204818,33,204884
1969,0.009321,172.31.33.0-255,66,204884,33,204884
1970,0.0,172.31.33.0-255,105,105,33,459
1971,0.000184,172.31.33.0-255,90,195,33,459
1972,0.000192,172.31.33.0-255,66,261,33,459
1973,0.003834,74.125.68.0-255,66,327,33,459
1974,0.004043,74.125.68.0-255,66,393,33,459
1975,0.004055,172.31.33.0-255,66,459,33,459
1976,0.0,172.217.194.0-255,313,313,33,131699
1977,3.2e-05,172.31.33.0-255,66,379,33,131699
1978,3.8e-05,172.217.194.0-255,1484,1863,33,131699
1979,4.2e-05,172.31.33.0-255,66,1929,33,131699
1980,4.7e-05,172.217.194.0-255,4320,6249,33,131699
1981,5.7e-05,172.31.33.0-255,66,6315,33,131699
1982,8.8e-05,172.31.33.0-255,66,6381,33,131699
1983,0.000117,172.31.33.0-255,66,6447,33,131699
1984,0.000125,172.217.194.0-255,7156,13603,33,131699
1985,0.000127,172.31.33.0-255,66,13669,33,131699
1986,0.000177,172.217.194.0-255,1125,14794,33,131699
1987,0.00018,172.31.33.0-255,66,14860,33,131699
1988,0.000247,172.217.194.0-255,1484,16344,33,131699
1989,0.00025,172.31.33.0-255,66,16410,33,131699
1990,0.000255,172.217.194.0-255,2902,19312,33,131699
1991,0.000258,172.31.33.0-255,66,19378,33,131699
1992,0.000261,172.217.194.0-255,1484,20862,33,131699
1993,0.000262,172.31.33.0-255,66,20928,33,131699
1994,0.000291,172.217.194.0-255,4320,25248,33,131699
1995,0.000295,172.31.33.0-255,66,25314,33,131699
1996,0.000302,172.217.194.0-255,5738,31052,33,131699
1997,0.000304,172.31.33.0-255,66,31118,33,131699
1998,0.00034,172.31.33.0-255,66,31184,33,131699
1999,0.000352,172.31.33.0-255,66,31250,33,131699
2000,0.000354,172.217.194.0-255,341,31591,33,131699
2001,0.000357,172.31.33.0-255,66,31657,33,131699
2002,0.000359,172.217.194.0-255,434,32091,33,131699
2003,0.000362,172.31.33.0-255,66,32157,33,131699
2004,0.000839,172.217.194.0-255,1484,33641,33,131699
2005,0.000847,172.217.194.0-255,2902,36543,33,131699
2006,0.000851,172.31.33.0-255,66,36609,33,131699
2007,0.00086,172.217.194.0-255,5738,42347,33,131699
2008,0.000862,172.31.33.0-255,66,42413,33,131699
2009,0.000905,172.31.33.0-255,66,42479,33,131699
2010,0.000976,172.31.33.0-255,66,42545,33,131699
2011,0.001568,172.217.194.0-255,1484,44029,33,131699
2012,0.001579,172.217.194.0-255,2902,46931,33,131699
2013,0.001584,172.31.33.0-255,66,46997,33,131699
2014,0.001588,172.217.194.0-255,1484,48481,33,131699
2015,0.001618,172.217.194.0-255,4320,52801,33,131699
2016,0.001621,172.31.33.0-255,66,52867,33,131699
2017,0.001631,172.31.33.0-255,66,52933,33,131699
2018,0.001647,172.217.194.0-255,1484,54417,33,131699
2019,0.001693,172.31.33.0-255,66,54483,33,131699
2020,0.00174,172.217.194.0-255,1484,55967,33,131699
2021,0.001748,172.217.194.0-255,2902,58869,33,131699
2022,0.001751,172.31.33.0-255,66,58935,33,131699
2023,0.001757,172.217.194.0-255,4320,63255,33,131699
2024,0.001759,172.31.33.0-255,66,63321,33,131699
2025,0.001795,172.217.194.0-255,1484,64805,33,131699
2026,0.00181,172.31.33.0-255,66,64871,33,131699
2027,0.001824,172.31.33.0-255,66,64937,33,131699
2028,0.001827,172.217.194.0-255,766,65703,33,131699
2029,0.001889,172.217.194.0-255,1484,67187,33,131699
2030,0.001892,172.31.33.0-255,66,67253,33,131699
2031,0.001897,172.217.194.0-255,2902,70155,33,131699
2032,0.001899,172.31.33.0-255,66,70221,33,131699
2033,0.001903,172.217.194.0-255,2902,73123,33,131699
2034,0.001905,172.31.33.0-255,66,73189,33,131699
2035,0.00193,172.217.194.0-255,2902,76091,33,131699
2036,0.001932,172.31.33.0-255,66,76157,33,131699
2037,0.001941,172.31.33.0-255,66,76223,33,131699
2038,0.001969,172.217.194.0-255,2902,79125,33,131699
2039,0.001971,172.31.33.0-255,66,79191,33,131699
2040,0.001981,172.31.33.0-255,66,79257,33,131699
2041,0.002009,172.217.194.0-255,1484,80741,33,131699
2042,0.002013,172.217.194.0-255,2902,83643,33,131699
2043,0.002015,172.31.33.0-255,66,83709,33,131699
2044,0.00204,172.217.194.0-255,5738,89447,33,131699
2045,0.002042,172.31.33.0-255,66,89513,33,131699
2046,0.002046,172.217.194.0-255,2902,92415,33,131699
2047,0.002047,172.31.33.0-255,66,92481,33,131699
2048,0.002077,172.31.33.0-255,66,92547,33,131699
2049,0.002103,172.217.194.0-255,2902,95449,33,131699
2050,0.002105,172.31.33.0-255,66,95515,33,131699
2051,0.002127,172.31.33.0-255,66,95581,33,131699
2052,0.002154,172.217.194.0-255,4320,99901,33,131699
2053,0.002155,172.31.33.0-255,66,99967,33,131699
2054,0.002179,172.217.194.0-255,2902,102869,33,131699
2055,0.002182,172.31.33.0-255,66,102935,33,131699
2056,0.002191,172.31.33.0-255,66,103001,33,131699
2057,0.002203,172.217.194.0-255,1484,104485,33,131699
2058,0.00223,172.31.33.0-255,66,104551,33,131699
2059,0.002254,172.217.194.0-255,4320,108871,33,131699
2060,0.002256,172.31.33.0-255,66,108937,33,131699
2061,0.002276,172.217.194.0-255,3602,112539,33,131699
2062,0.002278,172.31.33.0-255,66,112605,33,131699
2063,0.002346,172.31.33.0-255,66,112671,33,131699
2064,0.002348,172.217.194.0-255,1484,114155,33,131699
2065,0.002358,172.31.33.0-255,66,114221,33,131699
2066,0.002369,172.31.33.0-255,66,114287,33,131699
2067,0.00469,172.217.194.0-255,5738,120025,33,131699
2068,0.004701,172.31.33.0-255,66,120091,33,131699
2069,0.007038,172.217.194.0-255,5738,125829,33,131699
2070,0.007059,172.31.33.0-255,66,125895,33,131699
2071,0.009393,172.217.194.0-255,5738,131633,33,131699
2072,0.0094,172.31.33.0-255,66,131699,33,131699
2073,0.0,172.31.33.0-255,105,105,33,459
2074,0.000194,172.31.33.0-255,90,195,33,459
2075,0.000204,172.31.33.0-255,66,261,33,459
2076,0.002294,74.125.24.0-255,66,327,33,459
2077,0.002324,74.125.24.0-255,66,393,33,459
2078,0.002347,172.31.33.0-255,66,459,33,459
2079,0.0,172.217.194.0-255,152,152,33,207116
2080,2.2e-05,172.31.33.0-255,66,218,33,207116
2081,2.8e-05,172.217.194.0-255,1484,1702,33,207116
2082,3.2e-05,172.31.33.0-255,66,1768,33,207116
2083,5.2e-05,172.217.194.0-255,2902,4670,33,207116
2084,5.4e-05,172.31.33.0-255,66,4736,33,207116
2085,5.9e-05,172.217.194.0-255,4320,9056,33,207116
2086,6.1e-05,172.31.33.0-255,66,9122,33,207116
2087,0.000114,172.217.194.0-255,4863,13985,33,207116
2088,0.000117,172.31.33.0-255,66,14051,33,207116
2089,0.000217,172.217.194.0-255,1484,15535,33,207116
2090,0.00022,172.31.33.0-255,66,15601,33,207116
2091,0.000225,172.217.194.0-255,2902,18503,33,207116
2092,0.000228,172.31.33.0-255,66,18569,33,207116
2093,0.000238,172.217.194.0-255,4320,22889,33,207116
2094,0.000241,172.31.33.0-255,66,22955,33,207116
2095,0.000254,172.217.194.0-255,1484,24439,33,207116
2096,0.000256,172.31.33.0-255,66,24505,33,207116
2097,0.000259,172.217.194.0-255,1484,25989,33,207116
2098,0.000262,172.31.33.0-255,66,26055,33,207116
2099,0.000291,172.217.194.0-255,5379,31434,33,207116
2100,0.000295,172.31.33.0-255,66,31500,33,207116
2101,0.0003,172.217.194.0-255,7156,38656,33,207116
2102,0.000302,172.31.33.0-255,66,38722,33,207116
2103,0.000329,172.31.33.0-255,66,38788,33,207116
2104,0.000356,172.217.194.0-255,1484,40272,33,207116
2105,0.000359,172.31.33.0-255,66,40338,33,207116
2106,0.000369,172.31.33.0-255,66,40404,33,207116
2107,0.000389,172.217.194.0-255,394,40798,33,207116
2108,0.000391,172.31.33.0-255,66,40864,33,207116
2109,0.000573,172.217.194.0-255,1484,42348,33,207116
2110,0.000588,172.217.194.0-255,2902,45250,33,207116
2111,0.000591,172.31.33.0-255,66,45316,33,207116
2112,0.000595,172.217.194.0-255,2902,48218,33,207116
2113,0.000597,172.31.33.0-255,66,48284,33,207116
2114,0.00061,172.217.194.0-255,2902,51186,33,207116
2115,0.000612,172.31.33.0-255,66,51252,33,207116
2116,0.000616,172.217.194.0-255,4320,55572,33,207116
2117,0.000618,172.31.33.0-255,66,55638,33,207116
2118,0.000637,172.217.194.0-255,5738,61376,33,207116
2119,0.000639,172.31.33.0-255,66,61442,33,207116
2120,0.000662,172.217.194.0-255,1484,62926,33,207116
2121,0.000687,172.31.33.0-255,66,62992,33,207116
2122,0.000737,172.217.194.0-255,5738,68730,33,207116
2123,0.000739,172.31.33.0-255,66,68796,33,207116
2124,0.000745,172.217.194.0-255,7156,75952,33,207116
2125,0.000747,172.31.33.0-255,66,76018,33,207116
2126,0.000761,172.217.194.0-255,4320,80338,33,207116
2127,0.000763,172.31.33.0-255,66,80404,33,207116
2128,0.000791,172.31.33.0-255,66,80470,33,207116
2129,0.000797,172.217.194.0-255,6438,86908,33,207116
2130,0.000799,172.31.33.0-255,66,86974,33,207116
2131,0.001473,172.217.194.0-255,1484,88458,33,207116
2132,0.001482,172.217.194.0-255,2902,91360,33,207116
2133,0.001485,172.31.33.0-255,66,91426,33,207116
2134,0.001491,172.217.194.0-255,2902,94328,33,207116
2135,0.001492,172.31.33.0-255,66,94394,33,207116
2136,0.001507,172.217.194.0-255,2902,97296,33,207116
2137,0.001509,172.31.33.0-255,66,97362,33,207116
2138,0.001533,172.31.33.0-255,66,97428,33,207116
2139,0.00154,172.217.194.0-255,7156,104584,33,207116
2140,0.001542,172.31.33.0-255,66,104650,33,207116
2141,0.001565,172.217.194.0-255,3602,108252,33,207116
2142,0.001567,172.31.33.0-255,66,108318,33,207116
2143,0.001595,172.217.194.0-255,5738,114056,33,207116
2144,0.001597,172.31.33.0-255,66,114122,33,207116
2145,0.001633,172.31.33.0-255,66,114188,33,207116
2146,0.001679,172.31.33.0-255,66,114254,33,207116
2147,0.001702,172.31.33.0-255,66,114320,33,207116
2148,0.001745,172.217.194.0-255,1484,115804,33,207116
2149,0.001757,172.217.194.0-255,5738,121542,33,207116
2150,0.001759,172.31.33.0-255,66,121608,33,207116
2151,0.001782,172.31.33.0-255,66,121674,33,207116
2152,0.001784,172.217.194.0-255,1484,123158,33,207116
2153,0.0018,172.217.194.0-255,2902,126060,33,207116
2154,0.001802,172.31.33.0-255,66,126126,33,207116
2155,0.001805,172.217.194.0-255,2902,129028,33,207116
2156,0.001807,172.31.33.0-255,66,129094,33,207116
2157,0.001826,172.217.194.0-255,2902,131996,33,207116
2158,0.001828,172.31.33.0-255,66,132062,33,207116
2159,0.001841,172.217.194.0-255,4320,136382,33,207116
2160,0.001843,172.31.33.0-255,66,136448,33,207116
2161,0.001874,172.217.194.0-255,5738,142186,33,207116
2162,0.001876,172.31.33.0-255,66,142252,33,207116
2163,0.001886,172.31.33.0-255,66,142318,33,207116
2164,0.001889,172.217.194.0-255,2184,144502,33,207116
2165,0.001891,172.31.33.0-255,66,144568,33,207116
2166,0.001997,172.217.194.0-255,1484,146052,33,207116
2167,0.002,172.217.194.0-255,1484,147536,33,207116
2168,0.002002,172.31.33.0-255,66,147602,33,207116
2169,0.002021,172.217.194.0-255,1484,149086,33,207116
2170,0.002027,172.217.194.0-255,5738,154824,33,207116
2171,0.002029,172.31.33.0-255,66,154890,33,207116
2172,0.002062,172.217.194.0-255,2902,157792,33,207116
2173,0.002064,172.31.33.0-255,66,157858,33,207116
2174,0.002077,172.217.194.0-255,7156,165014,33,207116
2175,0.002079,172.31.33.0-255,66,165080,33,207116
2176,0.002089,172.31.33.0-255,66,165146,33,207116
2177,0.002092,172.217.194.0-255,2184,167330,33,207116
2178,0.002093,172.31.33.0-255,66,167396,33,207116
2179,0.002114,172.217.194.0-255,2902,170298,33,207116
2180,0.002116,172.31.33.0-255,66,170364,33,207116
2181,0.002132,172.217.194.0-255,1484,171848,33,207116
2182,0.002146,172.217.194.0-255,1484,173332,33,207116
2183,0.002147,172.31.33.0-255,66,173398,33,207116
2184,0.002153,172.217.194.0-255,7156,180554,33,207116
2185,0.002155,172.31.33.0-255,66,180620,33,207116
2186,0.002174,172.217.194.0-255,1484,182104,33,207116
2187,0.002201,172.31.33.0-255,66,182170,33,207116
2188,0.002206,172.217.194.0-255,5020,187190,33,207116
2189,0.002208,172.31.33.0-255,66,187256,33,207116
2190,0.002231,172.217.194.0-255,2902,190158,33,207116
2191,0.002233,172.31.33.0-255,66,190224,33,207116
2192,0.002268,172.31.33.0-255,66,190290,33,207116
2193,0.002277,172.31.33.0-255,66,190356,33,207116
2194,0.00228,172.217.194.0-255,1484,191840,33,207116
2195,0.002297,172.217.194.0-255,2902,194742,33,207116
2196,0.002299,172.31.33.0-255,66,194808,33,207116
2197,0.002329,172.31.33.0-255,66,194874,33,207116
2198,0.002349,172.217.194.0-255,1484,196358,33,207116
2199,0.002363,172.217.194.0-255,4320,200678,33,207116
2200,0.002365,172.31.33.0-255,66,200744,33,207116
2201,0.002379,172.217.194.0-255,5964,206708,33,207116
2202,0.002381,172.31.33.0-255,66,206774,33,207116
2203,0.002399,172.217.194.0-255,105,206879,33,207116
2204,0.007731,172.31.33.0-255,66,206945,33,207116
2205,0.007759,172.31.33.0-255,105,207050,33,207116
2206,0.009978,172.217.194.0-255,66,207116,33,207116
2207,0.0,74.125.24.0-255,219,219,33,151643
2208,2.2e-05,172.31.33.0-255,66,285,33,151643
2209,3e-05,74.125.24.0-255,1484,1769,33,151643
2210,3.4e-05,172.31.33.0-255,66,1835,33,151643
2211,4e-05,74.125.24.0-255,4320,6155,33,151643
2212,5.1e-05,172.31.33.0-255,66,6221,33,151643
2213,6.6e-05,172.31.33.0-255,66,6287,33,151643
2214,0.000314,74.125.24.0-255,1484,7771,33,151643
2215,0.000319,172.31.33.0-255,66,7837,33,151643
2216,0.000326,74.125.24.0-255,2902,10739,33,151643
2217,0.000328,172.31.33.0-255,66,10805,33,151643
2218,0.000339,74.125.24.0-255,5738,16543,33,151643
2219,0.000343,172.31.33.0-255,66,16609,33,151643
2220,0.000348,74.125.24.0-255,4320,20929,33,151643
2221,0.000351,172.31.33.0-255,66,20995,33,151643
2222,0.000417,172.31.33.0-255,66,21061,33,151643
2223,0.000425,74.125.24.0-255,6797,27858,33,151643
2224,0.000427,172.31.33.0-255,66,27924,33,151643
2225,0.000937,74.125.24.0-255,1484,29408,33,151643
2226,0.000944,172.31.33.0-255,66,29474,33,151643
2227,0.000952,74.125.24.0-255,2902,32376,33,151643
2228,0.000954,172.31.33.0-255,66,32442,33,151643
2229,0.000964,74.125.24.0-255,2902,35344,33,151643
2230,0.000966,172.31.33.0-255,66,35410,33,151643
2231,0.000969,74.125.24.0-255,1484,36894,33,151643
2232,0.000971,172.31.33.0-255,66,36960,33,151643
2233,0.001003,74.125.24.0-255,2902,39862,33,151643
2234,0.001006,172.31.33.0-255,66,39928,33,151643
2235,0.001013,74.125.24.0-255,5959,45887,33,151643
2236,0.001015,172.31.33.0-255,66,45953,33,151643
2237,0.001046,74.125.24.0-255,2902,48855,33,151643
2238,0.001049,172.31.33.0-255,66,48921,33,151643
2239,0.001078,74.125.24.0-255,4320,53241,33,151643
2240,0.001081,172.31.33.0-255,66,53307,33,151643
2241,0.001086,74.125.24.0-255,2902,56209,33,151643
2242,0.001088,172.31.33.0-255,66,56275,33,151643
2243,0.001125,74.125.24.0-255,6797,63072,33,151643
2244,0.001129,172.31.33.0-255,66,63138,33,151643
2245,0.001135,74.125.24.0-255,5738,68876,33,151643
2246,0.001137,172.31.33.0-255,66,68942,33,151643
2247,0.001164,74.125.24.0-255,1484,70426,33,151643
2248,0.001177,172.31.33.0-255,66,70492,33,151643
2249,0.001195,74.125.24.0-255,1125,71617,33,151643
2250,0.001551,74.125.24.0-255,1484,73101,33,151643
2251,0.001558,172.31.33.0-255,66,73167,33,151643
2252,0.001565,74.125.24.0-255,2902,76069,33,151643
2253,0.001568,172.31.33.0-255,66,76135,33,151643
2254,0.001578,74.125.24.0-255,5738,81873,33,151643
2255,0.001582,172.31.33.0-255,66,81939,33,151643
2256,0.001589,74.125.24.0-255,7156,89095,33,151643
2257,0.001591,172.31.33.0-255,66,89161,33,151643
2258,0.001639,172.31.33.0-255,66,89227,33,151643
2259,0.001643,74.125.24.0-255,2184,91411,33,151643
2260,0.001645,172.31.33.0-255,66,91477,33,151643
2261,0.001669,74.125.24.0-255,1484,92961,33,151643
2262,0.001673,74.125.24.0-255,1484,94445,33,151643
2263,0.001675,172.31.33.0-255,66,94511,33,151643
2264,0.001704,74.125.24.0-255,1484,95995,33,151643
2265,0.001712,74.125.24.0-255,5738,101733,33,151643
2266,0.001714,172.31.33.0-255,66,101799,33,151643
2267,0.001725,172.31.33.0-255,66,101865,33,151643
2268,0.001763,74.125.24.0-255,4320,106185,33,151643
2269,0.001766,172.31.33.0-255,66,106251,33,151643
2270,0.001773,74.125.24.0-255,7156,113407,33,151643
2271,0.001776,172.31.33.0-255,66,113473,33,151643
2272,0.00178,74.125.24.0-255,3602,117075,33,151643
2273,0.001783,172.31.33.0-255,66,117141,33,151643
2274,0.00236,74.125.24.0-255,1484,118625,33,151643
2275,0.002368,74.125.24.0-255,2902,121527,33,151643
2276,0.002372,172.31.33.0-255,66,121593,33,151643
2277,0.002393,74.125.24.0-255,5738,127331,33,151643
2278,0.002395,172.31.33.0-255,66,127397,33,151643
2279,0.002426,172.31.33.0-255,66,127463,33,151643
2280,0.002442,74.125.24.0-255,2902,130365,33,151643
2281,0.002445,172.31.33.0-255,66,130431,33,151643
2282,0.002451,74.125.24.0-255,7156,137587,33,151643
2283,0.002454,172.31.33.0-255,66,137653,33,151643
2284,0.002487,74.125.24.0-255,3602,141255,33,151643
2285,0.002489,172.31.33.0-255,66,141321,33,151643
2286,0.004993,74.125.24.0-255,1484,142805,33,151643
2287,0.005021,74.125.24.0-255,2902,145707,33,151643
2288,0.005027,172.31.33.0-255,66,145773,33,151643
2289,0.005054,74.125.24.0-255,1484,147257,33,151643
2290,0.007568,74.125.24.0-255,4320,151577,33,151643
2291,0.007571,172.31.33.0-255,66,151643,33,151643
2292,0.0,74.125.68.0-255,153,153,33,247130
2293,3.3e-05,172.31.33.0-255,66,219,33,247130
2294,4e-05,74.125.68.0-255,1484,1703,33,247130
2295,4.5e-05,172.31.33.0-255,66,1769,33,247130
2296,5e-05,74.125.68.0-255,2902,4671,33,247130
2297,5.3e-05,172.31.33.0-255,66,4737,33,247130
2298,8.2e-05,74.125.68.0-255,5738,10475,33,247130
2299,8.5e-05,172.31.33.0-255,66,10541,33,247130
2300,0.000119,74.125.68.0-255,1484,12025,33,247130
2301,0.000122,172.31.33.0-255,66,12091,33,247130
2302,0.000139,74.125.68.0-255,1984,14075,33,247130
2303,0.000143,172.31.33.0-255,66,14141,33,247130
2304,0.000322,74.125.68.0-255,1484,15625,33,247130
2305,0.000328,172.31.33.0-255,66,15691,33,247130
2306,0.000331,74.125.68.0-255,1484,17175,33,247130
2307,0.000334,172.31.33.0-255,66,17241,33,247130
2308,0.000347,74.125.68.0-255,1484,18725,33,247130
2309,0.00035,172.31.33.0-255,66,18791,33,247130
2310,0.000377,74.125.68.0-255,5738,24529,33,247130
2311,0.000381,172.31.33.0-255,66,24595,33,247130
2312,0.000399,74.125.68.0-255,4320,28915,33,247130
2313,0.000403,172.31.33.0-255,66,28981,33,247130
2314,0.000426,74.125.68.0-255,2543,31524,33,247130
2315,0.000429,172.31.33.0-255,66,31590,33,247130
2316,0.000444,74.125.68.0-255,1484,33074,33,247130
2317,0.000447,172.31.33.0-255,66,33140,33,247130
2318,0.000474,74.125.68.0-255,2902,36042,33,247130
2319,0.000478,172.31.33.0-255,66,36108,33,247130
2320,0.000483,74.125.68.0-255,2902,39010,33,247130
2321,0.000487,172.31.33.0-255,66,39076,33,247130
2322,0.000513,74.125.68.0-255,1484,40560,33,247130
2323,0.000516,172.31.33.0-255,66,40626,33,247130
2324,0.000535,74.125.68.0-255,2902,43528,33,247130
2325,0.000538,172.31.33.0-255,66,43594,33,247130
2326,0.000546,74.125.68.0-255,5379,48973,33,247130
2327,0.000548,172.31.33.0-255,66,49039,33,247130
2328,0.000886,74.125.68.0-255,1484,50523,33,247130
2329,0.000896,74.125.68.0-255,1484,52007,33,247130
2330,0.0009,172.31.33.0-255,66,52073,33,247130
2331,0.000914,74.125.68.0-255,1484,53557,33,247130
2332,0.000936,74.125.68.0-255,4320,57877,33,247130
2333,0.00094,172.31.33.0-255,66,57943,33,247130
2334,0.000969,74.125.68.0-255,5738,63681,33,247130
2335,0.000973,172.31.33.0-255,66,63747,33,247130
2336,0.000992,74.125.68.0-255,2543,66290,33,247130
2337,0.000995,172.31.33.0-255,66,66356,33,247130
2338,0.000999,74.125.68.0-255,2902,69258,33,247130
2339,0.001001,172.31.33.0-255,66,69324,33,247130
2340,0.001024,74.125.68.0-255,1484,70808,33,247130
2341,0.001043,74.125.68.0-255,4320,75128,33,247130
2342,0.001047,172.31.33.0-255,66,75194,33,247130
2343,0.001059,74.125.68.0-255,1484,76678,33,247130
2344,0.001082,74.125.68.0-255,5738,82416,33,247130
2345,0.001085,172.31.33.0-255,66,82482,33,247130
2346,0.001089,74.125.68.0-255,1705,84187,33,247130
2347,0.001091,172.31.33.0-255,66,84253,33,247130
2348,0.001135,74.125.68.0-255,1484,85737,33,247130
2349,0.001147,74.125.68.0-255,2902,88639,33,247130
2350,0.00115,172.31.33.0-255,66,88705,33,247130
2351,0.001179,74.125.68.0-255,4320,93025,33,247130
2352,0.001183,172.31.33.0-255,66,93091,33,247130
2353,0.001199,74.125.68.0-255,1484,94575,33,247130
2354,0.001206,74.125.68.0-255,6797,101372,33,247130
2355,0.001209,172.31.33.0-255,66,101438,33,247130
2356,0.001367,74.125.68.0-255,1484,102922,33,247130
2357,0.001372,74.125.68.0-255,1484,104406,33,247130
2358,0.001375,172.31.33.0-255,66,104472,33,247130
2359,0.001392,74.125.68.0-255,1484,105956,33,247130
2360,0.001396,74.125.68.0-255,1484,107440,33,247130
2361,0.001397,172.31.33.0-255,66,107506,33,247130
2362,0.001418,74.125.68.0-255,4320,111826,33,247130
2363,0.001421,172.31.33.0-255,66,111892,33,247130
2364,0.001425,74.125.68.0-255,4320,116212,33,247130
2365,0.001427,172.31.33.0-255,66,116278,33,247130
2366,0.00145,74.125.68.0-255,2902,119180,33,247130
2367,0.001451,172.31.33.0-255,66,119246,33,247130
2368,0.001457,74.125.68.0-255,5738,124984,33,247130
2369,0.00146,172.31.33.0-255,66,125050,33,247130
2370,0.001486,74.125.68.0-255,2902,127952,33,247130
2371,0.001489,172.31.33.0-255,66,128018,33,247130
2372,0.001493,74.125.68.0-255,2902,130920,33,247130
2373,0.001495,172.31.33.0-255,66,130986,33,247130
2374,0.001499,74.125.68.0-255,4320,135306,33,247130
2375,0.001502,172.31.33.0-255,66,135372,33,247130
2376,0.001504,74.125.68.0-255,766,136138,33,247130
2377,0.001563,74.125.68.0-255,1484,137622,33,247130
2378,0.001566,172.31.33.0-255,66,137688,33,247130
2379,0.001579,74.125.68.0-255,2902,140590,33,247130
2380,0.001582,172.31.33.0-255,66,140656,33,247130
2381,0.001595,74.125.68.0-255,2902,143558,33,247130
2382,0.001597,172.31.33.0-255,66,143624,33,247130
2383,0.001617,74.125.68.0-255,2902,146526,33,247130
2384,0.001619,172.31.33.0-255,66,146592,33,247130
2385,0.001623,74.125.68.0-255,2902,149494,33,247130
2386,0.001626,172.31.33.0-255,66,149560,33,247130
2387,0.001643,74.125.68.0-255,7156,156716,33,247130
2388,0.001646,172.31.33.0-255,66,156782,33,247130
2389,0.001652,74.125.68.0-255,7156,163938,33,247130
2390,0.001654,172.31.33.0-255,66,164004,33,247130
2391,0.001681,74.125.68.0-255,4320,168324,33,247130
2392,0.001683,172.31.33.0-255,66,168390,33,247130
2393,0.001687,74.125.68.0-255,2184,170574,33,247130
2394,0.001689,172.31.33.0-255,66,170640,33,247130
2395,0.001737,74.125.68.0-255,1484,172124,33,247130
2396,0.001752,74.125.68.0-255,1484,173608,33,247130
2397,0.001755,172.31.33.0-255,66,173674,33,247130
2398,0.00177,74.125.68.0-255,1484,175158,33,247130
2399,0.001782,74.125.68.0-255,2902,178060,33,247130
2400,0.001784,172.31.33.0-255,66,178126,33,247130
2401,0.001814,74.125.68.0-255,4320,182446,33,247130
2402,0.001816,172.31.33.0-255,66,182512,33,247130
2403,0.001867,74.125.68.0-255,4320,186832,33,247130
2404,0.00187,172.31.33.0-255,66,186898,33,247130
2405,0.001906,74.125.68.0-255,1484,188382,33,247130
2406,0.001929,74.125.68.0-255,4320,192702,33,247130
2407,0.001931,172.31.33.0-255,66,192768,33,247130
2408,0.001934,74.125.68.0-255,1484,194252,33,247130
2409,0.001939,74.125.68.0-255,4320,198572,33,247130
2410,0.001942,172.31.33.0-255,66,198638,33,247130
2411,0.001969,74.125.68.0-255,4320,202958,33,247130
2412,0.001971,172.31.33.0-255,66,203024,33,247130
2413,0.001975,74.125.68.0-255,2184,205208,33,247130
2414,0.001977,172.31.33.0-255,66,205274,33,247130
2415,0.002056,74.125.68.0-255,1484,206758,33,247130
2416,0.002072,74.125.68.0-255,2902,209660,33,247130
2417,0.002075,172.31.33.0-255,66,209726,33,247130
2418,0.002092,74.125.68.0-255,2902,212628,33,247130
2419,0.002095,172.31.33.0-255,66,212694,33,247130
2420,0.002114,74.125.68.0-255,2902,215596,33,247130
2421,0.002116,172.31.33.0-255,66,215662,33,247130
2422,0.002134,74.125.68.0-255,7156,222818,33,247130
2423,0.002137,172.31.33.0-255,66,222884,33,247130
2424,0.002192,74.125.68.0-255,4320,227204,33,247130
2425,0.002194,172.31.33.0-255,66,227270,33,247130
2426,0.00222,172.31.33.0-255,66,227336,33,247130
2427,0.002224,74.125.68.0-255,2184,229520,33,247130
2428,0.002225,172.31.33.0-255,66,229586,33,247130
2429,0.00442,74.125.68.0-255,2902,232488,33,247130
2430,0.004423,172.31.33.0-255,66,232554,33,247130
2431,0.00444,74.125.68.0-255,2902,235456,33,247130
2432,0.004442,172.31.33.0-255,66,235522,33,247130
2433,0.006642,74.125.68.0-255,5738,241260,33,247130
2434,0.006652,172.31.33.0-255,66,241326,33,247130
2435,0.008869,74.125.68.0-255,5738,247064,33,247130
2436,0.00888,172.31.33.0-255,66,247130,33,247130
2437,0.0,74.125.24.0-255,152,152,33,203806
2438,2e-05,172.31.33.0-255,66,218,33,203806
2439,4.4e-05,74.125.24.0-255,1484,1702,33,203806
2440,4.8e-05,172.31.33.0-255,66,1768,33,203806
2441,6.9e-05,74.125.24.0-255,2902,4670,33,203806
2442,7.3e-05,172.31.33.0-255,66,4736,33,203806
2443,7.6e-05,74.125.24.0-255,1484,6220,33,203806
2444,7.8e-05,172.31.33.0-255,66,6286,33,203806
2445,8.3e-05,74.125.24.0-255,4320,10606,33,203806
2446,8.6e-05,172.31.33.0-255,66,10672,33,203806
2447,0.000104,74.125.24.0-255,4855,15527,33,203806
2448,0.000106,172.31.33.0-255,66,15593,33,203806
2449,0.000111,74.125.24.0-255,2902,18495,33,203806
2450,0.000112,172.31.33.0-255,66,18561,33,203806
2451,0.000145,172.31.33.0-255,66,18627,33,203806
2452,0.000277,74.125.24.0-255,1484,20111,33,203806
2453,0.000282,172.31.33.0-255,66,20177,33,203806
2454,0.000287,74.125.24.0-255,2902,23079,33,203806
2455,0.000291,172.31.33.0-255,66,23145,33,203806
2456,0.000303,74.125.24.0-255,5738,28883,33,203806
2457,0.000306,172.31.33.0-255,66,28949,33,203806
2458,0.000322,74.125.24.0-255,7156,36105,33,203806
2459,0.000325,172.31.33.0-255,66,36171,33,203806
2460,0.000345,74.125.24.0-255,1484,37655,33,203806
2461,0.000348,172.31.33.0-255,66,37721,33,203806
2462,0.000374,172.31.33.0-255,66,37787,33,203806
2463,0.000394,74.125.24.0-255,2902,40689,33,203806
2464,0.000397,74.125.24.0-255,2184,42873,33,203806
2465,0.000398,172.31.33.0-255,66,42939,33,203806
2466,0.000401,172.31.33.0-255,66,43005,33,203806
2467,0.000416,74.125.24.0-255,360,43365,33,203806
2468,0.000635,172.31.33.0-255,66,43431,33,203806
2469,0.000878,74.125.24.0-255,1484,44915,33,203806
2470,0.000898,74.125.24.0-255,2902,47817,33,203806
2471,0.000902,172.31.33.0-255,66,47883,33,203806
2472,0.000922,74.125.24.0-255,5738,53621,33,203806
2473,0.000925,172.31.33.0-255,66,53687,33,203806
2474,0.000944,74.125.24.0-255,4320,58007,33,203806
2475,0.000946,172.31.33.0-255,66,58073,33,203806
2476,0.000963,74.125.24.0-255,1484,59557,33,203806
2477,0.000976,74.125.24.0-255,4320,63877,33,203806
2478,0.000978,172.31.33.0-255,66,63943,33,203806
2479,0.000992,74.125.24.0-255,2280,66223,33,203806
2480,0.000994,172.31.33.0-255,66,66289,33,203806
2481,0.001,74.125.24.0-255,7156,73445,33,203806
2482,0.001002,172.31.33.0-255,66,73511,33,203806
2483,0.001028,74.125.24.0-255,3961,77472,33,203806
2484,0.00103,172.31.33.0-255,66,77538,33,203806
2485,0.001265,74.125.24.0-255,1484,79022,33,203806
2486,0.001273,74.125.24.0-255,2902,81924,33,203806
2487,0.001276,172.31.33.0-255,66,81990,33,203806
2488,0.00128,74.125.24.0-255,1484,83474,33,203806
2489,0.001296,74.125.24.0-255,4320,87794,33,203806
2490,0.001297,172.31.33.0-255,66,87860,33,203806
2491,0.001311,74.125.24.0-255,4320,92180,33,203806
2492,0.001312,172.31.33.0-255,66,92246,33,203806
2493,0.001343,172.31.33.0-255,66,92312,33,203806
2494,0.001379,172.31.33.0-255,66,92378,33,203806
2495,0.001395,74.125.24.0-255,1484,93862,33,203806
2496,0.001397,74.125.24.0-255,766,94628,33,203806
2497,0.001399,172.31.33.0-255,66,94694,33,203806
2498,0.001905,74.125.24.0-255,1484,96178,33,203806
2499,0.001908,74.125.24.0-255,2902,99080,33,203806
2500,0.00191,172.31.33.0-255,66,99146,33,203806
2501,0.001928,74.125.24.0-255,4320,103466,33,203806
2502,0.00193,172.31.33.0-255,66,103532,33,203806
2503,0.001945,74.125.24.0-255,1484,105016,33,203806
2504,0.001948,74.125.24.0-255,2902,107918,33,203806
2505,0.00195,172.31.33.0-255,66,107984,33,203806
2506,0.001969,172.31.33.0-255,66,108050,33,203806
2507,0.001988,74.125.24.0-255,1484,109534,33,203806
2508,0.001999,74.125.24.0-255,4320,113854,33,203806
2509,0.002001,172.31.33.0-255,66,113920,33,203806
2510,0.002013,74.125.24.0-255,4320,118240,33,203806
2511,0.002015,172.31.33.0-255,66,118306,33,203806
2512,0.002027,74.125.24.0-255,766,119072,33,203806
2513,0.002063,74.125.24.0-255,1484,120556,33,203806
2514,0.002064,172.31.33.0-255,66,120622,33,203806
2515,0.002074,74.125.24.0-255,2902,123524,33,203806
2516,0.002076,172.31.33.0-255,66,123590,33,203806
2517,0.002097,74.125.24.0-255,5738,129328,33,203806
2518,0.002099,172.31.33.0-255,66,129394,33,203806
2519,0.002101,74.125.24.0-255,1484,130878,33,203806
2520,0.002118,74.125.24.0-255,4320,135198,33,203806
2521,0.002119,172.31.33.0-255,66,135264,33,203806
2522,0.00213,74.125.24.0-255,1484,136748,33,203806
2523,0.002135,74.125.24.0-255,4320,141068,33,203806
2524,0.002137,172.31.33.0-255,66,141134,33,203806
2525,0.00215,74.125.24.0-255,7156,148290,33,203806
2526,0.002152,172.31.33.0-255,66,148356,33,203806
2527,0.002169,74.125.24.0-255,2902,151258,33,203806
2528,0.002171,172.31.33.0-255,66,151324,33,203806
2529,0.002174,74.125.24.0-255,2184,153508,33,203806
2530,0.002176,172.31.33.0-255,66,153574,33,203806
2531,0.002184,172.31.33.0-255,66,153640,33,203806
2532,0.002218,172.31.33.0-255,66,153706,33,203806
2533,0.002227,172.31.33.0-255,66,153772,33,203806
2534,0.002251,74.125.24.0-255,5020,158792,33,203806
2535,0.002253,172.31.33.0-255,66,158858,33,203806
2536,0.002281,74.125.24.0-255,5738,164596,33,203806
2537,0.002283,172.31.33.0-255,66,164662,33,203806
2538,0.002286,74.125.24.0-255,1484,166146,33,203806
2539,0.002303,74.125.24.0-255,5738,171884,33,203806
2540,0.002305,172.31.33.0-255,66,171950,33,203806
2541,0.00233,74.125.24.0-255,7156,179106,33,203806
2542,0.002332,172.31.33.0-255,66,179172,33,203806
2543,0.002345,74.125.24.0-255,7156,186328,33,203806
2544,0.002347,172.31.33.0-255,66,186394,33,203806
2545,0.004654,74.125.24.0-255,5738,192132,33,203806
2546,0.004666,172.31.33.0-255,66,192198,33,203806
2547,0.00697,74.125.24.0-255,5738,197936,33,203806
2548,0.006978,172.31.33.0-255,66,198002,33,203806
2549,0.009269,74.125.24.0-255,5738,203740,33,203806
2550,0.009285,172.31.33.0-255,66,203806,33,203806
2551,0.0,172.217.194.0-255,153,153,33,127736
2552,2.2e-05,172.31.33.0-255,66,219,33,127736
2553,2.9e-05,172.217.194.0-255,1484,1703,33,127736
2554,3.3e-05,172.31.33.0-255,66,1769,33,127736
2555,3.7e-05,172.217.194.0-255,2902,4671,33,127736
2556,3.9e-05,172.31.33.0-255,66,4737,33,127736
2557,4.2e-05,172.217.194.0-255,1484,6221,33,127736
2558,4.4e-05,172.31.33.0-255,66,6287,33,127736
2559,6.9e-05,172.217.194.0-255,5738,12025,33,127736
2560,7.1e-05,172.31.33.0-255,66,12091,33,127736
2561,7.5e-05,172.217.194.0-255,1975,14066,33,127736
2562,7.8e-05,172.31.33.0-255,66,14132,33,127736
2563,0.0001,172.217.194.0-255,2902,17034,33,127736
2564,0.000102,172.31.33.0-255,66,17100,33,127736
2565,0.000127,172.217.194.0-255,7156,24256,33,127736
2566,0.000129,172.31.33.0-255,66,24322,33,127736
2567,0.000166,172.217.194.0-255,5738,30060,33,127736
2568,0.000169,172.31.33.0-255,66,30126,33,127736
2569,0.000172,172.217.194.0-255,1125,31251,33,127736
2570,0.000173,172.31.33.0-255,66,31317,33,127736
2571,0.000476,172.217.194.0-255,1484,32801,33,127736
2572,0.00048,172.31.33.0-255,66,32867,33,127736
2573,0.000488,172.217.194.0-255,2902,35769,33,127736
2574,0.00049,172.31.33.0-255,66,35835,33,127736
2575,0.000513,172.217.194.0-255,5738,41573,33,127736
2576,0.000515,172.31.33.0-255,66,41639,33,127736
2577,0.000536,172.217.194.0-255,6797,48436,33,127736
2578,0.000538,172.31.33.0-255,66,48502,33,127736
2579,0.000561,172.217.194.0-255,1484,49986,33,127736
2580,0.000564,172.31.33.0-255,66,50052,33,127736
2581,0.000582,172.217.194.0-255,5738,55790,33,127736
2582,0.000585,172.31.33.0-255,66,55856,33,127736
2583,0.000629,172.217.194.0-255,2902,58758,33,127736
2584,0.000632,172.31.33.0-255,66,58824,33,127736
2585,0.000654,172.217.194.0-255,7086,65910,33,127736
2586,0.000657,172.31.33.0-255,66,65976,33,127736
2587,0.000668,172.217.194.0-255,98,66074,33,127736
2588,0.000695,172.217.194.0-255,1484,67558,33,127736
2589,0.000699,172.31.33.0-255,66,67624,33,127736
2590,0.000703,172.217.194.0-255,2902,70526,33,127736
2591,0.000706,172.31.33.0-255,66,70592,33,127736
2592,0.000728,172.217.194.0-255,7156,77748,33,127736
2593,0.000731,172.31.33.0-255,66,77814,33,127736
2594,0.00075,172.217.194.0-255,1484,79298,33,127736
2595,0.000766,172.217.194.0-255,3680,82978,33,127736
2596,0.000769,172.31.33.0-255,66,83044,33,127736
2597,0.000848,172.217.194.0-255,1484,84528,33,127736
2598,0.000853,172.217.194.0-255,2902,87430,33,127736
2599,0.000856,172.31.33.0-255,66,87496,33,127736
2600,0.000878,172.217.194.0-255,5738,93234,33,127736
2601,0.000881,172.31.33.0-255,66,93300,33,127736
2602,0.000912,172.217.194.0-255,5738,99038,33,127736
2603,0.000915,172.31.33.0-255,66,99104,33,127736
2604,0.00094,172.217.194.0-255,2902,102006,33,127736
2605,0.000943,172.31.33.0-255,66,102072,33,127736
2606,0.000967,172.31.33.0-255,66,102138,33,127736
2607,0.00102,172.217.194.0-255,4320,106458,33,127736
2608,0.001022,172.31.33.0-255,66,106524,33,127736
2609,0.001037,172.217.194.0-255,766,107290,33,127736
2610,0.002983,172.217.194.0-255,4320,111610,33,127736
2611,0.002987,172.31.33.0-255,66,111676,33,127736
2612,0.00496,172.217.194.0-255,4320,115996,33,127736
2613,0.004964,172.31.33.0-255,66,116062,33,127736
2614,0.004985,172.217.194.0-255,1484,117546,33,127736
2615,0.006935,172.217.194.0-255,4320,121866,33,127736
2616,0.006942,172.31.33.0-255,66,121932,33,127736
2617,0.008955,172.217.194.0-255,5738,127670,33,127736
2618,0.008963,172.31.33.0-255,66,127736,33,127736
2619,0.0,74.125.24.0-255,143,143,33,240665
2620,2.2e-05,172.31.33.0-255,66,209,33,240665
2621,2.9e-05,74.125.24.0-255,1484,1693,33,240665
2622,3.4e-05,172.31.33.0-255,66,1759,33,240665
2623,4e-05,74.125.24.0-255,2902,4661,33,240665
2624,4.4e-05,172.31.33.0-255,66,4727,33,240665
2625,5e-05,74.125.24.0-255,5738,10465,33,240665
2626,5.4e-05,172.31.33.0-255,66,10531,33,240665
2627,9.3e-05,172.31.33.0-255,66,10597,33,240665
2628,0.0001,74.125.24.0-255,6797,17394,33,240665
2629,0.000103,172.31.33.0-255,66,17460,33,240665
2630,0.000151,74.125.24.0-255,1484,18944,33,240665
2631,0.000153,172.31.33.0-255,66,19010,33,240665
2632,0.000159,74.125.24.0-255,2902,21912,33,240665
2633,0.000161,172.31.33.0-255,66,21978,33,240665
2634,0.000167,74.125.24.0-255,4320,26298,33,240665
2635,0.000169,172.31.33.0-255,66,26364,33,240665
2636,0.000194,74.125.24.0-255,1484,27848,33,240665
2637,0.000196,172.31.33.0-255,66,27914,33,240665
2638,0.000202,74.125.24.0-255,4320,32234,33,240665
2639,0.000204,172.31.33.0-255,66,32300,33,240665
2640,0.000215,172.31.33.0-255,66,32366,33,240665
2641,0.00024,74.125.24.0-255,3961,36327,33,240665
2642,0.000242,172.31.33.0-255,66,36393,33,240665
2643,0.000249,74.125.24.0-255,7070,43463,33,240665
2644,0.000252,172.31.33.0-255,66,43529,33,240665
2645,0.000255,74.125.24.0-255,133,43662,33,240665
2646,0.000258,172.31.33.0-255,66,43728,33,240665
2647,0.000313,74.125.24.0-255,1484,45212,33,240665
2648,0.000316,172.31.33.0-255,66,45278,33,240665
2649,0.000322,74.125.24.0-255,2902,48180,33,240665
2650,0.000324,172.31.33.0-255,66,48246,33,240665
2651,0.000327,74.125.24.0-255,1484,49730,33,240665
2652,0.000349,74.125.24.0-255,4320,54050,33,240665
2653,0.000352,172.31.33.0-255,66,54116,33,240665
2654,0.000385,74.125.24.0-255,6497,60613,33,240665
2655,0.000388,172.31.33.0-255,66,60679,33,240665
2656,0.000482,74.125.24.0-255,1484,62163,33,240665
2657,0.000488,74.125.24.0-255,2902,65065,33,240665
2658,0.000491,172.31.33.0-255,66,65131,33,240665
2659,0.000495,74.125.24.0-255,2902,68033,33,240665
2660,0.000498,172.31.33.0-255,66,68099,33,240665
2661,0.000511,74.125.24.0-255,2902,71001,33,240665
2662,0.000514,172.31.33.0-255,66,71067,33,240665
2663,0.000518,74.125.24.0-255,2902,73969,33,240665
2664,0.000521,172.31.33.0-255,66,74035,33,240665
2665,0.000561,172.31.33.0-255,66,74101,33,240665
2666,0.000575,172.31.33.0-255,66,74167,33,240665
2667,0.000592,74.125.24.0-255,1484,75651,33,240665
2668,0.000597,74.125.24.0-255,2902,78553,33,240665
2669,0.000599,172.31.33.0-255,66,78619,33,240665
2670,0.000639,74.125.24.0-255,2902,81521,33,240665
2671,0.000641,172.31.33.0-255,66,81587,33,240665
2672,0.000669,74.125.24.0-255,2902,84489,33,240665
2673,0.000672,172.31.33.0-255,66,84555,33,240665
2674,0.000687,172.31.33.0-255,66,84621,33,240665
2675,0.000694,74.125.24.0-255,7156,91777,33,240665
2676,0.000697,172.31.33.0-255,66,91843,33,240665
2677,0.00071,172.31.33.0-255,66,91909,33,240665
2678,0.000736,172.31.33.0-255,66,91975,33,240665
2679,0.000771,74.125.24.0-255,1484,93459,33,240665
2680,0.000787,74.125.24.0-255,2902,96361,33,240665
2681,0.00079,172.31.33.0-255,66,96427,33,240665
2682,0.000796,74.125.24.0-255,4320,100747,33,240665
2683,0.000798,172.31.33.0-255,66,100813,33,240665
2684,0.000813,74.125.24.0-255,4320,105133,33,240665
2685,0.000815,172.31.33.0-255,66,105199,33,240665
2686,0.000831,74.125.24.0-255,4320,109519,33,240665
2687,0.000834,172.31.33.0-255,66,109585,33,240665
2688,0.00085,74.125.24.0-255,2902,112487,33,240665
2689,0.000853,172.31.33.0-255,66,112553,33,240665
2690,0.00088,172.31.33.0-255,66,112619,33,240665
2691,0.000907,172.31.33.0-255,66,112685,33,240665
2692,0.000943,172.31.33.0-255,66,112751,33,240665
2693,0.000946,74.125.24.0-255,1484,114235,33,240665
2694,0.000975,172.31.33.0-255,66,114301,33,240665
2695,0.00099,172.31.33.0-255,66,114367,33,240665
2696,0.000996,74.125.24.0-255,5020,119387,33,240665
2697,0.000998,172.31.33.0-255,66,119453,33,240665
2698,0.001058,74.125.24.0-255,1484,120937,33,240665
2699,0.001063,74.125.24.0-255,2902,123839,33,240665
2700,0.001066,172.31.33.0-255,66,123905,33,240665
2701,0.001071,74.125.24.0-255,2902,126807,33,240665
2702,0.001073,172.31.33.0-255,66,126873,33,240665
2703,0.00109,74.125.24.0-255,2902,129775,33,240665
2704,0.001093,172.31.33.0-255,66,129841,33,240665
2705,0.001097,74.125.24.0-255,2902,132743,33,240665
2706,0.0011,172.31.33.0-255,66,132809,33,240665
2707,0.001125,74.125.24.0-255,3961,136770,33,240665
2708,0.001128,172.31.33.0-255,66,136836,33,240665
2709,0.001142,74.125.24.0-255,5738,142574,33,240665
2710,0.001145,172.31.33.0-255,66,142640,33,240665
2711,0.001166,74.125.24.0-255,1484,144124,33,240665
2712,0.001171,74.125.24.0-255,4320,148444,33,240665
2713,0.001173,172.31.33.0-255,66,148510,33,240665
2714,0.001182,172.31.33.0-255,66,148576,33,240665
2715,0.001197,74.125.24.0-255,4320,152896,33,240665
2716,0.001199,172.31.33.0-255,66,152962,33,240665
2717,0.001205,74.125.24.0-255,5738,158700,33,240665
2718,0.001206,172.31.33.0-255,66,158766,33,240665
2719,0.001229,74.125.24.0-255,3602,162368,33,240665
2720,0.001232,172.31.33.0-255,66,162434,33,240665
2721,0.001413,74.125.24.0-255,1484,163918,33,240665
2722,0.001418,74.125.24.0-255,2902,166820,33,240665
2723,0.001421,172.31.33.0-255,66,166886,33,240665
2724,0.001428,74.125.24.0-255,5738,172624,33,240665
2725,0.00143,172.31.33.0-255,66,172690,33,240665
2726,0.001471,74.125.24.0-255,6797,179487,33,240665
2727,0.001473,172.31.33.0-255,66,179553,33,240665
2728,0.001657,74.125.24.0-255,1484,181037,33,240665
2729,0.001674,74.125.24.0-255,2902,183939,33,240665
2730,0.001679,74.125.24.0-255,5738,189677,33,240665
2731,0.001683,172.31.33.0-255,66,189743,33,240665
2732,0.001686,172.31.33.0-255,66,189809,33,240665
2733,0.001709,74.125.24.0-255,4320,194129,33,240665
2734,0.001711,172.31.33.0-255,66,194195,33,240665
2735,0.001729,74.125.24.0-255,5738,199933,33,240665
2736,0.001732,172.31.33.0-255,66,199999,33,240665
2737,0.001742,172.31.33.0-255,66,200065,33,240665
2738,0.001768,74.125.24.0-255,2184,202249,33,240665
2739,0.00177,172.31.33.0-255,66,202315,33,240665
2740,0.001904,74.125.24.0-255,1484,203799,33,240665
2741,0.00192,74.125.24.0-255,2902,206701,33,240665
2742,0.001923,172.31.33.0-255,66,206767,33,240665
2743,0.001928,74.125.24.0-255,4320,211087,33,240665
2744,0.00193,172.31.33.0-255,66,211153,33,240665
2745,0.00194,74.125.24.0-255,1484,212637,33,240665
2746,0.001944,74.125.24.0-255,2902,215539,33,240665
2747,0.001946,172.31.33.0-255,66,215605,33,240665
2748,0.001977,172.31.33.0-255,66,215671,33,240665
2749,0.001984,74.125.24.0-255,7156,222827,33,240665
2750,0.001985,172.31.33.0-255,66,222893,33,240665
2751,0.001992,74.125.24.0-255,5738,228631,33,240665
2752,0.001993,172.31.33.0-255,66,228697,33,240665
2753,0.002011,74.125.24.0-255,2184,230881,33,240665
2754,0.002013,172.31.33.0-255,66,230947,33,240665
2755,0.002016,74.125.24.0-255,1484,232431,33,240665
2756,0.002019,74.125.24.0-255,1484,233915,33,240665
2757,0.002021,172.31.33.0-255,66,233981,33,240665
2758,0.002025,74.125.24.0-255,2902,236883,33,240665
2759,0.002027,172.31.33.0-255,66,236949,33,240665
2760,0.002053,74.125.24.0-255,3545,240494,33,240665
2761,0.002056,172.31.33.0-255,66,240560,33,240665
2762,0.002095,74.125.24.0-255,105,240665,33,240665
2763,0.0,74.125.68.0-255,152,152,33,200050
2764,2.2e-05,172.31.33.0-255,66,218,33,200050
2765,2.8e-05,74.125.68.0-255,1484,1702,33,200050
2766,3.2e-05,172.31.33.0-255,66,1768,33,200050
2767,3.5e-05,74.125.68.0-255,1484,3252,33,200050
2768,3.7e-05,172.31.33.0-255,66,3318,33,200050
2769,5.8e-05,74.125.68.0-255,1484,4802,33,200050
2770,6e-05,172.31.33.0-255,66,4868,33,200050
2771,7.2e-05,74.125.68.0-255,7156,12024,33,200050
2772,7.4e-05,172.31.33.0-255,66,12090,33,200050
2773,7.9e-05,74.125.68.0-255,2083,14173,33,200050
2774,8.1e-05,172.31.33.0-255,66,14239,33,200050
2775,8.6e-05,74.125.68.0-255,2902,17141,33,200050
2776,8.8e-05,172.31.33.0-255,66,17207,33,200050
2777,0.000117,74.125.68.0-255,7156,24363,33,200050
2778,0.000121,172.31.33.0-255,66,24429,33,200050
2779,0.000126,74.125.68.0-255,2902,27331,33,200050
2780,0.000128,172.31.33.0-255,66,27397,33,200050
2781,0.000154,74.125.68.0-255,3961,31358,33,200050
2782,0.000157,172.31.33.0-255,66,31424,33,200050
2783,0.000259,74.125.68.0-255,1484,32908,33,200050
2784,0.000263,172.31.33.0-255,66,32974,33,200050
2785,0.000268,74.125.68.0-255,1484,34458,33,200050
2786,0.000271,172.31.33.0-255,66,34524,33,200050
2787,0.000296,74.125.68.0-255,1484,36008,33,200050
2788,0.000298,172.31.33.0-255,66,36074,33,200050
2789,0.000307,74.125.68.0-255,1484,37558,33,200050
2790,0.000309,172.31.33.0-255,66,37624,33,200050
2791,0.000314,74.125.68.0-255,2902,40526,33,200050
2792,0.000316,172.31.33.0-255,66,40592,33,200050
2793,0.000323,74.125.68.0-255,5738,46330,33,200050
2794,0.000325,172.31.33.0-255,66,46396,33,200050
2795,0.000353,74.125.68.0-255,5379,51775,33,200050
2796,0.000356,172.31.33.0-255,66,51841,33,200050
2797,0.000362,74.125.68.0-255,5738,57579,33,200050
2798,0.000364,172.31.33.0-255,66,57645,33,200050
2799,0.000399,74.125.68.0-255,4320,61965,33,200050
2800,0.000403,172.31.33.0-255,66,62031,33,200050
2801,0.00042,74.125.68.0-255,4273,66304,33,200050
2802,0.000423,172.31.33.0-255,66,66370,33,200050
2803,0.000426,74.125.68.0-255,111,66481,33,200050
2804,0.000503,74.125.68.0-255,1484,67965,33,200050
2805,0.000507,172.31.33.0-255,66,68031,33,200050
2806,0.000533,74.125.68.0-255,1484,69515,33,200050
2807,0.000553,74.125.68.0-255,1484,70999,33,200050
2808,0.000556,172.31.33.0-255,66,71065,33,200050
2809,0.000562,74.125.68.0-255,5738,76803,33,200050
2810,0.000564,172.31.33.0-255,66,76869,33,200050
2811,0.000572,74.125.68.0-255,2902,79771,33,200050
2812,0.000575,172.31.33.0-255,66,79837,33,200050
2813,0.000579,74.125.68.0-255,4320,84157,33,200050
2814,0.000581,172.31.33.0-255,66,84223,33,200050
2815,0.000585,74.125.68.0-255,2902,87125,33,200050
2816,0.000588,172.31.33.0-255,66,87191,33,200050
2817,0.000616,74.125.68.0-255,5738,92929,33,200050
2818,0.00062,172.31.33.0-255,66,92995,33,200050
2819,0.000627,74.125.68.0-255,7156,100151,33,200050
2820,0.000629,172.31.33.0-255,66,100217,33,200050
2821,0.000631,74.125.68.0-255,449,100666,33,200050
2822,0.000775,74.125.68.0-255,1484,102150,33,200050
2823,0.00078,172.31.33.0-255,66,102216,33,200050
2824,0.000793,74.125.68.0-255,2902,105118,33,200050
2825,0.000799,172.31.33.0-255,66,105184,33,200050
2826,0.000804,74.125.68.0-255,4320,109504,33,200050
2827,0.000806,172.31.33.0-255,66,109570,33,200050
2828,0.000839,172.31.33.0-255,66,109636,33,200050
2829,0.000844,74.125.68.0-255,4320,113956,33,200050
2830,0.000846,172.31.33.0-255,66,114022,33,200050
2831,0.000874,74.125.68.0-255,2902,116924,33,200050
2832,0.000878,172.31.33.0-255,66,116990,33,200050
2833,0.000887,172.31.33.0-255,66,117056,33,200050
2834,0.000889,74.125.68.0-255,766,117822,33,200050
2835,0.001491,74.125.68.0-255,1484,119306,33,200050
2836,0.001497,172.31.33.0-255,66,119372,33,200050
2837,0.001522,74.125.68.0-255,2902,122274,33,200050
2838,0.001525,172.31.33.0-255,66,122340,33,200050
2839,0.00153,74.125.68.0-255,4320,126660,33,200050
2840,0.001532,172.31.33.0-255,66,126726,33,200050
2841,0.001547,74.125.68.0-255,1484,128210,33,200050
2842,0.00155,74.125.68.0-255,1484,129694,33,200050
2843,0.001551,172.31.33.0-255,66,129760,33,200050
2844,0.001569,74.125.68.0-255,7156,136916,33,200050
2845,0.001572,172.31.33.0-255,66,136982,33,200050
2846,0.001616,74.125.68.0-255,5738,142720,33,200050
2847,0.001618,172.31.33.0-255,66,142786,33,200050
2848,0.001621,74.125.68.0-255,1484,144270,33,200050
2849,0.001643,74.125.68.0-255,5738,150008,33,200050
2850,0.001645,172.31.33.0-255,66,150074,33,200050
2851,0.001667,74.125.68.0-255,2184,152258,33,200050
2852,0.001669,172.31.33.0-255,66,152324,33,200050
2853,0.001811,74.125.68.0-255,1484,153808,33,200050
2854,0.001847,74.125.68.0-255,1484,155292,33,200050
2855,0.001849,172.31.33.0-255,66,155358,33,200050
2856,0.001871,74.125.68.0-255,2902,158260,33,200050
2857,0.001873,172.31.33.0-255,66,158326,33,200050
2858,0.001914,74.125.68.0-255,4320,162646,33,200050
2859,0.001916,172.31.33.0-255,66,162712,33,200050
2860,0.00194,74.125.68.0-255,1484,164196,33,200050
2861,0.001944,74.125.68.0-255,2902,167098,33,200050
2862,0.001945,172.31.33.0-255,66,167164,33,200050
2863,0.001954,172.31.33.0-255,66,167230,33,200050
2864,0.001961,74.125.68.0-255,4320,171550,33,200050
2865,0.001963,172.31.33.0-255,66,171616,33,200050
2866,0.001984,74.125.68.0-255,2902,174518,33,200050
2867,0.001986,172.31.33.0-255,66,174584,33,200050
2868,0.002008,74.125.68.0-255,2184,176768,33,200050
2869,0.00201,172.31.33.0-255,66,176834,33,200050
2870,0.003982,74.125.68.0-255,5738,182572,33,200050
2871,0.00399,172.31.33.0-255,66,182638,33,200050
2872,0.00597,74.125.68.0-255,5738,188376,33,200050
2873,0.005979,172.31.33.0-255,66,188442,33,200050
2874,0.007966,74.125.68.0-255,5738,194180,33,200050
2875,0.007972,172.31.33.0-255,66,194246,33,200050
2876,0.009953,74.125.68.0-255,5738,199984,33,200050
2877,0.009962,172.31.33.0-255,66,200050,33,200050
2878,0.0,172.217.194.0-255,143,143,33,134534
2879,1.9e-05,172.31.33.0-255,66,209,33,134534
2880,2.5e-05,172.217.194.0-255,1484,1693,33,134534
2881,2.8e-05,172.31.33.0-255,66,1759,33,134534
2882,4.4e-05,172.217.194.0-255,2902,4661,33,134534
2883,4.6e-05,172.31.33.0-255,66,4727,33,134534
2884,7.3e-05,172.217.194.0-255,7156,11883,33,134534
2885,7.4e-05,172.31.33.0-255,66,11949,33,134534
2886,8.6e-05,172.217.194.0-255,2012,13961,33,134534
2887,8.8e-05,172.31.33.0-255,66,14027,33,134534
2888,0.000104,172.217.194.0-255,1484,15511,33,134534
2889,0.000106,172.31.33.0-255,66,15577,33,134534
2890,0.00013,172.217.194.0-255,1484,17061,33,134534
2891,0.000132,172.31.33.0-255,66,17127,33,134534
2892,0.000138,172.217.194.0-255,7156,24283,33,134534
2893,0.00014,172.31.33.0-255,66,24349,33,134534
2894,0.000152,172.217.194.0-255,1484,25833,33,134534
2895,0.000153,172.31.33.0-255,66,25899,33,134534
2896,0.000178,172.217.194.0-255,5379,31278,33,134534
2897,0.000181,172.31.33.0-255,66,31344,33,134534
2898,0.000211,172.217.194.0-255,2902,34246,33,134534
2899,0.000213,172.31.33.0-255,66,34312,33,134534
2900,0.000216,172.217.194.0-255,2902,37214,33,134534
2901,0.000218,172.31.33.0-255,66,37280,33,134534
2902,0.000232,172.217.194.0-255,1484,38764,33,134534
2903,0.000233,172.31.33.0-255,66,38830,33,134534
2904,0.000252,172.217.194.0-255,5738,44568,33,134534
2905,0.000254,172.31.33.0-255,66,44634,33,134534
2906,0.000278,172.217.194.0-255,2902,47536,33,134534
2907,0.00028,172.31.33.0-255,66,47602,33,134534
2908,0.000285,172.217.194.0-255,5379,52981,33,134534
2909,0.000287,172.31.33.0-255,66,53047,33,134534
2910,0.000325,172.217.194.0-255,4320,57367,33,134534
2911,0.000327,172.31.33.0-255,66,57433,33,134534
2912,0.000352,172.31.33.0-255,66,57499,33,134534
2913,0.000355,172.217.194.0-255,377,57876,33,134534
2914,0.000835,172.31.33.0-255,66,57942,33,134534
2915,0.001743,172.217.194.0-255,366,58308,33,134534
2916,0.001751,172.217.194.0-255,1484,59792,33,134534
2917,0.001755,172.31.33.0-255,66,59858,33,134534
2918,0.001781,172.217.194.0-255,2902,62760,33,134534
2919,0.001784,172.31.33.0-255,66,62826,33,134534
2920,0.001831,172.217.194.0-255,4320,67146,33,134534
2921,0.001834,172.31.33.0-255,66,67212,33,134534
2922,0.001838,172.217.194.0-255,1484,68696,33,134534
2923,0.001857,172.217.194.0-255,4320,73016,33,134534
2924,0.001859,172.31.33.0-255,66,73082,33,134534
2925,0.001883,172.217.194.0-255,1484,74566,33,134534
2926,0.001896,172.217.194.0-255,4320,78886,33,134534
2927,0.0019,172.31.33.0-255,66,78952,33,134534
2928,0.001922,172.217.194.0-255,5738,84690,33,134534
2929,0.001926,172.31.33.0-255,66,84756,33,134534
2930,0.00193,172.217.194.0-255,2902,87658,33,134534
2931,0.001932,172.31.33.0-255,66,87724,33,134534
2932,0.001951,172.217.194.0-255,5020,92744,33,134534
2933,0.001954,172.31.33.0-255,66,92810,33,134534
2934,0.002437,172.217.194.0-255,1484,94294,33,134534
2935,0.002446,172.217.194.0-255,2902,97196,33,134534
2936,0.002451,172.31.33.0-255,66,97262,33,134534
2937,0.002455,172.217.194.0-255,1484,98746,33,134534
2938,0.002479,172.217.194.0-255,4320,103066,33,134534
2939,0.002482,172.31.33.0-255,66,103132,33,134534
2940,0.00249,172.217.194.0-255,7156,110288,33,134534
2941,0.002492,172.31.33.0-255,66,110354,33,134534
2942,0.002499,172.217.194.0-255,5738,116092,33,134534
2943,0.002502,172.31.33.0-255,66,116158,33,134534
2944,0.002529,172.31.33.0-255,66,116224,33,134534
2945,0.002536,172.217.194.0-255,7156,123380,33,134534
2946,0.002538,172.31.33.0-255,66,123446,33,134534
2947,0.002557,172.217.194.0-255,766,124212,33,134534
2948,0.002877,172.31.33.0-255,66,124278,33,134534
2949,0.00507,172.217.194.0-255,4320,128598,33,134534
2950,0.005075,172.31.33.0-255,66,128664,33,134534
2951,0.005401,172.217.194.0-255,1484,130148,33,134534
2952,0.007591,172.217.194.0-255,4320,134468,33,134534
2953,0.007598,172.31.33.0-255,66,134534,33,134534
2954,0.0,172.31.33.0-255,105,105,33,1377
2955,5.7e-05,172.31.33.0-255,105,210,33,1377
2956,0.000116,172.31.33.0-255,105,315,33,1377
2957,0.000306,172.31.33.0-255,90,405,33,1377
2958,0.000315,172.31.33.0-255,66,471,33,1377
2959,0.000597,172.31.33.0-255,90,561,33,1377
2960,0.000604,172.31.33.0-255,66,627,33,1377
2961,0.000858,172.31.33.0-255,90,717,33,1377
2962,0.000865,172.31.33.0-255,66,783,33,1377
2963,0.002878,172.217.194.0-255,66,849,33,1377
2964,0.002894,172.217.194.0-255,66,915,33,1377
2965,0.002907,172.31.33.0-255,66,981,33,1377
2966,0.002941,74.125.200.0-255,66,1047,33,1377
2967,0.002968,74.125.200.0-255,66,1113,33,1377
2968,0.002971,172.31.33.0-255,66,1179,33,1377
2969,0.003088,172.217.194.0-255,66,1245,33,1377
2970,0.003102,172.217.194.0-255,66,1311,33,1377
2971,0.003104,172.31.33.0-255,66,1377,33,1377
2972,0.0,172.217.194.0-255,154,154,33,77822
2973,3.3e-05,172.31.33.0-255,66,220,33,77822
2974,4e-05,172.217.194.0-255,1484,1704,33,77822
2975,4.5e-05,172.31.33.0-255,66,1770,33,77822
2976,5e-05,172.217.194.0-255,2902,4672,33,77822
2977,5.9e-05,172.31.33.0-255,66,4738,33,77822
2978,6.3e-05,172.217.194.0-255,2902,7640,33,77822
2979,6.6e-05,172.31.33.0-255,66,7706,33,77822
2980,0.000101,172.217.194.0-255,2902,10608,33,77822
2981,0.000105,172.31.33.0-255,66,10674,33,77822
2982,0.000132,172.217.194.0-255,3507,14181,33,77822
2983,0.000135,172.31.33.0-255,66,14247,33,77822
2984,0.000179,172.217.194.0-255,1484,15731,33,77822
2985,0.000182,172.31.33.0-255,66,15797,33,77822
2986,0.000207,172.217.194.0-255,1484,17281,33,77822
2987,0.000209,172.31.33.0-255,66,17347,33,77822
2988,0.000213,172.217.194.0-255,2902,20249,33,77822
2989,0.000215,172.31.33.0-255,66,20315,33,77822
2990,0.000219,172.217.194.0-255,2902,23217,33,77822
2991,0.000222,172.31.33.0-255,66,23283,33,77822
2992,0.000252,172.217.194.0-255,2902,26185,33,77822
2993,0.000255,172.31.33.0-255,66,26251,33,77822
2994,0.000267,172.217.194.0-255,6797,33048,33,77822
2995,0.000271,172.31.33.0-255,66,33114,33,77822
2996,0.000276,172.217.194.0-255,4320,37434,33,77822
2997,0.000278,172.31.33.0-255,66,37500,33,77822
2998,0.000308,172.217.194.0-255,2902,40402,33,77822
2999,0.000311,172.31.33.0-255,66,40468,33,77822
3000,0.000333,172.31.33.0-255,66,40534,33,77822
3001,0.000345,172.31.33.0-255,66,40600,33,77822
3002,0.000348,172.217.194.0-255,392,40992,33,77822
3003,0.000406,172.217.194.0-255,382,41374,33,77822
3004,0.000763,172.217.194.0-255,1484,42858,33,77822
3005,0.000768,172.31.33.0-255,66,42924,33,77822
3006,0.00079,172.217.194.0-255,2902,45826,33,77822
3007,0.000793,172.31.33.0-255,66,45892,33,77822
3008,0.0008,172.217.194.0-255,5738,51630,33,77822
3009,0.000802,172.31.33.0-255,66,51696,33,77822
3010,0.000847,172.31.33.0-255,66,51762,33,77822
3011,0.000858,172.31.33.0-255,66,51828,33,77822
3012,0.000887,172.217.194.0-255,2184,54012,33,77822
3013,0.000889,172.31.33.0-255,66,54078,33,77822
3014,0.002911,172.217.194.0-255,2902,56980,33,77822
3015,0.002917,172.31.33.0-255,66,57046,33,77822
3016,0.002968,172.217.194.0-255,2902,59948,33,77822
3017,0.00297,172.31.33.0-255,66,60014,33,77822
3018,0.004982,172.217.194.0-255,2902,62916,33,77822
3019,0.004986,172.31.33.0-255,66,62982,33,77822
3020,0.005012,172.217.194.0-255,2902,65884,33,77822
3021,0.005015,172.31.33.0-255,66,65950,33,77822
3022,0.007068,172.217.194.0-255,2902,68852,33,77822
3023,0.007075,172.31.33.0-255,66,68918,33,77822
3024,0.007117,172.217.194.0-255,2902,71820,33,77822
3025,0.00712,172.31.33.0-255,66,71886,33,77822
3026,0.009118,172.217.194.0-255,2902,74788,33,77822
3027,0.009125,172.31.33.0-255,66,74854,33,77822
3028,0.009147,172.217.194.0-255,2902,77756,33,77822
3029,0.009149,172.31.33.0-255,66,77822,33,77822
3030,0.0,172.217.24.0-255,153,153,33,294674
3031,2.2e-05,172.31.33.0-255,66,219,33,294674
3032,5.1e-05,172.217.24.0-255,1484,1703,33,294674
3033,5.5e-05,172.31.33.0-255,66,1769,33,294674
3034,8.3e-05,172.217.24.0-255,2902,4671,33,294674
3035,8.6e-05,172.31.33.0-255,66,4737,33,294674
3036,9.1e-05,172.217.24.0-255,4320,9057,33,294674
3037,9.3e-05,172.31.33.0-255,66,9123,33,294674
3038,0.000117,172.217.24.0-255,5738,14861,33,294674
3039,0.000119,172.31.33.0-255,66,14927,33,294674
3040,0.000151,172.217.24.0-255,3402,18329,33,294674
3041,0.000154,172.31.33.0-255,66,18395,33,294674
3042,0.000159,172.217.24.0-255,4320,22715,33,294674
3043,0.000161,172.31.33.0-255,66,22781,33,294674
3044,0.000188,172.217.24.0-255,5738,28519,33,294674
3045,0.00019,172.31.33.0-255,66,28585,33,294674
3046,0.000194,172.217.24.0-255,2543,31128,33,294674
3047,0.000196,172.31.33.0-255,66,31194,33,294674
3048,0.000295,172.217.24.0-255,1484,32678,33,294674
3049,0.000299,172.31.33.0-255,66,32744,33,294674
3050,0.000303,172.217.24.0-255,1484,34228,33,294674
3051,0.000305,172.31.33.0-255,66,34294,33,294674
3052,0.000329,172.217.24.0-255,1484,35778,33,294674
3053,0.000332,172.31.33.0-255,66,35844,33,294674
3054,0.000336,172.217.24.0-255,2902,38746,33,294674
3055,0.000338,172.31.33.0-255,66,38812,33,294674
3056,0.000342,172.217.24.0-255,2902,41714,33,294674
3057,0.000344,172.31.33.0-255,66,41780,33,294674
3058,0.000375,172.217.24.0-255,1484,43264,33,294674
3059,0.000378,172.31.33.0-255,66,43330,33,294674
3060,0.000384,172.217.24.0-255,4320,47650,33,294674
3061,0.000386,172.31.33.0-255,66,47716,33,294674
3062,0.000417,172.217.24.0-255,5379,53095,33,294674
3063,0.00042,172.31.33.0-255,66,53161,33,294674
3064,0.000432,172.31.33.0-255,66,53227,33,294674
3065,0.000988,172.217.24.0-255,116,53343,33,294674
3066,0.001172,172.217.24.0-255,1484,54827,33,294674
3067,0.001178,172.31.33.0-255,66,54893,33,294674
3068,0.001183,172.217.24.0-255,2902,57795,33,294674
3069,0.001185,172.31.33.0-255,66,57861,33,294674
3070,0.001188,172.217.24.0-255,1484,59345,33,294674
3071,0.001214,172.217.24.0-255,4320,63665,33,294674
3072,0.001216,172.31.33.0-255,66,63731,33,294674
3073,0.00122,172.217.24.0-255,2902,66633,33,294674
3074,0.001221,172.31.33.0-255,66,66699,33,294674
3075,0.001246,172.217.24.0-255,3961,70660,33,294674
3076,0.001248,172.31.33.0-255,66,70726,33,294674
3077,0.001264,172.217.24.0-255,2902,73628,33,294674
3078,0.001266,172.31.33.0-255,66,73694,33,294674
3079,0.001276,172.217.24.0-255,2902,76596,33,294674
3080,0.001277,172.31.33.0-255,66,76662,33,294674
3081,0.001286,172.217.24.0-255,4320,80982,33,294674
3082,0.001287,172.31.33.0-255,66,81048,33,294674
3083,0.001305,172.217.24.0-255,2902,83950,33,294674
3084,0.001308,172.31.33.0-255,66,84016,33,294674
3085,0.001312,172.217.24.0-255,3961,87977,33,294674
3086,0.001314,172.31.33.0-255,66,88043,33,294674
3087,0.001356,172.217.24.0-255,331,88374,33,294674
3088,0.001686,172.217.24.0-255,1484,89858,33,294674
3089,0.00169,172.31.33.0-255,66,89924,33,294674
3090,0.001695,172.217.24.0-255,2902,92826,33,294674
3091,0.001696,172.31.33.0-255,66,92892,33,294674
3092,0.001712,172.217.24.0-255,2902,95794,33,294674
3093,0.001714,172.31.33.0-255,66,95860,33,294674
3094,0.001735,172.217.24.0-255,2902,98762,33,294674
3095,0.001736,172.31.33.0-255,66,98828,33,294674
3096,0.00174,172.217.24.0-255,2902,101730,33,294674
3097,0.001741,172.31.33.0-255,66,101796,33,294674
3098,0.001768,172.31.33.0-255,66,101862,33,294674
3099,0.001803,172.31.33.0-255,66,101928,33,294674
3100,0.001822,172.217.24.0-255,766,102694,33,294674
3101,0.002445,172.217.24.0-255,1484,104178,33,294674
3102,0.002449,172.31.33.0-255,66,104244,33,294674
3103,0.002454,172.217.24.0-255,2902,107146,33,294674
3104,0.002457,172.31.33.0-255,66,107212,33,294674
3105,0.002482,172.217.24.0-255,2902,110114,33,294674
3106,0.002485,172.31.33.0-255,66,110180,33,294674
3107,0.00249,172.217.24.0-255,4320,114500,33,294674
3108,0.002492,172.31.33.0-255,66,114566,33,294674
3109,0.002508,172.31.33.0-255,66,114632,33,294674
3110,0.002577,172.31.33.0-255,66,114698,33,294674
3111,0.002681,172.217.24.0-255,1484,116182,33,294674
3112,0.002699,172.217.24.0-255,2902,119084,33,294674
3113,0.002702,172.31.33.0-255,66,119150,33,294674
3114,0.002708,172.217.24.0-255,4320,123470,33,294674
3115,0.002711,172.31.33.0-255,66,123536,33,294674
3116,0.002725,172.217.24.0-255,1484,125020,33,294674
3117,0.002755,172.217.24.0-255,2902,127922,33,294674
3118,0.002758,172.31.33.0-255,66,127988,33,294674
3119,0.00278,172.217.24.0-255,7156,135144,33,294674
3120,0.002783,172.31.33.0-255,66,135210,33,294674
3121,0.002789,172.217.24.0-255,4320,139530,33,294674
3122,0.002792,172.31.33.0-255,66,139596,33,294674
3123,0.00283,172.217.24.0-255,7156,146752,33,294674
3124,0.002834,172.31.33.0-255,66,146818,33,294674
3125,0.002838,172.217.24.0-255,2184,149002,33,294674
3126,0.00284,172.31.33.0-255,66,149068,33,294674
3127,0.002928,172.217.24.0-255,1484,150552,33,294674
3128,0.002933,172.217.24.0-255,2902,153454,33,294674
3129,0.002936,172.31.33.0-255,66,153520,33,294674
3130,0.002955,172.217.24.0-255,4320,157840,33,294674
3131,0.002958,172.31.33.0-255,66,157906,33,294674
3132,0.002982,172.217.24.0-255,1484,159390,33,294674
3133,0.002986,172.217.24.0-255,2902,162292,33,294674
3134,0.002988,172.31.33.0-255,66,162358,33,294674
3135,0.003006,172.31.33.0-255,66,162424,33,294674
3136,0.003042,172.31.33.0-255,66,162490,33,294674
3137,0.003143,172.217.24.0-255,1484,163974,33,294674
3138,0.003157,172.217.24.0-255,1484,165458,33,294674
3139,0.003159,172.31.33.0-255,66,165524,33,294674
3140,0.003181,172.217.24.0-255,1484,167008,33,294674
3141,0.003184,172.217.24.0-255,1484,168492,33,294674
3142,0.003186,172.31.33.0-255,66,168558,33,294674
3143,0.003192,172.217.24.0-255,7156,175714,33,294674
3144,0.003197,172.31.33.0-255,66,175780,33,294674
3145,0.003232,172.217.24.0-255,1484,177264,33,294674
3146,0.003236,172.217.24.0-255,1484,178748,33,294674
3147,0.003239,172.31.33.0-255,66,178814,33,294674
3148,0.003242,172.217.24.0-255,1484,180298,33,294674
3149,0.003244,172.217.24.0-255,1484,181782,33,294674
3150,0.003245,172.31.33.0-255,66,181848,33,294674
3151,0.003248,172.217.24.0-255,1484,183332,33,294674
3152,0.00325,172.217.24.0-255,1484,184816,33,294674
3153,0.003251,172.31.33.0-255,66,184882,33,294674
3154,0.003257,172.217.24.0-255,7156,192038,33,294674
3155,0.003258,172.31.33.0-255,66,192104,33,294674
3156,0.003263,172.217.24.0-255,5020,197124,33,294674
3157,0.003268,172.31.33.0-255,66,197190,33,294674
3158,0.003349,172.217.24.0-255,1484,198674,33,294674
3159,0.003353,172.217.24.0-255,2902,201576,33,294674
3160,0.003356,172.31.33.0-255,66,201642,33,294674
3161,0.003358,172.217.24.0-255,1484,203126,33,294674
3162,0.003382,172.217.24.0-255,4320,207446,33,294674
3163,0.003384,172.31.33.0-255,66,207512,33,294674
3164,0.00339,172.217.24.0-255,5738,213250,33,294674
3165,0.003391,172.31.33.0-255,66,213316,33,294674
3166,0.00342,172.217.24.0-255,7156,220472,33,294674
3167,0.003423,172.31.33.0-255,66,220538,33,294674
3168,0.003435,172.217.24.0-255,2902,223440,33,294674
3169,0.003494,172.217.24.0-255,2902,226342,33,294674
3170,0.003529,172.217.24.0-255,1484,227826,33,294674
3171,0.00354,172.217.24.0-255,2902,230728,33,294674
3172,0.003553,172.217.24.0-255,1484,232212,33,294674
3173,0.003566,172.217.24.0-255,4320,236532,33,294674
3174,0.003604,172.217.24.0-255,766,237298,33,294674
3175,0.003615,172.31.33.0-255,66,237364,33,294674
3176,0.003738,172.217.24.0-255,1484,238848,33,294674
3177,0.003742,172.217.24.0-255,1484,240332,33,294674
3178,0.003744,172.31.33.0-255,66,240398,33,294674
3179,0.00376,172.217.24.0-255,1484,241882,33,294674
3180,0.003774,172.217.24.0-255,1484,243366,33,294674
3181,0.003781,172.31.33.0-255,66,243432,33,294674
3182,0.003784,172.217.24.0-255,1484,244916,33,294674
3183,0.0038,172.217.24.0-255,4320,249236,33,294674
3184,0.003806,172.31.33.0-255,66,249302,33,294674
3185,0.003822,172.217.24.0-255,2902,252204,33,294674
3186,0.003825,172.217.24.0-255,2902,255106,33,294674
3187,0.003826,172.31.33.0-255,66,255172,33,294674
3188,0.00383,172.31.33.0-255,66,255238,33,294674
3189,0.003867,172.217.24.0-255,1484,256722,33,294674
3190,0.003881,172.217.24.0-255,2902,259624,33,294674
3191,0.003886,172.217.24.0-255,4320,263944,33,294674
3192,0.003886,172.31.33.0-255,66,264010,33,294674
3193,0.003891,172.31.33.0-255,66,264076,33,294674
3194,0.003916,172.217.24.0-255,4320,268396,33,294674
3195,0.003919,172.31.33.0-255,66,268462,33,294674
3196,0.003928,172.217.24.0-255,3602,272064,33,294674
3197,0.003932,172.31.33.0-255,66,272130,33,294674
3198,0.003952,172.217.24.0-255,1484,273614,33,294674
3199,0.00397,172.217.24.0-255,2902,276516,33,294674
3200,0.003975,172.217.24.0-255,4320,280836,33,294674
3201,0.003977,172.31.33.0-255,66,280902,33,294674
3202,0.003982,172.31.33.0-255,66,280968,33,294674
3203,0.004,172.217.24.0-255,1484,282452,33,294674
3204,0.004005,172.217.24.0-255,4320,286772,33,294674
3205,0.004009,172.31.33.0-255,66,286838,33,294674
3206,0.004031,172.31.33.0-255,66,286904,33,294674
3207,0.004052,172.217.24.0-255,1484,288388,33,294674
3208,0.004077,172.217.24.0-255,5878,294266,33,294674
3209,0.00408,172.31.33.0-255,66,294332,33,294674
3210,0.004128,172.217.24.0-255,105,294437,33,294674
3211,0.005201,172.31.33.0-255,66,294503,33,294674
3212,0.005224,172.31.33.0-255,105,294608,33,294674
3213,0.007104,172.217.24.0-255,66,294674,33,294674
3214,0.0,172.217.194.0-255,148,148,33,214527
3215,1.6e-05,172.31.33.0-255,66,214,33,214527
3216,2.3e-05,172.217.194.0-255,1484,1698,33,214527
3217,2.7e-05,172.31.33.0-255,66,1764,33,214527
3218,3.4e-05,172.217.194.0-255,2902,4666,33,214527
3219,3.7e-05,172.31.33.0-255,66,4732,33,214527
3220,4.2e-05,172.217.194.0-255,2902,7634,33,214527
3221,4.5e-05,172.31.33.0-255,66,7700,33,214527
3222,9.7e-05,172.217.194.0-255,4320,12020,33,214527
3223,0.0001,172.31.33.0-255,66,12086,33,214527
3224,0.000114,172.217.194.0-255,2094,14180,33,214527
3225,0.000117,172.31.33.0-255,66,14246,33,214527
3226,0.000123,172.217.194.0-255,4320,18566,33,214527
3227,0.000126,172.31.33.0-255,66,18632,33,214527
3228,0.000145,172.217.194.0-255,2902,21534,33,214527
3229,0.000147,172.31.33.0-255,66,21600,33,214527
3230,0.000151,172.217.194.0-255,1484,23084,33,214527
3231,0.000153,172.31.33.0-255,66,23150,33,214527
3232,0.000178,172.31.33.0-255,66,23216,33,214527
3233,0.000286,172.217.194.0-255,1484,24700,33,214527
3234,0.000289,172.31.33.0-255,66,24766,33,214527
3235,0.000294,172.217.194.0-255,2902,27668,33,214527
3236,0.000297,172.31.33.0-255,66,27734,33,214527
3237,0.000321,172.217.194.0-255,2902,30636,33,214527
3238,0.000324,172.31.33.0-255,66,30702,33,214527
3239,0.000337,172.217.194.0-255,2902,33604,33,214527
3240,0.00034,172.31.33.0-255,66,33670,33,214527
3241,0.000348,172.217.194.0-255,6797,40467,33,214527
3242,0.000351,172.31.33.0-255,66,40533,33,214527
3243,0.000363,172.217.194.0-255,1484,42017,33,214527
3244,0.000366,172.31.33.0-255,66,42083,33,214527
3245,0.000392,172.31.33.0-255,66,42149,33,214527
3246,0.000397,172.217.194.0-255,2543,44692,33,214527
3247,0.000399,172.31.33.0-255,66,44758,33,214527
3248,0.000492,172.217.194.0-255,361,45119,33,214527
3249,0.000513,172.217.194.0-255,382,45501,33,214527
3250,0.000701,172.217.194.0-255,1484,46985,33,214527
3251,0.000707,172.31.33.0-255,66,47051,33,214527
3252,0.000711,172.217.194.0-255,1484,48535,33,214527
3253,0.000726,172.217.194.0-255,1484,50019,33,214527
3254,0.000728,172.31.33.0-255,66,50085,33,214527
3255,0.000734,172.217.194.0-255,2902,52987,33,214527
3256,0.000737,172.31.33.0-255,66,53053,33,214527
3257,0.000752,172.217.194.0-255,1484,54537,33,214527
3258,0.000758,172.217.194.0-255,4320,58857,33,214527
3259,0.000761,172.31.33.0-255,66,58923,33,214527
3260,0.000784,172.217.194.0-255,4320,63243,33,214527
3261,0.000787,172.31.33.0-255,66,63309,33,214527
3262,0.000795,172.217.194.0-255,7156,70465,33,214527
3263,0.000797,172.31.33.0-255,66,70531,33,214527
3264,0.00081,172.217.194.0-255,2902,73433,33,214527
3265,0.000813,172.31.33.0-255,66,73499,33,214527
3266,0.000842,172.217.194.0-255,4320,77819,33,214527
3267,0.000845,172.31.33.0-255,66,77885,33,214527
3268,0.000864,172.217.194.0-255,1635,79520,33,214527
3269,0.000867,172.31.33.0-255,66,79586,33,214527
3270,0.000885,172.217.194.0-255,1484,81070,33,214527
3271,0.000907,172.217.194.0-255,5738,86808,33,214527
3272,0.00091,172.31.33.0-255,66,86874,33,214527
3273,0.000917,172.217.194.0-255,5738,92612,33,214527
3274,0.000919,172.31.33.0-255,66,92678,33,214527
3275,0.000932,172.217.194.0-255,2902,95580,33,214527
3276,0.000934,172.31.33.0-255,66,95646,33,214527
3277,0.000951,172.217.194.0-255,1125,96771,33,214527
3278,0.001192,172.217.194.0-255,1484,98255,33,214527
3279,0.001197,172.31.33.0-255,66,98321,33,214527
3280,0.001204,172.217.194.0-255,2902,101223,33,214527
3281,0.001206,172.31.33.0-255,66,101289,33,214527
3282,0.001213,172.217.194.0-255,5738,107027,33,214527
3283,0.001215,172.31.33.0-255,66,107093,33,214527
3284,0.001254,172.31.33.0-255,66,107159,33,214527
3285,0.001284,172.31.33.0-255,66,107225,33,214527
3286,0.001461,172.217.194.0-255,1484,108709,33,214527
3287,0.001476,172.217.194.0-255,2902,111611,33,214527
3288,0.00148,172.31.33.0-255,66,111677,33,214527
3289,0.001487,172.217.194.0-255,4320,115997,33,214527
3290,0.001489,172.31.33.0-255,66,116063,33,214527
3291,0.001546,172.31.33.0-255,66,116129,33,214527
3292,0.001553,172.217.194.0-255,5738,121867,33,214527
3293,0.001556,172.31.33.0-255,66,121933,33,214527
3294,0.001586,172.31.33.0-255,66,121999,33,214527
3295,0.001594,172.217.194.0-255,7156,129155,33,214527
3296,0.001597,172.31.33.0-255,66,129221,33,214527
3297,0.001609,172.31.33.0-255,66,129287,33,214527
3298,0.001656,172.31.33.0-255,66,129353,33,214527
3299,0.001659,172.217.194.0-255,766,130119,33,214527
3300,0.001871,172.217.194.0-255,1484,131603,33,214527
3301,0.001876,172.31.33.0-255,66,131669,33,214527
3302,0.001886,172.217.194.0-255,2902,134571,33,214527
3303,0.001888,172.31.33.0-255,66,134637,33,214527
3304,0.001907,172.217.194.0-255,5738,140375,33,214527
3305,0.001909,172.31.33.0-255,66,140441,33,214527
3306,0.001938,172.217.194.0-255,5738,146179,33,214527
3307,0.001941,172.31.33.0-255,66,146245,33,214527
3308,0.001966,172.217.194.0-255,7156,153401,33,214527
3309,0.00197,172.31.33.0-255,66,153467,33,214527
3310,0.001987,172.31.33.0-255,66,153533,33,214527
3311,0.002286,172.217.194.0-255,1484,155017,33,214527
3312,0.002293,172.217.194.0-255,2902,157919,33,214527
3313,0.002296,172.31.33.0-255,66,157985,33,214527
3314,0.002303,172.217.194.0-255,5738,163723,33,214527
3315,0.002306,172.31.33.0-255,66,163789,33,214527
3316,0.002311,172.217.194.0-255,2902,166691,33,214527
3317,0.002313,172.31.33.0-255,66,166757,33,214527
3318,0.002343,172.31.33.0-255,66,166823,33,214527
3319,0.002346,172.217.194.0-255,1484,168307,33,214527
3320,0.00236,172.217.194.0-255,2902,171209,33,214527
3321,0.002362,172.31.33.0-255,66,171275,33,214527
3322,0.002389,172.217.194.0-255,6438,177713,33,214527
3323,0.002392,172.31.33.0-255,66,177779,33,214527
3324,0.002423,172.217.194.0-255,1484,179263,33,214527
3325,0.002446,172.217.194.0-255,2902,182165,33,214527
3326,0.002449,172.31.33.0-255,66,182231,33,214527
3327,0.002453,172.217.194.0-255,2902,185133,33,214527
3328,0.002456,172.31.33.0-255,66,185199,33,214527
3329,0.002469,172.217.194.0-255,2902,188101,33,214527
3330,0.002471,172.31.33.0-255,66,188167,33,214527
3331,0.002485,172.31.33.0-255,66,188233,33,214527
3332,0.00249,172.217.194.0-255,5738,193971,33,214527
3333,0.002493,172.31.33.0-255,66,194037,33,214527
3334,0.002527,172.31.33.0-255,66,194103,33,214527
3335,0.002588,172.217.194.0-255,1484,195587,33,214527
3336,0.002611,172.217.194.0-255,1484,197071,33,214527
3337,0.002615,172.31.33.0-255,66,197137,33,214527
3338,0.002621,172.217.194.0-255,4320,201457,33,214527
3339,0.002623,172.31.33.0-255,66,201523,33,214527
3340,0.002659,172.31.33.0-255,66,201589,33,214527
3341,0.002663,172.217.194.0-255,1484,203073,33,214527
3342,0.002699,172.31.33.0-255,66,203139,33,214527
3343,0.002754,172.31.33.0-255,66,203205,33,214527
3344,0.002759,172.217.194.0-255,4320,207525,33,214527
3345,0.002761,172.31.33.0-255,66,207591,33,214527
3346,0.002784,172.31.33.0-255,66,207657,33,214527
3347,0.002786,172.217.194.0-255,766,208423,33,214527
3348,0.002825,172.217.194.0-255,5738,214161,33,214527
3349,0.002828,172.31.33.0-255,66,214227,33,214527
3350,0.002852,172.31.33.0-255,66,214293,33,214527
3351,0.002886,172.217.194.0-255,105,214398,33,214527
3352,0.002905,172.217.194.0-255,129,214527,33,214527
3353,0.0,172.217.160.0-255,146,146,33,140973
3354,2.1e-05,172.31.33.0-255,66,212,33,140973
3355,2.8e-05,172.217.160.0-255,1484,1696,33,140973
3356,3.2e-05,172.31.33.0-255,66,1762,33,140973
3357,4.5e-05,172.217.160.0-255,2902,4664,33,140973
3358,4.9e-05,172.31.33.0-255,66,4730,33,140973
3359,5.5e-05,172.217.160.0-255,5738,10468,33,140973
3360,7.2e-05,172.31.33.0-255,66,10534,33,140973
3361,7.7e-05,172.217.160.0-255,3437,13971,33,140973
3362,8e-05,172.31.33.0-255,66,14037,33,140973
3363,0.000175,172.217.160.0-255,1484,15521,33,140973
3364,0.000179,172.31.33.0-255,66,15587,33,140973
3365,0.000185,172.217.160.0-255,2902,18489,33,140973
3366,0.000187,172.31.33.0-255,66,18555,33,140973
3367,0.000193,172.217.160.0-255,5738,24293,33,140973
3368,0.0002,172.31.33.0-255,66,24359,33,140973
3369,0.000247,172.31.33.0-255,66,24425,33,140973
3370,0.000264,172.31.33.0-255,66,24491,33,140973
3371,0.00027,172.217.160.0-255,4320,28811,33,140973
3372,0.000272,172.31.33.0-255,66,28877,33,140973
3373,0.000313,172.31.33.0-255,66,28943,33,140973
3374,0.00032,172.217.160.0-255,5020,33963,33,140973
3375,0.000322,172.31.33.0-255,66,34029,33,140973
3376,0.000324,172.217.160.0-255,335,34364,33,140973
3377,0.000326,172.31.33.0-255,66,34430,33,140973
3378,0.000584,172.217.160.0-255,125,34555,33,140973
3379,0.00059,172.31.33.0-255,66,34621,33,140973
3380,0.000722,172.217.160.0-255,1484,36105,33,140973
3381,0.000726,172.31.33.0-255,66,36171,33,140973
3382,0.000732,172.217.160.0-255,2902,39073,33,140973
3383,0.000735,172.31.33.0-255,66,39139,33,140973
3384,0.000776,172.217.160.0-255,5738,44877,33,140973
3385,0.000779,172.31.33.0-255,66,44943,33,140973
3386,0.000815,172.31.33.0-255,66,45009,33,140973
3387,0.000852,172.31.33.0-255,66,45075,33,140973
3388,0.000879,172.217.160.0-255,2184,47259,33,140973
3389,0.000882,172.31.33.0-255,66,47325,33,140973
3390,0.000886,172.217.160.0-255,1484,48809,33,140973
3391,0.000891,172.217.160.0-255,2902,51711,33,140973
3392,0.000893,172.31.33.0-255,66,51777,33,140973
3393,0.000905,172.217.160.0-255,5738,57515,33,140973
3394,0.000907,172.31.33.0-255,66,57581,33,140973
3395,0.000959,172.31.33.0-255,66,57647,33,140973
3396,0.000976,172.31.33.0-255,66,57713,33,140973
3397,0.001038,172.217.160.0-255,1484,59197,33,140973
3398,0.001043,172.217.160.0-255,2902,62099,33,140973
3399,0.001046,172.31.33.0-255,66,62165,33,140973
3400,0.001053,172.217.160.0-255,5738,67903,33,140973
3401,0.001055,172.31.33.0-255,66,67969,33,140973
3402,0.001059,172.217.160.0-255,2902,70871,33,140973
3403,0.001066,172.31.33.0-255,66,70937,33,140973
3404,0.001078,172.31.33.0-255,66,71003,33,140973
3405,0.001114,172.31.33.0-255,66,71069,33,140973
3406,0.001131,172.217.160.0-255,2902,73971,33,140973
3407,0.001134,172.31.33.0-255,66,74037,33,140973
3408,0.001187,172.31.33.0-255,66,74103,33,140973
3409,0.00119,172.31.33.0-255,66,74169,33,140973
3410,0.001214,172.31.33.0-255,66,74235,33,140973
3411,0.001217,172.217.160.0-255,380,74615,33,140973
3412,0.001263,172.217.160.0-255,7156,81771,33,140973
3413,0.001268,172.31.33.0-255,66,81837,33,140973
3414,0.001281,172.217.160.0-255,1484,83321,33,140973
3415,0.001298,172.31.33.0-255,66,83387,33,140973
3416,0.001379,172.31.33.0-255,66,83453,33,140973
3417,0.001407,172.217.160.0-255,3602,87055,33,140973
3418,0.001409,172.31.33.0-255,66,87121,33,140973
3419,0.001488,172.217.160.0-255,1484,88605,33,140973
3420,0.001494,172.217.160.0-255,2902,91507,33,140973
3421,0.001497,172.31.33.0-255,66,91573,33,140973
3422,0.001503,172.217.160.0-255,5738,97311,33,140973
3423,0.001505,172.31.33.0-255,66,97377,33,140973
3424,0.001526,172.217.160.0-255,1484,98861,33,140973
3425,0.001556,172.217.160.0-255,7156,106017,33,140973
3426,0.001559,172.31.33.0-255,66,106083,33,140973
3427,0.001567,172.217.160.0-255,5738,111821,33,140973
3428,0.001569,172.31.33.0-255,66,111887,33,140973
3429,0.001625,172.217.160.0-255,1484,113371,33,140973
3430,0.003206,172.217.160.0-255,4320,117691,33,140973
3431,0.00321,172.31.33.0-255,66,117757,33,140973
3432,0.004862,172.217.160.0-255,5738,123495,33,140973
3433,0.004873,172.31.33.0-255,66,123561,33,140973
3434,0.006532,172.217.160.0-255,5738,129299,33,140973
3435,0.006542,172.31.33.0-255,66,129365,33,140973
3436,0.008204,172.217.160.0-255,5738,135103,33,140973
3437,0.008216,172.31.33.0-255,66,135169,33,140973
3438,0.009862,172.217.160.0-255,5738,140907,33,140973
3439,0.009869,172.31.33.0-255,66,140973,33,140973
3440,0.0,172.31.33.0-255,105,105,33,459
3441,0.000204,172.31.33.0-255,90,195,33,459
3442,0.000212,172.31.33.0-255,66,261,33,459
3443,0.001838,172.217.160.0-255,66,327,33,459
3444,0.001853,172.217.160.0-255,66,393,33,459
3445,0.001864,172.31.33.0-255,66,459,33,459
3446,0.0,172.217.24.0-255,152,152,33,162650
3447,1.3e-05,172.31.33.0-255,66,218,33,162650
3448,2.1e-05,172.217.24.0-255,1484,1702,33,162650
3449,2.5e-05,172.31.33.0-255,66,1768,33,162650
3450,3.1e-05,172.217.24.0-255,2902,4670,33,162650
3451,3.3e-05,172.31.33.0-255,66,4736,33,162650
3452,3.9e-05,172.217.24.0-255,4320,9056,33,162650
3453,4.2e-05,172.31.33.0-255,66,9122,33,162650
3454,4.9e-05,172.217.24.0-255,4963,14085,33,162650
3455,5.1e-05,172.31.33.0-255,66,14151,33,162650
3456,8e-05,172.217.24.0-255,5738,19889,33,162650
3457,8.3e-05,172.31.33.0-255,66,19955,33,162650
3458,9e-05,172.217.24.0-255,7156,27111,33,162650
3459,9.2e-05,172.31.33.0-255,66,27177,33,162650
3460,0.000107,172.217.24.0-255,3961,31138,33,162650
3461,0.00011,172.31.33.0-255,66,31204,33,162650
3462,0.000135,172.217.24.0-255,1484,32688,33,162650
3463,0.000137,172.31.33.0-255,66,32754,33,162650
3464,0.00016,172.217.24.0-255,2902,35656,33,162650
3465,0.000162,172.31.33.0-255,66,35722,33,162650
3466,0.000168,172.217.24.0-255,5738,41460,33,162650
3467,0.000171,172.31.33.0-255,66,41526,33,162650
3468,0.00021,172.217.24.0-255,6797,48323,33,162650
3469,0.000212,172.31.33.0-255,66,48389,33,162650
3470,0.000248,172.217.24.0-255,1484,49873,33,162650
3471,0.000251,172.31.33.0-255,66,49939,33,162650
3472,0.000256,172.217.24.0-255,2902,52841,33,162650
3473,0.000258,172.31.33.0-255,66,52907,33,162650
3474,0.000261,172.217.24.0-255,1484,54391,33,162650
3475,0.000263,172.31.33.0-255,66,54457,33,162650
3476,0.000278,172.217.24.0-255,4320,58777,33,162650
3477,0.000281,172.31.33.0-255,66,58843,33,162650
3478,0.000288,172.217.24.0-255,5738,64581,33,162650
3479,0.00029,172.31.33.0-255,66,64647,33,162650
3480,0.000305,172.217.24.0-255,1125,65772,33,162650
3481,0.000309,172.217.24.0-255,396,66168,33,162650
3482,0.000935,172.217.24.0-255,114,66282,33,162650
3483,0.000941,172.31.33.0-255,66,66348,33,162650
3484,0.001075,172.217.24.0-255,1484,67832,33,162650
3485,0.001083,172.217.24.0-255,2902,70734,33,162650
3486,0.001086,172.31.33.0-255,66,70800,33,162650
3487,0.00109,172.217.24.0-255,1484,72284,33,162650
3488,0.001103,172.217.24.0-255,2902,75186,33,162650
3489,0.001105,172.31.33.0-255,66,75252,33,162650
3490,0.001156,172.217.24.0-255,5738,80990,33,162650
3491,0.001159,172.31.33.0-255,66,81056,33,162650
3492,0.001176,172.217.24.0-255,2543,83599,33,162650
3493,0.001178,172.31.33.0-255,66,83665,33,162650
3494,0.001184,172.217.24.0-255,5738,89403,33,162650
3495,0.001186,172.31.33.0-255,66,89469,33,162650
3496,0.001206,172.217.24.0-255,2902,92371,33,162650
3497,0.001208,172.31.33.0-255,66,92437,33,162650
3498,0.001213,172.217.24.0-255,2902,95339,33,162650
3499,0.001215,172.31.33.0-255,66,95405,33,162650
3500,0.001235,172.217.24.0-255,5379,100784,33,162650
3501,0.001237,172.31.33.0-255,66,100850,33,162650
3502,0.001533,172.217.24.0-255,1484,102334,33,162650
3503,0.00154,172.217.24.0-255,2902,105236,33,162650
3504,0.001544,172.31.33.0-255,66,105302,33,162650
3505,0.001549,172.217.24.0-255,4320,109622,33,162650
3506,0.001551,172.31.33.0-255,66,109688,33,162650
3507,0.001561,172.217.24.0-255,1484,111172,33,162650
3508,0.001578,172.217.24.0-255,7156,118328,33,162650
3509,0.00158,172.31.33.0-255,66,118394,33,162650
3510,0.001624,172.31.33.0-255,66,118460,33,162650
3511,0.001652,172.217.24.0-255,1484,119944,33,162650
3512,0.001672,172.217.24.0-255,2902,122846,33,162650
3513,0.001674,172.31.33.0-255,66,122912,33,162650
3514,0.00168,172.217.24.0-255,5738,128650,33,162650
3515,0.001681,172.31.33.0-255,66,128716,33,162650
3516,0.001694,172.217.24.0-255,2902,131618,33,162650
3517,0.001696,172.31.33.0-255,66,131684,33,162650
3518,0.001724,172.31.33.0-255,66,131750,33,162650
3519,0.001754,172.217.24.0-255,2902,134652,33,162650
3520,0.001756,172.31.33.0-255,66,134718,33,162650
3521,0.001783,172.31.33.0-255,66,134784,33,162650
3522,0.001818,172.31.33.0-255,66,134850,33,162650
3523,0.001821,172.217.24.0-255,1484,136334,33,162650
3524,0.001849,172.31.33.0-255,66,136400,33,162650
3525,0.001853,172.217.24.0-255,2902,139302,33,162650
3526,0.001856,172.31.33.0-255,66,139368,33,162650
3527,0.001878,172.31.33.0-255,66,139434,33,162650
3528,0.003805,172.217.24.0-255,5738,145172,33,162650
3529,0.003811,172.31.33.0-255,66,145238,33,162650
3530,0.005749,172.217.24.0-255,5738,150976,33,162650
3531,0.005754,172.31.33.0-255,66,151042,33,162650
3532,0.007691,172.217.24.0-255,5738,156780,33,162650
3533,0.007697,172.31.33.0-255,66,156846,33,162650
3534,0.00968,172.217.24.0-255,5738,162584,33,162650
3535,0.009686,172.31.33.0-255,66,162650,33,162650
3536,0.0,172.31.33.0-255,105,105,33,1902
3537,6.1e-05,172.31.33.0-255,105,210,33,1902
3538,0.000124,172.31.33.0-255,105,315,33,1902
3539,0.000189,172.31.33.0-255,105,420,33,1902
3540,0.000411,172.31.33.0-255,90,510,33,1902
3541,0.000422,172.31.33.0-255,66,576,33,1902
3542,0.000782,172.31.33.0-255,90,666,33,1902
3543,0.000791,172.31.33.0-255,66,732,33,1902
3544,0.000964,172.31.33.0-255,90,822,33,1902
3545,0.000972,172.31.33.0-255,66,888,33,1902
3546,0.001178,172.31.33.0-255,90,978,33,1902
3547,0.001189,172.31.33.0-255,66,1044,33,1902
3548,0.002875,74.125.24.0-255,66,1110,33,1902
3549,0.002893,74.125.24.0-255,66,1176,33,1902
3550,0.002907,172.31.33.0-255,66,1242,33,1902
3551,0.002928,74.125.24.0-255,66,1308,33,1902
3552,0.002932,74.125.24.0-255,66,1374,33,1902
3553,0.002939,172.31.33.0-255,66,1440,33,1902
3554,0.002942,74.125.24.0-255,66,1506,33,1902
3555,0.003241,74.125.24.0-255,66,1572,33,1902
3556,0.003249,74.125.24.0-255,66,1638,33,1902
3557,0.003254,172.31.33.0-255,66,1704,33,1902
3558,0.003628,74.125.130.0-255,66,1770,33,1902
3559,0.003645,74.125.130.0-255,66,1836,33,1902
3560,0.00365,172.31.33.0-255,66,1902,33,1902
3561,0.0,74.125.24.0-255,146,146,33,93234
3562,1.8e-05,172.31.33.0-255,66,212,33,93234
3563,2.5e-05,74.125.24.0-255,1484,1696,33,93234
3564,3e-05,172.31.33.0-255,66,1762,33,93234
3565,4.3e-05,74.125.24.0-255,2902,4664,33,93234
3566,4.6e-05,172.31.33.0-255,66,4730,33,93234
3567,5.4e-05,74.125.24.0-255,7156,11886,33,93234
3568,5.8e-05,172.31.33.0-255,66,11952,33,93234
3569,8.8e-05,74.125.24.0-255,2109,14061,33,93234
3570,9.2e-05,172.31.33.0-255,66,14127,33,93234
3571,0.000613,74.125.24.0-255,1484,15611,33,93234
3572,0.00062,172.31.33.0-255,66,15677,33,93234
3573,0.000629,74.125.24.0-255,2902,18579,33,93234
3574,0.000631,172.31.33.0-255,66,18645,33,93234
3575,0.000643,74.125.24.0-255,5738,24383,33,93234
3576,0.000645,172.31.33.0-255,66,24449,33,93234
3577,0.000652,74.125.24.0-255,5738,30187,33,93234
3578,0.000654,172.31.33.0-255,66,30253,33,93234
3579,0.000679,74.125.24.0-255,1125,31378,33,93234
3580,0.000682,172.31.33.0-255,66,31444,33,93234
3581,0.000946,74.125.24.0-255,1484,32928,33,93234
3582,0.000952,172.31.33.0-255,66,32994,33,93234
3583,0.000958,74.125.24.0-255,2902,35896,33,93234
3584,0.000961,172.31.33.0-255,66,35962,33,93234
3585,0.000974,74.125.24.0-255,5738,41700,33,93234
3586,0.000976,172.31.33.0-255,66,41766,33,93234
3587,0.001005,74.125.24.0-255,6797,48563,33,93234
3588,0.001008,172.31.33.0-255,66,48629,33,93234
3589,0.001043,74.125.24.0-255,2902,51531,33,93234
3590,0.001046,172.31.33.0-255,66,51597,33,93234
3591,0.00105,74.125.24.0-255,1484,53081,33,93234
3592,0.001052,172.31.33.0-255,66,53147,33,93234
3593,0.001081,74.125.24.0-255,2902,56049,33,93234
3594,0.001084,172.31.33.0-255,66,56115,33,93234
3595,0.0011,172.31.33.0-255,66,56181,33,93234
3596,0.001104,74.125.24.0-255,1500,57681,33,93234
3597,0.001106,172.31.33.0-255,66,57747,33,93234
3598,0.001474,74.125.24.0-255,333,58080,33,93234
3599,0.001799,172.31.33.0-255,66,58146,33,93234
3600,0.001825,74.125.24.0-255,1484,59630,33,93234
3601,0.001831,74.125.24.0-255,2902,62532,33,93234
3602,0.001834,172.31.33.0-255,66,62598,33,93234
3603,0.001863,74.125.24.0-255,4320,66918,33,93234
3604,0.001865,172.31.33.0-255,66,66984,33,93234
3605,0.001875,74.125.24.0-255,1484,68468,33,93234
3606,0.00189,172.31.33.0-255,66,68534,33,93234
3607,0.001928,74.125.24.0-255,7156,75690,33,93234
3608,0.001931,172.31.33.0-255,66,75756,33,93234
3609,0.001965,172.31.33.0-255,66,75822,33,93234
3610,0.004201,74.125.24.0-255,5738,81560,33,93234
3611,0.004207,172.31.33.0-255,66,81626,33,93234
3612,0.006667,74.125.24.0-255,5738,87364,33,93234
3613,0.006677,172.31.33.0-255,66,87430,33,93234
3614,0.00895,74.125.24.0-255,5738,93168,33,93234
3615,0.00896,172.31.33.0-255,66,93234,33,93234
3616,0.0,74.125.24.0-255,203,203,33,125659
3617,1.9e-05,172.31.33.0-255,66,269,33,125659
3618,2.5e-05,74.125.24.0-255,1484,1753,33,125659
3619,2.8e-05,172.31.33.0-255,66,1819,33,125659
3620,3e-05,74.125.24.0-255,1484,3303,33,125659
3621,3.2e-05,172.31.33.0-255,66,3369,33,125659
3622,6.8e-05,74.125.24.0-255,2902,6271,33,125659
3623,7.1e-05,172.31.33.0-255,66,6337,33,125659
3624,7.6e-05,74.125.24.0-255,5738,12075,33,125659
3625,7.8e-05,172.31.33.0-255,66,12141,33,125659
3626,0.000101,74.125.24.0-255,2041,14182,33,125659
3627,0.000103,172.31.33.0-255,66,14248,33,125659
3628,0.000127,74.125.24.0-255,2902,17150,33,125659
3629,0.000129,172.31.33.0-255,66,17216,33,125659
3630,0.000154,74.125.24.0-255,2902,20118,33,125659
3631,0.000156,172.31.33.0-255,66,20184,33,125659
3632,0.000181,74.125.24.0-255,7156,27340,33,125659
3633,0.000183,172.31.33.0-255,66,27406,33,125659
3634,0.000208,74.125.24.0-255,3961,31367,33,125659
3635,0.00021,172.31.33.0-255,66,31433,33,125659
3636,0.000284,74.125.24.0-255,1484,32917,33,125659
3637,0.000287,172.31.33.0-255,66,32983,33,125659
3638,0.000311,74.125.24.0-255,2902,35885,33,125659
3639,0.000313,172.31.33.0-255,66,35951,33,125659
3640,0.000324,74.125.24.0-255,1484,37435,33,125659
3641,0.000325,172.31.33.0-255,66,37501,33,125659
3642,0.000351,74.125.24.0-255,1484,38985,33,125659
3643,0.000353,172.31.33.0-255,66,39051,33,125659
3644,0.000358,74.125.24.0-255,4320,43371,33,125659
3645,0.000359,172.31.33.0-255,66,43437,33,125659
3646,0.000364,74.125.24.0-255,5379,48816,33,125659
3647,0.000369,172.31.33.0-255,66,48882,33,125659
3648,0.000725,74.125.24.0-255,1484,50366,33,125659
3649,0.000732,74.125.24.0-255,2902,53268,33,125659
3650,0.000735,172.31.33.0-255,66,53334,33,125659
3651,0.000762,74.125.24.0-255,4320,57654,33,125659
3652,0.000764,172.31.33.0-255,66,57720,33,125659
3653,0.000789,74.125.24.0-255,1484,59204,33,125659
3654,0.000796,74.125.24.0-255,6797,66001,33,125659
3655,0.000798,172.31.33.0-255,66,66067,33,125659
3656,0.0008,74.125.24.0-255,646,66713,33,125659
3657,0.000926,172.31.33.0-255,66,66779,33,125659
3658,0.001259,74.125.24.0-255,1484,68263,33,125659
3659,0.001268,74.125.24.0-255,2902,71165,33,125659
3660,0.001272,172.31.33.0-255,66,71231,33,125659
3661,0.001304,74.125.24.0-255,5738,76969,33,125659
3662,0.001307,172.31.33.0-255,66,77035,33,125659
3663,0.001324,74.125.24.0-255,2902,79937,33,125659
3664,0.001326,172.31.33.0-255,66,80003,33,125659
3665,0.00135,74.125.24.0-255,5379,85382,33,125659
3666,0.001352,172.31.33.0-255,66,85448,33,125659
3667,0.001362,172.31.33.0-255,66,85514,33,125659
3668,0.001384,74.125.24.0-255,4320,89834,33,125659
3669,0.001386,172.31.33.0-255,66,89900,33,125659
3670,0.001402,74.125.24.0-255,2543,92443,33,125659
3671,0.001404,172.31.33.0-255,66,92509,33,125659
3672,0.002123,74.125.24.0-255,1484,93993,33,125659
3673,0.00213,74.125.24.0-255,2902,96895,33,125659
3674,0.002134,172.31.33.0-255,66,96961,33,125659
3675,0.002141,74.125.24.0-255,5738,102699,33,125659
3676,0.002143,172.31.33.0-255,66,102765,33,125659
3677,0.002164,74.125.24.0-255,1484,104249,33,125659
3678,0.002174,74.125.24.0-255,2902,107151,33,125659
3679,0.002176,172.31.33.0-255,66,107217,33,125659
3680,0.002204,172.31.33.0-255,66,107283,33,125659
3681,0.002245,172.31.33.0-255,66,107349,33,125659
3682,0.002268,74.125.24.0-255,2184,109533,33,125659
3683,0.00227,172.31.33.0-255,66,109599,33,125659
3684,0.004561,74.125.24.0-255,4320,113919,33,125659
3685,0.004565,172.31.33.0-255,66,113985,33,125659
3686,0.004594,74.125.24.0-255,1484,115469,33,125659
3687,0.006833,74.125.24.0-255,4320,119789,33,125659
3688,0.00684,172.31.33.0-255,66,119855,33,125659
3689,0.0091,74.125.24.0-255,5738,125593,33,125659
3690,0.009105,172.31.33.0-255,66,125659,33,125659
3691,0.0,74.125.130.0-255,146,146,33,255544
3692,2.4e-05,172.31.33.0-255,66,212,33,255544
3693,3e-05,74.125.130.0-255,1484,1696,33,255544
3694,3.4e-05,172.31.33.0-255,66,1762,33,255544
3695,6.5e-05,74.125.130.0-255,2902,4664,33,255544
3696,6.7e-05,172.31.33.0-255,66,4730,33,255544
3697,7.1e-05,74.125.130.0-255,2902,7632,33,255544
3698,7.3e-05,172.31.33.0-255,66,7698,33,255544
3699,9.8e-05,74.125.130.0-255,4320,12018,33,255544
3700,0.000101,172.31.33.0-255,66,12084,33,255544
3701,0.00011,74.125.130.0-255,2902,14986,33,255544
3702,0.000112,172.31.33.0-255,66,15052,33,255544
3703,0.000142,74.125.130.0-255,4837,19889,33,255544
3704,0.000147,172.31.33.0-255,66,19955,33,255544
3705,0.000152,74.125.130.0-255,5738,25693,33,255544
3706,0.000154,172.31.33.0-255,66,25759,33,255544
3707,0.000188,74.125.130.0-255,5379,31138,33,255544
3708,0.00019,172.31.33.0-255,66,31204,33,255544
3709,0.000273,74.125.130.0-255,1484,32688,33,255544
3710,0.000277,172.31.33.0-255,66,32754,33,255544
3711,0.000281,74.125.130.0-255,2902,35656,33,255544
3712,0.000283,172.31.33.0-255,66,35722,33,255544
3713,0.00031,74.125.130.0-255,5738,41460,33,255544
3714,0.000312,74.125.130.0-255,1484,42944,33,255544
3715,0.000314,172.31.33.0-255,66,43010,33,255544
3716,0.000319,172.31.33.0-255,66,43076,33,255544
3717,0.00034,74.125.130.0-255,2902,45978,33,255544
3718,0.000347,172.31.33.0-255,66,46044,33,255544
3719,0.000367,74.125.130.0-255,5738,51782,33,255544
3720,0.00037,172.31.33.0-255,66,51848,33,255544
3721,0.000381,172.31.33.0-255,66,51914,33,255544
3722,0.00042,74.125.130.0-255,5020,56934,33,255544
3723,0.000423,172.31.33.0-255,66,57000,33,255544
3724,0.000448,74.125.130.0-255,410,57410,33,255544
3725,0.000668,172.31.33.0-255,66,57476,33,255544
3726,0.000698,74.125.130.0-255,1484,58960,33,255544
3727,0.000712,74.125.130.0-255,2902,61862,33,255544
3728,0.000714,172.31.33.0-255,66,61928,33,255544
3729,0.000717,74.125.130.0-255,1484,63412,33,255544
3730,0.000743,74.125.130.0-255,2902,66314,33,255544
3731,0.000746,172.31.33.0-255,66,66380,33,255544
3732,0.000759,74.125.130.0-255,2902,69282,33,255544
3733,0.000761,172.31.33.0-255,66,69348,33,255544
3734,0.000792,74.125.130.0-255,2902,72250,33,255544
3735,0.000795,74.125.130.0-255,2902,75152,33,255544
3736,0.000796,172.31.33.0-255,66,75218,33,255544
3737,0.000799,74.125.130.0-255,4320,79538,33,255544
3738,0.000799,172.31.33.0-255,66,79604,33,255544
3739,0.000803,172.31.33.0-255,66,79670,33,255544
3740,0.000818,74.125.130.0-255,7156,86826,33,255544
3741,0.00082,172.31.33.0-255,66,86892,33,255544
3742,0.000843,74.125.130.0-255,1484,88376,33,255544
3743,0.000852,74.125.130.0-255,3602,91978,33,255544
3744,0.000855,172.31.33.0-255,66,92044,33,255544
3745,0.000927,74.125.130.0-255,1484,93528,33,255544
3746,0.000939,74.125.130.0-255,2902,96430,33,255544
3747,0.000942,172.31.33.0-255,66,96496,33,255544
3748,0.000955,74.125.130.0-255,1484,97980,33,255544
3749,0.00097,74.125.130.0-255,4320,102300,33,255544
3750,0.000972,172.31.33.0-255,66,102366,33,255544
3751,0.000977,74.125.130.0-255,2902,105268,33,255544
3752,0.000979,172.31.33.0-255,66,105334,33,255544
3753,0.000982,74.125.130.0-255,1484,106818,33,255544
3754,0.001001,74.125.130.0-255,2902,109720,33,255544
3755,0.001004,172.31.33.0-255,66,109786,33,255544
3756,0.001035,172.31.33.0-255,66,109852,33,255544
3757,0.001039,74.125.130.0-255,2902,112754,33,255544
3758,0.001041,172.31.33.0-255,66,112820,33,255544
3759,0.001086,74.125.130.0-255,1484,114304,33,255544
3760,0.001117,172.31.33.0-255,66,114370,33,255544
3761,0.001144,74.125.130.0-255,4320,118690,33,255544
3762,0.001147,172.31.33.0-255,66,118756,33,255544
3763,0.001176,74.125.130.0-255,5738,124494,33,255544
3764,0.001178,172.31.33.0-255,66,124560,33,255544
3765,0.001181,74.125.130.0-255,1484,126044,33,255544
3766,0.001201,74.125.130.0-255,1484,127528,33,255544
3767,0.001203,172.31.33.0-255,66,127594,33,255544
3768,0.001219,74.125.130.0-255,1484,129078,33,255544
3769,0.001264,74.125.130.0-255,1484,130562,33,255544
3770,0.001267,172.31.33.0-255,66,130628,33,255544
3771,0.001272,74.125.130.0-255,2902,133530,33,255544
3772,0.001273,172.31.33.0-255,66,133596,33,255544
3773,0.001293,74.125.130.0-255,1484,135080,33,255544
3774,0.001302,74.125.130.0-255,2902,137982,33,255544
3775,0.001305,172.31.33.0-255,66,138048,33,255544
3776,0.00133,74.125.130.0-255,3602,141650,33,255544
3777,0.001332,172.31.33.0-255,66,141716,33,255544
3778,0.001603,74.125.130.0-255,1484,143200,33,255544
3779,0.001618,74.125.130.0-255,2902,146102,33,255544
3780,0.001623,172.31.33.0-255,66,146168,33,255544
3781,0.001627,74.125.130.0-255,1484,147652,33,255544
3782,0.00165,74.125.130.0-255,1484,149136,33,255544
3783,0.001652,172.31.33.0-255,66,149202,33,255544
3784,0.001658,74.125.130.0-255,4320,153522,33,255544
3785,0.00166,172.31.33.0-255,66,153588,33,255544
3786,0.001681,74.125.130.0-255,1484,155072,33,255544
3787,0.001697,74.125.130.0-255,5738,160810,33,255544
3788,0.0017,172.31.33.0-255,66,160876,33,255544
3789,0.001703,74.125.130.0-255,2902,163778,33,255544
3790,0.001705,172.31.33.0-255,66,163844,33,255544
3791,0.001725,74.125.130.0-255,5738,169582,33,255544
3792,0.001727,172.31.33.0-255,66,169648,33,255544
3793,0.00173,74.125.130.0-255,1484,171132,33,255544
3794,0.001752,74.125.130.0-255,5020,176152,33,255544
3795,0.001755,172.31.33.0-255,66,176218,33,255544
3796,0.002086,74.125.130.0-255,1484,177702,33,255544
3797,0.002093,74.125.130.0-255,2902,180604,33,255544
3798,0.002097,172.31.33.0-255,66,180670,33,255544
3799,0.002126,74.125.130.0-255,5738,186408,33,255544
3800,0.002128,172.31.33.0-255,66,186474,33,255544
3801,0.002158,172.31.33.0-255,66,186540,33,255544
3802,0.00219,172.31.33.0-255,66,186606,33,255544
3803,0.002194,74.125.130.0-255,2184,188790,33,255544
3804,0.002196,172.31.33.0-255,66,188856,33,255544
3805,0.002343,74.125.130.0-255,1484,190340,33,255544
3806,0.002355,74.125.130.0-255,2902,193242,33,255544
3807,0.002358,172.31.33.0-255,66,193308,33,255544
3808,0.002385,74.125.130.0-255,5738,199046,33,255544
3809,0.002388,172.31.33.0-255,66,199112,33,255544
3810,0.002397,74.125.130.0-255,2902,202014,33,255544
3811,0.002398,172.31.33.0-255,66,202080,33,255544
3812,0.002419,74.125.130.0-255,5738,207818,33,255544
3813,0.002421,172.31.33.0-255,66,207884,33,255544
3814,0.002424,74.125.130.0-255,1484,209368,33,255544
3815,0.002453,172.31.33.0-255,66,209434,33,255544
3816,0.002457,74.125.130.0-255,2902,212336,33,255544
3817,0.002459,172.31.33.0-255,66,212402,33,255544
3818,0.002463,74.125.130.0-255,3602,216004,33,255544
3819,0.002466,172.31.33.0-255,66,216070,33,255544
3820,0.002504,74.125.130.0-255,7156,223226,33,255544
3821,0.002507,172.31.33.0-255,66,223292,33,255544
3822,0.002512,74.125.130.0-255,4320,227612,33,255544
3823,0.002514,172.31.33.0-255,66,227678,33,255544
3824,0.002535,74.125.130.0-255,4320,231998,33,255544
3825,0.002538,172.31.33.0-255,66,232064,33,255544
3826,0.002545,74.125.130.0-255,1484,233548,33,255544
3827,0.002564,74.125.130.0-255,7156,240704,33,255544
3828,0.002567,172.31.33.0-255,66,240770,33,255544
3829,0.00259,74.125.130.0-255,1484,242254,33,255544
3830,0.002592,74.125.130.0-255,1484,243738,33,255544
3831,0.002594,172.31.33.0-255,66,243804,33,255544
3832,0.005092,74.125.130.0-255,2902,246706,33,255544
3833,0.005096,172.31.33.0-255,66,246772,33,255544
3834,0.005123,74.125.130.0-255,2902,249674,33,255544
3835,0.005125,172.31.33.0-255,66,249740,33,255544
3836,0.007646,74.125.130.0-255,5738,255478,33,255544
3837,0.007659,172.31.33.0-255,66,255544,33,255544
3838,0.0,172.31.33.0-255,105,105,33,1377
3839,4.2e-05,172.31.33.0-255,105,210,33,1377
3840,9.7e-05,172.31.33.0-255,105,315,33,1377
3841,0.000364,172.31.33.0-255,90,405,33,1377
3842,0.000374,172.31.33.0-255,66,471,33,1377
3843,0.000532,172.31.33.0-255,90,561,33,1377
3844,0.000538,172.31.33.0-255,66,627,33,1377
3845,0.000688,172.31.33.0-255,90,717,33,1377
3846,0.000694,172.31.33.0-255,66,783,33,1377
3847,0.002837,74.125.200.0-255,66,849,33,1377
3848,0.002858,74.125.200.0-255,66,915,33,1377
3849,0.002875,172.31.33.0-255,66,981,33,1377
3850,0.002903,74.125.24.0-255,66,1047,33,1377
3851,0.002917,74.125.24.0-255,66,1113,33,1377
3852,0.002927,172.31.33.0-255,66,1179,33,1377
3853,0.003004,74.125.68.0-255,66,1245,33,1377
3854,0.003037,74.125.68.0-255,66,1311,33,1377
3855,0.003047,172.31.33.0-255,66,1377,33,1377
3856,0.0,172.217.194.0-255,153,153,33,124837
3857,3.3e-05,172.31.33.0-255,66,219,33,124837
3858,4.1e-05,172.217.194.0-255,1484,1703,33,124837
3859,4.6e-05,172.31.33.0-255,66,1769,33,124837
3860,5.1e-05,172.217.194.0-255,2902,4671,33,124837
3861,5.4e-05,172.31.33.0-255,66,4737,33,124837
3862,6.2e-05,172.217.194.0-255,7156,11893,33,124837
3863,6.5e-05,172.31.33.0-255,66,11959,33,124837
3864,0.000108,172.217.194.0-255,2164,14123,33,124837
3865,0.000111,172.31.33.0-255,66,14189,33,124837
3866,0.000261,172.217.194.0-255,1484,15673,33,124837
3867,0.000266,172.31.33.0-255,66,15739,33,124837
3868,0.000283,172.217.194.0-255,2902,18641,33,124837
3869,0.000287,172.31.33.0-255,66,18707,33,124837
3870,0.000307,172.217.194.0-255,4320,23027,33,124837
3871,0.000313,172.31.33.0-255,66,23093,33,124837
3872,0.000324,172.217.194.0-255,1484,24577,33,124837
3873,0.000327,172.31.33.0-255,66,24643,33,124837
3874,0.000345,172.217.194.0-255,5738,30381,33,124837
3875,0.000348,172.31.33.0-255,66,30447,33,124837
3876,0.000371,172.217.194.0-255,5379,35826,33,124837
3877,0.000374,172.31.33.0-255,66,35892,33,124837
3878,0.000381,172.217.194.0-255,5738,41630,33,124837
3879,0.000383,172.31.33.0-255,66,41696,33,124837
3880,0.000401,172.217.194.0-255,1484,43180,33,124837
3881,0.000404,172.31.33.0-255,66,43246,33,124837
3882,0.000423,172.217.194.0-255,5379,48625,33,124837
3883,0.000426,172.31.33.0-255,66,48691,33,124837
3884,0.000463,172.217.194.0-255,1484,50175,33,124837
3885,0.000467,172.31.33.0-255,66,50241,33,124837
3886,0.000471,172.217.194.0-255,1484,51725,33,124837
3887,0.000473,172.31.33.0-255,66,51791,33,124837
3888,0.000487,172.217.194.0-255,1484,53275,33,124837
3889,0.000494,172.217.194.0-255,4320,57595,33,124837
3890,0.000498,172.31.33.0-255,66,57661,33,124837
3891,0.000518,172.217.194.0-255,1484,59145,33,124837
3892,0.000537,172.217.194.0-255,4320,63465,33,124837
3893,0.00054,172.31.33.0-255,66,63531,33,124837
3894,0.00056,172.217.194.0-255,2819,66350,33,124837
3895,0.000562,172.31.33.0-255,66,66416,33,124837
3896,0.000565,172.217.194.0-255,402,66818,33,124837
3897,0.0007,172.217.194.0-255,1484,68302,33,124837
3898,0.000704,172.31.33.0-255,66,68368,33,124837
3899,0.00071,172.217.194.0-255,2902,71270,33,124837
3900,0.000712,172.31.33.0-255,66,71336,33,124837
3901,0.000741,172.217.194.0-255,5738,77074,33,124837
3902,0.000744,172.31.33.0-255,66,77140,33,124837
3903,0.00075,172.217.194.0-255,4320,81460,33,124837
3904,0.000752,172.31.33.0-255,66,81526,33,124837
3905,0.000776,172.31.33.0-255,66,81592,33,124837
3906,0.000784,172.217.194.0-255,7156,88748,33,124837
3907,0.000786,172.31.33.0-255,66,88814,33,124837
3908,0.0008,172.217.194.0-255,2543,91357,33,124837
3909,0.000803,172.31.33.0-255,66,91423,33,124837
3910,0.00193,172.217.194.0-255,1484,92907,33,124837
3911,0.001939,172.217.194.0-255,2902,95809,33,124837
3912,0.001943,172.31.33.0-255,66,95875,33,124837
3913,0.001951,172.217.194.0-255,5738,101613,33,124837
3914,0.001953,172.31.33.0-255,66,101679,33,124837
3915,0.001986,172.31.33.0-255,66,101745,33,124837
3916,0.002021,172.217.194.0-255,2902,104647,33,124837
3917,0.002023,172.31.33.0-255,66,104713,33,124837
3918,0.002047,172.31.33.0-255,66,104779,33,124837
3919,0.002051,172.217.194.0-255,2184,106963,33,124837
3920,0.002053,172.31.33.0-255,66,107029,33,124837
3921,0.004379,172.217.194.0-255,2902,109931,33,124837
3922,0.004381,172.31.33.0-255,66,109997,33,124837
3923,0.004392,172.217.194.0-255,2902,112899,33,124837
3924,0.004393,172.31.33.0-255,66,112965,33,124837
3925,0.006715,172.217.194.0-255,2902,115867,33,124837
3926,0.006722,172.31.33.0-255,66,115933,33,124837
3927,0.006742,172.217.194.0-255,2902,118835,33,124837
3928,0.006745,172.31.33.0-255,66,118901,33,124837
3929,0.009048,172.217.194.0-255,2902,121803,33,124837
3930,0.009056,172.31.33.0-255,66,121869,33,124837
3931,0.009077,172.217.194.0-255,2902,124771,33,124837
3932,0.00908,172.31.33.0-255,66,124837,33,124837
3933,0.0,172.31.33.0-255,105,105,33,459
3934,0.000273,172.31.33.0-255,90,195,33,459
3935,0.000282,172.31.33.0-255,66,261,33,459
3936,0.002528,74.125.24.0-255,66,327,33,459
3937,0.002541,74.125.24.0-255,66,393,33,459
3938,0.002549,172.31.33.0-255,66,459,33,459
3939,0.0,172.253.118.0-255,154,154,33,199316
3940,3e-05,172.31.33.0-255,66,220,33,199316
3941,3.8e-05,172.253.118.0-255,1484,1704,33,199316
3942,4.1e-05,172.31.33.0-255,66,1770,33,199316
3943,4.5e-05,172.253.118.0-255,2902,4672,33,199316
3944,5.4e-05,172.31.33.0-255,66,4738,33,199316
3945,5.7e-05,172.253.118.0-255,1484,6222,33,199316
3946,6e-05,172.31.33.0-255,66,6288,33,199316
3947,9.1e-05,172.253.118.0-255,4320,10608,33,199316
3948,9.4e-05,172.31.33.0-255,66,10674,33,199316
3949,0.000103,172.253.118.0-255,1484,12158,33,199316
3950,0.000105,172.31.33.0-255,66,12224,33,199316
3951,0.000128,172.253.118.0-255,2128,14352,33,199316
3952,0.000132,172.31.33.0-255,66,14418,33,199316
3953,0.000188,172.253.118.0-255,1484,15902,33,199316
3954,0.000191,172.31.33.0-255,66,15968,33,199316
3955,0.000195,172.253.118.0-255,2902,18870,33,199316
3956,0.000197,172.31.33.0-255,66,18936,33,199316
3957,0.000203,172.253.118.0-255,5738,24674,33,199316
3958,0.000205,172.31.33.0-255,66,24740,33,199316
3959,0.000212,172.253.118.0-255,6797,31537,33,199316
3960,0.000214,172.31.33.0-255,66,31603,33,199316
3961,0.00022,172.253.118.0-255,7156,38759,33,199316
3962,0.000223,172.31.33.0-255,66,38825,33,199316
3963,0.000254,172.31.33.0-255,66,38891,33,199316
3964,0.000271,172.253.118.0-255,1125,40016,33,199316
3965,0.000274,172.31.33.0-255,66,40082,33,199316
3966,0.001332,172.253.118.0-255,1484,41566,33,199316
3967,0.001337,172.31.33.0-255,66,41632,33,199316
3968,0.001346,172.253.118.0-255,2902,44534,33,199316
3969,0.001347,172.31.33.0-255,66,44600,33,199316
3970,0.001357,172.253.118.0-255,5738,50338,33,199316
3971,0.001358,172.31.33.0-255,66,50404,33,199316
3972,0.001397,172.31.33.0-255,66,50470,33,199316
3973,0.001419,172.253.118.0-255,1125,51595,33,199316
3974,0.00143,172.31.33.0-255,66,51661,33,199316
3975,0.001588,172.253.118.0-255,1484,53145,33,199316
3976,0.001607,172.253.118.0-255,2902,56047,33,199316
3977,0.001611,172.31.33.0-255,66,56113,33,199316
3978,0.001623,172.253.118.0-255,2902,59015,33,199316
3979,0.001624,172.31.33.0-255,66,59081,33,199316
3980,0.001646,172.253.118.0-255,2902,61983,33,199316
3981,0.001648,172.31.33.0-255,66,62049,33,199316
3982,0.001655,172.253.118.0-255,7156,69205,33,199316
3983,0.001656,172.31.33.0-255,66,69271,33,199316
3984,0.001686,172.253.118.0-255,5738,75009,33,199316
3985,0.001688,172.31.33.0-255,66,75075,33,199316
3986,0.001694,172.253.118.0-255,7156,82231,33,199316
3987,0.001696,172.31.33.0-255,66,82297,33,199316
3988,0.00173,172.253.118.0-255,3602,85899,33,199316
3989,0.001732,172.31.33.0-255,66,85965,33,199316
3990,0.001737,172.253.118.0-255,4320,90285,33,199316
3991,0.001738,172.31.33.0-255,66,90351,33,199316
3992,0.001743,172.253.118.0-255,4320,94671,33,199316
3993,0.001745,172.31.33.0-255,66,94737,33,199316
3994,0.001771,172.253.118.0-255,5738,100475,33,199316
3995,0.001775,172.253.118.0-255,3125,103600,33,199316
3996,0.001779,172.31.33.0-255,66,103666,33,199316
3997,0.001781,172.31.33.0-255,66,103732,33,199316
3998,0.001924,172.253.118.0-255,1484,105216,33,199316
3999,0.001928,172.253.118.0-255,2902,108118,33,199316
4000,0.001931,172.31.33.0-255,66,108184,33,199316
4001,0.001956,172.253.118.0-255,5738,113922,33,199316
4002,0.001958,172.31.33.0-255,66,113988,33,199316
4003,0.001962,172.253.118.0-255,4320,118308,33,199316
4004,0.001964,172.31.33.0-255,66,118374,33,199316
4005,0.001985,172.253.118.0-255,4320,122694,33,199316
4006,0.001987,172.31.33.0-255,66,122760,33,199316
4007,0.002016,172.253.118.0-255,7156,129916,33,199316
4008,0.002018,172.31.33.0-255,66,129982,33,199316
4009,0.002027,172.31.33.0-255,66,130048,33,199316
4010,0.002058,172.253.118.0-255,1484,131532,33,199316
4011,0.002061,172.253.118.0-255,1484,133016,33,199316
4012,0.002063,172.31.33.0-255,66,133082,33,199316
4013,0.002074,172.253.118.0-255,1484,134566,33,199316
4014,0.00208,172.253.118.0-255,1484,136050,33,199316
4015,0.002083,172.31.33.0-255,66,136116,33,199316
4016,0.002107,172.253.118.0-255,4320,140436,33,199316
4017,0.002111,172.253.118.0-255,4320,144756,33,199316
4018,0.002114,172.31.33.0-255,66,144822,33,199316
4019,0.002117,172.31.33.0-255,66,144888,33,199316
4020,0.002122,172.253.118.0-255,1484,146372,33,199316
4021,0.002125,172.253.118.0-255,1484,147856,33,199316
4022,0.002126,172.31.33.0-255,66,147922,33,199316
4023,0.002153,172.253.118.0-255,5738,153660,33,199316
4024,0.002156,172.31.33.0-255,66,153726,33,199316
4025,0.002169,172.253.118.0-255,4320,158046,33,199316
4026,0.002171,172.31.33.0-255,66,158112,33,199316
4027,0.002195,172.253.118.0-255,6438,164550,33,199316
4028,0.002197,172.31.33.0-255,66,164616,33,199316
4029,0.002354,172.253.118.0-255,1484,166100,33,199316
4030,0.002391,172.253.118.0-255,2902,169002,33,199316
4031,0.002394,172.31.33.0-255,66,169068,33,199316
4032,0.00242,172.253.118.0-255,5738,174806,33,199316
4033,0.002422,172.31.33.0-255,66,174872,33,199316
4034,0.002425,172.253.118.0-255,1484,176356,33,199316
4035,0.002457,172.253.118.0-255,4320,180676,33,199316
4036,0.002459,172.31.33.0-255,66,180742,33,199316
4037,0.002483,172.253.118.0-255,4320,185062,33,199316
4038,0.002486,172.31.33.0-255,66,185128,33,199316
4039,0.002488,172.253.118.0-255,1484,186612,33,199316
4040,0.00249,172.253.118.0-255,1484,188096,33,199316
4041,0.002492,172.31.33.0-255,66,188162,33,199316
4042,0.002523,172.31.33.0-255,66,188228,33,199316
4043,0.002525,172.253.118.0-255,766,188994,33,199316
4044,0.003069,172.31.33.0-255,66,189060,33,199316
4045,0.005052,172.253.118.0-255,4320,193380,33,199316
4046,0.005057,172.31.33.0-255,66,193446,33,199316
4047,0.005586,172.253.118.0-255,1484,194930,33,199316
4048,0.007597,172.253.118.0-255,4320,199250,33,199316
4049,0.007605,172.31.33.0-255,66,199316,33,199316
4050,0.0,74.125.130.0-255,172,172,33,129677
4051,1.5e-05,172.31.33.0-255,66,238,33,129677
4052,2e-05,74.125.130.0-255,1484,1722,33,129677
4053,2.4e-05,172.31.33.0-255,66,1788,33,129677
4054,2.9e-05,74.125.130.0-255,2902,4690,33,129677
4055,3.2e-05,172.31.33.0-255,66,4756,33,129677
4056,4.3e-05,74.125.130.0-255,4320,9076,33,129677
4057,4.6e-05,172.31.33.0-255,66,9142,33,129677
4058,5.9e-05,74.125.130.0-255,1484,10626,33,129677
4059,6.2e-05,172.31.33.0-255,66,10692,33,129677
4060,6.8e-05,74.125.130.0-255,1484,12176,33,129677
4061,7e-05,172.31.33.0-255,66,12242,33,129677
4062,0.0001,74.125.130.0-255,2164,14406,33,129677
4063,0.000103,172.31.33.0-255,66,14472,33,129677
4064,0.000168,74.125.130.0-255,1484,15956,33,129677
4065,0.00017,172.31.33.0-255,66,16022,33,129677
4066,0.000192,74.125.130.0-255,2902,18924,33,129677
4067,0.000194,172.31.33.0-255,66,18990,33,129677
4068,0.0002,74.125.130.0-255,5738,24728,33,129677
4069,0.000202,172.31.33.0-255,66,24794,33,129677
4070,0.000223,74.125.130.0-255,4320,29114,33,129677
4071,0.000225,172.31.33.0-255,66,29180,33,129677
4072,0.000248,74.125.130.0-255,2543,31723,33,129677
4073,0.000251,172.31.33.0-255,66,31789,33,129677
4074,0.000257,74.125.130.0-255,7156,38945,33,129677
4075,0.000259,172.31.33.0-255,66,39011,33,129677
4076,0.000287,172.31.33.0-255,66,39077,33,129677
4077,0.000323,74.125.130.0-255,2902,41979,33,129677
4078,0.000325,172.31.33.0-255,66,42045,33,129677
4079,0.00033,74.125.130.0-255,4320,46365,33,129677
4080,0.000332,172.31.33.0-255,66,46431,33,129677
4081,0.000366,172.31.33.0-255,66,46497,33,129677
4082,0.000369,74.125.130.0-255,1125,47622,33,129677
4083,0.000395,74.125.130.0-255,364,47986,33,129677
4084,0.000405,74.125.130.0-255,379,48365,33,129677
4085,0.000407,172.31.33.0-255,66,48431,33,129677
4086,0.001015,74.125.130.0-255,1484,49915,33,129677
4087,0.001033,74.125.130.0-255,2902,52817,33,129677
4088,0.001037,172.31.33.0-255,66,52883,33,129677
4089,0.001043,74.125.130.0-255,4320,57203,33,129677
4090,0.001045,172.31.33.0-255,66,57269,33,129677
4091,0.001082,172.31.33.0-255,66,57335,33,129677
4092,0.001088,74.125.130.0-255,5738,63073,33,129677
4093,0.00109,172.31.33.0-255,66,63139,33,129677
4094,0.001093,74.125.130.0-255,1484,64623,33,129677
4095,0.001121,74.125.130.0-255,5738,70361,33,129677
4096,0.001123,172.31.33.0-255,66,70427,33,129677
4097,0.001128,74.125.130.0-255,3602,74029,33,129677
4098,0.00113,172.31.33.0-255,66,74095,33,129677
4099,0.001445,74.125.130.0-255,1484,75579,33,129677
4100,0.001452,74.125.130.0-255,2902,78481,33,129677
4101,0.001456,172.31.33.0-255,66,78547,33,129677
4102,0.001462,74.125.130.0-255,4320,82867,33,129677
4103,0.001464,172.31.33.0-255,66,82933,33,129677
4104,0.001486,74.125.130.0-255,1484,84417,33,129677
4105,0.001493,74.125.130.0-255,5738,90155,33,129677
4106,0.001495,172.31.33.0-255,66,90221,33,129677
4107,0.00152,74.125.130.0-255,2902,93123,33,129677
4108,0.001523,172.31.33.0-255,66,93189,33,129677
4109,0.001533,172.31.33.0-255,66,93255,33,129677
4110,0.001563,74.125.130.0-255,1484,94739,33,129677
4111,0.001605,74.125.130.0-255,3602,98341,33,129677
4112,0.001609,172.31.33.0-255,66,98407,33,129677
4113,0.001735,74.125.130.0-255,1484,99891,33,129677
4114,0.001754,74.125.130.0-255,2902,102793,33,129677
4115,0.001758,172.31.33.0-255,66,102859,33,129677
4116,0.001764,74.125.130.0-255,5738,108597,33,129677
4117,0.001792,74.125.130.0-255,2902,111499,33,129677
4118,0.001807,74.125.130.0-255,5738,117237,33,129677
4119,0.001809,74.125.130.0-255,1484,118721,33,129677
4120,0.001835,74.125.130.0-255,2902,121623,33,129677
4121,0.001848,74.125.130.0-255,2184,123807,33,129677
4122,0.005615,172.31.33.0-255,66,123873,33,129677
4123,0.007894,74.125.130.0-255,5738,129611,33,129677
4124,0.0079,172.31.33.0-255,66,129677,33,129677
4125,0.0,172.31.33.0-255,105,105,33,1377
4126,5.4e-05,172.31.33.0-255,105,210,33,1377
4127,0.000116,172.31.33.0-255,105,315,33,1377
4128,0.000425,172.31.33.0-255,90,405,33,1377
4129,0.000433,172.31.33.0-255,66,471,33,1377
4130,0.000566,172.31.33.0-255,90,561,33,1377
4131,0.000573,172.31.33.0-255,66,627,33,1377
4132,0.000716,172.31.33.0-255,90,717,33,1377
4133,0.000722,172.31.33.0-255,66,783,33,1377
4134,0.00273,74.125.130.0-255,66,849,33,1377
4135,0.002742,74.125.130.0-255,66,915,33,1377
4136,0.00275,172.31.33.0-255,66,981,33,1377
4137,0.002809,74.125.68.0-255,66,1047,33,1377
4138,0.002822,74.125.68.0-255,66,1113,33,1377
4139,0.002825,172.31.33.0-255,66,1179,33,1377
4140,0.003381,74.125.24.0-255,66,1245,33,1377
4141,0.003389,74.125.24.0-255,66,1311,33,1377
4142,0.003391,172.31.33.0-255,66,1377,33,1377
4143,0.0,74.125.24.0-255,97,97,33,361
4144,0.000671,74.125.200.0-255,66,163,33,361
4145,0.000683,74.125.200.0-255,66,229,33,361
4146,0.000695,172.31.33.0-255,66,295,33,361
4147,0.00162,74.125.24.0-255,66,361,33,361
4148,0.0,74.125.24.0-255,291,291,33,239128
4149,3e-05,172.31.33.0-255,66,357,33,239128
4150,3.6e-05,74.125.24.0-255,1484,1841,33,239128
4151,4e-05,172.31.33.0-255,66,1907,33,239128
4152,4.6e-05,74.125.24.0-255,4320,6227,33,239128
4153,4.9e-05,172.31.33.0-255,66,6293,33,239128
4154,8.3e-05,74.125.24.0-255,2902,9195,33,239128
4155,8.5e-05,172.31.33.0-255,66,9261,33,239128
4156,0.00011,74.125.24.0-255,4737,13998,33,239128
4157,0.000113,172.31.33.0-255,66,14064,33,239128
4158,0.000302,74.125.24.0-255,1484,15548,33,239128
4159,0.000309,172.31.33.0-255,66,15614,33,239128
4160,0.000315,74.125.24.0-255,2902,18516,33,239128
4161,0.000318,172.31.33.0-255,66,18582,33,239128
4162,0.000324,74.125.24.0-255,5738,24320,33,239128
4163,0.000327,172.31.33.0-255,66,24386,33,239128
4164,0.000329,74.125.24.0-255,1484,25870,33,239128
4165,0.000332,172.31.33.0-255,66,25936,33,239128
4166,0.000362,74.125.24.0-255,5379,31315,33,239128
4167,0.000367,172.31.33.0-255,66,31381,33,239128
4168,0.000374,74.125.24.0-255,7156,38537,33,239128
4169,0.000377,172.31.33.0-255,66,38603,33,239128
4170,0.000436,172.31.33.0-255,66,38669,33,239128
4171,0.000467,74.125.24.0-255,1484,40153,33,239128
4172,0.000471,172.31.33.0-255,66,40219,33,239128
4173,0.000499,74.125.24.0-255,2902,43121,33,239128
4174,0.000503,172.31.33.0-255,66,43187,33,239128
4175,0.000509,74.125.24.0-255,5738,48925,33,239128
4176,0.000512,172.31.33.0-255,66,48991,33,239128
4177,0.000534,74.125.24.0-255,1484,50475,33,239128
4178,0.000537,172.31.33.0-255,66,50541,33,239128
4179,0.000555,74.125.24.0-255,5657,56198,33,239128
4180,0.000562,172.31.33.0-255,66,56264,33,239128
4181,0.000591,74.125.24.0-255,378,56642,33,239128
4182,0.000596,172.31.33.0-255,66,56708,33,239128
4183,0.000851,74.125.24.0-255,1484,58192,33,239128
4184,0.000858,172.31.33.0-255,66,58258,33,239128
4185,0.000864,74.125.24.0-255,2902,61160,33,239128
4186,0.000866,172.31.33.0-255,66,61226,33,239128
4187,0.00089,74.125.24.0-255,5738,66964,33,239128
4188,0.000895,172.31.33.0-255,66,67030,33,239128
4189,0.000905,74.125.24.0-255,2902,69932,33,239128
4190,0.000909,172.31.33.0-255,66,69998,33,239128
4191,0.00093,74.125.24.0-255,5738,75736,33,239128
4192,0.000935,172.31.33.0-255,66,75802,33,239128
4193,0.000946,74.125.24.0-255,4320,80122,33,239128
4194,0.000949,172.31.33.0-255,66,80188,33,239128
4195,0.000959,172.31.33.0-255,66,80254,33,239128
4196,0.000995,74.125.24.0-255,2184,82438,33,239128
4197,0.000999,172.31.33.0-255,66,82504,33,239128
4198,0.001434,74.125.24.0-255,1484,83988,33,239128
4199,0.00144,172.31.33.0-255,66,84054,33,239128
4200,0.001448,74.125.24.0-255,2902,86956,33,239128
4201,0.001451,172.31.33.0-255,66,87022,33,239128
4202,0.001458,74.125.24.0-255,5738,92760,33,239128
4203,0.00146,172.31.33.0-255,66,92826,33,239128
4204,0.001483,74.125.24.0-255,4320,97146,33,239128
4205,0.001486,172.31.33.0-255,66,97212,33,239128
4206,0.001522,172.31.33.0-255,66,97278,33,239128
4207,0.001529,74.125.24.0-255,5738,103016,33,239128
4208,0.001531,172.31.33.0-255,66,103082,33,239128
4209,0.001548,74.125.24.0-255,4470,107552,33,239128
4210,0.001551,172.31.33.0-255,66,107618,33,239128
4211,0.001662,74.125.24.0-255,1484,109102,33,239128
4212,0.001667,172.31.33.0-255,66,109168,33,239128
4213,0.001673,74.125.24.0-255,2902,112070,33,239128
4214,0.001691,74.125.24.0-255,5738,117808,33,239128
4215,0.001694,74.125.24.0-255,1484,119292,33,239128
4216,0.001711,74.125.24.0-255,4320,123612,33,239128
4217,0.001745,74.125.24.0-255,2902,126514,33,239128
4218,0.001766,74.125.24.0-255,5020,131534,33,239128
4219,0.001967,74.125.24.0-255,1484,133018,33,239128
4220,0.001973,74.125.24.0-255,2902,135920,33,239128
4221,0.001995,74.125.24.0-255,5738,141658,33,239128
4222,0.001999,74.125.24.0-255,2902,144560,33,239128
4223,0.002017,74.125.24.0-255,1484,146044,33,239128
4224,0.002021,74.125.24.0-255,2902,148946,33,239128
4225,0.002051,74.125.24.0-255,2902,151848,33,239128
4226,0.002074,74.125.24.0-255,5020,156868,33,239128
4227,0.002173,74.125.24.0-255,1484,158352,33,239128
4228,0.00218,74.125.24.0-255,2902,161254,33,239128
4229,0.002205,74.125.24.0-255,5738,166992,33,239128
4230,0.002209,74.125.24.0-255,2902,169894,33,239128
4231,0.00222,74.125.24.0-255,1484,171378,33,239128
4232,0.002268,74.125.24.0-255,5738,177116,33,239128
4233,0.002282,74.125.24.0-255,5738,182854,33,239128
4234,0.002308,74.125.24.0-255,1484,184338,33,239128
4235,0.00235,74.125.24.0-255,5738,190076,33,239128
4236,0.002396,74.125.24.0-255,2902,192978,33,239128
4237,0.002417,74.125.24.0-255,5738,198716,33,239128
4238,0.002436,74.125.24.0-255,4320,203036,33,239128
4239,0.002451,74.125.24.0-255,1484,204520,33,239128
4240,0.002482,74.125.24.0-255,4320,208840,33,239128
4241,0.002503,74.125.24.0-255,3602,212442,33,239128
4242,0.002583,74.125.24.0-255,4320,216762,33,239128
4243,0.002677,74.125.24.0-255,2902,219664,33,239128
4244,0.002697,74.125.24.0-255,7156,226820,33,239128
4245,0.002771,74.125.24.0-255,6438,233258,33,239128
4246,0.004749,172.31.33.0-255,66,233324,33,239128
4247,0.007394,74.125.24.0-255,5738,239062,33,239128
4248,0.007413,172.31.33.0-255,66,239128,33,239128
4249,0.0,172.217.194.0-255,153,153,33,185632
4250,2.6e-05,172.31.33.0-255,66,219,33,185632
4251,3.3e-05,172.217.194.0-255,1484,1703,33,185632
4252,3.7e-05,172.31.33.0-255,66,1769,33,185632
4253,4.2e-05,172.217.194.0-255,2902,4671,33,185632
4254,5.2e-05,172.31.33.0-255,66,4737,33,185632
4255,5.7e-05,172.217.194.0-255,2902,7639,33,185632
4256,6e-05,172.31.33.0-255,66,7705,33,185632
4257,9.3e-05,172.217.194.0-255,4320,12025,33,185632
4258,9.6e-05,172.31.33.0-255,66,12091,33,185632
4259,0.000121,172.217.194.0-255,1984,14075,33,185632
4260,0.000125,172.31.33.0-255,66,14141,33,185632
4261,0.000172,172.217.194.0-255,1484,15625,33,185632
4262,0.000175,172.31.33.0-255,66,15691,33,185632
4263,0.000179,172.217.194.0-255,1484,17175,33,185632
4264,0.000181,172.31.33.0-255,66,17241,33,185632
4265,0.000214,172.217.194.0-255,1484,18725,33,185632
4266,0.000217,172.31.33.0-255,66,18791,33,185632
4267,0.000224,172.217.194.0-255,5738,24529,33,185632
4268,0.000227,172.31.33.0-255,66,24595,33,185632
4269,0.000299,172.31.33.0-255,66,24661,33,185632
4270,0.000302,172.217.194.0-255,1484,26145,33,185632
4271,0.000305,172.31.33.0-255,66,26211,33,185632
4272,0.000322,172.31.33.0-255,66,26277,33,185632
4273,0.000968,172.217.194.0-255,1484,27761,33,185632
4274,0.000974,172.31.33.0-255,66,27827,33,185632
4275,0.000985,172.217.194.0-255,2902,30729,33,185632
4276,0.000987,172.31.33.0-255,66,30795,33,185632
4277,0.001,172.217.194.0-255,5738,36533,33,185632
4278,0.001002,172.31.33.0-255,66,36599,33,185632
4279,0.001006,172.217.194.0-255,1484,38083,33,185632
4280,0.001035,172.217.194.0-255,5379,43462,33,185632
4281,0.001042,172.31.33.0-255,66,43528,33,185632
4282,0.001141,172.217.194.0-255,1484,45012,33,185632
4283,0.001148,172.217.194.0-255,2902,47914,33,185632
4284,0.001152,172.31.33.0-255,66,47980,33,185632
4285,0.001188,172.217.194.0-255,5738,53718,33,185632
4286,0.001191,172.31.33.0-255,66,53784,33,185632
4287,0.00122,172.217.194.0-255,5738,59522,33,185632
4288,0.001224,172.31.33.0-255,66,59588,33,185632
4289,0.001256,172.217.194.0-255,3961,63549,33,185632
4290,0.001259,172.31.33.0-255,66,63615,33,185632
4291,0.001274,172.31.33.0-255,66,63681,33,185632
4292,0.001279,172.217.194.0-255,3961,67642,33,185632
4293,0.001281,172.31.33.0-255,66,67708,33,185632
4294,0.001328,172.217.194.0-255,646,68354,33,185632
4295,0.001631,172.31.33.0-255,66,68420,33,185632
4296,0.001675,172.217.194.0-255,1484,69904,33,185632
4297,0.001681,172.217.194.0-255,2902,72806,33,185632
4298,0.001684,172.31.33.0-255,66,72872,33,185632
4299,0.001688,172.217.194.0-255,2902,75774,33,185632
4300,0.00169,172.31.33.0-255,66,75840,33,185632
4301,0.001718,172.217.194.0-255,2902,78742,33,185632
4302,0.00172,172.31.33.0-255,66,78808,33,185632
4303,0.001726,172.217.194.0-255,4320,83128,33,185632
4304,0.001728,172.31.33.0-255,66,83194,33,185632
4305,0.00177,172.31.33.0-255,66,83260,33,185632
4306,0.001796,172.217.194.0-255,4320,87580,33,185632
4307,0.001799,172.31.33.0-255,66,87646,33,185632
4308,0.001818,172.217.194.0-255,6438,94084,33,185632
4309,0.00182,172.31.33.0-255,66,94150,33,185632
4310,0.002073,172.217.194.0-255,1484,95634,33,185632
4311,0.002082,172.217.194.0-255,2902,98536,33,185632
4312,0.002085,172.31.33.0-255,66,98602,33,185632
4313,0.002116,172.217.194.0-255,5738,104340,33,185632
4314,0.002118,172.31.33.0-255,66,104406,33,185632
4315,0.002121,172.217.194.0-255,1484,105890,33,185632
4316,0.002154,172.31.33.0-255,66,105956,33,185632
4317,0.002165,172.31.33.0-255,66,106022,33,185632
4318,0.002203,172.217.194.0-255,3602,109624,33,185632
4319,0.002206,172.31.33.0-255,66,109690,33,185632
4320,0.002271,172.217.194.0-255,1484,111174,33,185632
4321,0.002276,172.217.194.0-255,2902,114076,33,185632
4322,0.002279,172.31.33.0-255,66,114142,33,185632
4323,0.002306,172.217.194.0-255,5738,119880,33,185632
4324,0.002309,172.31.33.0-255,66,119946,33,185632
4325,0.002341,172.31.33.0-255,66,120012,33,185632
4326,0.002373,172.217.194.0-255,4320,124332,33,185632
4327,0.002376,172.31.33.0-255,66,124398,33,185632
4328,0.002386,172.31.33.0-255,66,124464,33,185632
4329,0.002399,172.217.194.0-255,2902,127366,33,185632
4330,0.002401,172.31.33.0-255,66,127432,33,185632
4331,0.002435,172.217.194.0-255,5020,132452,33,185632
4332,0.002439,172.31.33.0-255,66,132518,33,185632
4333,0.002449,172.31.33.0-255,66,132584,33,185632
4334,0.002492,172.217.194.0-255,7156,139740,33,185632
4335,0.002494,172.31.33.0-255,66,139806,33,185632
4336,0.002521,172.217.194.0-255,2902,142708,33,185632
4337,0.002524,172.31.33.0-255,66,142774,33,185632
4338,0.002534,172.31.33.0-255,66,142840,33,185632
4339,0.002567,172.217.194.0-255,1484,144324,33,185632
4340,0.002578,172.217.194.0-255,1484,145808,33,185632
4341,0.002581,172.31.33.0-255,66,145874,33,185632
4342,0.002591,172.217.194.0-255,1484,147358,33,185632
4343,0.002615,172.217.194.0-255,4320,151678,33,185632
4344,0.002618,172.31.33.0-255,66,151744,33,185632
4345,0.002647,172.31.33.0-255,66,151810,33,185632
4346,0.002658,172.31.33.0-255,66,151876,33,185632
4347,0.002691,172.31.33.0-255,66,151942,33,185632
4348,0.002738,172.217.194.0-255,1484,153426,33,185632
4349,0.002756,172.217.194.0-255,2902,156328,33,185632
4350,0.002761,172.31.33.0-255,66,156394,33,185632
4351,0.002767,172.217.194.0-255,5738,162132,33,185632
4352,0.002769,172.31.33.0-255,66,162198,33,185632
4353,0.002772,172.217.194.0-255,1484,163682,33,185632
4354,0.002813,172.31.33.0-255,66,163748,33,185632
4355,0.002819,172.217.194.0-255,5738,169486,33,185632
4356,0.002822,172.31.33.0-255,66,169552,33,185632
4357,0.00285,172.217.194.0-255,4320,173872,33,185632
4358,0.002854,172.31.33.0-255,66,173938,33,185632
4359,0.002909,172.217.194.0-255,1484,175422,33,185632
4360,0.002915,172.31.33.0-255,66,175488,33,185632
4361,0.002948,172.31.33.0-255,66,175554,33,185632
4362,0.002974,172.31.33.0-255,66,175620,33,185632
4363,0.00299,172.31.33.0-255,66,175686,33,185632
4364,0.003022,172.217.194.0-255,2184,177870,33,185632
4365,0.003026,172.31.33.0-255,66,177936,33,185632
4366,0.003039,172.31.33.0-255,66,178002,33,185632
4367,0.003071,172.217.194.0-255,7156,185158,33,185632
4368,0.003074,172.31.33.0-255,66,185224,33,185632
4369,0.003101,172.31.33.0-255,66,185290,33,185632
4370,0.003106,172.217.194.0-255,105,185395,33,185632
4371,0.005516,172.31.33.0-255,66,185461,33,185632
4372,0.005571,172.31.33.0-255,105,185566,33,185632
4373,0.007866,172.217.194.0-255,66,185632,33,185632
4374,0.0,172.31.33.0-255,105,105,33,1443
4375,6.3e-05,172.31.33.0-255,105,210,33,1443
4376,0.000131,172.31.33.0-255,105,315,33,1443
4377,0.000334,172.31.33.0-255,90,405,33,1443
4378,0.000341,172.31.33.0-255,66,471,33,1443
4379,0.000492,172.31.33.0-255,90,561,33,1443
4380,0.000499,172.31.33.0-255,66,627,33,1443
4381,0.000807,172.31.33.0-255,90,717,33,1443
4382,0.000814,172.31.33.0-255,66,783,33,1443
4383,0.002611,74.125.24.0-255,66,849,33,1443
4384,0.002625,74.125.24.0-255,66,915,33,1443
4385,0.002636,172.31.33.0-255,66,981,33,1443
4386,0.002711,172.217.194.0-255,66,1047,33,1443
4387,0.002735,172.217.194.0-255,66,1113,33,1443
4388,0.002757,172.31.33.0-255,66,1179,33,1443
4389,0.003303,74.125.24.0-255,66,1245,33,1443
4390,0.003325,74.125.24.0-255,66,1311,33,1443
4391,0.003337,172.31.33.0-255,66,1377,33,1443
4392,0.00334,74.125.24.0-255,66,1443,33,1443
4393,0.0,172.217.194.0-255,146,146,33,194358
4394,2.1e-05,172.31.33.0-255,66,212,33,194358
4395,2.8e-05,172.217.194.0-255,1484,1696,33,194358
4396,3.3e-05,172.31.33.0-255,66,1762,33,194358
4397,3.8e-05,172.217.194.0-255,2902,4664,33,194358
4398,4.9e-05,172.31.33.0-255,66,4730,33,194358
4399,5.6e-05,172.217.194.0-255,7156,11886,33,194358
4400,5.9e-05,172.31.33.0-255,66,11952,33,194358
4401,6.4e-05,172.217.194.0-255,2054,14006,33,194358
4402,6.7e-05,172.31.33.0-255,66,14072,33,194358
4403,0.000122,172.217.194.0-255,2902,16974,33,194358
4404,0.000129,172.31.33.0-255,66,17040,33,194358
4405,0.000137,172.217.194.0-255,7156,24196,33,194358
4406,0.00014,172.31.33.0-255,66,24262,33,194358
4407,0.000146,172.217.194.0-255,6797,31059,33,194358
4408,0.000149,172.31.33.0-255,66,31125,33,194358
4409,0.000252,172.217.194.0-255,1484,32609,33,194358
4410,0.000256,172.31.33.0-255,66,32675,33,194358
4411,0.000261,172.217.194.0-255,2902,35577,33,194358
4412,0.000263,172.31.33.0-255,66,35643,33,194358
4413,0.000275,172.217.194.0-255,5738,41381,33,194358
4414,0.000278,172.31.33.0-255,66,41447,33,194358
4415,0.000289,172.217.194.0-255,1484,42931,33,194358
4416,0.000291,172.31.33.0-255,66,42997,33,194358
4417,0.000323,172.217.194.0-255,6797,49794,33,194358
4418,0.000331,172.31.33.0-255,66,49860,33,194358
4419,0.000346,172.31.33.0-255,66,49926,33,194358
4420,0.000391,172.217.194.0-255,381,50307,33,194358
4421,0.000394,172.31.33.0-255,66,50373,33,194358
4422,0.000422,172.217.194.0-255,363,50736,33,194358
4423,0.000425,172.31.33.0-255,66,50802,33,194358
4424,0.00068,172.217.194.0-255,1484,52286,33,194358
4425,0.000687,172.217.194.0-255,2902,55188,33,194358
4426,0.000691,172.31.33.0-255,66,55254,33,194358
4427,0.000695,172.217.194.0-255,1484,56738,33,194358
4428,0.000722,172.217.194.0-255,4320,61058,33,194358
4429,0.000725,172.31.33.0-255,66,61124,33,194358
4430,0.000743,172.31.33.0-255,66,61190,33,194358
4431,0.000748,172.217.194.0-255,2902,64092,33,194358
4432,0.00075,172.31.33.0-255,66,64158,33,194358
4433,0.000793,172.31.33.0-255,66,64224,33,194358
4434,0.00123,172.217.194.0-255,1484,65708,33,194358
4435,0.001237,172.217.194.0-255,2902,68610,33,194358
4436,0.001241,172.31.33.0-255,66,68676,33,194358
4437,0.001245,172.217.194.0-255,1484,70160,33,194358
4438,0.001274,172.217.194.0-255,4320,74480,33,194358
4439,0.001277,172.31.33.0-255,66,74546,33,194358
4440,0.001284,172.217.194.0-255,5738,80284,33,194358
4441,0.001287,172.31.33.0-255,66,80350,33,194358
4442,0.001302,172.31.33.0-255,66,80416,33,194358
4443,0.001335,172.217.194.0-255,4320,84736,33,194358
4444,0.001338,172.31.33.0-255,66,84802,33,194358
4445,0.001344,172.217.194.0-255,5020,89822,33,194358
4446,0.001346,172.31.33.0-255,66,89888,33,194358
4447,0.00147,172.217.194.0-255,1484,91372,33,194358
4448,0.001476,172.217.194.0-255,2902,94274,33,194358
4449,0.001479,172.31.33.0-255,66,94340,33,194358
4450,0.001486,172.217.194.0-255,5738,100078,33,194358
4451,0.001489,172.31.33.0-255,66,100144,33,194358
4452,0.001523,172.31.33.0-255,66,100210,33,194358
4453,0.001548,172.217.194.0-255,1484,101694,33,194358
4454,0.001567,172.217.194.0-255,4320,106014,33,194358
4455,0.00157,172.31.33.0-255,66,106080,33,194358
4456,0.00159,172.217.194.0-255,6438,112518,33,194358
4457,0.001592,172.31.33.0-255,66,112584,33,194358
4458,0.001613,172.217.194.0-255,1484,114068,33,194358
4459,0.001631,172.217.194.0-255,2902,116970,33,194358
4460,0.001635,172.31.33.0-255,66,117036,33,194358
4461,0.001641,172.217.194.0-255,5738,122774,33,194358
4462,0.001643,172.31.33.0-255,66,122840,33,194358
4463,0.001691,172.31.33.0-255,66,122906,33,194358
4464,0.001752,172.217.194.0-255,4320,127226,33,194358
4465,0.001755,172.31.33.0-255,66,127292,33,194358
4466,0.001779,172.217.194.0-255,6438,133730,33,194358
4467,0.001781,172.31.33.0-255,66,133796,33,194358
4468,0.001805,172.217.194.0-255,1484,135280,33,194358
4469,0.001809,172.217.194.0-255,2902,138182,33,194358
4470,0.001811,172.31.33.0-255,66,138248,33,194358
4471,0.00184,172.217.194.0-255,5738,143986,33,194358
4472,0.001843,172.31.33.0-255,66,144052,33,194358
4473,0.001876,172.31.33.0-255,66,144118,33,194358
4474,0.001883,172.217.194.0-255,1484,145602,33,194358
4475,0.001897,172.31.33.0-255,66,145668,33,194358
4476,0.001922,172.217.194.0-255,2184,147852,33,194358
4477,0.001925,172.31.33.0-255,66,147918,33,194358
4478,0.00199,172.217.194.0-255,1484,149402,33,194358
4479,0.001995,172.217.194.0-255,2902,152304,33,194358
4480,0.001998,172.31.33.0-255,66,152370,33,194358
4481,0.002001,172.217.194.0-255,1484,153854,33,194358
4482,0.00203,172.217.194.0-255,4320,158174,33,194358
4483,0.002033,172.31.33.0-255,66,158240,33,194358
4484,0.002052,172.31.33.0-255,66,158306,33,194358
4485,0.002098,172.31.33.0-255,66,158372,33,194358
4486,0.00212,172.217.194.0-255,2184,160556,33,194358
4487,0.002123,172.31.33.0-255,66,160622,33,194358
4488,0.002146,172.217.194.0-255,1484,162106,33,194358
4489,0.00215,172.217.194.0-255,2902,165008,33,194358
4490,0.002152,172.31.33.0-255,66,165074,33,194358
4491,0.002155,172.217.194.0-255,1484,166558,33,194358
4492,0.00218,172.217.194.0-255,4320,170878,33,194358
4493,0.002183,172.31.33.0-255,66,170944,33,194358
4494,0.002197,172.31.33.0-255,66,171010,33,194358
4495,0.00223,172.217.194.0-255,5738,176748,33,194358
4496,0.002233,172.31.33.0-255,66,176814,33,194358
4497,0.002275,172.31.33.0-255,66,176880,33,194358
4498,0.002291,172.31.33.0-255,66,176946,33,194358
4499,0.004496,172.217.194.0-255,5738,182684,33,194358
4500,0.004502,172.31.33.0-255,66,182750,33,194358
4501,0.006739,172.217.194.0-255,5738,188488,33,194358
4502,0.006755,172.31.33.0-255,66,188554,33,194358
4503,0.009007,172.217.194.0-255,5738,194292,33,194358
4504,0.009025,172.31.33.0-255,66,194358,33,194358
4505,0.0,74.125.24.0-255,66,66,33,66
4506,0.0,172.217.194.0-255,153,153,33,113823
4507,2.3e-05,172.31.33.0-255,66,219,33,113823
4508,3.1e-05,172.217.194.0-255,1484,1703,33,113823
4509,3.5e-05,172.31.33.0-255,66,1769,33,113823
4510,4.1e-05,172.217.194.0-255,2902,4671,33,113823
4511,4.3e-05,172.31.33.0-255,66,4737,33,113823
4512,4.8e-05,172.217.194.0-255,2902,7639,33,113823
4513,5e-05,172.31.33.0-255,66,7705,33,113823
4514,5.4e-05,172.217.194.0-255,1484,9189,33,113823
4515,5.6e-05,172.31.33.0-255,66,9255,33,113823
4516,8.6e-05,172.217.194.0-255,6346,15601,33,113823
4517,9e-05,172.31.33.0-255,66,15667,33,113823
4518,9.6e-05,172.217.194.0-255,4320,19987,33,113823
4519,9.8e-05,172.31.33.0-255,66,20053,33,113823
4520,0.000114,172.217.194.0-255,5738,25791,33,113823
4521,0.000117,172.31.33.0-255,66,25857,33,113823
4522,0.000142,172.217.194.0-255,5379,31236,33,113823
4523,0.000144,172.31.33.0-255,66,31302,33,113823
4524,0.000164,172.217.194.0-255,1484,32786,33,113823
4525,0.000166,172.31.33.0-255,66,32852,33,113823
4526,0.00017,172.217.194.0-255,2902,35754,33,113823
4527,0.000173,172.31.33.0-255,66,35820,33,113823
4528,0.000179,172.217.194.0-255,5738,41558,33,113823
4529,0.000181,172.31.33.0-255,66,41624,33,113823
4530,0.000184,172.217.194.0-255,1484,43108,33,113823
4531,0.000186,172.31.33.0-255,66,43174,33,113823
4532,0.000208,172.217.194.0-255,5379,48553,33,113823
4533,0.00021,172.31.33.0-255,66,48619,33,113823
4534,0.000574,172.217.194.0-255,1484,50103,33,113823
4535,0.00058,172.31.33.0-255,66,50169,33,113823
4536,0.000585,172.217.194.0-255,2902,53071,33,113823
4537,0.000587,172.31.33.0-255,66,53137,33,113823
4538,0.000594,172.217.194.0-255,5738,58875,33,113823
4539,0.000597,172.31.33.0-255,66,58941,33,113823
4540,0.000622,172.217.194.0-255,6797,65738,33,113823
4541,0.000625,172.31.33.0-255,66,65804,33,113823
4542,0.00065,172.217.194.0-255,2902,68706,33,113823
4543,0.000653,172.31.33.0-255,66,68772,33,113823
4544,0.000666,172.217.194.0-255,4320,73092,33,113823
4545,0.000669,172.31.33.0-255,66,73158,33,113823
4546,0.000676,172.217.194.0-255,7156,80314,33,113823
4547,0.000678,172.31.33.0-255,66,80380,33,113823
4548,0.000715,172.217.194.0-255,2543,82923,33,113823
4549,0.000718,172.31.33.0-255,66,82989,33,113823
4550,0.001205,172.217.194.0-255,1484,84473,33,113823
4551,0.001213,172.217.194.0-255,2902,87375,33,113823
4552,0.001216,172.31.33.0-255,66,87441,33,113823
4553,0.00124,172.217.194.0-255,5738,93179,33,113823
4554,0.001242,172.31.33.0-255,66,93245,33,113823
4555,0.001246,172.217.194.0-255,2902,96147,33,113823
4556,0.001248,172.31.33.0-255,66,96213,33,113823
4557,0.00127,172.31.33.0-255,66,96279,33,113823
4558,0.001306,172.31.33.0-255,66,96345,33,113823
4559,0.003841,172.217.194.0-255,5738,102083,33,113823
4560,0.003848,172.31.33.0-255,66,102149,33,113823
4561,0.006408,172.217.194.0-255,5738,107887,33,113823
4562,0.006415,172.31.33.0-255,66,107953,33,113823
4563,0.008952,172.217.194.0-255,4320,112273,33,113823
4564,0.008959,172.31.33.0-255,66,112339,33,113823
4565,0.008978,172.217.194.0-255,1484,113823,33,113823
4566,0.0,74.125.24.0-255,153,153,33,108788
4567,2.7e-05,172.31.33.0-255,66,219,33,108788
4568,3.3e-05,74.125.24.0-255,1484,1703,33,108788
4569,3.7e-05,172.31.33.0-255,66,1769,33,108788
4570,4.1e-05,74.125.24.0-255,2902,4671,33,108788
4571,4.3e-05,172.31.33.0-255,66,4737,33,108788
4572,5.6e-05,74.125.24.0-255,7156,11893,33,108788
4573,5.8e-05,172.31.33.0-255,66,11959,33,108788
4574,6.3e-05,74.125.24.0-255,2071,14030,33,108788
4575,6.5e-05,172.31.33.0-255,66,14096,33,108788
4576,0.000104,74.125.24.0-255,1484,15580,33,108788
4577,0.000106,172.31.33.0-255,66,15646,33,108788
4578,0.000109,74.125.24.0-255,1484,17130,33,108788
4579,0.000111,172.31.33.0-255,66,17196,33,108788
4580,0.000132,74.125.24.0-255,1484,18680,33,108788
4581,0.000134,172.31.33.0-255,66,18746,33,108788
4582,0.000144,74.125.24.0-255,5738,24484,33,108788
4583,0.000148,172.31.33.0-255,66,24550,33,108788
4584,0.000185,74.125.24.0-255,6797,31347,33,108788
4585,0.000188,172.31.33.0-255,66,31413,33,108788
4586,0.00025,74.125.24.0-255,1484,32897,33,108788
4587,0.000255,172.31.33.0-255,66,32963,33,108788
4588,0.000267,74.125.24.0-255,2902,35865,33,108788
4589,0.00027,172.31.33.0-255,66,35931,33,108788
4590,0.00028,74.125.24.0-255,5738,41669,33,108788
4591,0.000282,172.31.33.0-255,66,41735,33,108788
4592,0.000319,172.31.33.0-255,66,41801,33,108788
4593,0.000344,74.125.24.0-255,2543,44344,33,108788
4594,0.000347,172.31.33.0-255,66,44410,33,108788
4595,0.000354,74.125.24.0-255,7156,51566,33,108788
4596,0.000356,172.31.33.0-255,66,51632,33,108788
4597,0.000359,74.125.24.0-255,1484,53116,33,108788
4598,0.000385,74.125.24.0-255,1438,54554,33,108788
4599,0.000388,172.31.33.0-255,66,54620,33,108788
4600,0.000391,74.125.24.0-255,109,54729,33,108788
4601,0.00041,74.125.24.0-255,331,55060,33,108788
4602,0.000641,74.125.24.0-255,1484,56544,33,108788
4603,0.000645,172.31.33.0-255,66,56610,33,108788
4604,0.00065,74.125.24.0-255,2902,59512,33,108788
4605,0.000651,172.31.33.0-255,66,59578,33,108788
4606,0.000656,74.125.24.0-255,2902,62480,33,108788
4607,0.000657,172.31.33.0-255,66,62546,33,108788
4608,0.000684,74.125.24.0-255,2902,65448,33,108788
4609,0.000687,172.31.33.0-255,66,65514,33,108788
4610,0.000691,74.125.24.0-255,4320,69834,33,108788
4611,0.000693,172.31.33.0-255,66,69900,33,108788
4612,0.000709,172.31.33.0-255,66,69966,33,108788
4613,0.000747,172.31.33.0-255,66,70032,33,108788
4614,0.002115,74.125.24.0-255,1484,71516,33,108788
4615,0.002123,74.125.24.0-255,2902,74418,33,108788
4616,0.002127,172.31.33.0-255,66,74484,33,108788
4617,0.002159,74.125.24.0-255,2902,77386,33,108788
4618,0.002161,172.31.33.0-255,66,77452,33,108788
4619,0.002188,74.125.24.0-255,2902,80354,33,108788
4620,0.002189,172.31.33.0-255,66,80420,33,108788
4621,0.002195,74.125.24.0-255,5738,86158,33,108788
4622,0.002196,172.31.33.0-255,66,86224,33,108788
4623,0.002208,172.31.33.0-255,66,86290,33,108788
4624,0.002212,74.125.24.0-255,5020,91310,33,108788
4625,0.002214,172.31.33.0-255,66,91376,33,108788
4626,0.004428,74.125.24.0-255,5738,97114,33,108788
4627,0.004433,172.31.33.0-255,66,97180,33,108788
4628,0.006649,74.125.24.0-255,5738,102918,33,108788
4629,0.006655,172.31.33.0-255,66,102984,33,108788
4630,0.008896,74.125.24.0-255,5738,108722,33,108788
4631,0.008902,172.31.33.0-255,66,108788,33,108788
4632,0.0,74.125.130.0-255,150,150,33,210346
4633,1.4e-05,172.31.33.0-255,66,216,33,210346
4634,2.1e-05,74.125.130.0-255,1484,1700,33,210346
4635,2.6e-05,172.31.33.0-255,66,1766,33,210346
4636,3.2e-05,74.125.130.0-255,2902,4668,33,210346
4637,3.5e-05,172.31.33.0-255,66,4734,33,210346
4638,4e-05,74.125.130.0-255,2902,7636,33,210346
4639,4.2e-05,172.31.33.0-255,66,7702,33,210346
4640,6e-05,74.125.130.0-255,2902,10604,33,210346
4641,6.3e-05,172.31.33.0-255,66,10670,33,210346
4642,6.6e-05,74.125.130.0-255,1484,12154,33,210346
4643,6.8e-05,172.31.33.0-255,66,12220,33,210346
4644,7.3e-05,74.125.130.0-255,2055,14275,33,210346
4645,7.6e-05,172.31.33.0-255,66,14341,33,210346
4646,0.000333,74.125.130.0-255,1484,15825,33,210346
4647,0.000339,172.31.33.0-255,66,15891,33,210346
4648,0.000345,74.125.130.0-255,2902,18793,33,210346
4649,0.000348,172.31.33.0-255,66,18859,33,210346
4650,0.000367,74.125.130.0-255,4320,23179,33,210346
4651,0.00037,172.31.33.0-255,66,23245,33,210346
4652,0.000374,74.125.130.0-255,1484,24729,33,210346
4653,0.000376,172.31.33.0-255,66,24795,33,210346
4654,0.000398,74.125.130.0-255,4320,29115,33,210346
4655,0.000402,172.31.33.0-255,66,29181,33,210346
4656,0.000426,74.125.130.0-255,2543,31724,33,210346
4657,0.000428,172.31.33.0-255,66,31790,33,210346
4658,0.00045,74.125.130.0-255,2902,34692,33,210346
4659,0.000453,172.31.33.0-255,66,34758,33,210346
4660,0.000475,74.125.130.0-255,4320,39078,33,210346
4661,0.000479,172.31.33.0-255,66,39144,33,210346
4662,0.000486,74.125.130.0-255,5738,44882,33,210346
4663,0.000488,172.31.33.0-255,66,44948,33,210346
4664,0.000509,74.125.130.0-255,1484,46432,33,210346
4665,0.000532,172.31.33.0-255,66,46498,33,210346
4666,0.000538,74.125.130.0-255,4320,50818,33,210346
4667,0.00054,172.31.33.0-255,66,50884,33,210346
4668,0.000578,74.125.130.0-255,2902,53786,33,210346
4669,0.000581,172.31.33.0-255,66,53852,33,210346
4670,0.000597,74.125.130.0-255,2184,56036,33,210346
4671,0.0006,172.31.33.0-255,66,56102,33,210346
4672,0.000602,74.125.130.0-255,379,56481,33,210346
4673,0.000649,74.125.130.0-255,365,56846,33,210346
4674,0.000713,74.125.130.0-255,1484,58330,33,210346
4675,0.000717,172.31.33.0-255,66,58396,33,210346
4676,0.000721,74.125.130.0-255,1484,59880,33,210346
4677,0.000738,74.125.130.0-255,2902,62782,33,210346
4678,0.000741,172.31.33.0-255,66,62848,33,210346
4679,0.000764,74.125.130.0-255,5738,68586,33,210346
4680,0.000766,172.31.33.0-255,66,68652,33,210346
4681,0.000783,74.125.130.0-255,4320,72972,33,210346
4682,0.000786,172.31.33.0-255,66,73038,33,210346
4683,0.000812,74.125.130.0-255,5738,78776,33,210346
4684,0.000816,172.31.33.0-255,66,78842,33,210346
4685,0.000838,74.125.130.0-255,7156,85998,33,210346
4686,0.000841,172.31.33.0-255,66,86064,33,210346
4687,0.000869,74.125.130.0-255,4320,90384,33,210346
4688,0.000872,172.31.33.0-255,66,90450,33,210346
4689,0.000875,74.125.130.0-255,766,91216,33,210346
4690,0.000955,74.125.130.0-255,1484,92700,33,210346
4691,0.00096,172.31.33.0-255,66,92766,33,210346
4692,0.000977,74.125.130.0-255,2902,95668,33,210346
4693,0.00098,172.31.33.0-255,66,95734,33,210346
4694,0.001003,74.125.130.0-255,4320,100054,33,210346
4695,0.001005,172.31.33.0-255,66,100120,33,210346
4696,0.001041,74.125.130.0-255,1484,101604,33,210346
4697,0.001064,74.125.130.0-255,5738,107342,33,210346
4698,0.001067,172.31.33.0-255,66,107408,33,210346
4699,0.001072,74.125.130.0-255,2902,110310,33,210346
4700,0.001074,172.31.33.0-255,66,110376,33,210346
4701,0.0011,74.125.130.0-255,5738,116114,33,210346
4702,0.001102,172.31.33.0-255,66,116180,33,210346
4703,0.001132,172.31.33.0-255,66,116246,33,210346
4704,0.001225,74.125.130.0-255,1484,117730,33,210346
4705,0.00124,74.125.130.0-255,2902,120632,33,210346
4706,0.001243,172.31.33.0-255,66,120698,33,210346
4707,0.001261,74.125.130.0-255,5738,126436,33,210346
4708,0.001264,172.31.33.0-255,66,126502,33,210346
4709,0.001292,172.31.33.0-255,66,126568,33,210346
4710,0.001329,172.31.33.0-255,66,126634,33,210346
4711,0.001336,74.125.130.0-255,5020,131654,33,210346
4712,0.001339,172.31.33.0-255,66,131720,33,210346
4713,0.00142,74.125.130.0-255,1484,133204,33,210346
4714,0.001424,74.125.130.0-255,1484,134688,33,210346
4715,0.001427,172.31.33.0-255,66,134754,33,210346
4716,0.001443,74.125.130.0-255,1484,136238,33,210346
4717,0.00145,74.125.130.0-255,5738,141976,33,210346
4718,0.001453,172.31.33.0-255,66,142042,33,210346
4719,0.001509,172.31.33.0-255,66,142108,33,210346
4720,0.001512,74.125.130.0-255,1484,143592,33,210346
4721,0.001537,172.31.33.0-255,66,143658,33,210346
4722,0.001626,74.125.130.0-255,1484,145142,33,210346
4723,0.001641,74.125.130.0-255,2902,148044,33,210346
4724,0.001646,172.31.33.0-255,66,148110,33,210346
4725,0.001671,74.125.130.0-255,5738,153848,33,210346
4726,0.001674,172.31.33.0-255,66,153914,33,210346
4727,0.001688,74.125.130.0-255,5738,159652,33,210346
4728,0.001691,172.31.33.0-255,66,159718,33,210346
4729,0.001708,74.125.130.0-255,4320,164038,33,210346
4730,0.00171,172.31.33.0-255,66,164104,33,210346
4731,0.001716,74.125.130.0-255,4320,168424,33,210346
4732,0.001718,172.31.33.0-255,66,168490,33,210346
4733,0.001743,74.125.130.0-255,7156,175646,33,210346
4734,0.001746,172.31.33.0-255,66,175712,33,210346
4735,0.00175,74.125.130.0-255,2184,177896,33,210346
4736,0.001753,172.31.33.0-255,66,177962,33,210346
4737,0.00197,74.125.130.0-255,1484,179446,33,210346
4738,0.00199,74.125.130.0-255,2902,182348,33,210346
4739,0.001995,172.31.33.0-255,66,182414,33,210346
4740,0.002001,74.125.130.0-255,2902,185316,33,210346
4741,0.002003,172.31.33.0-255,66,185382,33,210346
4742,0.002015,74.125.130.0-255,1484,186866,33,210346
4743,0.002019,74.125.130.0-255,2902,189768,33,210346
4744,0.002022,172.31.33.0-255,66,189834,33,210346
4745,0.002042,74.125.130.0-255,2902,192736,33,210346
4746,0.002044,172.31.33.0-255,66,192802,33,210346
4747,0.00403,74.125.130.0-255,2902,195704,33,210346
4748,0.004037,172.31.33.0-255,66,195770,33,210346
4749,0.004055,74.125.130.0-255,2902,198672,33,210346
4750,0.004058,172.31.33.0-255,66,198738,33,210346
4751,0.00605,74.125.130.0-255,5738,204476,33,210346
4752,0.00606,172.31.33.0-255,66,204542,33,210346
4753,0.00808,74.125.130.0-255,5738,210280,33,210346
4754,0.008094,172.31.33.0-255,66,210346,33,210346
4755,0.0,74.125.200.0-255,153,153,33,323309
4756,2.7e-05,172.31.33.0-255,66,219,33,323309
4757,3.3e-05,74.125.200.0-255,1484,1703,33,323309
4758,3.7e-05,172.31.33.0-255,66,1769,33,323309
4759,4.2e-05,74.125.200.0-255,2902,4671,33,323309
4760,5.1e-05,172.31.33.0-255,66,4737,33,323309
4761,5.6e-05,74.125.200.0-255,4320,9057,33,323309
4762,5.9e-05,172.31.33.0-255,66,9123,33,323309
4763,8.6e-05,74.125.200.0-255,2902,12025,33,323309
4764,8.8e-05,172.31.33.0-255,66,12091,33,323309
4765,9.3e-05,74.125.200.0-255,1993,14084,33,323309
4766,9.5e-05,172.31.33.0-255,66,14150,33,323309
4767,0.000167,74.125.200.0-255,1484,15634,33,323309
4768,0.000171,172.31.33.0-255,66,15700,33,323309
4769,0.000177,74.125.200.0-255,2902,18602,33,323309
4770,0.00018,172.31.33.0-255,66,18668,33,323309
4771,0.000188,74.125.200.0-255,1484,20152,33,323309
4772,0.00019,172.31.33.0-255,66,20218,33,323309
4773,0.000194,74.125.200.0-255,2902,23120,33,323309
4774,0.000197,172.31.33.0-255,66,23186,33,323309
4775,0.000202,74.125.200.0-255,5738,28924,33,323309
4776,0.000206,172.31.33.0-255,66,28990,33,323309
4777,0.000228,74.125.200.0-255,2543,31533,33,323309
4778,0.000231,172.31.33.0-255,66,31599,33,323309
4779,0.000234,74.125.200.0-255,1484,33083,33,323309
4780,0.000236,172.31.33.0-255,66,33149,33,323309
4781,0.000262,74.125.200.0-255,1484,34633,33,323309
4782,0.000265,172.31.33.0-255,66,34699,33,323309
4783,0.000272,74.125.200.0-255,7156,41855,33,323309
4784,0.000276,74.125.200.0-255,2902,44757,33,323309
4785,0.000277,172.31.33.0-255,66,44823,33,323309
4786,0.000278,74.125.200.0-255,1484,46307,33,323309
4787,0.00028,172.31.33.0-255,66,46373,33,323309
4788,0.00031,74.125.200.0-255,2543,48916,33,323309
4789,0.000314,172.31.33.0-255,66,48982,33,323309
4790,0.000351,74.125.200.0-255,1484,50466,33,323309
4791,0.000365,74.125.200.0-255,2902,53368,33,323309
4792,0.000368,172.31.33.0-255,66,53434,33,323309
4793,0.000397,74.125.200.0-255,4320,57754,33,323309
4794,0.000401,172.31.33.0-255,66,57820,33,323309
4795,0.000463,172.31.33.0-255,66,57886,33,323309
4796,0.000466,74.125.200.0-255,677,58563,33,323309
4797,0.000556,74.125.200.0-255,1484,60047,33,323309
4798,0.000561,172.31.33.0-255,66,60113,33,323309
4799,0.000571,74.125.200.0-255,1484,61597,33,323309
4800,0.000581,74.125.200.0-255,2902,64499,33,323309
4801,0.000583,172.31.33.0-255,66,64565,33,323309
4802,0.00061,74.125.200.0-255,5738,70303,33,323309
4803,0.000613,172.31.33.0-255,66,70369,33,323309
4804,0.000631,74.125.200.0-255,2902,73271,33,323309
4805,0.000634,172.31.33.0-255,66,73337,33,323309
4806,0.000658,74.125.200.0-255,1994,75331,33,323309
4807,0.000661,172.31.33.0-255,66,75397,33,323309
4808,0.000802,74.125.200.0-255,1484,76881,33,323309
4809,0.000817,74.125.200.0-255,2902,79783,33,323309
4810,0.00082,172.31.33.0-255,66,79849,33,323309
4811,0.000823,74.125.200.0-255,1484,81333,33,323309
4812,0.000837,74.125.200.0-255,1484,82817,33,323309
4813,0.000839,172.31.33.0-255,66,82883,33,323309
4814,0.000845,74.125.200.0-255,4320,87203,33,323309
4815,0.000848,172.31.33.0-255,66,87269,33,323309
4816,0.000876,172.31.33.0-255,66,87335,33,323309
4817,0.000881,74.125.200.0-255,4320,91655,33,323309
4818,0.000884,172.31.33.0-255,66,91721,33,323309
4819,0.000898,74.125.200.0-255,1484,93205,33,323309
4820,0.000902,74.125.200.0-255,2902,96107,33,323309
4821,0.000905,172.31.33.0-255,66,96173,33,323309
4822,0.00093,74.125.200.0-255,4320,100493,33,323309
4823,0.000933,172.31.33.0-255,66,100559,33,323309
4824,0.000935,74.125.200.0-255,766,101325,33,323309
4825,0.000979,74.125.200.0-255,1484,102809,33,323309
4826,0.000982,172.31.33.0-255,66,102875,33,323309
4827,0.000998,74.125.200.0-255,2902,105777,33,323309
4828,0.001001,172.31.33.0-255,66,105843,33,323309
4829,0.00102,74.125.200.0-255,5738,111581,33,323309
4830,0.001022,172.31.33.0-255,66,111647,33,323309
4831,0.001026,74.125.200.0-255,2902,114549,33,323309
4832,0.001028,172.31.33.0-255,66,114615,33,323309
4833,0.00106,74.125.200.0-255,5738,120353,33,323309
4834,0.001063,172.31.33.0-255,66,120419,33,323309
4835,0.001073,172.31.33.0-255,66,120485,33,323309
4836,0.001076,74.125.200.0-255,1484,121969,33,323309
4837,0.001101,74.125.200.0-255,3602,125571,33,323309
4838,0.001103,172.31.33.0-255,66,125637,33,323309
4839,0.001144,74.125.200.0-255,1484,127121,33,323309
4840,0.001155,74.125.200.0-255,2902,130023,33,323309
4841,0.001158,172.31.33.0-255,66,130089,33,323309
4842,0.001167,74.125.200.0-255,1484,131573,33,323309
4843,0.001188,74.125.200.0-255,4320,135893,33,323309
4844,0.00119,172.31.33.0-255,66,135959,33,323309
4845,0.001194,74.125.200.0-255,2902,138861,33,323309
4846,0.001196,172.31.33.0-255,66,138927,33,323309
4847,0.0012,74.125.200.0-255,4320,143247,33,323309
4848,0.001203,172.31.33.0-255,66,143313,33,323309
4849,0.001214,74.125.200.0-255,4320,147633,33,323309
4850,0.001217,172.31.33.0-255,66,147699,33,323309
4851,0.001245,74.125.200.0-255,4320,152019,33,323309
4852,0.001248,172.31.33.0-255,66,152085,33,323309
4853,0.001254,74.125.200.0-255,7156,159241,33,323309
4854,0.001257,172.31.33.0-255,66,159307,33,323309
4855,0.001277,74.125.200.0-255,766,160073,33,323309
4856,0.001299,74.125.200.0-255,1484,161557,33,323309
4857,0.001302,172.31.33.0-255,66,161623,33,323309
4858,0.001313,74.125.200.0-255,1484,163107,33,323309
4859,0.001333,74.125.200.0-255,2902,166009,33,323309
4860,0.001336,172.31.33.0-255,66,166075,33,323309
4861,0.001337,74.125.200.0-255,4320,170395,33,323309
4862,0.001339,172.31.33.0-255,66,170461,33,323309
4863,0.001341,74.125.200.0-255,2902,173363,33,323309
4864,0.001343,172.31.33.0-255,66,173429,33,323309
4865,0.001374,74.125.200.0-255,2902,176331,33,323309
4866,0.001378,172.31.33.0-255,66,176397,33,323309
4867,0.001379,74.125.200.0-255,5738,182135,33,323309
4868,0.001381,172.31.33.0-255,66,182201,33,323309
4869,0.001408,74.125.200.0-255,5738,187939,33,323309
4870,0.001415,172.31.33.0-255,66,188005,33,323309
4871,0.001421,74.125.200.0-255,4320,192325,33,323309
4872,0.001423,172.31.33.0-255,66,192391,33,323309
4873,0.001427,74.125.200.0-255,2184,194575,33,323309
4874,0.001429,172.31.33.0-255,66,194641,33,323309
4875,0.001483,74.125.200.0-255,2902,197543,33,323309
4876,0.001486,172.31.33.0-255,66,197609,33,323309
4877,0.001512,74.125.200.0-255,4320,201929,33,323309
4878,0.001514,172.31.33.0-255,66,201995,33,323309
4879,0.001517,74.125.200.0-255,1484,203479,33,323309
4880,0.001541,74.125.200.0-255,7156,210635,33,323309
4881,0.001544,172.31.33.0-255,66,210701,33,323309
4882,0.00155,74.125.200.0-255,7156,217857,33,323309
4883,0.001551,172.31.33.0-255,66,217923,33,323309
4884,0.001589,74.125.200.0-255,4320,222243,33,323309
4885,0.001592,172.31.33.0-255,66,222309,33,323309
4886,0.001624,74.125.200.0-255,4320,226629,33,323309
4887,0.001627,172.31.33.0-255,66,226695,33,323309
4888,0.001631,74.125.200.0-255,2184,228879,33,323309
4889,0.001634,172.31.33.0-255,66,228945,33,323309
4890,0.001657,74.125.200.0-255,1484,230429,33,323309
4891,0.001661,74.125.200.0-255,1484,231913,33,323309
4892,0.001663,172.31.33.0-255,66,231979,33,323309
4893,0.001687,74.125.200.0-255,1484,233463,33,323309
4894,0.001693,74.125.200.0-255,5738,239201,33,323309
4895,0.001696,172.31.33.0-255,66,239267,33,323309
4896,0.001699,74.125.200.0-255,2902,242169,33,323309
4897,0.001701,172.31.33.0-255,66,242235,33,323309
4898,0.001706,74.125.200.0-255,4320,246555,33,323309
4899,0.001708,172.31.33.0-255,66,246621,33,323309
4900,0.00173,74.125.200.0-255,2902,249523,33,323309
4901,0.001734,172.31.33.0-255,66,249589,33,323309
4902,0.001767,74.125.200.0-255,5738,255327,33,323309
4903,0.00177,172.31.33.0-255,66,255393,33,323309
4904,0.001776,74.125.200.0-255,7156,262549,33,323309
4905,0.001778,172.31.33.0-255,66,262615,33,323309
4906,0.00178,74.125.200.0-255,766,263381,33,323309
4907,0.002007,74.125.200.0-255,1484,264865,33,323309
4908,0.002011,172.31.33.0-255,66,264931,33,323309
4909,0.002015,74.125.200.0-255,2902,267833,33,323309
4910,0.002017,172.31.33.0-255,66,267899,33,323309
4911,0.002034,74.125.200.0-255,2902,270801,33,323309
4912,0.002036,172.31.33.0-255,66,270867,33,323309
4913,0.002067,74.125.200.0-255,2902,273769,33,323309
4914,0.00207,172.31.33.0-255,66,273835,33,323309
4915,0.002074,74.125.200.0-255,2902,276737,33,323309
4916,0.002076,172.31.33.0-255,66,276803,33,323309
4917,0.00208,74.125.200.0-255,4320,281123,33,323309
4918,0.002083,172.31.33.0-255,66,281189,33,323309
4919,0.002094,74.125.200.0-255,2902,284091,33,323309
4920,0.002099,172.31.33.0-255,66,284157,33,323309
4921,0.002101,172.31.33.0-255,66,284223,33,323309
4922,0.002126,74.125.200.0-255,2902,287125,33,323309
4923,0.002129,172.31.33.0-255,66,287191,33,323309
4924,0.00214,74.125.200.0-255,2184,289375,33,323309
4925,0.002146,172.31.33.0-255,66,289441,33,323309
4926,0.002197,74.125.200.0-255,1484,290925,33,323309
4927,0.002211,74.125.200.0-255,2902,293827,33,323309
4928,0.002214,172.31.33.0-255,66,293893,33,323309
4929,0.002222,74.125.200.0-255,2902,296795,33,323309
4930,0.002224,172.31.33.0-255,66,296861,33,323309
4931,0.002242,74.125.200.0-255,2902,299763,33,323309
4932,0.002244,172.31.33.0-255,66,299829,33,323309
4933,0.002252,74.125.200.0-255,2902,302731,33,323309
4934,0.002254,172.31.33.0-255,66,302797,33,323309
4935,0.002278,74.125.200.0-255,4320,307117,33,323309
4936,0.002281,172.31.33.0-255,66,307183,33,323309
4937,0.004471,74.125.200.0-255,1484,308667,33,323309
4938,0.004486,74.125.200.0-255,2902,311569,33,323309
4939,0.004489,172.31.33.0-255,66,311635,33,323309
4940,0.004513,74.125.200.0-255,1484,313119,33,323309
4941,0.006703,74.125.200.0-255,4320,317439,33,323309
4942,0.006705,172.31.33.0-255,66,317505,33,323309
4943,0.008948,74.125.200.0-255,5738,323243,33,323309
4944,0.008968,172.31.33.0-255,66,323309,33,323309
4945,0.0,172.217.194.0-255,152,152,33,148882
4946,3e-05,172.31.33.0-255,66,218,33,148882
4947,3.7e-05,172.217.194.0-255,1484,1702,33,148882
4948,4.2e-05,172.31.33.0-255,66,1768,33,148882
4949,4.7e-05,172.217.194.0-255,2902,4670,33,148882
4950,5e-05,172.31.33.0-255,66,4736,33,148882
4951,5.6e-05,172.217.194.0-255,4320,9056,33,148882
4952,5.9e-05,172.31.33.0-255,66,9122,33,148882
4953,9.2e-05,172.217.194.0-255,4960,14082,33,148882
4954,9.7e-05,172.31.33.0-255,66,14148,33,148882
4955,0.000209,172.217.194.0-255,1484,15632,33,148882
4956,0.000215,172.31.33.0-255,66,15698,33,148882
4957,0.000222,172.217.194.0-255,2902,18600,33,148882
4958,0.000224,172.31.33.0-255,66,18666,33,148882
4959,0.000229,172.217.194.0-255,5738,24404,33,148882
4960,0.000232,172.31.33.0-255,66,24470,33,148882
4961,0.000261,172.217.194.0-255,6797,31267,33,148882
4962,0.000264,172.31.33.0-255,66,31333,33,148882
4963,0.000582,172.217.194.0-255,1484,32817,33,148882
4964,0.000587,172.31.33.0-255,66,32883,33,148882
4965,0.000594,172.217.194.0-255,2902,35785,33,148882
4966,0.000596,172.31.33.0-255,66,35851,33,148882
4967,0.000602,172.217.194.0-255,5738,41589,33,148882
4968,0.000604,172.31.33.0-255,66,41655,33,148882
4969,0.000606,172.217.194.0-255,1484,43139,33,148882
4970,0.000608,172.31.33.0-255,66,43205,33,148882
4971,0.000632,172.217.194.0-255,5379,48584,33,148882
4972,0.000636,172.31.33.0-255,66,48650,33,148882
4973,0.000656,172.217.194.0-255,4320,52970,33,148882
4974,0.00066,172.31.33.0-255,66,53036,33,148882
4975,0.000694,172.31.33.0-255,66,53102,33,148882
4976,0.000698,172.217.194.0-255,2800,55902,33,148882
4977,0.000702,172.217.194.0-255,115,56017,33,148882
4978,0.000702,172.31.33.0-255,66,56083,33,148882
4979,0.000793,172.217.194.0-255,381,56464,33,148882
4980,0.000885,172.31.33.0-255,66,56530,33,148882
4981,0.001328,172.217.194.0-255,1484,58014,33,148882
4982,0.001346,172.217.194.0-255,2902,60916,33,148882
4983,0.001353,172.217.194.0-255,5738,66654,33,148882
4984,0.001371,172.31.33.0-255,66,66720,33,148882
4985,0.00141,172.217.194.0-255,5738,72458,33,148882
4986,0.001422,172.31.33.0-255,66,72524,33,148882
4987,0.001429,172.217.194.0-255,5020,77544,33,148882
4988,0.001439,172.31.33.0-255,66,77610,33,148882
4989,0.001503,172.217.194.0-255,1484,79094,33,148882
4990,0.001517,172.217.194.0-255,2902,81996,33,148882
4991,0.001523,172.217.194.0-255,2902,84898,33,148882
4992,0.001534,172.31.33.0-255,66,84964,33,148882
4993,0.001536,172.217.194.0-255,2902,87866,33,148882
4994,0.00154,172.31.33.0-255,66,87932,33,148882
4995,0.001557,172.217.194.0-255,5738,93670,33,148882
4996,0.001567,172.31.33.0-255,66,93736,33,148882
4997,0.001579,172.217.194.0-255,7156,100892,33,148882
4998,0.001584,172.31.33.0-255,66,100958,33,148882
4999,0.001594,172.217.194.0-255,1484,102442,33,148882
5000,0.001628,172.31.33.0-255,66,102508,33,148882
5001,0.001645,172.217.194.0-255,6438,108946,33,148882
5002,0.001652,172.217.194.0-255,5738,114684,33,148882
5003,0.001654,172.31.33.0-255,66,114750,33,148882
5004,0.001659,172.31.33.0-255,66,114816,33,148882
5005,0.001707,172.31.33.0-255,66,114882,33,148882
5006,0.001729,172.31.33.0-255,66,114948,33,148882
5007,0.001753,172.31.33.0-255,66,115014,33,148882
5008,0.001919,172.217.194.0-255,1484,116498,33,148882
5009,0.001926,172.217.194.0-255,2902,119400,33,148882
5010,0.001929,172.31.33.0-255,66,119466,33,148882
5011,0.001937,172.217.194.0-255,5738,125204,33,148882
5012,0.001941,172.31.33.0-255,66,125270,33,148882
5013,0.001951,172.217.194.0-255,2902,128172,33,148882
5014,0.001956,172.31.33.0-255,66,128238,33,148882
5015,0.001972,172.31.33.0-255,66,128304,33,148882
5016,0.00198,172.217.194.0-255,1484,129788,33,148882
5017,0.001993,172.217.194.0-255,1484,131272,33,148882
5018,0.001997,172.31.33.0-255,66,131338,33,148882
5019,0.002034,172.31.33.0-255,66,131404,33,148882
5020,0.004081,172.217.194.0-255,5738,137142,33,148882
5021,0.004088,172.31.33.0-255,66,137208,33,148882
5022,0.006132,172.217.194.0-255,5738,142946,33,148882
5023,0.006139,172.31.33.0-255,66,143012,33,148882
5024,0.008163,172.217.194.0-255,4320,147332,33,148882
5025,0.008171,172.31.33.0-255,66,147398,33,148882
5026,0.008201,172.217.194.0-255,1484,148882,33,148882
5027,0.0,172.31.33.0-255,105,105,33,459
5028,0.000165,172.31.33.0-255,90,195,33,459
5029,0.000176,172.31.33.0-255,66,261,33,459
5030,0.002131,74.125.68.0-255,66,327,33,459
5031,0.002157,74.125.68.0-255,66,393,33,459
5032,0.002179,172.31.33.0-255,66,459,33,459
5033,0.0,172.217.194.0-255,153,153,33,154606
5034,1.9e-05,172.31.33.0-255,66,219,33,154606
5035,2.6e-05,172.217.194.0-255,1484,1703,33,154606
5036,3e-05,172.31.33.0-255,66,1769,33,154606
5037,3.5e-05,172.217.194.0-255,2902,4671,33,154606
5038,3.8e-05,172.31.33.0-255,66,4737,33,154606
5039,4.3e-05,172.217.194.0-255,2902,7639,33,154606
5040,4.6e-05,172.31.33.0-255,66,7705,33,154606
5041,8.2e-05,172.217.194.0-255,1484,9189,33,154606
5042,8.5e-05,172.31.33.0-255,66,9255,33,154606
5043,0.000106,172.217.194.0-255,4870,14125,33,154606
5044,0.000109,172.31.33.0-255,66,14191,33,154606
5045,0.000134,172.217.194.0-255,5738,19929,33,154606
5046,0.000136,172.31.33.0-255,66,19995,33,154606
5047,0.000148,172.217.194.0-255,1484,21479,33,154606
5048,0.00015,172.31.33.0-255,66,21545,33,154606
5049,0.000154,172.217.194.0-255,1484,23029,33,154606
5050,0.000155,172.31.33.0-255,66,23095,33,154606
5051,0.0002,172.31.33.0-255,66,23161,33,154606
5052,0.000224,172.217.194.0-255,2902,26063,33,154606
5053,0.000226,172.31.33.0-255,66,26129,33,154606
5054,0.00024,172.217.194.0-255,5738,31867,33,154606
5055,0.000242,172.31.33.0-255,66,31933,33,154606
5056,0.000251,172.31.33.0-255,66,31999,33,154606
5057,0.000297,172.217.194.0-255,5738,37737,33,154606
5058,0.0003,172.31.33.0-255,66,37803,33,154606
5059,0.000329,172.31.33.0-255,66,37869,33,154606
5060,0.001826,172.217.194.0-255,362,38231,33,154606
5061,0.001834,172.31.33.0-255,66,38297,33,154606
5062,0.001865,172.217.194.0-255,1484,39781,33,154606
5063,0.001871,172.217.194.0-255,4320,44101,33,154606
5064,0.001874,172.31.33.0-255,66,44167,33,154606
5065,0.001891,172.217.194.0-255,2902,47069,33,154606
5066,0.001893,172.31.33.0-255,66,47135,33,154606
5067,0.001916,172.217.194.0-255,2902,50037,33,154606
5068,0.001918,172.31.33.0-255,66,50103,33,154606
5069,0.00193,172.31.33.0-255,66,50169,33,154606
5070,0.001954,172.217.194.0-255,4320,54489,33,154606
5071,0.001957,172.31.33.0-255,66,54555,33,154606
5072,0.001968,172.31.33.0-255,66,54621,33,154606
5073,0.001972,172.217.194.0-255,2902,57523,33,154606
5074,0.001974,172.31.33.0-255,66,57589,33,154606
5075,0.001994,172.217.194.0-255,5738,63327,33,154606
5076,0.001996,172.31.33.0-255,66,63393,33,154606
5077,0.002008,172.31.33.0-255,66,63459,33,154606
5078,0.002075,172.31.33.0-255,66,63525,33,154606
5079,0.002089,172.31.33.0-255,66,63591,33,154606
5080,0.002092,172.217.194.0-255,1484,65075,33,154606
5081,0.002105,172.31.33.0-255,66,65141,33,154606
5082,0.002126,172.217.194.0-255,1484,66625,33,154606
5083,0.002129,172.217.194.0-255,1484,68109,33,154606
5084,0.002131,172.31.33.0-255,66,68175,33,154606
5085,0.002136,172.217.194.0-255,2184,70359,33,154606
5086,0.002138,172.31.33.0-255,66,70425,33,154606
5087,0.002163,172.31.33.0-255,66,70491,33,154606
5088,0.002184,172.217.194.0-255,7156,77647,33,154606
5089,0.002187,172.31.33.0-255,66,77713,33,154606
5090,0.002189,172.217.194.0-255,1484,79197,33,154606
5091,0.002192,172.217.194.0-255,1484,80681,33,154606
5092,0.002194,172.31.33.0-255,66,80747,33,154606
5093,0.002197,172.217.194.0-255,1484,82231,33,154606
5094,0.002202,172.217.194.0-255,2902,85133,33,154606
5095,0.002204,172.31.33.0-255,66,85199,33,154606
5096,0.002231,172.31.33.0-255,66,85265,33,154606
5097,0.002409,172.217.194.0-255,1484,86749,33,154606
5098,0.002422,172.217.194.0-255,2902,89651,33,154606
5099,0.002425,172.31.33.0-255,66,89717,33,154606
5100,0.002431,172.217.194.0-255,5738,95455,33,154606
5101,0.002434,172.31.33.0-255,66,95521,33,154606
5102,0.002457,172.31.33.0-255,66,95587,33,154606
5103,0.002488,172.217.194.0-255,2902,98489,33,154606
5104,0.00249,172.31.33.0-255,66,98555,33,154606
5105,0.002503,172.31.33.0-255,66,98621,33,154606
5106,0.002522,172.217.194.0-255,5738,104359,33,154606
5107,0.002524,172.31.33.0-255,66,104425,33,154606
5108,0.002532,172.217.194.0-255,7156,111581,33,154606
5109,0.002535,172.31.33.0-255,66,111647,33,154606
5110,0.002557,172.217.194.0-255,4320,115967,33,154606
5111,0.002559,172.31.33.0-255,66,116033,33,154606
5112,0.002583,172.31.33.0-255,66,116099,33,154606
5113,0.00259,172.217.194.0-255,6438,122537,33,154606
5114,0.002592,172.31.33.0-255,66,122603,33,154606
5115,0.002658,172.217.194.0-255,1484,124087,33,154606
5116,0.002674,172.217.194.0-255,2902,126989,33,154606
5117,0.002676,172.31.33.0-255,66,127055,33,154606
5118,0.002679,172.217.194.0-255,1484,128539,33,154606
5119,0.002697,172.217.194.0-255,4320,132859,33,154606
5120,0.0027,172.31.33.0-255,66,132925,33,154606
5121,0.002712,172.217.194.0-255,1484,134409,33,154606
5122,0.002735,172.31.33.0-255,66,134475,33,154606
5123,0.002757,172.217.194.0-255,1484,135959,33,154606
5124,0.002768,172.31.33.0-255,66,136025,33,154606
5125,0.002827,172.217.194.0-255,2184,138209,33,154606
5126,0.00283,172.31.33.0-255,66,138275,33,154606
5127,0.002834,172.217.194.0-255,2902,141177,33,154606
5128,0.002837,172.31.33.0-255,66,141243,33,154606
5129,0.002844,172.217.194.0-255,7156,148399,33,154606
5130,0.002847,172.31.33.0-255,66,148465,33,154606
5131,0.002859,172.31.33.0-255,66,148531,33,154606
5132,0.002885,172.31.33.0-255,66,148597,33,154606
5133,0.002909,172.31.33.0-255,66,148663,33,154606
5134,0.002924,172.31.33.0-255,66,148729,33,154606
5135,0.002945,172.217.194.0-255,4320,153049,33,154606
5136,0.002947,172.31.33.0-255,66,153115,33,154606
5137,0.002985,172.31.33.0-255,66,153181,33,154606
5138,0.003003,172.31.33.0-255,66,153247,33,154606
5139,0.003005,172.217.194.0-255,1017,154264,33,154606
5140,0.003023,172.217.194.0-255,105,154369,33,154606
5141,0.006898,172.31.33.0-255,66,154435,33,154606
5142,0.00693,172.31.33.0-255,105,154540,33,154606
5143,0.008953,172.217.194.0-255,66,154606,33,154606
5144,0.0,74.125.24.0-255,153,153,33,245185
5145,1.7e-05,172.31.33.0-255,66,219,33,245185
5146,2.4e-05,74.125.24.0-255,1484,1703,33,245185
5147,2.8e-05,172.31.33.0-255,66,1769,33,245185
5148,3.5e-05,74.125.24.0-255,2902,4671,33,245185
5149,3.9e-05,172.31.33.0-255,66,4737,33,245185
5150,4.5e-05,74.125.24.0-255,4320,9057,33,245185
5151,4.8e-05,172.31.33.0-255,66,9123,33,245185
5152,7.9e-05,74.125.24.0-255,4853,13976,33,245185
5153,8.2e-05,172.31.33.0-255,66,14042,33,245185
5154,9.7e-05,74.125.24.0-255,5738,19780,33,245185
5155,9.9e-05,172.31.33.0-255,66,19846,33,245185
5156,0.000119,74.125.24.0-255,2902,22748,33,245185
5157,0.000122,172.31.33.0-255,66,22814,33,245185
5158,0.000152,74.125.24.0-255,4320,27134,33,245185
5159,0.000155,172.31.33.0-255,66,27200,33,245185
5160,0.000176,74.125.24.0-255,3961,31161,33,245185
5161,0.000179,172.31.33.0-255,66,31227,33,245185
5162,0.000214,74.125.24.0-255,1484,32711,33,245185
5163,0.000216,172.31.33.0-255,66,32777,33,245185
5164,0.00022,74.125.24.0-255,1484,34261,33,245185
5165,0.000222,172.31.33.0-255,66,34327,33,245185
5166,0.000234,74.125.24.0-255,1484,35811,33,245185
5167,0.000236,172.31.33.0-255,66,35877,33,245185
5168,0.000243,74.125.24.0-255,5738,41615,33,245185
5169,0.000246,172.31.33.0-255,66,41681,33,245185
5170,0.000251,74.125.24.0-255,2902,44583,33,245185
5171,0.000254,172.31.33.0-255,66,44649,33,245185
5172,0.000276,74.125.24.0-255,1484,46133,33,245185
5173,0.000278,172.31.33.0-255,66,46199,33,245185
5174,0.000285,74.125.24.0-255,5738,51937,33,245185
5175,0.000288,172.31.33.0-255,66,52003,33,245185
5176,0.000312,74.125.24.0-255,6797,58800,33,245185
5177,0.000315,172.31.33.0-255,66,58866,33,245185
5178,0.000322,74.125.24.0-255,7072,65938,33,245185
5179,0.000325,172.31.33.0-255,66,66004,33,245185
5180,0.000327,74.125.24.0-255,129,66133,33,245185
5181,0.000483,74.125.24.0-255,1484,67617,33,245185
5182,0.000488,172.31.33.0-255,66,67683,33,245185
5183,0.000494,74.125.24.0-255,2902,70585,33,245185
5184,0.000496,172.31.33.0-255,66,70651,33,245185
5185,0.000502,74.125.24.0-255,4320,74971,33,245185
5186,0.000505,172.31.33.0-255,66,75037,33,245185
5187,0.000524,74.125.24.0-255,1484,76521,33,245185
5188,0.000555,172.31.33.0-255,66,76587,33,245185
5189,0.000568,172.31.33.0-255,66,76653,33,245185
5190,0.000646,74.125.24.0-255,1484,78137,33,245185
5191,0.00065,74.125.24.0-255,1484,79621,33,245185
5192,0.000653,172.31.33.0-255,66,79687,33,245185
5193,0.000673,74.125.24.0-255,1484,81171,33,245185
5194,0.000681,74.125.24.0-255,5738,86909,33,245185
5195,0.000683,172.31.33.0-255,66,86975,33,245185
5196,0.000686,74.125.24.0-255,1484,88459,33,245185
5197,0.000714,172.31.33.0-255,66,88525,33,245185
5198,0.000736,74.125.24.0-255,2902,91427,33,245185
5199,0.000739,172.31.33.0-255,66,91493,33,245185
5200,0.000751,172.31.33.0-255,66,91559,33,245185
5201,0.000771,74.125.24.0-255,1484,93043,33,245185
5202,0.000774,74.125.24.0-255,1484,94527,33,245185
5203,0.000776,172.31.33.0-255,66,94593,33,245185
5204,0.000793,74.125.24.0-255,1484,96077,33,245185
5205,0.000799,74.125.24.0-255,5738,101815,33,245185
5206,0.000801,172.31.33.0-255,66,101881,33,245185
5207,0.000805,74.125.24.0-255,2902,104783,33,245185
5208,0.000806,172.31.33.0-255,66,104849,33,245185
5209,0.000825,74.125.24.0-255,4320,109169,33,245185
5210,0.000827,172.31.33.0-255,66,109235,33,245185
5211,0.000834,74.125.24.0-255,7156,116391,33,245185
5212,0.000836,172.31.33.0-255,66,116457,33,245185
5213,0.000853,74.125.24.0-255,7156,123613,33,245185
5214,0.000855,172.31.33.0-255,66,123679,33,245185
5215,0.000859,74.125.24.0-255,2184,125863,33,245185
5216,0.000861,172.31.33.0-255,66,125929,33,245185
5217,0.000922,74.125.24.0-255,1484,127413,33,245185
5218,0.000927,74.125.24.0-255,2902,130315,33,245185
5219,0.00093,172.31.33.0-255,66,130381,33,245185
5220,0.000951,74.125.24.0-255,5738,136119,33,245185
5221,0.000953,172.31.33.0-255,66,136185,33,245185
5222,0.000978,172.31.33.0-255,66,136251,33,245185
5223,0.000998,74.125.24.0-255,4320,140571,33,245185
5224,0.001,172.31.33.0-255,66,140637,33,245185
5225,0.001018,74.125.24.0-255,4320,144957,33,245185
5226,0.00102,172.31.33.0-255,66,145023,33,245185
5227,0.001039,74.125.24.0-255,6438,151461,33,245185
5228,0.001042,172.31.33.0-255,66,151527,33,245185
5229,0.001063,74.125.24.0-255,1484,153011,33,245185
5230,0.001076,74.125.24.0-255,4320,157331,33,245185
5231,0.001078,172.31.33.0-255,66,157397,33,245185
5232,0.001096,74.125.24.0-255,1484,158881,33,245185
5233,0.001106,172.31.33.0-255,66,158947,33,245185
5234,0.00111,74.125.24.0-255,2902,161849,33,245185
5235,0.001112,172.31.33.0-255,66,161915,33,245185
5236,0.001139,172.31.33.0-255,66,161981,33,245185
5237,0.001141,74.125.24.0-255,766,162747,33,245185
5238,0.001171,74.125.24.0-255,1484,164231,33,245185
5239,0.001174,172.31.33.0-255,66,164297,33,245185
5240,0.001208,74.125.24.0-255,2902,167199,33,245185
5241,0.001211,172.31.33.0-255,66,167265,33,245185
5242,0.001217,74.125.24.0-255,5738,173003,33,245185
5243,0.001219,172.31.33.0-255,66,173069,33,245185
5244,0.001223,74.125.24.0-255,2902,175971,33,245185
5245,0.001225,172.31.33.0-255,66,176037,33,245185
5246,0.001268,74.125.24.0-255,5738,181775,33,245185
5247,0.001271,172.31.33.0-255,66,181841,33,245185
5248,0.001281,172.31.33.0-255,66,181907,33,245185
5249,0.001285,74.125.24.0-255,5020,186927,33,245185
5250,0.001287,172.31.33.0-255,66,186993,33,245185
5251,0.001323,74.125.24.0-255,5738,192731,33,245185
5252,0.001326,172.31.33.0-255,66,192797,33,245185
5253,0.001331,74.125.24.0-255,4320,197117,33,245185
5254,0.001333,172.31.33.0-255,66,197183,33,245185
5255,0.001349,74.125.24.0-255,2902,200085,33,245185
5256,0.001351,172.31.33.0-255,66,200151,33,245185
5257,0.001356,74.125.24.0-255,4320,204471,33,245185
5258,0.001358,172.31.33.0-255,66,204537,33,245185
5259,0.001396,172.31.33.0-255,66,204603,33,245185
5260,0.001402,74.125.24.0-255,6438,211041,33,245185
5261,0.001404,172.31.33.0-255,66,211107,33,245185
5262,0.001426,74.125.24.0-255,5738,216845,33,245185
5263,0.001429,172.31.33.0-255,66,216911,33,245185
5264,0.001459,172.31.33.0-255,66,216977,33,245185
5265,0.001471,172.31.33.0-255,66,217043,33,245185
5266,0.001501,74.125.24.0-255,1484,218527,33,245185
5267,0.001507,74.125.24.0-255,2902,221429,33,245185
5268,0.001509,172.31.33.0-255,66,221495,33,245185
5269,0.001532,74.125.24.0-255,5738,227233,33,245185
5270,0.001536,172.31.33.0-255,66,227299,33,245185
5271,0.001584,74.125.24.0-255,7156,234455,33,245185
5272,0.001587,172.31.33.0-255,66,234521,33,245185
5273,0.001619,74.125.24.0-255,2902,237423,33,245185
5274,0.001623,172.31.33.0-255,66,237489,33,245185
5275,0.001635,172.31.33.0-255,66,237555,33,245185
5276,0.00166,74.125.24.0-255,7156,244711,33,245185
5277,0.001666,172.31.33.0-255,66,244777,33,245185
5278,0.001683,172.31.33.0-255,66,244843,33,245185
5279,0.001733,172.31.33.0-255,66,244909,33,245185
5280,0.001752,74.125.24.0-255,105,245014,33,245185
5281,0.009256,172.31.33.0-255,66,245080,33,245185
5282,0.009308,172.31.33.0-255,105,245185,33,245185
5283,0.0,172.31.33.0-255,105,105,33,459
5284,0.00017,172.31.33.0-255,90,195,33,459
5285,0.000177,172.31.33.0-255,66,261,33,459
5286,0.002166,172.217.194.0-255,66,327,33,459
5287,0.002177,172.217.194.0-255,66,393,33,459
5288,0.002186,172.31.33.0-255,66,459,33,459
5289,0.0,172.31.33.0-255,66,66,33,66
5290,0.0,172.217.194.0-255,153,153,33,99630
5291,2e-05,172.31.33.0-255,66,219,33,99630
5292,2.7e-05,172.217.194.0-255,1484,1703,33,99630
5293,3.1e-05,172.31.33.0-255,66,1769,33,99630
5294,3.7e-05,172.217.194.0-255,2902,4671,33,99630
5295,4.1e-05,172.31.33.0-255,66,4737,33,99630
5296,4.7e-05,172.217.194.0-255,4320,9057,33,99630
5297,5.8e-05,172.31.33.0-255,66,9123,33,99630
5298,6.5e-05,172.217.194.0-255,4892,14015,33,99630
5299,6.8e-05,172.31.33.0-255,66,14081,33,99630
5300,0.000152,172.217.194.0-255,1484,15565,33,99630
5301,0.000156,172.31.33.0-255,66,15631,33,99630
5302,0.000162,172.217.194.0-255,2902,18533,33,99630
5303,0.000164,172.31.33.0-255,66,18599,33,99630
5304,0.000169,172.217.194.0-255,4320,22919,33,99630
5305,0.000177,172.31.33.0-255,66,22985,33,99630
5306,0.00021,172.217.194.0-255,1484,24469,33,99630
5307,0.000212,172.31.33.0-255,66,24535,33,99630
5308,0.00022,172.217.194.0-255,6797,31332,33,99630
5309,0.000222,172.31.33.0-255,66,31398,33,99630
5310,0.000347,172.217.194.0-255,1484,32882,33,99630
5311,0.000351,172.31.33.0-255,66,32948,33,99630
5312,0.000357,172.217.194.0-255,2902,35850,33,99630
5313,0.00036,172.31.33.0-255,66,35916,33,99630
5314,0.000386,172.217.194.0-255,5738,41654,33,99630
5315,0.000389,172.31.33.0-255,66,41720,33,99630
5316,0.000397,172.217.194.0-255,6797,48517,33,99630
5317,0.000399,172.31.33.0-255,66,48583,33,99630
5318,0.000456,172.217.194.0-255,7156,55739,33,99630
5319,0.00046,172.31.33.0-255,66,55805,33,99630
5320,0.000471,172.31.33.0-255,66,55871,33,99630
5321,0.000497,172.217.194.0-255,1125,56996,33,99630
5322,0.001064,172.31.33.0-255,66,57062,33,99630
5323,0.001095,172.217.194.0-255,646,57708,33,99630
5324,0.001104,172.31.33.0-255,66,57774,33,99630
5325,0.0018,172.217.194.0-255,1484,59258,33,99630
5326,0.001812,172.217.194.0-255,2902,62160,33,99630
5327,0.001817,172.31.33.0-255,66,62226,33,99630
5328,0.001825,172.217.194.0-255,5738,67964,33,99630
5329,0.001827,172.31.33.0-255,66,68030,33,99630
5330,0.001837,172.217.194.0-255,2902,70932,33,99630
5331,0.00184,172.31.33.0-255,66,70998,33,99630
5332,0.001847,172.217.194.0-255,5738,76736,33,99630
5333,0.001849,172.31.33.0-255,66,76802,33,99630
5334,0.001877,172.217.194.0-255,4320,81122,33,99630
5335,0.001884,172.31.33.0-255,66,81188,33,99630
5336,0.001922,172.31.33.0-255,66,81254,33,99630
5337,0.001957,172.217.194.0-255,766,82020,33,99630
5338,0.001968,172.31.33.0-255,66,82086,33,99630
5339,0.00198,172.31.33.0-255,66,82152,33,99630
5340,0.002,172.31.33.0-255,66,82218,33,99630
5341,0.004115,172.217.194.0-255,5738,87956,33,99630
5342,0.004123,172.31.33.0-255,66,88022,33,99630
5343,0.006241,172.217.194.0-255,5738,93760,33,99630
5344,0.006247,172.31.33.0-255,66,93826,33,99630
5345,0.008389,172.217.194.0-255,5738,99564,33,99630
5346,0.008396,172.31.33.0-255,66,99630,33,99630
5347,0.0,172.31.33.0-255,66,66,33,66
5348,0.0,172.31.33.0-255,105,105,33,459
5349,0.000212,172.31.33.0-255,90,195,33,459
5350,0.00022,172.31.33.0-255,66,261,33,459
5351,0.00211,172.217.24.0-255,66,327,33,459
5352,0.002125,172.217.24.0-255,66,393,33,459
5353,0.002137,172.31.33.0-255,66,459,33,459
5354,0.0,172.31.33.0-255,105,105,33,918
5355,6.2e-05,172.31.33.0-255,105,210,33,918
5356,0.000239,172.31.33.0-255,90,300,33,918
5357,0.000246,172.31.33.0-255,66,366,33,918
5358,0.000392,172.31.33.0-255,90,456,33,918
5359,0.000398,172.31.33.0-255,66,522,33,918
5360,0.002263,74.125.200.0-255,66,588,33,918
5361,0.002276,74.125.200.0-255,66,654,33,918
5362,0.002285,172.31.33.0-255,66,720,33,918
5363,0.002462,74.125.24.0-255,66,786,33,918
5364,0.00248,74.125.24.0-255,66,852,33,918
5365,0.002483,172.31.33.0-255,66,918,33,918
5366,0.0,74.125.68.0-255,153,153,33,107347
5367,2.3e-05,172.31.33.0-255,66,219,33,107347
5368,3e-05,74.125.68.0-255,1484,1703,33,107347
5369,3.5e-05,172.31.33.0-255,66,1769,33,107347
5370,4.1e-05,74.125.68.0-255,2902,4671,33,107347
5371,4.5e-05,172.31.33.0-255,66,4737,33,107347
5372,5e-05,74.125.68.0-255,2902,7639,33,107347
5373,5.3e-05,172.31.33.0-255,66,7705,33,107347
5374,8e-05,74.125.68.0-255,2902,10607,33,107347
5375,8.3e-05,172.31.33.0-255,66,10673,33,107347
5376,9e-05,74.125.68.0-255,3411,14084,33,107347
5377,9.2e-05,172.31.33.0-255,66,14150,33,107347
5378,9.8e-05,74.125.68.0-255,4320,18470,33,107347
5379,0.0001,172.31.33.0-255,66,18536,33,107347
5380,0.000136,172.31.33.0-255,66,18602,33,107347
5381,0.000167,74.125.68.0-255,2543,21145,33,107347
5382,0.00017,172.31.33.0-255,66,21211,33,107347
5383,0.00029,74.125.68.0-255,1484,22695,33,107347
5384,0.000294,172.31.33.0-255,66,22761,33,107347
5385,0.0003,74.125.68.0-255,2902,25663,33,107347
5386,0.000304,172.31.33.0-255,66,25729,33,107347
5387,0.000333,74.125.68.0-255,5738,31467,33,107347
5388,0.000336,172.31.33.0-255,66,31533,33,107347
5389,0.00034,74.125.68.0-255,2902,34435,33,107347
5390,0.000343,172.31.33.0-255,66,34501,33,107347
5391,0.000348,74.125.68.0-255,3961,38462,33,107347
5392,0.000352,172.31.33.0-255,66,38528,33,107347
5393,0.000417,74.125.68.0-255,1484,40012,33,107347
5394,0.000421,172.31.33.0-255,66,40078,33,107347
5395,0.000427,74.125.68.0-255,1484,41562,33,107347
5396,0.000429,172.31.33.0-255,66,41628,33,107347
5397,0.000449,74.125.68.0-255,2902,44530,33,107347
5398,0.000452,172.31.33.0-255,66,44596,33,107347
5399,0.000471,74.125.68.0-255,1484,46080,33,107347
5400,0.000492,74.125.68.0-255,4320,50400,33,107347
5401,0.000495,172.31.33.0-255,66,50466,33,107347
5402,0.0005,74.125.68.0-255,2902,53368,33,107347
5403,0.000502,172.31.33.0-255,66,53434,33,107347
5404,0.000536,74.125.68.0-255,2888,56322,33,107347
5405,0.000538,172.31.33.0-255,66,56388,33,107347
5406,0.000554,74.125.68.0-255,331,56719,33,107347
5407,0.001149,74.125.68.0-255,1484,58203,33,107347
5408,0.001155,172.31.33.0-255,66,58269,33,107347
5409,0.001162,74.125.68.0-255,2902,61171,33,107347
5410,0.001164,172.31.33.0-255,66,61237,33,107347
5411,0.001212,74.125.68.0-255,5738,66975,33,107347
5412,0.001217,172.31.33.0-255,66,67041,33,107347
5413,0.001224,74.125.68.0-255,5738,72779,33,107347
5414,0.001226,172.31.33.0-255,66,72845,33,107347
5415,0.001246,74.125.68.0-255,2902,75747,33,107347
5416,0.001248,172.31.33.0-255,66,75813,33,107347
5417,0.001265,74.125.68.0-255,1484,77297,33,107347
5418,0.001284,74.125.68.0-255,2902,80199,33,107347
5419,0.001287,172.31.33.0-255,66,80265,33,107347
5420,0.001307,74.125.68.0-255,2902,83167,33,107347
5421,0.00131,172.31.33.0-255,66,83233,33,107347
5422,0.001322,74.125.68.0-255,2902,86135,33,107347
5423,0.001326,172.31.33.0-255,66,86201,33,107347
5424,0.001343,74.125.68.0-255,5020,91221,33,107347
5425,0.001346,172.31.33.0-255,66,91287,33,107347
5426,0.003734,74.125.68.0-255,5738,97025,33,107347
5427,0.003741,172.31.33.0-255,66,97091,33,107347
5428,0.006086,74.125.68.0-255,4320,101411,33,107347
5429,0.00609,172.31.33.0-255,66,101477,33,107347
5430,0.006107,74.125.68.0-255,1484,102961,33,107347
5431,0.008452,74.125.68.0-255,4320,107281,33,107347
5432,0.008458,172.31.33.0-255,66,107347,33,107347
5433,0.0,172.217.194.0-255,153,153,33,207384
5434,1.7e-05,172.31.33.0-255,66,219,33,207384
5435,2.4e-05,172.217.194.0-255,1484,1703,33,207384
5436,2.7e-05,172.31.33.0-255,66,1769,33,207384
5437,3.9e-05,172.217.194.0-255,2902,4671,33,207384
5438,4.2e-05,172.31.33.0-255,66,4737,33,207384
5439,4.7e-05,172.217.194.0-255,2902,7639,33,207384
5440,5e-05,172.31.33.0-255,66,7705,33,207384
5441,8e-05,172.217.194.0-255,4320,12025,33,207384
5442,8.3e-05,172.31.33.0-255,66,12091,33,207384
5443,9.8e-05,172.31.33.0-255,66,12157,33,207384
5444,0.000133,172.217.194.0-255,5738,17895,33,207384
5445,0.000136,172.31.33.0-255,66,17961,33,207384
5446,0.000152,172.217.194.0-255,3961,21922,33,207384
5447,0.000154,172.31.33.0-255,66,21988,33,207384
5448,0.000184,172.31.33.0-255,66,22054,33,207384
5449,0.000215,172.31.33.0-255,66,22120,33,207384
5450,0.00024,172.217.194.0-255,7156,29276,33,207384
5451,0.000242,172.31.33.0-255,66,29342,33,207384
5452,0.000263,172.217.194.0-255,1484,30826,33,207384
5453,0.000265,172.31.33.0-255,66,30892,33,207384
5454,0.000271,172.217.194.0-255,5738,36630,33,207384
5455,0.000273,172.31.33.0-255,66,36696,33,207384
5456,0.000286,172.217.194.0-255,1414,38110,33,207384
5457,0.000288,172.31.33.0-255,66,38176,33,207384
5458,0.000304,172.217.194.0-255,366,38542,33,207384
5459,0.000306,172.31.33.0-255,66,38608,33,207384
5460,0.000349,172.217.194.0-255,1484,40092,33,207384
5461,0.000351,172.31.33.0-255,66,40158,33,207384
5462,0.000356,172.217.194.0-255,4320,44478,33,207384
5463,0.000358,172.31.33.0-255,66,44544,33,207384
5464,0.000368,172.217.194.0-255,4320,48864,33,207384
5465,0.00037,172.31.33.0-255,66,48930,33,207384
5466,0.000409,172.217.194.0-255,7156,56086,33,207384
5467,0.000411,172.31.33.0-255,66,56152,33,207384
5468,0.000442,172.217.194.0-255,5738,61890,33,207384
5469,0.000444,172.31.33.0-255,66,61956,33,207384
5470,0.000459,172.31.33.0-255,66,62022,33,207384
5471,0.0005,172.217.194.0-255,1484,63506,33,207384
5472,0.000512,172.217.194.0-255,2902,66408,33,207384
5473,0.000514,172.31.33.0-255,66,66474,33,207384
5474,0.000538,172.217.194.0-255,2902,69376,33,207384
5475,0.000541,172.31.33.0-255,66,69442,33,207384
5476,0.000565,172.217.194.0-255,2902,72344,33,207384
5477,0.000567,172.31.33.0-255,66,72410,33,207384
5478,0.000584,172.31.33.0-255,66,72476,33,207384
5479,0.00059,172.217.194.0-255,7156,79632,33,207384
5480,0.000592,172.31.33.0-255,66,79698,33,207384
5481,0.00063,172.217.194.0-255,3602,83300,33,207384
5482,0.000632,172.31.33.0-255,66,83366,33,207384
5483,0.000675,172.217.194.0-255,2902,86268,33,207384
5484,0.000677,172.31.33.0-255,66,86334,33,207384
5485,0.000683,172.217.194.0-255,4320,90654,33,207384
5486,0.000685,172.31.33.0-255,66,90720,33,207384
5487,0.0007,172.217.194.0-255,1484,92204,33,207384
5488,0.000728,172.217.194.0-255,7156,99360,33,207384
5489,0.00073,172.31.33.0-255,66,99426,33,207384
5490,0.000736,172.217.194.0-255,4320,103746,33,207384
5491,0.000738,172.31.33.0-255,66,103812,33,207384
5492,0.000766,172.31.33.0-255,66,103878,33,207384
5493,0.000771,172.217.194.0-255,4320,108198,33,207384
5494,0.000773,172.31.33.0-255,66,108264,33,207384
5495,0.000803,172.217.194.0-255,766,109030,33,207384
5496,0.00085,172.217.194.0-255,1484,110514,33,207384
5497,0.000852,172.31.33.0-255,66,110580,33,207384
5498,0.000877,172.217.194.0-255,2902,113482,33,207384
5499,0.00088,172.31.33.0-255,66,113548,33,207384
5500,0.000886,172.217.194.0-255,5738,119286,33,207384
5501,0.000888,172.31.33.0-255,66,119352,33,207384
5502,0.000919,172.217.194.0-255,7156,126508,33,207384
5503,0.000922,172.31.33.0-255,66,126574,33,207384
5504,0.000948,172.217.194.0-255,2902,129476,33,207384
5505,0.000951,172.31.33.0-255,66,129542,33,207384
5506,0.000966,172.31.33.0-255,66,129608,33,207384
5507,0.000988,172.217.194.0-255,3602,133210,33,207384
5508,0.000991,172.31.33.0-255,66,133276,33,207384
5509,0.001016,172.217.194.0-255,4320,137596,33,207384
5510,0.00102,172.31.33.0-255,66,137662,33,207384
5511,0.001069,172.217.194.0-255,7156,144818,33,207384
5512,0.001072,172.31.33.0-255,66,144884,33,207384
5513,0.00109,172.217.194.0-255,2902,147786,33,207384
5514,0.001092,172.31.33.0-255,66,147852,33,207384
5515,0.001098,172.217.194.0-255,7156,155008,33,207384
5516,0.0011,172.31.33.0-255,66,155074,33,207384
5517,0.001115,172.31.33.0-255,66,155140,33,207384
5518,0.00112,172.217.194.0-255,4320,159460,33,207384
5519,0.001122,172.31.33.0-255,66,159526,33,207384
5520,0.001173,172.31.33.0-255,66,159592,33,207384
5521,0.0012,172.31.33.0-255,66,159658,33,207384
5522,0.001202,172.217.194.0-255,1484,161142,33,207384
5523,0.001222,172.217.194.0-255,2902,164044,33,207384
5524,0.001224,172.31.33.0-255,66,164110,33,207384
5525,0.001229,172.217.194.0-255,5738,169848,33,207384
5526,0.001231,172.31.33.0-255,66,169914,33,207384
5527,0.001264,172.31.33.0-255,66,169980,33,207384
5528,0.001297,172.217.194.0-255,1484,171464,33,207384
5529,0.001321,172.31.33.0-255,66,171530,33,207384
5530,0.001359,172.217.194.0-255,2184,173714,33,207384
5531,0.001361,172.31.33.0-255,66,173780,33,207384
5532,0.001803,172.217.194.0-255,1484,175264,33,207384
5533,0.00181,172.217.194.0-255,2902,178166,33,207384
5534,0.001814,172.31.33.0-255,66,178232,33,207384
5535,0.00182,172.217.194.0-255,5738,183970,33,207384
5536,0.001822,172.31.33.0-255,66,184036,33,207384
5537,0.001861,172.31.33.0-255,66,184102,33,207384
5538,0.001873,172.31.33.0-255,66,184168,33,207384
5539,0.003828,172.217.194.0-255,5738,189906,33,207384
5540,0.003835,172.31.33.0-255,66,189972,33,207384
5541,0.005823,172.217.194.0-255,5738,195710,33,207384
5542,0.005829,172.31.33.0-255,66,195776,33,207384
5543,0.007824,172.217.194.0-255,5738,201514,33,207384
5544,0.007828,172.31.33.0-255,66,201580,33,207384
5545,0.009811,172.217.194.0-255,5738,207318,33,207384
5546,0.009817,172.31.33.0-255,66,207384,33,207384
5547,0.0,74.125.24.0-255,153,153,33,63523
5548,2.4e-05,172.31.33.0-255,66,219,33,63523
5549,3.1e-05,74.125.24.0-255,1484,1703,33,63523
5550,3.6e-05,172.31.33.0-255,66,1769,33,63523
5551,5.1e-05,74.125.24.0-255,2902,4671,33,63523
5552,5.4e-05,172.31.33.0-255,66,4737,33,63523
5553,6.9e-05,74.125.24.0-255,1484,6221,33,63523
5554,7.1e-05,172.31.33.0-255,66,6287,33,63523
5555,0.000107,74.125.24.0-255,2902,9189,33,63523
5556,0.00011,172.31.33.0-255,66,9255,33,63523
5557,0.000117,74.125.24.0-255,4926,14181,33,63523
5558,0.00012,172.31.33.0-255,66,14247,33,63523
5559,0.000244,74.125.24.0-255,1484,15731,33,63523
5560,0.000248,172.31.33.0-255,66,15797,33,63523
5561,0.000254,74.125.24.0-255,2902,18699,33,63523
5562,0.000256,172.31.33.0-255,66,18765,33,63523
5563,0.000292,74.125.24.0-255,5738,24503,33,63523
5564,0.000295,172.31.33.0-255,66,24569,33,63523
5565,0.000299,74.125.24.0-255,2902,27471,33,63523
5566,0.000301,172.31.33.0-255,66,27537,33,63523
5567,0.000336,74.125.24.0-255,3961,31498,33,63523
5568,0.000339,172.31.33.0-255,66,31564,33,63523
5569,0.001068,74.125.24.0-255,1484,33048,33,63523
5570,0.001075,172.31.33.0-255,66,33114,33,63523
5571,0.001085,74.125.24.0-255,2902,36016,33,63523
5572,0.001087,172.31.33.0-255,66,36082,33,63523
5573,0.001099,74.125.24.0-255,5738,41820,33,63523
5574,0.001101,172.31.33.0-255,66,41886,33,63523
5575,0.001132,172.31.33.0-255,66,41952,33,63523
5576,0.001156,74.125.24.0-255,5379,47331,33,63523
5577,0.001159,172.31.33.0-255,66,47397,33,63523
5578,0.001171,172.31.33.0-255,66,47463,33,63523
5579,0.003516,74.125.24.0-255,5738,53201,33,63523
5580,0.003525,172.31.33.0-255,66,53267,33,63523
5581,0.005865,74.125.24.0-255,4320,57587,33,63523
5582,0.005871,172.31.33.0-255,66,57653,33,63523
5583,0.005894,74.125.24.0-255,1484,59137,33,63523
5584,0.008253,74.125.24.0-255,4320,63457,33,63523
5585,0.008263,172.31.33.0-255,66,63523,33,63523
5586,0.0,74.125.24.0-255,153,153,33,155879
5587,1.6e-05,172.31.33.0-255,66,219,33,155879
5588,2.2e-05,74.125.24.0-255,1484,1703,33,155879
5589,2.5e-05,172.31.33.0-255,66,1769,33,155879
5590,3e-05,74.125.24.0-255,2902,4671,33,155879
5591,3.9e-05,172.31.33.0-255,66,4737,33,155879
5592,7.4e-05,74.125.24.0-255,7156,11893,33,155879
5593,7.7e-05,172.31.33.0-255,66,11959,33,155879
5594,0.0001,74.125.24.0-255,2032,13991,33,155879
5595,0.000102,172.31.33.0-255,66,14057,33,155879
5596,0.000348,74.125.24.0-255,1484,15541,33,155879
5597,0.000354,172.31.33.0-255,66,15607,33,155879
5598,0.000361,74.125.24.0-255,2902,18509,33,155879
5599,0.000364,172.31.33.0-255,66,18575,33,155879
5600,0.000377,74.125.24.0-255,5738,24313,33,155879
5601,0.00038,172.31.33.0-255,66,24379,33,155879
5602,0.000424,74.125.24.0-255,6797,31176,33,155879
5603,0.000427,172.31.33.0-255,66,31242,33,155879
5604,0.000435,74.125.24.0-255,7156,38398,33,155879
5605,0.000438,172.31.33.0-255,66,38464,33,155879
5606,0.000458,172.31.33.0-255,66,38530,33,155879
5607,0.000464,74.125.24.0-255,5738,44268,33,155879
5608,0.000468,172.31.33.0-255,66,44334,33,155879
5609,0.000499,74.125.24.0-255,5020,49354,33,155879
5610,0.000502,172.31.33.0-255,66,49420,33,155879
5611,0.000505,74.125.24.0-255,360,49780,33,155879
5612,0.000507,172.31.33.0-255,66,49846,33,155879
5613,0.000551,74.125.24.0-255,131,49977,33,155879
5614,0.000554,172.31.33.0-255,66,50043,33,155879
5615,0.001098,74.125.24.0-255,1484,51527,33,155879
5616,0.001103,172.31.33.0-255,66,51593,33,155879
5617,0.001111,74.125.24.0-255,2902,54495,33,155879
5618,0.001114,172.31.33.0-255,66,54561,33,155879
5619,0.001127,74.125.24.0-255,5738,60299,33,155879
5620,0.001129,172.31.33.0-255,66,60365,33,155879
5621,0.00116,74.125.24.0-255,2902,63267,33,155879
5622,0.001163,172.31.33.0-255,66,63333,33,155879
5623,0.001191,74.125.24.0-255,3664,66997,33,155879
5624,0.001193,172.31.33.0-255,66,67063,33,155879
5625,0.001308,74.125.24.0-255,1484,68547,33,155879
5626,0.001316,74.125.24.0-255,2902,71449,33,155879
5627,0.001319,172.31.33.0-255,66,71515,33,155879
5628,0.001327,74.125.24.0-255,5738,77253,33,155879
5629,0.001329,172.31.33.0-255,66,77319,33,155879
5630,0.001338,74.125.24.0-255,1484,78803,33,155879
5631,0.001365,74.125.24.0-255,5738,84541,33,155879
5632,0.001367,172.31.33.0-255,66,84607,33,155879
5633,0.001374,74.125.24.0-255,5738,90345,33,155879
5634,0.001376,172.31.33.0-255,66,90411,33,155879
5635,0.001412,172.31.33.0-255,66,90477,33,155879
5636,0.001417,74.125.24.0-255,2184,92661,33,155879
5637,0.001418,172.31.33.0-255,66,92727,33,155879
5638,0.00145,74.125.24.0-255,1484,94211,33,155879
5639,0.001455,74.125.24.0-255,2902,97113,33,155879
5640,0.001458,172.31.33.0-255,66,97179,33,155879
5641,0.001464,74.125.24.0-255,5738,102917,33,155879
5642,0.001466,172.31.33.0-255,66,102983,33,155879
5643,0.001483,74.125.24.0-255,4320,107303,33,155879
5644,0.001485,172.31.33.0-255,66,107369,33,155879
5645,0.001519,172.31.33.0-255,66,107435,33,155879
5646,0.001556,172.31.33.0-255,66,107501,33,155879
5647,0.001688,74.125.24.0-255,1484,108985,33,155879
5648,0.001694,74.125.24.0-255,2902,111887,33,155879
5649,0.001698,172.31.33.0-255,66,111953,33,155879
5650,0.001734,74.125.24.0-255,5738,117691,33,155879
5651,0.001737,172.31.33.0-255,66,117757,33,155879
5652,0.00175,172.31.33.0-255,66,117823,33,155879
5653,0.001781,74.125.24.0-255,2902,120725,33,155879
5654,0.001783,172.31.33.0-255,66,120791,33,155879
5655,0.001787,74.125.24.0-255,1484,122275,33,155879
5656,0.00179,74.125.24.0-255,1484,123759,33,155879
5657,0.001793,172.31.33.0-255,66,123825,33,155879
5658,0.001832,172.31.33.0-255,66,123891,33,155879
5659,0.001848,172.31.33.0-255,66,123957,33,155879
5660,0.001895,74.125.24.0-255,7156,131113,33,155879
5661,0.001898,172.31.33.0-255,66,131179,33,155879
5662,0.001934,74.125.24.0-255,7156,138335,33,155879
5663,0.001937,172.31.33.0-255,66,138401,33,155879
5664,0.001953,172.31.33.0-255,66,138467,33,155879
5665,0.004216,74.125.24.0-255,5738,144205,33,155879
5666,0.004223,172.31.33.0-255,66,144271,33,155879
5667,0.00646,74.125.24.0-255,5738,150009,33,155879
5668,0.006466,172.31.33.0-255,66,150075,33,155879
5669,0.008737,74.125.24.0-255,5738,155813,33,155879
5670,0.008744,172.31.33.0-255,66,155879,33,155879
5671,0.0,74.125.24.0-255,153,153,33,135625
5672,3.1e-05,172.31.33.0-255,66,219,33,135625
5673,3.8e-05,74.125.24.0-255,1484,1703,33,135625
5674,4.2e-05,172.31.33.0-255,66,1769,33,135625
5675,4.6e-05,74.125.24.0-255,2902,4671,33,135625
5676,4.9e-05,172.31.33.0-255,66,4737,33,135625
5677,6.1e-05,74.125.24.0-255,5738,10475,33,135625
5678,6.3e-05,172.31.33.0-255,66,10541,33,135625
5679,0.0001,74.125.24.0-255,3466,14007,33,135625
5680,0.000103,172.31.33.0-255,66,14073,33,135625
5681,0.000548,74.125.24.0-255,1484,15557,33,135625
5682,0.000553,172.31.33.0-255,66,15623,33,135625
5683,0.000562,74.125.24.0-255,2902,18525,33,135625
5684,0.000565,172.31.33.0-255,66,18591,33,135625
5685,0.000577,74.125.24.0-255,5738,24329,33,135625
5686,0.000579,172.31.33.0-255,66,24395,33,135625
5687,0.000618,74.125.24.0-255,5738,30133,33,135625
5688,0.000628,172.31.33.0-255,66,30199,33,135625
5689,0.000651,74.125.24.0-255,1125,31324,33,135625
5690,0.000661,74.125.24.0-255,7156,38480,33,135625
5691,0.000696,74.125.24.0-255,7156,45636,33,135625
5692,0.000702,172.31.33.0-255,66,45702,33,135625
5693,0.000712,172.31.33.0-255,66,45768,33,135625
5694,0.000718,172.31.33.0-255,66,45834,33,135625
5695,0.000721,74.125.24.0-255,2543,48377,33,135625
5696,0.000724,172.31.33.0-255,66,48443,33,135625
5697,0.000802,74.125.24.0-255,1484,49927,33,135625
5698,0.000807,172.31.33.0-255,66,49993,33,135625
5699,0.000812,74.125.24.0-255,2902,52895,33,135625
5700,0.000814,172.31.33.0-255,66,52961,33,135625
5701,0.000817,74.125.24.0-255,1484,54445,33,135625
5702,0.000819,172.31.33.0-255,66,54511,33,135625
5703,0.000845,74.125.24.0-255,4320,58831,33,135625
5704,0.000849,172.31.33.0-255,66,58897,33,135625
5705,0.000876,74.125.24.0-255,7119,66016,33,135625
5706,0.00088,172.31.33.0-255,66,66082,33,135625
5707,0.000959,74.125.24.0-255,1484,67566,33,135625
5708,0.000965,74.125.24.0-255,2902,70468,33,135625
5709,0.000969,172.31.33.0-255,66,70534,33,135625
5710,0.00098,74.125.24.0-255,1484,72018,33,135625
5711,0.001,74.125.24.0-255,4320,76338,33,135625
5712,0.001002,172.31.33.0-255,66,76404,33,135625
5713,0.001034,172.31.33.0-255,66,76470,33,135625
5714,0.001043,172.31.33.0-255,66,76536,33,135625
5715,0.001073,74.125.24.0-255,7043,83579,33,135625
5716,0.001075,172.31.33.0-255,66,83645,33,135625
5717,0.001421,74.125.24.0-255,1484,85129,33,135625
5718,0.001427,74.125.24.0-255,2902,88031,33,135625
5719,0.00143,172.31.33.0-255,66,88097,33,135625
5720,0.00146,74.125.24.0-255,5738,93835,33,135625
5721,0.001462,172.31.33.0-255,66,93901,33,135625
5722,0.001466,74.125.24.0-255,1484,95385,33,135625
5723,0.001499,172.31.33.0-255,66,95451,33,135625
5724,0.001542,74.125.24.0-255,5738,101189,33,135625
5725,0.001545,172.31.33.0-255,66,101255,33,135625
5726,0.001564,74.125.24.0-255,5020,106275,33,135625
5727,0.001566,172.31.33.0-255,66,106341,33,135625
5728,0.00162,74.125.24.0-255,1484,107825,33,135625
5729,0.001633,74.125.24.0-255,2902,110727,33,135625
5730,0.001636,172.31.33.0-255,66,110793,33,135625
5731,0.001656,74.125.24.0-255,5738,116531,33,135625
5732,0.001658,172.31.33.0-255,66,116597,33,135625
5733,0.001684,172.31.33.0-255,66,116663,33,135625
5734,0.001729,74.125.24.0-255,1484,118147,33,135625
5735,0.001765,172.31.33.0-255,66,118213,33,135625
5736,0.003835,74.125.24.0-255,5738,123951,33,135625
5737,0.003842,172.31.33.0-255,66,124017,33,135625
5738,0.0059,74.125.24.0-255,5738,129755,33,135625
5739,0.005908,172.31.33.0-255,66,129821,33,135625
5740,0.00799,74.125.24.0-255,5738,135559,33,135625
5741,0.007995,172.31.33.0-255,66,135625,33,135625
5742,0.0,172.217.194.0-255,153,153,33,155522
5743,2.5e-05,172.31.33.0-255,66,219,33,155522
5744,3.1e-05,172.217.194.0-255,1484,1703,33,155522
5745,3.6e-05,172.31.33.0-255,66,1769,33,155522
5746,4.1e-05,172.217.194.0-255,2902,4671,33,155522
5747,5.1e-05,172.31.33.0-255,66,4737,33,155522
5748,5.8e-05,172.217.194.0-255,7156,11893,33,155522
5749,6.1e-05,172.31.33.0-255,66,11959,33,155522
5750,6.5e-05,172.217.194.0-255,2029,13988,33,155522
5751,6.8e-05,172.31.33.0-255,66,14054,33,155522
5752,0.000162,172.217.194.0-255,1484,15538,33,155522
5753,0.000168,172.31.33.0-255,66,15604,33,155522
5754,0.000177,172.217.194.0-255,2902,18506,33,155522
5755,0.00018,172.31.33.0-255,66,18572,33,155522
5756,0.000191,172.217.194.0-255,5738,24310,33,155522
5757,0.000194,172.31.33.0-255,66,24376,33,155522
5758,0.000222,172.217.194.0-255,7156,31532,33,155522
5759,0.000225,172.31.33.0-255,66,31598,33,155522
5760,0.00025,172.217.194.0-255,6797,38395,33,155522
5761,0.000253,172.31.33.0-255,66,38461,33,155522
5762,0.00027,172.217.194.0-255,4320,42781,33,155522
5763,0.000278,172.31.33.0-255,66,42847,33,155522
5764,0.000298,172.217.194.0-255,5379,48226,33,155522
5765,0.000302,172.31.33.0-255,66,48292,33,155522
5766,0.000312,172.31.33.0-255,66,48358,33,155522
5767,0.000345,172.217.194.0-255,1484,49842,33,155522
5768,0.000349,172.31.33.0-255,66,49908,33,155522
5769,0.000357,172.217.194.0-255,6797,56705,33,155522
5770,0.00036,172.31.33.0-255,66,56771,33,155522
5771,0.000362,172.217.194.0-255,341,57112,33,155522
5772,0.000364,172.31.33.0-255,66,57178,33,155522
5773,0.000395,172.217.194.0-255,120,57298,33,155522
5774,0.000483,172.217.194.0-255,1484,58782,33,155522
5775,0.00049,172.217.194.0-255,2902,61684,33,155522
5776,0.000492,172.31.33.0-255,66,61750,33,155522
5777,0.000492,172.217.194.0-255,1484,63234,33,155522
5778,0.000498,172.31.33.0-255,66,63300,33,155522
5779,0.000521,172.217.194.0-255,4320,67620,33,155522
5780,0.00053,172.31.33.0-255,66,67686,33,155522
5781,0.000537,172.31.33.0-255,66,67752,33,155522
5782,0.000573,172.217.194.0-255,2902,70654,33,155522
5783,0.000579,172.31.33.0-255,66,70720,33,155522
5784,0.000605,172.217.194.0-255,379,71099,33,155522
5785,0.000617,172.31.33.0-255,66,71165,33,155522
5786,0.000719,172.217.194.0-255,1484,72649,33,155522
5787,0.000725,172.217.194.0-255,2902,75551,33,155522
5788,0.000735,172.31.33.0-255,66,75617,33,155522
5789,0.000744,172.217.194.0-255,5738,81355,33,155522
5790,0.000751,172.217.194.0-255,1484,82839,33,155522
5791,0.000751,172.31.33.0-255,66,82905,33,155522
5792,0.000787,172.31.33.0-255,66,82971,33,155522
5793,0.000799,172.31.33.0-255,66,83037,33,155522
5794,0.001251,172.217.194.0-255,1484,84521,33,155522
5795,0.001257,172.217.194.0-255,2902,87423,33,155522
5796,0.001261,172.31.33.0-255,66,87489,33,155522
5797,0.001265,172.217.194.0-255,2902,90391,33,155522
5798,0.001275,172.31.33.0-255,66,90457,33,155522
5799,0.001289,172.217.194.0-255,2902,93359,33,155522
5800,0.001293,172.31.33.0-255,66,93425,33,155522
5801,0.001295,172.217.194.0-255,5738,99163,33,155522
5802,0.001298,172.217.194.0-255,1484,100647,33,155522
5803,0.001305,172.31.33.0-255,66,100713,33,155522
5804,0.001332,172.217.194.0-255,1484,102197,33,155522
5805,0.001335,172.31.33.0-255,66,102263,33,155522
5806,0.001363,172.217.194.0-255,3602,105865,33,155522
5807,0.001368,172.217.194.0-255,4320,110185,33,155522
5808,0.001372,172.31.33.0-255,66,110251,33,155522
5809,0.001395,172.217.194.0-255,1484,111735,33,155522
5810,0.001408,172.31.33.0-255,66,111801,33,155522
5811,0.001452,172.31.33.0-255,66,111867,33,155522
5812,0.001473,172.217.194.0-255,6438,118305,33,155522
5813,0.001479,172.31.33.0-255,66,118371,33,155522
5814,0.001486,172.217.194.0-255,1484,119855,33,155522
5815,0.001489,172.31.33.0-255,66,119921,33,155522
5816,0.001528,172.31.33.0-255,66,119987,33,155522
5817,0.001566,172.217.194.0-255,1484,121471,33,155522
5818,0.001569,172.217.194.0-255,1484,122955,33,155522
5819,0.001577,172.31.33.0-255,66,123021,33,155522
5820,0.001581,172.217.194.0-255,1484,124505,33,155522
5821,0.001608,172.217.194.0-255,5738,130243,33,155522
5822,0.001611,172.217.194.0-255,1484,131727,33,155522
5823,0.001618,172.31.33.0-255,66,131793,33,155522
5824,0.001649,172.31.33.0-255,66,131859,33,155522
5825,0.001663,172.31.33.0-255,66,131925,33,155522
5826,0.001756,172.217.194.0-255,1484,133409,33,155522
5827,0.001761,172.217.194.0-255,2902,136311,33,155522
5828,0.001765,172.31.33.0-255,66,136377,33,155522
5829,0.001772,172.217.194.0-255,5738,142115,33,155522
5830,0.001786,172.31.33.0-255,66,142181,33,155522
5831,0.001822,172.217.194.0-255,2902,145083,33,155522
5832,0.001826,172.31.33.0-255,66,145149,33,155522
5833,0.001865,172.31.33.0-255,66,145215,33,155522
5834,0.001878,172.31.33.0-255,66,145281,33,155522
5835,0.001903,172.31.33.0-255,66,145347,33,155522
5836,0.001907,172.31.33.0-255,66,145413,33,155522
5837,0.001944,172.217.194.0-255,5020,150433,33,155522
5838,0.001951,172.31.33.0-255,66,150499,33,155522
5839,0.001963,172.31.33.0-255,66,150565,33,155522
5840,0.001976,172.31.33.0-255,66,150631,33,155522
5841,0.002005,172.217.194.0-255,4320,154951,33,155522
5842,0.002016,172.31.33.0-255,66,155017,33,155522
5843,0.002063,172.217.194.0-255,97,155114,33,155522
5844,0.002064,172.31.33.0-255,66,155180,33,155522
5845,0.002065,172.217.194.0-255,105,155285,33,155522
5846,0.003175,172.31.33.0-255,66,155351,33,155522
5847,0.003197,172.31.33.0-255,105,155456,33,155522
5848,0.005503,172.217.194.0-255,66,155522,33,155522
5849,0.0,74.125.24.0-255,152,152,33,144319
5850,2e-05,172.31.33.0-255,66,218,33,144319
5851,2.6e-05,74.125.24.0-255,1484,1702,33,144319
5852,3e-05,172.31.33.0-255,66,1768,33,144319
5853,3.5e-05,74.125.24.0-255,2902,4670,33,144319
5854,4.4e-05,172.31.33.0-255,66,4736,33,144319
5855,5.2e-05,74.125.24.0-255,7156,11892,33,144319
5856,5.5e-05,172.31.33.0-255,66,11958,33,144319
5857,9.3e-05,172.31.33.0-255,66,12024,33,144319
5858,0.000124,74.125.24.0-255,6320,18344,33,144319
5859,0.000126,172.31.33.0-255,66,18410,33,144319
5860,0.00013,74.125.24.0-255,2543,20953,33,144319
5861,0.000133,172.31.33.0-255,66,21019,33,144319
5862,0.000169,74.125.24.0-255,2902,23921,33,144319
5863,0.000171,172.31.33.0-255,66,23987,33,144319
5864,0.000198,74.125.24.0-255,4320,28307,33,144319
5865,0.0002,172.31.33.0-255,66,28373,33,144319
5866,0.000205,74.125.24.0-255,4320,32693,33,144319
5867,0.000207,172.31.33.0-255,66,32759,33,144319
5868,0.000227,74.125.24.0-255,4320,37079,33,144319
5869,0.000229,172.31.33.0-255,66,37145,33,144319
5870,0.000231,74.125.24.0-255,1125,38270,33,144319
5871,0.000233,172.31.33.0-255,66,38336,33,144319
5872,0.000911,74.125.24.0-255,1484,39820,33,144319
5873,0.000918,172.31.33.0-255,66,39886,33,144319
5874,0.000927,74.125.24.0-255,2902,42788,33,144319
5875,0.000929,172.31.33.0-255,66,42854,33,144319
5876,0.000941,74.125.24.0-255,5738,48592,33,144319
5877,0.000943,172.31.33.0-255,66,48658,33,144319
5878,0.000949,74.125.24.0-255,4320,52978,33,144319
5879,0.000952,172.31.33.0-255,66,53044,33,144319
5880,0.000985,74.125.24.0-255,2543,55587,33,144319
5881,0.000988,172.31.33.0-255,66,55653,33,144319
5882,0.001159,74.125.24.0-255,1484,57137,33,144319
5883,0.001166,74.125.24.0-255,2902,60039,33,144319
5884,0.00117,172.31.33.0-255,66,60105,33,144319
5885,0.001177,74.125.24.0-255,5738,65843,33,144319
5886,0.001179,172.31.33.0-255,66,65909,33,144319
5887,0.001215,74.125.24.0-255,6797,72706,33,144319
5888,0.001218,172.31.33.0-255,66,72772,33,144319
5889,0.001245,74.125.24.0-255,1484,74256,33,144319
5890,0.00125,74.125.24.0-255,2902,77158,33,144319
5891,0.001252,172.31.33.0-255,66,77224,33,144319
5892,0.001259,74.125.24.0-255,4320,81544,33,144319
5893,0.00126,172.31.33.0-255,66,81610,33,144319
5894,0.001287,74.125.24.0-255,1484,83094,33,144319
5895,0.00129,74.125.24.0-255,1484,84578,33,144319
5896,0.001292,172.31.33.0-255,66,84644,33,144319
5897,0.001323,74.125.24.0-255,5379,90023,33,144319
5898,0.001327,172.31.33.0-255,66,90089,33,144319
5899,0.001571,74.125.24.0-255,1484,91573,33,144319
5900,0.001579,74.125.24.0-255,2902,94475,33,144319
5901,0.001583,172.31.33.0-255,66,94541,33,144319
5902,0.00159,74.125.24.0-255,5738,100279,33,144319
5903,0.001593,172.31.33.0-255,66,100345,33,144319
5904,0.001604,74.125.24.0-255,5738,106083,33,144319
5905,0.001607,172.31.33.0-255,66,106149,33,144319
5906,0.001645,172.31.33.0-255,66,106215,33,144319
5907,0.001651,74.125.24.0-255,5020,111235,33,144319
5908,0.001653,172.31.33.0-255,66,111301,33,144319
5909,0.001813,74.125.24.0-255,1484,112785,33,144319
5910,0.00183,74.125.24.0-255,2902,115687,33,144319
5911,0.001833,172.31.33.0-255,66,115753,33,144319
5912,0.001841,74.125.24.0-255,5738,121491,33,144319
5913,0.001843,172.31.33.0-255,66,121557,33,144319
5914,0.001851,74.125.24.0-255,2902,124459,33,144319
5915,0.001853,172.31.33.0-255,66,124525,33,144319
5916,0.001906,172.31.33.0-255,66,124591,33,144319
5917,0.001916,172.31.33.0-255,66,124657,33,144319
5918,0.001936,74.125.24.0-255,2184,126841,33,144319
5919,0.001938,172.31.33.0-255,66,126907,33,144319
5920,0.003983,74.125.24.0-255,5738,132645,33,144319
5921,0.00399,172.31.33.0-255,66,132711,33,144319
5922,0.006047,74.125.24.0-255,5738,138449,33,144319
5923,0.006053,172.31.33.0-255,66,138515,33,144319
5924,0.00812,74.125.24.0-255,5738,144253,33,144319
5925,0.008129,172.31.33.0-255,66,144319,33,144319
5926,0.0,216.58.203.0-255,143,143,33,167810
5927,1.7e-05,172.31.33.0-255,66,209,33,167810
5928,2.4e-05,216.58.203.0-255,1484,1693,33,167810
5929,2.9e-05,172.31.33.0-255,66,1759,33,167810
5930,3.4e-05,216.58.203.0-255,2902,4661,33,167810
5931,3.7e-05,172.31.33.0-255,66,4727,33,167810
5932,4.3e-05,216.58.203.0-255,5738,10465,33,167810
5933,4.5e-05,172.31.33.0-255,66,10531,33,167810
5934,8.1e-05,172.31.33.0-255,66,10597,33,167810
5935,0.000103,216.58.203.0-255,2164,12761,33,167810
5936,0.000106,172.31.33.0-255,66,12827,33,167810
5937,0.000112,216.58.203.0-255,6797,19624,33,167810
5938,0.000114,172.31.33.0-255,66,19690,33,167810
5939,0.000228,216.58.203.0-255,1484,21174,33,167810
5940,0.000231,172.31.33.0-255,66,21240,33,167810
5941,0.00025,216.58.203.0-255,2902,24142,33,167810
5942,0.000252,172.31.33.0-255,66,24208,33,167810
5943,0.000255,216.58.203.0-255,1484,25692,33,167810
5944,0.000257,172.31.33.0-255,66,25758,33,167810
5945,0.000276,216.58.203.0-255,4320,30078,33,167810
5946,0.000278,172.31.33.0-255,66,30144,33,167810
5947,0.000284,216.58.203.0-255,4320,34464,33,167810
5948,0.000285,172.31.33.0-255,66,34530,33,167810
5949,0.000302,216.58.203.0-255,2543,37073,33,167810
5950,0.000304,172.31.33.0-255,66,37139,33,167810
5951,0.000397,216.58.203.0-255,1484,38623,33,167810
5952,0.0004,172.31.33.0-255,66,38689,33,167810
5953,0.000405,216.58.203.0-255,2902,41591,33,167810
5954,0.000408,172.31.33.0-255,66,41657,33,167810
5955,0.000411,216.58.203.0-255,1484,43141,33,167810
5956,0.000412,172.31.33.0-255,66,43207,33,167810
5957,0.000428,216.58.203.0-255,4320,47527,33,167810
5958,0.00043,172.31.33.0-255,66,47593,33,167810
5959,0.000436,216.58.203.0-255,5738,53331,33,167810
5960,0.000438,172.31.33.0-255,66,53397,33,167810
5961,0.000458,216.58.203.0-255,1125,54522,33,167810
5962,0.000709,216.58.203.0-255,363,54885,33,167810
5963,0.000928,216.58.203.0-255,383,55268,33,167810
5964,0.000932,172.31.33.0-255,66,55334,33,167810
5965,0.00109,216.58.203.0-255,1484,56818,33,167810
5966,0.001102,216.58.203.0-255,2902,59720,33,167810
5967,0.001105,172.31.33.0-255,66,59786,33,167810
5968,0.00111,216.58.203.0-255,2902,62688,33,167810
5969,0.001112,172.31.33.0-255,66,62754,33,167810
5970,0.001124,216.58.203.0-255,2902,65656,33,167810
5971,0.001126,172.31.33.0-255,66,65722,33,167810
5972,0.00114,216.58.203.0-255,2902,68624,33,167810
5973,0.001142,172.31.33.0-255,66,68690,33,167810
5974,0.001158,216.58.203.0-255,6797,75487,33,167810
5975,0.001161,172.31.33.0-255,66,75553,33,167810
5976,0.001165,216.58.203.0-255,2902,78455,33,167810
5977,0.001166,172.31.33.0-255,66,78521,33,167810
5978,0.001193,216.58.203.0-255,7156,85677,33,167810
5979,0.001196,172.31.33.0-255,66,85743,33,167810
5980,0.0012,216.58.203.0-255,3961,89704,33,167810
5981,0.001202,172.31.33.0-255,66,89770,33,167810
5982,0.001235,216.58.203.0-255,1484,91254,33,167810
5983,0.001254,216.58.203.0-255,2902,94156,33,167810
5984,0.001257,172.31.33.0-255,66,94222,33,167810
5985,0.001262,216.58.203.0-255,5738,99960,33,167810
5986,0.001264,172.31.33.0-255,66,100026,33,167810
5987,0.00128,216.58.203.0-255,2902,102928,33,167810
5988,0.001282,172.31.33.0-255,66,102994,33,167810
5989,0.001306,172.31.33.0-255,66,103060,33,167810
5990,0.001315,172.31.33.0-255,66,103126,33,167810
5991,0.001355,216.58.203.0-255,2184,105310,33,167810
5992,0.001357,172.31.33.0-255,66,105376,33,167810
5993,0.001368,216.58.203.0-255,2902,108278,33,167810
5994,0.001372,172.31.33.0-255,66,108344,33,167810
5995,0.001391,216.58.203.0-255,7156,115500,33,167810
5996,0.001395,172.31.33.0-255,66,115566,33,167810
5997,0.001423,172.31.33.0-255,66,115632,33,167810
5998,0.001435,172.31.33.0-255,66,115698,33,167810
5999,0.001554,216.58.203.0-255,1484,117182,33,167810
6000,0.001566,216.58.203.0-255,2902,120084,33,167810
6001,0.001569,172.31.33.0-255,66,120150,33,167810
6002,0.001572,216.58.203.0-255,1484,121634,33,167810
6003,0.001591,216.58.203.0-255,4320,125954,33,167810
6004,0.001593,172.31.33.0-255,66,126020,33,167810
6005,0.001597,216.58.203.0-255,2902,128922,33,167810
6006,0.001598,172.31.33.0-255,66,128988,33,167810
6007,0.001631,172.31.33.0-255,66,129054,33,167810
6008,0.001638,216.58.203.0-255,7156,136210,33,167810
6009,0.001639,172.31.33.0-255,66,136276,33,167810
6010,0.001658,216.58.203.0-255,2902,139178,33,167810
6011,0.00166,172.31.33.0-255,66,139244,33,167810
6012,0.001678,216.58.203.0-255,766,140010,33,167810
6013,0.002253,172.31.33.0-255,66,140076,33,167810
6014,0.003265,216.58.203.0-255,1484,141560,33,167810
6015,0.003285,216.58.203.0-255,2902,144462,33,167810
6016,0.003289,172.31.33.0-255,66,144528,33,167810
6017,0.003884,216.58.203.0-255,1484,146012,33,167810
6018,0.004927,216.58.203.0-255,4320,150332,33,167810
6019,0.004932,172.31.33.0-255,66,150398,33,167810
6020,0.006576,216.58.203.0-255,5738,156136,33,167810
6021,0.006583,172.31.33.0-255,66,156202,33,167810
6022,0.008203,216.58.203.0-255,5738,161940,33,167810
6023,0.008206,172.31.33.0-255,66,162006,33,167810
6024,0.009844,216.58.203.0-255,5738,167744,33,167810
6025,0.009851,172.31.33.0-255,66,167810,33,167810
6026,0.0,172.217.194.0-255,220,220,33,56701
6027,2.1e-05,172.31.33.0-255,66,286,33,56701
6028,2.7e-05,172.217.194.0-255,1484,1770,33,56701
6029,3e-05,172.31.33.0-255,66,1836,33,56701
6030,3.7e-05,172.217.194.0-255,4320,6156,33,56701
6031,3.9e-05,172.31.33.0-255,66,6222,33,56701
6032,8e-05,172.31.33.0-255,66,6288,33,56701
6033,0.000454,172.217.194.0-255,1484,7772,33,56701
6034,0.000458,172.31.33.0-255,66,7838,33,56701
6035,0.000464,172.217.194.0-255,2902,10740,33,56701
6036,0.000466,172.31.33.0-255,66,10806,33,56701
6037,0.000471,172.217.194.0-255,4320,15126,33,56701
6038,0.000477,172.31.33.0-255,66,15192,33,56701
6039,0.000496,172.217.194.0-255,1484,16676,33,56701
6040,0.000498,172.31.33.0-255,66,16742,33,56701
6041,0.000506,172.217.194.0-255,6797,23539,33,56701
6042,0.000508,172.31.33.0-255,66,23605,33,56701
6043,0.000744,172.217.194.0-255,1484,25089,33,56701
6044,0.000748,172.31.33.0-255,66,25155,33,56701
6045,0.000756,172.217.194.0-255,2902,28057,33,56701
6046,0.000758,172.31.33.0-255,66,28123,33,56701
6047,0.000767,172.217.194.0-255,5738,33861,33,56701
6048,0.000769,172.31.33.0-255,66,33927,33,56701
6049,0.000792,172.217.194.0-255,5738,39665,33,56701
6050,0.000794,172.31.33.0-255,66,39731,33,56701
6051,0.00083,172.31.33.0-255,66,39797,33,56701
6052,0.000841,172.31.33.0-255,66,39863,33,56701
6053,0.001623,172.217.194.0-255,646,40509,33,56701
6054,0.00163,172.31.33.0-255,66,40575,33,56701
6055,0.004611,172.217.194.0-255,1484,42059,33,56701
6056,0.004618,172.217.194.0-255,2902,44961,33,56701
6057,0.004622,172.31.33.0-255,66,45027,33,56701
6058,0.004626,172.217.194.0-255,1484,46511,33,56701
6059,0.006865,172.217.194.0-255,4320,50831,33,56701
6060,0.00687,172.31.33.0-255,66,50897,33,56701
6061,0.00911,172.217.194.0-255,5738,56635,33,56701
6062,0.009116,172.31.33.0-255,66,56701,33,56701
6063,0.0,172.217.194.0-255,153,153,33,89143
6064,2.3e-05,172.31.33.0-255,66,219,33,89143
6065,2.9e-05,172.217.194.0-255,1484,1703,33,89143
6066,3.3e-05,172.31.33.0-255,66,1769,33,89143
6067,3.7e-05,172.217.194.0-255,2902,4671,33,89143
6068,3.9e-05,172.31.33.0-255,66,4737,33,89143
6069,4.6e-05,172.217.194.0-255,7156,11893,33,89143
6070,4.8e-05,172.31.33.0-255,66,11959,33,89143
6071,7.5e-05,172.31.33.0-255,66,12025,33,89143
6072,9.7e-05,172.217.194.0-255,2902,14927,33,89143
6073,9.9e-05,172.31.33.0-255,66,14993,33,89143
6074,0.000124,172.31.33.0-255,66,15059,33,89143
6075,0.000704,172.217.194.0-255,1484,16543,33,89143
6076,0.00071,172.31.33.0-255,66,16609,33,89143
6077,0.000717,172.217.194.0-255,2902,19511,33,89143
6078,0.000719,172.31.33.0-255,66,19577,33,89143
6079,0.000743,172.217.194.0-255,5738,25315,33,89143
6080,0.000745,172.31.33.0-255,66,25381,33,89143
6081,0.000749,172.217.194.0-255,4320,29701,33,89143
6082,0.000751,172.31.33.0-255,66,29767,33,89143
6083,0.000794,172.217.194.0-255,2902,32669,33,89143
6084,0.000797,172.31.33.0-255,66,32735,33,89143
6085,0.000822,172.31.33.0-255,66,32801,33,89143
6086,0.000872,172.217.194.0-255,5738,38539,33,89143
6087,0.000875,172.31.33.0-255,66,38605,33,89143
6088,0.000888,172.217.194.0-255,2184,40789,33,89143
6089,0.000891,172.31.33.0-255,66,40855,33,89143
6090,0.000985,172.217.194.0-255,364,41219,33,89143
6091,0.000988,172.31.33.0-255,66,41285,33,89143
6092,0.001023,172.217.194.0-255,1484,42769,33,89143
6093,0.001042,172.217.194.0-255,2902,45671,33,89143
6094,0.001045,172.31.33.0-255,66,45737,33,89143
6095,0.001059,172.217.194.0-255,1484,47221,33,89143
6096,0.001063,172.217.194.0-255,4320,51541,33,89143
6097,0.001065,172.31.33.0-255,66,51607,33,89143
6098,0.001102,172.31.33.0-255,66,51673,33,89143
6099,0.001118,172.217.194.0-255,1484,53157,33,89143
6100,0.001124,172.217.194.0-255,7156,60313,33,89143
6101,0.001126,172.31.33.0-255,66,60379,33,89143
6102,0.001164,172.217.194.0-255,2902,63281,33,89143
6103,0.001166,172.31.33.0-255,66,63347,33,89143
6104,0.001182,172.217.194.0-255,3602,66949,33,89143
6105,0.001184,172.31.33.0-255,66,67015,33,89143
6106,0.00251,172.217.194.0-255,1484,68499,33,89143
6107,0.002527,172.217.194.0-255,2902,71401,33,89143
6108,0.00253,172.31.33.0-255,66,71467,33,89143
6109,0.002532,172.217.194.0-255,1484,72951,33,89143
6110,0.00254,172.217.194.0-255,1484,74435,33,89143
6111,0.002542,172.31.33.0-255,66,74501,33,89143
6112,0.002558,172.217.194.0-255,2902,77403,33,89143
6113,0.00256,172.31.33.0-255,66,77469,33,89143
6114,0.002563,172.217.194.0-255,1484,78953,33,89143
6115,0.005072,172.217.194.0-255,4320,83273,33,89143
6116,0.005077,172.31.33.0-255,66,83339,33,89143
6117,0.007595,172.217.194.0-255,5738,89077,33,89143
6118,0.007602,172.31.33.0-255,66,89143,33,89143
6119,0.0,172.31.33.0-255,105,105,33,459
6120,0.000246,172.31.33.0-255,90,195,33,459
6121,0.000256,172.31.33.0-255,66,261,33,459
6122,0.002714,74.125.130.0-255,66,327,33,459
6123,0.002741,74.125.130.0-255,66,393,33,459
6124,0.002753,172.31.33.0-255,66,459,33,459
6125,0.0,74.125.24.0-255,146,146,33,120243
6126,2.6e-05,172.31.33.0-255,66,212,33,120243
6127,3.3e-05,74.125.24.0-255,1484,1696,33,120243
6128,3.7e-05,172.31.33.0-255,66,1762,33,120243
6129,4.2e-05,74.125.24.0-255,2902,4664,33,120243
6130,5.2e-05,172.31.33.0-255,66,4730,33,120243
6131,5.9e-05,74.125.24.0-255,7156,11886,33,120243
6132,6.2e-05,172.31.33.0-255,66,11952,33,120243
6133,8.3e-05,74.125.24.0-255,1484,13436,33,120243
6134,8.5e-05,172.31.33.0-255,66,13502,33,120243
6135,0.000108,74.125.24.0-255,615,14117,33,120243
6136,0.000115,172.31.33.0-255,66,14183,33,120243
6137,0.000339,74.125.24.0-255,1484,15667,33,120243
6138,0.000345,172.31.33.0-255,66,15733,33,120243
6139,0.00035,74.125.24.0-255,2902,18635,33,120243
6140,0.000353,172.31.33.0-255,66,18701,33,120243
6141,0.000362,74.125.24.0-255,1484,20185,33,120243
6142,0.000365,172.31.33.0-255,66,20251,33,120243
6143,0.000401,74.125.24.0-255,4320,24571,33,120243
6144,0.000404,172.31.33.0-255,66,24637,33,120243
6145,0.00041,74.125.24.0-255,4320,28957,33,120243
6146,0.000413,172.31.33.0-255,66,29023,33,120243
6147,0.000416,74.125.24.0-255,1484,30507,33,120243
6148,0.000424,172.31.33.0-255,66,30573,33,120243
6149,0.000444,74.125.24.0-255,1125,31698,33,120243
6150,0.000447,172.31.33.0-255,66,31764,33,120243
6151,0.000741,74.125.24.0-255,1484,33248,33,120243
6152,0.000748,172.31.33.0-255,66,33314,33,120243
6153,0.000757,74.125.24.0-255,2902,36216,33,120243
6154,0.00076,172.31.33.0-255,66,36282,33,120243
6155,0.000774,74.125.24.0-255,5738,42020,33,120243
6156,0.000777,172.31.33.0-255,66,42086,33,120243
6157,0.000801,74.125.24.0-255,4320,46406,33,120243
6158,0.000804,172.31.33.0-255,66,46472,33,120243
6159,0.000827,74.125.24.0-255,2543,49015,33,120243
6160,0.00083,172.31.33.0-255,66,49081,33,120243
6161,0.001133,74.125.24.0-255,1484,50565,33,120243
6162,0.001139,172.31.33.0-255,66,50631,33,120243
6163,0.001146,74.125.24.0-255,2902,53533,33,120243
6164,0.001147,172.31.33.0-255,66,53599,33,120243
6165,0.001159,74.125.24.0-255,5738,59337,33,120243
6166,0.001161,172.31.33.0-255,66,59403,33,120243
6167,0.001164,74.125.24.0-255,1484,60887,33,120243
6168,0.001166,172.31.33.0-255,66,60953,33,120243
6169,0.0012,74.125.24.0-255,4320,65273,33,120243
6170,0.001203,172.31.33.0-255,66,65339,33,120243
6171,0.001228,74.125.24.0-255,1418,66757,33,120243
6172,0.00123,172.31.33.0-255,66,66823,33,120243
6173,0.001246,74.125.24.0-255,384,67207,33,120243
6174,0.001248,172.31.33.0-255,66,67273,33,120243
6175,0.001736,74.125.24.0-255,1484,68757,33,120243
6176,0.001738,172.31.33.0-255,66,68823,33,120243
6177,0.001742,74.125.24.0-255,1484,70307,33,120243
6178,0.001744,172.31.33.0-255,66,70373,33,120243
6179,0.001774,74.125.24.0-255,1484,71857,33,120243
6180,0.001776,172.31.33.0-255,66,71923,33,120243
6181,0.001782,74.125.24.0-255,5738,77661,33,120243
6182,0.001784,172.31.33.0-255,66,77727,33,120243
6183,0.001793,74.125.24.0-255,4320,82047,33,120243
6184,0.001796,172.31.33.0-255,66,82113,33,120243
6185,0.001819,74.125.24.0-255,1484,83597,33,120243
6186,0.001821,172.31.33.0-255,66,83663,33,120243
6187,0.001831,74.125.24.0-255,1125,84788,33,120243
6188,0.001837,172.31.33.0-255,66,84854,33,120243
6189,0.002074,74.125.24.0-255,1484,86338,33,120243
6190,0.002077,172.31.33.0-255,66,86404,33,120243
6191,0.00208,74.125.24.0-255,1484,87888,33,120243
6192,0.002082,172.31.33.0-255,66,87954,33,120243
6193,0.002101,74.125.24.0-255,1484,89438,33,120243
6194,0.002104,172.31.33.0-255,66,89504,33,120243
6195,0.002114,74.125.24.0-255,5738,95242,33,120243
6196,0.002116,172.31.33.0-255,66,95308,33,120243
6197,0.002149,74.125.24.0-255,6797,102105,33,120243
6198,0.002152,172.31.33.0-255,66,102171,33,120243
6199,0.004458,74.125.24.0-255,1484,103655,33,120243
6200,0.004461,172.31.33.0-255,66,103721,33,120243
6201,0.004465,74.125.24.0-255,1484,105205,33,120243
6202,0.004467,172.31.33.0-255,66,105271,33,120243
6203,0.004483,74.125.24.0-255,1484,106755,33,120243
6204,0.004486,172.31.33.0-255,66,106821,33,120243
6205,0.004493,74.125.24.0-255,1484,108305,33,120243
6206,0.004495,172.31.33.0-255,66,108371,33,120243
6207,0.006764,74.125.24.0-255,1484,109855,33,120243
6208,0.006771,172.31.33.0-255,66,109921,33,120243
6209,0.006806,74.125.24.0-255,4320,114241,33,120243
6210,0.00681,172.31.33.0-255,66,114307,33,120243
6211,0.009046,74.125.24.0-255,1484,115791,33,120243
6212,0.009053,172.31.33.0-255,66,115857,33,120243
6213,0.009089,74.125.24.0-255,4320,120177,33,120243
6214,0.009092,172.31.33.0-255,66,120243,33,120243
6215,0.0,74.125.130.0-255,147,147,33,110434
6216,1.6e-05,172.31.33.0-255,66,213,33,110434
6217,2.3e-05,74.125.130.0-255,1484,1697,33,110434
6218,2.8e-05,172.31.33.0-255,66,1763,33,110434
6219,3.2e-05,74.125.130.0-255,1484,3247,33,110434
6220,3.5e-05,172.31.33.0-255,66,3313,33,110434
6221,6e-05,74.125.130.0-255,1484,4797,33,110434
6222,6.3e-05,172.31.33.0-255,66,4863,33,110434
6223,6.6e-05,74.125.130.0-255,1484,6347,33,110434
6224,6.8e-05,172.31.33.0-255,66,6413,33,110434
6225,7.2e-05,74.125.130.0-255,1484,7897,33,110434
6226,7.4e-05,172.31.33.0-255,66,7963,33,110434
6227,9.9e-05,74.125.130.0-255,4320,12283,33,110434
6228,0.000101,172.31.33.0-255,66,12349,33,110434
6229,0.000135,74.125.130.0-255,2126,14475,33,110434
6230,0.000138,172.31.33.0-255,66,14541,33,110434
6231,0.000528,74.125.130.0-255,1484,16025,33,110434
6232,0.000534,172.31.33.0-255,66,16091,33,110434
6233,0.000542,74.125.130.0-255,2902,18993,33,110434
6234,0.000544,172.31.33.0-255,66,19059,33,110434
6235,0.000549,74.125.130.0-255,2902,21961,33,110434
6236,0.000551,172.31.33.0-255,66,22027,33,110434
6237,0.000556,74.125.130.0-255,4320,26347,33,110434
6238,0.000559,172.31.33.0-255,66,26413,33,110434
6239,0.000585,74.125.130.0-255,1484,27897,33,110434
6240,0.000587,172.31.33.0-255,66,27963,33,110434
6241,0.000608,74.125.130.0-255,3961,31924,33,110434
6242,0.000611,172.31.33.0-255,66,31990,33,110434
6243,0.000735,74.125.130.0-255,1484,33474,33,110434
6244,0.000739,172.31.33.0-255,66,33540,33,110434
6245,0.000762,74.125.130.0-255,2902,36442,33,110434
6246,0.000766,172.31.33.0-255,66,36508,33,110434
6247,0.000772,74.125.130.0-255,5738,42246,33,110434
6248,0.000774,172.31.33.0-255,66,42312,33,110434
6249,0.000793,74.125.130.0-255,1484,43796,33,110434
6250,0.000813,74.125.130.0-255,5379,49175,33,110434
6251,0.000816,172.31.33.0-255,66,49241,33,110434
6252,0.000824,74.125.130.0-255,7156,56397,33,110434
6253,0.000826,172.31.33.0-255,66,56463,33,110434
6254,0.000857,74.125.130.0-255,1484,57947,33,110434
6255,0.00087,74.125.130.0-255,2902,60849,33,110434
6256,0.000873,172.31.33.0-255,66,60915,33,110434
6257,0.000888,74.125.130.0-255,5636,66551,33,110434
6258,0.000891,172.31.33.0-255,66,66617,33,110434
6259,0.001216,74.125.130.0-255,118,66735,33,110434
6260,0.001328,74.125.130.0-255,1484,68219,33,110434
6261,0.001335,172.31.33.0-255,66,68285,33,110434
6262,0.001343,74.125.130.0-255,2902,71187,33,110434
6263,0.001346,172.31.33.0-255,66,71253,33,110434
6264,0.001349,74.125.130.0-255,1484,72737,33,110434
6265,0.001376,74.125.130.0-255,5738,78475,33,110434
6266,0.001378,172.31.33.0-255,66,78541,33,110434
6267,0.001407,74.125.130.0-255,5738,84279,33,110434
6268,0.001411,172.31.33.0-255,66,84345,33,110434
6269,0.001429,74.125.130.0-255,5379,89724,33,110434
6270,0.001432,172.31.33.0-255,66,89790,33,110434
6271,0.001487,74.125.130.0-255,2902,92692,33,110434
6272,0.00149,172.31.33.0-255,66,92758,33,110434
6273,0.001514,172.31.33.0-255,66,92824,33,110434
6274,0.003828,74.125.130.0-255,2902,95726,33,110434
6275,0.003835,172.31.33.0-255,66,95792,33,110434
6276,0.003857,74.125.130.0-255,2902,98694,33,110434
6277,0.003859,172.31.33.0-255,66,98760,33,110434
6278,0.006164,74.125.130.0-255,5738,104498,33,110434
6279,0.00617,172.31.33.0-255,66,104564,33,110434
6280,0.008456,74.125.130.0-255,1484,106048,33,110434
6281,0.008483,74.125.130.0-255,4320,110368,33,110434
6282,0.008488,172.31.33.0-255,66,110434,33,110434
6283,0.0,74.125.68.0-255,219,219,33,290794
6284,2e-05,172.31.33.0-255,66,285,33,290794
6285,2.6e-05,74.125.68.0-255,1484,1769,33,290794
6286,3e-05,172.31.33.0-255,66,1835,33,290794
6287,3.6e-05,74.125.68.0-255,4320,6155,33,290794
6288,3.9e-05,172.31.33.0-255,66,6221,33,290794
6289,4.9e-05,74.125.68.0-255,2902,9123,33,290794
6290,5.2e-05,172.31.33.0-255,66,9189,33,290794
6291,5.8e-05,74.125.68.0-255,4320,13509,33,290794
6292,6.1e-05,172.31.33.0-255,66,13575,33,290794
6293,9.7e-05,74.125.68.0-255,4320,17895,33,290794
6294,0.0001,172.31.33.0-255,66,17961,33,290794
6295,0.000117,74.125.68.0-255,4759,22720,33,290794
6296,0.00012,172.31.33.0-255,66,22786,33,290794
6297,0.000153,172.31.33.0-255,66,22852,33,290794
6298,0.000554,74.125.68.0-255,1484,24336,33,290794
6299,0.000559,172.31.33.0-255,66,24402,33,290794
6300,0.000572,74.125.68.0-255,2902,27304,33,290794
6301,0.000577,172.31.33.0-255,66,27370,33,290794
6302,0.000609,74.125.68.0-255,5738,33108,33,290794
6303,0.000612,172.31.33.0-255,66,33174,33,290794
6304,0.000617,74.125.68.0-255,2902,36076,33,290794
6305,0.000618,172.31.33.0-255,66,36142,33,290794
6306,0.000649,74.125.68.0-255,4320,40462,33,290794
6307,0.000654,74.125.68.0-255,4320,44782,33,290794
6308,0.000659,172.31.33.0-255,66,44848,33,290794
6309,0.000665,172.31.33.0-255,66,44914,33,290794
6310,0.000674,74.125.68.0-255,4320,49234,33,290794
6311,0.000676,172.31.33.0-255,66,49300,33,290794
6312,0.000707,74.125.68.0-255,2902,52202,33,290794
6313,0.000709,172.31.33.0-255,66,52268,33,290794
6314,0.000738,74.125.68.0-255,5310,57578,33,290794
6315,0.00074,172.31.33.0-255,66,57644,33,290794
6316,0.000743,74.125.68.0-255,139,57783,33,290794
6317,0.000824,74.125.68.0-255,1484,59267,33,290794
6318,0.000827,172.31.33.0-255,66,59333,33,290794
6319,0.000831,74.125.68.0-255,1484,60817,33,290794
6320,0.00085,74.125.68.0-255,1484,62301,33,290794
6321,0.000853,172.31.33.0-255,66,62367,33,290794
6322,0.000857,74.125.68.0-255,1484,63851,33,290794
6323,0.000877,74.125.68.0-255,2902,66753,33,290794
6324,0.00088,172.31.33.0-255,66,66819,33,290794
6325,0.000897,74.125.68.0-255,5738,72557,33,290794
6326,0.000899,172.31.33.0-255,66,72623,33,290794
6327,0.000905,74.125.68.0-255,4320,76943,33,290794
6328,0.000907,172.31.33.0-255,66,77009,33,290794
6329,0.000909,74.125.68.0-255,1484,78493,33,290794
6330,0.000939,74.125.68.0-255,4320,82813,33,290794
6331,0.000942,172.31.33.0-255,66,82879,33,290794
6332,0.000968,172.31.33.0-255,66,82945,33,290794
6333,0.00121,74.125.68.0-255,1484,84429,33,290794
6334,0.001227,74.125.68.0-255,2902,87331,33,290794
6335,0.001231,172.31.33.0-255,66,87397,33,290794
6336,0.001261,74.125.68.0-255,5738,93135,33,290794
6337,0.001264,172.31.33.0-255,66,93201,33,290794
6338,0.001267,74.125.68.0-255,1484,94685,33,290794
6339,0.001271,74.125.68.0-255,2902,97587,33,290794
6340,0.001273,172.31.33.0-255,66,97653,33,290794
6341,0.001309,74.125.68.0-255,2902,100555,33,290794
6342,0.001311,172.31.33.0-255,66,100621,33,290794
6343,0.001336,74.125.68.0-255,2902,103523,33,290794
6344,0.001339,172.31.33.0-255,66,103589,33,290794
6345,0.001351,172.31.33.0-255,66,103655,33,290794
6346,0.001354,74.125.68.0-255,1484,105139,33,290794
6347,0.001379,74.125.68.0-255,3602,108741,33,290794
6348,0.001382,172.31.33.0-255,66,108807,33,290794
6349,0.001584,74.125.68.0-255,1484,110291,33,290794
6350,0.001589,74.125.68.0-255,1484,111775,33,290794
6351,0.001592,172.31.33.0-255,66,111841,33,290794
6352,0.001603,74.125.68.0-255,1484,113325,33,290794
6353,0.00161,74.125.68.0-255,1484,114809,33,290794
6354,0.001612,172.31.33.0-255,66,114875,33,290794
6355,0.001637,74.125.68.0-255,2902,117777,33,290794
6356,0.00164,172.31.33.0-255,66,117843,33,290794
6357,0.001646,74.125.68.0-255,5738,123581,33,290794
6358,0.001648,172.31.33.0-255,66,123647,33,290794
6359,0.001652,74.125.68.0-255,1484,125131,33,290794
6360,0.001687,172.31.33.0-255,66,125197,33,290794
6361,0.001693,74.125.68.0-255,4320,129517,33,290794
6362,0.001695,172.31.33.0-255,66,129583,33,290794
6363,0.001737,74.125.68.0-255,2902,132485,33,290794
6364,0.00174,172.31.33.0-255,66,132551,33,290794
6365,0.001771,172.31.33.0-255,66,132617,33,290794
6366,0.001782,172.31.33.0-255,66,132683,33,290794
6367,0.001822,74.125.68.0-255,7156,139839,33,290794
6368,0.001825,172.31.33.0-255,66,139905,33,290794
6369,0.001831,74.125.68.0-255,4320,144225,33,290794
6370,0.001833,172.31.33.0-255,66,144291,33,290794
6371,0.001837,74.125.68.0-255,2184,146475,33,290794
6372,0.001839,172.31.33.0-255,66,146541,33,290794
6373,0.001864,74.125.68.0-255,1484,148025,33,290794
6374,0.001883,74.125.68.0-255,1484,149509,33,290794
6375,0.001886,172.31.33.0-255,66,149575,33,290794
6376,0.001889,74.125.68.0-255,1484,151059,33,290794
6377,0.001894,74.125.68.0-255,2902,153961,33,290794
6378,0.001897,172.31.33.0-255,66,154027,33,290794
6379,0.001907,74.125.68.0-255,5738,159765,33,290794
6380,0.00191,172.31.33.0-255,66,159831,33,290794
6381,0.001935,74.125.68.0-255,1484,161315,33,290794
6382,0.001966,172.31.33.0-255,66,161381,33,290794
6383,0.00197,74.125.68.0-255,2902,164283,33,290794
6384,0.001973,172.31.33.0-255,66,164349,33,290794
6385,0.002008,74.125.68.0-255,1484,165833,33,290794
6386,0.002012,74.125.68.0-255,2902,168735,33,290794
6387,0.002021,172.31.33.0-255,66,168801,33,290794
6388,0.002025,172.31.33.0-255,66,168867,33,290794
6389,0.002028,74.125.68.0-255,1484,170351,33,290794
6390,0.00206,74.125.68.0-255,4320,174671,33,290794
6391,0.002063,172.31.33.0-255,66,174737,33,290794
6392,0.002065,74.125.68.0-255,1484,176221,33,290794
6393,0.002093,74.125.68.0-255,5738,181959,33,290794
6394,0.002098,172.31.33.0-255,66,182025,33,290794
6395,0.002107,74.125.68.0-255,2902,184927,33,290794
6396,0.002111,74.125.68.0-255,4320,189247,33,290794
6397,0.002113,74.125.68.0-255,1484,190731,33,290794
6398,0.00213,74.125.68.0-255,1484,192215,33,290794
6399,0.002135,74.125.68.0-255,2902,195117,33,290794
6400,0.002148,74.125.68.0-255,1484,196601,33,290794
6401,0.00216,74.125.68.0-255,2184,198785,33,290794
6402,0.002218,74.125.68.0-255,4320,203105,33,290794
6403,0.002225,74.125.68.0-255,5738,208843,33,290794
6404,0.002231,74.125.68.0-255,4320,213163,33,290794
6405,0.002255,74.125.68.0-255,7156,220319,33,290794
6406,0.00226,74.125.68.0-255,4320,224639,33,290794
6407,0.002335,74.125.68.0-255,7156,231795,33,290794
6408,0.002364,74.125.68.0-255,3602,235397,33,290794
6409,0.002379,74.125.68.0-255,4320,239717,33,290794
6410,0.002411,74.125.68.0-255,1484,241201,33,290794
6411,0.00246,74.125.68.0-255,1484,242685,33,290794
6412,0.002477,74.125.68.0-255,2902,245587,33,290794
6413,0.002505,74.125.68.0-255,4320,249907,33,290794
6414,0.002515,74.125.68.0-255,1484,251391,33,290794
6415,0.002525,74.125.68.0-255,1484,252875,33,290794
6416,0.002538,74.125.68.0-255,2902,255777,33,290794
6417,0.002578,74.125.68.0-255,2902,258679,33,290794
6418,0.002582,74.125.68.0-255,4320,262999,33,290794
6419,0.002605,74.125.68.0-255,3602,266601,33,290794
6420,0.002647,74.125.68.0-255,4320,270921,33,290794
6421,0.002665,74.125.68.0-255,2902,273823,33,290794
6422,0.002675,74.125.68.0-255,1484,275307,33,290794
6423,0.002703,74.125.68.0-255,4320,279627,33,290794
6424,0.002714,74.125.68.0-255,1484,281111,33,290794
6425,0.002719,74.125.68.0-255,2902,284013,33,290794
6426,0.002766,74.125.68.0-255,1484,285497,33,290794
6427,0.002772,74.125.68.0-255,5095,290592,33,290794
6428,0.002794,74.125.68.0-255,97,290689,33,290794
6429,0.002896,74.125.68.0-255,105,290794,33,290794
6430,0.0,172.217.194.0-255,147,147,33,232653
6431,2.1e-05,172.31.33.0-255,66,213,33,232653
6432,2.8e-05,172.217.194.0-255,1484,1697,33,232653
6433,3.2e-05,172.31.33.0-255,66,1763,33,232653
6434,3.8e-05,172.217.194.0-255,2902,4665,33,232653
6435,4e-05,172.31.33.0-255,66,4731,33,232653
6436,4.8e-05,172.217.194.0-255,7156,11887,33,232653
6437,5.1e-05,172.31.33.0-255,66,11953,33,232653
6438,5.6e-05,172.217.194.0-255,4320,16273,33,232653
6439,5.8e-05,172.31.33.0-255,66,16339,33,232653
6440,8.8e-05,172.217.194.0-255,2042,18381,33,232653
6441,9.1e-05,172.31.33.0-255,66,18447,33,232653
6442,9.8e-05,172.217.194.0-255,7156,25603,33,232653
6443,0.0001,172.31.33.0-255,66,25669,33,232653
6444,0.000104,172.217.194.0-255,2902,28571,33,232653
6445,0.000106,172.31.33.0-255,66,28637,33,232653
6446,0.000127,172.217.194.0-255,2543,31180,33,232653
6447,0.000129,172.31.33.0-255,66,31246,33,232653
6448,0.000184,172.217.194.0-255,1484,32730,33,232653
6449,0.000186,172.31.33.0-255,66,32796,33,232653
6450,0.000206,172.217.194.0-255,2902,35698,33,232653
6451,0.000209,172.31.33.0-255,66,35764,33,232653
6452,0.000213,172.217.194.0-255,4320,40084,33,232653
6453,0.000215,172.31.33.0-255,66,40150,33,232653
6454,0.000238,172.217.194.0-255,2902,43052,33,232653
6455,0.000239,172.31.33.0-255,66,43118,33,232653
6456,0.000261,172.217.194.0-255,6797,49915,33,232653
6457,0.000263,172.31.33.0-255,66,49981,33,232653
6458,0.000269,172.217.194.0-255,5738,55719,33,232653
6459,0.000271,172.31.33.0-255,66,55785,33,232653
6460,0.00029,172.217.194.0-255,5738,61523,33,232653
6461,0.000293,172.31.33.0-255,66,61589,33,232653
6462,0.000314,172.217.194.0-255,3961,65550,33,232653
6463,0.000317,172.31.33.0-255,66,65616,33,232653
6464,0.000357,172.217.194.0-255,1484,67100,33,232653
6465,0.000372,172.217.194.0-255,2902,70002,33,232653
6466,0.000374,172.31.33.0-255,66,70068,33,232653
6467,0.000395,172.217.194.0-255,5738,75806,33,232653
6468,0.000398,172.31.33.0-255,66,75872,33,232653
6469,0.000417,172.217.194.0-255,2902,78774,33,232653
6470,0.000419,172.31.33.0-255,66,78840,33,232653
6471,0.000435,172.217.194.0-255,4253,83093,33,232653
6472,0.000437,172.31.33.0-255,66,83159,33,232653
6473,0.000449,172.217.194.0-255,2902,86061,33,232653
6474,0.000451,172.31.33.0-255,66,86127,33,232653
6475,0.000471,172.217.194.0-255,4320,90447,33,232653
6476,0.000473,172.31.33.0-255,66,90513,33,232653
6477,0.000514,172.217.194.0-255,7156,97669,33,232653
6478,0.000516,172.31.33.0-255,66,97735,33,232653
6479,0.000549,172.217.194.0-255,2260,99995,33,232653
6480,0.000551,172.31.33.0-255,66,100061,33,232653
6481,0.000588,172.217.194.0-255,2902,102963,33,232653
6482,0.000591,172.31.33.0-255,66,103029,33,232653
6483,0.00061,172.217.194.0-255,2902,105931,33,232653
6484,0.000612,172.31.33.0-255,66,105997,33,232653
6485,0.000625,172.217.194.0-255,2902,108899,33,232653
6486,0.000628,172.31.33.0-255,66,108965,33,232653
6487,0.000632,172.217.194.0-255,2902,111867,33,232653
6488,0.000633,172.31.33.0-255,66,111933,33,232653
6489,0.000659,172.217.194.0-255,7156,119089,33,232653
6490,0.000661,172.31.33.0-255,66,119155,33,232653
6491,0.000673,172.217.194.0-255,2902,122057,33,232653
6492,0.000675,172.31.33.0-255,66,122123,33,232653
6493,0.000699,172.217.194.0-255,4320,126443,33,232653
6494,0.000702,172.31.33.0-255,66,126509,33,232653
6495,0.000722,172.217.194.0-255,5738,132247,33,232653
6496,0.000724,172.31.33.0-255,66,132313,33,232653
6497,0.000743,172.217.194.0-255,2184,134497,33,232653
6498,0.000745,172.31.33.0-255,66,134563,33,232653
6499,0.00077,172.217.194.0-255,2902,137465,33,232653
6500,0.000772,172.31.33.0-255,66,137531,33,232653
6501,0.000788,172.217.194.0-255,7156,144687,33,232653
6502,0.00079,172.31.33.0-255,66,144753,33,232653
6503,0.000793,172.217.194.0-255,1484,146237,33,232653
6504,0.000814,172.217.194.0-255,7156,153393,33,232653
6505,0.000816,172.31.33.0-255,66,153459,33,232653
6506,0.000835,172.217.194.0-255,2902,156361,33,232653
6507,0.000838,172.31.33.0-255,66,156427,33,232653
6508,0.000842,172.217.194.0-255,2902,159329,33,232653
6509,0.000843,172.31.33.0-255,66,159395,33,232653
6510,0.00087,172.31.33.0-255,66,159461,33,232653
6511,0.001002,172.217.194.0-255,1484,160945,33,232653
6512,0.001007,172.217.194.0-255,1484,162429,33,232653
6513,0.001009,172.31.33.0-255,66,162495,33,232653
6514,0.001027,172.217.194.0-255,1484,163979,33,232653
6515,0.001033,172.217.194.0-255,5738,169717,33,232653
6516,0.001035,172.31.33.0-255,66,169783,33,232653
6517,0.001052,172.217.194.0-255,1484,171267,33,232653
6518,0.001074,172.31.33.0-255,66,171333,33,232653
6519,0.001091,172.217.194.0-255,5738,177071,33,232653
6520,0.001093,172.31.33.0-255,66,177137,33,232653
6521,0.001107,172.217.194.0-255,4320,181457,33,232653
6522,0.00111,172.31.33.0-255,66,181523,33,232653
6523,0.001112,172.217.194.0-255,766,182289,33,232653
6524,0.001643,172.217.194.0-255,1484,183773,33,232653
6525,0.001651,172.31.33.0-255,66,183839,33,232653
6526,0.00166,172.217.194.0-255,2902,186741,33,232653
6527,0.001662,172.31.33.0-255,66,186807,33,232653
6528,0.001677,172.217.194.0-255,4320,191127,33,232653
6529,0.001679,172.31.33.0-255,66,191193,33,232653
6530,0.001701,172.217.194.0-255,1484,192677,33,232653
6531,0.001707,172.217.194.0-255,5738,198415,33,232653
6532,0.001709,172.31.33.0-255,66,198481,33,232653
6533,0.00173,172.217.194.0-255,7156,205637,33,232653
6534,0.001732,172.31.33.0-255,66,205703,33,232653
6535,0.001763,172.217.194.0-255,5738,211441,33,232653
6536,0.001766,172.31.33.0-255,66,211507,33,232653
6537,0.001772,172.217.194.0-255,5020,216527,33,232653
6538,0.001774,172.31.33.0-255,66,216593,33,232653
6539,0.004284,172.217.194.0-255,5738,222331,33,232653
6540,0.004292,172.31.33.0-255,66,222397,33,232653
6541,0.006855,172.217.194.0-255,4320,226717,33,232653
6542,0.006859,172.31.33.0-255,66,226783,33,232653
6543,0.00688,172.217.194.0-255,1484,228267,33,232653
6544,0.009469,172.217.194.0-255,4320,232587,33,232653
6545,0.009476,172.31.33.0-255,66,232653,33,232653
6546,0.0,172.31.33.0-255,105,105,33,1443
6547,4.4e-05,172.31.33.0-255,105,210,33,1443
6548,9.8e-05,172.31.33.0-255,105,315,33,1443
6549,0.000319,172.31.33.0-255,90,405,33,1443
6550,0.000328,172.31.33.0-255,66,471,33,1443
6551,0.000492,172.31.33.0-255,90,561,33,1443
6552,0.000521,172.31.33.0-255,66,627,33,1443
6553,0.000696,172.31.33.0-255,90,717,33,1443
6554,0.000703,172.31.33.0-255,66,783,33,1443
6555,0.00251,74.125.68.0-255,66,849,33,1443
6556,0.002522,74.125.68.0-255,66,915,33,1443
6557,0.002527,172.31.33.0-255,66,981,33,1443
6558,0.002531,74.125.68.0-255,66,1047,33,1443
6559,0.002682,74.125.200.0-255,66,1113,33,1443
6560,0.002703,74.125.200.0-255,66,1179,33,1443
6561,0.002715,172.31.33.0-255,66,1245,33,1443
6562,0.00298,74.125.68.0-255,66,1311,33,1443
6563,0.002991,74.125.68.0-255,66,1377,33,1443
6564,0.002998,172.31.33.0-255,66,1443,33,1443
6565,0.0,74.125.24.0-255,143,143,33,100204
6566,1.9e-05,172.31.33.0-255,66,209,33,100204
6567,2.7e-05,74.125.24.0-255,1484,1693,33,100204
6568,3.1e-05,172.31.33.0-255,66,1759,33,100204
6569,3.7e-05,74.125.24.0-255,2902,4661,33,100204
6570,4.7e-05,172.31.33.0-255,66,4727,33,100204
6571,5.5e-05,74.125.24.0-255,7156,11883,33,100204
6572,5.8e-05,172.31.33.0-255,66,11949,33,100204
6573,7.6e-05,74.125.24.0-255,1993,13942,33,100204
6574,8.3e-05,172.31.33.0-255,66,14008,33,100204
6575,0.000207,74.125.24.0-255,1484,15492,33,100204
6576,0.000211,172.31.33.0-255,66,15558,33,100204
6577,0.000217,74.125.24.0-255,2902,18460,33,100204
6578,0.000219,172.31.33.0-255,66,18526,33,100204
6579,0.000254,74.125.24.0-255,5738,24264,33,100204
6580,0.000257,172.31.33.0-255,66,24330,33,100204
6581,0.000273,74.125.24.0-255,4320,28650,33,100204
6582,0.000275,172.31.33.0-255,66,28716,33,100204
6583,0.000303,74.125.24.0-255,2543,31259,33,100204
6584,0.000305,172.31.33.0-255,66,31325,33,100204
6585,0.000453,74.125.24.0-255,1484,32809,33,100204
6586,0.000457,172.31.33.0-255,66,32875,33,100204
6587,0.000463,74.125.24.0-255,2902,35777,33,100204
6588,0.000465,172.31.33.0-255,66,35843,33,100204
6589,0.000471,74.125.24.0-255,4320,40163,33,100204
6590,0.000473,172.31.33.0-255,66,40229,33,100204
6591,0.000497,74.125.24.0-255,1484,41713,33,100204
6592,0.000499,172.31.33.0-255,66,41779,33,100204
6593,0.000506,74.125.24.0-255,1484,43263,33,100204
6594,0.000508,172.31.33.0-255,66,43329,33,100204
6595,0.000524,74.125.24.0-255,5738,49067,33,100204
6596,0.000526,172.31.33.0-255,66,49133,33,100204
6597,0.000598,74.125.24.0-255,396,49529,33,100204
6598,0.000606,172.31.33.0-255,66,49595,33,100204
6599,0.000616,74.125.24.0-255,113,49708,33,100204
6600,0.000756,74.125.24.0-255,1484,51192,33,100204
6601,0.00076,172.31.33.0-255,66,51258,33,100204
6602,0.000765,74.125.24.0-255,2902,54160,33,100204
6603,0.000792,172.31.33.0-255,66,54226,33,100204
6604,0.000795,74.125.24.0-255,1484,55710,33,100204
6605,0.000799,74.125.24.0-255,2902,58612,33,100204
6606,0.000803,172.31.33.0-255,66,58678,33,100204
6607,0.000826,74.125.24.0-255,5738,64416,33,100204
6608,0.000837,74.125.24.0-255,2543,66959,33,100204
6609,0.000849,172.31.33.0-255,66,67025,33,100204
6610,0.000871,74.125.24.0-255,2902,69927,33,100204
6611,0.000875,74.125.24.0-255,2902,72829,33,100204
6612,0.000899,74.125.24.0-255,4320,77149,33,100204
6613,0.000904,74.125.24.0-255,5738,82887,33,100204
6614,0.000909,172.31.33.0-255,66,82953,33,100204
6615,0.000932,74.125.24.0-255,1125,84078,33,100204
6616,0.00145,172.31.33.0-255,66,84144,33,100204
6617,0.002322,74.125.24.0-255,1484,85628,33,100204
6618,0.003215,74.125.24.0-255,2902,88530,33,100204
6619,0.00322,172.31.33.0-255,66,88596,33,100204
6620,0.005524,74.125.24.0-255,5738,94334,33,100204
6621,0.005528,172.31.33.0-255,66,94400,33,100204
6622,0.007823,74.125.24.0-255,5738,100138,33,100204
6623,0.007829,172.31.33.0-255,66,100204,33,100204
6624,0.0,172.31.33.0-255,105,105,33,918
6625,7e-05,172.31.33.0-255,105,210,33,918
6626,0.000235,172.31.33.0-255,90,300,33,918
6627,0.000243,172.31.33.0-255,66,366,33,918
6628,0.000507,172.31.33.0-255,90,456,33,918
6629,0.000513,172.31.33.0-255,66,522,33,918
6630,0.002485,74.125.24.0-255,66,588,33,918
6631,0.002504,74.125.24.0-255,66,654,33,918
6632,0.002511,172.31.33.0-255,66,720,33,918
6633,0.002577,74.125.24.0-255,66,786,33,918
6634,0.002595,74.125.24.0-255,66,852,33,918
6635,0.002597,172.31.33.0-255,66,918,33,918
6636,0.0,74.125.24.0-255,146,146,33,171108
6637,2.5e-05,172.31.33.0-255,66,212,33,171108
6638,3.2e-05,74.125.24.0-255,1484,1696,33,171108
6639,3.7e-05,172.31.33.0-255,66,1762,33,171108
6640,4.3e-05,74.125.24.0-255,2902,4664,33,171108
6641,4.5e-05,172.31.33.0-255,66,4730,33,171108
6642,5.3e-05,74.125.24.0-255,7156,11886,33,171108
6643,5.6e-05,172.31.33.0-255,66,11952,33,171108
6644,6.2e-05,74.125.24.0-255,4877,16829,33,171108
6645,6.5e-05,172.31.33.0-255,66,16895,33,171108
6646,6.8e-05,74.125.24.0-255,1484,18379,33,171108
6647,7.2e-05,172.31.33.0-255,66,18445,33,171108
6648,0.000107,172.31.33.0-255,66,18511,33,171108
6649,0.000123,172.31.33.0-255,66,18577,33,171108
6650,0.000138,74.125.24.0-255,2184,20761,33,171108
6651,0.00014,172.31.33.0-255,66,20827,33,171108
6652,0.000181,74.125.24.0-255,4320,25147,33,171108
6653,0.000183,172.31.33.0-255,66,25213,33,171108
6654,0.000204,172.31.33.0-255,66,25279,33,171108
6655,0.000225,74.125.24.0-255,1484,26763,33,171108
6656,0.000227,172.31.33.0-255,66,26829,33,171108
6657,0.00023,74.125.24.0-255,1479,28308,33,171108
6658,0.000232,172.31.33.0-255,66,28374,33,171108
6659,0.000256,74.125.24.0-255,1484,29858,33,171108
6660,0.000259,172.31.33.0-255,66,29924,33,171108
6661,0.000264,74.125.24.0-255,2902,32826,33,171108
6662,0.000267,172.31.33.0-255,66,32892,33,171108
6663,0.000273,74.125.24.0-255,5738,38630,33,171108
6664,0.000276,172.31.33.0-255,66,38696,33,171108
6665,0.000311,172.31.33.0-255,66,38762,33,171108
6666,0.000319,74.125.24.0-255,7156,45918,33,171108
6667,0.000321,172.31.33.0-255,66,45984,33,171108
6668,0.000355,74.125.24.0-255,3602,49586,33,171108
6669,0.000358,172.31.33.0-255,66,49652,33,171108
6670,0.000377,74.125.24.0-255,4588,54240,33,171108
6671,0.00038,172.31.33.0-255,66,54306,33,171108
6672,0.000409,172.31.33.0-255,66,54372,33,171108
6673,0.000414,74.125.24.0-255,2902,57274,33,171108
6674,0.000416,172.31.33.0-255,66,57340,33,171108
6675,0.00045,74.125.24.0-255,1484,58824,33,171108
6676,0.000486,74.125.24.0-255,2184,61008,33,171108
6677,0.00049,74.125.24.0-255,2902,63910,33,171108
6678,0.000493,74.125.24.0-255,1484,65394,33,171108
6679,0.000509,74.125.24.0-255,5738,71132,33,171108
6680,0.000514,74.125.24.0-255,4320,75452,33,171108
6681,0.000531,74.125.24.0-255,2902,78354,33,171108
6682,0.000557,74.125.24.0-255,1484,79838,33,171108
6683,0.000559,74.125.24.0-255,766,80604,33,171108
6684,0.000674,74.125.24.0-255,1484,82088,33,171108
6685,0.000692,74.125.24.0-255,2902,84990,33,171108
6686,0.000699,74.125.24.0-255,4320,89310,33,171108
6687,0.000714,74.125.24.0-255,1484,90794,33,171108
6688,0.000723,74.125.24.0-255,7156,97950,33,171108
6689,0.000733,74.125.24.0-255,1484,99434,33,171108
6690,0.000743,172.31.33.0-255,66,99500,33,171108
6691,0.000768,74.125.24.0-255,2902,102402,33,171108
6692,0.000809,172.31.33.0-255,66,102468,33,171108
6693,0.001328,74.125.24.0-255,1484,103952,33,171108
6694,0.001345,74.125.24.0-255,2902,106854,33,171108
6695,0.001348,74.125.24.0-255,1484,108338,33,171108
6696,0.001352,172.31.33.0-255,66,108404,33,171108
6697,0.001364,74.125.24.0-255,4320,112724,33,171108
6698,0.001371,74.125.24.0-255,5738,118462,33,171108
6699,0.001374,74.125.24.0-255,1484,119946,33,171108
6700,0.001379,172.31.33.0-255,66,120012,33,171108
6701,0.0014,74.125.24.0-255,5738,125750,33,171108
6702,0.00141,172.31.33.0-255,66,125816,33,171108
6703,0.001468,172.31.33.0-255,66,125882,33,171108
6704,0.001612,74.125.24.0-255,1484,127366,33,171108
6705,0.001618,74.125.24.0-255,2902,130268,33,171108
6706,0.001622,172.31.33.0-255,66,130334,33,171108
6707,0.001643,74.125.24.0-255,5738,136072,33,171108
6708,0.001648,74.125.24.0-255,2902,138974,33,171108
6709,0.001657,172.31.33.0-255,66,139040,33,171108
6710,0.001716,74.125.24.0-255,4320,143360,33,171108
6711,0.001721,172.31.33.0-255,66,143426,33,171108
6712,0.001802,172.31.33.0-255,66,143492,33,171108
6713,0.001888,74.125.24.0-255,1484,144976,33,171108
6714,0.001892,74.125.24.0-255,1484,146460,33,171108
6715,0.001901,172.31.33.0-255,66,146526,33,171108
6716,0.001915,74.125.24.0-255,1484,148010,33,171108
6717,0.001922,74.125.24.0-255,5738,153748,33,171108
6718,0.001926,74.125.24.0-255,2902,156650,33,171108
6719,0.001939,172.31.33.0-255,66,156716,33,171108
6720,0.001978,172.31.33.0-255,66,156782,33,171108
6721,0.001992,74.125.24.0-255,4320,161102,33,171108
6722,0.002067,172.31.33.0-255,66,161168,33,171108
6723,0.002086,74.125.24.0-255,5738,166906,33,171108
6724,0.002097,172.31.33.0-255,66,166972,33,171108
6725,0.002134,172.31.33.0-255,66,167038,33,171108
6726,0.002144,74.125.24.0-255,2902,169940,33,171108
6727,0.002146,74.125.24.0-255,997,170937,33,171108
6728,0.002149,74.125.24.0-255,105,171042,33,171108
6729,0.00216,172.31.33.0-255,66,171108,33,171108
6730,0.0,74.125.24.0-255,66,66,33,66
6731,0.0,74.125.24.0-255,145,145,33,272186
6732,3.1e-05,172.31.33.0-255,66,211,33,272186
6733,3.7e-05,74.125.24.0-255,1484,1695,33,272186
6734,4.1e-05,172.31.33.0-255,66,1761,33,272186
6735,4.7e-05,74.125.24.0-255,2902,4663,33,272186
6736,5e-05,172.31.33.0-255,66,4729,33,272186
6737,5.7e-05,74.125.24.0-255,7156,11885,33,272186
6738,6e-05,172.31.33.0-255,66,11951,33,272186
6739,6.3e-05,74.125.24.0-255,1484,13435,33,272186
6740,6.5e-05,172.31.33.0-255,66,13501,33,272186
6741,8.7e-05,74.125.24.0-255,670,14171,33,272186
6742,8.9e-05,172.31.33.0-255,66,14237,33,272186
6743,0.000108,74.125.24.0-255,7156,21393,33,272186
6744,0.000111,172.31.33.0-255,66,21459,33,272186
6745,0.000141,74.125.24.0-255,4320,25779,33,272186
6746,0.000144,172.31.33.0-255,66,25845,33,272186
6747,0.000151,74.125.24.0-255,7156,33001,33,272186
6748,0.000154,172.31.33.0-255,66,33067,33,272186
6749,0.000175,74.125.24.0-255,4320,37387,33,272186
6750,0.000178,172.31.33.0-255,66,37453,33,272186
6751,0.00021,172.31.33.0-255,66,37519,33,272186
6752,0.000254,172.31.33.0-255,66,37585,33,272186
6753,0.000258,74.125.24.0-255,1713,39298,33,272186
6754,0.00026,172.31.33.0-255,66,39364,33,272186
6755,0.000307,74.125.24.0-255,2902,42266,33,272186
6756,0.000312,172.31.33.0-255,66,42332,33,272186
6757,0.000319,74.125.24.0-255,5738,48070,33,272186
6758,0.000322,172.31.33.0-255,66,48136,33,272186
6759,0.000338,74.125.24.0-255,1484,49620,33,272186
6760,0.000341,172.31.33.0-255,66,49686,33,272186
6761,0.000348,74.125.24.0-255,5738,55424,33,272186
6762,0.000351,172.31.33.0-255,66,55490,33,272186
6763,0.000395,74.125.24.0-255,1125,56615,33,272186
6764,0.0004,74.125.24.0-255,1484,58099,33,272186
6765,0.000403,172.31.33.0-255,66,58165,33,272186
6766,0.000422,74.125.24.0-255,2902,61067,33,272186
6767,0.000426,172.31.33.0-255,66,61133,33,272186
6768,0.000445,74.125.24.0-255,1484,62617,33,272186
6769,0.000449,74.125.24.0-255,2902,65519,33,272186
6770,0.000453,172.31.33.0-255,66,65585,33,272186
6771,0.000488,74.125.24.0-255,4320,69905,33,272186
6772,0.000491,172.31.33.0-255,66,69971,33,272186
6773,0.000512,74.125.24.0-255,3961,73932,33,272186
6774,0.000515,172.31.33.0-255,66,73998,33,272186
6775,0.000893,74.125.24.0-255,1484,75482,33,272186
6776,0.0009,74.125.24.0-255,2902,78384,33,272186
6777,0.000904,172.31.33.0-255,66,78450,33,272186
6778,0.000925,74.125.24.0-255,2902,81352,33,272186
6779,0.000928,172.31.33.0-255,66,81418,33,272186
6780,0.000949,74.125.24.0-255,2902,84320,33,272186
6781,0.000952,172.31.33.0-255,66,84386,33,272186
6782,0.000957,74.125.24.0-255,2902,87288,33,272186
6783,0.00096,172.31.33.0-255,66,87354,33,272186
6784,0.000994,172.31.33.0-255,66,87420,33,272186
6785,0.001014,74.125.24.0-255,4320,91740,33,272186
6786,0.001017,172.31.33.0-255,66,91806,33,272186
6787,0.001048,172.31.33.0-255,66,91872,33,272186
6788,0.0012,74.125.24.0-255,1484,93356,33,272186
6789,0.001205,74.125.24.0-255,2902,96258,33,272186
6790,0.001208,172.31.33.0-255,66,96324,33,272186
6791,0.00123,74.125.24.0-255,5738,102062,33,272186
6792,0.001233,172.31.33.0-255,66,102128,33,272186
6793,0.001255,74.125.24.0-255,7156,109284,33,272186
6794,0.001258,172.31.33.0-255,66,109350,33,272186
6795,0.00128,74.125.24.0-255,5738,115088,33,272186
6796,0.001283,172.31.33.0-255,66,115154,33,272186
6797,0.001299,74.125.24.0-255,4320,119474,33,272186
6798,0.001302,172.31.33.0-255,66,119540,33,272186
6799,0.001329,74.125.24.0-255,6438,125978,33,272186
6800,0.001333,172.31.33.0-255,66,126044,33,272186
6801,0.001339,74.125.24.0-255,5738,131782,33,272186
6802,0.001341,172.31.33.0-255,66,131848,33,272186
6803,0.001367,74.125.24.0-255,5738,137586,33,272186
6804,0.00137,172.31.33.0-255,66,137652,33,272186
6805,0.00138,172.31.33.0-255,66,137718,33,272186
6806,0.00142,172.31.33.0-255,66,137784,33,272186
6807,0.001439,74.125.24.0-255,5020,142804,33,272186
6808,0.001442,172.31.33.0-255,66,142870,33,272186
6809,0.001455,74.125.24.0-255,1484,144354,33,272186
6810,0.001478,74.125.24.0-255,2902,147256,33,272186
6811,0.001481,172.31.33.0-255,66,147322,33,272186
6812,0.001487,74.125.24.0-255,5738,153060,33,272186
6813,0.00149,172.31.33.0-255,66,153126,33,272186
6814,0.00151,74.125.24.0-255,5738,158864,33,272186
6815,0.001513,172.31.33.0-255,66,158930,33,272186
6816,0.00154,74.125.24.0-255,7156,166086,33,272186
6817,0.001543,172.31.33.0-255,66,166152,33,272186
6818,0.001546,74.125.24.0-255,1484,167636,33,272186
6819,0.001577,172.31.33.0-255,66,167702,33,272186
6820,0.001588,172.31.33.0-255,66,167768,33,272186
6821,0.001619,74.125.24.0-255,2902,170670,33,272186
6822,0.001623,172.31.33.0-255,66,170736,33,272186
6823,0.001638,172.31.33.0-255,66,170802,33,272186
6824,0.001649,172.31.33.0-255,66,170868,33,272186
6825,0.001652,74.125.24.0-255,766,171634,33,272186
6826,0.001732,74.125.24.0-255,1484,173118,33,272186
6827,0.001735,172.31.33.0-255,66,173184,33,272186
6828,0.001748,74.125.24.0-255,2902,176086,33,272186
6829,0.001751,172.31.33.0-255,66,176152,33,272186
6830,0.001756,74.125.24.0-255,4320,180472,33,272186
6831,0.001758,172.31.33.0-255,66,180538,33,272186
6832,0.001779,74.125.24.0-255,1484,182022,33,272186
6833,0.001785,74.125.24.0-255,7156,189178,33,272186
6834,0.001787,172.31.33.0-255,66,189244,33,272186
6835,0.001808,74.125.24.0-255,5738,194982,33,272186
6836,0.00181,172.31.33.0-255,66,195048,33,272186
6837,0.001821,172.31.33.0-255,66,195114,33,272186
6838,0.002037,74.125.24.0-255,1484,196598,33,272186
6839,0.002043,74.125.24.0-255,2902,199500,33,272186
6840,0.002046,172.31.33.0-255,66,199566,33,272186
6841,0.002052,74.125.24.0-255,4320,203886,33,272186
6842,0.002055,172.31.33.0-255,66,203952,33,272186
6843,0.002083,74.125.24.0-255,1484,205436,33,272186
6844,0.002097,172.31.33.0-255,66,205502,33,272186
6845,0.002102,74.125.24.0-255,4320,209822,33,272186
6846,0.002104,172.31.33.0-255,66,209888,33,272186
6847,0.002124,74.125.24.0-255,5738,215626,33,272186
6848,0.002126,74.125.24.0-255,766,216392,33,272186
6849,0.002129,172.31.33.0-255,66,216458,33,272186
6850,0.002169,74.125.24.0-255,1484,217942,33,272186
6851,0.002174,172.31.33.0-255,66,218008,33,272186
6852,0.002177,74.125.24.0-255,1484,219492,33,272186
6853,0.002192,74.125.24.0-255,1484,220976,33,272186
6854,0.002195,172.31.33.0-255,66,221042,33,272186
6855,0.002199,74.125.24.0-255,1484,222526,33,272186
6856,0.002218,74.125.24.0-255,4320,226846,33,272186
6857,0.002222,172.31.33.0-255,66,226912,33,272186
6858,0.002226,74.125.24.0-255,2902,229814,33,272186
6859,0.002228,172.31.33.0-255,66,229880,33,272186
6860,0.002243,74.125.24.0-255,4320,234200,33,272186
6861,0.002246,172.31.33.0-255,66,234266,33,272186
6862,0.002268,74.125.24.0-255,5738,240004,33,272186
6863,0.002272,172.31.33.0-255,66,240070,33,272186
6864,0.002275,74.125.24.0-255,1484,241554,33,272186
6865,0.002279,74.125.24.0-255,2902,244456,33,272186
6866,0.002281,172.31.33.0-255,66,244522,33,272186
6867,0.002284,74.125.24.0-255,1484,246006,33,272186
6868,0.002286,74.125.24.0-255,1484,247490,33,272186
6869,0.002289,172.31.33.0-255,66,247556,33,272186
6870,0.002315,74.125.24.0-255,3602,251158,33,272186
6871,0.002319,172.31.33.0-255,66,251224,33,272186
6872,0.002324,74.125.24.0-255,4320,255544,33,272186
6873,0.002326,172.31.33.0-255,66,255610,33,272186
6874,0.002348,172.31.33.0-255,66,255676,33,272186
6875,0.002374,74.125.24.0-255,1484,257160,33,272186
6876,0.00238,74.125.24.0-255,5738,262898,33,272186
6877,0.002383,172.31.33.0-255,66,262964,33,272186
6878,0.002387,74.125.24.0-255,2902,265866,33,272186
6879,0.00239,172.31.33.0-255,66,265932,33,272186
6880,0.002395,74.125.24.0-255,4320,270252,33,272186
6881,0.002398,172.31.33.0-255,66,270318,33,272186
6882,0.002401,74.125.24.0-255,1425,271743,33,272186
6883,0.002435,74.125.24.0-255,105,271848,33,272186
6884,0.002461,172.31.33.0-255,101,271949,33,272186
6885,0.003401,172.31.33.0-255,105,272054,33,272186
6886,0.004519,74.125.24.0-255,66,272120,33,272186
6887,0.005454,74.125.24.0-255,66,272186,33,272186
6888,0.0,172.31.33.0-255,105,105,33,459
6889,0.000208,172.31.33.0-255,90,195,33,459
6890,0.000218,172.31.33.0-255,66,261,33,459
6891,0.002534,172.253.118.0-255,66,327,33,459
6892,0.002553,172.253.118.0-255,66,393,33,459
6893,0.002566,172.31.33.0-255,66,459,33,459
6894,0.0,172.31.33.0-255,105,105,33,459
6895,0.000194,172.31.33.0-255,90,195,33,459
6896,0.000201,172.31.33.0-255,66,261,33,459
6897,0.002723,74.125.200.0-255,66,327,33,459
6898,0.002745,74.125.200.0-255,66,393,33,459
6899,0.002764,172.31.33.0-255,66,459,33,459
6900,0.0,172.217.194.0-255,146,146,33,129474
6901,2.1e-05,172.31.33.0-255,66,212,33,129474
6902,2.7e-05,172.217.194.0-255,1484,1696,33,129474
6903,3.1e-05,172.31.33.0-255,66,1762,33,129474
6904,3.6e-05,172.217.194.0-255,2902,4664,33,129474
6905,5e-05,172.31.33.0-255,66,4730,33,129474
6906,5.3e-05,172.217.194.0-255,1484,6214,33,129474
6907,5.6e-05,172.31.33.0-255,66,6280,33,129474
6908,8.3e-05,172.217.194.0-255,4320,10600,33,129474
6909,8.8e-05,172.31.33.0-255,66,10666,33,129474
6910,9.1e-05,172.217.194.0-255,1484,12150,33,129474
6911,9.3e-05,172.31.33.0-255,66,12216,33,129474
6912,0.000137,172.31.33.0-255,66,12282,33,129474
6913,0.00014,172.217.194.0-255,1484,13766,33,129474
6914,0.000142,172.31.33.0-255,66,13832,33,129474
6915,0.000172,172.217.194.0-255,5379,19211,33,129474
6916,0.000176,172.31.33.0-255,66,19277,33,129474
6917,0.000227,172.217.194.0-255,1484,20761,33,129474
6918,0.00023,172.31.33.0-255,66,20827,33,129474
6919,0.000251,172.217.194.0-255,2902,23729,33,129474
6920,0.000254,172.31.33.0-255,66,23795,33,129474
6921,0.000261,172.217.194.0-255,5738,29533,33,129474
6922,0.000263,172.31.33.0-255,66,29599,33,129474
6923,0.000292,172.217.194.0-255,4320,33919,33,129474
6924,0.000295,172.31.33.0-255,66,33985,33,129474
6925,0.000341,172.31.33.0-255,66,34051,33,129474
6926,0.000353,172.31.33.0-255,66,34117,33,129474
6927,0.000355,172.217.194.0-255,1375,35492,33,129474
6928,0.000358,172.31.33.0-255,66,35558,33,129474
6929,0.000439,172.217.194.0-255,117,35675,33,129474
6930,0.00054,172.217.194.0-255,1484,37159,33,129474
6931,0.000543,172.31.33.0-255,66,37225,33,129474
6932,0.00055,172.217.194.0-255,2902,40127,33,129474
6933,0.000555,172.31.33.0-255,66,40193,33,129474
6934,0.000556,172.217.194.0-255,5738,45931,33,129474
6935,0.000565,172.31.33.0-255,66,45997,33,129474
6936,0.000566,172.217.194.0-255,2902,48899,33,129474
6937,0.000582,172.31.33.0-255,66,48965,33,129474
6938,0.000619,172.31.33.0-255,66,49031,33,129474
6939,0.000671,172.31.33.0-255,66,49097,33,129474
6940,0.00078,172.217.194.0-255,1484,50581,33,129474
6941,0.000785,172.217.194.0-255,1484,52065,33,129474
6942,0.000788,172.31.33.0-255,66,52131,33,129474
6943,0.000801,172.217.194.0-255,1484,53615,33,129474
6944,0.000812,172.217.194.0-255,4320,57935,33,129474
6945,0.000816,172.31.33.0-255,66,58001,33,129474
6946,0.000839,172.217.194.0-255,1484,59485,33,129474
6947,0.000845,172.217.194.0-255,5738,65223,33,129474
6948,0.000852,172.31.33.0-255,66,65289,33,129474
6949,0.000865,172.217.194.0-255,1125,66414,33,129474
6950,0.001261,172.31.33.0-255,66,66480,33,129474
6951,0.001688,172.217.194.0-255,1484,67964,33,129474
6952,0.001699,172.217.194.0-255,2902,70866,33,129474
6953,0.001721,172.217.194.0-255,5738,76604,33,129474
6954,0.001736,172.217.194.0-255,4320,80924,33,129474
6955,0.001758,172.217.194.0-255,5738,86662,33,129474
6956,0.00183,172.217.194.0-255,2902,89564,33,129474
6957,0.001998,172.217.194.0-255,1484,91048,33,129474
6958,0.00201,172.217.194.0-255,1484,92532,33,129474
6959,0.002019,172.217.194.0-255,1484,94016,33,129474
6960,0.002039,172.217.194.0-255,2902,96918,33,129474
6961,0.002056,172.217.194.0-255,2902,99820,33,129474
6962,0.002061,172.217.194.0-255,4320,104140,33,129474
6963,0.002076,172.217.194.0-255,2902,107042,33,129474
6964,0.002094,172.217.194.0-255,2902,109944,33,129474
6965,0.002115,172.217.194.0-255,7156,117100,33,129474
6966,0.00214,172.217.194.0-255,4320,121420,33,129474
6967,0.002144,172.217.194.0-255,2184,123604,33,129474
6968,0.007612,172.31.33.0-255,66,123670,33,129474
6969,0.00993,172.217.194.0-255,5738,129408,33,129474
6970,0.00994,172.31.33.0-255,66,129474,33,129474
6971,0.0,74.125.24.0-255,152,152,33,108035
6972,2.3e-05,172.31.33.0-255,66,218,33,108035
6973,3e-05,74.125.24.0-255,1484,1702,33,108035
6974,3.6e-05,172.31.33.0-255,66,1768,33,108035
6975,4.9e-05,74.125.24.0-255,2902,4670,33,108035
6976,5.3e-05,172.31.33.0-255,66,4736,33,108035
6977,6.2e-05,74.125.24.0-255,7156,11892,33,108035
6978,6.5e-05,172.31.33.0-255,66,11958,33,108035
6979,8.2e-05,74.125.24.0-255,2022,13980,33,108035
6980,8.4e-05,172.31.33.0-255,66,14046,33,108035
6981,0.000183,74.125.24.0-255,1484,15530,33,108035
6982,0.000186,172.31.33.0-255,66,15596,33,108035
6983,0.000192,74.125.24.0-255,2902,18498,33,108035
6984,0.000195,172.31.33.0-255,66,18564,33,108035
6985,0.000231,74.125.24.0-255,2902,21466,33,108035
6986,0.000233,172.31.33.0-255,66,21532,33,108035
6987,0.000257,74.125.24.0-255,2902,24434,33,108035
6988,0.000259,172.31.33.0-255,66,24500,33,108035
6989,0.000267,74.125.24.0-255,6797,31297,33,108035
6990,0.000269,172.31.33.0-255,66,31363,33,108035
6991,0.000288,172.31.33.0-255,66,31429,33,108035
6992,0.000292,74.125.24.0-255,2543,33972,33,108035
6993,0.000294,172.31.33.0-255,66,34038,33,108035
6994,0.000958,74.125.24.0-255,1484,35522,33,108035
6995,0.000965,172.31.33.0-255,66,35588,33,108035
6996,0.000972,74.125.24.0-255,2902,38490,33,108035
6997,0.000974,172.31.33.0-255,66,38556,33,108035
6998,0.000986,74.125.24.0-255,5738,44294,33,108035
6999,0.000989,172.31.33.0-255,66,44360,33,108035
7000,0.001021,74.125.24.0-255,4320,48680,33,108035
7001,0.001023,172.31.33.0-255,66,48746,33,108035
7002,0.001062,172.31.33.0-255,66,48812,33,108035
7003,0.001074,172.31.33.0-255,66,48878,33,108035
7004,0.001111,172.31.33.0-255,66,48944,33,108035
7005,0.001134,74.125.24.0-255,2184,51128,33,108035
7006,0.001137,172.31.33.0-255,66,51194,33,108035
7007,0.00114,74.125.24.0-255,647,51841,33,108035
7008,0.00132,74.125.24.0-255,1484,53325,33,108035
7009,0.001326,172.31.33.0-255,66,53391,33,108035
7010,0.001331,74.125.24.0-255,2902,56293,33,108035
7011,0.001333,172.31.33.0-255,66,56359,33,108035
7012,0.001335,74.125.24.0-255,1484,57843,33,108035
7013,0.001359,74.125.24.0-255,4320,62163,33,108035
7014,0.001361,172.31.33.0-255,66,62229,33,108035
7015,0.001372,172.31.33.0-255,66,62295,33,108035
7016,0.001398,74.125.24.0-255,2902,65197,33,108035
7017,0.001401,172.31.33.0-255,66,65263,33,108035
7018,0.001416,172.31.33.0-255,66,65329,33,108035
7019,0.001566,74.125.24.0-255,1484,66813,33,108035
7020,0.001572,74.125.24.0-255,2902,69715,33,108035
7021,0.001576,172.31.33.0-255,66,69781,33,108035
7022,0.001602,74.125.24.0-255,2902,72683,33,108035
7023,0.001604,172.31.33.0-255,66,72749,33,108035
7024,0.001626,74.125.24.0-255,2902,75651,33,108035
7025,0.001628,172.31.33.0-255,66,75717,33,108035
7026,0.001632,74.125.24.0-255,1484,77201,33,108035
7027,0.001663,172.31.33.0-255,66,77267,33,108035
7028,0.001668,74.125.24.0-255,4320,81587,33,108035
7029,0.00167,172.31.33.0-255,66,81653,33,108035
7030,0.001706,172.31.33.0-255,66,81719,33,108035
7031,0.002217,74.125.24.0-255,1484,83203,33,108035
7032,0.002224,74.125.24.0-255,2902,86105,33,108035
7033,0.002228,172.31.33.0-255,66,86171,33,108035
7034,0.002235,74.125.24.0-255,5738,91909,33,108035
7035,0.002238,172.31.33.0-255,66,91975,33,108035
7036,0.002245,74.125.24.0-255,1484,93459,33,108035
7037,0.002263,74.125.24.0-255,2902,96361,33,108035
7038,0.002265,172.31.33.0-255,66,96427,33,108035
7039,0.002271,74.125.24.0-255,5738,102165,33,108035
7040,0.002273,172.31.33.0-255,66,102231,33,108035
7041,0.002301,74.125.24.0-255,5738,107969,33,108035
7042,0.007828,172.31.33.0-255,66,108035,33,108035
7043,0.0,172.217.194.0-255,153,153,33,202874
7044,2.4e-05,172.31.33.0-255,66,219,33,202874
7045,3.1e-05,172.217.194.0-255,1484,1703,33,202874
7046,3.5e-05,172.31.33.0-255,66,1769,33,202874
7047,4e-05,172.217.194.0-255,2902,4671,33,202874
7048,4.3e-05,172.31.33.0-255,66,4737,33,202874
7049,4.7e-05,172.217.194.0-255,4320,9057,33,202874
7050,5e-05,172.31.33.0-255,66,9123,33,202874
7051,7.3e-05,172.217.194.0-255,2902,12025,33,202874
7052,7.6e-05,172.31.33.0-255,66,12091,33,202874
7053,7.9e-05,172.217.194.0-255,2103,14194,33,202874
7054,8.2e-05,172.31.33.0-255,66,14260,33,202874
7055,0.000151,172.217.194.0-255,1484,15744,33,202874
7056,0.000154,172.31.33.0-255,66,15810,33,202874
7057,0.000159,172.217.194.0-255,2902,18712,33,202874
7058,0.000161,172.31.33.0-255,66,18778,33,202874
7059,0.000173,172.217.194.0-255,2902,21680,33,202874
7060,0.000176,172.31.33.0-255,66,21746,33,202874
7061,0.000194,172.217.194.0-255,2902,24648,33,202874
7062,0.000196,172.31.33.0-255,66,24714,33,202874
7063,0.000201,172.217.194.0-255,4320,29034,33,202874
7064,0.000203,172.31.33.0-255,66,29100,33,202874
7065,0.000216,172.217.194.0-255,2543,31643,33,202874
7066,0.000218,172.31.33.0-255,66,31709,33,202874
7067,0.000306,172.217.194.0-255,1484,33193,33,202874
7068,0.00031,172.31.33.0-255,66,33259,33,202874
7069,0.000315,172.217.194.0-255,2902,36161,33,202874
7070,0.000317,172.31.33.0-255,66,36227,33,202874
7071,0.000332,172.217.194.0-255,5738,41965,33,202874
7072,0.000335,172.31.33.0-255,66,42031,33,202874
7073,0.000357,172.217.194.0-255,6797,48828,33,202874
7074,0.00036,172.31.33.0-255,66,48894,33,202874
7075,0.000406,172.217.194.0-255,1484,50378,33,202874
7076,0.000409,172.31.33.0-255,66,50444,33,202874
7077,0.000412,172.217.194.0-255,2902,53346,33,202874
7078,0.000414,172.31.33.0-255,66,53412,33,202874
7079,0.000427,172.217.194.0-255,5738,59150,33,202874
7080,0.00043,172.31.33.0-255,66,59216,33,202874
7081,0.000491,172.217.194.0-255,5738,64954,33,202874
7082,0.000494,172.31.33.0-255,66,65020,33,202874
7083,0.00051,172.217.194.0-255,1737,66757,33,202874
7084,0.000512,172.31.33.0-255,66,66823,33,202874
7085,0.000684,172.217.194.0-255,1484,68307,33,202874
7086,0.000687,172.31.33.0-255,66,68373,33,202874
7087,0.000692,172.217.194.0-255,2902,71275,33,202874
7088,0.000695,172.31.33.0-255,66,71341,33,202874
7089,0.000707,172.217.194.0-255,5738,77079,33,202874
7090,0.00071,172.31.33.0-255,66,77145,33,202874
7091,0.000757,172.217.194.0-255,6247,83392,33,202874
7092,0.00076,172.31.33.0-255,66,83458,33,202874
7093,0.00086,172.217.194.0-255,1484,84942,33,202874
7094,0.000863,172.31.33.0-255,66,85008,33,202874
7095,0.00087,172.217.194.0-255,1484,86492,33,202874
7096,0.000872,172.31.33.0-255,66,86558,33,202874
7097,0.000884,172.217.194.0-255,1484,88042,33,202874
7098,0.000886,172.31.33.0-255,66,88108,33,202874
7099,0.00089,172.217.194.0-255,1484,89592,33,202874
7100,0.000891,172.31.33.0-255,66,89658,33,202874
7101,0.000915,172.217.194.0-255,4320,93978,33,202874
7102,0.000916,172.31.33.0-255,66,94044,33,202874
7103,0.000941,172.217.194.0-255,2902,96946,33,202874
7104,0.000944,172.31.33.0-255,66,97012,33,202874
7105,0.000964,172.217.194.0-255,3961,100973,33,202874
7106,0.000967,172.31.33.0-255,66,101039,33,202874
7107,0.00168,172.217.194.0-255,1484,102523,33,202874
7108,0.001686,172.31.33.0-255,66,102589,33,202874
7109,0.001692,172.217.194.0-255,2902,105491,33,202874
7110,0.001693,172.31.33.0-255,66,105557,33,202874
7111,0.001698,172.217.194.0-255,5738,111295,33,202874
7112,0.0017,172.31.33.0-255,66,111361,33,202874
7113,0.001751,172.217.194.0-255,4320,115681,33,202874
7114,0.001752,172.31.33.0-255,66,115747,33,202874
7115,0.001768,172.217.194.0-255,2543,118290,33,202874
7116,0.00177,172.31.33.0-255,66,118356,33,202874
7117,0.001816,172.217.194.0-255,1484,119840,33,202874
7118,0.001818,172.31.33.0-255,66,119906,33,202874
7119,0.001822,172.217.194.0-255,2902,122808,33,202874
7120,0.001823,172.31.33.0-255,66,122874,33,202874
7121,0.001832,172.217.194.0-255,1484,124358,33,202874
7122,0.001834,172.31.33.0-255,66,124424,33,202874
7123,0.00185,172.217.194.0-255,4320,128744,33,202874
7124,0.001851,172.31.33.0-255,66,128810,33,202874
7125,0.001884,172.217.194.0-255,4320,133130,33,202874
7126,0.001886,172.31.33.0-255,66,133196,33,202874
7127,0.001906,172.217.194.0-255,1484,134680,33,202874
7128,0.001908,172.31.33.0-255,66,134746,33,202874
7129,0.001919,172.31.33.0-255,66,134812,33,202874
7130,0.001923,172.217.194.0-255,5020,139832,33,202874
7131,0.001925,172.31.33.0-255,66,139898,33,202874
7132,0.001997,172.217.194.0-255,1484,141382,33,202874
7133,0.001999,172.31.33.0-255,66,141448,33,202874
7134,0.002009,172.217.194.0-255,1484,142932,33,202874
7135,0.002027,172.217.194.0-255,1484,144416,33,202874
7136,0.002032,172.217.194.0-255,5738,150154,33,202874
7137,0.002045,172.217.194.0-255,2902,153056,33,202874
7138,0.002066,172.217.194.0-255,5738,158794,33,202874
7139,0.002079,172.217.194.0-255,5020,163814,33,202874
7140,0.002103,172.217.194.0-255,2902,166716,33,202874
7141,0.002121,172.217.194.0-255,1484,168200,33,202874
7142,0.002126,172.217.194.0-255,5738,173938,33,202874
7143,0.002142,172.217.194.0-255,2902,176840,33,202874
7144,0.002204,172.217.194.0-255,2184,179024,33,202874
7145,0.002224,172.217.194.0-255,1484,180508,33,202874
7146,0.002233,172.217.194.0-255,1484,181992,33,202874
7147,0.002243,172.217.194.0-255,2902,184894,33,202874
7148,0.002256,172.217.194.0-255,4320,189214,33,202874
7149,0.002261,172.217.194.0-255,5738,194952,33,202874
7150,0.002285,172.217.194.0-255,4320,199272,33,202874
7151,0.002319,172.217.194.0-255,3602,202874,33,202874
7152,0.0,74.125.130.0-255,155,155,33,169113
7153,2.2e-05,172.31.33.0-255,66,221,33,169113
7154,2.8e-05,74.125.130.0-255,1484,1705,33,169113
7155,3.1e-05,172.31.33.0-255,66,1771,33,169113
7156,3.5e-05,74.125.130.0-255,2902,4673,33,169113
7157,3.8e-05,172.31.33.0-255,66,4739,33,169113
7158,7.7e-05,74.125.130.0-255,4320,9059,33,169113
7159,8e-05,172.31.33.0-255,66,9125,33,169113
7160,0.00011,74.125.130.0-255,6229,15354,33,169113
7161,0.000114,172.31.33.0-255,66,15420,33,169113
7162,0.000117,74.125.130.0-255,1484,16904,33,169113
7163,0.000119,172.31.33.0-255,66,16970,33,169113
7164,0.000141,74.125.130.0-255,5738,22708,33,169113
7165,0.000144,172.31.33.0-255,66,22774,33,169113
7166,0.000148,74.125.130.0-255,2902,25676,33,169113
7167,0.00015,172.31.33.0-255,66,25742,33,169113
7168,0.000174,74.125.130.0-255,4320,30062,33,169113
7169,0.000177,172.31.33.0-255,66,30128,33,169113
7170,0.00018,74.125.130.0-255,1125,31253,33,169113
7171,0.000181,172.31.33.0-255,66,31319,33,169113
7172,0.000393,74.125.130.0-255,1484,32803,33,169113
7173,0.000398,172.31.33.0-255,66,32869,33,169113
7174,0.000403,74.125.130.0-255,2902,35771,33,169113
7175,0.000404,172.31.33.0-255,66,35837,33,169113
7176,0.000421,74.125.130.0-255,5738,41575,33,169113
7177,0.000423,172.31.33.0-255,66,41641,33,169113
7178,0.000442,74.125.130.0-255,4320,45961,33,169113
7179,0.000444,172.31.33.0-255,66,46027,33,169113
7180,0.000456,74.125.130.0-255,2543,48570,33,169113
7181,0.000458,172.31.33.0-255,66,48636,33,169113
7182,0.000486,74.125.130.0-255,7156,55792,33,169113
7183,0.000488,172.31.33.0-255,66,55858,33,169113
7184,0.000494,74.125.130.0-255,5738,61596,33,169113
7185,0.000496,172.31.33.0-255,66,61662,33,169113
7186,0.000518,74.125.130.0-255,1484,63146,33,169113
7187,0.000545,74.125.130.0-255,2543,65689,33,169113
7188,0.000548,172.31.33.0-255,66,65755,33,169113
7189,0.000678,74.125.130.0-255,647,66402,33,169113
7190,0.000704,172.31.33.0-255,66,66468,33,169113
7191,0.000834,74.125.130.0-255,1484,67952,33,169113
7192,0.000855,74.125.130.0-255,2902,70854,33,169113
7193,0.000858,172.31.33.0-255,66,70920,33,169113
7194,0.000885,74.125.130.0-255,5738,76658,33,169113
7195,0.000888,172.31.33.0-255,66,76724,33,169113
7196,0.000907,74.125.130.0-255,2902,79626,33,169113
7197,0.000909,172.31.33.0-255,66,79692,33,169113
7198,0.000939,172.31.33.0-255,66,79758,33,169113
7199,0.000957,74.125.130.0-255,5738,85496,33,169113
7200,0.000959,172.31.33.0-255,66,85562,33,169113
7201,0.000979,74.125.130.0-255,5379,90941,33,169113
7202,0.000982,172.31.33.0-255,66,91007,33,169113
7203,0.001526,74.125.130.0-255,1484,92491,33,169113
7204,0.001549,74.125.130.0-255,2902,95393,33,169113
7205,0.001552,172.31.33.0-255,66,95459,33,169113
7206,0.001555,74.125.130.0-255,1484,96943,33,169113
7207,0.001568,74.125.130.0-255,2902,99845,33,169113
7208,0.001569,172.31.33.0-255,66,99911,33,169113
7209,0.001597,74.125.130.0-255,5738,105649,33,169113
7210,0.001599,172.31.33.0-255,66,105715,33,169113
7211,0.001625,74.125.130.0-255,4320,110035,33,169113
7212,0.001626,172.31.33.0-255,66,110101,33,169113
7213,0.001645,74.125.130.0-255,2902,113003,33,169113
7214,0.001647,172.31.33.0-255,66,113069,33,169113
7215,0.001655,172.31.33.0-255,66,113135,33,169113
7216,0.001659,74.125.130.0-255,3602,116737,33,169113
7217,0.001661,172.31.33.0-255,66,116803,33,169113
7218,0.001864,74.125.130.0-255,1484,118287,33,169113
7219,0.001885,74.125.130.0-255,2902,121189,33,169113
7220,0.001888,172.31.33.0-255,66,121255,33,169113
7221,0.001918,74.125.130.0-255,4320,125575,33,169113
7222,0.001921,172.31.33.0-255,66,125641,33,169113
7223,0.001935,74.125.130.0-255,4320,129961,33,169113
7224,0.001938,172.31.33.0-255,66,130027,33,169113
7225,0.001947,74.125.130.0-255,1484,131511,33,169113
7226,0.001962,74.125.130.0-255,4320,135831,33,169113
7227,0.001964,172.31.33.0-255,66,135897,33,169113
7228,0.001987,74.125.130.0-255,5738,141635,33,169113
7229,0.00199,172.31.33.0-255,66,141701,33,169113
7230,0.002021,74.125.130.0-255,4320,146021,33,169113
7231,0.002023,172.31.33.0-255,66,146087,33,169113
7232,0.002039,74.125.130.0-255,2902,148989,33,169113
7233,0.002041,172.31.33.0-255,66,149055,33,169113
7234,0.002055,74.125.130.0-255,2184,151239,33,169113
7235,0.002059,172.31.33.0-255,66,151305,33,169113
7236,0.00425,74.125.130.0-255,2902,154207,33,169113
7237,0.004255,172.31.33.0-255,66,154273,33,169113
7238,0.004278,74.125.130.0-255,2902,157175,33,169113
7239,0.00428,172.31.33.0-255,66,157241,33,169113
7240,0.00648,74.125.130.0-255,2902,160143,33,169113
7241,0.006487,172.31.33.0-255,66,160209,33,169113
7242,0.006509,74.125.130.0-255,2902,163111,33,169113
7243,0.006511,172.31.33.0-255,66,163177,33,169113
7244,0.008711,74.125.130.0-255,2902,166079,33,169113
7245,0.008719,172.31.33.0-255,66,166145,33,169113
7246,0.008741,74.125.130.0-255,2902,169047,33,169113
7247,0.008743,172.31.33.0-255,66,169113,33,169113
7248,0.0,172.217.194.0-255,143,143,33,98754
7249,2.9e-05,172.31.33.0-255,66,209,33,98754
7250,3.4e-05,172.217.194.0-255,1484,1693,33,98754
7251,3.8e-05,172.31.33.0-255,66,1759,33,98754
7252,4.3e-05,172.217.194.0-255,2902,4661,33,98754
7253,4.6e-05,172.31.33.0-255,66,4727,33,98754
7254,5.1e-05,172.217.194.0-255,4320,9047,33,98754
7255,5.3e-05,172.31.33.0-255,66,9113,33,98754
7256,9.1e-05,172.31.33.0-255,66,9179,33,98754
7257,0.000106,172.217.194.0-255,2902,12081,33,98754
7258,0.000108,172.31.33.0-255,66,12147,33,98754
7259,0.000134,172.31.33.0-255,66,12213,33,98754
7260,0.000151,172.217.194.0-255,2902,15115,33,98754
7261,0.000154,172.31.33.0-255,66,15181,33,98754
7262,0.000165,172.31.33.0-255,66,15247,33,98754
7263,0.000191,172.217.194.0-255,6438,21685,33,98754
7264,0.000193,172.31.33.0-255,66,21751,33,98754
7265,0.000196,172.217.194.0-255,1484,23235,33,98754
7266,0.000198,172.31.33.0-255,66,23301,33,98754
7267,0.000225,172.31.33.0-255,66,23367,33,98754
7268,0.000616,172.217.194.0-255,381,23748,33,98754
7269,0.00062,172.31.33.0-255,66,23814,33,98754
7270,0.000814,172.217.194.0-255,1484,25298,33,98754
7271,0.000819,172.31.33.0-255,66,25364,33,98754
7272,0.000826,172.217.194.0-255,2902,28266,33,98754
7273,0.000829,172.31.33.0-255,66,28332,33,98754
7274,0.000832,172.217.194.0-255,1484,29816,33,98754
7275,0.000834,172.31.33.0-255,66,29882,33,98754
7276,0.000855,172.217.194.0-255,4320,34202,33,98754
7277,0.000857,172.31.33.0-255,66,34268,33,98754
7278,0.000862,172.217.194.0-255,2902,37170,33,98754
7279,0.000864,172.31.33.0-255,66,37236,33,98754
7280,0.000881,172.217.194.0-255,5738,42974,33,98754
7281,0.000884,172.31.33.0-255,66,43040,33,98754
7282,0.000909,172.217.194.0-255,1125,44165,33,98754
7283,0.00092,172.31.33.0-255,66,44231,33,98754
7284,0.000925,172.217.194.0-255,3961,48192,33,98754
7285,0.000926,172.31.33.0-255,66,48258,33,98754
7286,0.002196,172.217.194.0-255,1484,49742,33,98754
7287,0.002211,172.217.194.0-255,2902,52644,33,98754
7288,0.002215,172.31.33.0-255,66,52710,33,98754
7289,0.00222,172.217.194.0-255,2902,55612,33,98754
7290,0.002221,172.31.33.0-255,66,55678,33,98754
7291,0.002235,172.217.194.0-255,2902,58580,33,98754
7292,0.002236,172.31.33.0-255,66,58646,33,98754
7293,0.002241,172.217.194.0-255,4320,62966,33,98754
7294,0.002242,172.31.33.0-255,66,63032,33,98754
7295,0.002268,172.217.194.0-255,5738,68770,33,98754
7296,0.002269,172.31.33.0-255,66,68836,33,98754
7297,0.002292,172.217.194.0-255,5738,74574,33,98754
7298,0.002294,172.31.33.0-255,66,74640,33,98754
7299,0.002316,172.217.194.0-255,7156,81796,33,98754
7300,0.002318,172.31.33.0-255,66,81862,33,98754
7301,0.002334,172.217.194.0-255,766,82628,33,98754
7302,0.003302,172.31.33.0-255,66,82694,33,98754
7303,0.004608,172.217.194.0-255,4320,87014,33,98754
7304,0.004613,172.31.33.0-255,66,87080,33,98754
7305,0.005625,172.217.194.0-255,1484,88564,33,98754
7306,0.006952,172.217.194.0-255,4320,92884,33,98754
7307,0.006957,172.31.33.0-255,66,92950,33,98754
7308,0.00931,172.217.194.0-255,5738,98688,33,98754
7309,0.009317,172.31.33.0-255,66,98754,33,98754
7310,0.0,172.217.194.0-255,143,143,33,179654
7311,2e-05,172.31.33.0-255,66,209,33,179654
7312,2.6e-05,172.217.194.0-255,1484,1693,33,179654
7313,3.1e-05,172.31.33.0-255,66,1759,33,179654
7314,3.6e-05,172.217.194.0-255,2902,4661,33,179654
7315,3.9e-05,172.31.33.0-255,66,4727,33,179654
7316,4.3e-05,172.217.194.0-255,2902,7629,33,179654
7317,4.6e-05,172.31.33.0-255,66,7695,33,179654
7318,7e-05,172.217.194.0-255,4320,12015,33,179654
7319,7.3e-05,172.31.33.0-255,66,12081,33,179654
7320,9e-05,172.217.194.0-255,1484,13565,33,179654
7321,9.2e-05,172.31.33.0-255,66,13631,33,179654
7322,0.000107,172.217.194.0-255,7156,20787,33,179654
7323,0.000109,172.31.33.0-255,66,20853,33,179654
7324,0.000125,172.217.194.0-255,4946,25799,33,179654
7325,0.000127,172.31.33.0-255,66,25865,33,179654
7326,0.00015,172.217.194.0-255,5379,31244,33,179654
7327,0.000152,172.31.33.0-255,66,31310,33,179654
7328,0.000202,172.217.194.0-255,1484,32794,33,179654
7329,0.000205,172.31.33.0-255,66,32860,33,179654
7330,0.00021,172.217.194.0-255,2902,35762,33,179654
7331,0.000211,172.31.33.0-255,66,35828,33,179654
7332,0.000214,172.217.194.0-255,1484,37312,33,179654
7333,0.000217,172.31.33.0-255,66,37378,33,179654
7334,0.000238,172.217.194.0-255,4320,41698,33,179654
7335,0.000241,172.31.33.0-255,66,41764,33,179654
7336,0.000246,172.217.194.0-255,5738,47502,33,179654
7337,0.000248,172.31.33.0-255,66,47568,33,179654
7338,0.000268,172.217.194.0-255,1484,49052,33,179654
7339,0.00027,172.31.33.0-255,66,49118,33,179654
7340,0.000281,172.217.194.0-255,2902,52020,33,179654
7341,0.000284,172.31.33.0-255,66,52086,33,179654
7342,0.000305,172.31.33.0-255,66,52152,33,179654
7343,0.000308,172.217.194.0-255,1484,53636,33,179654
7344,0.00033,172.217.194.0-255,2832,56468,33,179654
7345,0.000332,172.31.33.0-255,66,56534,33,179654
7346,0.000335,172.217.194.0-255,98,56632,33,179654
7347,0.000338,172.217.194.0-255,366,56998,33,179654
7348,0.000497,172.217.194.0-255,1484,58482,33,179654
7349,0.0005,172.31.33.0-255,66,58548,33,179654
7350,0.000505,172.217.194.0-255,2902,61450,33,179654
7351,0.000508,172.31.33.0-255,66,61516,33,179654
7352,0.000537,172.217.194.0-255,2902,64418,33,179654
7353,0.00054,172.31.33.0-255,66,64484,33,179654
7354,0.000554,172.217.194.0-255,2902,67386,33,179654
7355,0.000556,172.31.33.0-255,66,67452,33,179654
7356,0.000569,172.31.33.0-255,66,67518,33,179654
7357,0.000585,172.217.194.0-255,1484,69002,33,179654
7358,0.000617,172.31.33.0-255,66,69068,33,179654
7359,0.00062,172.217.194.0-255,766,69834,33,179654
7360,0.00087,172.217.194.0-255,1484,71318,33,179654
7361,0.000877,172.31.33.0-255,66,71384,33,179654
7362,0.000883,172.217.194.0-255,2902,74286,33,179654
7363,0.000885,172.31.33.0-255,66,74352,33,179654
7364,0.00091,172.217.194.0-255,5738,80090,33,179654
7365,0.000914,172.31.33.0-255,66,80156,33,179654
7366,0.000925,172.31.33.0-255,66,80222,33,179654
7367,0.00096,172.217.194.0-255,2902,83124,33,179654
7368,0.000965,172.31.33.0-255,66,83190,33,179654
7369,0.000978,172.31.33.0-255,66,83256,33,179654
7370,0.000992,172.217.194.0-255,3602,86858,33,179654
7371,0.000996,172.31.33.0-255,66,86924,33,179654
7372,0.00108,172.217.194.0-255,1484,88408,33,179654
7373,0.001086,172.217.194.0-255,2902,91310,33,179654
7374,0.001089,172.31.33.0-255,66,91376,33,179654
7375,0.001113,172.217.194.0-255,5738,97114,33,179654
7376,0.001116,172.31.33.0-255,66,97180,33,179654
7377,0.001122,172.217.194.0-255,5738,102918,33,179654
7378,0.001125,172.31.33.0-255,66,102984,33,179654
7379,0.001128,172.217.194.0-255,1484,104468,33,179654
7380,0.00116,172.31.33.0-255,66,104534,33,179654
7381,0.001163,172.217.194.0-255,1484,106018,33,179654
7382,0.001181,172.217.194.0-255,3602,109620,33,179654
7383,0.001185,172.31.33.0-255,66,109686,33,179654
7384,0.001189,172.217.194.0-255,2902,112588,33,179654
7385,0.001191,172.31.33.0-255,66,112654,33,179654
7386,0.001204,172.217.194.0-255,2902,115556,33,179654
7387,0.001207,172.31.33.0-255,66,115622,33,179654
7388,0.001245,172.31.33.0-255,66,115688,33,179654
7389,0.001251,172.217.194.0-255,5738,121426,33,179654
7390,0.001255,172.31.33.0-255,66,121492,33,179654
7391,0.001275,172.31.33.0-255,66,121558,33,179654
7392,0.001278,172.217.194.0-255,766,122324,33,179654
7393,0.001434,172.217.194.0-255,1484,123808,33,179654
7394,0.001439,172.31.33.0-255,66,123874,33,179654
7395,0.001444,172.217.194.0-255,2902,126776,33,179654
7396,0.001446,172.31.33.0-255,66,126842,33,179654
7397,0.001462,172.217.194.0-255,5738,132580,33,179654
7398,0.001465,172.31.33.0-255,66,132646,33,179654
7399,0.00149,172.217.194.0-255,2902,135548,33,179654
7400,0.001493,172.31.33.0-255,66,135614,33,179654
7401,0.001513,172.217.194.0-255,2902,138516,33,179654
7402,0.001516,172.31.33.0-255,66,138582,33,179654
7403,0.001529,172.31.33.0-255,66,138648,33,179654
7404,0.001532,172.217.194.0-255,1484,140132,33,179654
7405,0.001578,172.217.194.0-255,3602,143734,33,179654
7406,0.001581,172.31.33.0-255,66,143800,33,179654
7407,0.001608,172.217.194.0-255,4320,148120,33,179654
7408,0.001611,172.31.33.0-255,66,148186,33,179654
7409,0.001632,172.217.194.0-255,5738,153924,33,179654
7410,0.001635,172.31.33.0-255,66,153990,33,179654
7411,0.001653,172.217.194.0-255,4320,158310,33,179654
7412,0.001655,172.31.33.0-255,66,158376,33,179654
7413,0.001664,172.217.194.0-255,1484,159860,33,179654
7414,0.001698,172.31.33.0-255,66,159926,33,179654
7415,0.001703,172.217.194.0-255,3602,163528,33,179654
7416,0.001705,172.31.33.0-255,66,163594,33,179654
7417,0.003762,172.217.194.0-255,5738,169332,33,179654
7418,0.003767,172.31.33.0-255,66,169398,33,179654
7419,0.005857,172.217.194.0-255,4320,173718,33,179654
7420,0.005859,172.31.33.0-255,66,173784,33,179654
7421,0.005873,172.217.194.0-255,1484,175268,33,179654
7422,0.007943,172.217.194.0-255,4320,179588,33,179654
7423,0.007951,172.31.33.0-255,66,179654,33,179654
7424,0.0,172.31.33.0-255,105,105,33,459
7425,0.000201,172.31.33.0-255,90,195,33,459
7426,0.000211,172.31.33.0-255,66,261,33,459
7427,0.002519,172.217.194.0-255,66,327,33,459
7428,0.002535,172.217.194.0-255,66,393,33,459
7429,0.002547,172.31.33.0-255,66,459,33,459
7430,0.0,172.217.194.0-255,152,152,33,209171
7431,1.4e-05,172.31.33.0-255,66,218,33,209171
7432,2.1e-05,172.217.194.0-255,1484,1702,33,209171
7433,2.5e-05,172.31.33.0-255,66,1768,33,209171
7434,3e-05,172.217.194.0-255,2902,4670,33,209171
7435,3.3e-05,172.31.33.0-255,66,4736,33,209171
7436,3.9e-05,172.217.194.0-255,4320,9056,33,209171
7437,4.1e-05,172.31.33.0-255,66,9122,33,209171
7438,5.7e-05,172.217.194.0-255,2902,12024,33,209171
7439,5.9e-05,172.31.33.0-255,66,12090,33,209171
7440,6.3e-05,172.217.194.0-255,1983,14073,33,209171
7441,6.5e-05,172.31.33.0-255,66,14139,33,209171
7442,0.000132,172.217.194.0-255,1484,15623,33,209171
7443,0.000134,172.31.33.0-255,66,15689,33,209171
7444,0.000147,172.217.194.0-255,2902,18591,33,209171
7445,0.000149,172.31.33.0-255,66,18657,33,209171
7446,0.000153,172.217.194.0-255,2902,21559,33,209171
7447,0.000154,172.31.33.0-255,66,21625,33,209171
7448,0.000171,172.217.194.0-255,2902,24527,33,209171
7449,0.000173,172.31.33.0-255,66,24593,33,209171
7450,0.000192,172.217.194.0-255,7156,31749,33,209171
7451,0.000194,172.31.33.0-255,66,31815,33,209171
7452,0.00021,172.217.194.0-255,3961,35776,33,209171
7453,0.000212,172.31.33.0-255,66,35842,33,209171
7454,0.00022,172.217.194.0-255,7156,42998,33,209171
7455,0.000222,172.31.33.0-255,66,43064,33,209171
7456,0.000251,172.31.33.0-255,66,43130,33,209171
7457,0.000266,172.217.194.0-255,4320,47450,33,209171
7458,0.000268,172.31.33.0-255,66,47516,33,209171
7459,0.00029,172.217.194.0-255,6784,54300,33,209171
7460,0.000292,172.31.33.0-255,66,54366,33,209171
7461,0.000306,172.217.194.0-255,363,54729,33,209171
7462,0.000388,172.217.194.0-255,1484,56213,33,209171
7463,0.000391,172.31.33.0-255,66,56279,33,209171
7464,0.000396,172.217.194.0-255,2902,59181,33,209171
7465,0.000399,172.31.33.0-255,66,59247,33,209171
7466,0.000401,172.217.194.0-255,1484,60731,33,209171
7467,0.000418,172.217.194.0-255,4320,65051,33,209171
7468,0.00042,172.31.33.0-255,66,65117,33,209171
7469,0.000426,172.217.194.0-255,5738,70855,33,209171
7470,0.000428,172.31.33.0-255,66,70921,33,209171
7471,0.000434,172.217.194.0-255,7156,78077,33,209171
7472,0.000437,172.31.33.0-255,66,78143,33,209171
7473,0.000489,172.31.33.0-255,66,78209,33,209171
7474,0.000505,172.217.194.0-255,2184,80393,33,209171
7475,0.000507,172.31.33.0-255,66,80459,33,209171
7476,0.000599,172.217.194.0-255,1484,81943,33,209171
7477,0.000604,172.217.194.0-255,2902,84845,33,209171
7478,0.000608,172.31.33.0-255,66,84911,33,209171
7479,0.000611,172.217.194.0-255,1484,86395,33,209171
7480,0.000625,172.217.194.0-255,4320,90715,33,209171
7481,0.000627,172.31.33.0-255,66,90781,33,209171
7482,0.000662,172.31.33.0-255,66,90847,33,209171
7483,0.000688,172.31.33.0-255,66,90913,33,209171
7484,0.000721,172.217.194.0-255,1484,92397,33,209171
7485,0.000736,172.217.194.0-255,2902,95299,33,209171
7486,0.000739,172.31.33.0-255,66,95365,33,209171
7487,0.000744,172.217.194.0-255,5738,101103,33,209171
7488,0.000746,172.31.33.0-255,66,101169,33,209171
7489,0.000765,172.217.194.0-255,2902,104071,33,209171
7490,0.000767,172.31.33.0-255,66,104137,33,209171
7491,0.000794,172.31.33.0-255,66,104203,33,209171
7492,0.000798,172.217.194.0-255,2902,107105,33,209171
7493,0.0008,172.31.33.0-255,66,107171,33,209171
7494,0.000836,172.217.194.0-255,7156,114327,33,209171
7495,0.000839,172.31.33.0-255,66,114393,33,209171
7496,0.000864,172.217.194.0-255,2184,116577,33,209171
7497,0.000866,172.31.33.0-255,66,116643,33,209171
7498,0.000878,172.31.33.0-255,66,116709,33,209171
7499,0.000885,172.217.194.0-255,7156,123865,33,209171
7500,0.000887,172.31.33.0-255,66,123931,33,209171
7501,0.000923,172.31.33.0-255,66,123997,33,209171
7502,0.000926,172.217.194.0-255,766,124763,33,209171
7503,0.001129,172.217.194.0-255,1484,126247,33,209171
7504,0.001133,172.31.33.0-255,66,126313,33,209171
7505,0.001138,172.217.194.0-255,2902,129215,33,209171
7506,0.001139,172.31.33.0-255,66,129281,33,209171
7507,0.001161,172.217.194.0-255,5738,135019,33,209171
7508,0.001163,172.31.33.0-255,66,135085,33,209171
7509,0.001196,172.31.33.0-255,66,135151,33,209171
7510,0.00123,172.31.33.0-255,66,135217,33,209171
7511,0.001246,172.217.194.0-255,1484,136701,33,209171
7512,0.001249,172.217.194.0-255,1484,138185,33,209171
7513,0.001251,172.31.33.0-255,66,138251,33,209171
7514,0.001266,172.217.194.0-255,1484,139735,33,209171
7515,0.001282,172.217.194.0-255,4320,144055,33,209171
7516,0.001284,172.31.33.0-255,66,144121,33,209171
7517,0.001295,172.217.194.0-255,1484,145605,33,209171
7518,0.001307,172.217.194.0-255,4320,149925,33,209171
7519,0.001309,172.31.33.0-255,66,149991,33,209171
7520,0.001344,172.217.194.0-255,4320,154311,33,209171
7521,0.001346,172.31.33.0-255,66,154377,33,209171
7522,0.001357,172.31.33.0-255,66,154443,33,209171
7523,0.001362,172.217.194.0-255,5020,159463,33,209171
7524,0.001363,172.31.33.0-255,66,159529,33,209171
7525,0.001437,172.217.194.0-255,1484,161013,33,209171
7526,0.001466,172.217.194.0-255,1484,162497,33,209171
7527,0.00147,172.31.33.0-255,66,162563,33,209171
7528,0.001493,172.217.194.0-255,1484,164047,33,209171
7529,0.001499,172.217.194.0-255,5738,169785,33,209171
7530,0.001502,172.31.33.0-255,66,169851,33,209171
7531,0.001514,172.31.33.0-255,66,169917,33,209171
7532,0.001524,172.31.33.0-255,66,169983,33,209171
7533,0.001572,172.217.194.0-255,1484,171467,33,209171
7534,0.001592,172.217.194.0-255,2902,174369,33,209171
7535,0.001594,172.217.194.0-255,1484,175853,33,209171
7536,0.001599,172.31.33.0-255,66,175919,33,209171
7537,0.00162,172.217.194.0-255,4320,180239,33,209171
7538,0.001624,172.31.33.0-255,66,180305,33,209171
7539,0.00163,172.217.194.0-255,5738,186043,33,209171
7540,0.001632,172.31.33.0-255,66,186109,33,209171
7541,0.001643,172.31.33.0-255,66,186175,33,209171
7542,0.001665,172.217.194.0-255,6438,192613,33,209171
7543,0.001668,172.31.33.0-255,66,192679,33,209171
7544,0.001676,172.217.194.0-255,7156,199835,33,209171
7545,0.001678,172.31.33.0-255,66,199901,33,209171
7546,0.001703,172.31.33.0-255,66,199967,33,209171
7547,0.001749,172.217.194.0-255,5738,205705,33,209171
7548,0.001753,172.31.33.0-255,66,205771,33,209171
7549,0.001766,172.31.33.0-255,66,205837,33,209171
7550,0.001803,172.31.33.0-255,66,205903,33,209171
7551,0.001809,172.217.194.0-255,3097,209000,33,209171
7552,0.001812,172.31.33.0-255,66,209066,33,209171
7553,0.001815,172.217.194.0-255,105,209171,33,209171
7554,0.0,74.125.24.0-255,157,157,33,206256
7555,2.2e-05,172.31.33.0-255,66,223,33,206256
7556,2.9e-05,74.125.24.0-255,1484,1707,33,206256
7557,3.3e-05,172.31.33.0-255,66,1773,33,206256
7558,3.9e-05,74.125.24.0-255,2902,4675,33,206256
7559,4.2e-05,172.31.33.0-255,66,4741,33,206256
7560,5e-05,74.125.24.0-255,7156,11897,33,206256
7561,5.3e-05,172.31.33.0-255,66,11963,33,206256
7562,6.8e-05,172.31.33.0-255,66,12029,33,206256
7563,7.5e-05,74.125.24.0-255,6797,18826,33,206256
7564,7.8e-05,172.31.33.0-255,66,18892,33,206256
7565,0.000107,74.125.24.0-255,1484,20376,33,206256
7566,0.00011,172.31.33.0-255,66,20442,33,206256
7567,0.000116,74.125.24.0-255,2902,23344,33,206256
7568,0.000118,172.31.33.0-255,66,23410,33,206256
7569,0.000134,74.125.24.0-255,5738,29148,33,206256
7570,0.000137,172.31.33.0-255,66,29214,33,206256
7571,0.000144,74.125.24.0-255,5738,34952,33,206256
7572,0.000147,172.31.33.0-255,66,35018,33,206256
7573,0.000168,74.125.24.0-255,1484,36502,33,206256
7574,0.00017,172.31.33.0-255,66,36568,33,206256
7575,0.000186,172.31.33.0-255,66,36634,33,206256
7576,0.00019,74.125.24.0-255,2184,38818,33,206256
7577,0.000192,172.31.33.0-255,66,38884,33,206256
7578,0.000221,74.125.24.0-255,357,39241,33,206256
7579,0.000223,172.31.33.0-255,66,39307,33,206256
7580,0.000274,74.125.24.0-255,137,39444,33,206256
7581,0.000277,172.31.33.0-255,66,39510,33,206256
7582,0.000638,74.125.24.0-255,1484,40994,33,206256
7583,0.000644,172.31.33.0-255,66,41060,33,206256
7584,0.00065,74.125.24.0-255,2902,43962,33,206256
7585,0.000679,172.31.33.0-255,66,44028,33,206256
7586,0.000693,74.125.24.0-255,5738,49766,33,206256
7587,0.000711,74.125.24.0-255,4320,54086,33,206256
7588,0.000732,74.125.24.0-255,6438,60524,33,206256
7589,0.000741,172.31.33.0-255,66,60590,33,206256
7590,0.000828,74.125.24.0-255,1484,62074,33,206256
7591,0.000844,74.125.24.0-255,2902,64976,33,206256
7592,0.000856,74.125.24.0-255,2902,67878,33,206256
7593,0.000862,172.31.33.0-255,66,67944,33,206256
7594,0.000872,74.125.24.0-255,2902,70846,33,206256
7595,0.000875,74.125.24.0-255,1484,72330,33,206256
7596,0.000877,74.125.24.0-255,1484,73814,33,206256
7597,0.000882,172.31.33.0-255,66,73880,33,206256
7598,0.000906,74.125.24.0-255,7156,81036,33,206256
7599,0.00091,74.125.24.0-255,2902,83938,33,206256
7600,0.000918,172.31.33.0-255,66,84004,33,206256
7601,0.000962,172.31.33.0-255,66,84070,33,206256
7602,0.001008,74.125.24.0-255,1484,85554,33,206256
7603,0.001024,172.31.33.0-255,66,85620,33,206256
7604,0.001034,74.125.24.0-255,2902,88522,33,206256
7605,0.001053,74.125.24.0-255,5738,94260,33,206256
7606,0.001058,74.125.24.0-255,2902,97162,33,206256
7607,0.001065,172.31.33.0-255,66,97228,33,206256
7608,0.001106,74.125.24.0-255,1484,98712,33,206256
7609,0.00113,172.31.33.0-255,66,98778,33,206256
7610,0.00114,172.31.33.0-255,66,98844,33,206256
7611,0.001172,74.125.24.0-255,1484,100328,33,206256
7612,0.001178,74.125.24.0-255,5738,106066,33,206256
7613,0.001186,172.31.33.0-255,66,106132,33,206256
7614,0.001215,74.125.24.0-255,5738,111870,33,206256
7615,0.001231,74.125.24.0-255,7156,119026,33,206256
7616,0.001243,172.31.33.0-255,66,119092,33,206256
7617,0.001255,74.125.24.0-255,6438,125530,33,206256
7618,0.001272,74.125.24.0-255,7156,132686,33,206256
7619,0.001275,172.31.33.0-255,66,132752,33,206256
7620,0.001347,172.31.33.0-255,66,132818,33,206256
7621,0.001359,74.125.24.0-255,4320,137138,33,206256
7622,0.001363,172.31.33.0-255,66,137204,33,206256
7623,0.001389,74.125.24.0-255,6438,143642,33,206256
7624,0.001392,74.125.24.0-255,1484,145126,33,206256
7625,0.001395,74.125.24.0-255,2902,148028,33,206256
7626,0.001401,74.125.24.0-255,5738,153766,33,206256
7627,0.001405,74.125.24.0-255,4320,158086,33,206256
7628,0.001435,74.125.24.0-255,7156,165242,33,206256
7629,0.00147,74.125.24.0-255,2902,168144,33,206256
7630,0.001477,172.31.33.0-255,66,168210,33,206256
7631,0.001517,172.31.33.0-255,66,168276,33,206256
7632,0.001523,74.125.24.0-255,4320,172596,33,206256
7633,0.001528,172.31.33.0-255,66,172662,33,206256
7634,0.001567,74.125.24.0-255,2902,175564,33,206256
7635,0.001569,74.125.24.0-255,1484,177048,33,206256
7636,0.001573,172.31.33.0-255,66,177114,33,206256
7637,0.001578,172.31.33.0-255,66,177180,33,206256
7638,0.001592,74.125.24.0-255,2902,180082,33,206256
7639,0.001617,172.31.33.0-255,66,180148,33,206256
7640,0.001627,74.125.24.0-255,5738,185886,33,206256
7641,0.001633,172.31.33.0-255,66,185952,33,206256
7642,0.001669,74.125.24.0-255,4320,190272,33,206256
7643,0.001684,74.125.24.0-255,6438,196710,33,206256
7644,0.001687,74.125.24.0-255,1484,198194,33,206256
7645,0.001694,172.31.33.0-255,66,198260,33,206256
7646,0.001713,74.125.24.0-255,1484,199744,33,206256
7647,0.00174,74.125.24.0-255,6038,205782,33,206256
7648,0.001743,172.31.33.0-255,66,205848,33,206256
7649,0.001749,172.31.33.0-255,66,205914,33,206256
7650,0.00176,74.125.24.0-255,105,206019,33,206256
7651,0.004366,172.31.33.0-255,66,206085,33,206256
7652,0.004403,172.31.33.0-255,105,206190,33,206256
7653,0.006706,74.125.24.0-255,66,206256,33,206256
7654,0.0,74.125.24.0-255,153,153,33,175815
7655,1.9e-05,172.31.33.0-255,66,219,33,175815
7656,2.5e-05,74.125.24.0-255,1484,1703,33,175815
7657,3e-05,172.31.33.0-255,66,1769,33,175815
7658,3.5e-05,74.125.24.0-255,2902,4671,33,175815
7659,4.4e-05,172.31.33.0-255,66,4737,33,175815
7660,5.2e-05,74.125.24.0-255,7156,11893,33,175815
7661,5.5e-05,172.31.33.0-255,66,11959,33,175815
7662,6.5e-05,172.31.33.0-255,66,12025,33,175815
7663,7e-05,74.125.24.0-255,4320,16345,33,175815
7664,7.3e-05,172.31.33.0-255,66,16411,33,175815
7665,0.000104,74.125.24.0-255,4320,20731,33,175815
7666,0.000107,172.31.33.0-255,66,20797,33,175815
7667,0.00011,74.125.24.0-255,2543,23340,33,175815
7668,0.000112,172.31.33.0-255,66,23406,33,175815
7669,0.000186,74.125.24.0-255,1484,24890,33,175815
7670,0.000189,172.31.33.0-255,66,24956,33,175815
7671,0.000211,74.125.24.0-255,2902,27858,33,175815
7672,0.000214,172.31.33.0-255,66,27924,33,175815
7673,0.000238,74.125.24.0-255,1484,29408,33,175815
7674,0.000241,172.31.33.0-255,66,29474,33,175815
7675,0.00027,74.125.24.0-255,4320,33794,33,175815
7676,0.000273,172.31.33.0-255,66,33860,33,175815
7677,0.000283,172.31.33.0-255,66,33926,33,175815
7678,0.000298,172.31.33.0-255,66,33992,33,175815
7679,0.000302,74.125.24.0-255,2902,36894,33,175815
7680,0.000304,172.31.33.0-255,66,36960,33,175815
7681,0.000334,74.125.24.0-255,1125,38085,33,175815
7682,0.000336,172.31.33.0-255,66,38151,33,175815
7683,0.000787,74.125.24.0-255,646,38797,33,175815
7684,0.000792,172.31.33.0-255,66,38863,33,175815
7685,0.001036,74.125.24.0-255,1484,40347,33,175815
7686,0.00104,172.31.33.0-255,66,40413,33,175815
7687,0.001047,74.125.24.0-255,2902,43315,33,175815
7688,0.001049,172.31.33.0-255,66,43381,33,175815
7689,0.001076,74.125.24.0-255,5738,49119,33,175815
7690,0.001078,172.31.33.0-255,66,49185,33,175815
7691,0.001081,74.125.24.0-255,1484,50669,33,175815
7692,0.001083,172.31.33.0-255,66,50735,33,175815
7693,0.001108,74.125.24.0-255,5738,56473,33,175815
7694,0.001113,172.31.33.0-255,66,56539,33,175815
7695,0.001127,74.125.24.0-255,2902,59441,33,175815
7696,0.001129,172.31.33.0-255,66,59507,33,175815
7697,0.001154,172.31.33.0-255,66,59573,33,175815
7698,0.001178,74.125.24.0-255,2184,61757,33,175815
7699,0.00118,172.31.33.0-255,66,61823,33,175815
7700,0.001298,74.125.24.0-255,1484,63307,33,175815
7701,0.001302,172.31.33.0-255,66,63373,33,175815
7702,0.001307,74.125.24.0-255,2902,66275,33,175815
7703,0.001309,172.31.33.0-255,66,66341,33,175815
7704,0.001325,74.125.24.0-255,2902,69243,33,175815
7705,0.001328,172.31.33.0-255,66,69309,33,175815
7706,0.001358,74.125.24.0-255,7156,76465,33,175815
7707,0.001361,172.31.33.0-255,66,76531,33,175815
7708,0.001388,74.125.24.0-255,2902,79433,33,175815
7709,0.001391,172.31.33.0-255,66,79499,33,175815
7710,0.001417,172.31.33.0-255,66,79565,33,175815
7711,0.001421,74.125.24.0-255,2902,82467,33,175815
7712,0.001441,74.125.24.0-255,2184,84651,33,175815
7713,0.001474,74.125.24.0-255,2902,87553,33,175815
7714,0.001491,74.125.24.0-255,4320,91873,33,175815
7715,0.001507,74.125.24.0-255,4320,96193,33,175815
7716,0.001522,74.125.24.0-255,4320,100513,33,175815
7717,0.001528,74.125.24.0-255,5738,106251,33,175815
7718,0.001578,74.125.24.0-255,4320,110571,33,175815
7719,0.001631,74.125.24.0-255,1484,112055,33,175815
7720,0.001643,74.125.24.0-255,1484,113539,33,175815
7721,0.001652,74.125.24.0-255,1484,115023,33,175815
7722,0.001666,74.125.24.0-255,5738,120761,33,175815
7723,0.001697,74.125.24.0-255,7156,127917,33,175815
7724,0.00172,74.125.24.0-255,4320,132237,33,175815
7725,0.001752,74.125.24.0-255,1484,133721,33,175815
7726,0.001755,74.125.24.0-255,2184,135905,33,175815
7727,0.002113,74.125.24.0-255,1484,137389,33,175815
7728,0.00212,74.125.24.0-255,2902,140291,33,175815
7729,0.002134,74.125.24.0-255,1484,141775,33,175815
7730,0.002147,74.125.24.0-255,2902,144677,33,175815
7731,0.00215,74.125.24.0-255,1484,146161,33,175815
7732,0.002168,74.125.24.0-255,4320,150481,33,175815
7733,0.002213,74.125.24.0-255,5738,156219,33,175815
7734,0.002226,74.125.24.0-255,5738,161957,33,175815
7735,0.00223,74.125.24.0-255,4320,166277,33,175815
7736,0.002247,74.125.24.0-255,1484,167761,33,175815
7737,0.002257,74.125.24.0-255,2184,169945,33,175815
7738,0.006181,172.31.33.0-255,66,170011,33,175815
7739,0.008494,74.125.24.0-255,5738,175749,33,175815
7740,0.008501,172.31.33.0-255,66,175815,33,175815
7741,0.0,74.125.68.0-255,153,153,33,174138
7742,2.3e-05,172.31.33.0-255,66,219,33,174138
7743,4.3e-05,74.125.68.0-255,1484,1703,33,174138
7744,4.6e-05,172.31.33.0-255,66,1769,33,174138
7745,7.6e-05,74.125.68.0-255,2902,4671,33,174138
7746,7.8e-05,172.31.33.0-255,66,4737,33,174138
7747,8.2e-05,74.125.68.0-255,1484,6221,33,174138
7748,8.3e-05,172.31.33.0-255,66,6287,33,174138
7749,0.000102,74.125.68.0-255,4320,10607,33,174138
7750,0.000104,172.31.33.0-255,66,10673,33,174138
7751,0.00013,74.125.68.0-255,6269,16942,33,174138
7752,0.000132,172.31.33.0-255,66,17008,33,174138
7753,0.000161,172.31.33.0-255,66,17074,33,174138
7754,0.000199,74.125.68.0-255,5379,22453,33,174138
7755,0.000202,172.31.33.0-255,66,22519,33,174138
7756,0.000299,74.125.68.0-255,1484,24003,33,174138
7757,0.000302,172.31.33.0-255,66,24069,33,174138
7758,0.000307,74.125.68.0-255,2902,26971,33,174138
7759,0.000309,172.31.33.0-255,66,27037,33,174138
7760,0.00033,74.125.68.0-255,2902,29939,33,174138
7761,0.000332,172.31.33.0-255,66,30005,33,174138
7762,0.000357,74.125.68.0-255,2902,32907,33,174138
7763,0.000359,172.31.33.0-255,66,32973,33,174138
7764,0.000366,74.125.68.0-255,5738,38711,33,174138
7765,0.000368,172.31.33.0-255,66,38777,33,174138
7766,0.000375,74.125.68.0-255,5738,44515,33,174138
7767,0.000377,172.31.33.0-255,66,44581,33,174138
7768,0.000399,74.125.68.0-255,1484,46065,33,174138
7769,0.000401,172.31.33.0-255,66,46131,33,174138
7770,0.000414,172.31.33.0-255,66,46197,33,174138
7771,0.000444,74.125.68.0-255,2184,48381,33,174138
7772,0.000447,172.31.33.0-255,66,48447,33,174138
7773,0.000471,74.125.68.0-255,426,48873,33,174138
7774,0.000672,172.31.33.0-255,66,48939,33,174138
7775,0.001497,74.125.68.0-255,349,49288,33,174138
7776,0.00156,74.125.68.0-255,1484,50772,33,174138
7777,0.001564,172.31.33.0-255,66,50838,33,174138
7778,0.001569,74.125.68.0-255,2902,53740,33,174138
7779,0.001571,172.31.33.0-255,66,53806,33,174138
7780,0.001601,74.125.68.0-255,1484,55290,33,174138
7781,0.001621,74.125.68.0-255,4320,59610,33,174138
7782,0.001623,172.31.33.0-255,66,59676,33,174138
7783,0.001626,74.125.68.0-255,2902,62578,33,174138
7784,0.001628,172.31.33.0-255,66,62644,33,174138
7785,0.001633,74.125.68.0-255,2902,65546,33,174138
7786,0.001635,172.31.33.0-255,66,65612,33,174138
7787,0.001664,74.125.68.0-255,7156,72768,33,174138
7788,0.001666,172.31.33.0-255,66,72834,33,174138
7789,0.001672,74.125.68.0-255,5738,78572,33,174138
7790,0.001674,172.31.33.0-255,66,78638,33,174138
7791,0.001689,74.125.68.0-255,5020,83658,33,174138
7792,0.001691,172.31.33.0-255,66,83724,33,174138
7793,0.001816,74.125.68.0-255,1484,85208,33,174138
7794,0.001821,74.125.68.0-255,2902,88110,33,174138
7795,0.001823,172.31.33.0-255,66,88176,33,174138
7796,0.001847,74.125.68.0-255,5738,93914,33,174138
7797,0.001849,172.31.33.0-255,66,93980,33,174138
7798,0.001855,74.125.68.0-255,7156,101136,33,174138
7799,0.001857,172.31.33.0-255,66,101202,33,174138
7800,0.001906,172.31.33.0-255,66,101268,33,174138
7801,0.001908,74.125.68.0-255,1484,102752,33,174138
7802,0.001923,74.125.68.0-255,2184,104936,33,174138
7803,0.001925,172.31.33.0-255,66,105002,33,174138
7804,0.002035,74.125.68.0-255,1484,106486,33,174138
7805,0.002053,74.125.68.0-255,2902,109388,33,174138
7806,0.002055,172.31.33.0-255,66,109454,33,174138
7807,0.002067,74.125.68.0-255,1484,110938,33,174138
7808,0.002084,74.125.68.0-255,1484,112422,33,174138
7809,0.002086,172.31.33.0-255,66,112488,33,174138
7810,0.002091,74.125.68.0-255,4320,116808,33,174138
7811,0.002094,172.31.33.0-255,66,116874,33,174138
7812,0.002099,74.125.68.0-255,4320,121194,33,174138
7813,0.002101,172.31.33.0-255,66,121260,33,174138
7814,0.002117,74.125.68.0-255,4320,125580,33,174138
7815,0.00212,172.31.33.0-255,66,125646,33,174138
7816,0.002125,74.125.68.0-255,5738,131384,33,174138
7817,0.002127,172.31.33.0-255,66,131450,33,174138
7818,0.00215,74.125.68.0-255,5738,137188,33,174138
7819,0.002152,172.31.33.0-255,66,137254,33,174138
7820,0.002169,74.125.68.0-255,1484,138738,33,174138
7821,0.002173,74.125.68.0-255,2902,141640,33,174138
7822,0.002175,172.31.33.0-255,66,141706,33,174138
7823,0.002198,74.125.68.0-255,5020,146726,33,174138
7824,0.002201,172.31.33.0-255,66,146792,33,174138
7825,0.00221,172.31.33.0-255,66,146858,33,174138
7826,0.00223,74.125.68.0-255,1484,148342,33,174138
7827,0.002253,172.31.33.0-255,66,148408,33,174138
7828,0.002255,74.125.68.0-255,1484,149892,33,174138
7829,0.002272,74.125.68.0-255,6438,156330,33,174138
7830,0.002275,172.31.33.0-255,66,156396,33,174138
7831,0.002278,74.125.68.0-255,1484,157880,33,174138
7832,0.004528,74.125.68.0-255,1484,159364,33,174138
7833,0.00453,172.31.33.0-255,66,159430,33,174138
7834,0.004545,74.125.68.0-255,2902,162332,33,174138
7835,0.004547,172.31.33.0-255,66,162398,33,174138
7836,0.006787,74.125.68.0-255,2902,165300,33,174138
7837,0.006793,172.31.33.0-255,66,165366,33,174138
7838,0.006807,74.125.68.0-255,2902,168268,33,174138
7839,0.00681,172.31.33.0-255,66,168334,33,174138
7840,0.009071,74.125.68.0-255,5738,174072,33,174138
7841,0.009077,172.31.33.0-255,66,174138,33,174138
7842,0.0,74.125.200.0-255,150,150,33,193966
7843,1.4e-05,172.31.33.0-255,66,216,33,193966
7844,2.1e-05,74.125.200.0-255,1484,1700,33,193966
7845,2.5e-05,172.31.33.0-255,66,1766,33,193966
7846,4.9e-05,74.125.200.0-255,2902,4668,33,193966
7847,5.5e-05,172.31.33.0-255,66,4734,33,193966
7848,8.1e-05,74.125.200.0-255,5738,10472,33,193966
7849,8.4e-05,172.31.33.0-255,66,10538,33,193966
7850,8.8e-05,74.125.200.0-255,1484,12022,33,193966
7851,8.9e-05,172.31.33.0-255,66,12088,33,193966
7852,9.5e-05,74.125.200.0-255,1996,14084,33,193966
7853,9.7e-05,172.31.33.0-255,66,14150,33,193966
7854,0.000167,74.125.200.0-255,1484,15634,33,193966
7855,0.000171,172.31.33.0-255,66,15700,33,193966
7856,0.000186,74.125.200.0-255,2902,18602,33,193966
7857,0.000192,172.31.33.0-255,66,18668,33,193966
7858,0.000197,74.125.200.0-255,4320,22988,33,193966
7859,0.000199,172.31.33.0-255,66,23054,33,193966
7860,0.000241,74.125.200.0-255,7156,30210,33,193966
7861,0.000243,172.31.33.0-255,66,30276,33,193966
7862,0.000253,74.125.200.0-255,1125,31401,33,193966
7863,0.000255,172.31.33.0-255,66,31467,33,193966
7864,0.000307,74.125.200.0-255,1484,32951,33,193966
7865,0.00031,172.31.33.0-255,66,33017,33,193966
7866,0.000315,74.125.200.0-255,1484,34501,33,193966
7867,0.000317,172.31.33.0-255,66,34567,33,193966
7868,0.000347,74.125.200.0-255,1484,36051,33,193966
7869,0.00035,172.31.33.0-255,66,36117,33,193966
7870,0.000358,74.125.200.0-255,4320,40437,33,193966
7871,0.00036,172.31.33.0-255,66,40503,33,193966
7872,0.000395,172.31.33.0-255,66,40569,33,193966
7873,0.000438,74.125.200.0-255,1484,42053,33,193966
7874,0.000443,74.125.200.0-255,2902,44955,33,193966
7875,0.000446,172.31.33.0-255,66,45021,33,193966
7876,0.000481,74.125.200.0-255,5738,50759,33,193966
7877,0.000484,172.31.33.0-255,66,50825,33,193966
7878,0.00049,74.125.200.0-255,4320,55145,33,193966
7879,0.000492,172.31.33.0-255,66,55211,33,193966
7880,0.000528,74.125.200.0-255,2873,58084,33,193966
7881,0.000531,172.31.33.0-255,66,58150,33,193966
7882,0.000555,74.125.200.0-255,380,58530,33,193966
7883,0.000714,74.125.200.0-255,1484,60014,33,193966
7884,0.000719,172.31.33.0-255,66,60080,33,193966
7885,0.000726,74.125.200.0-255,2902,62982,33,193966
7886,0.000729,172.31.33.0-255,66,63048,33,193966
7887,0.000761,74.125.200.0-255,5738,68786,33,193966
7888,0.000764,172.31.33.0-255,66,68852,33,193966
7889,0.000776,74.125.200.0-255,1484,70336,33,193966
7890,0.000803,74.125.200.0-255,5379,75715,33,193966
7891,0.000806,172.31.33.0-255,66,75781,33,193966
7892,0.000835,74.125.200.0-255,1484,77265,33,193966
7893,0.000847,74.125.200.0-255,1484,78749,33,193966
7894,0.000849,172.31.33.0-255,66,78815,33,193966
7895,0.000875,74.125.200.0-255,1484,80299,33,193966
7896,0.000882,74.125.200.0-255,5738,86037,33,193966
7897,0.000885,172.31.33.0-255,66,86103,33,193966
7898,0.000889,74.125.200.0-255,1484,87587,33,193966
7899,0.000893,74.125.200.0-255,2902,90489,33,193966
7900,0.000896,172.31.33.0-255,66,90555,33,193966
7901,0.000933,74.125.200.0-255,2543,93098,33,193966
7902,0.000936,172.31.33.0-255,66,93164,33,193966
7903,0.001595,74.125.200.0-255,1484,94648,33,193966
7904,0.001604,74.125.200.0-255,2902,97550,33,193966
7905,0.001608,172.31.33.0-255,66,97616,33,193966
7906,0.001614,74.125.200.0-255,2902,100518,33,193966
7907,0.001617,172.31.33.0-255,66,100584,33,193966
7908,0.001634,74.125.200.0-255,2902,103486,33,193966
7909,0.001637,172.31.33.0-255,66,103552,33,193966
7910,0.001649,74.125.200.0-255,7156,110708,33,193966
7911,0.001651,172.31.33.0-255,66,110774,33,193966
7912,0.001674,74.125.200.0-255,1484,112258,33,193966
7913,0.001691,172.31.33.0-255,66,112324,33,193966
7914,0.001697,74.125.200.0-255,5020,117344,33,193966
7915,0.001699,172.31.33.0-255,66,117410,33,193966
7916,0.001866,74.125.200.0-255,1484,118894,33,193966
7917,0.001884,74.125.200.0-255,2902,121796,33,193966
7918,0.001889,172.31.33.0-255,66,121862,33,193966
7919,0.001914,74.125.200.0-255,4320,126182,33,193966
7920,0.001916,172.31.33.0-255,66,126248,33,193966
7921,0.001943,74.125.200.0-255,4320,130568,33,193966
7922,0.001945,172.31.33.0-255,66,130634,33,193966
7923,0.001967,74.125.200.0-255,4320,134954,33,193966
7924,0.001969,172.31.33.0-255,66,135020,33,193966
7925,0.002001,172.31.33.0-255,66,135086,33,193966
7926,0.002005,74.125.200.0-255,2902,137988,33,193966
7927,0.002007,172.31.33.0-255,66,138054,33,193966
7928,0.002037,74.125.200.0-255,1484,139538,33,193966
7929,0.00205,74.125.200.0-255,2184,141722,33,193966
7930,0.002052,172.31.33.0-255,66,141788,33,193966
7931,0.002106,74.125.200.0-255,1484,143272,33,193966
7932,0.002116,74.125.200.0-255,2902,146174,33,193966
7933,0.002119,172.31.33.0-255,66,146240,33,193966
7934,0.002145,74.125.200.0-255,5738,151978,33,193966
7935,0.002147,172.31.33.0-255,66,152044,33,193966
7936,0.00215,74.125.200.0-255,1484,153528,33,193966
7937,0.002184,74.125.200.0-255,5738,159266,33,193966
7938,0.002187,172.31.33.0-255,66,159332,33,193966
7939,0.002207,74.125.200.0-255,2902,162234,33,193966
7940,0.002209,172.31.33.0-255,66,162300,33,193966
7941,0.002212,74.125.200.0-255,1484,163784,33,193966
7942,0.002216,74.125.200.0-255,2902,166686,33,193966
7943,0.002217,172.31.33.0-255,66,166752,33,193966
7944,0.002225,74.125.200.0-255,2902,169654,33,193966
7945,0.002228,172.31.33.0-255,66,169720,33,193966
7946,0.002256,74.125.200.0-255,2902,172622,33,193966
7947,0.002258,172.31.33.0-255,66,172688,33,193966
7948,0.002263,74.125.200.0-255,3602,176290,33,193966
7949,0.002265,172.31.33.0-255,66,176356,33,193966
7950,0.00456,74.125.200.0-255,1484,177840,33,193966
7951,0.004585,74.125.200.0-255,4320,182160,33,193966
7952,0.00459,172.31.33.0-255,66,182226,33,193966
7953,0.006909,74.125.200.0-255,5738,187964,33,193966
7954,0.006916,172.31.33.0-255,66,188030,33,193966
7955,0.009246,74.125.200.0-255,2902,190932,33,193966
7956,0.009252,172.31.33.0-255,66,190998,33,193966
7957,0.009271,74.125.200.0-255,2902,193900,33,193966
7958,0.009273,172.31.33.0-255,66,193966,33,193966
7959,0.0,172.217.194.0-255,153,153,33,187606
7960,1.9e-05,172.31.33.0-255,66,219,33,187606
7961,2.6e-05,172.217.194.0-255,1484,1703,33,187606
7962,3.1e-05,172.31.33.0-255,66,1769,33,187606
7963,3.6e-05,172.217.194.0-255,2902,4671,33,187606
7964,3.9e-05,172.31.33.0-255,66,4737,33,187606
7965,7.7e-05,172.217.194.0-255,7156,11893,33,187606
7966,8e-05,172.31.33.0-255,66,11959,33,187606
7967,0.000104,172.217.194.0-255,2010,13969,33,187606
7968,0.000106,172.31.33.0-255,66,14035,33,187606
7969,0.00022,172.217.194.0-255,1484,15519,33,187606
7970,0.000224,172.31.33.0-255,66,15585,33,187606
7971,0.000239,172.217.194.0-255,1484,17069,33,187606
7972,0.000242,172.31.33.0-255,66,17135,33,187606
7973,0.000269,172.217.194.0-255,1484,18619,33,187606
7974,0.000271,172.31.33.0-255,66,18685,33,187606
7975,0.000278,172.217.194.0-255,5738,24423,33,187606
7976,0.000281,172.31.33.0-255,66,24489,33,187606
7977,0.000285,172.217.194.0-255,2902,27391,33,187606
7978,0.000287,172.31.33.0-255,66,27457,33,187606
7979,0.000304,172.217.194.0-255,3961,31418,33,187606
7980,0.000306,172.31.33.0-255,66,31484,33,187606
7981,0.000324,172.217.194.0-255,4320,35804,33,187606
7982,0.000326,172.31.33.0-255,66,35870,33,187606
7983,0.000348,172.217.194.0-255,1484,37354,33,187606
7984,0.000351,172.31.33.0-255,66,37420,33,187606
7985,0.000358,172.217.194.0-255,7156,44576,33,187606
7986,0.00036,172.31.33.0-255,66,44642,33,187606
7987,0.000389,172.31.33.0-255,66,44708,33,187606
7988,0.000429,172.217.194.0-255,4320,49028,33,187606
7989,0.000432,172.31.33.0-255,66,49094,33,187606
7990,0.000457,172.31.33.0-255,66,49160,33,187606
7991,0.000696,172.217.194.0-255,376,49536,33,187606
7992,0.000754,172.217.194.0-255,366,49902,33,187606
7993,0.0008,172.217.194.0-255,1484,51386,33,187606
7994,0.000804,172.31.33.0-255,66,51452,33,187606
7995,0.000807,172.217.194.0-255,1484,52936,33,187606
7996,0.000824,172.217.194.0-255,2902,55838,33,187606
7997,0.000826,172.31.33.0-255,66,55904,33,187606
7998,0.00083,172.217.194.0-255,2902,58806,33,187606
7999,0.000832,172.31.33.0-255,66,58872,33,187606
8000,0.000857,172.217.194.0-255,5738,64610,33,187606
8001,0.000859,172.31.33.0-255,66,64676,33,187606
8002,0.000873,172.31.33.0-255,66,64742,33,187606
8003,0.000877,172.217.194.0-255,2902,67644,33,187606
8004,0.000879,172.31.33.0-255,66,67710,33,187606
8005,0.000891,172.217.194.0-255,2184,69894,33,187606
8006,0.000893,172.31.33.0-255,66,69960,33,187606
8007,0.001276,172.217.194.0-255,1484,71444,33,187606
8008,0.001292,172.217.194.0-255,2902,74346,33,187606
8009,0.001295,172.31.33.0-255,66,74412,33,187606
8010,0.001317,172.217.194.0-255,5738,80150,33,187606
8011,0.00132,172.31.33.0-255,66,80216,33,187606
8012,0.001322,172.217.194.0-255,1484,81700,33,187606
8013,0.001344,172.31.33.0-255,66,81766,33,187606
8014,0.001362,172.217.194.0-255,1484,83250,33,187606
8015,0.001418,172.31.33.0-255,66,83316,33,187606
8016,0.001512,172.217.194.0-255,1484,84800,33,187606
8017,0.001525,172.217.194.0-255,2902,87702,33,187606
8018,0.001529,172.31.33.0-255,66,87768,33,187606
8019,0.00155,172.217.194.0-255,5738,93506,33,187606
8020,0.001553,172.217.194.0-255,1484,94990,33,187606
8021,0.001555,172.31.33.0-255,66,95056,33,187606
8022,0.001585,172.31.33.0-255,66,95122,33,187606
8023,0.001589,172.217.194.0-255,2902,98024,33,187606
8024,0.001591,172.31.33.0-255,66,98090,33,187606
8025,0.001612,172.31.33.0-255,66,98156,33,187606
8026,0.001646,172.217.194.0-255,1484,99640,33,187606
8027,0.001667,172.217.194.0-255,2902,102542,33,187606
8028,0.001669,172.31.33.0-255,66,102608,33,187606
8029,0.001672,172.217.194.0-255,1484,104092,33,187606
8030,0.001688,172.217.194.0-255,4320,108412,33,187606
8031,0.00169,172.31.33.0-255,66,108478,33,187606
8032,0.001694,172.217.194.0-255,2902,111380,33,187606
8033,0.001695,172.31.33.0-255,66,111446,33,187606
8034,0.001737,172.217.194.0-255,7156,118602,33,187606
8035,0.00174,172.31.33.0-255,66,118668,33,187606
8036,0.001758,172.217.194.0-255,2902,121570,33,187606
8037,0.00176,172.31.33.0-255,66,121636,33,187606
8038,0.001763,172.217.194.0-255,1484,123120,33,187606
8039,0.001823,172.217.194.0-255,5738,128858,33,187606
8040,0.001826,172.31.33.0-255,66,128924,33,187606
8041,0.001841,172.217.194.0-255,3602,132526,33,187606
8042,0.001843,172.31.33.0-255,66,132592,33,187606
8043,0.002144,172.217.194.0-255,1484,134076,33,187606
8044,0.00216,172.217.194.0-255,2902,136978,33,187606
8045,0.002163,172.31.33.0-255,66,137044,33,187606
8046,0.002166,172.217.194.0-255,1484,138528,33,187606
8047,0.002183,172.217.194.0-255,4320,142848,33,187606
8048,0.002185,172.31.33.0-255,66,142914,33,187606
8049,0.002203,172.217.194.0-255,1484,144398,33,187606
8050,0.002224,172.31.33.0-255,66,144464,33,187606
8051,0.002262,172.217.194.0-255,5738,150202,33,187606
8052,0.002265,172.31.33.0-255,66,150268,33,187606
8053,0.002308,172.217.194.0-255,5738,156006,33,187606
8054,0.002311,172.31.33.0-255,66,156072,33,187606
8055,0.002339,172.217.194.0-255,1484,157556,33,187606
8056,0.002355,172.217.194.0-255,6438,163994,33,187606
8057,0.002382,172.217.194.0-255,4320,168314,33,187606
8058,0.002401,172.217.194.0-255,1484,169798,33,187606
8059,0.002408,172.217.194.0-255,7156,176954,33,187606
8060,0.002426,172.217.194.0-255,4320,181274,33,187606
8061,0.006923,172.31.33.0-255,66,181340,33,187606
8062,0.006928,172.31.33.0-255,66,181406,33,187606
8063,0.006931,172.31.33.0-255,66,181472,33,187606
8064,0.006934,172.31.33.0-255,66,181538,33,187606
8065,0.006943,172.31.33.0-255,66,181604,33,187606
8066,0.006947,172.31.33.0-255,66,181670,33,187606
8067,0.00695,172.31.33.0-255,66,181736,33,187606
8068,0.006953,172.31.33.0-255,66,181802,33,187606
8069,0.00938,172.217.194.0-255,5738,187540,33,187606
8070,0.009387,172.31.33.0-255,66,187606,33,187606
8071,0.0,172.31.33.0-255,66,66,33,66
8072,0.0,172.31.33.0-255,105,105,33,918
8073,8.1e-05,172.31.33.0-255,105,210,33,918
8074,0.000243,172.31.33.0-255,90,300,33,918
8075,0.000253,172.31.33.0-255,66,366,33,918
8076,0.000714,172.31.33.0-255,90,456,33,918
8077,0.000722,172.31.33.0-255,66,522,33,918
8078,0.001888,172.217.160.0-255,66,588,33,918
8079,0.001905,172.217.160.0-255,66,654,33,918
8080,0.001918,172.31.33.0-255,66,720,33,918
8081,0.003005,172.217.194.0-255,66,786,33,918
8082,0.003052,172.217.194.0-255,66,852,33,918
8083,0.003055,172.31.33.0-255,66,918,33,918
8084,0.0,172.31.33.0-255,105,105,33,459
8085,0.000159,172.31.33.0-255,90,195,33,459
8086,0.000167,172.31.33.0-255,66,261,33,459
8087,0.002198,172.217.194.0-255,66,327,33,459
8088,0.002223,172.217.194.0-255,66,393,33,459
8089,0.00224,172.31.33.0-255,66,459,33,459
8090,0.0,172.217.194.0-255,153,153,33,152306
8091,2.3e-05,172.31.33.0-255,66,219,33,152306
8092,3.1e-05,172.217.194.0-255,1484,1703,33,152306
8093,3.5e-05,172.31.33.0-255,66,1769,33,152306
8094,4.1e-05,172.217.194.0-255,2902,4671,33,152306
8095,4.4e-05,172.31.33.0-255,66,4737,33,152306
8096,6e-05,172.217.194.0-255,7156,11893,33,152306
8097,6.2e-05,172.31.33.0-255,66,11959,33,152306
8098,6.7e-05,172.217.194.0-255,2003,13962,33,152306
8099,6.9e-05,172.31.33.0-255,66,14028,33,152306
8100,8.7e-05,172.217.194.0-255,1484,15512,33,152306
8101,8.9e-05,172.31.33.0-255,66,15578,33,152306
8102,0.000133,172.31.33.0-255,66,15644,33,152306
8103,0.000138,172.217.194.0-255,2902,18546,33,152306
8104,0.00014,172.31.33.0-255,66,18612,33,152306
8105,0.000163,172.217.194.0-255,2543,21155,33,152306
8106,0.000169,172.31.33.0-255,66,21221,33,152306
8107,0.000218,172.217.194.0-255,1484,22705,33,152306
8108,0.000221,172.31.33.0-255,66,22771,33,152306
8109,0.000239,172.217.194.0-255,2902,25673,33,152306
8110,0.000242,172.31.33.0-255,66,25739,33,152306
8111,0.000247,172.217.194.0-255,2902,28641,33,152306
8112,0.000248,172.31.33.0-255,66,28707,33,152306
8113,0.000272,172.217.194.0-255,2902,31609,33,152306
8114,0.000274,172.31.33.0-255,66,31675,33,152306
8115,0.000278,172.217.194.0-255,2902,34577,33,152306
8116,0.000285,172.31.33.0-255,66,34643,33,152306
8117,0.000338,172.31.33.0-255,66,34709,33,152306
8118,0.00035,172.31.33.0-255,66,34775,33,152306
8119,0.000353,172.217.194.0-255,678,35453,33,152306
8120,0.000578,172.217.194.0-255,1484,36937,33,152306
8121,0.000585,172.217.194.0-255,1484,38421,33,152306
8122,0.000603,172.217.194.0-255,1484,39905,33,152306
8123,0.00061,172.217.194.0-255,5738,45643,33,152306
8124,0.000619,172.31.33.0-255,66,45709,33,152306
8125,0.00064,172.217.194.0-255,1484,47193,33,152306
8126,0.000652,172.31.33.0-255,66,47259,33,152306
8127,0.000694,172.31.33.0-255,66,47325,33,152306
8128,0.000779,172.217.194.0-255,1484,48809,33,152306
8129,0.000784,172.217.194.0-255,2902,51711,33,152306
8130,0.000787,172.217.194.0-255,1484,53195,33,152306
8131,0.000797,172.31.33.0-255,66,53261,33,152306
8132,0.00082,172.217.194.0-255,4320,57581,33,152306
8133,0.000849,172.217.194.0-255,2902,60483,33,152306
8134,0.000855,172.31.33.0-255,66,60549,33,152306
8135,0.000897,172.31.33.0-255,66,60615,33,152306
8136,0.000925,172.217.194.0-255,1484,62099,33,152306
8137,0.00093,172.217.194.0-255,2902,65001,33,152306
8138,0.000934,172.217.194.0-255,2902,67903,33,152306
8139,0.00094,172.31.33.0-255,66,67969,33,152306
8140,0.000966,172.217.194.0-255,2902,70871,33,152306
8141,0.000973,172.217.194.0-255,5738,76609,33,152306
8142,0.001033,172.217.194.0-255,5020,81629,33,152306
8143,0.001039,172.217.194.0-255,5738,87367,33,152306
8144,0.001057,172.217.194.0-255,7156,94523,33,152306
8145,0.00106,172.31.33.0-255,66,94589,33,152306
8146,0.001076,172.217.194.0-255,1484,96073,33,152306
8147,0.001081,172.31.33.0-255,66,96139,33,152306
8148,0.001114,172.217.194.0-255,6438,102577,33,152306
8149,0.001122,172.217.194.0-255,7156,109733,33,152306
8150,0.001134,172.217.194.0-255,4320,114053,33,152306
8151,0.001172,172.31.33.0-255,66,114119,33,152306
8152,0.001206,172.217.194.0-255,5738,119857,33,152306
8153,0.001215,172.31.33.0-255,66,119923,33,152306
8154,0.00126,172.217.194.0-255,766,120689,33,152306
8155,0.001266,172.31.33.0-255,66,120755,33,152306
8156,0.001536,172.217.194.0-255,1484,122239,33,152306
8157,0.001542,172.217.194.0-255,2902,125141,33,152306
8158,0.001551,172.31.33.0-255,66,125207,33,152306
8159,0.001567,172.217.194.0-255,5738,130945,33,152306
8160,0.001572,172.217.194.0-255,4320,135265,33,152306
8161,0.001599,172.31.33.0-255,66,135331,33,152306
8162,0.001632,172.217.194.0-255,766,136097,33,152306
8163,0.001646,172.31.33.0-255,66,136163,33,152306
8164,0.001654,172.217.194.0-255,1484,137647,33,152306
8165,0.001698,172.31.33.0-255,66,137713,33,152306
8166,0.001702,172.217.194.0-255,2902,140615,33,152306
8167,0.001706,172.31.33.0-255,66,140681,33,152306
8168,0.001717,172.217.194.0-255,4320,145001,33,152306
8169,0.001735,172.31.33.0-255,66,145067,33,152306
8170,0.00186,172.217.194.0-255,7068,152135,33,152306
8171,0.001875,172.31.33.0-255,66,152201,33,152306
8172,0.001881,172.217.194.0-255,105,152306,33,152306
8173,0.0,74.125.24.0-255,153,153,33,74137
8174,2.8e-05,172.31.33.0-255,66,219,33,74137
8175,3.4e-05,74.125.24.0-255,1484,1703,33,74137
8176,3.7e-05,172.31.33.0-255,66,1769,33,74137
8177,4.1e-05,74.125.24.0-255,2902,4671,33,74137
8178,4.4e-05,172.31.33.0-255,66,4737,33,74137
8179,7.4e-05,74.125.24.0-255,7156,11893,33,74137
8180,7.6e-05,172.31.33.0-255,66,11959,33,74137
8181,0.000121,74.125.24.0-255,4964,16923,33,74137
8182,0.000125,172.31.33.0-255,66,16989,33,74137
8183,0.000166,74.125.24.0-255,4320,21309,33,74137
8184,0.00017,172.31.33.0-255,66,21375,33,74137
8185,0.000176,74.125.24.0-255,5738,27113,33,74137
8186,0.000178,172.31.33.0-255,66,27179,33,74137
8187,0.000205,74.125.24.0-255,3961,31140,33,74137
8188,0.000208,172.31.33.0-255,66,31206,33,74137
8189,0.00081,74.125.24.0-255,1484,32690,33,74137
8190,0.000817,172.31.33.0-255,66,32756,33,74137
8191,0.000834,74.125.24.0-255,2902,35658,33,74137
8192,0.000837,172.31.33.0-255,66,35724,33,74137
8193,0.000842,74.125.24.0-255,5738,41462,33,74137
8194,0.000843,172.31.33.0-255,66,41528,33,74137
8195,0.000861,74.125.24.0-255,2902,44430,33,74137
8196,0.000864,172.31.33.0-255,66,44496,33,74137
8197,0.000899,74.125.24.0-255,5738,50234,33,74137
8198,0.000902,172.31.33.0-255,66,50300,33,74137
8199,0.000913,172.31.33.0-255,66,50366,33,74137
8200,0.000918,74.125.24.0-255,5020,55386,33,74137
8201,0.00092,172.31.33.0-255,66,55452,33,74137
8202,0.001532,74.125.24.0-255,365,55817,33,74137
8203,0.001537,172.31.33.0-255,66,55883,33,74137
8204,0.001554,74.125.24.0-255,380,56263,33,74137
8205,0.001597,172.31.33.0-255,66,56329,33,74137
8206,0.003439,74.125.24.0-255,2902,59231,33,74137
8207,0.003444,172.31.33.0-255,66,59297,33,74137
8208,0.004124,74.125.24.0-255,2902,62199,33,74137
8209,0.00413,172.31.33.0-255,66,62265,33,74137
8210,0.005996,74.125.24.0-255,2902,65167,33,74137
8211,0.006003,172.31.33.0-255,66,65233,33,74137
8212,0.006696,74.125.24.0-255,2902,68135,33,74137
8213,0.006703,172.31.33.0-255,66,68201,33,74137
8214,0.008572,74.125.24.0-255,2902,71103,33,74137
8215,0.00858,172.31.33.0-255,66,71169,33,74137
8216,0.009251,74.125.24.0-255,2902,74071,33,74137
8217,0.009257,172.31.33.0-255,66,74137,33,74137
8218,0.0,74.125.200.0-255,150,150,33,254046
8219,2.7e-05,172.31.33.0-255,66,216,33,254046
8220,3.4e-05,74.125.200.0-255,1484,1700,33,254046
8221,3.8e-05,172.31.33.0-255,66,1766,33,254046
8222,4.3e-05,74.125.200.0-255,2902,4668,33,254046
8223,5.3e-05,172.31.33.0-255,66,4734,33,254046
8224,5.6e-05,74.125.200.0-255,1484,6218,33,254046
8225,5.9e-05,172.31.33.0-255,66,6284,33,254046
8226,6.3e-05,74.125.200.0-255,2902,9186,33,254046
8227,6.6e-05,172.31.33.0-255,66,9252,33,254046
8228,9.7e-05,74.125.200.0-255,4850,14102,33,254046
8229,0.000105,172.31.33.0-255,66,14168,33,254046
8230,0.000133,74.125.200.0-255,5738,19906,33,254046
8231,0.000136,172.31.33.0-255,66,19972,33,254046
8232,0.000141,74.125.200.0-255,4320,24292,33,254046
8233,0.000144,172.31.33.0-255,66,24358,33,254046
8234,0.000179,74.125.200.0-255,5738,30096,33,254046
8235,0.000183,172.31.33.0-255,66,30162,33,254046
8236,0.000186,74.125.200.0-255,1125,31287,33,254046
8237,0.000188,172.31.33.0-255,66,31353,33,254046
8238,0.000261,74.125.200.0-255,1484,32837,33,254046
8239,0.000264,172.31.33.0-255,66,32903,33,254046
8240,0.000269,74.125.200.0-255,2902,35805,33,254046
8241,0.000272,172.31.33.0-255,66,35871,33,254046
8242,0.000275,74.125.200.0-255,1484,37355,33,254046
8243,0.000281,172.31.33.0-255,66,37421,33,254046
8244,0.000316,74.125.200.0-255,4320,41741,33,254046
8245,0.00032,74.125.200.0-255,4320,46061,33,254046
8246,0.000322,172.31.33.0-255,66,46127,33,254046
8247,0.000325,74.125.200.0-255,5379,51506,33,254046
8248,0.000326,172.31.33.0-255,66,51572,33,254046
8249,0.000329,172.31.33.0-255,66,51638,33,254046
8250,0.000363,172.31.33.0-255,66,51704,33,254046
8251,0.00039,74.125.200.0-255,2898,54602,33,254046
8252,0.000393,172.31.33.0-255,66,54668,33,254046
8253,0.000418,74.125.200.0-255,333,55001,33,254046
8254,0.000564,74.125.200.0-255,1484,56485,33,254046
8255,0.000568,172.31.33.0-255,66,56551,33,254046
8256,0.000573,74.125.200.0-255,2902,59453,33,254046
8257,0.000575,172.31.33.0-255,66,59519,33,254046
8258,0.000607,74.125.200.0-255,5738,65257,33,254046
8259,0.000611,172.31.33.0-255,66,65323,33,254046
8260,0.000615,74.125.200.0-255,2902,68225,33,254046
8261,0.000617,172.31.33.0-255,66,68291,33,254046
8262,0.000621,74.125.200.0-255,2902,71193,33,254046
8263,0.000623,172.31.33.0-255,66,71259,33,254046
8264,0.000655,74.125.200.0-255,7156,78415,33,254046
8265,0.000658,172.31.33.0-255,66,78481,33,254046
8266,0.000676,172.31.33.0-255,66,78547,33,254046
8267,0.000699,74.125.200.0-255,1484,80031,33,254046
8268,0.00072,74.125.200.0-255,2902,82933,33,254046
8269,0.000723,172.31.33.0-255,66,82999,33,254046
8270,0.00073,74.125.200.0-255,5738,88737,33,254046
8271,0.000734,172.31.33.0-255,66,88803,33,254046
8272,0.000759,74.125.200.0-255,4320,93123,33,254046
8273,0.000762,172.31.33.0-255,66,93189,33,254046
8274,0.000792,74.125.200.0-255,4320,97509,33,254046
8275,0.000795,172.31.33.0-255,66,97575,33,254046
8276,0.000807,172.31.33.0-255,66,97641,33,254046
8277,0.000818,74.125.200.0-255,5020,102661,33,254046
8278,0.000821,172.31.33.0-255,66,102727,33,254046
8279,0.000859,74.125.200.0-255,1484,104211,33,254046
8280,0.000865,74.125.200.0-255,2902,107113,33,254046
8281,0.000868,172.31.33.0-255,66,107179,33,254046
8282,0.000879,74.125.200.0-255,1484,108663,33,254046
8283,0.000896,74.125.200.0-255,4320,112983,33,254046
8284,0.000899,172.31.33.0-255,66,113049,33,254046
8285,0.000903,74.125.200.0-255,2902,115951,33,254046
8286,0.000906,172.31.33.0-255,66,116017,33,254046
8287,0.000941,74.125.200.0-255,4320,120337,33,254046
8288,0.000945,172.31.33.0-255,66,120403,33,254046
8289,0.00095,172.31.33.0-255,66,120469,33,254046
8290,0.00099,172.31.33.0-255,66,120535,33,254046
8291,0.001087,74.125.200.0-255,1484,122019,33,254046
8292,0.001103,74.125.200.0-255,2902,124921,33,254046
8293,0.001106,172.31.33.0-255,66,124987,33,254046
8294,0.001135,74.125.200.0-255,4320,129307,33,254046
8295,0.001138,172.31.33.0-255,66,129373,33,254046
8296,0.001141,74.125.200.0-255,1484,130857,33,254046
8297,0.001174,74.125.200.0-255,7156,138013,33,254046
8298,0.001177,172.31.33.0-255,66,138079,33,254046
8299,0.001188,172.31.33.0-255,66,138145,33,254046
8300,0.001253,74.125.200.0-255,4320,142465,33,254046
8301,0.001257,172.31.33.0-255,66,142531,33,254046
8302,0.001285,74.125.200.0-255,3602,146133,33,254046
8303,0.001294,172.31.33.0-255,66,146199,33,254046
8304,0.001296,74.125.200.0-255,4320,150519,33,254046
8305,0.001298,172.31.33.0-255,66,150585,33,254046
8306,0.001301,74.125.200.0-255,5738,156323,33,254046
8307,0.001302,172.31.33.0-255,66,156389,33,254046
8308,0.001304,172.31.33.0-255,66,156455,33,254046
8309,0.001392,172.31.33.0-255,66,156521,33,254046
8310,0.001396,74.125.200.0-255,3602,160123,33,254046
8311,0.001399,172.31.33.0-255,66,160189,33,254046
8312,0.001401,74.125.200.0-255,1484,161673,33,254046
8313,0.001406,74.125.200.0-255,2902,164575,33,254046
8314,0.001408,172.31.33.0-255,66,164641,33,254046
8315,0.001412,74.125.200.0-255,4320,168961,33,254046
8316,0.001415,172.31.33.0-255,66,169027,33,254046
8317,0.001418,74.125.200.0-255,2902,171929,33,254046
8318,0.001422,172.31.33.0-255,66,171995,33,254046
8319,0.001455,74.125.200.0-255,2902,174897,33,254046
8320,0.001459,172.31.33.0-255,66,174963,33,254046
8321,0.001485,172.31.33.0-255,66,175029,33,254046
8322,0.00149,74.125.200.0-255,4320,179349,33,254046
8323,0.001492,172.31.33.0-255,66,179415,33,254046
8324,0.001524,74.125.200.0-255,3602,183017,33,254046
8325,0.001528,172.31.33.0-255,66,183083,33,254046
8326,0.001595,74.125.200.0-255,1484,184567,33,254046
8327,0.001599,74.125.200.0-255,1484,186051,33,254046
8328,0.001602,172.31.33.0-255,66,186117,33,254046
8329,0.001628,74.125.200.0-255,1484,187601,33,254046
8330,0.001632,74.125.200.0-255,1484,189085,33,254046
8331,0.001635,172.31.33.0-255,66,189151,33,254046
8332,0.001641,74.125.200.0-255,5738,194889,33,254046
8333,0.001644,172.31.33.0-255,66,194955,33,254046
8334,0.001653,74.125.200.0-255,1484,196439,33,254046
8335,0.001682,172.31.33.0-255,66,196505,33,254046
8336,0.001687,74.125.200.0-255,4320,200825,33,254046
8337,0.001689,172.31.33.0-255,66,200891,33,254046
8338,0.001716,74.125.200.0-255,2902,203793,33,254046
8339,0.001719,172.31.33.0-255,66,203859,33,254046
8340,0.001745,74.125.200.0-255,2184,206043,33,254046
8341,0.001748,172.31.33.0-255,66,206109,33,254046
8342,0.001799,74.125.200.0-255,1484,207593,33,254046
8343,0.001812,74.125.200.0-255,2902,210495,33,254046
8344,0.001815,172.31.33.0-255,66,210561,33,254046
8345,0.001818,74.125.200.0-255,1484,212045,33,254046
8346,0.001849,74.125.200.0-255,2902,214947,33,254046
8347,0.001852,172.31.33.0-255,66,215013,33,254046
8348,0.001856,74.125.200.0-255,1484,216497,33,254046
8349,0.001884,74.125.200.0-255,4320,220817,33,254046
8350,0.001888,172.31.33.0-255,66,220883,33,254046
8351,0.001894,74.125.200.0-255,5738,226621,33,254046
8352,0.001898,172.31.33.0-255,66,226687,33,254046
8353,0.001932,74.125.200.0-255,7156,233843,33,254046
8354,0.001937,172.31.33.0-255,66,233909,33,254046
8355,0.001971,172.31.33.0-255,66,233975,33,254046
8356,0.001977,74.125.200.0-255,4320,238295,33,254046
8357,0.001979,172.31.33.0-255,66,238361,33,254046
8358,0.002008,74.125.200.0-255,4320,242681,33,254046
8359,0.002011,172.31.33.0-255,66,242747,33,254046
8360,0.002023,172.31.33.0-255,66,242813,33,254046
8361,0.00204,172.31.33.0-255,66,242879,33,254046
8362,0.002045,74.125.200.0-255,4320,247199,33,254046
8363,0.002047,172.31.33.0-255,66,247265,33,254046
8364,0.002071,74.125.200.0-255,1484,248749,33,254046
8365,0.002096,172.31.33.0-255,66,248815,33,254046
8366,0.002121,74.125.200.0-255,2902,251717,33,254046
8367,0.002123,172.31.33.0-255,66,251783,33,254046
8368,0.002127,74.125.200.0-255,1921,253704,33,254046
8369,0.002129,172.31.33.0-255,66,253770,33,254046
8370,0.002158,74.125.200.0-255,105,253875,33,254046
8371,0.007976,172.31.33.0-255,66,253941,33,254046
8372,0.00801,172.31.33.0-255,105,254046,33,254046
8373,0.0,74.125.24.0-255,150,150,33,209034
8374,1.8e-05,172.31.33.0-255,66,216,33,209034
8375,2.5e-05,74.125.24.0-255,1484,1700,33,209034
8376,3e-05,172.31.33.0-255,66,1766,33,209034
8377,4.6e-05,74.125.24.0-255,2902,4668,33,209034
8378,5e-05,172.31.33.0-255,66,4734,33,209034
8379,5.6e-05,74.125.24.0-255,5738,10472,33,209034
8380,5.9e-05,172.31.33.0-255,66,10538,33,209034
8381,8.1e-05,74.125.24.0-255,1484,12022,33,209034
8382,8.3e-05,172.31.33.0-255,66,12088,33,209034
8383,0.000108,74.125.24.0-255,2013,14101,33,209034
8384,0.000115,172.31.33.0-255,66,14167,33,209034
8385,0.000121,74.125.24.0-255,4320,18487,33,209034
8386,0.000124,172.31.33.0-255,66,18553,33,209034
8387,0.000155,74.125.24.0-255,5738,24291,33,209034
8388,0.000158,172.31.33.0-255,66,24357,33,209034
8389,0.000204,172.31.33.0-255,66,24423,33,209034
8390,0.000231,74.125.24.0-255,2543,26966,33,209034
8391,0.000233,172.31.33.0-255,66,27032,33,209034
8392,0.000297,74.125.24.0-255,1484,28516,33,209034
8393,0.0003,172.31.33.0-255,66,28582,33,209034
8394,0.000333,74.125.24.0-255,7156,35738,33,209034
8395,0.000337,172.31.33.0-255,66,35804,33,209034
8396,0.000366,74.125.24.0-255,2543,38347,33,209034
8397,0.000369,172.31.33.0-255,66,38413,33,209034
8398,0.000433,74.125.24.0-255,2902,41315,33,209034
8399,0.000435,172.31.33.0-255,66,41381,33,209034
8400,0.000439,74.125.24.0-255,1484,42865,33,209034
8401,0.000441,172.31.33.0-255,66,42931,33,209034
8402,0.000447,74.125.24.0-255,5738,48669,33,209034
8403,0.000449,172.31.33.0-255,66,48735,33,209034
8404,0.000501,74.125.24.0-255,1484,50219,33,209034
8405,0.000532,172.31.33.0-255,66,50285,33,209034
8406,0.000617,172.31.33.0-255,66,50351,33,209034
8407,0.000674,74.125.24.0-255,1125,51476,33,209034
8408,0.000691,74.125.24.0-255,4320,55796,33,209034
8409,0.000694,172.31.33.0-255,66,55862,33,209034
8410,0.000722,74.125.24.0-255,7156,63018,33,209034
8411,0.000724,172.31.33.0-255,66,63084,33,209034
8412,0.000804,74.125.24.0-255,6797,69881,33,209034
8413,0.000808,172.31.33.0-255,66,69947,33,209034
8414,0.000848,74.125.24.0-255,4320,74267,33,209034
8415,0.000851,172.31.33.0-255,66,74333,33,209034
8416,0.00089,172.31.33.0-255,66,74399,33,209034
8417,0.000967,74.125.24.0-255,1484,75883,33,209034
8418,0.000983,74.125.24.0-255,2902,78785,33,209034
8419,0.000988,172.31.33.0-255,66,78851,33,209034
8420,0.001012,74.125.24.0-255,5738,84589,33,209034
8421,0.001014,172.31.33.0-255,66,84655,33,209034
8422,0.001051,74.125.24.0-255,5738,90393,33,209034
8423,0.001053,172.31.33.0-255,66,90459,33,209034
8424,0.001085,74.125.24.0-255,7156,97615,33,209034
8425,0.001088,172.31.33.0-255,66,97681,33,209034
8426,0.001161,74.125.24.0-255,7156,104837,33,209034
8427,0.001165,172.31.33.0-255,66,104903,33,209034
8428,0.001185,74.125.24.0-255,1484,106387,33,209034
8429,0.001233,74.125.24.0-255,2184,108571,33,209034
8430,0.001236,172.31.33.0-255,66,108637,33,209034
8431,0.001291,74.125.24.0-255,2902,111539,33,209034
8432,0.001294,172.31.33.0-255,66,111605,33,209034
8433,0.001298,74.125.24.0-255,1484,113089,33,209034
8434,0.00132,74.125.24.0-255,2902,115991,33,209034
8435,0.001323,172.31.33.0-255,66,116057,33,209034
8436,0.001327,74.125.24.0-255,2902,118959,33,209034
8437,0.001329,172.31.33.0-255,66,119025,33,209034
8438,0.001356,74.125.24.0-255,5738,124763,33,209034
8439,0.001358,172.31.33.0-255,66,124829,33,209034
8440,0.001395,74.125.24.0-255,4320,129149,33,209034
8441,0.001397,172.31.33.0-255,66,129215,33,209034
8442,0.001433,172.31.33.0-255,66,129281,33,209034
8443,0.001548,74.125.24.0-255,1484,130765,33,209034
8444,0.001561,74.125.24.0-255,2902,133667,33,209034
8445,0.001563,172.31.33.0-255,66,133733,33,209034
8446,0.001591,74.125.24.0-255,5738,139471,33,209034
8447,0.001593,172.31.33.0-255,66,139537,33,209034
8448,0.001626,74.125.24.0-255,1484,141021,33,209034
8449,0.001659,172.31.33.0-255,66,141087,33,209034
8450,0.001739,74.125.24.0-255,1484,142571,33,209034
8451,0.001767,172.31.33.0-255,66,142637,33,209034
8452,0.001838,74.125.24.0-255,1484,144121,33,209034
8453,0.001844,74.125.24.0-255,2902,147023,33,209034
8454,0.001846,172.31.33.0-255,66,147089,33,209034
8455,0.00187,74.125.24.0-255,5738,152827,33,209034
8456,0.001874,172.31.33.0-255,66,152893,33,209034
8457,0.001913,74.125.24.0-255,7156,160049,33,209034
8458,0.001916,172.31.33.0-255,66,160115,33,209034
8459,0.001945,74.125.24.0-255,5738,165853,33,209034
8460,0.001947,172.31.33.0-255,66,165919,33,209034
8461,0.002023,74.125.24.0-255,4320,170239,33,209034
8462,0.002027,172.31.33.0-255,66,170305,33,209034
8463,0.002052,74.125.24.0-255,6438,176743,33,209034
8464,0.002055,172.31.33.0-255,66,176809,33,209034
8465,0.00212,74.125.24.0-255,5738,182547,33,209034
8466,0.002124,172.31.33.0-255,66,182613,33,209034
8467,0.002154,74.125.24.0-255,7156,189769,33,209034
8468,0.002156,172.31.33.0-255,66,189835,33,209034
8469,0.002228,74.125.24.0-255,7156,196991,33,209034
8470,0.002231,172.31.33.0-255,66,197057,33,209034
8471,0.002271,172.31.33.0-255,66,197123,33,209034
8472,0.002422,74.125.24.0-255,5738,202861,33,209034
8473,0.002426,172.31.33.0-255,66,202927,33,209034
8474,0.002455,172.31.33.0-255,66,202993,33,209034
8475,0.002505,172.31.33.0-255,66,203059,33,209034
8476,0.00286,74.125.24.0-255,5738,208797,33,209034
8477,0.002865,172.31.33.0-255,66,208863,33,209034
8478,0.002929,172.31.33.0-255,66,208929,33,209034
8479,0.003309,74.125.24.0-255,105,209034,33,209034
8480,0.0,172.217.194.0-255,153,153,33,80294
8481,2.8e-05,172.31.33.0-255,66,219,33,80294
8482,3.4e-05,172.217.194.0-255,1484,1703,33,80294
8483,3.8e-05,172.31.33.0-255,66,1769,33,80294
8484,4.3e-05,172.217.194.0-255,2902,4671,33,80294
8485,5.1e-05,172.31.33.0-255,66,4737,33,80294
8486,5.6e-05,172.217.194.0-255,4320,9057,33,80294
8487,5.9e-05,172.31.33.0-255,66,9123,33,80294
8488,7e-05,172.217.194.0-255,1484,10607,33,80294
8489,7.1e-05,172.31.33.0-255,66,10673,33,80294
8490,0.000106,172.31.33.0-255,66,10739,33,80294
8491,0.000126,172.31.33.0-255,66,10805,33,80294
8492,0.00016,172.217.194.0-255,1484,12289,33,80294
8493,0.000162,172.31.33.0-255,66,12355,33,80294
8494,0.00019,172.217.194.0-255,2902,15257,33,80294
8495,0.000192,172.31.33.0-255,66,15323,33,80294
8496,0.000195,172.217.194.0-255,1484,16807,33,80294
8497,0.000196,172.31.33.0-255,66,16873,33,80294
8498,0.000229,172.217.194.0-255,5738,22611,33,80294
8499,0.000233,172.31.33.0-255,66,22677,33,80294
8500,0.000263,172.31.33.0-255,66,22743,33,80294
8501,0.000281,172.217.194.0-255,2543,25286,33,80294
8502,0.000284,172.31.33.0-255,66,25352,33,80294
8503,0.000296,172.31.33.0-255,66,25418,33,80294
8504,0.000323,172.217.194.0-255,120,25538,33,80294
8505,0.000326,172.31.33.0-255,66,25604,33,80294
8506,0.000362,172.217.194.0-255,376,25980,33,80294
8507,0.000366,172.31.33.0-255,66,26046,33,80294
8508,0.000986,172.217.194.0-255,1484,27530,33,80294
8509,0.000998,172.217.194.0-255,2902,30432,33,80294
8510,0.001001,172.31.33.0-255,66,30498,33,80294
8511,0.001009,172.217.194.0-255,5738,36236,33,80294
8512,0.001011,172.31.33.0-255,66,36302,33,80294
8513,0.001022,172.217.194.0-255,5738,42040,33,80294
8514,0.001024,172.31.33.0-255,66,42106,33,80294
8515,0.00106,172.217.194.0-255,7156,49262,33,80294
8516,0.001064,172.31.33.0-255,66,49328,33,80294
8517,0.001075,172.31.33.0-255,66,49394,33,80294
8518,0.002086,172.217.194.0-255,1484,50878,33,80294
8519,0.002095,172.217.194.0-255,2902,53780,33,80294
8520,0.002099,172.31.33.0-255,66,53846,33,80294
8521,0.002105,172.217.194.0-255,2902,56748,33,80294
8522,0.002107,172.31.33.0-255,66,56814,33,80294
8523,0.00213,172.217.194.0-255,2902,59716,33,80294
8524,0.002133,172.31.33.0-255,66,59782,33,80294
8525,0.002152,172.31.33.0-255,66,59848,33,80294
8526,0.002184,172.217.194.0-255,2902,62750,33,80294
8527,0.002186,172.31.33.0-255,66,62816,33,80294
8528,0.002222,172.31.33.0-255,66,62882,33,80294
8529,0.004538,172.217.194.0-255,5738,68620,33,80294
8530,0.004543,172.31.33.0-255,66,68686,33,80294
8531,0.006817,172.217.194.0-255,5738,74424,33,80294
8532,0.006823,172.31.33.0-255,66,74490,33,80294
8533,0.009103,172.217.194.0-255,5738,80228,33,80294
8534,0.00911,172.31.33.0-255,66,80294,33,80294
8535,0.0,172.217.194.0-255,153,153,33,204687
8536,1.4e-05,172.31.33.0-255,66,219,33,204687
8537,2e-05,172.217.194.0-255,1484,1703,33,204687
8538,2.4e-05,172.31.33.0-255,66,1769,33,204687
8539,3e-05,172.217.194.0-255,2902,4671,33,204687
8540,3.9e-05,172.31.33.0-255,66,4737,33,204687
8541,7.7e-05,172.217.194.0-255,7156,11893,33,204687
8542,8e-05,172.31.33.0-255,66,11959,33,204687
8543,8.4e-05,172.217.194.0-255,2080,14039,33,204687
8544,8.6e-05,172.31.33.0-255,66,14105,33,204687
8545,0.000112,172.217.194.0-255,1484,15589,33,204687
8546,0.000113,172.31.33.0-255,66,15655,33,204687
8547,0.000118,172.217.194.0-255,2902,18557,33,204687
8548,0.00012,172.31.33.0-255,66,18623,33,204687
8549,0.000123,172.217.194.0-255,1484,20107,33,204687
8550,0.000125,172.31.33.0-255,66,20173,33,204687
8551,0.00016,172.217.194.0-255,4320,24493,33,204687
8552,0.000163,172.31.33.0-255,66,24559,33,204687
8553,0.00017,172.217.194.0-255,6797,31356,33,204687
8554,0.000172,172.31.33.0-255,66,31422,33,204687
8555,0.000175,172.217.194.0-255,1484,32906,33,204687
8556,0.000181,172.31.33.0-255,66,32972,33,204687
8557,0.000204,172.217.194.0-255,5738,38710,33,204687
8558,0.000206,172.31.33.0-255,66,38776,33,204687
8559,0.000214,172.217.194.0-255,2902,41678,33,204687
8560,0.000216,172.31.33.0-255,66,41744,33,204687
8561,0.000246,172.217.194.0-255,6797,48541,33,204687
8562,0.000248,172.31.33.0-255,66,48607,33,204687
8563,0.00026,172.217.194.0-255,2902,51509,33,204687
8564,0.000265,172.31.33.0-255,66,51575,33,204687
8565,0.000286,172.217.194.0-255,7156,58731,33,204687
8566,0.000292,172.31.33.0-255,66,58797,33,204687
8567,0.000321,172.217.194.0-255,7091,65888,33,204687
8568,0.000323,172.31.33.0-255,66,65954,33,204687
8569,0.000364,172.217.194.0-255,383,66337,33,204687
8570,0.000572,172.217.194.0-255,1484,67821,33,204687
8571,0.000577,172.31.33.0-255,66,67887,33,204687
8572,0.000584,172.217.194.0-255,2902,70789,33,204687
8573,0.000585,172.31.33.0-255,66,70855,33,204687
8574,0.000591,172.217.194.0-255,5738,76593,33,204687
8575,0.000593,172.31.33.0-255,66,76659,33,204687
8576,0.000633,172.31.33.0-255,66,76725,33,204687
8577,0.000662,172.217.194.0-255,2902,79627,33,204687
8578,0.000664,172.31.33.0-255,66,79693,33,204687
8579,0.00068,172.31.33.0-255,66,79759,33,204687
8580,0.000701,172.217.194.0-255,1484,81243,33,204687
8581,0.000704,172.217.194.0-255,1484,82727,33,204687
8582,0.000705,172.31.33.0-255,66,82793,33,204687
8583,0.000729,172.217.194.0-255,1484,84277,33,204687
8584,0.000735,172.217.194.0-255,5738,90015,33,204687
8585,0.000742,172.217.194.0-255,7156,97171,33,204687
8586,0.000746,172.31.33.0-255,66,97237,33,204687
8587,0.00075,172.31.33.0-255,66,97303,33,204687
8588,0.000761,172.217.194.0-255,5738,103041,33,204687
8589,0.000766,172.31.33.0-255,66,103107,33,204687
8590,0.000794,172.31.33.0-255,66,103173,33,204687
8591,0.000802,172.217.194.0-255,2184,105357,33,204687
8592,0.000803,172.31.33.0-255,66,105423,33,204687
8593,0.000806,172.217.194.0-255,1484,106907,33,204687
8594,0.000839,172.217.194.0-255,1484,108391,33,204687
8595,0.000841,172.31.33.0-255,66,108457,33,204687
8596,0.000849,172.217.194.0-255,7156,115613,33,204687
8597,0.000851,172.31.33.0-255,66,115679,33,204687
8598,0.000863,172.217.194.0-255,7156,122835,33,204687
8599,0.000865,172.31.33.0-255,66,122901,33,204687
8600,0.00088,172.31.33.0-255,66,122967,33,204687
8601,0.000882,172.217.194.0-255,766,123733,33,204687
8602,0.000923,172.217.194.0-255,1484,125217,33,204687
8603,0.000926,172.31.33.0-255,66,125283,33,204687
8604,0.000932,172.217.194.0-255,4320,129603,33,204687
8605,0.000934,172.31.33.0-255,66,129669,33,204687
8606,0.000937,172.217.194.0-255,1484,131153,33,204687
8607,0.000959,172.217.194.0-255,5738,136891,33,204687
8608,0.000961,172.31.33.0-255,66,136957,33,204687
8609,0.000986,172.217.194.0-255,5738,142695,33,204687
8610,0.000989,172.31.33.0-255,66,142761,33,204687
8611,0.001027,172.31.33.0-255,66,142827,33,204687
8612,0.001034,172.217.194.0-255,5020,147847,33,204687
8613,0.001036,172.31.33.0-255,66,147913,33,204687
8614,0.001062,172.217.194.0-255,1484,149397,33,204687
8615,0.001067,172.217.194.0-255,2902,152299,33,204687
8616,0.001069,172.31.33.0-255,66,152365,33,204687
8617,0.001076,172.217.194.0-255,5738,158103,33,204687
8618,0.001078,172.31.33.0-255,66,158169,33,204687
8619,0.001085,172.217.194.0-255,1484,159653,33,204687
8620,0.001114,172.31.33.0-255,66,159719,33,204687
8621,0.001124,172.31.33.0-255,66,159785,33,204687
8622,0.001149,172.217.194.0-255,2184,161969,33,204687
8623,0.001152,172.31.33.0-255,66,162035,33,204687
8624,0.001155,172.217.194.0-255,1484,163519,33,204687
8625,0.001178,172.217.194.0-255,1484,165003,33,204687
8626,0.00118,172.31.33.0-255,66,165069,33,204687
8627,0.001187,172.217.194.0-255,5738,170807,33,204687
8628,0.001189,172.31.33.0-255,66,170873,33,204687
8629,0.001209,172.217.194.0-255,1484,172357,33,204687
8630,0.001233,172.31.33.0-255,66,172423,33,204687
8631,0.001295,172.31.33.0-255,66,172489,33,204687
8632,0.001305,172.31.33.0-255,66,172555,33,204687
8633,0.001327,172.31.33.0-255,66,172621,33,204687
8634,0.001333,172.217.194.0-255,6438,179059,33,204687
8635,0.001335,172.31.33.0-255,66,179125,33,204687
8636,0.001364,172.217.194.0-255,1484,180609,33,204687
8637,0.001393,172.31.33.0-255,66,180675,33,204687
8638,0.001418,172.217.194.0-255,4320,184995,33,204687
8639,0.001421,172.31.33.0-255,66,185061,33,204687
8640,0.001457,172.31.33.0-255,66,185127,33,204687
8641,0.001489,172.217.194.0-255,1484,186611,33,204687
8642,0.001501,172.217.194.0-255,2902,189513,33,204687
8643,0.001503,172.31.33.0-255,66,189579,33,204687
8644,0.001508,172.217.194.0-255,4320,193899,33,204687
8645,0.00151,172.31.33.0-255,66,193965,33,204687
8646,0.001537,172.217.194.0-255,1484,195449,33,204687
8647,0.001552,172.31.33.0-255,66,195515,33,204687
8648,0.001584,172.31.33.0-255,66,195581,33,204687
8649,0.00162,172.217.194.0-255,2902,198483,33,204687
8650,0.001622,172.31.33.0-255,66,198549,33,204687
8651,0.00166,172.217.194.0-255,5738,204287,33,204687
8652,0.001664,172.31.33.0-255,66,204353,33,204687
8653,0.001675,172.31.33.0-255,66,204419,33,204687
8654,0.001691,172.31.33.0-255,66,204485,33,204687
8655,0.001694,172.217.194.0-255,97,204582,33,204687
8656,0.001755,172.217.194.0-255,105,204687,33,204687
8657,0.0,74.125.68.0-255,152,152,33,91484
8658,2e-05,172.31.33.0-255,66,218,33,91484
8659,2.7e-05,74.125.68.0-255,1484,1702,33,91484
8660,3.2e-05,172.31.33.0-255,66,1768,33,91484
8661,3.5e-05,74.125.68.0-255,1484,3252,33,91484
8662,3.7e-05,172.31.33.0-255,66,3318,33,91484
8663,5.7e-05,74.125.68.0-255,2902,6220,33,91484
8664,6e-05,172.31.33.0-255,66,6286,33,91484
8665,0.000119,74.125.68.0-255,5738,12024,33,91484
8666,0.000122,172.31.33.0-255,66,12090,33,91484
8667,0.000208,74.125.68.0-255,2120,14210,33,91484
8668,0.000212,172.31.33.0-255,66,14276,33,91484
8669,0.000251,74.125.68.0-255,5738,20014,33,91484
8670,0.000254,172.31.33.0-255,66,20080,33,91484
8671,0.000275,74.125.68.0-255,4320,24400,33,91484
8672,0.000278,172.31.33.0-255,66,24466,33,91484
8673,0.000414,74.125.68.0-255,4320,28786,33,91484
8674,0.000419,172.31.33.0-255,66,28852,33,91484
8675,0.000439,74.125.68.0-255,2543,31395,33,91484
8676,0.000442,172.31.33.0-255,66,31461,33,91484
8677,0.00056,74.125.68.0-255,7156,38617,33,91484
8678,0.000564,172.31.33.0-255,66,38683,33,91484
8679,0.000591,172.31.33.0-255,66,38749,33,91484
8680,0.000782,74.125.68.0-255,1125,39874,33,91484
8681,0.000786,172.31.33.0-255,66,39940,33,91484
8682,0.00082,74.125.68.0-255,1484,41424,33,91484
8683,0.000823,172.31.33.0-255,66,41490,33,91484
8684,0.000846,74.125.68.0-255,4320,45810,33,91484
8685,0.000849,172.31.33.0-255,66,45876,33,91484
8686,0.000921,74.125.68.0-255,5738,51614,33,91484
8687,0.000925,172.31.33.0-255,66,51680,33,91484
8688,0.000938,74.125.68.0-255,4320,56000,33,91484
8689,0.000941,172.31.33.0-255,66,56066,33,91484
8690,0.001093,74.125.68.0-255,2902,58968,33,91484
8691,0.001097,172.31.33.0-255,66,59034,33,91484
8692,0.001131,172.31.33.0-255,66,59100,33,91484
8693,0.001454,172.31.33.0-255,66,59166,33,91484
8694,0.00149,172.31.33.0-255,66,59232,33,91484
8695,0.001999,172.31.33.0-255,66,59298,33,91484
8696,0.00228,74.125.68.0-255,7156,66454,33,91484
8697,0.002287,172.31.33.0-255,66,66520,33,91484
8698,0.002342,172.31.33.0-255,66,66586,33,91484
8699,0.003134,74.125.68.0-255,5738,72324,33,91484
8700,0.003138,172.31.33.0-255,66,72390,33,91484
8701,0.003226,172.31.33.0-255,66,72456,33,91484
8702,0.003245,74.125.68.0-255,1484,73940,33,91484
8703,0.00412,74.125.68.0-255,5738,79678,33,91484
8704,0.004124,172.31.33.0-255,66,79744,33,91484
8705,0.004154,172.31.33.0-255,66,79810,33,91484
8706,0.004206,172.31.33.0-255,66,79876,33,91484
8707,0.006802,74.125.68.0-255,5738,85614,33,91484
8708,0.006819,172.31.33.0-255,66,85680,33,91484
8709,0.009418,74.125.68.0-255,5738,91418,33,91484
8710,0.009435,172.31.33.0-255,66,91484,33,91484
8711,0.0,172.31.33.0-255,105,105,33,918
8712,6.8e-05,172.31.33.0-255,105,210,33,918
8713,0.000407,172.31.33.0-255,90,300,33,918
8714,0.000416,172.31.33.0-255,66,366,33,918
8715,0.000569,172.31.33.0-255,90,456,33,918
8716,0.000575,172.31.33.0-255,66,522,33,918
8717,0.002676,74.125.68.0-255,66,588,33,918
8718,0.002691,74.125.68.0-255,66,654,33,918
8719,0.002702,172.31.33.0-255,66,720,33,918
8720,0.002839,74.125.24.0-255,66,786,33,918
8721,0.002853,74.125.24.0-255,66,852,33,918
8722,0.002856,172.31.33.0-255,66,918,33,918
8723,0.0,172.217.194.0-255,150,150,33,165463
8724,2.3e-05,172.31.33.0-255,66,216,33,165463
8725,3e-05,172.217.194.0-255,1484,1700,33,165463
8726,3.6e-05,172.31.33.0-255,66,1766,33,165463
8727,5e-05,172.217.194.0-255,2902,4668,33,165463
8728,5.4e-05,172.31.33.0-255,66,4734,33,165463
8729,6.2e-05,172.217.194.0-255,7156,11890,33,165463
8730,6.6e-05,172.31.33.0-255,66,11956,33,165463
8731,7.4e-05,172.217.194.0-255,7156,19112,33,165463
8732,7.7e-05,172.31.33.0-255,66,19178,33,165463
8733,0.000122,172.31.33.0-255,66,19244,33,165463
8734,0.000126,172.217.194.0-255,2543,21787,33,165463
8735,0.000129,172.31.33.0-255,66,21853,33,165463
8736,0.000486,172.217.194.0-255,1484,23337,33,165463
8737,0.000491,172.31.33.0-255,66,23403,33,165463
8738,0.000498,172.217.194.0-255,2902,26305,33,165463
8739,0.000501,172.31.33.0-255,66,26371,33,165463
8740,0.000513,172.217.194.0-255,5738,32109,33,165463
8741,0.000516,172.31.33.0-255,66,32175,33,165463
8742,0.000532,172.31.33.0-255,66,32241,33,165463
8743,0.000535,172.217.194.0-255,1484,33725,33,165463
8744,0.000537,172.31.33.0-255,66,33791,33,165463
8745,0.000572,172.31.33.0-255,66,33857,33,165463
8746,0.000627,172.217.194.0-255,112,33969,33,165463
8747,0.000631,172.31.33.0-255,66,34035,33,165463
8748,0.000687,172.217.194.0-255,1484,35519,33,165463
8749,0.00069,172.31.33.0-255,66,35585,33,165463
8750,0.000696,172.217.194.0-255,2902,38487,33,165463
8751,0.000699,172.31.33.0-255,66,38553,33,165463
8752,0.000707,172.217.194.0-255,1484,40037,33,165463
8753,0.000736,172.217.194.0-255,5738,45775,33,165463
8754,0.000739,172.31.33.0-255,66,45841,33,165463
8755,0.00075,172.31.33.0-255,66,45907,33,165463
8756,0.000784,172.217.194.0-255,1484,47391,33,165463
8757,0.000814,172.31.33.0-255,66,47457,33,165463
8758,0.000927,172.217.194.0-255,1484,48941,33,165463
8759,0.000933,172.217.194.0-255,2902,51843,33,165463
8760,0.000936,172.31.33.0-255,66,51909,33,165463
8761,0.000941,172.217.194.0-255,2902,54811,33,165463
8762,0.000944,172.31.33.0-255,66,54877,33,165463
8763,0.000971,172.217.194.0-255,2902,57779,33,165463
8764,0.000975,172.31.33.0-255,66,57845,33,165463
8765,0.000985,172.31.33.0-255,66,57911,33,165463
8766,0.001015,172.217.194.0-255,4320,62231,33,165463
8767,0.001018,172.31.33.0-255,66,62297,33,165463
8768,0.001052,172.31.33.0-255,66,62363,33,165463
8769,0.001124,172.217.194.0-255,1484,63847,33,165463
8770,0.00113,172.217.194.0-255,2902,66749,33,165463
8771,0.001133,172.31.33.0-255,66,66815,33,165463
8772,0.001137,172.217.194.0-255,1484,68299,33,165463
8773,0.001168,172.217.194.0-255,4320,72619,33,165463
8774,0.001171,172.31.33.0-255,66,72685,33,165463
8775,0.001179,172.217.194.0-255,7156,79841,33,165463
8776,0.001182,172.31.33.0-255,66,79907,33,165463
8777,0.001202,172.31.33.0-255,66,79973,33,165463
8778,0.001206,172.217.194.0-255,2184,82157,33,165463
8779,0.001208,172.31.33.0-255,66,82223,33,165463
8780,0.00124,172.217.194.0-255,2902,85125,33,165463
8781,0.001243,172.31.33.0-255,66,85191,33,165463
8782,0.001248,172.217.194.0-255,2902,88093,33,165463
8783,0.00125,172.31.33.0-255,66,88159,33,165463
8784,0.001283,172.217.194.0-255,4320,92479,33,165463
8785,0.001287,172.31.33.0-255,66,92545,33,165463
8786,0.001291,172.217.194.0-255,2902,95447,33,165463
8787,0.001293,172.31.33.0-255,66,95513,33,165463
8788,0.00131,172.31.33.0-255,66,95579,33,165463
8789,0.001322,172.31.33.0-255,66,95645,33,165463
8790,0.001961,172.217.194.0-255,1484,97129,33,165463
8791,0.001968,172.217.194.0-255,2902,100031,33,165463
8792,0.001971,172.31.33.0-255,66,100097,33,165463
8793,0.001978,172.217.194.0-255,4320,104417,33,165463
8794,0.001981,172.31.33.0-255,66,104483,33,165463
8795,0.001987,172.217.194.0-255,5738,110221,33,165463
8796,0.001989,172.31.33.0-255,66,110287,33,165463
8797,0.002007,172.217.194.0-255,2902,113189,33,165463
8798,0.002009,172.31.33.0-255,66,113255,33,165463
8799,0.002016,172.217.194.0-255,1484,114739,33,165463
8800,0.002055,172.31.33.0-255,66,114805,33,165463
8801,0.002261,172.217.194.0-255,1484,116289,33,165463
8802,0.002274,172.217.194.0-255,1484,117773,33,165463
8803,0.002277,172.31.33.0-255,66,117839,33,165463
8804,0.002298,172.217.194.0-255,4320,122159,33,165463
8805,0.0023,172.31.33.0-255,66,122225,33,165463
8806,0.002303,172.217.194.0-255,1484,123709,33,165463
8807,0.002329,172.31.33.0-255,66,123775,33,165463
8808,0.002379,172.31.33.0-255,66,123841,33,165463
8809,0.00243,172.217.194.0-255,1484,125325,33,165463
8810,0.002434,172.217.194.0-255,1484,126809,33,165463
8811,0.002436,172.31.33.0-255,66,126875,33,165463
8812,0.002462,172.217.194.0-255,1484,128359,33,165463
8813,0.002468,172.217.194.0-255,5738,134097,33,165463
8814,0.002471,172.31.33.0-255,66,134163,33,165463
8815,0.002482,172.31.33.0-255,66,134229,33,165463
8816,0.00252,172.217.194.0-255,4320,138549,33,165463
8817,0.002523,172.31.33.0-255,66,138615,33,165463
8818,0.002531,172.217.194.0-255,7156,145771,33,165463
8819,0.002534,172.31.33.0-255,66,145837,33,165463
8820,0.002537,172.217.194.0-255,1484,147321,33,165463
8821,0.002583,172.31.33.0-255,66,147387,33,165463
8822,0.002594,172.31.33.0-255,66,147453,33,165463
8823,0.002624,172.217.194.0-255,5738,153191,33,165463
8824,0.002627,172.31.33.0-255,66,153257,33,165463
8825,0.002653,172.31.33.0-255,66,153323,33,165463
8826,0.002657,172.217.194.0-255,2902,156225,33,165463
8827,0.00266,172.31.33.0-255,66,156291,33,165463
8828,0.002712,172.31.33.0-255,66,156357,33,165463
8829,0.002726,172.31.33.0-255,66,156423,33,165463
8830,0.002732,172.217.194.0-255,5738,162161,33,165463
8831,0.002735,172.31.33.0-255,66,162227,33,165463
8832,0.00274,172.217.194.0-255,2902,165129,33,165463
8833,0.002742,172.31.33.0-255,66,165195,33,165463
8834,0.002785,172.31.33.0-255,66,165261,33,165463
8835,0.002788,172.217.194.0-255,97,165358,33,165463
8836,0.002832,172.217.194.0-255,105,165463,33,165463
8837,0.0,172.217.194.0-255,153,153,33,199222
8838,1.8e-05,172.31.33.0-255,66,219,33,199222
8839,2.6e-05,172.217.194.0-255,1484,1703,33,199222
8840,3e-05,172.31.33.0-255,66,1769,33,199222
8841,4.3e-05,172.217.194.0-255,2902,4671,33,199222
8842,4.7e-05,172.31.33.0-255,66,4737,33,199222
8843,5.2e-05,172.217.194.0-255,2902,7639,33,199222
8844,5.5e-05,172.31.33.0-255,66,7705,33,199222
8845,0.000115,172.31.33.0-255,66,7771,33,199222
8846,0.000132,172.31.33.0-255,66,7837,33,199222
8847,0.000136,172.217.194.0-255,1484,9321,33,199222
8848,0.000138,172.31.33.0-255,66,9387,33,199222
8849,0.000164,172.217.194.0-255,5379,14766,33,199222
8850,0.000167,172.31.33.0-255,66,14832,33,199222
8851,0.000175,172.217.194.0-255,7156,21988,33,199222
8852,0.000178,172.31.33.0-255,66,22054,33,199222
8853,0.000213,172.31.33.0-255,66,22120,33,199222
8854,0.000241,172.217.194.0-255,2543,24663,33,199222
8855,0.000244,172.31.33.0-255,66,24729,33,199222
8856,0.000255,172.31.33.0-255,66,24795,33,199222
8857,0.000284,172.217.194.0-255,2902,27697,33,199222
8858,0.000286,172.31.33.0-255,66,27763,33,199222
8859,0.000289,172.217.194.0-255,1376,29139,33,199222
8860,0.000292,172.31.33.0-255,66,29205,33,199222
8861,0.000294,172.217.194.0-255,120,29325,33,199222
8862,0.000301,172.31.33.0-255,66,29391,33,199222
8863,0.000304,172.217.194.0-255,382,29773,33,199222
8864,0.000306,172.31.33.0-255,66,29839,33,199222
8865,0.000602,172.217.194.0-255,1484,31323,33,199222
8866,0.00061,172.217.194.0-255,2902,34225,33,199222
8867,0.000614,172.31.33.0-255,66,34291,33,199222
8868,0.000648,172.217.194.0-255,5738,40029,33,199222
8869,0.000662,172.31.33.0-255,66,40095,33,199222
8870,0.00067,172.31.33.0-255,66,40161,33,199222
8871,0.000679,172.217.194.0-255,2902,43063,33,199222
8872,0.000682,172.31.33.0-255,66,43129,33,199222
8873,0.000722,172.31.33.0-255,66,43195,33,199222
8874,0.000891,172.217.194.0-255,1484,44679,33,199222
8875,0.000908,172.217.194.0-255,2902,47581,33,199222
8876,0.000912,172.31.33.0-255,66,47647,33,199222
8877,0.000916,172.217.194.0-255,1484,49131,33,199222
8878,0.000947,172.217.194.0-255,4320,53451,33,199222
8879,0.000951,172.31.33.0-255,66,53517,33,199222
8880,0.000958,172.217.194.0-255,7156,60673,33,199222
8881,0.00096,172.31.33.0-255,66,60739,33,199222
8882,0.000987,172.217.194.0-255,2902,63641,33,199222
8883,0.00099,172.31.33.0-255,66,63707,33,199222
8884,0.001018,172.217.194.0-255,5738,69445,33,199222
8885,0.001021,172.31.33.0-255,66,69511,33,199222
8886,0.001059,172.217.194.0-255,5738,75249,33,199222
8887,0.001062,172.31.33.0-255,66,75315,33,199222
8888,0.001089,172.217.194.0-255,2184,77499,33,199222
8889,0.001092,172.31.33.0-255,66,77565,33,199222
8890,0.001099,172.217.194.0-255,1484,79049,33,199222
8891,0.001104,172.217.194.0-255,2902,81951,33,199222
8892,0.001106,172.31.33.0-255,66,82017,33,199222
8893,0.001113,172.217.194.0-255,5738,87755,33,199222
8894,0.001115,172.31.33.0-255,66,87821,33,199222
8895,0.001151,172.31.33.0-255,66,87887,33,199222
8896,0.001161,172.31.33.0-255,66,87953,33,199222
8897,0.001185,172.217.194.0-255,766,88719,33,199222
8898,0.001322,172.217.194.0-255,1484,90203,33,199222
8899,0.001325,172.31.33.0-255,66,90269,33,199222
8900,0.00136,172.217.194.0-255,2902,93171,33,199222
8901,0.001362,172.31.33.0-255,66,93237,33,199222
8902,0.001368,172.217.194.0-255,5738,98975,33,199222
8903,0.00137,172.31.33.0-255,66,99041,33,199222
8904,0.001386,172.217.194.0-255,2902,101943,33,199222
8905,0.001388,172.31.33.0-255,66,102009,33,199222
8906,0.001426,172.31.33.0-255,66,102075,33,199222
8907,0.001433,172.217.194.0-255,7156,109231,33,199222
8908,0.001435,172.31.33.0-255,66,109297,33,199222
8909,0.001463,172.217.194.0-255,3602,112899,33,199222
8910,0.001466,172.31.33.0-255,66,112965,33,199222
8911,0.001837,172.217.194.0-255,1484,114449,33,199222
8912,0.001854,172.217.194.0-255,2902,117351,33,199222
8913,0.001857,172.31.33.0-255,66,117417,33,199222
8914,0.001864,172.217.194.0-255,5738,123155,33,199222
8915,0.001867,172.31.33.0-255,66,123221,33,199222
8916,0.001904,172.31.33.0-255,66,123287,33,199222
8917,0.001926,172.217.194.0-255,4320,127607,33,199222
8918,0.001929,172.31.33.0-255,66,127673,33,199222
8919,0.001935,172.217.194.0-255,5738,133411,33,199222
8920,0.001938,172.31.33.0-255,66,133477,33,199222
8921,0.001974,172.217.194.0-255,5020,138497,33,199222
8922,0.001976,172.31.33.0-255,66,138563,33,199222
8923,0.002829,172.217.194.0-255,1484,140047,33,199222
8924,0.002836,172.217.194.0-255,2902,142949,33,199222
8925,0.00284,172.31.33.0-255,66,143015,33,199222
8926,0.002847,172.217.194.0-255,5738,148753,33,199222
8927,0.002849,172.31.33.0-255,66,148819,33,199222
8928,0.002892,172.31.33.0-255,66,148885,33,199222
8929,0.002909,172.31.33.0-255,66,148951,33,199222
8930,0.002949,172.217.194.0-255,1484,150435,33,199222
8931,0.002954,172.217.194.0-255,2902,153337,33,199222
8932,0.002957,172.31.33.0-255,66,153403,33,199222
8933,0.002963,172.217.194.0-255,5738,159141,33,199222
8934,0.002965,172.31.33.0-255,66,159207,33,199222
8935,0.002997,172.217.194.0-255,7156,166363,33,199222
8936,0.002999,172.31.33.0-255,66,166429,33,199222
8937,0.003007,172.217.194.0-255,7156,173585,33,199222
8938,0.003009,172.31.33.0-255,66,173651,33,199222
8939,0.003055,172.31.33.0-255,66,173717,33,199222
8940,0.003058,172.217.194.0-255,1484,175201,33,199222
8941,0.003061,172.31.33.0-255,78,175279,33,199222
8942,0.00308,172.31.33.0-255,66,175345,33,199222
8943,0.003136,172.217.194.0-255,1484,176829,33,199222
8944,0.003138,172.31.33.0-255,78,176907,33,199222
8945,0.003164,172.31.33.0-255,66,176973,33,199222
8946,0.003178,172.31.33.0-255,66,177039,33,199222
8947,0.00328,172.217.194.0-255,1484,178523,33,199222
8948,0.003283,172.217.194.0-255,1484,180007,33,199222
8949,0.003286,172.31.33.0-255,66,180073,33,199222
8950,0.003313,172.217.194.0-255,1484,181557,33,199222
8951,0.003319,172.217.194.0-255,5738,187295,33,199222
8952,0.003321,172.31.33.0-255,66,187361,33,199222
8953,0.003333,172.31.33.0-255,66,187427,33,199222
8954,0.003357,172.217.194.0-255,1484,188911,33,199222
8955,0.00336,172.217.194.0-255,1484,190395,33,199222
8956,0.003362,172.31.33.0-255,78,190473,33,199222
8957,0.003368,172.217.194.0-255,7156,197629,33,199222
8958,0.003371,172.31.33.0-255,66,197695,33,199222
8959,0.003373,172.217.194.0-255,1422,199117,33,199222
8960,0.003415,172.217.194.0-255,105,199222,33,199222
8961,0.0,172.217.194.0-255,216,216,33,209127
8962,2.1e-05,172.31.33.0-255,66,282,33,209127
8963,2.8e-05,172.217.194.0-255,1484,1766,33,209127
8964,3.2e-05,172.31.33.0-255,66,1832,33,209127
8965,5.5e-05,172.217.194.0-255,4320,6152,33,209127
8966,5.7e-05,172.31.33.0-255,66,6218,33,209127
8967,6e-05,172.217.194.0-255,1484,7702,33,209127
8968,6.2e-05,172.31.33.0-255,66,7768,33,209127
8969,8.2e-05,172.217.194.0-255,6182,13950,33,209127
8970,8.4e-05,172.31.33.0-255,66,14016,33,209127
8971,8.6e-05,172.217.194.0-255,1484,15500,33,209127
8972,8.8e-05,172.31.33.0-255,66,15566,33,209127
8973,0.000121,172.31.33.0-255,66,15632,33,209127
8974,0.000125,172.217.194.0-255,2543,18175,33,209127
8975,0.000127,172.31.33.0-255,66,18241,33,209127
8976,0.000158,172.217.194.0-255,1484,19725,33,209127
8977,0.000161,172.31.33.0-255,66,19791,33,209127
8978,0.000174,172.217.194.0-255,1484,21275,33,209127
8979,0.000176,172.31.33.0-255,66,21341,33,209127
8980,0.000194,172.217.194.0-255,1484,22825,33,209127
8981,0.000196,172.31.33.0-255,66,22891,33,209127
8982,0.000202,172.217.194.0-255,5738,28629,33,209127
8983,0.000204,172.31.33.0-255,66,28695,33,209127
8984,0.00021,172.217.194.0-255,7156,35851,33,209127
8985,0.000211,172.31.33.0-255,66,35917,33,209127
8986,0.000235,172.217.194.0-255,6797,42714,33,209127
8987,0.000238,172.31.33.0-255,66,42780,33,209127
8988,0.000244,172.217.194.0-255,5738,48518,33,209127
8989,0.000246,172.31.33.0-255,66,48584,33,209127
8990,0.00028,172.217.194.0-255,4285,52869,33,209127
8991,0.000283,172.31.33.0-255,66,52935,33,209127
8992,0.000326,172.217.194.0-255,4320,57255,33,209127
8993,0.000329,172.31.33.0-255,66,57321,33,209127
8994,0.000339,172.31.33.0-255,66,57387,33,209127
8995,0.000342,172.217.194.0-255,2543,59930,33,209127
8996,0.000344,172.31.33.0-255,66,59996,33,209127
8997,0.00038,172.217.194.0-255,4320,64316,33,209127
8998,0.000383,172.31.33.0-255,66,64382,33,209127
8999,0.000414,172.31.33.0-255,66,64448,33,209127
9000,0.000417,172.217.194.0-255,1484,65932,33,209127
9001,0.000432,172.217.194.0-255,1423,67355,33,209127
9002,0.000434,172.31.33.0-255,66,67421,33,209127
9003,0.000446,172.217.194.0-255,1484,68905,33,209127
9004,0.00046,172.217.194.0-255,2902,71807,33,209127
9005,0.000463,172.31.33.0-255,66,71873,33,209127
9006,0.000482,172.217.194.0-255,1484,73357,33,209127
9007,0.000487,172.217.194.0-255,2902,76259,33,209127
9008,0.000489,172.31.33.0-255,66,76325,33,209127
9009,0.000514,172.217.194.0-255,7156,83481,33,209127
9010,0.000517,172.31.33.0-255,66,83547,33,209127
9011,0.000529,172.31.33.0-255,66,83613,33,209127
9012,0.000549,172.217.194.0-255,6438,90051,33,209127
9013,0.000551,172.31.33.0-255,66,90117,33,209127
9014,0.000582,172.217.194.0-255,1484,91601,33,209127
9015,0.000587,172.217.194.0-255,2902,94503,33,209127
9016,0.000589,172.31.33.0-255,66,94569,33,209127
9017,0.000606,172.217.194.0-255,4320,98889,33,209127
9018,0.000609,172.31.33.0-255,66,98955,33,209127
9019,0.000636,172.217.194.0-255,1484,100439,33,209127
9020,0.000647,172.31.33.0-255,66,100505,33,209127
9021,0.000653,172.217.194.0-255,7156,107661,33,209127
9022,0.000655,172.31.33.0-255,66,107727,33,209127
9023,0.000691,172.217.194.0-255,5738,113465,33,209127
9024,0.000695,172.31.33.0-255,66,113531,33,209127
9025,0.000721,172.31.33.0-255,66,113597,33,209127
9026,0.000725,172.217.194.0-255,2902,116499,33,209127
9027,0.000727,172.31.33.0-255,66,116565,33,209127
9028,0.000748,172.31.33.0-255,66,116631,33,209127
9029,0.000783,172.217.194.0-255,1484,118115,33,209127
9030,0.00081,172.31.33.0-255,66,118181,33,209127
9031,0.001152,172.217.194.0-255,1484,119665,33,209127
9032,0.001156,172.217.194.0-255,1484,121149,33,209127
9033,0.001159,172.31.33.0-255,66,121215,33,209127
9034,0.001176,172.217.194.0-255,1484,122699,33,209127
9035,0.001181,172.217.194.0-255,4320,127019,33,209127
9036,0.001183,172.31.33.0-255,66,127085,33,209127
9037,0.001199,172.217.194.0-255,1484,128569,33,209127
9038,0.001211,172.31.33.0-255,66,128635,33,209127
9039,0.001222,172.217.194.0-255,1484,130119,33,209127
9040,0.001242,172.217.194.0-255,4320,134439,33,209127
9041,0.001245,172.31.33.0-255,66,134505,33,209127
9042,0.001267,172.217.194.0-255,6438,140943,33,209127
9043,0.00127,172.31.33.0-255,66,141009,33,209127
9044,0.001319,172.217.194.0-255,1484,142493,33,209127
9045,0.001322,172.217.194.0-255,1484,143977,33,209127
9046,0.001324,172.31.33.0-255,66,144043,33,209127
9047,0.001338,172.217.194.0-255,1484,145527,33,209127
9048,0.001352,172.217.194.0-255,5738,151265,33,209127
9049,0.001354,172.31.33.0-255,66,151331,33,209127
9050,0.001408,172.217.194.0-255,2902,154233,33,209127
9051,0.001411,172.31.33.0-255,66,154299,33,209127
9052,0.001439,172.31.33.0-255,66,154365,33,209127
9053,0.001444,172.217.194.0-255,5738,160103,33,209127
9054,0.001446,172.31.33.0-255,66,160169,33,209127
9055,0.001452,172.217.194.0-255,5020,165189,33,209127
9056,0.001454,172.31.33.0-255,66,165255,33,209127
9057,0.001518,172.217.194.0-255,1484,166739,33,209127
9058,0.001533,172.217.194.0-255,2902,169641,33,209127
9059,0.001536,172.31.33.0-255,66,169707,33,209127
9060,0.00154,172.217.194.0-255,4320,174027,33,209127
9061,0.001542,172.31.33.0-255,66,174093,33,209127
9062,0.001553,172.217.194.0-255,1484,175577,33,209127
9063,0.00158,172.31.33.0-255,66,175643,33,209127
9064,0.00159,172.217.194.0-255,1484,177127,33,209127
9065,0.001618,172.31.33.0-255,66,177193,33,209127
9066,0.001644,172.217.194.0-255,1484,178677,33,209127
9067,0.001658,172.217.194.0-255,1484,180161,33,209127
9068,0.001661,172.31.33.0-255,66,180227,33,209127
9069,0.001678,172.217.194.0-255,1484,181711,33,209127
9070,0.001684,172.217.194.0-255,5738,187449,33,209127
9071,0.001686,172.31.33.0-255,66,187515,33,209127
9072,0.00169,172.217.194.0-255,4320,191835,33,209127
9073,0.001692,172.31.33.0-255,66,191901,33,209127
9074,0.001706,172.217.194.0-255,7156,199057,33,209127
9075,0.001709,172.31.33.0-255,66,199123,33,209127
9076,0.001719,172.31.33.0-255,66,199189,33,209127
9077,0.001765,172.217.194.0-255,2902,202091,33,209127
9078,0.001768,172.31.33.0-255,66,202157,33,209127
9079,0.001803,172.31.33.0-255,66,202223,33,209127
9080,0.001809,172.217.194.0-255,5738,207961,33,209127
9081,0.00181,172.31.33.0-255,66,208027,33,209127
9082,0.001835,172.31.33.0-255,66,208093,33,209127
9083,0.001855,172.217.194.0-255,766,208859,33,209127
9084,0.00187,172.31.33.0-255,66,208925,33,209127
9085,0.001872,172.217.194.0-255,97,209022,33,209127
9086,0.001888,172.217.194.0-255,105,209127,33,209127
9087,0.0,74.125.200.0-255,143,143,33,204910
9088,2.5e-05,172.31.33.0-255,66,209,33,204910
9089,3.1e-05,74.125.200.0-255,1484,1693,33,204910
9090,3.5e-05,172.31.33.0-255,66,1759,33,204910
9091,3.8e-05,74.125.200.0-255,1484,3243,33,204910
9092,4e-05,172.31.33.0-255,66,3309,33,204910
9093,5.1e-05,74.125.200.0-255,2902,6211,33,204910
9094,5.3e-05,172.31.33.0-255,66,6277,33,204910
9095,5.9e-05,74.125.200.0-255,5738,12015,33,204910
9096,6.2e-05,172.31.33.0-255,66,12081,33,204910
9097,8.8e-05,74.125.200.0-255,2127,14208,33,204910
9098,9.1e-05,172.31.33.0-255,66,14274,33,204910
9099,0.000122,74.125.200.0-255,2902,17176,33,204910
9100,0.000125,172.31.33.0-255,66,17242,33,204910
9101,0.000129,74.125.200.0-255,1484,18726,33,204910
9102,0.00013,172.31.33.0-255,66,18792,33,204910
9103,0.000167,74.125.200.0-255,2902,21694,33,204910
9104,0.00017,172.31.33.0-255,66,21760,33,204910
9105,0.000179,172.31.33.0-255,66,21826,33,204910
9106,0.000182,74.125.200.0-255,1125,22951,33,204910
9107,0.000184,172.31.33.0-255,66,23017,33,204910
9108,0.000225,74.125.200.0-255,1484,24501,33,204910
9109,0.000228,172.31.33.0-255,66,24567,33,204910
9110,0.000255,74.125.200.0-255,2902,27469,33,204910
9111,0.000258,172.31.33.0-255,66,27535,33,204910
9112,0.000286,74.125.200.0-255,4320,31855,33,204910
9113,0.00029,172.31.33.0-255,66,31921,33,204910
9114,0.000324,74.125.200.0-255,5738,37659,33,204910
9115,0.000327,172.31.33.0-255,66,37725,33,204910
9116,0.000331,74.125.200.0-255,2543,40268,33,204910
9117,0.000333,172.31.33.0-255,66,40334,33,204910
9118,0.000411,74.125.200.0-255,1484,41818,33,204910
9119,0.000427,74.125.200.0-255,2902,44720,33,204910
9120,0.00043,172.31.33.0-255,66,44786,33,204910
9121,0.000435,74.125.200.0-255,2902,47688,33,204910
9122,0.000438,172.31.33.0-255,66,47754,33,204910
9123,0.000456,74.125.200.0-255,1484,49238,33,204910
9124,0.00048,74.125.200.0-255,7156,56394,33,204910
9125,0.000483,172.31.33.0-255,66,56460,33,204910
9126,0.000507,74.125.200.0-255,1470,57930,33,204910
9127,0.000627,74.125.200.0-255,332,58262,33,204910
9128,0.000631,172.31.33.0-255,66,58328,33,204910
9129,0.000827,74.125.200.0-255,1484,59812,33,204910
9130,0.000836,74.125.200.0-255,2902,62714,33,204910
9131,0.000839,172.31.33.0-255,66,62780,33,204910
9132,0.000843,74.125.200.0-255,1484,64264,33,204910
9133,0.000869,74.125.200.0-255,4320,68584,33,204910
9134,0.000872,172.31.33.0-255,66,68650,33,204910
9135,0.000894,74.125.200.0-255,5738,74388,33,204910
9136,0.000897,172.31.33.0-255,66,74454,33,204910
9137,0.000925,74.125.200.0-255,7156,81610,33,204910
9138,0.000928,172.31.33.0-255,66,81676,33,204910
9139,0.000931,74.125.200.0-255,1484,83160,33,204910
9140,0.000965,172.31.33.0-255,66,83226,33,204910
9141,0.001127,74.125.200.0-255,1484,84710,33,204910
9142,0.001133,74.125.200.0-255,2902,87612,33,204910
9143,0.001136,172.31.33.0-255,66,87678,33,204910
9144,0.001183,74.125.200.0-255,4320,91998,33,204910
9145,0.001187,172.31.33.0-255,66,92064,33,204910
9146,0.001194,74.125.200.0-255,5738,97802,33,204910
9147,0.001197,172.31.33.0-255,66,97868,33,204910
9148,0.001225,74.125.200.0-255,7156,105024,33,204910
9149,0.00123,172.31.33.0-255,66,105090,33,204910
9150,0.001257,74.125.200.0-255,1484,106574,33,204910
9151,0.001261,74.125.200.0-255,2902,109476,33,204910
9152,0.001267,172.31.33.0-255,66,109542,33,204910
9153,0.001285,74.125.200.0-255,5738,115280,33,204910
9154,0.001287,172.31.33.0-255,66,115346,33,204910
9155,0.00129,74.125.200.0-255,2184,117530,33,204910
9156,0.001293,172.31.33.0-255,66,117596,33,204910
9157,0.001382,74.125.200.0-255,1484,119080,33,204910
9158,0.001388,74.125.200.0-255,2902,121982,33,204910
9159,0.001391,172.31.33.0-255,66,122048,33,204910
9160,0.001419,74.125.200.0-255,4320,126368,33,204910
9161,0.001422,172.31.33.0-255,66,126434,33,204910
9162,0.001444,74.125.200.0-255,1484,127918,33,204910
9163,0.001447,74.125.200.0-255,1484,129402,33,204910
9164,0.001449,172.31.33.0-255,66,129468,33,204910
9165,0.001483,172.31.33.0-255,66,129534,33,204910
9166,0.001488,74.125.200.0-255,4320,133854,33,204910
9167,0.00149,172.31.33.0-255,66,133920,33,204910
9168,0.001524,74.125.200.0-255,6438,140358,33,204910
9169,0.001526,172.31.33.0-255,66,140424,33,204910
9170,0.001558,74.125.200.0-255,1484,141908,33,204910
9171,0.001562,74.125.200.0-255,1484,143392,33,204910
9172,0.001564,172.31.33.0-255,66,143458,33,204910
9173,0.001588,74.125.200.0-255,1484,144942,33,204910
9174,0.001594,74.125.200.0-255,5738,150680,33,204910
9175,0.001596,172.31.33.0-255,66,150746,33,204910
9176,0.001601,74.125.200.0-255,4320,155066,33,204910
9177,0.001603,172.31.33.0-255,66,155132,33,204910
9178,0.001674,74.125.200.0-255,5738,160870,33,204910
9179,0.001677,172.31.33.0-255,66,160936,33,204910
9180,0.001688,172.31.33.0-255,66,161002,33,204910
9181,0.001691,74.125.200.0-255,2184,163186,33,204910
9182,0.001694,172.31.33.0-255,66,163252,33,204910
9183,0.001903,74.125.200.0-255,1484,164736,33,204910
9184,0.001909,74.125.200.0-255,2902,167638,33,204910
9185,0.001912,172.31.33.0-255,66,167704,33,204910
9186,0.001938,74.125.200.0-255,5738,173442,33,204910
9187,0.00194,172.31.33.0-255,66,173508,33,204910
9188,0.001974,172.31.33.0-255,66,173574,33,204910
9189,0.002012,74.125.200.0-255,7156,180730,33,204910
9190,0.002016,172.31.33.0-255,66,180796,33,204910
9191,0.002044,74.125.200.0-255,2902,183698,33,204910
9192,0.002047,172.31.33.0-255,66,183764,33,204910
9193,0.002052,74.125.200.0-255,3602,187366,33,204910
9194,0.002054,172.31.33.0-255,66,187432,33,204910
9195,0.004341,74.125.200.0-255,1484,188916,33,204910
9196,0.004358,74.125.200.0-255,4320,193236,33,204910
9197,0.004362,172.31.33.0-255,66,193302,33,204910
9198,0.006672,74.125.200.0-255,5738,199040,33,204910
9199,0.006677,172.31.33.0-255,66,199106,33,204910
9200,0.008984,74.125.200.0-255,5738,204844,33,204910
9201,0.008992,172.31.33.0-255,66,204910,33,204910
9202,0.0,74.125.24.0-255,153,153,33,144257
9203,1.3e-05,172.31.33.0-255,66,219,33,144257
9204,1.9e-05,74.125.24.0-255,1484,1703,33,144257
9205,2.2e-05,172.31.33.0-255,66,1769,33,144257
9206,2.8e-05,74.125.24.0-255,2902,4671,33,144257
9207,3.7e-05,172.31.33.0-255,66,4737,33,144257
9208,4.2e-05,74.125.24.0-255,4320,9057,33,144257
9209,4.4e-05,172.31.33.0-255,66,9123,33,144257
9210,8.4e-05,74.125.24.0-255,4320,13443,33,144257
9211,8.7e-05,172.31.33.0-255,66,13509,33,144257
9212,0.000108,74.125.24.0-255,744,14253,33,144257
9213,0.00011,172.31.33.0-255,66,14319,33,144257
9214,0.000115,74.125.24.0-255,5738,20057,33,144257
9215,0.000117,172.31.33.0-255,66,20123,33,144257
9216,0.000154,172.31.33.0-255,66,20189,33,144257
9217,0.000234,74.125.24.0-255,1484,21673,33,144257
9218,0.000238,172.31.33.0-255,66,21739,33,144257
9219,0.000241,74.125.24.0-255,1484,23223,33,144257
9220,0.000243,172.31.33.0-255,66,23289,33,144257
9221,0.000259,74.125.24.0-255,1484,24773,33,144257
9222,0.000261,172.31.33.0-255,66,24839,33,144257
9223,0.000267,74.125.24.0-255,5738,30577,33,144257
9224,0.000269,172.31.33.0-255,66,30643,33,144257
9225,0.000305,172.31.33.0-255,66,30709,33,144257
9226,0.000326,74.125.24.0-255,3961,34670,33,144257
9227,0.000329,172.31.33.0-255,66,34736,33,144257
9228,0.000347,74.125.24.0-255,5738,40474,33,144257
9229,0.000348,172.31.33.0-255,66,40540,33,144257
9230,0.000372,74.125.24.0-255,4263,44803,33,144257
9231,0.000374,172.31.33.0-255,66,44869,33,144257
9232,0.000422,74.125.24.0-255,129,44998,33,144257
9233,0.000476,74.125.24.0-255,345,45343,33,144257
9234,0.000838,74.125.24.0-255,1484,46827,33,144257
9235,0.000842,172.31.33.0-255,66,46893,33,144257
9236,0.000847,74.125.24.0-255,2902,49795,33,144257
9237,0.000864,172.31.33.0-255,66,49861,33,144257
9238,0.000869,74.125.24.0-255,5738,55599,33,144257
9239,0.000871,74.125.24.0-255,1484,57083,33,144257
9240,0.000875,172.31.33.0-255,66,57149,33,144257
9241,0.000912,74.125.24.0-255,7156,64305,33,144257
9242,0.000917,172.31.33.0-255,66,64371,33,144257
9243,0.000943,74.125.24.0-255,3602,67973,33,144257
9244,0.000948,172.31.33.0-255,66,68039,33,144257
9245,0.001163,74.125.24.0-255,1484,69523,33,144257
9246,0.001167,74.125.24.0-255,2902,72425,33,144257
9247,0.001172,172.31.33.0-255,66,72491,33,144257
9248,0.001198,74.125.24.0-255,5738,78229,33,144257
9249,0.001204,74.125.24.0-255,5738,83967,33,144257
9250,0.001223,74.125.24.0-255,4320,88287,33,144257
9251,0.001229,172.31.33.0-255,66,88353,33,144257
9252,0.001257,74.125.24.0-255,4320,92673,33,144257
9253,0.001262,172.31.33.0-255,66,92739,33,144257
9254,0.001294,74.125.24.0-255,1484,94223,33,144257
9255,0.00133,74.125.24.0-255,2902,97125,33,144257
9256,0.001335,74.125.24.0-255,5738,102863,33,144257
9257,0.001337,74.125.24.0-255,1484,104347,33,144257
9258,0.001351,74.125.24.0-255,7156,111503,33,144257
9259,0.001355,172.31.33.0-255,66,111569,33,144257
9260,0.001367,74.125.24.0-255,4320,115889,33,144257
9261,0.001376,74.125.24.0-255,7156,123045,33,144257
9262,0.001392,172.31.33.0-255,66,123111,33,144257
9263,0.001415,74.125.24.0-255,3602,126713,33,144257
9264,0.001423,172.31.33.0-255,66,126779,33,144257
9265,0.003689,74.125.24.0-255,1484,128263,33,144257
9266,0.003737,74.125.24.0-255,4320,132583,33,144257
9267,0.003741,172.31.33.0-255,66,132649,33,144257
9268,0.006055,74.125.24.0-255,5738,138387,33,144257
9269,0.006231,172.31.33.0-255,66,138453,33,144257
9270,0.008567,74.125.24.0-255,5738,144191,33,144257
9271,0.008574,172.31.33.0-255,66,144257,33,144257
9272,0.0,172.31.33.0-255,105,105,33,918
9273,7.4e-05,172.31.33.0-255,105,210,33,918
9274,0.000278,172.31.33.0-255,90,300,33,918
9275,0.000288,172.31.33.0-255,66,366,33,918
9276,0.000464,172.31.33.0-255,90,456,33,918
9277,0.000471,172.31.33.0-255,66,522,33,918
9278,0.002095,172.217.27.0-255,66,588,33,918
9279,0.00211,172.217.27.0-255,66,654,33,918
9280,0.002121,172.31.33.0-255,66,720,33,918
9281,0.002692,172.217.194.0-255,66,786,33,918
9282,0.002706,172.217.194.0-255,66,852,33,918
9283,0.002709,172.31.33.0-255,66,918,33,918
9284,0.0,74.125.200.0-255,152,152,33,116670
9285,1.3e-05,172.31.33.0-255,66,218,33,116670
9286,4.7e-05,74.125.200.0-255,1484,1702,33,116670
9287,5.1e-05,172.31.33.0-255,66,1768,33,116670
9288,5.8e-05,74.125.200.0-255,2902,4670,33,116670
9289,6e-05,172.31.33.0-255,66,4736,33,116670
9290,6.7e-05,74.125.200.0-255,7156,11892,33,116670
9291,7e-05,172.31.33.0-255,66,11958,33,116670
9292,7.4e-05,74.125.200.0-255,2054,14012,33,116670
9293,7.6e-05,172.31.33.0-255,66,14078,33,116670
9294,0.001165,74.125.200.0-255,1484,15562,33,116670
9295,0.001172,172.31.33.0-255,66,15628,33,116670
9296,0.00118,74.125.200.0-255,2902,18530,33,116670
9297,0.001182,172.31.33.0-255,66,18596,33,116670
9298,0.001212,74.125.200.0-255,4320,22916,33,116670
9299,0.001214,172.31.33.0-255,66,22982,33,116670
9300,0.001245,172.31.33.0-255,66,23048,33,116670
9301,0.001342,74.125.200.0-255,1484,24532,33,116670
9302,0.001344,172.31.33.0-255,66,24598,33,116670
9303,0.001386,74.125.200.0-255,2902,27500,33,116670
9304,0.001389,172.31.33.0-255,66,27566,33,116670
9305,0.001394,74.125.200.0-255,4320,31886,33,116670
9306,0.001396,172.31.33.0-255,66,31952,33,116670
9307,0.001402,74.125.200.0-255,5738,37690,33,116670
9308,0.001405,172.31.33.0-255,66,37756,33,116670
9309,0.001427,74.125.200.0-255,2543,40299,33,116670
9310,0.00143,172.31.33.0-255,66,40365,33,116670
9311,0.001483,74.125.200.0-255,1484,41849,33,116670
9312,0.001486,172.31.33.0-255,66,41915,33,116670
9313,0.001491,74.125.200.0-255,2902,44817,33,116670
9314,0.001493,172.31.33.0-255,66,44883,33,116670
9315,0.001517,74.125.200.0-255,5738,50621,33,116670
9316,0.00152,172.31.33.0-255,66,50687,33,116670
9317,0.001549,74.125.200.0-255,5738,56425,33,116670
9318,0.001551,172.31.33.0-255,66,56491,33,116670
9319,0.001583,74.125.200.0-255,1706,58197,33,116670
9320,0.001585,172.31.33.0-255,66,58263,33,116670
9321,0.001629,74.125.200.0-255,1484,59747,33,116670
9322,0.00164,74.125.200.0-255,1484,61231,33,116670
9323,0.001643,172.31.33.0-255,66,61297,33,116670
9324,0.001648,74.125.200.0-255,4320,65617,33,116670
9325,0.00165,172.31.33.0-255,66,65683,33,116670
9326,0.001681,74.125.200.0-255,4320,70003,33,116670
9327,0.001684,172.31.33.0-255,66,70069,33,116670
9328,0.001707,74.125.200.0-255,2902,72971,33,116670
9329,0.001709,172.31.33.0-255,66,73037,33,116670
9330,0.001738,74.125.200.0-255,5379,78416,33,116670
9331,0.001741,172.31.33.0-255,66,78482,33,116670
9332,0.001777,74.125.200.0-255,2902,81384,33,116670
9333,0.001779,172.31.33.0-255,66,81450,33,116670
9334,0.001801,74.125.200.0-255,2902,84352,33,116670
9335,0.001804,172.31.33.0-255,66,84418,33,116670
9336,0.001814,172.31.33.0-255,66,84484,33,116670
9337,0.001933,74.125.200.0-255,1484,85968,33,116670
9338,0.001939,74.125.200.0-255,2902,88870,33,116670
9339,0.001942,172.31.33.0-255,66,88936,33,116670
9340,0.001964,74.125.200.0-255,5738,94674,33,116670
9341,0.001967,172.31.33.0-255,66,94740,33,116670
9342,0.001999,172.31.33.0-255,66,94806,33,116670
9343,0.003945,74.125.200.0-255,4320,99126,33,116670
9344,0.00395,172.31.33.0-255,66,99192,33,116670
9345,0.003978,74.125.200.0-255,1484,100676,33,116670
9346,0.0059,74.125.200.0-255,4320,104996,33,116670
9347,0.005907,172.31.33.0-255,66,105062,33,116670
9348,0.007857,74.125.200.0-255,5738,110800,33,116670
9349,0.007866,172.31.33.0-255,66,110866,33,116670
9350,0.009813,74.125.200.0-255,5738,116604,33,116670
9351,0.009821,172.31.33.0-255,66,116670,33,116670
9352,0.0,74.125.24.0-255,153,153,33,179361
9353,1.7e-05,172.31.33.0-255,66,219,33,179361
9354,2.3e-05,74.125.24.0-255,1484,1703,33,179361
9355,2.7e-05,172.31.33.0-255,66,1769,33,179361
9356,4.7e-05,74.125.24.0-255,2902,4671,33,179361
9357,5.1e-05,172.31.33.0-255,66,4737,33,179361
9358,5.7e-05,74.125.24.0-255,7156,11893,33,179361
9359,5.9e-05,172.31.33.0-255,66,11959,33,179361
9360,6.3e-05,74.125.24.0-255,1985,13944,33,179361
9361,6.6e-05,172.31.33.0-255,66,14010,33,179361
9362,0.000111,74.125.24.0-255,4320,18330,33,179361
9363,0.000116,172.31.33.0-255,66,18396,33,179361
9364,0.000141,74.125.24.0-255,7156,25552,33,179361
9365,0.000144,172.31.33.0-255,66,25618,33,179361
9366,0.000148,74.125.24.0-255,4320,29938,33,179361
9367,0.00015,172.31.33.0-255,66,30004,33,179361
9368,0.000167,74.125.24.0-255,1484,31488,33,179361
9369,0.00017,172.31.33.0-255,66,31554,33,179361
9370,0.000201,172.31.33.0-255,66,31620,33,179361
9371,0.00022,74.125.24.0-255,4320,35940,33,179361
9372,0.000223,172.31.33.0-255,66,36006,33,179361
9373,0.000225,74.125.24.0-255,766,36772,33,179361
9374,0.000227,172.31.33.0-255,66,36838,33,179361
9375,0.000232,74.125.24.0-255,4320,41158,33,179361
9376,0.000234,172.31.33.0-255,66,41224,33,179361
9377,0.000256,74.125.24.0-255,5738,46962,33,179361
9378,0.00026,172.31.33.0-255,66,47028,33,179361
9379,0.000285,74.125.24.0-255,4320,51348,33,179361
9380,0.000287,172.31.33.0-255,66,51414,33,179361
9381,0.000305,74.125.24.0-255,2889,54303,33,179361
9382,0.000308,172.31.33.0-255,66,54369,33,179361
9383,0.000383,74.125.24.0-255,1484,55853,33,179361
9384,0.000389,74.125.24.0-255,2902,58755,33,179361
9385,0.000393,172.31.33.0-255,66,58821,33,179361
9386,0.000421,74.125.24.0-255,5738,64559,33,179361
9387,0.000425,172.31.33.0-255,66,64625,33,179361
9388,0.000454,172.31.33.0-255,66,64691,33,179361
9389,0.000457,74.125.24.0-255,1484,66175,33,179361
9390,0.000484,172.31.33.0-255,66,66241,33,179361
9391,0.000488,74.125.24.0-255,2184,68425,33,179361
9392,0.000489,172.31.33.0-255,66,68491,33,179361
9393,0.00053,74.125.24.0-255,332,68823,33,179361
9394,0.000665,74.125.24.0-255,1484,70307,33,179361
9395,0.00067,172.31.33.0-255,66,70373,33,179361
9396,0.000674,74.125.24.0-255,1484,71857,33,179361
9397,0.00069,74.125.24.0-255,1484,73341,33,179361
9398,0.000692,172.31.33.0-255,66,73407,33,179361
9399,0.00072,74.125.24.0-255,5738,79145,33,179361
9400,0.000732,172.31.33.0-255,66,79211,33,179361
9401,0.000735,172.31.33.0-255,66,79277,33,179361
9402,0.000747,74.125.24.0-255,4320,83597,33,179361
9403,0.00075,172.31.33.0-255,66,83663,33,179361
9404,0.000756,74.125.24.0-255,4320,87983,33,179361
9405,0.000758,172.31.33.0-255,66,88049,33,179361
9406,0.000809,172.31.33.0-255,66,88115,33,179361
9407,0.000815,74.125.24.0-255,4320,92435,33,179361
9408,0.000817,172.31.33.0-255,66,92501,33,179361
9409,0.000832,74.125.24.0-255,4320,96821,33,179361
9410,0.000835,172.31.33.0-255,66,96887,33,179361
9411,0.000873,172.31.33.0-255,66,96953,33,179361
9412,0.000911,172.31.33.0-255,66,97019,33,179361
9413,0.000932,74.125.24.0-255,2184,99203,33,179361
9414,0.000935,172.31.33.0-255,66,99269,33,179361
9415,0.000992,74.125.24.0-255,1484,100753,33,179361
9416,0.000998,74.125.24.0-255,2902,103655,33,179361
9417,0.001001,172.31.33.0-255,66,103721,33,179361
9418,0.001007,74.125.24.0-255,4320,108041,33,179361
9419,0.001009,172.31.33.0-255,66,108107,33,179361
9420,0.001026,74.125.24.0-255,1484,109591,33,179361
9421,0.00104,172.31.33.0-255,66,109657,33,179361
9422,0.001043,74.125.24.0-255,1484,111141,33,179361
9423,0.001074,172.31.33.0-255,66,111207,33,179361
9424,0.001077,74.125.24.0-255,766,111973,33,179361
9425,0.001192,74.125.24.0-255,1484,113457,33,179361
9426,0.001197,172.31.33.0-255,66,113523,33,179361
9427,0.001201,74.125.24.0-255,2902,116425,33,179361
9428,0.001204,172.31.33.0-255,66,116491,33,179361
9429,0.00122,74.125.24.0-255,5738,122229,33,179361
9430,0.001223,172.31.33.0-255,66,122295,33,179361
9431,0.001239,74.125.24.0-255,4320,126615,33,179361
9432,0.001242,172.31.33.0-255,66,126681,33,179361
9433,0.001264,172.31.33.0-255,66,126747,33,179361
9434,0.001296,74.125.24.0-255,5738,132485,33,179361
9435,0.0013,172.31.33.0-255,66,132551,33,179361
9436,0.001323,74.125.24.0-255,5020,137571,33,179361
9437,0.001326,172.31.33.0-255,66,137637,33,179361
9438,0.001341,74.125.24.0-255,4320,141957,33,179361
9439,0.001343,172.31.33.0-255,66,142023,33,179361
9440,0.001346,74.125.24.0-255,1484,143507,33,179361
9441,0.001367,74.125.24.0-255,4320,147827,33,179361
9442,0.00137,172.31.33.0-255,66,147893,33,179361
9443,0.001373,74.125.24.0-255,2902,150795,33,179361
9444,0.001375,172.31.33.0-255,66,150861,33,179361
9445,0.001405,74.125.24.0-255,7156,158017,33,179361
9446,0.001409,172.31.33.0-255,66,158083,33,179361
9447,0.001412,172.31.33.0-255,66,158149,33,179361
9448,0.001444,74.125.24.0-255,5020,163169,33,179361
9449,0.001446,172.31.33.0-255,66,163235,33,179361
9450,0.003649,74.125.24.0-255,1484,164719,33,179361
9451,0.003664,74.125.24.0-255,2902,167621,33,179361
9452,0.003667,172.31.33.0-255,66,167687,33,179361
9453,0.003685,74.125.24.0-255,1484,169171,33,179361
9454,0.005751,74.125.24.0-255,4320,173491,33,179361
9455,0.005757,172.31.33.0-255,66,173557,33,179361
9456,0.007929,74.125.24.0-255,5738,179295,33,179361
9457,0.007951,172.31.33.0-255,66,179361,33,179361
9458,0.0,74.125.24.0-255,153,153,33,128821
9459,2.3e-05,172.31.33.0-255,66,219,33,128821
9460,2.9e-05,74.125.24.0-255,1484,1703,33,128821
9461,3.3e-05,172.31.33.0-255,66,1769,33,128821
9462,4.7e-05,74.125.24.0-255,2902,4671,33,128821
9463,5e-05,172.31.33.0-255,66,4737,33,128821
9464,5.5e-05,74.125.24.0-255,4320,9057,33,128821
9465,5.7e-05,172.31.33.0-255,66,9123,33,128821
9466,6.9e-05,74.125.24.0-255,2902,12025,33,128821
9467,7e-05,172.31.33.0-255,66,12091,33,128821
9468,7.3e-05,74.125.24.0-255,1484,13575,33,128821
9469,7.6e-05,172.31.33.0-255,66,13641,33,128821
9470,9.4e-05,74.125.24.0-255,600,14241,33,128821
9471,9.6e-05,172.31.33.0-255,66,14307,33,128821
9472,0.000373,74.125.24.0-255,1484,15791,33,128821
9473,0.000377,172.31.33.0-255,66,15857,33,128821
9474,0.000384,74.125.24.0-255,2902,18759,33,128821
9475,0.000386,172.31.33.0-255,66,18825,33,128821
9476,0.000409,74.125.24.0-255,5738,24563,33,128821
9477,0.000411,172.31.33.0-255,66,24629,33,128821
9478,0.000431,74.125.24.0-255,6797,31426,33,128821
9479,0.000433,172.31.33.0-255,66,31492,33,128821
9480,0.000546,74.125.24.0-255,1484,32976,33,128821
9481,0.000549,172.31.33.0-255,66,33042,33,128821
9482,0.000556,74.125.24.0-255,2902,35944,33,128821
9483,0.000558,172.31.33.0-255,66,36010,33,128821
9484,0.000562,74.125.24.0-255,2902,38912,33,128821
9485,0.000564,172.31.33.0-255,66,38978,33,128821
9486,0.00059,74.125.24.0-255,2902,41880,33,128821
9487,0.000594,172.31.33.0-255,66,41946,33,128821
9488,0.000599,74.125.24.0-255,5738,47684,33,128821
9489,0.000601,172.31.33.0-255,66,47750,33,128821
9490,0.000622,74.125.24.0-255,1484,49234,33,128821
9491,0.000655,172.31.33.0-255,66,49300,33,128821
9492,0.000698,74.125.24.0-255,1484,50784,33,128821
9493,0.000712,74.125.24.0-255,2820,53604,33,128821
9494,0.000715,172.31.33.0-255,66,53670,33,128821
9495,0.000802,74.125.24.0-255,131,53801,33,128821
9496,0.000843,74.125.24.0-255,344,54145,33,128821
9497,0.001212,74.125.24.0-255,1484,55629,33,128821
9498,0.001218,172.31.33.0-255,66,55695,33,128821
9499,0.001222,74.125.24.0-255,2902,58597,33,128821
9500,0.001225,172.31.33.0-255,66,58663,33,128821
9501,0.001242,74.125.24.0-255,2902,61565,33,128821
9502,0.001244,172.31.33.0-255,66,61631,33,128821
9503,0.001278,74.125.24.0-255,7156,68787,33,128821
9504,0.00128,172.31.33.0-255,66,68853,33,128821
9505,0.001304,74.125.24.0-255,2902,71755,33,128821
9506,0.001306,172.31.33.0-255,66,71821,33,128821
9507,0.001324,74.125.24.0-255,5738,77559,33,128821
9508,0.001326,172.31.33.0-255,66,77625,33,128821
9509,0.001344,74.125.24.0-255,7156,84781,33,128821
9510,0.001346,172.31.33.0-255,66,84847,33,128821
9511,0.001368,74.125.24.0-255,3602,88449,33,128821
9512,0.001369,172.31.33.0-255,66,88515,33,128821
9513,0.001935,74.125.24.0-255,1484,89999,33,128821
9514,0.001946,74.125.24.0-255,2902,92901,33,128821
9515,0.001948,172.31.33.0-255,66,92967,33,128821
9516,0.001987,74.125.24.0-255,2902,95869,33,128821
9517,0.001989,172.31.33.0-255,66,95935,33,128821
9518,0.002005,74.125.24.0-255,2902,98837,33,128821
9519,0.002006,172.31.33.0-255,66,98903,33,128821
9520,0.002011,74.125.24.0-255,4320,103223,33,128821
9521,0.002013,172.31.33.0-255,66,103289,33,128821
9522,0.002023,172.31.33.0-255,66,103355,33,128821
9523,0.002026,74.125.24.0-255,2902,106257,33,128821
9524,0.002027,172.31.33.0-255,66,106323,33,128821
9525,0.002053,74.125.24.0-255,5020,111343,33,128821
9526,0.002055,172.31.33.0-255,66,111409,33,128821
9527,0.004075,74.125.24.0-255,5738,117147,33,128821
9528,0.00408,172.31.33.0-255,66,117213,33,128821
9529,0.006135,74.125.24.0-255,5738,122951,33,128821
9530,0.006142,172.31.33.0-255,66,123017,33,128821
9531,0.008179,74.125.24.0-255,5738,128755,33,128821
9532,0.008184,172.31.33.0-255,66,128821,33,128821
9533,0.0,172.217.160.0-255,146,146,33,158908
9534,1.5e-05,172.31.33.0-255,66,212,33,158908
9535,2.2e-05,172.217.160.0-255,1484,1696,33,158908
9536,2.6e-05,172.31.33.0-255,66,1762,33,158908
9537,2.9e-05,172.217.160.0-255,1484,3246,33,158908
9538,3.1e-05,172.31.33.0-255,66,3312,33,158908
9539,4.4e-05,172.217.160.0-255,4320,7632,33,158908
9540,4.6e-05,172.31.33.0-255,66,7698,33,158908
9541,7.8e-05,172.217.160.0-255,6286,13984,33,158908
9542,8.1e-05,172.31.33.0-255,66,14050,33,158908
9543,0.000305,172.217.160.0-255,1484,15534,33,158908
9544,0.000309,172.31.33.0-255,66,15600,33,158908
9545,0.000314,172.217.160.0-255,2902,18502,33,158908
9546,0.000317,172.31.33.0-255,66,18568,33,158908
9547,0.000327,172.217.160.0-255,5738,24306,33,158908
9548,0.000329,172.31.33.0-255,66,24372,33,158908
9549,0.000334,172.217.160.0-255,4320,28692,33,158908
9550,0.000336,172.31.33.0-255,66,28758,33,158908
9551,0.00038,172.217.160.0-255,2543,31301,33,158908
9552,0.000383,172.31.33.0-255,66,31367,33,158908
9553,0.000408,172.217.160.0-255,2902,34269,33,158908
9554,0.000411,172.31.33.0-255,66,34335,33,158908
9555,0.000424,172.217.160.0-255,5738,40073,33,158908
9556,0.00043,172.31.33.0-255,66,40139,33,158908
9557,0.000454,172.217.160.0-255,1484,41623,33,158908
9558,0.000457,172.31.33.0-255,66,41689,33,158908
9559,0.000465,172.217.160.0-255,6797,48486,33,158908
9560,0.000466,172.31.33.0-255,66,48552,33,158908
9561,0.00048,172.31.33.0-255,66,48618,33,158908
9562,0.000513,172.217.160.0-255,5738,54356,33,158908
9563,0.000516,172.31.33.0-255,66,54422,33,158908
9564,0.000519,172.217.160.0-255,1395,55817,33,158908
9565,0.000832,172.217.160.0-255,123,55940,33,158908
9566,0.000876,172.31.33.0-255,66,56006,33,158908
9567,0.000978,172.217.160.0-255,1484,57490,33,158908
9568,0.001002,172.217.160.0-255,1484,58974,33,158908
9569,0.001005,172.31.33.0-255,66,59040,33,158908
9570,0.001029,172.217.160.0-255,1484,60524,33,158908
9571,0.001035,172.217.160.0-255,5738,66262,33,158908
9572,0.001037,172.31.33.0-255,66,66328,33,158908
9573,0.001048,172.31.33.0-255,66,66394,33,158908
9574,0.001074,172.217.160.0-255,2543,68937,33,158908
9575,0.001076,172.31.33.0-255,66,69003,33,158908
9576,0.001081,172.217.160.0-255,4320,73323,33,158908
9577,0.001083,172.31.33.0-255,66,73389,33,158908
9578,0.001166,172.217.160.0-255,5673,79062,33,158908
9579,0.00117,172.31.33.0-255,66,79128,33,158908
9580,0.001269,172.217.160.0-255,1484,80612,33,158908
9581,0.001276,172.217.160.0-255,2902,83514,33,158908
9582,0.001279,172.31.33.0-255,66,83580,33,158908
9583,0.001308,172.217.160.0-255,5738,89318,33,158908
9584,0.001311,172.31.33.0-255,66,89384,33,158908
9585,0.001317,172.217.160.0-255,5738,95122,33,158908
9586,0.001318,172.31.33.0-255,66,95188,33,158908
9587,0.001321,172.217.160.0-255,1484,96672,33,158908
9588,0.001356,172.31.33.0-255,66,96738,33,158908
9589,0.001367,172.31.33.0-255,66,96804,33,158908
9590,0.001383,172.217.160.0-255,766,97570,33,158908
9591,0.001398,172.31.33.0-255,66,97636,33,158908
9592,0.00142,172.217.160.0-255,5738,103374,33,158908
9593,0.001423,172.31.33.0-255,66,103440,33,158908
9594,0.001459,172.31.33.0-255,66,103506,33,158908
9595,0.001555,172.217.160.0-255,1484,104990,33,158908
9596,0.001571,172.217.160.0-255,2902,107892,33,158908
9597,0.001574,172.31.33.0-255,66,107958,33,158908
9598,0.001581,172.217.160.0-255,5738,113696,33,158908
9599,0.001583,172.31.33.0-255,66,113762,33,158908
9600,0.001612,172.217.160.0-255,5738,119500,33,158908
9601,0.001618,172.31.33.0-255,66,119566,33,158908
9602,0.001641,172.217.160.0-255,1484,121050,33,158908
9603,0.001647,172.217.160.0-255,5738,126788,33,158908
9604,0.001649,172.31.33.0-255,66,126854,33,158908
9605,0.001653,172.217.160.0-255,2902,129756,33,158908
9606,0.001655,172.31.33.0-255,66,129822,33,158908
9607,0.001695,172.31.33.0-255,66,129888,33,158908
9608,0.003326,172.217.160.0-255,5738,135626,33,158908
9609,0.003333,172.31.33.0-255,66,135692,33,158908
9610,0.004963,172.217.160.0-255,5738,141430,33,158908
9611,0.004967,172.31.33.0-255,66,141496,33,158908
9612,0.006627,172.217.160.0-255,5738,147234,33,158908
9613,0.006634,172.31.33.0-255,66,147300,33,158908
9614,0.00828,172.217.160.0-255,5738,153038,33,158908
9615,0.008288,172.31.33.0-255,66,153104,33,158908
9616,0.009931,172.217.160.0-255,5738,158842,33,158908
9617,0.009938,172.31.33.0-255,66,158908,33,158908
9618,0.0,172.217.194.0-255,153,153,33,176912
9619,2.1e-05,172.31.33.0-255,66,219,33,176912
9620,2.8e-05,172.217.194.0-255,1484,1703,33,176912
9621,3.3e-05,172.31.33.0-255,66,1769,33,176912
9622,3.8e-05,172.217.194.0-255,2902,4671,33,176912
9623,4.8e-05,172.31.33.0-255,66,4737,33,176912
9624,5.1e-05,172.217.194.0-255,1484,6221,33,176912
9625,5.4e-05,172.31.33.0-255,66,6287,33,176912
9626,7.2e-05,172.217.194.0-255,5738,12025,33,176912
9627,8e-05,172.31.33.0-255,66,12091,33,176912
9628,8.3e-05,172.217.194.0-255,1484,13575,33,176912
9629,8.5e-05,172.31.33.0-255,66,13641,33,176912
9630,0.000119,172.217.194.0-255,556,14197,33,176912
9631,0.000121,172.31.33.0-255,66,14263,33,176912
9632,0.000173,172.217.194.0-255,1484,15747,33,176912
9633,0.000175,172.31.33.0-255,66,15813,33,176912
9634,0.00018,172.217.194.0-255,2902,18715,33,176912
9635,0.000182,172.31.33.0-255,66,18781,33,176912
9636,0.000187,172.217.194.0-255,4320,23101,33,176912
9637,0.000193,172.31.33.0-255,66,23167,33,176912
9638,0.000221,172.217.194.0-255,1484,24651,33,176912
9639,0.000223,172.31.33.0-255,66,24717,33,176912
9640,0.000229,172.217.194.0-255,2902,27619,33,176912
9641,0.00023,172.31.33.0-255,66,27685,33,176912
9642,0.00027,172.31.33.0-255,66,27751,33,176912
9643,0.000282,172.217.194.0-255,2902,30653,33,176912
9644,0.000288,172.31.33.0-255,66,30719,33,176912
9645,0.000322,172.31.33.0-255,66,30785,33,176912
9646,0.000773,172.217.194.0-255,1484,32269,33,176912
9647,0.000778,172.31.33.0-255,66,32335,33,176912
9648,0.000783,172.217.194.0-255,2902,35237,33,176912
9649,0.000786,172.31.33.0-255,66,35303,33,176912
9650,0.000791,172.217.194.0-255,4320,39623,33,176912
9651,0.000798,172.31.33.0-255,66,39689,33,176912
9652,0.000826,172.217.194.0-255,1484,41173,33,176912
9653,0.000835,172.217.194.0-255,7156,48329,33,176912
9654,0.000837,172.31.33.0-255,66,48395,33,176912
9655,0.000867,172.217.194.0-255,6797,55192,33,176912
9656,0.000877,172.31.33.0-255,66,55258,33,176912
9657,0.00088,172.31.33.0-255,66,55324,33,176912
9658,0.000887,172.217.194.0-255,1125,56449,33,176912
9659,0.000961,172.217.194.0-255,1484,57933,33,176912
9660,0.000964,172.31.33.0-255,66,57999,33,176912
9661,0.000969,172.217.194.0-255,2902,60901,33,176912
9662,0.00097,172.31.33.0-255,66,60967,33,176912
9663,0.000974,172.217.194.0-255,1484,62451,33,176912
9664,0.001,172.217.194.0-255,4320,66771,33,176912
9665,0.001002,172.31.33.0-255,66,66837,33,176912
9666,0.001007,172.217.194.0-255,4320,71157,33,176912
9667,0.001009,172.31.33.0-255,66,71223,33,176912
9668,0.001032,172.217.194.0-255,4320,75543,33,176912
9669,0.001038,172.31.33.0-255,66,75609,33,176912
9670,0.001071,172.31.33.0-255,66,75675,33,176912
9671,0.001151,172.217.194.0-255,1484,77159,33,176912
9672,0.001167,172.217.194.0-255,2902,80061,33,176912
9673,0.00117,172.31.33.0-255,66,80127,33,176912
9674,0.001175,172.217.194.0-255,2902,83029,33,176912
9675,0.001177,172.31.33.0-255,66,83095,33,176912
9676,0.001205,172.217.194.0-255,2902,85997,33,176912
9677,0.001206,172.217.194.0-255,1484,87481,33,176912
9678,0.001209,172.217.194.0-255,1484,88965,33,176912
9679,0.001212,172.31.33.0-255,66,89031,33,176912
9680,0.001219,172.31.33.0-255,66,89097,33,176912
9681,0.001229,172.217.194.0-255,7156,96253,33,176912
9682,0.001231,172.31.33.0-255,66,96319,33,176912
9683,0.00125,172.217.194.0-255,1484,97803,33,176912
9684,0.001284,172.31.33.0-255,66,97869,33,176912
9685,0.001376,172.217.194.0-255,1484,99353,33,176912
9686,0.001381,172.217.194.0-255,2902,102255,33,176912
9687,0.001383,172.31.33.0-255,66,102321,33,176912
9688,0.001412,172.217.194.0-255,5738,108059,33,176912
9689,0.001415,172.31.33.0-255,66,108125,33,176912
9690,0.001418,172.217.194.0-255,1484,109609,33,176912
9691,0.001431,172.31.33.0-255,66,109675,33,176912
9692,0.001464,172.217.194.0-255,5738,115413,33,176912
9693,0.001466,172.31.33.0-255,66,115479,33,176912
9694,0.001489,172.31.33.0-255,66,115545,33,176912
9695,0.001496,172.217.194.0-255,5738,121283,33,176912
9696,0.001497,172.31.33.0-255,66,121349,33,176912
9697,0.001534,172.217.194.0-255,2902,124251,33,176912
9698,0.001548,172.31.33.0-255,66,124317,33,176912
9699,0.001584,172.31.33.0-255,66,124383,33,176912
9700,0.001594,172.217.194.0-255,5020,129403,33,176912
9701,0.001603,172.217.194.0-255,5738,135141,33,176912
9702,0.001634,172.217.194.0-255,1484,136625,33,176912
9703,0.001662,172.31.33.0-255,66,136691,33,176912
9704,0.001667,172.31.33.0-255,66,136757,33,176912
9705,0.001718,172.31.33.0-255,66,136823,33,176912
9706,0.00175,172.217.194.0-255,1484,138307,33,176912
9707,0.001755,172.217.194.0-255,2902,141209,33,176912
9708,0.001764,172.31.33.0-255,66,141275,33,176912
9709,0.00179,172.217.194.0-255,5738,147013,33,176912
9710,0.001798,172.31.33.0-255,66,147079,33,176912
9711,0.001815,172.217.194.0-255,4320,151399,33,176912
9712,0.001831,172.31.33.0-255,66,151465,33,176912
9713,0.001847,172.217.194.0-255,5738,157203,33,176912
9714,0.001855,172.31.33.0-255,66,157269,33,176912
9715,0.001885,172.31.33.0-255,66,157335,33,176912
9716,0.001913,172.31.33.0-255,66,157401,33,176912
9717,0.001946,172.217.194.0-255,2184,159585,33,176912
9718,0.001967,172.31.33.0-255,66,159651,33,176912
9719,0.001978,172.217.194.0-255,2902,162553,33,176912
9720,0.001993,172.31.33.0-255,66,162619,33,176912
9721,0.002023,172.31.33.0-255,66,162685,33,176912
9722,0.002029,172.217.194.0-255,2902,165587,33,176912
9723,0.002059,172.31.33.0-255,66,165653,33,176912
9724,0.002075,172.217.194.0-255,3602,169255,33,176912
9725,0.002096,172.217.194.0-255,1484,170739,33,176912
9726,0.002099,172.217.194.0-255,1484,172223,33,176912
9727,0.00211,172.31.33.0-255,66,172289,33,176912
9728,0.002157,172.31.33.0-255,66,172355,33,176912
9729,0.002181,172.217.194.0-255,4320,176675,33,176912
9730,0.002194,172.31.33.0-255,66,176741,33,176912
9731,0.002229,172.217.194.0-255,105,176846,33,176912
9732,0.002232,172.31.33.0-255,66,176912,33,176912
9733,0.0,74.125.200.0-255,153,153,33,251738
9734,2.1e-05,172.31.33.0-255,66,219,33,251738
9735,2.7e-05,74.125.200.0-255,1484,1703,33,251738
9736,3e-05,172.31.33.0-255,66,1769,33,251738
9737,4.6e-05,74.125.200.0-255,2902,4671,33,251738
9738,4.8e-05,172.31.33.0-255,66,4737,33,251738
9739,6.3e-05,74.125.200.0-255,5738,10475,33,251738
9740,6.5e-05,172.31.33.0-255,66,10541,33,251738
9741,8e-05,74.125.200.0-255,3448,13989,33,251738
9742,8.2e-05,172.31.33.0-255,66,14055,33,251738
9743,0.000237,74.125.200.0-255,1484,15539,33,251738
9744,0.000241,172.31.33.0-255,66,15605,33,251738
9745,0.000259,74.125.200.0-255,2902,18507,33,251738
9746,0.000261,172.31.33.0-255,66,18573,33,251738
9747,0.000267,74.125.200.0-255,5738,24311,33,251738
9748,0.00027,172.31.33.0-255,66,24377,33,251738
9749,0.000285,74.125.200.0-255,1484,25861,33,251738
9750,0.000288,172.31.33.0-255,66,25927,33,251738
9751,0.000293,74.125.200.0-255,2902,28829,33,251738
9752,0.000295,172.31.33.0-255,66,28895,33,251738
9753,0.000321,74.125.200.0-255,2902,31797,33,251738
9754,0.000324,172.31.33.0-255,66,31863,33,251738
9755,0.000337,74.125.200.0-255,3961,35824,33,251738
9756,0.00034,74.125.200.0-255,2902,38726,33,251738
9757,0.000342,172.31.33.0-255,66,38792,33,251738
9758,0.000344,172.31.33.0-255,66,38858,33,251738
9759,0.00036,74.125.200.0-255,1484,40342,33,251738
9760,0.000362,172.31.33.0-255,66,40408,33,251738
9761,0.000386,172.31.33.0-255,66,40474,33,251738
9762,0.00039,74.125.200.0-255,2902,43376,33,251738
9763,0.000391,172.31.33.0-255,66,43442,33,251738
9764,0.000396,74.125.200.0-255,4320,47762,33,251738
9765,0.000398,172.31.33.0-255,66,47828,33,251738
9766,0.000435,74.125.200.0-255,1484,49312,33,251738
9767,0.000454,74.125.200.0-255,6438,55750,33,251738
9768,0.000457,172.31.33.0-255,66,55816,33,251738
9769,0.000459,74.125.200.0-255,424,56240,33,251738
9770,0.000511,74.125.200.0-255,350,56590,33,251738
9771,0.000699,172.31.33.0-255,66,56656,33,251738
9772,0.000725,74.125.200.0-255,1484,58140,33,251738
9773,0.000739,74.125.200.0-255,1484,59624,33,251738
9774,0.000741,172.31.33.0-255,66,59690,33,251738
9775,0.000745,74.125.200.0-255,2902,62592,33,251738
9776,0.000747,172.31.33.0-255,66,62658,33,251738
9777,0.00078,74.125.200.0-255,5738,68396,33,251738
9778,0.000783,172.31.33.0-255,66,68462,33,251738
9779,0.000803,172.31.33.0-255,66,68528,33,251738
9780,0.000832,172.31.33.0-255,66,68594,33,251738
9781,0.000835,74.125.200.0-255,1484,70078,33,251738
9782,0.00085,74.125.200.0-255,2184,72262,33,251738
9783,0.000852,172.31.33.0-255,66,72328,33,251738
9784,0.001096,74.125.200.0-255,1484,73812,33,251738
9785,0.001104,74.125.200.0-255,2902,76714,33,251738
9786,0.001108,172.31.33.0-255,66,76780,33,251738
9787,0.001141,74.125.200.0-255,4320,81100,33,251738
9788,0.001143,172.31.33.0-255,66,81166,33,251738
9789,0.001165,74.125.200.0-255,5738,86904,33,251738
9790,0.001167,172.31.33.0-255,66,86970,33,251738
9791,0.001186,74.125.200.0-255,2902,89872,33,251738
9792,0.001189,172.31.33.0-255,66,89938,33,251738
9793,0.001214,172.31.33.0-255,66,90004,33,251738
9794,0.001218,74.125.200.0-255,2902,92906,33,251738
9795,0.00122,172.31.33.0-255,66,92972,33,251738
9796,0.001225,74.125.200.0-255,4320,97292,33,251738
9797,0.001226,172.31.33.0-255,66,97358,33,251738
9798,0.001229,74.125.200.0-255,766,98124,33,251738
9799,0.001374,74.125.200.0-255,1484,99608,33,251738
9800,0.001378,172.31.33.0-255,66,99674,33,251738
9801,0.001383,74.125.200.0-255,2902,102576,33,251738
9802,0.001385,172.31.33.0-255,66,102642,33,251738
9803,0.001395,74.125.200.0-255,1484,104126,33,251738
9804,0.001398,74.125.200.0-255,1484,105610,33,251738
9805,0.0014,172.31.33.0-255,66,105676,33,251738
9806,0.001413,74.125.200.0-255,1484,107160,33,251738
9807,0.001418,74.125.200.0-255,4320,111480,33,251738
9808,0.00142,172.31.33.0-255,66,111546,33,251738
9809,0.001438,74.125.200.0-255,1484,113030,33,251738
9810,0.001459,74.125.200.0-255,1484,114514,33,251738
9811,0.001461,172.31.33.0-255,66,114580,33,251738
9812,0.00149,172.31.33.0-255,66,114646,33,251738
9813,0.00151,74.125.200.0-255,6438,121084,33,251738
9814,0.001513,172.31.33.0-255,66,121150,33,251738
9815,0.001612,74.125.200.0-255,1484,122634,33,251738
9816,0.001646,74.125.200.0-255,1484,124118,33,251738
9817,0.001649,172.31.33.0-255,66,124184,33,251738
9818,0.001664,74.125.200.0-255,1484,125668,33,251738
9819,0.001668,74.125.200.0-255,4320,129988,33,251738
9820,0.00167,172.31.33.0-255,66,130054,33,251738
9821,0.001683,74.125.200.0-255,2902,132956,33,251738
9822,0.001685,172.31.33.0-255,66,133022,33,251738
9823,0.001709,74.125.200.0-255,5738,138760,33,251738
9824,0.001711,172.31.33.0-255,66,138826,33,251738
9825,0.001717,74.125.200.0-255,7156,145982,33,251738
9826,0.001719,172.31.33.0-255,66,146048,33,251738
9827,0.001728,172.31.33.0-255,66,146114,33,251738
9828,0.00173,74.125.200.0-255,766,146880,33,251738
9829,0.001957,74.125.200.0-255,1484,148364,33,251738
9830,0.001959,172.31.33.0-255,66,148430,33,251738
9831,0.002006,74.125.200.0-255,2902,151332,33,251738
9832,0.002008,172.31.33.0-255,66,151398,33,251738
9833,0.002026,74.125.200.0-255,4320,155718,33,251738
9834,0.002028,172.31.33.0-255,66,155784,33,251738
9835,0.002043,74.125.200.0-255,1484,157268,33,251738
9836,0.002062,74.125.200.0-255,7156,164424,33,251738
9837,0.002064,172.31.33.0-255,66,164490,33,251738
9838,0.002066,74.125.200.0-255,1484,165974,33,251738
9839,0.00208,74.125.200.0-255,2902,168876,33,251738
9840,0.002083,172.31.33.0-255,66,168942,33,251738
9841,0.002097,74.125.200.0-255,1484,170426,33,251738
9842,0.002114,74.125.200.0-255,4320,174746,33,251738
9843,0.002116,172.31.33.0-255,66,174812,33,251738
9844,0.002126,74.125.200.0-255,1484,176296,33,251738
9845,0.002139,74.125.200.0-255,1484,177780,33,251738
9846,0.00214,172.31.33.0-255,66,177846,33,251738
9847,0.002153,74.125.200.0-255,1484,179330,33,251738
9848,0.002174,74.125.200.0-255,2184,181514,33,251738
9849,0.002176,172.31.33.0-255,66,181580,33,251738
9850,0.002282,74.125.200.0-255,1484,183064,33,251738
9851,0.002302,74.125.200.0-255,1484,184548,33,251738
9852,0.002303,172.31.33.0-255,66,184614,33,251738
9853,0.002318,74.125.200.0-255,1484,186098,33,251738
9854,0.002322,74.125.200.0-255,2902,189000,33,251738
9855,0.002323,172.31.33.0-255,66,189066,33,251738
9856,0.002327,74.125.200.0-255,4320,193386,33,251738
9857,0.002332,172.31.33.0-255,66,193452,33,251738
9858,0.002349,74.125.200.0-255,4320,197772,33,251738
9859,0.00235,172.31.33.0-255,66,197838,33,251738
9860,0.002377,74.125.200.0-255,4320,202158,33,251738
9861,0.002379,172.31.33.0-255,66,202224,33,251738
9862,0.002385,74.125.200.0-255,7156,209380,33,251738
9863,0.002387,172.31.33.0-255,66,209446,33,251738
9864,0.002431,74.125.200.0-255,6438,215884,33,251738
9865,0.002433,172.31.33.0-255,66,215950,33,251738
9866,0.002463,74.125.200.0-255,1484,217434,33,251738
9867,0.002472,74.125.200.0-255,2902,220336,33,251738
9868,0.002474,172.31.33.0-255,66,220402,33,251738
9869,0.002492,74.125.200.0-255,5738,226140,33,251738
9870,0.002494,172.31.33.0-255,66,226206,33,251738
9871,0.002546,172.31.33.0-255,66,226272,33,251738
9872,0.002551,74.125.200.0-255,4320,230592,33,251738
9873,0.002553,172.31.33.0-255,66,230658,33,251738
9874,0.002566,74.125.200.0-255,7156,237814,33,251738
9875,0.002569,172.31.33.0-255,66,237880,33,251738
9876,0.002581,74.125.200.0-255,2184,240064,33,251738
9877,0.002582,172.31.33.0-255,66,240130,33,251738
9878,0.005136,74.125.200.0-255,5738,245868,33,251738
9879,0.005162,172.31.33.0-255,66,245934,33,251738
9880,0.007724,74.125.200.0-255,5738,251672,33,251738
9881,0.007739,172.31.33.0-255,66,251738,33,251738
9882,0.0,172.217.194.0-255,160,160,33,171725
9883,2.3e-05,172.31.33.0-255,66,226,33,171725
9884,3e-05,172.217.194.0-255,1484,1710,33,171725
9885,3.4e-05,172.31.33.0-255,66,1776,33,171725
9886,3.9e-05,172.217.194.0-255,2902,4678,33,171725
9887,4.2e-05,172.31.33.0-255,66,4744,33,171725
9888,5.5e-05,172.217.194.0-255,5738,10482,33,171725
9889,5.9e-05,172.31.33.0-255,66,10548,33,171725
9890,8.1e-05,172.217.194.0-255,2902,13450,33,171725
9891,8.7e-05,172.31.33.0-255,66,13516,33,171725
9892,0.000118,172.217.194.0-255,6264,19780,33,171725
9893,0.000122,172.31.33.0-255,66,19846,33,171725
9894,0.000134,172.31.33.0-255,66,19912,33,171725
9895,0.000144,172.217.194.0-255,1125,21037,33,171725
9896,0.000146,172.31.33.0-255,66,21103,33,171725
9897,0.000238,172.217.194.0-255,1484,22587,33,171725
9898,0.000242,172.31.33.0-255,66,22653,33,171725
9899,0.000246,172.217.194.0-255,2902,25555,33,171725
9900,0.000249,172.31.33.0-255,66,25621,33,171725
9901,0.00028,172.217.194.0-255,5738,31359,33,171725
9902,0.000283,172.31.33.0-255,66,31425,33,171725
9903,0.000311,172.217.194.0-255,1484,32909,33,171725
9904,0.000313,172.31.33.0-255,66,32975,33,171725
9905,0.000344,172.217.194.0-255,2902,35877,33,171725
9906,0.000346,172.31.33.0-255,66,35943,33,171725
9907,0.000353,172.217.194.0-255,5738,41681,33,171725
9908,0.000356,172.31.33.0-255,66,41747,33,171725
9909,0.00036,172.217.194.0-255,2902,44649,33,171725
9910,0.000363,172.31.33.0-255,66,44715,33,171725
9911,0.000368,172.217.194.0-255,4320,49035,33,171725
9912,0.000371,172.31.33.0-255,66,49101,33,171725
9913,0.000397,172.217.194.0-255,4320,53421,33,171725
9914,0.000399,172.31.33.0-255,66,53487,33,171725
9915,0.000419,172.217.194.0-255,2496,55983,33,171725
9916,0.000421,172.31.33.0-255,66,56049,33,171725
9917,0.000569,172.217.194.0-255,365,56414,33,171725
9918,0.000737,172.217.194.0-255,1484,57898,33,171725
9919,0.000742,172.31.33.0-255,66,57964,33,171725
9920,0.000773,172.217.194.0-255,2902,60866,33,171725
9921,0.000777,172.31.33.0-255,66,60932,33,171725
9922,0.00078,172.217.194.0-255,1484,62416,33,171725
9923,0.0008,172.217.194.0-255,4320,66736,33,171725
9924,0.000803,172.31.33.0-255,66,66802,33,171725
9925,0.000808,172.217.194.0-255,2902,69704,33,171725
9926,0.00081,172.31.33.0-255,66,69770,33,171725
9927,0.000842,172.217.194.0-255,4320,74090,33,171725
9928,0.000845,172.31.33.0-255,66,74156,33,171725
9929,0.000891,172.31.33.0-255,66,74222,33,171725
9930,0.000915,172.217.194.0-255,2902,77124,33,171725
9931,0.000918,172.31.33.0-255,66,77190,33,171725
9932,0.000921,172.217.194.0-255,2184,79374,33,171725
9933,0.000923,172.31.33.0-255,66,79440,33,171725
9934,0.001582,172.217.194.0-255,1484,80924,33,171725
9935,0.001603,172.217.194.0-255,2902,83826,33,171725
9936,0.001607,172.31.33.0-255,66,83892,33,171725
9937,0.001614,172.217.194.0-255,5738,89630,33,171725
9938,0.001616,172.31.33.0-255,66,89696,33,171725
9939,0.001632,172.31.33.0-255,66,89762,33,171725
9940,0.001636,172.217.194.0-255,1484,91246,33,171725
9941,0.001684,172.31.33.0-255,66,91312,33,171725
9942,0.001689,172.217.194.0-255,2184,93496,33,171725
9943,0.00169,172.31.33.0-255,66,93562,33,171725
9944,0.00202,172.217.194.0-255,1484,95046,33,171725
9945,0.002028,172.217.194.0-255,1484,96530,33,171725
9946,0.002031,172.31.33.0-255,66,96596,33,171725
9947,0.002064,172.217.194.0-255,1484,98080,33,171725
9948,0.002071,172.217.194.0-255,5738,103818,33,171725
9949,0.002073,172.31.33.0-255,66,103884,33,171725
9950,0.00208,172.217.194.0-255,5738,109622,33,171725
9951,0.002082,172.31.33.0-255,66,109688,33,171725
9952,0.002085,172.217.194.0-255,1484,111172,33,171725
9953,0.002106,172.217.194.0-255,5738,116910,33,171725
9954,0.002108,172.31.33.0-255,66,116976,33,171725
9955,0.002111,172.217.194.0-255,1484,118460,33,171725
9956,0.002141,172.31.33.0-255,66,118526,33,171725
9957,0.002175,172.217.194.0-255,2902,121428,33,171725
9958,0.002177,172.31.33.0-255,66,121494,33,171725
9959,0.002213,172.31.33.0-255,66,121560,33,171725
9960,0.002239,172.217.194.0-255,2184,123744,33,171725
9961,0.002241,172.31.33.0-255,66,123810,33,171725
9962,0.002252,172.31.33.0-255,66,123876,33,171725
9963,0.002295,172.31.33.0-255,66,123942,33,171725
9964,0.002613,172.217.194.0-255,1484,125426,33,171725
9965,0.002621,172.217.194.0-255,1484,126910,33,171725
9966,0.002625,172.31.33.0-255,66,126976,33,171725
9967,0.002639,172.217.194.0-255,1484,128460,33,171725
9968,0.002654,172.217.194.0-255,5738,134198,33,171725
9969,0.002656,172.31.33.0-255,66,134264,33,171725
9970,0.002694,172.31.33.0-255,66,134330,33,171725
9971,0.002726,172.217.194.0-255,2902,137232,33,171725
9972,0.002729,172.31.33.0-255,66,137298,33,171725
9973,0.002764,172.31.33.0-255,66,137364,33,171725
9974,0.002972,172.217.194.0-255,1484,138848,33,171725
9975,0.003,172.217.194.0-255,1484,140332,33,171725
9976,0.003004,172.31.33.0-255,66,140398,33,171725
9977,0.003026,172.217.194.0-255,1484,141882,33,171725
9978,0.003047,172.217.194.0-255,2902,144784,33,171725
9979,0.00305,172.31.33.0-255,66,144850,33,171725
9980,0.003056,172.217.194.0-255,5738,150588,33,171725
9981,0.003059,172.31.33.0-255,66,150654,33,171725
9982,0.003093,172.217.194.0-255,5738,156392,33,171725
9983,0.003095,172.31.33.0-255,66,156458,33,171725
9984,0.003125,172.217.194.0-255,5738,162196,33,171725
9985,0.003128,172.31.33.0-255,66,162262,33,171725
9986,0.003131,172.217.194.0-255,1484,163746,33,171725
9987,0.003165,172.31.33.0-255,66,163812,33,171725
9988,0.003177,172.31.33.0-255,66,163878,33,171725
9989,0.003252,172.31.33.0-255,66,163944,33,171725
9990,0.003274,172.31.33.0-255,66,164010,33,171725
9991,0.003302,172.217.194.0-255,2902,166912,33,171725
9992,0.003304,172.31.33.0-255,66,166978,33,171725
9993,0.003315,172.31.33.0-255,66,167044,33,171725
9994,0.003338,172.31.33.0-255,66,167110,33,171725
9995,0.003377,172.31.33.0-255,66,167176,33,171725
9996,0.003394,172.31.33.0-255,66,167242,33,171725
9997,0.003439,172.31.33.0-255,66,167308,33,171725
9998,0.003444,172.217.194.0-255,4246,171554,33,171725
9999,0.003446,172.31.33.0-255,66,171620,33,171725
10000,0.003455,172.217.194.0-255,105,171725,33,171725
10001,0.0,172.31.33.0-255,105,105,33,105
10002,0.0,172.217.194.0-255,153,153,33,126253
10003,1.8e-05,172.31.33.0-255,66,219,33,126253
10004,2.5e-05,172.217.194.0-255,1484,1703,33,126253
10005,3e-05,172.31.33.0-255,66,1769,33,126253
10006,3.5e-05,172.217.194.0-255,2902,4671,33,126253
10007,3.8e-05,172.31.33.0-255,66,4737,33,126253
10008,4.5e-05,172.217.194.0-255,5738,10475,33,126253
10009,4.8e-05,172.31.33.0-255,66,10541,33,126253
10010,6.9e-05,172.217.194.0-255,1484,12025,33,126253
10011,7.1e-05,172.31.33.0-255,66,12091,33,126253
10012,7.6e-05,172.217.194.0-255,2091,14182,33,126253
10013,7.8e-05,172.31.33.0-255,66,14248,33,126253
10014,0.000103,172.217.194.0-255,2902,17150,33,126253
10015,0.000106,172.31.33.0-255,66,17216,33,126253
10016,0.000112,172.217.194.0-255,5738,22954,33,126253
10017,0.000114,172.31.33.0-255,66,23020,33,126253
10018,0.000128,172.217.194.0-255,1484,24504,33,126253
10019,0.00013,172.31.33.0-255,66,24570,33,126253
10020,0.000136,172.217.194.0-255,5738,30308,33,126253
10021,0.000138,172.31.33.0-255,66,30374,33,126253
10022,0.000163,172.217.194.0-255,1125,31499,33,126253
10023,0.000165,172.31.33.0-255,66,31565,33,126253
10024,0.000191,172.217.194.0-255,1484,33049,33,126253
10025,0.000193,172.31.33.0-255,66,33115,33,126253
10026,0.000196,172.217.194.0-255,1484,34599,33,126253
10027,0.000198,172.31.33.0-255,66,34665,33,126253
10028,0.000212,172.217.194.0-255,2902,37567,33,126253
10029,0.000214,172.31.33.0-255,66,37633,33,126253
10030,0.000236,172.31.33.0-255,66,37699,33,126253
10031,0.000273,172.31.33.0-255,66,37765,33,126253
10032,0.000276,172.217.194.0-255,1403,39168,33,126253
10033,0.000436,172.217.194.0-255,115,39283,33,126253
10034,0.000866,172.31.33.0-255,66,39349,33,126253
10035,0.000903,172.217.194.0-255,382,39731,33,126253
10036,0.000936,172.31.33.0-255,66,39797,33,126253
10037,0.001253,172.217.194.0-255,1484,41281,33,126253
10038,0.001263,172.217.194.0-255,2902,44183,33,126253
10039,0.001267,172.31.33.0-255,66,44249,33,126253
10040,0.001276,172.217.194.0-255,5738,49987,33,126253
10041,0.001278,172.31.33.0-255,66,50053,33,126253
10042,0.00133,172.31.33.0-255,66,50119,33,126253
10043,0.001333,172.217.194.0-255,1484,51603,33,126253
10044,0.001369,172.31.33.0-255,66,51669,33,126253
10045,0.00193,172.217.194.0-255,1484,53153,33,126253
10046,0.001939,172.217.194.0-255,2902,56055,33,126253
10047,0.001943,172.31.33.0-255,66,56121,33,126253
10048,0.001951,172.217.194.0-255,5738,61859,33,126253
10049,0.001953,172.31.33.0-255,66,61925,33,126253
10050,0.001998,172.217.194.0-255,1484,63409,33,126253
10051,0.002025,172.217.194.0-255,4320,67729,33,126253
10052,0.002047,172.217.194.0-255,6438,74167,33,126253
10053,0.002338,172.217.194.0-255,1484,75651,33,126253
10054,0.00235,172.217.194.0-255,2902,78553,33,126253
10055,0.002372,172.217.194.0-255,5738,84291,33,126253
10056,0.002377,172.217.194.0-255,2902,87193,33,126253
10057,0.002421,172.217.194.0-255,5738,92931,33,126253
10058,0.002436,172.217.194.0-255,5020,97951,33,126253
10059,0.002478,172.217.194.0-255,1484,99435,33,126253
10060,0.002482,172.217.194.0-255,2902,102337,33,126253
10061,0.002493,172.217.194.0-255,1484,103821,33,126253
10062,0.002516,172.217.194.0-255,4320,108141,33,126253
10063,0.002524,172.217.194.0-255,7156,115297,33,126253
10064,0.00257,172.217.194.0-255,2902,118199,33,126253
10065,0.002574,172.217.194.0-255,2184,120383,33,126253
10066,0.007018,172.31.33.0-255,66,120449,33,126253
10067,0.009593,172.217.194.0-255,5738,126187,33,126253
10068,0.009602,172.31.33.0-255,66,126253,33,126253
10069,0.0,172.31.33.0-255,105,105,33,459
10070,0.000222,172.31.33.0-255,90,195,33,459
10071,0.000234,172.31.33.0-255,66,261,33,459
10072,0.002497,74.125.130.0-255,66,327,33,459
10073,0.002513,74.125.130.0-255,66,393,33,459
10074,0.002525,172.31.33.0-255,66,459,33,459
10075,0.0,172.217.27.0-255,153,153,33,185021
10076,2.3e-05,172.31.33.0-255,66,219,33,185021
10077,3.1e-05,172.217.27.0-255,1484,1703,33,185021
10078,3.6e-05,172.31.33.0-255,66,1769,33,185021
10079,4.8e-05,172.217.27.0-255,2902,4671,33,185021
10080,5.2e-05,172.31.33.0-255,66,4737,33,185021
10081,7.3e-05,172.217.27.0-255,5738,10475,33,185021
10082,8e-05,172.31.33.0-255,66,10541,33,185021
10083,0.000148,172.217.27.0-255,3521,14062,33,185021
10084,0.000151,172.31.33.0-255,66,14128,33,185021
10085,0.000198,172.217.27.0-255,4320,18448,33,185021
10086,0.000201,172.31.33.0-255,66,18514,33,185021
10087,0.00027,172.217.27.0-255,5738,24252,33,185021
10088,0.000274,172.31.33.0-255,66,24318,33,185021
10089,0.000347,172.217.27.0-255,6797,31115,33,185021
10090,0.000351,172.31.33.0-255,66,31181,33,185021
10091,0.000441,172.217.27.0-255,2902,34083,33,185021
10092,0.000444,172.31.33.0-255,66,34149,33,185021
10093,0.000496,172.217.27.0-255,5738,39887,33,185021
10094,0.0005,172.31.33.0-255,66,39953,33,185021
10095,0.000529,172.217.27.0-255,5738,45691,33,185021
10096,0.000532,172.31.33.0-255,66,45757,33,185021
10097,0.000648,172.217.27.0-255,2543,48300,33,185021
10098,0.000652,172.31.33.0-255,66,48366,33,185021
10099,0.000691,172.31.33.0-255,66,48432,33,185021
10100,0.000727,172.31.33.0-255,66,48498,33,185021
10101,0.000905,172.217.27.0-255,355,48853,33,185021
10102,0.00091,172.31.33.0-255,66,48919,33,185021
10103,0.000921,172.217.27.0-255,388,49307,33,185021
10104,0.000928,172.31.33.0-255,66,49373,33,185021
10105,0.000986,172.217.27.0-255,1484,50857,33,185021
10106,0.001,172.217.27.0-255,1484,52341,33,185021
10107,0.001005,172.217.27.0-255,2902,55243,33,185021
10108,0.001012,172.31.33.0-255,66,55309,33,185021
10109,0.001031,172.217.27.0-255,4320,59629,33,185021
10110,0.001047,172.31.33.0-255,66,59695,33,185021
10111,0.00108,172.217.27.0-255,4320,64015,33,185021
10112,0.001094,172.217.27.0-255,2543,66558,33,185021
10113,0.001097,172.31.33.0-255,66,66624,33,185021
10114,0.001102,172.31.33.0-255,66,66690,33,185021
10115,0.001182,172.217.27.0-255,2902,69592,33,185021
10116,0.001186,172.31.33.0-255,66,69658,33,185021
10117,0.001205,172.217.27.0-255,4320,73978,33,185021
10118,0.001214,172.31.33.0-255,66,74044,33,185021
10119,0.001289,172.217.27.0-255,5738,79782,33,185021
10120,0.001304,172.217.27.0-255,3961,83743,33,185021
10121,0.001311,172.31.33.0-255,66,83809,33,185021
10122,0.002323,172.217.27.0-255,1484,85293,33,185021
10123,0.002333,172.217.27.0-255,2902,88195,33,185021
10124,0.002337,172.31.33.0-255,66,88261,33,185021
10125,0.002373,172.217.27.0-255,5738,93999,33,185021
10126,0.002447,172.217.27.0-255,2902,96901,33,185021
10127,0.002483,172.217.27.0-255,1484,98385,33,185021
10128,0.002505,172.217.27.0-255,2902,101287,33,185021
10129,0.002524,172.217.27.0-255,7156,108443,33,185021
10130,0.00254,172.217.27.0-255,2902,111345,33,185021
10131,0.002688,172.217.27.0-255,1484,112829,33,185021
10132,0.002701,172.217.27.0-255,5020,117849,33,185021
10133,0.00279,172.217.27.0-255,4320,122169,33,185021
10134,0.002845,172.217.27.0-255,2902,125071,33,185021
10135,0.003043,172.217.27.0-255,5738,130809,33,185021
10136,0.003132,172.217.27.0-255,1484,132293,33,185021
10137,0.003151,172.217.27.0-255,1484,133777,33,185021
10138,0.003168,172.217.27.0-255,4320,138097,33,185021
10139,0.003187,172.217.27.0-255,6438,144535,33,185021
10140,0.003313,172.217.27.0-255,2902,147437,33,185021
10141,0.003323,172.217.27.0-255,1484,148921,33,185021
10142,0.003385,172.217.27.0-255,4320,153241,33,185021
10143,0.003614,172.217.27.0-255,5738,158979,33,185021
10144,0.003633,172.217.27.0-255,5020,163999,33,185021
10145,0.003768,172.217.27.0-255,4320,168319,33,185021
10146,0.004052,172.217.27.0-255,7156,175475,33,185021
10147,0.00566,172.217.27.0-255,5738,181213,33,185021
10148,0.006573,172.217.27.0-255,3808,185021,33,185021
10149,0.0,74.125.24.0-255,153,153,33,120529
10150,2e-05,172.31.33.0-255,66,219,33,120529
10151,2.6e-05,74.125.24.0-255,1484,1703,33,120529
10152,3.1e-05,172.31.33.0-255,66,1769,33,120529
10153,3.7e-05,74.125.24.0-255,2902,4671,33,120529
10154,4.7e-05,172.31.33.0-255,66,4737,33,120529
10155,6.3e-05,74.125.24.0-255,2902,7639,33,120529
10156,6.5e-05,172.31.33.0-255,66,7705,33,120529
10157,0.000106,172.31.33.0-255,66,7771,33,120529
10158,0.000222,172.31.33.0-255,66,7837,33,120529
10159,0.000367,74.125.24.0-255,5738,13575,33,120529
10160,0.000371,172.31.33.0-255,66,13641,33,120529
10161,0.000389,74.125.24.0-255,7156,20797,33,120529
10162,0.000391,172.31.33.0-255,66,20863,33,120529
10163,0.000548,74.125.24.0-255,4320,25183,33,120529
10164,0.000552,172.31.33.0-255,66,25249,33,120529
10165,0.000591,172.31.33.0-255,66,25315,33,120529
10166,0.000763,74.125.24.0-255,348,25663,33,120529
10167,0.000766,172.31.33.0-255,66,25729,33,120529
10168,0.00079,74.125.24.0-255,4320,30049,33,120529
10169,0.000792,172.31.33.0-255,66,30115,33,120529
10170,0.000829,172.31.33.0-255,66,30181,33,120529
10171,0.001005,74.125.24.0-255,1484,31665,33,120529
10172,0.001008,172.31.33.0-255,66,31731,33,120529
10173,0.001013,74.125.24.0-255,1484,33215,33,120529
10174,0.001014,172.31.33.0-255,66,33281,33,120529
10175,0.001031,74.125.24.0-255,1484,34765,33,120529
10176,0.001033,172.31.33.0-255,66,34831,33,120529
10177,0.001039,74.125.24.0-255,1484,36315,33,120529
10178,0.001062,74.125.24.0-255,1484,37799,33,120529
10179,0.001075,172.31.33.0-255,66,37865,33,120529
10180,0.001086,74.125.24.0-255,5738,43603,33,120529
10181,0.001094,172.31.33.0-255,66,43669,33,120529
10182,0.001101,74.125.24.0-255,1484,45153,33,120529
10183,0.001171,74.125.24.0-255,4320,49473,33,120529
10184,0.001175,172.31.33.0-255,66,49539,33,120529
10185,0.001215,172.31.33.0-255,66,49605,33,120529
10186,0.001322,74.125.24.0-255,4320,53925,33,120529
10187,0.001325,172.31.33.0-255,66,53991,33,120529
10188,0.001348,74.125.24.0-255,2184,56175,33,120529
10189,0.00135,172.31.33.0-255,66,56241,33,120529
10190,0.001436,74.125.24.0-255,1484,57725,33,120529
10191,0.00144,74.125.24.0-255,1484,59209,33,120529
10192,0.00145,172.31.33.0-255,66,59275,33,120529
10193,0.001453,74.125.24.0-255,1484,60759,33,120529
10194,0.001479,74.125.24.0-255,5738,66497,33,120529
10195,0.001494,172.31.33.0-255,66,66563,33,120529
10196,0.001546,74.125.24.0-255,4320,70883,33,120529
10197,0.001549,172.31.33.0-255,66,70949,33,120529
10198,0.00157,172.31.33.0-255,66,71015,33,120529
10199,0.001702,74.125.24.0-255,4320,75335,33,120529
10200,0.001706,172.31.33.0-255,66,75401,33,120529
10201,0.001761,74.125.24.0-255,2902,78303,33,120529
10202,0.001764,172.31.33.0-255,66,78369,33,120529
10203,0.001788,74.125.24.0-255,3602,81971,33,120529
10204,0.00179,172.31.33.0-255,66,82037,33,120529
10205,0.001947,74.125.24.0-255,1484,83521,33,120529
10206,0.001955,74.125.24.0-255,2902,86423,33,120529
10207,0.001959,172.31.33.0-255,66,86489,33,120529
10208,0.001993,74.125.24.0-255,5738,92227,33,120529
10209,0.001996,172.31.33.0-255,66,92293,33,120529
10210,0.002051,74.125.24.0-255,4320,96613,33,120529
10211,0.002054,172.31.33.0-255,66,96679,33,120529
10212,0.002089,172.31.33.0-255,66,96745,33,120529
10213,0.002225,74.125.24.0-255,7156,103901,33,120529
10214,0.002298,74.125.24.0-255,3602,107503,33,120529
10215,0.002369,74.125.24.0-255,4320,111823,33,120529
10216,0.003024,74.125.24.0-255,1484,113307,33,120529
10217,0.003041,74.125.24.0-255,7156,120463,33,120529
10218,0.008178,172.31.33.0-255,66,120529,33,120529
10219,0.0,172.217.194.0-255,153,153,33,111500
10220,2.7e-05,172.31.33.0-255,66,219,33,111500
10221,3.3e-05,172.217.194.0-255,1484,1703,33,111500
10222,3.6e-05,172.31.33.0-255,66,1769,33,111500
10223,4.1e-05,172.217.194.0-255,2902,4671,33,111500
10224,4.5e-05,172.31.33.0-255,66,4737,33,111500
10225,5.7e-05,172.217.194.0-255,5738,10475,33,111500
10226,6e-05,172.31.33.0-255,66,10541,33,111500
10227,9.8e-05,172.31.33.0-255,66,10607,33,111500
10228,0.000103,172.217.194.0-255,4320,14927,33,111500
10229,0.000105,172.31.33.0-255,66,14993,33,111500
10230,0.00013,172.217.194.0-255,5379,20372,33,111500
10231,0.000133,172.31.33.0-255,66,20438,33,111500
10232,0.000491,172.217.194.0-255,1484,21922,33,111500
10233,0.000496,172.31.33.0-255,66,21988,33,111500
10234,0.000503,172.217.194.0-255,2902,24890,33,111500
10235,0.000505,172.31.33.0-255,66,24956,33,111500
10236,0.000508,172.217.194.0-255,1484,26440,33,111500
10237,0.000515,172.31.33.0-255,66,26506,33,111500
10238,0.000541,172.217.194.0-255,4320,30826,33,111500
10239,0.000543,172.31.33.0-255,66,30892,33,111500
10240,0.000549,172.217.194.0-255,7156,38048,33,111500
10241,0.000551,172.31.33.0-255,66,38114,33,111500
10242,0.000587,172.217.194.0-255,6797,44911,33,111500
10243,0.00059,172.31.33.0-255,66,44977,33,111500
10244,0.000594,172.217.194.0-255,2902,47879,33,111500
10245,0.000596,172.31.33.0-255,66,47945,33,111500
10246,0.000619,172.217.194.0-255,5738,53683,33,111500
10247,0.000623,172.31.33.0-255,66,53749,33,111500
10248,0.000645,172.217.194.0-255,1416,55165,33,111500
10249,0.000648,172.31.33.0-255,66,55231,33,111500
10250,0.000741,172.217.194.0-255,101,55332,33,111500
10251,0.000814,172.217.194.0-255,1484,56816,33,111500
10252,0.000819,172.31.33.0-255,66,56882,33,111500
10253,0.000824,172.217.194.0-255,2902,59784,33,111500
10254,0.000826,172.31.33.0-255,66,59850,33,111500
10255,0.000847,172.217.194.0-255,5738,65588,33,111500
10256,0.00085,172.31.33.0-255,66,65654,33,111500
10257,0.000853,172.217.194.0-255,1484,67138,33,111500
10258,0.000878,172.217.194.0-255,5379,72517,33,111500
10259,0.000882,172.31.33.0-255,66,72583,33,111500
10260,0.000898,172.217.194.0-255,7156,79739,33,111500
10261,0.000904,172.31.33.0-255,66,79805,33,111500
10262,0.000937,172.217.194.0-255,7156,86961,33,111500
10263,0.000941,172.31.33.0-255,66,87027,33,111500
10264,0.000944,172.217.194.0-255,2543,89570,33,111500
10265,0.000947,172.31.33.0-255,66,89636,33,111500
10266,0.003163,172.217.194.0-255,4320,93956,33,111500
10267,0.003168,172.31.33.0-255,66,94022,33,111500
10268,0.003189,172.217.194.0-255,1484,95506,33,111500
10269,0.005376,172.217.194.0-255,4320,99826,33,111500
10270,0.005381,172.31.33.0-255,66,99892,33,111500
10271,0.007602,172.217.194.0-255,5738,105630,33,111500
10272,0.007608,172.31.33.0-255,66,105696,33,111500
10273,0.009804,172.217.194.0-255,5738,111434,33,111500
10274,0.00981,172.31.33.0-255,66,111500,33,111500
10275,0.0,172.217.194.0-255,143,143,33,62355
10276,2.2e-05,172.31.33.0-255,66,209,33,62355
10277,2.9e-05,172.217.194.0-255,1484,1693,33,62355
10278,3.4e-05,172.31.33.0-255,66,1759,33,62355
10279,4.6e-05,172.217.194.0-255,2902,4661,33,62355
10280,5e-05,172.31.33.0-255,66,4727,33,62355
10281,9.6e-05,172.217.194.0-255,7156,11883,33,62355
10282,9.9e-05,172.31.33.0-255,66,11949,33,62355
10283,0.000239,172.217.194.0-255,2031,13980,33,62355
10284,0.000244,172.31.33.0-255,66,14046,33,62355
10285,0.000307,172.217.194.0-255,1484,15530,33,62355
10286,0.00031,172.31.33.0-255,66,15596,33,62355
10287,0.000337,172.31.33.0-255,66,15662,33,62355
10288,0.00037,172.217.194.0-255,4320,19982,33,62355
10289,0.000373,172.31.33.0-255,66,20048,33,62355
10290,0.00063,172.217.194.0-255,1125,21173,33,62355
10291,0.000634,172.31.33.0-255,66,21239,33,62355
10292,0.000663,172.217.194.0-255,1484,22723,33,62355
10293,0.000667,172.31.33.0-255,66,22789,33,62355
10294,0.000707,172.31.33.0-255,66,22855,33,62355
10295,0.001237,172.31.33.0-255,66,22921,33,62355
10296,0.001261,172.217.194.0-255,1125,24046,33,62355
10297,0.001263,172.31.33.0-255,66,24112,33,62355
10298,0.001392,172.217.194.0-255,341,24453,33,62355
10299,0.001397,172.31.33.0-255,66,24519,33,62355
10300,0.00144,172.217.194.0-255,5738,30257,33,62355
10301,0.001443,172.31.33.0-255,66,30323,33,62355
10302,0.001469,172.217.194.0-255,5790,36113,33,62355
10303,0.001471,172.31.33.0-255,66,36179,33,62355
10304,0.001691,172.217.194.0-255,5738,41917,33,62355
10305,0.001695,172.31.33.0-255,66,41983,33,62355
10306,0.001731,172.31.33.0-255,66,42049,33,62355
10307,0.001747,172.217.194.0-255,1080,43129,33,62355
10308,0.002267,172.217.194.0-255,4320,47449,33,62355
10309,0.00227,172.31.33.0-255,66,47515,33,62355
10310,0.002313,172.31.33.0-255,66,47581,33,62355
10311,0.002345,172.31.33.0-255,66,47647,33,62355
10312,0.003232,172.217.194.0-255,2902,50549,33,62355
10313,0.003235,172.31.33.0-255,66,50615,33,62355
10314,0.003273,172.31.33.0-255,66,50681,33,62355
10315,0.003323,172.31.33.0-255,66,50747,33,62355
10316,0.003353,172.217.194.0-255,5738,56485,33,62355
10317,0.006603,172.31.33.0-255,66,56551,33,62355
10318,0.008884,172.217.194.0-255,5738,62289,33,62355
10319,0.008891,172.31.33.0-255,66,62355,33,62355
10320,0.0,74.125.200.0-255,153,153,33,317976
10321,2.3e-05,172.31.33.0-255,66,219,33,317976
10322,3e-05,74.125.200.0-255,1484,1703,33,317976
10323,3.4e-05,172.31.33.0-255,66,1769,33,317976
10324,3.9e-05,74.125.200.0-255,2902,4671,33,317976
10325,4.2e-05,172.31.33.0-255,66,4737,33,317976
10326,6.6e-05,74.125.200.0-255,4320,9057,33,317976
10327,6.9e-05,172.31.33.0-255,66,9123,33,317976
10328,8.7e-05,74.125.200.0-255,2902,12025,33,317976
10329,8.9e-05,172.31.33.0-255,66,12091,33,317976
10330,0.000117,74.125.200.0-255,5738,17829,33,317976
10331,0.000119,172.31.33.0-255,66,17895,33,317976
10332,0.00014,74.125.200.0-255,2054,19949,33,317976
10333,0.000141,172.31.33.0-255,66,20015,33,317976
10334,0.000145,74.125.200.0-255,2902,22917,33,317976
10335,0.000147,172.31.33.0-255,66,22983,33,317976
10336,0.000161,74.125.200.0-255,2902,25885,33,317976
10337,0.000163,172.31.33.0-255,66,25951,33,317976
10338,0.000192,172.31.33.0-255,66,26017,33,317976
10339,0.000196,74.125.200.0-255,2902,28919,33,317976
10340,0.000198,172.31.33.0-255,66,28985,33,317976
10341,0.000223,74.125.200.0-255,2902,31887,33,317976
10342,0.000225,172.31.33.0-255,66,31953,33,317976
10343,0.00025,74.125.200.0-255,6438,38391,33,317976
10344,0.000252,172.31.33.0-255,66,38457,33,317976
10345,0.000267,74.125.200.0-255,1484,39941,33,317976
10346,0.000269,172.31.33.0-255,66,40007,33,317976
10347,0.000298,74.125.200.0-255,2902,42909,33,317976
10348,0.0003,172.31.33.0-255,66,42975,33,317976
10349,0.000305,74.125.200.0-255,2902,45877,33,317976
10350,0.000307,172.31.33.0-255,66,45943,33,317976
10351,0.000322,74.125.200.0-255,2902,48845,33,317976
10352,0.000324,172.31.33.0-255,66,48911,33,317976
10353,0.000329,74.125.200.0-255,4320,53231,33,317976
10354,0.000331,172.31.33.0-255,66,53297,33,317976
10355,0.000365,74.125.200.0-255,2899,56196,33,317976
10356,0.000367,172.31.33.0-255,66,56262,33,317976
10357,0.000441,74.125.200.0-255,1484,57746,33,317976
10358,0.000461,74.125.200.0-255,2902,60648,33,317976
10359,0.000464,172.31.33.0-255,66,60714,33,317976
10360,0.000468,74.125.200.0-255,1484,62198,33,317976
10361,0.000484,74.125.200.0-255,1484,63682,33,317976
10362,0.000486,172.31.33.0-255,66,63748,33,317976
10363,0.000489,74.125.200.0-255,1484,65232,33,317976
10364,0.000507,74.125.200.0-255,2902,68134,33,317976
10365,0.00051,172.31.33.0-255,66,68200,33,317976
10366,0.000513,74.125.200.0-255,1484,69684,33,317976
10367,0.000536,74.125.200.0-255,7156,76840,33,317976
10368,0.000538,172.31.33.0-255,66,76906,33,317976
10369,0.000554,74.125.200.0-255,5738,82644,33,317976
10370,0.000557,172.31.33.0-255,66,82710,33,317976
10371,0.000572,74.125.200.0-255,4320,87030,33,317976
10372,0.000574,172.31.33.0-255,66,87096,33,317976
10373,0.00058,74.125.200.0-255,3602,90698,33,317976
10374,0.000582,172.31.33.0-255,66,90764,33,317976
10375,0.000606,74.125.200.0-255,330,91094,33,317976
10376,0.000925,74.125.200.0-255,1484,92578,33,317976
10377,0.000929,172.31.33.0-255,66,92644,33,317976
10378,0.000933,74.125.200.0-255,1484,94128,33,317976
10379,0.000954,74.125.200.0-255,1484,95612,33,317976
10380,0.000956,172.31.33.0-255,66,95678,33,317976
10381,0.000963,74.125.200.0-255,5738,101416,33,317976
10382,0.000965,172.31.33.0-255,66,101482,33,317976
10383,0.000983,74.125.200.0-255,7156,108638,33,317976
10384,0.000985,172.31.33.0-255,66,108704,33,317976
10385,0.001005,74.125.200.0-255,2902,111606,33,317976
10386,0.001007,172.31.33.0-255,66,111672,33,317976
10387,0.001013,74.125.200.0-255,5738,117410,33,317976
10388,0.001015,172.31.33.0-255,66,117476,33,317976
10389,0.001041,74.125.200.0-255,5738,123214,33,317976
10390,0.001043,172.31.33.0-255,66,123280,33,317976
10391,0.001047,74.125.200.0-255,2184,125464,33,317976
10392,0.001049,172.31.33.0-255,66,125530,33,317976
10393,0.001123,74.125.200.0-255,1484,127014,33,317976
10394,0.001141,74.125.200.0-255,2902,129916,33,317976
10395,0.001144,172.31.33.0-255,66,129982,33,317976
10396,0.001163,74.125.200.0-255,1484,131466,33,317976
10397,0.001176,74.125.200.0-255,4320,135786,33,317976
10398,0.001178,172.31.33.0-255,66,135852,33,317976
10399,0.001182,74.125.200.0-255,1484,137336,33,317976
10400,0.001212,74.125.200.0-255,1484,138820,33,317976
10401,0.001214,172.31.33.0-255,66,138886,33,317976
10402,0.001241,74.125.200.0-255,7156,146042,33,317976
10403,0.001243,172.31.33.0-255,66,146108,33,317976
10404,0.001247,74.125.200.0-255,2902,149010,33,317976
10405,0.001249,172.31.33.0-255,66,149076,33,317976
10406,0.001283,74.125.200.0-255,2902,151978,33,317976
10407,0.001286,172.31.33.0-255,66,152044,33,317976
10408,0.001313,172.31.33.0-255,66,152110,33,317976
10409,0.00142,74.125.200.0-255,1484,153594,33,317976
10410,0.001453,74.125.200.0-255,2902,156496,33,317976
10411,0.001458,172.31.33.0-255,66,156562,33,317976
10412,0.001463,74.125.200.0-255,4320,160882,33,317976
10413,0.001465,172.31.33.0-255,66,160948,33,317976
10414,0.0015,74.125.200.0-255,2902,163850,33,317976
10415,0.001502,172.31.33.0-255,66,163916,33,317976
10416,0.001527,74.125.200.0-255,5738,169654,33,317976
10417,0.00153,172.31.33.0-255,66,169720,33,317976
10418,0.001536,74.125.200.0-255,7156,176876,33,317976
10419,0.001538,172.31.33.0-255,66,176942,33,317976
10420,0.001548,172.31.33.0-255,66,177008,33,317976
10421,0.00155,74.125.200.0-255,766,177774,33,317976
10422,0.001779,74.125.200.0-255,1484,179258,33,317976
10423,0.001783,172.31.33.0-255,66,179324,33,317976
10424,0.001787,74.125.200.0-255,2902,182226,33,317976
10425,0.001789,172.31.33.0-255,66,182292,33,317976
10426,0.001858,74.125.200.0-255,4320,186612,33,317976
10427,0.00186,172.31.33.0-255,66,186678,33,317976
10428,0.001863,74.125.200.0-255,1484,188162,33,317976
10429,0.001877,74.125.200.0-255,4320,192482,33,317976
10430,0.00188,172.31.33.0-255,66,192548,33,317976
10431,0.001888,74.125.200.0-255,2902,195450,33,317976
10432,0.00189,172.31.33.0-255,66,195516,33,317976
10433,0.001907,74.125.200.0-255,2902,198418,33,317976
10434,0.001909,172.31.33.0-255,66,198484,33,317976
10435,0.001913,74.125.200.0-255,2902,201386,33,317976
10436,0.001914,172.31.33.0-255,66,201452,33,317976
10437,0.001936,74.125.200.0-255,4320,205772,33,317976
10438,0.001939,172.31.33.0-255,66,205838,33,317976
10439,0.001954,74.125.200.0-255,4320,210158,33,317976
10440,0.001956,172.31.33.0-255,66,210224,33,317976
10441,0.001965,74.125.200.0-255,1484,211708,33,317976
10442,0.002,74.125.200.0-255,2902,214610,33,317976
10443,0.002002,172.31.33.0-255,66,214676,33,317976
10444,0.002023,74.125.200.0-255,3602,218278,33,317976
10445,0.002025,172.31.33.0-255,66,218344,33,317976
10446,0.002046,74.125.200.0-255,7156,225500,33,317976
10447,0.002048,172.31.33.0-255,66,225566,33,317976
10448,0.002054,74.125.200.0-255,5738,231304,33,317976
10449,0.002055,172.31.33.0-255,66,231370,33,317976
10450,0.002082,74.125.200.0-255,7156,238526,33,317976
10451,0.002085,172.31.33.0-255,66,238592,33,317976
10452,0.002104,74.125.200.0-255,2902,241494,33,317976
10453,0.002108,172.31.33.0-255,66,241560,33,317976
10454,0.002121,74.125.200.0-255,5020,246580,33,317976
10455,0.002124,172.31.33.0-255,66,246646,33,317976
10456,0.00213,74.125.200.0-255,7156,253802,33,317976
10457,0.002133,172.31.33.0-255,66,253868,33,317976
10458,0.002154,74.125.200.0-255,1484,255352,33,317976
10459,0.00216,74.125.200.0-255,5738,261090,33,317976
10460,0.002163,172.31.33.0-255,66,261156,33,317976
10461,0.00219,74.125.200.0-255,7156,268312,33,317976
10462,0.002193,172.31.33.0-255,66,268378,33,317976
10463,0.002197,74.125.200.0-255,2902,271280,33,317976
10464,0.002199,172.31.33.0-255,66,271346,33,317976
10465,0.002233,172.31.33.0-255,66,271412,33,317976
10466,0.002236,74.125.200.0-255,1484,272896,33,317976
10467,0.002253,74.125.200.0-255,2902,275798,33,317976
10468,0.002258,172.31.33.0-255,66,275864,33,317976
10469,0.002279,74.125.200.0-255,7156,283020,33,317976
10470,0.002282,172.31.33.0-255,66,283086,33,317976
10471,0.0023,74.125.200.0-255,1484,284570,33,317976
10472,0.002307,74.125.200.0-255,5738,290308,33,317976
10473,0.00231,172.31.33.0-255,66,290374,33,317976
10474,0.002316,74.125.200.0-255,7156,297530,33,317976
10475,0.002318,172.31.33.0-255,66,297596,33,317976
10476,0.002342,74.125.200.0-255,2902,300498,33,317976
10477,0.002345,172.31.33.0-255,66,300564,33,317976
10478,0.004597,74.125.200.0-255,5738,306302,33,317976
10479,0.004618,172.31.33.0-255,66,306368,33,317976
10480,0.006882,74.125.200.0-255,5738,312106,33,317976
10481,0.006901,172.31.33.0-255,66,312172,33,317976
10482,0.009188,74.125.200.0-255,5738,317910,33,317976
10483,0.009208,172.31.33.0-255,66,317976,33,317976
10484,0.0,74.125.24.0-255,150,150,33,81015
10485,2.1e-05,172.31.33.0-255,66,216,33,81015
10486,2.8e-05,74.125.24.0-255,1484,1700,33,81015
10487,3.2e-05,172.31.33.0-255,66,1766,33,81015
10488,3.7e-05,74.125.24.0-255,2902,4668,33,81015
10489,4e-05,172.31.33.0-255,66,4734,33,81015
10490,5.2e-05,74.125.24.0-255,7156,11890,33,81015
10491,5.5e-05,172.31.33.0-255,66,11956,33,81015
10492,5.8e-05,74.125.24.0-255,1993,13949,33,81015
10493,6.2e-05,172.31.33.0-255,66,14015,33,81015
10494,0.000106,172.31.33.0-255,66,14081,33,81015
10495,0.000131,74.125.24.0-255,1484,15565,33,81015
10496,0.000133,172.31.33.0-255,66,15631,33,81015
10497,0.000161,74.125.24.0-255,3961,19592,33,81015
10498,0.000163,172.31.33.0-255,66,19658,33,81015
10499,0.000298,74.125.24.0-255,1484,21142,33,81015
10500,0.000301,172.31.33.0-255,66,21208,33,81015
10501,0.000329,74.125.24.0-255,2902,24110,33,81015
10502,0.000332,172.31.33.0-255,66,24176,33,81015
10503,0.000338,74.125.24.0-255,5738,29914,33,81015
10504,0.00034,172.31.33.0-255,66,29980,33,81015
10505,0.000402,172.31.33.0-255,66,30046,33,81015
10506,0.000418,172.31.33.0-255,66,30112,33,81015
10507,0.000459,74.125.24.0-255,645,30757,33,81015
10508,0.000462,172.31.33.0-255,66,30823,33,81015
10509,0.001105,74.125.24.0-255,1484,32307,33,81015
10510,0.001111,172.31.33.0-255,66,32373,33,81015
10511,0.001119,74.125.24.0-255,2902,35275,33,81015
10512,0.00112,172.31.33.0-255,66,35341,33,81015
10513,0.001123,74.125.24.0-255,1484,36825,33,81015
10514,0.001155,74.125.24.0-255,4320,41145,33,81015
10515,0.001157,172.31.33.0-255,66,41211,33,81015
10516,0.001163,74.125.24.0-255,4320,45531,33,81015
10517,0.001164,172.31.33.0-255,66,45597,33,81015
10518,0.001174,74.125.24.0-255,5738,51335,33,81015
10519,0.001176,172.31.33.0-255,66,51401,33,81015
10520,0.001214,74.125.24.0-255,5738,57139,33,81015
10521,0.001233,172.31.33.0-255,66,57205,33,81015
10522,0.001244,172.31.33.0-255,66,57271,33,81015
10523,0.003272,74.125.24.0-255,2902,60173,33,81015
10524,0.003279,172.31.33.0-255,66,60239,33,81015
10525,0.003309,74.125.24.0-255,2902,63141,33,81015
10526,0.003311,172.31.33.0-255,66,63207,33,81015
10527,0.005318,74.125.24.0-255,2902,66109,33,81015
10528,0.005321,172.31.33.0-255,66,66175,33,81015
10529,0.005346,74.125.24.0-255,2902,69077,33,81015
10530,0.005348,172.31.33.0-255,66,69143,33,81015
10531,0.007339,74.125.24.0-255,2902,72045,33,81015
10532,0.007345,172.31.33.0-255,66,72111,33,81015
10533,0.007372,74.125.24.0-255,2902,75013,33,81015
10534,0.007374,172.31.33.0-255,66,75079,33,81015
10535,0.00937,74.125.24.0-255,2902,77981,33,81015
10536,0.009377,172.31.33.0-255,66,78047,33,81015
10537,0.009407,74.125.24.0-255,2902,80949,33,81015
10538,0.00941,172.31.33.0-255,66,81015,33,81015
10539,0.0,74.125.24.0-255,153,153,33,223112
10540,2.5e-05,172.31.33.0-255,66,219,33,223112
10541,3.1e-05,74.125.24.0-255,1484,1703,33,223112
10542,3.6e-05,172.31.33.0-255,66,1769,33,223112
10543,4.8e-05,74.125.24.0-255,2902,4671,33,223112
10544,5.1e-05,172.31.33.0-255,66,4737,33,223112
10545,8.2e-05,74.125.24.0-255,7156,11893,33,223112
10546,9e-05,172.31.33.0-255,66,11959,33,223112
10547,9.4e-05,74.125.24.0-255,2022,13981,33,223112
10548,9.6e-05,172.31.33.0-255,66,14047,33,223112
10549,9.9e-05,74.125.24.0-255,1484,15531,33,223112
10550,0.000101,172.31.33.0-255,66,15597,33,223112
10551,0.000148,172.31.33.0-255,66,15663,33,223112
10552,0.000154,74.125.24.0-255,5379,21042,33,223112
10553,0.000156,172.31.33.0-255,66,21108,33,223112
10554,0.00023,74.125.24.0-255,1484,22592,33,223112
10555,0.000233,172.31.33.0-255,66,22658,33,223112
10556,0.000238,74.125.24.0-255,2902,25560,33,223112
10557,0.00024,172.31.33.0-255,66,25626,33,223112
10558,0.000244,74.125.24.0-255,2902,28528,33,223112
10559,0.000247,172.31.33.0-255,66,28594,33,223112
10560,0.000265,74.125.24.0-255,2902,31496,33,223112
10561,0.000274,172.31.33.0-255,66,31562,33,223112
10562,0.000282,74.125.24.0-255,7156,38718,33,223112
10563,0.000285,172.31.33.0-255,66,38784,33,223112
10564,0.000323,74.125.24.0-255,6797,45581,33,223112
10565,0.000327,172.31.33.0-255,66,45647,33,223112
10566,0.000345,172.31.33.0-255,66,45713,33,223112
10567,0.000348,74.125.24.0-255,1125,46838,33,223112
10568,0.000351,172.31.33.0-255,66,46904,33,223112
10569,0.001144,74.125.24.0-255,646,47550,33,223112
10570,0.001173,74.125.24.0-255,1484,49034,33,223112
10571,0.001178,172.31.33.0-255,66,49100,33,223112
10572,0.001186,74.125.24.0-255,4320,53420,33,223112
10573,0.001212,74.125.24.0-255,7156,60576,33,223112
10574,0.001279,74.125.24.0-255,3602,64178,33,223112
10575,0.001881,74.125.24.0-255,1484,65662,33,223112
10576,0.001885,74.125.24.0-255,1484,67146,33,223112
10577,0.001898,74.125.24.0-255,1484,68630,33,223112
10578,0.0019,74.125.24.0-255,1484,70114,33,223112
10579,0.00192,74.125.24.0-255,4320,74434,33,223112
10580,0.001922,74.125.24.0-255,1484,75918,33,223112
10581,0.001961,74.125.24.0-255,2902,78820,33,223112
10582,0.001981,74.125.24.0-255,766,79586,33,223112
10583,0.002177,74.125.24.0-255,1484,81070,33,223112
10584,0.002195,74.125.24.0-255,2902,83972,33,223112
10585,0.002216,74.125.24.0-255,5738,89710,33,223112
10586,0.002234,74.125.24.0-255,4320,94030,33,223112
10587,0.002251,74.125.24.0-255,2902,96932,33,223112
10588,0.002255,74.125.24.0-255,4320,101252,33,223112
10589,0.002286,74.125.24.0-255,1484,102736,33,223112
10590,0.00229,74.125.24.0-255,2184,104920,33,223112
10591,0.002521,74.125.24.0-255,1484,106404,33,223112
10592,0.002533,74.125.24.0-255,2902,109306,33,223112
10593,0.002543,74.125.24.0-255,2902,112208,33,223112
10594,0.002553,74.125.24.0-255,2902,115110,33,223112
10595,0.002555,74.125.24.0-255,1484,116594,33,223112
10596,0.002585,74.125.24.0-255,7156,123750,33,223112
10597,0.002601,74.125.24.0-255,4320,128070,33,223112
10598,0.002612,74.125.24.0-255,2902,130972,33,223112
10599,0.00264,74.125.24.0-255,1484,132456,33,223112
10600,0.00267,74.125.24.0-255,2184,134640,33,223112
10601,0.002909,74.125.24.0-255,1484,136124,33,223112
10602,0.002924,74.125.24.0-255,2902,139026,33,223112
10603,0.002936,74.125.24.0-255,5738,144764,33,223112
10604,0.002961,74.125.24.0-255,4320,149084,33,223112
10605,0.002988,74.125.24.0-255,5738,154822,33,223112
10606,0.003037,74.125.24.0-255,5020,159842,33,223112
10607,0.003216,74.125.24.0-255,1484,161326,33,223112
10608,0.00323,74.125.24.0-255,2902,164228,33,223112
10609,0.003245,74.125.24.0-255,5738,169966,33,223112
10610,0.003275,74.125.24.0-255,1484,171450,33,223112
10611,0.003298,74.125.24.0-255,7156,178606,33,223112
10612,0.003317,74.125.24.0-255,4320,182926,33,223112
10613,0.003373,74.125.24.0-255,766,183692,33,223112
10614,0.003439,74.125.24.0-255,1484,185176,33,223112
10615,0.003458,74.125.24.0-255,2902,188078,33,223112
10616,0.003481,74.125.24.0-255,5738,193816,33,223112
10617,0.003485,74.125.24.0-255,2902,196718,33,223112
10618,0.003522,74.125.24.0-255,1484,198202,33,223112
10619,0.003537,74.125.24.0-255,2902,201104,33,223112
10620,0.003566,74.125.24.0-255,5738,206842,33,223112
10621,0.003584,74.125.24.0-255,5738,212580,33,223112
10622,0.003589,74.125.24.0-255,7156,219736,33,223112
10623,0.003633,74.125.24.0-255,3100,222836,33,223112
10624,0.003648,74.125.24.0-255,105,222941,33,223112
10625,0.005602,172.31.33.0-255,66,223007,33,223112
10626,0.008646,172.31.33.0-255,105,223112,33,223112
10627,0.0,172.31.33.0-255,105,105,33,459
10628,0.000179,172.31.33.0-255,90,195,33,459
10629,0.000188,172.31.33.0-255,66,261,33,459
10630,0.00281,172.217.194.0-255,66,327,33,459
10631,0.002836,172.217.194.0-255,66,393,33,459
10632,0.002856,172.31.33.0-255,66,459,33,459
10633,0.0,172.31.33.0-255,105,105,33,918
10634,9.6e-05,172.31.33.0-255,105,210,33,918
10635,0.000347,172.31.33.0-255,90,300,33,918
10636,0.000355,172.31.33.0-255,66,366,33,918
10637,0.000491,172.31.33.0-255,90,456,33,918
10638,0.000497,172.31.33.0-255,66,522,33,918
10639,0.0028,172.217.194.0-255,66,588,33,918
10640,0.002828,172.217.194.0-255,66,654,33,918
10641,0.002848,172.31.33.0-255,66,720,33,918
10642,0.002906,172.217.194.0-255,66,786,33,918
10643,0.002923,172.217.194.0-255,66,852,33,918
10644,0.002936,172.31.33.0-255,66,918,33,918
10645,0.0,172.217.194.0-255,153,153,33,63694
10646,2.3e-05,172.31.33.0-255,66,219,33,63694
10647,2.9e-05,172.217.194.0-255,1484,1703,33,63694
10648,3.4e-05,172.31.33.0-255,66,1769,33,63694
10649,3.9e-05,172.217.194.0-255,2902,4671,33,63694
10650,4.2e-05,172.31.33.0-255,66,4737,33,63694
10651,6.8e-05,172.217.194.0-255,7156,11893,33,63694
10652,7.1e-05,172.31.33.0-255,66,11959,33,63694
10653,0.000198,172.217.194.0-255,2054,14013,33,63694
10654,0.000203,172.31.33.0-255,66,14079,33,63694
10655,0.000243,172.217.194.0-255,4320,18399,33,63694
10656,0.000247,172.31.33.0-255,66,18465,33,63694
10657,0.000266,172.217.194.0-255,7156,25621,33,63694
10658,0.000269,172.31.33.0-255,66,25687,33,63694
10659,0.000453,172.217.194.0-255,5379,31066,33,63694
10660,0.000459,172.31.33.0-255,66,31132,33,63694
10661,0.000582,172.217.194.0-255,4320,35452,33,63694
10662,0.000587,172.31.33.0-255,66,35518,33,63694
10663,0.000619,172.31.33.0-255,66,35584,33,63694
10664,0.001015,172.31.33.0-255,66,35650,33,63694
10665,0.001034,172.217.194.0-255,2835,38485,33,63694
10666,0.001037,172.31.33.0-255,66,38551,33,63694
10667,0.001158,172.217.194.0-255,98,38649,33,63694
10668,0.001163,172.31.33.0-255,66,38715,33,63694
10669,0.001168,172.217.194.0-255,363,39078,33,63694
10670,0.00117,172.31.33.0-255,66,39144,33,63694
10671,0.001196,172.31.33.0-255,66,39210,33,63694
10672,0.001245,172.31.33.0-255,66,39276,33,63694
10673,0.001905,172.217.194.0-255,6438,45714,33,63694
10674,0.00273,172.217.194.0-255,7156,52870,33,63694
10675,0.002803,172.217.194.0-255,3602,56472,33,63694
10676,0.003562,172.217.194.0-255,4320,60792,33,63694
10677,0.004546,172.217.194.0-255,2902,63694,33,63694
10678,0.0,172.217.194.0-255,153,153,33,93483
10679,3.2e-05,172.31.33.0-255,66,219,33,93483
10680,4e-05,172.217.194.0-255,1484,1703,33,93483
10681,4.4e-05,172.31.33.0-255,66,1769,33,93483
10682,5.5e-05,172.217.194.0-255,2902,4671,33,93483
10683,5.9e-05,172.31.33.0-255,66,4737,33,93483
10684,6.6e-05,172.217.194.0-255,7156,11893,33,93483
10685,6.9e-05,172.31.33.0-255,66,11959,33,93483
10686,9.9e-05,172.31.33.0-255,66,12025,33,93483
10687,0.000123,172.217.194.0-255,6266,18291,33,93483
10688,0.000126,172.31.33.0-255,66,18357,33,93483
10689,0.00013,172.217.194.0-255,2543,20900,33,93483
10690,0.000133,172.31.33.0-255,66,20966,33,93483
10691,0.000165,172.31.33.0-255,66,21032,33,93483
10692,0.000168,172.217.194.0-255,1484,22516,33,93483
10693,0.00017,172.31.33.0-255,66,22582,33,93483
10694,0.000211,172.31.33.0-255,66,22648,33,93483
10695,0.000224,172.31.33.0-255,66,22714,33,93483
10696,0.000252,172.217.194.0-255,3602,26316,33,93483
10697,0.000255,172.31.33.0-255,66,26382,33,93483
10698,0.000539,172.217.194.0-255,377,26759,33,93483
10699,0.000543,172.31.33.0-255,66,26825,33,93483
10700,0.000572,172.217.194.0-255,366,27191,33,93483
10701,0.000575,172.31.33.0-255,66,27257,33,93483
10702,0.001068,172.217.194.0-255,1484,28741,33,93483
10703,0.001073,172.31.33.0-255,66,28807,33,93483
10704,0.001081,172.217.194.0-255,2902,31709,33,93483
10705,0.001083,172.31.33.0-255,66,31775,33,93483
10706,0.001096,172.217.194.0-255,5738,37513,33,93483
10707,0.0011,172.217.194.0-255,1484,38997,33,93483
10708,0.001141,172.217.194.0-255,4320,43317,33,93483
10709,0.001165,172.217.194.0-255,2902,46219,33,93483
10710,0.001185,172.217.194.0-255,3602,49821,33,93483
10711,0.001507,172.217.194.0-255,1484,51305,33,93483
10712,0.001531,172.217.194.0-255,2902,54207,33,93483
10713,0.001534,172.217.194.0-255,1484,55691,33,93483
10714,0.001549,172.217.194.0-255,4320,60011,33,93483
10715,0.001569,172.217.194.0-255,1484,61495,33,93483
10716,0.001595,172.217.194.0-255,2902,64397,33,93483
10717,0.001617,172.217.194.0-255,1484,65881,33,93483
10718,0.001884,172.217.194.0-255,1484,67365,33,93483
10719,0.001903,172.217.194.0-255,2902,70267,33,93483
10720,0.001919,172.217.194.0-255,4320,74587,33,93483
10721,0.001933,172.217.194.0-255,1484,76071,33,93483
10722,0.001945,172.217.194.0-255,2902,78973,33,93483
10723,0.001958,172.217.194.0-255,5738,84711,33,93483
10724,0.002024,172.217.194.0-255,2902,87613,33,93483
10725,0.005816,172.31.33.0-255,66,87679,33,93483
10726,0.007938,172.217.194.0-255,5738,93417,33,93483
10727,0.007949,172.31.33.0-255,66,93483,33,93483
10728,0.0,74.125.24.0-255,152,152,33,55806
10729,1.3e-05,172.31.33.0-255,66,218,33,55806
10730,2.7e-05,74.125.24.0-255,1484,1702,33,55806
10731,3.1e-05,172.31.33.0-255,66,1768,33,55806
10732,3.4e-05,74.125.24.0-255,1484,3252,33,55806
10733,3.5e-05,172.31.33.0-255,66,3318,33,55806
10734,4.9e-05,74.125.24.0-255,1484,4802,33,55806
10735,5.2e-05,172.31.33.0-255,66,4868,33,55806
10736,5.5e-05,74.125.24.0-255,1484,6352,33,55806
10737,5.6e-05,172.31.33.0-255,66,6418,33,55806
10738,8.3e-05,74.125.24.0-255,2902,9320,33,55806
10739,8.5e-05,172.31.33.0-255,66,9386,33,55806
10740,9.1e-05,74.125.24.0-255,4894,14280,33,55806
10741,9.3e-05,172.31.33.0-255,66,14346,33,55806
10742,0.000226,74.125.24.0-255,1484,15830,33,55806
10743,0.00023,172.31.33.0-255,66,15896,33,55806
10744,0.000234,74.125.24.0-255,2902,18798,33,55806
10745,0.000236,74.125.24.0-255,1484,20282,33,55806
10746,0.000238,172.31.33.0-255,66,20348,33,55806
10747,0.000241,172.31.33.0-255,66,20414,33,55806
10748,0.000252,74.125.24.0-255,4320,24734,33,55806
10749,0.000255,172.31.33.0-255,66,24800,33,55806
10750,0.000258,74.125.24.0-255,1484,26284,33,55806
10751,0.000259,172.31.33.0-255,66,26350,33,55806
10752,0.000283,74.125.24.0-255,5379,31729,33,55806
10753,0.000285,172.31.33.0-255,66,31795,33,55806
10754,0.000307,172.31.33.0-255,66,31861,33,55806
10755,0.000337,74.125.24.0-255,5738,37599,33,55806
10756,0.000339,172.31.33.0-255,66,37665,33,55806
10757,0.000349,172.31.33.0-255,66,37731,33,55806
10758,0.000376,74.125.24.0-255,1484,39215,33,55806
10759,0.000401,172.31.33.0-255,66,39281,33,55806
10760,0.00204,74.125.24.0-255,399,39680,33,55806
10761,0.002078,172.31.33.0-255,66,39746,33,55806
10762,0.002977,74.125.24.0-255,4320,44066,33,55806
10763,0.002982,172.31.33.0-255,66,44132,33,55806
10764,0.004634,74.125.24.0-255,1484,45616,33,55806
10765,0.005578,74.125.24.0-255,4320,49936,33,55806
10766,0.005582,172.31.33.0-255,66,50002,33,55806
10767,0.008193,74.125.24.0-255,5738,55740,33,55806
10768,0.008204,172.31.33.0-255,66,55806,33,55806
10769,0.0,216.58.221.0-255,153,153,33,122630
10770,1.9e-05,172.31.33.0-255,66,219,33,122630
10771,2.5e-05,216.58.221.0-255,1484,1703,33,122630
10772,2.9e-05,172.31.33.0-255,66,1769,33,122630
10773,3.4e-05,216.58.221.0-255,2902,4671,33,122630
10774,4.4e-05,172.31.33.0-255,66,4737,33,122630
10775,4.9e-05,216.58.221.0-255,4320,9057,33,122630
10776,5.2e-05,172.31.33.0-255,66,9123,33,122630
10777,8.4e-05,216.58.221.0-255,2902,12025,33,122630
10778,8.6e-05,172.31.33.0-255,66,12091,33,122630
10779,9.1e-05,216.58.221.0-255,2058,14149,33,122630
10780,9.3e-05,172.31.33.0-255,66,14215,33,122630
10781,9.5e-05,216.58.221.0-255,1484,15699,33,122630
10782,9.7e-05,172.31.33.0-255,66,15765,33,122630
10783,0.000125,216.58.221.0-255,2902,18667,33,122630
10784,0.000128,172.31.33.0-255,66,18733,33,122630
10785,0.000133,216.58.221.0-255,5738,24471,33,122630
10786,0.000135,172.31.33.0-255,66,24537,33,122630
10787,0.000159,216.58.221.0-255,6797,31334,33,122630
10788,0.000162,172.31.33.0-255,66,31400,33,122630
10789,0.000228,216.58.221.0-255,1484,32884,33,122630
10790,0.000231,172.31.33.0-255,66,32950,33,122630
10791,0.000236,216.58.221.0-255,2902,35852,33,122630
10792,0.000238,172.31.33.0-255,66,35918,33,122630
10793,0.000266,216.58.221.0-255,5738,41656,33,122630
10794,0.000269,172.31.33.0-255,66,41722,33,122630
10795,0.000274,216.58.221.0-255,4320,46042,33,122630
10796,0.000276,172.31.33.0-255,66,46108,33,122630
10797,0.000305,216.58.221.0-255,2543,48651,33,122630
10798,0.000308,172.31.33.0-255,66,48717,33,122630
10799,0.00033,216.58.221.0-255,2902,51619,33,122630
10800,0.000332,172.31.33.0-255,66,51685,33,122630
10801,0.000357,216.58.221.0-255,7156,58841,33,122630
10802,0.00036,172.31.33.0-255,66,58907,33,122630
10803,0.000366,216.58.221.0-255,5738,64645,33,122630
10804,0.000368,172.31.33.0-255,66,64711,33,122630
10805,0.000411,216.58.221.0-255,1415,66126,33,122630
10806,0.000905,172.31.33.0-255,66,66192,33,122630
10807,0.001267,216.58.221.0-255,138,66330,33,122630
10808,0.001445,216.58.221.0-255,1484,67814,33,122630
10809,0.001451,172.31.33.0-255,66,67880,33,122630
10810,0.001457,216.58.221.0-255,2902,70782,33,122630
10811,0.001459,172.31.33.0-255,66,70848,33,122630
10812,0.001464,216.58.221.0-255,2902,73750,33,122630
10813,0.001466,172.31.33.0-255,66,73816,33,122630
10814,0.001499,216.58.221.0-255,2902,76718,33,122630
10815,0.001501,172.31.33.0-255,66,76784,33,122630
10816,0.001508,216.58.221.0-255,6797,83581,33,122630
10817,0.001509,172.31.33.0-255,66,83647,33,122630
10818,0.001538,216.58.221.0-255,1484,85131,33,122630
10819,0.001542,216.58.221.0-255,2902,88033,33,122630
10820,0.001544,172.31.33.0-255,66,88099,33,122630
10821,0.00155,216.58.221.0-255,5738,93837,33,122630
10822,0.001552,172.31.33.0-255,66,93903,33,122630
10823,0.001577,216.58.221.0-255,6797,100700,33,122630
10824,0.00158,172.31.33.0-255,66,100766,33,122630
10825,0.003477,216.58.221.0-255,4320,105086,33,122630
10826,0.00348,172.31.33.0-255,66,105152,33,122630
10827,0.003504,216.58.221.0-255,1484,106636,33,122630
10828,0.005372,216.58.221.0-255,4320,110956,33,122630
10829,0.005376,172.31.33.0-255,66,111022,33,122630
10830,0.007284,216.58.221.0-255,5738,116760,33,122630
10831,0.007291,172.31.33.0-255,66,116826,33,122630
10832,0.00919,216.58.221.0-255,5738,122564,33,122630
10833,0.009196,172.31.33.0-255,66,122630,33,122630
10834,0.0,172.31.33.0-255,66,66,33,66
10835,0.0,74.125.24.0-255,153,153,33,116960
10836,2e-05,172.31.33.0-255,66,219,33,116960
10837,2.8e-05,74.125.24.0-255,1484,1703,33,116960
10838,3.3e-05,172.31.33.0-255,66,1769,33,116960
10839,3.8e-05,74.125.24.0-255,2902,4671,33,116960
10840,4.2e-05,172.31.33.0-255,66,4737,33,116960
10841,4.9e-05,74.125.24.0-255,7156,11893,33,116960
10842,5.2e-05,172.31.33.0-255,66,11959,33,116960
10843,6.3e-05,172.31.33.0-255,66,12025,33,116960
10844,7.5e-05,172.31.33.0-255,66,12091,33,116960
10845,7.9e-05,74.125.24.0-255,2902,14993,33,116960
10846,8.3e-05,172.31.33.0-255,66,15059,33,116960
10847,0.00012,172.31.33.0-255,66,15125,33,116960
10848,0.000124,74.125.24.0-255,1484,16609,33,116960
10849,0.000126,172.31.33.0-255,66,16675,33,116960
10850,0.000152,172.31.33.0-255,66,16741,33,116960
10851,0.0002,74.125.24.0-255,5738,22479,33,116960
10852,0.000203,172.31.33.0-255,66,22545,33,116960
10853,0.000215,74.125.24.0-255,4237,26782,33,116960
10854,0.000218,172.31.33.0-255,66,26848,33,116960
10855,0.000645,74.125.24.0-255,134,26982,33,116960
10856,0.000651,172.31.33.0-255,66,27048,33,116960
10857,0.00068,74.125.24.0-255,1484,28532,33,116960
10858,0.000682,172.31.33.0-255,66,28598,33,116960
10859,0.000688,74.125.24.0-255,2902,31500,33,116960
10860,0.00069,172.31.33.0-255,66,31566,33,116960
10861,0.000694,74.125.24.0-255,1484,33050,33,116960
10862,0.000696,172.31.33.0-255,66,33116,33,116960
10863,0.000715,74.125.24.0-255,5738,38854,33,116960
10864,0.000717,172.31.33.0-255,66,38920,33,116960
10865,0.000721,74.125.24.0-255,1484,40404,33,116960
10866,0.000755,172.31.33.0-255,66,40470,33,116960
10867,0.000758,74.125.24.0-255,1484,41954,33,116960
10868,0.00079,74.125.24.0-255,5020,46974,33,116960
10869,0.000793,172.31.33.0-255,66,47040,33,116960
10870,0.001449,74.125.24.0-255,1484,48524,33,116960
10871,0.001459,74.125.24.0-255,2902,51426,33,116960
10872,0.001464,172.31.33.0-255,66,51492,33,116960
10873,0.001469,74.125.24.0-255,1484,52976,33,116960
10874,0.001488,74.125.24.0-255,4320,57296,33,116960
10875,0.001491,172.31.33.0-255,66,57362,33,116960
10876,0.001496,74.125.24.0-255,4320,61682,33,116960
10877,0.001498,172.31.33.0-255,66,61748,33,116960
10878,0.001514,74.125.24.0-255,4320,66068,33,116960
10879,0.001516,172.31.33.0-255,66,66134,33,116960
10880,0.001548,74.125.24.0-255,2902,69036,33,116960
10881,0.001551,172.31.33.0-255,66,69102,33,116960
10882,0.001578,172.31.33.0-255,66,69168,33,116960
10883,0.001634,172.31.33.0-255,66,69234,33,116960
10884,0.001641,74.125.24.0-255,4320,73554,33,116960
10885,0.001644,172.31.33.0-255,66,73620,33,116960
10886,0.001684,172.31.33.0-255,66,73686,33,116960
10887,0.001918,74.125.24.0-255,1484,75170,33,116960
10888,0.001939,74.125.24.0-255,2902,78072,33,116960
10889,0.001942,172.31.33.0-255,66,78138,33,116960
10890,0.001959,74.125.24.0-255,4320,82458,33,116960
10891,0.001961,172.31.33.0-255,66,82524,33,116960
10892,0.001982,74.125.24.0-255,2902,85426,33,116960
10893,0.001984,172.31.33.0-255,66,85492,33,116960
10894,0.002005,74.125.24.0-255,5738,91230,33,116960
10895,0.002008,172.31.33.0-255,66,91296,33,116960
10896,0.002012,74.125.24.0-255,2902,94198,33,116960
10897,0.002013,172.31.33.0-255,66,94264,33,116960
10898,0.002037,172.31.33.0-255,66,94330,33,116960
10899,0.002061,74.125.24.0-255,2902,97232,33,116960
10900,0.002063,172.31.33.0-255,66,97298,33,116960
10901,0.002075,74.125.24.0-255,2184,99482,33,116960
10902,0.002077,172.31.33.0-255,66,99548,33,116960
10903,0.004313,74.125.24.0-255,5738,105286,33,116960
10904,0.004319,172.31.33.0-255,66,105352,33,116960
10905,0.006571,74.125.24.0-255,5738,111090,33,116960
10906,0.006576,172.31.33.0-255,66,111156,33,116960
10907,0.008819,74.125.24.0-255,5738,116894,33,116960
10908,0.008825,172.31.33.0-255,66,116960,33,116960
10909,0.0,172.217.194.0-255,219,219,33,161042
10910,2.5e-05,172.31.33.0-255,66,285,33,161042
10911,3.4e-05,172.217.194.0-255,1484,1769,33,161042
10912,3.9e-05,172.31.33.0-255,66,1835,33,161042
10913,4.5e-05,172.217.194.0-255,4320,6155,33,161042
10914,5.9e-05,172.31.33.0-255,66,6221,33,161042
10915,7.3e-05,172.31.33.0-255,66,6287,33,161042
10916,8.6e-05,172.31.33.0-255,66,6353,33,161042
10917,0.000118,172.217.194.0-255,3961,10314,33,161042
10918,0.000121,172.31.33.0-255,66,10380,33,161042
10919,0.000217,172.217.194.0-255,1484,11864,33,161042
10920,0.000221,172.31.33.0-255,66,11930,33,161042
10921,0.000226,172.217.194.0-255,2902,14832,33,161042
10922,0.000229,172.31.33.0-255,66,14898,33,161042
10923,0.000234,172.217.194.0-255,2902,17800,33,161042
10924,0.000243,172.31.33.0-255,66,17866,33,161042
10925,0.000274,172.217.194.0-255,2902,20768,33,161042
10926,0.000283,172.31.33.0-255,66,20834,33,161042
10927,0.000291,172.217.194.0-255,6797,27631,33,161042
10928,0.000294,172.31.33.0-255,66,27697,33,161042
10929,0.000321,172.217.194.0-255,7156,34853,33,161042
10930,0.000324,172.31.33.0-255,66,34919,33,161042
10931,0.000367,172.31.33.0-255,66,34985,33,161042
10932,0.000371,172.217.194.0-255,360,35345,33,161042
10933,0.000374,172.31.33.0-255,66,35411,33,161042
10934,0.000423,172.217.194.0-255,385,35796,33,161042
10935,0.000426,172.31.33.0-255,66,35862,33,161042
10936,0.000752,172.217.194.0-255,1484,37346,33,161042
10937,0.000758,172.217.194.0-255,2902,40248,33,161042
10938,0.000766,172.31.33.0-255,66,40314,33,161042
10939,0.00077,172.31.33.0-255,66,40380,33,161042
10940,0.00079,172.217.194.0-255,5738,46118,33,161042
10941,0.000795,172.31.33.0-255,66,46184,33,161042
10942,0.000798,172.217.194.0-255,1484,47668,33,161042
10943,0.00081,172.31.33.0-255,66,47734,33,161042
10944,0.000859,172.31.33.0-255,66,47800,33,161042
10945,0.000995,172.217.194.0-255,1484,49284,33,161042
10946,0.001003,172.217.194.0-255,2902,52186,33,161042
10947,0.001007,172.31.33.0-255,66,52252,33,161042
10948,0.001013,172.217.194.0-255,4320,56572,33,161042
10949,0.001015,172.31.33.0-255,66,56638,33,161042
10950,0.00105,172.217.194.0-255,1484,58122,33,161042
10951,0.001058,172.217.194.0-255,5738,63860,33,161042
10952,0.001062,172.31.33.0-255,66,63926,33,161042
10953,0.001081,172.31.33.0-255,66,63992,33,161042
10954,0.001087,172.217.194.0-255,5020,69012,33,161042
10955,0.001089,172.31.33.0-255,66,69078,33,161042
10956,0.001334,172.217.194.0-255,1484,70562,33,161042
10957,0.001341,172.217.194.0-255,2902,73464,33,161042
10958,0.001347,172.31.33.0-255,66,73530,33,161042
10959,0.001353,172.217.194.0-255,4320,77850,33,161042
10960,0.001356,172.31.33.0-255,66,77916,33,161042
10961,0.001378,172.217.194.0-255,1484,79400,33,161042
10962,0.001396,172.31.33.0-255,66,79466,33,161042
10963,0.001412,172.217.194.0-255,4320,83786,33,161042
10964,0.001419,172.31.33.0-255,66,83852,33,161042
10965,0.001431,172.31.33.0-255,66,83918,33,161042
10966,0.001471,172.31.33.0-255,66,83984,33,161042
10967,0.001477,172.217.194.0-255,5738,89722,33,161042
10968,0.001479,172.31.33.0-255,66,89788,33,161042
10969,0.001513,172.217.194.0-255,4320,94108,33,161042
10970,0.001518,172.31.33.0-255,66,94174,33,161042
10971,0.001531,172.31.33.0-255,66,94240,33,161042
10972,0.001562,172.217.194.0-255,3602,97842,33,161042
10973,0.001567,172.31.33.0-255,66,97908,33,161042
10974,0.001724,172.217.194.0-255,1484,99392,33,161042
10975,0.001736,172.217.194.0-255,2902,102294,33,161042
10976,0.00174,172.31.33.0-255,66,102360,33,161042
10977,0.001748,172.217.194.0-255,5738,108098,33,161042
10978,0.00175,172.31.33.0-255,66,108164,33,161042
10979,0.001797,172.31.33.0-255,66,108230,33,161042
10980,0.001808,172.31.33.0-255,66,108296,33,161042
10981,0.001831,172.217.194.0-255,766,109062,33,161042
10982,0.001859,172.217.194.0-255,1484,110546,33,161042
10983,0.001862,172.31.33.0-255,66,110612,33,161042
10984,0.001866,172.217.194.0-255,2902,113514,33,161042
10985,0.001868,172.31.33.0-255,66,113580,33,161042
10986,0.001899,172.217.194.0-255,5738,119318,33,161042
10987,0.001905,172.217.194.0-255,7156,126474,33,161042
10988,0.001912,172.31.33.0-255,66,126540,33,161042
10989,0.001914,172.31.33.0-255,66,126606,33,161042
10990,0.001942,172.31.33.0-255,66,126672,33,161042
10991,0.001969,172.217.194.0-255,5738,132410,33,161042
10992,0.001971,172.31.33.0-255,66,132476,33,161042
10993,0.001989,172.31.33.0-255,66,132542,33,161042
10994,0.002003,172.31.33.0-255,66,132608,33,161042
10995,0.002008,172.217.194.0-255,5020,137628,33,161042
10996,0.00201,172.31.33.0-255,66,137694,33,161042
10997,0.002015,172.217.194.0-255,5738,143432,33,161042
10998,0.002018,172.31.33.0-255,66,143498,33,161042
10999,0.002097,172.31.33.0-255,66,143564,33,161042
11000,0.002116,172.31.33.0-255,66,143630,33,161042
11001,0.004153,172.217.194.0-255,5738,149368,33,161042
11002,0.004159,172.31.33.0-255,66,149434,33,161042
11003,0.006213,172.217.194.0-255,5738,155172,33,161042
11004,0.006231,172.31.33.0-255,66,155238,33,161042
11005,0.008273,172.217.194.0-255,5738,160976,33,161042
11006,0.008287,172.31.33.0-255,66,161042,33,161042
11007,0.0,172.31.33.0-255,105,105,33,459
11008,0.00019,172.31.33.0-255,90,195,33,459
11009,0.000199,172.31.33.0-255,66,261,33,459
11010,0.00228,172.253.118.0-255,66,327,33,459
11011,0.002295,172.253.118.0-255,66,393,33,459
11012,0.002307,172.31.33.0-255,66,459,33,459
11013,0.0,172.217.24.0-255,153,153,33,138654
11014,2.6e-05,172.31.33.0-255,66,219,33,138654
11015,3.3e-05,172.217.24.0-255,1484,1703,33,138654
11016,3.9e-05,172.31.33.0-255,66,1769,33,138654
11017,5e-05,172.217.24.0-255,2902,4671,33,138654
11018,5.2e-05,172.31.33.0-255,66,4737,33,138654
11019,9.1e-05,172.217.24.0-255,5738,10475,33,138654
11020,9.6e-05,172.31.33.0-255,66,10541,33,138654
11021,0.0001,172.217.24.0-255,2902,13443,33,138654
11022,0.000102,172.31.33.0-255,66,13509,33,138654
11023,0.000117,172.217.24.0-255,3513,17022,33,138654
11024,0.00012,172.31.33.0-255,66,17088,33,138654
11025,0.000126,172.217.24.0-255,4320,21408,33,138654
11026,0.000129,172.31.33.0-255,66,21474,33,138654
11027,0.000138,172.217.24.0-255,2902,24376,33,138654
11028,0.00014,172.31.33.0-255,66,24442,33,138654
11029,0.000145,172.217.24.0-255,4320,28762,33,138654
11030,0.000151,172.31.33.0-255,66,28828,33,138654
11031,0.000179,172.217.24.0-255,2543,31371,33,138654
11032,0.000182,172.31.33.0-255,66,31437,33,138654
11033,0.000214,172.217.24.0-255,2902,34339,33,138654
11034,0.000217,172.31.33.0-255,66,34405,33,138654
11035,0.000247,172.217.24.0-255,7156,41561,33,138654
11036,0.000251,172.31.33.0-255,66,41627,33,138654
11037,0.00028,172.217.24.0-255,4320,45947,33,138654
11038,0.000284,172.31.33.0-255,66,46013,33,138654
11039,0.00031,172.217.24.0-255,2543,48556,33,138654
11040,0.000314,172.31.33.0-255,66,48622,33,138654
11041,0.000436,172.217.24.0-255,1484,50106,33,138654
11042,0.000439,172.31.33.0-255,66,50172,33,138654
11043,0.000444,172.217.24.0-255,2902,53074,33,138654
11044,0.00045,172.31.33.0-255,66,53140,33,138654
11045,0.000471,172.217.24.0-255,5738,58878,33,138654
11046,0.000474,172.31.33.0-255,66,58944,33,138654
11047,0.000508,172.217.24.0-255,6797,65741,33,138654
11048,0.000511,172.31.33.0-255,66,65807,33,138654
11049,0.000515,172.217.24.0-255,357,66164,33,138654
11050,0.000789,172.31.33.0-255,66,66230,33,138654
11051,0.000993,172.217.24.0-255,386,66616,33,138654
11052,0.001109,172.217.24.0-255,1484,68100,33,138654
11053,0.001114,172.31.33.0-255,66,68166,33,138654
11054,0.001119,172.217.24.0-255,2902,71068,33,138654
11055,0.001121,172.31.33.0-255,66,71134,33,138654
11056,0.001124,172.217.24.0-255,1484,72618,33,138654
11057,0.001154,172.217.24.0-255,4320,76938,33,138654
11058,0.001156,172.31.33.0-255,66,77004,33,138654
11059,0.001163,172.217.24.0-255,5738,82742,33,138654
11060,0.001165,172.31.33.0-255,66,82808,33,138654
11061,0.001187,172.217.24.0-255,1125,83933,33,138654
11062,0.001199,172.217.24.0-255,1484,85417,33,138654
11063,0.001206,172.31.33.0-255,66,85483,33,138654
11064,0.00121,172.217.24.0-255,2902,88385,33,138654
11065,0.001212,172.31.33.0-255,66,88451,33,138654
11066,0.001246,172.217.24.0-255,5738,94189,33,138654
11067,0.001249,172.31.33.0-255,66,94255,33,138654
11068,0.001257,172.217.24.0-255,6797,101052,33,138654
11069,0.001259,172.31.33.0-255,66,101118,33,138654
11070,0.001813,172.217.24.0-255,1484,102602,33,138654
11071,0.00182,172.217.24.0-255,2902,105504,33,138654
11072,0.001823,172.31.33.0-255,66,105570,33,138654
11073,0.001827,172.217.24.0-255,1484,107054,33,138654
11074,0.001853,172.217.24.0-255,4320,111374,33,138654
11075,0.001855,172.31.33.0-255,66,111440,33,138654
11076,0.001866,172.31.33.0-255,66,111506,33,138654
11077,0.001884,172.217.24.0-255,2902,114408,33,138654
11078,0.001887,172.31.33.0-255,66,114474,33,138654
11079,0.001898,172.31.33.0-255,66,114540,33,138654
11080,0.001901,172.217.24.0-255,2184,116724,33,138654
11081,0.001903,172.31.33.0-255,66,116790,33,138654
11082,0.003826,172.217.24.0-255,4320,121110,33,138654
11083,0.00383,172.31.33.0-255,66,121176,33,138654
11084,0.00388,172.217.24.0-255,1484,122660,33,138654
11085,0.005786,172.217.24.0-255,4320,126980,33,138654
11086,0.005791,172.31.33.0-255,66,127046,33,138654
11087,0.007755,172.217.24.0-255,5738,132784,33,138654
11088,0.007761,172.31.33.0-255,66,132850,33,138654
11089,0.009716,172.217.24.0-255,5738,138588,33,138654
11090,0.009722,172.31.33.0-255,66,138654,33,138654
11091,0.0,172.217.194.0-255,153,153,33,213002
11092,3.3e-05,172.31.33.0-255,66,219,33,213002
11093,4.1e-05,172.217.194.0-255,1484,1703,33,213002
11094,4.6e-05,172.31.33.0-255,66,1769,33,213002
11095,5.1e-05,172.217.194.0-255,2902,4671,33,213002
11096,5.4e-05,172.31.33.0-255,66,4737,33,213002
11097,6.8e-05,172.217.194.0-255,7156,11893,33,213002
11098,7.1e-05,172.31.33.0-255,66,11959,33,213002
11099,9.8e-05,172.217.194.0-255,5738,17697,33,213002
11100,0.000101,172.31.33.0-255,66,17763,33,213002
11101,0.00013,172.31.33.0-255,66,17829,33,213002
11102,0.000135,172.217.194.0-255,3961,21790,33,213002
11103,0.000137,172.31.33.0-255,66,21856,33,213002
11104,0.000277,172.217.194.0-255,1484,23340,33,213002
11105,0.000281,172.31.33.0-255,66,23406,33,213002
11106,0.000286,172.217.194.0-255,2902,26308,33,213002
11107,0.000289,172.31.33.0-255,66,26374,33,213002
11108,0.000293,172.217.194.0-255,2902,29276,33,213002
11109,0.000295,172.31.33.0-255,66,29342,33,213002
11110,0.000327,172.217.194.0-255,2902,32244,33,213002
11111,0.000331,172.31.33.0-255,66,32310,33,213002
11112,0.000339,172.217.194.0-255,6797,39107,33,213002
11113,0.000341,172.31.33.0-255,66,39173,33,213002
11114,0.000352,172.31.33.0-255,66,39239,33,213002
11115,0.000376,172.217.194.0-255,2902,42141,33,213002
11116,0.000378,172.31.33.0-255,66,42207,33,213002
11117,0.000383,172.217.194.0-255,2543,44750,33,213002
11118,0.000385,172.31.33.0-255,66,44816,33,213002
11119,0.001148,172.217.194.0-255,646,45462,33,213002
11120,0.001154,172.31.33.0-255,66,45528,33,213002
11121,0.001229,172.217.194.0-255,1484,47012,33,213002
11122,0.001233,172.31.33.0-255,66,47078,33,213002
11123,0.001258,172.217.194.0-255,2902,49980,33,213002
11124,0.001261,172.31.33.0-255,66,50046,33,213002
11125,0.001267,172.217.194.0-255,5738,55784,33,213002
11126,0.001268,172.31.33.0-255,66,55850,33,213002
11127,0.001272,172.217.194.0-255,2902,58752,33,213002
11128,0.001273,172.31.33.0-255,66,58818,33,213002
11129,0.0013,172.217.194.0-255,1484,60302,33,213002
11130,0.001301,172.31.33.0-255,66,60368,33,213002
11131,0.001321,172.217.194.0-255,1484,61852,33,213002
11132,0.001322,172.31.33.0-255,66,61918,33,213002
11133,0.001342,172.217.194.0-255,6797,68715,33,213002
11134,0.001344,172.31.33.0-255,66,68781,33,213002
11135,0.001352,172.31.33.0-255,66,68847,33,213002
11136,0.001371,172.217.194.0-255,2543,71390,33,213002
11137,0.001372,172.31.33.0-255,66,71456,33,213002
11138,0.002007,172.217.194.0-255,1484,72940,33,213002
11139,0.002008,172.31.33.0-255,66,73006,33,213002
11140,0.002032,172.217.194.0-255,1484,74490,33,213002
11141,0.002034,172.31.33.0-255,66,74556,33,213002
11142,0.002037,172.217.194.0-255,2902,77458,33,213002
11143,0.002039,172.31.33.0-255,66,77524,33,213002
11144,0.002055,172.217.194.0-255,1484,79008,33,213002
11145,0.002056,172.31.33.0-255,66,79074,33,213002
11146,0.002059,172.217.194.0-255,1484,80558,33,213002
11147,0.00206,172.31.33.0-255,66,80624,33,213002
11148,0.002082,172.31.33.0-255,66,80690,33,213002
11149,0.002086,172.217.194.0-255,4320,85010,33,213002
11150,0.002087,172.31.33.0-255,66,85076,33,213002
11151,0.00211,172.217.194.0-255,1484,86560,33,213002
11152,0.002112,172.31.33.0-255,66,86626,33,213002
11153,0.002115,172.217.194.0-255,2902,89528,33,213002
11154,0.002118,172.217.194.0-255,1484,91012,33,213002
11155,0.002142,172.217.194.0-255,4320,95332,33,213002
11156,0.002145,172.217.194.0-255,2184,97516,33,213002
11157,0.002229,172.217.194.0-255,1484,99000,33,213002
11158,0.002238,172.217.194.0-255,1484,100484,33,213002
11159,0.002251,172.217.194.0-255,1484,101968,33,213002
11160,0.002255,172.217.194.0-255,2902,104870,33,213002
11161,0.002263,172.217.194.0-255,2902,107772,33,213002
11162,0.002265,172.217.194.0-255,1484,109256,33,213002
11163,0.002295,172.217.194.0-255,1484,110740,33,213002
11164,0.002315,172.217.194.0-255,7156,117896,33,213002
11165,0.002318,172.217.194.0-255,2184,120080,33,213002
11166,0.002352,172.217.194.0-255,1484,121564,33,213002
11167,0.002356,172.217.194.0-255,2902,124466,33,213002
11168,0.002369,172.217.194.0-255,2902,127368,33,213002
11169,0.002414,172.217.194.0-255,1484,128852,33,213002
11170,0.002418,172.217.194.0-255,5738,134590,33,213002
11171,0.00242,172.217.194.0-255,1484,136074,33,213002
11172,0.002455,172.217.194.0-255,2902,138976,33,213002
11173,0.002474,172.217.194.0-255,3602,142578,33,213002
11174,0.002526,172.217.194.0-255,1484,144062,33,213002
11175,0.002542,172.217.194.0-255,2902,146964,33,213002
11176,0.002558,172.217.194.0-255,5738,152702,33,213002
11177,0.002582,172.217.194.0-255,4320,157022,33,213002
11178,0.002605,172.217.194.0-255,5738,162760,33,213002
11179,0.002643,172.217.194.0-255,1484,164244,33,213002
11180,0.002658,172.217.194.0-255,3602,167846,33,213002
11181,0.002788,172.217.194.0-255,1484,169330,33,213002
11182,0.002801,172.217.194.0-255,2902,172232,33,213002
11183,0.002824,172.217.194.0-255,5738,177970,33,213002
11184,0.002847,172.217.194.0-255,4320,182290,33,213002
11185,0.002878,172.217.194.0-255,5738,188028,33,213002
11186,0.002917,172.217.194.0-255,1484,189512,33,213002
11187,0.002962,172.217.194.0-255,5020,194532,33,213002
11188,0.002997,172.217.194.0-255,6438,200970,33,213002
11189,0.003021,172.217.194.0-255,4320,205290,33,213002
11190,0.003046,172.217.194.0-255,2902,208192,33,213002
11191,0.003167,172.217.194.0-255,1484,209676,33,213002
11192,0.003223,172.217.194.0-255,3050,212726,33,213002
11193,0.003226,172.217.194.0-255,105,212831,33,213002
11194,0.007313,172.31.33.0-255,66,212897,33,213002
11195,0.009719,172.31.33.0-255,105,213002,33,213002
11196,0.0,172.31.33.0-255,105,105,33,459
11197,0.000229,172.31.33.0-255,90,195,33,459
11198,0.00024,172.31.33.0-255,66,261,33,459
11199,0.002171,74.125.130.0-255,66,327,33,459
11200,0.002197,74.125.130.0-255,66,393,33,459
11201,0.002211,172.31.33.0-255,66,459,33,459
11202,0.0,74.125.68.0-255,153,153,33,203683
11203,2.7e-05,172.31.33.0-255,66,219,33,203683
11204,4.3e-05,74.125.68.0-255,1484,1703,33,203683
11205,4.7e-05,172.31.33.0-255,66,1769,33,203683
11206,5e-05,74.125.68.0-255,1484,3253,33,203683
11207,5.3e-05,172.31.33.0-255,66,3319,33,203683
11208,7.1e-05,74.125.68.0-255,1484,4803,33,203683
11209,7.4e-05,172.31.33.0-255,66,4869,33,203683
11210,7.8e-05,74.125.68.0-255,2902,7771,33,203683
11211,8e-05,172.31.33.0-255,66,7837,33,203683
11212,0.000105,74.125.68.0-255,2902,10739,33,203683
11213,0.000108,172.31.33.0-255,66,10805,33,203683
11214,0.000124,74.125.68.0-255,1484,12289,33,203683
11215,0.000126,172.31.33.0-255,66,12355,33,203683
11216,0.00013,74.125.68.0-255,2057,14412,33,203683
11217,0.000132,172.31.33.0-255,66,14478,33,203683
11218,0.000148,74.125.68.0-255,2902,17380,33,203683
11219,0.00015,172.31.33.0-255,66,17446,33,203683
11220,0.000157,74.125.68.0-255,5738,23184,33,203683
11221,0.000159,172.31.33.0-255,66,23250,33,203683
11222,0.000175,74.125.68.0-255,1484,24734,33,203683
11223,0.000177,172.31.33.0-255,66,24800,33,203683
11224,0.000182,74.125.68.0-255,4320,29120,33,203683
11225,0.000183,172.31.33.0-255,66,29186,33,203683
11226,0.00022,74.125.68.0-255,2543,31729,33,203683
11227,0.000222,172.31.33.0-255,66,31795,33,203683
11228,0.000534,74.125.68.0-255,1484,33279,33,203683
11229,0.000539,172.31.33.0-255,66,33345,33,203683
11230,0.00056,74.125.68.0-255,2902,36247,33,203683
11231,0.000564,172.31.33.0-255,66,36313,33,203683
11232,0.00058,74.125.68.0-255,2902,39215,33,203683
11233,0.000583,172.31.33.0-255,66,39281,33,203683
11234,0.000607,74.125.68.0-255,4320,43601,33,203683
11235,0.00061,172.31.33.0-255,66,43667,33,203683
11236,0.000627,74.125.68.0-255,2902,46569,33,203683
11237,0.000629,172.31.33.0-255,66,46635,33,203683
11238,0.000658,74.125.68.0-255,2543,49178,33,203683
11239,0.000661,172.31.33.0-255,66,49244,33,203683
11240,0.000667,74.125.68.0-255,4320,53564,33,203683
11241,0.000668,172.31.33.0-255,66,53630,33,203683
11242,0.000688,74.125.68.0-255,1484,55114,33,203683
11243,0.000692,74.125.68.0-255,1484,56598,33,203683
11244,0.000694,172.31.33.0-255,66,56664,33,203683
11245,0.00071,74.125.68.0-255,1484,58148,33,203683
11246,0.000734,74.125.68.0-255,7156,65304,33,203683
11247,0.000736,172.31.33.0-255,66,65370,33,203683
11248,0.000739,74.125.68.0-255,1431,66801,33,203683
11249,0.000909,74.125.68.0-255,1484,68285,33,203683
11250,0.000915,172.31.33.0-255,66,68351,33,203683
11251,0.000932,74.125.68.0-255,2902,71253,33,203683
11252,0.000934,172.31.33.0-255,66,71319,33,203683
11253,0.00095,74.125.68.0-255,4320,75639,33,203683
11254,0.000952,172.31.33.0-255,66,75705,33,203683
11255,0.001,172.31.33.0-255,66,75771,33,203683
11256,0.001004,74.125.68.0-255,2902,78673,33,203683
11257,0.001006,172.31.33.0-255,66,78739,33,203683
11258,0.001017,74.125.68.0-255,1484,80223,33,203683
11259,0.001032,74.125.68.0-255,7156,87379,33,203683
11260,0.001035,172.31.33.0-255,66,87445,33,203683
11261,0.001058,74.125.68.0-255,4320,91765,33,203683
11262,0.001061,172.31.33.0-255,66,91831,33,203683
11263,0.001063,74.125.68.0-255,766,92597,33,203683
11264,0.001113,74.125.68.0-255,350,92947,33,203683
11265,0.001156,74.125.68.0-255,1484,94431,33,203683
11266,0.001158,172.31.33.0-255,66,94497,33,203683
11267,0.001168,74.125.68.0-255,1484,95981,33,203683
11268,0.001182,74.125.68.0-255,2902,98883,33,203683
11269,0.001184,172.31.33.0-255,66,98949,33,203683
11270,0.001188,74.125.68.0-255,2902,101851,33,203683
11271,0.00119,172.31.33.0-255,66,101917,33,203683
11272,0.001204,74.125.68.0-255,4320,106237,33,203683
11273,0.001206,172.31.33.0-255,66,106303,33,203683
11274,0.001232,172.31.33.0-255,66,106369,33,203683
11275,0.001262,172.31.33.0-255,66,106435,33,203683
11276,0.001291,74.125.68.0-255,3602,110037,33,203683
11277,0.001292,172.31.33.0-255,66,110103,33,203683
11278,0.001969,74.125.68.0-255,1484,111587,33,203683
11279,0.001984,74.125.68.0-255,2902,114489,33,203683
11280,0.001986,172.31.33.0-255,66,114555,33,203683
11281,0.002004,74.125.68.0-255,2902,117457,33,203683
11282,0.002006,172.31.33.0-255,66,117523,33,203683
11283,0.002023,74.125.68.0-255,2902,120425,33,203683
11284,0.002025,172.31.33.0-255,66,120491,33,203683
11285,0.00205,74.125.68.0-255,2902,123393,33,203683
11286,0.002052,172.31.33.0-255,66,123459,33,203683
11287,0.002073,74.125.68.0-255,4320,127779,33,203683
11288,0.002075,172.31.33.0-255,66,127845,33,203683
11289,0.002089,172.31.33.0-255,66,127911,33,203683
11290,0.002101,74.125.68.0-255,2184,130095,33,203683
11291,0.002103,172.31.33.0-255,66,130161,33,203683
11292,0.002166,74.125.68.0-255,1484,131645,33,203683
11293,0.002183,74.125.68.0-255,2902,134547,33,203683
11294,0.002186,172.31.33.0-255,66,134613,33,203683
11295,0.002214,74.125.68.0-255,5738,140351,33,203683
11296,0.002216,172.31.33.0-255,66,140417,33,203683
11297,0.002219,74.125.68.0-255,1484,141901,33,203683
11298,0.002233,74.125.68.0-255,2902,144803,33,203683
11299,0.002235,172.31.33.0-255,66,144869,33,203683
11300,0.002257,74.125.68.0-255,5738,150607,33,203683
11301,0.002259,172.31.33.0-255,66,150673,33,203683
11302,0.002284,172.31.33.0-255,66,150739,33,203683
11303,0.002316,74.125.68.0-255,1484,152223,33,203683
11304,0.002329,74.125.68.0-255,2184,154407,33,203683
11305,0.002331,172.31.33.0-255,66,154473,33,203683
11306,0.002365,74.125.68.0-255,2902,157375,33,203683
11307,0.002367,172.31.33.0-255,66,157441,33,203683
11308,0.002388,74.125.68.0-255,4320,161761,33,203683
11309,0.002391,172.31.33.0-255,66,161827,33,203683
11310,0.002395,74.125.68.0-255,2902,164729,33,203683
11311,0.002397,172.31.33.0-255,66,164795,33,203683
11312,0.00242,74.125.68.0-255,5738,170533,33,203683
11313,0.002423,172.31.33.0-255,66,170599,33,203683
11314,0.002427,74.125.68.0-255,2902,173501,33,203683
11315,0.002429,172.31.33.0-255,66,173567,33,203683
11316,0.002434,74.125.68.0-255,4320,177887,33,203683
11317,0.002436,172.31.33.0-255,66,177953,33,203683
11318,0.00246,74.125.68.0-255,4320,182273,33,203683
11319,0.002463,172.31.33.0-255,66,182339,33,203683
11320,0.002493,74.125.68.0-255,5738,188077,33,203683
11321,0.002496,172.31.33.0-255,66,188143,33,203683
11322,0.002499,74.125.68.0-255,766,188909,33,203683
11323,0.002564,74.125.68.0-255,1484,190393,33,203683
11324,0.002566,172.31.33.0-255,66,190459,33,203683
11325,0.00258,74.125.68.0-255,2902,193361,33,203683
11326,0.002582,172.31.33.0-255,66,193427,33,203683
11327,0.005101,74.125.68.0-255,4320,197747,33,203683
11328,0.005109,172.31.33.0-255,66,197813,33,203683
11329,0.005129,74.125.68.0-255,1484,199297,33,203683
11330,0.007677,74.125.68.0-255,4320,203617,33,203683
11331,0.007682,172.31.33.0-255,66,203683,33,203683
11332,0.0,172.31.33.0-255,105,105,33,459
11333,0.000193,172.31.33.0-255,90,195,33,459
11334,0.000202,172.31.33.0-255,66,261,33,459
11335,0.002509,74.125.24.0-255,66,327,33,459
11336,0.002521,74.125.24.0-255,66,393,33,459
11337,0.00253,172.31.33.0-255,66,459,33,459
11338,0.0,172.217.194.0-255,148,148,33,150633
11339,2.3e-05,172.31.33.0-255,66,214,33,150633
11340,3e-05,172.217.194.0-255,1484,1698,33,150633
11341,3.4e-05,172.31.33.0-255,66,1764,33,150633
11342,3.6e-05,172.217.194.0-255,1484,3248,33,150633
11343,3.8e-05,172.31.33.0-255,66,3314,33,150633
11344,5.9e-05,172.217.194.0-255,1484,4798,33,150633
11345,6.1e-05,172.31.33.0-255,66,4864,33,150633
11346,6.8e-05,172.217.194.0-255,7156,12020,33,150633
11347,7e-05,172.31.33.0-255,66,12086,33,150633
11348,0.000107,172.31.33.0-255,66,12152,33,150633
11349,0.00012,172.217.194.0-255,2543,14695,33,150633
11350,0.000122,172.31.33.0-255,66,14761,33,150633
11351,0.000178,172.217.194.0-255,1484,16245,33,150633
11352,0.000181,172.31.33.0-255,66,16311,33,150633
11353,0.000185,172.217.194.0-255,2902,19213,33,150633
11354,0.000187,172.31.33.0-255,66,19279,33,150633
11355,0.000199,172.217.194.0-255,5738,25017,33,150633
11356,0.000201,172.31.33.0-255,66,25083,33,150633
11357,0.000246,172.217.194.0-255,6797,31880,33,150633
11358,0.000249,172.31.33.0-255,66,31946,33,150633
11359,0.00095,172.217.194.0-255,1484,33430,33,150633
11360,0.000955,172.31.33.0-255,66,33496,33,150633
11361,0.000964,172.217.194.0-255,2902,36398,33,150633
11362,0.000966,172.31.33.0-255,66,36464,33,150633
11363,0.000973,172.217.194.0-255,5738,42202,33,150633
11364,0.000974,172.31.33.0-255,66,42268,33,150633
11365,0.001003,172.217.194.0-255,4320,46588,33,150633
11366,0.001006,172.31.33.0-255,66,46654,33,150633
11367,0.001025,172.217.194.0-255,2543,49197,33,150633
11368,0.001028,172.31.33.0-255,66,49263,33,150633
11369,0.00104,172.217.194.0-255,2902,52165,33,150633
11370,0.001042,172.31.33.0-255,66,52231,33,150633
11371,0.00106,172.217.194.0-255,2902,55133,33,150633
11372,0.001062,172.31.33.0-255,66,55199,33,150633
11373,0.001069,172.217.194.0-255,7156,62355,33,150633
11374,0.001071,172.31.33.0-255,66,62421,33,150633
11375,0.001124,172.31.33.0-255,66,62487,33,150633
11376,0.001149,172.217.194.0-255,1125,63612,33,150633
11377,0.001154,172.217.194.0-255,5379,68991,33,150633
11378,0.001159,172.31.33.0-255,66,69057,33,150633
11379,0.001754,172.217.194.0-255,1484,70541,33,150633
11380,0.001773,172.217.194.0-255,2902,73443,33,150633
11381,0.001776,172.31.33.0-255,66,73509,33,150633
11382,0.001782,172.217.194.0-255,5738,79247,33,150633
11383,0.001784,172.31.33.0-255,66,79313,33,150633
11384,0.001793,172.217.194.0-255,1484,80797,33,150633
11385,0.001822,172.31.33.0-255,66,80863,33,150633
11386,0.001844,172.217.194.0-255,2902,83765,33,150633
11387,0.001846,172.31.33.0-255,66,83831,33,150633
11388,0.001855,172.31.33.0-255,66,83897,33,150633
11389,0.001882,172.31.33.0-255,66,83963,33,150633
11390,0.001896,172.217.194.0-255,5738,89701,33,150633
11391,0.001897,172.31.33.0-255,66,89767,33,150633
11392,0.0019,172.217.194.0-255,1484,91251,33,150633
11393,0.001938,172.217.194.0-255,5020,96271,33,150633
11394,0.001942,172.31.33.0-255,66,96337,33,150633
11395,0.001948,172.31.33.0-255,66,96403,33,150633
11396,0.001981,172.217.194.0-255,7156,103559,33,150633
11397,0.001984,172.31.33.0-255,66,103625,33,150633
11398,0.002015,172.31.33.0-255,66,103691,33,150633
11399,0.002035,172.217.194.0-255,5738,109429,33,150633
11400,0.002037,172.31.33.0-255,66,109495,33,150633
11401,0.002059,172.217.194.0-255,3602,113097,33,150633
11402,0.002061,172.31.33.0-255,66,113163,33,150633
11403,0.002064,172.217.194.0-255,1484,114647,33,150633
11404,0.002081,172.217.194.0-255,7156,121803,33,150633
11405,0.002084,172.31.33.0-255,66,121869,33,150633
11406,0.002093,172.217.194.0-255,1484,123353,33,150633
11407,0.002103,172.31.33.0-255,66,123419,33,150633
11408,0.002136,172.217.194.0-255,1484,124903,33,150633
11409,0.002153,172.31.33.0-255,66,124969,33,150633
11410,0.002173,172.217.194.0-255,5020,129989,33,150633
11411,0.002176,172.31.33.0-255,66,130055,33,150633
11412,0.002244,172.217.194.0-255,1484,131539,33,150633
11413,0.002248,172.217.194.0-255,2902,134441,33,150633
11414,0.00225,172.31.33.0-255,66,134507,33,150633
11415,0.004377,172.217.194.0-255,1484,135991,33,150633
11416,0.004461,172.217.194.0-255,2902,138893,33,150633
11417,0.004465,172.31.33.0-255,66,138959,33,150633
11418,0.004476,172.217.194.0-255,1484,140443,33,150633
11419,0.00666,172.217.194.0-255,4320,144763,33,150633
11420,0.006666,172.31.33.0-255,66,144829,33,150633
11421,0.008877,172.217.194.0-255,5738,150567,33,150633
11422,0.008884,172.31.33.0-255,66,150633,33,150633
11423,0.0,74.125.68.0-255,153,153,33,173195
11424,1.6e-05,172.31.33.0-255,66,219,33,173195
11425,2.3e-05,74.125.68.0-255,1484,1703,33,173195
11426,2.7e-05,172.31.33.0-255,66,1769,33,173195
11427,3e-05,74.125.68.0-255,1484,3253,33,173195
11428,3.3e-05,172.31.33.0-255,66,3319,33,173195
11429,3.9e-05,74.125.68.0-255,2902,6221,33,173195
11430,4.1e-05,172.31.33.0-255,66,6287,33,173195
11431,8.4e-05,74.125.68.0-255,5738,12025,33,173195
11432,8.7e-05,172.31.33.0-255,66,12091,33,173195
11433,9.2e-05,74.125.68.0-255,1993,14084,33,173195
11434,9.4e-05,172.31.33.0-255,66,14150,33,173195
11435,0.00023,74.125.68.0-255,1484,15634,33,173195
11436,0.000235,172.31.33.0-255,66,15700,33,173195
11437,0.000241,74.125.68.0-255,2902,18602,33,173195
11438,0.000244,172.31.33.0-255,66,18668,33,173195
11439,0.000264,74.125.68.0-255,5738,24406,33,173195
11440,0.000267,172.31.33.0-255,66,24472,33,173195
11441,0.000293,74.125.68.0-255,6797,31269,33,173195
11442,0.000295,172.31.33.0-255,66,31335,33,173195
11443,0.000369,74.125.68.0-255,1484,32819,33,173195
11444,0.000372,172.31.33.0-255,66,32885,33,173195
11445,0.000377,74.125.68.0-255,2902,35787,33,173195
11446,0.000379,172.31.33.0-255,66,35853,33,173195
11447,0.000399,74.125.68.0-255,2902,38755,33,173195
11448,0.000401,172.31.33.0-255,66,38821,33,173195
11449,0.000411,74.125.68.0-255,1484,40305,33,173195
11450,0.000412,172.31.33.0-255,66,40371,33,173195
11451,0.000429,74.125.68.0-255,2902,43273,33,173195
11452,0.000431,172.31.33.0-255,66,43339,33,173195
11453,0.000444,74.125.68.0-255,4320,47659,33,173195
11454,0.000446,172.31.33.0-255,66,47725,33,173195
11455,0.000471,74.125.68.0-255,3961,51686,33,173195
11456,0.000473,172.31.33.0-255,66,51752,33,173195
11457,0.00048,74.125.68.0-255,7156,58908,33,173195
11458,0.000482,172.31.33.0-255,66,58974,33,173195
11459,0.000491,74.125.68.0-255,1484,60458,33,173195
11460,0.000496,74.125.68.0-255,2902,63360,33,173195
11461,0.000498,172.31.33.0-255,66,63426,33,173195
11462,0.000508,74.125.68.0-255,2850,66276,33,173195
11463,0.00051,172.31.33.0-255,66,66342,33,173195
11464,0.000547,74.125.68.0-255,379,66721,33,173195
11465,0.00095,74.125.68.0-255,1484,68205,33,173195
11466,0.000954,172.31.33.0-255,66,68271,33,173195
11467,0.000959,74.125.68.0-255,2902,71173,33,173195
11468,0.000961,172.31.33.0-255,66,71239,33,173195
11469,0.000965,74.125.68.0-255,2902,74141,33,173195
11470,0.000966,172.31.33.0-255,66,74207,33,173195
11471,0.000985,74.125.68.0-255,2902,77109,33,173195
11472,0.000987,172.31.33.0-255,66,77175,33,173195
11473,0.001003,74.125.68.0-255,2902,80077,33,173195
11474,0.001005,172.31.33.0-255,66,80143,33,173195
11475,0.00102,74.125.68.0-255,4320,84463,33,173195
11476,0.001022,172.31.33.0-255,66,84529,33,173195
11477,0.001027,74.125.68.0-255,4320,88849,33,173195
11478,0.001029,172.31.33.0-255,66,88915,33,173195
11479,0.00105,74.125.68.0-255,5738,94653,33,173195
11480,0.001052,172.31.33.0-255,66,94719,33,173195
11481,0.001071,74.125.68.0-255,5738,100457,33,173195
11482,0.001073,172.31.33.0-255,66,100523,33,173195
11483,0.001092,74.125.68.0-255,766,101289,33,173195
11484,0.001331,172.31.33.0-255,66,101355,33,173195
11485,0.00225,74.125.68.0-255,1484,102839,33,173195
11486,0.002258,74.125.68.0-255,1484,104323,33,173195
11487,0.002262,172.31.33.0-255,66,104389,33,173195
11488,0.002266,74.125.68.0-255,1484,105873,33,173195
11489,0.00228,74.125.68.0-255,1484,107357,33,173195
11490,0.002282,172.31.33.0-255,66,107423,33,173195
11491,0.002313,74.125.68.0-255,5738,113161,33,173195
11492,0.002315,172.31.33.0-255,66,113227,33,173195
11493,0.002322,74.125.68.0-255,5738,118965,33,173195
11494,0.002323,172.31.33.0-255,66,119031,33,173195
11495,0.00234,74.125.68.0-255,2902,121933,33,173195
11496,0.002342,172.31.33.0-255,66,121999,33,173195
11497,0.002346,74.125.68.0-255,2902,124901,33,173195
11498,0.002347,172.31.33.0-255,66,124967,33,173195
11499,0.002372,74.125.68.0-255,7156,132123,33,173195
11500,0.002374,172.31.33.0-255,66,132189,33,173195
11501,0.002377,74.125.68.0-255,1484,133673,33,173195
11502,0.002393,74.125.68.0-255,2184,135857,33,173195
11503,0.002394,172.31.33.0-255,66,135923,33,173195
11504,0.00246,74.125.68.0-255,1484,137407,33,173195
11505,0.002464,74.125.68.0-255,2902,140309,33,173195
11506,0.002465,172.31.33.0-255,66,140375,33,173195
11507,0.002479,74.125.68.0-255,1484,141859,33,173195
11508,0.002494,74.125.68.0-255,4320,146179,33,173195
11509,0.002496,172.31.33.0-255,66,146245,33,173195
11510,0.002511,74.125.68.0-255,4320,150565,33,173195
11511,0.002513,172.31.33.0-255,66,150631,33,173195
11512,0.002541,172.31.33.0-255,66,150697,33,173195
11513,0.002547,74.125.68.0-255,5738,156435,33,173195
11514,0.002549,172.31.33.0-255,66,156501,33,173195
11515,0.002579,74.125.68.0-255,5020,161521,33,173195
11516,0.002581,172.31.33.0-255,66,161587,33,173195
11517,0.005113,74.125.68.0-255,5738,167325,33,173195
11518,0.005118,172.31.33.0-255,66,167391,33,173195
11519,0.007659,74.125.68.0-255,5738,173129,33,173195
11520,0.007666,172.31.33.0-255,66,173195,33,173195
11521,0.0,172.217.194.0-255,431,431,33,91569
11522,1.8e-05,172.217.194.0-255,1484,1915,33,91569
11523,2.9e-05,172.31.33.0-255,66,1981,33,91569
11524,4e-05,172.217.194.0-255,4320,6301,33,91569
11525,4.3e-05,172.31.33.0-255,66,6367,33,91569
11526,0.000194,172.217.194.0-255,5738,12105,33,91569
11527,0.000199,172.31.33.0-255,66,12171,33,91569
11528,0.000217,172.217.194.0-255,3428,15599,33,91569
11529,0.000219,172.31.33.0-255,66,15665,33,91569
11530,0.000611,172.217.194.0-255,4320,19985,33,91569
11531,0.000616,172.31.33.0-255,66,20051,33,91569
11532,0.000798,172.217.194.0-255,5738,25789,33,91569
11533,0.000802,172.31.33.0-255,66,25855,33,91569
11534,0.000823,172.217.194.0-255,4320,30175,33,91569
11535,0.000825,172.31.33.0-255,66,30241,33,91569
11536,0.00259,172.217.194.0-255,5738,35979,33,91569
11537,0.002742,172.217.194.0-255,5738,41717,33,91569
11538,0.002764,172.217.194.0-255,7156,48873,33,91569
11539,0.003292,172.217.194.0-255,7156,56029,33,91569
11540,0.003536,172.31.33.0-255,66,56095,33,91569
11541,0.004192,172.31.33.0-255,66,56161,33,91569
11542,0.00483,172.217.194.0-255,7156,63317,33,91569
11543,0.004836,172.31.33.0-255,66,63383,33,91569
11544,0.006217,172.217.194.0-255,5738,69121,33,91569
11545,0.006801,172.217.194.0-255,5738,74859,33,91569
11546,0.007037,172.217.194.0-255,5738,80597,33,91569
11547,0.007433,172.217.194.0-255,7156,87753,33,91569
11548,0.008201,172.217.194.0-255,3816,91569,33,91569
11549,0.0,172.217.194.0-255,143,143,33,174318
11550,2.2e-05,172.31.33.0-255,66,209,33,174318
11551,2.9e-05,172.217.194.0-255,1484,1693,33,174318
11552,3.3e-05,172.31.33.0-255,66,1759,33,174318
11553,3.9e-05,172.217.194.0-255,2902,4661,33,174318
11554,4.2e-05,172.31.33.0-255,66,4727,33,174318
11555,5e-05,172.217.194.0-255,7156,11883,33,174318
11556,5.3e-05,172.31.33.0-255,66,11949,33,174318
11557,6.5e-05,172.31.33.0-255,66,12015,33,174318
11558,9.2e-05,172.217.194.0-255,5738,17753,33,174318
11559,9.5e-05,172.31.33.0-255,66,17819,33,174318
11560,0.000118,172.217.194.0-255,5379,23198,33,174318
11561,0.000121,172.31.33.0-255,66,23264,33,174318
11562,0.000149,172.217.194.0-255,5738,29002,33,174318
11563,0.000152,172.31.33.0-255,66,29068,33,174318
11564,0.000177,172.217.194.0-255,5738,34806,33,174318
11565,0.000179,172.31.33.0-255,66,34872,33,174318
11566,0.000186,172.217.194.0-255,5379,40251,33,174318
11567,0.000188,172.31.33.0-255,66,40317,33,174318
11568,0.000193,172.217.194.0-255,2902,43219,33,174318
11569,0.000195,172.31.33.0-255,66,43285,33,174318
11570,0.0002,172.217.194.0-255,4320,47605,33,174318
11571,0.000203,172.31.33.0-255,66,47671,33,174318
11572,0.000239,172.31.33.0-255,66,47737,33,174318
11573,0.000242,172.217.194.0-255,1125,48862,33,174318
11574,0.000244,172.31.33.0-255,66,48928,33,174318
11575,0.000345,172.217.194.0-255,648,49576,33,174318
11576,0.00035,172.31.33.0-255,66,49642,33,174318
11577,0.000652,172.217.194.0-255,1484,51126,33,174318
11578,0.000657,172.31.33.0-255,66,51192,33,174318
11579,0.000662,172.217.194.0-255,2902,54094,33,174318
11580,0.000664,172.31.33.0-255,66,54160,33,174318
11581,0.00067,172.217.194.0-255,2902,57062,33,174318
11582,0.000672,172.31.33.0-255,66,57128,33,174318
11583,0.000686,172.217.194.0-255,2902,60030,33,174318
11584,0.000688,172.31.33.0-255,66,60096,33,174318
11585,0.000735,172.217.194.0-255,6797,66893,33,174318
11586,0.000739,172.31.33.0-255,66,66959,33,174318
11587,0.000747,172.217.194.0-255,7156,74115,33,174318
11588,0.000749,172.31.33.0-255,66,74181,33,174318
11589,0.000754,172.217.194.0-255,2902,77083,33,174318
11590,0.000756,172.31.33.0-255,66,77149,33,174318
11591,0.000784,172.217.194.0-255,6797,83946,33,174318
11592,0.000787,172.31.33.0-255,66,84012,33,174318
11593,0.000961,172.217.194.0-255,1484,85496,33,174318
11594,0.000967,172.217.194.0-255,2902,88398,33,174318
11595,0.00097,172.31.33.0-255,66,88464,33,174318
11596,0.000977,172.217.194.0-255,5738,94202,33,174318
11597,0.000979,172.31.33.0-255,66,94268,33,174318
11598,0.001013,172.217.194.0-255,6246,100514,33,174318
11599,0.001016,172.31.33.0-255,66,100580,33,174318
11600,0.001192,172.217.194.0-255,1484,102064,33,174318
11601,0.001198,172.217.194.0-255,2902,104966,33,174318
11602,0.001201,172.31.33.0-255,66,105032,33,174318
11603,0.001221,172.217.194.0-255,5738,110770,33,174318
11604,0.001223,172.31.33.0-255,66,110836,33,174318
11605,0.001242,172.217.194.0-255,4320,115156,33,174318
11606,0.001244,172.31.33.0-255,66,115222,33,174318
11607,0.001269,172.31.33.0-255,66,115288,33,174318
11608,0.001281,172.31.33.0-255,66,115354,33,174318
11609,0.001881,172.217.194.0-255,1484,116838,33,174318
11610,0.001891,172.217.194.0-255,2902,119740,33,174318
11611,0.001896,172.31.33.0-255,66,119806,33,174318
11612,0.001903,172.217.194.0-255,5738,125544,33,174318
11613,0.001905,172.31.33.0-255,66,125610,33,174318
11614,0.001939,172.31.33.0-255,66,125676,33,174318
11615,0.001942,172.217.194.0-255,1484,127160,33,174318
11616,0.001966,172.217.194.0-255,1484,128644,33,174318
11617,0.001969,172.31.33.0-255,66,128710,33,174318
11618,0.001994,172.31.33.0-255,66,128776,33,174318
11619,0.002052,172.217.194.0-255,1484,130260,33,174318
11620,0.002057,172.217.194.0-255,2902,133162,33,174318
11621,0.00206,172.31.33.0-255,66,133228,33,174318
11622,0.002084,172.217.194.0-255,5738,138966,33,174318
11623,0.002087,172.31.33.0-255,66,139032,33,174318
11624,0.002098,172.31.33.0-255,66,139098,33,174318
11625,0.00212,172.217.194.0-255,1484,140582,33,174318
11626,0.002133,172.217.194.0-255,4320,144902,33,174318
11627,0.002136,172.31.33.0-255,66,144968,33,174318
11628,0.002162,172.31.33.0-255,66,145034,33,174318
11629,0.002539,172.217.194.0-255,1484,146518,33,174318
11630,0.002544,172.217.194.0-255,2902,149420,33,174318
11631,0.002548,172.31.33.0-255,66,149486,33,174318
11632,0.002576,172.217.194.0-255,5738,155224,33,174318
11633,0.002579,172.31.33.0-255,66,155290,33,174318
11634,0.002582,172.217.194.0-255,1484,156774,33,174318
11635,0.002606,172.31.33.0-255,66,156840,33,174318
11636,0.002643,172.217.194.0-255,5738,162578,33,174318
11637,0.002646,172.31.33.0-255,66,162644,33,174318
11638,0.002677,172.31.33.0-255,66,162710,33,174318
11639,0.005305,172.217.194.0-255,5738,168448,33,174318
11640,0.005308,172.31.33.0-255,66,168514,33,174318
11641,0.00796,172.217.194.0-255,5738,174252,33,174318
11642,0.00798,172.31.33.0-255,66,174318,33,174318
11643,0.0,172.217.194.0-255,153,153,33,70606
11644,2.1e-05,172.31.33.0-255,66,219,33,70606
11645,2.8e-05,172.217.194.0-255,1484,1703,33,70606
11646,3.2e-05,172.31.33.0-255,66,1769,33,70606
11647,3.8e-05,172.217.194.0-255,2902,4671,33,70606
11648,4.1e-05,172.31.33.0-255,66,4737,33,70606
11649,4.9e-05,172.217.194.0-255,7156,11893,33,70606
11650,5.1e-05,172.31.33.0-255,66,11959,33,70606
11651,5.5e-05,172.217.194.0-255,1484,13443,33,70606
11652,5.6e-05,172.31.33.0-255,66,13509,33,70606
11653,9.5e-05,172.31.33.0-255,66,13575,33,70606
11654,0.000113,172.217.194.0-255,4320,17895,33,70606
11655,0.000115,172.31.33.0-255,66,17961,33,70606
11656,0.000134,172.217.194.0-255,3961,21922,33,70606
11657,0.000137,172.31.33.0-255,66,21988,33,70606
11658,0.000144,172.217.194.0-255,7156,29144,33,70606
11659,0.000146,172.31.33.0-255,66,29210,33,70606
11660,0.000168,172.217.194.0-255,1484,30694,33,70606
11661,0.00017,172.31.33.0-255,66,30760,33,70606
11662,0.000177,172.217.194.0-255,7156,37916,33,70606
11663,0.000179,172.31.33.0-255,66,37982,33,70606
11664,0.000183,172.217.194.0-255,2902,40884,33,70606
11665,0.000184,172.31.33.0-255,66,40950,33,70606
11666,0.000225,172.31.33.0-255,66,41016,33,70606
11667,0.000228,172.217.194.0-255,766,41782,33,70606
11668,0.000229,172.31.33.0-255,66,41848,33,70606
11669,0.001508,172.217.194.0-255,646,42494,33,70606
11670,0.001515,172.31.33.0-255,66,42560,33,70606
11671,0.001627,172.217.194.0-255,1484,44044,33,70606
11672,0.00163,172.31.33.0-255,66,44110,33,70606
11673,0.001651,172.217.194.0-255,2902,47012,33,70606
11674,0.001659,172.217.194.0-255,5738,52750,33,70606
11675,0.00169,172.217.194.0-255,6248,58998,33,70606
11676,0.005736,172.31.33.0-255,66,59064,33,70606
11677,0.007769,172.217.194.0-255,5738,64802,33,70606
11678,0.007776,172.31.33.0-255,66,64868,33,70606
11679,0.009783,172.217.194.0-255,5738,70606,33,70606
11680,0.0,74.125.130.0-255,153,153,33,232512
11681,3e-05,172.31.33.0-255,66,219,33,232512
11682,3.6e-05,74.125.130.0-255,1484,1703,33,232512
11683,4e-05,172.31.33.0-255,66,1769,33,232512
11684,4.6e-05,74.125.130.0-255,2902,4671,33,232512
11685,4.9e-05,172.31.33.0-255,66,4737,33,232512
11686,5.3e-05,74.125.130.0-255,1484,6221,33,232512
11687,5.5e-05,172.31.33.0-255,66,6287,33,232512
11688,8.1e-05,74.125.130.0-255,5738,12025,33,232512
11689,8.4e-05,74.125.130.0-255,2010,14035,33,232512
11690,8.6e-05,172.31.33.0-255,66,14101,33,232512
11691,8.6e-05,74.125.130.0-255,1484,15585,33,232512
11692,8.9e-05,172.31.33.0-255,66,15651,33,232512
11693,9.2e-05,172.31.33.0-255,66,15717,33,232512
11694,0.000109,74.125.130.0-255,1484,17201,33,232512
11695,0.000112,172.31.33.0-255,66,17267,33,232512
11696,0.000118,74.125.130.0-255,4320,21587,33,232512
11697,0.00012,172.31.33.0-255,66,21653,33,232512
11698,0.000141,74.125.130.0-255,2902,24555,33,232512
11699,0.000144,172.31.33.0-255,66,24621,33,232512
11700,0.000146,74.125.130.0-255,1484,26105,33,232512
11701,0.000148,172.31.33.0-255,66,26171,33,232512
11702,0.000154,74.125.130.0-255,2902,29073,33,232512
11703,0.000156,172.31.33.0-255,66,29139,33,232512
11704,0.000163,74.125.130.0-255,5738,34877,33,232512
11705,0.000165,172.31.33.0-255,66,34943,33,232512
11706,0.000168,74.125.130.0-255,1484,36427,33,232512
11707,0.00017,172.31.33.0-255,66,36493,33,232512
11708,0.000182,74.125.130.0-255,1484,37977,33,232512
11709,0.000184,172.31.33.0-255,66,38043,33,232512
11710,0.000208,74.125.130.0-255,7156,45199,33,232512
11711,0.000212,172.31.33.0-255,66,45265,33,232512
11712,0.000231,74.125.130.0-255,3602,48867,33,232512
11713,0.000269,74.125.130.0-255,2902,51769,33,232512
11714,0.000284,74.125.130.0-255,1484,53253,33,232512
11715,0.000288,74.125.130.0-255,4320,57573,33,232512
11716,0.000291,172.31.33.0-255,66,57639,33,232512
11717,0.000298,172.31.33.0-255,66,57705,33,232512
11718,0.000306,74.125.130.0-255,1484,59189,33,232512
11719,0.000325,74.125.130.0-255,4320,63509,33,232512
11720,0.00033,74.125.130.0-255,2543,66052,33,232512
11721,0.000333,172.31.33.0-255,66,66118,33,232512
11722,0.000513,74.125.130.0-255,646,66764,33,232512
11723,0.000854,172.31.33.0-255,66,66830,33,232512
11724,0.001067,74.125.130.0-255,1484,68314,33,232512
11725,0.001074,74.125.130.0-255,1484,69798,33,232512
11726,0.001079,74.125.130.0-255,2902,72700,33,232512
11727,0.001101,74.125.130.0-255,5738,78438,33,232512
11728,0.001135,74.125.130.0-255,7156,85594,33,232512
11729,0.001151,74.125.130.0-255,1484,87078,33,232512
11730,0.001201,74.125.130.0-255,3602,90680,33,232512
11731,0.001394,74.125.130.0-255,1484,92164,33,232512
11732,0.001416,74.125.130.0-255,2902,95066,33,232512
11733,0.001428,74.125.130.0-255,2902,97968,33,232512
11734,0.001442,74.125.130.0-255,2902,100870,33,232512
11735,0.001455,74.125.130.0-255,2902,103772,33,232512
11736,0.001491,74.125.130.0-255,4320,108092,33,232512
11737,0.001496,74.125.130.0-255,2902,110994,33,232512
11738,0.0015,74.125.130.0-255,4320,115314,33,232512
11739,0.001512,74.125.130.0-255,1484,116798,33,232512
11740,0.001538,74.125.130.0-255,7156,123954,33,232512
11741,0.00154,74.125.130.0-255,766,124720,33,232512
11742,0.001599,74.125.130.0-255,1484,126204,33,232512
11743,0.001604,74.125.130.0-255,1484,127688,33,232512
11744,0.001618,74.125.130.0-255,1484,129172,33,232512
11745,0.001638,74.125.130.0-255,2902,132074,33,232512
11746,0.001653,74.125.130.0-255,2902,134976,33,232512
11747,0.001656,74.125.130.0-255,1484,136460,33,232512
11748,0.001669,74.125.130.0-255,4320,140780,33,232512
11749,0.001686,74.125.130.0-255,1484,142264,33,232512
11750,0.001693,74.125.130.0-255,7156,149420,33,232512
11751,0.001714,74.125.130.0-255,4320,153740,33,232512
11752,0.001729,74.125.130.0-255,5020,158760,33,232512
11753,0.001776,74.125.130.0-255,1484,160244,33,232512
11754,0.001793,74.125.130.0-255,2902,163146,33,232512
11755,0.00181,74.125.130.0-255,5738,168884,33,232512
11756,0.001835,74.125.130.0-255,4320,173204,33,232512
11757,0.001853,74.125.130.0-255,5738,178942,33,232512
11758,0.001859,74.125.130.0-255,5738,184680,33,232512
11759,0.001879,74.125.130.0-255,5738,190418,33,232512
11760,0.001883,74.125.130.0-255,2184,192602,33,232512
11761,0.002019,74.125.130.0-255,1484,194086,33,232512
11762,0.002024,74.125.130.0-255,1484,195570,33,232512
11763,0.002044,74.125.130.0-255,2902,198472,33,232512
11764,0.002048,74.125.130.0-255,2902,201374,33,232512
11765,0.002063,74.125.130.0-255,2902,204276,33,232512
11766,0.002083,74.125.130.0-255,2902,207178,33,232512
11767,0.002097,74.125.130.0-255,4320,211498,33,232512
11768,0.002108,74.125.130.0-255,2902,214400,33,232512
11769,0.00212,74.125.130.0-255,1484,215884,33,232512
11770,0.002141,74.125.130.0-255,7156,223040,33,232512
11771,0.00216,74.125.130.0-255,3602,226642,33,232512
11772,0.006287,172.31.33.0-255,66,226708,33,232512
11773,0.008535,74.125.130.0-255,5738,232446,33,232512
11774,0.008544,172.31.33.0-255,66,232512,33,232512
11775,0.0,74.125.200.0-255,153,153,33,174101
11776,5.2e-05,172.31.33.0-255,66,219,33,174101
11777,6e-05,74.125.200.0-255,1484,1703,33,174101
11778,6.5e-05,172.31.33.0-255,66,1769,33,174101
11779,6.9e-05,74.125.200.0-255,1484,3253,33,174101
11780,7.1e-05,172.31.33.0-255,66,3319,33,174101
11781,7.8e-05,74.125.200.0-255,2902,6221,33,174101
11782,8e-05,172.31.33.0-255,66,6287,33,174101
11783,8.5e-05,74.125.200.0-255,5738,12025,33,174101
11784,8.8e-05,172.31.33.0-255,66,12091,33,174101
11785,9.1e-05,74.125.200.0-255,2028,14119,33,174101
11786,9.4e-05,172.31.33.0-255,66,14185,33,174101
11787,0.000618,74.125.200.0-255,1484,15669,33,174101
11788,0.000624,172.31.33.0-255,66,15735,33,174101
11789,0.000634,74.125.200.0-255,2902,18637,33,174101
11790,0.000637,172.31.33.0-255,66,18703,33,174101
11791,0.000642,74.125.200.0-255,2902,21605,33,174101
11792,0.000645,172.31.33.0-255,66,21671,33,174101
11793,0.00065,74.125.200.0-255,4320,25991,33,174101
11794,0.000652,172.31.33.0-255,66,26057,33,174101
11795,0.000689,74.125.200.0-255,2902,28959,33,174101
11796,0.000692,172.31.33.0-255,66,29025,33,174101
11797,0.00071,74.125.200.0-255,3961,32986,33,174101
11798,0.000713,172.31.33.0-255,66,33052,33,174101
11799,0.000725,74.125.200.0-255,2902,35954,33,174101
11800,0.000728,172.31.33.0-255,66,36020,33,174101
11801,0.000748,74.125.200.0-255,4320,40340,33,174101
11802,0.000751,172.31.33.0-255,66,40406,33,174101
11803,0.000759,74.125.200.0-255,5738,46144,33,174101
11804,0.000761,172.31.33.0-255,66,46210,33,174101
11805,0.000764,74.125.200.0-255,1484,47694,33,174101
11806,0.000766,172.31.33.0-255,66,47760,33,174101
11807,0.000789,74.125.200.0-255,5738,53498,33,174101
11808,0.000792,172.31.33.0-255,66,53564,33,174101
11809,0.000829,172.31.33.0-255,66,53630,33,174101
11810,0.00087,74.125.200.0-255,364,53994,33,174101
11811,0.000914,74.125.200.0-255,130,54124,33,174101
11812,0.001074,74.125.200.0-255,1484,55608,33,174101
11813,0.00108,172.31.33.0-255,66,55674,33,174101
11814,0.001092,74.125.200.0-255,1484,57158,33,174101
11815,0.001115,74.125.200.0-255,2902,60060,33,174101
11816,0.00112,172.31.33.0-255,66,60126,33,174101
11817,0.001137,74.125.200.0-255,1484,61610,33,174101
11818,0.001158,74.125.200.0-255,4320,65930,33,174101
11819,0.00116,172.31.33.0-255,66,65996,33,174101
11820,0.001164,74.125.200.0-255,2902,68898,33,174101
11821,0.001165,172.31.33.0-255,66,68964,33,174101
11822,0.00117,74.125.200.0-255,4320,73284,33,174101
11823,0.001172,172.31.33.0-255,66,73350,33,174101
11824,0.001178,74.125.200.0-255,5738,79088,33,174101
11825,0.00118,172.31.33.0-255,66,79154,33,174101
11826,0.001203,74.125.200.0-255,2902,82056,33,174101
11827,0.001205,172.31.33.0-255,66,82122,33,174101
11828,0.001212,74.125.200.0-255,6438,88560,33,174101
11829,0.001214,172.31.33.0-255,66,88626,33,174101
11830,0.001216,74.125.200.0-255,345,88971,33,174101
11831,0.001361,74.125.200.0-255,1484,90455,33,174101
11832,0.001363,172.31.33.0-255,66,90521,33,174101
11833,0.00138,74.125.200.0-255,2902,93423,33,174101
11834,0.001383,172.31.33.0-255,66,93489,33,174101
11835,0.001399,74.125.200.0-255,1484,94973,33,174101
11836,0.001413,74.125.200.0-255,2902,97875,33,174101
11837,0.001415,172.31.33.0-255,66,97941,33,174101
11838,0.001421,74.125.200.0-255,5738,103679,33,174101
11839,0.001424,172.31.33.0-255,66,103745,33,174101
11840,0.00144,74.125.200.0-255,4320,108065,33,174101
11841,0.001442,172.31.33.0-255,66,108131,33,174101
11842,0.001462,74.125.200.0-255,7156,115287,33,174101
11843,0.001464,172.31.33.0-255,66,115353,33,174101
11844,0.001483,74.125.200.0-255,1484,116837,33,174101
11845,0.001505,74.125.200.0-255,6438,123275,33,174101
11846,0.001507,172.31.33.0-255,66,123341,33,174101
11847,0.001706,74.125.200.0-255,1484,124825,33,174101
11848,0.001711,74.125.200.0-255,2902,127727,33,174101
11849,0.001713,172.31.33.0-255,66,127793,33,174101
11850,0.001716,74.125.200.0-255,1484,129277,33,174101
11851,0.001734,74.125.200.0-255,4320,133597,33,174101
11852,0.001736,172.31.33.0-255,66,133663,33,174101
11853,0.001739,74.125.200.0-255,1484,135147,33,174101
11854,0.001754,74.125.200.0-255,2902,138049,33,174101
11855,0.001756,172.31.33.0-255,66,138115,33,174101
11856,0.001759,74.125.200.0-255,1484,139599,33,174101
11857,0.001776,74.125.200.0-255,4320,143919,33,174101
11858,0.001778,172.31.33.0-255,66,143985,33,174101
11859,0.001796,74.125.200.0-255,5738,149723,33,174101
11860,0.001798,172.31.33.0-255,66,149789,33,174101
11861,0.001822,74.125.200.0-255,7156,156945,33,174101
11862,0.001825,172.31.33.0-255,66,157011,33,174101
11863,0.001827,74.125.200.0-255,766,157777,33,174101
11864,0.004092,172.31.33.0-255,66,157843,33,174101
11865,0.004187,74.125.200.0-255,4320,162163,33,174101
11866,0.004192,172.31.33.0-255,66,162229,33,174101
11867,0.006451,74.125.200.0-255,1484,163713,33,174101
11868,0.006544,74.125.200.0-255,1484,165197,33,174101
11869,0.006549,172.31.33.0-255,66,165263,33,174101
11870,0.00657,74.125.200.0-255,2902,168165,33,174101
11871,0.006573,172.31.33.0-255,66,168231,33,174101
11872,0.008912,74.125.200.0-255,4320,172551,33,174101
11873,0.008918,172.31.33.0-255,66,172617,33,174101
11874,0.008933,74.125.200.0-255,1484,174101,33,174101
11875,0.0,74.125.68.0-255,218,218,33,192225
11876,2.8e-05,172.31.33.0-255,66,284,33,192225
11877,3.5e-05,74.125.68.0-255,1484,1768,33,192225
11878,4e-05,172.31.33.0-255,66,1834,33,192225
11879,4.3e-05,74.125.68.0-255,1484,3318,33,192225
11880,5.5e-05,172.31.33.0-255,66,3384,33,192225
11881,8.2e-05,74.125.68.0-255,1484,4868,33,192225
11882,8.9e-05,172.31.33.0-255,66,4934,33,192225
11883,9.7e-05,74.125.68.0-255,4320,9254,33,192225
11884,9.9e-05,172.31.33.0-255,66,9320,33,192225
11885,0.000103,74.125.68.0-255,2902,12222,33,192225
11886,0.000105,172.31.33.0-255,66,12288,33,192225
11887,0.000148,74.125.68.0-255,1893,14181,33,192225
11888,0.000152,172.31.33.0-255,66,14247,33,192225
11889,0.000286,74.125.68.0-255,1484,15731,33,192225
11890,0.000291,172.31.33.0-255,66,15797,33,192225
11891,0.000295,74.125.68.0-255,1484,17281,33,192225
11892,0.000298,172.31.33.0-255,66,17347,33,192225
11893,0.000326,74.125.68.0-255,2902,20249,33,192225
11894,0.000332,74.125.68.0-255,5738,25987,33,192225
11895,0.000332,172.31.33.0-255,66,26053,33,192225
11896,0.000336,172.31.33.0-255,66,26119,33,192225
11897,0.000365,74.125.68.0-255,5379,31498,33,192225
11898,0.00037,172.31.33.0-255,66,31564,33,192225
11899,0.000398,74.125.68.0-255,5738,37302,33,192225
11900,0.000401,172.31.33.0-255,66,37368,33,192225
11901,0.000406,74.125.68.0-255,4320,41688,33,192225
11902,0.000408,172.31.33.0-255,66,41754,33,192225
11903,0.000416,74.125.68.0-255,1484,43238,33,192225
11904,0.000419,172.31.33.0-255,66,43304,33,192225
11905,0.000447,74.125.68.0-255,4320,47624,33,192225
11906,0.000451,172.31.33.0-255,66,47690,33,192225
11907,0.000472,74.125.68.0-255,4320,52010,33,192225
11908,0.000475,172.31.33.0-255,66,52076,33,192225
11909,0.000483,172.31.33.0-255,66,52142,33,192225
11910,0.000515,74.125.68.0-255,2184,54326,33,192225
11911,0.000521,172.31.33.0-255,66,54392,33,192225
11912,0.000771,74.125.68.0-255,400,54792,33,192225
11913,0.000785,74.125.68.0-255,109,54901,33,192225
11914,0.000857,172.31.33.0-255,66,54967,33,192225
11915,0.000884,74.125.68.0-255,1484,56451,33,192225
11916,0.000918,74.125.68.0-255,1484,57935,33,192225
11917,0.000921,172.31.33.0-255,66,58001,33,192225
11918,0.000934,74.125.68.0-255,1484,59485,33,192225
11919,0.000944,74.125.68.0-255,4320,63805,33,192225
11920,0.000951,74.125.68.0-255,5738,69543,33,192225
11921,0.000958,172.31.33.0-255,66,69609,33,192225
11922,0.000995,172.31.33.0-255,66,69675,33,192225
11923,0.001022,74.125.68.0-255,2902,72577,33,192225
11924,0.001027,172.31.33.0-255,66,72643,33,192225
11925,0.001055,74.125.68.0-255,5286,77929,33,192225
11926,0.001066,172.31.33.0-255,66,77995,33,192225
11927,0.001427,74.125.68.0-255,1484,79479,33,192225
11928,0.001446,74.125.68.0-255,2902,82381,33,192225
11929,0.00145,172.31.33.0-255,66,82447,33,192225
11930,0.001457,74.125.68.0-255,2902,85349,33,192225
11931,0.001481,74.125.68.0-255,2902,88251,33,192225
11932,0.001487,74.125.68.0-255,4320,92571,33,192225
11933,0.001508,74.125.68.0-255,5738,98309,33,192225
11934,0.001527,74.125.68.0-255,4320,102629,33,192225
11935,0.001548,74.125.68.0-255,5738,108367,33,192225
11936,0.001568,74.125.68.0-255,1484,109851,33,192225
11937,0.001581,74.125.68.0-255,2184,112035,33,192225
11938,0.001719,74.125.68.0-255,1484,113519,33,192225
11939,0.001725,74.125.68.0-255,2902,116421,33,192225
11940,0.001772,74.125.68.0-255,5738,122159,33,192225
11941,0.00178,74.125.68.0-255,7156,129315,33,192225
11942,0.001798,74.125.68.0-255,1484,130799,33,192225
11943,0.001853,74.125.68.0-255,3602,134401,33,192225
11944,0.001927,74.125.68.0-255,2902,137303,33,192225
11945,0.001938,74.125.68.0-255,4320,141623,33,192225
11946,0.001941,74.125.68.0-255,1484,143107,33,192225
11947,0.001964,74.125.68.0-255,7156,150263,33,192225
11948,0.002002,74.125.68.0-255,2902,153165,33,192225
11949,0.002022,74.125.68.0-255,5020,158185,33,192225
11950,0.002049,74.125.68.0-255,1484,159669,33,192225
11951,0.002066,74.125.68.0-255,2902,162571,33,192225
11952,0.002078,74.125.68.0-255,1484,164055,33,192225
11953,0.002092,74.125.68.0-255,4320,168375,33,192225
11954,0.002096,74.125.68.0-255,1484,169859,33,192225
11955,0.002116,74.125.68.0-255,5738,175597,33,192225
11956,0.002121,74.125.68.0-255,2902,178499,33,192225
11957,0.002135,74.125.68.0-255,5738,184237,33,192225
11958,0.00216,74.125.68.0-255,2902,187139,33,192225
11959,0.002181,74.125.68.0-255,5020,192159,33,192225
11960,0.008844,172.31.33.0-255,66,192225,33,192225
11961,0.0,172.31.33.0-255,105,105,33,459
11962,0.000362,172.31.33.0-255,90,195,33,459
11963,0.00037,172.31.33.0-255,66,261,33,459
11964,0.002678,74.125.24.0-255,66,327,33,459
11965,0.002701,74.125.24.0-255,66,393,33,459
11966,0.002719,172.31.33.0-255,66,459,33,459
11967,0.0,74.125.24.0-255,150,150,33,220941
11968,1.6e-05,172.31.33.0-255,66,216,33,220941
11969,2.3e-05,74.125.24.0-255,1484,1700,33,220941
11970,2.7e-05,172.31.33.0-255,66,1766,33,220941
11971,3.3e-05,74.125.24.0-255,2902,4668,33,220941
11972,3.7e-05,172.31.33.0-255,66,4734,33,220941
11973,4.5e-05,74.125.24.0-255,7156,11890,33,220941
11974,4.9e-05,172.31.33.0-255,66,11956,33,220941
11975,5.4e-05,74.125.24.0-255,2902,14858,33,220941
11976,5.7e-05,172.31.33.0-255,66,14924,33,220941
11977,0.000101,172.31.33.0-255,66,14990,33,220941
11978,0.000105,74.125.24.0-255,2543,17533,33,220941
11979,0.000107,172.31.33.0-255,66,17599,33,220941
11980,0.000132,74.125.24.0-255,1484,19083,33,220941
11981,0.000135,172.31.33.0-255,66,19149,33,220941
11982,0.00014,74.125.24.0-255,2902,22051,33,220941
11983,0.000142,172.31.33.0-255,66,22117,33,220941
11984,0.00017,74.125.24.0-255,5738,27855,33,220941
11985,0.000173,172.31.33.0-255,66,27921,33,220941
11986,0.00018,74.125.24.0-255,6797,34718,33,220941
11987,0.000183,172.31.33.0-255,66,34784,33,220941
11988,0.000202,74.125.24.0-255,2902,37686,33,220941
11989,0.000217,172.31.33.0-255,66,37752,33,220941
11990,0.000241,172.31.33.0-255,66,37818,33,220941
11991,0.000245,74.125.24.0-255,2852,40670,33,220941
11992,0.000247,172.31.33.0-255,66,40736,33,220941
11993,0.000251,74.125.24.0-255,112,40848,33,220941
11994,0.000253,172.31.33.0-255,66,40914,33,220941
11995,0.00051,74.125.24.0-255,332,41246,33,220941
11996,0.000517,172.31.33.0-255,66,41312,33,220941
11997,0.000816,74.125.24.0-255,1484,42796,33,220941
11998,0.000823,74.125.24.0-255,2902,45698,33,220941
11999,0.000826,172.31.33.0-255,66,45764,33,220941
12000,0.000834,74.125.24.0-255,5738,51502,33,220941
12001,0.000836,172.31.33.0-255,66,51568,33,220941
12002,0.000851,74.125.24.0-255,2902,54470,33,220941
12003,0.000854,172.31.33.0-255,66,54536,33,220941
12004,0.00088,172.31.33.0-255,66,54602,33,220941
12005,0.000887,74.125.24.0-255,5738,60340,33,220941
12006,0.00089,172.31.33.0-255,66,60406,33,220941
12007,0.000916,74.125.24.0-255,5020,65426,33,220941
12008,0.000919,172.31.33.0-255,66,65492,33,220941
12009,0.00105,74.125.24.0-255,1484,66976,33,220941
12010,0.001056,74.125.24.0-255,2902,69878,33,220941
12011,0.00106,172.31.33.0-255,66,69944,33,220941
12012,0.001083,74.125.24.0-255,5738,75682,33,220941
12013,0.001087,172.31.33.0-255,66,75748,33,220941
12014,0.001118,172.31.33.0-255,66,75814,33,220941
12015,0.001125,74.125.24.0-255,4320,80134,33,220941
12016,0.001127,172.31.33.0-255,66,80200,33,220941
12017,0.001147,74.125.24.0-255,1484,81684,33,220941
12018,0.001168,74.125.24.0-255,5020,86704,33,220941
12019,0.001172,172.31.33.0-255,66,86770,33,220941
12020,0.001193,74.125.24.0-255,5738,92508,33,220941
12021,0.001196,172.31.33.0-255,66,92574,33,220941
12022,0.001204,74.125.24.0-255,1484,94058,33,220941
12023,0.00122,74.125.24.0-255,5738,99796,33,220941
12024,0.001223,172.31.33.0-255,66,99862,33,220941
12025,0.001246,74.125.24.0-255,5738,105600,33,220941
12026,0.00125,172.31.33.0-255,66,105666,33,220941
12027,0.001264,172.31.33.0-255,66,105732,33,220941
12028,0.001267,74.125.24.0-255,2184,107916,33,220941
12029,0.00127,172.31.33.0-255,66,107982,33,220941
12030,0.001327,74.125.24.0-255,1484,109466,33,220941
12031,0.001341,74.125.24.0-255,2902,112368,33,220941
12032,0.001344,172.31.33.0-255,66,112434,33,220941
12033,0.001367,74.125.24.0-255,5738,118172,33,220941
12034,0.00137,172.31.33.0-255,66,118238,33,220941
12035,0.001378,74.125.24.0-255,5738,123976,33,220941
12036,0.00138,172.31.33.0-255,66,124042,33,220941
12037,0.001402,74.125.24.0-255,1484,125526,33,220941
12038,0.001417,172.31.33.0-255,66,125592,33,220941
12039,0.001421,74.125.24.0-255,2184,127776,33,220941
12040,0.001423,172.31.33.0-255,66,127842,33,220941
12041,0.001547,74.125.24.0-255,1484,129326,33,220941
12042,0.00156,74.125.24.0-255,2902,132228,33,220941
12043,0.001563,172.31.33.0-255,66,132294,33,220941
12044,0.001569,74.125.24.0-255,5738,138032,33,220941
12045,0.001571,172.31.33.0-255,66,138098,33,220941
12046,0.001588,74.125.24.0-255,2902,141000,33,220941
12047,0.00159,172.31.33.0-255,66,141066,33,220941
12048,0.001616,172.31.33.0-255,66,141132,33,220941
12049,0.001627,172.31.33.0-255,66,141198,33,220941
12050,0.001721,74.125.24.0-255,1484,142682,33,220941
12051,0.001725,74.125.24.0-255,1484,144166,33,220941
12052,0.001727,172.31.33.0-255,66,144232,33,220941
12053,0.001746,74.125.24.0-255,1484,145716,33,220941
12054,0.001752,74.125.24.0-255,5738,151454,33,220941
12055,0.001754,172.31.33.0-255,66,151520,33,220941
12056,0.001759,74.125.24.0-255,4320,155840,33,220941
12057,0.001761,172.31.33.0-255,66,155906,33,220941
12058,0.001786,172.31.33.0-255,66,155972,33,220941
12059,0.001793,74.125.24.0-255,7156,163128,33,220941
12060,0.001795,172.31.33.0-255,66,163194,33,220941
12061,0.001819,74.125.24.0-255,3602,166796,33,220941
12062,0.001822,172.31.33.0-255,66,166862,33,220941
12063,0.002196,74.125.24.0-255,1484,168346,33,220941
12064,0.002201,74.125.24.0-255,2902,171248,33,220941
12065,0.002205,172.31.33.0-255,66,171314,33,220941
12066,0.002209,74.125.24.0-255,2902,174216,33,220941
12067,0.002211,172.31.33.0-255,66,174282,33,220941
12068,0.002225,74.125.24.0-255,2902,177184,33,220941
12069,0.002227,172.31.33.0-255,66,177250,33,220941
12070,0.002232,74.125.24.0-255,4320,181570,33,220941
12071,0.002233,172.31.33.0-255,66,181636,33,220941
12072,0.002265,172.31.33.0-255,66,181702,33,220941
12073,0.002286,74.125.24.0-255,4320,186022,33,220941
12074,0.002288,172.31.33.0-255,66,186088,33,220941
12075,0.002293,74.125.24.0-255,3602,189690,33,220941
12076,0.002295,172.31.33.0-255,66,189756,33,220941
12077,0.002336,74.125.24.0-255,1484,191240,33,220941
12078,0.002339,74.125.24.0-255,1484,192724,33,220941
12079,0.002341,172.31.33.0-255,66,192790,33,220941
12080,0.002358,74.125.24.0-255,1484,194274,33,220941
12081,0.002363,74.125.24.0-255,4320,198594,33,220941
12082,0.002365,172.31.33.0-255,66,198660,33,220941
12083,0.002389,74.125.24.0-255,1484,200144,33,220941
12084,0.002401,172.31.33.0-255,66,200210,33,220941
12085,0.002408,74.125.24.0-255,7156,207366,33,220941
12086,0.00241,172.31.33.0-255,66,207432,33,220941
12087,0.002426,74.125.24.0-255,6438,213870,33,220941
12088,0.002428,172.31.33.0-255,66,213936,33,220941
12089,0.002438,172.31.33.0-255,66,214002,33,220941
12090,0.002468,172.31.33.0-255,66,214068,33,220941
12091,0.002504,172.31.33.0-255,66,214134,33,220941
12092,0.002522,74.125.24.0-255,6438,220572,33,220941
12093,0.002525,172.31.33.0-255,66,220638,33,220941
12094,0.002536,172.31.33.0-255,66,220704,33,220941
12095,0.002545,172.31.33.0-255,66,220770,33,220941
12096,0.00257,172.31.33.0-255,66,220836,33,220941
12097,0.002573,74.125.24.0-255,105,220941,33,220941
12098,0.0,172.217.27.0-255,153,153,33,124446
12099,1.5e-05,172.31.33.0-255,66,219,33,124446
12100,2.2e-05,172.217.27.0-255,1484,1703,33,124446
12101,2.6e-05,172.31.33.0-255,66,1769,33,124446
12102,3.2e-05,172.217.27.0-255,2902,4671,33,124446
12103,3.4e-05,172.31.33.0-255,66,4737,33,124446
12104,5.6e-05,172.217.27.0-255,4320,9057,33,124446
12105,5.9e-05,172.31.33.0-255,66,9123,33,124446
12106,6.5e-05,172.217.27.0-255,4963,14086,33,124446
12107,6.7e-05,172.31.33.0-255,66,14152,33,124446
12108,0.00013,172.217.27.0-255,1484,15636,33,124446
12109,0.000133,172.31.33.0-255,66,15702,33,124446
12110,0.000137,172.217.27.0-255,1484,17186,33,124446
12111,0.000138,172.31.33.0-255,66,17252,33,124446
12112,0.000155,172.217.27.0-255,1484,18736,33,124446
12113,0.000157,172.31.33.0-255,66,18802,33,124446
12114,0.000163,172.217.27.0-255,5738,24540,33,124446
12115,0.000166,172.31.33.0-255,66,24606,33,124446
12116,0.000169,172.217.27.0-255,1484,26090,33,124446
12117,0.000171,172.31.33.0-255,66,26156,33,124446
12118,0.000198,172.217.27.0-255,5379,31535,33,124446
12119,0.000201,172.31.33.0-255,66,31601,33,124446
12120,0.000315,172.217.27.0-255,1484,33085,33,124446
12121,0.000319,172.31.33.0-255,66,33151,33,124446
12122,0.000322,172.217.27.0-255,1484,34635,33,124446
12123,0.000324,172.31.33.0-255,66,34701,33,124446
12124,0.000336,172.217.27.0-255,1484,36185,33,124446
12125,0.000339,172.31.33.0-255,66,36251,33,124446
12126,0.000345,172.217.27.0-255,5738,41989,33,124446
12127,0.000347,172.31.33.0-255,66,42055,33,124446
12128,0.000379,172.217.27.0-255,4320,46375,33,124446
12129,0.000382,172.31.33.0-255,66,46441,33,124446
12130,0.000398,172.217.27.0-255,2543,48984,33,124446
12131,0.0004,172.31.33.0-255,66,49050,33,124446
12132,0.000414,172.217.27.0-255,2902,51952,33,124446
12133,0.000416,172.31.33.0-255,66,52018,33,124446
12134,0.000439,172.217.27.0-255,4320,56338,33,124446
12135,0.000442,172.31.33.0-255,66,56404,33,124446
12136,0.000445,172.217.27.0-255,2902,59306,33,124446
12137,0.000447,172.31.33.0-255,66,59372,33,124446
12138,0.000452,172.217.27.0-255,4320,63692,33,124446
12139,0.000453,172.31.33.0-255,66,63758,33,124446
12140,0.000476,172.217.27.0-255,2543,66301,33,124446
12141,0.00048,172.31.33.0-255,66,66367,33,124446
12142,0.001157,172.217.27.0-255,646,67013,33,124446
12143,0.00145,172.217.27.0-255,1484,68497,33,124446
12144,0.001455,172.31.33.0-255,66,68563,33,124446
12145,0.001461,172.217.27.0-255,2902,71465,33,124446
12146,0.001463,172.31.33.0-255,66,71531,33,124446
12147,0.001466,172.217.27.0-255,1484,73015,33,124446
12148,0.001491,172.217.27.0-255,4320,77335,33,124446
12149,0.001493,172.31.33.0-255,66,77401,33,124446
12150,0.0015,172.217.27.0-255,6797,84198,33,124446
12151,0.001501,172.31.33.0-255,66,84264,33,124446
12152,0.001533,172.217.27.0-255,2902,87166,33,124446
12153,0.001535,172.31.33.0-255,66,87232,33,124446
12154,0.001539,172.217.27.0-255,4320,91552,33,124446
12155,0.001541,172.31.33.0-255,66,91618,33,124446
12156,0.001563,172.217.27.0-255,7156,98774,33,124446
12157,0.001565,172.31.33.0-255,66,98840,33,124446
12158,0.001576,172.217.27.0-255,1484,100324,33,124446
12159,0.001578,172.217.27.0-255,576,100900,33,124446
12160,0.00158,172.31.33.0-255,66,100966,33,124446
12161,0.003231,172.217.27.0-255,2902,103868,33,124446
12162,0.003234,172.31.33.0-255,66,103934,33,124446
12163,0.003252,172.217.27.0-255,2902,106836,33,124446
12164,0.003254,172.31.33.0-255,66,106902,33,124446
12165,0.004904,172.217.27.0-255,2902,109804,33,124446
12166,0.004906,172.31.33.0-255,66,109870,33,124446
12167,0.004922,172.217.27.0-255,2902,112772,33,124446
12168,0.004924,172.31.33.0-255,66,112838,33,124446
12169,0.00658,172.217.27.0-255,5738,118576,33,124446
12170,0.006585,172.31.33.0-255,66,118642,33,124446
12171,0.008263,172.217.27.0-255,5738,124380,33,124446
12172,0.008271,172.31.33.0-255,66,124446,33,124446
12173,0.0,172.31.33.0-255,105,105,33,2295
12174,4.4e-05,172.31.33.0-255,105,210,33,2295
12175,0.000101,172.31.33.0-255,105,315,33,2295
12176,0.000149,172.31.33.0-255,105,420,33,2295
12177,0.000211,172.31.33.0-255,105,525,33,2295
12178,0.000391,172.31.33.0-255,90,615,33,2295
12179,0.0004,172.31.33.0-255,66,681,33,2295
12180,0.000579,172.31.33.0-255,90,771,33,2295
12181,0.000587,172.31.33.0-255,66,837,33,2295
12182,0.000863,172.31.33.0-255,90,927,33,2295
12183,0.00087,172.31.33.0-255,66,993,33,2295
12184,0.001006,172.31.33.0-255,90,1083,33,2295
12185,0.001013,172.31.33.0-255,66,1149,33,2295
12186,0.001342,172.31.33.0-255,90,1239,33,2295
12187,0.001349,172.31.33.0-255,66,1305,33,2295
12188,0.003008,172.217.194.0-255,66,1371,33,2295
12189,0.00302,172.217.194.0-255,66,1437,33,2295
12190,0.003029,172.31.33.0-255,66,1503,33,2295
12191,0.003032,172.217.194.0-255,66,1569,33,2295
12192,0.003036,172.217.194.0-255,66,1635,33,2295
12193,0.003038,172.31.33.0-255,66,1701,33,2295
12194,0.00304,74.125.24.0-255,66,1767,33,2295
12195,0.003048,74.125.24.0-255,66,1833,33,2295
12196,0.003051,172.31.33.0-255,66,1899,33,2295
12197,0.003087,74.125.200.0-255,66,1965,33,2295
12198,0.003099,74.125.200.0-255,66,2031,33,2295
12199,0.003101,172.31.33.0-255,66,2097,33,2295
12200,0.003889,74.125.24.0-255,66,2163,33,2295
12201,0.003901,74.125.24.0-255,66,2229,33,2295
12202,0.003903,172.31.33.0-255,66,2295,33,2295
12203,0.0,172.31.33.0-255,105,105,33,459
12204,0.000267,172.31.33.0-255,90,195,33,459
12205,0.000276,172.31.33.0-255,66,261,33,459
12206,0.002484,74.125.200.0-255,66,327,33,459
12207,0.002501,74.125.200.0-255,66,393,33,459
12208,0.002514,172.31.33.0-255,66,459,33,459
12209,0.0,74.125.24.0-255,153,153,33,114146
12210,2.1e-05,172.31.33.0-255,66,219,33,114146
12211,2.9e-05,74.125.24.0-255,1484,1703,33,114146
12212,3.4e-05,172.31.33.0-255,66,1769,33,114146
12213,4e-05,74.125.24.0-255,2902,4671,33,114146
12214,4.3e-05,172.31.33.0-255,66,4737,33,114146
12215,7.1e-05,74.125.24.0-255,7156,11893,33,114146
12216,7.5e-05,172.31.33.0-255,66,11959,33,114146
12217,8e-05,74.125.24.0-255,2088,14047,33,114146
12218,8.2e-05,172.31.33.0-255,66,14113,33,114146
12219,0.000397,74.125.24.0-255,1484,15597,33,114146
12220,0.000404,172.31.33.0-255,66,15663,33,114146
12221,0.000411,74.125.24.0-255,2902,18565,33,114146
12222,0.000414,172.31.33.0-255,66,18631,33,114146
12223,0.00042,74.125.24.0-255,5738,24369,33,114146
12224,0.000423,172.31.33.0-255,66,24435,33,114146
12225,0.000438,74.125.24.0-255,1484,25919,33,114146
12226,0.00044,172.31.33.0-255,66,25985,33,114146
12227,0.000465,74.125.24.0-255,4320,30305,33,114146
12228,0.000468,172.31.33.0-255,66,30371,33,114146
12229,0.000473,74.125.24.0-255,2902,33273,33,114146
12230,0.000475,172.31.33.0-255,66,33339,33,114146
12231,0.000499,172.31.33.0-255,66,33405,33,114146
12232,0.000564,74.125.24.0-255,3961,37366,33,114146
12233,0.000568,172.31.33.0-255,66,37432,33,114146
12234,0.000937,74.125.24.0-255,1484,38916,33,114146
12235,0.000943,74.125.24.0-255,2902,41818,33,114146
12236,0.000955,172.31.33.0-255,66,41884,33,114146
12237,0.000959,172.31.33.0-255,66,41950,33,114146
12238,0.000965,74.125.24.0-255,5738,47688,33,114146
12239,0.000968,172.31.33.0-255,66,47754,33,114146
12240,0.000988,74.125.24.0-255,4320,52074,33,114146
12241,0.000991,172.31.33.0-255,66,52140,33,114146
12242,0.001005,74.125.24.0-255,1484,53624,33,114146
12243,0.001008,172.31.33.0-255,66,53690,33,114146
12244,0.00104,172.31.33.0-255,66,53756,33,114146
12245,0.001099,172.31.33.0-255,66,53822,33,114146
12246,0.001131,74.125.24.0-255,4320,58142,33,114146
12247,0.001134,172.31.33.0-255,66,58208,33,114146
12248,0.001169,172.31.33.0-255,66,58274,33,114146
12249,0.001504,74.125.24.0-255,1484,59758,33,114146
12250,0.001509,172.31.33.0-255,66,59824,33,114146
12251,0.001514,74.125.24.0-255,2902,62726,33,114146
12252,0.001516,172.31.33.0-255,66,62792,33,114146
12253,0.001521,74.125.24.0-255,2902,65694,33,114146
12254,0.001523,172.31.33.0-255,66,65760,33,114146
12255,0.001546,74.125.24.0-255,2902,68662,33,114146
12256,0.001549,172.31.33.0-255,66,68728,33,114146
12257,0.001554,74.125.24.0-255,2902,71630,33,114146
12258,0.001557,172.31.33.0-255,66,71696,33,114146
12259,0.00157,74.125.24.0-255,4320,76016,33,114146
12260,0.001573,172.31.33.0-255,66,76082,33,114146
12261,0.001591,74.125.24.0-255,1484,77566,33,114146
12262,0.001593,172.31.33.0-255,66,77632,33,114146
12263,0.00163,172.31.33.0-255,66,77698,33,114146
12264,0.00169,74.125.24.0-255,2184,79882,33,114146
12265,0.001693,74.125.24.0-255,1484,81366,33,114146
12266,0.001697,172.31.33.0-255,66,81432,33,114146
12267,0.0017,172.31.33.0-255,66,81498,33,114146
12268,0.001714,74.125.24.0-255,5738,87236,33,114146
12269,0.001717,172.31.33.0-255,66,87302,33,114146
12270,0.001759,172.31.33.0-255,66,87368,33,114146
12271,0.001775,74.125.24.0-255,1484,88852,33,114146
12272,0.001778,172.31.33.0-255,66,88918,33,114146
12273,0.001817,74.125.24.0-255,5738,94656,33,114146
12274,0.001822,172.31.33.0-255,66,94722,33,114146
12275,0.001851,172.31.33.0-255,66,94788,33,114146
12276,0.001913,172.31.33.0-255,66,94854,33,114146
12277,0.001946,172.31.33.0-255,66,94920,33,114146
12278,0.002015,74.125.24.0-255,4320,99240,33,114146
12279,0.002019,172.31.33.0-255,66,99306,33,114146
12280,0.002056,172.31.33.0-255,66,99372,33,114146
12281,0.002139,74.125.24.0-255,4320,103692,33,114146
12282,0.002143,172.31.33.0-255,66,103758,33,114146
12283,0.002185,172.31.33.0-255,66,103824,33,114146
12284,0.002338,172.31.33.0-255,66,103890,33,114146
12285,0.002411,172.31.33.0-255,66,103956,33,114146
12286,0.002632,74.125.24.0-255,5738,109694,33,114146
12287,0.002636,172.31.33.0-255,66,109760,33,114146
12288,0.002664,172.31.33.0-255,66,109826,33,114146
12289,0.002717,74.125.24.0-255,4320,114146,33,114146
12290,0.0,74.125.130.0-255,148,148,33,178466
12291,2.8e-05,172.31.33.0-255,66,214,33,178466
12292,3.4e-05,74.125.130.0-255,1484,1698,33,178466
12293,3.8e-05,172.31.33.0-255,66,1764,33,178466
12294,4.2e-05,74.125.130.0-255,2902,4666,33,178466
12295,4.4e-05,172.31.33.0-255,66,4732,33,178466
12296,5.7e-05,74.125.130.0-255,7156,11888,33,178466
12297,6e-05,172.31.33.0-255,66,11954,33,178466
12298,6.2e-05,74.125.130.0-255,1484,13438,33,178466
12299,6.4e-05,172.31.33.0-255,66,13504,33,178466
12300,9.7e-05,74.125.130.0-255,6347,19851,33,178466
12301,0.0001,172.31.33.0-255,66,19917,33,178466
12302,0.000109,172.31.33.0-255,66,19983,33,178466
12303,0.000226,74.125.130.0-255,1484,21467,33,178466
12304,0.00023,172.31.33.0-255,66,21533,33,178466
12305,0.000234,74.125.130.0-255,2902,24435,33,178466
12306,0.000238,172.31.33.0-255,66,24501,33,178466
12307,0.000267,74.125.130.0-255,2902,27403,33,178466
12308,0.000271,172.31.33.0-255,66,27469,33,178466
12309,0.000276,74.125.130.0-255,4320,31789,33,178466
12310,0.000278,172.31.33.0-255,66,31855,33,178466
12311,0.000283,74.125.130.0-255,4320,36175,33,178466
12312,0.000291,172.31.33.0-255,66,36241,33,178466
12313,0.000319,74.125.130.0-255,5379,41620,33,178466
12314,0.000322,172.31.33.0-255,66,41686,33,178466
12315,0.000338,172.31.33.0-255,66,41752,33,178466
12316,0.000363,74.125.130.0-255,1374,43126,33,178466
12317,0.000366,172.31.33.0-255,66,43192,33,178466
12318,0.000419,74.125.130.0-255,406,43598,33,178466
12319,0.000422,172.31.33.0-255,66,43664,33,178466
12320,0.000517,74.125.130.0-255,1484,45148,33,178466
12321,0.000522,74.125.130.0-255,1484,46632,33,178466
12322,0.000525,172.31.33.0-255,66,46698,33,178466
12323,0.000537,74.125.130.0-255,1484,48182,33,178466
12324,0.000546,74.125.130.0-255,5738,53920,33,178466
12325,0.000549,172.31.33.0-255,66,53986,33,178466
12326,0.000553,74.125.130.0-255,4320,58306,33,178466
12327,0.000555,172.31.33.0-255,66,58372,33,178466
12328,0.000582,74.125.130.0-255,5379,63751,33,178466
12329,0.000585,172.31.33.0-255,66,63817,33,178466
12330,0.000615,74.125.130.0-255,2902,66719,33,178466
12331,0.000617,172.31.33.0-255,66,66785,33,178466
12332,0.000649,172.31.33.0-255,66,66851,33,178466
12333,0.000653,74.125.130.0-255,2543,69394,33,178466
12334,0.000654,172.31.33.0-255,66,69460,33,178466
12335,0.000846,74.125.130.0-255,1484,70944,33,178466
12336,0.000858,74.125.130.0-255,2902,73846,33,178466
12337,0.000861,172.31.33.0-255,66,73912,33,178466
12338,0.000864,74.125.130.0-255,1484,75396,33,178466
12339,0.000888,74.125.130.0-255,4320,79716,33,178466
12340,0.000891,172.31.33.0-255,66,79782,33,178466
12341,0.000916,172.31.33.0-255,66,79848,33,178466
12342,0.000939,74.125.130.0-255,1484,81332,33,178466
12343,0.000949,172.31.33.0-255,66,81398,33,178466
12344,0.000951,74.125.130.0-255,766,82164,33,178466
12345,0.001067,172.31.33.0-255,66,82230,33,178466
12346,0.001104,74.125.130.0-255,1484,83714,33,178466
12347,0.001107,74.125.130.0-255,1484,85198,33,178466
12348,0.001109,172.31.33.0-255,66,85264,33,178466
12349,0.00112,74.125.130.0-255,1484,86748,33,178466
12350,0.001129,74.125.130.0-255,5738,92486,33,178466
12351,0.001132,172.31.33.0-255,66,92552,33,178466
12352,0.001142,74.125.130.0-255,1484,94036,33,178466
12353,0.001164,172.31.33.0-255,66,94102,33,178466
12354,0.00119,74.125.130.0-255,2902,97004,33,178466
12355,0.001192,172.31.33.0-255,66,97070,33,178466
12356,0.001202,172.31.33.0-255,66,97136,33,178466
12357,0.00125,74.125.130.0-255,1484,98620,33,178466
12358,0.001254,74.125.130.0-255,1484,100104,33,178466
12359,0.001256,172.31.33.0-255,66,100170,33,178466
12360,0.001273,74.125.130.0-255,1484,101654,33,178466
12361,0.001279,74.125.130.0-255,4320,105974,33,178466
12362,0.001281,172.31.33.0-255,66,106040,33,178466
12363,0.001285,74.125.130.0-255,2902,108942,33,178466
12364,0.001286,172.31.33.0-255,66,109008,33,178466
12365,0.001309,74.125.130.0-255,5738,114746,33,178466
12366,0.001312,172.31.33.0-255,66,114812,33,178466
12367,0.001347,172.31.33.0-255,66,114878,33,178466
12368,0.001409,74.125.130.0-255,1484,116362,33,178466
12369,0.001429,74.125.130.0-255,2902,119264,33,178466
12370,0.001433,172.31.33.0-255,66,119330,33,178466
12371,0.001439,74.125.130.0-255,5738,125068,33,178466
12372,0.001441,172.31.33.0-255,66,125134,33,178466
12373,0.001466,74.125.130.0-255,5738,130872,33,178466
12374,0.001469,172.31.33.0-255,66,130938,33,178466
12375,0.001502,74.125.130.0-255,7156,138094,33,178466
12376,0.001505,172.31.33.0-255,66,138160,33,178466
12377,0.001517,172.31.33.0-255,66,138226,33,178466
12378,0.001815,74.125.130.0-255,1484,139710,33,178466
12379,0.001831,74.125.130.0-255,2902,142612,33,178466
12380,0.001834,172.31.33.0-255,66,142678,33,178466
12381,0.00184,74.125.130.0-255,2902,145580,33,178466
12382,0.001842,172.31.33.0-255,66,145646,33,178466
12383,0.001865,74.125.130.0-255,2902,148548,33,178466
12384,0.001868,172.31.33.0-255,66,148614,33,178466
12385,0.001903,172.31.33.0-255,66,148680,33,178466
12386,0.001928,74.125.130.0-255,1484,150164,33,178466
12387,0.001935,74.125.130.0-255,5738,155902,33,178466
12388,0.001938,172.31.33.0-255,66,155968,33,178466
12389,0.001943,74.125.130.0-255,5020,160988,33,178466
12390,0.001945,172.31.33.0-255,66,161054,33,178466
12391,0.003988,74.125.130.0-255,5738,166792,33,178466
12392,0.003994,172.31.33.0-255,66,166858,33,178466
12393,0.006007,74.125.130.0-255,5738,172596,33,178466
12394,0.006014,172.31.33.0-255,66,172662,33,178466
12395,0.008039,74.125.130.0-255,5738,178400,33,178466
12396,0.008055,172.31.33.0-255,66,178466,33,178466
12397,0.0,172.31.33.0-255,105,105,33,459
12398,0.000164,172.31.33.0-255,90,195,33,459
12399,0.000172,172.31.33.0-255,66,261,33,459
12400,0.002442,74.125.68.0-255,66,327,33,459
12401,0.002454,74.125.68.0-255,66,393,33,459
12402,0.002464,172.31.33.0-255,66,459,33,459
12403,0.0,172.217.194.0-255,165,165,33,96325
12404,2.4e-05,172.31.33.0-255,66,231,33,96325
12405,3e-05,172.217.194.0-255,1484,1715,33,96325
12406,3.5e-05,172.31.33.0-255,66,1781,33,96325
12407,4.8e-05,172.217.194.0-255,2902,4683,33,96325
12408,5.2e-05,172.31.33.0-255,66,4749,33,96325
12409,8.6e-05,172.217.194.0-255,5738,10487,33,96325
12410,8.9e-05,172.31.33.0-255,66,10553,33,96325
12411,0.000179,172.217.194.0-255,5738,16291,33,96325
12412,0.000185,172.31.33.0-255,66,16357,33,96325
12413,0.000215,172.217.194.0-255,617,16974,33,96325
12414,0.000218,172.31.33.0-255,66,17040,33,96325
12415,0.000293,172.217.194.0-255,4320,21360,33,96325
12416,0.000296,172.31.33.0-255,66,21426,33,96325
12417,0.000341,172.31.33.0-255,66,21492,33,96325
12418,0.000551,172.217.194.0-255,1484,22976,33,96325
12419,0.000555,172.31.33.0-255,66,23042,33,96325
12420,0.000594,172.31.33.0-255,66,23108,33,96325
12421,0.000627,172.217.194.0-255,6797,29905,33,96325
12422,0.000631,172.31.33.0-255,66,29971,33,96325
12423,0.001009,172.217.194.0-255,7156,37127,33,96325
12424,0.001015,172.31.33.0-255,66,37193,33,96325
12425,0.001041,172.217.194.0-255,4215,41408,33,96325
12426,0.001044,172.31.33.0-255,66,41474,33,96325
12427,0.00116,172.217.194.0-255,431,41905,33,96325
12428,0.001163,172.31.33.0-255,66,41971,33,96325
12429,0.001184,172.217.194.0-255,7156,49127,33,96325
12430,0.001188,172.31.33.0-255,66,49193,33,96325
12431,0.001212,172.217.194.0-255,4320,53513,33,96325
12432,0.001215,172.31.33.0-255,66,53579,33,96325
12433,0.0014,172.217.194.0-255,7156,60735,33,96325
12434,0.001405,172.31.33.0-255,66,60801,33,96325
12435,0.002434,172.217.194.0-255,7156,67957,33,96325
12436,0.002483,172.217.194.0-255,5020,72977,33,96325
12437,0.00269,172.31.33.0-255,66,73043,33,96325
12438,0.003049,172.217.194.0-255,5738,78781,33,96325
12439,0.003057,172.31.33.0-255,66,78847,33,96325
12440,0.00311,172.31.33.0-255,66,78913,33,96325
12441,0.005178,172.217.194.0-255,5738,84651,33,96325
12442,0.005185,172.31.33.0-255,66,84717,33,96325
12443,0.007244,172.217.194.0-255,5738,90455,33,96325
12444,0.007247,172.31.33.0-255,66,90521,33,96325
12445,0.009336,172.217.194.0-255,5738,96259,33,96325
12446,0.009342,172.31.33.0-255,66,96325,33,96325
12447,0.0,172.217.194.0-255,143,143,33,124386
12448,2.8e-05,172.31.33.0-255,66,209,33,124386
12449,3.5e-05,172.217.194.0-255,1484,1693,33,124386
12450,3.9e-05,172.31.33.0-255,66,1759,33,124386
12451,4.4e-05,172.217.194.0-255,2902,4661,33,124386
12452,4.7e-05,172.31.33.0-255,66,4727,33,124386
12453,6.3e-05,172.217.194.0-255,1484,6211,33,124386
12454,6.5e-05,172.31.33.0-255,66,6277,33,124386
12455,9.1e-05,172.217.194.0-255,5738,12015,33,124386
12456,9.5e-05,172.31.33.0-255,66,12081,33,124386
12457,0.000104,172.31.33.0-255,66,12147,33,124386
12458,0.000115,172.31.33.0-255,66,12213,33,124386
12459,0.000165,172.217.194.0-255,1484,13697,33,124386
12460,0.000168,172.31.33.0-255,66,13763,33,124386
12461,0.000189,172.217.194.0-255,2902,16665,33,124386
12462,0.000191,172.31.33.0-255,66,16731,33,124386
12463,0.000198,172.217.194.0-255,5738,22469,33,124386
12464,0.000201,172.31.33.0-255,66,22535,33,124386
12465,0.000206,172.217.194.0-255,5738,28273,33,124386
12466,0.000208,172.31.33.0-255,66,28339,33,124386
12467,0.000222,172.217.194.0-255,1484,29823,33,124386
12468,0.000224,172.31.33.0-255,66,29889,33,124386
12469,0.000235,172.31.33.0-255,66,29955,33,124386
12470,0.000261,172.217.194.0-255,5738,35693,33,124386
12471,0.000264,172.31.33.0-255,66,35759,33,124386
12472,0.000268,172.217.194.0-255,2459,38218,33,124386
12473,0.000271,172.31.33.0-255,66,38284,33,124386
12474,0.000438,172.217.194.0-255,115,38399,33,124386
12475,0.000442,172.31.33.0-255,66,38465,33,124386
12476,0.000454,172.217.194.0-255,384,38849,33,124386
12477,0.000528,172.217.194.0-255,1484,40333,33,124386
12478,0.000531,172.31.33.0-255,66,40399,33,124386
12479,0.000536,172.217.194.0-255,2902,43301,33,124386
12480,0.000538,172.31.33.0-255,66,43367,33,124386
12481,0.000541,172.217.194.0-255,2902,46269,33,124386
12482,0.000543,172.31.33.0-255,66,46335,33,124386
12483,0.000573,172.217.194.0-255,2902,49237,33,124386
12484,0.000575,172.31.33.0-255,66,49303,33,124386
12485,0.000581,172.217.194.0-255,6248,55551,33,124386
12486,0.000583,172.31.33.0-255,66,55617,33,124386
12487,0.000619,172.217.194.0-255,5738,61355,33,124386
12488,0.000622,172.31.33.0-255,66,61421,33,124386
12489,0.000644,172.217.194.0-255,7156,68577,33,124386
12490,0.000646,172.31.33.0-255,66,68643,33,124386
12491,0.000666,172.217.194.0-255,3961,72604,33,124386
12492,0.00067,172.31.33.0-255,66,72670,33,124386
12493,0.001396,172.217.194.0-255,1484,74154,33,124386
12494,0.001404,172.217.194.0-255,2902,77056,33,124386
12495,0.001408,172.31.33.0-255,66,77122,33,124386
12496,0.001414,172.217.194.0-255,5738,82860,33,124386
12497,0.001415,172.31.33.0-255,66,82926,33,124386
12498,0.001418,172.217.194.0-255,1484,84410,33,124386
12499,0.001431,172.217.194.0-255,4320,88730,33,124386
12500,0.001433,172.31.33.0-255,66,88796,33,124386
12501,0.001451,172.217.194.0-255,7156,95952,33,124386
12502,0.001453,172.31.33.0-255,66,96018,33,124386
12503,0.001468,172.217.194.0-255,5738,101756,33,124386
12504,0.00147,172.31.33.0-255,66,101822,33,124386
12505,0.001473,172.217.194.0-255,1484,103306,33,124386
12506,0.001492,172.217.194.0-255,3602,106908,33,124386
12507,0.001494,172.31.33.0-255,66,106974,33,124386
12508,0.00377,172.217.194.0-255,5738,112712,33,124386
12509,0.003772,172.31.33.0-255,66,112778,33,124386
12510,0.006067,172.217.194.0-255,5738,118516,33,124386
12511,0.006073,172.31.33.0-255,66,118582,33,124386
12512,0.008404,172.217.194.0-255,5738,124320,33,124386
12513,0.00841,172.31.33.0-255,66,124386,33,124386
12514,0.0,172.217.160.0-255,171,171,33,142829
12515,3.4e-05,172.31.33.0-255,66,237,33,142829
12516,4.1e-05,172.217.160.0-255,1484,1721,33,142829
12517,4.6e-05,172.31.33.0-255,66,1787,33,142829
12518,5e-05,172.217.160.0-255,2902,4689,33,142829
12519,5.2e-05,172.31.33.0-255,66,4755,33,142829
12520,6e-05,172.217.160.0-255,7156,11911,33,142829
12521,6.3e-05,172.31.33.0-255,66,11977,33,142829
12522,6.7e-05,172.217.160.0-255,2148,14125,33,142829
12523,6.9e-05,172.31.33.0-255,66,14191,33,142829
12524,0.000372,172.217.160.0-255,1484,15675,33,142829
12525,0.000377,172.31.33.0-255,66,15741,33,142829
12526,0.000391,172.217.160.0-255,1484,17225,33,142829
12527,0.000395,172.31.33.0-255,66,17291,33,142829
12528,0.0004,172.217.160.0-255,2902,20193,33,142829
12529,0.000403,172.31.33.0-255,66,20259,33,142829
12530,0.000407,172.217.160.0-255,2902,23161,33,142829
12531,0.000409,172.31.33.0-255,66,23227,33,142829
12532,0.000424,172.217.160.0-255,2902,26129,33,142829
12533,0.000427,172.31.33.0-255,66,26195,33,142829
12534,0.000432,172.217.160.0-255,4320,30515,33,142829
12535,0.000434,172.31.33.0-255,66,30581,33,142829
12536,0.000437,172.217.160.0-255,1125,31706,33,142829
12537,0.00044,172.31.33.0-255,66,31772,33,142829
12538,0.000529,172.217.160.0-255,1484,33256,33,142829
12539,0.000532,172.31.33.0-255,66,33322,33,142829
12540,0.000538,172.217.160.0-255,2902,36224,33,142829
12541,0.00054,172.31.33.0-255,66,36290,33,142829
12542,0.00057,172.217.160.0-255,5738,42028,33,142829
12543,0.000574,172.31.33.0-255,66,42094,33,142829
12544,0.000581,172.217.160.0-255,6797,48891,33,142829
12545,0.000583,172.31.33.0-255,66,48957,33,142829
12546,0.00059,172.217.160.0-255,7156,56113,33,142829
12547,0.000592,172.31.33.0-255,66,56179,33,142829
12548,0.000631,172.217.160.0-255,5738,61917,33,142829
12549,0.000635,172.31.33.0-255,66,61983,33,142829
12550,0.000654,172.217.160.0-255,4211,66194,33,142829
12551,0.000657,172.31.33.0-255,66,66260,33,142829
12552,0.000925,172.217.160.0-255,123,66383,33,142829
12553,0.001145,172.217.160.0-255,1484,67867,33,142829
12554,0.00115,172.31.33.0-255,66,67933,33,142829
12555,0.001156,172.217.160.0-255,2902,70835,33,142829
12556,0.001158,172.31.33.0-255,66,70901,33,142829
12557,0.001165,172.217.160.0-255,5738,76639,33,142829
12558,0.001166,172.31.33.0-255,66,76705,33,142829
12559,0.00119,172.217.160.0-255,1484,78189,33,142829
12560,0.001195,172.217.160.0-255,2902,81091,33,142829
12561,0.001197,172.31.33.0-255,66,81157,33,142829
12562,0.001232,172.217.160.0-255,6797,87954,33,142829
12563,0.001235,172.31.33.0-255,66,88020,33,142829
12564,0.001241,172.217.160.0-255,4320,92340,33,142829
12565,0.001243,172.31.33.0-255,66,92406,33,142829
12566,0.001256,172.217.160.0-255,2902,95308,33,142829
12567,0.001258,172.31.33.0-255,66,95374,33,142829
12568,0.001274,172.217.160.0-255,1484,96858,33,142829
12569,0.001299,172.31.33.0-255,66,96924,33,142829
12570,0.001329,172.217.160.0-255,5738,102662,33,142829
12571,0.001333,172.31.33.0-255,66,102728,33,142829
12572,0.001354,172.217.160.0-255,2184,104912,33,142829
12573,0.001356,172.31.33.0-255,66,104978,33,142829
12574,0.001365,172.31.33.0-255,66,105044,33,142829
12575,0.001386,172.217.160.0-255,5738,110782,33,142829
12576,0.001389,172.31.33.0-255,66,110848,33,142829
12577,0.001424,172.31.33.0-255,66,110914,33,142829
12578,0.00144,172.31.33.0-255,66,110980,33,142829
12579,0.001445,172.217.160.0-255,5020,116000,33,142829
12580,0.001448,172.31.33.0-255,66,116066,33,142829
12581,0.001505,172.217.160.0-255,381,116447,33,142829
12582,0.002663,172.31.33.0-255,66,116513,33,142829
12583,0.003061,172.217.160.0-255,4320,120833,33,142829
12584,0.003067,172.31.33.0-255,66,120899,33,142829
12585,0.004266,172.217.160.0-255,1484,122383,33,142829
12586,0.004673,172.217.160.0-255,4320,126703,33,142829
12587,0.004675,172.31.33.0-255,66,126769,33,142829
12588,0.006288,172.217.160.0-255,5738,132507,33,142829
12589,0.006292,172.31.33.0-255,66,132573,33,142829
12590,0.007915,172.217.160.0-255,4320,136893,33,142829
12591,0.007924,172.31.33.0-255,66,136959,33,142829
12592,0.007943,172.217.160.0-255,1484,138443,33,142829
12593,0.009541,172.217.160.0-255,4320,142763,33,142829
12594,0.009548,172.31.33.0-255,66,142829,33,142829
12595,0.0,172.217.194.0-255,150,150,33,136004
12596,1.2e-05,172.31.33.0-255,66,216,33,136004
12597,1.8e-05,172.217.194.0-255,1484,1700,33,136004
12598,2.3e-05,172.31.33.0-255,66,1766,33,136004
12599,2.8e-05,172.217.194.0-255,2902,4668,33,136004
12600,3.8e-05,172.31.33.0-255,66,4734,33,136004
12601,4.2e-05,172.217.194.0-255,1484,6218,33,136004
12602,4.4e-05,172.31.33.0-255,66,6284,33,136004
12603,8.2e-05,172.217.194.0-255,5738,12022,33,136004
12604,8.4e-05,172.31.33.0-255,66,12088,33,136004
12605,8.8e-05,172.217.194.0-255,2085,14173,33,136004
12606,9e-05,172.31.33.0-255,66,14239,33,136004
12607,9.5e-05,172.217.194.0-255,2902,17141,33,136004
12608,9.7e-05,172.31.33.0-255,66,17207,33,136004
12609,0.000134,172.31.33.0-255,66,17273,33,136004
12610,0.00014,172.217.194.0-255,5379,22652,33,136004
12611,0.000142,172.31.33.0-255,66,22718,33,136004
12612,0.000214,172.217.194.0-255,1484,24202,33,136004
12613,0.000218,172.31.33.0-255,66,24268,33,136004
12614,0.000235,172.217.194.0-255,2902,27170,33,136004
12615,0.000238,172.31.33.0-255,66,27236,33,136004
12616,0.000244,172.217.194.0-255,4320,31556,33,136004
12617,0.000246,172.31.33.0-255,66,31622,33,136004
12618,0.000271,172.217.194.0-255,1484,33106,33,136004
12619,0.000273,172.31.33.0-255,66,33172,33,136004
12620,0.000281,172.217.194.0-255,6797,39969,33,136004
12621,0.000283,172.31.33.0-255,66,40035,33,136004
12622,0.000327,172.217.194.0-255,4320,44355,33,136004
12623,0.00033,172.31.33.0-255,66,44421,33,136004
12624,0.000337,172.217.194.0-255,5738,50159,33,136004
12625,0.000339,172.31.33.0-255,66,50225,33,136004
12626,0.000362,172.217.194.0-255,2902,53127,33,136004
12627,0.000365,172.31.33.0-255,66,53193,33,136004
12628,0.000398,172.217.194.0-255,4258,57451,33,136004
12629,0.000401,172.31.33.0-255,66,57517,33,136004
12630,0.000501,172.217.194.0-255,381,57898,33,136004
12631,0.000796,172.217.194.0-255,1484,59382,33,136004
12632,0.000801,172.31.33.0-255,66,59448,33,136004
12633,0.000807,172.217.194.0-255,2902,62350,33,136004
12634,0.00081,172.31.33.0-255,66,62416,33,136004
12635,0.000839,172.217.194.0-255,5738,68154,33,136004
12636,0.000841,172.31.33.0-255,66,68220,33,136004
12637,0.000849,172.217.194.0-255,7156,75376,33,136004
12638,0.000852,172.31.33.0-255,66,75442,33,136004
12639,0.000893,172.31.33.0-255,66,75508,33,136004
12640,0.000898,172.217.194.0-255,2184,77692,33,136004
12641,0.0009,172.31.33.0-255,66,77758,33,136004
12642,0.001881,172.217.194.0-255,1484,79242,33,136004
12643,0.001891,172.217.194.0-255,2902,82144,33,136004
12644,0.001895,172.31.33.0-255,66,82210,33,136004
12645,0.001903,172.217.194.0-255,2902,85112,33,136004
12646,0.001905,172.31.33.0-255,66,85178,33,136004
12647,0.001923,172.217.194.0-255,2902,88080,33,136004
12648,0.001929,172.31.33.0-255,66,88146,33,136004
12649,0.001944,172.31.33.0-255,66,88212,33,136004
12650,0.001947,172.217.194.0-255,1484,89696,33,136004
12651,0.001987,172.31.33.0-255,66,89762,33,136004
12652,0.002026,172.31.33.0-255,66,89828,33,136004
12653,0.00203,172.217.194.0-255,2902,92730,33,136004
12654,0.002032,172.31.33.0-255,66,92796,33,136004
12655,0.002052,172.31.33.0-255,66,92862,33,136004
12656,0.002058,172.217.194.0-255,4320,97182,33,136004
12657,0.00206,172.31.33.0-255,66,97248,33,136004
12658,0.002103,172.31.33.0-255,66,97314,33,136004
12659,0.00212,172.31.33.0-255,66,97380,33,136004
12660,0.002125,172.217.194.0-255,3602,100982,33,136004
12661,0.002128,172.31.33.0-255,66,101048,33,136004
12662,0.002302,172.217.194.0-255,1484,102532,33,136004
12663,0.00231,172.217.194.0-255,2902,105434,33,136004
12664,0.002315,172.31.33.0-255,66,105500,33,136004
12665,0.002323,172.217.194.0-255,5738,111238,33,136004
12666,0.002326,172.31.33.0-255,66,111304,33,136004
12667,0.002334,172.217.194.0-255,1484,112788,33,136004
12668,0.002366,172.217.194.0-255,5738,118526,33,136004
12669,0.002369,172.31.33.0-255,66,118592,33,136004
12670,0.004684,172.217.194.0-255,5738,124330,33,136004
12671,0.00469,172.31.33.0-255,66,124396,33,136004
12672,0.007025,172.217.194.0-255,5738,130134,33,136004
12673,0.007032,172.31.33.0-255,66,130200,33,136004
12674,0.00936,172.217.194.0-255,5738,135938,33,136004
12675,0.009365,172.31.33.0-255,66,136004,33,136004
12676,0.0,172.217.194.0-255,153,153,33,186150
12677,1.8e-05,172.31.33.0-255,66,219,33,186150
12678,2.5e-05,172.217.194.0-255,1484,1703,33,186150
12679,2.9e-05,172.31.33.0-255,66,1769,33,186150
12680,3.5e-05,172.217.194.0-255,2902,4671,33,186150
12681,4.4e-05,172.31.33.0-255,66,4737,33,186150
12682,5.2e-05,172.217.194.0-255,7156,11893,33,186150
12683,5.6e-05,172.31.33.0-255,66,11959,33,186150
12684,6.1e-05,172.217.194.0-255,3492,15451,33,186150
12685,6.4e-05,172.31.33.0-255,66,15517,33,186150
12686,0.000129,172.31.33.0-255,66,15583,33,186150
12687,0.000133,172.217.194.0-255,2543,18126,33,186150
12688,0.000136,172.31.33.0-255,66,18192,33,186150
12689,0.000188,172.217.194.0-255,1484,19676,33,186150
12690,0.000191,172.31.33.0-255,66,19742,33,186150
12691,0.000196,172.217.194.0-255,2902,22644,33,186150
12692,0.000198,172.31.33.0-255,66,22710,33,186150
12693,0.000202,172.217.194.0-255,2902,25612,33,186150
12694,0.00021,172.31.33.0-255,66,25678,33,186150
12695,0.000231,172.217.194.0-255,2902,28580,33,186150
12696,0.000234,172.31.33.0-255,66,28646,33,186150
12697,0.000256,172.217.194.0-255,6797,35443,33,186150
12698,0.000258,172.31.33.0-255,66,35509,33,186150
12699,0.000286,172.217.194.0-255,7156,42665,33,186150
12700,0.000289,172.31.33.0-255,66,42731,33,186150
12701,0.000333,172.31.33.0-255,66,42797,33,186150
12702,0.000336,172.217.194.0-255,100,42897,33,186150
12703,0.000338,172.31.33.0-255,66,42963,33,186150
12704,0.000473,172.217.194.0-255,365,43328,33,186150
12705,0.000478,172.31.33.0-255,66,43394,33,186150
12706,0.000632,172.217.194.0-255,1484,44878,33,186150
12707,0.000638,172.217.194.0-255,2902,47780,33,186150
12708,0.000651,172.217.194.0-255,2902,50682,33,186150
12709,0.000665,172.217.194.0-255,2902,53584,33,186150
12710,0.000671,172.217.194.0-255,5738,59322,33,186150
12711,0.000675,172.31.33.0-255,66,59388,33,186150
12712,0.000686,172.31.33.0-255,66,59454,33,186150
12713,0.00071,172.217.194.0-255,1125,60579,33,186150
12714,0.000787,172.217.194.0-255,1484,62063,33,186150
12715,0.000792,172.217.194.0-255,2902,64965,33,186150
12716,0.000803,172.31.33.0-255,66,65031,33,186150
12717,0.000814,172.217.194.0-255,5738,70769,33,186150
12718,0.000817,172.217.194.0-255,1484,72253,33,186150
12719,0.000829,172.31.33.0-255,66,72319,33,186150
12720,0.000839,172.217.194.0-255,5379,77698,33,186150
12721,0.000858,172.31.33.0-255,66,77764,33,186150
12722,0.001172,172.217.194.0-255,1484,79248,33,186150
12723,0.001187,172.217.194.0-255,2902,82150,33,186150
12724,0.00119,172.31.33.0-255,66,82216,33,186150
12725,0.001197,172.217.194.0-255,5738,87954,33,186150
12726,0.001233,172.217.194.0-255,7156,95110,33,186150
12727,0.001242,172.31.33.0-255,66,95176,33,186150
12728,0.001246,172.217.194.0-255,2902,98078,33,186150
12729,0.001248,172.217.194.0-255,766,98844,33,186150
12730,0.001253,172.31.33.0-255,66,98910,33,186150
12731,0.001444,172.217.194.0-255,1484,100394,33,186150
12732,0.00146,172.217.194.0-255,2902,103296,33,186150
12733,0.001463,172.31.33.0-255,66,103362,33,186150
12734,0.00147,172.217.194.0-255,5738,109100,33,186150
12735,0.001491,172.217.194.0-255,4320,113420,33,186150
12736,0.001501,172.31.33.0-255,66,113486,33,186150
12737,0.001526,172.31.33.0-255,66,113552,33,186150
12738,0.001565,172.217.194.0-255,4320,117872,33,186150
12739,0.001568,172.31.33.0-255,66,117938,33,186150
12740,0.001571,172.31.33.0-255,66,118004,33,186150
12741,0.001599,172.217.194.0-255,7156,125160,33,186150
12742,0.001631,172.217.194.0-255,2902,128062,33,186150
12743,0.001678,172.217.194.0-255,5738,133800,33,186150
12744,0.001684,172.31.33.0-255,66,133866,33,186150
12745,0.001694,172.217.194.0-255,3602,137468,33,186150
12746,0.001704,172.31.33.0-255,66,137534,33,186150
12747,0.001938,172.217.194.0-255,1484,139018,33,186150
12748,0.001954,172.217.194.0-255,2902,141920,33,186150
12749,0.001972,172.217.194.0-255,5738,147658,33,186150
12750,0.00198,172.31.33.0-255,66,147724,33,186150
12751,0.001992,172.217.194.0-255,5738,153462,33,186150
12752,0.002021,172.217.194.0-255,7156,160618,33,186150
12753,0.002047,172.31.33.0-255,66,160684,33,186150
12754,0.002168,172.217.194.0-255,1484,162168,33,186150
12755,0.002182,172.217.194.0-255,2902,165070,33,186150
12756,0.002185,172.31.33.0-255,66,165136,33,186150
12757,0.002211,172.217.194.0-255,5738,170874,33,186150
12758,0.002216,172.217.194.0-255,4320,175194,33,186150
12759,0.002224,172.31.33.0-255,66,175260,33,186150
12760,0.00225,172.217.194.0-255,1484,176744,33,186150
12761,0.00227,172.217.194.0-255,2902,179646,33,186150
12762,0.002306,172.217.194.0-255,1484,181130,33,186150
12763,0.002338,172.217.194.0-255,5020,186150,33,186150
12764,0.0,172.217.194.0-255,153,153,33,262390
12765,2.6e-05,172.31.33.0-255,66,219,33,262390
12766,3.2e-05,172.217.194.0-255,1484,1703,33,262390
12767,3.7e-05,172.31.33.0-255,66,1769,33,262390
12768,4.1e-05,172.217.194.0-255,2902,4671,33,262390
12769,4.4e-05,172.31.33.0-255,66,4737,33,262390
12770,5.1e-05,172.217.194.0-255,7156,11893,33,262390
12771,5.4e-05,172.31.33.0-255,66,11959,33,262390
12772,9e-05,172.217.194.0-255,4320,16279,33,262390
12773,9.3e-05,172.31.33.0-255,66,16345,33,262390
12774,0.000114,172.217.194.0-255,2126,18471,33,262390
12775,0.000118,172.31.33.0-255,66,18537,33,262390
12776,0.000125,172.217.194.0-255,7156,25693,33,262390
12777,0.000127,172.31.33.0-255,66,25759,33,262390
12778,0.00013,172.217.194.0-255,1484,27243,33,262390
12779,0.000132,172.31.33.0-255,66,27309,33,262390
12780,0.00016,172.217.194.0-255,3961,31270,33,262390
12781,0.000163,172.31.33.0-255,66,31336,33,262390
12782,0.000169,172.217.194.0-255,5738,37074,33,262390
12783,0.000171,172.31.33.0-255,66,37140,33,262390
12784,0.000196,172.217.194.0-255,5738,42878,33,262390
12785,0.000199,172.31.33.0-255,66,42944,33,262390
12786,0.000215,172.217.194.0-255,5379,48323,33,262390
12787,0.000218,172.31.33.0-255,66,48389,33,262390
12788,0.00024,172.217.194.0-255,1484,49873,33,262390
12789,0.000243,172.31.33.0-255,66,49939,33,262390
12790,0.000255,172.217.194.0-255,1484,51423,33,262390
12791,0.000257,172.31.33.0-255,66,51489,33,262390
12792,0.000263,172.217.194.0-255,4320,55809,33,262390
12793,0.000266,172.31.33.0-255,66,55875,33,262390
12794,0.000277,172.31.33.0-255,66,55941,33,262390
12795,0.000292,172.217.194.0-255,1473,57414,33,262390
12796,0.000308,172.217.194.0-255,363,57777,33,262390
12797,0.00031,172.31.33.0-255,66,57843,33,262390
12798,0.000405,172.217.194.0-255,1484,59327,33,262390
12799,0.000411,172.217.194.0-255,2902,62229,33,262390
12800,0.000413,172.31.33.0-255,66,62295,33,262390
12801,0.000434,172.217.194.0-255,5738,68033,33,262390
12802,0.000437,172.31.33.0-255,66,68099,33,262390
12803,0.000455,172.217.194.0-255,2902,71001,33,262390
12804,0.000457,172.31.33.0-255,66,71067,33,262390
12805,0.000476,172.217.194.0-255,2902,73969,33,262390
12806,0.000478,172.31.33.0-255,66,74035,33,262390
12807,0.000498,172.217.194.0-255,2543,76578,33,262390
12808,0.000502,172.31.33.0-255,66,76644,33,262390
12809,0.000502,172.217.194.0-255,2902,79546,33,262390
12810,0.000506,172.31.33.0-255,66,79612,33,262390
12811,0.000526,172.217.194.0-255,7156,86768,33,262390
12812,0.000529,172.31.33.0-255,66,86834,33,262390
12813,0.000543,172.217.194.0-255,4827,91661,33,262390
12814,0.000547,172.31.33.0-255,66,91727,33,262390
12815,0.000741,172.217.194.0-255,1484,93211,33,262390
12816,0.000747,172.217.194.0-255,2902,96113,33,262390
12817,0.000749,172.31.33.0-255,66,96179,33,262390
12818,0.000771,172.217.194.0-255,5738,101917,33,262390
12819,0.000773,172.31.33.0-255,66,101983,33,262390
12820,0.000776,172.217.194.0-255,1484,103467,33,262390
12821,0.000799,172.31.33.0-255,66,103533,33,262390
12822,0.000831,172.217.194.0-255,5738,109271,33,262390
12823,0.000835,172.31.33.0-255,66,109337,33,262390
12824,0.000854,172.217.194.0-255,5020,114357,33,262390
12825,0.000857,172.31.33.0-255,101,114458,33,262390
12826,0.000862,172.31.33.0-255,66,114524,33,262390
12827,0.001125,172.217.194.0-255,1484,116008,33,262390
12828,0.00113,172.217.194.0-255,2902,118910,33,262390
12829,0.001133,172.31.33.0-255,66,118976,33,262390
12830,0.001156,172.217.194.0-255,5738,124714,33,262390
12831,0.001159,172.31.33.0-255,66,124780,33,262390
12832,0.001163,172.217.194.0-255,4320,129100,33,262390
12833,0.001165,172.31.33.0-255,66,129166,33,262390
12834,0.00117,172.217.194.0-255,4320,133486,33,262390
12835,0.001172,172.31.33.0-255,66,133552,33,262390
12836,0.001194,172.217.194.0-255,7156,140708,33,262390
12837,0.001196,172.31.33.0-255,66,140774,33,262390
12838,0.0012,172.217.194.0-255,2902,143676,33,262390
12839,0.001202,172.31.33.0-255,66,143742,33,262390
12840,0.001219,172.217.194.0-255,5020,148762,33,262390
12841,0.001222,172.31.33.0-255,66,148828,33,262390
12842,0.001236,172.217.194.0-255,2902,151730,33,262390
12843,0.001238,172.31.33.0-255,66,151796,33,262390
12844,0.00126,172.217.194.0-255,5738,157534,33,262390
12845,0.001263,172.31.33.0-255,66,157600,33,262390
12846,0.001266,172.217.194.0-255,1484,159084,33,262390
12847,0.00129,172.31.33.0-255,66,159150,33,262390
12848,0.001303,172.217.194.0-255,1484,160634,33,262390
12849,0.001305,172.217.194.0-255,1484,162118,33,262390
12850,0.001308,172.31.33.0-255,66,162184,33,262390
12851,0.00132,172.217.194.0-255,7156,169340,33,262390
12852,0.001323,172.31.33.0-255,66,169406,33,262390
12853,0.001339,172.217.194.0-255,3602,173008,33,262390
12854,0.001341,172.31.33.0-255,66,173074,33,262390
12855,0.001383,172.217.194.0-255,1484,174558,33,262390
12856,0.001387,172.217.194.0-255,1484,176042,33,262390
12857,0.001389,172.31.33.0-255,66,176108,33,262390
12858,0.001406,172.217.194.0-255,1484,177592,33,262390
12859,0.001412,172.217.194.0-255,5738,183330,33,262390
12860,0.001415,172.31.33.0-255,66,183396,33,262390
12861,0.001435,172.217.194.0-255,7156,190552,33,262390
12862,0.001437,172.31.33.0-255,66,190618,33,262390
12863,0.001453,172.217.194.0-255,5738,196356,33,262390
12864,0.001456,172.31.33.0-255,66,196422,33,262390
12865,0.001462,172.217.194.0-255,5738,202160,33,262390
12866,0.001463,172.31.33.0-255,66,202226,33,262390
12867,0.001486,172.217.194.0-255,5020,207246,33,262390
12868,0.001488,172.31.33.0-255,66,207312,33,262390
12869,0.001501,172.217.194.0-255,4320,211632,33,262390
12870,0.001503,172.31.33.0-255,66,211698,33,262390
12871,0.00153,172.217.194.0-255,7156,218854,33,262390
12872,0.001532,172.31.33.0-255,66,218920,33,262390
12873,0.001546,172.31.33.0-255,66,218986,33,262390
12874,0.001566,172.217.194.0-255,2902,221888,33,262390
12875,0.001568,172.31.33.0-255,66,221954,33,262390
12876,0.00159,172.31.33.0-255,66,222020,33,262390
12877,0.001615,172.31.33.0-255,66,222086,33,262390
12878,0.001641,172.217.194.0-255,1484,223570,33,262390
12879,0.001653,172.31.33.0-255,66,223636,33,262390
12880,0.001672,172.217.194.0-255,5738,229374,33,262390
12881,0.001674,172.31.33.0-255,66,229440,33,262390
12882,0.001712,172.31.33.0-255,66,229506,33,262390
12883,0.001727,172.31.33.0-255,66,229572,33,262390
12884,0.001733,172.217.194.0-255,6438,236010,33,262390
12885,0.00174,172.31.33.0-255,66,236076,33,262390
12886,0.001855,172.217.194.0-255,1484,237560,33,262390
12887,0.00186,172.217.194.0-255,2902,240462,33,262390
12888,0.001863,172.31.33.0-255,66,240528,33,262390
12889,0.001868,172.217.194.0-255,4320,244848,33,262390
12890,0.00187,172.31.33.0-255,66,244914,33,262390
12891,0.00188,172.217.194.0-255,1484,246398,33,262390
12892,0.001904,172.31.33.0-255,66,246464,33,262390
12893,0.00192,172.217.194.0-255,2902,249366,33,262390
12894,0.001922,172.31.33.0-255,66,249432,33,262390
12895,0.001945,172.31.33.0-255,66,249498,33,262390
12896,0.001966,172.217.194.0-255,1484,250982,33,262390
12897,0.001981,172.217.194.0-255,4320,255302,33,262390
12898,0.001983,172.31.33.0-255,66,255368,33,262390
12899,0.002006,172.217.194.0-255,4320,259688,33,262390
12900,0.00201,172.31.33.0-255,66,259754,33,262390
12901,0.002021,172.31.33.0-255,66,259820,33,262390
12902,0.00203,172.31.33.0-255,66,259886,33,262390
12903,0.002047,172.217.194.0-255,1933,261819,33,262390
12904,0.00205,172.31.33.0-255,66,261885,33,262390
12905,0.002053,172.217.194.0-255,97,261982,33,262390
12906,0.002107,172.217.194.0-255,105,262087,33,262390
12907,0.003035,172.31.33.0-255,66,262153,33,262390
12908,0.003044,172.217.194.0-255,66,262219,33,262390
12909,0.003057,172.31.33.0-255,105,262324,33,262390
12910,0.00527,172.217.194.0-255,66,262390,33,262390
12911,0.0,74.125.200.0-255,210,210,33,133246
12912,1.9e-05,172.31.33.0-255,66,276,33,133246
12913,2.5e-05,74.125.200.0-255,1484,1760,33,133246
12914,3e-05,172.31.33.0-255,66,1826,33,133246
12915,4.5e-05,74.125.200.0-255,4320,6146,33,133246
12916,4.9e-05,172.31.33.0-255,66,6212,33,133246
12917,7e-05,74.125.200.0-255,5738,11950,33,133246
12918,7.9e-05,172.31.33.0-255,66,12016,33,133246
12919,0.000106,74.125.200.0-255,1862,13878,33,133246
12920,0.00011,172.31.33.0-255,66,13944,33,133246
12921,0.000209,74.125.200.0-255,1484,15428,33,133246
12922,0.000214,172.31.33.0-255,66,15494,33,133246
12923,0.000218,74.125.200.0-255,1484,16978,33,133246
12924,0.000221,172.31.33.0-255,66,17044,33,133246
12925,0.000249,74.125.200.0-255,1484,18528,33,133246
12926,0.000251,172.31.33.0-255,66,18594,33,133246
12927,0.000263,74.125.200.0-255,5738,24332,33,133246
12928,0.000266,172.31.33.0-255,66,24398,33,133246
12929,0.00027,74.125.200.0-255,2902,27300,33,133246
12930,0.000273,172.31.33.0-255,66,27366,33,133246
12931,0.000314,74.125.200.0-255,3961,31327,33,133246
12932,0.000318,172.31.33.0-255,66,31393,33,133246
12933,0.000356,74.125.200.0-255,5738,37131,33,133246
12934,0.000359,172.31.33.0-255,66,37197,33,133246
12935,0.000367,74.125.200.0-255,7156,44353,33,133246
12936,0.000369,172.31.33.0-255,66,44419,33,133246
12937,0.000379,74.125.200.0-255,3961,48380,33,133246
12938,0.000381,172.31.33.0-255,66,48446,33,133246
12939,0.000411,74.125.200.0-255,2902,51348,33,133246
12940,0.000414,172.31.33.0-255,66,51414,33,133246
12941,0.000447,74.125.200.0-255,4320,55734,33,133246
12942,0.000451,172.31.33.0-255,66,55800,33,133246
12943,0.000453,74.125.200.0-255,1484,57284,33,133246
12944,0.000481,74.125.200.0-255,5738,63022,33,133246
12945,0.000484,172.31.33.0-255,66,63088,33,133246
12946,0.000507,74.125.200.0-255,1484,64572,33,133246
12947,0.000524,74.125.200.0-255,1394,65966,33,133246
12948,0.000529,172.31.33.0-255,66,66032,33,133246
12949,0.001055,74.125.200.0-255,130,66162,33,133246
12950,0.001188,74.125.200.0-255,1484,67646,33,133246
12951,0.001194,172.31.33.0-255,66,67712,33,133246
12952,0.0012,74.125.200.0-255,2902,70614,33,133246
12953,0.001202,172.31.33.0-255,66,70680,33,133246
12954,0.001207,74.125.200.0-255,2902,73582,33,133246
12955,0.001208,172.31.33.0-255,66,73648,33,133246
12956,0.001229,74.125.200.0-255,2902,76550,33,133246
12957,0.001231,172.31.33.0-255,66,76616,33,133246
12958,0.001242,74.125.200.0-255,5738,82354,33,133246
12959,0.001244,172.31.33.0-255,66,82420,33,133246
12960,0.001249,74.125.200.0-255,4320,86740,33,133246
12961,0.001251,172.31.33.0-255,66,86806,33,133246
12962,0.001283,74.125.200.0-255,2543,89349,33,133246
12963,0.001287,172.31.33.0-255,66,89415,33,133246
12964,0.001298,172.31.33.0-255,66,89481,33,133246
12965,0.001322,74.125.200.0-255,1125,90606,33,133246
12966,0.001894,74.125.200.0-255,1484,92090,33,133246
12967,0.001899,172.31.33.0-255,66,92156,33,133246
12968,0.001905,74.125.200.0-255,2902,95058,33,133246
12969,0.001907,172.31.33.0-255,66,95124,33,133246
12970,0.00191,74.125.200.0-255,1484,96608,33,133246
12971,0.001937,74.125.200.0-255,4320,100928,33,133246
12972,0.00194,172.31.33.0-255,66,100994,33,133246
12973,0.001945,74.125.200.0-255,2902,103896,33,133246
12974,0.001946,172.31.33.0-255,66,103962,33,133246
12975,0.00195,74.125.200.0-255,4320,108282,33,133246
12976,0.001958,172.31.33.0-255,66,108348,33,133246
12977,0.001961,74.125.200.0-255,1484,109832,33,133246
12978,0.00199,74.125.200.0-255,7156,116988,33,133246
12979,0.001996,172.31.33.0-255,66,117054,33,133246
12980,0.002008,172.31.33.0-255,66,117120,33,133246
12981,0.004011,74.125.200.0-255,4320,121440,33,133246
12982,0.004016,172.31.33.0-255,66,121506,33,133246
12983,0.00404,74.125.200.0-255,1484,122990,33,133246
12984,0.006033,74.125.200.0-255,4320,127310,33,133246
12985,0.006038,172.31.33.0-255,66,127376,33,133246
12986,0.008025,74.125.200.0-255,4320,131696,33,133246
12987,0.008031,172.31.33.0-255,66,131762,33,133246
12988,0.008052,74.125.200.0-255,1484,133246,33,133246
12989,0.0,74.125.24.0-255,215,215,33,281162
12990,2.8e-05,172.31.33.0-255,66,281,33,281162
12991,3.5e-05,74.125.24.0-255,1484,1765,33,281162
12992,4e-05,172.31.33.0-255,66,1831,33,281162
12993,5.2e-05,74.125.24.0-255,4320,6151,33,281162
12994,5.6e-05,172.31.33.0-255,66,6217,33,281162
12995,6e-05,74.125.24.0-255,4320,10537,33,281162
12996,6.3e-05,172.31.33.0-255,66,10603,33,281162
12997,0.000101,74.125.24.0-255,3382,13985,33,281162
12998,0.000105,172.31.33.0-255,66,14051,33,281162
12999,0.000131,74.125.24.0-255,4320,18371,33,281162
13000,0.000135,172.31.33.0-255,66,18437,33,281162
13001,0.000138,74.125.24.0-255,1484,19921,33,281162
13002,0.00014,172.31.33.0-255,66,19987,33,281162
13003,0.000175,172.31.33.0-255,66,20053,33,281162
13004,0.000181,74.125.24.0-255,2543,22596,33,281162
13005,0.000183,172.31.33.0-255,66,22662,33,281162
13006,0.00026,74.125.24.0-255,1484,24146,33,281162
13007,0.000263,172.31.33.0-255,66,24212,33,281162
13008,0.000268,74.125.24.0-255,2902,27114,33,281162
13009,0.00027,172.31.33.0-255,66,27180,33,281162
13010,0.000296,74.125.24.0-255,5738,32918,33,281162
13011,0.000302,172.31.33.0-255,66,32984,33,281162
13012,0.00033,74.125.24.0-255,6797,39781,33,281162
13013,0.000334,172.31.33.0-255,66,39847,33,281162
13014,0.0009,74.125.24.0-255,1484,41331,33,281162
13015,0.000905,172.31.33.0-255,66,41397,33,281162
13016,0.000934,74.125.24.0-255,2902,44299,33,281162
13017,0.000938,172.31.33.0-255,66,44365,33,281162
13018,0.000945,74.125.24.0-255,5738,50103,33,281162
13019,0.000947,172.31.33.0-255,66,50169,33,281162
13020,0.000979,74.125.24.0-255,6797,56966,33,281162
13021,0.000982,172.31.33.0-255,66,57032,33,281162
13022,0.001037,74.125.24.0-255,1484,58516,33,281162
13023,0.001043,74.125.24.0-255,2902,61418,33,281162
13024,0.001045,172.31.33.0-255,66,61484,33,281162
13025,0.00107,74.125.24.0-255,5738,67222,33,281162
13026,0.001073,172.31.33.0-255,66,67288,33,281162
13027,0.001118,74.125.24.0-255,5738,73026,33,281162
13028,0.001122,172.31.33.0-255,66,73092,33,281162
13029,0.001147,74.125.24.0-255,1705,74797,33,281162
13030,0.00115,172.31.33.0-255,66,74863,33,281162
13031,0.001178,74.125.24.0-255,1484,76347,33,281162
13032,0.001183,74.125.24.0-255,2902,79249,33,281162
13033,0.001187,172.31.33.0-255,66,79315,33,281162
13034,0.00119,74.125.24.0-255,1484,80799,33,281162
13035,0.001215,74.125.24.0-255,4320,85119,33,281162
13036,0.001218,172.31.33.0-255,66,85185,33,281162
13037,0.001225,74.125.24.0-255,6797,91982,33,281162
13038,0.001227,172.31.33.0-255,66,92048,33,281162
13039,0.001571,74.125.24.0-255,1484,93532,33,281162
13040,0.001579,74.125.24.0-255,2902,96434,33,281162
13041,0.001584,172.31.33.0-255,66,96500,33,281162
13042,0.001591,74.125.24.0-255,5738,102238,33,281162
13043,0.001593,172.31.33.0-255,66,102304,33,281162
13044,0.001628,74.125.24.0-255,4320,106624,33,281162
13045,0.001631,172.31.33.0-255,66,106690,33,281162
13046,0.001653,74.125.24.0-255,1980,108670,33,281162
13047,0.001655,172.31.33.0-255,66,108736,33,281162
13048,0.002278,74.125.24.0-255,1484,110220,33,281162
13049,0.002292,74.125.24.0-255,2902,113122,33,281162
13050,0.002295,172.31.33.0-255,66,113188,33,281162
13051,0.002298,74.125.24.0-255,1484,114672,33,281162
13052,0.002322,74.125.24.0-255,4320,118992,33,281162
13053,0.002324,172.31.33.0-255,66,119058,33,281162
13054,0.002351,74.125.24.0-255,2902,121960,33,281162
13055,0.002389,74.125.24.0-255,4320,126280,33,281162
13056,0.002402,74.125.24.0-255,6438,132718,33,281162
13057,0.0026,74.125.24.0-255,1484,134202,33,281162
13058,0.002611,74.125.24.0-255,2902,137104,33,281162
13059,0.002613,74.125.24.0-255,1484,138588,33,281162
13060,0.002629,74.125.24.0-255,4320,142908,33,281162
13061,0.002633,74.125.24.0-255,2902,145810,33,281162
13062,0.002649,74.125.24.0-255,5738,151548,33,281162
13063,0.002659,74.125.24.0-255,1484,153032,33,281162
13064,0.002666,74.125.24.0-255,7156,160188,33,281162
13065,0.002685,74.125.24.0-255,4320,164508,33,281162
13066,0.002688,74.125.24.0-255,2184,166692,33,281162
13067,0.002836,74.125.24.0-255,1484,168176,33,281162
13068,0.002848,74.125.24.0-255,2902,171078,33,281162
13069,0.00286,74.125.24.0-255,1484,172562,33,281162
13070,0.002872,74.125.24.0-255,4320,176882,33,281162
13071,0.002938,74.125.24.0-255,7156,184038,33,281162
13072,0.00295,74.125.24.0-255,3602,187640,33,281162
13073,0.003018,74.125.24.0-255,1484,189124,33,281162
13074,0.003032,74.125.24.0-255,1484,190608,33,281162
13075,0.003045,74.125.24.0-255,1484,192092,33,281162
13076,0.003049,74.125.24.0-255,2902,194994,33,281162
13077,0.003058,74.125.24.0-255,2902,197896,33,281162
13078,0.00306,74.125.24.0-255,1484,199380,33,281162
13079,0.00309,74.125.24.0-255,2902,202282,33,281162
13080,0.00312,74.125.24.0-255,1484,203766,33,281162
13081,0.003126,74.125.24.0-255,6438,210204,33,281162
13082,0.003152,74.125.24.0-255,2902,213106,33,281162
13083,0.003176,74.125.24.0-255,4320,217426,33,281162
13084,0.003194,74.125.24.0-255,2184,219610,33,281162
13085,0.003214,74.125.24.0-255,2902,222512,33,281162
13086,0.003231,74.125.24.0-255,5738,228250,33,281162
13087,0.003278,74.125.24.0-255,4320,232570,33,281162
13088,0.003293,74.125.24.0-255,4320,236890,33,281162
13089,0.003296,74.125.24.0-255,1484,238374,33,281162
13090,0.003313,74.125.24.0-255,5020,243394,33,281162
13091,0.003674,74.125.24.0-255,1484,244878,33,281162
13092,0.003681,74.125.24.0-255,2902,247780,33,281162
13093,0.003701,74.125.24.0-255,2902,250682,33,281162
13094,0.003728,74.125.24.0-255,4320,255002,33,281162
13095,0.003738,74.125.24.0-255,2902,257904,33,281162
13096,0.003762,74.125.24.0-255,5738,263642,33,281162
13097,0.003765,74.125.24.0-255,1484,265126,33,281162
13098,0.003769,74.125.24.0-255,4320,269446,33,281162
13099,0.003816,74.125.24.0-255,5738,275184,33,281162
13100,0.003918,74.125.24.0-255,5020,280204,33,281162
13101,0.003921,74.125.24.0-255,658,280862,33,281162
13102,0.003923,74.125.24.0-255,105,280967,33,281162
13103,0.003979,74.125.24.0-255,129,281096,33,281162
13104,0.009938,172.31.33.0-255,66,281162,33,281162
13105,0.0,172.217.160.0-255,143,143,33,108492
13106,2.9e-05,172.31.33.0-255,66,209,33,108492
13107,3.5e-05,172.217.160.0-255,1484,1693,33,108492
13108,4e-05,172.31.33.0-255,66,1759,33,108492
13109,4.6e-05,172.217.160.0-255,2902,4661,33,108492
13110,4.9e-05,172.31.33.0-255,66,4727,33,108492
13111,5.6e-05,172.217.160.0-255,7156,11883,33,108492
13112,5.9e-05,172.31.33.0-255,66,11949,33,108492
13113,7.9e-05,172.217.160.0-255,2148,14097,33,108492
13114,8.1e-05,172.31.33.0-255,66,14163,33,108492
13115,0.000145,172.217.160.0-255,1484,15647,33,108492
13116,0.000149,172.31.33.0-255,66,15713,33,108492
13117,0.000154,172.217.160.0-255,2902,18615,33,108492
13118,0.000156,172.31.33.0-255,66,18681,33,108492
13119,0.00016,172.217.160.0-255,2902,21583,33,108492
13120,0.000163,172.31.33.0-255,66,21649,33,108492
13121,0.000181,172.217.160.0-255,2902,24551,33,108492
13122,0.000183,172.31.33.0-255,66,24617,33,108492
13123,0.000223,172.31.33.0-255,66,24683,33,108492
13124,0.000229,172.217.160.0-255,5738,30421,33,108492
13125,0.000231,172.31.33.0-255,66,30487,33,108492
13126,0.000245,172.217.160.0-255,3961,34448,33,108492
13127,0.000248,172.31.33.0-255,66,34514,33,108492
13128,0.000267,172.217.160.0-255,4320,38834,33,108492
13129,0.000269,172.31.33.0-255,66,38900,33,108492
13130,0.0003,172.31.33.0-255,66,38966,33,108492
13131,0.000331,172.217.160.0-255,4231,43197,33,108492
13132,0.000334,172.31.33.0-255,66,43263,33,108492
13133,0.000753,172.217.160.0-255,120,43383,33,108492
13134,0.000759,172.31.33.0-255,66,43449,33,108492
13135,0.000906,172.217.160.0-255,1484,44933,33,108492
13136,0.000915,172.217.160.0-255,2902,47835,33,108492
13137,0.000919,172.31.33.0-255,66,47901,33,108492
13138,0.000941,172.217.160.0-255,5738,53639,33,108492
13139,0.000944,172.31.33.0-255,66,53705,33,108492
13140,0.000971,172.31.33.0-255,66,53771,33,108492
13141,0.000988,172.217.160.0-255,3961,57732,33,108492
13142,0.000991,172.31.33.0-255,66,57798,33,108492
13143,0.001004,172.31.33.0-255,66,57864,33,108492
13144,0.001282,172.217.160.0-255,1484,59348,33,108492
13145,0.00129,172.217.160.0-255,2902,62250,33,108492
13146,0.001294,172.31.33.0-255,66,62316,33,108492
13147,0.001302,172.217.160.0-255,5738,68054,33,108492
13148,0.001304,172.31.33.0-255,66,68120,33,108492
13149,0.001355,172.217.160.0-255,7156,75276,33,108492
13150,0.001358,172.31.33.0-255,66,75342,33,108492
13151,0.001381,172.217.160.0-255,5738,81080,33,108492
13152,0.001384,172.31.33.0-255,66,81146,33,108492
13153,0.001394,172.31.33.0-255,66,81212,33,108492
13154,0.001415,172.31.33.0-255,66,81278,33,108492
13155,0.001429,172.31.33.0-255,66,81344,33,108492
13156,0.001434,172.217.160.0-255,766,82110,33,108492
13157,0.00305,172.31.33.0-255,66,82176,33,108492
13158,0.003086,172.217.160.0-255,4320,86496,33,108492
13159,0.003091,172.31.33.0-255,66,86562,33,108492
13160,0.004685,172.217.160.0-255,1484,88046,33,108492
13161,0.004743,172.217.160.0-255,2902,90948,33,108492
13162,0.004747,172.31.33.0-255,66,91014,33,108492
13163,0.004763,172.217.160.0-255,1484,92498,33,108492
13164,0.00639,172.217.160.0-255,4320,96818,33,108492
13165,0.006395,172.31.33.0-255,66,96884,33,108492
13166,0.008046,172.217.160.0-255,5738,102622,33,108492
13167,0.008053,172.31.33.0-255,66,102688,33,108492
13168,0.009704,172.217.160.0-255,5738,108426,33,108492
13169,0.009711,172.31.33.0-255,66,108492,33,108492
13170,0.0,172.31.33.0-255,105,105,33,459
13171,0.000291,172.31.33.0-255,90,195,33,459
13172,0.0003,172.31.33.0-255,66,261,33,459
13173,0.002297,74.125.24.0-255,66,327,33,459
13174,0.002315,74.125.24.0-255,66,393,33,459
13175,0.002328,172.31.33.0-255,66,459,33,459
13176,0.0,74.125.24.0-255,290,290,33,141956
13177,2.4e-05,172.31.33.0-255,66,356,33,141956
13178,2.9e-05,74.125.24.0-255,1484,1840,33,141956
13179,3.3e-05,172.31.33.0-255,66,1906,33,141956
13180,3.6e-05,74.125.24.0-255,1484,3390,33,141956
13181,3.8e-05,172.31.33.0-255,66,3456,33,141956
13182,7.2e-05,74.125.24.0-255,2902,6358,33,141956
13183,7.5e-05,172.31.33.0-255,66,6424,33,141956
13184,8e-05,74.125.24.0-255,2902,9326,33,141956
13185,8.2e-05,172.31.33.0-255,66,9392,33,141956
13186,0.000112,74.125.24.0-255,1484,10876,33,141956
13187,0.000115,172.31.33.0-255,66,10942,33,141956
13188,0.000138,74.125.24.0-255,3212,14154,33,141956
13189,0.00014,172.31.33.0-255,66,14220,33,141956
13190,0.000378,74.125.24.0-255,1484,15704,33,141956
13191,0.000383,172.31.33.0-255,66,15770,33,141956
13192,0.000388,74.125.24.0-255,2902,18672,33,141956
13193,0.00039,172.31.33.0-255,66,18738,33,141956
13194,0.000396,74.125.24.0-255,4320,23058,33,141956
13195,0.000405,172.31.33.0-255,66,23124,33,141956
13196,0.000432,74.125.24.0-255,1484,24608,33,141956
13197,0.000439,172.31.33.0-255,66,24674,33,141956
13198,0.000446,74.125.24.0-255,5738,30412,33,141956
13199,0.000448,172.31.33.0-255,66,30478,33,141956
13200,0.000451,74.125.24.0-255,1125,31603,33,141956
13201,0.000455,172.31.33.0-255,66,31669,33,141956
13202,0.00062,74.125.24.0-255,1484,33153,33,141956
13203,0.000624,172.31.33.0-255,66,33219,33,141956
13204,0.000633,74.125.24.0-255,2902,36121,33,141956
13205,0.000635,172.31.33.0-255,66,36187,33,141956
13206,0.000647,74.125.24.0-255,5738,41925,33,141956
13207,0.000649,172.31.33.0-255,66,41991,33,141956
13208,0.000678,74.125.24.0-255,6797,48788,33,141956
13209,0.000682,172.31.33.0-255,66,48854,33,141956
13210,0.000717,172.31.33.0-255,66,48920,33,141956
13211,0.000745,74.125.24.0-255,1484,50404,33,141956
13212,0.00075,74.125.24.0-255,2543,52947,33,141956
13213,0.000753,172.31.33.0-255,66,53013,33,141956
13214,0.001045,74.125.24.0-255,647,53660,33,141956
13215,0.001064,172.31.33.0-255,66,53726,33,141956
13216,0.001466,74.125.24.0-255,1484,55210,33,141956
13217,0.001473,74.125.24.0-255,2902,58112,33,141956
13218,0.001477,172.31.33.0-255,66,58178,33,141956
13219,0.001494,74.125.24.0-255,2902,61080,33,141956
13220,0.001497,172.31.33.0-255,66,61146,33,141956
13221,0.001525,74.125.24.0-255,2902,64048,33,141956
13222,0.001528,172.31.33.0-255,66,64114,33,141956
13223,0.001535,74.125.24.0-255,7156,71270,33,141956
13224,0.001536,172.31.33.0-255,66,71336,33,141956
13225,0.001556,74.125.24.0-255,5738,77074,33,141956
13226,0.001563,172.31.33.0-255,66,77140,33,141956
13227,0.001585,74.125.24.0-255,1484,78624,33,141956
13228,0.001616,172.31.33.0-255,66,78690,33,141956
13229,0.00218,74.125.24.0-255,1484,80174,33,141956
13230,0.002186,74.125.24.0-255,1484,81658,33,141956
13231,0.00219,172.31.33.0-255,66,81724,33,141956
13232,0.002213,74.125.24.0-255,1484,83208,33,141956
13233,0.002219,74.125.24.0-255,5738,88946,33,141956
13234,0.00222,172.31.33.0-255,66,89012,33,141956
13235,0.002223,74.125.24.0-255,1484,90496,33,141956
13236,0.002255,172.31.33.0-255,66,90562,33,141956
13237,0.002283,74.125.24.0-255,4320,94882,33,141956
13238,0.002285,172.31.33.0-255,66,94948,33,141956
13239,0.002312,74.125.24.0-255,6438,101386,33,141956
13240,0.002314,172.31.33.0-255,66,101452,33,141956
13241,0.002378,74.125.24.0-255,1484,102936,33,141956
13242,0.002382,74.125.24.0-255,2902,105838,33,141956
13243,0.002385,172.31.33.0-255,66,105904,33,141956
13244,0.002391,74.125.24.0-255,5738,111642,33,141956
13245,0.002393,172.31.33.0-255,66,111708,33,141956
13246,0.002395,74.125.24.0-255,1484,113192,33,141956
13247,0.002444,172.31.33.0-255,66,113258,33,141956
13248,0.002483,172.31.33.0-255,66,113324,33,141956
13249,0.002588,74.125.24.0-255,1484,114808,33,141956
13250,0.002592,74.125.24.0-255,2902,117710,33,141956
13251,0.002594,172.31.33.0-255,66,117776,33,141956
13252,0.002624,74.125.24.0-255,5738,123514,33,141956
13253,0.002626,172.31.33.0-255,66,123580,33,141956
13254,0.002631,74.125.24.0-255,4320,127900,33,141956
13255,0.002633,172.31.33.0-255,66,127966,33,141956
13256,0.002666,172.31.33.0-255,66,128032,33,141956
13257,0.002675,172.31.33.0-255,66,128098,33,141956
13258,0.002683,74.125.24.0-255,2184,130282,33,141956
13259,0.002684,172.31.33.0-255,66,130348,33,141956
13260,0.005269,74.125.24.0-255,5738,136086,33,141956
13261,0.005273,172.31.33.0-255,66,136152,33,141956
13262,0.007877,74.125.24.0-255,5738,141890,33,141956
13263,0.007884,172.31.33.0-255,66,141956,33,141956
13264,0.0,172.31.33.0-255,105,105,33,459
13265,0.000167,172.31.33.0-255,90,195,33,459
13266,0.000176,172.31.33.0-255,66,261,33,459
13267,0.002761,74.125.68.0-255,66,327,33,459
13268,0.002775,74.125.68.0-255,66,393,33,459
13269,0.002784,172.31.33.0-255,66,459,33,459
13270,0.0,74.125.68.0-255,150,150,33,144315
13271,2.4e-05,172.31.33.0-255,66,216,33,144315
13272,3.1e-05,74.125.68.0-255,1484,1700,33,144315
13273,3.5e-05,172.31.33.0-255,66,1766,33,144315
13274,4.1e-05,74.125.68.0-255,2902,4668,33,144315
13275,4.4e-05,172.31.33.0-255,66,4734,33,144315
13276,6.2e-05,74.125.68.0-255,7156,11890,33,144315
13277,6.6e-05,172.31.33.0-255,66,11956,33,144315
13278,7.1e-05,74.125.68.0-255,1983,13939,33,144315
13279,7.3e-05,172.31.33.0-255,66,14005,33,144315
13280,0.000103,74.125.68.0-255,2902,16907,33,144315
13281,0.000107,172.31.33.0-255,66,16973,33,144315
13282,0.000114,74.125.68.0-255,7156,24129,33,144315
13283,0.000117,172.31.33.0-255,66,24195,33,144315
13284,0.000176,74.125.68.0-255,6797,30992,33,144315
13285,0.000179,172.31.33.0-255,66,31058,33,144315
13286,0.000308,74.125.68.0-255,1484,32542,33,144315
13287,0.000312,172.31.33.0-255,66,32608,33,144315
13288,0.000343,74.125.68.0-255,2902,35510,33,144315
13289,0.000345,172.31.33.0-255,66,35576,33,144315
13290,0.000374,74.125.68.0-255,5738,41314,33,144315
13291,0.000377,172.31.33.0-255,66,41380,33,144315
13292,0.000401,74.125.68.0-255,6797,48177,33,144315
13293,0.000404,172.31.33.0-255,66,48243,33,144315
13294,0.000431,74.125.68.0-255,4320,52563,33,144315
13295,0.000433,172.31.33.0-255,66,52629,33,144315
13296,0.000475,74.125.68.0-255,4320,56949,33,144315
13297,0.000477,172.31.33.0-255,66,57015,33,144315
13298,0.000499,74.125.68.0-255,1484,58499,33,144315
13299,0.000501,172.31.33.0-255,66,58565,33,144315
13300,0.000509,74.125.68.0-255,7106,65671,33,144315
13301,0.000512,172.31.33.0-255,66,65737,33,144315
13302,0.000515,74.125.68.0-255,111,65848,33,144315
13303,0.000595,74.125.68.0-255,1484,67332,33,144315
13304,0.000599,172.31.33.0-255,66,67398,33,144315
13305,0.000619,74.125.68.0-255,2902,70300,33,144315
13306,0.000622,172.31.33.0-255,66,70366,33,144315
13307,0.000625,74.125.68.0-255,1484,71850,33,144315
13308,0.00065,74.125.68.0-255,2902,74752,33,144315
13309,0.000652,172.31.33.0-255,66,74818,33,144315
13310,0.000684,172.31.33.0-255,66,74884,33,144315
13311,0.000714,74.125.68.0-255,7156,82040,33,144315
13312,0.000716,172.31.33.0-255,66,82106,33,144315
13313,0.000734,74.125.68.0-255,1484,83590,33,144315
13314,0.000739,74.125.68.0-255,2902,86492,33,144315
13315,0.000741,172.31.33.0-255,66,86558,33,144315
13316,0.000747,74.125.68.0-255,4320,90878,33,144315
13317,0.000749,172.31.33.0-255,66,90944,33,144315
13318,0.000773,74.125.68.0-255,1391,92335,33,144315
13319,0.001493,74.125.68.0-255,1484,93819,33,144315
13320,0.001497,172.31.33.0-255,66,93885,33,144315
13321,0.001516,74.125.68.0-255,2902,96787,33,144315
13322,0.001519,172.31.33.0-255,66,96853,33,144315
13323,0.001522,74.125.68.0-255,1484,98337,33,144315
13324,0.001543,74.125.68.0-255,2902,101239,33,144315
13325,0.001545,172.31.33.0-255,66,101305,33,144315
13326,0.001549,74.125.68.0-255,2902,104207,33,144315
13327,0.001551,172.31.33.0-255,66,104273,33,144315
13328,0.001577,74.125.68.0-255,2902,107175,33,144315
13329,0.001579,172.31.33.0-255,66,107241,33,144315
13330,0.001584,74.125.68.0-255,4320,111561,33,144315
13331,0.001585,172.31.33.0-255,66,111627,33,144315
13332,0.001617,74.125.68.0-255,5738,117365,33,144315
13333,0.001619,172.31.33.0-255,66,117431,33,144315
13334,0.001635,74.125.68.0-255,2902,120333,33,144315
13335,0.001637,172.31.33.0-255,66,120399,33,144315
13336,0.001664,74.125.68.0-255,6438,126837,33,144315
13337,0.001666,172.31.33.0-255,66,126903,33,144315
13338,0.004278,74.125.68.0-255,5738,132641,33,144315
13339,0.004284,172.31.33.0-255,66,132707,33,144315
13340,0.006898,74.125.68.0-255,5738,138445,33,144315
13341,0.006903,172.31.33.0-255,66,138511,33,144315
13342,0.00955,74.125.68.0-255,5738,144249,33,144315
13343,0.009556,172.31.33.0-255,66,144315,33,144315
13344,0.0,172.217.194.0-255,216,216,33,146382
13345,2.6e-05,172.31.33.0-255,66,282,33,146382
13346,3.4e-05,172.217.194.0-255,1484,1766,33,146382
13347,3.9e-05,172.31.33.0-255,66,1832,33,146382
13348,5.2e-05,172.217.194.0-255,4320,6152,33,146382
13349,5.6e-05,172.31.33.0-255,66,6218,33,146382
13350,7.9e-05,172.217.194.0-255,1484,7702,33,146382
13351,8.1e-05,172.31.33.0-255,66,7768,33,146382
13352,0.000109,172.217.194.0-255,5738,13506,33,146382
13353,0.000113,172.31.33.0-255,66,13572,33,146382
13354,0.000124,172.31.33.0-255,66,13638,33,146382
13355,0.000163,172.31.33.0-255,66,13704,33,146382
13356,0.000198,172.217.194.0-255,1484,15188,33,146382
13357,0.0002,172.31.33.0-255,66,15254,33,146382
13358,0.000227,172.217.194.0-255,1484,16738,33,146382
13359,0.000229,172.31.33.0-255,66,16804,33,146382
13360,0.000236,172.217.194.0-255,4320,21124,33,146382
13361,0.000239,172.31.33.0-255,66,21190,33,146382
13362,0.000249,172.31.33.0-255,66,21256,33,146382
13363,0.000298,172.31.33.0-255,66,21322,33,146382
13364,0.000426,172.217.194.0-255,646,21968,33,146382
13365,0.00043,172.31.33.0-255,66,22034,33,146382
13366,0.000901,172.217.194.0-255,1484,23518,33,146382
13367,0.000905,172.31.33.0-255,66,23584,33,146382
13368,0.000913,172.217.194.0-255,2902,26486,33,146382
13369,0.000915,172.31.33.0-255,66,26552,33,146382
13370,0.000925,172.217.194.0-255,2902,29454,33,146382
13371,0.000927,172.31.33.0-255,66,29520,33,146382
13372,0.00095,172.217.194.0-255,2902,32422,33,146382
13373,0.000957,172.31.33.0-255,66,32488,33,146382
13374,0.000971,172.217.194.0-255,5738,38226,33,146382
13375,0.000978,172.31.33.0-255,66,38292,33,146382
13376,0.001008,172.217.194.0-255,7156,45448,33,146382
13377,0.001011,172.31.33.0-255,66,45514,33,146382
13378,0.001014,172.217.194.0-255,1484,46998,33,146382
13379,0.001017,172.217.194.0-255,1484,48482,33,146382
13380,0.001019,172.31.33.0-255,66,48548,33,146382
13381,0.001057,172.31.33.0-255,66,48614,33,146382
13382,0.001563,172.217.194.0-255,1484,50098,33,146382
13383,0.001571,172.217.194.0-255,2902,53000,33,146382
13384,0.001575,172.31.33.0-255,66,53066,33,146382
13385,0.001582,172.217.194.0-255,5738,58804,33,146382
13386,0.001584,172.31.33.0-255,66,58870,33,146382
13387,0.001616,172.31.33.0-255,66,58936,33,146382
13388,0.001631,172.217.194.0-255,2902,61838,33,146382
13389,0.001634,172.31.33.0-255,66,61904,33,146382
13390,0.001648,172.217.194.0-255,5738,67642,33,146382
13391,0.00165,172.31.33.0-255,66,67708,33,146382
13392,0.001668,172.217.194.0-255,5020,72728,33,146382
13393,0.001675,172.31.33.0-255,66,72794,33,146382
13394,0.001854,172.217.194.0-255,1484,74278,33,146382
13395,0.001873,172.217.194.0-255,2902,77180,33,146382
13396,0.001876,172.31.33.0-255,66,77246,33,146382
13397,0.001882,172.217.194.0-255,5738,82984,33,146382
13398,0.001884,172.31.33.0-255,66,83050,33,146382
13399,0.001926,172.31.33.0-255,66,83116,33,146382
13400,0.00195,172.217.194.0-255,4320,87436,33,146382
13401,0.001952,172.31.33.0-255,66,87502,33,146382
13402,0.001994,172.31.33.0-255,66,87568,33,146382
13403,0.002016,172.31.33.0-255,66,87634,33,146382
13404,0.002021,172.217.194.0-255,5020,92654,33,146382
13405,0.002023,172.31.33.0-255,66,92720,33,146382
13406,0.002063,172.217.194.0-255,1484,94204,33,146382
13407,0.002077,172.217.194.0-255,2902,97106,33,146382
13408,0.002079,172.31.33.0-255,66,97172,33,146382
13409,0.002082,172.217.194.0-255,1484,98656,33,146382
13410,0.002107,172.217.194.0-255,5738,104394,33,146382
13411,0.00211,172.31.33.0-255,66,104460,33,146382
13412,0.002116,172.217.194.0-255,5738,110198,33,146382
13413,0.002119,172.31.33.0-255,66,110264,33,146382
13414,0.002151,172.217.194.0-255,7156,117420,33,146382
13415,0.002154,172.31.33.0-255,66,117486,33,146382
13416,0.002164,172.31.33.0-255,66,117552,33,146382
13417,0.002168,172.217.194.0-255,4320,121872,33,146382
13418,0.00217,172.31.33.0-255,66,121938,33,146382
13419,0.002202,172.217.194.0-255,5738,127676,33,146382
13420,0.002204,172.31.33.0-255,66,127742,33,146382
13421,0.002262,172.31.33.0-255,66,127808,33,146382
13422,0.002279,172.217.194.0-255,2902,130710,33,146382
13423,0.002281,172.31.33.0-255,66,130776,33,146382
13424,0.002293,172.31.33.0-255,66,130842,33,146382
13425,0.002305,172.31.33.0-255,66,130908,33,146382
13426,0.002323,172.31.33.0-255,66,130974,33,146382
13427,0.002338,172.217.194.0-255,766,131740,33,146382
13428,0.00468,172.217.194.0-255,2902,134642,33,146382
13429,0.004684,172.31.33.0-255,66,134708,33,146382
13430,0.004705,172.217.194.0-255,1484,136192,33,146382
13431,0.007046,172.217.194.0-255,4320,140512,33,146382
13432,0.007052,172.31.33.0-255,66,140578,33,146382
13433,0.009385,172.217.194.0-255,5738,146316,33,146382
13434,0.009392,172.31.33.0-255,66,146382,33,146382
13435,0.0,74.125.24.0-255,146,146,33,190904
13436,2.1e-05,172.31.33.0-255,66,212,33,190904
13437,2.8e-05,74.125.24.0-255,1484,1696,33,190904
13438,3.3e-05,172.31.33.0-255,66,1762,33,190904
13439,3.9e-05,74.125.24.0-255,2902,4664,33,190904
13440,4.3e-05,172.31.33.0-255,66,4730,33,190904
13441,4.9e-05,74.125.24.0-255,5738,10468,33,190904
13442,5.2e-05,172.31.33.0-255,66,10534,33,190904
13443,8.5e-05,172.31.33.0-255,66,10600,33,190904
13444,9e-05,74.125.24.0-255,2902,13502,33,190904
13445,9.2e-05,172.31.33.0-255,66,13568,33,190904
13446,0.000108,74.125.24.0-255,3961,17529,33,190904
13447,0.000111,172.31.33.0-255,66,17595,33,190904
13448,0.000171,74.125.24.0-255,1484,19079,33,190904
13449,0.000173,172.31.33.0-255,66,19145,33,190904
13450,0.000188,74.125.24.0-255,2902,22047,33,190904
13451,0.00019,172.31.33.0-255,66,22113,33,190904
13452,0.000218,74.125.24.0-255,5738,27851,33,190904
13453,0.000221,172.31.33.0-255,66,27917,33,190904
13454,0.000227,74.125.24.0-255,5738,33655,33,190904
13455,0.000229,172.31.33.0-255,66,33721,33,190904
13456,0.00025,74.125.24.0-255,1125,34846,33,190904
13457,0.000252,172.31.33.0-255,66,34912,33,190904
13458,0.000259,74.125.24.0-255,5738,40650,33,190904
13459,0.000261,172.31.33.0-255,66,40716,33,190904
13460,0.000276,74.125.24.0-255,1484,42200,33,190904
13461,0.000279,172.31.33.0-255,66,42266,33,190904
13462,0.00029,172.31.33.0-255,66,42332,33,190904
13463,0.000293,74.125.24.0-255,108,42440,33,190904
13464,0.000295,172.31.33.0-255,66,42506,33,190904
13465,0.000461,74.125.24.0-255,332,42838,33,190904
13466,0.000465,172.31.33.0-255,66,42904,33,190904
13467,0.000754,74.125.24.0-255,1484,44388,33,190904
13468,0.000758,172.31.33.0-255,66,44454,33,190904
13469,0.000764,74.125.24.0-255,2902,47356,33,190904
13470,0.000766,172.31.33.0-255,66,47422,33,190904
13471,0.000783,74.125.24.0-255,5738,53160,33,190904
13472,0.000785,172.31.33.0-255,66,53226,33,190904
13473,0.000805,74.125.24.0-255,4320,57546,33,190904
13474,0.000808,172.31.33.0-255,66,57612,33,190904
13475,0.000838,172.31.33.0-255,66,57678,33,190904
13476,0.000844,74.125.24.0-255,5738,63416,33,190904
13477,0.000845,172.31.33.0-255,66,63482,33,190904
13478,0.000866,74.125.24.0-255,1484,64966,33,190904
13479,0.000869,172.31.33.0-255,66,65032,33,190904
13480,0.00088,74.125.24.0-255,3602,68634,33,190904
13481,0.000882,172.31.33.0-255,66,68700,33,190904
13482,0.001211,74.125.24.0-255,1484,70184,33,190904
13483,0.001215,172.31.33.0-255,66,70250,33,190904
13484,0.00122,74.125.24.0-255,2902,73152,33,190904
13485,0.001222,172.31.33.0-255,66,73218,33,190904
13486,0.001236,74.125.24.0-255,5738,78956,33,190904
13487,0.001237,172.31.33.0-255,66,79022,33,190904
13488,0.001265,74.125.24.0-255,2902,81924,33,190904
13489,0.001267,172.31.33.0-255,66,81990,33,190904
13490,0.001297,74.125.24.0-255,4320,86310,33,190904
13491,0.001309,172.31.33.0-255,66,86376,33,190904
13492,0.001346,74.125.24.0-255,4320,90696,33,190904
13493,0.001362,74.125.24.0-255,2184,92880,33,190904
13494,0.001367,172.31.33.0-255,66,92946,33,190904
13495,0.00155,74.125.24.0-255,1484,94430,33,190904
13496,0.001555,74.125.24.0-255,1484,95914,33,190904
13497,0.001557,172.31.33.0-255,66,95980,33,190904
13498,0.001577,74.125.24.0-255,1484,97464,33,190904
13499,0.001583,74.125.24.0-255,5738,103202,33,190904
13500,0.001588,74.125.24.0-255,4320,107522,33,190904
13501,0.001603,172.31.33.0-255,66,107588,33,190904
13502,0.001613,74.125.24.0-255,5738,113326,33,190904
13503,0.001627,172.31.33.0-255,66,113392,33,190904
13504,0.001644,74.125.24.0-255,1484,114876,33,190904
13505,0.001659,74.125.24.0-255,2184,117060,33,190904
13506,0.001675,172.31.33.0-255,66,117126,33,190904
13507,0.001725,74.125.24.0-255,1484,118610,33,190904
13508,0.001749,74.125.24.0-255,2902,121512,33,190904
13509,0.001752,172.31.33.0-255,66,121578,33,190904
13510,0.001779,74.125.24.0-255,4320,125898,33,190904
13511,0.001783,172.31.33.0-255,66,125964,33,190904
13512,0.001793,74.125.24.0-255,1484,127448,33,190904
13513,0.001798,74.125.24.0-255,4320,131768,33,190904
13514,0.001833,172.31.33.0-255,66,131834,33,190904
13515,0.00187,172.31.33.0-255,66,131900,33,190904
13516,0.002023,74.125.24.0-255,1484,133384,33,190904
13517,0.002036,74.125.24.0-255,2902,136286,33,190904
13518,0.002039,172.31.33.0-255,66,136352,33,190904
13519,0.002042,74.125.24.0-255,1484,137836,33,190904
13520,0.00206,74.125.24.0-255,2902,140738,33,190904
13521,0.002067,172.31.33.0-255,66,140804,33,190904
13522,0.002105,74.125.24.0-255,1484,142288,33,190904
13523,0.002142,172.31.33.0-255,66,142354,33,190904
13524,0.002216,74.125.24.0-255,1484,143838,33,190904
13525,0.002221,74.125.24.0-255,2902,146740,33,190904
13526,0.002237,74.125.24.0-255,2902,149642,33,190904
13527,0.00224,172.31.33.0-255,66,149708,33,190904
13528,0.002244,172.31.33.0-255,66,149774,33,190904
13529,0.002255,74.125.24.0-255,2902,152676,33,190904
13530,0.002267,74.125.24.0-255,7156,159832,33,190904
13531,0.002304,74.125.24.0-255,1484,161316,33,190904
13532,0.002328,74.125.24.0-255,2184,163500,33,190904
13533,0.002423,74.125.24.0-255,7156,170656,33,190904
13534,0.002434,74.125.24.0-255,2902,173558,33,190904
13535,0.002437,74.125.24.0-255,1484,175042,33,190904
13536,0.002569,74.125.24.0-255,4320,179362,33,190904
13537,0.002694,74.125.24.0-255,7156,186518,33,190904
13538,0.002733,74.125.24.0-255,4320,190838,33,190904
13539,0.009544,172.31.33.0-255,66,190904,33,190904
13540,0.0,172.31.33.0-255,105,105,33,1377
13541,7.7e-05,172.31.33.0-255,105,210,33,1377
13542,0.000178,172.31.33.0-255,105,315,33,1377
13543,0.000362,172.31.33.0-255,90,405,33,1377
13544,0.000372,172.31.33.0-255,66,471,33,1377
13545,0.000546,172.31.33.0-255,90,561,33,1377
13546,0.000553,172.31.33.0-255,66,627,33,1377
13547,0.000724,172.31.33.0-255,90,717,33,1377
13548,0.000732,172.31.33.0-255,66,783,33,1377
13549,0.002437,74.125.68.0-255,66,849,33,1377
13550,0.002458,74.125.68.0-255,66,915,33,1377
13551,0.002469,172.31.33.0-255,66,981,33,1377
13552,0.002671,172.217.24.0-255,66,1047,33,1377
13553,0.002689,172.217.24.0-255,66,1113,33,1377
13554,0.002692,172.31.33.0-255,66,1179,33,1377
13555,0.002761,74.125.68.0-255,66,1245,33,1377
13556,0.002782,74.125.68.0-255,66,1311,33,1377
13557,0.002784,172.31.33.0-255,66,1377,33,1377
13558,0.0,74.125.200.0-255,66,66,33,816
13559,1.5e-05,74.125.200.0-255,66,132,33,816
13560,2.6e-05,172.31.33.0-255,66,198,33,816
13561,0.000629,74.125.68.0-255,66,264,33,816
13562,0.00064,74.125.68.0-255,66,330,33,816
13563,0.000646,172.31.33.0-255,66,396,33,816
13564,0.001364,172.31.33.0-255,90,486,33,816
13565,0.001373,172.31.33.0-255,66,552,33,816
13566,0.003435,172.217.194.0-255,66,618,33,816
13567,0.003634,172.217.194.0-255,66,684,33,816
13568,0.003658,172.217.194.0-255,66,750,33,816
13569,0.003664,172.31.33.0-255,66,816,33,816
13570,0.0,172.217.194.0-255,153,153,33,198397
13571,3.5e-05,172.31.33.0-255,66,219,33,198397
13572,4.2e-05,172.217.194.0-255,1484,1703,33,198397
13573,4.7e-05,172.31.33.0-255,66,1769,33,198397
13574,5.2e-05,172.217.194.0-255,2902,4671,33,198397
13575,6.1e-05,172.31.33.0-255,66,4737,33,198397
13576,7e-05,172.217.194.0-255,7156,11893,33,198397
13577,7.3e-05,172.31.33.0-255,66,11959,33,198397
13578,7.8e-05,172.217.194.0-255,2132,14091,33,198397
13579,8.2e-05,172.31.33.0-255,66,14157,33,198397
13580,9.5e-05,172.217.194.0-255,1484,15641,33,198397
13581,9.7e-05,172.31.33.0-255,66,15707,33,198397
13582,0.00013,172.31.33.0-255,66,15773,33,198397
13583,0.000137,172.217.194.0-255,5379,21152,33,198397
13584,0.000139,172.31.33.0-255,66,21218,33,198397
13585,0.000178,172.217.194.0-255,1484,22702,33,198397
13586,0.000182,172.31.33.0-255,66,22768,33,198397
13587,0.000187,172.217.194.0-255,2902,25670,33,198397
13588,0.000189,172.31.33.0-255,66,25736,33,198397
13589,0.000192,172.217.194.0-255,1484,27220,33,198397
13590,0.000194,172.31.33.0-255,66,27286,33,198397
13591,0.000228,172.217.194.0-255,4320,31606,33,198397
13592,0.000231,172.31.33.0-255,66,31672,33,198397
13593,0.000246,172.31.33.0-255,66,31738,33,198397
13594,0.000258,172.31.33.0-255,66,31804,33,198397
13595,0.000293,172.217.194.0-255,1484,33288,33,198397
13596,0.000295,172.31.33.0-255,66,33354,33,198397
13597,0.000327,172.217.194.0-255,2822,36176,33,198397
13598,0.00033,172.31.33.0-255,66,36242,33,198397
13599,0.000334,172.217.194.0-255,429,36671,33,198397
13600,0.000863,172.31.33.0-255,66,36737,33,198397
13601,0.000902,172.217.194.0-255,1484,38221,33,198397
13602,0.000908,172.217.194.0-255,2902,41123,33,198397
13603,0.000911,172.31.33.0-255,66,41189,33,198397
13604,0.000941,172.217.194.0-255,5738,46927,33,198397
13605,0.000945,172.31.33.0-255,66,46993,33,198397
13606,0.000953,172.217.194.0-255,7156,54149,33,198397
13607,0.000955,172.31.33.0-255,66,54215,33,198397
13608,0.000959,172.217.194.0-255,2902,57117,33,198397
13609,0.000961,172.31.33.0-255,66,57183,33,198397
13610,0.001026,172.31.33.0-255,66,57249,33,198397
13611,0.00103,172.217.194.0-255,2184,59433,33,198397
13612,0.001033,172.31.33.0-255,66,59499,33,198397
13613,0.001037,172.217.194.0-255,2902,62401,33,198397
13614,0.001039,172.31.33.0-255,66,62467,33,198397
13615,0.001046,172.217.194.0-255,7156,69623,33,198397
13616,0.001048,172.31.33.0-255,66,69689,33,198397
13617,0.001067,172.217.194.0-255,5738,75427,33,198397
13618,0.00107,172.31.33.0-255,66,75493,33,198397
13619,0.001104,172.217.194.0-255,5738,81231,33,198397
13620,0.001108,172.31.33.0-255,66,81297,33,198397
13621,0.001114,172.217.194.0-255,5738,87035,33,198397
13622,0.001116,172.31.33.0-255,66,87101,33,198397
13623,0.001122,172.217.194.0-255,6438,93539,33,198397
13624,0.001124,172.31.33.0-255,66,93605,33,198397
13625,0.001168,172.31.33.0-255,66,93671,33,198397
13626,0.001174,172.217.194.0-255,5738,99409,33,198397
13627,0.001176,172.31.33.0-255,66,99475,33,198397
13628,0.001202,172.217.194.0-255,7156,106631,33,198397
13629,0.001206,172.31.33.0-255,66,106697,33,198397
13630,0.001217,172.31.33.0-255,66,106763,33,198397
13631,0.001296,172.217.194.0-255,1484,108247,33,198397
13632,0.001302,172.217.194.0-255,2902,111149,33,198397
13633,0.001305,172.31.33.0-255,66,111215,33,198397
13634,0.001326,172.217.194.0-255,5738,116953,33,198397
13635,0.001329,172.31.33.0-255,66,117019,33,198397
13636,0.001333,172.217.194.0-255,1484,118503,33,198397
13637,0.00137,172.31.33.0-255,66,118569,33,198397
13638,0.001385,172.31.33.0-255,66,118635,33,198397
13639,0.001409,172.217.194.0-255,2184,120819,33,198397
13640,0.001412,172.31.33.0-255,66,120885,33,198397
13641,0.001504,172.217.194.0-255,1484,122369,33,198397
13642,0.00151,172.217.194.0-255,2902,125271,33,198397
13643,0.001513,172.31.33.0-255,66,125337,33,198397
13644,0.001546,172.217.194.0-255,5738,131075,33,198397
13645,0.00155,172.31.33.0-255,66,131141,33,198397
13646,0.001561,172.31.33.0-255,66,131207,33,198397
13647,0.001594,172.217.194.0-255,2902,134109,33,198397
13648,0.001597,172.31.33.0-255,66,134175,33,198397
13649,0.001609,172.31.33.0-255,66,134241,33,198397
13650,0.001611,172.217.194.0-255,1484,135725,33,198397
13651,0.001665,172.31.33.0-255,66,135791,33,198397
13652,0.00171,172.217.194.0-255,7156,142947,33,198397
13653,0.001714,172.31.33.0-255,66,143013,33,198397
13654,0.001761,172.31.33.0-255,66,143079,33,198397
13655,0.001782,172.31.33.0-255,66,143145,33,198397
13656,0.001787,172.217.194.0-255,3602,146747,33,198397
13657,0.001791,172.31.33.0-255,66,146813,33,198397
13658,0.002046,172.217.194.0-255,1484,148297,33,198397
13659,0.002053,172.217.194.0-255,2902,151199,33,198397
13660,0.002056,172.31.33.0-255,66,151265,33,198397
13661,0.002089,172.217.194.0-255,5738,157003,33,198397
13662,0.002092,172.31.33.0-255,66,157069,33,198397
13663,0.002124,172.217.194.0-255,7156,164225,33,198397
13664,0.002129,172.31.33.0-255,66,164291,33,198397
13665,0.002138,172.217.194.0-255,5738,170029,33,198397
13666,0.002145,172.31.33.0-255,66,170095,33,198397
13667,0.002202,172.217.194.0-255,5738,175833,33,198397
13668,0.002205,172.31.33.0-255,66,175899,33,198397
13669,0.002242,172.217.194.0-255,5020,180919,33,198397
13670,0.002246,172.31.33.0-255,66,180985,33,198397
13671,0.004492,172.217.194.0-255,5738,186723,33,198397
13672,0.004506,172.31.33.0-255,66,186789,33,198397
13673,0.006744,172.217.194.0-255,5738,192527,33,198397
13674,0.006762,172.31.33.0-255,66,192593,33,198397
13675,0.00899,172.217.194.0-255,5738,198331,33,198397
13676,0.009022,172.31.33.0-255,66,198397,33,198397
13677,0.0,74.125.24.0-255,153,153,33,172624
13678,1.3e-05,172.31.33.0-255,66,219,33,172624
13679,1.9e-05,74.125.24.0-255,1484,1703,33,172624
13680,2.4e-05,172.31.33.0-255,66,1769,33,172624
13681,2.9e-05,74.125.24.0-255,2902,4671,33,172624
13682,3.2e-05,172.31.33.0-255,66,4737,33,172624
13683,4.5e-05,74.125.24.0-255,7156,11893,33,172624
13684,4.8e-05,172.31.33.0-255,66,11959,33,172624
13685,5.2e-05,74.125.24.0-255,1992,13951,33,172624
13686,5.4e-05,172.31.33.0-255,66,14017,33,172624
13687,0.000104,74.125.24.0-255,1484,15501,33,172624
13688,0.000107,172.31.33.0-255,66,15567,33,172624
13689,0.000112,74.125.24.0-255,2902,18469,33,172624
13690,0.000114,172.31.33.0-255,66,18535,33,172624
13691,0.000139,74.125.24.0-255,5738,24273,33,172624
13692,0.000142,172.31.33.0-255,66,24339,33,172624
13693,0.000148,74.125.24.0-255,5738,30077,33,172624
13694,0.000149,172.31.33.0-255,66,30143,33,172624
13695,0.000174,74.125.24.0-255,1125,31268,33,172624
13696,0.000177,172.31.33.0-255,66,31334,33,172624
13697,0.00029,74.125.24.0-255,1484,32818,33,172624
13698,0.000294,172.31.33.0-255,66,32884,33,172624
13699,0.000323,74.125.24.0-255,2902,35786,33,172624
13700,0.000326,172.31.33.0-255,66,35852,33,172624
13701,0.000332,74.125.24.0-255,5738,41590,33,172624
13702,0.000334,172.31.33.0-255,66,41656,33,172624
13703,0.000352,74.125.24.0-255,4320,45976,33,172624
13704,0.000357,172.31.33.0-255,66,46042,33,172624
13705,0.000374,74.125.24.0-255,6797,52839,33,172624
13706,0.00038,172.31.33.0-255,66,52905,33,172624
13707,0.000391,172.31.33.0-255,66,52971,33,172624
13708,0.000393,74.125.24.0-255,1480,54451,33,172624
13709,0.000418,74.125.24.0-255,331,54782,33,172624
13710,0.00042,172.31.33.0-255,66,54848,33,172624
13711,0.00066,74.125.24.0-255,1484,56332,33,172624
13712,0.000666,74.125.24.0-255,2902,59234,33,172624
13713,0.000669,172.31.33.0-255,66,59300,33,172624
13714,0.000672,74.125.24.0-255,1484,60784,33,172624
13715,0.000697,74.125.24.0-255,4320,65104,33,172624
13716,0.0007,172.31.33.0-255,66,65170,33,172624
13717,0.000705,74.125.24.0-255,4320,69490,33,172624
13718,0.000707,172.31.33.0-255,66,69556,33,172624
13719,0.000742,172.31.33.0-255,66,69622,33,172624
13720,0.000787,172.31.33.0-255,66,69688,33,172624
13721,0.000842,74.125.24.0-255,1484,71172,33,172624
13722,0.000855,74.125.24.0-255,2902,74074,33,172624
13723,0.000858,172.31.33.0-255,66,74140,33,172624
13724,0.000864,74.125.24.0-255,5738,79878,33,172624
13725,0.000866,172.31.33.0-255,66,79944,33,172624
13726,0.000912,172.31.33.0-255,66,80010,33,172624
13727,0.000924,172.31.33.0-255,66,80076,33,172624
13728,0.001053,74.125.24.0-255,1484,81560,33,172624
13729,0.001058,74.125.24.0-255,2902,84462,33,172624
13730,0.001061,172.31.33.0-255,66,84528,33,172624
13731,0.001098,74.125.24.0-255,1484,86012,33,172624
13732,0.001113,74.125.24.0-255,4320,90332,33,172624
13733,0.001115,172.31.33.0-255,66,90398,33,172624
13734,0.001126,172.31.33.0-255,66,90464,33,172624
13735,0.001154,74.125.24.0-255,2902,93366,33,172624
13736,0.001167,172.31.33.0-255,66,93432,33,172624
13737,0.001193,172.31.33.0-255,66,93498,33,172624
13738,0.001203,74.125.24.0-255,1484,94982,33,172624
13739,0.001211,74.125.24.0-255,2902,97884,33,172624
13740,0.00122,172.31.33.0-255,66,97950,33,172624
13741,0.001239,74.125.24.0-255,5738,103688,33,172624
13742,0.001244,74.125.24.0-255,4320,108008,33,172624
13743,0.001255,172.31.33.0-255,66,108074,33,172624
13744,0.001278,172.31.33.0-255,66,108140,33,172624
13745,0.001285,74.125.24.0-255,1484,109624,33,172624
13746,0.001312,74.125.24.0-255,2902,112526,33,172624
13747,0.001353,74.125.24.0-255,7156,119682,33,172624
13748,0.001377,74.125.24.0-255,2184,121866,33,172624
13749,0.001386,172.31.33.0-255,66,121932,33,172624
13750,0.001411,74.125.24.0-255,2902,124834,33,172624
13751,0.001416,172.31.33.0-255,66,124900,33,172624
13752,0.001423,74.125.24.0-255,1484,126384,33,172624
13753,0.001448,74.125.24.0-255,4320,130704,33,172624
13754,0.001471,172.31.33.0-255,66,130770,33,172624
13755,0.00151,74.125.24.0-255,6438,137208,33,172624
13756,0.001517,172.31.33.0-255,66,137274,33,172624
13757,0.001589,74.125.24.0-255,1484,138758,33,172624
13758,0.001593,74.125.24.0-255,1484,140242,33,172624
13759,0.001597,172.31.33.0-255,66,140308,33,172624
13760,0.001611,74.125.24.0-255,1484,141792,33,172624
13761,0.00162,74.125.24.0-255,5738,147530,33,172624
13762,0.001631,172.31.33.0-255,66,147596,33,172624
13763,0.001676,172.31.33.0-255,66,147662,33,172624
13764,0.001684,74.125.24.0-255,3602,151264,33,172624
13765,0.001688,74.125.24.0-255,4320,155584,33,172624
13766,0.001693,172.31.33.0-255,66,155650,33,172624
13767,0.001737,172.31.33.0-255,66,155716,33,172624
13768,0.001779,74.125.24.0-255,4320,160036,33,172624
13769,0.001784,172.31.33.0-255,66,160102,33,172624
13770,0.001842,74.125.24.0-255,3602,163704,33,172624
13771,0.001861,172.31.33.0-255,66,163770,33,172624
13772,0.00188,74.125.24.0-255,1484,165254,33,172624
13773,0.001897,74.125.24.0-255,7028,172282,33,172624
13774,0.001911,74.125.24.0-255,105,172387,33,172624
13775,0.00192,172.31.33.0-255,66,172453,33,172624
13776,0.003891,172.31.33.0-255,105,172558,33,172624
13777,0.006098,74.125.24.0-255,66,172624,33,172624
13778,0.0,172.217.194.0-255,219,219,33,222370
13779,3e-05,172.31.33.0-255,66,285,33,222370
13780,3.8e-05,172.217.194.0-255,1484,1769,33,222370
13781,4.2e-05,172.31.33.0-255,66,1835,33,222370
13782,4.8e-05,172.217.194.0-255,4320,6155,33,222370
13783,5.8e-05,172.31.33.0-255,66,6221,33,222370
13784,6.8e-05,172.31.33.0-255,66,6287,33,222370
13785,7.8e-05,172.31.33.0-255,66,6353,33,222370
13786,0.000123,172.31.33.0-255,66,6419,33,222370
13787,0.00015,172.217.194.0-255,1484,7903,33,222370
13788,0.000154,172.31.33.0-255,66,7969,33,222370
13789,0.000159,172.217.194.0-255,2902,10871,33,222370
13790,0.000161,172.31.33.0-255,66,10937,33,222370
13791,0.0002,172.217.194.0-255,2902,13839,33,222370
13792,0.000204,172.31.33.0-255,66,13905,33,222370
13793,0.000236,172.217.194.0-255,2902,16807,33,222370
13794,0.00024,172.31.33.0-255,66,16873,33,222370
13795,0.000247,172.217.194.0-255,6797,23670,33,222370
13796,0.00025,172.31.33.0-255,66,23736,33,222370
13797,0.000593,172.217.194.0-255,1484,25220,33,222370
13798,0.000599,172.31.33.0-255,66,25286,33,222370
13799,0.000605,172.217.194.0-255,2902,28188,33,222370
13800,0.000609,172.31.33.0-255,66,28254,33,222370
13801,0.00064,172.217.194.0-255,5738,33992,33,222370
13802,0.000644,172.31.33.0-255,66,34058,33,222370
13803,0.000652,172.217.194.0-255,6797,40855,33,222370
13804,0.000654,172.31.33.0-255,66,40921,33,222370
13805,0.00068,172.217.194.0-255,647,41568,33,222370
13806,0.000683,172.31.33.0-255,66,41634,33,222370
13807,0.000763,172.217.194.0-255,1484,43118,33,222370
13808,0.00077,172.217.194.0-255,2902,46020,33,222370
13809,0.000774,172.31.33.0-255,66,46086,33,222370
13810,0.000796,172.217.194.0-255,2902,48988,33,222370
13811,0.0008,172.31.33.0-255,66,49054,33,222370
13812,0.000825,172.217.194.0-255,1484,50538,33,222370
13813,0.000831,172.217.194.0-255,5738,56276,33,222370
13814,0.000835,172.31.33.0-255,66,56342,33,222370
13815,0.000846,172.31.33.0-255,66,56408,33,222370
13816,0.000877,172.217.194.0-255,3961,60369,33,222370
13817,0.000881,172.31.33.0-255,66,60435,33,222370
13818,0.000888,172.217.194.0-255,6797,67232,33,222370
13819,0.00089,172.31.33.0-255,66,67298,33,222370
13820,0.001459,172.217.194.0-255,1484,68782,33,222370
13821,0.001471,172.217.194.0-255,2902,71684,33,222370
13822,0.001475,172.31.33.0-255,66,71750,33,222370
13823,0.001483,172.217.194.0-255,5738,77488,33,222370
13824,0.001485,172.31.33.0-255,66,77554,33,222370
13825,0.001505,172.31.33.0-255,66,77620,33,222370
13826,0.001518,172.31.33.0-255,66,77686,33,222370
13827,0.001549,172.217.194.0-255,2184,79870,33,222370
13828,0.001552,172.31.33.0-255,66,79936,33,222370
13829,0.001601,172.217.194.0-255,1484,81420,33,222370
13830,0.001607,172.217.194.0-255,2902,84322,33,222370
13831,0.00161,172.31.33.0-255,66,84388,33,222370
13832,0.001616,172.217.194.0-255,5738,90126,33,222370
13833,0.001618,172.31.33.0-255,66,90192,33,222370
13834,0.001626,172.217.194.0-255,7156,97348,33,222370
13835,0.001627,172.31.33.0-255,66,97414,33,222370
13836,0.001632,172.217.194.0-255,4320,101734,33,222370
13837,0.001635,172.31.33.0-255,66,101800,33,222370
13838,0.001681,172.31.33.0-255,66,101866,33,222370
13839,0.001685,172.217.194.0-255,2184,104050,33,222370
13840,0.001687,172.31.33.0-255,66,104116,33,222370
13841,0.001691,172.217.194.0-255,2902,107018,33,222370
13842,0.001693,172.31.33.0-255,66,107084,33,222370
13843,0.001721,172.217.194.0-255,5738,112822,33,222370
13844,0.001724,172.31.33.0-255,66,112888,33,222370
13845,0.001731,172.217.194.0-255,7156,120044,33,222370
13846,0.001733,172.31.33.0-255,66,120110,33,222370
13847,0.001771,172.31.33.0-255,66,120176,33,222370
13848,0.001787,172.217.194.0-255,1484,121660,33,222370
13849,0.001793,172.217.194.0-255,3602,125262,33,222370
13850,0.001796,172.31.33.0-255,66,125328,33,222370
13851,0.001819,172.217.194.0-255,4320,129648,33,222370
13852,0.001822,172.31.33.0-255,66,129714,33,222370
13853,0.001849,172.217.194.0-255,1484,131198,33,222370
13854,0.001857,172.217.194.0-255,7156,138354,33,222370
13855,0.00186,172.31.33.0-255,66,138420,33,222370
13856,0.001897,172.31.33.0-255,66,138486,33,222370
13857,0.001964,172.217.194.0-255,6438,144924,33,222370
13858,0.001969,172.31.33.0-255,66,144990,33,222370
13859,0.001973,172.217.194.0-255,1484,146474,33,222370
13860,0.001995,172.217.194.0-255,2902,149376,33,222370
13861,0.001998,172.31.33.0-255,66,149442,33,222370
13862,0.002004,172.217.194.0-255,4320,153762,33,222370
13863,0.002007,172.31.33.0-255,66,153828,33,222370
13864,0.002032,172.217.194.0-255,1484,155312,33,222370
13865,0.002037,172.217.194.0-255,2902,158214,33,222370
13866,0.00204,172.31.33.0-255,66,158280,33,222370
13867,0.002056,172.31.33.0-255,66,158346,33,222370
13868,0.002084,172.217.194.0-255,1484,159830,33,222370
13869,0.002093,172.217.194.0-255,7156,166986,33,222370
13870,0.002096,172.31.33.0-255,66,167052,33,222370
13871,0.002126,172.217.194.0-255,3602,170654,33,222370
13872,0.00213,172.31.33.0-255,66,170720,33,222370
13873,0.002208,172.217.194.0-255,1484,172204,33,222370
13874,0.002223,172.217.194.0-255,2902,175106,33,222370
13875,0.002226,172.31.33.0-255,66,175172,33,222370
13876,0.002262,172.217.194.0-255,5738,180910,33,222370
13877,0.002266,172.31.33.0-255,66,180976,33,222370
13878,0.002272,172.217.194.0-255,5738,186714,33,222370
13879,0.002274,172.31.33.0-255,66,186780,33,222370
13880,0.002308,172.217.194.0-255,7156,193936,33,222370
13881,0.002311,172.31.33.0-255,66,194002,33,222370
13882,0.002318,172.217.194.0-255,7156,201158,33,222370
13883,0.00232,172.31.33.0-255,66,201224,33,222370
13884,0.002349,172.217.194.0-255,3602,204826,33,222370
13885,0.002352,172.31.33.0-255,66,204892,33,222370
13886,0.004601,172.217.194.0-255,1484,206376,33,222370
13887,0.004616,172.217.194.0-255,4320,210696,33,222370
13888,0.004622,172.31.33.0-255,66,210762,33,222370
13889,0.006919,172.217.194.0-255,5738,216500,33,222370
13890,0.006934,172.31.33.0-255,66,216566,33,222370
13891,0.009213,172.217.194.0-255,5738,222304,33,222370
13892,0.009233,172.31.33.0-255,66,222370,33,222370
13893,0.0,172.31.33.0-255,105,105,33,525
13894,0.000297,172.31.33.0-255,90,195,33,525
13895,0.000307,172.31.33.0-255,66,261,33,525
13896,0.002893,74.125.24.0-255,66,327,33,525
13897,0.002902,74.125.24.0-255,66,393,33,525
13898,0.002906,172.31.33.0-255,66,459,33,525
13899,0.002908,74.125.24.0-255,66,525,33,525
13900,0.0,172.31.33.0-255,105,105,33,1443
13901,5e-05,172.31.33.0-255,105,210,33,1443
13902,0.000109,172.31.33.0-255,105,315,33,1443
13903,0.000419,172.31.33.0-255,90,405,33,1443
13904,0.000429,172.31.33.0-255,66,471,33,1443
13905,0.000569,172.31.33.0-255,90,561,33,1443
13906,0.000575,172.31.33.0-255,66,627,33,1443
13907,0.000699,172.31.33.0-255,90,717,33,1443
13908,0.000706,172.31.33.0-255,66,783,33,1443
13909,0.002706,74.125.24.0-255,66,849,33,1443
13910,0.002717,74.125.24.0-255,66,915,33,1443
13911,0.002721,172.31.33.0-255,66,981,33,1443
13912,0.002743,74.125.24.0-255,66,1047,33,1443
13913,0.002868,172.217.194.0-255,66,1113,33,1443
13914,0.002881,172.217.194.0-255,66,1179,33,1443
13915,0.002892,172.31.33.0-255,66,1245,33,1443
13916,0.003958,74.125.24.0-255,66,1311,33,1443
13917,0.003981,74.125.24.0-255,66,1377,33,1443
13918,0.003984,172.31.33.0-255,66,1443,33,1443
13919,0.0,172.217.194.0-255,153,153,33,150823
13920,2.2e-05,172.31.33.0-255,66,219,33,150823
13921,2.9e-05,172.217.194.0-255,1484,1703,33,150823
13922,3.3e-05,172.31.33.0-255,66,1769,33,150823
13923,4.6e-05,172.217.194.0-255,2902,4671,33,150823
13924,4.9e-05,172.31.33.0-255,66,4737,33,150823
13925,5.6e-05,172.217.194.0-255,5738,10475,33,150823
13926,5.8e-05,172.31.33.0-255,66,10541,33,150823
13927,7e-05,172.31.33.0-255,66,10607,33,150823
13928,8.1e-05,172.31.33.0-255,66,10673,33,150823
13929,0.000122,172.217.194.0-255,1484,12157,33,150823
13930,0.000125,172.31.33.0-255,66,12223,33,150823
13931,0.00013,172.217.194.0-255,2902,15125,33,150823
13932,0.000131,172.31.33.0-255,66,15191,33,150823
13933,0.000154,172.217.194.0-255,5738,20929,33,150823
13934,0.000156,172.31.33.0-255,66,20995,33,150823
13935,0.000159,172.217.194.0-255,1484,22479,33,150823
13936,0.000161,172.31.33.0-255,66,22545,33,150823
13937,0.000193,172.31.33.0-255,66,22611,33,150823
13938,0.000196,172.217.194.0-255,1484,24095,33,150823
13939,0.000198,172.31.33.0-255,66,24161,33,150823
13940,0.000243,172.31.33.0-255,66,24227,33,150823
13941,0.000265,172.217.194.0-255,378,24605,33,150823
13942,0.000267,172.31.33.0-255,66,24671,33,150823
13943,0.000294,172.217.194.0-255,365,25036,33,150823
13944,0.000296,172.31.33.0-255,66,25102,33,150823
13945,0.000543,172.217.194.0-255,1484,26586,33,150823
13946,0.000549,172.31.33.0-255,66,26652,33,150823
13947,0.000554,172.217.194.0-255,2902,29554,33,150823
13948,0.000556,172.31.33.0-255,66,29620,33,150823
13949,0.000562,172.217.194.0-255,5738,35358,33,150823
13950,0.000564,172.31.33.0-255,66,35424,33,150823
13951,0.00057,172.217.194.0-255,4320,39744,33,150823
13952,0.000576,172.31.33.0-255,66,39810,33,150823
13953,0.000606,172.217.194.0-255,4320,44130,33,150823
13954,0.000609,172.31.33.0-255,66,44196,33,150823
13955,0.000635,172.217.194.0-255,4320,48516,33,150823
13956,0.000637,172.31.33.0-255,66,48582,33,150823
13957,0.00067,172.31.33.0-255,66,48648,33,150823
13958,0.001161,172.217.194.0-255,1484,50132,33,150823
13959,0.001169,172.217.194.0-255,2902,53034,33,150823
13960,0.001172,172.31.33.0-255,66,53100,33,150823
13961,0.001177,172.217.194.0-255,1484,54584,33,150823
13962,0.001204,172.217.194.0-255,4320,58904,33,150823
13963,0.001207,172.31.33.0-255,66,58970,33,150823
13964,0.001212,172.217.194.0-255,2902,61872,33,150823
13965,0.001214,172.31.33.0-255,66,61938,33,150823
13966,0.001239,172.217.194.0-255,7156,69094,33,150823
13967,0.001241,172.31.33.0-255,66,69160,33,150823
13968,0.001283,172.31.33.0-255,66,69226,33,150823
13969,0.001333,172.217.194.0-255,1484,70710,33,150823
13970,0.001337,172.217.194.0-255,2902,73612,33,150823
13971,0.00134,172.31.33.0-255,66,73678,33,150823
13972,0.001368,172.217.194.0-255,2902,76580,33,150823
13973,0.001372,172.31.33.0-255,66,76646,33,150823
13974,0.001383,172.217.194.0-255,2902,79548,33,150823
13975,0.001385,172.31.33.0-255,66,79614,33,150823
13976,0.001394,172.217.194.0-255,4320,83934,33,150823
13977,0.001395,172.31.33.0-255,66,84000,33,150823
13978,0.001458,172.31.33.0-255,66,84066,33,150823
13979,0.001467,172.31.33.0-255,66,84132,33,150823
13980,0.001526,172.217.194.0-255,1484,85616,33,150823
13981,0.001529,172.217.194.0-255,1484,87100,33,150823
13982,0.001532,172.31.33.0-255,66,87166,33,150823
13983,0.001561,172.217.194.0-255,1484,88650,33,150823
13984,0.001567,172.217.194.0-255,5738,94388,33,150823
13985,0.001569,172.31.33.0-255,66,94454,33,150823
13986,0.001573,172.217.194.0-255,2902,97356,33,150823
13987,0.001575,172.31.33.0-255,66,97422,33,150823
13988,0.001599,172.31.33.0-255,66,97488,33,150823
13989,0.001602,172.217.194.0-255,2902,100390,33,150823
13990,0.001604,172.31.33.0-255,66,100456,33,150823
13991,0.001639,172.31.33.0-255,66,100522,33,150823
13992,0.001663,172.217.194.0-255,1484,102006,33,150823
13993,0.001668,172.217.194.0-255,2902,104908,33,150823
13994,0.00167,172.31.33.0-255,66,104974,33,150823
13995,0.001675,172.217.194.0-255,4320,109294,33,150823
13996,0.001677,172.31.33.0-255,66,109360,33,150823
13997,0.001706,172.217.194.0-255,1484,110844,33,150823
13998,0.001719,172.31.33.0-255,66,110910,33,150823
13999,0.001739,172.217.194.0-255,1484,112394,33,150823
14000,0.00178,172.31.33.0-255,66,112460,33,150823
14001,0.001784,172.217.194.0-255,2902,115362,33,150823
14002,0.001785,172.31.33.0-255,66,115428,33,150823
14003,0.00182,172.217.194.0-255,1484,116912,33,150823
14004,0.001854,172.31.33.0-255,66,116978,33,150823
14005,0.00188,172.31.33.0-255,66,117044,33,150823
14006,0.00193,172.217.194.0-255,1484,118528,33,150823
14007,0.001949,172.217.194.0-255,2902,121430,33,150823
14008,0.001952,172.31.33.0-255,66,121496,33,150823
14009,0.001977,172.217.194.0-255,5738,127234,33,150823
14010,0.00198,172.31.33.0-255,66,127300,33,150823
14011,0.001984,172.217.194.0-255,2902,130202,33,150823
14012,0.001986,172.31.33.0-255,66,130268,33,150823
14013,0.002027,172.31.33.0-255,66,130334,33,150823
14014,0.002037,172.31.33.0-255,66,130400,33,150823
14015,0.00204,172.217.194.0-255,766,131166,33,150823
14016,0.0021,172.217.194.0-255,1484,132650,33,150823
14017,0.002103,172.31.33.0-255,66,132716,33,150823
14018,0.003068,172.31.33.0-255,101,132817,33,150823
14019,0.004095,172.217.194.0-255,2902,135719,33,150823
14020,0.004101,172.31.33.0-255,66,135785,33,150823
14021,0.00414,172.217.194.0-255,2902,138687,33,150823
14022,0.004142,172.31.33.0-255,66,138753,33,150823
14023,0.00509,172.217.194.0-255,66,138819,33,150823
14024,0.006156,172.217.194.0-255,2902,141721,33,150823
14025,0.006159,172.31.33.0-255,66,141787,33,150823
14026,0.006184,172.217.194.0-255,1484,143271,33,150823
14027,0.006196,172.217.194.0-255,1484,144755,33,150823
14028,0.006198,172.31.33.0-255,66,144821,33,150823
14029,0.008225,172.217.194.0-255,2902,147723,33,150823
14030,0.008234,172.31.33.0-255,66,147789,33,150823
14031,0.008262,172.217.194.0-255,1484,149273,33,150823
14032,0.008273,172.217.194.0-255,1484,150757,33,150823
14033,0.008275,172.31.33.0-255,66,150823,33,150823
14034,0.0,74.125.130.0-255,153,153,33,195389
14035,1.7e-05,172.31.33.0-255,66,219,33,195389
14036,2.3e-05,74.125.130.0-255,1484,1703,33,195389
14037,2.9e-05,172.31.33.0-255,66,1769,33,195389
14038,3.5e-05,74.125.130.0-255,2902,4671,33,195389
14039,3.8e-05,172.31.33.0-255,66,4737,33,195389
14040,4.4e-05,74.125.130.0-255,5738,10475,33,195389
14041,4.7e-05,172.31.33.0-255,66,10541,33,195389
14042,7.9e-05,74.125.130.0-255,6339,16880,33,195389
14043,8.3e-05,172.31.33.0-255,66,16946,33,195389
14044,0.000122,172.31.33.0-255,66,17012,33,195389
14045,0.000264,74.125.130.0-255,1484,18496,33,195389
14046,0.000271,172.31.33.0-255,66,18562,33,195389
14047,0.000277,74.125.130.0-255,2902,21464,33,195389
14048,0.00028,172.31.33.0-255,66,21530,33,195389
14049,0.000286,74.125.130.0-255,5738,27268,33,195389
14050,0.000289,172.31.33.0-255,66,27334,33,195389
14051,0.000339,172.31.33.0-255,66,27400,33,195389
14052,0.000347,74.125.130.0-255,7156,34556,33,195389
14053,0.00035,172.31.33.0-255,66,34622,33,195389
14054,0.000396,74.125.130.0-255,2794,37416,33,195389
14055,0.0004,172.31.33.0-255,66,37482,33,195389
14056,0.000404,74.125.130.0-255,435,37917,33,195389
14057,0.000405,172.31.33.0-255,66,37983,33,195389
14058,0.000701,74.125.130.0-255,1484,39467,33,195389
14059,0.000708,172.31.33.0-255,66,39533,33,195389
14060,0.000727,74.125.130.0-255,1484,41017,33,195389
14061,0.000731,172.31.33.0-255,66,41083,33,195389
14062,0.000736,74.125.130.0-255,2902,43985,33,195389
14063,0.000738,172.31.33.0-255,66,44051,33,195389
14064,0.000765,74.125.130.0-255,5738,49789,33,195389
14065,0.000769,172.31.33.0-255,66,49855,33,195389
14066,0.000794,74.125.130.0-255,4320,54175,33,195389
14067,0.000798,172.31.33.0-255,66,54241,33,195389
14068,0.000811,172.31.33.0-255,66,54307,33,195389
14069,0.000839,74.125.130.0-255,6438,60745,33,195389
14070,0.000843,172.31.33.0-255,66,60811,33,195389
14071,0.001104,74.125.130.0-255,1484,62295,33,195389
14072,0.001111,74.125.130.0-255,2902,65197,33,195389
14073,0.001115,172.31.33.0-255,66,65263,33,195389
14074,0.001123,74.125.130.0-255,5738,71001,33,195389
14075,0.001125,172.31.33.0-255,66,71067,33,195389
14076,0.00113,74.125.130.0-255,4320,75387,33,195389
14077,0.001132,172.31.33.0-255,66,75453,33,195389
14078,0.001137,74.125.130.0-255,2902,78355,33,195389
14079,0.001139,172.31.33.0-255,66,78421,33,195389
14080,0.00117,74.125.130.0-255,2902,81323,33,195389
14081,0.001174,172.31.33.0-255,66,81389,33,195389
14082,0.001188,74.125.130.0-255,2184,83573,33,195389
14083,0.001221,172.31.33.0-255,66,83639,33,195389
14084,0.001242,74.125.130.0-255,1484,85123,33,195389
14085,0.001263,74.125.130.0-255,2902,88025,33,195389
14086,0.001266,74.125.130.0-255,1484,89509,33,195389
14087,0.001286,74.125.130.0-255,4320,93829,33,195389
14088,0.001291,74.125.130.0-255,2902,96731,33,195389
14089,0.001312,74.125.130.0-255,4320,101051,33,195389
14090,0.00133,74.125.130.0-255,7156,108207,33,195389
14091,0.001336,172.31.33.0-255,66,108273,33,195389
14092,0.001341,172.31.33.0-255,66,108339,33,195389
14093,0.001362,74.125.130.0-255,7156,115495,33,195389
14094,0.001367,74.125.130.0-255,2184,117679,33,195389
14095,0.00139,172.31.33.0-255,66,117745,33,195389
14096,0.001452,74.125.130.0-255,1484,119229,33,195389
14097,0.001464,74.125.130.0-255,2902,122131,33,195389
14098,0.001472,172.31.33.0-255,66,122197,33,195389
14099,0.001486,74.125.130.0-255,4320,126517,33,195389
14100,0.001496,74.125.130.0-255,1484,128001,33,195389
14101,0.001514,172.31.33.0-255,66,128067,33,195389
14102,0.001534,172.31.33.0-255,66,128133,33,195389
14103,0.001542,74.125.130.0-255,2184,130317,33,195389
14104,0.001562,172.31.33.0-255,66,130383,33,195389
14105,0.001629,74.125.130.0-255,1484,131867,33,195389
14106,0.001645,74.125.130.0-255,2902,134769,33,195389
14107,0.001648,74.125.130.0-255,1484,136253,33,195389
14108,0.001666,74.125.130.0-255,4320,140573,33,195389
14109,0.001674,172.31.33.0-255,66,140639,33,195389
14110,0.00169,172.31.33.0-255,66,140705,33,195389
14111,0.0017,74.125.130.0-255,4320,145025,33,195389
14112,0.001705,74.125.130.0-255,5738,150763,33,195389
14113,0.00172,74.125.130.0-255,2902,153665,33,195389
14114,0.001732,172.31.33.0-255,66,153731,33,195389
14115,0.001741,74.125.130.0-255,2184,155915,33,195389
14116,0.00175,172.31.33.0-255,66,155981,33,195389
14117,0.001884,74.125.130.0-255,1484,157465,33,195389
14118,0.00189,74.125.130.0-255,2902,160367,33,195389
14119,0.001892,172.31.33.0-255,66,160433,33,195389
14120,0.001915,74.125.130.0-255,1484,161917,33,195389
14121,0.001931,74.125.130.0-255,4320,166237,33,195389
14122,0.001968,172.31.33.0-255,66,166303,33,195389
14123,0.002004,74.125.130.0-255,7156,173459,33,195389
14124,0.002013,172.31.33.0-255,66,173525,33,195389
14125,0.003949,74.125.130.0-255,5738,179263,33,195389
14126,0.003955,172.31.33.0-255,66,179329,33,195389
14127,0.005888,74.125.130.0-255,4320,183649,33,195389
14128,0.005892,172.31.33.0-255,66,183715,33,195389
14129,0.00591,74.125.130.0-255,1484,185199,33,195389
14130,0.007829,74.125.130.0-255,4320,189519,33,195389
14131,0.007842,172.31.33.0-255,66,189585,33,195389
14132,0.009814,74.125.130.0-255,5738,195323,33,195389
14133,0.009831,172.31.33.0-255,66,195389,33,195389
14134,0.0,172.31.33.0-255,66,66,33,66
14135,0.0,172.31.33.0-255,105,105,33,459
14136,0.000172,172.31.33.0-255,90,195,33,459
14137,0.000179,172.31.33.0-255,66,261,33,459
14138,0.002702,74.125.68.0-255,66,327,33,459
14139,0.002713,74.125.68.0-255,66,393,33,459
14140,0.002722,172.31.33.0-255,66,459,33,459
14141,0.0,74.125.130.0-255,153,153,33,107748
14142,2.2e-05,172.31.33.0-255,66,219,33,107748
14143,2.9e-05,74.125.130.0-255,1484,1703,33,107748
14144,3.4e-05,172.31.33.0-255,66,1769,33,107748
14145,3.8e-05,74.125.130.0-255,1484,3253,33,107748
14146,4.1e-05,172.31.33.0-255,66,3319,33,107748
14147,6e-05,74.125.130.0-255,1484,4803,33,107748
14148,6.9e-05,172.31.33.0-255,66,4869,33,107748
14149,7.7e-05,74.125.130.0-255,7156,12025,33,107748
14150,8e-05,172.31.33.0-255,66,12091,33,107748
14151,8.4e-05,74.125.130.0-255,2091,14182,33,107748
14152,8.6e-05,172.31.33.0-255,66,14248,33,107748
14153,9.1e-05,74.125.130.0-255,2902,17150,33,107748
14154,9.3e-05,172.31.33.0-255,66,17216,33,107748
14155,0.000125,74.125.130.0-255,7156,24372,33,107748
14156,0.000127,172.31.33.0-255,66,24438,33,107748
14157,0.000134,74.125.130.0-255,5738,30176,33,107748
14158,0.000136,172.31.33.0-255,66,30242,33,107748
14159,0.000179,74.125.130.0-255,1125,31367,33,107748
14160,0.000182,172.31.33.0-255,66,31433,33,107748
14161,0.000314,74.125.130.0-255,1484,32917,33,107748
14162,0.000318,172.31.33.0-255,66,32983,33,107748
14163,0.000337,74.125.130.0-255,1484,34467,33,107748
14164,0.000339,172.31.33.0-255,66,34533,33,107748
14165,0.000345,74.125.130.0-255,2902,37435,33,107748
14166,0.000347,172.31.33.0-255,66,37501,33,107748
14167,0.000381,74.125.130.0-255,4320,41821,33,107748
14168,0.000384,172.31.33.0-255,66,41887,33,107748
14169,0.000403,74.125.130.0-255,1484,43371,33,107748
14170,0.000405,172.31.33.0-255,66,43437,33,107748
14171,0.00041,74.125.130.0-255,2902,46339,33,107748
14172,0.000412,172.31.33.0-255,66,46405,33,107748
14173,0.000425,74.125.130.0-255,1484,47889,33,107748
14174,0.000451,172.31.33.0-255,66,47955,33,107748
14175,0.000454,74.125.130.0-255,1484,49439,33,107748
14176,0.000458,74.125.130.0-255,2902,52341,33,107748
14177,0.000461,172.31.33.0-255,66,52407,33,107748
14178,0.000497,74.125.130.0-255,4250,56657,33,107748
14179,0.000499,172.31.33.0-255,66,56723,33,107748
14180,0.000546,74.125.130.0-255,98,56821,33,107748
14181,0.000726,74.125.130.0-255,365,57186,33,107748
14182,0.00078,74.125.130.0-255,1484,58670,33,107748
14183,0.000784,172.31.33.0-255,66,58736,33,107748
14184,0.0008,74.125.130.0-255,2902,61638,33,107748
14185,0.000804,172.31.33.0-255,66,61704,33,107748
14186,0.000807,74.125.130.0-255,1484,63188,33,107748
14187,0.00083,74.125.130.0-255,2902,66090,33,107748
14188,0.000834,172.31.33.0-255,66,66156,33,107748
14189,0.00085,74.125.130.0-255,2902,69058,33,107748
14190,0.000852,172.31.33.0-255,66,69124,33,107748
14191,0.000874,74.125.130.0-255,5738,74862,33,107748
14192,0.000877,172.31.33.0-255,66,74928,33,107748
14193,0.000885,74.125.130.0-255,7156,82084,33,107748
14194,0.000887,172.31.33.0-255,66,82150,33,107748
14195,0.000904,74.125.130.0-255,2902,85052,33,107748
14196,0.000906,172.31.33.0-255,66,85118,33,107748
14197,0.000914,74.125.130.0-255,6438,91556,33,107748
14198,0.000916,172.31.33.0-255,66,91622,33,107748
14199,0.003236,74.125.130.0-255,1484,93106,33,107748
14200,0.003244,74.125.130.0-255,2902,96008,33,107748
14201,0.003248,172.31.33.0-255,66,96074,33,107748
14202,0.003275,74.125.130.0-255,1484,97558,33,107748
14203,0.005572,74.125.130.0-255,4320,101878,33,107748
14204,0.005578,172.31.33.0-255,66,101944,33,107748
14205,0.007902,74.125.130.0-255,5738,107682,33,107748
14206,0.007906,172.31.33.0-255,66,107748,33,107748
14207,0.0,172.31.33.0-255,105,105,33,459
14208,0.00023,172.31.33.0-255,90,195,33,459
14209,0.00024,172.31.33.0-255,66,261,33,459
14210,0.001857,172.217.27.0-255,66,327,33,459
14211,0.001873,172.217.27.0-255,66,393,33,459
14212,0.001886,172.31.33.0-255,66,459,33,459
14213,0.0,172.217.194.0-255,66,66,33,66
14214,0.0,74.125.24.0-255,297,297,33,268578
14215,1.8e-05,172.31.33.0-255,66,363,33,268578
14216,2.4e-05,74.125.24.0-255,1484,1847,33,268578
14217,2.9e-05,172.31.33.0-255,66,1913,33,268578
14218,3.6e-05,74.125.24.0-255,4320,6233,33,268578
14219,3.9e-05,172.31.33.0-255,66,6299,33,268578
14220,4.7e-05,74.125.24.0-255,7156,13455,33,268578
14221,5.1e-05,172.31.33.0-255,66,13521,33,268578
14222,5.4e-05,74.125.24.0-255,528,14049,33,268578
14223,5.6e-05,172.31.33.0-255,66,14115,33,268578
14224,0.000363,74.125.24.0-255,1484,15599,33,268578
14225,0.000368,172.31.33.0-255,66,15665,33,268578
14226,0.00039,74.125.24.0-255,2902,18567,33,268578
14227,0.000393,172.31.33.0-255,66,18633,33,268578
14228,0.0004,74.125.24.0-255,5738,24371,33,268578
14229,0.000402,172.31.33.0-255,66,24437,33,268578
14230,0.000418,74.125.24.0-255,1484,25921,33,268578
14231,0.00042,172.31.33.0-255,66,25987,33,268578
14232,0.00044,74.125.24.0-255,6797,32784,33,268578
14233,0.000443,172.31.33.0-255,66,32850,33,268578
14234,0.000447,74.125.24.0-255,2902,35752,33,268578
14235,0.000449,172.31.33.0-255,66,35818,33,268578
14236,0.000478,74.125.24.0-255,5738,41556,33,268578
14237,0.000481,172.31.33.0-255,66,41622,33,268578
14238,0.000497,172.31.33.0-255,66,41688,33,268578
14239,0.000541,74.125.24.0-255,5738,47426,33,268578
14240,0.000544,172.31.33.0-255,66,47492,33,268578
14241,0.000563,74.125.24.0-255,2184,49676,33,268578
14242,0.000565,172.31.33.0-255,66,49742,33,268578
14243,0.00065,74.125.24.0-255,366,50108,33,268578
14244,0.000654,172.31.33.0-255,66,50174,33,268578
14245,0.001172,74.125.24.0-255,377,50551,33,268578
14246,0.001204,74.125.24.0-255,1484,52035,33,268578
14247,0.001208,172.31.33.0-255,66,52101,33,268578
14248,0.001213,74.125.24.0-255,1484,53585,33,268578
14249,0.00123,74.125.24.0-255,2902,56487,33,268578
14250,0.001232,172.31.33.0-255,66,56553,33,268578
14251,0.001238,74.125.24.0-255,4320,60873,33,268578
14252,0.001239,172.31.33.0-255,66,60939,33,268578
14253,0.001244,74.125.24.0-255,4320,65259,33,268578
14254,0.001246,172.31.33.0-255,66,65325,33,268578
14255,0.001271,74.125.24.0-255,1484,66809,33,268578
14256,0.001284,172.31.33.0-255,66,66875,33,268578
14257,0.001324,74.125.24.0-255,6438,73313,33,268578
14258,0.001326,172.31.33.0-255,66,73379,33,268578
14259,0.002065,74.125.24.0-255,1484,74863,33,268578
14260,0.002073,74.125.24.0-255,2902,77765,33,268578
14261,0.002078,172.31.33.0-255,66,77831,33,268578
14262,0.002082,74.125.24.0-255,1484,79315,33,268578
14263,0.002102,74.125.24.0-255,4320,83635,33,268578
14264,0.002104,172.31.33.0-255,66,83701,33,268578
14265,0.00212,74.125.24.0-255,2902,86603,33,268578
14266,0.002122,172.31.33.0-255,66,86669,33,268578
14267,0.002144,172.31.33.0-255,66,86735,33,268578
14268,0.00215,74.125.24.0-255,4320,91055,33,268578
14269,0.002152,172.31.33.0-255,66,91121,33,268578
14270,0.002196,74.125.24.0-255,6438,97559,33,268578
14271,0.002199,172.31.33.0-255,66,97625,33,268578
14272,0.002289,74.125.24.0-255,1484,99109,33,268578
14273,0.002294,74.125.24.0-255,2902,102011,33,268578
14274,0.002297,172.31.33.0-255,66,102077,33,268578
14275,0.002315,74.125.24.0-255,1484,103561,33,268578
14276,0.00233,74.125.24.0-255,4320,107881,33,268578
14277,0.002335,74.125.24.0-255,4320,112201,33,268578
14278,0.00235,74.125.24.0-255,2902,115103,33,268578
14279,0.002391,74.125.24.0-255,4320,119423,33,268578
14280,0.002448,74.125.24.0-255,4320,123743,33,268578
14281,0.002498,74.125.24.0-255,5738,129481,33,268578
14282,0.002536,74.125.24.0-255,4320,133801,33,268578
14283,0.002588,74.125.24.0-255,766,134567,33,268578
14284,0.002692,74.125.24.0-255,1484,136051,33,268578
14285,0.002696,74.125.24.0-255,1484,137535,33,268578
14286,0.002707,74.125.24.0-255,1484,139019,33,268578
14287,0.00271,74.125.24.0-255,1484,140503,33,268578
14288,0.002725,74.125.24.0-255,1484,141987,33,268578
14289,0.002727,74.125.24.0-255,1484,143471,33,268578
14290,0.002749,74.125.24.0-255,2902,146373,33,268578
14291,0.002765,74.125.24.0-255,7156,153529,33,268578
14292,0.002777,74.125.24.0-255,2902,156431,33,268578
14293,0.002781,74.125.24.0-255,2902,159333,33,268578
14294,0.002783,74.125.24.0-255,1484,160817,33,268578
14295,0.002798,74.125.24.0-255,5738,166555,33,268578
14296,0.002808,74.125.24.0-255,2184,168739,33,268578
14297,0.002886,74.125.24.0-255,1484,170223,33,268578
14298,0.002906,74.125.24.0-255,2902,173125,33,268578
14299,0.002911,74.125.24.0-255,4320,177445,33,268578
14300,0.002926,74.125.24.0-255,1484,178929,33,268578
14301,0.002932,74.125.24.0-255,5738,184667,33,268578
14302,0.00295,74.125.24.0-255,1484,186151,33,268578
14303,0.002953,74.125.24.0-255,1484,187635,33,268578
14304,0.002967,74.125.24.0-255,5738,193373,33,268578
14305,0.002986,74.125.24.0-255,7156,200529,33,268578
14306,0.00299,74.125.24.0-255,2184,202713,33,268578
14307,0.003008,74.125.24.0-255,4320,207033,33,268578
14308,0.003067,74.125.24.0-255,2902,209935,33,268578
14309,0.003081,74.125.24.0-255,7156,217091,33,268578
14310,0.003136,74.125.24.0-255,5738,222829,33,268578
14311,0.00317,74.125.24.0-255,2184,225013,33,268578
14312,0.003173,74.125.24.0-255,1484,226497,33,268578
14313,0.003182,74.125.24.0-255,1484,227981,33,268578
14314,0.003199,74.125.24.0-255,4320,232301,33,268578
14315,0.003211,74.125.24.0-255,2902,235203,33,268578
14316,0.00323,74.125.24.0-255,4320,239523,33,268578
14317,0.003255,74.125.24.0-255,5738,245261,33,268578
14318,0.003277,74.125.24.0-255,1484,246745,33,268578
14319,0.003314,74.125.24.0-255,7156,253901,33,268578
14320,0.003333,74.125.24.0-255,4320,258221,33,268578
14321,0.003338,74.125.24.0-255,4320,262541,33,268578
14322,0.003361,74.125.24.0-255,5835,268376,33,268578
14323,0.003364,74.125.24.0-255,97,268473,33,268578
14324,0.003411,74.125.24.0-255,105,268578,33,268578
14325,0.0,74.125.24.0-255,153,153,33,114516
14326,1.2e-05,172.31.33.0-255,66,219,33,114516
14327,1.9e-05,74.125.24.0-255,1484,1703,33,114516
14328,2.3e-05,172.31.33.0-255,66,1769,33,114516
14329,3.4e-05,74.125.24.0-255,2902,4671,33,114516
14330,3.7e-05,172.31.33.0-255,66,4737,33,114516
14331,4.2e-05,74.125.24.0-255,2902,7639,33,114516
14332,4.4e-05,172.31.33.0-255,66,7705,33,114516
14333,7.6e-05,74.125.24.0-255,4320,12025,33,114516
14334,7.9e-05,172.31.33.0-255,66,12091,33,114516
14335,0.000106,74.125.24.0-255,2022,14113,33,114516
14336,0.000108,172.31.33.0-255,66,14179,33,114516
14337,0.000247,74.125.24.0-255,1484,15663,33,114516
14338,0.000251,172.31.33.0-255,66,15729,33,114516
14339,0.000257,74.125.24.0-255,2902,18631,33,114516
14340,0.000259,172.31.33.0-255,66,18697,33,114516
14341,0.000293,74.125.24.0-255,5738,24435,33,114516
14342,0.000296,172.31.33.0-255,66,24501,33,114516
14343,0.000333,74.125.24.0-255,2902,27403,33,114516
14344,0.000336,172.31.33.0-255,66,27469,33,114516
14345,0.000373,172.31.33.0-255,66,27535,33,114516
14346,0.000389,172.31.33.0-255,66,27601,33,114516
14347,0.001019,74.125.24.0-255,1484,29085,33,114516
14348,0.001025,172.31.33.0-255,66,29151,33,114516
14349,0.001034,74.125.24.0-255,2902,32053,33,114516
14350,0.001037,172.31.33.0-255,66,32119,33,114516
14351,0.001049,74.125.24.0-255,5738,37857,33,114516
14352,0.001051,172.31.33.0-255,66,37923,33,114516
14353,0.001115,172.31.33.0-255,66,37989,33,114516
14354,0.001131,172.31.33.0-255,66,38055,33,114516
14355,0.001153,74.125.24.0-255,1484,39539,33,114516
14356,0.001159,74.125.24.0-255,2902,42441,33,114516
14357,0.001161,172.31.33.0-255,66,42507,33,114516
14358,0.001168,74.125.24.0-255,5738,48245,33,114516
14359,0.00117,172.31.33.0-255,66,48311,33,114516
14360,0.001198,74.125.24.0-255,2902,51213,33,114516
14361,0.0012,172.31.33.0-255,66,51279,33,114516
14362,0.001229,74.125.24.0-255,3961,55240,33,114516
14363,0.001231,172.31.33.0-255,66,55306,33,114516
14364,0.001718,74.125.24.0-255,1484,56790,33,114516
14365,0.001726,74.125.24.0-255,2902,59692,33,114516
14366,0.00173,172.31.33.0-255,66,59758,33,114516
14367,0.001736,74.125.24.0-255,5738,65496,33,114516
14368,0.001738,172.31.33.0-255,66,65562,33,114516
14369,0.001753,172.31.33.0-255,66,65628,33,114516
14370,0.001788,74.125.24.0-255,2902,68530,33,114516
14371,0.00179,172.31.33.0-255,66,68596,33,114516
14372,0.001804,172.31.33.0-255,66,68662,33,114516
14373,0.001807,74.125.24.0-255,766,69428,33,114516
14374,0.0023,74.125.24.0-255,1484,70912,33,114516
14375,0.002303,172.31.33.0-255,66,70978,33,114516
14376,0.002308,74.125.24.0-255,2902,73880,33,114516
14377,0.00231,172.31.33.0-255,66,73946,33,114516
14378,0.002329,74.125.24.0-255,5738,79684,33,114516
14379,0.002335,172.31.33.0-255,66,79750,33,114516
14380,0.002337,74.125.24.0-255,1484,81234,33,114516
14381,0.002367,172.31.33.0-255,66,81300,33,114516
14382,0.00237,74.125.24.0-255,2902,84202,33,114516
14383,0.002373,172.31.33.0-255,66,84268,33,114516
14384,0.002403,172.31.33.0-255,66,84334,33,114516
14385,0.002413,74.125.24.0-255,1484,85818,33,114516
14386,0.002442,172.31.33.0-255,66,85884,33,114516
14387,0.002447,74.125.24.0-255,7156,93040,33,114516
14388,0.002449,172.31.33.0-255,66,93106,33,114516
14389,0.002481,172.31.33.0-255,66,93172,33,114516
14390,0.002501,74.125.24.0-255,6438,99610,33,114516
14391,0.002504,172.31.33.0-255,66,99676,33,114516
14392,0.002517,172.31.33.0-255,66,99742,33,114516
14393,0.002556,74.125.24.0-255,2902,102644,33,114516
14394,0.002558,172.31.33.0-255,66,102710,33,114516
14395,0.002632,172.31.33.0-255,66,102776,33,114516
14396,0.002673,172.31.33.0-255,66,102842,33,114516
14397,0.002701,172.31.33.0-255,66,102908,33,114516
14398,0.00526,74.125.24.0-255,5738,108646,33,114516
14399,0.005277,172.31.33.0-255,66,108712,33,114516
14400,0.007832,74.125.24.0-255,5738,114450,33,114516
14401,0.007855,172.31.33.0-255,66,114516,33,114516
14402,0.0,172.31.33.0-255,105,105,33,459
14403,0.00019,172.31.33.0-255,90,195,33,459
14404,0.000198,172.31.33.0-255,66,261,33,459
14405,0.002668,172.217.194.0-255,66,327,33,459
14406,0.002679,172.217.194.0-255,66,393,33,459
14407,0.002686,172.31.33.0-255,66,459,33,459
14408,0.0,172.31.33.0-255,105,105,33,459
14409,0.000406,172.31.33.0-255,90,195,33,459
14410,0.000417,172.31.33.0-255,66,261,33,459
14411,0.002443,74.125.24.0-255,66,327,33,459
14412,0.002481,74.125.24.0-255,66,393,33,459
14413,0.002503,172.31.33.0-255,66,459,33,459
14414,0.0,74.125.24.0-255,153,153,33,269660
14415,2e-05,172.31.33.0-255,66,219,33,269660
14416,2.7e-05,74.125.24.0-255,1484,1703,33,269660
14417,3.1e-05,172.31.33.0-255,66,1769,33,269660
14418,3.6e-05,74.125.24.0-255,2902,4671,33,269660
14419,4e-05,172.31.33.0-255,66,4737,33,269660
14420,4.7e-05,74.125.24.0-255,7156,11893,33,269660
14421,5e-05,172.31.33.0-255,66,11959,33,269660
14422,0.000106,172.31.33.0-255,66,12025,33,269660
14423,0.000149,74.125.24.0-255,2543,14568,33,269660
14424,0.000153,172.31.33.0-255,66,14634,33,269660
14425,0.000157,74.125.24.0-255,2902,17536,33,269660
14426,0.00016,172.31.33.0-255,66,17602,33,269660
14427,0.000189,74.125.24.0-255,7156,24758,33,269660
14428,0.000194,172.31.33.0-255,66,24824,33,269660
14429,0.000214,74.125.24.0-255,2902,27726,33,269660
14430,0.000218,172.31.33.0-255,66,27792,33,269660
14431,0.000239,74.125.24.0-255,3961,31753,33,269660
14432,0.000242,172.31.33.0-255,66,31819,33,269660
14433,0.000444,74.125.24.0-255,1484,33303,33,269660
14434,0.00045,172.31.33.0-255,66,33369,33,269660
14435,0.000457,74.125.24.0-255,2902,36271,33,269660
14436,0.00046,172.31.33.0-255,66,36337,33,269660
14437,0.000466,74.125.24.0-255,5738,42075,33,269660
14438,0.000469,172.31.33.0-255,66,42141,33,269660
14439,0.000475,74.125.24.0-255,6797,48938,33,269660
14440,0.000478,172.31.33.0-255,66,49004,33,269660
14441,0.000499,74.125.24.0-255,680,49684,33,269660
14442,0.000502,172.31.33.0-255,66,49750,33,269660
14443,0.0006,74.125.24.0-255,1484,51234,33,269660
14444,0.000607,172.31.33.0-255,66,51300,33,269660
14445,0.000612,74.125.24.0-255,2902,54202,33,269660
14446,0.000619,74.125.24.0-255,5738,59940,33,269660
14447,0.000624,74.125.24.0-255,2902,62842,33,269660
14448,0.000639,74.125.24.0-255,1484,64326,33,269660
14449,0.000651,172.31.33.0-255,66,64392,33,269660
14450,0.000672,74.125.24.0-255,2543,66935,33,269660
14451,0.000709,172.31.33.0-255,66,67001,33,269660
14452,0.000755,74.125.24.0-255,1484,68485,33,269660
14453,0.000762,74.125.24.0-255,2902,71387,33,269660
14454,0.000767,74.125.24.0-255,4320,75707,33,269660
14455,0.000788,74.125.24.0-255,1484,77191,33,269660
14456,0.000794,74.125.24.0-255,4320,81511,33,269660
14457,0.000799,172.31.33.0-255,66,81577,33,269660
14458,0.000838,74.125.24.0-255,2543,84120,33,269660
14459,0.000849,172.31.33.0-255,66,84186,33,269660
14460,0.001112,74.125.24.0-255,1484,85670,33,269660
14461,0.001118,74.125.24.0-255,2902,88572,33,269660
14462,0.001121,172.31.33.0-255,66,88638,33,269660
14463,0.001125,74.125.24.0-255,1484,90122,33,269660
14464,0.001148,74.125.24.0-255,4320,94442,33,269660
14465,0.001153,74.125.24.0-255,4320,98762,33,269660
14466,0.001156,74.125.24.0-255,2902,101664,33,269660
14467,0.001187,74.125.24.0-255,1484,103148,33,269660
14468,0.001193,172.31.33.0-255,66,103214,33,269660
14469,0.001213,74.125.24.0-255,6438,109652,33,269660
14470,0.001245,172.31.33.0-255,66,109718,33,269660
14471,0.001288,74.125.24.0-255,1484,111202,33,269660
14472,0.001294,74.125.24.0-255,2902,114104,33,269660
14473,0.001301,172.31.33.0-255,66,114170,33,269660
14474,0.00131,74.125.24.0-255,2902,117072,33,269660
14475,0.001321,74.125.24.0-255,2902,119974,33,269660
14476,0.001329,172.31.33.0-255,66,120040,33,269660
14477,0.001337,74.125.24.0-255,5738,125778,33,269660
14478,0.001342,172.31.33.0-255,66,125844,33,269660
14479,0.001356,74.125.24.0-255,7156,133000,33,269660
14480,0.001361,74.125.24.0-255,5738,138738,33,269660
14481,0.001377,172.31.33.0-255,66,138804,33,269660
14482,0.001413,74.125.24.0-255,2902,141706,33,269660
14483,0.001423,172.31.33.0-255,66,141772,33,269660
14484,0.00143,74.125.24.0-255,2184,143956,33,269660
14485,0.001434,172.31.33.0-255,66,144022,33,269660
14486,0.001457,74.125.24.0-255,1484,145506,33,269660
14487,0.001468,74.125.24.0-255,2902,148408,33,269660
14488,0.001471,74.125.24.0-255,1484,149892,33,269660
14489,0.001483,74.125.24.0-255,4320,154212,33,269660
14490,0.001487,172.31.33.0-255,66,154278,33,269660
14491,0.001497,74.125.24.0-255,2902,157180,33,269660
14492,0.001508,172.31.33.0-255,66,157246,33,269660
14493,0.00152,74.125.24.0-255,7156,164402,33,269660
14494,0.001537,172.31.33.0-255,66,164468,33,269660
14495,0.001556,74.125.24.0-255,5738,170206,33,269660
14496,0.001583,172.31.33.0-255,66,170272,33,269660
14497,0.001879,74.125.24.0-255,1484,171756,33,269660
14498,0.001884,74.125.24.0-255,2902,174658,33,269660
14499,0.001887,172.31.33.0-255,66,174724,33,269660
14500,0.001908,74.125.24.0-255,5738,180462,33,269660
14501,0.001957,74.125.24.0-255,4320,184782,33,269660
14502,0.001962,172.31.33.0-255,66,184848,33,269660
14503,0.001983,74.125.24.0-255,6438,191286,33,269660
14504,0.002,74.125.24.0-255,4320,195606,33,269660
14505,0.002012,74.125.24.0-255,7156,202762,33,269660
14506,0.002015,172.31.33.0-255,66,202828,33,269660
14507,0.002019,172.31.33.0-255,66,202894,33,269660
14508,0.002045,74.125.24.0-255,2902,205796,33,269660
14509,0.002071,172.31.33.0-255,66,205862,33,269660
14510,0.002102,172.31.33.0-255,66,205928,33,269660
14511,0.002138,172.31.33.0-255,66,205994,33,269660
14512,0.002224,74.125.24.0-255,1484,207478,33,269660
14513,0.002229,74.125.24.0-255,2902,210380,33,269660
14514,0.002238,172.31.33.0-255,66,210446,33,269660
14515,0.002251,74.125.24.0-255,5738,216184,33,269660
14516,0.002256,74.125.24.0-255,5738,221922,33,269660
14517,0.002267,172.31.33.0-255,66,221988,33,269660
14518,0.002281,74.125.24.0-255,1484,223472,33,269660
14519,0.002314,172.31.33.0-255,66,223538,33,269660
14520,0.002321,172.31.33.0-255,66,223604,33,269660
14521,0.002358,74.125.24.0-255,4320,227924,33,269660
14522,0.002363,74.125.24.0-255,4320,232244,33,269660
14523,0.002372,74.125.24.0-255,1484,233728,33,269660
14524,0.002384,74.125.24.0-255,5738,239466,33,269660
14525,0.002387,172.31.33.0-255,66,239532,33,269660
14526,0.002401,74.125.24.0-255,5738,245270,33,269660
14527,0.002405,74.125.24.0-255,2902,248172,33,269660
14528,0.002412,172.31.33.0-255,66,248238,33,269660
14529,0.00243,74.125.24.0-255,7156,255394,33,269660
14530,0.002434,172.31.33.0-255,66,255460,33,269660
14531,0.002454,74.125.24.0-255,5738,261198,33,269660
14532,0.002461,172.31.33.0-255,66,261264,33,269660
14533,0.002482,74.125.24.0-255,5020,266284,33,269660
14534,0.002497,172.31.33.0-255,66,266350,33,269660
14535,0.002531,74.125.24.0-255,2902,269252,33,269660
14536,0.002547,74.125.24.0-255,105,269357,33,269660
14537,0.00255,172.31.33.0-255,66,269423,33,269660
14538,0.002573,172.31.33.0-255,66,269489,33,269660
14539,0.004069,172.31.33.0-255,105,269594,33,269660
14540,0.00662,74.125.24.0-255,66,269660,33,269660
14541,0.0,172.31.33.0-255,66,66,33,66
14542,0.0,172.31.33.0-255,105,105,33,459
14543,0.0003,172.31.33.0-255,90,195,33,459
14544,0.000309,172.31.33.0-255,66,261,33,459
14545,0.002648,74.125.24.0-255,66,327,33,459
14546,0.002677,74.125.24.0-255,66,393,33,459
14547,0.002701,172.31.33.0-255,66,459,33,459
14548,0.0,172.217.194.0-255,153,153,33,176910
14549,3e-05,172.31.33.0-255,66,219,33,176910
14550,3.8e-05,172.217.194.0-255,1484,1703,33,176910
14551,4.2e-05,172.31.33.0-255,66,1769,33,176910
14552,4.7e-05,172.217.194.0-255,2902,4671,33,176910
14553,5.7e-05,172.31.33.0-255,66,4737,33,176910
14554,6.4e-05,172.217.194.0-255,5738,10475,33,176910
14555,6.7e-05,172.31.33.0-255,66,10541,33,176910
14556,9.7e-05,172.217.194.0-255,1484,12025,33,176910
14557,9.9e-05,172.31.33.0-255,66,12091,33,176910
14558,0.000104,172.217.194.0-255,2083,14174,33,176910
14559,0.000106,172.31.33.0-255,66,14240,33,176910
14560,0.000118,172.217.194.0-255,2902,17142,33,176910
14561,0.000121,172.31.33.0-255,66,17208,33,176910
14562,0.000155,172.217.194.0-255,2902,20110,33,176910
14563,0.00016,172.31.33.0-255,66,20176,33,176910
14564,0.000168,172.217.194.0-255,7156,27332,33,176910
14565,0.000171,172.31.33.0-255,66,27398,33,176910
14566,0.000176,172.217.194.0-255,3961,31359,33,176910
14567,0.000178,172.31.33.0-255,66,31425,33,176910
14568,0.000235,172.217.194.0-255,1484,32909,33,176910
14569,0.000239,172.31.33.0-255,66,32975,33,176910
14570,0.00025,172.217.194.0-255,2902,35877,33,176910
14571,0.000256,172.31.33.0-255,66,35943,33,176910
14572,0.000285,172.217.194.0-255,5738,41681,33,176910
14573,0.000289,172.31.33.0-255,66,41747,33,176910
14574,0.000295,172.217.194.0-255,4320,46067,33,176910
14575,0.000297,172.31.33.0-255,66,46133,33,176910
14576,0.000316,172.217.194.0-255,2543,48676,33,176910
14577,0.000325,172.31.33.0-255,66,48742,33,176910
14578,0.000333,172.217.194.0-255,7156,55898,33,176910
14579,0.000335,172.31.33.0-255,66,55964,33,176910
14580,0.000371,172.217.194.0-255,7156,63120,33,176910
14581,0.000376,172.217.194.0-255,2841,65961,33,176910
14582,0.000386,172.31.33.0-255,66,66027,33,176910
14583,0.000618,172.217.194.0-255,379,66406,33,176910
14584,0.000799,172.31.33.0-255,66,66472,33,176910
14585,0.000911,172.217.194.0-255,1484,67956,33,176910
14586,0.000921,172.217.194.0-255,2902,70858,33,176910
14587,0.000924,172.31.33.0-255,66,70924,33,176910
14588,0.000962,172.217.194.0-255,5738,76662,33,176910
14589,0.000966,172.31.33.0-255,66,76728,33,176910
14590,0.000985,172.31.33.0-255,66,76794,33,176910
14591,0.000991,172.217.194.0-255,2902,79696,33,176910
14592,0.000993,172.31.33.0-255,66,79762,33,176910
14593,0.001027,172.31.33.0-255,66,79828,33,176910
14594,0.001475,172.217.194.0-255,1484,81312,33,176910
14595,0.001482,172.217.194.0-255,2902,84214,33,176910
14596,0.001486,172.31.33.0-255,66,84280,33,176910
14597,0.001492,172.217.194.0-255,2902,87182,33,176910
14598,0.001496,172.31.33.0-255,66,87248,33,176910
14599,0.001526,172.217.194.0-255,2902,90150,33,176910
14600,0.001528,172.31.33.0-255,66,90216,33,176910
14601,0.001534,172.217.194.0-255,5738,95954,33,176910
14602,0.00154,172.217.194.0-255,5738,101692,33,176910
14603,0.001572,172.217.194.0-255,7156,108848,33,176910
14604,0.001578,172.217.194.0-255,5020,113868,33,176910
14605,0.001625,172.217.194.0-255,2902,116770,33,176910
14606,0.001647,172.217.194.0-255,2902,119672,33,176910
14607,0.001669,172.217.194.0-255,5738,125410,33,176910
14608,0.001678,172.217.194.0-255,766,126176,33,176910
14609,0.001729,172.217.194.0-255,1484,127660,33,176910
14610,0.001745,172.217.194.0-255,2902,130562,33,176910
14611,0.001766,172.217.194.0-255,5738,136300,33,176910
14612,0.00177,172.217.194.0-255,2902,139202,33,176910
14613,0.001788,172.217.194.0-255,4320,143522,33,176910
14614,0.001822,172.217.194.0-255,2184,145706,33,176910
14615,0.001945,172.217.194.0-255,1484,147190,33,176910
14616,0.001963,172.217.194.0-255,2902,150092,33,176910
14617,0.001968,172.217.194.0-255,4320,154412,33,176910
14618,0.001981,172.217.194.0-255,1484,155896,33,176910
14619,0.001992,172.217.194.0-255,4320,160216,33,176910
14620,0.002008,172.217.194.0-255,5738,165954,33,176910
14621,0.002057,172.217.194.0-255,3602,169556,33,176910
14622,0.002111,172.217.194.0-255,1484,171040,33,176910
14623,0.006544,172.31.33.0-255,66,171106,33,176910
14624,0.008646,172.217.194.0-255,5738,176844,33,176910
14625,0.008653,172.31.33.0-255,66,176910,33,176910
14626,0.0,172.31.33.0-255,105,105,33,459
14627,0.000212,172.31.33.0-255,90,195,33,459
14628,0.000221,172.31.33.0-255,66,261,33,459
14629,0.001818,172.217.160.0-255,66,327,33,459
14630,0.001836,172.217.160.0-255,66,393,33,459
14631,0.001848,172.31.33.0-255,66,459,33,459
14632,0.0,74.125.24.0-255,153,153,33,109767
14633,2.2e-05,172.31.33.0-255,66,219,33,109767
14634,2.9e-05,74.125.24.0-255,1484,1703,33,109767
14635,3.3e-05,172.31.33.0-255,66,1769,33,109767
14636,3.6e-05,74.125.24.0-255,1484,3253,33,109767
14637,4.6e-05,172.31.33.0-255,66,3319,33,109767
14638,5.3e-05,74.125.24.0-255,4320,7639,33,109767
14639,5.6e-05,172.31.33.0-255,66,7705,33,109767
14640,0.000107,74.125.24.0-255,4320,12025,33,109767
14641,0.00011,172.31.33.0-255,66,12091,33,109767
14642,0.000136,74.125.24.0-255,3473,15564,33,109767
14643,0.00014,172.31.33.0-255,66,15630,33,109767
14644,0.000146,74.125.24.0-255,5738,21368,33,109767
14645,0.000149,172.31.33.0-255,66,21434,33,109767
14646,0.000203,74.125.24.0-255,7156,28590,33,109767
14647,0.000206,172.31.33.0-255,66,28656,33,109767
14648,0.000208,74.125.24.0-255,1484,30140,33,109767
14649,0.00021,172.31.33.0-255,66,30206,33,109767
14650,0.00023,74.125.24.0-255,1125,31331,33,109767
14651,0.000232,172.31.33.0-255,66,31397,33,109767
14652,0.000388,74.125.24.0-255,1484,32881,33,109767
14653,0.000394,172.31.33.0-255,66,32947,33,109767
14654,0.000421,74.125.24.0-255,2902,35849,33,109767
14655,0.000424,172.31.33.0-255,66,35915,33,109767
14656,0.00044,74.125.24.0-255,1484,37399,33,109767
14657,0.000443,172.31.33.0-255,66,37465,33,109767
14658,0.000471,74.125.24.0-255,4320,41785,33,109767
14659,0.000474,172.31.33.0-255,66,41851,33,109767
14660,0.000476,74.125.24.0-255,1484,43335,33,109767
14661,0.000478,172.31.33.0-255,66,43401,33,109767
14662,0.000511,74.125.24.0-255,2902,46303,33,109767
14663,0.000514,172.31.33.0-255,66,46369,33,109767
14664,0.000518,74.125.24.0-255,1484,47853,33,109767
14665,0.000524,74.125.24.0-255,4320,52173,33,109767
14666,0.000526,172.31.33.0-255,66,52239,33,109767
14667,0.000558,74.125.24.0-255,2543,54782,33,109767
14668,0.00056,172.31.33.0-255,66,54848,33,109767
14669,0.000573,172.31.33.0-255,66,54914,33,109767
14670,0.000576,74.125.24.0-255,341,55255,33,109767
14671,0.000666,74.125.24.0-255,1484,56739,33,109767
14672,0.000671,172.31.33.0-255,66,56805,33,109767
14673,0.000675,74.125.24.0-255,1484,58289,33,109767
14674,0.000697,74.125.24.0-255,1484,59773,33,109767
14675,0.0007,172.31.33.0-255,66,59839,33,109767
14676,0.000707,74.125.24.0-255,5738,65577,33,109767
14677,0.000709,172.31.33.0-255,66,65643,33,109767
14678,0.000712,74.125.24.0-255,1484,67127,33,109767
14679,0.000731,74.125.24.0-255,5738,72865,33,109767
14680,0.000738,172.31.33.0-255,66,72931,33,109767
14681,0.000754,74.125.24.0-255,1484,74415,33,109767
14682,0.000759,74.125.24.0-255,4320,78735,33,109767
14683,0.000761,172.31.33.0-255,66,78801,33,109767
14684,0.000802,172.31.33.0-255,66,78867,33,109767
14685,0.001813,74.125.24.0-255,1484,80351,33,109767
14686,0.001824,74.125.24.0-255,2902,83253,33,109767
14687,0.001828,172.31.33.0-255,66,83319,33,109767
14688,0.001833,74.125.24.0-255,1484,84803,33,109767
14689,0.001858,74.125.24.0-255,4320,89123,33,109767
14690,0.00186,172.31.33.0-255,66,89189,33,109767
14691,0.001866,74.125.24.0-255,4320,93509,33,109767
14692,0.001868,172.31.33.0-255,66,93575,33,109767
14693,0.001903,172.31.33.0-255,66,93641,33,109767
14694,0.001915,172.31.33.0-255,66,93707,33,109767
14695,0.003975,74.125.24.0-255,4320,98027,33,109767
14696,0.003981,172.31.33.0-255,66,98093,33,109767
14697,0.004004,74.125.24.0-255,1484,99577,33,109767
14698,0.006072,74.125.24.0-255,4320,103897,33,109767
14699,0.006075,172.31.33.0-255,66,103963,33,109767
14700,0.008133,74.125.24.0-255,5738,109701,33,109767
14701,0.008139,172.31.33.0-255,66,109767,33,109767
14702,0.0,74.125.24.0-255,220,220,33,124751
14703,2.5e-05,172.31.33.0-255,66,286,33,124751
14704,3.2e-05,74.125.24.0-255,1484,1770,33,124751
14705,3.5e-05,172.31.33.0-255,66,1836,33,124751
14706,4.1e-05,74.125.24.0-255,4320,6156,33,124751
14707,4.3e-05,172.31.33.0-255,66,6222,33,124751
14708,6.3e-05,172.31.33.0-255,66,6288,33,124751
14709,9.2e-05,74.125.24.0-255,1484,7772,33,124751
14710,9.4e-05,172.31.33.0-255,66,7838,33,124751
14711,9.7e-05,74.125.24.0-255,1484,9322,33,124751
14712,9.8e-05,172.31.33.0-255,66,9388,33,124751
14713,0.00011,74.125.24.0-255,1484,10872,33,124751
14714,0.000112,172.31.33.0-255,66,10938,33,124751
14715,0.000115,74.125.24.0-255,1484,12422,33,124751
14716,0.000117,172.31.33.0-255,66,12488,33,124751
14717,0.000131,74.125.24.0-255,4320,16808,33,124751
14718,0.000133,172.31.33.0-255,66,16874,33,124751
14719,0.000165,74.125.24.0-255,6797,23671,33,124751
14720,0.000167,172.31.33.0-255,66,23737,33,124751
14721,0.00032,74.125.24.0-255,1484,25221,33,124751
14722,0.000324,172.31.33.0-255,66,25287,33,124751
14723,0.000329,74.125.24.0-255,2902,28189,33,124751
14724,0.000331,172.31.33.0-255,66,28255,33,124751
14725,0.000362,74.125.24.0-255,5738,33993,33,124751
14726,0.000365,172.31.33.0-255,66,34059,33,124751
14727,0.000368,74.125.24.0-255,1484,35543,33,124751
14728,0.00037,172.31.33.0-255,66,35609,33,124751
14729,0.000411,172.31.33.0-255,66,35675,33,124751
14730,0.000422,172.31.33.0-255,66,35741,33,124751
14731,0.000444,74.125.24.0-255,1437,37178,33,124751
14732,0.000447,74.125.24.0-255,107,37285,33,124751
14733,0.000458,74.125.24.0-255,332,37617,33,124751
14734,0.000461,172.31.33.0-255,66,37683,33,124751
14735,0.000808,74.125.24.0-255,1484,39167,33,124751
14736,0.000818,74.125.24.0-255,2902,42069,33,124751
14737,0.000822,172.31.33.0-255,66,42135,33,124751
14738,0.000844,74.125.24.0-255,5738,47873,33,124751
14739,0.000847,172.31.33.0-255,66,47939,33,124751
14740,0.000861,74.125.24.0-255,1484,49423,33,124751
14741,0.000879,74.125.24.0-255,7156,56579,33,124751
14742,0.000881,172.31.33.0-255,66,56645,33,124751
14743,0.000918,74.125.24.0-255,5738,62383,33,124751
14744,0.000921,172.31.33.0-255,66,62449,33,124751
14745,0.000952,172.31.33.0-255,66,62515,33,124751
14746,0.001396,74.125.24.0-255,1484,63999,33,124751
14747,0.001405,74.125.24.0-255,2902,66901,33,124751
14748,0.001409,172.31.33.0-255,66,66967,33,124751
14749,0.001412,74.125.24.0-255,1484,68451,33,124751
14750,0.001432,74.125.24.0-255,5738,74189,33,124751
14751,0.001434,172.31.33.0-255,66,74255,33,124751
14752,0.00147,74.125.24.0-255,2902,77157,33,124751
14753,0.001473,172.31.33.0-255,66,77223,33,124751
14754,0.001476,172.31.33.0-255,66,77289,33,124751
14755,0.001496,74.125.24.0-255,6438,83727,33,124751
14756,0.001498,172.31.33.0-255,66,83793,33,124751
14757,0.001526,74.125.24.0-255,1484,85277,33,124751
14758,0.001537,74.125.24.0-255,1484,86761,33,124751
14759,0.001539,172.31.33.0-255,66,86827,33,124751
14760,0.001559,74.125.24.0-255,1484,88311,33,124751
14761,0.001564,74.125.24.0-255,5738,94049,33,124751
14762,0.001567,172.31.33.0-255,66,94115,33,124751
14763,0.001572,74.125.24.0-255,4320,98435,33,124751
14764,0.001573,172.31.33.0-255,66,98501,33,124751
14765,0.001589,74.125.24.0-255,4320,102821,33,124751
14766,0.001591,172.31.33.0-255,66,102887,33,124751
14767,0.00163,74.125.24.0-255,4320,107207,33,124751
14768,0.001633,172.31.33.0-255,66,107273,33,124751
14769,0.001658,172.31.33.0-255,66,107339,33,124751
14770,0.003952,74.125.24.0-255,5738,113077,33,124751
14771,0.003956,172.31.33.0-255,66,113143,33,124751
14772,0.00624,74.125.24.0-255,5738,118881,33,124751
14773,0.006246,172.31.33.0-255,66,118947,33,124751
14774,0.008555,74.125.24.0-255,5738,124685,33,124751
14775,0.008564,172.31.33.0-255,66,124751,33,124751
14776,0.0,172.217.194.0-255,146,146,33,193410
14777,1.5e-05,172.31.33.0-255,66,212,33,193410
14778,2.2e-05,172.217.194.0-255,1484,1696,33,193410
14779,2.7e-05,172.31.33.0-255,66,1762,33,193410
14780,3.2e-05,172.217.194.0-255,2902,4664,33,193410
14781,4.2e-05,172.31.33.0-255,66,4730,33,193410
14782,4.5e-05,172.217.194.0-255,1484,6214,33,193410
14783,4.8e-05,172.31.33.0-255,66,6280,33,193410
14784,9.1e-05,172.217.194.0-255,5738,12018,33,193410
14785,9.6e-05,172.31.33.0-255,66,12084,33,193410
14786,0.0001,172.217.194.0-255,2093,14177,33,193410
14787,0.000103,172.31.33.0-255,66,14243,33,193410
14788,0.00046,172.217.194.0-255,1484,15727,33,193410
14789,0.000466,172.31.33.0-255,66,15793,33,193410
14790,0.000472,172.217.194.0-255,2902,18695,33,193410
14791,0.000474,172.31.33.0-255,66,18761,33,193410
14792,0.000486,172.217.194.0-255,5738,24499,33,193410
14793,0.000488,172.31.33.0-255,66,24565,33,193410
14794,0.000526,172.217.194.0-255,6797,31362,33,193410
14795,0.000529,172.31.33.0-255,66,31428,33,193410
14796,0.000723,172.217.194.0-255,1484,32912,33,193410
14797,0.000728,172.31.33.0-255,66,32978,33,193410
14798,0.000733,172.217.194.0-255,2902,35880,33,193410
14799,0.000736,172.31.33.0-255,66,35946,33,193410
14800,0.000765,172.217.194.0-255,5738,41684,33,193410
14801,0.000768,172.31.33.0-255,66,41750,33,193410
14802,0.000774,172.217.194.0-255,5738,47488,33,193410
14803,0.000776,172.31.33.0-255,66,47554,33,193410
14804,0.000808,172.31.33.0-255,66,47620,33,193410
14805,0.000834,172.217.194.0-255,3961,51581,33,193410
14806,0.000836,172.31.33.0-255,66,51647,33,193410
14807,0.000842,172.217.194.0-255,3961,55608,33,193410
14808,0.000844,172.31.33.0-255,66,55674,33,193410
14809,0.00124,172.217.194.0-255,647,56321,33,193410
14810,0.001246,172.31.33.0-255,66,56387,33,193410
14811,0.00141,172.217.194.0-255,1484,57871,33,193410
14812,0.001415,172.31.33.0-255,66,57937,33,193410
14813,0.001423,172.217.194.0-255,2902,60839,33,193410
14814,0.001426,172.31.33.0-255,66,60905,33,193410
14815,0.001437,172.217.194.0-255,5738,66643,33,193410
14816,0.001439,172.31.33.0-255,66,66709,33,193410
14817,0.001481,172.31.33.0-255,66,66775,33,193410
14818,0.00152,172.31.33.0-255,66,66841,33,193410
14819,0.001546,172.217.194.0-255,766,67607,33,193410
14820,0.001549,172.31.33.0-255,66,67673,33,193410
14821,0.001766,172.217.194.0-255,1484,69157,33,193410
14822,0.00177,172.31.33.0-255,66,69223,33,193410
14823,0.001775,172.217.194.0-255,2902,72125,33,193410
14824,0.001778,172.31.33.0-255,66,72191,33,193410
14825,0.001816,172.217.194.0-255,5738,77929,33,193410
14826,0.001819,172.31.33.0-255,66,77995,33,193410
14827,0.001839,172.217.194.0-255,5738,83733,33,193410
14828,0.001842,172.31.33.0-255,66,83799,33,193410
14829,0.001871,172.217.194.0-255,7156,90955,33,193410
14830,0.001874,172.31.33.0-255,66,91021,33,193410
14831,0.001908,172.217.194.0-255,5738,96759,33,193410
14832,0.001911,172.31.33.0-255,66,96825,33,193410
14833,0.001936,172.217.194.0-255,4320,101145,33,193410
14834,0.001944,172.31.33.0-255,66,101211,33,193410
14835,0.001948,172.217.194.0-255,766,101977,33,193410
14836,0.00195,172.31.33.0-255,66,102043,33,193410
14837,0.002172,172.217.194.0-255,1484,103527,33,193410
14838,0.002177,172.31.33.0-255,66,103593,33,193410
14839,0.002182,172.217.194.0-255,2902,106495,33,193410
14840,0.002184,172.31.33.0-255,66,106561,33,193410
14841,0.002195,172.217.194.0-255,4320,110881,33,193410
14842,0.002197,172.31.33.0-255,66,110947,33,193410
14843,0.002219,172.217.194.0-255,1484,112431,33,193410
14844,0.002222,172.31.33.0-255,66,112497,33,193410
14845,0.002228,172.217.194.0-255,5738,118235,33,193410
14846,0.00223,172.31.33.0-255,66,118301,33,193410
14847,0.002265,172.217.194.0-255,7156,125457,33,193410
14848,0.002269,172.31.33.0-255,66,125523,33,193410
14849,0.00228,172.31.33.0-255,66,125589,33,193410
14850,0.002305,172.217.194.0-255,2184,127773,33,193410
14851,0.002308,172.31.33.0-255,66,127839,33,193410
14852,0.00236,172.217.194.0-255,1484,129323,33,193410
14853,0.002363,172.31.33.0-255,66,129389,33,193410
14854,0.002368,172.217.194.0-255,2902,132291,33,193410
14855,0.002371,172.31.33.0-255,66,132357,33,193410
14856,0.00238,172.217.194.0-255,4320,136677,33,193410
14857,0.002383,172.31.33.0-255,66,136743,33,193410
14858,0.002415,172.217.194.0-255,1484,138227,33,193410
14859,0.002422,172.217.194.0-255,7156,145383,33,193410
14860,0.002439,172.31.33.0-255,66,145449,33,193410
14861,0.002443,172.31.33.0-255,66,145515,33,193410
14862,0.002445,172.31.33.0-255,66,145581,33,193410
14863,0.002462,172.217.194.0-255,2184,147765,33,193410
14864,0.002466,172.217.194.0-255,2902,150667,33,193410
14865,0.002471,172.31.33.0-255,66,150733,33,193410
14866,0.002473,172.31.33.0-255,66,150799,33,193410
14867,0.002501,172.217.194.0-255,7156,157955,33,193410
14868,0.002504,172.31.33.0-255,66,158021,33,193410
14869,0.002517,172.31.33.0-255,66,158087,33,193410
14870,0.002565,172.31.33.0-255,66,158153,33,193410
14871,0.00258,172.31.33.0-255,66,158219,33,193410
14872,0.002583,172.217.194.0-255,1484,159703,33,193410
14873,0.002598,172.217.194.0-255,1484,161187,33,193410
14874,0.002603,172.217.194.0-255,4320,165507,33,193410
14875,0.002627,172.217.194.0-255,1484,166991,33,193410
14876,0.002717,172.217.194.0-255,2902,169893,33,193410
14877,0.002722,172.217.194.0-255,5020,174913,33,193410
14878,0.002759,172.217.194.0-255,2902,177815,33,193410
14879,0.002761,172.217.194.0-255,1484,179299,33,193410
14880,0.002767,172.217.194.0-255,5738,185037,33,193410
14881,0.002818,172.217.194.0-255,6438,191475,33,193410
14882,0.002868,172.217.194.0-255,1764,193239,33,193410
14883,0.002881,172.217.194.0-255,105,193344,33,193410
14884,0.008678,172.31.33.0-255,66,193410,33,193410
14885,0.0,172.253.118.0-255,298,298,33,139809
14886,2.4e-05,172.31.33.0-255,66,364,33,139809
14887,3.2e-05,172.253.118.0-255,1484,1848,33,139809
14888,3.6e-05,172.31.33.0-255,66,1914,33,139809
14889,5.2e-05,172.253.118.0-255,4320,6234,33,139809
14890,5.5e-05,172.31.33.0-255,66,6300,33,139809
14891,6.3e-05,172.253.118.0-255,7156,13456,33,139809
14892,6.7e-05,172.31.33.0-255,66,13522,33,139809
14893,7.2e-05,172.253.118.0-255,2902,16424,33,139809
14894,7.4e-05,172.31.33.0-255,66,16490,33,139809
14895,0.000122,172.31.33.0-255,66,16556,33,139809
14896,0.000125,172.253.118.0-255,1125,17681,33,139809
14897,0.000127,172.31.33.0-255,66,17747,33,139809
14898,0.000168,172.253.118.0-255,4320,22067,33,139809
14899,0.000171,172.31.33.0-255,66,22133,33,139809
14900,0.000177,172.253.118.0-255,5738,27871,33,139809
14901,0.00018,172.31.33.0-255,66,27937,33,139809
14902,0.000184,172.253.118.0-255,2902,30839,33,139809
14903,0.000186,172.31.33.0-255,66,30905,33,139809
14904,0.000209,172.253.118.0-255,3961,34866,33,139809
14905,0.000212,172.31.33.0-255,66,34932,33,139809
14906,0.000753,172.253.118.0-255,1484,36416,33,139809
14907,0.000761,172.31.33.0-255,66,36482,33,139809
14908,0.000768,172.253.118.0-255,2902,39384,33,139809
14909,0.00077,172.31.33.0-255,66,39450,33,139809
14910,0.000782,172.253.118.0-255,5738,45188,33,139809
14911,0.000784,172.31.33.0-255,66,45254,33,139809
14912,0.000787,172.253.118.0-255,1484,46738,33,139809
14913,0.000789,172.31.33.0-255,66,46804,33,139809
14914,0.000833,172.253.118.0-255,2902,49706,33,139809
14915,0.000837,172.31.33.0-255,66,49772,33,139809
14916,0.000865,172.253.118.0-255,2543,52315,33,139809
14917,0.000868,172.31.33.0-255,66,52381,33,139809
14918,0.000913,172.253.118.0-255,1484,53865,33,139809
14919,0.000918,172.31.33.0-255,66,53931,33,139809
14920,0.000928,172.253.118.0-255,2902,56833,33,139809
14921,0.000934,172.31.33.0-255,66,56899,33,139809
14922,0.000941,172.253.118.0-255,5738,62637,33,139809
14923,0.000943,172.31.33.0-255,66,62703,33,139809
14924,0.000988,172.31.33.0-255,66,62769,33,139809
14925,0.000999,172.31.33.0-255,66,62835,33,139809
14926,0.001025,172.253.118.0-255,1704,64539,33,139809
14927,0.001027,172.31.33.0-255,66,64605,33,139809
14928,0.001371,172.253.118.0-255,1484,66089,33,139809
14929,0.001376,172.31.33.0-255,66,66155,33,139809
14930,0.001382,172.253.118.0-255,2902,69057,33,139809
14931,0.001384,172.31.33.0-255,66,69123,33,139809
14932,0.001408,172.253.118.0-255,5738,74861,33,139809
14933,0.00141,172.31.33.0-255,66,74927,33,139809
14934,0.001475,172.31.33.0-255,66,74993,33,139809
14935,0.001488,172.31.33.0-255,66,75059,33,139809
14936,0.001789,172.253.118.0-255,1484,76543,33,139809
14937,0.001794,172.31.33.0-255,66,76609,33,139809
14938,0.0018,172.253.118.0-255,2902,79511,33,139809
14939,0.001803,172.31.33.0-255,66,79577,33,139809
14940,0.001814,172.253.118.0-255,5738,85315,33,139809
14941,0.001816,172.31.33.0-255,66,85381,33,139809
14942,0.00182,172.253.118.0-255,1484,86865,33,139809
14943,0.001863,172.31.33.0-255,66,86931,33,139809
14944,0.001867,172.253.118.0-255,2902,89833,33,139809
14945,0.001869,172.31.33.0-255,66,89899,33,139809
14946,0.001907,172.253.118.0-255,7156,97055,33,139809
14947,0.00191,172.31.33.0-255,66,97121,33,139809
14948,0.001913,172.253.118.0-255,766,97887,33,139809
14949,0.002053,172.253.118.0-255,1484,99371,33,139809
14950,0.002058,172.31.33.0-255,66,99437,33,139809
14951,0.002063,172.253.118.0-255,2902,102339,33,139809
14952,0.002065,172.31.33.0-255,66,102405,33,139809
14953,0.002069,172.253.118.0-255,1484,103889,33,139809
14954,0.002092,172.253.118.0-255,4320,108209,33,139809
14955,0.002094,172.31.33.0-255,66,108275,33,139809
14956,0.002104,172.31.33.0-255,66,108341,33,139809
14957,0.002134,172.253.118.0-255,4320,112661,33,139809
14958,0.002136,172.31.33.0-255,66,112727,33,139809
14959,0.002142,172.253.118.0-255,5738,118465,33,139809
14960,0.002144,172.31.33.0-255,66,118531,33,139809
14961,0.002149,172.253.118.0-255,4320,122851,33,139809
14962,0.002152,172.31.33.0-255,66,122917,33,139809
14963,0.002179,172.253.118.0-255,766,123683,33,139809
14964,0.002618,172.31.33.0-255,66,123749,33,139809
14965,0.004498,172.253.118.0-255,4320,128069,33,139809
14966,0.004507,172.31.33.0-255,66,128135,33,139809
14967,0.004937,172.253.118.0-255,1484,129619,33,139809
14968,0.006856,172.253.118.0-255,4320,133939,33,139809
14969,0.006863,172.31.33.0-255,66,134005,33,139809
14970,0.009175,172.253.118.0-255,5738,139743,33,139809
14971,0.009181,172.31.33.0-255,66,139809,33,139809
14972,0.0,172.217.194.0-255,458,458,33,141701
14973,1.5e-05,172.31.33.0-255,66,524,33,141701
14974,2.2e-05,172.217.194.0-255,1484,2008,33,141701
14975,2.7e-05,172.31.33.0-255,66,2074,33,141701
14976,5.7e-05,172.217.194.0-255,4320,6394,33,141701
14977,6e-05,172.31.33.0-255,66,6460,33,141701
14978,6.4e-05,172.217.194.0-255,2902,9362,33,141701
14979,6.7e-05,172.31.33.0-255,66,9428,33,141701
14980,0.000113,172.217.194.0-255,5738,15166,33,141701
14981,0.000116,172.31.33.0-255,66,15232,33,141701
14982,0.000136,172.217.194.0-255,3272,18504,33,141701
14983,0.000139,172.31.33.0-255,66,18570,33,141701
14984,0.000144,172.217.194.0-255,2902,21472,33,141701
14985,0.000146,172.31.33.0-255,66,21538,33,141701
14986,0.000165,172.217.194.0-255,7156,28694,33,141701
14987,0.000169,172.31.33.0-255,66,28760,33,141701
14988,0.000188,172.217.194.0-255,2543,31303,33,141701
14989,0.000191,172.31.33.0-255,66,31369,33,141701
14990,0.000308,172.217.194.0-255,1484,32853,33,141701
14991,0.000312,172.31.33.0-255,66,32919,33,141701
14992,0.000331,172.217.194.0-255,2902,35821,33,141701
14993,0.000334,172.31.33.0-255,66,35887,33,141701
14994,0.000342,172.217.194.0-255,5738,41625,33,141701
14995,0.000345,172.31.33.0-255,66,41691,33,141701
14996,0.000378,172.31.33.0-255,66,41757,33,141701
14997,0.000382,172.217.194.0-255,1484,43241,33,141701
14998,0.000384,172.31.33.0-255,66,43307,33,141701
14999,0.000404,172.217.194.0-255,7156,50463,33,141701
15000,0.000406,172.31.33.0-255,66,50529,33,141701
15001,0.000426,172.217.194.0-255,7085,57614,33,141701
15002,0.000429,172.31.33.0-255,66,57680,33,141701
15003,0.000495,172.217.194.0-255,368,58048,33,141701
15004,0.000531,172.217.194.0-255,1484,59532,33,141701
15005,0.000535,172.31.33.0-255,66,59598,33,141701
15006,0.000542,172.217.194.0-255,4320,63918,33,141701
15007,0.000545,172.31.33.0-255,66,63984,33,141701
15008,0.00057,172.217.194.0-255,2902,66886,33,141701
15009,0.000572,172.31.33.0-255,66,66952,33,141701
15010,0.000594,172.217.194.0-255,4320,71272,33,141701
15011,0.000597,172.31.33.0-255,66,71338,33,141701
15012,0.000618,172.217.194.0-255,3411,74749,33,141701
15013,0.000621,172.31.33.0-255,66,74815,33,141701
15014,0.001018,172.217.194.0-255,1484,76299,33,141701
15015,0.001023,172.217.194.0-255,1484,77783,33,141701
15016,0.001027,172.31.33.0-255,66,77849,33,141701
15017,0.001048,172.217.194.0-255,1484,79333,33,141701
15018,0.001055,172.217.194.0-255,5738,85071,33,141701
15019,0.001058,172.31.33.0-255,66,85137,33,141701
15020,0.001064,172.217.194.0-255,4320,89457,33,141701
15021,0.001066,172.31.33.0-255,66,89523,33,141701
15022,0.001099,172.31.33.0-255,66,89589,33,141701
15023,0.001159,172.31.33.0-255,66,89655,33,141701
15024,0.001807,172.217.194.0-255,1484,91139,33,141701
15025,0.001815,172.217.194.0-255,2902,94041,33,141701
15026,0.00182,172.31.33.0-255,66,94107,33,141701
15027,0.001827,172.217.194.0-255,5738,99845,33,141701
15028,0.001829,172.31.33.0-255,66,99911,33,141701
15029,0.001858,172.31.33.0-255,66,99977,33,141701
15030,0.001873,172.217.194.0-255,4320,104297,33,141701
15031,0.001876,172.31.33.0-255,66,104363,33,141701
15032,0.001896,172.217.194.0-255,6438,110801,33,141701
15033,0.001898,172.31.33.0-255,66,110867,33,141701
15034,0.002016,172.217.194.0-255,1484,112351,33,141701
15035,0.002022,172.217.194.0-255,2902,115253,33,141701
15036,0.002027,172.31.33.0-255,66,115319,33,141701
15037,0.002032,172.217.194.0-255,2902,118221,33,141701
15038,0.002034,172.31.33.0-255,66,118287,33,141701
15039,0.002048,172.217.194.0-255,2902,121189,33,141701
15040,0.002051,172.31.33.0-255,66,121255,33,141701
15041,0.002055,172.217.194.0-255,2902,124157,33,141701
15042,0.002057,172.31.33.0-255,66,124223,33,141701
15043,0.002096,172.31.33.0-255,66,124289,33,141701
15044,0.004136,172.217.194.0-255,5738,130027,33,141701
15045,0.004143,172.31.33.0-255,66,130093,33,141701
15046,0.006195,172.217.194.0-255,5738,135831,33,141701
15047,0.006202,172.31.33.0-255,66,135897,33,141701
15048,0.008254,172.217.194.0-255,5738,141635,33,141701
15049,0.008259,172.31.33.0-255,66,141701,33,141701
15050,0.0,172.31.33.0-255,105,105,33,459
15051,0.00021,172.31.33.0-255,90,195,33,459
15052,0.00022,172.31.33.0-255,66,261,33,459
15053,0.001857,172.217.160.0-255,66,327,33,459
15054,0.001883,172.217.160.0-255,66,393,33,459
15055,0.001902,172.31.33.0-255,66,459,33,459
15056,0.0,74.125.68.0-255,153,153,33,232190
15057,2.8e-05,172.31.33.0-255,66,219,33,232190
15058,3.4e-05,74.125.68.0-255,1484,1703,33,232190
15059,3.7e-05,172.31.33.0-255,66,1769,33,232190
15060,4.1e-05,74.125.68.0-255,2902,4671,33,232190
15061,5.1e-05,172.31.33.0-255,66,4737,33,232190
15062,8.7e-05,74.125.68.0-255,2902,7639,33,232190
15063,8.9e-05,172.31.33.0-255,66,7705,33,232190
15064,0.000107,74.125.68.0-255,4320,12025,33,232190
15065,0.00011,172.31.33.0-255,66,12091,33,232190
15066,0.000132,74.125.68.0-255,1992,14083,33,232190
15067,0.000134,172.31.33.0-255,66,14149,33,232190
15068,0.000159,74.125.68.0-255,2902,17051,33,232190
15069,0.000161,172.31.33.0-255,66,17117,33,232190
15070,0.000191,74.125.68.0-255,7156,24273,33,232190
15071,0.000194,172.31.33.0-255,66,24339,33,232190
15072,0.000261,74.125.68.0-255,4320,28659,33,232190
15073,0.000264,172.31.33.0-255,66,28725,33,232190
15074,0.000289,74.125.68.0-255,2543,31268,33,232190
15075,0.000292,172.31.33.0-255,66,31334,33,232190
15076,0.000312,74.125.68.0-255,1484,32818,33,232190
15077,0.000315,172.31.33.0-255,66,32884,33,232190
15078,0.000318,74.125.68.0-255,1484,34368,33,232190
15079,0.000319,172.31.33.0-255,66,34434,33,232190
15080,0.000341,74.125.68.0-255,2902,37336,33,232190
15081,0.000343,172.31.33.0-255,66,37402,33,232190
15082,0.000353,74.125.68.0-255,5738,43140,33,232190
15083,0.000355,172.31.33.0-255,66,43206,33,232190
15084,0.00038,74.125.68.0-255,1484,44690,33,232190
15085,0.000387,172.31.33.0-255,66,44756,33,232190
15086,0.000403,74.125.68.0-255,2902,47658,33,232190
15087,0.000406,172.31.33.0-255,66,47724,33,232190
15088,0.000408,74.125.68.0-255,1125,48849,33,232190
15089,0.000572,172.31.33.0-255,66,48915,33,232190
15090,0.000603,74.125.68.0-255,1484,50399,33,232190
15091,0.000608,74.125.68.0-255,2902,53301,33,232190
15092,0.000627,74.125.68.0-255,1484,54785,33,232190
15093,0.000628,172.31.33.0-255,66,54851,33,232190
15094,0.000652,74.125.68.0-255,4320,59171,33,232190
15095,0.000659,74.125.68.0-255,6797,65968,33,232190
15096,0.000661,74.125.68.0-255,646,66614,33,232190
15097,0.000668,172.31.33.0-255,66,66680,33,232190
15098,0.000909,74.125.68.0-255,1484,68164,33,232190
15099,0.000917,74.125.68.0-255,2902,71066,33,232190
15100,0.00092,172.31.33.0-255,66,71132,33,232190
15101,0.000924,74.125.68.0-255,1484,72616,33,232190
15102,0.000951,74.125.68.0-255,2902,75518,33,232190
15103,0.000957,74.125.68.0-255,5738,81256,33,232190
15104,0.000991,74.125.68.0-255,1484,82740,33,232190
15105,0.001029,74.125.68.0-255,1484,84224,33,232190
15106,0.001088,74.125.68.0-255,1484,85708,33,232190
15107,0.001099,74.125.68.0-255,2902,88610,33,232190
15108,0.001117,74.125.68.0-255,5738,94348,33,232190
15109,0.00114,74.125.68.0-255,1484,95832,33,232190
15110,0.001154,74.125.68.0-255,2902,98734,33,232190
15111,0.001175,74.125.68.0-255,5738,104472,33,232190
15112,0.001178,74.125.68.0-255,1484,105956,33,232190
15113,0.001245,74.125.68.0-255,4320,110276,33,232190
15114,0.001255,74.125.68.0-255,1484,111760,33,232190
15115,0.001258,74.125.68.0-255,1484,113244,33,232190
15116,0.001281,74.125.68.0-255,5020,118264,33,232190
15117,0.001348,74.125.68.0-255,1484,119748,33,232190
15118,0.001359,74.125.68.0-255,1484,121232,33,232190
15119,0.001372,74.125.68.0-255,1484,122716,33,232190
15120,0.001386,74.125.68.0-255,5738,128454,33,232190
15121,0.001401,74.125.68.0-255,2902,131356,33,232190
15122,0.001416,74.125.68.0-255,2902,134258,33,232190
15123,0.001428,74.125.68.0-255,1484,135742,33,232190
15124,0.001441,74.125.68.0-255,5738,141480,33,232190
15125,0.001451,74.125.68.0-255,2902,144382,33,232190
15126,0.001491,74.125.68.0-255,2902,147284,33,232190
15127,0.001509,74.125.68.0-255,5020,152304,33,232190
15128,0.001559,74.125.68.0-255,1484,153788,33,232190
15129,0.001568,74.125.68.0-255,1484,155272,33,232190
15130,0.001581,74.125.68.0-255,1484,156756,33,232190
15131,0.001583,74.125.68.0-255,1484,158240,33,232190
15132,0.001594,74.125.68.0-255,2902,161142,33,232190
15133,0.001607,74.125.68.0-255,1484,162626,33,232190
15134,0.001622,74.125.68.0-255,4320,166946,33,232190
15135,0.001638,74.125.68.0-255,2902,169848,33,232190
15136,0.001647,74.125.68.0-255,2902,172750,33,232190
15137,0.00166,74.125.68.0-255,1484,174234,33,232190
15138,0.001679,74.125.68.0-255,5738,179972,33,232190
15139,0.001699,74.125.68.0-255,4320,184292,33,232190
15140,0.001711,74.125.68.0-255,2184,186476,33,232190
15141,0.002195,74.125.68.0-255,1484,187960,33,232190
15142,0.00221,74.125.68.0-255,2902,190862,33,232190
15143,0.002228,74.125.68.0-255,2902,193764,33,232190
15144,0.00224,74.125.68.0-255,2902,196666,33,232190
15145,0.002242,74.125.68.0-255,1484,198150,33,232190
15146,0.002263,74.125.68.0-255,5738,203888,33,232190
15147,0.002266,74.125.68.0-255,1484,205372,33,232190
15148,0.002286,74.125.68.0-255,7156,212528,33,232190
15149,0.002299,74.125.68.0-255,1484,214012,33,232190
15150,0.002311,74.125.68.0-255,4320,218332,33,232190
15151,0.002321,74.125.68.0-255,2184,220516,33,232190
15152,0.004418,172.31.33.0-255,66,220582,33,232190
15153,0.006781,74.125.68.0-255,5738,226320,33,232190
15154,0.006787,172.31.33.0-255,66,226386,33,232190
15155,0.009118,74.125.68.0-255,5738,232124,33,232190
15156,0.009125,172.31.33.0-255,66,232190,33,232190
15157,0.0,74.125.24.0-255,216,216,33,86564
15158,2.2e-05,172.31.33.0-255,66,282,33,86564
15159,2.9e-05,74.125.24.0-255,1484,1766,33,86564
15160,3.4e-05,172.31.33.0-255,66,1832,33,86564
15161,4.6e-05,74.125.24.0-255,4320,6152,33,86564
15162,4.9e-05,172.31.33.0-255,66,6218,33,86564
15163,5.2e-05,74.125.24.0-255,1484,7702,33,86564
15164,5.4e-05,172.31.33.0-255,66,7768,33,86564
15165,8.2e-05,74.125.24.0-255,6090,13858,33,86564
15166,8.8e-05,172.31.33.0-255,66,13924,33,86564
15167,0.000123,74.125.24.0-255,7156,21080,33,86564
15168,0.000125,172.31.33.0-255,66,21146,33,86564
15169,0.000163,172.31.33.0-255,66,21212,33,86564
15170,0.000268,74.125.24.0-255,1484,22696,33,86564
15171,0.000271,172.31.33.0-255,66,22762,33,86564
15172,0.000275,74.125.24.0-255,1484,24246,33,86564
15173,0.000277,172.31.33.0-255,66,24312,33,86564
15174,0.000301,74.125.24.0-255,1484,25796,33,86564
15175,0.000303,172.31.33.0-255,66,25862,33,86564
15176,0.000313,74.125.24.0-255,5738,31600,33,86564
15177,0.000315,172.31.33.0-255,66,31666,33,86564
15178,0.000319,74.125.24.0-255,2902,34568,33,86564
15179,0.000321,172.31.33.0-255,66,34634,33,86564
15180,0.000355,172.31.33.0-255,66,34700,33,86564
15181,0.000365,172.31.33.0-255,66,34766,33,86564
15182,0.000368,74.125.24.0-255,360,35126,33,86564
15183,0.00037,172.31.33.0-255,66,35192,33,86564
15184,0.000432,74.125.24.0-255,131,35323,33,86564
15185,0.000435,172.31.33.0-255,66,35389,33,86564
15186,0.000467,74.125.24.0-255,349,35738,33,86564
15187,0.000807,74.125.24.0-255,1484,37222,33,86564
15188,0.000812,172.31.33.0-255,66,37288,33,86564
15189,0.000817,74.125.24.0-255,2902,40190,33,86564
15190,0.000819,172.31.33.0-255,66,40256,33,86564
15191,0.000847,74.125.24.0-255,5738,45994,33,86564
15192,0.000849,172.31.33.0-255,66,46060,33,86564
15193,0.000855,74.125.24.0-255,5738,51798,33,86564
15194,0.000856,172.31.33.0-255,66,51864,33,86564
15195,0.000869,74.125.24.0-255,1484,53348,33,86564
15196,0.000905,172.31.33.0-255,66,53414,33,86564
15197,0.000911,74.125.24.0-255,5020,58434,33,86564
15198,0.000912,172.31.33.0-255,66,58500,33,86564
15199,0.001954,74.125.24.0-255,1484,59984,33,86564
15200,0.001965,74.125.24.0-255,2902,62886,33,86564
15201,0.001969,172.31.33.0-255,66,62952,33,86564
15202,0.001977,74.125.24.0-255,5738,68690,33,86564
15203,0.001978,172.31.33.0-255,66,68756,33,86564
15204,0.002014,172.31.33.0-255,66,68822,33,86564
15205,0.002028,172.31.33.0-255,66,68888,33,86564
15206,0.004047,74.125.24.0-255,5738,74626,33,86564
15207,0.004052,172.31.33.0-255,66,74692,33,86564
15208,0.006063,74.125.24.0-255,2902,77594,33,86564
15209,0.006066,172.31.33.0-255,66,77660,33,86564
15210,0.006093,74.125.24.0-255,2902,80562,33,86564
15211,0.006095,172.31.33.0-255,66,80628,33,86564
15212,0.008083,74.125.24.0-255,2902,83530,33,86564
15213,0.008089,172.31.33.0-255,66,83596,33,86564
15214,0.008118,74.125.24.0-255,2902,86498,33,86564
15215,0.00812,172.31.33.0-255,66,86564,33,86564
15216,0.0,74.125.68.0-255,152,152,33,221843
15217,2.1e-05,172.31.33.0-255,66,218,33,221843
15218,2.8e-05,74.125.68.0-255,1484,1702,33,221843
15219,3.2e-05,172.31.33.0-255,66,1768,33,221843
15220,3.8e-05,74.125.68.0-255,2902,4670,33,221843
15221,5e-05,172.31.33.0-255,66,4736,33,221843
15222,5.7e-05,74.125.68.0-255,7156,11892,33,221843
15223,6.1e-05,172.31.33.0-255,66,11958,33,221843
15224,6.5e-05,74.125.68.0-255,1992,13950,33,221843
15225,6.9e-05,172.31.33.0-255,66,14016,33,221843
15226,7.3e-05,74.125.68.0-255,2902,16918,33,221843
15227,7.6e-05,172.31.33.0-255,66,16984,33,221843
15228,0.000113,74.125.68.0-255,7156,24140,33,221843
15229,0.000116,172.31.33.0-255,66,24206,33,221843
15230,0.000122,74.125.68.0-255,4320,28526,33,221843
15231,0.000124,172.31.33.0-255,66,28592,33,221843
15232,0.000149,74.125.68.0-255,2543,31135,33,221843
15233,0.000156,172.31.33.0-255,66,31201,33,221843
15234,0.000241,74.125.68.0-255,1484,32685,33,221843
15235,0.000244,172.31.33.0-255,66,32751,33,221843
15236,0.00028,74.125.68.0-255,2902,35653,33,221843
15237,0.000284,172.31.33.0-255,66,35719,33,221843
15238,0.000289,74.125.68.0-255,4320,40039,33,221843
15239,0.000292,172.31.33.0-255,66,40105,33,221843
15240,0.000338,172.31.33.0-255,66,40171,33,221843
15241,0.000375,74.125.68.0-255,1484,41655,33,221843
15242,0.000377,172.31.33.0-255,66,41721,33,221843
15243,0.000381,74.125.68.0-255,2902,44623,33,221843
15244,0.000383,172.31.33.0-255,66,44689,33,221843
15245,0.00041,74.125.68.0-255,5738,50427,33,221843
15246,0.000413,172.31.33.0-255,66,50493,33,221843
15247,0.000417,74.125.68.0-255,4320,54813,33,221843
15248,0.00042,172.31.33.0-255,66,54879,33,221843
15249,0.000468,74.125.68.0-255,2543,57422,33,221843
15250,0.00047,172.31.33.0-255,66,57488,33,221843
15251,0.000502,74.125.68.0-255,646,58134,33,221843
15252,0.001059,74.125.68.0-255,1484,59618,33,221843
15253,0.001064,172.31.33.0-255,66,59684,33,221843
15254,0.001067,74.125.68.0-255,1484,61168,33,221843
15255,0.00109,74.125.68.0-255,1484,62652,33,221843
15256,0.001093,172.31.33.0-255,66,62718,33,221843
15257,0.001097,74.125.68.0-255,2902,65620,33,221843
15258,0.001099,172.31.33.0-255,66,65686,33,221843
15259,0.00111,74.125.68.0-255,5738,71424,33,221843
15260,0.001112,172.31.33.0-255,66,71490,33,221843
15261,0.001133,74.125.68.0-255,1484,72974,33,221843
15262,0.00114,74.125.68.0-255,7156,80130,33,221843
15263,0.001143,172.31.33.0-255,66,80196,33,221843
15264,0.001164,74.125.68.0-255,5738,85934,33,221843
15265,0.001171,172.31.33.0-255,66,86000,33,221843
15266,0.001214,74.125.68.0-255,6438,92438,33,221843
15267,0.001218,172.31.33.0-255,66,92504,33,221843
15268,0.001223,74.125.68.0-255,4320,96824,33,221843
15269,0.001225,172.31.33.0-255,66,96890,33,221843
15270,0.00125,74.125.68.0-255,2902,99792,33,221843
15271,0.001253,172.31.33.0-255,66,99858,33,221843
15272,0.001257,74.125.68.0-255,2902,102760,33,221843
15273,0.001261,172.31.33.0-255,66,102826,33,221843
15274,0.001284,74.125.68.0-255,1484,104310,33,221843
15275,0.001285,172.31.33.0-255,66,104376,33,221843
15276,0.001313,74.125.68.0-255,7156,111532,33,221843
15277,0.001317,172.31.33.0-255,66,111598,33,221843
15278,0.001326,74.125.68.0-255,4320,115918,33,221843
15279,0.001329,172.31.33.0-255,66,115984,33,221843
15280,0.001356,74.125.68.0-255,5020,121004,33,221843
15281,0.001359,172.31.33.0-255,66,121070,33,221843
15282,0.001364,74.125.68.0-255,4320,125390,33,221843
15283,0.001366,172.31.33.0-255,66,125456,33,221843
15284,0.001408,172.31.33.0-255,66,125522,33,221843
15285,0.001414,74.125.68.0-255,7156,132678,33,221843
15286,0.001416,172.31.33.0-255,66,132744,33,221843
15287,0.001424,74.125.68.0-255,217,132961,33,221843
15288,0.001557,74.125.68.0-255,1484,134445,33,221843
15289,0.001561,172.31.33.0-255,66,134511,33,221843
15290,0.001566,74.125.68.0-255,2902,137413,33,221843
15291,0.001568,172.31.33.0-255,66,137479,33,221843
15292,0.001586,74.125.68.0-255,5738,143217,33,221843
15293,0.001589,172.31.33.0-255,66,143283,33,221843
15294,0.001597,74.125.68.0-255,2902,146185,33,221843
15295,0.001599,172.31.33.0-255,66,146251,33,221843
15296,0.001604,74.125.68.0-255,4320,150571,33,221843
15297,0.001606,172.31.33.0-255,66,150637,33,221843
15298,0.001634,74.125.68.0-255,5738,156375,33,221843
15299,0.001637,172.31.33.0-255,66,156441,33,221843
15300,0.001658,74.125.68.0-255,2902,159343,33,221843
15301,0.001662,172.31.33.0-255,66,159409,33,221843
15302,0.001668,74.125.68.0-255,7156,166565,33,221843
15303,0.00167,172.31.33.0-255,66,166631,33,221843
15304,0.001715,172.31.33.0-255,66,166697,33,221843
15305,0.001749,74.125.68.0-255,2902,169599,33,221843
15306,0.001753,172.31.33.0-255,66,169665,33,221843
15307,0.00178,172.31.33.0-255,66,169731,33,221843
15308,0.001796,74.125.68.0-255,2902,172633,33,221843
15309,0.001798,172.31.33.0-255,66,172699,33,221843
15310,0.001832,172.31.33.0-255,66,172765,33,221843
15311,0.001844,172.31.33.0-255,66,172831,33,221843
15312,0.001857,74.125.68.0-255,4320,177151,33,221843
15313,0.00186,172.31.33.0-255,66,177217,33,221843
15314,0.001887,74.125.68.0-255,7156,184373,33,221843
15315,0.001895,172.31.33.0-255,66,184439,33,221843
15316,0.001918,74.125.68.0-255,5738,190177,33,221843
15317,0.001921,172.31.33.0-255,66,190243,33,221843
15318,0.001945,74.125.68.0-255,2184,192427,33,221843
15319,0.001948,172.31.33.0-255,66,192493,33,221843
15320,0.001972,74.125.68.0-255,1484,193977,33,221843
15321,0.001975,74.125.68.0-255,1484,195461,33,221843
15322,0.001978,172.31.33.0-255,66,195527,33,221843
15323,0.002,74.125.68.0-255,1484,197011,33,221843
15324,0.002005,74.125.68.0-255,2902,199913,33,221843
15325,0.002007,172.31.33.0-255,66,199979,33,221843
15326,0.003961,74.125.68.0-255,1484,201463,33,221843
15327,0.003982,74.125.68.0-255,4320,205783,33,221843
15328,0.003986,172.31.33.0-255,66,205849,33,221843
15329,0.005977,74.125.68.0-255,4320,210169,33,221843
15330,0.00598,172.31.33.0-255,66,210235,33,221843
15331,0.005994,74.125.68.0-255,1484,211719,33,221843
15332,0.007963,74.125.68.0-255,4320,216039,33,221843
15333,0.007969,172.31.33.0-255,66,216105,33,221843
15334,0.009983,74.125.68.0-255,5738,221843,33,221843
15335,0.0,172.31.33.0-255,105,105,33,459
15336,0.00018,172.31.33.0-255,90,195,33,459
15337,0.000188,172.31.33.0-255,66,261,33,459
15338,0.001841,172.217.160.0-255,66,327,33,459
15339,0.001851,172.217.160.0-255,66,393,33,459
15340,0.001857,172.31.33.0-255,66,459,33,459
15341,0.0,172.31.33.0-255,105,105,33,459
15342,0.00018,172.31.33.0-255,90,195,33,459
15343,0.000189,172.31.33.0-255,66,261,33,459
15344,0.001817,172.217.160.0-255,66,327,33,459
15345,0.001832,172.217.160.0-255,66,393,33,459
15346,0.001843,172.31.33.0-255,66,459,33,459
15347,0.0,74.125.24.0-255,153,153,33,110682
15348,2.7e-05,172.31.33.0-255,66,219,33,110682
15349,3.3e-05,74.125.24.0-255,1484,1703,33,110682
15350,3.8e-05,172.31.33.0-255,66,1769,33,110682
15351,4.2e-05,74.125.24.0-255,2902,4671,33,110682
15352,5.2e-05,172.31.33.0-255,66,4737,33,110682
15353,6e-05,74.125.24.0-255,7156,11893,33,110682
15354,6.2e-05,172.31.33.0-255,66,11959,33,110682
15355,0.000122,74.125.24.0-255,1985,13944,33,110682
15356,0.000128,172.31.33.0-255,66,14010,33,110682
15357,0.00024,74.125.24.0-255,1484,15494,33,110682
15358,0.000246,172.31.33.0-255,66,15560,33,110682
15359,0.000251,74.125.24.0-255,2902,18462,33,110682
15360,0.000255,172.31.33.0-255,66,18528,33,110682
15361,0.000258,74.125.24.0-255,2902,21430,33,110682
15362,0.000267,172.31.33.0-255,66,21496,33,110682
15363,0.000295,74.125.24.0-255,2902,24398,33,110682
15364,0.0003,172.31.33.0-255,66,24464,33,110682
15365,0.000315,74.125.24.0-255,6797,31261,33,110682
15366,0.000318,172.31.33.0-255,66,31327,33,110682
15367,0.000326,74.125.24.0-255,7156,38483,33,110682
15368,0.000329,172.31.33.0-255,66,38549,33,110682
15369,0.000333,74.125.24.0-255,2902,41451,33,110682
15370,0.000336,172.31.33.0-255,66,41517,33,110682
15371,0.000374,74.125.24.0-255,6797,48314,33,110682
15372,0.000379,172.31.33.0-255,66,48380,33,110682
15373,0.001297,74.125.24.0-255,1484,49864,33,110682
15374,0.001303,172.31.33.0-255,66,49930,33,110682
15375,0.001325,74.125.24.0-255,2902,52832,33,110682
15376,0.001328,172.31.33.0-255,66,52898,33,110682
15377,0.001333,74.125.24.0-255,5738,58636,33,110682
15378,0.001335,172.31.33.0-255,66,58702,33,110682
15379,0.001374,172.31.33.0-255,66,58768,33,110682
15380,0.001425,74.125.24.0-255,1484,60252,33,110682
15381,0.001428,172.31.33.0-255,66,60318,33,110682
15382,0.001432,74.125.24.0-255,2902,63220,33,110682
15383,0.001434,172.31.33.0-255,66,63286,33,110682
15384,0.001465,74.125.24.0-255,1484,64770,33,110682
15385,0.001468,172.31.33.0-255,66,64836,33,110682
15386,0.001473,74.125.24.0-255,2902,67738,33,110682
15387,0.001474,172.31.33.0-255,66,67804,33,110682
15388,0.001504,74.125.24.0-255,5738,73542,33,110682
15389,0.001507,172.31.33.0-255,66,73608,33,110682
15390,0.001533,74.125.24.0-255,6797,80405,33,110682
15391,0.001536,172.31.33.0-255,66,80471,33,110682
15392,0.001542,74.125.24.0-255,5738,86209,33,110682
15393,0.001543,172.31.33.0-255,66,86275,33,110682
15394,0.001565,74.125.24.0-255,1484,87759,33,110682
15395,0.001572,172.31.33.0-255,66,87825,33,110682
15396,0.001578,74.125.24.0-255,5379,93204,33,110682
15397,0.00158,172.31.33.0-255,66,93270,33,110682
15398,0.003891,74.125.24.0-255,5738,99008,33,110682
15399,0.003895,172.31.33.0-255,66,99074,33,110682
15400,0.006204,74.125.24.0-255,5738,104812,33,110682
15401,0.00621,172.31.33.0-255,66,104878,33,110682
15402,0.008525,74.125.24.0-255,5738,110616,33,110682
15403,0.008533,172.31.33.0-255,66,110682,33,110682
15404,0.0,74.125.24.0-255,297,297,33,186763
15405,1.4e-05,172.31.33.0-255,66,363,33,186763
15406,2e-05,74.125.24.0-255,1484,1847,33,186763
15407,2.5e-05,172.31.33.0-255,66,1913,33,186763
15408,3.8e-05,74.125.24.0-255,4320,6233,33,186763
15409,4.1e-05,172.31.33.0-255,66,6299,33,186763
15410,5.7e-05,74.125.24.0-255,1484,7783,33,186763
15411,6e-05,172.31.33.0-255,66,7849,33,186763
15412,9.4e-05,74.125.24.0-255,6049,13898,33,186763
15413,9.7e-05,172.31.33.0-255,66,13964,33,186763
15414,0.000108,172.31.33.0-255,66,14030,33,186763
15415,0.000122,172.31.33.0-255,66,14096,33,186763
15416,0.000185,74.125.24.0-255,1484,15580,33,186763
15417,0.00019,172.31.33.0-255,66,15646,33,186763
15418,0.000199,74.125.24.0-255,2902,18548,33,186763
15419,0.000201,172.31.33.0-255,66,18614,33,186763
15420,0.000231,74.125.24.0-255,2902,21516,33,186763
15421,0.000234,172.31.33.0-255,66,21582,33,186763
15422,0.000241,74.125.24.0-255,7156,28738,33,186763
15423,0.000243,172.31.33.0-255,66,28804,33,186763
15424,0.000264,74.125.24.0-255,7156,35960,33,186763
15425,0.000266,172.31.33.0-255,66,36026,33,186763
15426,0.000301,172.31.33.0-255,66,36092,33,186763
15427,0.000304,74.125.24.0-255,1484,37576,33,186763
15428,0.000306,172.31.33.0-255,66,37642,33,186763
15429,0.000324,74.125.24.0-255,1458,39100,33,186763
15430,0.000329,172.31.33.0-255,66,39166,33,186763
15431,0.000332,74.125.24.0-255,375,39541,33,186763
15432,0.000334,172.31.33.0-255,66,39607,33,186763
15433,0.000596,74.125.24.0-255,1484,41091,33,186763
15434,0.0006,74.125.24.0-255,1484,42575,33,186763
15435,0.000605,172.31.33.0-255,66,42641,33,186763
15436,0.000609,172.31.33.0-255,66,42707,33,186763
15437,0.000624,74.125.24.0-255,1484,44191,33,186763
15438,0.000628,172.31.33.0-255,66,44257,33,186763
15439,0.000634,74.125.24.0-255,5738,49995,33,186763
15440,0.000638,172.31.33.0-255,66,50061,33,186763
15441,0.000641,74.125.24.0-255,1484,51545,33,186763
15442,0.000654,172.31.33.0-255,66,51611,33,186763
15443,0.000677,74.125.24.0-255,2902,54513,33,186763
15444,0.00068,172.31.33.0-255,66,54579,33,186763
15445,0.000728,172.31.33.0-255,66,54645,33,186763
15446,0.001179,74.125.24.0-255,1484,56129,33,186763
15447,0.001185,74.125.24.0-255,2902,59031,33,186763
15448,0.001188,172.31.33.0-255,66,59097,33,186763
15449,0.001193,74.125.24.0-255,1484,60581,33,186763
15450,0.001219,74.125.24.0-255,4320,64901,33,186763
15451,0.001222,172.31.33.0-255,66,64967,33,186763
15452,0.001235,172.31.33.0-255,66,65033,33,186763
15453,0.001295,172.31.33.0-255,66,65099,33,186763
15454,0.0013,74.125.24.0-255,2184,67283,33,186763
15455,0.001302,172.31.33.0-255,66,67349,33,186763
15456,0.001641,74.125.24.0-255,1484,68833,33,186763
15457,0.001647,74.125.24.0-255,2902,71735,33,186763
15458,0.00165,172.31.33.0-255,66,71801,33,186763
15459,0.001655,74.125.24.0-255,2902,74703,33,186763
15460,0.001658,172.31.33.0-255,66,74769,33,186763
15461,0.001689,74.125.24.0-255,2902,77671,33,186763
15462,0.001692,172.31.33.0-255,66,77737,33,186763
15463,0.001705,172.31.33.0-255,66,77803,33,186763
15464,0.001729,74.125.24.0-255,1484,79287,33,186763
15465,0.001732,74.125.24.0-255,1484,80771,33,186763
15466,0.001735,172.31.33.0-255,66,80837,33,186763
15467,0.001751,74.125.24.0-255,5738,86575,33,186763
15468,0.001753,172.31.33.0-255,66,86641,33,186763
15469,0.001784,74.125.24.0-255,3602,90243,33,186763
15470,0.001786,172.31.33.0-255,66,90309,33,186763
15471,0.002091,74.125.24.0-255,1484,91793,33,186763
15472,0.002097,74.125.24.0-255,2902,94695,33,186763
15473,0.0021,172.31.33.0-255,66,94761,33,186763
15474,0.002104,74.125.24.0-255,1484,96245,33,186763
15475,0.002138,74.125.24.0-255,4320,100565,33,186763
15476,0.00214,172.31.33.0-255,66,100631,33,186763
15477,0.002155,172.31.33.0-255,66,100697,33,186763
15478,0.002163,74.125.24.0-255,7156,107853,33,186763
15479,0.002166,172.31.33.0-255,66,107919,33,186763
15480,0.002196,74.125.24.0-255,5738,113657,33,186763
15481,0.002198,172.31.33.0-255,66,113723,33,186763
15482,0.002201,74.125.24.0-255,766,114489,33,186763
15483,0.002257,74.125.24.0-255,1484,115973,33,186763
15484,0.002261,172.31.33.0-255,66,116039,33,186763
15485,0.00229,74.125.24.0-255,2902,118941,33,186763
15486,0.002293,172.31.33.0-255,66,119007,33,186763
15487,0.002297,74.125.24.0-255,1484,120491,33,186763
15488,0.002322,74.125.24.0-255,4320,124811,33,186763
15489,0.002325,172.31.33.0-255,66,124877,33,186763
15490,0.002328,74.125.24.0-255,1484,126361,33,186763
15491,0.002339,172.31.33.0-255,66,126427,33,186763
15492,0.002375,172.31.33.0-255,66,126493,33,186763
15493,0.002385,74.125.24.0-255,1484,127977,33,186763
15494,0.002391,74.125.24.0-255,1484,129461,33,186763
15495,0.002393,172.31.33.0-255,66,129527,33,186763
15496,0.002398,74.125.24.0-255,2184,131711,33,186763
15497,0.0024,172.31.33.0-255,66,131777,33,186763
15498,0.002456,74.125.24.0-255,1484,133261,33,186763
15499,0.002476,74.125.24.0-255,2902,136163,33,186763
15500,0.002478,172.31.33.0-255,66,136229,33,186763
15501,0.002484,74.125.24.0-255,4320,140549,33,186763
15502,0.002486,172.31.33.0-255,66,140615,33,186763
15503,0.002508,74.125.24.0-255,1484,142099,33,186763
15504,0.002542,172.31.33.0-255,66,142165,33,186763
15505,0.00257,74.125.24.0-255,1484,143649,33,186763
15506,0.002584,172.31.33.0-255,66,143715,33,186763
15507,0.002607,74.125.24.0-255,1484,145199,33,186763
15508,0.002611,74.125.24.0-255,2902,148101,33,186763
15509,0.002613,172.31.33.0-255,66,148167,33,186763
15510,0.002621,74.125.24.0-255,5738,153905,33,186763
15511,0.002624,172.31.33.0-255,66,153971,33,186763
15512,0.002647,74.125.24.0-255,1484,155455,33,186763
15513,0.002681,172.31.33.0-255,66,155521,33,186763
15514,0.002693,172.31.33.0-255,66,155587,33,186763
15515,0.002782,172.31.33.0-255,66,155653,33,186763
15516,0.002856,172.31.33.0-255,66,155719,33,186763
15517,0.00317,74.125.24.0-255,1484,157203,33,186763
15518,0.003197,74.125.24.0-255,2902,160105,33,186763
15519,0.003201,172.31.33.0-255,66,160171,33,186763
15520,0.003207,74.125.24.0-255,5738,165909,33,186763
15521,0.00321,172.31.33.0-255,66,165975,33,186763
15522,0.003254,172.31.33.0-255,66,166041,33,186763
15523,0.003284,74.125.24.0-255,4320,170361,33,186763
15524,0.003288,172.31.33.0-255,66,170427,33,186763
15525,0.003294,74.125.24.0-255,4320,174747,33,186763
15526,0.003296,172.31.33.0-255,66,174813,33,186763
15527,0.00334,172.31.33.0-255,66,174879,33,186763
15528,0.003347,74.125.24.0-255,7156,182035,33,186763
15529,0.003349,172.31.33.0-255,66,182101,33,186763
15530,0.003354,74.125.24.0-255,4320,186421,33,186763
15531,0.003492,74.125.24.0-255,105,186526,33,186763
15532,0.004486,172.31.33.0-255,66,186592,33,186763
15533,0.006318,172.31.33.0-255,105,186697,33,186763
15534,0.008537,74.125.24.0-255,66,186763,33,186763
15535,0.0,74.125.24.0-255,153,153,33,233680
15536,2.8e-05,172.31.33.0-255,66,219,33,233680
15537,3.5e-05,74.125.24.0-255,1484,1703,33,233680
15538,3.9e-05,172.31.33.0-255,66,1769,33,233680
15539,4.2e-05,74.125.24.0-255,1484,3253,33,233680
15540,4.4e-05,172.31.33.0-255,66,3319,33,233680
15541,5e-05,74.125.24.0-255,4320,7639,33,233680
15542,5.2e-05,172.31.33.0-255,66,7705,33,233680
15543,9.4e-05,74.125.24.0-255,5738,13443,33,233680
15544,9.6e-05,172.31.33.0-255,66,13509,33,233680
15545,0.000124,74.125.24.0-255,4979,18488,33,233680
15546,0.000127,172.31.33.0-255,66,18554,33,233680
15547,0.000138,172.31.33.0-255,66,18620,33,233680
15548,0.000141,74.125.24.0-255,1125,19745,33,233680
15549,0.000142,172.31.33.0-255,66,19811,33,233680
15550,0.00026,74.125.24.0-255,1484,21295,33,233680
15551,0.000264,172.31.33.0-255,66,21361,33,233680
15552,0.00027,74.125.24.0-255,2902,24263,33,233680
15553,0.000271,172.31.33.0-255,66,24329,33,233680
15554,0.000274,74.125.24.0-255,1484,25813,33,233680
15555,0.000277,172.31.33.0-255,66,25879,33,233680
15556,0.000298,74.125.24.0-255,2902,28781,33,233680
15557,0.0003,172.31.33.0-255,66,28847,33,233680
15558,0.000303,74.125.24.0-255,1484,30331,33,233680
15559,0.000305,172.31.33.0-255,66,30397,33,233680
15560,0.000324,74.125.24.0-255,4320,34717,33,233680
15561,0.000326,172.31.33.0-255,66,34783,33,233680
15562,0.000352,172.31.33.0-255,66,34849,33,233680
15563,0.000361,172.31.33.0-255,66,34915,33,233680
15564,0.000375,74.125.24.0-255,1484,36399,33,233680
15565,0.000388,74.125.24.0-255,1469,37868,33,233680
15566,0.00039,172.31.33.0-255,66,37934,33,233680
15567,0.000799,74.125.24.0-255,343,38277,33,233680
15568,0.001108,74.125.24.0-255,1484,39761,33,233680
15569,0.001114,172.31.33.0-255,66,39827,33,233680
15570,0.00112,74.125.24.0-255,2902,42729,33,233680
15571,0.001121,172.31.33.0-255,66,42795,33,233680
15572,0.001124,74.125.24.0-255,1484,44279,33,233680
15573,0.001139,74.125.24.0-255,4320,48599,33,233680
15574,0.001141,172.31.33.0-255,66,48665,33,233680
15575,0.001146,74.125.24.0-255,2902,51567,33,233680
15576,0.001148,172.31.33.0-255,66,51633,33,233680
15577,0.001169,74.125.24.0-255,5738,57371,33,233680
15578,0.001171,172.31.33.0-255,66,57437,33,233680
15579,0.001183,74.125.24.0-255,4320,61757,33,233680
15580,0.001185,172.31.33.0-255,66,61823,33,233680
15581,0.001199,74.125.24.0-255,2902,64725,33,233680
15582,0.0012,172.31.33.0-255,66,64791,33,233680
15583,0.001228,172.31.33.0-255,66,64857,33,233680
15584,0.001605,74.125.24.0-255,1484,66341,33,233680
15585,0.001624,74.125.24.0-255,2902,69243,33,233680
15586,0.001626,172.31.33.0-255,66,69309,33,233680
15587,0.00166,74.125.24.0-255,5738,75047,33,233680
15588,0.001661,172.31.33.0-255,66,75113,33,233680
15589,0.00169,172.31.33.0-255,66,75179,33,233680
15590,0.001704,74.125.24.0-255,4320,79499,33,233680
15591,0.001706,172.31.33.0-255,66,79565,33,233680
15592,0.001726,74.125.24.0-255,7156,86721,33,233680
15593,0.001727,172.31.33.0-255,66,86787,33,233680
15594,0.001749,74.125.24.0-255,1484,88271,33,233680
15595,0.001759,74.125.24.0-255,766,89037,33,233680
15596,0.001762,172.31.33.0-255,66,89103,33,233680
15597,0.001792,74.125.24.0-255,2902,92005,33,233680
15598,0.001794,172.31.33.0-255,66,92071,33,233680
15599,0.001797,74.125.24.0-255,1484,93555,33,233680
15600,0.001824,74.125.24.0-255,5738,99293,33,233680
15601,0.001826,172.31.33.0-255,66,99359,33,233680
15602,0.001828,74.125.24.0-255,1484,100843,33,233680
15603,0.00185,172.31.33.0-255,66,100909,33,233680
15604,0.001861,74.125.24.0-255,2902,103811,33,233680
15605,0.001863,172.31.33.0-255,66,103877,33,233680
15606,0.001865,74.125.24.0-255,1484,105361,33,233680
15607,0.001882,172.31.33.0-255,66,105427,33,233680
15608,0.001901,74.125.24.0-255,766,106193,33,233680
15609,0.002018,74.125.24.0-255,1484,107677,33,233680
15610,0.00202,172.31.33.0-255,66,107743,33,233680
15611,0.002023,74.125.24.0-255,1484,109227,33,233680
15612,0.002036,74.125.24.0-255,1484,110711,33,233680
15613,0.002037,172.31.33.0-255,66,110777,33,233680
15614,0.002042,74.125.24.0-255,4320,115097,33,233680
15615,0.002044,172.31.33.0-255,66,115163,33,233680
15616,0.002056,74.125.24.0-255,1484,116647,33,233680
15617,0.002058,74.125.24.0-255,1484,118131,33,233680
15618,0.00206,172.31.33.0-255,66,118197,33,233680
15619,0.00207,74.125.24.0-255,1484,119681,33,233680
15620,0.002079,74.125.24.0-255,1484,121165,33,233680
15621,0.002081,172.31.33.0-255,66,121231,33,233680
15622,0.002085,74.125.24.0-255,4320,125551,33,233680
15623,0.002087,172.31.33.0-255,66,125617,33,233680
15624,0.002098,74.125.24.0-255,4320,129937,33,233680
15625,0.0021,172.31.33.0-255,66,130003,33,233680
15626,0.00212,74.125.24.0-255,4320,134323,33,233680
15627,0.002122,172.31.33.0-255,66,134389,33,233680
15628,0.002128,74.125.24.0-255,6438,140827,33,233680
15629,0.002129,172.31.33.0-255,66,140893,33,233680
15630,0.002419,74.125.24.0-255,1484,142377,33,233680
15631,0.002423,74.125.24.0-255,2902,145279,33,233680
15632,0.002425,172.31.33.0-255,66,145345,33,233680
15633,0.002434,74.125.24.0-255,1484,146829,33,233680
15634,0.002449,74.125.24.0-255,4320,151149,33,233680
15635,0.002451,172.31.33.0-255,66,151215,33,233680
15636,0.002454,74.125.24.0-255,2902,154117,33,233680
15637,0.002456,172.31.33.0-255,66,154183,33,233680
15638,0.002477,172.31.33.0-255,66,154249,33,233680
15639,0.002479,74.125.24.0-255,1484,155733,33,233680
15640,0.002495,74.125.24.0-255,4320,160053,33,233680
15641,0.002497,172.31.33.0-255,66,160119,33,233680
15642,0.002512,74.125.24.0-255,5020,165139,33,233680
15643,0.002514,172.31.33.0-255,66,165205,33,233680
15644,0.002647,74.125.24.0-255,1484,166689,33,233680
15645,0.002656,74.125.24.0-255,2902,169591,33,233680
15646,0.002658,172.31.33.0-255,66,169657,33,233680
15647,0.002671,74.125.24.0-255,5738,175395,33,233680
15648,0.002673,172.31.33.0-255,66,175461,33,233680
15649,0.002691,74.125.24.0-255,2902,178363,33,233680
15650,0.002694,172.31.33.0-255,66,178429,33,233680
15651,0.002699,74.125.24.0-255,4320,182749,33,233680
15652,0.002701,172.31.33.0-255,66,182815,33,233680
15653,0.00272,74.125.24.0-255,5738,188553,33,233680
15654,0.002722,172.31.33.0-255,66,188619,33,233680
15655,0.002753,172.31.33.0-255,66,188685,33,233680
15656,0.00276,74.125.24.0-255,5738,194423,33,233680
15657,0.002763,172.31.33.0-255,66,194489,33,233680
15658,0.002781,74.125.24.0-255,5738,200227,33,233680
15659,0.002784,172.31.33.0-255,66,200293,33,233680
15660,0.002814,74.125.24.0-255,4320,204613,33,233680
15661,0.002818,172.31.33.0-255,66,204679,33,233680
15662,0.002832,172.31.33.0-255,66,204745,33,233680
15663,0.002923,74.125.24.0-255,1484,206229,33,233680
15664,0.002929,74.125.24.0-255,2902,209131,33,233680
15665,0.002932,172.31.33.0-255,66,209197,33,233680
15666,0.002959,74.125.24.0-255,5738,214935,33,233680
15667,0.002962,172.31.33.0-255,66,215001,33,233680
15668,0.002975,172.31.33.0-255,66,215067,33,233680
15669,0.00298,74.125.24.0-255,5738,220805,33,233680
15670,0.002984,172.31.33.0-255,66,220871,33,233680
15671,0.003008,74.125.24.0-255,5020,225891,33,233680
15672,0.003011,172.31.33.0-255,66,225957,33,233680
15673,0.003055,172.31.33.0-255,66,226023,33,233680
15674,0.003067,172.31.33.0-255,66,226089,33,233680
15675,0.003083,74.125.24.0-255,7156,233245,33,233680
15676,0.003087,172.31.33.0-255,66,233311,33,233680
15677,0.003098,172.31.33.0-255,66,233377,33,233680
15678,0.003109,172.31.33.0-255,66,233443,33,233680
15679,0.00319,172.31.33.0-255,66,233509,33,233680
15680,0.003194,74.125.24.0-255,105,233614,33,233680
15681,0.009987,172.31.33.0-255,66,233680,33,233680
15682,0.0,172.31.33.0-255,105,105,33,1377
15683,4.8e-05,172.31.33.0-255,105,210,33,1377
15684,0.00011,172.31.33.0-255,105,315,33,1377
15685,0.000377,172.31.33.0-255,90,405,33,1377
15686,0.000384,172.31.33.0-255,66,471,33,1377
15687,0.000503,172.31.33.0-255,90,561,33,1377
15688,0.00051,172.31.33.0-255,66,627,33,1377
15689,0.000628,172.31.33.0-255,90,717,33,1377
15690,0.000634,172.31.33.0-255,66,783,33,1377
15691,0.002647,172.217.194.0-255,66,849,33,1377
15692,0.002662,172.217.194.0-255,66,915,33,1377
15693,0.00267,172.31.33.0-255,66,981,33,1377
15694,0.002673,74.125.24.0-255,66,1047,33,1377
15695,0.002677,74.125.24.0-255,66,1113,33,1377
15696,0.002679,172.31.33.0-255,66,1179,33,1377
15697,0.00271,74.125.24.0-255,66,1245,33,1377
15698,0.002728,74.125.24.0-255,66,1311,33,1377
15699,0.00273,172.31.33.0-255,66,1377,33,1377
15700,0.0,172.31.33.0-255,105,105,33,918
15701,7.9e-05,172.31.33.0-255,105,210,33,918
15702,0.000249,172.31.33.0-255,90,300,33,918
15703,0.00026,172.31.33.0-255,66,366,33,918
15704,0.000515,172.31.33.0-255,90,456,33,918
15705,0.000523,172.31.33.0-255,66,522,33,918
15706,0.002495,172.217.194.0-255,66,588,33,918
15707,0.00251,172.217.194.0-255,66,654,33,918
15708,0.002522,172.31.33.0-255,66,720,33,918
15709,0.002802,172.253.118.0-255,66,786,33,918
15710,0.002813,172.253.118.0-255,66,852,33,918
15711,0.002815,172.31.33.0-255,66,918,33,918
15712,0.0,172.217.194.0-255,153,153,33,184064
15713,3e-05,172.31.33.0-255,66,219,33,184064
15714,3.6e-05,172.217.194.0-255,1484,1703,33,184064
15715,4.1e-05,172.31.33.0-255,66,1769,33,184064
15716,4.6e-05,172.217.194.0-255,2902,4671,33,184064
15717,4.8e-05,172.31.33.0-255,66,4737,33,184064
15718,5.2e-05,172.217.194.0-255,4320,9057,33,184064
15719,5.4e-05,172.31.33.0-255,66,9123,33,184064
15720,8.7e-05,172.217.194.0-255,1484,10607,33,184064
15721,9e-05,172.31.33.0-255,66,10673,33,184064
15722,0.000103,172.217.194.0-255,3465,14138,33,184064
15723,0.000106,172.31.33.0-255,66,14204,33,184064
15724,0.000122,172.217.194.0-255,1484,15688,33,184064
15725,0.000125,172.31.33.0-255,66,15754,33,184064
15726,0.000152,172.217.194.0-255,4320,20074,33,184064
15727,0.000155,172.31.33.0-255,66,20140,33,184064
15728,0.000161,172.217.194.0-255,7156,27296,33,184064
15729,0.000165,172.31.33.0-255,66,27362,33,184064
15730,0.00019,172.217.194.0-255,1484,28846,33,184064
15731,0.000193,172.31.33.0-255,66,28912,33,184064
15732,0.00021,172.217.194.0-255,2543,31455,33,184064
15733,0.000213,172.31.33.0-255,66,31521,33,184064
15734,0.000256,172.217.194.0-255,1484,33005,33,184064
15735,0.000259,172.31.33.0-255,66,33071,33,184064
15736,0.00028,172.217.194.0-255,2902,35973,33,184064
15737,0.000284,172.31.33.0-255,66,36039,33,184064
15738,0.000291,172.217.194.0-255,5738,41777,33,184064
15739,0.000294,172.31.33.0-255,66,41843,33,184064
15740,0.000297,172.217.194.0-255,2902,44745,33,184064
15741,0.0003,172.31.33.0-255,66,44811,33,184064
15742,0.000325,172.217.194.0-255,2902,47713,33,184064
15743,0.000329,172.31.33.0-255,66,47779,33,184064
15744,0.000343,172.31.33.0-255,66,47845,33,184064
15745,0.000345,172.217.194.0-255,1484,49329,33,184064
15746,0.000368,172.217.194.0-255,2852,52181,33,184064
15747,0.000371,172.31.33.0-255,66,52247,33,184064
15748,0.000629,172.217.194.0-255,99,52346,33,184064
15749,0.000659,172.217.194.0-255,366,52712,33,184064
15750,0.000801,172.31.33.0-255,66,52778,33,184064
15751,0.000848,172.217.194.0-255,1484,54262,33,184064
15752,0.000855,172.217.194.0-255,2902,57164,33,184064
15753,0.000858,172.31.33.0-255,66,57230,33,184064
15754,0.000877,172.217.194.0-255,5738,62968,33,184064
15755,0.00088,172.31.33.0-255,66,63034,33,184064
15756,0.000883,172.217.194.0-255,1484,64518,33,184064
15757,0.000913,172.31.33.0-255,66,64584,33,184064
15758,0.000932,172.217.194.0-255,5738,70322,33,184064
15759,0.000935,172.31.33.0-255,66,70388,33,184064
15760,0.000957,172.217.194.0-255,5020,75408,33,184064
15761,0.00096,172.31.33.0-255,66,75474,33,184064
15762,0.00118,172.217.194.0-255,1484,76958,33,184064
15763,0.001189,172.217.194.0-255,2902,79860,33,184064
15764,0.001193,172.31.33.0-255,66,79926,33,184064
15765,0.001198,172.217.194.0-255,2902,82828,33,184064
15766,0.0012,172.31.33.0-255,66,82894,33,184064
15767,0.001216,172.217.194.0-255,2902,85796,33,184064
15768,0.001219,172.31.33.0-255,66,85862,33,184064
15769,0.00123,172.31.33.0-255,66,85928,33,184064
15770,0.001254,172.217.194.0-255,1484,87412,33,184064
15771,0.001321,172.217.194.0-255,7156,94568,33,184064
15772,0.001325,172.31.33.0-255,66,94634,33,184064
15773,0.001348,172.217.194.0-255,5020,99654,33,184064
15774,0.001351,172.31.33.0-255,66,99720,33,184064
15775,0.00149,172.217.194.0-255,1484,101204,33,184064
15776,0.001495,172.217.194.0-255,2902,104106,33,184064
15777,0.001499,172.31.33.0-255,66,104172,33,184064
15778,0.001525,172.217.194.0-255,5738,109910,33,184064
15779,0.001528,172.31.33.0-255,66,109976,33,184064
15780,0.001537,172.31.33.0-255,66,110042,33,184064
15781,0.001578,172.217.194.0-255,4320,114362,33,184064
15782,0.001581,172.31.33.0-255,66,114428,33,184064
15783,0.001613,172.31.33.0-255,66,114494,33,184064
15784,0.001627,172.31.33.0-255,66,114560,33,184064
15785,0.001646,172.217.194.0-255,2902,117462,33,184064
15786,0.001648,172.31.33.0-255,66,117528,33,184064
15787,0.00169,172.31.33.0-255,66,117594,33,184064
15788,0.001692,172.217.194.0-255,1484,119078,33,184064
15789,0.001696,172.217.194.0-255,2902,121980,33,184064
15790,0.001697,172.31.33.0-255,66,122046,33,184064
15791,0.001702,172.217.194.0-255,4320,126366,33,184064
15792,0.001703,172.31.33.0-255,66,126432,33,184064
15793,0.001725,172.217.194.0-255,1484,127916,33,184064
15794,0.001729,172.217.194.0-255,2902,130818,33,184064
15795,0.001731,172.31.33.0-255,66,130884,33,184064
15796,0.001758,172.31.33.0-255,66,130950,33,184064
15797,0.001774,172.217.194.0-255,4320,135270,33,184064
15798,0.001776,172.31.33.0-255,66,135336,33,184064
15799,0.00181,172.31.33.0-255,66,135402,33,184064
15800,0.001819,172.31.33.0-255,66,135468,33,184064
15801,0.001851,172.217.194.0-255,5738,141206,33,184064
15802,0.001854,172.31.33.0-255,66,141272,33,184064
15803,0.001885,172.31.33.0-255,66,141338,33,184064
15804,0.00196,172.217.194.0-255,1484,142822,33,184064
15805,0.001963,172.217.194.0-255,1484,144306,33,184064
15806,0.001966,172.31.33.0-255,66,144372,33,184064
15807,0.001985,172.217.194.0-255,1484,145856,33,184064
15808,0.00199,172.217.194.0-255,5738,151594,33,184064
15809,0.001994,172.31.33.0-255,66,151660,33,184064
15810,0.002021,172.31.33.0-255,66,151726,33,184064
15811,0.00204,172.217.194.0-255,7156,158882,33,184064
15812,0.002043,172.31.33.0-255,66,158948,33,184064
15813,0.002056,172.217.194.0-255,3602,162550,33,184064
15814,0.002058,172.31.33.0-255,66,162616,33,184064
15815,0.002088,172.217.194.0-255,1484,164100,33,184064
15816,0.002098,172.217.194.0-255,2902,167002,33,184064
15817,0.0021,172.31.33.0-255,66,167068,33,184064
15818,0.002142,172.217.194.0-255,2902,169970,33,184064
15819,0.002145,172.31.33.0-255,66,170036,33,184064
15820,0.00216,172.217.194.0-255,2902,172938,33,184064
15821,0.002162,172.31.33.0-255,66,173004,33,184064
15822,0.00217,172.31.33.0-255,66,173070,33,184064
15823,0.002173,172.217.194.0-255,2902,175972,33,184064
15824,0.002175,172.31.33.0-255,66,176038,33,184064
15825,0.002217,172.31.33.0-255,66,176104,33,184064
15826,0.002227,172.31.33.0-255,66,176170,33,184064
15827,0.002248,172.217.194.0-255,1484,177654,33,184064
15828,0.002278,172.31.33.0-255,66,177720,33,184064
15829,0.002307,172.31.33.0-255,66,177786,33,184064
15830,0.00231,172.217.194.0-255,1484,179270,33,184064
15831,0.002314,172.217.194.0-255,4320,183590,33,184064
15832,0.002316,172.31.33.0-255,66,183656,33,184064
15833,0.002355,172.31.33.0-255,66,183722,33,184064
15834,0.004607,172.217.194.0-255,105,183827,33,184064
15835,0.004652,172.31.33.0-255,66,183893,33,184064
15836,0.0047,172.31.33.0-255,105,183998,33,184064
15837,0.007017,172.217.194.0-255,66,184064,33,184064
15838,0.0,74.125.130.0-255,153,153,33,150850
15839,1.8e-05,172.31.33.0-255,66,219,33,150850
15840,2.4e-05,74.125.130.0-255,1484,1703,33,150850
15841,2.9e-05,172.31.33.0-255,66,1769,33,150850
15842,3.2e-05,74.125.130.0-255,1484,3253,33,150850
15843,4.1e-05,172.31.33.0-255,66,3319,33,150850
15844,4.7e-05,74.125.130.0-255,2902,6221,33,150850
15845,5e-05,172.31.33.0-255,66,6287,33,150850
15846,5.6e-05,74.125.130.0-255,5738,12025,33,150850
15847,5.8e-05,172.31.33.0-255,66,12091,33,150850
15848,0.000117,172.31.33.0-255,66,12157,33,150850
15849,0.000142,74.125.130.0-255,5379,17536,33,150850
15850,0.000144,172.31.33.0-255,66,17602,33,150850
15851,0.000254,74.125.130.0-255,1484,19086,33,150850
15852,0.000258,172.31.33.0-255,66,19152,33,150850
15853,0.000263,74.125.130.0-255,2902,22054,33,150850
15854,0.000265,172.31.33.0-255,66,22120,33,150850
15855,0.000294,74.125.130.0-255,5738,27858,33,150850
15856,0.000296,172.31.33.0-255,66,27924,33,150850
15857,0.000299,74.125.130.0-255,1484,29408,33,150850
15858,0.000301,172.31.33.0-255,66,29474,33,150850
15859,0.000305,74.125.130.0-255,2902,32376,33,150850
15860,0.000307,172.31.33.0-255,66,32442,33,150850
15861,0.000316,74.125.130.0-255,4320,36762,33,150850
15862,0.000318,172.31.33.0-255,66,36828,33,150850
15863,0.000342,74.125.130.0-255,2543,39371,33,150850
15864,0.000345,172.31.33.0-255,66,39437,33,150850
15865,0.000348,74.125.130.0-255,1484,40921,33,150850
15866,0.000349,172.31.33.0-255,66,40987,33,150850
15867,0.000391,172.31.33.0-255,66,41053,33,150850
15868,0.000393,74.125.130.0-255,677,41730,33,150850
15869,0.000587,74.125.130.0-255,1484,43214,33,150850
15870,0.000592,172.31.33.0-255,66,43280,33,150850
15871,0.000597,74.125.130.0-255,2902,46182,33,150850
15872,0.000599,172.31.33.0-255,66,46248,33,150850
15873,0.000602,74.125.130.0-255,1484,47732,33,150850
15874,0.000624,74.125.130.0-255,4320,52052,33,150850
15875,0.000627,172.31.33.0-255,66,52118,33,150850
15876,0.000635,74.125.130.0-255,1484,53602,33,150850
15877,0.000654,74.125.130.0-255,5738,59340,33,150850
15878,0.000656,172.31.33.0-255,66,59406,33,150850
15879,0.000683,74.125.130.0-255,5738,65144,33,150850
15880,0.000686,172.31.33.0-255,66,65210,33,150850
15881,0.000696,172.31.33.0-255,66,65276,33,150850
15882,0.000724,74.125.130.0-255,2184,67460,33,150850
15883,0.000726,172.31.33.0-255,66,67526,33,150850
15884,0.001319,74.125.130.0-255,1484,69010,33,150850
15885,0.001327,74.125.130.0-255,2902,71912,33,150850
15886,0.00133,172.31.33.0-255,66,71978,33,150850
15887,0.001364,74.125.130.0-255,5738,77716,33,150850
15888,0.001366,172.31.33.0-255,66,77782,33,150850
15889,0.001371,74.125.130.0-255,4320,82102,33,150850
15890,0.001373,172.31.33.0-255,66,82168,33,150850
15891,0.001402,74.125.130.0-255,2902,85070,33,150850
15892,0.001403,172.31.33.0-255,66,85136,33,150850
15893,0.00143,74.125.130.0-255,2902,88038,33,150850
15894,0.001432,172.31.33.0-255,66,88104,33,150850
15895,0.001443,172.31.33.0-255,66,88170,33,150850
15896,0.001447,74.125.130.0-255,2184,90354,33,150850
15897,0.001449,172.31.33.0-255,66,90420,33,150850
15898,0.001729,74.125.130.0-255,1484,91904,33,150850
15899,0.001737,74.125.130.0-255,2902,94806,33,150850
15900,0.001741,172.31.33.0-255,66,94872,33,150850
15901,0.001746,74.125.130.0-255,2902,97774,33,150850
15902,0.001747,172.31.33.0-255,66,97840,33,150850
15903,0.001773,74.125.130.0-255,2902,100742,33,150850
15904,0.001776,172.31.33.0-255,66,100808,33,150850
15905,0.001781,74.125.130.0-255,4320,105128,33,150850
15906,0.001783,172.31.33.0-255,66,105194,33,150850
15907,0.001788,74.125.130.0-255,5738,110932,33,150850
15908,0.00179,172.31.33.0-255,66,110998,33,150850
15909,0.001824,172.31.33.0-255,66,111064,33,150850
15910,0.001828,74.125.130.0-255,2184,113248,33,150850
15911,0.001829,172.31.33.0-255,66,113314,33,150850
15912,0.001834,74.125.130.0-255,2902,116216,33,150850
15913,0.001835,172.31.33.0-255,66,116282,33,150850
15914,0.001842,74.125.130.0-255,7156,123438,33,150850
15915,0.001844,172.31.33.0-255,66,123504,33,150850
15916,0.001862,74.125.130.0-255,1484,124988,33,150850
15917,0.001898,172.31.33.0-255,66,125054,33,150850
15918,0.001921,74.125.130.0-255,4320,129374,33,150850
15919,0.001923,172.31.33.0-255,66,129440,33,150850
15920,0.001947,74.125.130.0-255,3602,133042,33,150850
15921,0.00195,172.31.33.0-255,66,133108,33,150850
15922,0.004448,74.125.130.0-255,1484,134592,33,150850
15923,0.00447,74.125.130.0-255,4320,138912,33,150850
15924,0.004475,172.31.33.0-255,66,138978,33,150850
15925,0.007002,74.125.130.0-255,2902,141880,33,150850
15926,0.007011,172.31.33.0-255,66,141946,33,150850
15927,0.007038,74.125.130.0-255,2902,144848,33,150850
15928,0.007041,172.31.33.0-255,66,144914,33,150850
15929,0.009544,74.125.130.0-255,2902,147816,33,150850
15930,0.009552,172.31.33.0-255,66,147882,33,150850
15931,0.00958,74.125.130.0-255,2902,150784,33,150850
15932,0.009583,172.31.33.0-255,66,150850,33,150850
15933,0.0,172.217.194.0-255,153,153,33,200768
15934,1.3e-05,172.31.33.0-255,66,219,33,200768
15935,2e-05,172.217.194.0-255,1484,1703,33,200768
15936,2.4e-05,172.31.33.0-255,66,1769,33,200768
15937,3e-05,172.217.194.0-255,2902,4671,33,200768
15938,3.4e-05,172.31.33.0-255,66,4737,33,200768
15939,3.7e-05,172.217.194.0-255,1484,6221,33,200768
15940,3.9e-05,172.31.33.0-255,66,6287,33,200768
15941,6.9e-05,172.217.194.0-255,5738,12025,33,200768
15942,7.1e-05,172.31.33.0-255,66,12091,33,200768
15943,7.5e-05,172.217.194.0-255,2053,14144,33,200768
15944,7.7e-05,172.31.33.0-255,66,14210,33,200768
15945,0.00014,172.217.194.0-255,1484,15694,33,200768
15946,0.000143,172.31.33.0-255,66,15760,33,200768
15947,0.000148,172.217.194.0-255,2902,18662,33,200768
15948,0.00015,172.31.33.0-255,66,18728,33,200768
15949,0.000153,172.217.194.0-255,1484,20212,33,200768
15950,0.000155,172.31.33.0-255,66,20278,33,200768
15951,0.000176,172.217.194.0-255,4320,24598,33,200768
15952,0.000178,172.31.33.0-255,66,24664,33,200768
15953,0.000216,172.217.194.0-255,6797,31461,33,200768
15954,0.000219,172.31.33.0-255,66,31527,33,200768
15955,0.000291,172.217.194.0-255,1484,33011,33,200768
15956,0.000294,172.31.33.0-255,66,33077,33,200768
15957,0.000299,172.217.194.0-255,2902,35979,33,200768
15958,0.000301,172.31.33.0-255,66,36045,33,200768
15959,0.000306,172.217.194.0-255,2902,38947,33,200768
15960,0.000308,172.31.33.0-255,66,39013,33,200768
15961,0.000332,172.217.194.0-255,2902,41915,33,200768
15962,0.000334,172.31.33.0-255,66,41981,33,200768
15963,0.000339,172.217.194.0-255,2902,44883,33,200768
15964,0.000341,172.31.33.0-255,66,44949,33,200768
15965,0.000365,172.31.33.0-255,66,45015,33,200768
15966,0.000371,172.217.194.0-255,5738,50753,33,200768
15967,0.000373,172.31.33.0-255,66,50819,33,200768
15968,0.000396,172.217.194.0-255,4252,55071,33,200768
15969,0.000398,172.31.33.0-255,66,55137,33,200768
15970,0.000573,172.217.194.0-255,364,55501,33,200768
15971,0.000723,172.217.194.0-255,1484,56985,33,200768
15972,0.000728,172.31.33.0-255,66,57051,33,200768
15973,0.00075,172.217.194.0-255,2902,59953,33,200768
15974,0.000753,172.31.33.0-255,66,60019,33,200768
15975,0.000759,172.217.194.0-255,4320,64339,33,200768
15976,0.000761,172.31.33.0-255,66,64405,33,200768
15977,0.000773,172.217.194.0-255,1484,65889,33,200768
15978,0.000781,172.217.194.0-255,7156,73045,33,200768
15979,0.000783,172.31.33.0-255,66,73111,33,200768
15980,0.000786,172.217.194.0-255,1484,74595,33,200768
15981,0.000803,172.217.194.0-255,7156,81751,33,200768
15982,0.000805,172.31.33.0-255,66,81817,33,200768
15983,0.000832,172.31.33.0-255,66,81883,33,200768
15984,0.000928,172.217.194.0-255,1484,83367,33,200768
15985,0.000933,172.217.194.0-255,2902,86269,33,200768
15986,0.000935,172.31.33.0-255,66,86335,33,200768
15987,0.000939,172.217.194.0-255,1484,87819,33,200768
15988,0.000957,172.217.194.0-255,4320,92139,33,200768
15989,0.00096,172.31.33.0-255,66,92205,33,200768
15990,0.001011,172.217.194.0-255,4320,96525,33,200768
15991,0.001014,172.31.33.0-255,66,96591,33,200768
15992,0.001034,172.217.194.0-255,4320,100911,33,200768
15993,0.001037,172.31.33.0-255,66,100977,33,200768
15994,0.001049,172.31.33.0-255,66,101043,33,200768
15995,0.001075,172.217.194.0-255,5020,106063,33,200768
15996,0.001078,172.31.33.0-255,66,106129,33,200768
15997,0.001085,172.217.194.0-255,7156,113285,33,200768
15998,0.001087,172.31.33.0-255,66,113351,33,200768
15999,0.001163,172.31.33.0-255,66,113417,33,200768
16000,0.001183,172.217.194.0-255,1484,114901,33,200768
16001,0.001188,172.217.194.0-255,2902,117803,33,200768
16002,0.001194,172.31.33.0-255,66,117869,33,200768
16003,0.00121,172.217.194.0-255,5738,123607,33,200768
16004,0.00123,172.217.194.0-255,4320,127927,33,200768
16005,0.001251,172.217.194.0-255,4320,132247,33,200768
16006,0.001255,172.31.33.0-255,66,132313,33,200768
16007,0.00126,172.31.33.0-255,66,132379,33,200768
16008,0.001301,172.31.33.0-255,66,132445,33,200768
16009,0.001321,172.217.194.0-255,6438,138883,33,200768
16010,0.001336,172.31.33.0-255,66,138949,33,200768
16011,0.001433,172.217.194.0-255,1484,140433,33,200768
16012,0.00144,172.217.194.0-255,2902,143335,33,200768
16013,0.001451,172.217.194.0-255,2902,146237,33,200768
16014,0.001456,172.31.33.0-255,66,146303,33,200768
16015,0.001465,172.217.194.0-255,2902,149205,33,200768
16016,0.001467,172.217.194.0-255,1484,150689,33,200768
16017,0.001473,172.31.33.0-255,66,150755,33,200768
16018,0.001509,172.217.194.0-255,2902,153657,33,200768
16019,0.001529,172.31.33.0-255,66,153723,33,200768
16020,0.001548,172.31.33.0-255,66,153789,33,200768
16021,0.001555,172.217.194.0-255,5738,159527,33,200768
16022,0.001571,172.217.194.0-255,7156,166683,33,200768
16023,0.001622,172.31.33.0-255,66,166749,33,200768
16024,0.001628,172.31.33.0-255,66,166815,33,200768
16025,0.001642,172.217.194.0-255,6438,173253,33,200768
16026,0.001677,172.217.194.0-255,4320,177573,33,200768
16027,0.001686,172.31.33.0-255,66,177639,33,200768
16028,0.001732,172.31.33.0-255,66,177705,33,200768
16029,0.00183,172.217.194.0-255,7156,184861,33,200768
16030,0.001842,172.31.33.0-255,66,184927,33,200768
16031,0.001854,172.217.194.0-255,5738,190665,33,200768
16032,0.001859,172.31.33.0-255,66,190731,33,200768
16033,0.001868,172.217.194.0-255,2902,193633,33,200768
16034,0.001898,172.31.33.0-255,66,193699,33,200768
16035,0.001929,172.217.194.0-255,6898,200597,33,200768
16036,0.001931,172.217.194.0-255,105,200702,33,200768
16037,0.001945,172.31.33.0-255,66,200768,33,200768
16038,0.0,172.217.194.0-255,158,158,33,140295
16039,2.2e-05,172.31.33.0-255,66,224,33,140295
16040,2.9e-05,172.217.194.0-255,1484,1708,33,140295
16041,3.4e-05,172.31.33.0-255,66,1774,33,140295
16042,4e-05,172.217.194.0-255,2902,4676,33,140295
16043,4.4e-05,172.31.33.0-255,66,4742,33,140295
16044,6.6e-05,172.217.194.0-255,4320,9062,33,140295
16045,6.9e-05,172.31.33.0-255,66,9128,33,140295
16046,7.2e-05,172.217.194.0-255,1484,10612,33,140295
16047,7.4e-05,172.31.33.0-255,66,10678,33,140295
16048,0.000109,172.31.33.0-255,66,10744,33,140295
16049,0.000114,172.217.194.0-255,2902,13646,33,140295
16050,0.000115,172.31.33.0-255,66,13712,33,140295
16051,0.000137,172.31.33.0-255,66,13778,33,140295
16052,0.000204,172.217.194.0-255,1484,15262,33,140295
16053,0.000207,172.31.33.0-255,66,15328,33,140295
16054,0.000228,172.217.194.0-255,2902,18230,33,140295
16055,0.000231,172.31.33.0-255,66,18296,33,140295
16056,0.000237,172.217.194.0-255,4320,22616,33,140295
16057,0.000239,172.31.33.0-255,66,22682,33,140295
16058,0.000252,172.217.194.0-255,1484,24166,33,140295
16059,0.000254,172.31.33.0-255,66,24232,33,140295
16060,0.000261,172.217.194.0-255,5738,29970,33,140295
16061,0.000263,172.31.33.0-255,66,30036,33,140295
16062,0.000292,172.217.194.0-255,7156,37192,33,140295
16063,0.000295,172.31.33.0-255,66,37258,33,140295
16064,0.000321,172.217.194.0-255,6797,44055,33,140295
16065,0.000323,172.31.33.0-255,66,44121,33,140295
16066,0.000329,172.217.194.0-255,4213,48334,33,140295
16067,0.000331,172.31.33.0-255,66,48400,33,140295
16068,0.000334,172.217.194.0-255,435,48835,33,140295
16069,0.000519,172.217.194.0-255,1484,50319,33,140295
16070,0.000525,172.31.33.0-255,66,50385,33,140295
16071,0.00053,172.217.194.0-255,2902,53287,33,140295
16072,0.000532,172.31.33.0-255,66,53353,33,140295
16073,0.000538,172.217.194.0-255,5738,59091,33,140295
16074,0.00054,172.31.33.0-255,66,59157,33,140295
16075,0.000566,172.217.194.0-255,5738,64895,33,140295
16076,0.000569,172.31.33.0-255,66,64961,33,140295
16077,0.000606,172.217.194.0-255,4320,69281,33,140295
16078,0.000608,172.31.33.0-255,66,69347,33,140295
16079,0.00063,172.31.33.0-255,66,69413,33,140295
16080,0.000654,172.217.194.0-255,3961,73374,33,140295
16081,0.000656,172.31.33.0-255,66,73440,33,140295
16082,0.001246,172.217.194.0-255,1484,74924,33,140295
16083,0.001253,172.217.194.0-255,2902,77826,33,140295
16084,0.001256,172.31.33.0-255,66,77892,33,140295
16085,0.00129,172.217.194.0-255,5738,83630,33,140295
16086,0.001293,172.31.33.0-255,66,83696,33,140295
16087,0.001315,172.31.33.0-255,66,83762,33,140295
16088,0.00134,172.217.194.0-255,4320,88082,33,140295
16089,0.001343,172.31.33.0-255,66,88148,33,140295
16090,0.001354,172.31.33.0-255,66,88214,33,140295
16091,0.001377,172.217.194.0-255,1484,89698,33,140295
16092,0.001381,172.217.194.0-255,2902,92600,33,140295
16093,0.001386,172.217.194.0-255,5738,98338,33,140295
16094,0.001391,172.31.33.0-255,66,98404,33,140295
16095,0.001398,172.31.33.0-255,66,98470,33,140295
16096,0.001411,172.217.194.0-255,5738,104208,33,140295
16097,0.001414,172.31.33.0-255,66,104274,33,140295
16098,0.001446,172.217.194.0-255,7156,111430,33,140295
16099,0.001449,172.31.33.0-255,66,111496,33,140295
16100,0.001459,172.31.33.0-255,66,111562,33,140295
16101,0.001476,172.217.194.0-255,7156,118718,33,140295
16102,0.001479,172.31.33.0-255,66,118784,33,140295
16103,0.001512,172.217.194.0-255,3602,122386,33,140295
16104,0.001515,172.31.33.0-255,66,122452,33,140295
16105,0.001527,172.31.33.0-255,66,122518,33,140295
16106,0.001539,172.31.33.0-255,66,122584,33,140295
16107,0.001575,172.31.33.0-255,66,122650,33,140295
16108,0.001586,172.31.33.0-255,66,122716,33,140295
16109,0.001643,172.31.33.0-255,66,122782,33,140295
16110,0.003996,172.217.194.0-255,5738,128520,33,140295
16111,0.004003,172.31.33.0-255,66,128586,33,140295
16112,0.006356,172.217.194.0-255,5738,134324,33,140295
16113,0.006362,172.31.33.0-255,66,134390,33,140295
16114,0.008713,172.217.194.0-255,5738,140128,33,140295
16115,0.008719,172.31.33.0-255,66,140194,33,140295
16116,0.00883,172.31.33.0-255,101,140295,33,140295
16117,0.0,172.217.194.0-255,153,153,33,204491
16118,2.2e-05,172.31.33.0-255,66,219,33,204491
16119,2.8e-05,172.217.194.0-255,1484,1703,33,204491
16120,3.2e-05,172.31.33.0-255,66,1769,33,204491
16121,3.7e-05,172.217.194.0-255,2902,4671,33,204491
16122,4e-05,172.31.33.0-255,66,4737,33,204491
16123,4.8e-05,172.217.194.0-255,7156,11893,33,204491
16124,5.1e-05,172.31.33.0-255,66,11959,33,204491
16125,8.9e-05,172.217.194.0-255,4320,16279,33,204491
16126,9.1e-05,172.31.33.0-255,66,16345,33,204491
16127,0.000112,172.217.194.0-255,4867,21212,33,204491
16128,0.000114,172.31.33.0-255,66,21278,33,204491
16129,0.000118,172.217.194.0-255,2902,24180,33,204491
16130,0.00012,172.31.33.0-255,66,24246,33,204491
16131,0.000137,172.217.194.0-255,6797,31043,33,204491
16132,0.00014,172.31.33.0-255,66,31109,33,204491
16133,0.000169,172.217.194.0-255,1484,32593,33,204491
16134,0.000171,172.31.33.0-255,66,32659,33,204491
16135,0.000181,172.217.194.0-255,2902,35561,33,204491
16136,0.000185,172.31.33.0-255,66,35627,33,204491
16137,0.000206,172.217.194.0-255,1484,37111,33,204491
16138,0.000208,172.31.33.0-255,66,37177,33,204491
16139,0.000223,172.217.194.0-255,4320,41497,33,204491
16140,0.000225,172.31.33.0-255,66,41563,33,204491
16141,0.00023,172.217.194.0-255,4320,45883,33,204491
16142,0.000232,172.31.33.0-255,66,45949,33,204491
16143,0.000264,172.31.33.0-255,66,46015,33,204491
16144,0.000268,172.217.194.0-255,4320,50335,33,204491
16145,0.000271,172.31.33.0-255,66,50401,33,204491
16146,0.000285,172.217.194.0-255,5630,56031,33,204491
16147,0.000287,172.31.33.0-255,66,56097,33,204491
16148,0.000289,172.217.194.0-255,118,56215,33,204491
16149,0.000293,172.217.194.0-255,382,56597,33,204491
16150,0.000557,172.217.194.0-255,1484,58081,33,204491
16151,0.000562,172.31.33.0-255,66,58147,33,204491
16152,0.000567,172.217.194.0-255,2902,61049,33,204491
16153,0.000569,172.31.33.0-255,66,61115,33,204491
16154,0.000575,172.217.194.0-255,5738,66853,33,204491
16155,0.000577,172.31.33.0-255,66,66919,33,204491
16156,0.000595,172.217.194.0-255,2902,69821,33,204491
16157,0.000597,172.31.33.0-255,66,69887,33,204491
16158,0.000631,172.31.33.0-255,66,69953,33,204491
16159,0.000634,172.217.194.0-255,1484,71437,33,204491
16160,0.000647,172.217.194.0-255,1484,72921,33,204491
16161,0.000649,172.31.33.0-255,66,72987,33,204491
16162,0.000675,172.31.33.0-255,66,73053,33,204491
16163,0.000852,172.217.194.0-255,1484,74537,33,204491
16164,0.000867,172.217.194.0-255,2902,77439,33,204491
16165,0.00087,172.31.33.0-255,66,77505,33,204491
16166,0.000892,172.217.194.0-255,5738,83243,33,204491
16167,0.000894,172.31.33.0-255,66,83309,33,204491
16168,0.000898,172.217.194.0-255,2902,86211,33,204491
16169,0.0009,172.31.33.0-255,66,86277,33,204491
16170,0.000922,172.31.33.0-255,66,86343,33,204491
16171,0.000929,172.217.194.0-255,1484,87827,33,204491
16172,0.000943,172.217.194.0-255,4320,92147,33,204491
16173,0.000945,172.31.33.0-255,66,92213,33,204491
16174,0.000971,172.217.194.0-255,6438,98651,33,204491
16175,0.000974,172.31.33.0-255,66,98717,33,204491
16176,0.001029,172.217.194.0-255,1484,100201,33,204491
16177,0.001033,172.217.194.0-255,2902,103103,33,204491
16178,0.001036,172.31.33.0-255,66,103169,33,204491
16179,0.001057,172.217.194.0-255,5738,108907,33,204491
16180,0.001059,172.31.33.0-255,66,108973,33,204491
16181,0.001062,172.217.194.0-255,1484,110457,33,204491
16182,0.001064,172.217.194.0-255,1484,111941,33,204491
16183,0.001066,172.31.33.0-255,66,112007,33,204491
16184,0.001083,172.217.194.0-255,7156,119163,33,204491
16185,0.001085,172.31.33.0-255,66,119229,33,204491
16186,0.001109,172.217.194.0-255,4320,123549,33,204491
16187,0.001112,172.31.33.0-255,66,123615,33,204491
16188,0.001142,172.31.33.0-255,66,123681,33,204491
16189,0.001926,172.217.194.0-255,1484,125165,33,204491
16190,0.001934,172.217.194.0-255,2902,128067,33,204491
16191,0.001937,172.31.33.0-255,66,128133,33,204491
16192,0.001944,172.217.194.0-255,5738,133871,33,204491
16193,0.001946,172.31.33.0-255,66,133937,33,204491
16194,0.001964,172.217.194.0-255,1484,135421,33,204491
16195,0.001973,172.217.194.0-255,1484,136905,33,204491
16196,0.001975,172.31.33.0-255,66,136971,33,204491
16197,0.001996,172.217.194.0-255,7156,144127,33,204491
16198,0.001998,172.31.33.0-255,66,144193,33,204491
16199,0.002018,172.217.194.0-255,2902,147095,33,204491
16200,0.00202,172.31.33.0-255,66,147161,33,204491
16201,0.002025,172.217.194.0-255,4320,151481,33,204491
16202,0.002027,172.31.33.0-255,66,151547,33,204491
16203,0.002039,172.217.194.0-255,4320,155867,33,204491
16204,0.002042,172.31.33.0-255,66,155933,33,204491
16205,0.002063,172.217.194.0-255,2184,158117,33,204491
16206,0.002065,172.31.33.0-255,66,158183,33,204491
16207,0.002203,172.217.194.0-255,1484,159667,33,204491
16208,0.00221,172.217.194.0-255,2902,162569,33,204491
16209,0.002213,172.31.33.0-255,66,162635,33,204491
16210,0.002218,172.217.194.0-255,2902,165537,33,204491
16211,0.00222,172.31.33.0-255,66,165603,33,204491
16212,0.002237,172.217.194.0-255,2902,168505,33,204491
16213,0.002239,172.31.33.0-255,66,168571,33,204491
16214,0.002245,172.217.194.0-255,5738,174309,33,204491
16215,0.002248,172.31.33.0-255,66,174375,33,204491
16216,0.002251,172.217.194.0-255,1484,175859,33,204491
16217,0.002284,172.31.33.0-255,66,175925,33,204491
16218,0.002289,172.217.194.0-255,4320,180245,33,204491
16219,0.002291,172.31.33.0-255,66,180311,33,204491
16220,0.002302,172.217.194.0-255,766,181077,33,204491
16221,0.002316,172.217.194.0-255,2902,183979,33,204491
16222,0.002318,172.31.33.0-255,66,184045,33,204491
16223,0.002339,172.217.194.0-255,2902,186947,33,204491
16224,0.002341,172.31.33.0-255,66,187013,33,204491
16225,0.002357,172.31.33.0-255,66,187079,33,204491
16226,0.004639,172.217.194.0-255,5738,192817,33,204491
16227,0.004646,172.31.33.0-255,66,192883,33,204491
16228,0.00701,172.217.194.0-255,5738,198621,33,204491
16229,0.007016,172.31.33.0-255,66,198687,33,204491
16230,0.009344,172.217.194.0-255,5738,204425,33,204491
16231,0.009363,172.31.33.0-255,66,204491,33,204491
16232,0.0,172.217.27.0-255,143,143,33,130329
16233,1.4e-05,172.31.33.0-255,66,209,33,130329
16234,2.1e-05,172.217.27.0-255,1484,1693,33,130329
16235,2.5e-05,172.31.33.0-255,66,1759,33,130329
16236,3e-05,172.217.27.0-255,2902,4661,33,130329
16237,4.2e-05,172.31.33.0-255,66,4727,33,130329
16238,4.9e-05,172.217.27.0-255,7156,11883,33,130329
16239,5.2e-05,172.31.33.0-255,66,11949,33,130329
16240,5.6e-05,172.217.27.0-255,1981,13930,33,130329
16241,5.8e-05,172.31.33.0-255,66,13996,33,130329
16242,6.3e-05,172.217.27.0-255,2902,16898,33,130329
16243,6.6e-05,172.31.33.0-255,66,16964,33,130329
16244,7.3e-05,172.217.27.0-255,7156,24120,33,130329
16245,7.6e-05,172.31.33.0-255,66,24186,33,130329
16246,0.000108,172.217.27.0-255,6797,30983,33,130329
16247,0.00011,172.31.33.0-255,66,31049,33,130329
16248,0.000177,172.217.27.0-255,1484,32533,33,130329
16249,0.00018,172.31.33.0-255,66,32599,33,130329
16250,0.000209,172.217.27.0-255,2902,35501,33,130329
16251,0.000211,172.31.33.0-255,66,35567,33,130329
16252,0.000218,172.217.27.0-255,4320,39887,33,130329
16253,0.000221,172.31.33.0-255,66,39953,33,130329
16254,0.000238,172.31.33.0-255,66,40019,33,130329
16255,0.000283,172.217.27.0-255,390,40409,33,130329
16256,0.000288,172.31.33.0-255,66,40475,33,130329
16257,0.000291,172.31.33.0-255,66,40541,33,130329
16258,0.000524,172.217.27.0-255,122,40663,33,130329
16259,0.000531,172.31.33.0-255,66,40729,33,130329
16260,0.000747,172.217.27.0-255,1484,42213,33,130329
16261,0.00075,172.217.27.0-255,1484,43697,33,130329
16262,0.000754,172.31.33.0-255,66,43763,33,130329
16263,0.000772,172.217.27.0-255,1484,45247,33,130329
16264,0.000775,172.31.33.0-255,66,45313,33,130329
16265,0.000782,172.217.27.0-255,5738,51051,33,130329
16266,0.000784,172.31.33.0-255,66,51117,33,130329
16267,0.000789,172.217.27.0-255,4320,55437,33,130329
16268,0.000791,172.31.33.0-255,66,55503,33,130329
16269,0.00083,172.31.33.0-255,66,55569,33,130329
16270,0.000843,172.31.33.0-255,66,55635,33,130329
16271,0.001416,172.217.27.0-255,1484,57119,33,130329
16272,0.001422,172.217.27.0-255,2902,60021,33,130329
16273,0.001426,172.31.33.0-255,66,60087,33,130329
16274,0.001429,172.217.27.0-255,1484,61571,33,130329
16275,0.001452,172.217.27.0-255,4320,65891,33,130329
16276,0.001454,172.31.33.0-255,66,65957,33,130329
16277,0.00146,172.217.27.0-255,5738,71695,33,130329
16278,0.001462,172.31.33.0-255,66,71761,33,130329
16279,0.001492,172.217.27.0-255,7156,78917,33,130329
16280,0.001494,172.31.33.0-255,66,78983,33,130329
16281,0.00151,172.31.33.0-255,66,79049,33,130329
16282,0.001513,172.217.27.0-255,1484,80533,33,130329
16283,0.001533,172.217.27.0-255,2902,83435,33,130329
16284,0.001537,172.31.33.0-255,66,83501,33,130329
16285,0.001583,172.217.27.0-255,4320,87821,33,130329
16286,0.001586,172.31.33.0-255,66,87887,33,130329
16287,0.001591,172.217.27.0-255,5738,93625,33,130329
16288,0.001593,172.31.33.0-255,66,93691,33,130329
16289,0.001597,172.217.27.0-255,2902,96593,33,130329
16290,0.001602,172.31.33.0-255,66,96659,33,130329
16291,0.001628,172.217.27.0-255,4320,100979,33,130329
16292,0.001633,172.31.33.0-255,66,101045,33,130329
16293,0.001636,172.217.27.0-255,1484,102529,33,130329
16294,0.001655,172.217.27.0-255,1484,104013,33,130329
16295,0.001657,172.31.33.0-255,66,104079,33,130329
16296,0.001662,172.217.27.0-255,2902,106981,33,130329
16297,0.001663,172.31.33.0-255,66,107047,33,130329
16298,0.001679,172.217.27.0-255,1484,108531,33,130329
16299,0.003319,172.217.27.0-255,4320,112851,33,130329
16300,0.003325,172.31.33.0-255,66,112917,33,130329
16301,0.004991,172.217.27.0-255,5738,118655,33,130329
16302,0.004994,172.31.33.0-255,66,118721,33,130329
16303,0.006675,172.217.27.0-255,5738,124459,33,130329
16304,0.006682,172.31.33.0-255,66,124525,33,130329
16305,0.008365,172.217.27.0-255,5738,130263,33,130329
16306,0.008372,172.31.33.0-255,66,130329,33,130329
16307,0.0,74.125.68.0-255,153,153,33,130871
16308,2.5e-05,172.31.33.0-255,66,219,33,130871
16309,3.1e-05,74.125.68.0-255,1484,1703,33,130871
16310,3.5e-05,172.31.33.0-255,66,1769,33,130871
16311,7.3e-05,74.125.68.0-255,2902,4671,33,130871
16312,7.6e-05,172.31.33.0-255,66,4737,33,130871
16313,8.1e-05,74.125.68.0-255,4320,9057,33,130871
16314,8.3e-05,172.31.33.0-255,66,9123,33,130871
16315,0.000118,74.125.68.0-255,4900,14023,33,130871
16316,0.000122,172.31.33.0-255,66,14089,33,130871
16317,0.000276,74.125.68.0-255,1484,15573,33,130871
16318,0.000281,172.31.33.0-255,66,15639,33,130871
16319,0.000323,74.125.68.0-255,2902,18541,33,130871
16320,0.000326,172.31.33.0-255,66,18607,33,130871
16321,0.000329,74.125.68.0-255,1484,20091,33,130871
16322,0.000332,172.31.33.0-255,66,20157,33,130871
16323,0.000337,74.125.68.0-255,2902,23059,33,130871
16324,0.000345,172.31.33.0-255,66,23125,33,130871
16325,0.000351,74.125.68.0-255,5738,28863,33,130871
16326,0.000354,172.31.33.0-255,66,28929,33,130871
16327,0.000385,74.125.68.0-255,2543,31472,33,130871
16328,0.000389,172.31.33.0-255,66,31538,33,130871
16329,0.000518,74.125.68.0-255,1484,33022,33,130871
16330,0.000525,172.31.33.0-255,66,33088,33,130871
16331,0.000531,74.125.68.0-255,1484,34572,33,130871
16332,0.000533,172.31.33.0-255,66,34638,33,130871
16333,0.000555,74.125.68.0-255,1484,36122,33,130871
16334,0.000563,172.31.33.0-255,66,36188,33,130871
16335,0.00057,74.125.68.0-255,5738,41926,33,130871
16336,0.000573,172.31.33.0-255,66,41992,33,130871
16337,0.000576,74.125.68.0-255,1484,43476,33,130871
16338,0.000577,172.31.33.0-255,66,43542,33,130871
16339,0.000616,172.31.33.0-255,66,43608,33,130871
16340,0.000622,74.125.68.0-255,4320,47928,33,130871
16341,0.000625,172.31.33.0-255,66,47994,33,130871
16342,0.00066,74.125.68.0-255,4320,52314,33,130871
16343,0.000663,172.31.33.0-255,66,52380,33,130871
16344,0.000667,74.125.68.0-255,1484,53864,33,130871
16345,0.000693,74.125.68.0-255,2543,56407,33,130871
16346,0.000696,172.31.33.0-255,66,56473,33,130871
16347,0.000699,74.125.68.0-255,678,57151,33,130871
16348,0.000839,172.31.33.0-255,66,57217,33,130871
16349,0.000847,74.125.68.0-255,1484,58701,33,130871
16350,0.000862,74.125.68.0-255,1484,60185,33,130871
16351,0.000864,172.31.33.0-255,66,60251,33,130871
16352,0.000892,74.125.68.0-255,2902,63153,33,130871
16353,0.000894,172.31.33.0-255,66,63219,33,130871
16354,0.000897,74.125.68.0-255,1484,64703,33,130871
16355,0.000923,74.125.68.0-255,4320,69023,33,130871
16356,0.000926,172.31.33.0-255,66,69089,33,130871
16357,0.000929,74.125.68.0-255,1484,70573,33,130871
16358,0.000932,74.125.68.0-255,2902,73475,33,130871
16359,0.000934,172.31.33.0-255,66,73541,33,130871
16360,0.000951,74.125.68.0-255,4320,77861,33,130871
16361,0.000953,172.31.33.0-255,66,77927,33,130871
16362,0.000982,74.125.68.0-255,1484,79411,33,130871
16363,0.000988,74.125.68.0-255,7156,86567,33,130871
16364,0.000991,172.31.33.0-255,66,86633,33,130871
16365,0.001019,74.125.68.0-255,2902,89535,33,130871
16366,0.001022,172.31.33.0-255,66,89601,33,130871
16367,0.001045,74.125.68.0-255,2184,91785,33,130871
16368,0.001048,172.31.33.0-255,66,91851,33,130871
16369,0.001356,74.125.68.0-255,1484,93335,33,130871
16370,0.001376,74.125.68.0-255,2902,96237,33,130871
16371,0.00138,172.31.33.0-255,66,96303,33,130871
16372,0.001384,74.125.68.0-255,1484,97787,33,130871
16373,0.00141,74.125.68.0-255,2902,100689,33,130871
16374,0.001413,172.31.33.0-255,66,100755,33,130871
16375,0.001423,172.31.33.0-255,66,100821,33,130871
16376,0.001426,74.125.68.0-255,1484,102305,33,130871
16377,0.001453,74.125.68.0-255,5738,108043,33,130871
16378,0.001456,172.31.33.0-255,66,108109,33,130871
16379,0.001465,172.31.33.0-255,66,108175,33,130871
16380,0.001468,74.125.68.0-255,766,108941,33,130871
16381,0.001628,172.31.33.0-255,66,109007,33,130871
16382,0.003538,74.125.68.0-255,4320,113327,33,130871
16383,0.003543,172.31.33.0-255,66,113393,33,130871
16384,0.003694,74.125.68.0-255,1484,114877,33,130871
16385,0.005623,74.125.68.0-255,4320,119197,33,130871
16386,0.005628,172.31.33.0-255,66,119263,33,130871
16387,0.007712,74.125.68.0-255,5738,125001,33,130871
16388,0.007717,172.31.33.0-255,66,125067,33,130871
16389,0.009811,74.125.68.0-255,5738,130805,33,130871
16390,0.009817,172.31.33.0-255,66,130871,33,130871
16391,0.0,74.125.24.0-255,153,153,33,104235
16392,1.7e-05,172.31.33.0-255,66,219,33,104235
16393,2.4e-05,74.125.24.0-255,1484,1703,33,104235
16394,2.9e-05,172.31.33.0-255,66,1769,33,104235
16395,5.6e-05,74.125.24.0-255,2902,4671,33,104235
16396,6.4e-05,172.31.33.0-255,66,4737,33,104235
16397,7.2e-05,74.125.24.0-255,5738,10475,33,104235
16398,7.5e-05,172.31.33.0-255,66,10541,33,104235
16399,9.7e-05,74.125.24.0-255,1484,12025,33,104235
16400,0.0001,172.31.33.0-255,66,12091,33,104235
16401,0.000129,74.125.24.0-255,2147,14238,33,104235
16402,0.000133,172.31.33.0-255,66,14304,33,104235
16403,0.000139,74.125.24.0-255,4320,18624,33,104235
16404,0.000142,172.31.33.0-255,66,18690,33,104235
16405,0.000144,74.125.24.0-255,1484,20174,33,104235
16406,0.000151,172.31.33.0-255,66,20240,33,104235
16407,0.000179,74.125.24.0-255,7156,27396,33,104235
16408,0.000189,172.31.33.0-255,66,27462,33,104235
16409,0.000192,74.125.24.0-255,1484,28946,33,104235
16410,0.000195,172.31.33.0-255,66,29012,33,104235
16411,0.000216,74.125.24.0-255,2543,31555,33,104235
16412,0.000222,172.31.33.0-255,66,31621,33,104235
16413,0.000444,74.125.24.0-255,1484,33105,33,104235
16414,0.00045,172.31.33.0-255,66,33171,33,104235
16415,0.000455,74.125.24.0-255,2902,36073,33,104235
16416,0.000458,172.31.33.0-255,66,36139,33,104235
16417,0.000491,74.125.24.0-255,4320,40459,33,104235
16418,0.000496,172.31.33.0-255,66,40525,33,104235
16419,0.000528,74.125.24.0-255,1484,42009,33,104235
16420,0.000531,172.31.33.0-255,66,42075,33,104235
16421,0.000539,74.125.24.0-255,6797,48872,33,104235
16422,0.000542,172.31.33.0-255,66,48938,33,104235
16423,0.000553,74.125.24.0-255,7156,56094,33,104235
16424,0.000556,172.31.33.0-255,66,56160,33,104235
16425,0.00056,74.125.24.0-255,2902,59062,33,104235
16426,0.000563,172.31.33.0-255,66,59128,33,104235
16427,0.000603,74.125.24.0-255,6797,65925,33,104235
16428,0.000607,172.31.33.0-255,66,65991,33,104235
16429,0.000632,74.125.24.0-255,360,66351,33,104235
16430,0.000878,74.125.24.0-255,128,66479,33,104235
16431,0.000883,74.125.24.0-255,352,66831,33,104235
16432,0.001289,74.125.24.0-255,1484,68315,33,104235
16433,0.001296,172.31.33.0-255,66,68381,33,104235
16434,0.001303,74.125.24.0-255,2902,71283,33,104235
16435,0.001306,172.31.33.0-255,66,71349,33,104235
16436,0.001318,74.125.24.0-255,5738,77087,33,104235
16437,0.00132,172.31.33.0-255,66,77153,33,104235
16438,0.001325,74.125.24.0-255,4320,81473,33,104235
16439,0.001327,172.31.33.0-255,66,81539,33,104235
16440,0.001361,74.125.24.0-255,1484,83023,33,104235
16441,0.001374,172.31.33.0-255,66,83089,33,104235
16442,0.00138,74.125.24.0-255,5020,88109,33,104235
16443,0.001383,172.31.33.0-255,66,88175,33,104235
16444,0.003925,74.125.24.0-255,4320,92495,33,104235
16445,0.00393,172.31.33.0-255,66,92561,33,104235
16446,0.003951,74.125.24.0-255,1484,94045,33,104235
16447,0.006526,74.125.24.0-255,4320,98365,33,104235
16448,0.006533,172.31.33.0-255,66,98431,33,104235
16449,0.009088,74.125.24.0-255,5738,104169,33,104235
16450,0.009096,172.31.33.0-255,66,104235,33,104235
16451,0.0,172.217.194.0-255,153,153,33,220696
16452,1.9e-05,172.31.33.0-255,66,219,33,220696
16453,2.5e-05,172.217.194.0-255,1484,1703,33,220696
16454,2.8e-05,172.31.33.0-255,66,1769,33,220696
16455,3.2e-05,172.217.194.0-255,2902,4671,33,220696
16456,3.4e-05,172.31.33.0-255,66,4737,33,220696
16457,5.1e-05,172.217.194.0-255,1484,6221,33,220696
16458,5.3e-05,172.31.33.0-255,66,6287,33,220696
16459,8e-05,172.217.194.0-255,5738,12025,33,220696
16460,8.2e-05,172.31.33.0-255,66,12091,33,220696
16461,9.3e-05,172.31.33.0-255,66,12157,33,220696
16462,0.000116,172.217.194.0-255,2902,15059,33,220696
16463,0.000118,172.31.33.0-255,66,15125,33,220696
16464,0.00013,172.217.194.0-255,2543,17668,33,220696
16465,0.000132,172.31.33.0-255,66,17734,33,220696
16466,0.000145,172.217.194.0-255,2902,20636,33,220696
16467,0.000147,172.31.33.0-255,66,20702,33,220696
16468,0.000167,172.217.194.0-255,2902,23604,33,220696
16469,0.000169,172.31.33.0-255,66,23670,33,220696
16470,0.000174,172.217.194.0-255,5738,29408,33,220696
16471,0.000175,172.31.33.0-255,66,29474,33,220696
16472,0.000196,172.217.194.0-255,7156,36630,33,220696
16473,0.000199,172.31.33.0-255,66,36696,33,220696
16474,0.000207,172.31.33.0-255,66,36762,33,220696
16475,0.000228,172.217.194.0-255,5630,42392,33,220696
16476,0.00023,172.31.33.0-255,66,42458,33,220696
16477,0.000384,172.217.194.0-255,1484,43942,33,220696
16478,0.000388,172.217.194.0-255,2902,46844,33,220696
16479,0.000396,172.31.33.0-255,66,46910,33,220696
16480,0.000399,172.31.33.0-255,66,46976,33,220696
16481,0.000404,172.217.194.0-255,5738,52714,33,220696
16482,0.000406,172.31.33.0-255,66,52780,33,220696
16483,0.000428,172.217.194.0-255,4320,57100,33,220696
16484,0.00043,172.31.33.0-255,66,57166,33,220696
16485,0.000461,172.31.33.0-255,66,57232,33,220696
16486,0.000463,172.31.33.0-255,66,57298,33,220696
16487,0.000478,172.217.194.0-255,2184,59482,33,220696
16488,0.00048,172.31.33.0-255,66,59548,33,220696
16489,0.000794,172.217.194.0-255,1484,61032,33,220696
16490,0.000798,172.217.194.0-255,2902,63934,33,220696
16491,0.000801,172.217.194.0-255,2902,66836,33,220696
16492,0.000806,172.31.33.0-255,66,66902,33,220696
16493,0.000809,172.31.33.0-255,66,66968,33,220696
16494,0.00082,172.217.194.0-255,2902,69870,33,220696
16495,0.000822,172.31.33.0-255,66,69936,33,220696
16496,0.000827,172.217.194.0-255,5738,75674,33,220696
16497,0.000828,172.31.33.0-255,66,75740,33,220696
16498,0.000844,172.217.194.0-255,7156,82896,33,220696
16499,0.000846,172.31.33.0-255,66,82962,33,220696
16500,0.000849,172.217.194.0-255,2902,85864,33,220696
16501,0.000851,172.31.33.0-255,66,85930,33,220696
16502,0.000883,172.31.33.0-255,66,85996,33,220696
16503,0.0009,172.217.194.0-255,1484,87480,33,220696
16504,0.000903,172.217.194.0-255,2902,90382,33,220696
16505,0.000905,172.31.33.0-255,66,90448,33,220696
16506,0.000931,172.217.194.0-255,1484,91932,33,220696
16507,0.000944,172.217.194.0-255,4320,96252,33,220696
16508,0.000945,172.31.33.0-255,66,96318,33,220696
16509,0.000948,172.217.194.0-255,1484,97802,33,220696
16510,0.000974,172.217.194.0-255,1484,99286,33,220696
16511,0.000978,172.31.33.0-255,66,99352,33,220696
16512,0.001011,172.217.194.0-255,7156,106508,33,220696
16513,0.001013,172.31.33.0-255,66,106574,33,220696
16514,0.00103,172.217.194.0-255,2184,108758,33,220696
16515,0.001032,172.31.33.0-255,66,108824,33,220696
16516,0.001274,172.217.194.0-255,1484,110308,33,220696
16517,0.001278,172.217.194.0-255,2902,113210,33,220696
16518,0.00128,172.31.33.0-255,66,113276,33,220696
16519,0.001305,172.217.194.0-255,5738,119014,33,220696
16520,0.001307,172.31.33.0-255,66,119080,33,220696
16521,0.001309,172.217.194.0-255,1484,120564,33,220696
16522,0.001338,172.31.33.0-255,66,120630,33,220696
16523,0.001373,172.217.194.0-255,4320,124950,33,220696
16524,0.001375,172.31.33.0-255,66,125016,33,220696
16525,0.001397,172.217.194.0-255,6438,131454,33,220696
16526,0.001399,172.31.33.0-255,66,131520,33,220696
16527,0.001432,172.217.194.0-255,1484,133004,33,220696
16528,0.001437,172.217.194.0-255,2902,135906,33,220696
16529,0.001439,172.31.33.0-255,66,135972,33,220696
16530,0.001462,172.217.194.0-255,5738,141710,33,220696
16531,0.001464,172.31.33.0-255,66,141776,33,220696
16532,0.001468,172.217.194.0-255,2902,144678,33,220696
16533,0.001469,172.31.33.0-255,66,144744,33,220696
16534,0.001495,172.31.33.0-255,66,144810,33,220696
16535,0.001498,172.217.194.0-255,1484,146294,33,220696
16536,0.001522,172.31.33.0-255,66,146360,33,220696
16537,0.001609,172.217.194.0-255,1484,147844,33,220696
16538,0.001613,172.217.194.0-255,1484,149328,33,220696
16539,0.001615,172.31.33.0-255,66,149394,33,220696
16540,0.001626,172.217.194.0-255,1484,150878,33,220696
16541,0.001631,172.217.194.0-255,5738,156616,33,220696
16542,0.001632,172.31.33.0-255,66,156682,33,220696
16543,0.00168,172.31.33.0-255,66,156748,33,220696
16544,0.001691,172.31.33.0-255,66,156814,33,220696
16545,0.001714,172.217.194.0-255,2902,159716,33,220696
16546,0.001716,172.31.33.0-255,66,159782,33,220696
16547,0.001758,172.31.33.0-255,66,159848,33,220696
16548,0.001761,172.31.33.0-255,66,159914,33,220696
16549,0.001783,172.217.194.0-255,2902,162816,33,220696
16550,0.001785,172.31.33.0-255,66,162882,33,220696
16551,0.001792,172.217.194.0-255,6438,169320,33,220696
16552,0.001794,172.31.33.0-255,66,169386,33,220696
16553,0.001796,172.217.194.0-255,1484,170870,33,220696
16554,0.001817,172.217.194.0-255,5738,176608,33,220696
16555,0.001821,172.31.33.0-255,66,176674,33,220696
16556,0.001827,172.217.194.0-255,5738,182412,33,220696
16557,0.001829,172.31.33.0-255,66,182478,33,220696
16558,0.001862,172.31.33.0-255,66,182544,33,220696
16559,0.001868,172.217.194.0-255,6438,188982,33,220696
16560,0.001871,172.31.33.0-255,66,189048,33,220696
16561,0.001912,172.217.194.0-255,1484,190532,33,220696
16562,0.001915,172.217.194.0-255,1484,192016,33,220696
16563,0.001917,172.31.33.0-255,66,192082,33,220696
16564,0.001937,172.217.194.0-255,1484,193566,33,220696
16565,0.001943,172.217.194.0-255,5738,199304,33,220696
16566,0.001946,172.31.33.0-255,66,199370,33,220696
16567,0.001978,172.31.33.0-255,66,199436,33,220696
16568,0.001993,172.217.194.0-255,4320,203756,33,220696
16569,0.001996,172.31.33.0-255,66,203822,33,220696
16570,0.002001,172.217.194.0-255,4320,208142,33,220696
16571,0.002003,172.31.33.0-255,66,208208,33,220696
16572,0.002025,172.217.194.0-255,5738,213946,33,220696
16573,0.002027,172.31.33.0-255,66,214012,33,220696
16574,0.002037,172.31.33.0-255,66,214078,33,220696
16575,0.002053,172.217.194.0-255,3602,217680,33,220696
16576,0.002055,172.31.33.0-255,66,217746,33,220696
16577,0.002066,172.31.33.0-255,66,217812,33,220696
16578,0.002069,172.217.194.0-255,2542,220354,33,220696
16579,0.002071,172.31.33.0-255,66,220420,33,220696
16580,0.004057,172.217.194.0-255,105,220525,33,220696
16581,0.00871,172.31.33.0-255,66,220591,33,220696
16582,0.008754,172.31.33.0-255,105,220696,33,220696
16583,0.0,172.31.33.0-255,105,105,33,459
16584,0.000216,172.31.33.0-255,90,195,33,459
16585,0.000225,172.31.33.0-255,66,261,33,459
16586,0.002536,74.125.130.0-255,66,327,33,459
16587,0.00255,74.125.130.0-255,66,393,33,459
16588,0.002561,172.31.33.0-255,66,459,33,459
16589,0.0,74.125.200.0-255,143,143,33,193105
16590,2.7e-05,172.31.33.0-255,66,209,33,193105
16591,3.5e-05,74.125.200.0-255,1484,1693,33,193105
16592,4.1e-05,172.31.33.0-255,66,1759,33,193105
16593,4.8e-05,74.125.200.0-255,2902,4661,33,193105
16594,5.3e-05,172.31.33.0-255,66,4727,33,193105
16595,8.9e-05,74.125.200.0-255,5738,10465,33,193105
16596,9.3e-05,172.31.33.0-255,66,10531,33,193105
16597,0.000119,74.125.200.0-255,1484,12015,33,193105
16598,0.000121,172.31.33.0-255,66,12081,33,193105
16599,0.000132,172.31.33.0-255,66,12147,33,193105
16600,0.000136,74.125.200.0-255,4320,16467,33,193105
16601,0.000138,172.31.33.0-255,66,16533,33,193105
16602,0.000143,74.125.200.0-255,5738,22271,33,193105
16603,0.000146,172.31.33.0-255,66,22337,33,193105
16604,0.000148,74.125.200.0-255,1125,23462,33,193105
16605,0.000151,172.31.33.0-255,66,23528,33,193105
16606,0.000219,74.125.200.0-255,1484,25012,33,193105
16607,0.000222,172.31.33.0-255,66,25078,33,193105
16608,0.000236,74.125.200.0-255,2902,27980,33,193105
16609,0.000239,172.31.33.0-255,66,28046,33,193105
16610,0.00025,74.125.200.0-255,2902,30948,33,193105
16611,0.000252,172.31.33.0-255,66,31014,33,193105
16612,0.000265,74.125.200.0-255,1484,32498,33,193105
16613,0.000268,172.31.33.0-255,66,32564,33,193105
16614,0.000274,74.125.200.0-255,5738,38302,33,193105
16615,0.000276,172.31.33.0-255,66,38368,33,193105
16616,0.0003,74.125.200.0-255,1484,39852,33,193105
16617,0.000302,172.31.33.0-255,66,39918,33,193105
16618,0.000327,172.31.33.0-255,66,39984,33,193105
16619,0.00036,74.125.200.0-255,5738,45722,33,193105
16620,0.000363,172.31.33.0-255,66,45788,33,193105
16621,0.00038,74.125.200.0-255,2184,47972,33,193105
16622,0.000382,172.31.33.0-255,66,48038,33,193105
16623,0.000384,74.125.200.0-255,433,48471,33,193105
16624,0.00052,74.125.200.0-255,1484,49955,33,193105
16625,0.000524,172.31.33.0-255,66,50021,33,193105
16626,0.000529,74.125.200.0-255,2902,52923,33,193105
16627,0.000531,172.31.33.0-255,66,52989,33,193105
16628,0.000544,74.125.200.0-255,2902,55891,33,193105
16629,0.000546,172.31.33.0-255,66,55957,33,193105
16630,0.000568,74.125.200.0-255,2902,58859,33,193105
16631,0.00057,172.31.33.0-255,66,58925,33,193105
16632,0.000573,74.125.200.0-255,1484,60409,33,193105
16633,0.000606,74.125.200.0-255,2902,63311,33,193105
16634,0.000609,172.31.33.0-255,66,63377,33,193105
16635,0.000612,74.125.200.0-255,1484,64861,33,193105
16636,0.000616,74.125.200.0-255,2902,67763,33,193105
16637,0.000618,172.31.33.0-255,66,67829,33,193105
16638,0.000644,74.125.200.0-255,5738,73567,33,193105
16639,0.000647,172.31.33.0-255,66,73633,33,193105
16640,0.000658,74.125.200.0-255,2902,76535,33,193105
16641,0.00066,172.31.33.0-255,66,76601,33,193105
16642,0.000679,74.125.200.0-255,6438,83039,33,193105
16643,0.000682,172.31.33.0-255,66,83105,33,193105
16644,0.000716,74.125.200.0-255,1484,84589,33,193105
16645,0.000731,74.125.200.0-255,1484,86073,33,193105
16646,0.000733,172.31.33.0-255,66,86139,33,193105
16647,0.000751,74.125.200.0-255,1484,87623,33,193105
16648,0.000757,74.125.200.0-255,5738,93361,33,193105
16649,0.000759,172.31.33.0-255,66,93427,33,193105
16650,0.000763,74.125.200.0-255,2902,96329,33,193105
16651,0.000765,172.31.33.0-255,66,96395,33,193105
16652,0.00077,74.125.200.0-255,4320,100715,33,193105
16653,0.000772,172.31.33.0-255,66,100781,33,193105
16654,0.000799,74.125.200.0-255,5738,106519,33,193105
16655,0.000802,172.31.33.0-255,66,106585,33,193105
16656,0.00082,74.125.200.0-255,2902,109487,33,193105
16657,0.000822,172.31.33.0-255,66,109553,33,193105
16658,0.00083,74.125.200.0-255,7156,116709,33,193105
16659,0.000832,172.31.33.0-255,66,116775,33,193105
16660,0.000862,172.31.33.0-255,66,116841,33,193105
16661,0.000866,74.125.200.0-255,4320,121161,33,193105
16662,0.000868,172.31.33.0-255,66,121227,33,193105
16663,0.000881,74.125.200.0-255,2902,124129,33,193105
16664,0.000883,172.31.33.0-255,66,124195,33,193105
16665,0.000889,74.125.200.0-255,4320,128515,33,193105
16666,0.000891,172.31.33.0-255,66,128581,33,193105
16667,0.000916,74.125.200.0-255,4320,132901,33,193105
16668,0.000919,172.31.33.0-255,66,132967,33,193105
16669,0.000931,172.31.33.0-255,66,133033,33,193105
16670,0.001828,74.125.200.0-255,342,133375,33,193105
16671,0.00189,172.31.33.0-255,66,133441,33,193105
16672,0.002083,74.125.200.0-255,1484,134925,33,193105
16673,0.002105,74.125.200.0-255,2902,137827,33,193105
16674,0.002109,172.31.33.0-255,66,137893,33,193105
16675,0.002131,74.125.200.0-255,4320,142213,33,193105
16676,0.002134,172.31.33.0-255,66,142279,33,193105
16677,0.002139,74.125.200.0-255,4320,146599,33,193105
16678,0.002141,172.31.33.0-255,66,146665,33,193105
16679,0.002156,74.125.200.0-255,1484,148149,33,193105
16680,0.002189,172.31.33.0-255,66,148215,33,193105
16681,0.002195,74.125.200.0-255,4320,152535,33,193105
16682,0.002197,172.31.33.0-255,66,152601,33,193105
16683,0.002242,74.125.200.0-255,3602,156203,33,193105
16684,0.002245,172.31.33.0-255,66,156269,33,193105
16685,0.002261,74.125.200.0-255,4320,160589,33,193105
16686,0.002264,172.31.33.0-255,66,160655,33,193105
16687,0.002286,74.125.200.0-255,4320,164975,33,193105
16688,0.002288,172.31.33.0-255,66,165041,33,193105
16689,0.002295,74.125.200.0-255,5738,170779,33,193105
16690,0.002297,172.31.33.0-255,66,170845,33,193105
16691,0.002334,172.31.33.0-255,66,170911,33,193105
16692,0.002339,74.125.200.0-255,4320,175231,33,193105
16693,0.002341,172.31.33.0-255,66,175297,33,193105
16694,0.004646,74.125.200.0-255,2902,178199,33,193105
16695,0.004654,172.31.33.0-255,66,178265,33,193105
16696,0.004674,74.125.200.0-255,2902,181167,33,193105
16697,0.004677,172.31.33.0-255,66,181233,33,193105
16698,0.00697,74.125.200.0-255,2902,184135,33,193105
16699,0.006976,172.31.33.0-255,66,184201,33,193105
16700,0.006994,74.125.200.0-255,2902,187103,33,193105
16701,0.006997,172.31.33.0-255,66,187169,33,193105
16702,0.009289,74.125.200.0-255,2902,190071,33,193105
16703,0.009295,172.31.33.0-255,66,190137,33,193105
16704,0.009318,74.125.200.0-255,2902,193039,33,193105
16705,0.009321,172.31.33.0-255,66,193105,33,193105
16706,0.0,172.217.194.0-255,146,146,33,63241
16707,1.3e-05,172.31.33.0-255,66,212,33,63241
16708,1.9e-05,172.217.194.0-255,1484,1696,33,63241
16709,2.2e-05,172.31.33.0-255,66,1762,33,63241
16710,5.7e-05,172.217.194.0-255,1484,3246,33,63241
16711,6e-05,172.31.33.0-255,66,3312,33,63241
16712,7.6e-05,172.217.194.0-255,1484,4796,33,63241
16713,7.8e-05,172.31.33.0-255,66,4862,33,63241
16714,0.000206,172.217.194.0-255,4320,9182,33,63241
16715,0.000211,172.31.33.0-255,66,9248,33,63241
16716,0.000408,172.217.194.0-255,7156,16404,33,63241
16717,0.000413,172.31.33.0-255,66,16470,33,63241
16718,0.000436,172.217.194.0-255,4820,21290,33,63241
16719,0.000439,172.31.33.0-255,66,21356,33,63241
16720,0.000986,172.217.194.0-255,7156,28512,33,63241
16721,0.000992,172.31.33.0-255,66,28578,33,63241
16722,0.001013,172.217.194.0-255,2543,31121,33,63241
16723,0.001016,172.31.33.0-255,66,31187,33,63241
16724,0.001441,172.217.194.0-255,7156,38343,33,63241
16725,0.001445,172.31.33.0-255,66,38409,33,63241
16726,0.001488,172.31.33.0-255,66,38475,33,63241
16727,0.002388,172.217.194.0-255,5738,44213,33,63241
16728,0.002394,172.31.33.0-255,66,44279,33,63241
16729,0.002425,172.31.33.0-255,66,44345,33,63241
16730,0.003362,172.217.194.0-255,7156,51501,33,63241
16731,0.003367,172.31.33.0-255,66,51567,33,63241
16732,0.003399,172.31.33.0-255,66,51633,33,63241
16733,0.005661,172.217.194.0-255,5738,57371,33,63241
16734,0.005667,172.31.33.0-255,66,57437,33,63241
16735,0.007936,172.217.194.0-255,5738,63175,33,63241
16736,0.007943,172.31.33.0-255,66,63241,33,63241
16737,0.0,172.217.160.0-255,152,152,33,172948
16738,2.6e-05,172.31.33.0-255,66,218,33,172948
16739,3.3e-05,172.217.160.0-255,1484,1702,33,172948
16740,3.7e-05,172.31.33.0-255,66,1768,33,172948
16741,4.3e-05,172.217.160.0-255,2902,4670,33,172948
16742,4.5e-05,172.31.33.0-255,66,4736,33,172948
16743,6.1e-05,172.217.160.0-255,7156,11892,33,172948
16744,6.3e-05,172.31.33.0-255,66,11958,33,172948
16745,7e-05,172.217.160.0-255,5738,17696,33,172948
16746,7.4e-05,172.31.33.0-255,66,17762,33,172948
16747,0.00011,172.31.33.0-255,66,17828,33,172948
16748,0.000117,172.217.160.0-255,5379,23207,33,172948
16749,0.000119,172.31.33.0-255,66,23273,33,172948
16750,0.000269,172.217.160.0-255,1484,24757,33,172948
16751,0.000273,172.31.33.0-255,66,24823,33,172948
16752,0.000278,172.217.160.0-255,2902,27725,33,172948
16753,0.000281,172.31.33.0-255,66,27791,33,172948
16754,0.000286,172.217.160.0-255,4320,32111,33,172948
16755,0.000287,172.31.33.0-255,66,32177,33,172948
16756,0.000312,172.217.160.0-255,1484,33661,33,172948
16757,0.000315,172.31.33.0-255,66,33727,33,172948
16758,0.000323,172.217.160.0-255,6797,40524,33,172948
16759,0.000325,172.31.33.0-255,66,40590,33,172948
16760,0.000545,172.217.160.0-255,1484,42074,33,172948
16761,0.000549,172.217.160.0-255,2902,44976,33,172948
16762,0.00055,172.31.33.0-255,66,45042,33,172948
16763,0.000555,172.31.33.0-255,66,45108,33,172948
16764,0.000583,172.217.160.0-255,5738,50846,33,172948
16765,0.000586,172.31.33.0-255,66,50912,33,172948
16766,0.000613,172.217.160.0-255,7066,57978,33,172948
16767,0.000617,172.31.33.0-255,66,58044,33,172948
16768,0.001004,172.217.160.0-255,120,58164,33,172948
16769,0.001036,172.31.33.0-255,66,58230,33,172948
16770,0.001114,172.217.160.0-255,1484,59714,33,172948
16771,0.001121,172.217.160.0-255,2902,62616,33,172948
16772,0.001124,172.31.33.0-255,66,62682,33,172948
16773,0.001131,172.217.160.0-255,5738,68420,33,172948
16774,0.001132,172.31.33.0-255,66,68486,33,172948
16775,0.001173,172.217.160.0-255,6797,75283,33,172948
16776,0.001176,172.31.33.0-255,66,75349,33,172948
16777,0.00118,172.217.160.0-255,1484,76833,33,172948
16778,0.00121,172.217.160.0-255,5738,82571,33,172948
16779,0.001213,172.31.33.0-255,66,82637,33,172948
16780,0.001219,172.217.160.0-255,4320,86957,33,172948
16781,0.00122,172.31.33.0-255,66,87023,33,172948
16782,0.00125,172.217.160.0-255,5379,92402,33,172948
16783,0.001253,172.31.33.0-255,66,92468,33,172948
16784,0.001491,172.217.160.0-255,1484,93952,33,172948
16785,0.001496,172.217.160.0-255,2902,96854,33,172948
16786,0.001499,172.31.33.0-255,66,96920,33,172948
16787,0.001504,172.217.160.0-255,4320,101240,33,172948
16788,0.001505,172.31.33.0-255,66,101306,33,172948
16789,0.001539,172.217.160.0-255,1484,102790,33,172948
16790,0.001549,172.31.33.0-255,66,102856,33,172948
16791,0.001597,172.217.160.0-255,5738,108594,33,172948
16792,0.001599,172.31.33.0-255,66,108660,33,172948
16793,0.001614,172.217.160.0-255,5020,113680,33,172948
16794,0.001616,172.31.33.0-255,66,113746,33,172948
16795,0.001639,172.217.160.0-255,1484,115230,33,172948
16796,0.001642,172.217.160.0-255,2902,118132,33,172948
16797,0.001644,172.31.33.0-255,66,118198,33,172948
16798,0.001649,172.217.160.0-255,5738,123936,33,172948
16799,0.00165,172.31.33.0-255,66,124002,33,172948
16800,0.001688,172.31.33.0-255,66,124068,33,172948
16801,0.001694,172.217.160.0-255,7156,131224,33,172948
16802,0.001695,172.31.33.0-255,66,131290,33,172948
16803,0.001725,172.217.160.0-255,3602,134892,33,172948
16804,0.001728,172.31.33.0-255,66,134958,33,172948
16805,0.001851,172.217.160.0-255,1484,136442,33,172948
16806,0.001856,172.217.160.0-255,2902,139344,33,172948
16807,0.00186,172.31.33.0-255,66,139410,33,172948
16808,0.001867,172.217.160.0-255,5738,145148,33,172948
16809,0.001869,172.31.33.0-255,66,145214,33,172948
16810,0.001873,172.217.160.0-255,4320,149534,33,172948
16811,0.00188,172.31.33.0-255,66,149600,33,172948
16812,0.001924,172.31.33.0-255,66,149666,33,172948
16813,0.001934,172.31.33.0-255,66,149732,33,172948
16814,0.003804,172.217.160.0-255,5738,155470,33,172948
16815,0.003808,172.31.33.0-255,66,155536,33,172948
16816,0.005691,172.217.160.0-255,5738,161274,33,172948
16817,0.005698,172.31.33.0-255,66,161340,33,172948
16818,0.007574,172.217.160.0-255,5738,167078,33,172948
16819,0.00758,172.31.33.0-255,66,167144,33,172948
16820,0.009458,172.217.160.0-255,5738,172882,33,172948
16821,0.009464,172.31.33.0-255,66,172948,33,172948
16822,0.0,74.125.24.0-255,152,152,33,185265
16823,2.3e-05,172.31.33.0-255,66,218,33,185265
16824,2.9e-05,74.125.24.0-255,1484,1702,33,185265
16825,3.3e-05,172.31.33.0-255,66,1768,33,185265
16826,3.7e-05,74.125.24.0-255,2902,4670,33,185265
16827,3.9e-05,172.31.33.0-255,66,4736,33,185265
16828,4.5e-05,74.125.24.0-255,5738,10474,33,185265
16829,4.8e-05,172.31.33.0-255,66,10540,33,185265
16830,7e-05,74.125.24.0-255,1484,12024,33,185265
16831,7.1e-05,172.31.33.0-255,66,12090,33,185265
16832,7.4e-05,74.125.24.0-255,1484,13574,33,185265
16833,7.6e-05,172.31.33.0-255,66,13640,33,185265
16834,0.000113,172.31.33.0-255,66,13706,33,185265
16835,0.000116,74.125.24.0-255,2543,16249,33,185265
16836,0.000118,172.31.33.0-255,66,16315,33,185265
16837,0.000161,172.31.33.0-255,66,16381,33,185265
16838,0.000175,74.125.24.0-255,1125,17506,33,185265
16839,0.000177,172.31.33.0-255,66,17572,33,185265
16840,0.000379,74.125.24.0-255,1484,19056,33,185265
16841,0.000384,172.31.33.0-255,66,19122,33,185265
16842,0.00039,74.125.24.0-255,1484,20606,33,185265
16843,0.000392,172.31.33.0-255,66,20672,33,185265
16844,0.000395,74.125.24.0-255,1484,22156,33,185265
16845,0.000397,172.31.33.0-255,66,22222,33,185265
16846,0.000413,74.125.24.0-255,1484,23706,33,185265
16847,0.000415,172.31.33.0-255,66,23772,33,185265
16848,0.00043,74.125.24.0-255,5738,29510,33,185265
16849,0.000433,172.31.33.0-255,66,29576,33,185265
16850,0.000449,74.125.24.0-255,5379,34955,33,185265
16851,0.000451,172.31.33.0-255,66,35021,33,185265
16852,0.000497,74.125.24.0-255,1484,36505,33,185265
16853,0.000503,74.125.24.0-255,2902,39407,33,185265
16854,0.000505,172.31.33.0-255,66,39473,33,185265
16855,0.000517,74.125.24.0-255,2902,42375,33,185265
16856,0.000519,172.31.33.0-255,66,42441,33,185265
16857,0.000536,74.125.24.0-255,2902,45343,33,185265
16858,0.000538,172.31.33.0-255,66,45409,33,185265
16859,0.000551,74.125.24.0-255,4320,49729,33,185265
16860,0.000554,172.31.33.0-255,66,49795,33,185265
16861,0.000581,74.125.24.0-255,5379,55174,33,185265
16862,0.000584,172.31.33.0-255,66,55240,33,185265
16863,0.000594,172.31.33.0-255,66,55306,33,185265
16864,0.0006,74.125.24.0-255,4542,59848,33,185265
16865,0.000601,172.31.33.0-255,66,59914,33,185265
16866,0.000776,74.125.24.0-255,1484,61398,33,185265
16867,0.000795,74.125.24.0-255,2902,64300,33,185265
16868,0.000797,172.31.33.0-255,66,64366,33,185265
16869,0.000803,74.125.24.0-255,5738,70104,33,185265
16870,0.000805,172.31.33.0-255,66,70170,33,185265
16871,0.00083,74.125.24.0-255,5738,75908,33,185265
16872,0.000833,172.31.33.0-255,66,75974,33,185265
16873,0.000848,74.125.24.0-255,7156,83130,33,185265
16874,0.000851,172.31.33.0-255,66,83196,33,185265
16875,0.000857,74.125.24.0-255,7156,90352,33,185265
16876,0.000859,172.31.33.0-255,66,90418,33,185265
16877,0.00088,74.125.24.0-255,3602,94020,33,185265
16878,0.000882,172.31.33.0-255,66,94086,33,185265
16879,0.000923,74.125.24.0-255,1484,95570,33,185265
16880,0.000927,74.125.24.0-255,2902,98472,33,185265
16881,0.000929,172.31.33.0-255,66,98538,33,185265
16882,0.000935,74.125.24.0-255,5738,104276,33,185265
16883,0.000938,172.31.33.0-255,66,104342,33,185265
16884,0.000956,74.125.24.0-255,7156,111498,33,185265
16885,0.000959,172.31.33.0-255,66,111564,33,185265
16886,0.000975,74.125.24.0-255,2902,114466,33,185265
16887,0.000978,172.31.33.0-255,66,114532,33,185265
16888,0.001003,172.31.33.0-255,66,114598,33,185265
16889,0.001007,74.125.24.0-255,2184,116782,33,185265
16890,0.001009,172.31.33.0-255,66,116848,33,185265
16891,0.001059,74.125.24.0-255,1484,118332,33,185265
16892,0.001078,74.125.24.0-255,2902,121234,33,185265
16893,0.001081,172.31.33.0-255,66,121300,33,185265
16894,0.001104,74.125.24.0-255,5738,127038,33,185265
16895,0.001107,172.31.33.0-255,66,127104,33,185265
16896,0.001109,74.125.24.0-255,1484,128588,33,185265
16897,0.001127,172.31.33.0-255,66,128654,33,185265
16898,0.001146,74.125.24.0-255,1484,130138,33,185265
16899,0.001172,172.31.33.0-255,66,130204,33,185265
16900,0.001175,74.125.24.0-255,766,130970,33,185265
16901,0.001243,74.125.24.0-255,1484,132454,33,185265
16902,0.001247,172.31.33.0-255,66,132520,33,185265
16903,0.001259,74.125.24.0-255,2902,135422,33,185265
16904,0.001261,172.31.33.0-255,66,135488,33,185265
16905,0.001286,74.125.24.0-255,5738,141226,33,185265
16906,0.001289,172.31.33.0-255,66,141292,33,185265
16907,0.001293,74.125.24.0-255,2902,144194,33,185265
16908,0.001295,172.31.33.0-255,66,144260,33,185265
16909,0.00131,74.125.24.0-255,4320,148580,33,185265
16910,0.001312,172.31.33.0-255,66,148646,33,185265
16911,0.001339,172.31.33.0-255,66,148712,33,185265
16912,0.001366,172.31.33.0-255,66,148778,33,185265
16913,0.001488,74.125.24.0-255,1484,150262,33,185265
16914,0.001493,74.125.24.0-255,2902,153164,33,185265
16915,0.001496,172.31.33.0-255,66,153230,33,185265
16916,0.0015,74.125.24.0-255,4320,157550,33,185265
16917,0.001502,172.31.33.0-255,66,157616,33,185265
16918,0.001514,74.125.24.0-255,1484,159100,33,185265
16919,0.001539,172.31.33.0-255,66,159166,33,185265
16920,0.001555,74.125.24.0-255,4320,163486,33,185265
16921,0.001557,172.31.33.0-255,66,163552,33,185265
16922,0.001562,74.125.24.0-255,5738,169290,33,185265
16923,0.001564,172.31.33.0-255,66,169356,33,185265
16924,0.001602,172.31.33.0-255,66,169422,33,185265
16925,0.001617,172.31.33.0-255,66,169488,33,185265
16926,0.001619,74.125.24.0-255,7156,176644,33,185265
16927,0.001621,172.31.33.0-255,66,176710,33,185265
16928,0.00164,74.125.24.0-255,6438,183148,33,185265
16929,0.001643,172.31.33.0-255,66,183214,33,185265
16930,0.00166,74.125.24.0-255,1484,184698,33,185265
16931,0.00168,172.31.33.0-255,66,184764,33,185265
16932,0.001717,172.31.33.0-255,66,184830,33,185265
16933,0.001758,172.31.33.0-255,66,184896,33,185265
16934,0.001805,172.31.33.0-255,66,184962,33,185265
16935,0.001833,172.31.33.0-255,66,185028,33,185265
16936,0.001857,172.31.33.0-255,66,185094,33,185265
16937,0.001875,172.31.33.0-255,66,185160,33,185265
16938,0.001878,74.125.24.0-255,105,185265,33,185265
16939,0.0,172.217.194.0-255,144,144,33,162336
16940,3.1e-05,172.31.33.0-255,66,210,33,162336
16941,3.8e-05,172.217.194.0-255,1484,1694,33,162336
16942,4.1e-05,172.31.33.0-255,66,1760,33,162336
16943,4.6e-05,172.217.194.0-255,2902,4662,33,162336
16944,5.7e-05,172.31.33.0-255,66,4728,33,162336
16945,6.3e-05,172.217.194.0-255,5738,10466,33,162336
16946,6.6e-05,172.31.33.0-255,66,10532,33,162336
16947,0.000108,172.217.194.0-255,6347,16879,33,162336
16948,0.000111,172.31.33.0-255,66,16945,33,162336
16949,0.00014,172.217.194.0-255,4320,21265,33,162336
16950,0.000143,172.31.33.0-255,66,21331,33,162336
16951,0.000173,172.217.194.0-255,2902,24233,33,162336
16952,0.000176,172.31.33.0-255,66,24299,33,162336
16953,0.000183,172.217.194.0-255,6797,31096,33,162336
16954,0.000186,172.31.33.0-255,66,31162,33,162336
16955,0.000192,172.217.194.0-255,7156,38318,33,162336
16956,0.000194,172.31.33.0-255,66,38384,33,162336
16957,0.000224,172.217.194.0-255,5738,44122,33,162336
16958,0.000229,172.31.33.0-255,66,44188,33,162336
16959,0.000238,172.217.194.0-255,3961,48149,33,162336
16960,0.000245,172.31.33.0-255,66,48215,33,162336
16961,0.000983,172.217.194.0-255,1484,49699,33,162336
16962,0.000989,172.31.33.0-255,66,49765,33,162336
16963,0.000994,172.217.194.0-255,2902,52667,33,162336
16964,0.000997,172.31.33.0-255,66,52733,33,162336
16965,0.001015,172.217.194.0-255,2902,55635,33,162336
16966,0.001018,172.31.33.0-255,66,55701,33,162336
16967,0.001046,172.217.194.0-255,2902,58603,33,162336
16968,0.00105,172.31.33.0-255,66,58669,33,162336
16969,0.001055,172.217.194.0-255,1484,60153,33,162336
16970,0.001056,172.31.33.0-255,66,60219,33,162336
16971,0.001085,172.217.194.0-255,6797,67016,33,162336
16972,0.001086,172.31.33.0-255,66,67082,33,162336
16973,0.001089,172.217.194.0-255,1484,68566,33,162336
16974,0.001114,172.217.194.0-255,5738,74304,33,162336
16975,0.001116,172.31.33.0-255,66,74370,33,162336
16976,0.001144,172.31.33.0-255,66,74436,33,162336
16977,0.001156,172.217.194.0-255,2902,77338,33,162336
16978,0.001161,172.31.33.0-255,66,77404,33,162336
16979,0.001191,172.217.194.0-255,5738,83142,33,162336
16980,0.001193,172.31.33.0-255,66,83208,33,162336
16981,0.001201,172.31.33.0-255,66,83274,33,162336
16982,0.001514,172.217.194.0-255,1484,84758,33,162336
16983,0.001527,172.217.194.0-255,2902,87660,33,162336
16984,0.001528,172.31.33.0-255,66,87726,33,162336
16985,0.001553,172.217.194.0-255,5738,93464,33,162336
16986,0.001555,172.31.33.0-255,66,93530,33,162336
16987,0.001561,172.217.194.0-255,7156,100686,33,162336
16988,0.001563,172.31.33.0-255,66,100752,33,162336
16989,0.001592,172.217.194.0-255,5738,106490,33,162336
16990,0.001594,172.31.33.0-255,66,106556,33,162336
16991,0.001603,172.31.33.0-255,66,106622,33,162336
16992,0.001606,172.217.194.0-255,766,107388,33,162336
16993,0.001689,172.217.194.0-255,1484,108872,33,162336
16994,0.00169,172.31.33.0-255,66,108938,33,162336
16995,0.001713,172.217.194.0-255,2902,111840,33,162336
16996,0.001714,172.31.33.0-255,66,111906,33,162336
16997,0.001719,172.217.194.0-255,5738,117644,33,162336
16998,0.001721,172.31.33.0-255,66,117710,33,162336
16999,0.001747,172.217.194.0-255,7156,124866,33,162336
17000,0.001749,172.31.33.0-255,66,124932,33,162336
17001,0.001754,172.217.194.0-255,5738,130670,33,162336
17002,0.001756,172.31.33.0-255,66,130736,33,162336
17003,0.00179,172.31.33.0-255,66,130802,33,162336
17004,0.001793,172.217.194.0-255,2184,132986,33,162336
17005,0.001795,172.31.33.0-255,66,133052,33,162336
17006,0.001917,172.217.194.0-255,1484,134536,33,162336
17007,0.00194,172.217.194.0-255,2902,137438,33,162336
17008,0.001943,172.31.33.0-255,66,137504,33,162336
17009,0.001949,172.217.194.0-255,5738,143242,33,162336
17010,0.001951,172.31.33.0-255,66,143308,33,162336
17011,0.001986,172.31.33.0-255,66,143374,33,162336
17012,0.001999,172.217.194.0-255,1484,144858,33,162336
17013,0.002015,172.31.33.0-255,66,144924,33,162336
17014,0.004019,172.217.194.0-255,5738,150662,33,162336
17015,0.004022,172.31.33.0-255,66,150728,33,162336
17016,0.006039,172.217.194.0-255,5738,156466,33,162336
17017,0.006045,172.31.33.0-255,66,156532,33,162336
17018,0.008036,172.217.194.0-255,5738,162270,33,162336
17019,0.008043,172.31.33.0-255,66,162336,33,162336
17020,0.0,172.217.194.0-255,153,153,33,155534
17021,2.1e-05,172.31.33.0-255,66,219,33,155534
17022,2.8e-05,172.217.194.0-255,1484,1703,33,155534
17023,3.2e-05,172.31.33.0-255,66,1769,33,155534
17024,3.7e-05,172.217.194.0-255,2902,4671,33,155534
17025,4e-05,172.31.33.0-255,66,4737,33,155534
17026,4.7e-05,172.217.194.0-255,7156,11893,33,155534
17027,4.9e-05,172.31.33.0-255,66,11959,33,155534
17028,5.4e-05,172.217.194.0-255,1973,13932,33,155534
17029,5.7e-05,172.31.33.0-255,66,13998,33,155534
17030,8.2e-05,172.217.194.0-255,5738,19736,33,155534
17031,8.4e-05,172.31.33.0-255,66,19802,33,155534
17032,0.000107,172.217.194.0-255,5738,25540,33,155534
17033,0.00011,172.31.33.0-255,66,25606,33,155534
17034,0.000114,172.217.194.0-255,2902,28508,33,155534
17035,0.000116,172.31.33.0-255,66,28574,33,155534
17036,0.000129,172.217.194.0-255,2543,31117,33,155534
17037,0.000131,172.31.33.0-255,66,31183,33,155534
17038,0.00017,172.217.194.0-255,1484,32667,33,155534
17039,0.000172,172.31.33.0-255,66,32733,33,155534
17040,0.000188,172.217.194.0-255,2902,35635,33,155534
17041,0.000192,172.31.33.0-255,66,35701,33,155534
17042,0.000201,172.217.194.0-255,1484,37185,33,155534
17043,0.000203,172.31.33.0-255,66,37251,33,155534
17044,0.000217,172.217.194.0-255,1484,38735,33,155534
17045,0.000219,172.31.33.0-255,66,38801,33,155534
17046,0.000225,172.217.194.0-255,4320,43121,33,155534
17047,0.000227,172.31.33.0-255,66,43187,33,155534
17048,0.00025,172.217.194.0-255,2902,46089,33,155534
17049,0.000253,172.31.33.0-255,66,46155,33,155534
17050,0.000259,172.217.194.0-255,5738,51893,33,155534
17051,0.000261,172.31.33.0-255,66,51959,33,155534
17052,0.000288,172.31.33.0-255,66,52025,33,155534
17053,0.000293,172.217.194.0-255,2835,54860,33,155534
17054,0.000295,172.31.33.0-255,66,54926,33,155534
17055,0.000452,172.217.194.0-255,363,55289,33,155534
17056,0.000549,172.217.194.0-255,1484,56773,33,155534
17057,0.000553,172.31.33.0-255,66,56839,33,155534
17058,0.000557,172.217.194.0-255,1484,58323,33,155534
17059,0.000573,172.217.194.0-255,1484,59807,33,155534
17060,0.000575,172.31.33.0-255,66,59873,33,155534
17061,0.000602,172.217.194.0-255,4320,64193,33,155534
17062,0.000604,172.31.33.0-255,66,64259,33,155534
17063,0.000618,172.217.194.0-255,1484,65743,33,155534
17064,0.000625,172.217.194.0-255,7156,72899,33,155534
17065,0.000627,172.31.33.0-255,66,72965,33,155534
17066,0.000661,172.217.194.0-255,6797,79762,33,155534
17067,0.000663,172.31.33.0-255,66,79828,33,155534
17068,0.000675,172.31.33.0-255,66,79894,33,155534
17069,0.00116,172.217.194.0-255,1484,81378,33,155534
17070,0.001166,172.217.194.0-255,2902,84280,33,155534
17071,0.001169,172.31.33.0-255,66,84346,33,155534
17072,0.001175,172.217.194.0-255,5738,90084,33,155534
17073,0.001177,172.31.33.0-255,66,90150,33,155534
17074,0.001195,172.217.194.0-255,2902,93052,33,155534
17075,0.001196,172.31.33.0-255,66,93118,33,155534
17076,0.001221,172.31.33.0-255,66,93184,33,155534
17077,0.001227,172.217.194.0-255,7156,100340,33,155534
17078,0.001229,172.31.33.0-255,66,100406,33,155534
17079,0.001248,172.217.194.0-255,3602,104008,33,155534
17080,0.00125,172.31.33.0-255,66,104074,33,155534
17081,0.001272,172.217.194.0-255,1484,105558,33,155534
17082,0.001304,172.31.33.0-255,66,105624,33,155534
17083,0.001335,172.31.33.0-255,66,105690,33,155534
17084,0.001351,172.217.194.0-255,766,106456,33,155534
17085,0.001735,172.31.33.0-255,66,106522,33,155534
17086,0.001878,172.217.194.0-255,1484,108006,33,155534
17087,0.001887,172.217.194.0-255,2902,110908,33,155534
17088,0.00189,172.31.33.0-255,66,110974,33,155534
17089,0.001896,172.217.194.0-255,5738,116712,33,155534
17090,0.001898,172.31.33.0-255,66,116778,33,155534
17091,0.001925,172.217.194.0-255,5738,122516,33,155534
17092,0.001928,172.31.33.0-255,66,122582,33,155534
17093,0.001945,172.217.194.0-255,7156,129738,33,155534
17094,0.001947,172.31.33.0-255,66,129804,33,155534
17095,0.001953,172.217.194.0-255,7156,136960,33,155534
17096,0.001955,172.31.33.0-255,66,137026,33,155534
17097,0.001974,172.217.194.0-255,2902,139928,33,155534
17098,0.001977,172.31.33.0-255,66,139994,33,155534
17099,0.001979,172.217.194.0-255,766,140760,33,155534
17100,0.004482,172.217.194.0-255,1484,142244,33,155534
17101,0.004488,172.31.33.0-255,66,142310,33,155534
17102,0.004501,172.217.194.0-255,2902,145212,33,155534
17103,0.004503,172.31.33.0-255,66,145278,33,155534
17104,0.007047,172.217.194.0-255,4320,149598,33,155534
17105,0.007053,172.31.33.0-255,66,149664,33,155534
17106,0.007068,172.217.194.0-255,1484,151148,33,155534
17107,0.009605,172.217.194.0-255,4320,155468,33,155534
17108,0.009612,172.31.33.0-255,66,155534,33,155534
17109,0.0,74.125.24.0-255,147,147,33,190647
17110,1.9e-05,172.31.33.0-255,66,213,33,190647
17111,2.5e-05,74.125.24.0-255,1484,1697,33,190647
17112,2.9e-05,172.31.33.0-255,66,1763,33,190647
17113,3.3e-05,74.125.24.0-255,2902,4665,33,190647
17114,3.7e-05,172.31.33.0-255,66,4731,33,190647
17115,5e-05,74.125.24.0-255,7156,11887,33,190647
17116,5.4e-05,172.31.33.0-255,66,11953,33,190647
17117,6e-05,74.125.24.0-255,5738,17691,33,190647
17118,6.3e-05,172.31.33.0-255,66,17757,33,190647
17119,9.1e-05,74.125.24.0-255,6382,24139,33,190647
17120,9.4e-05,172.31.33.0-255,66,24205,33,190647
17121,9.9e-05,74.125.24.0-255,4320,28525,33,190647
17122,0.000101,172.31.33.0-255,66,28591,33,190647
17123,0.000126,74.125.24.0-255,2543,31134,33,190647
17124,0.000128,172.31.33.0-255,66,31200,33,190647
17125,0.000294,74.125.24.0-255,1484,32684,33,190647
17126,0.000298,172.31.33.0-255,66,32750,33,190647
17127,0.000325,74.125.24.0-255,1484,34234,33,190647
17128,0.000327,172.31.33.0-255,66,34300,33,190647
17129,0.000344,74.125.24.0-255,1484,35784,33,190647
17130,0.000346,172.31.33.0-255,66,35850,33,190647
17131,0.000352,74.125.24.0-255,5738,41588,33,190647
17132,0.000354,172.31.33.0-255,66,41654,33,190647
17133,0.000362,74.125.24.0-255,7156,48810,33,190647
17134,0.000364,172.31.33.0-255,66,48876,33,190647
17135,0.000398,74.125.24.0-255,6797,55673,33,190647
17136,0.0004,172.31.33.0-255,66,55739,33,190647
17137,0.000407,74.125.24.0-255,5738,61477,33,190647
17138,0.000409,172.31.33.0-255,66,61543,33,190647
17139,0.00043,74.125.24.0-255,4272,65815,33,190647
17140,0.000432,172.31.33.0-255,66,65881,33,190647
17141,0.000439,74.125.24.0-255,345,66226,33,190647
17142,0.000503,74.125.24.0-255,1484,67710,33,190647
17143,0.000506,172.31.33.0-255,66,67776,33,190647
17144,0.000534,74.125.24.0-255,2902,70678,33,190647
17145,0.000536,172.31.33.0-255,66,70744,33,190647
17146,0.000542,74.125.24.0-255,5738,76482,33,190647
17147,0.000545,172.31.33.0-255,66,76548,33,190647
17148,0.000586,74.125.24.0-255,2902,79450,33,190647
17149,0.000588,172.31.33.0-255,66,79516,33,190647
17150,0.000615,74.125.24.0-255,3411,82927,33,190647
17151,0.000617,172.31.33.0-255,66,82993,33,190647
17152,0.000704,74.125.24.0-255,1484,84477,33,190647
17153,0.000708,74.125.24.0-255,2902,87379,33,190647
17154,0.00071,74.125.24.0-255,1484,88863,33,190647
17155,0.000716,172.31.33.0-255,66,88929,33,190647
17156,0.000729,74.125.24.0-255,5738,94667,33,190647
17157,0.000734,172.31.33.0-255,66,94733,33,190647
17158,0.00077,172.31.33.0-255,66,94799,33,190647
17159,0.000781,172.31.33.0-255,66,94865,33,190647
17160,0.000899,74.125.24.0-255,1484,96349,33,190647
17161,0.000904,74.125.24.0-255,2902,99251,33,190647
17162,0.000907,172.31.33.0-255,66,99317,33,190647
17163,0.00091,74.125.24.0-255,1484,100801,33,190647
17164,0.000935,74.125.24.0-255,4320,105121,33,190647
17165,0.00094,74.125.24.0-255,4320,109441,33,190647
17166,0.000944,172.31.33.0-255,66,109507,33,190647
17167,0.000951,172.31.33.0-255,66,109573,33,190647
17168,0.000957,74.125.24.0-255,5738,115311,33,190647
17169,0.000959,172.31.33.0-255,66,115377,33,190647
17170,0.000983,74.125.24.0-255,2902,118279,33,190647
17171,0.000986,172.31.33.0-255,66,118345,33,190647
17172,0.00099,74.125.24.0-255,2902,121247,33,190647
17173,0.000996,172.31.33.0-255,66,121313,33,190647
17174,0.001025,172.31.33.0-255,66,121379,33,190647
17175,0.001209,74.125.24.0-255,1484,122863,33,190647
17176,0.001215,74.125.24.0-255,2902,125765,33,190647
17177,0.001217,172.31.33.0-255,66,125831,33,190647
17178,0.001247,74.125.24.0-255,5738,131569,33,190647
17179,0.001251,172.31.33.0-255,66,131635,33,190647
17180,0.001267,74.125.24.0-255,2902,134537,33,190647
17181,0.001269,172.31.33.0-255,66,134603,33,190647
17182,0.001295,172.31.33.0-255,66,134669,33,190647
17183,0.001318,74.125.24.0-255,4320,138989,33,190647
17184,0.00132,172.31.33.0-255,66,139055,33,190647
17185,0.001346,74.125.24.0-255,6438,145493,33,190647
17186,0.001348,172.31.33.0-255,66,145559,33,190647
17187,0.001368,74.125.24.0-255,1484,147043,33,190647
17188,0.001371,74.125.24.0-255,1484,148527,33,190647
17189,0.001373,172.31.33.0-255,66,148593,33,190647
17190,0.0014,74.125.24.0-255,1484,150077,33,190647
17191,0.001406,74.125.24.0-255,5738,155815,33,190647
17192,0.001408,172.31.33.0-255,66,155881,33,190647
17193,0.001411,74.125.24.0-255,1484,157365,33,190647
17194,0.001441,172.31.33.0-255,66,157431,33,190647
17195,0.00145,172.31.33.0-255,66,157497,33,190647
17196,0.001475,74.125.24.0-255,2902,160399,33,190647
17197,0.001477,172.31.33.0-255,66,160465,33,190647
17198,0.001481,74.125.24.0-255,2184,162649,33,190647
17199,0.001483,172.31.33.0-255,66,162715,33,190647
17200,0.001487,74.125.24.0-255,2902,165617,33,190647
17201,0.001492,172.31.33.0-255,66,165683,33,190647
17202,0.001528,74.125.24.0-255,4320,170003,33,190647
17203,0.00153,172.31.33.0-255,66,170069,33,190647
17204,0.001541,74.125.24.0-255,2902,172971,33,190647
17205,0.001543,172.31.33.0-255,66,173037,33,190647
17206,0.001553,172.31.33.0-255,66,173103,33,190647
17207,0.001573,172.31.33.0-255,66,173169,33,190647
17208,0.003861,74.125.24.0-255,1484,174653,33,190647
17209,0.003882,74.125.24.0-255,4320,178973,33,190647
17210,0.003887,172.31.33.0-255,66,179039,33,190647
17211,0.006199,74.125.24.0-255,5738,184777,33,190647
17212,0.006205,172.31.33.0-255,66,184843,33,190647
17213,0.008516,74.125.24.0-255,5738,190581,33,190647
17214,0.008523,172.31.33.0-255,66,190647,33,190647
17215,0.0,172.31.33.0-255,105,105,33,984
17216,0.000101,172.31.33.0-255,105,210,33,984
17217,0.000319,172.31.33.0-255,90,300,33,984
17218,0.000327,172.31.33.0-255,66,366,33,984
17219,0.000475,172.31.33.0-255,90,456,33,984
17220,0.000482,172.31.33.0-255,66,522,33,984
17221,0.002101,172.217.27.0-255,66,588,33,984
17222,0.002113,172.217.27.0-255,66,654,33,984
17223,0.002122,172.31.33.0-255,66,720,33,984
17224,0.002599,74.125.24.0-255,66,786,33,984
17225,0.002616,74.125.24.0-255,66,852,33,984
17226,0.002618,172.31.33.0-255,66,918,33,984
17227,0.002634,74.125.24.0-255,66,984,33,984
17228,0.0,172.217.194.0-255,153,153,33,125692
17229,1.8e-05,172.31.33.0-255,66,219,33,125692
17230,3e-05,172.217.194.0-255,1484,1703,33,125692
17231,3.3e-05,172.31.33.0-255,66,1769,33,125692
17232,4.1e-05,172.217.194.0-255,2902,4671,33,125692
17233,4.4e-05,172.31.33.0-255,66,4737,33,125692
17234,8.2e-05,172.217.194.0-255,4320,9057,33,125692
17235,8.5e-05,172.31.33.0-255,66,9123,33,125692
17236,0.000109,172.217.194.0-255,2902,12025,33,125692
17237,0.000112,172.31.33.0-255,66,12091,33,125692
17238,0.000118,172.217.194.0-255,5738,17829,33,125692
17239,0.00012,172.31.33.0-255,66,17895,33,125692
17240,0.000145,172.217.194.0-255,2030,19925,33,125692
17241,0.000147,172.31.33.0-255,66,19991,33,125692
17242,0.000158,172.31.33.0-255,66,20057,33,125692
17243,0.000167,172.217.194.0-255,5738,25795,33,125692
17244,0.00017,172.31.33.0-255,66,25861,33,125692
17245,0.000209,172.31.33.0-255,66,25927,33,125692
17246,0.000212,172.217.194.0-255,766,26693,33,125692
17247,0.000213,172.31.33.0-255,66,26759,33,125692
17248,0.000237,172.217.194.0-255,1484,28243,33,125692
17249,0.00024,172.31.33.0-255,66,28309,33,125692
17250,0.000243,172.217.194.0-255,2902,31211,33,125692
17251,0.000246,172.31.33.0-255,66,31277,33,125692
17252,0.000249,172.217.194.0-255,1484,32761,33,125692
17253,0.00025,172.31.33.0-255,66,32827,33,125692
17254,0.000282,172.217.194.0-255,4320,37147,33,125692
17255,0.000285,172.31.33.0-255,66,37213,33,125692
17256,0.000296,172.217.194.0-255,6797,44010,33,125692
17257,0.000299,172.31.33.0-255,66,44076,33,125692
17258,0.000323,172.217.194.0-255,645,44721,33,125692
17259,0.000424,172.217.194.0-255,1484,46205,33,125692
17260,0.000428,172.31.33.0-255,66,46271,33,125692
17261,0.000432,172.217.194.0-255,2902,49173,33,125692
17262,0.000434,172.31.33.0-255,66,49239,33,125692
17263,0.000459,172.217.194.0-255,5738,54977,33,125692
17264,0.000463,172.31.33.0-255,66,55043,33,125692
17265,0.000487,172.31.33.0-255,66,55109,33,125692
17266,0.000516,172.217.194.0-255,5379,60488,33,125692
17267,0.000519,172.31.33.0-255,66,60554,33,125692
17268,0.000555,172.31.33.0-255,66,60620,33,125692
17269,0.000725,172.217.194.0-255,1484,62104,33,125692
17270,0.000739,172.217.194.0-255,2902,65006,33,125692
17271,0.000742,172.31.33.0-255,66,65072,33,125692
17272,0.000752,172.217.194.0-255,1484,66556,33,125692
17273,0.000769,172.217.194.0-255,4320,70876,33,125692
17274,0.000772,172.31.33.0-255,66,70942,33,125692
17275,0.00083,172.31.33.0-255,66,71008,33,125692
17276,0.000835,172.217.194.0-255,4320,75328,33,125692
17277,0.000837,172.31.33.0-255,66,75394,33,125692
17278,0.000867,172.217.194.0-255,6438,81832,33,125692
17279,0.00087,172.31.33.0-255,66,81898,33,125692
17280,0.0016,172.217.194.0-255,1484,83382,33,125692
17281,0.00161,172.217.194.0-255,2902,86284,33,125692
17282,0.001614,172.31.33.0-255,66,86350,33,125692
17283,0.001622,172.217.194.0-255,5738,92088,33,125692
17284,0.001624,172.31.33.0-255,66,92154,33,125692
17285,0.001645,172.217.194.0-255,7156,99310,33,125692
17286,0.001648,172.31.33.0-255,66,99376,33,125692
17287,0.001679,172.217.194.0-255,4320,103696,33,125692
17288,0.001683,172.31.33.0-255,66,103762,33,125692
17289,0.001701,172.31.33.0-255,66,103828,33,125692
17290,0.003738,172.217.194.0-255,4320,108148,33,125692
17291,0.003743,172.31.33.0-255,66,108214,33,125692
17292,0.003767,172.217.194.0-255,1484,109698,33,125692
17293,0.005804,172.217.194.0-255,4320,114018,33,125692
17294,0.005808,172.31.33.0-255,66,114084,33,125692
17295,0.00787,172.217.194.0-255,5738,119822,33,125692
17296,0.007876,172.31.33.0-255,66,119888,33,125692
17297,0.009961,172.217.194.0-255,5738,125626,33,125692
17298,0.009967,172.31.33.0-255,66,125692,33,125692
17299,0.0,172.31.33.0-255,105,105,33,1836
17300,4.1e-05,172.31.33.0-255,105,210,33,1836
17301,9.9e-05,172.31.33.0-255,105,315,33,1836
17302,0.000152,172.31.33.0-255,105,420,33,1836
17303,0.000353,172.31.33.0-255,90,510,33,1836
17304,0.000363,172.31.33.0-255,66,576,33,1836
17305,0.000539,172.31.33.0-255,90,666,33,1836
17306,0.000547,172.31.33.0-255,66,732,33,1836
17307,0.001007,172.31.33.0-255,90,822,33,1836
17308,0.001015,172.31.33.0-255,66,888,33,1836
17309,0.001167,172.31.33.0-255,90,978,33,1836
17310,0.001175,172.31.33.0-255,66,1044,33,1836
17311,0.002416,74.125.24.0-255,66,1110,33,1836
17312,0.002432,74.125.24.0-255,66,1176,33,1836
17313,0.002444,172.31.33.0-255,66,1242,33,1836
17314,0.003006,172.217.194.0-255,66,1308,33,1836
17315,0.003019,172.217.194.0-255,66,1374,33,1836
17316,0.003022,172.31.33.0-255,66,1440,33,1836
17317,0.003048,74.125.200.0-255,66,1506,33,1836
17318,0.003063,74.125.200.0-255,66,1572,33,1836
17319,0.003065,172.31.33.0-255,66,1638,33,1836
17320,0.00315,74.125.200.0-255,66,1704,33,1836
17321,0.003155,74.125.200.0-255,66,1770,33,1836
17322,0.003157,172.31.33.0-255,66,1836,33,1836
17323,0.0,74.125.24.0-255,153,153,33,140424
17324,2.7e-05,172.31.33.0-255,66,219,33,140424
17325,3.4e-05,74.125.24.0-255,1484,1703,33,140424
17326,3.8e-05,172.31.33.0-255,66,1769,33,140424
17327,4.2e-05,74.125.24.0-255,2902,4671,33,140424
17328,4.4e-05,172.31.33.0-255,66,4737,33,140424
17329,5.2e-05,74.125.24.0-255,7156,11893,33,140424
17330,5.5e-05,172.31.33.0-255,66,11959,33,140424
17331,6.1e-05,74.125.24.0-255,7156,19115,33,140424
17332,6.3e-05,172.31.33.0-255,66,19181,33,140424
17333,8.2e-05,74.125.24.0-255,2017,21198,33,140424
17334,8.4e-05,172.31.33.0-255,66,21264,33,140424
17335,8.9e-05,74.125.24.0-255,4320,25584,33,140424
17336,9.1e-05,172.31.33.0-255,66,25650,33,140424
17337,0.000112,74.125.24.0-255,5379,31029,33,140424
17338,0.000114,172.31.33.0-255,66,31095,33,140424
17339,0.000177,74.125.24.0-255,1484,32579,33,140424
17340,0.00018,172.31.33.0-255,66,32645,33,140424
17341,0.000192,74.125.24.0-255,2902,35547,33,140424
17342,0.000194,172.31.33.0-255,66,35613,33,140424
17343,0.000215,74.125.24.0-255,5738,41351,33,140424
17344,0.000217,172.31.33.0-255,66,41417,33,140424
17345,0.00022,74.125.24.0-255,1484,42901,33,140424
17346,0.000221,172.31.33.0-255,66,42967,33,140424
17347,0.000254,172.31.33.0-255,66,43033,33,140424
17348,0.000266,74.125.24.0-255,1484,44517,33,140424
17349,0.000269,172.31.33.0-255,66,44583,33,140424
17350,0.000284,74.125.24.0-255,7156,51739,33,140424
17351,0.000286,172.31.33.0-255,66,51805,33,140424
17352,0.000306,74.125.24.0-255,766,52571,33,140424
17353,0.000308,172.31.33.0-255,66,52637,33,140424
17354,0.000765,74.125.24.0-255,645,53282,33,140424
17355,0.001004,74.125.24.0-255,1484,54766,33,140424
17356,0.001008,172.31.33.0-255,66,54832,33,140424
17357,0.001013,74.125.24.0-255,2902,57734,33,140424
17358,0.001015,172.31.33.0-255,66,57800,33,140424
17359,0.00102,74.125.24.0-255,5738,63538,33,140424
17360,0.001022,172.31.33.0-255,66,63604,33,140424
17361,0.001025,74.125.24.0-255,1484,65088,33,140424
17362,0.001044,74.125.24.0-255,5738,70826,33,140424
17363,0.001047,172.31.33.0-255,66,70892,33,140424
17364,0.001052,74.125.24.0-255,2902,73794,33,140424
17365,0.001053,172.31.33.0-255,66,73860,33,140424
17366,0.00109,172.31.33.0-255,66,73926,33,140424
17367,0.001094,74.125.24.0-255,2184,76110,33,140424
17368,0.001095,172.31.33.0-255,66,76176,33,140424
17369,0.001223,74.125.24.0-255,1484,77660,33,140424
17370,0.00124,74.125.24.0-255,2902,80562,33,140424
17371,0.001243,172.31.33.0-255,66,80628,33,140424
17372,0.001248,74.125.24.0-255,1484,82112,33,140424
17373,0.001267,74.125.24.0-255,4320,86432,33,140424
17374,0.001269,172.31.33.0-255,66,86498,33,140424
17375,0.001298,172.31.33.0-255,66,86564,33,140424
17376,0.001318,74.125.24.0-255,1484,88048,33,140424
17377,0.001329,172.31.33.0-255,66,88114,33,140424
17378,0.001606,74.125.24.0-255,1484,89598,33,140424
17379,0.001616,74.125.24.0-255,1484,91082,33,140424
17380,0.001618,172.31.33.0-255,66,91148,33,140424
17381,0.001632,74.125.24.0-255,1484,92632,33,140424
17382,0.001638,74.125.24.0-255,5738,98370,33,140424
17383,0.001639,172.31.33.0-255,66,98436,33,140424
17384,0.001664,74.125.24.0-255,7156,105592,33,140424
17385,0.001666,172.31.33.0-255,66,105658,33,140424
17386,0.001679,74.125.24.0-255,1484,107142,33,140424
17387,0.0017,172.31.33.0-255,66,107208,33,140424
17388,0.001718,74.125.24.0-255,4320,111528,33,140424
17389,0.00172,172.31.33.0-255,66,111594,33,140424
17390,0.001741,74.125.24.0-255,2184,113778,33,140424
17391,0.001743,172.31.33.0-255,66,113844,33,140424
17392,0.002361,74.125.24.0-255,1484,115328,33,140424
17393,0.002375,74.125.24.0-255,2902,118230,33,140424
17394,0.002377,172.31.33.0-255,66,118296,33,140424
17395,0.002388,74.125.24.0-255,1484,119780,33,140424
17396,0.002408,74.125.24.0-255,4320,124100,33,140424
17397,0.002409,172.31.33.0-255,66,124166,33,140424
17398,0.002412,74.125.24.0-255,1484,125650,33,140424
17399,0.004759,74.125.24.0-255,1484,127134,33,140424
17400,0.004763,172.31.33.0-255,66,127200,33,140424
17401,0.004775,74.125.24.0-255,2902,130102,33,140424
17402,0.004778,172.31.33.0-255,66,130168,33,140424
17403,0.007141,74.125.24.0-255,4320,134488,33,140424
17404,0.007147,172.31.33.0-255,66,134554,33,140424
17405,0.007165,74.125.24.0-255,1484,136038,33,140424
17406,0.009506,74.125.24.0-255,4320,140358,33,140424
17407,0.009513,172.31.33.0-255,66,140424,33,140424
17408,0.0,172.217.27.0-255,144,144,33,188183
17409,2.4e-05,172.31.33.0-255,66,210,33,188183
17410,2.9e-05,172.217.27.0-255,1484,1694,33,188183
17411,3.3e-05,172.31.33.0-255,66,1760,33,188183
17412,7.2e-05,172.217.27.0-255,2902,4662,33,188183
17413,7.4e-05,172.217.27.0-255,1484,6146,33,188183
17414,7.6e-05,172.31.33.0-255,66,6212,33,188183
17415,7.9e-05,172.31.33.0-255,66,6278,33,188183
17416,9.6e-05,172.217.27.0-255,5738,12016,33,188183
17417,9.8e-05,172.31.33.0-255,66,12082,33,188183
17418,0.000101,172.217.27.0-255,1484,13566,33,188183
17419,0.000103,172.31.33.0-255,66,13632,33,188183
17420,0.000119,172.217.27.0-255,710,14342,33,188183
17421,0.000121,172.31.33.0-255,66,14408,33,188183
17422,0.000126,172.217.27.0-255,2902,17310,33,188183
17423,0.000128,172.31.33.0-255,66,17376,33,188183
17424,0.00013,172.217.27.0-255,1484,18860,33,188183
17425,0.000132,172.31.33.0-255,66,18926,33,188183
17426,0.000158,172.217.27.0-255,5738,24664,33,188183
17427,0.000163,172.31.33.0-255,66,24730,33,188183
17428,0.000169,172.217.27.0-255,6797,31527,33,188183
17429,0.000172,172.31.33.0-255,66,31593,33,188183
17430,0.00021,172.217.27.0-255,1484,33077,33,188183
17431,0.000212,172.31.33.0-255,66,33143,33,188183
17432,0.000241,172.217.27.0-255,2902,36045,33,188183
17433,0.000244,172.31.33.0-255,66,36111,33,188183
17434,0.000249,172.217.27.0-255,5738,41849,33,188183
17435,0.000251,172.31.33.0-255,66,41915,33,188183
17436,0.000256,172.217.27.0-255,2902,44817,33,188183
17437,0.000258,172.31.33.0-255,66,44883,33,188183
17438,0.000277,172.217.27.0-255,3961,48844,33,188183
17439,0.000279,172.31.33.0-255,66,48910,33,188183
17440,0.000674,172.217.27.0-255,1484,50394,33,188183
17441,0.00068,172.217.27.0-255,2902,53296,33,188183
17442,0.000683,172.31.33.0-255,66,53362,33,188183
17443,0.000687,172.217.27.0-255,1484,54846,33,188183
17444,0.000708,172.217.27.0-255,4320,59166,33,188183
17445,0.000711,172.31.33.0-255,66,59232,33,188183
17446,0.000718,172.217.27.0-255,6797,66029,33,188183
17447,0.00072,172.31.33.0-255,66,66095,33,188183
17448,0.000743,172.217.27.0-255,395,66490,33,188183
17449,0.000809,172.31.33.0-255,66,66556,33,188183
17450,0.000874,172.217.27.0-255,1484,68040,33,188183
17451,0.000891,172.217.27.0-255,2902,70942,33,188183
17452,0.000895,172.31.33.0-255,66,71008,33,188183
17453,0.00091,172.217.27.0-255,5738,76746,33,188183
17454,0.000913,172.31.33.0-255,66,76812,33,188183
17455,0.000937,172.217.27.0-255,2902,79714,33,188183
17456,0.00094,172.31.33.0-255,66,79780,33,188183
17457,0.000945,172.217.27.0-255,3961,83741,33,188183
17458,0.000947,172.31.33.0-255,66,83807,33,188183
17459,0.000953,172.217.27.0-255,5738,89545,33,188183
17460,0.000955,172.31.33.0-255,66,89611,33,188183
17461,0.00098,172.217.27.0-255,2902,92513,33,188183
17462,0.000983,172.31.33.0-255,66,92579,33,188183
17463,0.000988,172.217.27.0-255,4320,96899,33,188183
17464,0.00099,172.31.33.0-255,66,96965,33,188183
17465,0.000993,172.217.27.0-255,1484,98449,33,188183
17466,0.000996,172.217.27.0-255,2245,100694,33,188183
17467,0.000998,172.31.33.0-255,66,100760,33,188183
17468,0.001038,172.217.27.0-255,646,101406,33,188183
17469,0.001074,172.217.27.0-255,1484,102890,33,188183
17470,0.001077,172.31.33.0-255,66,102956,33,188183
17471,0.001099,172.217.27.0-255,4320,107276,33,188183
17472,0.001101,172.31.33.0-255,66,107342,33,188183
17473,0.00112,172.217.27.0-255,5738,113080,33,188183
17474,0.001122,172.31.33.0-255,66,113146,33,188183
17475,0.001135,172.217.27.0-255,4320,117466,33,188183
17476,0.001137,172.31.33.0-255,66,117532,33,188183
17477,0.001139,172.217.27.0-255,459,117991,33,188183
17478,0.001193,172.217.27.0-255,1484,119475,33,188183
17479,0.001197,172.31.33.0-255,66,119541,33,188183
17480,0.001201,172.217.27.0-255,2902,122443,33,188183
17481,0.001204,172.31.33.0-255,66,122509,33,188183
17482,0.001236,172.217.27.0-255,2902,125411,33,188183
17483,0.001239,172.31.33.0-255,66,125477,33,188183
17484,0.001252,172.217.27.0-255,1484,126961,33,188183
17485,0.001258,172.217.27.0-255,5738,132699,33,188183
17486,0.00126,172.31.33.0-255,66,132765,33,188183
17487,0.001292,172.217.27.0-255,1484,134249,33,188183
17488,0.001311,172.217.27.0-255,1822,136071,33,188183
17489,0.001316,172.31.33.0-255,66,136137,33,188183
17490,0.001343,172.217.27.0-255,1484,137621,33,188183
17491,0.001359,172.217.27.0-255,2902,140523,33,188183
17492,0.001362,172.31.33.0-255,66,140589,33,188183
17493,0.001368,172.217.27.0-255,5738,146327,33,188183
17494,0.00137,172.31.33.0-255,66,146393,33,188183
17495,0.001373,172.217.27.0-255,2902,149295,33,188183
17496,0.001374,172.31.33.0-255,66,149361,33,188183
17497,0.001379,172.217.27.0-255,4320,153681,33,188183
17498,0.001381,172.31.33.0-255,66,153747,33,188183
17499,0.001404,172.31.33.0-255,66,153813,33,188183
17500,0.001453,172.217.27.0-255,2902,156715,33,188183
17501,0.001454,172.31.33.0-255,66,156781,33,188183
17502,0.001473,172.217.27.0-255,5020,161801,33,188183
17503,0.001475,172.31.33.0-255,66,161867,33,188183
17504,0.003142,172.217.27.0-255,4320,166187,33,188183
17505,0.003144,172.31.33.0-255,66,166253,33,188183
17506,0.003158,172.217.27.0-255,1484,167737,33,188183
17507,0.004806,172.217.27.0-255,2902,170639,33,188183
17508,0.004809,172.31.33.0-255,66,170705,33,188183
17509,0.004826,172.217.27.0-255,1484,172189,33,188183
17510,0.006471,172.217.27.0-255,4320,176509,33,188183
17511,0.006477,172.31.33.0-255,66,176575,33,188183
17512,0.008155,172.217.27.0-255,5738,182313,33,188183
17513,0.008162,172.31.33.0-255,66,182379,33,188183
17514,0.009837,172.217.27.0-255,5738,188117,33,188183
17515,0.009845,172.31.33.0-255,66,188183,33,188183
17516,0.0,172.217.194.0-255,150,150,33,160876
17517,2.2e-05,172.31.33.0-255,66,216,33,160876
17518,3.5e-05,172.217.194.0-255,1484,1700,33,160876
17519,3.8e-05,172.31.33.0-255,66,1766,33,160876
17520,4.9e-05,172.217.194.0-255,2902,4668,33,160876
17521,5.1e-05,172.31.33.0-255,66,4734,33,160876
17522,5.3e-05,172.217.194.0-255,1484,6218,33,160876
17523,5.5e-05,172.31.33.0-255,66,6284,33,160876
17524,8.3e-05,172.217.194.0-255,4320,10604,33,160876
17525,8.5e-05,172.31.33.0-255,66,10670,33,160876
17526,9e-05,172.217.194.0-255,5738,16408,33,160876
17527,9.2e-05,172.31.33.0-255,66,16474,33,160876
17528,0.000131,172.31.33.0-255,66,16540,33,160876
17529,0.000138,172.217.194.0-255,6797,23337,33,160876
17530,0.00014,172.31.33.0-255,66,23403,33,160876
17531,0.000166,172.217.194.0-255,1484,24887,33,160876
17532,0.000168,172.31.33.0-255,66,24953,33,160876
17533,0.000173,172.217.194.0-255,2902,27855,33,160876
17534,0.000174,172.31.33.0-255,66,27921,33,160876
17535,0.000204,172.217.194.0-255,5738,33659,33,160876
17536,0.000206,172.31.33.0-255,66,33725,33,160876
17537,0.000239,172.217.194.0-255,6797,40522,33,160876
17538,0.000242,172.31.33.0-255,66,40588,33,160876
17539,0.000255,172.31.33.0-255,66,40654,33,160876
17540,0.000266,172.217.194.0-255,2865,43519,33,160876
17541,0.000269,172.31.33.0-255,66,43585,33,160876
17542,0.000434,172.217.194.0-255,363,43948,33,160876
17543,0.000439,172.31.33.0-255,66,44014,33,160876
17544,0.000697,172.217.194.0-255,1484,45498,33,160876
17545,0.000702,172.31.33.0-255,66,45564,33,160876
17546,0.000715,172.217.194.0-255,2902,48466,33,160876
17547,0.000718,172.31.33.0-255,66,48532,33,160876
17548,0.000729,172.217.194.0-255,5738,54270,33,160876
17549,0.000731,172.31.33.0-255,66,54336,33,160876
17550,0.00078,172.31.33.0-255,66,54402,33,160876
17551,0.000786,172.31.33.0-255,66,54468,33,160876
17552,0.001268,172.217.194.0-255,1484,55952,33,160876
17553,0.001277,172.217.194.0-255,2902,58854,33,160876
17554,0.001281,172.31.33.0-255,66,58920,33,160876
17555,0.001288,172.217.194.0-255,5738,64658,33,160876
17556,0.00129,172.31.33.0-255,66,64724,33,160876
17557,0.001312,172.217.194.0-255,5738,70462,33,160876
17558,0.001314,172.31.33.0-255,66,70528,33,160876
17559,0.001355,172.217.194.0-255,7156,77684,33,160876
17560,0.001358,172.31.33.0-255,66,77750,33,160876
17561,0.001374,172.31.33.0-255,66,77816,33,160876
17562,0.001396,172.217.194.0-255,1484,79300,33,160876
17563,0.001409,172.217.194.0-255,1484,80784,33,160876
17564,0.001411,172.31.33.0-255,66,80850,33,160876
17565,0.001439,172.217.194.0-255,1484,82334,33,160876
17566,0.001446,172.217.194.0-255,5738,88072,33,160876
17567,0.001449,172.31.33.0-255,66,88138,33,160876
17568,0.001455,172.217.194.0-255,7156,95294,33,160876
17569,0.001457,172.31.33.0-255,66,95360,33,160876
17570,0.001464,172.217.194.0-255,5738,101098,33,160876
17571,0.001466,172.31.33.0-255,66,101164,33,160876
17572,0.001509,172.31.33.0-255,66,101230,33,160876
17573,0.001515,172.217.194.0-255,2184,103414,33,160876
17574,0.001519,172.31.33.0-255,66,103480,33,160876
17575,0.001742,172.217.194.0-255,1484,104964,33,160876
17576,0.001765,172.217.194.0-255,2902,107866,33,160876
17577,0.001769,172.31.33.0-255,66,107932,33,160876
17578,0.001772,172.217.194.0-255,1484,109416,33,160876
17579,0.001797,172.217.194.0-255,4320,113736,33,160876
17580,0.0018,172.31.33.0-255,66,113802,33,160876
17581,0.001804,172.217.194.0-255,4320,118122,33,160876
17582,0.001807,172.31.33.0-255,66,118188,33,160876
17583,0.001836,172.217.194.0-255,5738,123926,33,160876
17584,0.001838,172.31.33.0-255,66,123992,33,160876
17585,0.001849,172.31.33.0-255,66,124058,33,160876
17586,0.001882,172.217.194.0-255,5020,129078,33,160876
17587,0.001885,172.31.33.0-255,66,129144,33,160876
17588,0.001888,172.217.194.0-255,1484,130628,33,160876
17589,0.001893,172.217.194.0-255,2902,133530,33,160876
17590,0.001896,172.31.33.0-255,66,133596,33,160876
17591,0.001898,172.217.194.0-255,1484,135080,33,160876
17592,0.00192,172.217.194.0-255,4320,139400,33,160876
17593,0.001923,172.31.33.0-255,66,139466,33,160876
17594,0.001933,172.31.33.0-255,66,139532,33,160876
17595,0.001971,172.217.194.0-255,4320,143852,33,160876
17596,0.001975,172.31.33.0-255,66,143918,33,160876
17597,0.001987,172.31.33.0-255,66,143984,33,160876
17598,0.00199,172.217.194.0-255,766,144750,33,160876
17599,0.002885,172.31.33.0-255,66,144816,33,160876
17600,0.004266,172.217.194.0-255,4320,149136,33,160876
17601,0.00427,172.31.33.0-255,66,149202,33,160876
17602,0.005152,172.217.194.0-255,1484,150686,33,160876
17603,0.006533,172.217.194.0-255,4320,155006,33,160876
17604,0.006537,172.31.33.0-255,66,155072,33,160876
17605,0.008824,172.217.194.0-255,5738,160810,33,160876
17606,0.008831,172.31.33.0-255,66,160876,33,160876
17607,0.0,74.125.68.0-255,153,153,33,311917
17608,2.9e-05,172.31.33.0-255,66,219,33,311917
17609,3.5e-05,74.125.68.0-255,1484,1703,33,311917
17610,3.9e-05,172.31.33.0-255,66,1769,33,311917
17611,4.4e-05,74.125.68.0-255,2902,4671,33,311917
17612,4.7e-05,172.31.33.0-255,66,4737,33,311917
17613,4.9e-05,74.125.68.0-255,1484,6221,33,311917
17614,5.2e-05,172.31.33.0-255,66,6287,33,311917
17615,5.6e-05,74.125.68.0-255,2902,9189,33,311917
17616,5.8e-05,172.31.33.0-255,66,9255,33,311917
17617,0.000101,74.125.68.0-255,2902,12157,33,311917
17618,0.000103,172.31.33.0-255,66,12223,33,311917
17619,0.00012,74.125.68.0-255,2047,14270,33,311917
17620,0.000123,172.31.33.0-255,66,14336,33,311917
17621,0.0002,74.125.68.0-255,1484,15820,33,311917
17622,0.000203,172.31.33.0-255,66,15886,33,311917
17623,0.000222,74.125.68.0-255,2902,18788,33,311917
17624,0.000226,172.31.33.0-255,66,18854,33,311917
17625,0.000228,74.125.68.0-255,1484,20338,33,311917
17626,0.00023,172.31.33.0-255,66,20404,33,311917
17627,0.000247,74.125.68.0-255,4320,24724,33,311917
17628,0.000252,172.31.33.0-255,66,24790,33,311917
17629,0.000261,74.125.68.0-255,4320,29110,33,311917
17630,0.000263,172.31.33.0-255,66,29176,33,311917
17631,0.00028,74.125.68.0-255,2543,31719,33,311917
17632,0.000283,172.31.33.0-255,66,31785,33,311917
17633,0.000306,74.125.68.0-255,4320,36105,33,311917
17634,0.000309,172.31.33.0-255,66,36171,33,311917
17635,0.000327,74.125.68.0-255,1484,37655,33,311917
17636,0.000329,172.31.33.0-255,66,37721,33,311917
17637,0.000336,74.125.68.0-255,7156,44877,33,311917
17638,0.000338,172.31.33.0-255,66,44943,33,311917
17639,0.00036,74.125.68.0-255,3961,48904,33,311917
17640,0.000363,172.31.33.0-255,66,48970,33,311917
17641,0.000453,74.125.68.0-255,1484,50454,33,311917
17642,0.000458,74.125.68.0-255,1484,51938,33,311917
17643,0.000461,172.31.33.0-255,66,52004,33,311917
17644,0.000478,74.125.68.0-255,1484,53488,33,311917
17645,0.000493,74.125.68.0-255,5738,59226,33,311917
17646,0.000496,172.31.33.0-255,66,59292,33,311917
17647,0.000519,74.125.68.0-255,6797,66089,33,311917
17648,0.000522,172.31.33.0-255,66,66155,33,311917
17649,0.000537,74.125.68.0-255,646,66801,33,311917
17650,0.000675,74.125.68.0-255,1484,68285,33,311917
17651,0.000678,172.31.33.0-255,66,68351,33,311917
17652,0.000692,74.125.68.0-255,2902,71253,33,311917
17653,0.000694,172.31.33.0-255,66,71319,33,311917
17654,0.00072,74.125.68.0-255,5738,77057,33,311917
17655,0.000723,172.31.33.0-255,66,77123,33,311917
17656,0.00073,74.125.68.0-255,6797,83920,33,311917
17657,0.000732,172.31.33.0-255,66,83986,33,311917
17658,0.000768,74.125.68.0-255,5738,89724,33,311917
17659,0.000771,172.31.33.0-255,66,89790,33,311917
17660,0.000794,74.125.68.0-255,1484,91274,33,311917
17661,0.000812,74.125.68.0-255,5738,97012,33,311917
17662,0.000815,172.31.33.0-255,66,97078,33,311917
17663,0.000819,74.125.68.0-255,3961,101039,33,311917
17664,0.000821,172.31.33.0-255,66,101105,33,311917
17665,0.000931,74.125.68.0-255,1484,102589,33,311917
17666,0.000949,74.125.68.0-255,2902,105491,33,311917
17667,0.000953,172.31.33.0-255,66,105557,33,311917
17668,0.00096,74.125.68.0-255,5738,111295,33,311917
17669,0.000961,172.31.33.0-255,66,111361,33,311917
17670,0.000989,74.125.68.0-255,7156,118517,33,311917
17671,0.000992,172.31.33.0-255,66,118583,33,311917
17672,0.001034,172.31.33.0-255,66,118649,33,311917
17673,0.001068,74.125.68.0-255,3602,122251,33,311917
17674,0.00107,172.31.33.0-255,66,122317,33,311917
17675,0.001202,74.125.68.0-255,1484,123801,33,311917
17676,0.001246,74.125.68.0-255,2902,126703,33,311917
17677,0.00125,172.31.33.0-255,66,126769,33,311917
17678,0.00127,74.125.68.0-255,4320,131089,33,311917
17679,0.001273,172.31.33.0-255,66,131155,33,311917
17680,0.001275,74.125.68.0-255,1484,132639,33,311917
17681,0.001288,74.125.68.0-255,4320,136959,33,311917
17682,0.00129,172.31.33.0-255,66,137025,33,311917
17683,0.00132,74.125.68.0-255,4320,141345,33,311917
17684,0.001323,172.31.33.0-255,66,141411,33,311917
17685,0.001344,74.125.68.0-255,7156,148567,33,311917
17686,0.001347,172.31.33.0-255,66,148633,33,311917
17687,0.001361,74.125.68.0-255,1484,150117,33,311917
17688,0.001377,74.125.68.0-255,5738,155855,33,311917
17689,0.00138,172.31.33.0-255,66,155921,33,311917
17690,0.001396,74.125.68.0-255,766,156687,33,311917
17691,0.00159,74.125.68.0-255,1484,158171,33,311917
17692,0.001595,172.31.33.0-255,66,158237,33,311917
17693,0.0016,74.125.68.0-255,2902,161139,33,311917
17694,0.001602,172.31.33.0-255,66,161205,33,311917
17695,0.001615,74.125.68.0-255,4320,165525,33,311917
17696,0.001617,172.31.33.0-255,66,165591,33,311917
17697,0.001631,74.125.68.0-255,2902,168493,33,311917
17698,0.001632,172.31.33.0-255,66,168559,33,311917
17699,0.001647,74.125.68.0-255,2902,171461,33,311917
17700,0.00165,172.31.33.0-255,66,171527,33,311917
17701,0.001681,74.125.68.0-255,1484,173011,33,311917
17702,0.00169,74.125.68.0-255,1484,174495,33,311917
17703,0.001692,172.31.33.0-255,66,174561,33,311917
17704,0.001708,74.125.68.0-255,1484,176045,33,311917
17705,0.001712,74.125.68.0-255,2902,178947,33,311917
17706,0.001716,172.31.33.0-255,66,179013,33,311917
17707,0.001738,74.125.68.0-255,2902,181915,33,311917
17708,0.001741,172.31.33.0-255,66,181981,33,311917
17709,0.001747,74.125.68.0-255,2902,184883,33,311917
17710,0.001749,172.31.33.0-255,66,184949,33,311917
17711,0.001755,74.125.68.0-255,4320,189269,33,311917
17712,0.001758,172.31.33.0-255,66,189335,33,311917
17713,0.001775,74.125.68.0-255,2184,191519,33,311917
17714,0.001777,172.31.33.0-255,66,191585,33,311917
17715,0.001979,74.125.68.0-255,1484,193069,33,311917
17716,0.001983,74.125.68.0-255,1484,194553,33,311917
17717,0.001985,172.31.33.0-255,66,194619,33,311917
17718,0.002001,74.125.68.0-255,1484,196103,33,311917
17719,0.002005,74.125.68.0-255,2902,199005,33,311917
17720,0.002007,172.31.33.0-255,66,199071,33,311917
17721,0.002022,74.125.68.0-255,2902,201973,33,311917
17722,0.002024,172.31.33.0-255,66,202039,33,311917
17723,0.002027,74.125.68.0-255,2902,204941,33,311917
17724,0.002029,172.31.33.0-255,66,205007,33,311917
17725,0.002034,74.125.68.0-255,4320,209327,33,311917
17726,0.002035,172.31.33.0-255,66,209393,33,311917
17727,0.002074,172.31.33.0-255,66,209459,33,311917
17728,0.002079,74.125.68.0-255,5738,215197,33,311917
17729,0.002081,172.31.33.0-255,66,215263,33,311917
17730,0.002121,74.125.68.0-255,2184,217447,33,311917
17731,0.002123,172.31.33.0-255,66,217513,33,311917
17732,0.002142,74.125.68.0-255,2902,220415,33,311917
17733,0.002144,172.31.33.0-255,66,220481,33,311917
17734,0.002162,74.125.68.0-255,5738,226219,33,311917
17735,0.002164,172.31.33.0-255,66,226285,33,311917
17736,0.002173,74.125.68.0-255,1484,227769,33,311917
17737,0.002181,74.125.68.0-255,2902,230671,33,311917
17738,0.002183,172.31.33.0-255,66,230737,33,311917
17739,0.002199,74.125.68.0-255,2902,233639,33,311917
17740,0.002201,172.31.33.0-255,66,233705,33,311917
17741,0.002224,172.31.33.0-255,66,233771,33,311917
17742,0.002229,74.125.68.0-255,5738,239509,33,311917
17743,0.002231,172.31.33.0-255,66,239575,33,311917
17744,0.002243,74.125.68.0-255,2902,242477,33,311917
17745,0.002245,172.31.33.0-255,66,242543,33,311917
17746,0.002289,74.125.68.0-255,4320,246863,33,311917
17747,0.002291,172.31.33.0-255,66,246929,33,311917
17748,0.002308,74.125.68.0-255,5020,251949,33,311917
17749,0.00231,172.31.33.0-255,66,252015,33,311917
17750,0.002314,74.125.68.0-255,4320,256335,33,311917
17751,0.002315,172.31.33.0-255,66,256401,33,311917
17752,0.00232,74.125.68.0-255,5738,262139,33,311917
17753,0.002323,172.31.33.0-255,66,262205,33,311917
17754,0.00235,172.31.33.0-255,66,262271,33,311917
17755,0.002354,74.125.68.0-255,5020,267291,33,311917
17756,0.002356,172.31.33.0-255,66,267357,33,311917
17757,0.00239,172.31.33.0-255,66,267423,33,311917
17758,0.002413,74.125.68.0-255,4320,271743,33,311917
17759,0.002415,172.31.33.0-255,66,271809,33,311917
17760,0.002433,74.125.68.0-255,5738,277547,33,311917
17761,0.002435,172.31.33.0-255,66,277613,33,311917
17762,0.00244,74.125.68.0-255,4320,281933,33,311917
17763,0.002441,172.31.33.0-255,66,281999,33,311917
17764,0.002446,74.125.68.0-255,5738,287737,33,311917
17765,0.002448,172.31.33.0-255,66,287803,33,311917
17766,0.002478,74.125.68.0-255,1484,289287,33,311917
17767,0.002493,74.125.68.0-255,3602,292889,33,311917
17768,0.002495,172.31.33.0-255,66,292955,33,311917
17769,0.002498,74.125.68.0-255,2902,295857,33,311917
17770,0.002499,172.31.33.0-255,66,295923,33,311917
17771,0.004965,74.125.68.0-255,4320,300243,33,311917
17772,0.004968,172.31.33.0-255,66,300309,33,311917
17773,0.004978,74.125.68.0-255,1484,301793,33,311917
17774,0.007464,74.125.68.0-255,4320,306113,33,311917
17775,0.007481,172.31.33.0-255,66,306179,33,311917
17776,0.009984,74.125.68.0-255,5738,311917,33,311917
17777,0.0,74.125.24.0-255,298,298,33,168292
17778,2.9e-05,172.31.33.0-255,66,364,33,168292
17779,3.4e-05,74.125.24.0-255,1484,1848,33,168292
17780,3.8e-05,172.31.33.0-255,66,1914,33,168292
17781,5.1e-05,74.125.24.0-255,4320,6234,33,168292
17782,5.4e-05,172.31.33.0-255,66,6300,33,168292
17783,5.9e-05,74.125.24.0-255,4320,10620,33,168292
17784,6.2e-05,172.31.33.0-255,66,10686,33,168292
17785,9.3e-05,74.125.24.0-255,3240,13926,33,168292
17786,9.6e-05,172.31.33.0-255,66,13992,33,168292
17787,0.000666,74.125.24.0-255,1484,15476,33,168292
17788,0.000672,172.31.33.0-255,66,15542,33,168292
17789,0.000681,74.125.24.0-255,2902,18444,33,168292
17790,0.000684,172.31.33.0-255,66,18510,33,168292
17791,0.000698,74.125.24.0-255,5738,24248,33,168292
17792,0.0007,172.31.33.0-255,66,24314,33,168292
17793,0.000737,172.31.33.0-255,66,24380,33,168292
17794,0.000749,172.31.33.0-255,66,24446,33,168292
17795,0.000753,74.125.24.0-255,2902,27348,33,168292
17796,0.000755,172.31.33.0-255,66,27414,33,168292
17797,0.000804,172.31.33.0-255,66,27480,33,168292
17798,0.000809,74.125.24.0-255,5020,32500,33,168292
17799,0.000811,172.31.33.0-255,66,32566,33,168292
17800,0.000854,74.125.24.0-255,646,33212,33,168292
17801,0.000857,172.31.33.0-255,66,33278,33,168292
17802,0.001277,74.125.24.0-255,1484,34762,33,168292
17803,0.001283,172.31.33.0-255,66,34828,33,168292
17804,0.001288,74.125.24.0-255,2902,37730,33,168292
17805,0.00129,172.31.33.0-255,66,37796,33,168292
17806,0.001295,74.125.24.0-255,5738,43534,33,168292
17807,0.001297,172.31.33.0-255,66,43600,33,168292
17808,0.001334,74.125.24.0-255,6248,49848,33,168292
17809,0.001336,172.31.33.0-255,66,49914,33,168292
17810,0.001459,74.125.24.0-255,1484,51398,33,168292
17811,0.001463,172.31.33.0-255,66,51464,33,168292
17812,0.001481,74.125.24.0-255,2902,54366,33,168292
17813,0.001483,172.31.33.0-255,66,54432,33,168292
17814,0.001486,74.125.24.0-255,1484,55916,33,168292
17815,0.001488,172.31.33.0-255,66,55982,33,168292
17816,0.001509,74.125.24.0-255,4320,60302,33,168292
17817,0.001511,172.31.33.0-255,66,60368,33,168292
17818,0.001526,172.31.33.0-255,66,60434,33,168292
17819,0.00153,74.125.24.0-255,4320,64754,33,168292
17820,0.001533,172.31.33.0-255,66,64820,33,168292
17821,0.00156,74.125.24.0-255,6438,71258,33,168292
17822,0.001562,172.31.33.0-255,66,71324,33,168292
17823,0.001802,74.125.24.0-255,1484,72808,33,168292
17824,0.001804,172.31.33.0-255,66,72874,33,168292
17825,0.00182,74.125.24.0-255,2902,75776,33,168292
17826,0.001822,172.31.33.0-255,66,75842,33,168292
17827,0.001826,74.125.24.0-255,4320,80162,33,168292
17828,0.001843,74.125.24.0-255,1484,81646,33,168292
17829,0.001849,74.125.24.0-255,5738,87384,33,168292
17830,0.001858,74.125.24.0-255,4320,91704,33,168292
17831,0.001871,74.125.24.0-255,2902,94606,33,168292
17832,0.001884,74.125.24.0-255,2902,97508,33,168292
17833,0.001924,74.125.24.0-255,2902,100410,33,168292
17834,0.001935,74.125.24.0-255,2902,103312,33,168292
17835,0.002034,74.125.24.0-255,5738,109050,33,168292
17836,0.00204,74.125.24.0-255,7156,116206,33,168292
17837,0.002054,74.125.24.0-255,6438,122644,33,168292
17838,0.002098,74.125.24.0-255,2902,125546,33,168292
17839,0.002139,74.125.24.0-255,1484,127030,33,168292
17840,0.00215,74.125.24.0-255,4320,131350,33,168292
17841,0.00218,74.125.24.0-255,1484,132834,33,168292
17842,0.002187,74.125.24.0-255,2902,135736,33,168292
17843,0.002204,74.125.24.0-255,5738,141474,33,168292
17844,0.002228,74.125.24.0-255,4320,145794,33,168292
17845,0.00224,74.125.24.0-255,4320,150114,33,168292
17846,0.002254,74.125.24.0-255,4320,154434,33,168292
17847,0.002283,74.125.24.0-255,2184,156618,33,168292
17848,0.003662,172.31.33.0-255,66,156684,33,168292
17849,0.006072,74.125.24.0-255,5738,162422,33,168292
17850,0.006084,172.31.33.0-255,66,162488,33,168292
17851,0.008453,74.125.24.0-255,5738,168226,33,168292
17852,0.00846,172.31.33.0-255,66,168292,33,168292
17853,0.0,74.125.24.0-255,153,153,33,187489
17854,2.7e-05,172.31.33.0-255,66,219,33,187489
17855,3.4e-05,74.125.24.0-255,1484,1703,33,187489
17856,3.9e-05,172.31.33.0-255,66,1769,33,187489
17857,4.4e-05,74.125.24.0-255,2902,4671,33,187489
17858,5.5e-05,172.31.33.0-255,66,4737,33,187489
17859,6.2e-05,74.125.24.0-255,7156,11893,33,187489
17860,6.4e-05,172.31.33.0-255,66,11959,33,187489
17861,6.8e-05,74.125.24.0-255,2058,14017,33,187489
17862,7.1e-05,172.31.33.0-255,66,14083,33,187489
17863,0.000182,74.125.24.0-255,1484,15567,33,187489
17864,0.000187,172.31.33.0-255,66,15633,33,187489
17865,0.000193,74.125.24.0-255,2902,18535,33,187489
17866,0.000195,172.31.33.0-255,66,18601,33,187489
17867,0.000208,74.125.24.0-255,5738,24339,33,187489
17868,0.000211,172.31.33.0-255,66,24405,33,187489
17869,0.000213,74.125.24.0-255,1484,25889,33,187489
17870,0.000215,172.31.33.0-255,66,25955,33,187489
17871,0.00025,74.125.24.0-255,5379,31334,33,187489
17872,0.000253,172.31.33.0-255,66,31400,33,187489
17873,0.000261,74.125.24.0-255,7156,38556,33,187489
17874,0.000263,172.31.33.0-255,66,38622,33,187489
17875,0.000275,172.31.33.0-255,66,38688,33,187489
17876,0.000307,74.125.24.0-255,2902,41590,33,187489
17877,0.000311,172.31.33.0-255,66,41656,33,187489
17878,0.000324,172.31.33.0-255,66,41722,33,187489
17879,0.000326,74.125.24.0-255,398,42120,33,187489
17880,0.000328,172.31.33.0-255,66,42186,33,187489
17881,0.000414,74.125.24.0-255,111,42297,33,187489
17882,0.000419,172.31.33.0-255,66,42363,33,187489
17883,0.000432,74.125.24.0-255,332,42695,33,187489
17884,0.000799,172.31.33.0-255,66,42761,33,187489
17885,0.000851,74.125.24.0-255,1484,44245,33,187489
17886,0.000862,74.125.24.0-255,2902,47147,33,187489
17887,0.000865,172.31.33.0-255,66,47213,33,187489
17888,0.000872,74.125.24.0-255,5738,52951,33,187489
17889,0.000874,172.31.33.0-255,66,53017,33,187489
17890,0.00088,74.125.24.0-255,4320,57337,33,187489
17891,0.000881,172.31.33.0-255,66,57403,33,187489
17892,0.000911,74.125.24.0-255,2902,60305,33,187489
17893,0.000914,172.31.33.0-255,66,60371,33,187489
17894,0.000928,172.31.33.0-255,66,60437,33,187489
17895,0.000932,74.125.24.0-255,2184,62621,33,187489
17896,0.000936,172.31.33.0-255,66,62687,33,187489
17897,0.001094,74.125.24.0-255,1484,64171,33,187489
17898,0.0011,74.125.24.0-255,2902,67073,33,187489
17899,0.001104,172.31.33.0-255,66,67139,33,187489
17900,0.00111,74.125.24.0-255,2902,70041,33,187489
17901,0.001112,172.31.33.0-255,66,70107,33,187489
17902,0.001141,74.125.24.0-255,2902,73009,33,187489
17903,0.001143,172.31.33.0-255,66,73075,33,187489
17904,0.001156,172.31.33.0-255,66,73141,33,187489
17905,0.001208,172.31.33.0-255,66,73207,33,187489
17906,0.001266,74.125.24.0-255,1484,74691,33,187489
17907,0.001272,74.125.24.0-255,2902,77593,33,187489
17908,0.001276,172.31.33.0-255,66,77659,33,187489
17909,0.001283,74.125.24.0-255,5738,83397,33,187489
17910,0.001286,172.31.33.0-255,66,83463,33,187489
17911,0.001291,74.125.24.0-255,2902,86365,33,187489
17912,0.001294,172.31.33.0-255,66,86431,33,187489
17913,0.001325,74.125.24.0-255,2902,89333,33,187489
17914,0.001329,172.31.33.0-255,66,89399,33,187489
17915,0.001346,172.31.33.0-255,66,89465,33,187489
17916,0.001353,74.125.24.0-255,5020,94485,33,187489
17917,0.001355,172.31.33.0-255,66,94551,33,187489
17918,0.00145,74.125.24.0-255,1484,96035,33,187489
17919,0.001456,74.125.24.0-255,2902,98937,33,187489
17920,0.001459,172.31.33.0-255,66,99003,33,187489
17921,0.001487,74.125.24.0-255,5738,104741,33,187489
17922,0.00149,172.31.33.0-255,66,104807,33,187489
17923,0.001495,74.125.24.0-255,2902,107709,33,187489
17924,0.001497,172.31.33.0-255,66,107775,33,187489
17925,0.001531,172.31.33.0-255,66,107841,33,187489
17926,0.001568,172.31.33.0-255,66,107907,33,187489
17927,0.00194,74.125.24.0-255,1484,109391,33,187489
17928,0.001945,74.125.24.0-255,2902,112293,33,187489
17929,0.001948,172.31.33.0-255,66,112359,33,187489
17930,0.001976,74.125.24.0-255,5738,118097,33,187489
17931,0.001979,172.31.33.0-255,66,118163,33,187489
17932,0.001984,74.125.24.0-255,5738,123901,33,187489
17933,0.001986,172.31.33.0-255,66,123967,33,187489
17934,0.002021,74.125.24.0-255,7156,131123,33,187489
17935,0.002024,172.31.33.0-255,66,131189,33,187489
17936,0.00203,74.125.24.0-255,7156,138345,33,187489
17937,0.002033,172.31.33.0-255,66,138411,33,187489
17938,0.002056,74.125.24.0-255,3602,142013,33,187489
17939,0.002058,172.31.33.0-255,66,142079,33,187489
17940,0.002453,74.125.24.0-255,1484,143563,33,187489
17941,0.00246,74.125.24.0-255,2902,146465,33,187489
17942,0.002464,172.31.33.0-255,66,146531,33,187489
17943,0.002484,74.125.24.0-255,5738,152269,33,187489
17944,0.002487,172.31.33.0-255,66,152335,33,187489
17945,0.002505,74.125.24.0-255,5738,158073,33,187489
17946,0.002508,172.31.33.0-255,66,158139,33,187489
17947,0.002535,74.125.24.0-255,7156,165295,33,187489
17948,0.002539,172.31.33.0-255,66,165361,33,187489
17949,0.002551,172.31.33.0-255,66,165427,33,187489
17950,0.002556,74.125.24.0-255,5738,171165,33,187489
17951,0.002559,172.31.33.0-255,66,171231,33,187489
17952,0.002602,172.31.33.0-255,66,171297,33,187489
17953,0.002606,74.125.24.0-255,4320,175617,33,187489
17954,0.002609,172.31.33.0-255,66,175683,33,187489
17955,0.002641,172.31.33.0-255,66,175749,33,187489
17956,0.002679,172.31.33.0-255,66,175815,33,187489
17957,0.002693,172.31.33.0-255,66,175881,33,187489
17958,0.005288,74.125.24.0-255,5738,181619,33,187489
17959,0.005298,172.31.33.0-255,66,181685,33,187489
17960,0.007873,74.125.24.0-255,5738,187423,33,187489
17961,0.007881,172.31.33.0-255,66,187489,33,187489
17962,0.0,172.217.194.0-255,153,153,33,162017
17963,2.9e-05,172.31.33.0-255,66,219,33,162017
17964,3.5e-05,172.217.194.0-255,1484,1703,33,162017
17965,3.9e-05,172.31.33.0-255,66,1769,33,162017
17966,4.4e-05,172.217.194.0-255,2902,4671,33,162017
17967,4.6e-05,172.31.33.0-255,66,4737,33,162017
17968,4.9e-05,172.217.194.0-255,1484,6221,33,162017
17969,5.1e-05,172.31.33.0-255,66,6287,33,162017
17970,7.2e-05,172.217.194.0-255,1484,7771,33,162017
17971,7.4e-05,172.31.33.0-255,66,7837,33,162017
17972,0.000105,172.31.33.0-255,66,7903,33,162017
17973,0.000112,172.217.194.0-255,7156,15059,33,162017
17974,0.000114,172.31.33.0-255,66,15125,33,162017
17975,0.000137,172.217.194.0-255,2902,18027,33,162017
17976,0.00014,172.31.33.0-255,66,18093,33,162017
17977,0.000143,172.217.194.0-255,1484,19577,33,162017
17978,0.000145,172.31.33.0-255,66,19643,33,162017
17979,0.000169,172.31.33.0-255,66,19709,33,162017
17980,0.000199,172.31.33.0-255,66,19775,33,162017
17981,0.000202,172.217.194.0-255,766,20541,33,162017
17982,0.000204,172.31.33.0-255,66,20607,33,162017
17983,0.000218,172.31.33.0-255,66,20673,33,162017
17984,0.000253,172.31.33.0-255,66,20739,33,162017
17985,0.000267,172.31.33.0-255,66,20805,33,162017
17986,0.00029,172.217.194.0-255,4320,25125,33,162017
17987,0.000294,172.31.33.0-255,66,25191,33,162017
17988,0.000302,172.217.194.0-255,5738,30929,33,162017
17989,0.000304,172.31.33.0-255,66,30995,33,162017
17990,0.000329,172.31.33.0-255,66,31061,33,162017
17991,0.000595,172.217.194.0-255,1484,32545,33,162017
17992,0.000603,172.217.194.0-255,2902,35447,33,162017
17993,0.000605,172.217.194.0-255,1484,36931,33,162017
17994,0.000607,172.31.33.0-255,66,36997,33,162017
17995,0.000619,172.217.194.0-255,2902,39899,33,162017
17996,0.000622,172.31.33.0-255,66,39965,33,162017
17997,0.000644,172.217.194.0-255,1484,41449,33,162017
17998,0.000658,172.31.33.0-255,66,41515,33,162017
17999,0.000678,172.217.194.0-255,1484,42999,33,162017
18000,0.000693,172.31.33.0-255,66,43065,33,162017
18001,0.000724,172.217.194.0-255,1484,44549,33,162017
18002,0.000728,172.217.194.0-255,1484,46033,33,162017
18003,0.00073,172.31.33.0-255,66,46099,33,162017
18004,0.000747,172.217.194.0-255,1484,47583,33,162017
18005,0.00075,172.217.194.0-255,1484,49067,33,162017
18006,0.000752,172.31.33.0-255,66,49133,33,162017
18007,0.000774,172.217.194.0-255,4320,53453,33,162017
18008,0.000777,172.31.33.0-255,66,53519,33,162017
18009,0.000784,172.217.194.0-255,7156,60675,33,162017
18010,0.000786,172.31.33.0-255,66,60741,33,162017
18011,0.000792,172.217.194.0-255,4320,65061,33,162017
18012,0.000794,172.31.33.0-255,66,65127,33,162017
18013,0.000833,172.31.33.0-255,66,65193,33,162017
18014,0.000836,172.217.194.0-255,2184,67377,33,162017
18015,0.000839,172.31.33.0-255,66,67443,33,162017
18016,0.001248,172.217.194.0-255,1484,68927,33,162017
18017,0.001254,172.217.194.0-255,2902,71829,33,162017
18018,0.001258,172.31.33.0-255,66,71895,33,162017
18019,0.001278,172.217.194.0-255,4320,76215,33,162017
18020,0.001281,172.31.33.0-255,66,76281,33,162017
18021,0.001286,172.217.194.0-255,4320,80601,33,162017
18022,0.001288,172.31.33.0-255,66,80667,33,162017
18023,0.001302,172.217.194.0-255,4320,84987,33,162017
18024,0.001305,172.31.33.0-255,66,85053,33,162017
18025,0.001324,172.217.194.0-255,1484,86537,33,162017
18026,0.001344,172.31.33.0-255,66,86603,33,162017
18027,0.001363,172.217.194.0-255,5020,91623,33,162017
18028,0.001366,172.31.33.0-255,66,91689,33,162017
18029,0.001379,172.217.194.0-255,1484,93173,33,162017
18030,0.001383,172.217.194.0-255,2902,96075,33,162017
18031,0.001386,172.31.33.0-255,66,96141,33,162017
18032,0.001409,172.217.194.0-255,5738,101879,33,162017
18033,0.001412,172.31.33.0-255,66,101945,33,162017
18034,0.001438,172.31.33.0-255,66,102011,33,162017
18035,0.00146,172.217.194.0-255,1484,103495,33,162017
18036,0.00149,172.31.33.0-255,66,103561,33,162017
18037,0.001496,172.217.194.0-255,7156,110717,33,162017
18038,0.001498,172.31.33.0-255,66,110783,33,162017
18039,0.001516,172.217.194.0-255,4320,115103,33,162017
18040,0.001519,172.31.33.0-255,66,115169,33,162017
18041,0.001537,172.217.194.0-255,5738,120907,33,162017
18042,0.00154,172.31.33.0-255,66,120973,33,162017
18043,0.001557,172.31.33.0-255,66,121039,33,162017
18044,0.001584,172.217.194.0-255,2902,123941,33,162017
18045,0.001588,172.31.33.0-255,66,124007,33,162017
18046,0.001589,172.217.194.0-255,4320,128327,33,162017
18047,0.001591,172.31.33.0-255,66,128393,33,162017
18048,0.001617,172.31.33.0-255,66,128459,33,162017
18049,0.001629,172.217.194.0-255,1484,129943,33,162017
18050,0.001659,172.31.33.0-255,66,130009,33,162017
18051,0.001678,172.217.194.0-255,4320,134329,33,162017
18052,0.001682,172.31.33.0-255,66,134395,33,162017
18053,0.0017,172.217.194.0-255,5738,140133,33,162017
18054,0.001704,172.31.33.0-255,66,140199,33,162017
18055,0.001705,172.217.194.0-255,4320,144519,33,162017
18056,0.001706,172.31.33.0-255,66,144585,33,162017
18057,0.001732,172.217.194.0-255,7156,151741,33,162017
18058,0.001735,172.31.33.0-255,66,151807,33,162017
18059,0.001748,172.31.33.0-255,66,151873,33,162017
18060,0.001761,172.217.194.0-255,3602,155475,33,162017
18061,0.001763,172.31.33.0-255,66,155541,33,162017
18062,0.001804,172.31.33.0-255,66,155607,33,162017
18063,0.001827,172.217.194.0-255,4320,159927,33,162017
18064,0.00183,172.31.33.0-255,66,159993,33,162017
18065,0.001845,172.31.33.0-255,66,160059,33,162017
18066,0.001859,172.31.33.0-255,66,160125,33,162017
18067,0.001871,172.217.194.0-255,1484,161609,33,162017
18068,0.001882,172.31.33.0-255,66,161675,33,162017
18069,0.001905,172.217.194.0-255,105,161780,33,162017
18070,0.003111,172.31.33.0-255,66,161846,33,162017
18071,0.003134,172.31.33.0-255,105,161951,33,162017
18072,0.005691,172.217.194.0-255,66,162017,33,162017
18073,0.0,172.217.160.0-255,153,153,33,158988
18074,2.3e-05,172.31.33.0-255,66,219,33,158988
18075,3.1e-05,172.217.160.0-255,1484,1703,33,158988
18076,3.7e-05,172.31.33.0-255,66,1769,33,158988
18077,5.2e-05,172.217.160.0-255,2902,4671,33,158988
18078,5.6e-05,172.31.33.0-255,66,4737,33,158988
18079,6.3e-05,172.217.160.0-255,7156,11893,33,158988
18080,6.6e-05,172.31.33.0-255,66,11959,33,158988
18081,7e-05,172.217.160.0-255,2118,14077,33,158988
18082,7.4e-05,172.31.33.0-255,66,14143,33,158988
18083,9.6e-05,172.217.160.0-255,2902,17045,33,158988
18084,9.9e-05,172.31.33.0-255,66,17111,33,158988
18085,0.000106,172.217.160.0-255,7156,24267,33,158988
18086,0.000109,172.31.33.0-255,66,24333,33,158988
18087,0.000149,172.217.160.0-255,6797,31130,33,158988
18088,0.000152,172.31.33.0-255,66,31196,33,158988
18089,0.000166,172.217.160.0-255,7156,38352,33,158988
18090,0.000168,172.31.33.0-255,66,38418,33,158988
18091,0.000172,172.217.160.0-255,2902,41320,33,158988
18092,0.000174,172.31.33.0-255,66,41386,33,158988
18093,0.000207,172.217.160.0-255,2902,44288,33,158988
18094,0.000211,172.31.33.0-255,66,44354,33,158988
18095,0.00023,172.217.160.0-255,2902,47256,33,158988
18096,0.000233,172.31.33.0-255,66,47322,33,158988
18097,0.000257,172.217.160.0-255,1125,48447,33,158988
18098,0.00026,172.31.33.0-255,66,48513,33,158988
18099,0.000284,172.217.160.0-255,1484,49997,33,158988
18100,0.000287,172.31.33.0-255,66,50063,33,158988
18101,0.000291,172.217.160.0-255,2902,52965,33,158988
18102,0.000294,172.31.33.0-255,66,53031,33,158988
18103,0.000319,172.217.160.0-255,5738,58769,33,158988
18104,0.000322,172.31.33.0-255,66,58835,33,158988
18105,0.00033,172.217.160.0-255,6797,65632,33,158988
18106,0.000338,172.31.33.0-255,66,65698,33,158988
18107,0.000367,172.217.160.0-255,340,66038,33,158988
18108,0.000825,172.31.33.0-255,66,66104,33,158988
18109,0.000872,172.217.160.0-255,403,66507,33,158988
18110,0.000885,172.31.33.0-255,66,66573,33,158988
18111,0.000954,172.217.160.0-255,1484,68057,33,158988
18112,0.000962,172.217.160.0-255,2902,70959,33,158988
18113,0.000966,172.31.33.0-255,66,71025,33,158988
18114,0.000971,172.217.160.0-255,1484,72509,33,158988
18115,0.001003,172.217.160.0-255,4320,76829,33,158988
18116,0.001006,172.31.33.0-255,66,76895,33,158988
18117,0.001013,172.217.160.0-255,5738,82633,33,158988
18118,0.001015,172.31.33.0-255,66,82699,33,158988
18119,0.00106,172.31.33.0-255,66,82765,33,158988
18120,0.001066,172.217.160.0-255,3961,86726,33,158988
18121,0.001068,172.31.33.0-255,66,86792,33,158988
18122,0.001157,172.217.160.0-255,1484,88276,33,158988
18123,0.001163,172.217.160.0-255,2902,91178,33,158988
18124,0.001167,172.31.33.0-255,66,91244,33,158988
18125,0.001173,172.217.160.0-255,2902,94146,33,158988
18126,0.001175,172.31.33.0-255,66,94212,33,158988
18127,0.001197,172.217.160.0-255,2902,97114,33,158988
18128,0.0012,172.31.33.0-255,66,97180,33,158988
18129,0.001217,172.31.33.0-255,66,97246,33,158988
18130,0.001282,172.31.33.0-255,66,97312,33,158988
18131,0.00131,172.217.160.0-255,1484,98796,33,158988
18132,0.001315,172.217.160.0-255,2902,101698,33,158988
18133,0.001318,172.31.33.0-255,66,101764,33,158988
18134,0.001321,172.217.160.0-255,1484,103248,33,158988
18135,0.001352,172.217.160.0-255,4320,107568,33,158988
18136,0.001356,172.31.33.0-255,66,107634,33,158988
18137,0.001376,172.31.33.0-255,66,107700,33,158988
18138,0.001389,172.31.33.0-255,66,107766,33,158988
18139,0.001392,172.217.160.0-255,766,108532,33,158988
18140,0.001466,172.217.160.0-255,1484,110016,33,158988
18141,0.001471,172.31.33.0-255,66,110082,33,158988
18142,0.001477,172.217.160.0-255,2902,112984,33,158988
18143,0.001479,172.31.33.0-255,66,113050,33,158988
18144,0.001492,172.217.160.0-255,5738,118788,33,158988
18145,0.001496,172.31.33.0-255,66,118854,33,158988
18146,0.001502,172.217.160.0-255,4320,123174,33,158988
18147,0.001504,172.31.33.0-255,66,123240,33,158988
18148,0.001544,172.31.33.0-255,66,123306,33,158988
18149,0.001646,172.31.33.0-255,66,123372,33,158988
18150,0.001649,172.217.160.0-255,1484,124856,33,158988
18151,0.001653,172.217.160.0-255,2902,127758,33,158988
18152,0.001654,172.31.33.0-255,66,127824,33,158988
18153,0.001658,172.217.160.0-255,1484,129308,33,158988
18154,0.001732,172.217.160.0-255,5738,135046,33,158988
18155,0.001735,172.31.33.0-255,66,135112,33,158988
18156,0.001753,172.31.33.0-255,66,135178,33,158988
18157,0.001763,172.31.33.0-255,66,135244,33,158988
18158,0.003646,172.217.160.0-255,2902,138146,33,158988
18159,0.003649,172.31.33.0-255,66,138212,33,158988
18160,0.00366,172.217.160.0-255,2902,141114,33,158988
18161,0.003667,172.31.33.0-255,66,141180,33,158988
18162,0.00554,172.217.160.0-255,2902,144082,33,158988
18163,0.005545,172.31.33.0-255,66,144148,33,158988
18164,0.00557,172.217.160.0-255,2902,147050,33,158988
18165,0.005572,172.31.33.0-255,66,147116,33,158988
18166,0.007438,172.217.160.0-255,2902,150018,33,158988
18167,0.007444,172.31.33.0-255,66,150084,33,158988
18168,0.007479,172.217.160.0-255,2902,152986,33,158988
18169,0.007483,172.31.33.0-255,66,153052,33,158988
18170,0.009345,172.217.160.0-255,2902,155954,33,158988
18171,0.009359,172.31.33.0-255,66,156020,33,158988
18172,0.009389,172.217.160.0-255,2902,158922,33,158988
18173,0.009393,172.31.33.0-255,66,158988,33,158988
18174,0.0,172.31.33.0-255,105,105,33,1836
18175,4.6e-05,172.31.33.0-255,105,210,33,1836
18176,0.000121,172.31.33.0-255,105,315,33,1836
18177,0.000166,172.31.33.0-255,105,420,33,1836
18178,0.00036,172.31.33.0-255,90,510,33,1836
18179,0.000369,172.31.33.0-255,66,576,33,1836
18180,0.000533,172.31.33.0-255,90,666,33,1836
18181,0.000541,172.31.33.0-255,66,732,33,1836
18182,0.00073,172.31.33.0-255,90,822,33,1836
18183,0.00074,172.31.33.0-255,66,888,33,1836
18184,0.000901,172.31.33.0-255,90,978,33,1836
18185,0.000909,172.31.33.0-255,66,1044,33,1836
18186,0.002408,74.125.24.0-255,66,1110,33,1836
18187,0.002427,74.125.24.0-255,66,1176,33,1836
18188,0.00244,172.31.33.0-255,66,1242,33,1836
18189,0.002952,74.125.200.0-255,66,1308,33,1836
18190,0.002958,74.125.200.0-255,66,1374,33,1836
18191,0.002961,172.31.33.0-255,66,1440,33,1836
18192,0.003117,74.125.130.0-255,66,1506,33,1836
18193,0.003139,74.125.130.0-255,66,1572,33,1836
18194,0.003142,172.31.33.0-255,66,1638,33,1836
18195,0.003144,172.217.194.0-255,66,1704,33,1836
18196,0.003149,172.217.194.0-255,66,1770,33,1836
18197,0.003151,172.31.33.0-255,66,1836,33,1836
18198,0.0,74.125.24.0-255,66,66,33,66
18199,0.0,172.31.33.0-255,105,105,33,459
18200,0.000195,172.31.33.0-255,90,195,33,459
18201,0.000206,172.31.33.0-255,66,261,33,459
18202,0.00279,74.125.24.0-255,66,327,33,459
18203,0.002815,74.125.24.0-255,66,393,33,459
18204,0.002827,172.31.33.0-255,66,459,33,459
18205,0.0,172.217.194.0-255,153,153,33,215472
18206,2.2e-05,172.31.33.0-255,66,219,33,215472
18207,2.9e-05,172.217.194.0-255,1484,1703,33,215472
18208,3.2e-05,172.31.33.0-255,66,1769,33,215472
18209,3.7e-05,172.217.194.0-255,2902,4671,33,215472
18210,3.9e-05,172.31.33.0-255,66,4737,33,215472
18211,5.2e-05,172.217.194.0-255,7156,11893,33,215472
18212,5.4e-05,172.31.33.0-255,66,11959,33,215472
18213,5.8e-05,172.217.194.0-255,2086,14045,33,215472
18214,6.1e-05,172.31.33.0-255,66,14111,33,215472
18215,0.000193,172.217.194.0-255,1484,15595,33,215472
18216,0.000197,172.31.33.0-255,66,15661,33,215472
18217,0.000202,172.217.194.0-255,2902,18563,33,215472
18218,0.000204,172.31.33.0-255,66,18629,33,215472
18219,0.000209,172.217.194.0-255,4320,22949,33,215472
18220,0.000215,172.31.33.0-255,66,23015,33,215472
18221,0.000241,172.217.194.0-255,1484,24499,33,215472
18222,0.000243,172.31.33.0-255,66,24565,33,215472
18223,0.000268,172.217.194.0-255,6797,31362,33,215472
18224,0.00027,172.31.33.0-255,66,31428,33,215472
18225,0.000327,172.217.194.0-255,1484,32912,33,215472
18226,0.00033,172.31.33.0-255,66,32978,33,215472
18227,0.000347,172.217.194.0-255,1484,34462,33,215472
18228,0.000349,172.31.33.0-255,66,34528,33,215472
18229,0.000355,172.217.194.0-255,4320,38848,33,215472
18230,0.000357,172.31.33.0-255,66,38914,33,215472
18231,0.00036,172.217.194.0-255,1484,40398,33,215472
18232,0.000362,172.31.33.0-255,66,40464,33,215472
18233,0.00039,172.217.194.0-255,7156,47620,33,215472
18234,0.000397,172.31.33.0-255,66,47686,33,215472
18235,0.0004,172.217.194.0-255,1125,48811,33,215472
18236,0.000401,172.31.33.0-255,66,48877,33,215472
18237,0.000433,172.217.194.0-255,1484,50361,33,215472
18238,0.000458,172.217.194.0-255,2902,53263,33,215472
18239,0.00046,172.31.33.0-255,66,53329,33,215472
18240,0.000484,172.217.194.0-255,1484,54813,33,215472
18241,0.000489,172.217.194.0-255,4320,59133,33,215472
18242,0.000492,172.31.33.0-255,66,59199,33,215472
18243,0.000501,172.217.194.0-255,1484,60683,33,215472
18244,0.000521,172.217.194.0-255,5677,66360,33,215472
18245,0.000524,172.31.33.0-255,66,66426,33,215472
18246,0.000571,172.217.194.0-255,381,66807,33,215472
18247,0.000728,172.217.194.0-255,1484,68291,33,215472
18248,0.000732,172.31.33.0-255,66,68357,33,215472
18249,0.000737,172.217.194.0-255,2902,71259,33,215472
18250,0.000739,172.31.33.0-255,66,71325,33,215472
18251,0.000741,172.217.194.0-255,1484,72809,33,215472
18252,0.000764,172.217.194.0-255,4320,77129,33,215472
18253,0.000766,172.31.33.0-255,66,77195,33,215472
18254,0.000771,172.217.194.0-255,4320,81515,33,215472
18255,0.000773,172.31.33.0-255,66,81581,33,215472
18256,0.000801,172.217.194.0-255,2543,84124,33,215472
18257,0.000804,172.31.33.0-255,66,84190,33,215472
18258,0.000834,172.217.194.0-255,7156,91346,33,215472
18259,0.000873,172.31.33.0-255,66,91412,33,215472
18260,0.000876,172.31.33.0-255,66,91478,33,215472
18261,0.000894,172.217.194.0-255,1125,92603,33,215472
18262,0.001373,172.217.194.0-255,1484,94087,33,215472
18263,0.001378,172.31.33.0-255,66,94153,33,215472
18264,0.001384,172.217.194.0-255,2902,97055,33,215472
18265,0.001386,172.31.33.0-255,66,97121,33,215472
18266,0.001392,172.217.194.0-255,2902,100023,33,215472
18267,0.001398,172.31.33.0-255,66,100089,33,215472
18268,0.001425,172.217.194.0-255,2902,102991,33,215472
18269,0.001432,172.31.33.0-255,66,103057,33,215472
18270,0.001445,172.31.33.0-255,66,103123,33,215472
18271,0.001458,172.31.33.0-255,66,103189,33,215472
18272,0.001531,172.217.194.0-255,1484,104673,33,215472
18273,0.001545,172.217.194.0-255,2902,107575,33,215472
18274,0.001548,172.31.33.0-255,66,107641,33,215472
18275,0.001555,172.217.194.0-255,5738,113379,33,215472
18276,0.001557,172.31.33.0-255,66,113445,33,215472
18277,0.001595,172.31.33.0-255,66,113511,33,215472
18278,0.001603,172.217.194.0-255,7156,120667,33,215472
18279,0.001605,172.31.33.0-255,66,120733,33,215472
18280,0.001639,172.217.194.0-255,3602,124335,33,215472
18281,0.001641,172.31.33.0-255,66,124401,33,215472
18282,0.00169,172.217.194.0-255,1484,125885,33,215472
18283,0.001717,172.217.194.0-255,2902,128787,33,215472
18284,0.001719,172.31.33.0-255,66,128853,33,215472
18285,0.001727,172.217.194.0-255,5738,134591,33,215472
18286,0.00173,172.31.33.0-255,66,134657,33,215472
18287,0.001739,172.217.194.0-255,2902,137559,33,215472
18288,0.001742,172.31.33.0-255,66,137625,33,215472
18289,0.00178,172.217.194.0-255,1484,139109,33,215472
18290,0.001809,172.31.33.0-255,66,139175,33,215472
18291,0.00182,172.31.33.0-255,66,139241,33,215472
18292,0.001835,172.31.33.0-255,66,139307,33,215472
18293,0.001843,172.217.194.0-255,7156,146463,33,215472
18294,0.001846,172.31.33.0-255,66,146529,33,215472
18295,0.001883,172.217.194.0-255,2902,149431,33,215472
18296,0.001886,172.31.33.0-255,66,149497,33,215472
18297,0.001899,172.31.33.0-255,66,149563,33,215472
18298,0.001919,172.31.33.0-255,66,149629,33,215472
18299,0.001962,172.217.194.0-255,2184,151813,33,215472
18300,0.001964,172.31.33.0-255,66,151879,33,215472
18301,0.001992,172.31.33.0-255,66,151945,33,215472
18302,0.001999,172.217.194.0-255,3602,155547,33,215472
18303,0.002001,172.31.33.0-255,66,155613,33,215472
18304,0.002029,172.217.194.0-255,1484,157097,33,215472
18305,0.002034,172.217.194.0-255,2902,159999,33,215472
18306,0.002036,172.31.33.0-255,66,160065,33,215472
18307,0.002039,172.217.194.0-255,1484,161549,33,215472
18308,0.002064,172.217.194.0-255,4320,165869,33,215472
18309,0.002067,172.31.33.0-255,66,165935,33,215472
18310,0.002122,172.31.33.0-255,66,166001,33,215472
18311,0.002149,172.217.194.0-255,1484,167485,33,215472
18312,0.002162,172.31.33.0-255,66,167551,33,215472
18313,0.0025,172.217.194.0-255,1484,169035,33,215472
18314,0.002506,172.217.194.0-255,1484,170519,33,215472
18315,0.00251,172.31.33.0-255,66,170585,33,215472
18316,0.002539,172.217.194.0-255,4320,174905,33,215472
18317,0.002543,172.31.33.0-255,66,174971,33,215472
18318,0.00255,172.217.194.0-255,5738,180709,33,215472
18319,0.002552,172.31.33.0-255,66,180775,33,215472
18320,0.002577,172.217.194.0-255,4320,185095,33,215472
18321,0.002579,172.31.33.0-255,66,185161,33,215472
18322,0.002591,172.217.194.0-255,7156,192317,33,215472
18323,0.002594,172.31.33.0-255,66,192383,33,215472
18324,0.002606,172.31.33.0-255,66,192449,33,215472
18325,0.002642,172.217.194.0-255,1484,193933,33,215472
18326,0.002647,172.217.194.0-255,2902,196835,33,215472
18327,0.00265,172.31.33.0-255,66,196901,33,215472
18328,0.002675,172.217.194.0-255,5738,202639,33,215472
18329,0.002678,172.31.33.0-255,66,202705,33,215472
18330,0.002681,172.217.194.0-255,1484,204189,33,215472
18331,0.002701,172.217.194.0-255,1484,205673,33,215472
18332,0.002703,172.31.33.0-255,66,205739,33,215472
18333,0.002745,172.31.33.0-255,66,205805,33,215472
18334,0.002752,172.217.194.0-255,6438,212243,33,215472
18335,0.002754,172.31.33.0-255,66,212309,33,215472
18336,0.002761,172.217.194.0-255,1484,213793,33,215472
18337,0.002793,172.31.33.0-255,66,213859,33,215472
18338,0.00283,172.31.33.0-255,66,213925,33,215472
18339,0.002833,172.217.194.0-255,1442,215367,33,215472
18340,0.002883,172.217.194.0-255,105,215472,33,215472
18341,0.0,74.125.24.0-255,146,146,33,174104
18342,1.3e-05,172.31.33.0-255,66,212,33,174104
18343,4.7e-05,74.125.24.0-255,1484,1696,33,174104
18344,5e-05,172.31.33.0-255,66,1762,33,174104
18345,5.5e-05,74.125.24.0-255,2902,4664,33,174104
18346,5.7e-05,172.31.33.0-255,66,4730,33,174104
18347,6e-05,74.125.24.0-255,1484,6214,33,174104
18348,6.2e-05,172.31.33.0-255,66,6280,33,174104
18349,8.6e-05,74.125.24.0-255,5738,12018,33,174104
18350,9.1e-05,172.31.33.0-255,66,12084,33,174104
18351,0.000117,74.125.24.0-255,2029,14113,33,174104
18352,0.000119,172.31.33.0-255,66,14179,33,174104
18353,0.000123,74.125.24.0-255,2902,17081,33,174104
18354,0.000125,172.31.33.0-255,66,17147,33,174104
18355,0.000131,74.125.24.0-255,7156,24303,33,174104
18356,0.000137,172.31.33.0-255,66,24369,33,174104
18357,0.000183,74.125.24.0-255,6797,31166,33,174104
18358,0.000187,172.31.33.0-255,66,31232,33,174104
18359,0.000252,74.125.24.0-255,1484,32716,33,174104
18360,0.000255,172.31.33.0-255,66,32782,33,174104
18361,0.00026,74.125.24.0-255,2902,35684,33,174104
18362,0.000262,172.31.33.0-255,66,35750,33,174104
18363,0.000266,74.125.24.0-255,2902,38652,33,174104
18364,0.000272,172.31.33.0-255,66,38718,33,174104
18365,0.000298,74.125.24.0-255,2902,41620,33,174104
18366,0.0003,172.31.33.0-255,66,41686,33,174104
18367,0.000311,172.31.33.0-255,66,41752,33,174104
18368,0.000321,74.125.24.0-255,7156,48908,33,174104
18369,0.000323,172.31.33.0-255,66,48974,33,174104
18370,0.000352,74.125.24.0-255,4320,53294,33,174104
18371,0.000354,172.31.33.0-255,66,53360,33,174104
18372,0.000357,74.125.24.0-255,1419,54779,33,174104
18373,0.00047,74.125.24.0-255,134,54913,33,174104
18374,0.000474,172.31.33.0-255,66,54979,33,174104
18375,0.000496,74.125.24.0-255,346,55325,33,174104
18376,0.000729,74.125.24.0-255,1484,56809,33,174104
18377,0.000733,172.31.33.0-255,66,56875,33,174104
18378,0.000737,74.125.24.0-255,2902,59777,33,174104
18379,0.000739,172.31.33.0-255,66,59843,33,174104
18380,0.000764,74.125.24.0-255,5738,65581,33,174104
18381,0.000767,172.31.33.0-255,66,65647,33,174104
18382,0.00077,74.125.24.0-255,1484,67131,33,174104
18383,0.000798,172.31.33.0-255,66,67197,33,174104
18384,0.000844,172.31.33.0-255,66,67263,33,174104
18385,0.000959,74.125.24.0-255,1484,68747,33,174104
18386,0.000963,74.125.24.0-255,1484,70231,33,174104
18387,0.000966,172.31.33.0-255,66,70297,33,174104
18388,0.000988,74.125.24.0-255,1484,71781,33,174104
18389,0.000994,74.125.24.0-255,5738,77519,33,174104
18390,0.000996,172.31.33.0-255,66,77585,33,174104
18391,0.001002,74.125.24.0-255,4320,81905,33,174104
18392,0.001003,172.31.33.0-255,66,81971,33,174104
18393,0.001031,74.125.24.0-255,2543,84514,33,174104
18394,0.001033,172.31.33.0-255,66,84580,33,174104
18395,0.001335,74.125.24.0-255,1484,86064,33,174104
18396,0.001341,74.125.24.0-255,2902,88966,33,174104
18397,0.001344,172.31.33.0-255,66,89032,33,174104
18398,0.001347,74.125.24.0-255,1484,90516,33,174104
18399,0.001373,74.125.24.0-255,4320,94836,33,174104
18400,0.001375,172.31.33.0-255,66,94902,33,174104
18401,0.001387,172.31.33.0-255,66,94968,33,174104
18402,0.001431,172.31.33.0-255,66,95034,33,174104
18403,0.001788,74.125.24.0-255,1484,96518,33,174104
18404,0.001794,74.125.24.0-255,2902,99420,33,174104
18405,0.001797,172.31.33.0-255,66,99486,33,174104
18406,0.001804,74.125.24.0-255,5738,105224,33,174104
18407,0.001806,172.31.33.0-255,66,105290,33,174104
18408,0.001836,172.31.33.0-255,66,105356,33,174104
18409,0.001871,172.31.33.0-255,66,105422,33,174104
18410,0.001889,74.125.24.0-255,5020,110442,33,174104
18411,0.001891,172.31.33.0-255,66,110508,33,174104
18412,0.002074,74.125.24.0-255,1484,111992,33,174104
18413,0.00208,74.125.24.0-255,2902,114894,33,174104
18414,0.002082,172.31.33.0-255,66,114960,33,174104
18415,0.002087,74.125.24.0-255,2902,117862,33,174104
18416,0.002089,172.31.33.0-255,66,117928,33,174104
18417,0.002107,74.125.24.0-255,2902,120830,33,174104
18418,0.002108,172.31.33.0-255,66,120896,33,174104
18419,0.002118,172.31.33.0-255,66,120962,33,174104
18420,0.002147,74.125.24.0-255,2902,123864,33,174104
18421,0.002149,172.31.33.0-255,66,123930,33,174104
18422,0.002182,172.31.33.0-255,66,123996,33,174104
18423,0.002205,74.125.24.0-255,1484,125480,33,174104
18424,0.002219,74.125.24.0-255,2902,128382,33,174104
18425,0.002221,172.31.33.0-255,66,128448,33,174104
18426,0.002225,74.125.24.0-255,1484,129932,33,174104
18427,0.002249,74.125.24.0-255,4320,134252,33,174104
18428,0.00225,172.31.33.0-255,66,134318,33,174104
18429,0.002263,172.31.33.0-255,66,134384,33,174104
18430,0.002277,172.31.33.0-255,66,134450,33,174104
18431,0.002318,74.125.24.0-255,2184,136634,33,174104
18432,0.00232,172.31.33.0-255,66,136700,33,174104
18433,0.002445,74.125.24.0-255,1484,138184,33,174104
18434,0.002451,74.125.24.0-255,2902,141086,33,174104
18435,0.002455,172.31.33.0-255,66,141152,33,174104
18436,0.002461,74.125.24.0-255,5738,146890,33,174104
18437,0.002463,172.31.33.0-255,66,146956,33,174104
18438,0.002508,74.125.24.0-255,2902,149858,33,174104
18439,0.002511,172.31.33.0-255,66,149924,33,174104
18440,0.002549,172.31.33.0-255,66,149990,33,174104
18441,0.002559,172.31.33.0-255,66,150056,33,174104
18442,0.002609,74.125.24.0-255,2184,152240,33,174104
18443,0.002611,172.31.33.0-255,66,152306,33,174104
18444,0.002614,74.125.24.0-255,2902,155208,33,174104
18445,0.002616,172.31.33.0-255,66,155274,33,174104
18446,0.002626,74.125.24.0-255,7156,162430,33,174104
18447,0.002628,172.31.33.0-255,66,162496,33,174104
18448,0.005258,74.125.24.0-255,5738,168234,33,174104
18449,0.005282,172.31.33.0-255,66,168300,33,174104
18450,0.007882,74.125.24.0-255,5738,174038,33,174104
18451,0.007899,172.31.33.0-255,66,174104,33,174104
18452,0.0,74.125.24.0-255,153,153,33,178991
18453,3.1e-05,172.31.33.0-255,66,219,33,178991
18454,3.8e-05,74.125.24.0-255,1484,1703,33,178991
18455,4.2e-05,172.31.33.0-255,66,1769,33,178991
18456,5.5e-05,74.125.24.0-255,2902,4671,33,178991
18457,5.8e-05,172.31.33.0-255,66,4737,33,178991
18458,6.2e-05,74.125.24.0-255,2902,7639,33,178991
18459,6.4e-05,172.31.33.0-255,66,7705,33,178991
18460,0.0001,74.125.24.0-255,6309,14014,33,178991
18461,0.000103,172.31.33.0-255,66,14080,33,178991
18462,0.000126,74.125.24.0-255,7156,21236,33,178991
18463,0.00013,172.31.33.0-255,66,21302,33,178991
18464,0.000158,172.31.33.0-255,66,21368,33,178991
18465,0.000181,74.125.24.0-255,1125,22493,33,178991
18466,0.000183,172.31.33.0-255,66,22559,33,178991
18467,0.000227,74.125.24.0-255,1484,24043,33,178991
18468,0.000231,172.31.33.0-255,66,24109,33,178991
18469,0.00025,74.125.24.0-255,2902,27011,33,178991
18470,0.000253,172.31.33.0-255,66,27077,33,178991
18471,0.000259,74.125.24.0-255,5738,32815,33,178991
18472,0.000261,172.31.33.0-255,66,32881,33,178991
18473,0.000296,172.31.33.0-255,66,32947,33,178991
18474,0.00032,74.125.24.0-255,1125,34072,33,178991
18475,0.000323,172.31.33.0-255,66,34138,33,178991
18476,0.000333,172.31.33.0-255,66,34204,33,178991
18477,0.000336,74.125.24.0-255,1399,35603,33,178991
18478,0.000337,172.31.33.0-255,66,35669,33,178991
18479,0.000374,74.125.24.0-255,127,35796,33,178991
18480,0.00038,172.31.33.0-255,66,35862,33,178991
18481,0.00041,74.125.24.0-255,351,36213,33,178991
18482,0.000572,74.125.24.0-255,1484,37697,33,178991
18483,0.000576,172.31.33.0-255,66,37763,33,178991
18484,0.00058,74.125.24.0-255,1484,39247,33,178991
18485,0.000602,74.125.24.0-255,1484,40731,33,178991
18486,0.000604,172.31.33.0-255,66,40797,33,178991
18487,0.000609,74.125.24.0-255,4320,45117,33,178991
18488,0.000611,172.31.33.0-255,66,45183,33,178991
18489,0.000622,74.125.24.0-255,5738,50921,33,178991
18490,0.000625,172.31.33.0-255,66,50987,33,178991
18491,0.000666,172.31.33.0-255,66,51053,33,178991
18492,0.000676,172.31.33.0-255,66,51119,33,178991
18493,0.000815,74.125.24.0-255,1484,52603,33,178991
18494,0.00082,74.125.24.0-255,2902,55505,33,178991
18495,0.000823,172.31.33.0-255,66,55571,33,178991
18496,0.000826,74.125.24.0-255,1484,57055,33,178991
18497,0.000842,74.125.24.0-255,4320,61375,33,178991
18498,0.000844,172.31.33.0-255,66,61441,33,178991
18499,0.000878,172.31.33.0-255,66,61507,33,178991
18500,0.000887,172.31.33.0-255,66,61573,33,178991
18501,0.000913,74.125.24.0-255,2184,63757,33,178991
18502,0.000916,172.31.33.0-255,66,63823,33,178991
18503,0.001195,74.125.24.0-255,1484,65307,33,178991
18504,0.001203,74.125.24.0-255,2902,68209,33,178991
18505,0.001206,172.31.33.0-255,66,68275,33,178991
18506,0.001213,74.125.24.0-255,5738,74013,33,178991
18507,0.001215,172.31.33.0-255,66,74079,33,178991
18508,0.001232,74.125.24.0-255,4320,78399,33,178991
18509,0.001235,172.31.33.0-255,66,78465,33,178991
18510,0.001246,74.125.24.0-255,5738,84203,33,178991
18511,0.001248,172.31.33.0-255,66,84269,33,178991
18512,0.001255,74.125.24.0-255,7156,91425,33,178991
18513,0.001257,172.31.33.0-255,66,91491,33,178991
18514,0.001287,74.125.24.0-255,4320,95811,33,178991
18515,0.001291,172.31.33.0-255,66,95877,33,178991
18516,0.001295,74.125.24.0-255,2184,98061,33,178991
18517,0.001297,172.31.33.0-255,66,98127,33,178991
18518,0.001469,74.125.24.0-255,1484,99611,33,178991
18519,0.001482,74.125.24.0-255,1484,101095,33,178991
18520,0.001485,172.31.33.0-255,66,101161,33,178991
18521,0.001512,74.125.24.0-255,1484,102645,33,178991
18522,0.001518,74.125.24.0-255,5738,108383,33,178991
18523,0.001521,172.31.33.0-255,66,108449,33,178991
18524,0.001533,172.31.33.0-255,66,108515,33,178991
18525,0.001544,172.31.33.0-255,66,108581,33,178991
18526,0.001693,74.125.24.0-255,1484,110065,33,178991
18527,0.001706,74.125.24.0-255,2902,112967,33,178991
18528,0.001709,172.31.33.0-255,66,113033,33,178991
18529,0.001734,74.125.24.0-255,5738,118771,33,178991
18530,0.001736,172.31.33.0-255,66,118837,33,178991
18531,0.00174,74.125.24.0-255,5738,124575,33,178991
18532,0.001742,172.31.33.0-255,66,124641,33,178991
18533,0.001745,74.125.24.0-255,1484,126125,33,178991
18534,0.001775,172.31.33.0-255,66,126191,33,178991
18535,0.001779,74.125.24.0-255,5020,131211,33,178991
18536,0.001781,172.31.33.0-255,66,131277,33,178991
18537,0.001822,74.125.24.0-255,4320,135597,33,178991
18538,0.001824,172.31.33.0-255,66,135663,33,178991
18539,0.001847,74.125.24.0-255,1484,137147,33,178991
18540,0.001852,74.125.24.0-255,5738,142885,33,178991
18541,0.001854,172.31.33.0-255,66,142951,33,178991
18542,0.001875,172.31.33.0-255,66,143017,33,178991
18543,0.001916,172.31.33.0-255,66,143083,33,178991
18544,0.001948,74.125.24.0-255,5738,148821,33,178991
18545,0.00195,172.31.33.0-255,66,148887,33,178991
18546,0.001976,172.31.33.0-255,66,148953,33,178991
18547,0.001984,172.31.33.0-255,66,149019,33,178991
18548,0.002,74.125.24.0-255,5738,154757,33,178991
18549,0.002006,172.31.33.0-255,66,154823,33,178991
18550,0.002044,74.125.24.0-255,1484,156307,33,178991
18551,0.002088,74.125.24.0-255,2902,159209,33,178991
18552,0.002093,74.125.24.0-255,5738,164947,33,178991
18553,0.002144,74.125.24.0-255,5020,169967,33,178991
18554,0.005756,172.31.33.0-255,66,170033,33,178991
18555,0.007859,74.125.24.0-255,5738,175771,33,178991
18556,0.007863,172.31.33.0-255,66,175837,33,178991
18557,0.009946,74.125.24.0-255,3088,178925,33,178991
18558,0.009954,172.31.33.0-255,66,178991,33,178991
18559,0.0,172.217.194.0-255,153,153,33,63394
18560,2.4e-05,172.31.33.0-255,66,219,33,63394
18561,3.2e-05,172.217.194.0-255,1484,1703,33,63394
18562,3.8e-05,172.31.33.0-255,66,1769,33,63394
18563,5.4e-05,172.217.194.0-255,2902,4671,33,63394
18564,5.8e-05,172.31.33.0-255,66,4737,33,63394
18565,0.000143,172.217.194.0-255,7156,11893,33,63394
18566,0.000147,172.31.33.0-255,66,11959,33,63394
18567,0.000386,172.217.194.0-255,2137,14096,33,63394
18568,0.000392,172.31.33.0-255,66,14162,33,63394
18569,0.000454,172.217.194.0-255,5738,19900,33,63394
18570,0.000459,172.31.33.0-255,66,19966,33,63394
18571,0.000489,172.217.194.0-255,5738,25704,33,63394
18572,0.000492,172.31.33.0-255,66,25770,33,63394
18573,0.000842,172.217.194.0-255,5379,31149,33,63394
18574,0.000848,172.31.33.0-255,66,31215,33,63394
18575,0.001045,172.31.33.0-255,66,31281,33,63394
18576,0.001084,172.31.33.0-255,66,31347,33,63394
18577,0.00178,172.217.194.0-255,2902,34249,33,63394
18578,0.001789,172.31.33.0-255,66,34315,33,63394
18579,0.001825,172.31.33.0-255,66,34381,33,63394
18580,0.002136,172.217.194.0-255,381,34762,33,63394
18581,0.002139,172.31.33.0-255,66,34828,33,63394
18582,0.002184,172.217.194.0-255,4320,39148,33,63394
18583,0.002187,172.31.33.0-255,66,39214,33,63394
18584,0.002215,172.31.33.0-255,66,39280,33,63394
18585,0.002671,172.217.194.0-255,5738,45018,33,63394
18586,0.002673,172.31.33.0-255,66,45084,33,63394
18587,0.002716,172.217.194.0-255,766,45850,33,63394
18588,0.003316,172.217.194.0-255,2902,48752,33,63394
18589,0.003362,172.217.194.0-255,4320,53072,33,63394
18590,0.005069,172.31.33.0-255,66,53138,33,63394
18591,0.007157,172.217.194.0-255,4320,57458,33,63394
18592,0.007166,172.31.33.0-255,66,57524,33,63394
18593,0.007198,172.217.194.0-255,1484,59008,33,63394
18594,0.009232,172.217.194.0-255,4320,63328,33,63394
18595,0.009847,172.31.33.0-255,66,63394,33,63394
18596,0.0,172.31.33.0-255,105,105,33,459
18597,0.000198,172.31.33.0-255,90,195,33,459
18598,0.000206,172.31.33.0-255,66,261,33,459
18599,0.002646,74.125.130.0-255,66,327,33,459
18600,0.002658,74.125.130.0-255,66,393,33,459
18601,0.002667,172.31.33.0-255,66,459,33,459
18602,0.0,74.125.24.0-255,153,153,33,168926
18603,3.1e-05,172.31.33.0-255,66,219,33,168926
18604,3.9e-05,74.125.24.0-255,1484,1703,33,168926
18605,4.3e-05,172.31.33.0-255,66,1769,33,168926
18606,4.8e-05,74.125.24.0-255,2902,4671,33,168926
18607,5e-05,172.31.33.0-255,66,4737,33,168926
18608,5.7e-05,74.125.24.0-255,7156,11893,33,168926
18609,6.1e-05,172.31.33.0-255,66,11959,33,168926
18610,9.8e-05,74.125.24.0-255,2109,14068,33,168926
18611,0.000101,172.31.33.0-255,66,14134,33,168926
18612,0.000134,74.125.24.0-255,2902,17036,33,168926
18613,0.000138,172.31.33.0-255,66,17102,33,168926
18614,0.000159,74.125.24.0-255,4320,21422,33,168926
18615,0.000162,172.31.33.0-255,66,21488,33,168926
18616,0.000169,74.125.24.0-255,5738,27226,33,168926
18617,0.000172,172.31.33.0-255,66,27292,33,168926
18618,0.000184,74.125.24.0-255,2902,30194,33,168926
18619,0.000187,172.31.33.0-255,66,30260,33,168926
18620,0.00019,74.125.24.0-255,1125,31385,33,168926
18621,0.000191,172.31.33.0-255,66,31451,33,168926
18622,0.000195,74.125.24.0-255,1484,32935,33,168926
18623,0.000197,172.31.33.0-255,66,33001,33,168926
18624,0.000223,74.125.24.0-255,4320,37321,33,168926
18625,0.000225,172.31.33.0-255,66,37387,33,168926
18626,0.000231,74.125.24.0-255,5738,43125,33,168926
18627,0.000234,172.31.33.0-255,66,43191,33,168926
18628,0.000251,74.125.24.0-255,4320,47511,33,168926
18629,0.000254,172.31.33.0-255,66,47577,33,168926
18630,0.000256,74.125.24.0-255,1125,48702,33,168926
18631,0.00026,172.31.33.0-255,66,48768,33,168926
18632,0.000269,74.125.24.0-255,1484,50252,33,168926
18633,0.000272,172.31.33.0-255,66,50318,33,168926
18634,0.000275,74.125.24.0-255,1484,51802,33,168926
18635,0.00029,74.125.24.0-255,2902,54704,33,168926
18636,0.000293,172.31.33.0-255,66,54770,33,168926
18637,0.000296,74.125.24.0-255,1484,56254,33,168926
18638,0.000326,172.31.33.0-255,66,56320,33,168926
18639,0.000329,74.125.24.0-255,1125,57445,33,168926
18640,0.000333,74.125.24.0-255,398,57843,33,168926
18641,0.000379,74.125.24.0-255,376,58219,33,168926
18642,0.000382,172.31.33.0-255,66,58285,33,168926
18643,0.000485,74.125.24.0-255,1484,59769,33,168926
18644,0.000499,74.125.24.0-255,2902,62671,33,168926
18645,0.000502,172.31.33.0-255,66,62737,33,168926
18646,0.000508,74.125.24.0-255,5738,68475,33,168926
18647,0.00051,172.31.33.0-255,66,68541,33,168926
18648,0.000557,74.125.24.0-255,4320,72861,33,168926
18649,0.000561,172.31.33.0-255,66,72927,33,168926
18650,0.000586,74.125.24.0-255,3961,76888,33,168926
18651,0.00059,172.31.33.0-255,66,76954,33,168926
18652,0.000601,172.31.33.0-255,66,77020,33,168926
18653,0.000605,74.125.24.0-255,2902,79922,33,168926
18654,0.000607,172.31.33.0-255,66,79988,33,168926
18655,0.000626,74.125.24.0-255,3412,83400,33,168926
18656,0.000628,172.31.33.0-255,66,83466,33,168926
18657,0.000957,74.125.24.0-255,1484,84950,33,168926
18658,0.000972,74.125.24.0-255,2902,87852,33,168926
18659,0.000977,172.31.33.0-255,66,87918,33,168926
18660,0.000989,74.125.24.0-255,5738,93656,33,168926
18661,0.000992,172.31.33.0-255,66,93722,33,168926
18662,0.00102,74.125.24.0-255,7156,100878,33,168926
18663,0.001023,172.31.33.0-255,66,100944,33,168926
18664,0.001028,74.125.24.0-255,2902,103846,33,168926
18665,0.00103,172.31.33.0-255,66,103912,33,168926
18666,0.00105,172.31.33.0-255,66,103978,33,168926
18667,0.00107,74.125.24.0-255,2902,106880,33,168926
18668,0.001073,74.125.24.0-255,2184,109064,33,168926
18669,0.001074,172.31.33.0-255,66,109130,33,168926
18670,0.001078,172.31.33.0-255,66,109196,33,168926
18671,0.001797,74.125.24.0-255,1484,110680,33,168926
18672,0.001807,74.125.24.0-255,2902,113582,33,168926
18673,0.001812,172.31.33.0-255,66,113648,33,168926
18674,0.00182,74.125.24.0-255,5738,119386,33,168926
18675,0.001823,172.31.33.0-255,66,119452,33,168926
18676,0.001843,172.31.33.0-255,66,119518,33,168926
18677,0.001867,74.125.24.0-255,4320,123838,33,168926
18678,0.00187,172.31.33.0-255,66,123904,33,168926
18679,0.001874,74.125.24.0-255,2902,126806,33,168926
18680,0.001876,172.31.33.0-255,66,126872,33,168926
18681,0.001898,172.31.33.0-255,66,126938,33,168926
18682,0.002031,74.125.24.0-255,1484,128422,33,168926
18683,0.002036,74.125.24.0-255,2902,131324,33,168926
18684,0.002038,172.31.33.0-255,66,131390,33,168926
18685,0.002092,74.125.24.0-255,5738,137128,33,168926
18686,0.002094,172.31.33.0-255,66,137194,33,168926
18687,0.0021,74.125.24.0-255,7156,144350,33,168926
18688,0.002102,172.31.33.0-255,66,144416,33,168926
18689,0.002113,172.31.33.0-255,66,144482,33,168926
18690,0.002138,74.125.24.0-255,4320,148802,33,168926
18691,0.00214,172.31.33.0-255,66,148868,33,168926
18692,0.002144,74.125.24.0-255,2184,151052,33,168926
18693,0.002145,172.31.33.0-255,66,151118,33,168926
18694,0.004217,74.125.24.0-255,2902,154020,33,168926
18695,0.004222,172.31.33.0-255,66,154086,33,168926
18696,0.004239,74.125.24.0-255,2902,156988,33,168926
18697,0.004242,172.31.33.0-255,66,157054,33,168926
18698,0.006295,74.125.24.0-255,2902,159956,33,168926
18699,0.006299,172.31.33.0-255,66,160022,33,168926
18700,0.006341,74.125.24.0-255,2902,162924,33,168926
18701,0.006345,172.31.33.0-255,66,162990,33,168926
18702,0.008375,74.125.24.0-255,2902,165892,33,168926
18703,0.00838,172.31.33.0-255,66,165958,33,168926
18704,0.008399,74.125.24.0-255,2902,168860,33,168926
18705,0.008401,172.31.33.0-255,66,168926,33,168926
18706,0.0,74.125.24.0-255,153,153,33,241925
18707,2.4e-05,172.31.33.0-255,66,219,33,241925
18708,4.4e-05,74.125.24.0-255,1484,1703,33,241925
18709,4.8e-05,172.31.33.0-255,66,1769,33,241925
18710,7.1e-05,74.125.24.0-255,2902,4671,33,241925
18711,7.4e-05,172.31.33.0-255,66,4737,33,241925
18712,8e-05,74.125.24.0-255,5738,10475,33,241925
18713,8.3e-05,172.31.33.0-255,66,10541,33,241925
18714,8.8e-05,74.125.24.0-255,3579,14120,33,241925
18715,9.1e-05,172.31.33.0-255,66,14186,33,241925
18716,0.00016,74.125.24.0-255,1484,15670,33,241925
18717,0.000164,172.31.33.0-255,66,15736,33,241925
18718,0.000171,74.125.24.0-255,2902,18638,33,241925
18719,0.000173,172.31.33.0-255,66,18704,33,241925
18720,0.000194,74.125.24.0-255,5738,24442,33,241925
18721,0.000197,172.31.33.0-255,66,24508,33,241925
18722,0.0002,74.125.24.0-255,1484,25992,33,241925
18723,0.000202,172.31.33.0-255,66,26058,33,241925
18724,0.000217,74.125.24.0-255,2902,28960,33,241925
18725,0.00022,172.31.33.0-255,66,29026,33,241925
18726,0.000223,74.125.24.0-255,1484,30510,33,241925
18727,0.000225,172.31.33.0-255,66,30576,33,241925
18728,0.000261,172.31.33.0-255,66,30642,33,241925
18729,0.000267,74.125.24.0-255,4320,34962,33,241925
18730,0.000269,172.31.33.0-255,66,35028,33,241925
18731,0.000302,74.125.24.0-255,3602,38630,33,241925
18732,0.000305,172.31.33.0-255,66,38696,33,241925
18733,0.000435,74.125.24.0-255,1484,40180,33,241925
18734,0.000441,172.31.33.0-255,66,40246,33,241925
18735,0.000446,74.125.24.0-255,2902,43148,33,241925
18736,0.000448,74.125.24.0-255,1484,44632,33,241925
18737,0.000451,172.31.33.0-255,66,44698,33,241925
18738,0.000466,74.125.24.0-255,4320,49018,33,241925
18739,0.00047,172.31.33.0-255,66,49084,33,241925
18740,0.000554,74.125.24.0-255,4320,53404,33,241925
18741,0.000558,172.31.33.0-255,66,53470,33,241925
18742,0.000582,74.125.24.0-255,2543,56013,33,241925
18743,0.000586,172.31.33.0-255,66,56079,33,241925
18744,0.000833,74.125.24.0-255,1484,57563,33,241925
18745,0.000857,74.125.24.0-255,2902,60465,33,241925
18746,0.000861,172.31.33.0-255,66,60531,33,241925
18747,0.000865,74.125.24.0-255,1484,62015,33,241925
18748,0.000869,74.125.24.0-255,2902,64917,33,241925
18749,0.000872,172.31.33.0-255,66,64983,33,241925
18750,0.000886,74.125.24.0-255,2902,67885,33,241925
18751,0.00089,172.31.33.0-255,66,67951,33,241925
18752,0.000918,74.125.24.0-255,5738,73689,33,241925
18753,0.000921,172.31.33.0-255,66,73755,33,241925
18754,0.000941,74.125.24.0-255,1404,75159,33,241925
18755,0.000949,74.125.24.0-255,7156,82315,33,241925
18756,0.000951,172.31.33.0-255,66,82381,33,241925
18757,0.00098,172.31.33.0-255,66,82447,33,241925
18758,0.000991,172.31.33.0-255,66,82513,33,241925
18759,0.001013,74.125.24.0-255,1484,83997,33,241925
18760,0.00102,74.125.24.0-255,4320,88317,33,241925
18761,0.001022,172.31.33.0-255,66,88383,33,241925
18762,0.001035,74.125.24.0-255,2184,90567,33,241925
18763,0.001037,172.31.33.0-255,66,90633,33,241925
18764,0.001077,74.125.24.0-255,1484,92117,33,241925
18765,0.0011,74.125.24.0-255,2902,95019,33,241925
18766,0.001104,172.31.33.0-255,66,95085,33,241925
18767,0.00111,74.125.24.0-255,5738,100823,33,241925
18768,0.001112,172.31.33.0-255,66,100889,33,241925
18769,0.00112,74.125.24.0-255,7156,108045,33,241925
18770,0.001122,172.31.33.0-255,66,108111,33,241925
18771,0.001139,74.125.24.0-255,4320,112431,33,241925
18772,0.001142,172.31.33.0-255,66,112497,33,241925
18773,0.001176,172.31.33.0-255,66,112563,33,241925
18774,0.00118,74.125.24.0-255,2184,114747,33,241925
18775,0.001182,172.31.33.0-255,66,114813,33,241925
18776,0.001186,74.125.24.0-255,2902,117715,33,241925
18777,0.001188,172.31.33.0-255,66,117781,33,241925
18778,0.001193,74.125.24.0-255,5738,123519,33,241925
18779,0.001196,172.31.33.0-255,66,123585,33,241925
18780,0.001212,74.125.24.0-255,1484,125069,33,241925
18781,0.001218,74.125.24.0-255,5738,130807,33,241925
18782,0.001221,172.31.33.0-255,66,130873,33,241925
18783,0.001241,74.125.24.0-255,4320,135193,33,241925
18784,0.001244,172.31.33.0-255,66,135259,33,241925
18785,0.001277,74.125.24.0-255,2902,138161,33,241925
18786,0.00128,172.31.33.0-255,66,138227,33,241925
18787,0.001311,172.31.33.0-255,66,138293,33,241925
18788,0.001358,74.125.24.0-255,1484,139777,33,241925
18789,0.001374,74.125.24.0-255,2902,142679,33,241925
18790,0.001377,172.31.33.0-255,66,142745,33,241925
18791,0.001382,74.125.24.0-255,4320,147065,33,241925
18792,0.001384,172.31.33.0-255,66,147131,33,241925
18793,0.001396,74.125.24.0-255,1484,148615,33,241925
18794,0.001399,74.125.24.0-255,1484,150099,33,241925
18795,0.001401,172.31.33.0-255,66,150165,33,241925
18796,0.001431,172.31.33.0-255,66,150231,33,241925
18797,0.001442,172.31.33.0-255,66,150297,33,241925
18798,0.001465,74.125.24.0-255,1914,152211,33,241925
18799,0.001469,172.31.33.0-255,66,152277,33,241925
18800,0.0016,74.125.24.0-255,1484,153761,33,241925
18801,0.001607,74.125.24.0-255,2902,156663,33,241925
18802,0.00161,172.31.33.0-255,66,156729,33,241925
18803,0.001613,74.125.24.0-255,1484,158213,33,241925
18804,0.001627,74.125.24.0-255,1484,159697,33,241925
18805,0.001632,74.125.24.0-255,2902,162599,33,241925
18806,0.001632,172.31.33.0-255,66,162665,33,241925
18807,0.001636,172.31.33.0-255,66,162731,33,241925
18808,0.001659,74.125.24.0-255,4320,167051,33,241925
18809,0.001662,172.31.33.0-255,66,167117,33,241925
18810,0.001694,74.125.24.0-255,7156,174273,33,241925
18811,0.001697,172.31.33.0-255,66,174339,33,241925
18812,0.00172,74.125.24.0-255,7156,181495,33,241925
18813,0.001723,172.31.33.0-255,66,181561,33,241925
18814,0.001772,74.125.24.0-255,4320,185881,33,241925
18815,0.001776,172.31.33.0-255,66,185947,33,241925
18816,0.001796,74.125.24.0-255,766,186713,33,241925
18817,0.001823,74.125.24.0-255,1484,188197,33,241925
18818,0.001826,172.31.33.0-255,66,188263,33,241925
18819,0.001829,74.125.24.0-255,1484,189747,33,241925
18820,0.001843,74.125.24.0-255,1484,191231,33,241925
18821,0.001846,172.31.33.0-255,66,191297,33,241925
18822,0.001864,74.125.24.0-255,4320,195617,33,241925
18823,0.001867,172.31.33.0-255,66,195683,33,241925
18824,0.001888,74.125.24.0-255,1484,197167,33,241925
18825,0.001893,74.125.24.0-255,4320,201487,33,241925
18826,0.001896,172.31.33.0-255,66,201553,33,241925
18827,0.001902,74.125.24.0-255,5738,207291,33,241925
18828,0.001905,172.31.33.0-255,66,207357,33,241925
18829,0.001919,74.125.24.0-255,5738,213095,33,241925
18830,0.001922,172.31.33.0-255,66,213161,33,241925
18831,0.001953,172.31.33.0-255,66,213227,33,241925
18832,0.001964,172.31.33.0-255,66,213293,33,241925
18833,0.001984,74.125.24.0-255,1484,214777,33,241925
18834,0.00199,74.125.24.0-255,5738,220515,33,241925
18835,0.001993,172.31.33.0-255,66,220581,33,241925
18836,0.002025,172.31.33.0-255,66,220647,33,241925
18837,0.002049,74.125.24.0-255,2184,222831,33,241925
18838,0.002052,172.31.33.0-255,66,222897,33,241925
18839,0.002071,74.125.24.0-255,2902,225799,33,241925
18840,0.002074,172.31.33.0-255,66,225865,33,241925
18841,0.004103,74.125.24.0-255,4320,230185,33,241925
18842,0.004108,172.31.33.0-255,66,230251,33,241925
18843,0.004122,74.125.24.0-255,1484,231735,33,241925
18844,0.006152,74.125.24.0-255,4320,236055,33,241925
18845,0.006155,172.31.33.0-255,66,236121,33,241925
18846,0.008189,74.125.24.0-255,5738,241859,33,241925
18847,0.008194,172.31.33.0-255,66,241925,33,241925
18848,0.0,74.125.68.0-255,153,153,33,157838
18849,3.6e-05,172.31.33.0-255,66,219,33,157838
18850,4.2e-05,74.125.68.0-255,1484,1703,33,157838
18851,4.6e-05,172.31.33.0-255,66,1769,33,157838
18852,5e-05,74.125.68.0-255,2902,4671,33,157838
18853,5.4e-05,172.31.33.0-255,66,4737,33,157838
18854,5.8e-05,74.125.68.0-255,1484,6221,33,157838
18855,6e-05,172.31.33.0-255,66,6287,33,157838
18856,6.5e-05,74.125.68.0-255,2902,9189,33,157838
18857,6.8e-05,172.31.33.0-255,66,9255,33,157838
18858,0.00011,74.125.68.0-255,4921,14176,33,157838
18859,0.000114,172.31.33.0-255,66,14242,33,157838
18860,0.000525,74.125.68.0-255,1484,15726,33,157838
18861,0.000532,172.31.33.0-255,66,15792,33,157838
18862,0.00054,74.125.68.0-255,1484,17276,33,157838
18863,0.000543,172.31.33.0-255,66,17342,33,157838
18864,0.000561,74.125.68.0-255,1484,18826,33,157838
18865,0.000565,172.31.33.0-255,66,18892,33,157838
18866,0.000571,74.125.68.0-255,4320,23212,33,157838
18867,0.000573,172.31.33.0-255,66,23278,33,157838
18868,0.0006,74.125.68.0-255,1484,24762,33,157838
18869,0.000603,172.31.33.0-255,66,24828,33,157838
18870,0.000608,74.125.68.0-255,2902,27730,33,157838
18871,0.000611,172.31.33.0-255,66,27796,33,157838
18872,0.000616,74.125.68.0-255,3961,31757,33,157838
18873,0.000618,172.31.33.0-255,66,31823,33,157838
18874,0.000623,74.125.68.0-255,4320,36143,33,157838
18875,0.000626,172.31.33.0-255,66,36209,33,157838
18876,0.000646,74.125.68.0-255,1484,37693,33,157838
18877,0.000649,172.31.33.0-255,66,37759,33,157838
18878,0.000662,74.125.68.0-255,1484,39243,33,157838
18879,0.000665,172.31.33.0-255,66,39309,33,157838
18880,0.000691,74.125.68.0-255,2902,42211,33,157838
18881,0.000695,172.31.33.0-255,66,42277,33,157838
18882,0.000698,74.125.68.0-255,1484,43761,33,157838
18883,0.000721,74.125.68.0-255,5379,49140,33,157838
18884,0.000725,172.31.33.0-255,66,49206,33,157838
18885,0.000728,74.125.68.0-255,1484,50690,33,157838
18886,0.000733,74.125.68.0-255,2902,53592,33,157838
18887,0.000735,172.31.33.0-255,66,53658,33,157838
18888,0.00074,74.125.68.0-255,2902,56560,33,157838
18889,0.000743,172.31.33.0-255,66,56626,33,157838
18890,0.00076,74.125.68.0-255,2902,59528,33,157838
18891,0.000763,172.31.33.0-255,66,59594,33,157838
18892,0.000783,74.125.68.0-255,6797,66391,33,157838
18893,0.000786,172.31.33.0-255,66,66457,33,157838
18894,0.000829,74.125.68.0-255,645,67102,33,157838
18895,0.000893,74.125.68.0-255,1484,68586,33,157838
18896,0.000898,172.31.33.0-255,66,68652,33,157838
18897,0.000903,74.125.68.0-255,2902,71554,33,157838
18898,0.000905,172.31.33.0-255,66,71620,33,157838
18899,0.000925,74.125.68.0-255,5738,77358,33,157838
18900,0.000928,172.31.33.0-255,66,77424,33,157838
18901,0.000934,74.125.68.0-255,4320,81744,33,157838
18902,0.000937,172.31.33.0-255,66,81810,33,157838
18903,0.000952,74.125.68.0-255,2543,84353,33,157838
18904,0.000956,172.31.33.0-255,66,84419,33,157838
18905,0.000969,74.125.68.0-255,1484,85903,33,157838
18906,0.000993,74.125.68.0-255,2902,88805,33,157838
18907,0.000996,172.31.33.0-255,66,88871,33,157838
18908,0.001001,74.125.68.0-255,2902,91773,33,157838
18909,0.001004,172.31.33.0-255,66,91839,33,157838
18910,0.001025,74.125.68.0-255,2902,94741,33,157838
18911,0.001028,172.31.33.0-255,66,94807,33,157838
18912,0.001032,74.125.68.0-255,2902,97709,33,157838
18913,0.001034,172.31.33.0-255,66,97775,33,157838
18914,0.001041,74.125.68.0-255,3961,101736,33,157838
18915,0.001043,172.31.33.0-255,66,101802,33,157838
18916,0.001735,74.125.68.0-255,1484,103286,33,157838
18917,0.001744,74.125.68.0-255,2902,106188,33,157838
18918,0.001748,172.31.33.0-255,66,106254,33,157838
18919,0.001755,74.125.68.0-255,5738,111992,33,157838
18920,0.001758,172.31.33.0-255,66,112058,33,157838
18921,0.001767,74.125.68.0-255,7156,119214,33,157838
18922,0.00177,172.31.33.0-255,66,119280,33,157838
18923,0.001788,74.125.68.0-255,4320,123600,33,157838
18924,0.001791,172.31.33.0-255,66,123666,33,157838
18925,0.001798,74.125.68.0-255,5738,129404,33,157838
18926,0.0018,172.31.33.0-255,66,129470,33,157838
18927,0.001822,74.125.68.0-255,6438,135908,33,157838
18928,0.001824,172.31.33.0-255,66,135974,33,157838
18929,0.003794,74.125.68.0-255,4320,140294,33,157838
18930,0.003799,172.31.33.0-255,66,140360,33,157838
18931,0.00382,74.125.68.0-255,1484,141844,33,157838
18932,0.005793,74.125.68.0-255,4320,146164,33,157838
18933,0.0058,172.31.33.0-255,66,146230,33,157838
18934,0.007777,74.125.68.0-255,5738,151968,33,157838
18935,0.007781,172.31.33.0-255,66,152034,33,157838
18936,0.009748,74.125.68.0-255,5738,157772,33,157838
18937,0.009756,172.31.33.0-255,66,157838,33,157838
18938,0.0,172.217.194.0-255,153,153,33,154510
18939,1.4e-05,172.31.33.0-255,66,219,33,154510
18940,2e-05,172.217.194.0-255,1484,1703,33,154510
18941,2.5e-05,172.31.33.0-255,66,1769,33,154510
18942,3.8e-05,172.217.194.0-255,2902,4671,33,154510
18943,4.1e-05,172.31.33.0-255,66,4737,33,154510
18944,4.7e-05,172.217.194.0-255,4320,9057,33,154510
18945,5e-05,172.31.33.0-255,66,9123,33,154510
18946,8e-05,172.217.194.0-255,2902,12025,33,154510
18947,8.3e-05,172.31.33.0-255,66,12091,33,154510
18948,9.1e-05,172.217.194.0-255,4829,16920,33,154510
18949,9.3e-05,172.31.33.0-255,66,16986,33,154510
18950,0.000106,172.31.33.0-255,66,17052,33,154510
18951,0.000135,172.217.194.0-255,3961,21013,33,154510
18952,0.000137,172.31.33.0-255,66,21079,33,154510
18953,0.00018,172.217.194.0-255,1484,22563,33,154510
18954,0.000183,172.31.33.0-255,66,22629,33,154510
18955,0.000187,172.217.194.0-255,2902,25531,33,154510
18956,0.000189,172.31.33.0-255,66,25597,33,154510
18957,0.000214,172.217.194.0-255,5738,31335,33,154510
18958,0.000217,172.31.33.0-255,66,31401,33,154510
18959,0.000225,172.217.194.0-255,6797,38198,33,154510
18960,0.000228,172.31.33.0-255,66,38264,33,154510
18961,0.000262,172.31.33.0-255,66,38330,33,154510
18962,0.000266,172.217.194.0-255,2832,41162,33,154510
18963,0.000268,172.31.33.0-255,66,41228,33,154510
18964,0.000539,172.217.194.0-255,102,41330,33,154510
18965,0.000545,172.31.33.0-255,66,41396,33,154510
18966,0.000575,172.217.194.0-255,1484,42880,33,154510
18967,0.000579,172.31.33.0-255,66,42946,33,154510
18968,0.000584,172.217.194.0-255,2902,45848,33,154510
18969,0.000587,172.31.33.0-255,66,45914,33,154510
18970,0.000617,172.217.194.0-255,7156,53070,33,154510
18971,0.00062,172.31.33.0-255,66,53136,33,154510
18972,0.000623,172.217.194.0-255,1484,54620,33,154510
18973,0.00066,172.31.33.0-255,66,54686,33,154510
18974,0.000664,172.217.194.0-255,1484,56170,33,154510
18975,0.000694,172.217.194.0-255,5315,61485,33,154510
18976,0.000697,172.31.33.0-255,66,61551,33,154510
18977,0.000809,172.217.194.0-255,1484,63035,33,154510
18978,0.000814,172.217.194.0-255,2902,65937,33,154510
18979,0.000817,172.31.33.0-255,66,66003,33,154510
18980,0.00082,172.217.194.0-255,1484,67487,33,154510
18981,0.000837,172.217.194.0-255,4320,71807,33,154510
18982,0.00084,172.31.33.0-255,66,71873,33,154510
18983,0.00086,172.217.194.0-255,1484,73357,33,154510
18984,0.000888,172.31.33.0-255,66,73423,33,154510
18985,0.000925,172.31.33.0-255,66,73489,33,154510
18986,0.000947,172.217.194.0-255,1484,74973,33,154510
18987,0.000951,172.217.194.0-255,2902,77875,33,154510
18988,0.000954,172.31.33.0-255,66,77941,33,154510
18989,0.000959,172.217.194.0-255,5738,83679,33,154510
18990,0.000961,172.31.33.0-255,66,83745,33,154510
18991,0.001047,172.31.33.0-255,66,83811,33,154510
18992,0.00105,172.31.33.0-255,66,83877,33,154510
18993,0.001078,172.217.194.0-255,2184,86061,33,154510
18994,0.00108,172.31.33.0-255,66,86127,33,154510
18995,0.001423,172.217.194.0-255,1484,87611,33,154510
18996,0.001428,172.217.194.0-255,2902,90513,33,154510
18997,0.001431,172.31.33.0-255,66,90579,33,154510
18998,0.001468,172.217.194.0-255,5738,96317,33,154510
18999,0.00147,172.31.33.0-255,66,96383,33,154510
19000,0.001483,172.31.33.0-255,66,96449,33,154510
19001,0.001506,172.217.194.0-255,7156,103605,33,154510
19002,0.001508,172.31.33.0-255,66,103671,33,154510
19003,0.001532,172.217.194.0-255,3602,107273,33,154510
19004,0.001535,172.31.33.0-255,66,107339,33,154510
19005,0.001657,172.217.194.0-255,1484,108823,33,154510
19006,0.001661,172.217.194.0-255,1484,110307,33,154510
19007,0.001663,172.31.33.0-255,66,110373,33,154510
19008,0.001686,172.217.194.0-255,1484,111857,33,154510
19009,0.001691,172.217.194.0-255,5738,117595,33,154510
19010,0.001705,172.31.33.0-255,66,117661,33,154510
19011,0.001718,172.31.33.0-255,66,117727,33,154510
19012,0.001731,172.31.33.0-255,66,117793,33,154510
19013,0.001734,172.217.194.0-255,766,118559,33,154510
19014,0.001795,172.217.194.0-255,1484,120043,33,154510
19015,0.001797,172.31.33.0-255,66,120109,33,154510
19016,0.001802,172.217.194.0-255,2902,123011,33,154510
19017,0.001804,172.31.33.0-255,66,123077,33,154510
19018,0.001807,172.217.194.0-255,1484,124561,33,154510
19019,0.001829,172.217.194.0-255,4320,128881,33,154510
19020,0.001831,172.31.33.0-255,66,128947,33,154510
19021,0.001855,172.31.33.0-255,66,129013,33,154510
19022,0.001888,172.217.194.0-255,2902,131915,33,154510
19023,0.001892,172.31.33.0-255,66,131981,33,154510
19024,0.001904,172.31.33.0-255,66,132047,33,154510
19025,0.001921,172.217.194.0-255,7156,139203,33,154510
19026,0.001928,172.31.33.0-255,66,139269,33,154510
19027,0.001979,172.31.33.0-255,66,139335,33,154510
19028,0.002004,172.31.33.0-255,66,139401,33,154510
19029,0.00202,172.31.33.0-255,66,139467,33,154510
19030,0.002025,172.217.194.0-255,4320,143787,33,154510
19031,0.002028,172.31.33.0-255,66,143853,33,154510
19032,0.002071,172.31.33.0-255,66,143919,33,154510
19033,0.002108,172.217.194.0-255,5738,149657,33,154510
19034,0.002111,172.31.33.0-255,66,149723,33,154510
19035,0.00216,172.31.33.0-255,66,149789,33,154510
19036,0.002177,172.31.33.0-255,66,149855,33,154510
19037,0.002188,172.31.33.0-255,66,149921,33,154510
19038,0.002195,172.217.194.0-255,4418,154339,33,154510
19039,0.002198,172.31.33.0-255,66,154405,33,154510
19040,0.002201,172.217.194.0-255,105,154510,33,154510
19041,0.0,172.31.33.0-255,105,105,33,459
19042,0.000195,172.31.33.0-255,90,195,33,459
19043,0.000202,172.31.33.0-255,66,261,33,459
19044,0.002495,74.125.68.0-255,66,327,33,459
19045,0.002517,74.125.68.0-255,66,393,33,459
19046,0.002525,172.31.33.0-255,66,459,33,459
19047,0.0,172.217.194.0-255,163,163,33,109543
19048,2.4e-05,172.31.33.0-255,66,229,33,109543
19049,3.1e-05,172.217.194.0-255,1484,1713,33,109543
19050,3.5e-05,172.31.33.0-255,66,1779,33,109543
19051,6.1e-05,172.217.194.0-255,2902,4681,33,109543
19052,6.5e-05,172.31.33.0-255,66,4747,33,109543
19053,7.4e-05,172.217.194.0-255,7156,11903,33,109543
19054,7.6e-05,172.31.33.0-255,66,11969,33,109543
19055,8e-05,172.217.194.0-255,2138,14107,33,109543
19056,8.4e-05,172.31.33.0-255,66,14173,33,109543
19057,0.000564,172.217.194.0-255,1484,15657,33,109543
19058,0.00057,172.31.33.0-255,66,15723,33,109543
19059,0.000579,172.217.194.0-255,2902,18625,33,109543
19060,0.000581,172.31.33.0-255,66,18691,33,109543
19061,0.000594,172.217.194.0-255,5738,24429,33,109543
19062,0.000596,172.31.33.0-255,66,24495,33,109543
19063,0.000602,172.217.194.0-255,5738,30233,33,109543
19064,0.000604,172.31.33.0-255,66,30299,33,109543
19065,0.000635,172.217.194.0-255,1125,31424,33,109543
19066,0.000638,172.31.33.0-255,66,31490,33,109543
19067,0.000751,172.217.194.0-255,1484,32974,33,109543
19068,0.000755,172.31.33.0-255,66,33040,33,109543
19069,0.000761,172.217.194.0-255,2902,35942,33,109543
19070,0.000764,172.31.33.0-255,66,36008,33,109543
19071,0.000769,172.217.194.0-255,4320,40328,33,109543
19072,0.000776,172.31.33.0-255,66,40394,33,109543
19073,0.000804,172.217.194.0-255,1484,41878,33,109543
19074,0.000806,172.31.33.0-255,66,41944,33,109543
19075,0.000822,172.31.33.0-255,66,42010,33,109543
19076,0.000871,172.31.33.0-255,66,42076,33,109543
19077,0.000897,172.217.194.0-255,1378,43454,33,109543
19078,0.000967,172.217.194.0-255,119,43573,33,109543
19079,0.001055,172.217.194.0-255,1484,45057,33,109543
19080,0.00106,172.31.33.0-255,66,45123,33,109543
19081,0.001065,172.217.194.0-255,2902,48025,33,109543
19082,0.001068,172.31.33.0-255,66,48091,33,109543
19083,0.001074,172.217.194.0-255,2902,50993,33,109543
19084,0.001081,172.31.33.0-255,66,51059,33,109543
19085,0.001112,172.217.194.0-255,2902,53961,33,109543
19086,0.001114,172.31.33.0-255,66,54027,33,109543
19087,0.001122,172.217.194.0-255,6797,60824,33,109543
19088,0.001125,172.31.33.0-255,66,60890,33,109543
19089,0.001129,172.217.194.0-255,2902,63792,33,109543
19090,0.001131,172.31.33.0-255,66,63858,33,109543
19091,0.001168,172.31.33.0-255,66,63924,33,109543
19092,0.001172,172.217.194.0-255,2543,66467,33,109543
19093,0.001174,172.31.33.0-255,66,66533,33,109543
19094,0.00182,172.217.194.0-255,1484,68017,33,109543
19095,0.001828,172.217.194.0-255,2902,70919,33,109543
19096,0.001834,172.31.33.0-255,66,70985,33,109543
19097,0.001841,172.217.194.0-255,5738,76723,33,109543
19098,0.001844,172.31.33.0-255,66,76789,33,109543
19099,0.001881,172.217.194.0-255,5738,82527,33,109543
19100,0.001884,172.31.33.0-255,66,82593,33,109543
19101,0.001913,172.217.194.0-255,7156,89749,33,109543
19102,0.001916,172.31.33.0-255,66,89815,33,109543
19103,0.001927,172.31.33.0-255,66,89881,33,109543
19104,0.00195,172.217.194.0-255,2184,92065,33,109543
19105,0.001953,172.31.33.0-255,66,92131,33,109543
19106,0.003978,172.217.194.0-255,5738,97869,33,109543
19107,0.003987,172.31.33.0-255,66,97935,33,109543
19108,0.006027,172.217.194.0-255,5738,103673,33,109543
19109,0.006034,172.31.33.0-255,66,103739,33,109543
19110,0.008063,172.217.194.0-255,5738,109477,33,109543
19111,0.00807,172.31.33.0-255,66,109543,33,109543
19112,0.0,172.217.194.0-255,153,153,33,141857
19113,1.8e-05,172.31.33.0-255,66,219,33,141857
19114,2.5e-05,172.217.194.0-255,1484,1703,33,141857
19115,2.9e-05,172.31.33.0-255,66,1769,33,141857
19116,3.4e-05,172.217.194.0-255,2902,4671,33,141857
19117,4.4e-05,172.31.33.0-255,66,4737,33,141857
19118,5e-05,172.217.194.0-255,4320,9057,33,141857
19119,5.3e-05,172.31.33.0-255,66,9123,33,141857
19120,5.9e-05,172.217.194.0-255,4962,14085,33,141857
19121,6.2e-05,172.31.33.0-255,66,14151,33,141857
19122,0.000127,172.217.194.0-255,1484,15635,33,141857
19123,0.000131,172.31.33.0-255,66,15701,33,141857
19124,0.000135,172.217.194.0-255,2902,18603,33,141857
19125,0.000137,172.31.33.0-255,66,18669,33,141857
19126,0.000142,172.217.194.0-255,2902,21571,33,141857
19127,0.000149,172.31.33.0-255,66,21637,33,141857
19128,0.000182,172.217.194.0-255,2902,24539,33,141857
19129,0.000184,172.31.33.0-255,66,24605,33,141857
19130,0.000218,172.31.33.0-255,66,24671,33,141857
19131,0.000259,172.31.33.0-255,66,24737,33,141857
19132,0.000282,172.217.194.0-255,2902,27639,33,141857
19133,0.000284,172.31.33.0-255,66,27705,33,141857
19134,0.000287,172.217.194.0-255,1125,28830,33,141857
19135,0.000289,172.31.33.0-255,66,28896,33,141857
19136,0.000293,172.217.194.0-255,1484,30380,33,141857
19137,0.000294,172.31.33.0-255,66,30446,33,141857
19138,0.000303,172.217.194.0-255,4320,34766,33,141857
19139,0.000317,172.217.194.0-255,1125,35891,33,141857
19140,0.000322,172.31.33.0-255,66,35957,33,141857
19141,0.000328,172.31.33.0-255,66,36023,33,141857
19142,0.000537,172.217.194.0-255,646,36669,33,141857
19143,0.000542,172.31.33.0-255,66,36735,33,141857
19144,0.001297,172.217.194.0-255,1484,38219,33,141857
19145,0.001305,172.217.194.0-255,2902,41121,33,141857
19146,0.001309,172.31.33.0-255,66,41187,33,141857
19147,0.001316,172.217.194.0-255,5738,46925,33,141857
19148,0.001318,172.31.33.0-255,66,46991,33,141857
19149,0.001334,172.31.33.0-255,66,47057,33,141857
19150,0.001369,172.31.33.0-255,66,47123,33,141857
19151,0.001405,172.31.33.0-255,66,47189,33,141857
19152,0.001414,172.31.33.0-255,66,47255,33,141857
19153,0.001437,172.217.194.0-255,7156,54411,33,141857
19154,0.001439,172.31.33.0-255,66,54477,33,141857
19155,0.00147,172.31.33.0-255,66,54543,33,141857
19156,0.001491,172.217.194.0-255,1484,56027,33,141857
19157,0.001505,172.217.194.0-255,2902,58929,33,141857
19158,0.001507,172.31.33.0-255,66,58995,33,141857
19159,0.001512,172.217.194.0-255,4320,63315,33,141857
19160,0.001514,172.31.33.0-255,66,63381,33,141857
19161,0.00153,172.217.194.0-255,1484,64865,33,141857
19162,0.001535,172.217.194.0-255,4320,69185,33,141857
19163,0.001537,172.31.33.0-255,66,69251,33,141857
19164,0.001569,172.217.194.0-255,4320,73571,33,141857
19165,0.001571,172.31.33.0-255,66,73637,33,141857
19166,0.001583,172.31.33.0-255,66,73703,33,141857
19167,0.001593,172.217.194.0-255,5020,78723,33,141857
19168,0.001595,172.31.33.0-255,66,78789,33,141857
19169,0.00203,172.217.194.0-255,1484,80273,33,141857
19170,0.002038,172.217.194.0-255,2902,83175,33,141857
19171,0.002043,172.31.33.0-255,66,83241,33,141857
19172,0.00205,172.217.194.0-255,5738,88979,33,141857
19173,0.002053,172.31.33.0-255,66,89045,33,141857
19174,0.00207,172.31.33.0-255,66,89111,33,141857
19175,0.002094,172.217.194.0-255,2902,92013,33,141857
19176,0.002096,172.31.33.0-255,66,92079,33,141857
19177,0.002101,172.217.194.0-255,4320,96399,33,141857
19178,0.002103,172.31.33.0-255,66,96465,33,141857
19179,0.002144,172.217.194.0-255,3602,100067,33,141857
19180,0.002146,172.31.33.0-255,66,100133,33,141857
19181,0.002197,172.217.194.0-255,1484,101617,33,141857
19182,0.002211,172.217.194.0-255,2902,104519,33,141857
19183,0.002213,172.31.33.0-255,66,104585,33,141857
19184,0.002218,172.217.194.0-255,2902,107487,33,141857
19185,0.00222,172.31.33.0-255,66,107553,33,141857
19186,0.002247,172.217.194.0-255,2902,110455,33,141857
19187,0.00225,172.31.33.0-255,66,110521,33,141857
19188,0.002261,172.31.33.0-255,66,110587,33,141857
19189,0.002288,172.217.194.0-255,2902,113489,33,141857
19190,0.00229,172.31.33.0-255,66,113555,33,141857
19191,0.002332,172.217.194.0-255,5738,119293,33,141857
19192,0.002335,172.31.33.0-255,66,119359,33,141857
19193,0.002357,172.217.194.0-255,5020,124379,33,141857
19194,0.002359,172.31.33.0-255,66,124445,33,141857
19195,0.004676,172.217.194.0-255,5738,130183,33,141857
19196,0.004679,172.31.33.0-255,66,130249,33,141857
19197,0.007013,172.217.194.0-255,5738,135987,33,141857
19198,0.007022,172.31.33.0-255,66,136053,33,141857
19199,0.00933,172.217.194.0-255,5738,141791,33,141857
19200,0.00934,172.31.33.0-255,66,141857,33,141857
19201,0.0,172.217.194.0-255,153,153,33,91148
19202,2.4e-05,172.31.33.0-255,66,219,33,91148
19203,3.1e-05,172.217.194.0-255,1484,1703,33,91148
19204,3.5e-05,172.31.33.0-255,66,1769,33,91148
19205,3.9e-05,172.217.194.0-255,2902,4671,33,91148
19206,4.1e-05,172.31.33.0-255,66,4737,33,91148
19207,6.6e-05,172.217.194.0-255,7156,11893,33,91148
19208,6.8e-05,172.31.33.0-255,66,11959,33,91148
19209,7.2e-05,172.217.194.0-255,2013,13972,33,91148
19210,7.4e-05,172.217.194.0-255,1484,15456,33,91148
19211,7.5e-05,172.31.33.0-255,66,15522,33,91148
19212,7.9e-05,172.31.33.0-255,66,15588,33,91148
19213,8.5e-05,172.217.194.0-255,1484,17072,33,91148
19214,8.7e-05,172.31.33.0-255,66,17138,33,91148
19215,0.000113,172.217.194.0-255,7156,24294,33,91148
19216,0.000116,172.31.33.0-255,66,24360,33,91148
19217,0.000133,172.217.194.0-255,1484,25844,33,91148
19218,0.000135,172.31.33.0-255,66,25910,33,91148
19219,0.000168,172.31.33.0-255,66,25976,33,91148
19220,0.000235,172.217.194.0-255,4320,30296,33,91148
19221,0.000239,172.31.33.0-255,66,30362,33,91148
19222,0.00026,172.217.194.0-255,3602,33964,33,91148
19223,0.000262,172.31.33.0-255,66,34030,33,91148
19224,0.000378,172.217.194.0-255,1484,35514,33,91148
19225,0.000381,172.31.33.0-255,66,35580,33,91148
19226,0.000397,172.217.194.0-255,2902,38482,33,91148
19227,0.000399,172.31.33.0-255,66,38548,33,91148
19228,0.000411,172.217.194.0-255,2902,41450,33,91148
19229,0.000413,172.31.33.0-255,66,41516,33,91148
19230,0.000429,172.217.194.0-255,2902,44418,33,91148
19231,0.000431,172.31.33.0-255,66,44484,33,91148
19232,0.000447,172.217.194.0-255,4320,48804,33,91148
19233,0.00045,172.31.33.0-255,66,48870,33,91148
19234,0.000468,172.217.194.0-255,2796,51666,33,91148
19235,0.00047,172.31.33.0-255,66,51732,33,91148
19236,0.001715,172.217.194.0-255,1484,53216,33,91148
19237,0.00172,172.31.33.0-255,66,53282,33,91148
19238,0.001729,172.217.194.0-255,2902,56184,33,91148
19239,0.001731,172.31.33.0-255,66,56250,33,91148
19240,0.001734,172.217.194.0-255,1484,57734,33,91148
19241,0.001735,172.31.33.0-255,66,57800,33,91148
19242,0.001765,172.217.194.0-255,2902,60702,33,91148
19243,0.001766,172.31.33.0-255,66,60768,33,91148
19244,0.001783,172.217.194.0-255,2902,63670,33,91148
19245,0.001785,172.31.33.0-255,66,63736,33,91148
19246,0.001788,172.217.194.0-255,2902,66638,33,91148
19247,0.00179,172.31.33.0-255,66,66704,33,91148
19248,0.001805,172.217.194.0-255,4320,71024,33,91148
19249,0.001806,172.31.33.0-255,66,71090,33,91148
19250,0.001846,172.217.194.0-255,1484,72574,33,91148
19251,0.001868,172.31.33.0-255,66,72640,33,91148
19252,0.001884,172.217.194.0-255,2902,75542,33,91148
19253,0.001885,172.31.33.0-255,66,75608,33,91148
19254,0.001888,172.217.194.0-255,766,76374,33,91148
19255,0.004208,172.217.194.0-255,1484,77858,33,91148
19256,0.004211,172.31.33.0-255,66,77924,33,91148
19257,0.00423,172.217.194.0-255,2902,80826,33,91148
19258,0.004231,172.31.33.0-255,66,80892,33,91148
19259,0.006545,172.217.194.0-255,4320,85212,33,91148
19260,0.006551,172.31.33.0-255,66,85278,33,91148
19261,0.006578,172.217.194.0-255,1484,86762,33,91148
19262,0.008874,172.217.194.0-255,4320,91082,33,91148
19263,0.008879,172.31.33.0-255,66,91148,33,91148
19264,0.0,172.31.33.0-255,105,105,33,459
19265,0.000315,172.31.33.0-255,90,195,33,459
19266,0.000324,172.31.33.0-255,66,261,33,459
19267,0.003129,74.125.24.0-255,66,327,33,459
19268,0.003158,74.125.24.0-255,66,393,33,459
19269,0.003179,172.31.33.0-255,66,459,33,459
19270,0.0,172.217.194.0-255,146,146,33,173759
19271,1.3e-05,172.31.33.0-255,66,212,33,173759
19272,1.9e-05,172.217.194.0-255,1484,1696,33,173759
19273,2.2e-05,172.31.33.0-255,66,1762,33,173759
19274,2.7e-05,172.217.194.0-255,2902,4664,33,173759
19275,3e-05,172.31.33.0-255,66,4730,33,173759
19276,4.2e-05,172.217.194.0-255,4320,9050,33,173759
19277,4.5e-05,172.31.33.0-255,66,9116,33,173759
19278,7.9e-05,172.217.194.0-255,2902,12018,33,173759
19279,8.1e-05,172.31.33.0-255,66,12084,33,173759
19280,9.2e-05,172.31.33.0-255,66,12150,33,173759
19281,0.000123,172.31.33.0-255,66,12216,33,173759
19282,0.000149,172.217.194.0-255,2902,15118,33,173759
19283,0.000151,172.31.33.0-255,66,15184,33,173759
19284,0.000183,172.31.33.0-255,66,15250,33,173759
19285,0.000198,172.31.33.0-255,66,15316,33,173759
19286,0.000223,172.217.194.0-255,2902,18218,33,173759
19287,0.000225,172.31.33.0-255,66,18284,33,173759
19288,0.000234,172.31.33.0-255,66,18350,33,173759
19289,0.000237,172.217.194.0-255,99,18449,33,173759
19290,0.000239,172.31.33.0-255,66,18515,33,173759
19291,0.000322,172.217.194.0-255,1484,19999,33,173759
19292,0.000325,172.31.33.0-255,66,20065,33,173759
19293,0.000328,172.217.194.0-255,1484,21549,33,173759
19294,0.000331,172.31.33.0-255,66,21615,33,173759
19295,0.000356,172.217.194.0-255,1484,23099,33,173759
19296,0.000358,172.31.33.0-255,66,23165,33,173759
19297,0.000363,172.217.194.0-255,5738,28903,33,173759
19298,0.000365,172.31.33.0-255,66,28969,33,173759
19299,0.000392,172.217.194.0-255,1484,30453,33,173759
19300,0.000415,172.217.194.0-255,5100,35553,33,173759
19301,0.000418,172.31.33.0-255,66,35619,33,173759
19302,0.000687,172.217.194.0-255,1484,37103,33,173759
19303,0.000693,172.217.194.0-255,2902,40005,33,173759
19304,0.000697,172.31.33.0-255,66,40071,33,173759
19305,0.0007,172.217.194.0-255,1484,41555,33,173759
19306,0.000731,172.217.194.0-255,4320,45875,33,173759
19307,0.000734,172.31.33.0-255,66,45941,33,173759
19308,0.00074,172.217.194.0-255,7156,53097,33,173759
19309,0.000743,172.31.33.0-255,66,53163,33,173759
19310,0.000759,172.31.33.0-255,66,53229,33,173759
19311,0.000763,172.217.194.0-255,2184,55413,33,173759
19312,0.000764,172.31.33.0-255,66,55479,33,173759
19313,0.001261,172.217.194.0-255,1484,56963,33,173759
19314,0.001267,172.217.194.0-255,2902,59865,33,173759
19315,0.00127,172.31.33.0-255,66,59931,33,173759
19316,0.001276,172.217.194.0-255,5738,65669,33,173759
19317,0.001278,172.31.33.0-255,66,65735,33,173759
19318,0.001331,172.31.33.0-255,66,65801,33,173759
19319,0.001335,172.217.194.0-255,4320,70121,33,173759
19320,0.001337,172.31.33.0-255,66,70187,33,173759
19321,0.001361,172.217.194.0-255,5738,75925,33,173759
19322,0.001369,172.31.33.0-255,66,75991,33,173759
19323,0.001371,172.217.194.0-255,766,76757,33,173759
19324,0.001649,172.217.194.0-255,1484,78241,33,173759
19325,0.001653,172.31.33.0-255,66,78307,33,173759
19326,0.001656,172.217.194.0-255,1484,79791,33,173759
19327,0.001677,172.217.194.0-255,1484,81275,33,173759
19328,0.001679,172.31.33.0-255,66,81341,33,173759
19329,0.001684,172.217.194.0-255,5738,87079,33,173759
19330,0.001686,172.31.33.0-255,66,87145,33,173759
19331,0.001709,172.217.194.0-255,7156,94301,33,173759
19332,0.001711,172.31.33.0-255,66,94367,33,173759
19333,0.001733,172.217.194.0-255,4320,98687,33,173759
19334,0.001735,172.31.33.0-255,66,98753,33,173759
19335,0.001764,172.217.194.0-255,7156,105909,33,173759
19336,0.001767,172.31.33.0-255,66,105975,33,173759
19337,0.00179,172.217.194.0-255,5020,110995,33,173759
19338,0.001792,172.31.33.0-255,66,111061,33,173759
19339,0.001847,172.217.194.0-255,1484,112545,33,173759
19340,0.00186,172.217.194.0-255,2902,115447,33,173759
19341,0.001863,172.31.33.0-255,66,115513,33,173759
19342,0.001888,172.217.194.0-255,5738,121251,33,173759
19343,0.00189,172.31.33.0-255,66,121317,33,173759
19344,0.001894,172.217.194.0-255,4320,125637,33,173759
19345,0.001896,172.31.33.0-255,66,125703,33,173759
19346,0.001922,172.217.194.0-255,2902,128605,33,173759
19347,0.001924,172.31.33.0-255,66,128671,33,173759
19348,0.001928,172.217.194.0-255,2902,131573,33,173759
19349,0.001929,172.31.33.0-255,66,131639,33,173759
19350,0.001973,172.31.33.0-255,66,131705,33,173759
19351,0.001976,172.217.194.0-255,2184,133889,33,173759
19352,0.001979,172.31.33.0-255,66,133955,33,173759
19353,0.002068,172.217.194.0-255,1484,135439,33,173759
19354,0.00209,172.217.194.0-255,1484,136923,33,173759
19355,0.002092,172.31.33.0-255,66,136989,33,173759
19356,0.002116,172.217.194.0-255,1484,138473,33,173759
19357,0.002121,172.217.194.0-255,4320,142793,33,173759
19358,0.002123,172.31.33.0-255,66,142859,33,173759
19359,0.00215,172.31.33.0-255,66,142925,33,173759
19360,0.002154,172.217.194.0-255,2902,145827,33,173759
19361,0.002156,172.31.33.0-255,66,145893,33,173759
19362,0.002181,172.217.194.0-255,1484,147377,33,173759
19363,0.002204,172.217.194.0-255,4320,151697,33,173759
19364,0.002207,172.31.33.0-255,66,151763,33,173759
19365,0.002242,172.31.33.0-255,66,151829,33,173759
19366,0.002267,172.217.194.0-255,1484,153313,33,173759
19367,0.00227,172.217.194.0-255,2902,156215,33,173759
19368,0.002272,172.31.33.0-255,66,156281,33,173759
19369,0.00445,172.217.194.0-255,1484,157765,33,173759
19370,0.004533,172.217.194.0-255,4320,162085,33,173759
19371,0.004538,172.31.33.0-255,66,162151,33,173759
19372,0.006788,172.217.194.0-255,5738,167889,33,173759
19373,0.006796,172.31.33.0-255,66,167955,33,173759
19374,0.009068,172.217.194.0-255,5738,173693,33,173759
19375,0.009074,172.31.33.0-255,66,173759,33,173759
19376,0.0,172.253.118.0-255,143,143,33,257099
19377,3.1e-05,172.31.33.0-255,66,209,33,257099
19378,3.7e-05,172.253.118.0-255,1484,1693,33,257099
19379,4.2e-05,172.31.33.0-255,66,1759,33,257099
19380,4.7e-05,172.253.118.0-255,2902,4661,33,257099
19381,4.9e-05,172.31.33.0-255,66,4727,33,257099
19382,5.6e-05,172.253.118.0-255,7156,11883,33,257099
19383,5.9e-05,172.31.33.0-255,66,11949,33,257099
19384,9.1e-05,172.31.33.0-255,66,12015,33,257099
19385,0.000103,172.31.33.0-255,66,12081,33,257099
19386,0.000203,172.253.118.0-255,1484,13565,33,257099
19387,0.000206,172.31.33.0-255,66,13631,33,257099
19388,0.000213,172.253.118.0-255,2902,16533,33,257099
19389,0.000215,172.31.33.0-255,66,16599,33,257099
19390,0.000241,172.253.118.0-255,5738,22337,33,257099
19391,0.000244,172.31.33.0-255,66,22403,33,257099
19392,0.000272,172.31.33.0-255,66,22469,33,257099
19393,0.000277,172.253.118.0-255,4320,26789,33,257099
19394,0.000279,172.31.33.0-255,66,26855,33,257099
19395,0.000298,172.253.118.0-255,5379,32234,33,257099
19396,0.000301,172.31.33.0-255,66,32300,33,257099
19397,0.000303,172.253.118.0-255,381,32681,33,257099
19398,0.000305,172.31.33.0-255,66,32747,33,257099
19399,0.000354,172.253.118.0-255,127,32874,33,257099
19400,0.000359,172.31.33.0-255,66,32940,33,257099
19401,0.000462,172.253.118.0-255,1484,34424,33,257099
19402,0.000466,172.31.33.0-255,66,34490,33,257099
19403,0.00047,172.253.118.0-255,1484,35974,33,257099
19404,0.000472,172.31.33.0-255,66,36040,33,257099
19405,0.000485,172.253.118.0-255,1484,37524,33,257099
19406,0.000492,172.253.118.0-255,5738,43262,33,257099
19407,0.000495,172.31.33.0-255,66,43328,33,257099
19408,0.000518,172.253.118.0-255,2902,46230,33,257099
19409,0.000521,172.31.33.0-255,66,46296,33,257099
19410,0.000547,172.31.33.0-255,66,46362,33,257099
19411,0.000552,172.253.118.0-255,2902,49264,33,257099
19412,0.000553,172.31.33.0-255,66,49330,33,257099
19413,0.000575,172.253.118.0-255,6483,55813,33,257099
19414,0.000578,172.31.33.0-255,66,55879,33,257099
19415,0.00063,172.253.118.0-255,1484,57363,33,257099
19416,0.000649,172.253.118.0-255,2902,60265,33,257099
19417,0.000652,172.31.33.0-255,66,60331,33,257099
19418,0.000655,172.253.118.0-255,1484,61815,33,257099
19419,0.000673,172.253.118.0-255,4320,66135,33,257099
19420,0.000676,172.31.33.0-255,66,66201,33,257099
19421,0.000681,172.253.118.0-255,4320,70521,33,257099
19422,0.000683,172.31.33.0-255,66,70587,33,257099
19423,0.000702,172.253.118.0-255,7156,77743,33,257099
19424,0.000706,172.31.33.0-255,66,77809,33,257099
19425,0.000728,172.253.118.0-255,4320,82129,33,257099
19426,0.000731,172.31.33.0-255,66,82195,33,257099
19427,0.000742,172.31.33.0-255,66,82261,33,257099
19428,0.000872,172.253.118.0-255,1484,83745,33,257099
19429,0.000884,172.253.118.0-255,2902,86647,33,257099
19430,0.000887,172.31.33.0-255,66,86713,33,257099
19431,0.00089,172.253.118.0-255,1484,88197,33,257099
19432,0.000908,172.253.118.0-255,4320,92517,33,257099
19433,0.00091,172.31.33.0-255,66,92583,33,257099
19434,0.000924,172.253.118.0-255,4320,96903,33,257099
19435,0.000927,172.31.33.0-255,66,96969,33,257099
19436,0.000947,172.31.33.0-255,66,97035,33,257099
19437,0.000953,172.31.33.0-255,66,97101,33,257099
19438,0.000993,172.253.118.0-255,766,97867,33,257099
19439,0.001017,172.253.118.0-255,1484,99351,33,257099
19440,0.001021,172.31.33.0-255,66,99417,33,257099
19441,0.001026,172.253.118.0-255,4320,103737,33,257099
19442,0.001028,172.31.33.0-255,66,103803,33,257099
19443,0.001032,172.253.118.0-255,4320,108123,33,257099
19444,0.001035,172.31.33.0-255,66,108189,33,257099
19445,0.001039,172.253.118.0-255,4320,112509,33,257099
19446,0.001041,172.31.33.0-255,66,112575,33,257099
19447,0.001053,172.253.118.0-255,1484,114059,33,257099
19448,0.001057,172.253.118.0-255,2902,116961,33,257099
19449,0.001059,172.31.33.0-255,66,117027,33,257099
19450,0.001079,172.31.33.0-255,66,117093,33,257099
19451,0.001085,172.253.118.0-255,6438,123531,33,257099
19452,0.001087,172.31.33.0-255,66,123597,33,257099
19453,0.001158,172.253.118.0-255,1484,125081,33,257099
19454,0.001163,172.253.118.0-255,2902,127983,33,257099
19455,0.001166,172.31.33.0-255,66,128049,33,257099
19456,0.001183,172.253.118.0-255,5738,133787,33,257099
19457,0.001185,172.31.33.0-255,66,133853,33,257099
19458,0.00119,172.253.118.0-255,4320,138173,33,257099
19459,0.001192,172.31.33.0-255,66,138239,33,257099
19460,0.001209,172.253.118.0-255,1484,139723,33,257099
19461,0.00123,172.31.33.0-255,66,139789,33,257099
19462,0.001235,172.253.118.0-255,2902,142691,33,257099
19463,0.001236,172.31.33.0-255,66,142757,33,257099
19464,0.001252,172.253.118.0-255,5020,147777,33,257099
19465,0.001256,172.31.33.0-255,66,147843,33,257099
19466,0.001278,172.253.118.0-255,1484,149327,33,257099
19467,0.001289,172.253.118.0-255,2902,152229,33,257099
19468,0.001292,172.31.33.0-255,66,152295,33,257099
19469,0.001312,172.253.118.0-255,5738,158033,33,257099
19470,0.001318,172.31.33.0-255,66,158099,33,257099
19471,0.001353,172.31.33.0-255,66,158165,33,257099
19472,0.00136,172.253.118.0-255,7156,165321,33,257099
19473,0.001362,172.31.33.0-255,66,165387,33,257099
19474,0.001398,172.253.118.0-255,3602,168989,33,257099
19475,0.001402,172.31.33.0-255,66,169055,33,257099
19476,0.001536,172.253.118.0-255,1484,170539,33,257099
19477,0.001549,172.253.118.0-255,2902,173441,33,257099
19478,0.001553,172.31.33.0-255,66,173507,33,257099
19479,0.001557,172.253.118.0-255,2902,176409,33,257099
19480,0.001559,172.31.33.0-255,66,176475,33,257099
19481,0.001574,172.253.118.0-255,2902,179377,33,257099
19482,0.001577,172.31.33.0-255,66,179443,33,257099
19483,0.001583,172.253.118.0-255,5738,185181,33,257099
19484,0.001585,172.31.33.0-255,66,185247,33,257099
19485,0.001611,172.253.118.0-255,7156,192403,33,257099
19486,0.001615,172.31.33.0-255,66,192469,33,257099
19487,0.001621,172.253.118.0-255,7156,199625,33,257099
19488,0.001623,172.31.33.0-255,66,199691,33,257099
19489,0.001647,172.253.118.0-255,3602,203293,33,257099
19490,0.001651,172.31.33.0-255,66,203359,33,257099
19491,0.001679,172.253.118.0-255,4320,207679,33,257099
19492,0.001682,172.31.33.0-255,66,207745,33,257099
19493,0.001689,172.253.118.0-255,7156,214901,33,257099
19494,0.001691,172.31.33.0-255,66,214967,33,257099
19495,0.001708,172.253.118.0-255,2902,217869,33,257099
19496,0.001712,172.31.33.0-255,66,217935,33,257099
19497,0.001718,172.253.118.0-255,7156,225091,33,257099
19498,0.00172,172.31.33.0-255,66,225157,33,257099
19499,0.001751,172.253.118.0-255,5738,230895,33,257099
19500,0.001754,172.31.33.0-255,66,230961,33,257099
19501,0.001777,172.253.118.0-255,6438,237399,33,257099
19502,0.00178,172.31.33.0-255,66,237465,33,257099
19503,0.001813,172.253.118.0-255,1484,238949,33,257099
19504,0.001819,172.253.118.0-255,2902,241851,33,257099
19505,0.001821,172.31.33.0-255,66,241917,33,257099
19506,0.001827,172.253.118.0-255,5738,247655,33,257099
19507,0.00183,172.31.33.0-255,66,247721,33,257099
19508,0.001886,172.31.33.0-255,66,247787,33,257099
19509,0.001906,172.253.118.0-255,4320,252107,33,257099
19510,0.00191,172.31.33.0-255,66,252173,33,257099
19511,0.001916,172.31.33.0-255,66,252239,33,257099
19512,0.00197,172.31.33.0-255,66,252305,33,257099
19513,0.001982,172.31.33.0-255,66,252371,33,257099
19514,0.002001,172.253.118.0-255,4320,256691,33,257099
19515,0.002004,172.31.33.0-255,66,256757,33,257099
19516,0.002038,172.31.33.0-255,66,256823,33,257099
19517,0.004012,172.253.118.0-255,105,256928,33,257099
19518,0.008576,172.31.33.0-255,66,256994,33,257099
19519,0.008609,172.31.33.0-255,105,257099,33,257099
19520,0.0,172.217.194.0-255,155,155,33,64173
19521,2.1e-05,172.31.33.0-255,66,221,33,64173
19522,2.7e-05,172.217.194.0-255,1484,1705,33,64173
19523,3.1e-05,172.31.33.0-255,66,1771,33,64173
19524,5.7e-05,172.217.194.0-255,2902,4673,33,64173
19525,6e-05,172.31.33.0-255,66,4739,33,64173
19526,6.5e-05,172.217.194.0-255,4320,9059,33,64173
19527,6.9e-05,172.31.33.0-255,66,9125,33,64173
19528,0.000128,172.31.33.0-255,66,9191,33,64173
19529,0.000139,172.31.33.0-255,66,9257,33,64173
19530,0.000166,172.217.194.0-255,2543,11800,33,64173
19531,0.000168,172.31.33.0-255,66,11866,33,64173
19532,0.000233,172.217.194.0-255,1484,13350,33,64173
19533,0.000236,172.31.33.0-255,66,13416,33,64173
19534,0.00025,172.217.194.0-255,2902,16318,33,64173
19535,0.000255,172.31.33.0-255,66,16384,33,64173
19536,0.00026,172.217.194.0-255,2902,19286,33,64173
19537,0.000262,172.31.33.0-255,66,19352,33,64173
19538,0.00028,172.217.194.0-255,2902,22254,33,64173
19539,0.000287,172.31.33.0-255,66,22320,33,64173
19540,0.00029,172.217.194.0-255,1484,23804,33,64173
19541,0.000292,172.31.33.0-255,66,23870,33,64173
19542,0.000325,172.31.33.0-255,66,23936,33,64173
19543,0.000336,172.31.33.0-255,66,24002,33,64173
19544,0.000338,172.217.194.0-255,119,24121,33,64173
19545,0.000341,172.31.33.0-255,66,24187,33,64173
19546,0.000417,172.217.194.0-255,380,24567,33,64173
19547,0.00042,172.31.33.0-255,66,24633,33,64173
19548,0.000696,172.217.194.0-255,1484,26117,33,64173
19549,0.000702,172.217.194.0-255,2902,29019,33,64173
19550,0.000705,172.31.33.0-255,66,29085,33,64173
19551,0.000708,172.217.194.0-255,1484,30569,33,64173
19552,0.000737,172.217.194.0-255,4320,34889,33,64173
19553,0.00074,172.31.33.0-255,66,34955,33,64173
19554,0.000743,172.217.194.0-255,1484,36439,33,64173
19555,0.000764,172.217.194.0-255,7156,43595,33,64173
19556,0.000767,172.31.33.0-255,66,43661,33,64173
19557,0.000797,172.217.194.0-255,4320,47981,33,64173
19558,0.0008,172.31.33.0-255,66,48047,33,64173
19559,0.00081,172.31.33.0-255,66,48113,33,64173
19560,0.003161,172.217.194.0-255,4320,52433,33,64173
19561,0.003167,172.31.33.0-255,66,52499,33,64173
19562,0.003197,172.217.194.0-255,1484,53983,33,64173
19563,0.005506,172.217.194.0-255,4320,58303,33,64173
19564,0.005511,172.31.33.0-255,66,58369,33,64173
19565,0.007836,172.217.194.0-255,5738,64107,33,64173
19566,0.007843,172.31.33.0-255,66,64173,33,64173
19567,0.0,74.125.24.0-255,153,153,33,107063
19568,2.8e-05,172.31.33.0-255,66,219,33,107063
19569,3.5e-05,74.125.24.0-255,1484,1703,33,107063
19570,3.9e-05,172.31.33.0-255,66,1769,33,107063
19571,4.5e-05,74.125.24.0-255,2902,4671,33,107063
19572,5.6e-05,172.31.33.0-255,66,4737,33,107063
19573,6.2e-05,74.125.24.0-255,5738,10475,33,107063
19574,6.6e-05,172.31.33.0-255,66,10541,33,107063
19575,7.1e-05,74.125.24.0-255,3483,14024,33,107063
19576,7.6e-05,172.31.33.0-255,66,14090,33,107063
19577,7.7e-05,74.125.24.0-255,5738,19828,33,107063
19578,8e-05,172.31.33.0-255,66,19894,33,107063
19579,0.000117,74.125.24.0-255,5738,25632,33,107063
19580,0.00012,172.31.33.0-255,66,25698,33,107063
19581,0.000126,74.125.24.0-255,5379,31077,33,107063
19582,0.000129,172.31.33.0-255,66,31143,33,107063
19583,0.000183,74.125.24.0-255,1484,32627,33,107063
19584,0.000187,172.31.33.0-255,66,32693,33,107063
19585,0.000193,74.125.24.0-255,2902,35595,33,107063
19586,0.000195,172.31.33.0-255,66,35661,33,107063
19587,0.000226,74.125.24.0-255,5738,41399,33,107063
19588,0.000229,172.31.33.0-255,66,41465,33,107063
19589,0.000233,74.125.24.0-255,2902,44367,33,107063
19590,0.000236,172.31.33.0-255,66,44433,33,107063
19591,0.000277,172.31.33.0-255,66,44499,33,107063
19592,0.000284,74.125.24.0-255,7156,51655,33,107063
19593,0.000287,172.31.33.0-255,66,51721,33,107063
19594,0.000323,74.125.24.0-255,2901,54622,33,107063
19595,0.000326,172.31.33.0-255,66,54688,33,107063
19596,0.000359,74.125.24.0-255,329,55017,33,107063
19597,0.000362,172.31.33.0-255,66,55083,33,107063
19598,0.000945,74.125.24.0-255,1484,56567,33,107063
19599,0.000956,74.125.24.0-255,2902,59469,33,107063
19600,0.000961,172.31.33.0-255,66,59535,33,107063
19601,0.000967,74.125.24.0-255,2902,62437,33,107063
19602,0.000969,172.31.33.0-255,66,62503,33,107063
19603,0.000997,74.125.24.0-255,7156,69659,33,107063
19604,0.001006,172.31.33.0-255,66,69725,33,107063
19605,0.001035,74.125.24.0-255,7156,76881,33,107063
19606,0.001038,172.31.33.0-255,66,76947,33,107063
19607,0.001059,172.31.33.0-255,66,77013,33,107063
19608,0.001086,74.125.24.0-255,3602,80615,33,107063
19609,0.001089,172.31.33.0-255,66,80681,33,107063
19610,0.001997,74.125.24.0-255,1484,82165,33,107063
19611,0.002006,74.125.24.0-255,2902,85067,33,107063
19612,0.002011,172.31.33.0-255,66,85133,33,107063
19613,0.002018,74.125.24.0-255,5738,90871,33,107063
19614,0.002021,172.31.33.0-255,66,90937,33,107063
19615,0.002056,172.31.33.0-255,66,91003,33,107063
19616,0.004046,74.125.24.0-255,4320,95323,33,107063
19617,0.004053,172.31.33.0-255,66,95389,33,107063
19618,0.00408,74.125.24.0-255,1484,96873,33,107063
19619,0.00602,74.125.24.0-255,4320,101193,33,107063
19620,0.006022,172.31.33.0-255,66,101259,33,107063
19621,0.008028,74.125.24.0-255,5738,106997,33,107063
19622,0.008035,172.31.33.0-255,66,107063,33,107063
19623,0.0,74.125.200.0-255,143,143,33,142638
19624,2.6e-05,172.31.33.0-255,66,209,33,142638
19625,3.2e-05,74.125.200.0-255,1484,1693,33,142638
19626,3.7e-05,172.31.33.0-255,66,1759,33,142638
19627,4e-05,74.125.200.0-255,1484,3243,33,142638
19628,4.2e-05,172.31.33.0-255,66,3309,33,142638
19629,5.4e-05,74.125.200.0-255,2902,6211,33,142638
19630,5.6e-05,172.31.33.0-255,66,6277,33,142638
19631,6e-05,74.125.200.0-255,1484,7761,33,142638
19632,6.2e-05,172.31.33.0-255,66,7827,33,142638
19633,9.9e-05,74.125.200.0-255,4320,12147,33,142638
19634,0.000102,172.31.33.0-255,66,12213,33,142638
19635,0.000106,74.125.200.0-255,2130,14343,33,142638
19636,0.000109,172.31.33.0-255,66,14409,33,142638
19637,0.000311,74.125.200.0-255,1484,15893,33,142638
19638,0.000316,172.31.33.0-255,66,15959,33,142638
19639,0.000322,74.125.200.0-255,2902,18861,33,142638
19640,0.000325,172.31.33.0-255,66,18927,33,142638
19641,0.000357,74.125.200.0-255,5738,24665,33,142638
19642,0.000361,172.31.33.0-255,66,24731,33,142638
19643,0.000369,74.125.200.0-255,6797,31528,33,142638
19644,0.000371,172.31.33.0-255,66,31594,33,142638
19645,0.000526,74.125.200.0-255,1484,33078,33,142638
19646,0.000531,172.31.33.0-255,66,33144,33,142638
19647,0.000538,74.125.200.0-255,2902,36046,33,142638
19648,0.00054,172.31.33.0-255,66,36112,33,142638
19649,0.00055,74.125.200.0-255,2902,39014,33,142638
19650,0.000552,172.31.33.0-255,66,39080,33,142638
19651,0.000563,74.125.200.0-255,1484,40564,33,142638
19652,0.000565,172.31.33.0-255,66,40630,33,142638
19653,0.000595,172.31.33.0-255,66,40696,33,142638
19654,0.0006,74.125.200.0-255,2902,43598,33,142638
19655,0.000604,172.31.33.0-255,66,43664,33,142638
19656,0.000647,74.125.200.0-255,1484,45148,33,142638
19657,0.000673,172.31.33.0-255,66,45214,33,142638
19658,0.000676,74.125.200.0-255,397,45611,33,142638
19659,0.000723,74.125.200.0-255,347,45958,33,142638
19660,0.000822,172.31.33.0-255,66,46024,33,142638
19661,0.001,74.125.200.0-255,1484,47508,33,142638
19662,0.001011,74.125.200.0-255,2902,50410,33,142638
19663,0.001016,172.31.33.0-255,66,50476,33,142638
19664,0.001053,74.125.200.0-255,5738,56214,33,142638
19665,0.001057,172.31.33.0-255,66,56280,33,142638
19666,0.001074,172.31.33.0-255,66,56346,33,142638
19667,0.001081,74.125.200.0-255,7156,63502,33,142638
19668,0.001084,172.31.33.0-255,66,63568,33,142638
19669,0.001122,74.125.200.0-255,2902,66470,33,142638
19670,0.001125,172.31.33.0-255,66,66536,33,142638
19671,0.001131,74.125.200.0-255,5020,71556,33,142638
19672,0.001132,172.31.33.0-255,66,71622,33,142638
19673,0.001196,74.125.200.0-255,1484,73106,33,142638
19674,0.001203,74.125.200.0-255,2902,76008,33,142638
19675,0.001207,172.31.33.0-255,66,76074,33,142638
19676,0.00124,74.125.200.0-255,5738,81812,33,142638
19677,0.001244,172.31.33.0-255,66,81878,33,142638
19678,0.001249,74.125.200.0-255,2902,84780,33,142638
19679,0.001251,172.31.33.0-255,66,84846,33,142638
19680,0.001286,172.31.33.0-255,66,84912,33,142638
19681,0.001325,172.31.33.0-255,66,84978,33,142638
19682,0.001348,74.125.200.0-255,1484,86462,33,142638
19683,0.001367,74.125.200.0-255,1484,87946,33,142638
19684,0.00137,172.31.33.0-255,66,88012,33,142638
19685,0.001376,74.125.200.0-255,4320,92332,33,142638
19686,0.001378,172.31.33.0-255,66,92398,33,142638
19687,0.001407,74.125.200.0-255,2902,95300,33,142638
19688,0.001417,172.31.33.0-255,66,95366,33,142638
19689,0.001423,74.125.200.0-255,4320,99686,33,142638
19690,0.001425,172.31.33.0-255,66,99752,33,142638
19691,0.001453,74.125.200.0-255,1484,101236,33,142638
19692,0.001465,172.31.33.0-255,66,101302,33,142638
19693,0.001468,74.125.200.0-255,1484,102786,33,142638
19694,0.001516,74.125.200.0-255,2902,105688,33,142638
19695,0.00152,172.31.33.0-255,66,105754,33,142638
19696,0.001547,74.125.200.0-255,3602,109356,33,142638
19697,0.001549,172.31.33.0-255,66,109422,33,142638
19698,0.002055,74.125.200.0-255,1484,110906,33,142638
19699,0.00206,74.125.200.0-255,1484,112390,33,142638
19700,0.002064,172.31.33.0-255,66,112456,33,142638
19701,0.002068,74.125.200.0-255,1484,113940,33,142638
19702,0.002089,74.125.200.0-255,1484,115424,33,142638
19703,0.002094,74.125.200.0-255,5738,121162,33,142638
19704,0.002097,172.31.33.0-255,66,121228,33,142638
19705,0.0021,172.31.33.0-255,66,121294,33,142638
19706,0.002126,172.31.33.0-255,66,121360,33,142638
19707,0.002129,74.125.200.0-255,1484,122844,33,142638
19708,0.00216,172.31.33.0-255,66,122910,33,142638
19709,0.002169,74.125.200.0-255,3602,126512,33,142638
19710,0.002171,172.31.33.0-255,66,126578,33,142638
19711,0.004455,74.125.200.0-255,4320,130898,33,142638
19712,0.00446,172.31.33.0-255,66,130964,33,142638
19713,0.004487,74.125.200.0-255,1484,132448,33,142638
19714,0.006769,74.125.200.0-255,4320,136768,33,142638
19715,0.006775,172.31.33.0-255,66,136834,33,142638
19716,0.009079,74.125.200.0-255,5738,142572,33,142638
19717,0.009085,172.31.33.0-255,66,142638,33,142638
19718,0.0,74.125.200.0-255,150,150,33,227481
19719,1.4e-05,172.31.33.0-255,66,216,33,227481
19720,5e-05,74.125.200.0-255,1484,1700,33,227481
19721,5.5e-05,172.31.33.0-255,66,1766,33,227481
19722,6e-05,74.125.200.0-255,2902,4668,33,227481
19723,6.3e-05,172.31.33.0-255,66,4734,33,227481
19724,7.3e-05,74.125.200.0-255,2902,7636,33,227481
19725,7.5e-05,172.31.33.0-255,66,7702,33,227481
19726,8.1e-05,74.125.200.0-255,4320,12022,33,227481
19727,8.4e-05,172.31.33.0-255,66,12088,33,227481
19728,0.000115,172.31.33.0-255,66,12154,33,227481
19729,0.000119,74.125.200.0-255,2902,15056,33,227481
19730,0.000122,172.31.33.0-255,66,15122,33,227481
19731,0.00017,74.125.200.0-255,6797,21919,33,227481
19732,0.000172,172.31.33.0-255,66,21985,33,227481
19733,0.000275,74.125.200.0-255,1484,23469,33,227481
19734,0.000279,172.31.33.0-255,66,23535,33,227481
19735,0.000304,74.125.200.0-255,2902,26437,33,227481
19736,0.000308,172.31.33.0-255,66,26503,33,227481
19737,0.000314,74.125.200.0-255,5738,32241,33,227481
19738,0.000317,172.31.33.0-255,66,32307,33,227481
19739,0.000319,74.125.200.0-255,1484,33791,33,227481
19740,0.000322,172.31.33.0-255,66,33857,33,227481
19741,0.000351,74.125.200.0-255,5379,39236,33,227481
19742,0.000355,172.31.33.0-255,66,39302,33,227481
19743,0.000383,172.31.33.0-255,66,39368,33,227481
19744,0.000425,74.125.200.0-255,7106,46474,33,227481
19745,0.000429,172.31.33.0-255,66,46540,33,227481
19746,0.000431,74.125.200.0-255,114,46654,33,227481
19747,0.000433,172.31.33.0-255,66,46720,33,227481
19748,0.000461,74.125.200.0-255,329,47049,33,227481
19749,0.00057,74.125.200.0-255,1484,48533,33,227481
19750,0.000574,172.31.33.0-255,66,48599,33,227481
19751,0.000579,74.125.200.0-255,2902,51501,33,227481
19752,0.000582,172.31.33.0-255,66,51567,33,227481
19753,0.000585,74.125.200.0-255,1484,53051,33,227481
19754,0.000614,74.125.200.0-255,4320,57371,33,227481
19755,0.000617,172.31.33.0-255,66,57437,33,227481
19756,0.000628,172.31.33.0-255,66,57503,33,227481
19757,0.00063,74.125.200.0-255,1484,58987,33,227481
19758,0.000664,172.31.33.0-255,66,59053,33,227481
19759,0.000698,74.125.200.0-255,5020,64073,33,227481
19760,0.000702,172.31.33.0-255,66,64139,33,227481
19761,0.001271,74.125.200.0-255,1484,65623,33,227481
19762,0.001285,74.125.200.0-255,2902,68525,33,227481
19763,0.001288,172.31.33.0-255,66,68591,33,227481
19764,0.001312,74.125.200.0-255,5738,74329,33,227481
19765,0.001315,172.31.33.0-255,66,74395,33,227481
19766,0.001349,172.31.33.0-255,66,74461,33,227481
19767,0.001352,74.125.200.0-255,1484,75945,33,227481
19768,0.001385,172.31.33.0-255,66,76011,33,227481
19769,0.001389,74.125.200.0-255,2184,78195,33,227481
19770,0.001391,172.31.33.0-255,66,78261,33,227481
19771,0.001419,74.125.200.0-255,2902,81163,33,227481
19772,0.001421,172.31.33.0-255,66,81229,33,227481
19773,0.001428,74.125.200.0-255,7156,88385,33,227481
19774,0.00143,172.31.33.0-255,66,88451,33,227481
19775,0.001471,74.125.200.0-255,1484,89935,33,227481
19776,0.001476,172.31.33.0-255,66,90001,33,227481
19777,0.001485,74.125.200.0-255,4320,94321,33,227481
19778,0.001487,172.31.33.0-255,66,94387,33,227481
19779,0.001516,74.125.200.0-255,7156,101543,33,227481
19780,0.001518,172.31.33.0-255,66,101609,33,227481
19781,0.001524,74.125.200.0-255,5738,107347,33,227481
19782,0.001526,172.31.33.0-255,66,107413,33,227481
19783,0.001558,172.31.33.0-255,66,107479,33,227481
19784,0.001562,74.125.200.0-255,2902,110381,33,227481
19785,0.001564,172.31.33.0-255,66,110447,33,227481
19786,0.001605,172.31.33.0-255,66,110513,33,227481
19787,0.001611,74.125.200.0-255,7156,117669,33,227481
19788,0.001613,172.31.33.0-255,66,117735,33,227481
19789,0.001616,74.125.200.0-255,766,118501,33,227481
19790,0.001993,74.125.200.0-255,1484,119985,33,227481
19791,0.001997,172.31.33.0-255,66,120051,33,227481
19792,0.002025,74.125.200.0-255,2902,122953,33,227481
19793,0.002027,172.31.33.0-255,66,123019,33,227481
19794,0.002032,74.125.200.0-255,5738,128757,33,227481
19795,0.002034,172.31.33.0-255,66,128823,33,227481
19796,0.002082,74.125.200.0-255,7156,135979,33,227481
19797,0.002085,172.31.33.0-255,66,136045,33,227481
19798,0.002094,172.31.33.0-255,66,136111,33,227481
19799,0.002099,74.125.200.0-255,4320,140431,33,227481
19800,0.0021,172.31.33.0-255,66,140497,33,227481
19801,0.002129,74.125.200.0-255,3602,144099,33,227481
19802,0.002131,172.31.33.0-255,66,144165,33,227481
19803,0.002294,74.125.200.0-255,1484,145649,33,227481
19804,0.002308,74.125.200.0-255,2902,148551,33,227481
19805,0.002322,172.31.33.0-255,66,148617,33,227481
19806,0.002329,74.125.200.0-255,5738,154355,33,227481
19807,0.002331,172.31.33.0-255,66,154421,33,227481
19808,0.00237,74.125.200.0-255,7156,161577,33,227481
19809,0.002372,172.31.33.0-255,66,161643,33,227481
19810,0.002401,172.31.33.0-255,66,161709,33,227481
19811,0.002433,172.31.33.0-255,66,161775,33,227481
19812,0.00244,74.125.200.0-255,5738,167513,33,227481
19813,0.002441,172.31.33.0-255,66,167579,33,227481
19814,0.002461,74.125.200.0-255,2902,170481,33,227481
19815,0.002463,172.31.33.0-255,66,170547,33,227481
19816,0.002469,74.125.200.0-255,7156,177703,33,227481
19817,0.002471,172.31.33.0-255,66,177769,33,227481
19818,0.002473,74.125.200.0-255,1484,179253,33,227481
19819,0.002497,74.125.200.0-255,7156,186409,33,227481
19820,0.002499,172.31.33.0-255,66,186475,33,227481
19821,0.002503,74.125.200.0-255,2902,189377,33,227481
19822,0.002505,172.31.33.0-255,66,189443,33,227481
19823,0.002537,74.125.200.0-255,6438,195881,33,227481
19824,0.00254,172.31.33.0-255,66,195947,33,227481
19825,0.002544,74.125.200.0-255,4320,200267,33,227481
19826,0.002546,172.31.33.0-255,66,200333,33,227481
19827,0.002568,74.125.200.0-255,5738,206071,33,227481
19828,0.002574,172.31.33.0-255,66,206137,33,227481
19829,0.002578,74.125.200.0-255,2902,209039,33,227481
19830,0.00258,172.31.33.0-255,66,209105,33,227481
19831,0.00262,172.31.33.0-255,66,209171,33,227481
19832,0.002622,74.125.200.0-255,1484,210655,33,227481
19833,0.002625,74.125.200.0-255,1484,212139,33,227481
19834,0.002627,172.31.33.0-255,66,212205,33,227481
19835,0.002646,74.125.200.0-255,3602,215807,33,227481
19836,0.002648,172.31.33.0-255,66,215873,33,227481
19837,0.005229,74.125.200.0-255,5738,221611,33,227481
19838,0.00525,172.31.33.0-255,66,221677,33,227481
19839,0.007854,74.125.200.0-255,5738,227415,33,227481
19840,0.007867,172.31.33.0-255,66,227481,33,227481
19841,0.0,74.125.24.0-255,153,153,33,83487
19842,2.6e-05,172.31.33.0-255,66,219,33,83487
19843,3.3e-05,74.125.24.0-255,1484,1703,33,83487
19844,3.6e-05,172.31.33.0-255,66,1769,33,83487
19845,4e-05,74.125.24.0-255,2902,4671,33,83487
19846,5.1e-05,172.31.33.0-255,66,4737,33,83487
19847,5.5e-05,74.125.24.0-255,2902,7639,33,83487
19848,5.7e-05,172.31.33.0-255,66,7705,33,83487
19849,8e-05,74.125.24.0-255,2902,10607,33,83487
19850,8.3e-05,172.31.33.0-255,66,10673,33,83487
19851,0.000118,74.125.24.0-255,3455,14128,33,83487
19852,0.000122,172.31.33.0-255,66,14194,33,83487
19853,0.000629,74.125.24.0-255,1484,15678,33,83487
19854,0.000635,172.31.33.0-255,66,15744,33,83487
19855,0.000643,74.125.24.0-255,2902,18646,33,83487
19856,0.000645,172.31.33.0-255,66,18712,33,83487
19857,0.000678,74.125.24.0-255,4320,23032,33,83487
19858,0.000681,172.31.33.0-255,66,23098,33,83487
19859,0.000712,74.125.24.0-255,1484,24582,33,83487
19860,0.000715,172.31.33.0-255,66,24648,33,83487
19861,0.000722,74.125.24.0-255,6797,31445,33,83487
19862,0.000724,172.31.33.0-255,66,31511,33,83487
19863,0.000735,74.125.24.0-255,4320,35831,33,83487
19864,0.000738,172.31.33.0-255,66,35897,33,83487
19865,0.000795,172.31.33.0-255,66,35963,33,83487
19866,0.000807,172.31.33.0-255,66,36029,33,83487
19867,0.000842,74.125.24.0-255,1484,37513,33,83487
19868,0.000846,172.31.33.0-255,66,37579,33,83487
19869,0.000852,74.125.24.0-255,6438,44017,33,83487
19870,0.000855,172.31.33.0-255,66,44083,33,83487
19871,0.000864,74.125.24.0-255,648,44731,33,83487
19872,0.000897,74.125.24.0-255,1484,46215,33,83487
19873,0.000902,172.31.33.0-255,66,46281,33,83487
19874,0.000909,74.125.24.0-255,2902,49183,33,83487
19875,0.000912,172.31.33.0-255,66,49249,33,83487
19876,0.000923,74.125.24.0-255,5738,54987,33,83487
19877,0.000925,172.31.33.0-255,66,55053,33,83487
19878,0.00097,172.31.33.0-255,66,55119,33,83487
19879,0.000973,74.125.24.0-255,1484,56603,33,83487
19880,0.00101,74.125.24.0-255,2902,59505,33,83487
19881,0.001012,172.31.33.0-255,66,59571,33,83487
19882,0.001038,74.125.24.0-255,6438,66009,33,83487
19883,0.001041,172.31.33.0-255,66,66075,33,83487
19884,0.003328,74.125.24.0-255,5738,71813,33,83487
19885,0.003334,172.31.33.0-255,66,71879,33,83487
19886,0.005603,74.125.24.0-255,5738,77617,33,83487
19887,0.00561,172.31.33.0-255,66,77683,33,83487
19888,0.007934,74.125.24.0-255,5738,83421,33,83487
19889,0.007946,172.31.33.0-255,66,83487,33,83487
19890,0.0,172.31.33.0-255,105,105,33,459
19891,0.000176,172.31.33.0-255,90,195,33,459
19892,0.000184,172.31.33.0-255,66,261,33,459
19893,0.00253,74.125.24.0-255,66,327,33,459
19894,0.002541,74.125.24.0-255,66,393,33,459
19895,0.002548,172.31.33.0-255,66,459,33,459
19896,0.0,172.31.33.0-255,161,161,33,227
19897,0.007465,74.125.24.0-255,66,227,33,227
19898,0.0,74.125.200.0-255,154,154,33,256642
19899,2.3e-05,172.31.33.0-255,66,220,33,256642
19900,3e-05,74.125.200.0-255,1484,1704,33,256642
19901,3.4e-05,172.31.33.0-255,66,1770,33,256642
19902,4e-05,74.125.200.0-255,2902,4672,33,256642
19903,5.2e-05,172.31.33.0-255,66,4738,33,256642
19904,6e-05,74.125.200.0-255,7156,11894,33,256642
19905,6.3e-05,172.31.33.0-255,66,11960,33,256642
19906,6.7e-05,74.125.200.0-255,2085,14045,33,256642
19907,6.9e-05,172.31.33.0-255,66,14111,33,256642
19908,7.4e-05,74.125.200.0-255,2902,17013,33,256642
19909,7.6e-05,172.31.33.0-255,66,17079,33,256642
19910,0.000112,74.125.200.0-255,7156,24235,33,256642
19911,0.000116,172.31.33.0-255,66,24301,33,256642
19912,0.000122,74.125.200.0-255,5738,30039,33,256642
19913,0.000124,172.31.33.0-255,66,30105,33,256642
19914,0.000149,74.125.200.0-255,1125,31230,33,256642
19915,0.000152,172.31.33.0-255,66,31296,33,256642
19916,0.000212,74.125.200.0-255,1484,32780,33,256642
19917,0.000215,172.31.33.0-255,66,32846,33,256642
19918,0.000243,74.125.200.0-255,2902,35748,33,256642
19919,0.000246,172.31.33.0-255,66,35814,33,256642
19920,0.000253,74.125.200.0-255,5738,41552,33,256642
19921,0.000255,172.31.33.0-255,66,41618,33,256642
19922,0.000258,74.125.200.0-255,1484,43102,33,256642
19923,0.000261,172.31.33.0-255,66,43168,33,256642
19924,0.00029,74.125.200.0-255,2902,46070,33,256642
19925,0.000293,172.31.33.0-255,66,46136,33,256642
19926,0.000297,74.125.200.0-255,2902,49038,33,256642
19927,0.000299,172.31.33.0-255,66,49104,33,256642
19928,0.000328,74.125.200.0-255,3961,53065,33,256642
19929,0.000331,172.31.33.0-255,66,53131,33,256642
19930,0.000335,74.125.200.0-255,2902,56033,33,256642
19931,0.000338,172.31.33.0-255,66,56099,33,256642
19932,0.000377,172.31.33.0-255,66,56165,33,256642
19933,0.000397,74.125.200.0-255,1399,57564,33,256642
19934,0.000402,74.125.200.0-255,131,57695,33,256642
19935,0.000405,74.125.200.0-255,348,58043,33,256642
19936,0.000407,172.31.33.0-255,66,58109,33,256642
19937,0.000572,74.125.200.0-255,1484,59593,33,256642
19938,0.000577,74.125.200.0-255,2902,62495,33,256642
19939,0.000584,172.31.33.0-255,66,62561,33,256642
19940,0.000603,74.125.200.0-255,5738,68299,33,256642
19941,0.000606,172.31.33.0-255,66,68365,33,256642
19942,0.000611,74.125.200.0-255,2902,71267,33,256642
19943,0.000613,172.31.33.0-255,66,71333,33,256642
19944,0.000638,74.125.200.0-255,3961,75294,33,256642
19945,0.000641,172.31.33.0-255,66,75360,33,256642
19946,0.000666,74.125.200.0-255,7156,82516,33,256642
19947,0.000669,172.31.33.0-255,66,82582,33,256642
19948,0.000766,172.31.33.0-255,66,82648,33,256642
19949,0.001187,74.125.200.0-255,1484,84132,33,256642
19950,0.001194,74.125.200.0-255,2902,87034,33,256642
19951,0.001197,172.31.33.0-255,66,87100,33,256642
19952,0.001226,74.125.200.0-255,5738,92838,33,256642
19953,0.001228,172.31.33.0-255,66,92904,33,256642
19954,0.001234,74.125.200.0-255,4320,97224,33,256642
19955,0.001236,172.31.33.0-255,66,97290,33,256642
19956,0.001247,74.125.200.0-255,5738,103028,33,256642
19957,0.001249,172.31.33.0-255,66,103094,33,256642
19958,0.001309,172.31.33.0-255,66,103160,33,256642
19959,0.001313,74.125.200.0-255,2184,105344,33,256642
19960,0.001315,172.31.33.0-255,66,105410,33,256642
19961,0.001339,74.125.200.0-255,2902,108312,33,256642
19962,0.001345,172.31.33.0-255,66,108378,33,256642
19963,0.00135,74.125.200.0-255,4320,112698,33,256642
19964,0.001352,172.31.33.0-255,66,112764,33,256642
19965,0.001359,74.125.200.0-255,5738,118502,33,256642
19966,0.001361,172.31.33.0-255,66,118568,33,256642
19967,0.001389,74.125.200.0-255,2902,121470,33,256642
19968,0.001392,172.31.33.0-255,66,121536,33,256642
19969,0.001399,74.125.200.0-255,7156,128692,33,256642
19970,0.001402,172.31.33.0-255,66,128758,33,256642
19971,0.001413,172.31.33.0-255,66,128824,33,256642
19972,0.001444,74.125.200.0-255,2184,131008,33,256642
19973,0.001449,172.31.33.0-255,66,131074,33,256642
19974,0.001479,74.125.200.0-255,1484,132558,33,256642
19975,0.001493,74.125.200.0-255,2902,135460,33,256642
19976,0.001496,172.31.33.0-255,66,135526,33,256642
19977,0.001526,74.125.200.0-255,5738,141264,33,256642
19978,0.00153,172.31.33.0-255,66,141330,33,256642
19979,0.001534,74.125.200.0-255,1484,142814,33,256642
19980,0.001559,74.125.200.0-255,1484,144298,33,256642
19981,0.001561,172.31.33.0-255,66,144364,33,256642
19982,0.001566,74.125.200.0-255,4320,148684,33,256642
19983,0.001568,172.31.33.0-255,66,148750,33,256642
19984,0.001572,74.125.200.0-255,1484,150234,33,256642
19985,0.0016,74.125.200.0-255,7156,157390,33,256642
19986,0.001603,172.31.33.0-255,66,157456,33,256642
19987,0.001625,74.125.200.0-255,1484,158940,33,256642
19988,0.001647,74.125.200.0-255,6438,165378,33,256642
19989,0.00165,172.31.33.0-255,66,165444,33,256642
19990,0.001677,74.125.200.0-255,2902,168346,33,256642
19991,0.001682,172.31.33.0-255,66,168412,33,256642
19992,0.00169,74.125.200.0-255,1484,169896,33,256642
19993,0.001699,74.125.200.0-255,2902,172798,33,256642
19994,0.001702,172.31.33.0-255,66,172864,33,256642
19995,0.00172,74.125.200.0-255,2902,175766,33,256642
19996,0.001722,172.31.33.0-255,66,175832,33,256642
19997,0.001774,172.31.33.0-255,66,175898,33,256642
19998,0.001788,172.31.33.0-255,66,175964,33,256642
19999,0.001817,74.125.200.0-255,1484,177448,33,256642
20000,0.001838,74.125.200.0-255,2902,180350,33,256642
20001,0.001841,172.31.33.0-255,66,180416,33,256642
20002,0.001844,74.125.200.0-255,1484,181900,33,256642
20003,0.001869,74.125.200.0-255,4320,186220,33,256642
20004,0.001872,172.31.33.0-255,66,186286,33,256642
20005,0.001887,74.125.200.0-255,4320,190606,33,256642
20006,0.00189,172.31.33.0-255,66,190672,33,256642
20007,0.001923,172.31.33.0-255,66,190738,33,256642
20008,0.001939,172.31.33.0-255,66,190804,33,256642
20009,0.001944,74.125.200.0-255,4320,195124,33,256642
20010,0.001946,172.31.33.0-255,66,195190,33,256642
20011,0.00201,172.31.33.0-255,66,195256,33,256642
20012,0.002018,74.125.200.0-255,6438,201694,33,256642
20013,0.00202,172.31.33.0-255,66,201760,33,256642
20014,0.002075,74.125.200.0-255,1484,203244,33,256642
20015,0.002079,74.125.200.0-255,2902,206146,33,256642
20016,0.002082,74.125.200.0-255,1484,207630,33,256642
20017,0.002087,172.31.33.0-255,66,207696,33,256642
20018,0.002095,74.125.200.0-255,1484,209180,33,256642
20019,0.002099,172.31.33.0-255,66,209246,33,256642
20020,0.002108,74.125.200.0-255,4320,213566,33,256642
20021,0.00211,172.31.33.0-255,66,213632,33,256642
20022,0.002144,74.125.200.0-255,1484,215116,33,256642
20023,0.002154,172.31.33.0-255,66,215182,33,256642
20024,0.002172,74.125.200.0-255,7156,222338,33,256642
20025,0.002178,172.31.33.0-255,66,222404,33,256642
20026,0.002206,74.125.200.0-255,5020,227424,33,256642
20027,0.002213,172.31.33.0-255,66,227490,33,256642
20028,0.002232,74.125.200.0-255,5738,233228,33,256642
20029,0.002234,74.125.200.0-255,1484,234712,33,256642
20030,0.00224,172.31.33.0-255,66,234778,33,256642
20031,0.002258,74.125.200.0-255,2902,237680,33,256642
20032,0.002261,74.125.200.0-255,1484,239164,33,256642
20033,0.002285,172.31.33.0-255,66,239230,33,256642
20034,0.004485,74.125.200.0-255,1484,240714,33,256642
20035,0.004515,74.125.200.0-255,4320,245034,33,256642
20036,0.004523,172.31.33.0-255,66,245100,33,256642
20037,0.006778,74.125.200.0-255,5738,250838,33,256642
20038,0.006795,172.31.33.0-255,66,250904,33,256642
20039,0.009029,74.125.200.0-255,5738,256642,33,256642
20040,0.0,74.125.24.0-255,153,153,33,116058
20041,2.4e-05,172.31.33.0-255,66,219,33,116058
20042,3.1e-05,74.125.24.0-255,1484,1703,33,116058
20043,3.6e-05,172.31.33.0-255,66,1769,33,116058
20044,4.2e-05,74.125.24.0-255,2902,4671,33,116058
20045,4.6e-05,172.31.33.0-255,66,4737,33,116058
20046,5.4e-05,74.125.24.0-255,7156,11893,33,116058
20047,5.7e-05,172.31.33.0-255,66,11959,33,116058
20048,6.1e-05,74.125.24.0-255,2092,14051,33,116058
20049,6.4e-05,172.31.33.0-255,66,14117,33,116058
20050,7e-05,74.125.24.0-255,4320,18437,33,116058
20051,7.3e-05,172.31.33.0-255,66,18503,33,116058
20052,7.9e-05,74.125.24.0-255,5738,24241,33,116058
20053,8.2e-05,172.31.33.0-255,66,24307,33,116058
20054,8.9e-05,74.125.24.0-255,6797,31104,33,116058
20055,9.2e-05,172.31.33.0-255,66,31170,33,116058
20056,0.000426,74.125.24.0-255,1484,32654,33,116058
20057,0.000432,172.31.33.0-255,66,32720,33,116058
20058,0.000438,74.125.24.0-255,2902,35622,33,116058
20059,0.00044,172.31.33.0-255,66,35688,33,116058
20060,0.000444,74.125.24.0-255,1484,37172,33,116058
20061,0.000446,172.31.33.0-255,66,37238,33,116058
20062,0.000471,74.125.24.0-255,4320,41558,33,116058
20063,0.000474,172.31.33.0-255,66,41624,33,116058
20064,0.00049,74.125.24.0-255,1484,43108,33,116058
20065,0.000493,172.31.33.0-255,66,43174,33,116058
20066,0.000518,172.31.33.0-255,66,43240,33,116058
20067,0.000525,74.125.24.0-255,7156,50396,33,116058
20068,0.000528,172.31.33.0-255,66,50462,33,116058
20069,0.000556,74.125.24.0-255,2902,53364,33,116058
20070,0.000559,172.31.33.0-255,66,53430,33,116058
20071,0.000565,74.125.24.0-255,3961,57391,33,116058
20072,0.000567,172.31.33.0-255,66,57457,33,116058
20073,0.00057,74.125.24.0-255,392,57849,33,116058
20074,0.000616,74.125.24.0-255,351,58200,33,116058
20075,0.000951,74.125.24.0-255,1484,59684,33,116058
20076,0.000956,172.31.33.0-255,66,59750,33,116058
20077,0.000963,74.125.24.0-255,2902,62652,33,116058
20078,0.000966,172.31.33.0-255,66,62718,33,116058
20079,0.00097,74.125.24.0-255,2902,65620,33,116058
20080,0.000973,172.31.33.0-255,66,65686,33,116058
20081,0.001003,74.125.24.0-255,2902,68588,33,116058
20082,0.001006,172.31.33.0-255,66,68654,33,116058
20083,0.001017,172.31.33.0-255,66,68720,33,116058
20084,0.001029,172.31.33.0-255,66,68786,33,116058
20085,0.001059,74.125.24.0-255,5020,73806,33,116058
20086,0.001062,172.31.33.0-255,66,73872,33,116058
20087,0.001829,74.125.24.0-255,1484,75356,33,116058
20088,0.001838,74.125.24.0-255,2902,78258,33,116058
20089,0.001842,172.31.33.0-255,66,78324,33,116058
20090,0.00186,74.125.24.0-255,2902,81226,33,116058
20091,0.001862,172.31.33.0-255,66,81292,33,116058
20092,0.001883,74.125.24.0-255,4320,85612,33,116058
20093,0.001885,172.31.33.0-255,66,85678,33,116058
20094,0.001901,74.125.24.0-255,1484,87162,33,116058
20095,0.001936,74.125.24.0-255,7156,94318,33,116058
20096,0.001939,172.31.33.0-255,66,94384,33,116058
20097,0.001942,74.125.24.0-255,1484,95868,33,116058
20098,0.001953,172.31.33.0-255,66,95934,33,116058
20099,0.001965,74.125.24.0-255,1484,97418,33,116058
20100,0.001968,74.125.24.0-255,766,98184,33,116058
20101,0.00197,172.31.33.0-255,66,98250,33,116058
20102,0.004319,74.125.24.0-255,2902,101152,33,116058
20103,0.004326,172.31.33.0-255,66,101218,33,116058
20104,0.004359,74.125.24.0-255,2902,104120,33,116058
20105,0.004361,172.31.33.0-255,66,104186,33,116058
20106,0.006637,74.125.24.0-255,2902,107088,33,116058
20107,0.006643,172.31.33.0-255,66,107154,33,116058
20108,0.006664,74.125.24.0-255,2902,110056,33,116058
20109,0.006666,172.31.33.0-255,66,110122,33,116058
20110,0.008959,74.125.24.0-255,2902,113024,33,116058
20111,0.008967,172.31.33.0-255,66,113090,33,116058
20112,0.008987,74.125.24.0-255,2902,115992,33,116058
20113,0.00899,172.31.33.0-255,66,116058,33,116058
20114,0.0,172.31.33.0-255,66,66,33,66
20115,0.0,74.125.24.0-255,153,153,33,62930
20116,1.7e-05,172.31.33.0-255,66,219,33,62930
20117,2.3e-05,74.125.24.0-255,1484,1703,33,62930
20118,2.7e-05,172.31.33.0-255,66,1769,33,62930
20119,3.2e-05,74.125.24.0-255,2902,4671,33,62930
20120,3.5e-05,172.31.33.0-255,66,4737,33,62930
20121,4e-05,74.125.24.0-255,5738,10475,33,62930
20122,4.3e-05,172.31.33.0-255,66,10541,33,62930
20123,6e-05,74.125.24.0-255,1484,12025,33,62930
20124,6.3e-05,172.31.33.0-255,66,12091,33,62930
20125,6.7e-05,74.125.24.0-255,2111,14202,33,62930
20126,6.8e-05,172.31.33.0-255,66,14268,33,62930
20127,0.000216,74.125.24.0-255,1484,15752,33,62930
20128,0.000222,172.31.33.0-255,66,15818,33,62930
20129,0.000226,74.125.24.0-255,2902,18720,33,62930
20130,0.000228,172.31.33.0-255,66,18786,33,62930
20131,0.000251,74.125.24.0-255,5738,24524,33,62930
20132,0.000254,172.31.33.0-255,66,24590,33,62930
20133,0.000261,74.125.24.0-255,6797,31387,33,62930
20134,0.000263,172.31.33.0-255,66,31453,33,62930
20135,0.000301,172.31.33.0-255,66,31519,33,62930
20136,0.000335,172.31.33.0-255,66,31585,33,62930
20137,0.000514,74.125.24.0-255,398,31983,33,62930
20138,0.000519,172.31.33.0-255,66,32049,33,62930
20139,0.000624,74.125.24.0-255,113,32162,33,62930
20140,0.000629,172.31.33.0-255,66,32228,33,62930
20141,0.001033,74.125.24.0-255,1484,33712,33,62930
20142,0.001038,172.31.33.0-255,66,33778,33,62930
20143,0.001043,74.125.24.0-255,2902,36680,33,62930
20144,0.001045,172.31.33.0-255,66,36746,33,62930
20145,0.001059,74.125.24.0-255,4320,41066,33,62930
20146,0.001857,74.125.24.0-255,1484,42550,33,62930
20147,0.001864,74.125.24.0-255,2902,45452,33,62930
20148,0.001867,74.125.24.0-255,1484,46936,33,62930
20149,0.001879,74.125.24.0-255,4320,51256,33,62930
20150,0.005069,172.31.33.0-255,66,51322,33,62930
20151,0.007056,74.125.24.0-255,5738,57060,33,62930
20152,0.007063,172.31.33.0-255,66,57126,33,62930
20153,0.009109,74.125.24.0-255,5738,62864,33,62930
20154,0.009584,172.31.33.0-255,66,62930,33,62930
20155,0.0,172.217.194.0-255,152,152,33,186292
20156,1.4e-05,172.31.33.0-255,66,218,33,186292
20157,2e-05,172.217.194.0-255,1484,1702,33,186292
20158,2.3e-05,172.31.33.0-255,66,1768,33,186292
20159,2.9e-05,172.217.194.0-255,2902,4670,33,186292
20160,3.2e-05,172.31.33.0-255,66,4736,33,186292
20161,3.6e-05,172.217.194.0-255,2902,7638,33,186292
20162,3.9e-05,172.31.33.0-255,66,7704,33,186292
20163,5.5e-05,172.217.194.0-255,2902,10606,33,186292
20164,5.8e-05,172.31.33.0-255,66,10672,33,186292
20165,7.8e-05,172.217.194.0-255,3435,14107,33,186292
20166,8.1e-05,172.31.33.0-255,66,14173,33,186292
20167,0.000636,172.217.194.0-255,1484,15657,33,186292
20168,0.000642,172.31.33.0-255,66,15723,33,186292
20169,0.000651,172.217.194.0-255,2902,18625,33,186292
20170,0.000653,172.31.33.0-255,66,18691,33,186292
20171,0.000659,172.217.194.0-255,2902,21593,33,186292
20172,0.00066,172.31.33.0-255,66,21659,33,186292
20173,0.00068,172.217.194.0-255,2902,24561,33,186292
20174,0.000682,172.31.33.0-255,66,24627,33,186292
20175,0.00069,172.217.194.0-255,6797,31424,33,186292
20176,0.000691,172.31.33.0-255,66,31490,33,186292
20177,0.000735,172.217.194.0-255,7156,38646,33,186292
20178,0.000738,172.31.33.0-255,66,38712,33,186292
20179,0.000752,172.31.33.0-255,66,38778,33,186292
20180,0.000764,172.31.33.0-255,66,38844,33,186292
20181,0.000782,172.217.194.0-255,397,39241,33,186292
20182,0.000784,172.31.33.0-255,66,39307,33,186292
20183,0.000857,172.217.194.0-255,1484,40791,33,186292
20184,0.00086,172.31.33.0-255,66,40857,33,186292
20185,0.000864,172.217.194.0-255,1484,42341,33,186292
20186,0.00088,172.217.194.0-255,1484,43825,33,186292
20187,0.000883,172.31.33.0-255,66,43891,33,186292
20188,0.000889,172.217.194.0-255,5738,49629,33,186292
20189,0.000891,172.31.33.0-255,66,49695,33,186292
20190,0.000895,172.217.194.0-255,4320,54015,33,186292
20191,0.000897,172.31.33.0-255,66,54081,33,186292
20192,0.00093,172.31.33.0-255,66,54147,33,186292
20193,0.000941,172.31.33.0-255,66,54213,33,186292
20194,0.000966,172.217.194.0-255,5738,59951,33,186292
20195,0.000968,172.31.33.0-255,66,60017,33,186292
20196,0.000992,172.217.194.0-255,6049,66066,33,186292
20197,0.000995,172.31.33.0-255,66,66132,33,186292
20198,0.001005,172.31.33.0-255,66,66198,33,186292
20199,0.001042,172.31.33.0-255,66,66264,33,186292
20200,0.001228,172.217.194.0-255,1484,67748,33,186292
20201,0.001248,172.217.194.0-255,2902,70650,33,186292
20202,0.001251,172.31.33.0-255,66,70716,33,186292
20203,0.001256,172.217.194.0-255,2902,73618,33,186292
20204,0.001258,172.31.33.0-255,66,73684,33,186292
20205,0.001274,172.217.194.0-255,2902,76586,33,186292
20206,0.001276,172.31.33.0-255,66,76652,33,186292
20207,0.00128,172.217.194.0-255,4320,80972,33,186292
20208,0.001282,172.31.33.0-255,66,81038,33,186292
20209,0.001312,172.31.33.0-255,66,81104,33,186292
20210,0.001334,172.217.194.0-255,7156,88260,33,186292
20211,0.001336,172.31.33.0-255,66,88326,33,186292
20212,0.00135,172.217.194.0-255,3602,91928,33,186292
20213,0.001352,172.31.33.0-255,66,91994,33,186292
20214,0.001668,172.217.194.0-255,1484,93478,33,186292
20215,0.001682,172.217.194.0-255,2902,96380,33,186292
20216,0.001685,172.31.33.0-255,66,96446,33,186292
20217,0.001688,172.217.194.0-255,2902,99348,33,186292
20218,0.00169,172.31.33.0-255,66,99414,33,186292
20219,0.001704,172.217.194.0-255,2902,102316,33,186292
20220,0.001706,172.31.33.0-255,66,102382,33,186292
20221,0.001713,172.217.194.0-255,7156,109538,33,186292
20222,0.001715,172.31.33.0-255,66,109604,33,186292
20223,0.001734,172.217.194.0-255,5738,115342,33,186292
20224,0.001736,172.31.33.0-255,66,115408,33,186292
20225,0.001743,172.217.194.0-255,7156,122564,33,186292
20226,0.001745,172.31.33.0-255,66,122630,33,186292
20227,0.001764,172.217.194.0-255,3602,126232,33,186292
20228,0.001766,172.31.33.0-255,66,126298,33,186292
20229,0.00199,172.217.194.0-255,1484,127782,33,186292
20230,0.001994,172.217.194.0-255,2902,130684,33,186292
20231,0.001996,172.31.33.0-255,66,130750,33,186292
20232,0.002036,172.217.194.0-255,5738,136488,33,186292
20233,0.00204,172.31.33.0-255,66,136554,33,186292
20234,0.002078,172.217.194.0-255,4320,140874,33,186292
20235,0.00208,172.31.33.0-255,66,140940,33,186292
20236,0.002114,172.31.33.0-255,66,141006,33,186292
20237,0.002125,172.31.33.0-255,66,141072,33,186292
20238,0.002158,172.217.194.0-255,1484,142556,33,186292
20239,0.002171,172.217.194.0-255,2902,145458,33,186292
20240,0.002173,172.31.33.0-255,66,145524,33,186292
20241,0.002194,172.217.194.0-255,2902,148426,33,186292
20242,0.002196,172.31.33.0-255,66,148492,33,186292
20243,0.002212,172.217.194.0-255,2902,151394,33,186292
20244,0.002214,172.31.33.0-255,66,151460,33,186292
20245,0.002232,172.217.194.0-255,2902,154362,33,186292
20246,0.002234,172.31.33.0-255,66,154428,33,186292
20247,0.002261,172.31.33.0-255,66,154494,33,186292
20248,0.00227,172.31.33.0-255,66,154560,33,186292
20249,0.002289,172.217.194.0-255,2184,156744,33,186292
20250,0.00229,172.31.33.0-255,66,156810,33,186292
20251,0.002324,172.217.194.0-255,1484,158294,33,186292
20252,0.002327,172.217.194.0-255,1484,159778,33,186292
20253,0.002329,172.31.33.0-255,66,159844,33,186292
20254,0.002341,172.217.194.0-255,1484,161328,33,186292
20255,0.002345,172.217.194.0-255,4320,165648,33,186292
20256,0.002347,172.31.33.0-255,66,165714,33,186292
20257,0.002357,172.217.194.0-255,1484,167198,33,186292
20258,0.002359,172.217.194.0-255,1484,168682,33,186292
20259,0.002361,172.31.33.0-255,66,168748,33,186292
20260,0.004665,172.217.194.0-255,2902,171650,33,186292
20261,0.004677,172.31.33.0-255,66,171716,33,186292
20262,0.0047,172.217.194.0-255,2902,174618,33,186292
20263,0.004703,172.31.33.0-255,66,174684,33,186292
20264,0.00703,172.217.194.0-255,5738,180422,33,186292
20265,0.007047,172.31.33.0-255,66,180488,33,186292
20266,0.009398,172.217.194.0-255,5738,186226,33,186292
20267,0.009414,172.31.33.0-255,66,186292,33,186292
20268,0.0,172.217.194.0-255,146,146,33,124932
20269,2.1e-05,172.31.33.0-255,66,212,33,124932
20270,2.9e-05,172.217.194.0-255,1484,1696,33,124932
20271,3.4e-05,172.31.33.0-255,66,1762,33,124932
20272,4.8e-05,172.217.194.0-255,2902,4664,33,124932
20273,5.1e-05,172.31.33.0-255,66,4730,33,124932
20274,5.9e-05,172.217.194.0-255,7156,11886,33,124932
20275,6.2e-05,172.31.33.0-255,66,11952,33,124932
20276,6.6e-05,172.217.194.0-255,2170,14122,33,124932
20277,6.9e-05,172.31.33.0-255,66,14188,33,124932
20278,0.000122,172.31.33.0-255,66,14254,33,124932
20279,0.000128,172.217.194.0-255,5379,19633,33,124932
20280,0.00013,172.31.33.0-255,66,19699,33,124932
20281,0.000155,172.217.194.0-255,1484,21183,33,124932
20282,0.000158,172.31.33.0-255,66,21249,33,124932
20283,0.000161,172.217.194.0-255,1484,22733,33,124932
20284,0.000163,172.31.33.0-255,66,22799,33,124932
20285,0.000183,172.217.194.0-255,1484,24283,33,124932
20286,0.000186,172.31.33.0-255,66,24349,33,124932
20287,0.000193,172.217.194.0-255,5738,30087,33,124932
20288,0.000195,172.31.33.0-255,66,30153,33,124932
20289,0.000202,172.217.194.0-255,6797,36950,33,124932
20290,0.000205,172.31.33.0-255,66,37016,33,124932
20291,0.000633,172.217.194.0-255,1484,38500,33,124932
20292,0.000639,172.31.33.0-255,66,38566,33,124932
20293,0.000645,172.217.194.0-255,2902,41468,33,124932
20294,0.000647,172.31.33.0-255,66,41534,33,124932
20295,0.000653,172.217.194.0-255,4320,45854,33,124932
20296,0.000655,172.31.33.0-255,66,45920,33,124932
20297,0.000681,172.217.194.0-255,1484,47404,33,124932
20298,0.000683,172.31.33.0-255,66,47470,33,124932
20299,0.000696,172.217.194.0-255,6797,54267,33,124932
20300,0.000698,172.31.33.0-255,66,54333,33,124932
20301,0.000701,172.217.194.0-255,359,54692,33,124932
20302,0.000704,172.31.33.0-255,66,54758,33,124932
20303,0.001005,172.217.194.0-255,386,55144,33,124932
20304,0.001011,172.31.33.0-255,66,55210,33,124932
20305,0.001167,172.217.194.0-255,1484,56694,33,124932
20306,0.001172,172.31.33.0-255,66,56760,33,124932
20307,0.001181,172.217.194.0-255,2902,59662,33,124932
20308,0.001183,172.31.33.0-255,66,59728,33,124932
20309,0.001194,172.217.194.0-255,5738,65466,33,124932
20310,0.001196,172.31.33.0-255,66,65532,33,124932
20311,0.001226,172.217.194.0-255,6797,72329,33,124932
20312,0.001229,172.31.33.0-255,66,72395,33,124932
20313,0.001259,172.217.194.0-255,7156,79551,33,124932
20314,0.001262,172.31.33.0-255,66,79617,33,124932
20315,0.001283,172.217.194.0-255,7156,86773,33,124932
20316,0.001285,172.31.33.0-255,66,86839,33,124932
20317,0.001312,172.217.194.0-255,2543,89382,33,124932
20318,0.001315,172.31.33.0-255,66,89448,33,124932
20319,0.002053,172.217.194.0-255,1484,90932,33,124932
20320,0.002058,172.31.33.0-255,66,90998,33,124932
20321,0.002064,172.217.194.0-255,2902,93900,33,124932
20322,0.002065,172.31.33.0-255,66,93966,33,124932
20323,0.002073,172.217.194.0-255,2902,96868,33,124932
20324,0.002075,172.31.33.0-255,66,96934,33,124932
20325,0.002106,172.217.194.0-255,2902,99836,33,124932
20326,0.002108,172.31.33.0-255,66,99902,33,124932
20327,0.002117,172.31.33.0-255,66,99968,33,124932
20328,0.00215,172.217.194.0-255,7156,107124,33,124932
20329,0.002153,172.31.33.0-255,66,107190,33,124932
20330,0.002176,172.31.33.0-255,66,107256,33,124932
20331,0.00468,172.217.194.0-255,5738,112994,33,124932
20332,0.004686,172.31.33.0-255,66,113060,33,124932
20333,0.007204,172.217.194.0-255,4320,117380,33,124932
20334,0.00721,172.31.33.0-255,66,117446,33,124932
20335,0.007235,172.217.194.0-255,1484,118930,33,124932
20336,0.007238,172.31.33.0-255,66,118996,33,124932
20337,0.009706,172.217.194.0-255,4320,123316,33,124932
20338,0.009713,172.31.33.0-255,66,123382,33,124932
20339,0.009745,172.217.194.0-255,1484,124866,33,124932
20340,0.009747,172.31.33.0-255,66,124932,33,124932
20341,0.0,172.31.33.0-255,105,105,33,459
20342,0.000281,172.31.33.0-255,90,195,33,459
20343,0.000289,172.31.33.0-255,66,261,33,459
20344,0.002272,172.217.194.0-255,66,327,33,459
20345,0.002295,172.217.194.0-255,66,393,33,459
20346,0.002312,172.31.33.0-255,66,459,33,459
20347,0.0,74.125.24.0-255,153,153,33,203469
20348,1.4e-05,172.31.33.0-255,66,219,33,203469
20349,5.4e-05,74.125.24.0-255,1484,1703,33,203469
20350,5.8e-05,172.31.33.0-255,66,1769,33,203469
20351,6.4e-05,74.125.24.0-255,2902,4671,33,203469
20352,6.7e-05,172.31.33.0-255,66,4737,33,203469
20353,7.8e-05,74.125.24.0-255,7156,11893,33,203469
20354,8e-05,172.31.33.0-255,66,11959,33,203469
20355,8.4e-05,74.125.24.0-255,2086,14045,33,203469
20356,8.7e-05,172.31.33.0-255,66,14111,33,203469
20357,0.000223,74.125.24.0-255,1484,15595,33,203469
20358,0.000227,172.31.33.0-255,66,15661,33,203469
20359,0.000233,74.125.24.0-255,2902,18563,33,203469
20360,0.000235,172.31.33.0-255,66,18629,33,203469
20361,0.000263,74.125.24.0-255,5738,24367,33,203469
20362,0.000266,172.31.33.0-255,66,24433,33,203469
20363,0.000303,74.125.24.0-255,7156,31589,33,203469
20364,0.000306,172.31.33.0-255,66,31655,33,203469
20365,0.000326,74.125.24.0-255,6797,38452,33,203469
20366,0.000329,172.31.33.0-255,66,38518,33,203469
20367,0.000341,172.31.33.0-255,66,38584,33,203469
20368,0.000359,74.125.24.0-255,1484,40068,33,203469
20369,0.000361,172.31.33.0-255,66,40134,33,203469
20370,0.000365,74.125.24.0-255,2902,43036,33,203469
20371,0.000367,172.31.33.0-255,66,43102,33,203469
20372,0.000391,172.31.33.0-255,66,43168,33,203469
20373,0.00041,74.125.24.0-255,129,43297,33,203469
20374,0.000412,172.31.33.0-255,66,43363,33,203469
20375,0.000652,74.125.24.0-255,1484,44847,33,203469
20376,0.000659,172.31.33.0-255,66,44913,33,203469
20377,0.000683,74.125.24.0-255,1484,46397,33,203469
20378,0.000698,74.125.24.0-255,1484,47881,33,203469
20379,0.0007,172.31.33.0-255,66,47947,33,203469
20380,0.000707,74.125.24.0-255,5738,53685,33,203469
20381,0.000708,172.31.33.0-255,66,53751,33,203469
20382,0.000732,74.125.24.0-255,2902,56653,33,203469
20383,0.000734,172.31.33.0-255,66,56719,33,203469
20384,0.000753,74.125.24.0-255,4320,61039,33,203469
20385,0.000755,172.31.33.0-255,66,61105,33,203469
20386,0.000759,74.125.24.0-255,2902,64007,33,203469
20387,0.000761,172.31.33.0-255,66,64073,33,203469
20388,0.000789,74.125.24.0-255,4320,68393,33,203469
20389,0.000791,172.31.33.0-255,66,68459,33,203469
20390,0.000807,74.125.24.0-255,1484,69943,33,203469
20391,0.000817,74.125.24.0-255,2902,72845,33,203469
20392,0.00082,172.31.33.0-255,66,72911,33,203469
20393,0.000867,74.125.24.0-255,4726,77637,33,203469
20394,0.000871,172.31.33.0-255,66,77703,33,203469
20395,0.001047,74.125.24.0-255,1484,79187,33,203469
20396,0.001065,74.125.24.0-255,1484,80671,33,203469
20397,0.001068,172.31.33.0-255,66,80737,33,203469
20398,0.001103,74.125.24.0-255,1484,82221,33,203469
20399,0.001109,74.125.24.0-255,5738,87959,33,203469
20400,0.001139,74.125.24.0-255,2902,90861,33,203469
20401,0.001145,172.31.33.0-255,66,90927,33,203469
20402,0.001148,172.31.33.0-255,66,90993,33,203469
20403,0.001167,74.125.24.0-255,7156,98149,33,203469
20404,0.001169,172.31.33.0-255,66,98215,33,203469
20405,0.001183,74.125.24.0-255,2184,100399,33,203469
20406,0.001189,172.31.33.0-255,66,100465,33,203469
20407,0.001191,172.31.33.0-255,66,100531,33,203469
20408,0.00143,74.125.24.0-255,1484,102015,33,203469
20409,0.001434,74.125.24.0-255,2902,104917,33,203469
20410,0.001436,74.125.24.0-255,1484,106401,33,203469
20411,0.001441,172.31.33.0-255,66,106467,33,203469
20412,0.001462,74.125.24.0-255,4320,110787,33,203469
20413,0.001464,172.31.33.0-255,66,110853,33,203469
20414,0.001467,74.125.24.0-255,1484,112337,33,203469
20415,0.001489,74.125.24.0-255,2902,115239,33,203469
20416,0.001491,172.31.33.0-255,66,115305,33,203469
20417,0.001519,74.125.24.0-255,5738,121043,33,203469
20418,0.001522,172.31.33.0-255,66,121109,33,203469
20419,0.001528,74.125.24.0-255,5738,126847,33,203469
20420,0.00153,172.31.33.0-255,66,126913,33,203469
20421,0.001576,172.31.33.0-255,66,126979,33,203469
20422,0.001787,74.125.24.0-255,1484,128463,33,203469
20423,0.001798,74.125.24.0-255,1484,129947,33,203469
20424,0.001801,172.31.33.0-255,66,130013,33,203469
20425,0.001825,74.125.24.0-255,1484,131497,33,203469
20426,0.00183,74.125.24.0-255,2902,134399,33,203469
20427,0.001832,172.31.33.0-255,66,134465,33,203469
20428,0.001872,74.125.24.0-255,7156,141621,33,203469
20429,0.001875,172.31.33.0-255,66,141687,33,203469
20430,0.001879,74.125.24.0-255,1484,143171,33,203469
20431,0.001883,74.125.24.0-255,2902,146073,33,203469
20432,0.001884,172.31.33.0-255,66,146139,33,203469
20433,0.001911,74.125.24.0-255,5738,151877,33,203469
20434,0.001914,172.31.33.0-255,66,151943,33,203469
20435,0.00192,74.125.24.0-255,5738,157681,33,203469
20436,0.001922,172.31.33.0-255,66,157747,33,203469
20437,0.001971,74.125.24.0-255,3602,161349,33,203469
20438,0.001974,172.31.33.0-255,66,161415,33,203469
20439,0.002112,74.125.24.0-255,1484,162899,33,203469
20440,0.002129,74.125.24.0-255,2902,165801,33,203469
20441,0.002132,172.31.33.0-255,66,165867,33,203469
20442,0.002135,74.125.24.0-255,1484,167351,33,203469
20443,0.002157,74.125.24.0-255,4320,171671,33,203469
20444,0.00216,172.31.33.0-255,66,171737,33,203469
20445,0.002193,172.31.33.0-255,66,171803,33,203469
20446,0.002196,74.125.24.0-255,1484,173287,33,203469
20447,0.002224,172.31.33.0-255,66,173353,33,203469
20448,0.002228,74.125.24.0-255,2184,175537,33,203469
20449,0.002229,172.31.33.0-255,66,175603,33,203469
20450,0.002274,74.125.24.0-255,4320,179923,33,203469
20451,0.002278,172.31.33.0-255,66,179989,33,203469
20452,0.002318,172.31.33.0-255,66,180055,33,203469
20453,0.002324,74.125.24.0-255,5738,185793,33,203469
20454,0.002326,172.31.33.0-255,66,185859,33,203469
20455,0.002362,172.31.33.0-255,66,185925,33,203469
20456,0.002365,74.125.24.0-255,1484,187409,33,203469
20457,0.004684,74.125.24.0-255,4320,191729,33,203469
20458,0.004707,172.31.33.0-255,66,191795,33,203469
20459,0.007008,74.125.24.0-255,5738,197533,33,203469
20460,0.007017,172.31.33.0-255,66,197599,33,203469
20461,0.009307,74.125.24.0-255,4320,201919,33,203469
20462,0.009315,172.31.33.0-255,66,201985,33,203469
20463,0.009341,74.125.24.0-255,1484,203469,33,203469
20464,0.0,74.125.24.0-255,163,163,33,200288
20465,3e-05,172.31.33.0-255,66,229,33,200288
20466,3.8e-05,74.125.24.0-255,1484,1713,33,200288
20467,4.2e-05,172.31.33.0-255,66,1779,33,200288
20468,4.7e-05,74.125.24.0-255,2902,4681,33,200288
20469,5e-05,172.31.33.0-255,66,4747,33,200288
20470,5.5e-05,74.125.24.0-255,5738,10485,33,200288
20471,5.8e-05,172.31.33.0-255,66,10551,33,200288
20472,8.5e-05,74.125.24.0-255,6311,16862,33,200288
20473,8.9e-05,172.31.33.0-255,66,16928,33,200288
20474,0.00013,172.31.33.0-255,66,16994,33,200288
20475,0.000146,74.125.24.0-255,2902,19896,33,200288
20476,0.000149,172.31.33.0-255,66,19962,33,200288
20477,0.000185,172.31.33.0-255,66,20028,33,200288
20478,0.000189,74.125.24.0-255,2543,22571,33,200288
20479,0.000192,172.31.33.0-255,66,22637,33,200288
20480,0.000489,74.125.24.0-255,1484,24121,33,200288
20481,0.000495,172.31.33.0-255,66,24187,33,200288
20482,0.000502,74.125.24.0-255,2902,27089,33,200288
20483,0.000504,172.31.33.0-255,66,27155,33,200288
20484,0.000527,74.125.24.0-255,1484,28639,33,200288
20485,0.00053,172.31.33.0-255,66,28705,33,200288
20486,0.000535,74.125.24.0-255,2902,31607,33,200288
20487,0.000537,172.31.33.0-255,66,31673,33,200288
20488,0.000555,74.125.24.0-255,5738,37411,33,200288
20489,0.000558,172.31.33.0-255,66,37477,33,200288
20490,0.000578,74.125.24.0-255,3123,40600,33,200288
20491,0.000581,172.31.33.0-255,66,40666,33,200288
20492,0.000711,74.125.24.0-255,1484,42150,33,200288
20493,0.000715,172.31.33.0-255,66,42216,33,200288
20494,0.00072,74.125.24.0-255,2902,45118,33,200288
20495,0.000722,172.31.33.0-255,66,45184,33,200288
20496,0.000747,74.125.24.0-255,5738,50922,33,200288
20497,0.000754,172.31.33.0-255,66,50988,33,200288
20498,0.000756,74.125.24.0-255,7156,58144,33,200288
20499,0.000759,172.31.33.0-255,66,58210,33,200288
20500,0.000787,74.125.24.0-255,6797,65007,33,200288
20501,0.000794,74.125.24.0-255,5738,70745,33,200288
20502,0.000802,172.31.33.0-255,66,70811,33,200288
20503,0.000822,74.125.24.0-255,3961,74772,33,200288
20504,0.000834,172.31.33.0-255,66,74838,33,200288
20505,0.001362,74.125.24.0-255,1484,76322,33,200288
20506,0.001371,74.125.24.0-255,1484,77806,33,200288
20507,0.001375,172.31.33.0-255,66,77872,33,200288
20508,0.001394,74.125.24.0-255,1484,79356,33,200288
20509,0.001401,74.125.24.0-255,4320,83676,33,200288
20510,0.00144,74.125.24.0-255,2902,86578,33,200288
20511,0.001479,74.125.24.0-255,3602,90180,33,200288
20512,0.001482,74.125.24.0-255,1484,91664,33,200288
20513,0.001486,74.125.24.0-255,2902,94566,33,200288
20514,0.001538,74.125.24.0-255,5738,100304,33,200288
20515,0.001557,74.125.24.0-255,5738,106042,33,200288
20516,0.00156,74.125.24.0-255,1484,107526,33,200288
20517,0.001606,74.125.24.0-255,5020,112546,33,200288
20518,0.001627,74.125.24.0-255,1484,114030,33,200288
20519,0.001641,74.125.24.0-255,5738,119768,33,200288
20520,0.001651,74.125.24.0-255,2184,121952,33,200288
20521,0.001705,74.125.24.0-255,1484,123436,33,200288
20522,0.00171,74.125.24.0-255,1484,124920,33,200288
20523,0.001726,74.125.24.0-255,1484,126404,33,200288
20524,0.00173,74.125.24.0-255,1484,127888,33,200288
20525,0.001745,74.125.24.0-255,4320,132208,33,200288
20526,0.00175,74.125.24.0-255,2902,135110,33,200288
20527,0.001776,74.125.24.0-255,1484,136594,33,200288
20528,0.002413,74.125.24.0-255,1484,138078,33,200288
20529,0.00243,74.125.24.0-255,2902,140980,33,200288
20530,0.002434,74.125.24.0-255,2902,143882,33,200288
20531,0.002451,74.125.24.0-255,2902,146784,33,200288
20532,0.002455,74.125.24.0-255,2902,149686,33,200288
20533,0.002472,74.125.24.0-255,4320,154006,33,200288
20534,0.00249,74.125.24.0-255,1484,155490,33,200288
20535,0.002529,74.125.24.0-255,2902,158392,33,200288
20536,0.002533,74.125.24.0-255,2184,160576,33,200288
20537,0.002567,74.125.24.0-255,1484,162060,33,200288
20538,0.002571,74.125.24.0-255,2902,164962,33,200288
20539,0.002582,74.125.24.0-255,2902,167864,33,200288
20540,0.002596,74.125.24.0-255,2902,170766,33,200288
20541,0.002601,74.125.24.0-255,5738,176504,33,200288
20542,0.002613,74.125.24.0-255,4320,180824,33,200288
20543,0.002652,74.125.24.0-255,2902,183726,33,200288
20544,0.002663,74.125.24.0-255,4320,188046,33,200288
20545,0.002728,74.125.24.0-255,7156,195202,33,200288
20546,0.002733,74.125.24.0-255,5020,200222,33,200288
20547,0.00908,172.31.33.0-255,66,200288,33,200288
20548,0.0,74.125.200.0-255,153,153,33,358753
20549,3.1e-05,172.31.33.0-255,66,219,33,358753
20550,3.8e-05,74.125.200.0-255,1484,1703,33,358753
20551,4.3e-05,172.31.33.0-255,66,1769,33,358753
20552,5.5e-05,74.125.200.0-255,2902,4671,33,358753
20553,5.8e-05,172.31.33.0-255,66,4737,33,358753
20554,9.1e-05,74.125.200.0-255,5738,10475,33,358753
20555,9.5e-05,172.31.33.0-255,66,10541,33,358753
20556,0.000141,74.125.200.0-255,1484,12025,33,358753
20557,0.000145,172.31.33.0-255,66,12091,33,358753
20558,0.000163,74.125.200.0-255,2045,14136,33,358753
20559,0.000166,172.31.33.0-255,66,14202,33,358753
20560,0.000244,74.125.200.0-255,1484,15686,33,358753
20561,0.000248,172.31.33.0-255,66,15752,33,358753
20562,0.000279,74.125.200.0-255,2902,18654,33,358753
20563,0.000282,172.31.33.0-255,66,18720,33,358753
20564,0.000287,74.125.200.0-255,2902,21622,33,358753
20565,0.000291,172.31.33.0-255,66,21688,33,358753
20566,0.000292,74.125.200.0-255,4320,26008,33,358753
20567,0.000297,172.31.33.0-255,66,26074,33,358753
20568,0.000339,74.125.200.0-255,4320,30394,33,358753
20569,0.000344,172.31.33.0-255,66,30460,33,358753
20570,0.000368,74.125.200.0-255,1125,31585,33,358753
20571,0.000371,74.125.200.0-255,1484,33069,33,358753
20572,0.000372,172.31.33.0-255,66,33135,33,358753
20573,0.000375,172.31.33.0-255,66,33201,33,358753
20574,0.000403,74.125.200.0-255,4320,37521,33,358753
20575,0.000411,172.31.33.0-255,66,37587,33,358753
20576,0.000416,74.125.200.0-255,2902,40489,33,358753
20577,0.000418,172.31.33.0-255,66,40555,33,358753
20578,0.000459,172.31.33.0-255,66,40621,33,358753
20579,0.001014,74.125.200.0-255,1484,42105,33,358753
20580,0.001024,74.125.200.0-255,2902,45007,33,358753
20581,0.001029,172.31.33.0-255,66,45073,33,358753
20582,0.001034,74.125.200.0-255,1484,46557,33,358753
20583,0.001062,74.125.200.0-255,1484,48041,33,358753
20584,0.001067,74.125.200.0-255,4320,52361,33,358753
20585,0.001083,74.125.200.0-255,1484,53845,33,358753
20586,0.001104,74.125.200.0-255,2902,56747,33,358753
20587,0.001116,74.125.200.0-255,1484,58231,33,358753
20588,0.001164,74.125.200.0-255,7156,65387,33,358753
20589,0.001186,74.125.200.0-255,3123,68510,33,358753
20590,0.001197,74.125.200.0-255,1484,69994,33,358753
20591,0.001211,74.125.200.0-255,2543,72537,33,358753
20592,0.001593,74.125.200.0-255,1484,74021,33,358753
20593,0.001611,74.125.200.0-255,2902,76923,33,358753
20594,0.001625,74.125.200.0-255,1484,78407,33,358753
20595,0.001638,74.125.200.0-255,2902,81309,33,358753
20596,0.001651,74.125.200.0-255,1484,82793,33,358753
20597,0.001671,74.125.200.0-255,2902,85695,33,358753
20598,0.001684,74.125.200.0-255,2902,88597,33,358753
20599,0.001696,74.125.200.0-255,5738,94335,33,358753
20600,0.001719,74.125.200.0-255,1484,95819,33,358753
20601,0.00173,74.125.200.0-255,1484,97303,33,358753
20602,0.001741,74.125.200.0-255,2902,100205,33,358753
20603,0.001753,74.125.200.0-255,4320,104525,33,358753
20604,0.001769,74.125.200.0-255,2184,106709,33,358753
20605,0.001991,74.125.200.0-255,1484,108193,33,358753
20606,0.002007,74.125.200.0-255,1484,109677,33,358753
20607,0.002016,74.125.200.0-255,1484,111161,33,358753
20608,0.002038,74.125.200.0-255,2902,114063,33,358753
20609,0.002051,74.125.200.0-255,2902,116965,33,358753
20610,0.002073,74.125.200.0-255,7156,124121,33,358753
20611,0.002076,74.125.200.0-255,1484,125605,33,358753
20612,0.002099,74.125.200.0-255,2902,128507,33,358753
20613,0.002104,74.125.200.0-255,5738,134245,33,358753
20614,0.002116,74.125.200.0-255,1484,135729,33,358753
20615,0.002129,74.125.200.0-255,4320,140049,33,358753
20616,0.002139,74.125.200.0-255,766,140815,33,358753
20617,0.002374,74.125.200.0-255,1484,142299,33,358753
20618,0.002386,74.125.200.0-255,2902,145201,33,358753
20619,0.00241,74.125.200.0-255,5738,150939,33,358753
20620,0.002429,74.125.200.0-255,2902,153841,33,358753
20621,0.002448,74.125.200.0-255,4320,158161,33,358753
20622,0.002463,74.125.200.0-255,1484,159645,33,358753
20623,0.002475,74.125.200.0-255,2902,162547,33,358753
20624,0.002484,74.125.200.0-255,1484,164031,33,358753
20625,0.002504,74.125.200.0-255,2902,166933,33,358753
20626,0.002508,74.125.200.0-255,2902,169835,33,358753
20627,0.002513,74.125.200.0-255,4320,174155,33,358753
20628,0.002516,74.125.200.0-255,766,174921,33,358753
20629,0.002615,74.125.200.0-255,1484,176405,33,358753
20630,0.002618,74.125.200.0-255,1484,177889,33,358753
20631,0.002629,74.125.200.0-255,1484,179373,33,358753
20632,0.002643,74.125.200.0-255,2902,182275,33,358753
20633,0.002654,74.125.200.0-255,2902,185177,33,358753
20634,0.002658,74.125.200.0-255,2902,188079,33,358753
20635,0.002671,74.125.200.0-255,1484,189563,33,358753
20636,0.002685,74.125.200.0-255,2902,192465,33,358753
20637,0.002688,74.125.200.0-255,1484,193949,33,358753
20638,0.0027,74.125.200.0-255,1484,195433,33,358753
20639,0.002714,74.125.200.0-255,4320,199753,33,358753
20640,0.002718,74.125.200.0-255,2902,202655,33,358753
20641,0.002747,74.125.200.0-255,1484,204139,33,358753
20642,0.002766,74.125.200.0-255,7156,211295,33,358753
20643,0.002778,74.125.200.0-255,2184,213479,33,358753
20644,0.002783,74.125.200.0-255,4320,217799,33,358753
20645,0.002788,74.125.200.0-255,4320,222119,33,358753
20646,0.0028,74.125.200.0-255,2902,225021,33,358753
20647,0.002824,74.125.200.0-255,4320,229341,33,358753
20648,0.00287,74.125.200.0-255,2902,232243,33,358753
20649,0.002885,74.125.200.0-255,7156,239399,33,358753
20650,0.002901,74.125.200.0-255,2184,241583,33,358753
20651,0.002923,74.125.200.0-255,4320,245903,33,358753
20652,0.002946,74.125.200.0-255,2902,248805,33,358753
20653,0.002949,74.125.200.0-255,1484,250289,33,358753
20654,0.00296,74.125.200.0-255,2902,253191,33,358753
20655,0.002978,74.125.200.0-255,1484,254675,33,358753
20656,0.00299,74.125.200.0-255,2902,257577,33,358753
20657,0.003003,74.125.200.0-255,2184,259761,33,358753
20658,0.003066,74.125.200.0-255,1484,261245,33,358753
20659,0.003071,74.125.200.0-255,2902,264147,33,358753
20660,0.003085,74.125.200.0-255,1484,265631,33,358753
20661,0.003109,74.125.200.0-255,4320,269951,33,358753
20662,0.003114,74.125.200.0-255,2902,272853,33,358753
20663,0.003119,74.125.200.0-255,4320,277173,33,358753
20664,0.003122,74.125.200.0-255,2902,280075,33,358753
20665,0.003142,74.125.200.0-255,5738,285813,33,358753
20666,0.003148,74.125.200.0-255,5738,291551,33,358753
20667,0.003161,74.125.200.0-255,2184,293735,33,358753
20668,0.003174,74.125.200.0-255,1484,295219,33,358753
20669,0.003191,74.125.200.0-255,7156,302375,33,358753
20670,0.003197,74.125.200.0-255,4320,306695,33,358753
20671,0.003213,74.125.200.0-255,2902,309597,33,358753
20672,0.003219,74.125.200.0-255,7156,316753,33,358753
20673,0.003232,74.125.200.0-255,1484,318237,33,358753
20674,0.003247,74.125.200.0-255,4320,322557,33,358753
20675,0.003266,74.125.200.0-255,5020,327577,33,358753
20676,0.003296,74.125.200.0-255,4320,331897,33,358753
20677,0.003319,74.125.200.0-255,5738,337635,33,358753
20678,0.003325,74.125.200.0-255,5738,343373,33,358753
20679,0.003362,74.125.200.0-255,1484,344857,33,358753
20680,0.00338,74.125.200.0-255,5738,350595,33,358753
20681,0.003399,74.125.200.0-255,7156,357751,33,358753
20682,0.003413,74.125.200.0-255,726,358477,33,358753
20683,0.003439,74.125.200.0-255,105,358582,33,358753
20684,0.004088,172.31.33.0-255,66,358648,33,358753
20685,0.007637,172.31.33.0-255,105,358753,33,358753
20686,0.0,74.125.24.0-255,153,153,33,175598
20687,2.4e-05,172.31.33.0-255,66,219,33,175598
20688,3e-05,74.125.24.0-255,1484,1703,33,175598
20689,3.4e-05,172.31.33.0-255,66,1769,33,175598
20690,4.5e-05,74.125.24.0-255,2902,4671,33,175598
20691,4.7e-05,172.31.33.0-255,66,4737,33,175598
20692,5.6e-05,74.125.24.0-255,7156,11893,33,175598
20693,5.8e-05,172.31.33.0-255,66,11959,33,175598
20694,8.9e-05,74.125.24.0-255,2032,13991,33,175598
20695,9.2e-05,172.31.33.0-255,66,14057,33,175598
20696,0.000119,74.125.24.0-255,1484,15541,33,175598
20697,0.000122,172.31.33.0-255,66,15607,33,175598
20698,0.000154,74.125.24.0-255,2902,18509,33,175598
20699,0.000157,172.31.33.0-255,66,18575,33,175598
20700,0.000163,74.125.24.0-255,5738,24313,33,175598
20701,0.000166,172.31.33.0-255,66,24379,33,175598
20702,0.00018,74.125.24.0-255,6797,31176,33,175598
20703,0.000183,172.31.33.0-255,66,31242,33,175598
20704,0.000239,74.125.24.0-255,1484,32726,33,175598
20705,0.000242,172.31.33.0-255,66,32792,33,175598
20706,0.000247,74.125.24.0-255,2902,35694,33,175598
20707,0.000249,172.31.33.0-255,66,35760,33,175598
20708,0.000277,74.125.24.0-255,5738,41498,33,175598
20709,0.000281,172.31.33.0-255,66,41564,33,175598
20710,0.000285,74.125.24.0-255,2902,44466,33,175598
20711,0.000288,172.31.33.0-255,66,44532,33,175598
20712,0.000313,74.125.24.0-255,3961,48493,33,175598
20713,0.000323,172.31.33.0-255,66,48559,33,175598
20714,0.000328,74.125.24.0-255,2902,51461,33,175598
20715,0.000332,172.31.33.0-255,66,51527,33,175598
20716,0.00037,172.31.33.0-255,66,51593,33,175598
20717,0.000373,74.125.24.0-255,1484,53077,33,175598
20718,0.000394,74.125.24.0-255,1420,54497,33,175598
20719,0.000397,172.31.33.0-255,66,54563,33,175598
20720,0.000401,74.125.24.0-255,133,54696,33,175598
20721,0.00042,74.125.24.0-255,346,55042,33,175598
20722,0.00068,74.125.24.0-255,1484,56526,33,175598
20723,0.000684,172.31.33.0-255,66,56592,33,175598
20724,0.000688,74.125.24.0-255,1484,58076,33,175598
20725,0.000712,74.125.24.0-255,1484,59560,33,175598
20726,0.000715,172.31.33.0-255,66,59626,33,175598
20727,0.000723,74.125.24.0-255,5738,65364,33,175598
20728,0.000725,172.31.33.0-255,66,65430,33,175598
20729,0.000733,74.125.24.0-255,1484,66914,33,175598
20730,0.000764,74.125.24.0-255,5738,72652,33,175598
20731,0.000767,172.31.33.0-255,66,72718,33,175598
20732,0.000787,172.31.33.0-255,66,72784,33,175598
20733,0.000791,74.125.24.0-255,2184,74968,33,175598
20734,0.000793,172.31.33.0-255,66,75034,33,175598
20735,0.001006,74.125.24.0-255,1484,76518,33,175598
20736,0.00101,74.125.24.0-255,1484,78002,33,175598
20737,0.001013,172.31.33.0-255,66,78068,33,175598
20738,0.001037,74.125.24.0-255,1484,79552,33,175598
20739,0.001043,74.125.24.0-255,5738,85290,33,175598
20740,0.001046,172.31.33.0-255,66,85356,33,175598
20741,0.001052,74.125.24.0-255,4320,89676,33,175598
20742,0.001054,172.31.33.0-255,66,89742,33,175598
20743,0.001099,172.31.33.0-255,66,89808,33,175598
20744,0.001139,172.31.33.0-255,66,89874,33,175598
20745,0.001505,74.125.24.0-255,1484,91358,33,175598
20746,0.001528,74.125.24.0-255,2902,94260,33,175598
20747,0.001532,172.31.33.0-255,66,94326,33,175598
20748,0.001539,74.125.24.0-255,5738,100064,33,175598
20749,0.001542,172.31.33.0-255,66,100130,33,175598
20750,0.001561,172.31.33.0-255,66,100196,33,175598
20751,0.001566,74.125.24.0-255,2902,103098,33,175598
20752,0.001568,172.31.33.0-255,66,103164,33,175598
20753,0.00161,172.31.33.0-255,66,103230,33,175598
20754,0.001613,74.125.24.0-255,1484,104714,33,175598
20755,0.001634,74.125.24.0-255,2902,107616,33,175598
20756,0.001637,172.31.33.0-255,66,107682,33,175598
20757,0.001642,74.125.24.0-255,4320,112002,33,175598
20758,0.001645,172.31.33.0-255,66,112068,33,175598
20759,0.001679,74.125.24.0-255,1484,113552,33,175598
20760,0.001693,172.31.33.0-255,66,113618,33,175598
20761,0.001711,172.31.33.0-255,66,113684,33,175598
20762,0.001727,74.125.24.0-255,1484,115168,33,175598
20763,0.001732,74.125.24.0-255,2902,118070,33,175598
20764,0.001735,172.31.33.0-255,66,118136,33,175598
20765,0.001763,74.125.24.0-255,5738,123874,33,175598
20766,0.001766,172.31.33.0-255,66,123940,33,175598
20767,0.001769,74.125.24.0-255,1484,125424,33,175598
20768,0.001796,172.31.33.0-255,66,125490,33,175598
20769,0.00184,172.31.33.0-255,66,125556,33,175598
20770,0.001902,74.125.24.0-255,1484,127040,33,175598
20771,0.001916,74.125.24.0-255,2902,129942,33,175598
20772,0.00192,172.31.33.0-255,66,130008,33,175598
20773,0.001949,74.125.24.0-255,5738,135746,33,175598
20774,0.001953,172.31.33.0-255,66,135812,33,175598
20775,0.001958,74.125.24.0-255,4320,140132,33,175598
20776,0.00196,172.31.33.0-255,66,140198,33,175598
20777,0.002005,172.31.33.0-255,66,140264,33,175598
20778,0.002016,172.31.33.0-255,66,140330,33,175598
20779,0.002019,74.125.24.0-255,766,141096,33,175598
20780,0.002064,74.125.24.0-255,1484,142580,33,175598
20781,0.002068,172.31.33.0-255,66,142646,33,175598
20782,0.002074,74.125.24.0-255,4320,146966,33,175598
20783,0.002076,172.31.33.0-255,66,147032,33,175598
20784,0.002106,74.125.24.0-255,7156,154188,33,175598
20785,0.002109,172.31.33.0-255,66,154254,33,175598
20786,0.002183,172.31.33.0-255,66,154320,33,175598
20787,0.002187,74.125.24.0-255,1484,155804,33,175598
20788,0.002211,172.31.33.0-255,66,155870,33,175598
20789,0.002226,172.31.33.0-255,66,155936,33,175598
20790,0.002235,74.125.24.0-255,2184,158120,33,175598
20791,0.002237,172.31.33.0-255,66,158186,33,175598
20792,0.004504,74.125.24.0-255,5738,163924,33,175598
20793,0.004511,172.31.33.0-255,66,163990,33,175598
20794,0.006779,74.125.24.0-255,5738,169728,33,175598
20795,0.006782,172.31.33.0-255,66,169794,33,175598
20796,0.009082,74.125.24.0-255,5738,175532,33,175598
20797,0.00909,172.31.33.0-255,66,175598,33,175598
20798,0.0,74.125.24.0-255,153,153,33,114077
20799,2.5e-05,172.31.33.0-255,66,219,33,114077
20800,3.1e-05,74.125.24.0-255,1484,1703,33,114077
20801,3.5e-05,172.31.33.0-255,66,1769,33,114077
20802,3.9e-05,74.125.24.0-255,2902,4671,33,114077
20803,4.8e-05,172.31.33.0-255,66,4737,33,114077
20804,5.1e-05,74.125.24.0-255,1484,6221,33,114077
20805,5.3e-05,172.31.33.0-255,66,6287,33,114077
20806,8.7e-05,74.125.24.0-255,5738,12025,33,114077
20807,9e-05,172.31.33.0-255,66,12091,33,114077
20808,9.3e-05,74.125.24.0-255,1484,13575,33,114077
20809,9.4e-05,172.31.33.0-255,66,13641,33,114077
20810,9.6e-05,74.125.24.0-255,639,14280,33,114077
20811,9.8e-05,172.31.33.0-255,66,14346,33,114077
20812,0.00013,74.125.24.0-255,1484,15830,33,114077
20813,0.000133,172.31.33.0-255,66,15896,33,114077
20814,0.000136,74.125.24.0-255,1484,17380,33,114077
20815,0.000138,172.31.33.0-255,66,17446,33,114077
20816,0.000174,74.125.24.0-255,2902,20348,33,114077
20817,0.000177,172.31.33.0-255,66,20414,33,114077
20818,0.000186,172.31.33.0-255,66,20480,33,114077
20819,0.000191,74.125.24.0-255,5738,26218,33,114077
20820,0.000193,172.31.33.0-255,66,26284,33,114077
20821,0.000227,74.125.24.0-255,3961,30245,33,114077
20822,0.000232,172.31.33.0-255,66,30311,33,114077
20823,0.000239,172.31.33.0-255,66,30377,33,114077
20824,0.000337,74.125.24.0-255,1484,31861,33,114077
20825,0.000341,172.31.33.0-255,66,31927,33,114077
20826,0.000346,74.125.24.0-255,2902,34829,33,114077
20827,0.00035,172.31.33.0-255,66,34895,33,114077
20828,0.000377,74.125.24.0-255,2902,37797,33,114077
20829,0.000383,74.125.24.0-255,4320,42117,33,114077
20830,0.000388,172.31.33.0-255,66,42183,33,114077
20831,0.000415,74.125.24.0-255,5728,47911,33,114077
20832,0.000419,172.31.33.0-255,66,47977,33,114077
20833,0.000451,74.125.24.0-255,2902,50879,33,114077
20834,0.000455,172.31.33.0-255,66,50945,33,114077
20835,0.000465,74.125.24.0-255,2902,53847,33,114077
20836,0.000469,172.31.33.0-255,66,53913,33,114077
20837,0.000476,74.125.24.0-255,4320,58233,33,114077
20838,0.000488,172.31.33.0-255,66,58299,33,114077
20839,0.000494,74.125.24.0-255,1484,59783,33,114077
20840,0.000517,172.31.33.0-255,66,59849,33,114077
20841,0.000537,74.125.24.0-255,2543,62392,33,114077
20842,0.00055,172.31.33.0-255,66,62458,33,114077
20843,0.001697,74.125.24.0-255,1484,63942,33,114077
20844,0.001706,74.125.24.0-255,2902,66844,33,114077
20845,0.00171,172.31.33.0-255,66,66910,33,114077
20846,0.001717,74.125.24.0-255,5738,72648,33,114077
20847,0.001734,74.125.24.0-255,2902,75550,33,114077
20848,0.001746,74.125.24.0-255,2902,78452,33,114077
20849,0.001752,74.125.24.0-255,5738,84190,33,114077
20850,0.001775,74.125.24.0-255,7156,91346,33,114077
20851,0.001785,74.125.24.0-255,1484,92830,33,114077
20852,0.001852,74.125.24.0-255,2902,95732,33,114077
20853,0.001893,74.125.24.0-255,4320,100052,33,114077
20854,0.001907,74.125.24.0-255,2184,102236,33,114077
20855,0.003996,172.31.33.0-255,66,102302,33,114077
20856,0.00486,172.31.33.0-255,101,102403,33,114077
20857,0.006197,74.125.24.0-255,5738,108141,33,114077
20858,0.006203,172.31.33.0-255,66,108207,33,114077
20859,0.00676,74.125.24.0-255,66,108273,33,114077
20860,0.008151,74.125.24.0-255,5738,114011,33,114077
20861,0.008157,172.31.33.0-255,66,114077,33,114077
20862,0.0,74.125.200.0-255,150,150,33,284786
20863,2.6e-05,172.31.33.0-255,66,216,33,284786
20864,3.3e-05,74.125.200.0-255,1484,1700,33,284786
20865,3.7e-05,172.31.33.0-255,66,1766,33,284786
20866,4.1e-05,74.125.200.0-255,2902,4668,33,284786
20867,4.4e-05,172.31.33.0-255,66,4734,33,284786
20868,4.9e-05,74.125.200.0-255,2902,7636,33,284786
20869,5.2e-05,172.31.33.0-255,66,7702,33,284786
20870,8.6e-05,74.125.200.0-255,4320,12022,33,284786
20871,8.9e-05,172.31.33.0-255,66,12088,33,284786
20872,9.4e-05,74.125.200.0-255,2092,14180,33,284786
20873,9.6e-05,172.31.33.0-255,66,14246,33,284786
20874,0.000198,74.125.200.0-255,1484,15730,33,284786
20875,0.000203,172.31.33.0-255,66,15796,33,284786
20876,0.000207,74.125.200.0-255,1484,17280,33,284786
20877,0.000209,172.31.33.0-255,66,17346,33,284786
20878,0.000223,74.125.200.0-255,1484,18830,33,284786
20879,0.000226,172.31.33.0-255,66,18896,33,284786
20880,0.000232,74.125.200.0-255,4320,23216,33,284786
20881,0.000234,172.31.33.0-255,66,23282,33,284786
20882,0.000265,74.125.200.0-255,4320,27602,33,284786
20883,0.000271,172.31.33.0-255,66,27668,33,284786
20884,0.00028,74.125.200.0-255,3961,31629,33,284786
20885,0.000282,172.31.33.0-255,66,31695,33,284786
20886,0.000439,74.125.200.0-255,1484,33179,33,284786
20887,0.000445,172.31.33.0-255,66,33245,33,284786
20888,0.00045,74.125.200.0-255,2902,36147,33,284786
20889,0.000453,172.31.33.0-255,66,36213,33,284786
20890,0.000457,74.125.200.0-255,1484,37697,33,284786
20891,0.00046,172.31.33.0-255,66,37763,33,284786
20892,0.000486,74.125.200.0-255,1484,39247,33,284786
20893,0.000489,172.31.33.0-255,66,39313,33,284786
20894,0.000494,74.125.200.0-255,4320,43633,33,284786
20895,0.000496,172.31.33.0-255,66,43699,33,284786
20896,0.000511,74.125.200.0-255,4320,48019,33,284786
20897,0.000514,172.31.33.0-255,66,48085,33,284786
20898,0.000539,74.125.200.0-255,5379,53464,33,284786
20899,0.000543,172.31.33.0-255,66,53530,33,284786
20900,0.000555,172.31.33.0-255,66,53596,33,284786
20901,0.000571,74.125.200.0-255,1484,55080,33,284786
20902,0.000587,74.125.200.0-255,2817,57897,33,284786
20903,0.000591,172.31.33.0-255,66,57963,33,284786
20904,0.000603,74.125.200.0-255,413,58376,33,284786
20905,0.000778,74.125.200.0-255,1484,59860,33,284786
20906,0.000783,172.31.33.0-255,66,59926,33,284786
20907,0.000788,74.125.200.0-255,2902,62828,33,284786
20908,0.000791,172.31.33.0-255,66,62894,33,284786
20909,0.000809,74.125.200.0-255,4320,67214,33,284786
20910,0.000812,172.31.33.0-255,66,67280,33,284786
20911,0.000834,74.125.200.0-255,1484,68764,33,284786
20912,0.000839,74.125.200.0-255,4320,73084,33,284786
20913,0.000842,172.31.33.0-255,66,73150,33,284786
20914,0.000849,74.125.200.0-255,5738,78888,33,284786
20915,0.000851,172.31.33.0-255,66,78954,33,284786
20916,0.000869,74.125.200.0-255,2902,81856,33,284786
20917,0.000872,172.31.33.0-255,66,81922,33,284786
20918,0.000896,172.31.33.0-255,66,81988,33,284786
20919,0.0009,74.125.200.0-255,2184,84172,33,284786
20920,0.000901,172.31.33.0-255,66,84238,33,284786
20921,0.000937,74.125.200.0-255,1484,85722,33,284786
20922,0.00095,74.125.200.0-255,2902,88624,33,284786
20923,0.000953,172.31.33.0-255,66,88690,33,284786
20924,0.000974,74.125.200.0-255,5738,94428,33,284786
20925,0.000977,172.31.33.0-255,66,94494,33,284786
20926,0.00099,74.125.200.0-255,4320,98814,33,284786
20927,0.000994,172.31.33.0-255,66,98880,33,284786
20928,0.001013,74.125.200.0-255,1484,100364,33,284786
20929,0.001019,74.125.200.0-255,7156,107520,33,284786
20930,0.001021,172.31.33.0-255,66,107586,33,284786
20931,0.00104,74.125.200.0-255,1484,109070,33,284786
20932,0.00106,172.31.33.0-255,66,109136,33,284786
20933,0.001108,74.125.200.0-255,1484,110620,33,284786
20934,0.001114,74.125.200.0-255,2902,113522,33,284786
20935,0.001116,172.31.33.0-255,66,113588,33,284786
20936,0.001137,74.125.200.0-255,5738,119326,33,284786
20937,0.00114,172.31.33.0-255,66,119392,33,284786
20938,0.001165,74.125.200.0-255,7156,126548,33,284786
20939,0.001168,172.31.33.0-255,66,126614,33,284786
20940,0.001214,172.31.33.0-255,66,126680,33,284786
20941,0.001232,74.125.200.0-255,2184,128864,33,284786
20942,0.001235,172.31.33.0-255,66,128930,33,284786
20943,0.00128,74.125.200.0-255,2902,131832,33,284786
20944,0.001283,172.31.33.0-255,66,131898,33,284786
20945,0.001303,74.125.200.0-255,4320,136218,33,284786
20946,0.001307,172.31.33.0-255,66,136284,33,284786
20947,0.001336,172.31.33.0-255,66,136350,33,284786
20948,0.001343,74.125.200.0-255,7156,143506,33,284786
20949,0.001345,172.31.33.0-255,66,143572,33,284786
20950,0.001366,74.125.200.0-255,4320,147892,33,284786
20951,0.001368,172.31.33.0-255,66,147958,33,284786
20952,0.001381,74.125.200.0-255,4320,152278,33,284786
20953,0.001384,172.31.33.0-255,66,152344,33,284786
20954,0.001388,74.125.200.0-255,2184,154528,33,284786
20955,0.00139,172.31.33.0-255,66,154594,33,284786
20956,0.001609,74.125.200.0-255,1484,156078,33,284786
20957,0.001621,74.125.200.0-255,2902,158980,33,284786
20958,0.001624,172.31.33.0-255,66,159046,33,284786
20959,0.001639,74.125.200.0-255,2902,161948,33,284786
20960,0.001643,172.31.33.0-255,66,162014,33,284786
20961,0.001658,74.125.200.0-255,4320,166334,33,284786
20962,0.001662,172.31.33.0-255,66,166400,33,284786
20963,0.001674,74.125.200.0-255,1484,167884,33,284786
20964,0.001691,74.125.200.0-255,5738,173622,33,284786
20965,0.001694,172.31.33.0-255,66,173688,33,284786
20966,0.00171,74.125.200.0-255,1484,175172,33,284786
20967,0.001714,74.125.200.0-255,2902,178074,33,284786
20968,0.001717,172.31.33.0-255,66,178140,33,284786
20969,0.001746,74.125.200.0-255,4320,182460,33,284786
20970,0.00175,172.31.33.0-255,66,182526,33,284786
20971,0.001764,74.125.200.0-255,6438,188964,33,284786
20972,0.001767,172.31.33.0-255,66,189030,33,284786
20973,0.001875,74.125.200.0-255,1484,190514,33,284786
20974,0.001893,74.125.200.0-255,2902,193416,33,284786
20975,0.001895,74.125.200.0-255,1484,194900,33,284786
20976,0.001897,172.31.33.0-255,66,194966,33,284786
20977,0.001916,74.125.200.0-255,2902,197868,33,284786
20978,0.001918,172.31.33.0-255,66,197934,33,284786
20979,0.001954,172.31.33.0-255,66,198000,33,284786
20980,0.001963,172.31.33.0-255,66,198066,33,284786
20981,0.001993,74.125.200.0-255,1484,199550,33,284786
20982,0.002013,74.125.200.0-255,6438,205988,33,284786
20983,0.002016,172.31.33.0-255,66,206054,33,284786
20984,0.002035,172.31.33.0-255,66,206120,33,284786
20985,0.002038,74.125.200.0-255,1484,207604,33,284786
20986,0.002059,74.125.200.0-255,4320,211924,33,284786
20987,0.002061,172.31.33.0-255,66,211990,33,284786
20988,0.002067,74.125.200.0-255,5738,217728,33,284786
20989,0.002072,172.31.33.0-255,66,217794,33,284786
20990,0.002079,74.125.200.0-255,1484,219278,33,284786
20991,0.002097,74.125.200.0-255,5738,225016,33,284786
20992,0.002099,172.31.33.0-255,66,225082,33,284786
20993,0.002122,74.125.200.0-255,6438,231520,33,284786
20994,0.002125,172.31.33.0-255,66,231586,33,284786
20995,0.002128,74.125.200.0-255,1484,233070,33,284786
20996,0.002154,74.125.200.0-255,5738,238808,33,284786
20997,0.002154,172.31.33.0-255,66,238874,33,284786
20998,0.002157,172.31.33.0-255,66,238940,33,284786
20999,0.002178,74.125.200.0-255,7156,246096,33,284786
21000,0.002181,172.31.33.0-255,66,246162,33,284786
21001,0.002194,74.125.200.0-255,2902,249064,33,284786
21002,0.002196,172.31.33.0-255,66,249130,33,284786
21003,0.002216,74.125.200.0-255,5020,254150,33,284786
21004,0.002218,172.31.33.0-255,66,254216,33,284786
21005,0.002229,74.125.200.0-255,1484,255700,33,284786
21006,0.002246,74.125.200.0-255,7156,262856,33,284786
21007,0.002249,172.31.33.0-255,66,262922,33,284786
21008,0.002253,74.125.200.0-255,4320,267242,33,284786
21009,0.002255,172.31.33.0-255,66,267308,33,284786
21010,0.002267,74.125.200.0-255,1484,268792,33,284786
21011,0.004478,74.125.200.0-255,4320,273112,33,284786
21012,0.004483,172.31.33.0-255,66,273178,33,284786
21013,0.006719,74.125.200.0-255,5738,278916,33,284786
21014,0.006725,172.31.33.0-255,66,278982,33,284786
21015,0.008955,74.125.200.0-255,5738,284720,33,284786
21016,0.00896,172.31.33.0-255,66,284786,33,284786
21017,0.0,74.125.24.0-255,151,151,33,108370
21018,1.5e-05,172.31.33.0-255,66,217,33,108370
21019,2.2e-05,74.125.24.0-255,1484,1701,33,108370
21020,2.7e-05,172.31.33.0-255,66,1767,33,108370
21021,3.2e-05,74.125.24.0-255,2902,4669,33,108370
21022,3.5e-05,172.31.33.0-255,66,4735,33,108370
21023,4.3e-05,74.125.24.0-255,5738,10473,33,108370
21024,4.6e-05,172.31.33.0-255,66,10539,33,108370
21025,6.5e-05,74.125.24.0-255,1484,12023,33,108370
21026,6.7e-05,172.31.33.0-255,66,12089,33,108370
21027,7.1e-05,74.125.24.0-255,2049,14138,33,108370
21028,7.3e-05,172.31.33.0-255,66,14204,33,108370
21029,0.00044,74.125.24.0-255,1484,15688,33,108370
21030,0.000446,74.125.24.0-255,2902,18590,33,108370
21031,0.000452,172.31.33.0-255,66,18656,33,108370
21032,0.00046,172.31.33.0-255,66,18722,33,108370
21033,0.000468,74.125.24.0-255,5738,24460,33,108370
21034,0.000471,172.31.33.0-255,66,24526,33,108370
21035,0.000511,74.125.24.0-255,6797,31323,33,108370
21036,0.000515,172.31.33.0-255,66,31389,33,108370
21037,0.000724,74.125.24.0-255,1484,32873,33,108370
21038,0.000729,172.31.33.0-255,66,32939,33,108370
21039,0.000737,74.125.24.0-255,2902,35841,33,108370
21040,0.000739,172.31.33.0-255,66,35907,33,108370
21041,0.000768,74.125.24.0-255,5738,41645,33,108370
21042,0.000771,172.31.33.0-255,66,41711,33,108370
21043,0.000776,74.125.24.0-255,2902,44613,33,108370
21044,0.000778,172.31.33.0-255,66,44679,33,108370
21045,0.000797,74.125.24.0-255,3961,48640,33,108370
21046,0.000799,172.31.33.0-255,66,48706,33,108370
21047,0.00145,74.125.24.0-255,1484,50190,33,108370
21048,0.001457,172.31.33.0-255,66,50256,33,108370
21049,0.001464,74.125.24.0-255,2902,53158,33,108370
21050,0.001467,172.31.33.0-255,66,53224,33,108370
21051,0.001471,74.125.24.0-255,1484,54708,33,108370
21052,0.001487,74.125.24.0-255,2902,57610,33,108370
21053,0.00149,172.31.33.0-255,66,57676,33,108370
21054,0.001518,172.31.33.0-255,66,57742,33,108370
21055,0.001539,74.125.24.0-255,7156,64898,33,108370
21056,0.001541,172.31.33.0-255,66,64964,33,108370
21057,0.001556,74.125.24.0-255,4320,69284,33,108370
21058,0.001558,172.31.33.0-255,66,69350,33,108370
21059,0.001584,74.125.24.0-255,3961,73311,33,108370
21060,0.001587,172.31.33.0-255,66,73377,33,108370
21061,0.001607,74.125.24.0-255,4320,77697,33,108370
21062,0.00161,172.31.33.0-255,66,77763,33,108370
21063,0.001617,74.125.24.0-255,7156,84919,33,108370
21064,0.00162,172.31.33.0-255,66,84985,33,108370
21065,0.001642,74.125.24.0-255,2902,87887,33,108370
21066,0.001644,172.31.33.0-255,66,87953,33,108370
21067,0.001648,74.125.24.0-255,2543,90496,33,108370
21068,0.00165,172.31.33.0-255,66,90562,33,108370
21069,0.003917,74.125.24.0-255,2902,93464,33,108370
21070,0.003923,172.31.33.0-255,66,93530,33,108370
21071,0.003943,74.125.24.0-255,2902,96432,33,108370
21072,0.003945,172.31.33.0-255,66,96498,33,108370
21073,0.006189,74.125.24.0-255,2902,99400,33,108370
21074,0.006195,172.31.33.0-255,66,99466,33,108370
21075,0.006239,74.125.24.0-255,2902,102368,33,108370
21076,0.006243,172.31.33.0-255,66,102434,33,108370
21077,0.008485,74.125.24.0-255,2902,105336,33,108370
21078,0.008493,172.31.33.0-255,66,105402,33,108370
21079,0.00853,74.125.24.0-255,2902,108304,33,108370
21080,0.008533,172.31.33.0-255,66,108370,33,108370
21081,0.0,74.125.68.0-255,152,152,33,213485
21082,1.8e-05,172.31.33.0-255,66,218,33,213485
21083,6e-05,74.125.68.0-255,1484,1702,33,213485
21084,6.4e-05,172.31.33.0-255,66,1768,33,213485
21085,7e-05,74.125.68.0-255,2902,4670,33,213485
21086,7.3e-05,172.31.33.0-255,66,4736,33,213485
21087,9e-05,74.125.68.0-255,5738,10474,33,213485
21088,9.2e-05,172.31.33.0-255,66,10540,33,213485
21089,9.6e-05,74.125.68.0-255,3450,13990,33,213485
21090,9.9e-05,172.31.33.0-255,66,14056,33,213485
21091,0.000125,74.125.68.0-255,4320,18376,33,213485
21092,0.000128,172.31.33.0-255,66,18442,33,213485
21093,0.000161,172.31.33.0-255,66,18508,33,213485
21094,0.000165,74.125.68.0-255,2543,21051,33,213485
21095,0.000167,172.31.33.0-255,66,21117,33,213485
21096,0.000274,74.125.68.0-255,1484,22601,33,213485
21097,0.000278,172.31.33.0-255,66,22667,33,213485
21098,0.000281,74.125.68.0-255,1484,24151,33,213485
21099,0.000283,172.31.33.0-255,66,24217,33,213485
21100,0.000296,74.125.68.0-255,1484,25701,33,213485
21101,0.000298,172.31.33.0-255,66,25767,33,213485
21102,0.000314,74.125.68.0-255,5738,31505,33,213485
21103,0.000316,172.31.33.0-255,66,31571,33,213485
21104,0.000338,74.125.68.0-255,6797,38368,33,213485
21105,0.000341,172.31.33.0-255,66,38434,33,213485
21106,0.000364,74.125.68.0-255,5738,44172,33,213485
21107,0.000368,172.31.33.0-255,66,44238,33,213485
21108,0.000382,74.125.68.0-255,1484,45722,33,213485
21109,0.000385,172.31.33.0-255,66,45788,33,213485
21110,0.000397,172.31.33.0-255,66,45854,33,213485
21111,0.000412,74.125.68.0-255,1395,47249,33,213485
21112,0.000447,74.125.68.0-255,135,47384,33,213485
21113,0.000569,74.125.68.0-255,1484,48868,33,213485
21114,0.000572,172.31.33.0-255,66,48934,33,213485
21115,0.000588,74.125.68.0-255,2902,51836,33,213485
21116,0.000591,172.31.33.0-255,66,51902,33,213485
21117,0.000611,74.125.68.0-255,5738,57640,33,213485
21118,0.000614,172.31.33.0-255,66,57706,33,213485
21119,0.000632,74.125.68.0-255,1484,59190,33,213485
21120,0.000656,74.125.68.0-255,5379,64569,33,213485
21121,0.000658,172.31.33.0-255,66,64635,33,213485
21122,0.000664,74.125.68.0-255,7156,71791,33,213485
21123,0.000666,172.31.33.0-255,66,71857,33,213485
21124,0.000701,172.31.33.0-255,66,71923,33,213485
21125,0.000758,74.125.68.0-255,1484,73407,33,213485
21126,0.000775,74.125.68.0-255,2902,76309,33,213485
21127,0.000779,172.31.33.0-255,66,76375,33,213485
21128,0.00079,74.125.68.0-255,2902,79277,33,213485
21129,0.000792,172.31.33.0-255,66,79343,33,213485
21130,0.000797,74.125.68.0-255,4320,83663,33,213485
21131,0.000799,172.31.33.0-255,66,83729,33,213485
21132,0.000828,172.31.33.0-255,66,83795,33,213485
21133,0.000833,74.125.68.0-255,5738,89533,33,213485
21134,0.000835,172.31.33.0-255,66,89599,33,213485
21135,0.000845,74.125.68.0-255,1484,91083,33,213485
21136,0.000859,74.125.68.0-255,5738,96821,33,213485
21137,0.000861,74.125.68.0-255,766,97587,33,213485
21138,0.000863,172.31.33.0-255,66,97653,33,213485
21139,0.000995,74.125.68.0-255,1484,99137,33,213485
21140,0.000998,172.31.33.0-255,66,99203,33,213485
21141,0.001011,74.125.68.0-255,2902,102105,33,213485
21142,0.001014,172.31.33.0-255,66,102171,33,213485
21143,0.001042,74.125.68.0-255,5738,107909,33,213485
21144,0.001045,74.125.68.0-255,2902,110811,33,213485
21145,0.001045,172.31.33.0-255,66,110877,33,213485
21146,0.001047,172.31.33.0-255,66,110943,33,213485
21147,0.001068,74.125.68.0-255,4320,115263,33,213485
21148,0.001071,172.31.33.0-255,66,115329,33,213485
21149,0.001089,74.125.68.0-255,5738,121067,33,213485
21150,0.001091,172.31.33.0-255,66,121133,33,213485
21151,0.001127,74.125.68.0-255,4320,125453,33,213485
21152,0.00113,172.31.33.0-255,66,125519,33,213485
21153,0.001153,74.125.68.0-255,5738,131257,33,213485
21154,0.001156,172.31.33.0-255,66,131323,33,213485
21155,0.001159,74.125.68.0-255,766,132089,33,213485
21156,0.001377,172.31.33.0-255,66,132155,33,213485
21157,0.001667,74.125.68.0-255,1484,133639,33,213485
21158,0.001684,74.125.68.0-255,2902,136541,33,213485
21159,0.001688,172.31.33.0-255,66,136607,33,213485
21160,0.001705,74.125.68.0-255,5738,142345,33,213485
21161,0.001709,172.31.33.0-255,66,142411,33,213485
21162,0.001712,74.125.68.0-255,1484,143895,33,213485
21163,0.001734,74.125.68.0-255,5738,149633,33,213485
21164,0.001736,172.31.33.0-255,66,149699,33,213485
21165,0.001747,74.125.68.0-255,1484,151183,33,213485
21166,0.001759,74.125.68.0-255,4320,155503,33,213485
21167,0.001761,172.31.33.0-255,66,155569,33,213485
21168,0.001778,74.125.68.0-255,5738,161307,33,213485
21169,0.001779,172.31.33.0-255,66,161373,33,213485
21170,0.001797,74.125.68.0-255,4320,165693,33,213485
21171,0.001799,172.31.33.0-255,66,165759,33,213485
21172,0.001816,172.31.33.0-255,66,165825,33,213485
21173,0.00182,74.125.68.0-255,4320,170145,33,213485
21174,0.001822,172.31.33.0-255,66,170211,33,213485
21175,0.001854,74.125.68.0-255,5738,175949,33,213485
21176,0.001857,172.31.33.0-255,66,176015,33,213485
21177,0.001891,172.31.33.0-255,66,176081,33,213485
21178,0.001895,74.125.68.0-255,3602,179683,33,213485
21179,0.001897,172.31.33.0-255,66,179749,33,213485
21180,0.001989,74.125.68.0-255,1484,181233,33,213485
21181,0.002007,74.125.68.0-255,2902,184135,33,213485
21182,0.00201,172.31.33.0-255,66,184201,33,213485
21183,0.002013,74.125.68.0-255,1484,185685,33,213485
21184,0.002027,74.125.68.0-255,1484,187169,33,213485
21185,0.002029,172.31.33.0-255,66,187235,33,213485
21186,0.002045,74.125.68.0-255,4320,191555,33,213485
21187,0.002047,172.31.33.0-255,66,191621,33,213485
21188,0.002065,74.125.68.0-255,4320,195941,33,213485
21189,0.002067,172.31.33.0-255,66,196007,33,213485
21190,0.004052,74.125.68.0-255,1484,197491,33,213485
21191,0.004075,74.125.68.0-255,4320,201811,33,213485
21192,0.00408,172.31.33.0-255,66,201877,33,213485
21193,0.006105,74.125.68.0-255,5738,207615,33,213485
21194,0.006128,172.31.33.0-255,66,207681,33,213485
21195,0.00816,74.125.68.0-255,5738,213419,33,213485
21196,0.008179,172.31.33.0-255,66,213485,33,213485
21197,0.0,172.31.33.0-255,105,105,33,459
21198,0.000215,172.31.33.0-255,90,195,33,459
21199,0.000225,172.31.33.0-255,66,261,33,459
21200,0.002518,172.217.194.0-255,66,327,33,459
21201,0.002535,172.217.194.0-255,66,393,33,459
21202,0.002548,172.31.33.0-255,66,459,33,459
21203,0.0,172.253.118.0-255,216,216,33,159121
21204,2.1e-05,172.31.33.0-255,66,282,33,159121
21205,7.7e-05,172.253.118.0-255,1484,1766,33,159121
21206,8e-05,172.31.33.0-255,66,1832,33,159121
21207,8.5e-05,172.253.118.0-255,2902,4734,33,159121
21208,8.8e-05,172.31.33.0-255,66,4800,33,159121
21209,0.000104,172.253.118.0-255,5738,10538,33,159121
21210,0.000106,172.31.33.0-255,66,10604,33,159121
21211,0.000139,172.253.118.0-255,5738,16342,33,159121
21212,0.000142,172.31.33.0-255,66,16408,33,159121
21213,0.000166,172.31.33.0-255,66,16474,33,159121
21214,0.000172,172.253.118.0-255,6797,23271,33,159121
21215,0.000175,172.31.33.0-255,66,23337,33,159121
21216,0.000207,172.253.118.0-255,1484,24821,33,159121
21217,0.00021,172.31.33.0-255,66,24887,33,159121
21218,0.000213,172.253.118.0-255,1484,26371,33,159121
21219,0.000214,172.31.33.0-255,66,26437,33,159121
21220,0.000228,172.253.118.0-255,1484,27921,33,159121
21221,0.000231,172.31.33.0-255,66,27987,33,159121
21222,0.000234,172.253.118.0-255,1484,29471,33,159121
21223,0.000235,172.31.33.0-255,66,29537,33,159121
21224,0.000248,172.253.118.0-255,4320,33857,33,159121
21225,0.00025,172.253.118.0-255,1484,35341,33,159121
21226,0.000252,172.31.33.0-255,66,35407,33,159121
21227,0.000255,172.31.33.0-255,66,35473,33,159121
21228,0.000268,172.253.118.0-255,1484,36957,33,159121
21229,0.000271,172.31.33.0-255,66,37023,33,159121
21230,0.000293,172.253.118.0-255,1484,38507,33,159121
21231,0.000295,172.31.33.0-255,66,38573,33,159121
21232,0.00031,172.253.118.0-255,2543,41116,33,159121
21233,0.000313,172.31.33.0-255,66,41182,33,159121
21234,0.000845,172.253.118.0-255,1484,42666,33,159121
21235,0.000863,172.253.118.0-255,2902,45568,33,159121
21236,0.000867,172.31.33.0-255,66,45634,33,159121
21237,0.000874,172.253.118.0-255,5738,51372,33,159121
21238,0.000875,172.31.33.0-255,66,51438,33,159121
21239,0.000915,172.253.118.0-255,2902,54340,33,159121
21240,0.000918,172.31.33.0-255,66,54406,33,159121
21241,0.000937,172.253.118.0-255,3961,58367,33,159121
21242,0.00094,172.31.33.0-255,66,58433,33,159121
21243,0.00102,172.253.118.0-255,1484,59917,33,159121
21244,0.001036,172.253.118.0-255,2902,62819,33,159121
21245,0.001039,172.31.33.0-255,66,62885,33,159121
21246,0.001061,172.253.118.0-255,5738,68623,33,159121
21247,0.001064,172.31.33.0-255,66,68689,33,159121
21248,0.001067,172.253.118.0-255,1484,70173,33,159121
21249,0.001102,172.253.118.0-255,4320,74493,33,159121
21250,0.001105,172.31.33.0-255,66,74559,33,159121
21251,0.001126,172.253.118.0-255,5379,79938,33,159121
21252,0.001129,172.31.33.0-255,66,80004,33,159121
21253,0.001135,172.253.118.0-255,5738,85742,33,159121
21254,0.001137,172.31.33.0-255,66,85808,33,159121
21255,0.001163,172.253.118.0-255,2902,88710,33,159121
21256,0.001165,172.31.33.0-255,66,88776,33,159121
21257,0.001178,172.253.118.0-255,3961,92737,33,159121
21258,0.001181,172.31.33.0-255,66,92803,33,159121
21259,0.001795,172.253.118.0-255,1484,94287,33,159121
21260,0.001801,172.253.118.0-255,2902,97189,33,159121
21261,0.001804,172.31.33.0-255,66,97255,33,159121
21262,0.001825,172.253.118.0-255,5738,102993,33,159121
21263,0.001827,172.31.33.0-255,66,103059,33,159121
21264,0.00184,172.253.118.0-255,1484,104543,33,159121
21265,0.001859,172.31.33.0-255,66,104609,33,159121
21266,0.001889,172.253.118.0-255,2902,107511,33,159121
21267,0.001891,172.31.33.0-255,66,107577,33,159121
21268,0.001912,172.31.33.0-255,66,107643,33,159121
21269,0.002293,172.253.118.0-255,1484,109127,33,159121
21270,0.002304,172.253.118.0-255,2902,112029,33,159121
21271,0.002306,172.31.33.0-255,66,112095,33,159121
21272,0.002325,172.253.118.0-255,5738,117833,33,159121
21273,0.002328,172.31.33.0-255,66,117899,33,159121
21274,0.002332,172.253.118.0-255,2902,120801,33,159121
21275,0.002333,172.31.33.0-255,66,120867,33,159121
21276,0.002345,172.253.118.0-255,1484,122351,33,159121
21277,0.002374,172.31.33.0-255,66,122417,33,159121
21278,0.002393,172.253.118.0-255,1484,123901,33,159121
21279,0.002401,172.31.33.0-255,66,123967,33,159121
21280,0.002452,172.253.118.0-255,1484,125451,33,159121
21281,0.002478,172.253.118.0-255,2902,128353,33,159121
21282,0.00248,172.31.33.0-255,66,128419,33,159121
21283,0.0025,172.253.118.0-255,5738,134157,33,159121
21284,0.002502,172.31.33.0-255,66,134223,33,159121
21285,0.002514,172.253.118.0-255,2902,137125,33,159121
21286,0.002516,172.31.33.0-255,66,137191,33,159121
21287,0.002539,172.253.118.0-255,7156,144347,33,159121
21288,0.002542,172.31.33.0-255,66,144413,33,159121
21289,0.002545,172.253.118.0-255,2902,147315,33,159121
21290,0.002547,172.31.33.0-255,66,147381,33,159121
21291,0.002569,172.31.33.0-255,66,147447,33,159121
21292,0.002611,172.253.118.0-255,1484,148931,33,159121
21293,0.005104,172.253.118.0-255,4320,153251,33,159121
21294,0.005108,172.31.33.0-255,66,153317,33,159121
21295,0.00767,172.253.118.0-255,5738,159055,33,159121
21296,0.00768,172.31.33.0-255,66,159121,33,159121
21297,0.0,172.217.194.0-255,143,143,33,263852
21298,3e-05,172.31.33.0-255,66,209,33,263852
21299,3.7e-05,172.217.194.0-255,1484,1693,33,263852
21300,4.1e-05,172.31.33.0-255,66,1759,33,263852
21301,4.5e-05,172.217.194.0-255,2902,4661,33,263852
21302,4.7e-05,172.31.33.0-255,66,4727,33,263852
21303,5.8e-05,172.217.194.0-255,4320,9047,33,263852
21304,6.1e-05,172.31.33.0-255,66,9113,33,263852
21305,6.6e-05,172.217.194.0-255,4882,13995,33,263852
21306,6.9e-05,172.31.33.0-255,66,14061,33,263852
21307,0.000348,172.217.194.0-255,1484,15545,33,263852
21308,0.000354,172.31.33.0-255,66,15611,33,263852
21309,0.000399,172.217.194.0-255,1484,17095,33,263852
21310,0.000403,172.31.33.0-255,66,17161,33,263852
21311,0.00043,172.217.194.0-255,1484,18645,33,263852
21312,0.000433,172.31.33.0-255,66,18711,33,263852
21313,0.00044,172.217.194.0-255,5738,24449,33,263852
21314,0.000442,172.31.33.0-255,66,24515,33,263852
21315,0.00045,172.217.194.0-255,6797,31312,33,263852
21316,0.000452,172.31.33.0-255,66,31378,33,263852
21317,0.000586,172.217.194.0-255,1484,32862,33,263852
21318,0.00059,172.31.33.0-255,66,32928,33,263852
21319,0.000601,172.217.194.0-255,2902,35830,33,263852
21320,0.000603,172.31.33.0-255,66,35896,33,263852
21321,0.000659,172.217.194.0-255,5738,41634,33,263852
21322,0.000663,172.31.33.0-255,66,41700,33,263852
21323,0.00067,172.217.194.0-255,5738,47438,33,263852
21324,0.000672,172.31.33.0-255,66,47504,33,263852
21325,0.000733,172.31.33.0-255,66,47570,33,263852
21326,0.000768,172.217.194.0-255,5379,52949,33,263852
21327,0.000772,172.31.33.0-255,66,53015,33,263852
21328,0.000779,172.217.194.0-255,4221,57236,33,263852
21329,0.000782,172.31.33.0-255,66,57302,33,263852
21330,0.000785,172.217.194.0-255,117,57419,33,263852
21331,0.000789,172.217.194.0-255,377,57796,33,263852
21332,0.001028,172.217.194.0-255,1484,59280,33,263852
21333,0.001035,172.31.33.0-255,66,59346,33,263852
21334,0.001041,172.217.194.0-255,2902,62248,33,263852
21335,0.001043,172.31.33.0-255,66,62314,33,263852
21336,0.001056,172.217.194.0-255,5738,68052,33,263852
21337,0.001058,172.31.33.0-255,66,68118,33,263852
21338,0.001063,172.217.194.0-255,2902,71020,33,263852
21339,0.001066,172.31.33.0-255,66,71086,33,263852
21340,0.001097,172.217.194.0-255,5738,76824,33,263852
21341,0.0011,172.31.33.0-255,66,76890,33,263852
21342,0.001138,172.31.33.0-255,66,76956,33,263852
21343,0.001169,172.217.194.0-255,3602,80558,33,263852
21344,0.001172,172.31.33.0-255,66,80624,33,263852
21345,0.001404,172.217.194.0-255,1484,82108,33,263852
21346,0.001408,172.217.194.0-255,1484,83592,33,263852
21347,0.001414,172.31.33.0-255,66,83658,33,263852
21348,0.001426,172.217.194.0-255,1484,85142,33,263852
21349,0.001436,172.217.194.0-255,5738,90880,33,263852
21350,0.001438,172.31.33.0-255,66,90946,33,263852
21351,0.001479,172.217.194.0-255,5738,96684,33,263852
21352,0.001482,172.31.33.0-255,66,96750,33,263852
21353,0.001513,172.217.194.0-255,5738,102488,33,263852
21354,0.001516,172.31.33.0-255,66,102554,33,263852
21355,0.001534,172.31.33.0-255,66,102620,33,263852
21356,0.001584,172.217.194.0-255,1484,104104,33,263852
21357,0.001624,172.217.194.0-255,2902,107006,33,263852
21358,0.001627,172.31.33.0-255,66,107072,33,263852
21359,0.001632,172.217.194.0-255,4320,111392,33,263852
21360,0.001635,172.31.33.0-255,66,111458,33,263852
21361,0.001637,172.217.194.0-255,1484,112942,33,263852
21362,0.001663,172.217.194.0-255,7156,120098,33,263852
21363,0.001667,172.31.33.0-255,66,120164,33,263852
21364,0.001696,172.31.33.0-255,66,120230,33,263852
21365,0.001727,172.31.33.0-255,66,120296,33,263852
21366,0.001731,172.217.194.0-255,4320,124616,33,263852
21367,0.001733,172.31.33.0-255,66,124682,33,263852
21368,0.001737,172.217.194.0-255,4320,129002,33,263852
21369,0.001739,172.31.33.0-255,66,129068,33,263852
21370,0.001771,172.217.194.0-255,1484,130552,33,263852
21371,0.001783,172.31.33.0-255,66,130618,33,263852
21372,0.001787,172.217.194.0-255,4320,134938,33,263852
21373,0.001789,172.31.33.0-255,66,135004,33,263852
21374,0.001813,172.217.194.0-255,7156,142160,33,263852
21375,0.001843,172.31.33.0-255,66,142226,33,263852
21376,0.001859,172.217.194.0-255,766,142992,33,263852
21377,0.001897,172.217.194.0-255,1484,144476,33,263852
21378,0.0019,172.31.33.0-255,66,144542,33,263852
21379,0.001912,172.217.194.0-255,1484,146026,33,263852
21380,0.00193,172.217.194.0-255,1484,147510,33,263852
21381,0.001932,172.31.33.0-255,66,147576,33,263852
21382,0.001938,172.217.194.0-255,5738,153314,33,263852
21383,0.001939,172.31.33.0-255,66,153380,33,263852
21384,0.001943,172.217.194.0-255,2902,156282,33,263852
21385,0.001948,172.31.33.0-255,66,156348,33,263852
21386,0.001973,172.217.194.0-255,5738,162086,33,263852
21387,0.001975,172.31.33.0-255,66,162152,33,263852
21388,0.002004,172.217.194.0-255,4320,166472,33,263852
21389,0.002007,172.31.33.0-255,66,166538,33,263852
21390,0.002017,172.31.33.0-255,66,166604,33,263852
21391,0.002088,172.217.194.0-255,1484,168088,33,263852
21392,0.002099,172.217.194.0-255,2902,170990,33,263852
21393,0.002102,172.31.33.0-255,66,171056,33,263852
21394,0.002128,172.217.194.0-255,5738,176794,33,263852
21395,0.002131,172.31.33.0-255,66,176860,33,263852
21396,0.00214,172.217.194.0-255,7156,184016,33,263852
21397,0.002146,172.31.33.0-255,66,184082,33,263852
21398,0.002166,172.217.194.0-255,1484,185566,33,263852
21399,0.002179,172.217.194.0-255,1484,187050,33,263852
21400,0.002181,172.31.33.0-255,66,187116,33,263852
21401,0.002202,172.31.33.0-255,66,187182,33,263852
21402,0.002224,172.217.194.0-255,1484,188666,33,263852
21403,0.002228,172.217.194.0-255,2184,190850,33,263852
21404,0.00223,172.31.33.0-255,66,190916,33,263852
21405,0.002327,172.217.194.0-255,1484,192400,33,263852
21406,0.002332,172.217.194.0-255,2902,195302,33,263852
21407,0.002334,172.31.33.0-255,66,195368,33,263852
21408,0.002338,172.217.194.0-255,2902,198270,33,263852
21409,0.002339,172.31.33.0-255,66,198336,33,263852
21410,0.002358,172.217.194.0-255,2902,201238,33,263852
21411,0.002361,172.31.33.0-255,66,201304,33,263852
21412,0.002363,172.217.194.0-255,1484,202788,33,263852
21413,0.002375,172.31.33.0-255,66,202854,33,263852
21414,0.002386,172.217.194.0-255,2902,205756,33,263852
21415,0.002388,172.31.33.0-255,66,205822,33,263852
21416,0.002419,172.31.33.0-255,66,205888,33,263852
21417,0.002485,172.217.194.0-255,1484,207372,33,263852
21418,0.002497,172.217.194.0-255,2902,210274,33,263852
21419,0.0025,172.31.33.0-255,66,210340,33,263852
21420,0.002521,172.217.194.0-255,5738,216078,33,263852
21421,0.002524,172.31.33.0-255,66,216144,33,263852
21422,0.002526,172.217.194.0-255,1484,217628,33,263852
21423,0.002554,172.31.33.0-255,66,217694,33,263852
21424,0.002576,172.217.194.0-255,4320,222014,33,263852
21425,0.002587,172.31.33.0-255,66,222080,33,263852
21426,0.002593,172.31.33.0-255,66,222146,33,263852
21427,0.002637,172.217.194.0-255,1484,223630,33,263852
21428,0.002642,172.217.194.0-255,2902,226532,33,263852
21429,0.002643,172.31.33.0-255,66,226598,33,263852
21430,0.002663,172.217.194.0-255,5738,232336,33,263852
21431,0.002665,172.31.33.0-255,66,232402,33,263852
21432,0.002688,172.217.194.0-255,2902,235304,33,263852
21433,0.002691,172.31.33.0-255,66,235370,33,263852
21434,0.002724,172.217.194.0-255,2902,238272,33,263852
21435,0.002729,172.217.194.0-255,5738,244010,33,263852
21436,0.002742,172.31.33.0-255,66,244076,33,263852
21437,0.002765,172.217.194.0-255,2184,246260,33,263852
21438,0.002769,172.217.194.0-255,2902,249162,33,263852
21439,0.002771,172.217.194.0-255,1484,250646,33,263852
21440,0.002775,172.31.33.0-255,66,250712,33,263852
21441,0.002798,172.217.194.0-255,5738,256450,33,263852
21442,0.002827,172.217.194.0-255,1484,257934,33,263852
21443,0.002839,172.31.33.0-255,66,258000,33,263852
21444,0.00285,172.217.194.0-255,1484,259484,33,263852
21445,0.002858,172.217.194.0-255,4026,263510,33,263852
21446,0.002859,172.217.194.0-255,105,263615,33,263852
21447,0.002865,172.31.33.0-255,66,263681,33,263852
21448,0.004438,172.31.33.0-255,105,263786,33,263852
21449,0.006396,172.217.194.0-255,66,263852,33,263852
21450,0.0,74.125.68.0-255,153,153,33,251729
21451,1.5e-05,172.31.33.0-255,66,219,33,251729
21452,4.7e-05,74.125.68.0-255,1484,1703,33,251729
21453,5.2e-05,172.31.33.0-255,66,1769,33,251729
21454,5.9e-05,74.125.68.0-255,2902,4671,33,251729
21455,6.3e-05,172.31.33.0-255,66,4737,33,251729
21456,6.8e-05,74.125.68.0-255,2902,7639,33,251729
21457,7.1e-05,172.31.33.0-255,66,7705,33,251729
21458,7.7e-05,74.125.68.0-255,4320,12025,33,251729
21459,8e-05,172.31.33.0-255,66,12091,33,251729
21460,0.000103,74.125.68.0-255,1994,14085,33,251729
21461,0.00011,172.31.33.0-255,66,14151,33,251729
21462,0.00018,74.125.68.0-255,1484,15635,33,251729
21463,0.000182,172.31.33.0-255,66,15701,33,251729
21464,0.000187,74.125.68.0-255,1484,17185,33,251729
21465,0.000189,172.31.33.0-255,66,17251,33,251729
21466,0.000208,74.125.68.0-255,1484,18735,33,251729
21467,0.000212,172.31.33.0-255,66,18801,33,251729
21468,0.000218,74.125.68.0-255,4320,23121,33,251729
21469,0.00022,172.31.33.0-255,66,23187,33,251729
21470,0.000225,74.125.68.0-255,2902,26089,33,251729
21471,0.000227,172.31.33.0-255,66,26155,33,251729
21472,0.000253,74.125.68.0-255,2902,29057,33,251729
21473,0.000256,172.31.33.0-255,66,29123,33,251729
21474,0.000263,74.125.68.0-255,4320,33443,33,251729
21475,0.000265,172.31.33.0-255,66,33509,33,251729
21476,0.000292,74.125.68.0-255,1125,34634,33,251729
21477,0.000295,172.31.33.0-255,66,34700,33,251729
21478,0.000302,74.125.68.0-255,5738,40438,33,251729
21479,0.000305,172.31.33.0-255,66,40504,33,251729
21480,0.000311,74.125.68.0-255,5738,46242,33,251729
21481,0.000314,172.31.33.0-255,66,46308,33,251729
21482,0.000342,74.125.68.0-255,2543,48851,33,251729
21483,0.000344,172.31.33.0-255,66,48917,33,251729
21484,0.000368,74.125.68.0-255,2902,51819,33,251729
21485,0.000371,172.31.33.0-255,66,51885,33,251729
21486,0.000377,74.125.68.0-255,4320,56205,33,251729
21487,0.000379,172.31.33.0-255,66,56271,33,251729
21488,0.000412,172.31.33.0-255,66,56337,33,251729
21489,0.000416,74.125.68.0-255,1125,57462,33,251729
21490,0.000437,74.125.68.0-255,412,57874,33,251729
21491,0.000482,74.125.68.0-255,331,58205,33,251729
21492,0.000486,172.31.33.0-255,66,58271,33,251729
21493,0.000707,74.125.68.0-255,1484,59755,33,251729
21494,0.000731,74.125.68.0-255,2902,62657,33,251729
21495,0.000735,172.31.33.0-255,66,62723,33,251729
21496,0.000773,74.125.68.0-255,5738,68461,33,251729
21497,0.000776,172.31.33.0-255,66,68527,33,251729
21498,0.000784,74.125.68.0-255,7156,75683,33,251729
21499,0.000786,172.31.33.0-255,66,75749,33,251729
21500,0.000808,74.125.68.0-255,5738,81487,33,251729
21501,0.000811,172.31.33.0-255,66,81553,33,251729
21502,0.00084,74.125.68.0-255,7156,88709,33,251729
21503,0.000843,172.31.33.0-255,66,88775,33,251729
21504,0.000849,74.125.68.0-255,3602,92377,33,251729
21505,0.000852,172.31.33.0-255,66,92443,33,251729
21506,0.001088,74.125.68.0-255,1484,93927,33,251729
21507,0.001094,74.125.68.0-255,2902,96829,33,251729
21508,0.001098,172.31.33.0-255,66,96895,33,251729
21509,0.001147,74.125.68.0-255,1484,98379,33,251729
21510,0.001182,74.125.68.0-255,2902,101281,33,251729
21511,0.001187,172.31.33.0-255,66,101347,33,251729
21512,0.001191,74.125.68.0-255,2902,104249,33,251729
21513,0.001193,172.31.33.0-255,66,104315,33,251729
21514,0.001198,74.125.68.0-255,2902,107217,33,251729
21515,0.001205,172.31.33.0-255,66,107283,33,251729
21516,0.001237,74.125.68.0-255,1484,108767,33,251729
21517,0.00125,172.31.33.0-255,66,108833,33,251729
21518,0.001257,74.125.68.0-255,7156,115989,33,251729
21519,0.00126,172.31.33.0-255,66,116055,33,251729
21520,0.001299,74.125.68.0-255,2184,118239,33,251729
21521,0.001302,172.31.33.0-255,66,118305,33,251729
21522,0.001364,74.125.68.0-255,1484,119789,33,251729
21523,0.00138,74.125.68.0-255,2902,122691,33,251729
21524,0.001383,172.31.33.0-255,66,122757,33,251729
21525,0.001409,74.125.68.0-255,4320,127077,33,251729
21526,0.001412,172.31.33.0-255,66,127143,33,251729
21527,0.001419,74.125.68.0-255,5738,132881,33,251729
21528,0.001421,172.31.33.0-255,66,132947,33,251729
21529,0.001452,172.31.33.0-255,66,133013,33,251729
21530,0.001457,74.125.68.0-255,4320,137333,33,251729
21531,0.00146,172.31.33.0-255,66,137399,33,251729
21532,0.001499,74.125.68.0-255,1484,138883,33,251729
21533,0.001515,74.125.68.0-255,2184,141067,33,251729
21534,0.001518,172.31.33.0-255,66,141133,33,251729
21535,0.001612,74.125.68.0-255,1484,142617,33,251729
21536,0.001624,74.125.68.0-255,2902,145519,33,251729
21537,0.001627,172.31.33.0-255,66,145585,33,251729
21538,0.001654,74.125.68.0-255,5738,151323,33,251729
21539,0.001657,172.31.33.0-255,66,151389,33,251729
21540,0.001661,74.125.68.0-255,2902,154291,33,251729
21541,0.001663,172.31.33.0-255,66,154357,33,251729
21542,0.001668,74.125.68.0-255,4320,158677,33,251729
21543,0.001671,172.31.33.0-255,66,158743,33,251729
21544,0.001703,74.125.68.0-255,5738,164481,33,251729
21545,0.001712,172.31.33.0-255,66,164547,33,251729
21546,0.001718,172.31.33.0-255,66,164613,33,251729
21547,0.001753,74.125.68.0-255,2184,166797,33,251729
21548,0.001756,172.31.33.0-255,66,166863,33,251729
21549,0.00176,74.125.68.0-255,2902,169765,33,251729
21550,0.001762,172.31.33.0-255,66,169831,33,251729
21551,0.001788,74.125.68.0-255,7156,176987,33,251729
21552,0.00179,172.31.33.0-255,66,177053,33,251729
21553,0.001815,74.125.68.0-255,4320,181373,33,251729
21554,0.001819,172.31.33.0-255,66,181439,33,251729
21555,0.001828,74.125.68.0-255,4320,185759,33,251729
21556,0.001829,172.31.33.0-255,66,185825,33,251729
21557,0.001848,74.125.68.0-255,7156,192981,33,251729
21558,0.00185,172.31.33.0-255,66,193047,33,251729
21559,0.001879,74.125.68.0-255,2902,195949,33,251729
21560,0.001882,172.31.33.0-255,66,196015,33,251729
21561,0.001888,74.125.68.0-255,5020,201035,33,251729
21562,0.00189,172.31.33.0-255,66,201101,33,251729
21563,0.001933,74.125.68.0-255,5738,206839,33,251729
21564,0.001936,172.31.33.0-255,66,206905,33,251729
21565,0.001961,74.125.68.0-255,4320,211225,33,251729
21566,0.001964,172.31.33.0-255,66,211291,33,251729
21567,0.00199,74.125.68.0-255,2902,214193,33,251729
21568,0.001997,172.31.33.0-255,66,214259,33,251729
21569,0.002,74.125.68.0-255,1484,215743,33,251729
21570,0.00203,74.125.68.0-255,2902,218645,33,251729
21571,0.002032,172.31.33.0-255,66,218711,33,251729
21572,0.002058,74.125.68.0-255,5738,224449,33,251729
21573,0.002061,172.31.33.0-255,66,224515,33,251729
21574,0.002063,74.125.68.0-255,1484,225999,33,251729
21575,0.002067,74.125.68.0-255,2902,228901,33,251729
21576,0.002069,172.31.33.0-255,66,228967,33,251729
21577,0.002072,74.125.68.0-255,1484,230451,33,251729
21578,0.002099,74.125.68.0-255,4320,234771,33,251729
21579,0.002102,172.31.33.0-255,66,234837,33,251729
21580,0.002105,74.125.68.0-255,766,235603,33,251729
21581,0.003231,172.31.33.0-255,66,235669,33,251729
21582,0.004183,74.125.68.0-255,4320,239989,33,251729
21583,0.004189,172.31.33.0-255,66,240055,33,251729
21584,0.005288,74.125.68.0-255,1484,241539,33,251729
21585,0.006255,74.125.68.0-255,4320,245859,33,251729
21586,0.006258,172.31.33.0-255,66,245925,33,251729
21587,0.008321,74.125.68.0-255,5738,251663,33,251729
21588,0.008328,172.31.33.0-255,66,251729,33,251729
21589,0.0,172.217.194.0-255,143,143,33,147926
21590,3e-05,172.31.33.0-255,66,209,33,147926
21591,3.6e-05,172.217.194.0-255,1484,1693,33,147926
21592,4e-05,172.31.33.0-255,66,1759,33,147926
21593,4.5e-05,172.217.194.0-255,2902,4661,33,147926
21594,4.8e-05,172.31.33.0-255,66,4727,33,147926
21595,8.1e-05,172.217.194.0-255,7156,11883,33,147926
21596,8.4e-05,172.31.33.0-255,66,11949,33,147926
21597,8.8e-05,172.217.194.0-255,2080,14029,33,147926
21598,9e-05,172.31.33.0-255,66,14095,33,147926
21599,0.000117,172.217.194.0-255,1484,15579,33,147926
21600,0.00012,172.31.33.0-255,66,15645,33,147926
21601,0.00015,172.31.33.0-255,66,15711,33,147926
21602,0.000164,172.31.33.0-255,66,15777,33,147926
21603,0.000232,172.31.33.0-255,66,15843,33,147926
21604,0.000235,172.217.194.0-255,1484,17327,33,147926
21605,0.000237,172.31.33.0-255,66,17393,33,147926
21606,0.000274,172.31.33.0-255,66,17459,33,147926
21607,0.000286,172.217.194.0-255,2902,20361,33,147926
21608,0.000294,172.31.33.0-255,66,20427,33,147926
21609,0.00032,172.217.194.0-255,3961,24388,33,147926
21610,0.000325,172.31.33.0-255,66,24454,33,147926
21611,0.00035,172.217.194.0-255,646,25100,33,147926
21612,0.000354,172.31.33.0-255,66,25166,33,147926
21613,0.000388,172.217.194.0-255,1484,26650,33,147926
21614,0.000393,172.217.194.0-255,2902,29552,33,147926
21615,0.000394,172.31.33.0-255,66,29618,33,147926
21616,0.000398,172.31.33.0-255,66,29684,33,147926
21617,0.000408,172.217.194.0-255,5738,35422,33,147926
21618,0.000417,172.31.33.0-255,66,35488,33,147926
21619,0.00044,172.217.194.0-255,4320,39808,33,147926
21620,0.000444,172.31.33.0-255,66,39874,33,147926
21621,0.000457,172.217.194.0-255,2543,42417,33,147926
21622,0.00046,172.31.33.0-255,66,42483,33,147926
21623,0.000472,172.217.194.0-255,4320,46803,33,147926
21624,0.000475,172.31.33.0-255,66,46869,33,147926
21625,0.000487,172.217.194.0-255,2902,49771,33,147926
21626,0.000489,172.31.33.0-255,66,49837,33,147926
21627,0.000508,172.31.33.0-255,66,49903,33,147926
21628,0.001122,172.217.194.0-255,1484,51387,33,147926
21629,0.001128,172.217.194.0-255,2902,54289,33,147926
21630,0.001132,172.31.33.0-255,66,54355,33,147926
21631,0.001139,172.217.194.0-255,5738,60093,33,147926
21632,0.001141,172.31.33.0-255,66,60159,33,147926
21633,0.001175,172.31.33.0-255,66,60225,33,147926
21634,0.001207,172.217.194.0-255,7156,67381,33,147926
21635,0.00121,172.31.33.0-255,66,67447,33,147926
21636,0.001245,172.217.194.0-255,6438,73885,33,147926
21637,0.001248,172.31.33.0-255,66,73951,33,147926
21638,0.001499,172.217.194.0-255,1484,75435,33,147926
21639,0.001509,172.217.194.0-255,2902,78337,33,147926
21640,0.001513,172.31.33.0-255,66,78403,33,147926
21641,0.00154,172.217.194.0-255,5738,84141,33,147926
21642,0.001544,172.31.33.0-255,66,84207,33,147926
21643,0.001549,172.217.194.0-255,4320,88527,33,147926
21644,0.001551,172.31.33.0-255,66,88593,33,147926
21645,0.001594,172.31.33.0-255,66,88659,33,147926
21646,0.001599,172.217.194.0-255,2902,91561,33,147926
21647,0.001602,172.31.33.0-255,66,91627,33,147926
21648,0.001634,172.217.194.0-255,5020,96647,33,147926
21649,0.001638,172.31.33.0-255,66,96713,33,147926
21650,0.001725,172.217.194.0-255,1484,98197,33,147926
21651,0.001732,172.217.194.0-255,2902,101099,33,147926
21652,0.001735,172.31.33.0-255,66,101165,33,147926
21653,0.00176,172.217.194.0-255,1484,102649,33,147926
21654,0.001765,172.217.194.0-255,2902,105551,33,147926
21655,0.001767,172.31.33.0-255,66,105617,33,147926
21656,0.001773,172.217.194.0-255,5738,111355,33,147926
21657,0.001775,172.31.33.0-255,66,111421,33,147926
21658,0.001807,172.31.33.0-255,66,111487,33,147926
21659,0.001849,172.217.194.0-255,2902,114389,33,147926
21660,0.001852,172.31.33.0-255,66,114455,33,147926
21661,0.00189,172.31.33.0-255,66,114521,33,147926
21662,0.001951,172.217.194.0-255,1484,116005,33,147926
21663,0.001957,172.217.194.0-255,2902,118907,33,147926
21664,0.00196,172.31.33.0-255,66,118973,33,147926
21665,0.001991,172.217.194.0-255,5738,124711,33,147926
21666,0.001993,172.31.33.0-255,66,124777,33,147926
21667,0.002049,172.31.33.0-255,66,124843,33,147926
21668,0.002076,172.217.194.0-255,1484,126327,33,147926
21669,0.002088,172.31.33.0-255,66,126393,33,147926
21670,0.002101,172.31.33.0-255,66,126459,33,147926
21671,0.002116,172.217.194.0-255,5738,132197,33,147926
21672,0.002119,172.31.33.0-255,66,132263,33,147926
21673,0.002139,172.217.194.0-255,2902,135165,33,147926
21674,0.002145,172.31.33.0-255,66,135231,33,147926
21675,0.002157,172.217.194.0-255,2902,138133,33,147926
21676,0.002159,172.31.33.0-255,66,138199,33,147926
21677,0.002207,172.31.33.0-255,66,138265,33,147926
21678,0.002218,172.31.33.0-255,66,138331,33,147926
21679,0.002261,172.31.33.0-255,66,138397,33,147926
21680,0.002297,172.31.33.0-255,66,138463,33,147926
21681,0.002319,172.31.33.0-255,66,138529,33,147926
21682,0.002337,172.31.33.0-255,66,138595,33,147926
21683,0.002371,172.217.194.0-255,1484,140079,33,147926
21684,0.002384,172.31.33.0-255,66,140145,33,147926
21685,0.002387,172.217.194.0-255,1484,141629,33,147926
21686,0.002423,172.31.33.0-255,66,141695,33,147926
21687,0.002455,172.31.33.0-255,66,141761,33,147926
21688,0.002485,172.217.194.0-255,5020,146781,33,147926
21689,0.002487,172.31.33.0-255,66,146847,33,147926
21690,0.00249,172.217.194.0-255,803,147650,33,147926
21691,0.004792,172.217.194.0-255,105,147755,33,147926
21692,0.008006,172.31.33.0-255,66,147821,33,147926
21693,0.008037,172.31.33.0-255,105,147926,33,147926
21694,0.0,74.125.130.0-255,150,150,33,228900
21695,2.1e-05,172.31.33.0-255,66,216,33,228900
21696,2.7e-05,74.125.130.0-255,1484,1700,33,228900
21697,3.1e-05,172.31.33.0-255,66,1766,33,228900
21698,3.5e-05,74.125.130.0-255,2902,4668,33,228900
21699,3.8e-05,172.31.33.0-255,66,4734,33,228900
21700,4.2e-05,74.125.130.0-255,2902,7636,33,228900
21701,4.5e-05,172.31.33.0-255,66,7702,33,228900
21702,5.9e-05,74.125.130.0-255,1484,9186,33,228900
21703,6.1e-05,172.31.33.0-255,66,9252,33,228900
21704,8.5e-05,172.31.33.0-255,66,9318,33,228900
21705,0.000102,74.125.130.0-255,566,9884,33,228900
21706,0.000105,172.31.33.0-255,66,9950,33,228900
21707,0.000115,172.31.33.0-255,66,10016,33,228900
21708,0.000145,74.125.130.0-255,2543,12559,33,228900
21709,0.000147,172.31.33.0-255,66,12625,33,228900
21710,0.000208,74.125.130.0-255,1484,14109,33,228900
21711,0.000214,172.31.33.0-255,66,14175,33,228900
21712,0.000217,74.125.130.0-255,1484,15659,33,228900
21713,0.000219,172.31.33.0-255,66,15725,33,228900
21714,0.000231,74.125.130.0-255,1484,17209,33,228900
21715,0.000233,172.31.33.0-255,66,17275,33,228900
21716,0.000238,74.125.130.0-255,4320,21595,33,228900
21717,0.00024,172.31.33.0-255,66,21661,33,228900
21718,0.000243,74.125.130.0-255,1484,23145,33,228900
21719,0.000244,172.31.33.0-255,66,23211,33,228900
21720,0.000271,74.125.130.0-255,4320,27531,33,228900
21721,0.000274,172.31.33.0-255,66,27597,33,228900
21722,0.000299,172.31.33.0-255,66,27663,33,228900
21723,0.000306,74.125.130.0-255,7088,34751,33,228900
21724,0.000309,172.31.33.0-255,66,34817,33,228900
21725,0.000352,74.125.130.0-255,364,35181,33,228900
21726,0.000469,74.125.130.0-255,1484,36665,33,228900
21727,0.000472,172.31.33.0-255,66,36731,33,228900
21728,0.000477,74.125.130.0-255,2902,39633,33,228900
21729,0.000479,172.31.33.0-255,66,39699,33,228900
21730,0.000493,74.125.130.0-255,2902,42601,33,228900
21731,0.000496,172.31.33.0-255,66,42667,33,228900
21732,0.000501,74.125.130.0-255,2902,45569,33,228900
21733,0.000502,172.31.33.0-255,66,45635,33,228900
21734,0.000526,74.125.130.0-255,4320,49955,33,228900
21735,0.000529,172.31.33.0-255,66,50021,33,228900
21736,0.000565,74.125.130.0-255,5738,55759,33,228900
21737,0.000568,172.31.33.0-255,66,55825,33,228900
21738,0.000597,172.31.33.0-255,66,55891,33,228900
21739,0.000601,74.125.130.0-255,2543,58434,33,228900
21740,0.000603,172.31.33.0-255,66,58500,33,228900
21741,0.000903,74.125.130.0-255,1484,59984,33,228900
21742,0.000908,74.125.130.0-255,1484,61468,33,228900
21743,0.000912,172.31.33.0-255,66,61534,33,228900
21744,0.00093,74.125.130.0-255,1484,63018,33,228900
21745,0.000935,74.125.130.0-255,2902,65920,33,228900
21746,0.000937,172.31.33.0-255,66,65986,33,228900
21747,0.000944,74.125.130.0-255,5738,71724,33,228900
21748,0.000946,172.31.33.0-255,66,71790,33,228900
21749,0.000956,74.125.130.0-255,1484,73274,33,228900
21750,0.000988,172.31.33.0-255,66,73340,33,228900
21751,0.00101,74.125.130.0-255,4320,77660,33,228900
21752,0.001014,74.125.130.0-255,3602,81262,33,228900
21753,0.001014,172.31.33.0-255,66,81328,33,228900
21754,0.001018,172.31.33.0-255,66,81394,33,228900
21755,0.001058,74.125.130.0-255,1484,82878,33,228900
21756,0.001062,74.125.130.0-255,2902,85780,33,228900
21757,0.001065,172.31.33.0-255,66,85846,33,228900
21758,0.00107,74.125.130.0-255,5738,91584,33,228900
21759,0.001072,172.31.33.0-255,66,91650,33,228900
21760,0.001092,74.125.130.0-255,1484,93134,33,228900
21761,0.001104,74.125.130.0-255,2902,96036,33,228900
21762,0.001106,172.31.33.0-255,66,96102,33,228900
21763,0.001133,172.31.33.0-255,66,96168,33,228900
21764,0.001143,172.31.33.0-255,66,96234,33,228900
21765,0.001147,74.125.130.0-255,2184,98418,33,228900
21766,0.001149,172.31.33.0-255,66,98484,33,228900
21767,0.001193,74.125.130.0-255,1484,99968,33,228900
21768,0.001203,74.125.130.0-255,1484,101452,33,228900
21769,0.001206,172.31.33.0-255,66,101518,33,228900
21770,0.001211,74.125.130.0-255,2902,104420,33,228900
21771,0.001213,172.31.33.0-255,66,104486,33,228900
21772,0.001216,74.125.130.0-255,1484,105970,33,228900
21773,0.001234,74.125.130.0-255,2902,108872,33,228900
21774,0.001239,172.31.33.0-255,66,108938,33,228900
21775,0.001239,74.125.130.0-255,4320,113258,33,228900
21776,0.001242,172.31.33.0-255,66,113324,33,228900
21777,0.001262,74.125.130.0-255,4320,117644,33,228900
21778,0.001264,172.31.33.0-255,66,117710,33,228900
21779,0.0013,172.31.33.0-255,66,117776,33,228900
21780,0.001318,74.125.130.0-255,3602,121378,33,228900
21781,0.00132,172.31.33.0-255,66,121444,33,228900
21782,0.001551,74.125.130.0-255,1484,122928,33,228900
21783,0.001568,74.125.130.0-255,2902,125830,33,228900
21784,0.001571,172.31.33.0-255,66,125896,33,228900
21785,0.001577,74.125.130.0-255,5738,131634,33,228900
21786,0.001579,172.31.33.0-255,66,131700,33,228900
21787,0.001614,172.31.33.0-255,66,131766,33,228900
21788,0.00163,74.125.130.0-255,2902,134668,33,228900
21789,0.001633,172.31.33.0-255,66,134734,33,228900
21790,0.001648,74.125.130.0-255,1484,136218,33,228900
21791,0.001669,172.31.33.0-255,66,136284,33,228900
21792,0.001704,74.125.130.0-255,4320,140604,33,228900
21793,0.001707,172.31.33.0-255,66,140670,33,228900
21794,0.001727,74.125.130.0-255,7156,147826,33,228900
21795,0.001729,172.31.33.0-255,66,147892,33,228900
21796,0.001738,74.125.130.0-255,4320,152212,33,228900
21797,0.00174,172.31.33.0-255,66,152278,33,228900
21798,0.001762,172.31.33.0-255,66,152344,33,228900
21799,0.001767,74.125.130.0-255,4320,156664,33,228900
21800,0.001769,172.31.33.0-255,66,156730,33,228900
21801,0.001787,74.125.130.0-255,5020,161750,33,228900
21802,0.00179,172.31.33.0-255,66,161816,33,228900
21803,0.001811,74.125.130.0-255,1484,163300,33,228900
21804,0.001828,74.125.130.0-255,2902,166202,33,228900
21805,0.001831,172.31.33.0-255,66,166268,33,228900
21806,0.001852,74.125.130.0-255,5738,172006,33,228900
21807,0.001854,172.31.33.0-255,66,172072,33,228900
21808,0.001859,74.125.130.0-255,4320,176392,33,228900
21809,0.001861,172.31.33.0-255,66,176458,33,228900
21810,0.001871,74.125.130.0-255,1484,177942,33,228900
21811,0.001875,74.125.130.0-255,2902,180844,33,228900
21812,0.001877,172.31.33.0-255,66,180910,33,228900
21813,0.001904,172.31.33.0-255,66,180976,33,228900
21814,0.001907,74.125.130.0-255,1484,182460,33,228900
21815,0.001924,74.125.130.0-255,3602,186062,33,228900
21816,0.001926,172.31.33.0-255,66,186128,33,228900
21817,0.002011,74.125.130.0-255,1484,187612,33,228900
21818,0.002022,74.125.130.0-255,2902,190514,33,228900
21819,0.002025,172.31.33.0-255,66,190580,33,228900
21820,0.002028,74.125.130.0-255,1484,192064,33,228900
21821,0.002043,74.125.130.0-255,4320,196384,33,228900
21822,0.002046,172.31.33.0-255,66,196450,33,228900
21823,0.002104,172.31.33.0-255,66,196516,33,228900
21824,0.002121,74.125.130.0-255,1484,198000,33,228900
21825,0.002133,172.31.33.0-255,66,198066,33,228900
21826,0.002148,74.125.130.0-255,1484,199550,33,228900
21827,0.00217,74.125.130.0-255,2902,202452,33,228900
21828,0.002173,172.31.33.0-255,66,202518,33,228900
21829,0.002179,74.125.130.0-255,5738,208256,33,228900
21830,0.002181,172.31.33.0-255,66,208322,33,228900
21831,0.0022,74.125.130.0-255,1484,209806,33,228900
21832,0.002224,172.31.33.0-255,66,209872,33,228900
21833,0.002244,74.125.130.0-255,1484,211356,33,228900
21834,0.002253,172.31.33.0-255,66,211422,33,228900
21835,0.002264,172.31.33.0-255,66,211488,33,228900
21836,0.004505,74.125.130.0-255,5738,217226,33,228900
21837,0.004524,172.31.33.0-255,66,217292,33,228900
21838,0.00677,74.125.130.0-255,5738,223030,33,228900
21839,0.006787,172.31.33.0-255,66,223096,33,228900
21840,0.009009,74.125.130.0-255,5738,228834,33,228900
21841,0.009015,172.31.33.0-255,66,228900,33,228900
21842,0.0,172.217.194.0-255,153,153,33,54297
21843,2.2e-05,172.31.33.0-255,66,219,33,54297
21844,2.8e-05,172.217.194.0-255,1484,1703,33,54297
21845,3.2e-05,172.31.33.0-255,66,1769,33,54297
21846,5.6e-05,172.217.194.0-255,2902,4671,33,54297
21847,5.8e-05,172.31.33.0-255,66,4737,33,54297
21848,0.000142,172.217.194.0-255,5738,10475,33,54297
21849,0.000148,172.31.33.0-255,66,10541,33,54297
21850,0.000172,172.217.194.0-255,1484,12025,33,54297
21851,0.000175,172.31.33.0-255,66,12091,33,54297
21852,0.000325,172.217.194.0-255,4862,16953,33,54297
21853,0.000329,172.31.33.0-255,66,17019,33,54297
21854,0.000466,172.217.194.0-255,4320,21339,33,54297
21855,0.00047,172.31.33.0-255,66,21405,33,54297
21856,0.000507,172.31.33.0-255,66,21471,33,54297
21857,0.000953,172.217.194.0-255,1484,22955,33,54297
21858,0.00096,172.31.33.0-255,66,23021,33,54297
21859,0.000998,172.31.33.0-255,66,23087,33,54297
21860,0.001495,172.217.194.0-255,1484,24571,33,54297
21861,0.001497,172.31.33.0-255,66,24637,33,54297
21862,0.00152,172.31.33.0-255,66,24703,33,54297
21863,0.00154,172.217.194.0-255,2821,27524,33,54297
21864,0.001542,172.31.33.0-255,66,27590,33,54297
21865,0.001841,172.217.194.0-255,4320,31910,33,54297
21866,0.001844,172.31.33.0-255,66,31976,33,54297
21867,0.00188,172.31.33.0-255,66,32042,33,54297
21868,0.001898,172.217.194.0-255,581,32623,33,54297
21869,0.0019,172.31.33.0-255,66,32689,33,54297
21870,0.002759,172.217.194.0-255,1484,34173,33,54297
21871,0.0028,172.31.33.0-255,66,34239,33,54297
21872,0.002814,172.31.33.0-255,66,34305,33,54297
21873,0.002831,172.217.194.0-255,3602,37907,33,54297
21874,0.002835,172.31.33.0-255,66,37973,33,54297
21875,0.003718,172.217.194.0-255,1484,39457,33,54297
21876,0.003796,172.31.33.0-255,66,39523,33,54297
21877,0.003839,172.31.33.0-255,66,39589,33,54297
21878,0.00471,172.31.33.0-255,66,39655,33,54297
21879,0.004762,172.217.194.0-255,4320,43975,33,54297
21880,0.004856,172.31.33.0-255,66,44041,33,54297
21881,0.007149,172.217.194.0-255,4320,48361,33,54297
21882,0.007155,172.31.33.0-255,66,48427,33,54297
21883,0.00718,172.217.194.0-255,1484,49911,33,54297
21884,0.009447,172.217.194.0-255,4320,54231,33,54297
21885,0.009454,172.31.33.0-255,66,54297,33,54297
21886,0.0,74.125.68.0-255,153,153,33,298422
21887,3.3e-05,172.31.33.0-255,66,219,33,298422
21888,4e-05,74.125.68.0-255,1484,1703,33,298422
21889,4.5e-05,172.31.33.0-255,66,1769,33,298422
21890,5.7e-05,74.125.68.0-255,2902,4671,33,298422
21891,5.9e-05,172.31.33.0-255,66,4737,33,298422
21892,6.6e-05,74.125.68.0-255,5738,10475,33,298422
21893,6.9e-05,172.31.33.0-255,66,10541,33,298422
21894,9.8e-05,74.125.68.0-255,4320,14861,33,298422
21895,0.000103,172.31.33.0-255,66,14927,33,298422
21896,0.000109,74.125.68.0-255,2093,17020,33,298422
21897,0.000112,172.31.33.0-255,66,17086,33,298422
21898,0.000174,74.125.68.0-255,7156,24242,33,298422
21899,0.00018,172.31.33.0-255,66,24308,33,298422
21900,0.000189,74.125.68.0-255,6797,31105,33,298422
21901,0.000191,172.31.33.0-255,66,31171,33,298422
21902,0.000246,74.125.68.0-255,1484,32655,33,298422
21903,0.00025,172.31.33.0-255,66,32721,33,298422
21904,0.000262,74.125.68.0-255,1484,34205,33,298422
21905,0.000268,172.31.33.0-255,66,34271,33,298422
21906,0.000286,74.125.68.0-255,1484,35755,33,298422
21907,0.000288,172.31.33.0-255,66,35821,33,298422
21908,0.000293,74.125.68.0-255,2902,38723,33,298422
21909,0.000295,172.31.33.0-255,66,38789,33,298422
21910,0.000329,74.125.68.0-255,4320,43109,33,298422
21911,0.000333,172.31.33.0-255,66,43175,33,298422
21912,0.000363,74.125.68.0-255,7156,50331,33,298422
21913,0.000367,172.31.33.0-255,66,50397,33,298422
21914,0.000394,74.125.68.0-255,1125,51522,33,298422
21915,0.000398,172.31.33.0-255,66,51588,33,298422
21916,0.000415,172.31.33.0-255,66,51654,33,298422
21917,0.00042,74.125.68.0-255,4320,55974,33,298422
21918,0.000423,172.31.33.0-255,66,56040,33,298422
21919,0.000427,74.125.68.0-255,1397,57437,33,298422
21920,0.000468,74.125.68.0-255,383,57820,33,298422
21921,0.000472,172.31.33.0-255,66,57886,33,298422
21922,0.000591,74.125.68.0-255,1484,59370,33,298422
21923,0.000623,74.125.68.0-255,2902,62272,33,298422
21924,0.000627,172.31.33.0-255,66,62338,33,298422
21925,0.000636,74.125.68.0-255,5738,68076,33,298422
21926,0.000638,172.31.33.0-255,66,68142,33,298422
21927,0.00065,74.125.68.0-255,2902,71044,33,298422
21928,0.000652,172.31.33.0-255,66,71110,33,298422
21929,0.000686,74.125.68.0-255,4320,75430,33,298422
21930,0.00069,172.31.33.0-255,66,75496,33,298422
21931,0.000696,74.125.68.0-255,4320,79816,33,298422
21932,0.000698,172.31.33.0-255,66,79882,33,298422
21933,0.000726,74.125.68.0-255,4320,84202,33,298422
21934,0.00073,172.31.33.0-255,66,84268,33,298422
21935,0.000736,74.125.68.0-255,4320,88588,33,298422
21936,0.000739,172.31.33.0-255,66,88654,33,298422
21937,0.000744,74.125.68.0-255,3602,92256,33,298422
21938,0.000746,172.31.33.0-255,66,92322,33,298422
21939,0.000893,74.125.68.0-255,1484,93806,33,298422
21940,0.000898,74.125.68.0-255,2902,96708,33,298422
21941,0.000901,172.31.33.0-255,66,96774,33,298422
21942,0.000927,74.125.68.0-255,1484,98258,33,298422
21943,0.00094,74.125.68.0-255,1484,99742,33,298422
21944,0.000943,172.31.33.0-255,66,99808,33,298422
21945,0.00095,74.125.68.0-255,4320,104128,33,298422
21946,0.000952,172.31.33.0-255,66,104194,33,298422
21947,0.00099,172.31.33.0-255,66,104260,33,298422
21948,0.000996,74.125.68.0-255,5738,109998,33,298422
21949,0.000999,172.31.33.0-255,66,110064,33,298422
21950,0.001026,74.125.68.0-255,7156,117220,33,298422
21951,0.001029,172.31.33.0-255,66,117286,33,298422
21952,0.001032,74.125.68.0-255,766,118052,33,298422
21953,0.001144,74.125.68.0-255,1484,119536,33,298422
21954,0.001147,172.31.33.0-255,66,119602,33,298422
21955,0.001153,74.125.68.0-255,2902,122504,33,298422
21956,0.001155,172.31.33.0-255,66,122570,33,298422
21957,0.001173,74.125.68.0-255,1484,124054,33,298422
21958,0.001206,74.125.68.0-255,4320,128374,33,298422
21959,0.00121,172.31.33.0-255,66,128440,33,298422
21960,0.001216,74.125.68.0-255,4320,132760,33,298422
21961,0.001219,172.31.33.0-255,66,132826,33,298422
21962,0.001248,74.125.68.0-255,5738,138564,33,298422
21963,0.001252,172.31.33.0-255,66,138630,33,298422
21964,0.001306,172.31.33.0-255,66,138696,33,298422
21965,0.001312,74.125.68.0-255,3602,142298,33,298422
21966,0.001314,172.31.33.0-255,66,142364,33,298422
21967,0.002395,74.125.68.0-255,1484,143848,33,298422
21968,0.002408,74.125.68.0-255,1484,145332,33,298422
21969,0.002412,172.31.33.0-255,66,145398,33,298422
21970,0.002418,74.125.68.0-255,2902,148300,33,298422
21971,0.00242,172.31.33.0-255,66,148366,33,298422
21972,0.002453,74.125.68.0-255,5738,154104,33,298422
21973,0.002455,172.31.33.0-255,66,154170,33,298422
21974,0.002469,172.31.33.0-255,66,154236,33,298422
21975,0.0025,172.31.33.0-255,66,154302,33,298422
21976,0.002505,74.125.68.0-255,3602,157904,33,298422
21977,0.002507,172.31.33.0-255,66,157970,33,298422
21978,0.002632,74.125.68.0-255,1484,159454,33,298422
21979,0.002645,74.125.68.0-255,1484,160938,33,298422
21980,0.002648,172.31.33.0-255,66,161004,33,298422
21981,0.002651,74.125.68.0-255,1484,162488,33,298422
21982,0.002653,74.125.68.0-255,1484,163972,33,298422
21983,0.002655,172.31.33.0-255,66,164038,33,298422
21984,0.00268,74.125.68.0-255,1484,165522,33,298422
21985,0.002693,74.125.68.0-255,2902,168424,33,298422
21986,0.002695,172.31.33.0-255,66,168490,33,298422
21987,0.002728,172.31.33.0-255,66,168556,33,298422
21988,0.002763,74.125.68.0-255,2902,171458,33,298422
21989,0.002765,172.31.33.0-255,66,171524,33,298422
21990,0.002793,74.125.68.0-255,7156,178680,33,298422
21991,0.002795,172.31.33.0-255,66,178746,33,298422
21992,0.0028,74.125.68.0-255,3602,182348,33,298422
21993,0.002802,172.31.33.0-255,66,182414,33,298422
21994,0.002806,74.125.68.0-255,4320,186734,33,298422
21995,0.002809,172.31.33.0-255,66,186800,33,298422
21996,0.002831,74.125.68.0-255,1484,188284,33,298422
21997,0.002834,74.125.68.0-255,1484,189768,33,298422
21998,0.002837,172.31.33.0-255,66,189834,33,298422
21999,0.00284,74.125.68.0-255,1484,191318,33,298422
22000,0.002842,74.125.68.0-255,1484,192802,33,298422
22001,0.002844,172.31.33.0-255,66,192868,33,298422
22002,0.002891,74.125.68.0-255,5738,198606,33,298422
22003,0.002911,74.125.68.0-255,4320,202926,33,298422
22004,0.002915,74.125.68.0-255,2902,205828,33,298422
22005,0.002936,74.125.68.0-255,766,206594,33,298422
22006,0.002989,74.125.68.0-255,1484,208078,33,298422
22007,0.003016,74.125.68.0-255,1484,209562,33,298422
22008,0.003037,74.125.68.0-255,2902,212464,33,298422
22009,0.003062,74.125.68.0-255,4320,216784,33,298422
22010,0.003076,74.125.68.0-255,1484,218268,33,298422
22011,0.003079,74.125.68.0-255,1484,219752,33,298422
22012,0.003099,74.125.68.0-255,5738,225490,33,298422
22013,0.003121,74.125.68.0-255,2902,228392,33,298422
22014,0.003171,74.125.68.0-255,3602,231994,33,298422
22015,0.003368,74.125.68.0-255,1484,233478,33,298422
22016,0.003378,74.125.68.0-255,1484,234962,33,298422
22017,0.003389,74.125.68.0-255,1484,236446,33,298422
22018,0.003407,74.125.68.0-255,4320,240766,33,298422
22019,0.003416,74.125.68.0-255,1484,242250,33,298422
22020,0.003419,74.125.68.0-255,1484,243734,33,298422
22021,0.003443,74.125.68.0-255,5738,249472,33,298422
22022,0.003447,74.125.68.0-255,4320,253792,33,298422
22023,0.003475,74.125.68.0-255,4320,258112,33,298422
22024,0.003502,74.125.68.0-255,1484,259596,33,298422
22025,0.003528,74.125.68.0-255,2902,262498,33,298422
22026,0.00356,74.125.68.0-255,1484,263982,33,298422
22027,0.003565,74.125.68.0-255,4320,268302,33,298422
22028,0.003567,74.125.68.0-255,1484,269786,33,298422
22029,0.003584,74.125.68.0-255,4320,274106,33,298422
22030,0.003601,74.125.68.0-255,1484,275590,33,298422
22031,0.003615,74.125.68.0-255,2902,278492,33,298422
22032,0.003625,74.125.68.0-255,2184,280676,33,298422
22033,0.003628,74.125.68.0-255,1484,282160,33,298422
22034,0.003643,74.125.68.0-255,1484,283644,33,298422
22035,0.003645,74.125.68.0-255,1484,285128,33,298422
22036,0.003661,74.125.68.0-255,2902,288030,33,298422
22037,0.003672,74.125.68.0-255,2902,290932,33,298422
22038,0.00369,74.125.68.0-255,4320,295252,33,298422
22039,0.003694,74.125.68.0-255,2902,298154,33,298422
22040,0.00375,74.125.68.0-255,97,298251,33,298422
22041,0.003824,74.125.68.0-255,105,298356,33,298422
22042,0.009257,172.31.33.0-255,66,298422,33,298422
22043,0.0,172.217.194.0-255,185,185,33,322886
22044,2.2e-05,172.31.33.0-255,66,251,33,322886
22045,3.9e-05,172.217.194.0-255,1484,1735,33,322886
22046,4.3e-05,172.31.33.0-255,66,1801,33,322886
22047,4.8e-05,172.217.194.0-255,2902,4703,33,322886
22048,5.1e-05,172.31.33.0-255,66,4769,33,322886
22049,7.1e-05,172.217.194.0-255,7156,11925,33,322886
22050,7.3e-05,172.31.33.0-255,66,11991,33,322886
22051,0.000104,172.217.194.0-255,2902,14893,33,322886
22052,0.000107,172.31.33.0-255,66,14959,33,322886
22053,0.000127,172.217.194.0-255,4864,19823,33,322886
22054,0.00013,172.31.33.0-255,66,19889,33,322886
22055,0.000134,172.217.194.0-255,4320,24209,33,322886
22056,0.000135,172.31.33.0-255,66,24275,33,322886
22057,0.000156,172.217.194.0-255,4320,28595,33,322886
22058,0.000158,172.31.33.0-255,66,28661,33,322886
22059,0.00018,172.31.33.0-255,66,28727,33,322886
22060,0.000189,172.31.33.0-255,66,28793,33,322886
22061,0.00021,172.217.194.0-255,766,29559,33,322886
22062,0.000211,172.31.33.0-255,66,29625,33,322886
22063,0.000248,172.217.194.0-255,1484,31109,33,322886
22064,0.000251,172.31.33.0-255,66,31175,33,322886
22065,0.000256,172.217.194.0-255,2902,34077,33,322886
22066,0.000258,172.31.33.0-255,66,34143,33,322886
22067,0.000276,172.217.194.0-255,1484,35627,33,322886
22068,0.000278,172.31.33.0-255,66,35693,33,322886
22069,0.000301,172.217.194.0-255,2902,38595,33,322886
22070,0.000303,172.31.33.0-255,66,38661,33,322886
22071,0.00031,172.217.194.0-255,5738,44399,33,322886
22072,0.000312,172.31.33.0-255,66,44465,33,322886
22073,0.000334,172.217.194.0-255,1484,45949,33,322886
22074,0.000354,172.217.194.0-255,1381,47330,33,322886
22075,0.000358,172.31.33.0-255,66,47396,33,322886
22076,0.00036,172.217.194.0-255,120,47516,33,322886
22077,0.000393,172.217.194.0-255,1484,49000,33,322886
22078,0.000396,172.31.33.0-255,66,49066,33,322886
22079,0.000414,172.217.194.0-255,2902,51968,33,322886
22080,0.000417,172.31.33.0-255,66,52034,33,322886
22081,0.000421,172.217.194.0-255,4320,56354,33,322886
22082,0.000423,172.31.33.0-255,66,56420,33,322886
22083,0.000442,172.217.194.0-255,2902,59322,33,322886
22084,0.000444,172.31.33.0-255,66,59388,33,322886
22085,0.000451,172.217.194.0-255,7156,66544,33,322886
22086,0.000453,172.31.33.0-255,66,66610,33,322886
22087,0.000472,172.217.194.0-255,4320,70930,33,322886
22088,0.000475,172.31.33.0-255,66,70996,33,322886
22089,0.000494,172.217.194.0-255,5738,76734,33,322886
22090,0.000497,172.31.33.0-255,66,76800,33,322886
22091,0.000522,172.217.194.0-255,5020,81820,33,322886
22092,0.000525,172.31.33.0-255,66,81886,33,322886
22093,0.000527,172.217.194.0-255,376,82262,33,322886
22094,0.000738,172.217.194.0-255,1484,83746,33,322886
22095,0.000741,172.31.33.0-255,66,83812,33,322886
22096,0.000744,172.217.194.0-255,1484,85296,33,322886
22097,0.000759,172.217.194.0-255,1484,86780,33,322886
22098,0.000761,172.31.33.0-255,66,86846,33,322886
22099,0.000766,172.217.194.0-255,4320,91166,33,322886
22100,0.000769,172.31.33.0-255,66,91232,33,322886
22101,0.000784,172.217.194.0-255,1484,92716,33,322886
22102,0.000789,172.217.194.0-255,5738,98454,33,322886
22103,0.000791,172.31.33.0-255,66,98520,33,322886
22104,0.000835,172.31.33.0-255,66,98586,33,322886
22105,0.000855,172.217.194.0-255,2902,101488,33,322886
22106,0.000857,172.31.33.0-255,66,101554,33,322886
22107,0.000863,172.217.194.0-255,5020,106574,33,322886
22108,0.000867,172.31.33.0-255,66,106640,33,322886
22109,0.001076,172.217.194.0-255,1484,108124,33,322886
22110,0.001081,172.217.194.0-255,2902,111026,33,322886
22111,0.001084,172.31.33.0-255,66,111092,33,322886
22112,0.001101,172.217.194.0-255,2902,113994,33,322886
22113,0.001104,172.31.33.0-255,66,114060,33,322886
22114,0.001121,172.217.194.0-255,2902,116962,33,322886
22115,0.001123,172.31.33.0-255,66,117028,33,322886
22116,0.001126,172.217.194.0-255,1484,118512,33,322886
22117,0.001139,172.217.194.0-255,5738,124250,33,322886
22118,0.001142,172.31.33.0-255,66,124316,33,322886
22119,0.001167,172.217.194.0-255,5738,130054,33,322886
22120,0.00117,172.31.33.0-255,66,130120,33,322886
22121,0.001173,172.217.194.0-255,7156,137276,33,322886
22122,0.001174,172.31.33.0-255,66,137342,33,322886
22123,0.001215,172.217.194.0-255,3602,140944,33,322886
22124,0.001218,172.31.33.0-255,66,141010,33,322886
22125,0.001302,172.217.194.0-255,1484,142494,33,322886
22126,0.001327,172.217.194.0-255,2902,145396,33,322886
22127,0.00133,172.31.33.0-255,66,145462,33,322886
22128,0.001349,172.217.194.0-255,5738,151200,33,322886
22129,0.001352,172.31.33.0-255,66,151266,33,322886
22130,0.00137,172.217.194.0-255,1484,152750,33,322886
22131,0.0014,172.31.33.0-255,66,152816,33,322886
22132,0.001413,172.217.194.0-255,4320,157136,33,322886
22133,0.001415,172.31.33.0-255,66,157202,33,322886
22134,0.001431,172.217.194.0-255,2902,160104,33,322886
22135,0.001433,172.31.33.0-255,66,160170,33,322886
22136,0.00147,172.217.194.0-255,6438,166608,33,322886
22137,0.001473,172.31.33.0-255,66,166674,33,322886
22138,0.001739,172.217.194.0-255,1484,168158,33,322886
22139,0.001746,172.217.194.0-255,2902,171060,33,322886
22140,0.001749,172.31.33.0-255,66,171126,33,322886
22141,0.001768,172.217.194.0-255,2902,174028,33,322886
22142,0.001771,172.31.33.0-255,66,174094,33,322886
22143,0.001776,172.217.194.0-255,4320,178414,33,322886
22144,0.001778,172.31.33.0-255,66,178480,33,322886
22145,0.00179,172.217.194.0-255,2902,181382,33,322886
22146,0.001792,172.31.33.0-255,66,181448,33,322886
22147,0.001829,172.31.33.0-255,66,181514,33,322886
22148,0.001849,172.217.194.0-255,5738,187252,33,322886
22149,0.001851,172.31.33.0-255,66,187318,33,322886
22150,0.001865,172.217.194.0-255,2902,190220,33,322886
22151,0.001868,172.31.33.0-255,66,190286,33,322886
22152,0.001884,172.217.194.0-255,2184,192470,33,322886
22153,0.001887,172.31.33.0-255,66,192536,33,322886
22154,0.002161,172.217.194.0-255,1484,194020,33,322886
22155,0.002168,172.217.194.0-255,2902,196922,33,322886
22156,0.002171,172.31.33.0-255,66,196988,33,322886
22157,0.002176,172.217.194.0-255,2902,199890,33,322886
22158,0.002177,172.31.33.0-255,66,199956,33,322886
22159,0.002192,172.217.194.0-255,2902,202858,33,322886
22160,0.002195,172.31.33.0-255,66,202924,33,322886
22161,0.002263,172.31.33.0-255,66,202990,33,322886
22162,0.00227,172.217.194.0-255,7156,210146,33,322886
22163,0.002272,172.31.33.0-255,66,210212,33,322886
22164,0.002289,172.217.194.0-255,7156,217368,33,322886
22165,0.002292,172.31.33.0-255,66,217434,33,322886
22166,0.002308,172.217.194.0-255,766,218200,33,322886
22167,0.00231,172.217.194.0-255,1484,219684,33,322886
22168,0.002312,172.31.33.0-255,66,219750,33,322886
22169,0.002317,172.217.194.0-255,5738,225488,33,322886
22170,0.002319,172.31.33.0-255,66,225554,33,322886
22171,0.002346,172.217.194.0-255,5738,231292,33,322886
22172,0.00235,172.31.33.0-255,66,231358,33,322886
22173,0.002357,172.217.194.0-255,7156,238514,33,322886
22174,0.002359,172.31.33.0-255,66,238580,33,322886
22175,0.002373,172.217.194.0-255,2902,241482,33,322886
22176,0.002375,172.31.33.0-255,66,241548,33,322886
22177,0.002394,172.217.194.0-255,5738,247286,33,322886
22178,0.002397,172.31.33.0-255,66,247352,33,322886
22179,0.002419,172.217.194.0-255,3602,250954,33,322886
22180,0.002422,172.31.33.0-255,66,251020,33,322886
22181,0.002537,172.217.194.0-255,1484,252504,33,322886
22182,0.002563,172.217.194.0-255,2902,255406,33,322886
22183,0.002567,172.31.33.0-255,66,255472,33,322886
22184,0.002571,172.217.194.0-255,2902,258374,33,322886
22185,0.002573,172.31.33.0-255,66,258440,33,322886
22186,0.002576,172.217.194.0-255,1484,259924,33,322886
22187,0.002595,172.217.194.0-255,2902,262826,33,322886
22188,0.002598,172.31.33.0-255,66,262892,33,322886
22189,0.002618,172.217.194.0-255,1484,264376,33,322886
22190,0.002628,172.31.33.0-255,66,264442,33,322886
22191,0.002631,172.217.194.0-255,1484,265926,33,322886
22192,0.00265,172.217.194.0-255,5738,271664,33,322886
22193,0.002653,172.31.33.0-255,66,271730,33,322886
22194,0.002658,172.217.194.0-255,5020,276750,33,322886
22195,0.00266,172.31.33.0-255,66,276816,33,322886
22196,0.002731,172.217.194.0-255,1484,278300,33,322886
22197,0.002747,172.217.194.0-255,2902,281202,33,322886
22198,0.002751,172.31.33.0-255,66,281268,33,322886
22199,0.002772,172.217.194.0-255,5738,287006,33,322886
22200,0.002775,172.31.33.0-255,66,287072,33,322886
22201,0.002781,172.217.194.0-255,4320,291392,33,322886
22202,0.002782,172.31.33.0-255,66,291458,33,322886
22203,0.002785,172.217.194.0-255,1484,292942,33,322886
22204,0.002788,172.217.194.0-255,1484,294426,33,322886
22205,0.002789,172.31.33.0-255,66,294492,33,322886
22206,0.002809,172.217.194.0-255,2902,297394,33,322886
22207,0.002812,172.31.33.0-255,66,297460,33,322886
22208,0.002839,172.31.33.0-255,66,297526,33,322886
22209,0.002842,172.217.194.0-255,1484,299010,33,322886
22210,0.002846,172.217.194.0-255,2184,301194,33,322886
22211,0.002847,172.31.33.0-255,66,301260,33,322886
22212,0.002866,172.217.194.0-255,2902,304162,33,322886
22213,0.002869,172.31.33.0-255,66,304228,33,322886
22214,0.002891,172.217.194.0-255,7156,311384,33,322886
22215,0.002895,172.31.33.0-255,66,311450,33,322886
22216,0.002899,172.217.194.0-255,2902,314352,33,322886
22217,0.002901,172.31.33.0-255,66,314418,33,322886
22218,0.002925,172.217.194.0-255,2902,317320,33,322886
22219,0.002934,172.31.33.0-255,66,317386,33,322886
22220,0.002949,172.217.194.0-255,1484,318870,33,322886
22221,0.002951,172.31.33.0-255,66,318936,33,322886
22222,0.002951,172.217.194.0-255,1484,320420,33,322886
22223,0.002953,172.217.194.0-255,1484,321904,33,322886
22224,0.002954,172.31.33.0-255,66,321970,33,322886
22225,0.002954,172.217.194.0-255,411,322381,33,322886
22226,0.002956,172.217.194.0-255,97,322478,33,322886
22227,0.002957,172.31.33.0-255,66,322544,33,322886
22228,0.003041,172.217.194.0-255,105,322649,33,322886
22229,0.003816,172.31.33.0-255,66,322715,33,322886
22230,0.003841,172.31.33.0-255,105,322820,33,322886
22231,0.006317,172.217.194.0-255,66,322886,33,322886
22232,0.0,74.125.130.0-255,153,153,33,59110
22233,1.7e-05,172.31.33.0-255,66,219,33,59110
22234,2.3e-05,74.125.130.0-255,1484,1703,33,59110
22235,2.8e-05,172.31.33.0-255,66,1769,33,59110
22236,3.3e-05,74.125.130.0-255,2902,4671,33,59110
22237,4.4e-05,172.31.33.0-255,66,4737,33,59110
22238,5.2e-05,74.125.130.0-255,5738,10475,33,59110
22239,5.5e-05,172.31.33.0-255,66,10541,33,59110
22240,6e-05,74.125.130.0-255,2902,13443,33,59110
22241,6.4e-05,172.31.33.0-255,66,13509,33,59110
22242,0.000114,172.31.33.0-255,66,13575,33,59110
22243,0.000121,74.125.130.0-255,6797,20372,33,59110
22244,0.000124,172.31.33.0-255,66,20438,33,59110
22245,0.000179,74.125.130.0-255,1484,21922,33,59110
22246,0.000181,172.31.33.0-255,66,21988,33,59110
22247,0.000186,74.125.130.0-255,2902,24890,33,59110
22248,0.000188,172.31.33.0-255,66,24956,33,59110
22249,0.000198,74.125.130.0-255,2902,27858,33,59110
22250,0.000201,172.31.33.0-255,66,27924,33,59110
22251,0.000226,74.125.130.0-255,2902,30826,33,59110
22252,0.000229,172.31.33.0-255,66,30892,33,59110
22253,0.000248,172.31.33.0-255,66,30958,33,59110
22254,0.000276,74.125.130.0-255,4320,35278,33,59110
22255,0.000278,172.31.33.0-255,66,35344,33,59110
22256,0.000302,74.125.130.0-255,6797,42141,33,59110
22257,0.000309,172.31.33.0-255,66,42207,33,59110
22258,0.002862,74.125.130.0-255,645,42852,33,59110
22259,0.00287,172.31.33.0-255,66,42918,33,59110
22260,0.002985,74.125.130.0-255,1484,44402,33,59110
22261,0.00299,172.31.33.0-255,66,44468,33,59110
22262,0.002998,74.125.130.0-255,2902,47370,33,59110
22263,0.003,172.31.33.0-255,66,47436,33,59110
22264,0.005443,74.125.130.0-255,1484,48920,33,59110
22265,0.005572,74.125.130.0-255,4320,53240,33,59110
22266,0.005577,172.31.33.0-255,66,53306,33,59110
22267,0.008191,74.125.130.0-255,5738,59044,33,59110
22268,0.008198,172.31.33.0-255,66,59110,33,59110
22269,0.0,74.125.24.0-255,630,630,33,925
22270,0.001266,74.125.24.0-255,66,696,33,925
22271,0.001897,74.125.24.0-255,97,793,33,925
22272,0.001903,172.31.33.0-255,66,859,33,925
22273,0.004648,74.125.24.0-255,66,925,33,925
22274,0.0,74.125.24.0-255,153,153,33,226622
22275,1.5e-05,172.31.33.0-255,66,219,33,226622
22276,4e-05,74.125.24.0-255,1484,1703,33,226622
22277,4.4e-05,172.31.33.0-255,66,1769,33,226622
22278,5e-05,74.125.24.0-255,2902,4671,33,226622
22279,5.2e-05,172.31.33.0-255,66,4737,33,226622
22280,5.5e-05,74.125.24.0-255,1484,6221,33,226622
22281,5.8e-05,172.31.33.0-255,66,6287,33,226622
22282,8.4e-05,74.125.24.0-255,5738,12025,33,226622
22283,8.7e-05,172.31.33.0-255,66,12091,33,226622
22284,9.1e-05,74.125.24.0-255,2074,14165,33,226622
22285,9.2e-05,172.31.33.0-255,66,14231,33,226622
22286,0.000143,74.125.24.0-255,1484,15715,33,226622
22287,0.000146,172.31.33.0-255,66,15781,33,226622
22288,0.00015,74.125.24.0-255,2902,18683,33,226622
22289,0.000152,172.31.33.0-255,66,18749,33,226622
22290,0.000182,74.125.24.0-255,2902,21651,33,226622
22291,0.000185,172.31.33.0-255,66,21717,33,226622
22292,0.00019,74.125.24.0-255,4320,26037,33,226622
22293,0.000192,172.31.33.0-255,66,26103,33,226622
22294,0.000234,74.125.24.0-255,7156,33259,33,226622
22295,0.000237,172.31.33.0-255,66,33325,33,226622
22296,0.000261,74.125.24.0-255,2543,35868,33,226622
22297,0.000262,172.31.33.0-255,66,35934,33,226622
22298,0.000271,172.31.33.0-255,66,36000,33,226622
22299,0.000281,74.125.24.0-255,2543,38543,33,226622
22300,0.000285,172.31.33.0-255,66,38609,33,226622
22301,0.000805,74.125.24.0-255,1484,40093,33,226622
22302,0.000811,74.125.24.0-255,2902,42995,33,226622
22303,0.000817,172.31.33.0-255,66,43061,33,226622
22304,0.000821,172.31.33.0-255,66,43127,33,226622
22305,0.000849,74.125.24.0-255,5738,48865,33,226622
22306,0.000852,172.31.33.0-255,66,48931,33,226622
22307,0.000859,74.125.24.0-255,6797,55728,33,226622
22308,0.000861,172.31.33.0-255,66,55794,33,226622
22309,0.000909,74.125.24.0-255,1484,57278,33,226622
22310,0.000915,74.125.24.0-255,2902,60180,33,226622
22311,0.000918,172.31.33.0-255,66,60246,33,226622
22312,0.000927,74.125.24.0-255,5738,65984,33,226622
22313,0.000929,172.31.33.0-255,66,66050,33,226622
22314,0.000961,74.125.24.0-255,6797,72847,33,226622
22315,0.000965,172.31.33.0-255,66,72913,33,226622
22316,0.000992,74.125.24.0-255,7156,80069,33,226622
22317,0.000995,172.31.33.0-255,66,80135,33,226622
22318,0.001001,74.125.24.0-255,5738,85873,33,226622
22319,0.001002,172.31.33.0-255,66,85939,33,226622
22320,0.001025,74.125.24.0-255,3961,89900,33,226622
22321,0.001027,172.31.33.0-255,66,89966,33,226622
22322,0.001419,74.125.24.0-255,1484,91450,33,226622
22323,0.001436,74.125.24.0-255,2902,94352,33,226622
22324,0.001439,172.31.33.0-255,66,94418,33,226622
22325,0.001469,74.125.24.0-255,2902,97320,33,226622
22326,0.00147,172.31.33.0-255,66,97386,33,226622
22327,0.001501,74.125.24.0-255,2902,100288,33,226622
22328,0.001504,172.31.33.0-255,66,100354,33,226622
22329,0.001514,172.31.33.0-255,66,100420,33,226622
22330,0.001527,172.31.33.0-255,66,100486,33,226622
22331,0.001553,74.125.24.0-255,766,101252,33,226622
22332,0.001571,74.125.24.0-255,1484,102736,33,226622
22333,0.001573,172.31.33.0-255,66,102802,33,226622
22334,0.001578,74.125.24.0-255,4320,107122,33,226622
22335,0.00158,172.31.33.0-255,66,107188,33,226622
22336,0.001597,74.125.24.0-255,2902,110090,33,226622
22337,0.001599,172.31.33.0-255,66,110156,33,226622
22338,0.001624,74.125.24.0-255,5738,115894,33,226622
22339,0.001626,172.31.33.0-255,66,115960,33,226622
22340,0.001632,74.125.24.0-255,4320,120280,33,226622
22341,0.001634,172.31.33.0-255,66,120346,33,226622
22342,0.001692,172.31.33.0-255,66,120412,33,226622
22343,0.001699,74.125.24.0-255,5020,125432,33,226622
22344,0.001701,172.31.33.0-255,66,125498,33,226622
22345,0.001831,74.125.24.0-255,1484,126982,33,226622
22346,0.001837,74.125.24.0-255,2902,129884,33,226622
22347,0.001839,172.31.33.0-255,66,129950,33,226622
22348,0.001843,74.125.24.0-255,1484,131434,33,226622
22349,0.001867,74.125.24.0-255,4320,135754,33,226622
22350,0.001872,74.125.24.0-255,5738,141492,33,226622
22351,0.001877,172.31.33.0-255,66,141558,33,226622
22352,0.00188,172.31.33.0-255,66,141624,33,226622
22353,0.001909,74.125.24.0-255,7156,148780,33,226622
22354,0.001913,172.31.33.0-255,66,148846,33,226622
22355,0.001924,172.31.33.0-255,66,148912,33,226622
22356,0.001967,74.125.24.0-255,1484,150396,33,226622
22357,0.001972,74.125.24.0-255,2902,153298,33,226622
22358,0.001975,172.31.33.0-255,66,153364,33,226622
22359,0.002007,74.125.24.0-255,5738,159102,33,226622
22360,0.00201,172.31.33.0-255,66,159168,33,226622
22361,0.00202,172.31.33.0-255,66,159234,33,226622
22362,0.002041,74.125.24.0-255,2902,162136,33,226622
22363,0.002043,172.31.33.0-255,66,162202,33,226622
22364,0.002055,172.31.33.0-255,66,162268,33,226622
22365,0.002084,74.125.24.0-255,1484,163752,33,226622
22366,0.002103,74.125.24.0-255,2902,166654,33,226622
22367,0.002106,172.31.33.0-255,66,166720,33,226622
22368,0.002112,74.125.24.0-255,5738,172458,33,226622
22369,0.002115,172.31.33.0-255,66,172524,33,226622
22370,0.002141,74.125.24.0-255,5738,178262,33,226622
22371,0.002143,172.31.33.0-255,66,178328,33,226622
22372,0.002193,172.31.33.0-255,66,178394,33,226622
22373,0.002199,74.125.24.0-255,5020,183414,33,226622
22374,0.002201,172.31.33.0-255,66,183480,33,226622
22375,0.002227,74.125.24.0-255,1484,184964,33,226622
22376,0.002232,74.125.24.0-255,2902,187866,33,226622
22377,0.002235,172.31.33.0-255,66,187932,33,226622
22378,0.002241,74.125.24.0-255,5738,193670,33,226622
22379,0.002245,172.31.33.0-255,66,193736,33,226622
22380,0.002299,172.31.33.0-255,66,193802,33,226622
22381,0.002307,74.125.24.0-255,7156,200958,33,226622
22382,0.00231,172.31.33.0-255,66,201024,33,226622
22383,0.002354,74.125.24.0-255,4320,205344,33,226622
22384,0.002357,172.31.33.0-255,66,205410,33,226622
22385,0.002406,172.31.33.0-255,66,205476,33,226622
22386,0.002417,172.31.33.0-255,66,205542,33,226622
22387,0.002422,74.125.24.0-255,3602,209144,33,226622
22388,0.002424,172.31.33.0-255,66,209210,33,226622
22389,0.004734,74.125.24.0-255,5738,214948,33,226622
22390,0.004754,172.31.33.0-255,66,215014,33,226622
22391,0.007074,74.125.24.0-255,5738,220752,33,226622
22392,0.007094,172.31.33.0-255,66,220818,33,226622
22393,0.009424,74.125.24.0-255,5738,226556,33,226622
22394,0.00944,172.31.33.0-255,66,226622,33,226622
22395,0.0,172.31.33.0-255,105,105,33,459
22396,0.000216,172.31.33.0-255,90,195,33,459
22397,0.000226,172.31.33.0-255,66,261,33,459
22398,0.002616,74.125.130.0-255,66,327,33,459
22399,0.002645,74.125.130.0-255,66,393,33,459
22400,0.002665,172.31.33.0-255,66,459,33,459
22401,0.0,172.217.194.0-255,153,153,33,179471
22402,2.1e-05,172.31.33.0-255,66,219,33,179471
22403,2.8e-05,172.217.194.0-255,1484,1703,33,179471
22404,3.2e-05,172.31.33.0-255,66,1769,33,179471
22405,4.4e-05,172.217.194.0-255,2902,4671,33,179471
22406,4.7e-05,172.31.33.0-255,66,4737,33,179471
22407,4.9e-05,172.217.194.0-255,1484,6221,33,179471
22408,5.2e-05,172.31.33.0-255,66,6287,33,179471
22409,6e-05,172.217.194.0-255,7156,13443,33,179471
22410,6.3e-05,172.31.33.0-255,66,13509,33,179471
22411,8.6e-05,172.217.194.0-255,2082,15591,33,179471
22412,8.8e-05,172.31.33.0-255,66,15657,33,179471
22413,9.1e-05,172.217.194.0-255,1484,17141,33,179471
22414,9.3e-05,172.31.33.0-255,66,17207,33,179471
22415,9.6e-05,172.217.194.0-255,1484,18691,33,179471
22416,9.8e-05,172.31.33.0-255,66,18757,33,179471
22417,0.000136,172.31.33.0-255,66,18823,33,179471
22418,0.000139,172.217.194.0-255,1125,19948,33,179471
22419,0.000141,172.31.33.0-255,66,20014,33,179471
22420,0.000178,172.217.194.0-255,1484,21498,33,179471
22421,0.000181,172.31.33.0-255,66,21564,33,179471
22422,0.000194,172.217.194.0-255,1484,23048,33,179471
22423,0.0002,172.31.33.0-255,66,23114,33,179471
22424,0.000223,172.217.194.0-255,1484,24598,33,179471
22425,0.000225,172.31.33.0-255,66,24664,33,179471
22426,0.00023,172.217.194.0-255,5738,30402,33,179471
22427,0.000232,172.31.33.0-255,66,30468,33,179471
22428,0.000246,172.31.33.0-255,66,30534,33,179471
22429,0.000296,172.31.33.0-255,66,30600,33,179471
22430,0.000313,172.217.194.0-255,397,30997,33,179471
22431,0.000468,172.217.194.0-255,1484,32481,33,179471
22432,0.000473,172.217.194.0-255,2902,35383,33,179471
22433,0.000495,172.31.33.0-255,66,35449,33,179471
22434,0.000502,172.217.194.0-255,5738,41187,33,179471
22435,0.000531,172.217.194.0-255,4320,45507,33,179471
22436,0.000538,172.31.33.0-255,66,45573,33,179471
22437,0.000589,172.31.33.0-255,66,45639,33,179471
22438,0.000657,172.217.194.0-255,1484,47123,33,179471
22439,0.00069,172.217.194.0-255,1484,48607,33,179471
22440,0.000694,172.217.194.0-255,2902,51509,33,179471
22441,0.000697,172.217.194.0-255,1484,52993,33,179471
22442,0.000705,172.31.33.0-255,66,53059,33,179471
22443,0.00071,172.217.194.0-255,4320,57379,33,179471
22444,0.000748,172.217.194.0-255,7156,64535,33,179471
22445,0.000751,172.31.33.0-255,66,64601,33,179471
22446,0.000757,172.31.33.0-255,66,64667,33,179471
22447,0.000767,172.217.194.0-255,2184,66851,33,179471
22448,0.00079,172.217.194.0-255,1484,68335,33,179471
22449,0.000795,172.31.33.0-255,66,68401,33,179471
22450,0.000826,172.217.194.0-255,1484,69885,33,179471
22451,0.000836,172.31.33.0-255,66,69951,33,179471
22452,0.000843,172.217.194.0-255,7156,77107,33,179471
22453,0.000849,172.31.33.0-255,66,77173,33,179471
22454,0.00086,172.217.194.0-255,2902,80075,33,179471
22455,0.000864,172.217.194.0-255,5738,85813,33,179471
22456,0.000909,172.217.194.0-255,4320,90133,33,179471
22457,0.000921,172.217.194.0-255,2184,92317,33,179471
22458,0.000933,172.31.33.0-255,66,92383,33,179471
22459,0.000938,172.217.194.0-255,4320,96703,33,179471
22460,0.000942,172.31.33.0-255,66,96769,33,179471
22461,0.000961,172.217.194.0-255,2902,99671,33,179471
22462,0.001012,172.217.194.0-255,7156,106827,33,179471
22463,0.001014,172.217.194.0-255,766,107593,33,179471
22464,0.00102,172.31.33.0-255,66,107659,33,179471
22465,0.001051,172.217.194.0-255,2902,110561,33,179471
22466,0.00106,172.31.33.0-255,66,110627,33,179471
22467,0.001107,172.31.33.0-255,66,110693,33,179471
22468,0.001136,172.217.194.0-255,3602,114295,33,179471
22469,0.001149,172.31.33.0-255,66,114361,33,179471
22470,0.001258,172.217.194.0-255,1484,115845,33,179471
22471,0.001271,172.217.194.0-255,2902,118747,33,179471
22472,0.001275,172.217.194.0-255,2902,121649,33,179471
22473,0.001279,172.31.33.0-255,66,121715,33,179471
22474,0.001286,172.217.194.0-255,2902,124617,33,179471
22475,0.001302,172.217.194.0-255,5738,130355,33,179471
22476,0.001313,172.31.33.0-255,66,130421,33,179471
22477,0.001335,172.217.194.0-255,7156,137577,33,179471
22478,0.001346,172.217.194.0-255,766,138343,33,179471
22479,0.00138,172.31.33.0-255,66,138409,33,179471
22480,0.001917,172.217.194.0-255,1484,139893,33,179471
22481,0.001934,172.217.194.0-255,2902,142795,33,179471
22482,0.001938,172.31.33.0-255,66,142861,33,179471
22483,0.001942,172.217.194.0-255,1484,144345,33,179471
22484,0.00197,172.217.194.0-255,4320,148665,33,179471
22485,0.001981,172.31.33.0-255,66,148731,33,179471
22486,0.002022,172.217.194.0-255,2184,150915,33,179471
22487,0.002026,172.31.33.0-255,66,150981,33,179471
22488,0.002052,172.217.194.0-255,2902,153883,33,179471
22489,0.002064,172.31.33.0-255,66,153949,33,179471
22490,0.002074,172.217.194.0-255,7156,161105,33,179471
22491,0.002077,172.217.194.0-255,1484,162589,33,179471
22492,0.002096,172.217.194.0-255,5738,168327,33,179471
22493,0.0021,172.31.33.0-255,66,168393,33,179471
22494,0.002136,172.31.33.0-255,66,168459,33,179471
22495,0.002154,172.217.194.0-255,1484,169943,33,179471
22496,0.002181,172.31.33.0-255,66,170009,33,179471
22497,0.002199,172.217.194.0-255,2902,172911,33,179471
22498,0.002238,172.31.33.0-255,66,172977,33,179471
22499,0.002244,172.31.33.0-255,66,173043,33,179471
22500,0.002267,172.217.194.0-255,766,173809,33,179471
22501,0.002291,172.217.194.0-255,5491,179300,33,179471
22502,0.002294,172.217.194.0-255,105,179405,33,179471
22503,0.002313,172.31.33.0-255,66,179471,33,179471
22504,0.0,74.125.24.0-255,146,146,33,260390
22505,1.1e-05,172.31.33.0-255,66,212,33,260390
22506,1.7e-05,74.125.24.0-255,1484,1696,33,260390
22507,2.1e-05,172.31.33.0-255,66,1762,33,260390
22508,3.5e-05,74.125.24.0-255,2902,4664,33,260390
22509,3.8e-05,172.31.33.0-255,66,4730,33,260390
22510,6.4e-05,74.125.24.0-255,5738,10468,33,260390
22511,6.7e-05,172.31.33.0-255,66,10534,33,260390
22512,8.3e-05,74.125.24.0-255,1484,12018,33,260390
22513,8.4e-05,172.31.33.0-255,66,12084,33,260390
22514,0.000102,74.125.24.0-255,2027,14111,33,260390
22515,0.000104,172.31.33.0-255,66,14177,33,260390
22516,0.000154,74.125.24.0-255,1484,15661,33,260390
22517,0.000157,172.31.33.0-255,66,15727,33,260390
22518,0.000161,74.125.24.0-255,2902,18629,33,260390
22519,0.000163,172.31.33.0-255,66,18695,33,260390
22520,0.000167,74.125.24.0-255,2902,21597,33,260390
22521,0.000169,172.31.33.0-255,66,21663,33,260390
22522,0.000191,74.125.24.0-255,2902,24565,33,260390
22523,0.000193,172.31.33.0-255,66,24631,33,260390
22524,0.0002,74.125.24.0-255,6797,31428,33,260390
22525,0.000203,172.31.33.0-255,66,31494,33,260390
22526,0.000226,74.125.24.0-255,2902,34396,33,260390
22527,0.000228,172.31.33.0-255,66,34462,33,260390
22528,0.000244,74.125.24.0-255,4320,38782,33,260390
22529,0.000247,172.31.33.0-255,66,38848,33,260390
22530,0.000253,74.125.24.0-255,5738,44586,33,260390
22531,0.000255,172.31.33.0-255,66,44652,33,260390
22532,0.000323,74.125.24.0-255,3961,48613,33,260390
22533,0.000326,172.31.33.0-255,66,48679,33,260390
22534,0.000896,74.125.24.0-255,1484,50163,33,260390
22535,0.0009,172.31.33.0-255,66,50229,33,260390
22536,0.000906,74.125.24.0-255,2902,53131,33,260390
22537,0.000908,172.31.33.0-255,66,53197,33,260390
22538,0.000931,74.125.24.0-255,5738,58935,33,260390
22539,0.000934,172.31.33.0-255,66,59001,33,260390
22540,0.000957,74.125.24.0-255,6797,65798,33,260390
22541,0.00096,172.31.33.0-255,66,65864,33,260390
22542,0.000992,74.125.24.0-255,1484,67348,33,260390
22543,0.001007,74.125.24.0-255,2902,70250,33,260390
22544,0.00101,172.31.33.0-255,66,70316,33,260390
22545,0.001016,74.125.24.0-255,5738,76054,33,260390
22546,0.001019,172.31.33.0-255,66,76120,33,260390
22547,0.001072,74.125.24.0-255,6797,82917,33,260390
22548,0.001077,172.31.33.0-255,66,82983,33,260390
22549,0.001092,172.31.33.0-255,66,83049,33,260390
22550,0.001096,74.125.24.0-255,3124,86173,33,260390
22551,0.001099,172.31.33.0-255,66,86239,33,260390
22552,0.001156,74.125.24.0-255,1484,87723,33,260390
22553,0.001169,74.125.24.0-255,2902,90625,33,260390
22554,0.001172,172.31.33.0-255,66,90691,33,260390
22555,0.001179,74.125.24.0-255,4320,95011,33,260390
22556,0.001181,172.31.33.0-255,66,95077,33,260390
22557,0.001196,74.125.24.0-255,1484,96561,33,260390
22558,0.0012,74.125.24.0-255,2902,99463,33,260390
22559,0.001203,172.31.33.0-255,66,99529,33,260390
22560,0.001223,74.125.24.0-255,4320,103849,33,260390
22561,0.001225,172.31.33.0-255,66,103915,33,260390
22562,0.001231,74.125.24.0-255,7156,111071,33,260390
22563,0.001234,172.31.33.0-255,66,111137,33,260390
22564,0.001248,74.125.24.0-255,7156,118293,33,260390
22565,0.001251,172.31.33.0-255,66,118359,33,260390
22566,0.001255,74.125.24.0-255,1634,119993,33,260390
22567,0.001257,172.31.33.0-255,66,120059,33,260390
22568,0.00129,74.125.24.0-255,1484,121543,33,260390
22569,0.001317,172.31.33.0-255,66,121609,33,260390
22570,0.001326,74.125.24.0-255,5738,127347,33,260390
22571,0.00133,172.31.33.0-255,66,127413,33,260390
22572,0.001354,172.31.33.0-255,66,127479,33,260390
22573,0.001363,74.125.24.0-255,6438,133917,33,260390
22574,0.001368,172.31.33.0-255,66,133983,33,260390
22575,0.001556,74.125.24.0-255,1484,135467,33,260390
22576,0.001563,74.125.24.0-255,2902,138369,33,260390
22577,0.001567,172.31.33.0-255,66,138435,33,260390
22578,0.001586,74.125.24.0-255,1484,139919,33,260390
22579,0.001606,74.125.24.0-255,4320,144239,33,260390
22580,0.001609,172.31.33.0-255,66,144305,33,260390
22581,0.001618,74.125.24.0-255,7156,151461,33,260390
22582,0.001621,172.31.33.0-255,66,151527,33,260390
22583,0.001656,172.31.33.0-255,66,151593,33,260390
22584,0.001661,74.125.24.0-255,2184,153777,33,260390
22585,0.001664,172.31.33.0-255,66,153843,33,260390
22586,0.001694,74.125.24.0-255,1484,155327,33,260390
22587,0.001698,74.125.24.0-255,1484,156811,33,260390
22588,0.001701,172.31.33.0-255,66,156877,33,260390
22589,0.001718,74.125.24.0-255,1484,158361,33,260390
22590,0.001724,74.125.24.0-255,2902,161263,33,260390
22591,0.001727,172.31.33.0-255,66,161329,33,260390
22592,0.001741,74.125.24.0-255,2902,164231,33,260390
22593,0.001744,172.31.33.0-255,66,164297,33,260390
22594,0.001782,172.31.33.0-255,66,164363,33,260390
22595,0.001798,172.31.33.0-255,66,164429,33,260390
22596,0.001817,74.125.24.0-255,766,165195,33,260390
22597,0.00183,172.31.33.0-255,66,165261,33,260390
22598,0.00185,74.125.24.0-255,7156,172417,33,260390
22599,0.001853,172.31.33.0-255,66,172483,33,260390
22600,0.001882,172.31.33.0-255,66,172549,33,260390
22601,0.001885,74.125.24.0-255,766,173315,33,260390
22602,0.001953,74.125.24.0-255,1484,174799,33,260390
22603,0.001956,172.31.33.0-255,66,174865,33,260390
22604,0.001961,74.125.24.0-255,2902,177767,33,260390
22605,0.001964,172.31.33.0-255,66,177833,33,260390
22606,0.001971,74.125.24.0-255,5738,183571,33,260390
22607,0.001975,172.31.33.0-255,66,183637,33,260390
22608,0.002022,74.125.24.0-255,5738,189375,33,260390
22609,0.002041,74.125.24.0-255,5020,194395,33,260390
22610,0.00207,74.125.24.0-255,1484,195879,33,260390
22611,0.002076,74.125.24.0-255,2902,198781,33,260390
22612,0.00208,74.125.24.0-255,2902,201683,33,260390
22613,0.002099,74.125.24.0-255,2902,204585,33,260390
22614,0.002113,74.125.24.0-255,2902,207487,33,260390
22615,0.002157,74.125.24.0-255,7156,214643,33,260390
22616,0.002173,74.125.24.0-255,3602,218245,33,260390
22617,0.002194,74.125.24.0-255,4320,222565,33,260390
22618,0.002229,74.125.24.0-255,5738,228303,33,260390
22619,0.002252,74.125.24.0-255,4320,232623,33,260390
22620,0.002259,74.125.24.0-255,5738,238361,33,260390
22621,0.002293,74.125.24.0-255,7156,245517,33,260390
22622,0.002317,74.125.24.0-255,7156,252673,33,260390
22623,0.002338,74.125.24.0-255,3602,256275,33,260390
22624,0.002341,74.125.24.0-255,1484,257759,33,260390
22625,0.002363,74.125.24.0-255,2289,260048,33,260390
22626,0.002383,74.125.24.0-255,105,260153,33,260390
22627,0.003518,172.31.33.0-255,66,260219,33,260390
22628,0.006288,172.31.33.0-255,105,260324,33,260390
22629,0.008837,74.125.24.0-255,66,260390,33,260390
22630,0.0,172.217.194.0-255,226,226,33,227676
22631,2.4e-05,172.31.33.0-255,66,292,33,227676
22632,3e-05,172.217.194.0-255,1484,1776,33,227676
22633,3.5e-05,172.31.33.0-255,66,1842,33,227676
22634,4.2e-05,172.217.194.0-255,4320,6162,33,227676
22635,5e-05,172.31.33.0-255,66,6228,33,227676
22636,5.7e-05,172.217.194.0-255,5738,11966,33,227676
22637,5.9e-05,172.31.33.0-255,66,12032,33,227676
22638,8.4e-05,172.217.194.0-255,1931,13963,33,227676
22639,8.7e-05,172.31.33.0-255,66,14029,33,227676
22640,0.000212,172.217.194.0-255,1484,15513,33,227676
22641,0.000217,172.31.33.0-255,66,15579,33,227676
22642,0.000223,172.217.194.0-255,2902,18481,33,227676
22643,0.000225,172.31.33.0-255,66,18547,33,227676
22644,0.000235,172.217.194.0-255,5738,24285,33,227676
22645,0.000237,172.31.33.0-255,66,24351,33,227676
22646,0.000267,172.217.194.0-255,6797,31148,33,227676
22647,0.000269,172.31.33.0-255,66,31214,33,227676
22648,0.000273,172.217.194.0-255,2902,34116,33,227676
22649,0.000276,172.31.33.0-255,66,34182,33,227676
22650,0.000316,172.31.33.0-255,66,34248,33,227676
22651,0.000333,172.31.33.0-255,66,34314,33,227676
22652,0.000335,172.217.194.0-255,379,34693,33,227676
22653,0.000361,172.31.33.0-255,66,34759,33,227676
22654,0.000384,172.217.194.0-255,1484,36243,33,227676
22655,0.000387,172.31.33.0-255,66,36309,33,227676
22656,0.00039,172.217.194.0-255,1484,37793,33,227676
22657,0.000392,172.31.33.0-255,66,37859,33,227676
22658,0.000418,172.217.194.0-255,1484,39343,33,227676
22659,0.000421,172.31.33.0-255,66,39409,33,227676
22660,0.000427,172.217.194.0-255,5738,45147,33,227676
22661,0.000429,172.31.33.0-255,66,45213,33,227676
22662,0.00046,172.31.33.0-255,66,45279,33,227676
22663,0.000489,172.217.194.0-255,2902,48181,33,227676
22664,0.000492,172.31.33.0-255,66,48247,33,227676
22665,0.000499,172.217.194.0-255,7156,55403,33,227676
22666,0.000509,172.217.194.0-255,3901,59304,33,227676
22667,0.000623,172.217.194.0-255,1484,60788,33,227676
22668,0.000629,172.217.194.0-255,2902,63690,33,227676
22669,0.00064,172.217.194.0-255,2902,66592,33,227676
22670,0.000654,172.217.194.0-255,2902,69494,33,227676
22671,0.000657,172.217.194.0-255,1484,70978,33,227676
22672,0.000673,172.217.194.0-255,4320,75298,33,227676
22673,0.000706,172.217.194.0-255,7156,82454,33,227676
22674,0.000717,172.217.194.0-255,1634,84088,33,227676
22675,0.000817,172.31.33.0-255,66,84154,33,227676
22676,0.000882,172.217.194.0-255,1484,85638,33,227676
22677,0.0009,172.217.194.0-255,2902,88540,33,227676
22678,0.000903,172.217.194.0-255,1484,90024,33,227676
22679,0.000924,172.217.194.0-255,4320,94344,33,227676
22680,0.000929,172.217.194.0-255,4320,98664,33,227676
22681,0.000946,172.217.194.0-255,7156,105820,33,227676
22682,0.000955,172.217.194.0-255,1484,107304,33,227676
22683,0.000961,172.217.194.0-255,7156,114460,33,227676
22684,0.00098,172.217.194.0-255,3602,118062,33,227676
22685,0.001067,172.31.33.0-255,66,118128,33,227676
22686,0.001104,172.217.194.0-255,1484,119612,33,227676
22687,0.001117,172.217.194.0-255,2902,122514,33,227676
22688,0.001123,172.31.33.0-255,66,122580,33,227676
22689,0.001149,172.217.194.0-255,4320,126900,33,227676
22690,0.001167,172.31.33.0-255,66,126966,33,227676
22691,0.001171,172.217.194.0-255,1484,128450,33,227676
22692,0.001176,172.217.194.0-255,7156,135606,33,227676
22693,0.00118,172.217.194.0-255,4320,139926,33,227676
22694,0.001191,172.31.33.0-255,66,139992,33,227676
22695,0.00121,172.217.194.0-255,3602,143594,33,227676
22696,0.001231,172.31.33.0-255,66,143660,33,227676
22697,0.001267,172.31.33.0-255,66,143726,33,227676
22698,0.00131,172.217.194.0-255,766,144492,33,227676
22699,0.00132,172.31.33.0-255,66,144558,33,227676
22700,0.001392,172.217.194.0-255,1484,146042,33,227676
22701,0.001406,172.217.194.0-255,2902,148944,33,227676
22702,0.001412,172.217.194.0-255,5738,154682,33,227676
22703,0.001417,172.31.33.0-255,66,154748,33,227676
22704,0.001493,172.217.194.0-255,2902,157650,33,227676
22705,0.001516,172.31.33.0-255,66,157716,33,227676
22706,0.002017,172.217.194.0-255,1484,159200,33,227676
22707,0.002021,172.217.194.0-255,1484,160684,33,227676
22708,0.002025,172.31.33.0-255,66,160750,33,227676
22709,0.002054,172.217.194.0-255,1484,162234,33,227676
22710,0.002061,172.217.194.0-255,5738,167972,33,227676
22711,0.002075,172.217.194.0-255,4320,172292,33,227676
22712,0.002083,172.31.33.0-255,66,172358,33,227676
22713,0.002099,172.217.194.0-255,5738,178096,33,227676
22714,0.002112,172.217.194.0-255,766,178862,33,227676
22715,0.00212,172.31.33.0-255,66,178928,33,227676
22716,0.002195,172.217.194.0-255,1484,180412,33,227676
22717,0.002201,172.217.194.0-255,2902,183314,33,227676
22718,0.002203,172.31.33.0-255,66,183380,33,227676
22719,0.002208,172.217.194.0-255,2902,186282,33,227676
22720,0.002226,172.217.194.0-255,2902,189184,33,227676
22721,0.00223,172.31.33.0-255,66,189250,33,227676
22722,0.002259,172.217.194.0-255,4320,193570,33,227676
22723,0.002284,172.31.33.0-255,66,193636,33,227676
22724,0.002293,172.217.194.0-255,5738,199374,33,227676
22725,0.002297,172.31.33.0-255,66,199440,33,227676
22726,0.002333,172.217.194.0-255,3602,203042,33,227676
22727,0.002339,172.217.194.0-255,7156,210198,33,227676
22728,0.002346,172.31.33.0-255,66,210264,33,227676
22729,0.004625,172.217.194.0-255,5738,216002,33,227676
22730,0.004632,172.31.33.0-255,66,216068,33,227676
22731,0.006916,172.217.194.0-255,5738,221806,33,227676
22732,0.006931,172.31.33.0-255,66,221872,33,227676
22733,0.009199,172.217.194.0-255,5738,227610,33,227676
22734,0.00921,172.31.33.0-255,66,227676,33,227676
22735,0.0,172.217.194.0-255,218,218,33,109622
22736,3e-05,172.31.33.0-255,66,284,33,109622
22737,3.6e-05,172.217.194.0-255,1484,1768,33,109622
22738,4e-05,172.31.33.0-255,66,1834,33,109622
22739,4.5e-05,172.217.194.0-255,4320,6154,33,109622
22740,4.8e-05,172.31.33.0-255,66,6220,33,109622
22741,5.4e-05,172.217.194.0-255,5738,11958,33,109622
22742,5.7e-05,172.31.33.0-255,66,12024,33,109622
22743,8.9e-05,172.217.194.0-255,1824,13848,33,109622
22744,9.1e-05,172.31.33.0-255,66,13914,33,109622
22745,0.000126,172.217.194.0-255,2902,16816,33,109622
22746,0.000129,172.31.33.0-255,66,16882,33,109622
22747,0.00015,172.217.194.0-255,5738,22620,33,109622
22748,0.000154,172.31.33.0-255,66,22686,33,109622
22749,0.000174,172.217.194.0-255,2902,25588,33,109622
22750,0.000176,172.31.33.0-255,66,25654,33,109622
22751,0.000198,172.31.33.0-255,66,25720,33,109622
22752,0.000204,172.217.194.0-255,7156,32876,33,109622
22753,0.000207,172.31.33.0-255,66,32942,33,109622
22754,0.00023,172.217.194.0-255,6797,39739,33,109622
22755,0.000232,172.31.33.0-255,66,39805,33,109622
22756,0.000247,172.217.194.0-255,4320,44125,33,109622
22757,0.000249,172.31.33.0-255,66,44191,33,109622
22758,0.000262,172.217.194.0-255,4320,48511,33,109622
22759,0.000264,172.31.33.0-255,66,48577,33,109622
22760,0.000295,172.217.194.0-255,2902,51479,33,109622
22761,0.000298,172.31.33.0-255,66,51545,33,109622
22762,0.000316,172.217.194.0-255,5654,57199,33,109622
22763,0.000319,172.31.33.0-255,66,57265,33,109622
22764,0.000321,172.217.194.0-255,122,57387,33,109622
22765,0.000323,172.31.33.0-255,66,57453,33,109622
22766,0.000355,172.217.194.0-255,379,57832,33,109622
22767,0.00069,172.217.194.0-255,1484,59316,33,109622
22768,0.000695,172.31.33.0-255,66,59382,33,109622
22769,0.000701,172.217.194.0-255,2902,62284,33,109622
22770,0.000703,172.31.33.0-255,66,62350,33,109622
22771,0.000708,172.217.194.0-255,2902,65252,33,109622
22772,0.00071,172.31.33.0-255,66,65318,33,109622
22773,0.000732,172.217.194.0-255,2902,68220,33,109622
22774,0.000735,172.31.33.0-255,66,68286,33,109622
22775,0.00074,172.217.194.0-255,2902,71188,33,109622
22776,0.000741,172.31.33.0-255,66,71254,33,109622
22777,0.000763,172.31.33.0-255,66,71320,33,109622
22778,0.000781,172.217.194.0-255,1484,72804,33,109622
22779,0.000787,172.217.194.0-255,5738,78542,33,109622
22780,0.000789,172.31.33.0-255,66,78608,33,109622
22781,0.000806,172.217.194.0-255,2902,81510,33,109622
22782,0.000808,172.31.33.0-255,66,81576,33,109622
22783,0.000812,172.217.194.0-255,2184,83760,33,109622
22784,0.000813,172.31.33.0-255,66,83826,33,109622
22785,0.001372,172.217.194.0-255,1484,85310,33,109622
22786,0.001381,172.217.194.0-255,2902,88212,33,109622
22787,0.001385,172.31.33.0-255,66,88278,33,109622
22788,0.001393,172.217.194.0-255,5738,94016,33,109622
22789,0.001395,172.31.33.0-255,66,94082,33,109622
22790,0.001434,172.31.33.0-255,66,94148,33,109622
22791,0.001445,172.31.33.0-255,66,94214,33,109622
22792,0.001448,172.217.194.0-255,766,94980,33,109622
22793,0.003661,172.217.194.0-255,4320,99300,33,109622
22794,0.003667,172.31.33.0-255,66,99366,33,109622
22795,0.005886,172.217.194.0-255,4320,103686,33,109622
22796,0.005889,172.31.33.0-255,66,103752,33,109622
22797,0.005905,172.217.194.0-255,1484,105236,33,109622
22798,0.008111,172.217.194.0-255,4320,109556,33,109622
22799,0.008118,172.31.33.0-255,66,109622,33,109622
22800,0.0,172.217.27.0-255,218,218,33,118802
22801,2.3e-05,172.31.33.0-255,66,284,33,118802
22802,2.9e-05,172.217.27.0-255,1484,1768,33,118802
22803,3.3e-05,172.31.33.0-255,66,1834,33,118802
22804,3.9e-05,172.217.27.0-255,4320,6154,33,118802
22805,4.2e-05,172.31.33.0-255,66,6220,33,118802
22806,4.6e-05,172.217.27.0-255,2902,9122,33,118802
22807,4.9e-05,172.31.33.0-255,66,9188,33,118802
22808,7e-05,172.217.27.0-255,4320,13508,33,118802
22809,7.3e-05,172.31.33.0-255,66,13574,33,118802
22810,7.6e-05,172.217.27.0-255,394,13968,33,118802
22811,7.8e-05,172.31.33.0-255,66,14034,33,118802
22812,0.000201,172.217.27.0-255,1484,15518,33,118802
22813,0.000206,172.31.33.0-255,66,15584,33,118802
22814,0.000211,172.217.27.0-255,2902,18486,33,118802
22815,0.000213,172.31.33.0-255,66,18552,33,118802
22816,0.000231,172.217.27.0-255,5738,24290,33,118802
22817,0.000234,172.31.33.0-255,66,24356,33,118802
22818,0.000264,172.217.27.0-255,6797,31153,33,118802
22819,0.000266,172.31.33.0-255,66,31219,33,118802
22820,0.000289,172.217.27.0-255,4320,35539,33,118802
22821,0.000291,172.31.33.0-255,66,35605,33,118802
22822,0.000307,172.217.27.0-255,2902,38507,33,118802
22823,0.00031,172.31.33.0-255,66,38573,33,118802
22824,0.000313,172.217.27.0-255,2902,41475,33,118802
22825,0.000315,172.31.33.0-255,66,41541,33,118802
22826,0.00032,172.217.27.0-255,4320,45861,33,118802
22827,0.000321,172.31.33.0-255,66,45927,33,118802
22828,0.000362,172.217.27.0-255,2543,48470,33,118802
22829,0.000364,172.31.33.0-255,66,48536,33,118802
22830,0.000407,172.217.27.0-255,1484,50020,33,118802
22831,0.000409,172.31.33.0-255,66,50086,33,118802
22832,0.000429,172.217.27.0-255,2902,52988,33,118802
22833,0.000434,172.217.27.0-255,2902,55890,33,118802
22834,0.00045,172.217.27.0-255,2902,58792,33,118802
22835,0.000455,172.217.27.0-255,4320,63112,33,118802
22836,0.000469,172.217.27.0-255,1484,64596,33,118802
22837,0.000498,172.31.33.0-255,66,64662,33,118802
22838,0.000506,172.217.27.0-255,1451,66113,33,118802
22839,0.00073,172.217.27.0-255,115,66228,33,118802
22840,0.000734,172.31.33.0-255,66,66294,33,118802
22841,0.00089,172.217.27.0-255,1484,67778,33,118802
22842,0.000902,172.217.27.0-255,2902,70680,33,118802
22843,0.000905,172.31.33.0-255,66,70746,33,118802
22844,0.000908,172.217.27.0-255,1484,72230,33,118802
22845,0.000933,172.217.27.0-255,2902,75132,33,118802
22846,0.000938,172.217.27.0-255,4320,79452,33,118802
22847,0.000943,172.31.33.0-255,66,79518,33,118802
22848,0.000953,172.217.27.0-255,1484,81002,33,118802
22849,0.000965,172.217.27.0-255,2902,83904,33,118802
22850,0.00097,172.31.33.0-255,66,83970,33,118802
22851,0.000995,172.217.27.0-255,1125,85095,33,118802
22852,0.001004,172.31.33.0-255,66,85161,33,118802
22853,0.001018,172.217.27.0-255,4320,89481,33,118802
22854,0.001026,172.31.33.0-255,66,89547,33,118802
22855,0.001033,172.217.27.0-255,1125,90672,33,118802
22856,0.00127,172.31.33.0-255,66,90738,33,118802
22857,0.002696,172.217.27.0-255,4320,95058,33,118802
22858,0.002702,172.31.33.0-255,66,95124,33,118802
22859,0.002928,172.217.27.0-255,1484,96608,33,118802
22860,0.004373,172.217.27.0-255,1484,98092,33,118802
22861,0.004379,172.31.33.0-255,66,98158,33,118802
22862,0.004398,172.217.27.0-255,2902,101060,33,118802
22863,0.00485,172.31.33.0-255,66,101126,33,118802
22864,0.006074,172.217.27.0-255,2902,104028,33,118802
22865,0.006079,172.31.33.0-255,66,104094,33,118802
22866,0.006519,172.217.27.0-255,2902,106996,33,118802
22867,0.006522,172.31.33.0-255,66,107062,33,118802
22868,0.007757,172.217.27.0-255,2902,109964,33,118802
22869,0.007763,172.31.33.0-255,66,110030,33,118802
22870,0.008181,172.217.27.0-255,2902,112932,33,118802
22871,0.008186,172.31.33.0-255,66,112998,33,118802
22872,0.009444,172.217.27.0-255,2902,115900,33,118802
22873,0.009852,172.217.27.0-255,2902,118802,33,118802
22874,0.0,172.31.33.0-255,105,105,33,105
22875,0.0,172.217.194.0-255,153,153,33,191082
22876,1.7e-05,172.31.33.0-255,66,219,33,191082
22877,2.4e-05,172.217.194.0-255,1484,1703,33,191082
22878,2.8e-05,172.31.33.0-255,66,1769,33,191082
22879,3.4e-05,172.217.194.0-255,2902,4671,33,191082
22880,3.6e-05,172.31.33.0-255,66,4737,33,191082
22881,4.3e-05,172.217.194.0-255,5738,10475,33,191082
22882,4.6e-05,172.31.33.0-255,66,10541,33,191082
22883,6.2e-05,172.217.194.0-255,1484,12025,33,191082
22884,6.5e-05,172.31.33.0-255,66,12091,33,191082
22885,9.1e-05,172.217.194.0-255,2095,14186,33,191082
22886,9.4e-05,172.31.33.0-255,66,14252,33,191082
22887,9.9e-05,172.217.194.0-255,4320,18572,33,191082
22888,0.000101,172.31.33.0-255,66,18638,33,191082
22889,0.000108,172.217.194.0-255,7156,25794,33,191082
22890,0.000111,172.31.33.0-255,66,25860,33,191082
22891,0.000131,172.217.194.0-255,2902,28762,33,191082
22892,0.000133,172.31.33.0-255,66,28828,33,191082
22893,0.000137,172.217.194.0-255,2543,31371,33,191082
22894,0.00014,172.31.33.0-255,66,31437,33,191082
22895,0.000169,172.217.194.0-255,1484,32921,33,191082
22896,0.000171,172.31.33.0-255,66,32987,33,191082
22897,0.000176,172.217.194.0-255,2902,35889,33,191082
22898,0.000178,172.31.33.0-255,66,35955,33,191082
22899,0.000182,172.217.194.0-255,2902,38857,33,191082
22900,0.000184,172.31.33.0-255,66,38923,33,191082
22901,0.000209,172.217.194.0-255,2902,41825,33,191082
22902,0.000211,172.31.33.0-255,66,41891,33,191082
22903,0.000224,172.217.194.0-255,2902,44793,33,191082
22904,0.000227,172.31.33.0-255,66,44859,33,191082
22905,0.000243,172.217.194.0-255,3961,48820,33,191082
22906,0.000245,172.31.33.0-255,66,48886,33,191082
22907,0.000706,172.217.194.0-255,1484,50370,33,191082
22908,0.000715,172.217.194.0-255,2902,53272,33,191082
22909,0.000719,172.31.33.0-255,66,53338,33,191082
22910,0.000723,172.217.194.0-255,1484,54822,33,191082
22911,0.000744,172.217.194.0-255,4320,59142,33,191082
22912,0.000747,172.31.33.0-255,66,59208,33,191082
22913,0.000777,172.217.194.0-255,2902,62110,33,191082
22914,0.00078,172.31.33.0-255,66,62176,33,191082
22915,0.000801,172.217.194.0-255,3961,66137,33,191082
22916,0.000804,172.31.33.0-255,66,66203,33,191082
22917,0.000858,172.217.194.0-255,7156,73359,33,191082
22918,0.00086,172.31.33.0-255,66,73425,33,191082
22919,0.000872,172.31.33.0-255,66,73491,33,191082
22920,0.000902,172.217.194.0-255,1706,75197,33,191082
22921,0.000904,172.31.33.0-255,66,75263,33,191082
22922,0.000921,172.217.194.0-255,2902,78165,33,191082
22923,0.000923,172.31.33.0-255,66,78231,33,191082
22924,0.000928,172.217.194.0-255,2902,81133,33,191082
22925,0.000929,172.31.33.0-255,66,81199,33,191082
22926,0.000954,172.217.194.0-255,4320,85519,33,191082
22927,0.000957,172.31.33.0-255,66,85585,33,191082
22928,0.000989,172.217.194.0-255,6797,92382,33,191082
22929,0.000992,172.31.33.0-255,66,92448,33,191082
22930,0.001399,172.217.194.0-255,1484,93932,33,191082
22931,0.001406,172.217.194.0-255,2902,96834,33,191082
22932,0.00141,172.31.33.0-255,66,96900,33,191082
22933,0.001416,172.217.194.0-255,4320,101220,33,191082
22934,0.001418,172.31.33.0-255,66,101286,33,191082
22935,0.001432,172.217.194.0-255,1484,102770,33,191082
22936,0.001458,172.217.194.0-255,6233,109003,33,191082
22937,0.001461,172.31.33.0-255,66,109069,33,191082
22938,0.001533,172.217.194.0-255,1484,110553,33,191082
22939,0.001552,172.217.194.0-255,2902,113455,33,191082
22940,0.001555,172.31.33.0-255,66,113521,33,191082
22941,0.001558,172.217.194.0-255,1484,115005,33,191082
22942,0.001573,172.217.194.0-255,4320,119325,33,191082
22943,0.001575,172.31.33.0-255,66,119391,33,191082
22944,0.001606,172.31.33.0-255,66,119457,33,191082
22945,0.001622,172.217.194.0-255,1484,120941,33,191082
22946,0.001648,172.217.194.0-255,5738,126679,33,191082
22947,0.001651,172.31.33.0-255,66,126745,33,191082
22948,0.001673,172.217.194.0-255,5020,131765,33,191082
22949,0.001675,172.31.33.0-255,66,131831,33,191082
22950,0.001778,172.217.194.0-255,1484,133315,33,191082
22951,0.001782,172.217.194.0-255,1484,134799,33,191082
22952,0.001786,172.31.33.0-255,66,134865,33,191082
22953,0.001801,172.217.194.0-255,1484,136349,33,191082
22954,0.001807,172.217.194.0-255,5738,142087,33,191082
22955,0.001809,172.31.33.0-255,66,142153,33,191082
22956,0.001842,172.217.194.0-255,2902,145055,33,191082
22957,0.001844,172.31.33.0-255,66,145121,33,191082
22958,0.001865,172.217.194.0-255,2951,148072,33,191082
22959,0.001868,172.31.33.0-255,66,148138,33,191082
22960,0.002254,172.217.194.0-255,1484,149622,33,191082
22961,0.00226,172.217.194.0-255,2902,152524,33,191082
22962,0.002264,172.31.33.0-255,66,152590,33,191082
22963,0.002271,172.217.194.0-255,5738,158328,33,191082
22964,0.002273,172.31.33.0-255,66,158394,33,191082
22965,0.002276,172.217.194.0-255,1484,159878,33,191082
22966,0.002303,172.217.194.0-255,7156,167034,33,191082
22967,0.002305,172.31.33.0-255,66,167100,33,191082
22968,0.002331,172.31.33.0-255,66,167166,33,191082
22969,0.002337,172.217.194.0-255,6438,173604,33,191082
22970,0.002339,172.31.33.0-255,66,173670,33,191082
22971,0.004605,172.217.194.0-255,5738,179408,33,191082
22972,0.004611,172.31.33.0-255,66,179474,33,191082
22973,0.006873,172.217.194.0-255,5738,185212,33,191082
22974,0.006878,172.31.33.0-255,66,185278,33,191082
22975,0.009169,172.217.194.0-255,5738,191016,33,191082
22976,0.009176,172.31.33.0-255,66,191082,33,191082
22977,0.0,172.217.194.0-255,150,150,33,192287
22978,3.3e-05,172.31.33.0-255,66,216,33,192287
22979,4e-05,172.217.194.0-255,1484,1700,33,192287
22980,4.4e-05,172.31.33.0-255,66,1766,33,192287
22981,4.8e-05,172.217.194.0-255,2902,4668,33,192287
22982,5.1e-05,172.31.33.0-255,66,4734,33,192287
22983,5.6e-05,172.217.194.0-255,2902,7636,33,192287
22984,5.9e-05,172.31.33.0-255,66,7702,33,192287
22985,8.8e-05,172.217.194.0-255,4320,12022,33,192287
22986,9.2e-05,172.31.33.0-255,66,12088,33,192287
22987,9.5e-05,172.217.194.0-255,2054,14142,33,192287
22988,9.7e-05,172.31.33.0-255,66,14208,33,192287
22989,0.000112,172.31.33.0-255,66,14274,33,192287
22990,0.000118,172.217.194.0-255,5379,19653,33,192287
22991,0.00012,172.31.33.0-255,66,19719,33,192287
22992,0.000214,172.217.194.0-255,1484,21203,33,192287
22993,0.000218,172.31.33.0-255,66,21269,33,192287
22994,0.000234,172.217.194.0-255,2902,24171,33,192287
22995,0.000237,172.31.33.0-255,66,24237,33,192287
22996,0.000243,172.217.194.0-255,5738,29975,33,192287
22997,0.000246,172.31.33.0-255,66,30041,33,192287
22998,0.000284,172.31.33.0-255,66,30107,33,192287
22999,0.000322,172.31.33.0-255,66,30173,33,192287
23000,0.000325,172.217.194.0-255,1416,31589,33,192287
23001,0.000328,172.31.33.0-255,66,31655,33,192287
23002,0.000351,172.217.194.0-255,364,32019,33,192287
23003,0.000354,172.31.33.0-255,66,32085,33,192287
23004,0.00061,172.217.194.0-255,1484,33569,33,192287
23005,0.000614,172.31.33.0-255,66,33635,33,192287
23006,0.000631,172.217.194.0-255,2902,36537,33,192287
23007,0.000634,172.31.33.0-255,66,36603,33,192287
23008,0.00064,172.217.194.0-255,5738,42341,33,192287
23009,0.000642,172.31.33.0-255,66,42407,33,192287
23010,0.00066,172.217.194.0-255,4320,46727,33,192287
23011,0.000662,172.31.33.0-255,66,46793,33,192287
23012,0.000699,172.31.33.0-255,66,46859,33,192287
23013,0.00071,172.31.33.0-255,66,46925,33,192287
23014,0.000762,172.217.194.0-255,2184,49109,33,192287
23015,0.000766,172.31.33.0-255,66,49175,33,192287
23016,0.000853,172.217.194.0-255,1484,50659,33,192287
23017,0.000872,172.217.194.0-255,2902,53561,33,192287
23018,0.000875,172.217.194.0-255,1484,55045,33,192287
23019,0.000879,172.31.33.0-255,66,55111,33,192287
23020,0.000895,172.217.194.0-255,4320,59431,33,192287
23021,0.000898,172.31.33.0-255,66,59497,33,192287
23022,0.000906,172.217.194.0-255,7156,66653,33,192287
23023,0.000908,172.31.33.0-255,66,66719,33,192287
23024,0.000931,172.217.194.0-255,5738,72457,33,192287
23025,0.000934,172.31.33.0-255,66,72523,33,192287
23026,0.000947,172.31.33.0-255,66,72589,33,192287
23027,0.001034,172.217.194.0-255,1484,74073,33,192287
23028,0.00105,172.217.194.0-255,2902,76975,33,192287
23029,0.001053,172.31.33.0-255,66,77041,33,192287
23030,0.001076,172.217.194.0-255,5738,82779,33,192287
23031,0.001079,172.31.33.0-255,66,82845,33,192287
23032,0.001085,172.217.194.0-255,4320,87165,33,192287
23033,0.001087,172.31.33.0-255,66,87231,33,192287
23034,0.001103,172.217.194.0-255,2902,90133,33,192287
23035,0.001106,172.31.33.0-255,66,90199,33,192287
23036,0.00111,172.217.194.0-255,2902,93101,33,192287
23037,0.001113,172.31.33.0-255,66,93167,33,192287
23038,0.00114,172.31.33.0-255,66,93233,33,192287
23039,0.001144,172.217.194.0-255,2184,95417,33,192287
23040,0.001148,172.31.33.0-255,66,95483,33,192287
23041,0.001309,172.217.194.0-255,1484,96967,33,192287
23042,0.001329,172.217.194.0-255,2902,99869,33,192287
23043,0.001333,172.31.33.0-255,66,99935,33,192287
23044,0.001338,172.217.194.0-255,4320,104255,33,192287
23045,0.001341,172.31.33.0-255,66,104321,33,192287
23046,0.001354,172.217.194.0-255,1484,105805,33,192287
23047,0.00137,172.217.194.0-255,2902,108707,33,192287
23048,0.001373,172.31.33.0-255,66,108773,33,192287
23049,0.001396,172.31.33.0-255,66,108839,33,192287
23050,0.001402,172.217.194.0-255,7156,115995,33,192287
23051,0.001405,172.31.33.0-255,66,116061,33,192287
23052,0.001423,172.217.194.0-255,3602,119663,33,192287
23053,0.001427,172.31.33.0-255,66,119729,33,192287
23054,0.001429,172.217.194.0-255,1484,121213,33,192287
23055,0.001461,172.217.194.0-255,2902,124115,33,192287
23056,0.001464,172.31.33.0-255,66,124181,33,192287
23057,0.00147,172.217.194.0-255,5738,129919,33,192287
23058,0.001472,172.31.33.0-255,66,129985,33,192287
23059,0.001508,172.31.33.0-255,66,130051,33,192287
23060,0.001533,172.217.194.0-255,2902,132953,33,192287
23061,0.001536,172.31.33.0-255,66,133019,33,192287
23062,0.001559,172.31.33.0-255,66,133085,33,192287
23063,0.001815,172.217.194.0-255,1484,134569,33,192287
23064,0.001822,172.217.194.0-255,2902,137471,33,192287
23065,0.001827,172.31.33.0-255,66,137537,33,192287
23066,0.001832,172.217.194.0-255,2902,140439,33,192287
23067,0.001834,172.31.33.0-255,66,140505,33,192287
23068,0.001847,172.217.194.0-255,2902,143407,33,192287
23069,0.001851,172.31.33.0-255,66,143473,33,192287
23070,0.001855,172.217.194.0-255,2902,146375,33,192287
23071,0.001857,172.31.33.0-255,66,146441,33,192287
23072,0.00189,172.217.194.0-255,7156,153597,33,192287
23073,0.001895,172.31.33.0-255,66,153663,33,192287
23074,0.0019,172.217.194.0-255,4320,157983,33,192287
23075,0.001902,172.31.33.0-255,66,158049,33,192287
23076,0.001921,172.217.194.0-255,5738,163787,33,192287
23077,0.001924,172.31.33.0-255,66,163853,33,192287
23078,0.001938,172.217.194.0-255,2902,166755,33,192287
23079,0.00194,172.31.33.0-255,66,166821,33,192287
23080,0.001967,172.31.33.0-255,66,166887,33,192287
23081,0.002043,172.217.194.0-255,2184,169071,33,192287
23082,0.002324,172.217.194.0-255,1484,170555,33,192287
23083,0.002339,172.217.194.0-255,2902,173457,33,192287
23084,0.002352,172.217.194.0-255,4320,177777,33,192287
23085,0.002361,172.217.194.0-255,1484,179261,33,192287
23086,0.002366,172.217.194.0-255,4320,183581,33,192287
23087,0.002407,172.217.194.0-255,1484,185065,33,192287
23088,0.00244,172.217.194.0-255,7156,192221,33,192287
23089,0.008606,172.31.33.0-255,66,192287,33,192287
23090,0.0,74.125.24.0-255,153,153,33,142623
23091,2.6e-05,172.31.33.0-255,66,219,33,142623
23092,3.3e-05,74.125.24.0-255,1484,1703,33,142623
23093,3.9e-05,172.31.33.0-255,66,1769,33,142623
23094,4.3e-05,74.125.24.0-255,2902,4671,33,142623
23095,4.6e-05,172.31.33.0-255,66,4737,33,142623
23096,7.5e-05,74.125.24.0-255,7156,11893,33,142623
23097,7.7e-05,172.31.33.0-255,66,11959,33,142623
23098,0.000101,172.31.33.0-255,66,12025,33,142623
23099,0.000143,172.31.33.0-255,66,12091,33,142623
23100,0.000207,74.125.24.0-255,1484,13575,33,142623
23101,0.00021,172.31.33.0-255,66,13641,33,142623
23102,0.000231,74.125.24.0-255,2902,16543,33,142623
23103,0.000233,172.31.33.0-255,66,16609,33,142623
23104,0.00024,74.125.24.0-255,5738,22347,33,142623
23105,0.000243,172.31.33.0-255,66,22413,33,142623
23106,0.000284,172.31.33.0-255,66,22479,33,142623
23107,0.000305,74.125.24.0-255,5379,27858,33,142623
23108,0.000308,172.31.33.0-255,66,27924,33,142623
23109,0.000311,74.125.24.0-255,1484,29408,33,142623
23110,0.000314,172.31.33.0-255,66,29474,33,142623
23111,0.000349,74.125.24.0-255,5738,35212,33,142623
23112,0.000354,172.31.33.0-255,66,35278,33,142623
23113,0.000363,74.125.24.0-255,2822,38100,33,142623
23114,0.000365,172.31.33.0-255,66,38166,33,142623
23115,0.000491,74.125.24.0-255,377,38543,33,142623
23116,0.000495,172.31.33.0-255,66,38609,33,142623
23117,0.000581,74.125.24.0-255,1484,40093,33,142623
23118,0.000585,172.31.33.0-255,66,40159,33,142623
23119,0.000591,74.125.24.0-255,2902,43061,33,142623
23120,0.000593,172.31.33.0-255,66,43127,33,142623
23121,0.000598,74.125.24.0-255,2902,46029,33,142623
23122,0.0006,172.31.33.0-255,66,46095,33,142623
23123,0.00062,74.125.24.0-255,2902,48997,33,142623
23124,0.000623,172.31.33.0-255,66,49063,33,142623
23125,0.00066,172.31.33.0-255,66,49129,33,142623
23126,0.000664,74.125.24.0-255,1484,50613,33,142623
23127,0.000703,172.31.33.0-255,66,50679,33,142623
23128,0.000765,74.125.24.0-255,1484,52163,33,142623
23129,0.000778,74.125.24.0-255,2902,55065,33,142623
23130,0.000781,172.31.33.0-255,66,55131,33,142623
23131,0.000788,74.125.24.0-255,5738,60869,33,142623
23132,0.000791,172.31.33.0-255,66,60935,33,142623
23133,0.00083,172.31.33.0-255,66,61001,33,142623
23134,0.000835,74.125.24.0-255,2902,63903,33,142623
23135,0.000837,172.31.33.0-255,66,63969,33,142623
23136,0.00086,172.31.33.0-255,66,64035,33,142623
23137,0.000888,74.125.24.0-255,4320,68355,33,142623
23138,0.000892,172.31.33.0-255,66,68421,33,142623
23139,0.000915,172.31.33.0-255,66,68487,33,142623
23140,0.000946,172.31.33.0-255,66,68553,33,142623
23141,0.000969,74.125.24.0-255,5738,74291,33,142623
23142,0.000972,172.31.33.0-255,66,74357,33,142623
23143,0.000976,74.125.24.0-255,766,75123,33,142623
23144,0.000992,74.125.24.0-255,1484,76607,33,142623
23145,0.000995,172.31.33.0-255,66,76673,33,142623
23146,0.001033,74.125.24.0-255,2902,79575,33,142623
23147,0.001036,172.31.33.0-255,66,79641,33,142623
23148,0.001043,74.125.24.0-255,5738,85379,33,142623
23149,0.001046,172.31.33.0-255,66,85445,33,142623
23150,0.001049,74.125.24.0-255,2902,88347,33,142623
23151,0.001051,172.31.33.0-255,66,88413,33,142623
23152,0.001054,74.125.24.0-255,1484,89897,33,142623
23153,0.001083,172.31.33.0-255,66,89963,33,142623
23154,0.001098,74.125.24.0-255,2902,92865,33,142623
23155,0.001101,172.31.33.0-255,66,92931,33,142623
23156,0.001125,172.31.33.0-255,66,92997,33,142623
23157,0.001248,74.125.24.0-255,1484,94481,33,142623
23158,0.001265,74.125.24.0-255,2902,97383,33,142623
23159,0.001268,172.31.33.0-255,66,97449,33,142623
23160,0.001274,74.125.24.0-255,5738,103187,33,142623
23161,0.001275,172.31.33.0-255,66,103253,33,142623
23162,0.001299,172.31.33.0-255,66,103319,33,142623
23163,0.001306,74.125.24.0-255,7156,110475,33,142623
23164,0.001308,172.31.33.0-255,66,110541,33,142623
23165,0.001329,74.125.24.0-255,2902,113443,33,142623
23166,0.001332,172.31.33.0-255,66,113509,33,142623
23167,0.001335,74.125.24.0-255,766,114275,33,142623
23168,0.001395,74.125.24.0-255,1484,115759,33,142623
23169,0.001398,172.31.33.0-255,66,115825,33,142623
23170,0.001403,74.125.24.0-255,2902,118727,33,142623
23171,0.001405,172.31.33.0-255,66,118793,33,142623
23172,0.001409,74.125.24.0-255,2902,121695,33,142623
23173,0.001411,172.31.33.0-255,66,121761,33,142623
23174,0.001428,74.125.24.0-255,2902,124663,33,142623
23175,0.001432,172.31.33.0-255,66,124729,33,142623
23176,0.001489,172.31.33.0-255,66,124795,33,142623
23177,0.001499,172.31.33.0-255,66,124861,33,142623
23178,0.001515,74.125.24.0-255,4320,129181,33,142623
23179,0.001517,172.31.33.0-255,66,129247,33,142623
23180,0.001558,172.31.33.0-255,66,129313,33,142623
23181,0.001563,172.31.33.0-255,66,129379,33,142623
23182,0.001593,172.31.33.0-255,66,129445,33,142623
23183,0.001606,172.31.33.0-255,66,129511,33,142623
23184,0.001617,74.125.24.0-255,2902,132413,33,142623
23185,0.00162,172.31.33.0-255,66,132479,33,142623
23186,0.001623,74.125.24.0-255,1484,133963,33,142623
23187,0.001676,172.31.33.0-255,66,134029,33,142623
23188,0.001687,172.31.33.0-255,66,134095,33,142623
23189,0.001706,172.31.33.0-255,66,134161,33,142623
23190,0.001721,74.125.24.0-255,5020,139181,33,142623
23191,0.001723,172.31.33.0-255,66,139247,33,142623
23192,0.001727,74.125.24.0-255,2902,142149,33,142623
23193,0.00173,172.31.33.0-255,66,142215,33,142623
23194,0.001757,172.31.33.0-255,66,142281,33,142623
23195,0.00176,74.125.24.0-255,105,142386,33,142623
23196,0.003039,172.31.33.0-255,66,142452,33,142623
23197,0.003063,172.31.33.0-255,105,142557,33,142623
23198,0.005619,74.125.24.0-255,66,142623,33,142623
23199,0.0,74.125.24.0-255,146,146,33,255053
23200,2.2e-05,172.31.33.0-255,66,212,33,255053
23201,2.8e-05,74.125.24.0-255,1484,1696,33,255053
23202,3.2e-05,172.31.33.0-255,66,1762,33,255053
23203,3.7e-05,74.125.24.0-255,2902,4664,33,255053
23204,4e-05,172.31.33.0-255,66,4730,33,255053
23205,4.7e-05,74.125.24.0-255,7156,11886,33,255053
23206,5e-05,172.31.33.0-255,66,11952,33,255053
23207,5.4e-05,74.125.24.0-255,2144,14096,33,255053
23208,5.6e-05,172.31.33.0-255,66,14162,33,255053
23209,9.1e-05,172.31.33.0-255,66,14228,33,255053
23210,0.000109,74.125.24.0-255,2902,17130,33,255053
23211,0.000111,172.31.33.0-255,66,17196,33,255053
23212,0.000117,74.125.24.0-255,5379,22575,33,255053
23213,0.000119,172.31.33.0-255,66,22641,33,255053
23214,0.000173,74.125.24.0-255,1484,24125,33,255053
23215,0.000175,172.31.33.0-255,66,24191,33,255053
23216,0.00018,74.125.24.0-255,2902,27093,33,255053
23217,0.000182,172.31.33.0-255,66,27159,33,255053
23218,0.000186,74.125.24.0-255,2902,30061,33,255053
23219,0.000188,172.31.33.0-255,66,30127,33,255053
23220,0.000202,74.125.24.0-255,2902,33029,33,255053
23221,0.000204,172.31.33.0-255,66,33095,33,255053
23222,0.000206,74.125.24.0-255,1484,34579,33,255053
23223,0.000208,172.31.33.0-255,66,34645,33,255053
23224,0.000222,74.125.24.0-255,5379,40024,33,255053
23225,0.000224,172.31.33.0-255,66,40090,33,255053
23226,0.000265,172.31.33.0-255,66,40156,33,255053
23227,0.000287,74.125.24.0-255,2841,42997,33,255053
23228,0.000289,172.31.33.0-255,66,43063,33,255053
23229,0.000376,74.125.24.0-255,379,43442,33,255053
23230,0.000378,172.31.33.0-255,66,43508,33,255053
23231,0.000482,74.125.24.0-255,1484,44992,33,255053
23232,0.000486,172.31.33.0-255,66,45058,33,255053
23233,0.000489,74.125.24.0-255,1484,46542,33,255053
23234,0.000491,172.31.33.0-255,66,46608,33,255053
23235,0.000507,74.125.24.0-255,1484,48092,33,255053
23236,0.000509,172.31.33.0-255,66,48158,33,255053
23237,0.000516,74.125.24.0-255,5738,53896,33,255053
23238,0.000518,172.31.33.0-255,66,53962,33,255053
23239,0.000523,74.125.24.0-255,4320,58282,33,255053
23240,0.000525,172.31.33.0-255,66,58348,33,255053
23241,0.000562,74.125.24.0-255,2543,60891,33,255053
23242,0.000565,172.31.33.0-255,66,60957,33,255053
23243,0.000603,74.125.24.0-255,2902,63859,33,255053
23244,0.000607,172.31.33.0-255,66,63925,33,255053
23245,0.000613,74.125.24.0-255,4320,68245,33,255053
23246,0.000616,172.31.33.0-255,66,68311,33,255053
23247,0.00062,74.125.24.0-255,2902,71213,33,255053
23248,0.000622,172.31.33.0-255,66,71279,33,255053
23249,0.000649,74.125.24.0-255,5738,77017,33,255053
23250,0.000652,172.31.33.0-255,66,77083,33,255053
23251,0.000674,74.125.24.0-255,5738,82821,33,255053
23252,0.000679,172.31.33.0-255,66,82887,33,255053
23253,0.00071,172.31.33.0-255,66,82953,33,255053
23254,0.000725,172.31.33.0-255,66,83019,33,255053
23255,0.000744,74.125.24.0-255,5738,88757,33,255053
23256,0.000758,74.125.24.0-255,766,89523,33,255053
23257,0.000761,74.125.24.0-255,1484,91007,33,255053
23258,0.000781,74.125.24.0-255,4320,95327,33,255053
23259,0.000785,172.31.33.0-255,66,95393,33,255053
23260,0.000797,74.125.24.0-255,2902,98295,33,255053
23261,0.0008,172.31.33.0-255,66,98361,33,255053
23262,0.000813,74.125.24.0-255,5738,104099,33,255053
23263,0.000832,74.125.24.0-255,2902,107001,33,255053
23264,0.000859,172.31.33.0-255,66,107067,33,255053
23265,0.000867,74.125.24.0-255,1484,108551,33,255053
23266,0.000888,74.125.24.0-255,766,109317,33,255053
23267,0.0009,172.31.33.0-255,66,109383,33,255053
23268,0.001224,74.125.24.0-255,1484,110867,33,255053
23269,0.001232,74.125.24.0-255,2902,113769,33,255053
23270,0.001235,172.31.33.0-255,66,113835,33,255053
23271,0.001259,74.125.24.0-255,4320,118155,33,255053
23272,0.001264,172.31.33.0-255,66,118221,33,255053
23273,0.001277,74.125.24.0-255,1484,119705,33,255053
23274,0.00128,74.125.24.0-255,1484,121189,33,255053
23275,0.001291,172.31.33.0-255,66,121255,33,255053
23276,0.001306,74.125.24.0-255,7156,128411,33,255053
23277,0.001312,74.125.24.0-255,4320,132731,33,255053
23278,0.001329,74.125.24.0-255,5738,138469,33,255053
23279,0.001337,172.31.33.0-255,66,138535,33,255053
23280,0.001352,74.125.24.0-255,5020,143555,33,255053
23281,0.001367,172.31.33.0-255,66,143621,33,255053
23282,0.001377,74.125.24.0-255,1484,145105,33,255053
23283,0.001392,74.125.24.0-255,2902,148007,33,255053
23284,0.001396,74.125.24.0-255,2902,150909,33,255053
23285,0.001408,172.31.33.0-255,66,150975,33,255053
23286,0.001412,74.125.24.0-255,2902,153877,33,255053
23287,0.001417,172.31.33.0-255,66,153943,33,255053
23288,0.001429,74.125.24.0-255,5738,159681,33,255053
23289,0.001441,172.31.33.0-255,66,159747,33,255053
23290,0.001454,74.125.24.0-255,7156,166903,33,255053
23291,0.001458,74.125.24.0-255,2902,169805,33,255053
23292,0.001469,172.31.33.0-255,66,169871,33,255053
23293,0.001486,74.125.24.0-255,5738,175609,33,255053
23294,0.0015,172.31.33.0-255,66,175675,33,255053
23295,0.001505,74.125.24.0-255,2184,177859,33,255053
23296,0.001509,172.31.33.0-255,66,177925,33,255053
23297,0.001528,74.125.24.0-255,4320,182245,33,255053
23298,0.001545,74.125.24.0-255,4320,186565,33,255053
23299,0.001557,74.125.24.0-255,7156,193721,33,255053
23300,0.001601,74.125.24.0-255,5738,199459,33,255053
23301,0.001606,172.31.33.0-255,66,199525,33,255053
23302,0.001631,74.125.24.0-255,766,200291,33,255053
23303,0.001649,172.31.33.0-255,66,200357,33,255053
23304,0.001951,74.125.24.0-255,1484,201841,33,255053
23305,0.001956,74.125.24.0-255,2902,204743,33,255053
23306,0.001959,172.31.33.0-255,66,204809,33,255053
23307,0.001964,74.125.24.0-255,2902,207711,33,255053
23308,0.00198,74.125.24.0-255,2902,210613,33,255053
23309,0.001985,74.125.24.0-255,4320,214933,33,255053
23310,0.001992,172.31.33.0-255,66,214999,33,255053
23311,0.002,74.125.24.0-255,1484,216483,33,255053
23312,0.002027,172.31.33.0-255,66,216549,33,255053
23313,0.002034,74.125.24.0-255,1484,218033,33,255053
23314,0.002048,74.125.24.0-255,5738,223771,33,255053
23315,0.002059,74.125.24.0-255,766,224537,33,255053
23316,0.002064,172.31.33.0-255,66,224603,33,255053
23317,0.002126,74.125.24.0-255,1484,226087,33,255053
23318,0.002131,74.125.24.0-255,2902,228989,33,255053
23319,0.00214,172.31.33.0-255,66,229055,33,255053
23320,0.002153,74.125.24.0-255,5738,234793,33,255053
23321,0.002166,74.125.24.0-255,2902,237695,33,255053
23322,0.002171,172.31.33.0-255,66,237761,33,255053
23323,0.002199,172.31.33.0-255,66,237827,33,255053
23324,0.002229,172.31.33.0-255,66,237893,33,255053
23325,0.002238,74.125.24.0-255,2902,240795,33,255053
23326,0.002251,74.125.24.0-255,5738,246533,33,255053
23327,0.002274,172.31.33.0-255,66,246599,33,255053
23328,0.002278,172.31.33.0-255,66,246665,33,255053
23329,0.002298,74.125.24.0-255,6438,253103,33,255053
23330,0.002305,172.31.33.0-255,66,253169,33,255053
23331,0.002361,74.125.24.0-255,1484,254653,33,255053
23332,0.002367,172.31.33.0-255,66,254719,33,255053
23333,0.002419,172.31.33.0-255,66,254785,33,255053
23334,0.002423,172.31.33.0-255,66,254851,33,255053
23335,0.002446,74.125.24.0-255,97,254948,33,255053
23336,0.004669,74.125.24.0-255,105,255053,33,255053
23337,0.0,74.125.24.0-255,153,153,33,188707
23338,2.9e-05,172.31.33.0-255,66,219,33,188707
23339,3.5e-05,74.125.24.0-255,1484,1703,33,188707
23340,3.8e-05,172.31.33.0-255,66,1769,33,188707
23341,4.2e-05,74.125.24.0-255,2902,4671,33,188707
23342,4.5e-05,172.31.33.0-255,66,4737,33,188707
23343,5.9e-05,74.125.24.0-255,7156,11893,33,188707
23344,6.1e-05,172.31.33.0-255,66,11959,33,188707
23345,0.000125,74.125.24.0-255,2011,13970,33,188707
23346,0.000128,172.31.33.0-255,66,14036,33,188707
23347,0.00017,74.125.24.0-255,1484,15520,33,188707
23348,0.000173,172.31.33.0-255,66,15586,33,188707
23349,0.000197,74.125.24.0-255,1484,17070,33,188707
23350,0.0002,172.31.33.0-255,66,17136,33,188707
23351,0.000204,74.125.24.0-255,2902,20038,33,188707
23352,0.000206,172.31.33.0-255,66,20104,33,188707
23353,0.000212,74.125.24.0-255,7156,27260,33,188707
23354,0.000219,172.31.33.0-255,66,27326,33,188707
23355,0.000254,172.31.33.0-255,66,27392,33,188707
23356,0.000284,74.125.24.0-255,3961,31353,33,188707
23357,0.000286,172.31.33.0-255,66,31419,33,188707
23358,0.000299,172.31.33.0-255,66,31485,33,188707
23359,0.000316,172.31.33.0-255,66,31551,33,188707
23360,0.000318,74.125.24.0-255,109,31660,33,188707
23361,0.00032,172.31.33.0-255,66,31726,33,188707
23362,0.000448,74.125.24.0-255,1484,33210,33,188707
23363,0.000453,172.31.33.0-255,66,33276,33,188707
23364,0.000458,74.125.24.0-255,2902,36178,33,188707
23365,0.00046,172.31.33.0-255,66,36244,33,188707
23366,0.000496,74.125.24.0-255,5738,41982,33,188707
23367,0.000499,172.31.33.0-255,66,42048,33,188707
23368,0.000514,172.31.33.0-255,66,42114,33,188707
23369,0.000582,172.31.33.0-255,66,42180,33,188707
23370,0.000611,74.125.24.0-255,1484,43664,33,188707
23371,0.000627,74.125.24.0-255,2902,46566,33,188707
23372,0.00063,172.31.33.0-255,66,46632,33,188707
23373,0.000661,74.125.24.0-255,4320,50952,33,188707
23374,0.000664,172.31.33.0-255,66,51018,33,188707
23375,0.00067,74.125.24.0-255,5738,56756,33,188707
23376,0.000673,172.31.33.0-255,66,56822,33,188707
23377,0.000675,74.125.24.0-255,5738,62560,33,188707
23378,0.000677,172.31.33.0-255,66,62626,33,188707
23379,0.000701,74.125.24.0-255,5738,68364,33,188707
23380,0.000708,172.31.33.0-255,66,68430,33,188707
23381,0.000717,172.31.33.0-255,66,68496,33,188707
23382,0.000782,74.125.24.0-255,1484,69980,33,188707
23383,0.000797,74.125.24.0-255,2902,72882,33,188707
23384,0.000801,172.31.33.0-255,66,72948,33,188707
23385,0.000806,74.125.24.0-255,2902,75850,33,188707
23386,0.000808,172.31.33.0-255,66,75916,33,188707
23387,0.00083,74.125.24.0-255,2902,78818,33,188707
23388,0.000832,172.31.33.0-255,66,78884,33,188707
23389,0.000841,74.125.24.0-255,4320,83204,33,188707
23390,0.000843,172.31.33.0-255,66,83270,33,188707
23391,0.000879,172.31.33.0-255,66,83336,33,188707
23392,0.000888,172.31.33.0-255,66,83402,33,188707
23393,0.000915,74.125.24.0-255,2184,85586,33,188707
23394,0.000917,172.31.33.0-255,66,85652,33,188707
23395,0.000973,74.125.24.0-255,1484,87136,33,188707
23396,0.000978,74.125.24.0-255,2902,90038,33,188707
23397,0.000981,172.31.33.0-255,66,90104,33,188707
23398,0.001009,74.125.24.0-255,5738,95842,33,188707
23399,0.001012,172.31.33.0-255,66,95908,33,188707
23400,0.001017,74.125.24.0-255,4320,100228,33,188707
23401,0.001019,172.31.33.0-255,66,100294,33,188707
23402,0.001022,74.125.24.0-255,1484,101778,33,188707
23403,0.001048,172.31.33.0-255,66,101844,33,188707
23404,0.001052,74.125.24.0-255,2902,104746,33,188707
23405,0.001054,172.31.33.0-255,66,104812,33,188707
23406,0.001088,74.125.24.0-255,5020,109832,33,188707
23407,0.001091,172.31.33.0-255,66,109898,33,188707
23408,0.001172,74.125.24.0-255,1484,111382,33,188707
23409,0.001176,74.125.24.0-255,1484,112866,33,188707
23410,0.001179,172.31.33.0-255,66,112932,33,188707
23411,0.001204,74.125.24.0-255,1484,114416,33,188707
23412,0.00121,74.125.24.0-255,5738,120154,33,188707
23413,0.001212,172.31.33.0-255,66,120220,33,188707
23414,0.001219,74.125.24.0-255,5738,125958,33,188707
23415,0.001221,172.31.33.0-255,66,126024,33,188707
23416,0.001225,74.125.24.0-255,2902,128926,33,188707
23417,0.001227,172.31.33.0-255,66,128992,33,188707
23418,0.001276,172.31.33.0-255,66,129058,33,188707
23419,0.001282,74.125.24.0-255,5020,134078,33,188707
23420,0.001284,172.31.33.0-255,66,134144,33,188707
23421,0.001312,74.125.24.0-255,5738,139882,33,188707
23422,0.001315,172.31.33.0-255,66,139948,33,188707
23423,0.001319,74.125.24.0-255,2902,142850,33,188707
23424,0.001321,172.31.33.0-255,66,142916,33,188707
23425,0.001363,172.31.33.0-255,66,142982,33,188707
23426,0.001367,74.125.24.0-255,2902,145884,33,188707
23427,0.001369,172.31.33.0-255,66,145950,33,188707
23428,0.001388,74.125.24.0-255,1484,147434,33,188707
23429,0.001414,172.31.33.0-255,66,147500,33,188707
23430,0.001447,74.125.24.0-255,1484,148984,33,188707
23431,0.001451,74.125.24.0-255,2902,151886,33,188707
23432,0.001453,172.31.33.0-255,66,151952,33,188707
23433,0.001508,74.125.24.0-255,5738,157690,33,188707
23434,0.00151,172.31.33.0-255,66,157756,33,188707
23435,0.001522,172.31.33.0-255,66,157822,33,188707
23436,0.001535,172.31.33.0-255,66,157888,33,188707
23437,0.001558,74.125.24.0-255,2184,160072,33,188707
23438,0.00156,172.31.33.0-255,66,160138,33,188707
23439,0.001593,74.125.24.0-255,1484,161622,33,188707
23440,0.001598,74.125.24.0-255,2902,164524,33,188707
23441,0.0016,172.31.33.0-255,66,164590,33,188707
23442,0.001606,74.125.24.0-255,5738,170328,33,188707
23443,0.001608,172.31.33.0-255,66,170394,33,188707
23444,0.001635,172.31.33.0-255,66,170460,33,188707
23445,0.001658,74.125.24.0-255,5738,176198,33,188707
23446,0.00166,172.31.33.0-255,66,176264,33,188707
23447,0.001694,172.31.33.0-255,66,176330,33,188707
23448,0.001705,172.31.33.0-255,66,176396,33,188707
23449,0.001748,74.125.24.0-255,1484,177880,33,188707
23450,0.001761,74.125.24.0-255,2902,180782,33,188707
23451,0.001763,172.31.33.0-255,66,180848,33,188707
23452,0.001792,172.31.33.0-255,66,180914,33,188707
23453,0.001824,172.31.33.0-255,66,180980,33,188707
23454,0.00183,74.125.24.0-255,7156,188136,33,188707
23455,0.001832,172.31.33.0-255,66,188202,33,188707
23456,0.001877,172.31.33.0-255,66,188268,33,188707
23457,0.001879,74.125.24.0-255,97,188365,33,188707
23458,0.001881,74.125.24.0-255,105,188470,33,188707
23459,0.005357,172.31.33.0-255,66,188536,33,188707
23460,0.00539,172.31.33.0-255,105,188641,33,188707
23461,0.007403,74.125.24.0-255,66,188707,33,188707
23462,0.0,172.217.194.0-255,219,219,33,224424
23463,2.4e-05,172.31.33.0-255,66,285,33,224424
23464,2.9e-05,172.217.194.0-255,1484,1769,33,224424
23465,3.3e-05,172.31.33.0-255,66,1835,33,224424
23466,5.5e-05,172.217.194.0-255,1484,3319,33,224424
23467,5.7e-05,172.31.33.0-255,66,3385,33,224424
23468,7.1e-05,172.217.194.0-255,2902,6287,33,224424
23469,7.3e-05,172.31.33.0-255,66,6353,33,224424
23470,8.2e-05,172.217.194.0-255,1484,7837,33,224424
23471,8.4e-05,172.31.33.0-255,66,7903,33,224424
23472,0.000121,172.217.194.0-255,6141,14044,33,224424
23473,0.000124,172.31.33.0-255,66,14110,33,224424
23474,0.000127,172.217.194.0-255,1484,15594,33,224424
23475,0.000129,172.31.33.0-255,66,15660,33,224424
23476,0.000166,172.217.194.0-255,7156,22816,33,224424
23477,0.000169,172.31.33.0-255,66,22882,33,224424
23478,0.000175,172.217.194.0-255,7156,30038,33,224424
23479,0.000177,172.31.33.0-255,66,30104,33,224424
23480,0.000197,172.217.194.0-255,1125,31229,33,224424
23481,0.000199,172.31.33.0-255,66,31295,33,224424
23482,0.000358,172.217.194.0-255,1484,32779,33,224424
23483,0.000366,172.31.33.0-255,66,32845,33,224424
23484,0.000389,172.217.194.0-255,2902,35747,33,224424
23485,0.000392,172.31.33.0-255,66,35813,33,224424
23486,0.000398,172.217.194.0-255,4320,40133,33,224424
23487,0.0004,172.31.33.0-255,66,40199,33,224424
23488,0.000419,172.217.194.0-255,1484,41683,33,224424
23489,0.000422,172.31.33.0-255,66,41749,33,224424
23490,0.000425,172.217.194.0-255,6797,48546,33,224424
23491,0.000428,172.31.33.0-255,66,48612,33,224424
23492,0.00047,172.31.33.0-255,66,48678,33,224424
23493,0.000499,172.217.194.0-255,4320,52998,33,224424
23494,0.000502,172.217.194.0-255,2796,55794,33,224424
23495,0.000504,172.31.33.0-255,66,55860,33,224424
23496,0.000507,172.31.33.0-255,66,55926,33,224424
23497,0.000519,172.217.194.0-255,118,56044,33,224424
23498,0.000603,172.217.194.0-255,1484,57528,33,224424
23499,0.000606,172.31.33.0-255,66,57594,33,224424
23500,0.000612,172.217.194.0-255,2902,60496,33,224424
23501,0.000614,172.31.33.0-255,66,60562,33,224424
23502,0.000617,172.217.194.0-255,1484,62046,33,224424
23503,0.000632,172.217.194.0-255,4320,66366,33,224424
23504,0.000635,172.217.194.0-255,1484,67850,33,224424
23505,0.000636,172.31.33.0-255,66,67916,33,224424
23506,0.000658,172.217.194.0-255,5379,73295,33,224424
23507,0.000661,172.31.33.0-255,66,73361,33,224424
23508,0.000707,172.217.194.0-255,5738,79099,33,224424
23509,0.00071,172.31.33.0-255,66,79165,33,224424
23510,0.000744,172.31.33.0-255,66,79231,33,224424
23511,0.00075,172.217.194.0-255,5738,84969,33,224424
23512,0.000752,172.31.33.0-255,66,85035,33,224424
23513,0.000772,172.217.194.0-255,2902,87937,33,224424
23514,0.000775,172.31.33.0-255,66,88003,33,224424
23515,0.000786,172.31.33.0-255,66,88069,33,224424
23516,0.00083,172.31.33.0-255,66,88135,33,224424
23517,0.000863,172.31.33.0-255,66,88201,33,224424
23518,0.000887,172.217.194.0-255,2902,91103,33,224424
23519,0.000889,172.31.33.0-255,66,91169,33,224424
23520,0.000903,172.31.33.0-255,66,91235,33,224424
23521,0.00091,172.217.194.0-255,5020,96255,33,224424
23522,0.000913,172.31.33.0-255,66,96321,33,224424
23523,0.000972,172.217.194.0-255,1484,97805,33,224424
23524,0.000984,172.217.194.0-255,1484,99289,33,224424
23525,0.000987,172.31.33.0-255,66,99355,33,224424
23526,0.001008,172.217.194.0-255,1484,100839,33,224424
23527,0.00102,172.217.194.0-255,2902,103741,33,224424
23528,0.001022,172.31.33.0-255,66,103807,33,224424
23529,0.001046,172.217.194.0-255,2902,106709,33,224424
23530,0.001049,172.31.33.0-255,66,106775,33,224424
23531,0.00106,172.31.33.0-255,66,106841,33,224424
23532,0.001068,172.217.194.0-255,1484,108325,33,224424
23533,0.001078,172.31.33.0-255,66,108391,33,224424
23534,0.00115,172.31.33.0-255,66,108457,33,224424
23535,0.001171,172.31.33.0-255,66,108523,33,224424
23536,0.001174,172.217.194.0-255,1484,110007,33,224424
23537,0.001176,172.217.194.0-255,766,110773,33,224424
23538,0.001178,172.31.33.0-255,66,110839,33,224424
23539,0.001235,172.217.194.0-255,1484,112323,33,224424
23540,0.001239,172.217.194.0-255,2902,115225,33,224424
23541,0.001242,172.31.33.0-255,66,115291,33,224424
23542,0.001248,172.217.194.0-255,5738,121029,33,224424
23543,0.00125,172.31.33.0-255,66,121095,33,224424
23544,0.001269,172.217.194.0-255,4320,125415,33,224424
23545,0.001276,172.31.33.0-255,66,125481,33,224424
23546,0.001304,172.217.194.0-255,5738,131219,33,224424
23547,0.001307,172.217.194.0-255,1484,132703,33,224424
23548,0.001308,172.31.33.0-255,66,132769,33,224424
23549,0.001321,172.217.194.0-255,5738,138507,33,224424
23550,0.001327,172.31.33.0-255,66,138573,33,224424
23551,0.001353,172.217.194.0-255,6438,145011,33,224424
23552,0.001356,172.31.33.0-255,66,145077,33,224424
23553,0.001359,172.217.194.0-255,1484,146561,33,224424
23554,0.001363,172.217.194.0-255,2902,149463,33,224424
23555,0.001365,172.31.33.0-255,66,149529,33,224424
23556,0.001372,172.217.194.0-255,1484,151013,33,224424
23557,0.001395,172.217.194.0-255,4320,155333,33,224424
23558,0.001397,172.217.194.0-255,1484,156817,33,224424
23559,0.001401,172.31.33.0-255,66,156883,33,224424
23560,0.001436,172.31.33.0-255,66,156949,33,224424
23561,0.001452,172.31.33.0-255,66,157015,33,224424
23562,0.001479,172.217.194.0-255,7156,164171,33,224424
23563,0.001482,172.31.33.0-255,66,164237,33,224424
23564,0.001506,172.217.194.0-255,2902,167139,33,224424
23565,0.00151,172.31.33.0-255,66,167205,33,224424
23566,0.001525,172.31.33.0-255,66,167271,33,224424
23567,0.001531,172.217.194.0-255,5738,173009,33,224424
23568,0.001533,172.31.33.0-255,66,173075,33,224424
23569,0.001556,172.217.194.0-255,6438,179513,33,224424
23570,0.001559,172.31.33.0-255,66,179579,33,224424
23571,0.001563,172.217.194.0-255,2902,182481,33,224424
23572,0.001565,172.31.33.0-255,66,182547,33,224424
23573,0.001575,172.217.194.0-255,4320,186867,33,224424
23574,0.001577,172.31.33.0-255,66,186933,33,224424
23575,0.0016,172.217.194.0-255,2902,189835,33,224424
23576,0.001603,172.31.33.0-255,66,189901,33,224424
23577,0.00163,172.217.194.0-255,5738,195639,33,224424
23578,0.001633,172.31.33.0-255,66,195705,33,224424
23579,0.001638,172.217.194.0-255,5738,201443,33,224424
23580,0.00164,172.31.33.0-255,66,201509,33,224424
23581,0.001671,172.31.33.0-255,66,201575,33,224424
23582,0.001693,172.217.194.0-255,2184,203759,33,224424
23583,0.001696,172.31.33.0-255,66,203825,33,224424
23584,0.001721,172.217.194.0-255,1484,205309,33,224424
23585,0.001735,172.217.194.0-255,2902,208211,33,224424
23586,0.001738,172.31.33.0-255,66,208277,33,224424
23587,0.001741,172.217.194.0-255,1484,209761,33,224424
23588,0.001765,172.217.194.0-255,4320,214081,33,224424
23589,0.001768,172.31.33.0-255,66,214147,33,224424
23590,0.001771,172.217.194.0-255,1484,215631,33,224424
23591,0.001826,172.31.33.0-255,66,215697,33,224424
23592,0.001848,172.217.194.0-255,2902,218599,33,224424
23593,0.001851,172.31.33.0-255,66,218665,33,224424
23594,0.001857,172.217.194.0-255,5588,224253,33,224424
23595,0.001858,172.31.33.0-255,66,224319,33,224424
23596,0.001861,172.217.194.0-255,105,224424,33,224424
23597,0.0,74.125.24.0-255,146,146,33,89356
23598,2.2e-05,172.31.33.0-255,66,212,33,89356
23599,2.8e-05,74.125.24.0-255,1484,1696,33,89356
23600,3.1e-05,172.31.33.0-255,66,1762,33,89356
23601,3.5e-05,74.125.24.0-255,2902,4664,33,89356
23602,4.5e-05,172.31.33.0-255,66,4730,33,89356
23603,5.1e-05,74.125.24.0-255,7156,11886,33,89356
23604,5.4e-05,172.31.33.0-255,66,11952,33,89356
23605,0.000106,74.125.24.0-255,2126,14078,33,89356
23606,0.00011,172.31.33.0-255,66,14144,33,89356
23607,0.000607,74.125.24.0-255,1484,15628,33,89356
23608,0.000612,172.31.33.0-255,66,15694,33,89356
23609,0.00062,74.125.24.0-255,2902,18596,33,89356
23610,0.000621,172.31.33.0-255,66,18662,33,89356
23611,0.000628,74.125.24.0-255,5738,24400,33,89356
23612,0.000635,172.31.33.0-255,66,24466,33,89356
23613,0.000641,74.125.24.0-255,4320,28786,33,89356
23614,0.000643,172.31.33.0-255,66,28852,33,89356
23615,0.000669,74.125.24.0-255,2543,31395,33,89356
23616,0.000677,172.31.33.0-255,66,31461,33,89356
23617,0.000853,74.125.24.0-255,1484,32945,33,89356
23618,0.000858,172.31.33.0-255,66,33011,33,89356
23619,0.000864,74.125.24.0-255,2902,35913,33,89356
23620,0.000867,172.31.33.0-255,66,35979,33,89356
23621,0.000879,74.125.24.0-255,5738,41717,33,89356
23622,0.000882,172.31.33.0-255,66,41783,33,89356
23623,0.000922,172.31.33.0-255,66,41849,33,89356
23624,0.000947,74.125.24.0-255,2902,44751,33,89356
23625,0.00095,172.31.33.0-255,66,44817,33,89356
23626,0.000977,74.125.24.0-255,7130,51947,33,89356
23627,0.00098,172.31.33.0-255,66,52013,33,89356
23628,0.000984,74.125.24.0-255,110,52123,33,89356
23629,0.000986,172.31.33.0-255,66,52189,33,89356
23630,0.001135,74.125.24.0-255,331,52520,33,89356
23631,0.001139,172.31.33.0-255,66,52586,33,89356
23632,0.00163,74.125.24.0-255,1484,54070,33,89356
23633,0.001635,172.31.33.0-255,66,54136,33,89356
23634,0.00164,74.125.24.0-255,2902,57038,33,89356
23635,0.001643,172.31.33.0-255,66,57104,33,89356
23636,0.001647,74.125.24.0-255,4320,61424,33,89356
23637,0.001649,172.31.33.0-255,66,61490,33,89356
23638,0.001679,74.125.24.0-255,1484,62974,33,89356
23639,0.001681,172.31.33.0-255,66,63040,33,89356
23640,0.001691,172.31.33.0-255,66,63106,33,89356
23641,0.001712,74.125.24.0-255,2902,66008,33,89356
23642,0.001714,172.31.33.0-255,66,66074,33,89356
23643,0.001727,172.31.33.0-255,66,66140,33,89356
23644,0.003752,74.125.24.0-255,5738,71878,33,89356
23645,0.003758,172.31.33.0-255,66,71944,33,89356
23646,0.005789,74.125.24.0-255,5738,77682,33,89356
23647,0.005795,172.31.33.0-255,66,77748,33,89356
23648,0.007833,74.125.24.0-255,5738,83486,33,89356
23649,0.00784,172.31.33.0-255,66,83552,33,89356
23650,0.009845,74.125.24.0-255,5738,89290,33,89356
23651,0.009852,172.31.33.0-255,66,89356,33,89356
23652,0.0,172.31.33.0-255,130,130,33,1823
23653,0.001618,172.31.33.0-255,105,235,33,1823
23654,0.001831,172.31.33.0-255,236,471,33,1823
23655,0.001867,172.31.33.0-255,427,898,33,1823
23656,0.002668,74.125.24.0-255,630,1528,33,1823
23657,0.004294,74.125.24.0-255,66,1594,33,1823
23658,0.005131,74.125.24.0-255,97,1691,33,1823
23659,0.005142,172.31.33.0-255,66,1757,33,1823
23660,0.008444,74.125.24.0-255,66,1823,33,1823
23661,0.0,74.125.24.0-255,143,143,33,225495
23662,3e-05,172.31.33.0-255,66,209,33,225495
23663,3.6e-05,74.125.24.0-255,1484,1693,33,225495
23664,4e-05,172.31.33.0-255,66,1759,33,225495
23665,4.4e-05,74.125.24.0-255,2902,4661,33,225495
23666,4.6e-05,172.31.33.0-255,66,4727,33,225495
23667,5.6e-05,74.125.24.0-255,2902,7629,33,225495
23668,5.8e-05,172.31.33.0-255,66,7695,33,225495
23669,9.7e-05,74.125.24.0-255,6245,13940,33,225495
23670,0.000101,172.31.33.0-255,66,14006,33,225495
23671,0.000199,74.125.24.0-255,1484,15490,33,225495
23672,0.000203,172.31.33.0-255,66,15556,33,225495
23673,0.000208,74.125.24.0-255,2902,18458,33,225495
23674,0.00021,172.31.33.0-255,66,18524,33,225495
23675,0.000215,74.125.24.0-255,4320,22844,33,225495
23676,0.000217,172.31.33.0-255,66,22910,33,225495
23677,0.00024,74.125.24.0-255,1484,24394,33,225495
23678,0.000243,172.31.33.0-255,66,24460,33,225495
23679,0.00025,74.125.24.0-255,6797,31257,33,225495
23680,0.000252,172.31.33.0-255,66,31323,33,225495
23681,0.000448,74.125.24.0-255,1484,32807,33,225495
23682,0.000452,172.31.33.0-255,66,32873,33,225495
23683,0.000457,74.125.24.0-255,2902,35775,33,225495
23684,0.000459,172.31.33.0-255,66,35841,33,225495
23685,0.000464,74.125.24.0-255,5738,41579,33,225495
23686,0.000466,172.31.33.0-255,66,41645,33,225495
23687,0.000528,172.31.33.0-255,66,41711,33,225495
23688,0.000534,74.125.24.0-255,5738,47449,33,225495
23689,0.000536,172.31.33.0-255,66,47515,33,225495
23690,0.000558,74.125.24.0-255,4295,51810,33,225495
23691,0.000561,172.31.33.0-255,66,51876,33,225495
23692,0.000595,74.125.24.0-255,343,52219,33,225495
23693,0.000717,172.31.33.0-255,66,52285,33,225495
23694,0.000954,74.125.24.0-255,1484,53769,33,225495
23695,0.000964,74.125.24.0-255,2902,56671,33,225495
23696,0.000969,172.31.33.0-255,66,56737,33,225495
23697,0.000975,74.125.24.0-255,5738,62475,33,225495
23698,0.000977,172.31.33.0-255,66,62541,33,225495
23699,0.000981,74.125.24.0-255,1484,64025,33,225495
23700,0.001007,74.125.24.0-255,4320,68345,33,225495
23701,0.00101,172.31.33.0-255,66,68411,33,225495
23702,0.001026,172.31.33.0-255,66,68477,33,225495
23703,0.001058,74.125.24.0-255,4320,72797,33,225495
23704,0.00106,172.31.33.0-255,66,72863,33,225495
23705,0.001067,74.125.24.0-255,5020,77883,33,225495
23706,0.001069,172.31.33.0-255,66,77949,33,225495
23707,0.001562,74.125.24.0-255,1484,79433,33,225495
23708,0.00157,74.125.24.0-255,2902,82335,33,225495
23709,0.001574,172.31.33.0-255,66,82401,33,225495
23710,0.001581,74.125.24.0-255,5738,88139,33,225495
23711,0.001583,172.31.33.0-255,66,88205,33,225495
23712,0.001615,74.125.24.0-255,7156,95361,33,225495
23713,0.001618,172.31.33.0-255,66,95427,33,225495
23714,0.001623,74.125.24.0-255,4320,99747,33,225495
23715,0.001625,172.31.33.0-255,66,99813,33,225495
23716,0.001656,172.31.33.0-255,66,99879,33,225495
23717,0.001659,74.125.24.0-255,2184,102063,33,225495
23718,0.001661,172.31.33.0-255,66,102129,33,225495
23719,0.001701,74.125.24.0-255,2902,105031,33,225495
23720,0.001703,172.31.33.0-255,66,105097,33,225495
23721,0.001706,74.125.24.0-255,1484,106581,33,225495
23722,0.001712,74.125.24.0-255,5738,112319,33,225495
23723,0.001714,172.31.33.0-255,66,112385,33,225495
23724,0.001737,74.125.24.0-255,4320,116705,33,225495
23725,0.001739,172.31.33.0-255,66,116771,33,225495
23726,0.00177,172.31.33.0-255,66,116837,33,225495
23727,0.00178,172.31.33.0-255,66,116903,33,225495
23728,0.001782,74.125.24.0-255,766,117669,33,225495
23729,0.001815,74.125.24.0-255,1484,119153,33,225495
23730,0.001816,172.31.33.0-255,66,119219,33,225495
23731,0.001822,74.125.24.0-255,4320,123539,33,225495
23732,0.001824,172.31.33.0-255,66,123605,33,225495
23733,0.00186,172.31.33.0-255,66,123671,33,225495
23734,0.001867,74.125.24.0-255,7156,130827,33,225495
23735,0.00187,172.31.33.0-255,66,130893,33,225495
23736,0.001918,172.31.33.0-255,66,130959,33,225495
23737,0.001956,74.125.24.0-255,4320,135279,33,225495
23738,0.001958,172.31.33.0-255,66,135345,33,225495
23739,0.001986,74.125.24.0-255,7156,142501,33,225495
23740,0.001988,172.31.33.0-255,66,142567,33,225495
23741,0.002032,172.31.33.0-255,66,142633,33,225495
23742,0.002064,74.125.24.0-255,2902,145535,33,225495
23743,0.002066,172.31.33.0-255,66,145601,33,225495
23744,0.002076,172.31.33.0-255,66,145667,33,225495
23745,0.002176,74.125.24.0-255,1484,147151,33,225495
23746,0.002186,74.125.24.0-255,2902,150053,33,225495
23747,0.002188,172.31.33.0-255,66,150119,33,225495
23748,0.002212,74.125.24.0-255,5738,155857,33,225495
23749,0.002214,172.31.33.0-255,66,155923,33,225495
23750,0.002224,74.125.24.0-255,7156,163079,33,225495
23751,0.002229,172.31.33.0-255,66,163145,33,225495
23752,0.002232,74.125.24.0-255,1484,164629,33,225495
23753,0.002265,172.31.33.0-255,66,164695,33,225495
23754,0.002268,74.125.24.0-255,2184,166879,33,225495
23755,0.002269,172.31.33.0-255,66,166945,33,225495
23756,0.002305,74.125.24.0-255,4320,171265,33,225495
23757,0.002307,172.31.33.0-255,66,171331,33,225495
23758,0.002323,74.125.24.0-255,5738,177069,33,225495
23759,0.002328,172.31.33.0-255,66,177135,33,225495
23760,0.002338,172.31.33.0-255,66,177201,33,225495
23761,0.002363,74.125.24.0-255,5738,182939,33,225495
23762,0.002365,172.31.33.0-255,66,183005,33,225495
23763,0.002388,74.125.24.0-255,6438,189443,33,225495
23764,0.00239,172.31.33.0-255,66,189509,33,225495
23765,0.002435,74.125.24.0-255,1484,190993,33,225495
23766,0.002444,74.125.24.0-255,2902,193895,33,225495
23767,0.002446,172.31.33.0-255,66,193961,33,225495
23768,0.002472,74.125.24.0-255,5738,199699,33,225495
23769,0.002474,172.31.33.0-255,66,199765,33,225495
23770,0.00251,172.31.33.0-255,66,199831,33,225495
23771,0.002519,172.31.33.0-255,66,199897,33,225495
23772,0.002552,74.125.24.0-255,2902,202799,33,225495
23773,0.002554,172.31.33.0-255,66,202865,33,225495
23774,0.002578,74.125.24.0-255,4320,207185,33,225495
23775,0.00258,172.31.33.0-255,66,207251,33,225495
23776,0.002589,172.31.33.0-255,66,207317,33,225495
23777,0.002633,172.31.33.0-255,66,207383,33,225495
23778,0.00265,74.125.24.0-255,6438,213821,33,225495
23779,0.002652,172.31.33.0-255,66,213887,33,225495
23780,0.005237,74.125.24.0-255,5738,219625,33,225495
23781,0.005244,172.31.33.0-255,66,219691,33,225495
23782,0.007831,74.125.24.0-255,5738,225429,33,225495
23783,0.007837,172.31.33.0-255,66,225495,33,225495
23784,0.0,172.31.33.0-255,105,105,33,459
23785,0.000214,172.31.33.0-255,90,195,33,459
23786,0.000225,172.31.33.0-255,66,261,33,459
23787,0.002232,74.125.200.0-255,66,327,33,459
23788,0.002252,74.125.200.0-255,66,393,33,459
23789,0.002266,172.31.33.0-255,66,459,33,459
23790,0.0,172.253.118.0-255,143,143,33,121251
23791,1.3e-05,172.31.33.0-255,66,209,33,121251
23792,1.9e-05,172.253.118.0-255,1484,1693,33,121251
23793,2.3e-05,172.31.33.0-255,66,1759,33,121251
23794,2.9e-05,172.253.118.0-255,2902,4661,33,121251
23795,3.1e-05,172.31.33.0-255,66,4727,33,121251
23796,3.5e-05,172.253.118.0-255,1484,6211,33,121251
23797,3.8e-05,172.31.33.0-255,66,6277,33,121251
23798,6.8e-05,172.253.118.0-255,4320,10597,33,121251
23799,7.1e-05,172.31.33.0-255,66,10663,33,121251
23800,8.3e-05,172.31.33.0-255,66,10729,33,121251
23801,0.000106,172.253.118.0-255,3547,14276,33,121251
23802,0.000109,172.31.33.0-255,66,14342,33,121251
23803,0.000142,172.31.33.0-255,66,14408,33,121251
23804,0.0002,172.253.118.0-255,1484,15892,33,121251
23805,0.000202,172.31.33.0-255,66,15958,33,121251
23806,0.000234,172.253.118.0-255,2902,18860,33,121251
23807,0.000237,172.31.33.0-255,66,18926,33,121251
23808,0.00026,172.253.118.0-255,5738,24664,33,121251
23809,0.000263,172.31.33.0-255,66,24730,33,121251
23810,0.000288,172.31.33.0-255,66,24796,33,121251
23811,0.000291,172.253.118.0-255,1484,26280,33,121251
23812,0.000293,172.31.33.0-255,66,26346,33,121251
23813,0.000318,172.31.33.0-255,66,26412,33,121251
23814,0.000344,172.253.118.0-255,3961,30373,33,121251
23815,0.000346,172.31.33.0-255,66,30439,33,121251
23816,0.000348,172.253.118.0-255,399,30838,33,121251
23817,0.00035,172.31.33.0-255,66,30904,33,121251
23818,0.000397,172.253.118.0-255,377,31281,33,121251
23819,0.000634,172.253.118.0-255,1484,32765,33,121251
23820,0.00064,172.31.33.0-255,66,32831,33,121251
23821,0.000651,172.253.118.0-255,2902,35733,33,121251
23822,0.000654,172.31.33.0-255,66,35799,33,121251
23823,0.00066,172.253.118.0-255,4320,40119,33,121251
23824,0.000661,172.31.33.0-255,66,40185,33,121251
23825,0.000675,172.253.118.0-255,1484,41669,33,121251
23826,0.000723,172.253.118.0-255,4320,45989,33,121251
23827,0.000728,172.31.33.0-255,66,46055,33,121251
23828,0.000741,172.253.118.0-255,7156,53211,33,121251
23829,0.000744,172.31.33.0-255,66,53277,33,121251
23830,0.000757,172.31.33.0-255,66,53343,33,121251
23831,0.000988,172.253.118.0-255,1484,54827,33,121251
23832,0.000995,172.253.118.0-255,2902,57729,33,121251
23833,0.000998,172.31.33.0-255,66,57795,33,121251
23834,0.001017,172.253.118.0-255,5738,63533,33,121251
23835,0.001019,172.31.33.0-255,66,63599,33,121251
23836,0.001039,172.253.118.0-255,4320,67919,33,121251
23837,0.001043,172.31.33.0-255,66,67985,33,121251
23838,0.001056,172.253.118.0-255,7156,75141,33,121251
23839,0.001062,172.253.118.0-255,5738,80879,33,121251
23840,0.001065,172.31.33.0-255,66,80945,33,121251
23841,0.001068,172.31.33.0-255,66,81011,33,121251
23842,0.00108,172.253.118.0-255,6438,87449,33,121251
23843,0.001082,172.31.33.0-255,66,87515,33,121251
23844,0.002,172.253.118.0-255,1484,88999,33,121251
23845,0.002009,172.253.118.0-255,2902,91901,33,121251
23846,0.002012,172.31.33.0-255,66,91967,33,121251
23847,0.002016,172.253.118.0-255,1484,93451,33,121251
23848,0.002034,172.253.118.0-255,4320,97771,33,121251
23849,0.002036,172.31.33.0-255,66,97837,33,121251
23850,0.002072,172.31.33.0-255,66,97903,33,121251
23851,0.002078,172.253.118.0-255,5738,103641,33,121251
23852,0.002079,172.31.33.0-255,66,103707,33,121251
23853,0.004135,172.253.118.0-255,5738,109445,33,121251
23854,0.004141,172.31.33.0-255,66,109511,33,121251
23855,0.006198,172.253.118.0-255,2902,112413,33,121251
23856,0.006201,172.31.33.0-255,66,112479,33,121251
23857,0.00622,172.253.118.0-255,2902,115381,33,121251
23858,0.006222,172.31.33.0-255,66,115447,33,121251
23859,0.008274,172.253.118.0-255,5738,121185,33,121251
23860,0.00828,172.31.33.0-255,66,121251,33,121251
23861,0.0,172.217.194.0-255,291,291,33,157505
23862,2.9e-05,172.31.33.0-255,66,357,33,157505
23863,3.5e-05,172.217.194.0-255,1484,1841,33,157505
23864,3.9e-05,172.31.33.0-255,66,1907,33,157505
23865,4.4e-05,172.217.194.0-255,4320,6227,33,157505
23866,4.6e-05,172.31.33.0-255,66,6293,33,157505
23867,6.7e-05,172.217.194.0-255,5738,12031,33,157505
23868,6.9e-05,172.31.33.0-255,66,12097,33,157505
23869,9.7e-05,172.217.194.0-255,3278,15375,33,157505
23870,0.0001,172.31.33.0-255,66,15441,33,157505
23871,0.000109,172.31.33.0-255,66,15507,33,157505
23872,0.000122,172.217.194.0-255,1484,16991,33,157505
23873,0.000124,172.31.33.0-255,66,17057,33,157505
23874,0.00014,172.217.194.0-255,5379,22436,33,157505
23875,0.000142,172.31.33.0-255,66,22502,33,157505
23876,0.000809,172.217.194.0-255,1484,23986,33,157505
23877,0.000816,172.31.33.0-255,66,24052,33,157505
23878,0.000837,172.217.194.0-255,2902,26954,33,157505
23879,0.00084,172.31.33.0-255,66,27020,33,157505
23880,0.000843,172.217.194.0-255,1484,28504,33,157505
23881,0.000844,172.31.33.0-255,66,28570,33,157505
23882,0.000848,172.217.194.0-255,2902,31472,33,157505
23883,0.00085,172.31.33.0-255,66,31538,33,157505
23884,0.000885,172.217.194.0-255,5738,37276,33,157505
23885,0.000887,172.31.33.0-255,66,37342,33,157505
23886,0.000892,172.217.194.0-255,2543,39885,33,157505
23887,0.000893,172.31.33.0-255,66,39951,33,157505
23888,0.000907,172.217.194.0-255,2902,42853,33,157505
23889,0.000909,172.31.33.0-255,66,42919,33,157505
23890,0.000926,172.217.194.0-255,4320,47239,33,157505
23891,0.000928,172.31.33.0-255,66,47305,33,157505
23892,0.000951,172.217.194.0-255,2902,50207,33,157505
23893,0.000956,172.31.33.0-255,66,50273,33,157505
23894,0.000961,172.217.194.0-255,5738,56011,33,157505
23895,0.000963,172.31.33.0-255,66,56077,33,157505
23896,0.000985,172.217.194.0-255,1414,57491,33,157505
23897,0.000988,172.31.33.0-255,66,57557,33,157505
23898,0.00116,172.217.194.0-255,366,57923,33,157505
23899,0.001166,172.31.33.0-255,66,57989,33,157505
23900,0.001301,172.217.194.0-255,1484,59473,33,157505
23901,0.001308,172.217.194.0-255,2902,62375,33,157505
23902,0.001312,172.31.33.0-255,66,62441,33,157505
23903,0.00132,172.217.194.0-255,5738,68179,33,157505
23904,0.001323,172.31.33.0-255,66,68245,33,157505
23905,0.001367,172.31.33.0-255,66,68311,33,157505
23906,0.001373,172.217.194.0-255,4320,72631,33,157505
23907,0.001375,172.31.33.0-255,66,72697,33,157505
23908,0.001417,172.217.194.0-255,7156,79853,33,157505
23909,0.001421,172.31.33.0-255,66,79919,33,157505
23910,0.001427,172.217.194.0-255,2184,82103,33,157505
23911,0.001429,172.31.33.0-255,66,82169,33,157505
23912,0.001561,172.217.194.0-255,1484,83653,33,157505
23913,0.001569,172.217.194.0-255,2902,86555,33,157505
23914,0.001574,172.31.33.0-255,66,86621,33,157505
23915,0.00158,172.217.194.0-255,2902,89523,33,157505
23916,0.001583,172.31.33.0-255,66,89589,33,157505
23917,0.001607,172.217.194.0-255,2902,92491,33,157505
23918,0.001611,172.31.33.0-255,66,92557,33,157505
23919,0.001628,172.31.33.0-255,66,92623,33,157505
23920,0.001682,172.31.33.0-255,66,92689,33,157505
23921,0.001777,172.217.194.0-255,1484,94173,33,157505
23922,0.001788,172.217.194.0-255,2902,97075,33,157505
23923,0.001795,172.31.33.0-255,66,97141,33,157505
23924,0.001809,172.217.194.0-255,5738,102879,33,157505
23925,0.001815,172.31.33.0-255,66,102945,33,157505
23926,0.001842,172.31.33.0-255,66,103011,33,157505
23927,0.001899,172.217.194.0-255,5738,108749,33,157505
23928,0.001904,172.31.33.0-255,66,108815,33,157505
23929,0.001947,172.31.33.0-255,66,108881,33,157505
23930,0.002036,172.217.194.0-255,1484,110365,33,157505
23931,0.002044,172.217.194.0-255,2902,113267,33,157505
23932,0.002048,172.31.33.0-255,66,113333,33,157505
23933,0.002056,172.217.194.0-255,5738,119071,33,157505
23934,0.002058,172.31.33.0-255,66,119137,33,157505
23935,0.002095,172.31.33.0-255,66,119203,33,157505
23936,0.002135,172.31.33.0-255,66,119269,33,157505
23937,0.002151,172.217.194.0-255,2184,121453,33,157505
23938,0.002153,172.31.33.0-255,66,121519,33,157505
23939,0.002255,172.217.194.0-255,1484,123003,33,157505
23940,0.00226,172.217.194.0-255,1484,124487,33,157505
23941,0.002263,172.31.33.0-255,66,124553,33,157505
23942,0.002285,172.217.194.0-255,1484,126037,33,157505
23943,0.002293,172.217.194.0-255,5738,131775,33,157505
23944,0.002296,172.31.33.0-255,66,131841,33,157505
23945,0.002318,172.217.194.0-255,4320,136161,33,157505
23946,0.002321,172.31.33.0-255,66,136227,33,157505
23947,0.002352,172.31.33.0-255,66,136293,33,157505
23948,0.002363,172.31.33.0-255,66,136359,33,157505
23949,0.002385,172.217.194.0-255,1484,137843,33,157505
23950,0.00239,172.217.194.0-255,2184,140027,33,157505
23951,0.002393,172.31.33.0-255,66,140093,33,157505
23952,0.004722,172.217.194.0-255,5738,145831,33,157505
23953,0.004739,172.31.33.0-255,66,145897,33,157505
23954,0.007078,172.217.194.0-255,5738,151635,33,157505
23955,0.007085,172.31.33.0-255,66,151701,33,157505
23956,0.009359,172.217.194.0-255,5738,157439,33,157505
23957,0.009362,172.31.33.0-255,66,157505,33,157505
23958,0.0,74.125.24.0-255,152,152,33,145106
23959,2.4e-05,172.31.33.0-255,66,218,33,145106
23960,3e-05,74.125.24.0-255,1484,1702,33,145106
23961,3.4e-05,172.31.33.0-255,66,1768,33,145106
23962,4e-05,74.125.24.0-255,2902,4670,33,145106
23963,4.8e-05,172.31.33.0-255,66,4736,33,145106
23964,5.5e-05,74.125.24.0-255,5738,10474,33,145106
23965,5.7e-05,172.31.33.0-255,66,10540,33,145106
23966,9.9e-05,74.125.24.0-255,3438,13978,33,145106
23967,0.000102,172.31.33.0-255,66,14044,33,145106
23968,0.00014,74.125.24.0-255,1484,15528,33,145106
23969,0.000144,172.31.33.0-255,66,15594,33,145106
23970,0.000173,74.125.24.0-255,2902,18496,33,145106
23971,0.000176,172.31.33.0-255,66,18562,33,145106
23972,0.000182,74.125.24.0-255,5738,24300,33,145106
23973,0.000184,172.31.33.0-255,66,24366,33,145106
23974,0.000187,74.125.24.0-255,1484,25850,33,145106
23975,0.000189,172.31.33.0-255,66,25916,33,145106
23976,0.000225,74.125.24.0-255,5379,31295,33,145106
23977,0.000228,172.31.33.0-255,66,31361,33,145106
23978,0.000496,74.125.24.0-255,1484,32845,33,145106
23979,0.0005,172.31.33.0-255,66,32911,33,145106
23980,0.000507,74.125.24.0-255,2902,35813,33,145106
23981,0.000509,172.31.33.0-255,66,35879,33,145106
23982,0.000511,74.125.24.0-255,1484,37363,33,145106
23983,0.00052,172.31.33.0-255,66,37429,33,145106
23984,0.000545,74.125.24.0-255,4320,41749,33,145106
23985,0.000549,172.31.33.0-255,66,41815,33,145106
23986,0.000561,172.31.33.0-255,66,41881,33,145106
23987,0.000593,74.125.24.0-255,3961,45842,33,145106
23988,0.000596,172.31.33.0-255,66,45908,33,145106
23989,0.000609,172.31.33.0-255,66,45974,33,145106
23990,0.00109,74.125.24.0-255,646,46620,33,145106
23991,0.001333,74.125.24.0-255,1484,48104,33,145106
23992,0.001341,172.31.33.0-255,66,48170,33,145106
23993,0.001348,74.125.24.0-255,2902,51072,33,145106
23994,0.00135,172.31.33.0-255,66,51138,33,145106
23995,0.001362,74.125.24.0-255,5738,56876,33,145106
23996,0.001365,172.31.33.0-255,66,56942,33,145106
23997,0.001407,172.31.33.0-255,66,57008,33,145106
23998,0.001419,172.31.33.0-255,66,57074,33,145106
23999,0.001524,74.125.24.0-255,1484,58558,33,145106
24000,0.001531,74.125.24.0-255,2902,61460,33,145106
24001,0.001534,172.31.33.0-255,66,61526,33,145106
24002,0.001558,74.125.24.0-255,2902,64428,33,145106
24003,0.00156,172.31.33.0-255,66,64494,33,145106
24004,0.001563,74.125.24.0-255,1484,65978,33,145106
24005,0.001589,74.125.24.0-255,2902,68880,33,145106
24006,0.001592,172.31.33.0-255,66,68946,33,145106
24007,0.001601,172.31.33.0-255,66,69012,33,145106
24008,0.00161,74.125.24.0-255,2902,71914,33,145106
24009,0.001612,172.31.33.0-255,66,71980,33,145106
24010,0.001636,74.125.24.0-255,4320,76300,33,145106
24011,0.001638,172.31.33.0-255,66,76366,33,145106
24012,0.001692,74.125.24.0-255,6438,82804,33,145106
24013,0.001694,172.31.33.0-255,66,82870,33,145106
24014,0.001777,74.125.24.0-255,1484,84354,33,145106
24015,0.001796,74.125.24.0-255,2902,87256,33,145106
24016,0.001797,172.31.33.0-255,66,87322,33,145106
24017,0.001826,74.125.24.0-255,5738,93060,33,145106
24018,0.001828,172.31.33.0-255,66,93126,33,145106
24019,0.001854,74.125.24.0-255,7156,100282,33,145106
24020,0.001857,172.31.33.0-255,66,100348,33,145106
24021,0.001891,74.125.24.0-255,5738,106086,33,145106
24022,0.001894,172.31.33.0-255,66,106152,33,145106
24023,0.001908,172.31.33.0-255,66,106218,33,145106
24024,0.001911,74.125.24.0-255,766,106984,33,145106
24025,0.002011,74.125.24.0-255,1484,108468,33,145106
24026,0.002013,172.31.33.0-255,66,108534,33,145106
24027,0.002016,74.125.24.0-255,1484,110018,33,145106
24028,0.00203,74.125.24.0-255,1484,111502,33,145106
24029,0.002032,172.31.33.0-255,66,111568,33,145106
24030,0.002037,74.125.24.0-255,5738,117306,33,145106
24031,0.00204,172.31.33.0-255,66,117372,33,145106
24032,0.002062,74.125.24.0-255,2902,120274,33,145106
24033,0.002064,172.31.33.0-255,66,120340,33,145106
24034,0.002097,172.31.33.0-255,66,120406,33,145106
24035,0.002104,74.125.24.0-255,7156,127562,33,145106
24036,0.002106,172.31.33.0-255,66,127628,33,145106
24037,0.004126,74.125.24.0-255,1484,129112,33,145106
24038,0.00414,74.125.24.0-255,4320,133432,33,145106
24039,0.004143,172.31.33.0-255,66,133498,33,145106
24040,0.006181,74.125.24.0-255,5738,139236,33,145106
24041,0.006188,172.31.33.0-255,66,139302,33,145106
24042,0.00822,74.125.24.0-255,5738,145040,33,145106
24043,0.008226,172.31.33.0-255,66,145106,33,145106
24044,0.0,172.31.33.0-255,105,105,33,459
24045,0.000219,172.31.33.0-255,90,195,33,459
24046,0.000229,172.31.33.0-255,66,261,33,459
24047,0.002542,74.125.200.0-255,66,327,33,459
24048,0.002559,74.125.200.0-255,66,393,33,459
24049,0.002571,172.31.33.0-255,66,459,33,459
24050,0.0,172.31.33.0-255,105,105,33,918
24051,8e-05,172.31.33.0-255,105,210,33,918
24052,0.000232,172.31.33.0-255,90,300,33,918
24053,0.000242,172.31.33.0-255,66,366,33,918
24054,0.000396,172.31.33.0-255,90,456,33,918
24055,0.000402,172.31.33.0-255,66,522,33,918
24056,0.002504,172.217.194.0-255,66,588,33,918
24057,0.00252,172.217.194.0-255,66,654,33,918
24058,0.002531,172.31.33.0-255,66,720,33,918
24059,0.00275,172.217.194.0-255,66,786,33,918
24060,0.002757,172.217.194.0-255,66,852,33,918
24061,0.002761,172.31.33.0-255,66,918,33,918
24062,0.0,74.125.24.0-255,153,153,33,175501
24063,2.3e-05,172.31.33.0-255,66,219,33,175501
24064,3e-05,74.125.24.0-255,1484,1703,33,175501
24065,3.4e-05,172.31.33.0-255,66,1769,33,175501
24066,3.8e-05,74.125.24.0-255,2902,4671,33,175501
24067,4.1e-05,172.31.33.0-255,66,4737,33,175501
24068,4.3e-05,74.125.24.0-255,1484,6221,33,175501
24069,4.6e-05,172.31.33.0-255,66,6287,33,175501
24070,7.3e-05,74.125.24.0-255,5738,12025,33,175501
24071,7.6e-05,172.31.33.0-255,66,12091,33,175501
24072,8.1e-05,74.125.24.0-255,3511,15602,33,175501
24073,8.2e-05,172.31.33.0-255,66,15668,33,175501
24074,8.7e-05,74.125.24.0-255,4320,19988,33,175501
24075,8.8e-05,172.31.33.0-255,66,20054,33,175501
24076,9.3e-05,74.125.24.0-255,5738,25792,33,175501
24077,9.5e-05,172.31.33.0-255,66,25858,33,175501
24078,0.000118,74.125.24.0-255,4320,30178,33,175501
24079,0.00012,172.31.33.0-255,66,30244,33,175501
24080,0.000123,74.125.24.0-255,1125,31369,33,175501
24081,0.000125,172.31.33.0-255,66,31435,33,175501
24082,0.000231,74.125.24.0-255,1484,32919,33,175501
24083,0.000234,172.31.33.0-255,66,32985,33,175501
24084,0.000239,74.125.24.0-255,2902,35887,33,175501
24085,0.000241,172.31.33.0-255,66,35953,33,175501
24086,0.000246,74.125.24.0-255,5738,41691,33,175501
24087,0.000249,172.31.33.0-255,66,41757,33,175501
24088,0.000272,74.125.24.0-255,7156,48913,33,175501
24089,0.000275,172.31.33.0-255,66,48979,33,175501
24090,0.000295,74.125.24.0-255,1125,50104,33,175501
24091,0.0003,172.31.33.0-255,66,50170,33,175501
24092,0.000304,172.31.33.0-255,66,50236,33,175501
24093,0.000319,74.125.24.0-255,4320,54556,33,175501
24094,0.00033,172.31.33.0-255,66,54622,33,175501
24095,0.000334,74.125.24.0-255,2813,57435,33,175501
24096,0.000347,172.31.33.0-255,66,57501,33,175501
24097,0.000489,74.125.24.0-255,132,57633,33,175501
24098,0.000599,74.125.24.0-255,1484,59117,33,175501
24099,0.000603,172.31.33.0-255,66,59183,33,175501
24100,0.000607,74.125.24.0-255,2902,62085,33,175501
24101,0.000617,172.31.33.0-255,66,62151,33,175501
24102,0.000638,74.125.24.0-255,5738,67889,33,175501
24103,0.000645,172.31.33.0-255,66,67955,33,175501
24104,0.000652,74.125.24.0-255,5738,73693,33,175501
24105,0.000656,172.31.33.0-255,66,73759,33,175501
24106,0.000672,172.31.33.0-255,66,73825,33,175501
24107,0.000704,74.125.24.0-255,5738,79563,33,175501
24108,0.000711,172.31.33.0-255,66,79629,33,175501
24109,0.000717,74.125.24.0-255,4246,83875,33,175501
24110,0.000729,172.31.33.0-255,66,83941,33,175501
24111,0.001206,74.125.24.0-255,1484,85425,33,175501
24112,0.001217,74.125.24.0-255,2902,88327,33,175501
24113,0.001222,172.31.33.0-255,66,88393,33,175501
24114,0.001229,74.125.24.0-255,5738,94131,33,175501
24115,0.001249,74.125.24.0-255,4320,98451,33,175501
24116,0.001336,172.31.33.0-255,66,98517,33,175501
24117,0.001469,74.125.24.0-255,1484,100001,33,175501
24118,0.001476,74.125.24.0-255,2902,102903,33,175501
24119,0.001484,74.125.24.0-255,5738,108641,33,175501
24120,0.001518,74.125.24.0-255,5738,114379,33,175501
24121,0.001541,74.125.24.0-255,5738,120117,33,175501
24122,0.001577,172.31.33.0-255,66,120183,33,175501
24123,0.001605,74.125.24.0-255,6438,126621,33,175501
24124,0.001651,172.31.33.0-255,66,126687,33,175501
24125,0.001657,172.31.33.0-255,66,126753,33,175501
24126,0.001678,74.125.24.0-255,1484,128237,33,175501
24127,0.001681,74.125.24.0-255,1484,129721,33,175501
24128,0.001696,74.125.24.0-255,1484,131205,33,175501
24129,0.0017,74.125.24.0-255,2902,134107,33,175501
24130,0.001706,172.31.33.0-255,66,134173,33,175501
24131,0.001719,74.125.24.0-255,2902,137075,33,175501
24132,0.001743,74.125.24.0-255,2902,139977,33,175501
24133,0.001751,172.31.33.0-255,66,140043,33,175501
24134,0.001774,74.125.24.0-255,7156,147199,33,175501
24135,0.00178,74.125.24.0-255,5020,152219,33,175501
24136,0.001799,172.31.33.0-255,66,152285,33,175501
24137,0.003766,74.125.24.0-255,5738,158023,33,175501
24138,0.003772,172.31.33.0-255,66,158089,33,175501
24139,0.005734,74.125.24.0-255,5738,163827,33,175501
24140,0.005739,172.31.33.0-255,66,163893,33,175501
24141,0.007733,74.125.24.0-255,5738,169631,33,175501
24142,0.007739,172.31.33.0-255,66,169697,33,175501
24143,0.009731,74.125.24.0-255,5738,175435,33,175501
24144,0.009742,172.31.33.0-255,66,175501,33,175501
24145,0.0,172.217.194.0-255,163,163,33,236593
24146,2.2e-05,172.31.33.0-255,66,229,33,236593
24147,2.8e-05,172.217.194.0-255,1484,1713,33,236593
24148,3.2e-05,172.31.33.0-255,66,1779,33,236593
24149,3.9e-05,172.217.194.0-255,2902,4681,33,236593
24150,4.3e-05,172.31.33.0-255,66,4747,33,236593
24151,7.3e-05,172.217.194.0-255,7156,11903,33,236593
24152,7.6e-05,172.31.33.0-255,66,11969,33,236593
24153,8.1e-05,172.217.194.0-255,2026,13995,33,236593
24154,8.3e-05,172.31.33.0-255,66,14061,33,236593
24155,0.00013,172.217.194.0-255,1484,15545,33,236593
24156,0.000133,172.31.33.0-255,66,15611,33,236593
24157,0.000138,172.217.194.0-255,2902,18513,33,236593
24158,0.00014,172.31.33.0-255,66,18579,33,236593
24159,0.000164,172.217.194.0-255,5738,24317,33,236593
24160,0.000167,172.31.33.0-255,66,24383,33,236593
24161,0.000193,172.217.194.0-255,6797,31180,33,236593
24162,0.000196,172.31.33.0-255,66,31246,33,236593
24163,0.000384,172.217.194.0-255,1484,32730,33,236593
24164,0.000388,172.31.33.0-255,66,32796,33,236593
24165,0.000394,172.217.194.0-255,2902,35698,33,236593
24166,0.000396,172.31.33.0-255,66,35764,33,236593
24167,0.000416,172.217.194.0-255,5738,41502,33,236593
24168,0.000419,172.31.33.0-255,66,41568,33,236593
24169,0.000439,172.217.194.0-255,6797,48365,33,236593
24170,0.000441,172.31.33.0-255,66,48431,33,236593
24171,0.000462,172.217.194.0-255,4320,52751,33,236593
24172,0.000465,172.31.33.0-255,66,52817,33,236593
24173,0.000482,172.217.194.0-255,2902,55719,33,236593
24174,0.000484,172.31.33.0-255,66,55785,33,236593
24175,0.000489,172.217.194.0-255,2902,58687,33,236593
24176,0.000491,172.31.33.0-255,66,58753,33,236593
24177,0.000509,172.217.194.0-255,6797,65550,33,236593
24178,0.000511,172.31.33.0-255,66,65616,33,236593
24179,0.000789,172.217.194.0-255,365,65981,33,236593
24180,0.000817,172.217.194.0-255,377,66358,33,236593
24181,0.001044,172.31.33.0-255,66,66424,33,236593
24182,0.001381,172.217.194.0-255,1484,67908,33,236593
24183,0.00139,172.217.194.0-255,2902,70810,33,236593
24184,0.001394,172.31.33.0-255,66,70876,33,236593
24185,0.001401,172.217.194.0-255,5738,76614,33,236593
24186,0.001403,172.31.33.0-255,66,76680,33,236593
24187,0.001438,172.217.194.0-255,2902,79582,33,236593
24188,0.00144,172.31.33.0-255,66,79648,33,236593
24189,0.001466,172.31.33.0-255,66,79714,33,236593
24190,0.001476,172.31.33.0-255,66,79780,33,236593
24191,0.001501,172.217.194.0-255,2184,81964,33,236593
24192,0.001503,172.31.33.0-255,66,82030,33,236593
24193,0.00188,172.217.194.0-255,1484,83514,33,236593
24194,0.001888,172.217.194.0-255,2902,86416,33,236593
24195,0.001892,172.31.33.0-255,66,86482,33,236593
24196,0.001896,172.217.194.0-255,1484,87966,33,236593
24197,0.001914,172.217.194.0-255,4320,92286,33,236593
24198,0.001916,172.31.33.0-255,66,92352,33,236593
24199,0.001922,172.217.194.0-255,5738,98090,33,236593
24200,0.001924,172.31.33.0-255,66,98156,33,236593
24201,0.001928,172.217.194.0-255,2902,101058,33,236593
24202,0.00193,172.31.33.0-255,66,101124,33,236593
24203,0.001961,172.31.33.0-255,66,101190,33,236593
24204,0.002002,172.217.194.0-255,5020,106210,33,236593
24205,0.002004,172.31.33.0-255,66,106276,33,236593
24206,0.002184,172.217.194.0-255,1484,107760,33,236593
24207,0.002188,172.217.194.0-255,2902,110662,33,236593
24208,0.002191,172.31.33.0-255,66,110728,33,236593
24209,0.002214,172.217.194.0-255,4320,115048,33,236593
24210,0.002216,172.31.33.0-255,66,115114,33,236593
24211,0.002229,172.217.194.0-255,1484,116598,33,236593
24212,0.002235,172.217.194.0-255,5738,122336,33,236593
24213,0.002237,172.31.33.0-255,66,122402,33,236593
24214,0.00226,172.217.194.0-255,5738,128140,33,236593
24215,0.002263,172.31.33.0-255,66,128206,33,236593
24216,0.002278,172.217.194.0-255,1484,129690,33,236593
24217,0.002308,172.31.33.0-255,66,129756,33,236593
24218,0.002326,172.217.194.0-255,4320,134076,33,236593
24219,0.002328,172.31.33.0-255,66,134142,33,236593
24220,0.002352,172.31.33.0-255,66,134208,33,236593
24221,0.002362,172.31.33.0-255,66,134274,33,236593
24222,0.002376,172.217.194.0-255,2902,137176,33,236593
24223,0.002378,172.31.33.0-255,66,137242,33,236593
24224,0.002402,172.31.33.0-255,66,137308,33,236593
24225,0.002408,172.217.194.0-255,5738,143046,33,236593
24226,0.00241,172.31.33.0-255,66,143112,33,236593
24227,0.002431,172.217.194.0-255,5738,148850,33,236593
24228,0.002433,172.31.33.0-255,66,148916,33,236593
24229,0.002438,172.217.194.0-255,4320,153236,33,236593
24230,0.00244,172.31.33.0-255,66,153302,33,236593
24231,0.00245,172.31.33.0-255,66,153368,33,236593
24232,0.002491,172.217.194.0-255,5738,159106,33,236593
24233,0.002493,172.31.33.0-255,66,159172,33,236593
24234,0.00251,172.217.194.0-255,3602,162774,33,236593
24235,0.002512,172.31.33.0-255,66,162840,33,236593
24236,0.002554,172.217.194.0-255,1484,164324,33,236593
24237,0.002564,172.217.194.0-255,1484,165808,33,236593
24238,0.002566,172.31.33.0-255,66,165874,33,236593
24239,0.002584,172.217.194.0-255,1484,167358,33,236593
24240,0.00259,172.217.194.0-255,5738,173096,33,236593
24241,0.002592,172.31.33.0-255,66,173162,33,236593
24242,0.002602,172.217.194.0-255,5738,178900,33,236593
24243,0.002604,172.31.33.0-255,66,178966,33,236593
24244,0.002617,172.31.33.0-255,66,179032,33,236593
24245,0.002644,172.217.194.0-255,5020,184052,33,236593
24246,0.002646,172.31.33.0-255,66,184118,33,236593
24247,0.002669,172.217.194.0-255,2902,187020,33,236593
24248,0.002671,172.31.33.0-255,66,187086,33,236593
24249,0.002687,172.217.194.0-255,2902,189988,33,236593
24250,0.002689,172.31.33.0-255,66,190054,33,236593
24251,0.002696,172.217.194.0-255,7156,197210,33,236593
24252,0.002698,172.31.33.0-255,66,197276,33,236593
24253,0.002736,172.31.33.0-255,66,197342,33,236593
24254,0.002738,172.217.194.0-255,1484,198826,33,236593
24255,0.002741,172.217.194.0-255,1484,200310,33,236593
24256,0.002743,172.31.33.0-255,66,200376,33,236593
24257,0.002748,172.217.194.0-255,3602,203978,33,236593
24258,0.00275,172.31.33.0-255,66,204044,33,236593
24259,0.002752,172.217.194.0-255,1484,205528,33,236593
24260,0.00278,172.217.194.0-255,7156,212684,33,236593
24261,0.002782,172.31.33.0-255,66,212750,33,236593
24262,0.002816,172.217.194.0-255,1484,214234,33,236593
24263,0.002849,172.31.33.0-255,66,214300,33,236593
24264,0.002864,172.217.194.0-255,1484,215784,33,236593
24265,0.002907,172.217.194.0-255,7156,222940,33,236593
24266,0.002914,172.217.194.0-255,6438,229378,33,236593
24267,0.002943,172.217.194.0-255,4320,233698,33,236593
24268,0.002997,172.217.194.0-255,1484,235182,33,236593
24269,0.003,172.217.194.0-255,1306,236488,33,236593
24270,0.00302,172.217.194.0-255,105,236593,33,236593
24271,0.0,172.217.194.0-255,146,146,33,195618
24272,1.7e-05,172.31.33.0-255,66,212,33,195618
24273,2.4e-05,172.217.194.0-255,1484,1696,33,195618
24274,2.8e-05,172.31.33.0-255,66,1762,33,195618
24275,3.4e-05,172.217.194.0-255,2902,4664,33,195618
24276,3.6e-05,172.31.33.0-255,66,4730,33,195618
24277,4.2e-05,172.217.194.0-255,4320,9050,33,195618
24278,4.4e-05,172.31.33.0-255,66,9116,33,195618
24279,6.4e-05,172.217.194.0-255,1484,10600,33,195618
24280,6.6e-05,172.31.33.0-255,66,10666,33,195618
24281,9.8e-05,172.31.33.0-255,66,10732,33,195618
24282,0.000105,172.217.194.0-255,6797,17529,33,195618
24283,0.000107,172.31.33.0-255,66,17595,33,195618
24284,0.000145,172.217.194.0-255,1484,19079,33,195618
24285,0.000147,172.31.33.0-255,66,19145,33,195618
24286,0.000152,172.217.194.0-255,2902,22047,33,195618
24287,0.000153,172.31.33.0-255,66,22113,33,195618
24288,0.000157,172.217.194.0-255,1484,23597,33,195618
24289,0.000158,172.31.33.0-255,66,23663,33,195618
24290,0.000175,172.217.194.0-255,4320,27983,33,195618
24291,0.000177,172.31.33.0-255,66,28049,33,195618
24292,0.000192,172.217.194.0-255,2902,30951,33,195618
24293,0.000194,172.31.33.0-255,66,31017,33,195618
24294,0.000213,172.217.194.0-255,3961,34978,33,195618
24295,0.000216,172.31.33.0-255,66,35044,33,195618
24296,0.000237,172.217.194.0-255,7156,42200,33,195618
24297,0.00024,172.31.33.0-255,66,42266,33,195618
24298,0.000243,172.217.194.0-255,1484,43750,33,195618
24299,0.000244,172.31.33.0-255,66,43816,33,195618
24300,0.000271,172.31.33.0-255,66,43882,33,195618
24301,0.00069,172.217.194.0-255,646,44528,33,195618
24302,0.000723,172.217.194.0-255,1484,46012,33,195618
24303,0.000741,172.31.33.0-255,66,46078,33,195618
24304,0.000747,172.217.194.0-255,4320,50398,33,195618
24305,0.000761,172.31.33.0-255,66,50464,33,195618
24306,0.000775,172.217.194.0-255,4320,54784,33,195618
24307,0.00079,172.217.194.0-255,4320,59104,33,195618
24308,0.000793,172.31.33.0-255,66,59170,33,195618
24309,0.000799,172.31.33.0-255,66,59236,33,195618
24310,0.000813,172.217.194.0-255,1484,60720,33,195618
24311,0.00085,172.31.33.0-255,66,60786,33,195618
24312,0.000885,172.217.194.0-255,1484,62270,33,195618
24313,0.000889,172.217.194.0-255,2902,65172,33,195618
24314,0.0009,172.217.194.0-255,1484,66656,33,195618
24315,0.000903,172.31.33.0-255,66,66722,33,195618
24316,0.00091,172.217.194.0-255,1484,68206,33,195618
24317,0.000914,172.31.33.0-255,66,68272,33,195618
24318,0.000923,172.217.194.0-255,2902,71174,33,195618
24319,0.000924,172.217.194.0-255,1484,72658,33,195618
24320,0.000942,172.31.33.0-255,66,72724,33,195618
24321,0.000957,172.31.33.0-255,66,72790,33,195618
24322,0.000996,172.31.33.0-255,66,72856,33,195618
24323,0.001007,172.217.194.0-255,3053,75909,33,195618
24324,0.001051,172.31.33.0-255,66,75975,33,195618
24325,0.001108,172.217.194.0-255,6797,82772,33,195618
24326,0.001113,172.31.33.0-255,66,82838,33,195618
24327,0.001119,172.217.194.0-255,1484,84322,33,195618
24328,0.00114,172.217.194.0-255,7156,91478,33,195618
24329,0.001147,172.31.33.0-255,66,91544,33,195618
24330,0.001156,172.217.194.0-255,2543,94087,33,195618
24331,0.001159,172.31.33.0-255,66,94153,33,195618
24332,0.001465,172.217.194.0-255,1484,95637,33,195618
24333,0.00147,172.217.194.0-255,2902,98539,33,195618
24334,0.001473,172.31.33.0-255,66,98605,33,195618
24335,0.001492,172.217.194.0-255,5738,104343,33,195618
24336,0.001499,172.31.33.0-255,66,104409,33,195618
24337,0.00154,172.217.194.0-255,5738,110147,33,195618
24338,0.001552,172.217.194.0-255,5020,115167,33,195618
24339,0.001554,172.31.33.0-255,66,115233,33,195618
24340,0.001558,172.31.33.0-255,66,115299,33,195618
24341,0.001868,172.217.194.0-255,1484,116783,33,195618
24342,0.001887,172.217.194.0-255,2902,119685,33,195618
24343,0.00189,172.31.33.0-255,66,119751,33,195618
24344,0.001894,172.217.194.0-255,1484,121235,33,195618
24345,0.001913,172.217.194.0-255,4320,125555,33,195618
24346,0.001915,172.31.33.0-255,66,125621,33,195618
24347,0.00192,172.217.194.0-255,4320,129941,33,195618
24348,0.001947,172.31.33.0-255,66,130007,33,195618
24349,0.001979,172.217.194.0-255,2184,132191,33,195618
24350,0.002096,172.217.194.0-255,1484,133675,33,195618
24351,0.00211,172.217.194.0-255,2902,136577,33,195618
24352,0.002113,172.217.194.0-255,1484,138061,33,195618
24353,0.002133,172.217.194.0-255,4320,142381,33,195618
24354,0.002135,172.217.194.0-255,1484,143865,33,195618
24355,0.002207,172.217.194.0-255,2184,146049,33,195618
24356,0.002266,172.217.194.0-255,1484,147533,33,195618
24357,0.00227,172.217.194.0-255,1484,149017,33,195618
24358,0.002283,172.217.194.0-255,1484,150501,33,195618
24359,0.002289,172.217.194.0-255,4320,154821,33,195618
24360,0.002302,172.217.194.0-255,1484,156305,33,195618
24361,0.002305,172.217.194.0-255,1484,157789,33,195618
24362,0.002331,172.217.194.0-255,7156,164945,33,195618
24363,0.002336,172.217.194.0-255,5738,170683,33,195618
24364,0.002351,172.217.194.0-255,4320,175003,33,195618
24365,0.002371,172.217.194.0-255,5020,180023,33,195618
24366,0.002436,172.217.194.0-255,1484,181507,33,195618
24367,0.002451,172.217.194.0-255,1484,182991,33,195618
24368,0.002471,172.217.194.0-255,4320,187311,33,195618
24369,0.002527,172.217.194.0-255,2902,190213,33,195618
24370,0.002587,172.217.194.0-255,5129,195342,33,195618
24371,0.002635,172.217.194.0-255,105,195447,33,195618
24372,0.007987,172.31.33.0-255,66,195513,33,195618
24373,0.009471,172.31.33.0-255,105,195618,33,195618
24374,0.0,74.125.68.0-255,219,219,33,242132
24375,2.1e-05,172.31.33.0-255,66,285,33,242132
24376,2.7e-05,74.125.68.0-255,1484,1769,33,242132
24377,3.1e-05,172.31.33.0-255,66,1835,33,242132
24378,3.4e-05,74.125.68.0-255,1484,3319,33,242132
24379,3.7e-05,172.31.33.0-255,66,3385,33,242132
24380,5.9e-05,74.125.68.0-255,2902,6287,33,242132
24381,6.2e-05,172.31.33.0-255,66,6353,33,242132
24382,6.8e-05,74.125.68.0-255,7156,13509,33,242132
24383,7.1e-05,172.31.33.0-255,66,13575,33,242132
24384,0.000104,172.31.33.0-255,66,13641,33,242132
24385,0.000108,74.125.68.0-255,2902,16543,33,242132
24386,0.00011,172.31.33.0-255,66,16609,33,242132
24387,0.000128,74.125.68.0-255,4320,20929,33,242132
24388,0.00013,172.31.33.0-255,66,20995,33,242132
24389,0.00017,74.125.68.0-255,2543,23538,33,242132
24390,0.000173,172.31.33.0-255,66,23604,33,242132
24391,0.00024,74.125.68.0-255,1484,25088,33,242132
24392,0.000245,172.31.33.0-255,66,25154,33,242132
24393,0.00025,74.125.68.0-255,2902,28056,33,242132
24394,0.000252,172.31.33.0-255,66,28122,33,242132
24395,0.000255,74.125.68.0-255,2902,31024,33,242132
24396,0.000258,172.31.33.0-255,66,31090,33,242132
24397,0.000286,74.125.68.0-255,4320,35410,33,242132
24398,0.000289,172.31.33.0-255,66,35476,33,242132
24399,0.00031,74.125.68.0-255,7156,42632,33,242132
24400,0.000313,172.31.33.0-255,66,42698,33,242132
24401,0.000333,74.125.68.0-255,2543,45241,33,242132
24402,0.000336,172.31.33.0-255,66,45307,33,242132
24403,0.000339,74.125.68.0-255,2902,48209,33,242132
24404,0.000341,172.31.33.0-255,66,48275,33,242132
24405,0.000367,74.125.68.0-255,2902,51177,33,242132
24406,0.000369,172.31.33.0-255,66,51243,33,242132
24407,0.000404,74.125.68.0-255,7075,58318,33,242132
24408,0.000407,172.31.33.0-255,66,58384,33,242132
24409,0.00041,74.125.68.0-255,132,58516,33,242132
24410,0.000485,74.125.68.0-255,1484,60000,33,242132
24411,0.000489,172.31.33.0-255,66,60066,33,242132
24412,0.000492,74.125.68.0-255,1484,61550,33,242132
24413,0.000515,74.125.68.0-255,1484,63034,33,242132
24414,0.000518,172.31.33.0-255,66,63100,33,242132
24415,0.000524,74.125.68.0-255,5738,68838,33,242132
24416,0.000526,172.31.33.0-255,66,68904,33,242132
24417,0.000528,74.125.68.0-255,1484,70388,33,242132
24418,0.000555,74.125.68.0-255,5635,76023,33,242132
24419,0.000559,172.31.33.0-255,66,76089,33,242132
24420,0.000562,74.125.68.0-255,1484,77573,33,242132
24421,0.000582,74.125.68.0-255,5738,83311,33,242132
24422,0.000585,172.31.33.0-255,66,83377,33,242132
24423,0.000592,74.125.68.0-255,7156,90533,33,242132
24424,0.000594,172.31.33.0-255,66,90599,33,242132
24425,0.000603,74.125.68.0-255,1484,92083,33,242132
24426,0.000614,74.125.68.0-255,1125,93208,33,242132
24427,0.000615,172.31.33.0-255,66,93274,33,242132
24428,0.000943,74.125.68.0-255,1484,94758,33,242132
24429,0.000949,74.125.68.0-255,2902,97660,33,242132
24430,0.000952,172.31.33.0-255,66,97726,33,242132
24431,0.000969,74.125.68.0-255,4320,102046,33,242132
24432,0.000971,172.31.33.0-255,66,102112,33,242132
24433,0.000997,74.125.68.0-255,1484,103596,33,242132
24434,0.001001,74.125.68.0-255,2902,106498,33,242132
24435,0.001003,172.31.33.0-255,66,106564,33,242132
24436,0.001008,74.125.68.0-255,4320,110884,33,242132
24437,0.00101,172.31.33.0-255,66,110950,33,242132
24438,0.001019,172.31.33.0-255,66,111016,33,242132
24439,0.001022,74.125.68.0-255,2902,113918,33,242132
24440,0.001025,172.31.33.0-255,66,113984,33,242132
24441,0.001036,74.125.68.0-255,1484,115468,33,242132
24442,0.001051,74.125.68.0-255,2902,118370,33,242132
24443,0.001054,172.31.33.0-255,66,118436,33,242132
24444,0.001069,74.125.68.0-255,766,119202,33,242132
24445,0.001262,74.125.68.0-255,1484,120686,33,242132
24446,0.001267,172.31.33.0-255,66,120752,33,242132
24447,0.001271,74.125.68.0-255,1484,122236,33,242132
24448,0.001274,74.125.68.0-255,1484,123720,33,242132
24449,0.001276,172.31.33.0-255,66,123786,33,242132
24450,0.001288,74.125.68.0-255,1484,125270,33,242132
24451,0.001292,74.125.68.0-255,2902,128172,33,242132
24452,0.001295,172.31.33.0-255,66,128238,33,242132
24453,0.001308,74.125.68.0-255,2902,131140,33,242132
24454,0.00131,172.31.33.0-255,66,131206,33,242132
24455,0.001313,74.125.68.0-255,1484,132690,33,242132
24456,0.00134,74.125.68.0-255,7156,139846,33,242132
24457,0.001343,172.31.33.0-255,66,139912,33,242132
24458,0.001352,74.125.68.0-255,5738,145650,33,242132
24459,0.001354,172.31.33.0-255,66,145716,33,242132
24460,0.001377,74.125.68.0-255,4320,150036,33,242132
24461,0.001381,74.125.68.0-255,3602,153638,33,242132
24462,0.001384,172.31.33.0-255,66,153704,33,242132
24463,0.001387,172.31.33.0-255,66,153770,33,242132
24464,0.001657,74.125.68.0-255,1484,155254,33,242132
24465,0.001672,74.125.68.0-255,2902,158156,33,242132
24466,0.001675,172.31.33.0-255,66,158222,33,242132
24467,0.001693,74.125.68.0-255,4320,162542,33,242132
24468,0.001695,172.31.33.0-255,66,162608,33,242132
24469,0.00172,74.125.68.0-255,4320,166928,33,242132
24470,0.001722,172.31.33.0-255,66,166994,33,242132
24471,0.001743,74.125.68.0-255,4320,171314,33,242132
24472,0.001745,172.31.33.0-255,66,171380,33,242132
24473,0.001749,74.125.68.0-255,2902,174282,33,242132
24474,0.001751,172.31.33.0-255,66,174348,33,242132
24475,0.001753,74.125.68.0-255,1484,175832,33,242132
24476,0.001782,172.31.33.0-255,66,175898,33,242132
24477,0.001784,74.125.68.0-255,766,176664,33,242132
24478,0.002009,74.125.68.0-255,1484,178148,33,242132
24479,0.002013,172.31.33.0-255,66,178214,33,242132
24480,0.002016,74.125.68.0-255,1484,179698,33,242132
24481,0.002031,74.125.68.0-255,1484,181182,33,242132
24482,0.002033,172.31.33.0-255,66,181248,33,242132
24483,0.002035,74.125.68.0-255,1484,182732,33,242132
24484,0.002054,74.125.68.0-255,2902,185634,33,242132
24485,0.002055,172.31.33.0-255,66,185700,33,242132
24486,0.002061,74.125.68.0-255,5738,191438,33,242132
24487,0.002062,172.31.33.0-255,66,191504,33,242132
24488,0.002111,172.31.33.0-255,66,191570,33,242132
24489,0.002126,74.125.68.0-255,4320,195890,33,242132
24490,0.002127,172.31.33.0-255,66,195956,33,242132
24491,0.002154,74.125.68.0-255,6438,202394,33,242132
24492,0.002156,172.31.33.0-255,66,202460,33,242132
24493,0.002159,74.125.68.0-255,2902,205362,33,242132
24494,0.002161,172.31.33.0-255,66,205428,33,242132
24495,0.002172,74.125.68.0-255,1484,206912,33,242132
24496,0.002198,172.31.33.0-255,66,206978,33,242132
24497,0.002202,74.125.68.0-255,4320,211298,33,242132
24498,0.002204,172.31.33.0-255,66,211364,33,242132
24499,0.002244,74.125.68.0-255,4320,215684,33,242132
24500,0.002247,172.31.33.0-255,66,215750,33,242132
24501,0.002272,172.31.33.0-255,66,215816,33,242132
24502,0.002282,74.125.68.0-255,2902,218718,33,242132
24503,0.002284,172.31.33.0-255,66,218784,33,242132
24504,0.002313,172.31.33.0-255,66,218850,33,242132
24505,0.002318,74.125.68.0-255,5738,224588,33,242132
24506,0.002319,172.31.33.0-255,66,224654,33,242132
24507,0.002321,74.125.68.0-255,1484,226138,33,242132
24508,0.004594,74.125.68.0-255,4320,230458,33,242132
24509,0.004601,172.31.33.0-255,66,230524,33,242132
24510,0.006898,74.125.68.0-255,5738,236262,33,242132
24511,0.006915,172.31.33.0-255,66,236328,33,242132
24512,0.009226,74.125.68.0-255,5738,242066,33,242132
24513,0.009247,172.31.33.0-255,66,242132,33,242132
24514,0.0,172.217.194.0-255,153,153,33,230429
24515,1.4e-05,172.31.33.0-255,66,219,33,230429
24516,1.9e-05,172.217.194.0-255,1484,1703,33,230429
24517,2.3e-05,172.31.33.0-255,66,1769,33,230429
24518,2.9e-05,172.217.194.0-255,2902,4671,33,230429
24519,3.2e-05,172.31.33.0-255,66,4737,33,230429
24520,6.1e-05,172.217.194.0-255,7156,11893,33,230429
24521,6.4e-05,172.31.33.0-255,66,11959,33,230429
24522,0.000115,172.217.194.0-255,7156,19115,33,230429
24523,0.000117,172.31.33.0-255,66,19181,33,230429
24524,0.00013,172.217.194.0-255,3475,22656,33,230429
24525,0.000132,172.31.33.0-255,66,22722,33,230429
24526,0.00015,172.217.194.0-255,4320,27042,33,230429
24527,0.000152,172.31.33.0-255,66,27108,33,230429
24528,0.000167,172.217.194.0-255,3961,31069,33,230429
24529,0.00017,172.31.33.0-255,66,31135,33,230429
24530,0.000203,172.217.194.0-255,1484,32619,33,230429
24531,0.000205,172.31.33.0-255,66,32685,33,230429
24532,0.00021,172.217.194.0-255,2902,35587,33,230429
24533,0.000212,172.31.33.0-255,66,35653,33,230429
24534,0.000217,172.217.194.0-255,2902,38555,33,230429
24535,0.000219,172.31.33.0-255,66,38621,33,230429
24536,0.000242,172.217.194.0-255,2902,41523,33,230429
24537,0.000244,172.31.33.0-255,66,41589,33,230429
24538,0.000249,172.217.194.0-255,4320,45909,33,230429
24539,0.000251,172.31.33.0-255,66,45975,33,230429
24540,0.000264,172.217.194.0-255,2543,48518,33,230429
24541,0.000266,172.31.33.0-255,66,48584,33,230429
24542,0.000282,172.217.194.0-255,5738,54322,33,230429
24543,0.000284,172.31.33.0-255,66,54388,33,230429
24544,0.000307,172.217.194.0-255,1484,55872,33,230429
24545,0.000309,172.31.33.0-255,66,55938,33,230429
24546,0.000321,172.31.33.0-255,66,56004,33,230429
24547,0.000332,172.217.194.0-255,677,56681,33,230429
24548,0.000516,172.217.194.0-255,1484,58165,33,230429
24549,0.00052,172.217.194.0-255,1484,59649,33,230429
24550,0.000524,172.31.33.0-255,66,59715,33,230429
24551,0.000538,172.217.194.0-255,1484,61199,33,230429
24552,0.00054,172.31.33.0-255,66,61265,33,230429
24553,0.000544,172.217.194.0-255,2902,64167,33,230429
24554,0.000547,172.31.33.0-255,66,64233,33,230429
24555,0.00057,172.217.194.0-255,2902,67135,33,230429
24556,0.000572,172.31.33.0-255,66,67201,33,230429
24557,0.000577,172.217.194.0-255,4320,71521,33,230429
24558,0.000579,172.31.33.0-255,66,71587,33,230429
24559,0.000582,172.217.194.0-255,2902,74489,33,230429
24560,0.000584,172.31.33.0-255,66,74555,33,230429
24561,0.000618,172.31.33.0-255,66,74621,33,230429
24562,0.000628,172.31.33.0-255,66,74687,33,230429
24563,0.000689,172.217.194.0-255,1484,76171,33,230429
24564,0.000695,172.217.194.0-255,2902,79073,33,230429
24565,0.0007,172.31.33.0-255,66,79139,33,230429
24566,0.000706,172.217.194.0-255,5738,84877,33,230429
24567,0.000708,172.31.33.0-255,66,84943,33,230429
24568,0.000712,172.217.194.0-255,2902,87845,33,230429
24569,0.000714,172.31.33.0-255,66,87911,33,230429
24570,0.000749,172.31.33.0-255,66,87977,33,230429
24571,0.000759,172.217.194.0-255,1484,89461,33,230429
24572,0.000772,172.217.194.0-255,5738,95199,33,230429
24573,0.000775,172.31.33.0-255,66,95265,33,230429
24574,0.000795,172.217.194.0-255,3602,98867,33,230429
24575,0.000797,172.31.33.0-255,66,98933,33,230429
24576,0.000812,172.217.194.0-255,1484,100417,33,230429
24577,0.000832,172.217.194.0-255,2902,103319,33,230429
24578,0.000834,172.31.33.0-255,66,103385,33,230429
24579,0.00084,172.217.194.0-255,4320,107705,33,230429
24580,0.000843,172.31.33.0-255,66,107771,33,230429
24581,0.000857,172.217.194.0-255,1484,109255,33,230429
24582,0.000862,172.217.194.0-255,4320,113575,33,230429
24583,0.000864,172.31.33.0-255,66,113641,33,230429
24584,0.000888,172.217.194.0-255,5738,119379,33,230429
24585,0.00089,172.31.33.0-255,66,119445,33,230429
24586,0.000926,172.217.194.0-255,7156,126601,33,230429
24587,0.000928,172.31.33.0-255,66,126667,33,230429
24588,0.000949,172.217.194.0-255,6438,133105,33,230429
24589,0.000976,172.217.194.0-255,1484,134589,33,230429
24590,0.00099,172.217.194.0-255,2902,137491,33,230429
24591,0.001007,172.217.194.0-255,5738,143229,33,230429
24592,0.001029,172.217.194.0-255,5738,148967,33,230429
24593,0.001032,172.217.194.0-255,1484,150451,33,230429
24594,0.001098,172.217.194.0-255,4320,154771,33,230429
24595,0.00111,172.217.194.0-255,766,155537,33,230429
24596,0.001115,172.217.194.0-255,5738,161275,33,230429
24597,0.001154,172.217.194.0-255,5738,167013,33,230429
24598,0.001177,172.217.194.0-255,5738,172751,33,230429
24599,0.001207,172.217.194.0-255,6438,179189,33,230429
24600,0.001271,172.31.33.0-255,66,179255,33,230429
24601,0.00128,172.217.194.0-255,4320,183575,33,230429
24602,0.001285,172.31.33.0-255,66,183641,33,230429
24603,0.001326,172.31.33.0-255,66,183707,33,230429
24604,0.001336,172.217.194.0-255,5738,189445,33,230429
24605,0.001341,172.31.33.0-255,66,189511,33,230429
24606,0.001379,172.31.33.0-255,66,189577,33,230429
24607,0.001416,172.217.194.0-255,1484,191061,33,230429
24608,0.00142,172.217.194.0-255,1484,192545,33,230429
24609,0.001431,172.31.33.0-255,66,192611,33,230429
24610,0.001435,172.217.194.0-255,1484,194095,33,230429
24611,0.00144,172.217.194.0-255,4320,198415,33,230429
24612,0.001452,172.217.194.0-255,1484,199899,33,230429
24613,0.001453,172.31.33.0-255,66,199965,33,230429
24614,0.001473,172.217.194.0-255,1484,201449,33,230429
24615,0.001478,172.31.33.0-255,66,201515,33,230429
24616,0.001516,172.217.194.0-255,7156,208671,33,230429
24617,0.001527,172.31.33.0-255,66,208737,33,230429
24618,0.001535,172.217.194.0-255,1484,210221,33,230429
24619,0.001545,172.217.194.0-255,2902,213123,33,230429
24620,0.001574,172.31.33.0-255,66,213189,33,230429
24621,0.001579,172.31.33.0-255,66,213255,33,230429
24622,0.001605,172.217.194.0-255,5020,218275,33,230429
24623,0.001625,172.31.33.0-255,66,218341,33,230429
24624,0.001648,172.217.194.0-255,5020,223361,33,230429
24625,0.00167,172.217.194.0-255,6563,229924,33,230429
24626,0.001672,172.217.194.0-255,97,230021,33,230429
24627,0.001712,172.31.33.0-255,66,230087,33,230429
24628,0.001722,172.217.194.0-255,105,230192,33,230429
24629,0.004403,172.31.33.0-255,66,230258,33,230429
24630,0.004437,172.31.33.0-255,105,230363,33,230429
24631,0.006998,172.217.194.0-255,66,230429,33,230429
24632,0.0,172.217.194.0-255,153,153,33,212631
24633,3.7e-05,172.31.33.0-255,66,219,33,212631
24634,4.4e-05,172.217.194.0-255,1484,1703,33,212631
24635,4.8e-05,172.31.33.0-255,66,1769,33,212631
24636,5.4e-05,172.217.194.0-255,2902,4671,33,212631
24637,5.7e-05,172.31.33.0-255,66,4737,33,212631
24638,6.5e-05,172.217.194.0-255,7156,11893,33,212631
24639,6.8e-05,172.31.33.0-255,66,11959,33,212631
24640,7.1e-05,172.217.194.0-255,1484,13443,33,212631
24641,7.3e-05,172.31.33.0-255,66,13509,33,212631
24642,9.6e-05,172.217.194.0-255,635,14144,33,212631
24643,9.9e-05,172.31.33.0-255,66,14210,33,212631
24644,0.00022,172.217.194.0-255,1484,15694,33,212631
24645,0.000224,172.31.33.0-255,66,15760,33,212631
24646,0.000229,172.217.194.0-255,2902,18662,33,212631
24647,0.000232,172.31.33.0-255,66,18728,33,212631
24648,0.000269,172.217.194.0-255,5738,24466,33,212631
24649,0.000273,172.31.33.0-255,66,24532,33,212631
24650,0.000276,172.217.194.0-255,1484,26016,33,212631
24651,0.000278,172.31.33.0-255,66,26082,33,212631
24652,0.000292,172.217.194.0-255,1484,27566,33,212631
24653,0.000295,172.31.33.0-255,66,27632,33,212631
24654,0.000307,172.217.194.0-255,1484,29116,33,212631
24655,0.00031,172.31.33.0-255,66,29182,33,212631
24656,0.000336,172.31.33.0-255,66,29248,33,212631
24657,0.000342,172.217.194.0-255,5738,34986,33,212631
24658,0.000345,172.31.33.0-255,66,35052,33,212631
24659,0.000366,172.217.194.0-255,1484,36536,33,212631
24660,0.000369,172.31.33.0-255,66,36602,33,212631
24661,0.000403,172.31.33.0-255,66,36668,33,212631
24662,0.000407,172.217.194.0-255,2184,38852,33,212631
24663,0.000409,172.31.33.0-255,66,38918,33,212631
24664,0.000412,172.217.194.0-255,339,39257,33,212631
24665,0.000609,172.217.194.0-255,114,39371,33,212631
24666,0.000758,172.217.194.0-255,1484,40855,33,212631
24667,0.000762,172.31.33.0-255,66,40921,33,212631
24668,0.000767,172.217.194.0-255,2902,43823,33,212631
24669,0.000769,172.31.33.0-255,66,43889,33,212631
24670,0.000784,172.217.194.0-255,5738,49627,33,212631
24671,0.000787,172.31.33.0-255,66,49693,33,212631
24672,0.000805,172.217.194.0-255,4320,54013,33,212631
24673,0.000808,172.31.33.0-255,66,54079,33,212631
24674,0.000834,172.217.194.0-255,5738,59817,33,212631
24675,0.000837,172.31.33.0-255,66,59883,33,212631
24676,0.000869,172.217.194.0-255,1484,61367,33,212631
24677,0.000891,172.217.194.0-255,5738,67105,33,212631
24678,0.000894,172.31.33.0-255,66,67171,33,212631
24679,0.0009,172.217.194.0-255,6438,73609,33,212631
24680,0.000903,172.31.33.0-255,66,73675,33,212631
24681,0.001137,172.217.194.0-255,1484,75159,33,212631
24682,0.001154,172.217.194.0-255,2902,78061,33,212631
24683,0.001157,172.31.33.0-255,66,78127,33,212631
24684,0.001173,172.217.194.0-255,5738,83865,33,212631
24685,0.001175,172.31.33.0-255,66,83931,33,212631
24686,0.001213,172.31.33.0-255,66,83997,33,212631
24687,0.001216,172.217.194.0-255,1484,85481,33,212631
24688,0.001242,172.31.33.0-255,66,85547,33,212631
24689,0.001289,172.217.194.0-255,1484,87031,33,212631
24690,0.001309,172.217.194.0-255,2902,89933,33,212631
24691,0.001313,172.31.33.0-255,66,89999,33,212631
24692,0.00132,172.217.194.0-255,5738,95737,33,212631
24693,0.001322,172.31.33.0-255,66,95803,33,212631
24694,0.001354,172.31.33.0-255,66,95869,33,212631
24695,0.001374,172.217.194.0-255,4320,100189,33,212631
24696,0.001377,172.31.33.0-255,66,100255,33,212631
24697,0.001393,172.217.194.0-255,4320,104575,33,212631
24698,0.001396,172.31.33.0-255,66,104641,33,212631
24699,0.001435,172.31.33.0-255,66,104707,33,212631
24700,0.001442,172.217.194.0-255,5738,110445,33,212631
24701,0.001444,172.31.33.0-255,66,110511,33,212631
24702,0.001448,172.217.194.0-255,2902,113413,33,212631
24703,0.001451,172.31.33.0-255,66,113479,33,212631
24704,0.001486,172.31.33.0-255,66,113545,33,212631
24705,0.001509,172.217.194.0-255,5738,119283,33,212631
24706,0.001512,172.31.33.0-255,66,119349,33,212631
24707,0.001517,172.217.194.0-255,3602,122951,33,212631
24708,0.001519,172.31.33.0-255,66,123017,33,212631
24709,0.00165,172.217.194.0-255,1484,124501,33,212631
24710,0.001668,172.217.194.0-255,2902,127403,33,212631
24711,0.001673,172.31.33.0-255,66,127469,33,212631
24712,0.001697,172.217.194.0-255,5738,133207,33,212631
24713,0.001703,172.217.194.0-255,2902,136109,33,212631
24714,0.001714,172.217.194.0-255,4320,140429,33,212631
24715,0.001732,172.217.194.0-255,5738,146167,33,212631
24716,0.001737,172.217.194.0-255,5738,151905,33,212631
24717,0.001775,172.217.194.0-255,5020,156925,33,212631
24718,0.001904,172.217.194.0-255,1484,158409,33,212631
24719,0.001926,172.217.194.0-255,2902,161311,33,212631
24720,0.001948,172.217.194.0-255,5738,167049,33,212631
24721,0.001989,172.217.194.0-255,1484,168533,33,212631
24722,0.002002,172.217.194.0-255,1484,170017,33,212631
24723,0.002012,172.217.194.0-255,1484,171501,33,212631
24724,0.002029,172.217.194.0-255,4320,175821,33,212631
24725,0.002043,172.217.194.0-255,4320,180141,33,212631
24726,0.002068,172.217.194.0-255,1484,181625,33,212631
24727,0.002087,172.217.194.0-255,4320,185945,33,212631
24728,0.002102,172.217.194.0-255,5020,190965,33,212631
24729,0.002148,172.217.194.0-255,7156,198121,33,212631
24730,0.002172,172.217.194.0-255,2902,201023,33,212631
24731,0.002192,172.217.194.0-255,1484,202507,33,212631
24732,0.002198,172.217.194.0-255,5738,208245,33,212631
24733,0.002203,172.217.194.0-255,4320,212565,33,212631
24734,0.009706,172.31.33.0-255,66,212631,33,212631
24735,0.0,74.125.24.0-255,152,152,33,84449
24736,3.1e-05,172.31.33.0-255,66,218,33,84449
24737,3.9e-05,74.125.24.0-255,1484,1702,33,84449
24738,4.3e-05,172.31.33.0-255,66,1768,33,84449
24739,4.7e-05,74.125.24.0-255,2902,4670,33,84449
24740,4.9e-05,172.31.33.0-255,66,4736,33,84449
24741,8.7e-05,74.125.24.0-255,7156,11892,33,84449
24742,9e-05,172.31.33.0-255,66,11958,33,84449
24743,0.000203,74.125.24.0-255,2087,14045,33,84449
24744,0.000206,172.31.33.0-255,66,14111,33,84449
24745,0.000239,74.125.24.0-255,5738,19849,33,84449
24746,0.000243,172.31.33.0-255,66,19915,33,84449
24747,0.000264,74.125.24.0-255,5738,25653,33,84449
24748,0.000268,172.31.33.0-255,66,25719,33,84449
24749,0.000438,74.125.24.0-255,7156,32875,33,84449
24750,0.000442,172.31.33.0-255,66,32941,33,84449
24751,0.000457,74.125.24.0-255,7156,40097,33,84449
24752,0.00046,172.31.33.0-255,66,40163,33,84449
24753,0.000694,74.125.24.0-255,7156,47319,33,84449
24754,0.000699,172.31.33.0-255,66,47385,33,84449
24755,0.000734,172.31.33.0-255,66,47451,33,84449
24756,0.001126,74.125.24.0-255,1484,48935,33,84449
24757,0.001134,172.31.33.0-255,66,49001,33,84449
24758,0.001179,172.31.33.0-255,66,49067,33,84449
24759,0.001192,74.125.24.0-255,2902,51969,33,84449
24760,0.001194,172.31.33.0-255,66,52035,33,84449
24761,0.001659,74.125.24.0-255,2902,54937,33,84449
24762,0.001661,172.31.33.0-255,66,55003,33,84449
24763,0.001674,74.125.24.0-255,4320,59323,33,84449
24764,0.001676,172.31.33.0-255,66,59389,33,84449
24765,0.001711,74.125.24.0-255,4112,63501,33,84449
24766,0.001984,74.125.24.0-255,2902,66403,33,84449
24767,0.002066,74.125.24.0-255,6438,72841,33,84449
24768,0.002915,74.125.24.0-255,5738,78579,33,84449
24769,0.005597,172.31.33.0-255,66,78645,33,84449
24770,0.007826,74.125.24.0-255,5738,84383,33,84449
24771,0.007834,172.31.33.0-255,66,84449,33,84449
24772,0.0,172.31.33.0-255,105,105,33,459
24773,0.000267,172.31.33.0-255,90,195,33,459
24774,0.000275,172.31.33.0-255,66,261,33,459
24775,0.002456,74.125.24.0-255,66,327,33,459
24776,0.002467,74.125.24.0-255,66,393,33,459
24777,0.002476,172.31.33.0-255,66,459,33,459
24778,0.0,74.125.130.0-255,153,153,33,119094
24779,3e-05,172.31.33.0-255,66,219,33,119094
24780,3.7e-05,74.125.130.0-255,1484,1703,33,119094
24781,4.1e-05,172.31.33.0-255,66,1769,33,119094
24782,4.4e-05,74.125.130.0-255,1484,3253,33,119094
24783,4.6e-05,172.31.33.0-255,66,3319,33,119094
24784,5e-05,74.125.130.0-255,2902,6221,33,119094
24785,5.2e-05,172.31.33.0-255,66,6287,33,119094
24786,5.4e-05,74.125.130.0-255,1484,7771,33,119094
24787,5.6e-05,172.31.33.0-255,66,7837,33,119094
24788,7.2e-05,74.125.130.0-255,4320,12157,33,119094
24789,7.4e-05,172.31.33.0-255,66,12223,33,119094
24790,7.7e-05,74.125.130.0-255,2065,14288,33,119094
24791,8e-05,172.31.33.0-255,66,14354,33,119094
24792,0.000742,74.125.130.0-255,1484,15838,33,119094
24793,0.000748,172.31.33.0-255,66,15904,33,119094
24794,0.000767,74.125.130.0-255,2902,18806,33,119094
24795,0.000771,172.31.33.0-255,66,18872,33,119094
24796,0.000794,74.125.130.0-255,5738,24610,33,119094
24797,0.000796,172.31.33.0-255,66,24676,33,119094
24798,0.000799,74.125.130.0-255,1484,26160,33,119094
24799,0.000801,172.31.33.0-255,66,26226,33,119094
24800,0.000804,74.125.130.0-255,1484,27710,33,119094
24801,0.000806,172.31.33.0-255,66,27776,33,119094
24802,0.00083,74.125.130.0-255,1484,29260,33,119094
24803,0.000832,172.31.33.0-255,66,29326,33,119094
24804,0.000846,74.125.130.0-255,2543,31869,33,119094
24805,0.000848,172.31.33.0-255,66,31935,33,119094
24806,0.000872,74.125.130.0-255,2902,34837,33,119094
24807,0.000875,172.31.33.0-255,66,34903,33,119094
24808,0.000889,74.125.130.0-255,5738,40641,33,119094
24809,0.000892,172.31.33.0-255,66,40707,33,119094
24810,0.000904,74.125.130.0-255,1484,42191,33,119094
24811,0.000909,74.125.130.0-255,1484,43675,33,119094
24812,0.000911,172.31.33.0-255,66,43741,33,119094
24813,0.000916,74.125.130.0-255,2902,46643,33,119094
24814,0.000918,172.31.33.0-255,66,46709,33,119094
24815,0.000948,74.125.130.0-255,5738,52447,33,119094
24816,0.000951,172.31.33.0-255,66,52513,33,119094
24817,0.000955,74.125.130.0-255,1484,53997,33,119094
24818,0.000976,74.125.130.0-255,2902,56899,33,119094
24819,0.00098,172.31.33.0-255,66,56965,33,119094
24820,0.001005,74.125.130.0-255,5738,62703,33,119094
24821,0.001009,172.31.33.0-255,66,62769,33,119094
24822,0.001012,74.125.130.0-255,1484,64253,33,119094
24823,0.001017,74.125.130.0-255,2184,66437,33,119094
24824,0.001019,172.31.33.0-255,66,66503,33,119094
24825,0.001533,74.125.130.0-255,376,66879,33,119094
24826,0.001775,74.125.130.0-255,367,67246,33,119094
24827,0.00182,74.125.130.0-255,1484,68730,33,119094
24828,0.001823,172.31.33.0-255,66,68796,33,119094
24829,0.001844,74.125.130.0-255,4320,73116,33,119094
24830,0.001846,172.31.33.0-255,66,73182,33,119094
24831,0.001862,74.125.130.0-255,4320,77502,33,119094
24832,0.001864,172.31.33.0-255,66,77568,33,119094
24833,0.001888,74.125.130.0-255,5738,83306,33,119094
24834,0.001891,172.31.33.0-255,66,83372,33,119094
24835,0.001908,74.125.130.0-255,4320,87692,33,119094
24836,0.00191,172.31.33.0-255,66,87758,33,119094
24837,0.001926,74.125.130.0-255,4320,92078,33,119094
24838,0.001929,172.31.33.0-255,66,92144,33,119094
24839,0.001935,74.125.130.0-255,5738,97882,33,119094
24840,0.001937,172.31.33.0-255,66,97948,33,119094
24841,0.001957,74.125.130.0-255,3602,101550,33,119094
24842,0.001959,172.31.33.0-255,66,101616,33,119094
24843,0.00445,74.125.130.0-255,1484,103100,33,119094
24844,0.004469,74.125.130.0-255,4320,107420,33,119094
24845,0.004477,172.31.33.0-255,66,107486,33,119094
24846,0.007032,74.125.130.0-255,5738,113224,33,119094
24847,0.007037,172.31.33.0-255,66,113290,33,119094
24848,0.009549,74.125.130.0-255,5738,119028,33,119094
24849,0.009559,172.31.33.0-255,66,119094,33,119094
24850,0.0,74.125.200.0-255,153,153,33,284103
24851,2.8e-05,172.31.33.0-255,66,219,33,284103
24852,3.3e-05,74.125.200.0-255,1484,1703,33,284103
24853,3.7e-05,172.31.33.0-255,66,1769,33,284103
24854,4.9e-05,74.125.200.0-255,1484,3253,33,284103
24855,5.1e-05,172.31.33.0-255,66,3319,33,284103
24856,7.4e-05,74.125.200.0-255,1484,4803,33,284103
24857,7.7e-05,172.31.33.0-255,66,4869,33,284103
24858,8.4e-05,74.125.200.0-255,5738,10607,33,284103
24859,8.6e-05,172.31.33.0-255,66,10673,33,284103
24860,9e-05,74.125.200.0-255,3422,14095,33,284103
24861,9.2e-05,172.31.33.0-255,66,14161,33,284103
24862,0.000114,74.125.200.0-255,4320,18481,33,284103
24863,0.000116,172.31.33.0-255,66,18547,33,284103
24864,0.000135,74.125.200.0-255,7156,25703,33,284103
24865,0.000137,172.31.33.0-255,66,25769,33,284103
24866,0.000156,74.125.200.0-255,2902,28671,33,284103
24867,0.000158,172.31.33.0-255,66,28737,33,284103
24868,0.000162,74.125.200.0-255,2543,31280,33,284103
24869,0.000165,172.31.33.0-255,66,31346,33,284103
24870,0.000218,74.125.200.0-255,1484,32830,33,284103
24871,0.000221,172.31.33.0-255,66,32896,33,284103
24872,0.000225,74.125.200.0-255,2902,35798,33,284103
24873,0.000227,172.31.33.0-255,66,35864,33,284103
24874,0.000239,74.125.200.0-255,2902,38766,33,284103
24875,0.000243,172.31.33.0-255,66,38832,33,284103
24876,0.000262,74.125.200.0-255,4320,43152,33,284103
24877,0.000265,172.31.33.0-255,66,43218,33,284103
24878,0.000268,74.125.200.0-255,1484,44702,33,284103
24879,0.000269,172.31.33.0-255,66,44768,33,284103
24880,0.000286,74.125.200.0-255,4320,49088,33,284103
24881,0.000289,172.31.33.0-255,66,49154,33,284103
24882,0.000316,74.125.200.0-255,2902,52056,33,284103
24883,0.00032,172.31.33.0-255,66,52122,33,284103
24884,0.000325,172.31.33.0-255,66,52188,33,284103
24885,0.000346,74.125.200.0-255,4320,56508,33,284103
24886,0.000349,172.31.33.0-255,66,56574,33,284103
24887,0.000365,74.125.200.0-255,1129,57703,33,284103
24888,0.000488,74.125.200.0-255,1484,59187,33,284103
24889,0.000492,172.31.33.0-255,66,59253,33,284103
24890,0.0005,74.125.200.0-255,2902,62155,33,284103
24891,0.000503,172.31.33.0-255,66,62221,33,284103
24892,0.00053,74.125.200.0-255,5738,67959,33,284103
24893,0.000532,172.31.33.0-255,66,68025,33,284103
24894,0.00055,74.125.200.0-255,2902,70927,33,284103
24895,0.000552,172.31.33.0-255,66,70993,33,284103
24896,0.000577,172.31.33.0-255,66,71059,33,284103
24897,0.000592,74.125.200.0-255,1484,72543,33,284103
24898,0.000614,172.31.33.0-255,66,72609,33,284103
24899,0.000689,74.125.200.0-255,1484,74093,33,284103
24900,0.000693,74.125.200.0-255,1484,75577,33,284103
24901,0.000696,172.31.33.0-255,66,75643,33,284103
24902,0.000725,74.125.200.0-255,1484,77127,33,284103
24903,0.000739,74.125.200.0-255,1484,78611,33,284103
24904,0.000742,172.31.33.0-255,66,78677,33,284103
24905,0.000748,74.125.200.0-255,5738,84415,33,284103
24906,0.00075,172.31.33.0-255,66,84481,33,284103
24907,0.000755,74.125.200.0-255,5738,90219,33,284103
24908,0.000758,172.31.33.0-255,66,90285,33,284103
24909,0.000782,74.125.200.0-255,5738,96023,33,284103
24910,0.000785,172.31.33.0-255,66,96089,33,284103
24911,0.000798,74.125.200.0-255,1484,97573,33,284103
24912,0.000829,172.31.33.0-255,66,97639,33,284103
24913,0.000911,74.125.200.0-255,1484,99123,33,284103
24914,0.000916,74.125.200.0-255,2902,102025,33,284103
24915,0.000918,172.31.33.0-255,66,102091,33,284103
24916,0.000938,74.125.200.0-255,5738,107829,33,284103
24917,0.000941,172.31.33.0-255,66,107895,33,284103
24918,0.000944,74.125.200.0-255,1484,109379,33,284103
24919,0.000962,74.125.200.0-255,4320,113699,33,284103
24920,0.000964,172.31.33.0-255,66,113765,33,284103
24921,0.000968,74.125.200.0-255,4320,118085,33,284103
24922,0.00097,172.31.33.0-255,66,118151,33,284103
24923,0.000982,74.125.200.0-255,2902,121053,33,284103
24924,0.000985,172.31.33.0-255,66,121119,33,284103
24925,0.001,74.125.200.0-255,2902,124021,33,284103
24926,0.001003,172.31.33.0-255,66,124087,33,284103
24927,0.00103,172.31.33.0-255,66,124153,33,284103
24928,0.001065,74.125.200.0-255,1484,125637,33,284103
24929,0.001082,74.125.200.0-255,2902,128539,33,284103
24930,0.001085,172.31.33.0-255,66,128605,33,284103
24931,0.001091,74.125.200.0-255,5738,134343,33,284103
24932,0.001093,172.31.33.0-255,66,134409,33,284103
24933,0.001096,74.125.200.0-255,2902,137311,33,284103
24934,0.001098,172.31.33.0-255,66,137377,33,284103
24935,0.001119,74.125.200.0-255,4320,141697,33,284103
24936,0.001122,172.31.33.0-255,66,141763,33,284103
24937,0.001133,74.125.200.0-255,2902,144665,33,284103
24938,0.001136,172.31.33.0-255,66,144731,33,284103
24939,0.001158,74.125.200.0-255,5738,150469,33,284103
24940,0.001165,172.31.33.0-255,66,150535,33,284103
24941,0.001167,172.31.33.0-255,66,150601,33,284103
24942,0.001379,74.125.200.0-255,1484,152085,33,284103
24943,0.001384,74.125.200.0-255,2902,154987,33,284103
24944,0.001387,172.31.33.0-255,66,155053,33,284103
24945,0.001405,74.125.200.0-255,4320,159373,33,284103
24946,0.001408,172.31.33.0-255,66,159439,33,284103
24947,0.001428,74.125.200.0-255,5738,165177,33,284103
24948,0.001431,172.31.33.0-255,66,165243,33,284103
24949,0.001446,74.125.200.0-255,1484,166727,33,284103
24950,0.001466,172.31.33.0-255,66,166793,33,284103
24951,0.001516,74.125.200.0-255,2902,169695,33,284103
24952,0.001519,172.31.33.0-255,66,169761,33,284103
24953,0.001537,74.125.200.0-255,5020,174781,33,284103
24954,0.00154,172.31.33.0-255,66,174847,33,284103
24955,0.001589,74.125.200.0-255,1484,176331,33,284103
24956,0.001592,74.125.200.0-255,1484,177815,33,284103
24957,0.001594,172.31.33.0-255,66,177881,33,284103
24958,0.00161,74.125.200.0-255,1484,179365,33,284103
24959,0.001615,74.125.200.0-255,4320,183685,33,284103
24960,0.001618,172.31.33.0-255,66,183751,33,284103
24961,0.001641,74.125.200.0-255,7156,190907,33,284103
24962,0.001644,172.31.33.0-255,66,190973,33,284103
24963,0.001662,74.125.200.0-255,1484,192457,33,284103
24964,0.001671,172.31.33.0-255,66,192523,33,284103
24965,0.001711,74.125.200.0-255,4320,196843,33,284103
24966,0.001713,172.31.33.0-255,66,196909,33,284103
24967,0.001732,74.125.200.0-255,3602,200511,33,284103
24968,0.001734,172.31.33.0-255,66,200577,33,284103
24969,0.001805,74.125.200.0-255,1484,202061,33,284103
24970,0.001808,74.125.200.0-255,1484,203545,33,284103
24971,0.001811,172.31.33.0-255,66,203611,33,284103
24972,0.001827,74.125.200.0-255,1484,205095,33,284103
24973,0.001837,74.125.200.0-255,2902,207997,33,284103
24974,0.00184,172.31.33.0-255,66,208063,33,284103
24975,0.001851,74.125.200.0-255,2902,210965,33,284103
24976,0.001854,172.31.33.0-255,66,211031,33,284103
24977,0.001858,74.125.200.0-255,2902,213933,33,284103
24978,0.00186,172.31.33.0-255,66,213999,33,284103
24979,0.001896,172.31.33.0-255,66,214065,33,284103
24980,0.001939,172.31.33.0-255,66,214131,33,284103
24981,0.001964,74.125.200.0-255,1484,215615,33,284103
24982,0.001976,74.125.200.0-255,2902,218517,33,284103
24983,0.001978,172.31.33.0-255,66,218583,33,284103
24984,0.001999,74.125.200.0-255,5738,224321,33,284103
24985,0.002001,172.31.33.0-255,66,224387,33,284103
24986,0.002011,74.125.200.0-255,1484,225871,33,284103
24987,0.002036,74.125.200.0-255,4320,230191,33,284103
24988,0.002039,172.31.33.0-255,66,230257,33,284103
24989,0.002046,74.125.200.0-255,7156,237413,33,284103
24990,0.002048,172.31.33.0-255,66,237479,33,284103
24991,0.002068,74.125.200.0-255,5738,243217,33,284103
24992,0.002071,172.31.33.0-255,66,243283,33,284103
24993,0.002099,74.125.200.0-255,5020,248303,33,284103
24994,0.002101,172.31.33.0-255,66,248369,33,284103
24995,0.002113,172.31.33.0-255,66,248435,33,284103
24996,0.002123,172.31.33.0-255,66,248501,33,284103
24997,0.002159,172.31.33.0-255,66,248567,33,284103
24998,0.002164,74.125.200.0-255,3602,252169,33,284103
24999,0.002167,172.31.33.0-255,66,252235,33,284103
25000,0.00218,74.125.200.0-255,4320,256555,33,284103
25001,0.002182,172.31.33.0-255,66,256621,33,284103
25002,0.002207,74.125.200.0-255,2902,259523,33,284103
25003,0.002209,172.31.33.0-255,66,259589,33,284103
25004,0.002233,74.125.200.0-255,7156,266745,33,284103
25005,0.002235,172.31.33.0-255,66,266811,33,284103
25006,0.002241,74.125.200.0-255,5738,272549,33,284103
25007,0.002244,172.31.33.0-255,66,272615,33,284103
25008,0.002269,74.125.200.0-255,5738,278353,33,284103
25009,0.002272,172.31.33.0-255,66,278419,33,284103
25010,0.002277,74.125.200.0-255,5276,283695,33,284103
25011,0.002279,172.31.33.0-255,66,283761,33,284103
25012,0.002297,74.125.200.0-255,105,283866,33,284103
25013,0.002901,172.31.33.0-255,66,283932,33,284103
25014,0.002925,172.31.33.0-255,105,284037,33,284103
25015,0.005312,74.125.200.0-255,66,284103,33,284103
25016,0.0,74.125.68.0-255,153,153,33,240203
25017,1.5e-05,172.31.33.0-255,66,219,33,240203
25018,2.2e-05,74.125.68.0-255,1484,1703,33,240203
25019,2.8e-05,172.31.33.0-255,66,1769,33,240203
25020,3.1e-05,74.125.68.0-255,1484,3253,33,240203
25021,4.3e-05,172.31.33.0-255,66,3319,33,240203
25022,7.9e-05,74.125.68.0-255,1484,4803,33,240203
25023,8.2e-05,172.31.33.0-255,66,4869,33,240203
25024,9e-05,74.125.68.0-255,5738,10607,33,240203
25025,9.3e-05,172.31.33.0-255,66,10673,33,240203
25026,0.000103,74.125.68.0-255,3510,14183,33,240203
25027,0.000105,172.31.33.0-255,66,14249,33,240203
25028,0.000239,74.125.68.0-255,1484,15733,33,240203
25029,0.000245,172.31.33.0-255,66,15799,33,240203
25030,0.00025,74.125.68.0-255,2902,18701,33,240203
25031,0.000252,172.31.33.0-255,66,18767,33,240203
25032,0.000284,74.125.68.0-255,5738,24505,33,240203
25033,0.000287,172.31.33.0-255,66,24571,33,240203
25034,0.000321,74.125.68.0-255,6797,31368,33,240203
25035,0.000324,172.31.33.0-255,66,31434,33,240203
25036,0.000352,74.125.68.0-255,1484,32918,33,240203
25037,0.000354,172.31.33.0-255,66,32984,33,240203
25038,0.000379,74.125.68.0-255,1484,34468,33,240203
25039,0.000381,172.31.33.0-255,66,34534,33,240203
25040,0.000409,74.125.68.0-255,2902,37436,33,240203
25041,0.000412,172.31.33.0-255,66,37502,33,240203
25042,0.000419,74.125.68.0-255,5738,43240,33,240203
25043,0.000422,172.31.33.0-255,66,43306,33,240203
25044,0.00043,74.125.68.0-255,2902,46208,33,240203
25045,0.000433,172.31.33.0-255,66,46274,33,240203
25046,0.00047,74.125.68.0-255,2543,48817,33,240203
25047,0.000473,172.31.33.0-255,66,48883,33,240203
25048,0.001036,74.125.68.0-255,1484,50367,33,240203
25049,0.001046,74.125.68.0-255,2902,53269,33,240203
25050,0.001051,172.31.33.0-255,66,53335,33,240203
25051,0.001059,74.125.68.0-255,5738,59073,33,240203
25052,0.001061,172.31.33.0-255,66,59139,33,240203
25053,0.001066,74.125.68.0-255,2902,62041,33,240203
25054,0.001076,172.31.33.0-255,66,62107,33,240203
25055,0.001099,74.125.68.0-255,1484,63591,33,240203
25056,0.001122,74.125.68.0-255,2543,66134,33,240203
25057,0.001125,172.31.33.0-255,66,66200,33,240203
25058,0.001166,74.125.68.0-255,2902,69102,33,240203
25059,0.001169,172.31.33.0-255,66,69168,33,240203
25060,0.001173,74.125.68.0-255,1484,70652,33,240203
25061,0.001201,74.125.68.0-255,5738,76390,33,240203
25062,0.001203,172.31.33.0-255,66,76456,33,240203
25063,0.001215,74.125.68.0-255,1484,77940,33,240203
25064,0.001249,172.31.33.0-255,66,78006,33,240203
25065,0.001257,74.125.68.0-255,7156,85162,33,240203
25066,0.00126,172.31.33.0-255,66,85228,33,240203
25067,0.001287,74.125.68.0-255,2902,88130,33,240203
25068,0.00129,172.31.33.0-255,66,88196,33,240203
25069,0.001297,74.125.68.0-255,4542,92738,33,240203
25070,0.0013,172.31.33.0-255,66,92804,33,240203
25071,0.001369,74.125.68.0-255,4320,97124,33,240203
25072,0.001372,172.31.33.0-255,66,97190,33,240203
25073,0.001379,74.125.68.0-255,5738,102928,33,240203
25074,0.001382,172.31.33.0-255,66,102994,33,240203
25075,0.001394,74.125.68.0-255,6233,109227,33,240203
25076,0.001396,172.31.33.0-255,66,109293,33,240203
25077,0.00145,74.125.68.0-255,1484,110777,33,240203
25078,0.001465,74.125.68.0-255,2902,113679,33,240203
25079,0.001469,172.31.33.0-255,66,113745,33,240203
25080,0.001472,74.125.68.0-255,1484,115229,33,240203
25081,0.001494,74.125.68.0-255,2902,118131,33,240203
25082,0.001497,172.31.33.0-255,66,118197,33,240203
25083,0.001526,74.125.68.0-255,4320,122517,33,240203
25084,0.00153,172.31.33.0-255,66,122583,33,240203
25085,0.001552,74.125.68.0-255,1484,124067,33,240203
25086,0.001569,74.125.68.0-255,5738,129805,33,240203
25087,0.001572,172.31.33.0-255,66,129871,33,240203
25088,0.001597,74.125.68.0-255,2902,132773,33,240203
25089,0.0016,172.31.33.0-255,66,132839,33,240203
25090,0.001613,172.31.33.0-255,66,132905,33,240203
25091,0.001616,74.125.68.0-255,766,133671,33,240203
25092,0.001642,74.125.68.0-255,1484,135155,33,240203
25093,0.001645,172.31.33.0-255,66,135221,33,240203
25094,0.00165,74.125.68.0-255,2902,138123,33,240203
25095,0.001652,172.31.33.0-255,66,138189,33,240203
25096,0.00168,74.125.68.0-255,5738,143927,33,240203
25097,0.001683,172.31.33.0-255,66,143993,33,240203
25098,0.001691,74.125.68.0-255,2902,146895,33,240203
25099,0.001693,172.31.33.0-255,66,146961,33,240203
25100,0.001729,172.31.33.0-255,66,147027,33,240203
25101,0.001771,172.31.33.0-255,66,147093,33,240203
25102,0.001795,74.125.68.0-255,1484,148577,33,240203
25103,0.0018,74.125.68.0-255,2902,151479,33,240203
25104,0.001802,172.31.33.0-255,66,151545,33,240203
25105,0.001833,74.125.68.0-255,5738,157283,33,240203
25106,0.001836,172.31.33.0-255,66,157349,33,240203
25107,0.001842,74.125.68.0-255,4320,161669,33,240203
25108,0.001844,172.31.33.0-255,66,161735,33,240203
25109,0.001866,74.125.68.0-255,1484,163219,33,240203
25110,0.00187,74.125.68.0-255,1484,164703,33,240203
25111,0.001872,172.31.33.0-255,66,164769,33,240203
25112,0.001897,74.125.68.0-255,5738,170507,33,240203
25113,0.001901,172.31.33.0-255,66,170573,33,240203
25114,0.001909,74.125.68.0-255,7156,177729,33,240203
25115,0.001911,172.31.33.0-255,66,177795,33,240203
25116,0.001946,74.125.68.0-255,3602,181397,33,240203
25117,0.00195,172.31.33.0-255,66,181463,33,240203
25118,0.001999,74.125.68.0-255,1484,182947,33,240203
25119,0.002005,74.125.68.0-255,2902,185849,33,240203
25120,0.002008,172.31.33.0-255,66,185915,33,240203
25121,0.002037,74.125.68.0-255,5738,191653,33,240203
25122,0.002041,172.31.33.0-255,66,191719,33,240203
25123,0.002045,74.125.68.0-255,2902,194621,33,240203
25124,0.002047,172.31.33.0-255,66,194687,33,240203
25125,0.00208,74.125.68.0-255,5738,200425,33,240203
25126,0.002083,172.31.33.0-255,66,200491,33,240203
25127,0.002106,74.125.68.0-255,4320,204811,33,240203
25128,0.002109,172.31.33.0-255,66,204877,33,240203
25129,0.002117,74.125.68.0-255,7156,212033,33,240203
25130,0.002155,74.125.68.0-255,3602,215635,33,240203
25131,0.002224,74.125.68.0-255,1484,217119,33,240203
25132,0.002228,74.125.68.0-255,1484,218603,33,240203
25133,0.002245,74.125.68.0-255,1484,220087,33,240203
25134,0.002271,74.125.68.0-255,2902,222989,33,240203
25135,0.002308,74.125.68.0-255,7156,230145,33,240203
25136,0.002324,74.125.68.0-255,5738,235883,33,240203
25137,0.002337,74.125.68.0-255,4320,240203,33,240203
25138,0.0,172.217.194.0-255,146,146,33,204977
25139,1.8e-05,172.31.33.0-255,66,212,33,204977
25140,2.4e-05,172.217.194.0-255,1484,1696,33,204977
25141,2.8e-05,172.31.33.0-255,66,1762,33,204977
25142,3.3e-05,172.217.194.0-255,2902,4664,33,204977
25143,3.6e-05,172.31.33.0-255,66,4730,33,204977
25144,4.6e-05,172.217.194.0-255,1484,6214,33,204977
25145,4.8e-05,172.31.33.0-255,66,6280,33,204977
25146,6.9e-05,172.217.194.0-255,4320,10600,33,204977
25147,7.6e-05,172.31.33.0-255,66,10666,33,204977
25148,8.3e-05,172.217.194.0-255,6308,16974,33,204977
25149,8.6e-05,172.31.33.0-255,66,17040,33,204977
25150,0.000119,172.31.33.0-255,66,17106,33,204977
25151,0.000184,172.217.194.0-255,1484,18590,33,204977
25152,0.000187,172.31.33.0-255,66,18656,33,204977
25153,0.000205,172.217.194.0-255,2902,21558,33,204977
25154,0.000207,172.31.33.0-255,66,21624,33,204977
25155,0.000212,172.217.194.0-255,2902,24526,33,204977
25156,0.000214,172.31.33.0-255,66,24592,33,204977
25157,0.000236,172.217.194.0-255,2902,27494,33,204977
25158,0.000238,172.31.33.0-255,66,27560,33,204977
25159,0.000243,172.217.194.0-255,4320,31880,33,204977
25160,0.000246,172.31.33.0-255,66,31946,33,204977
25161,0.000296,172.31.33.0-255,66,32012,33,204977
25162,0.000308,172.31.33.0-255,66,32078,33,204977
25163,0.000311,172.217.194.0-255,365,32443,33,204977
25164,0.000314,172.31.33.0-255,66,32509,33,204977
25165,0.000433,172.217.194.0-255,1484,33993,33,204977
25166,0.000439,172.31.33.0-255,66,34059,33,204977
25167,0.000445,172.217.194.0-255,2902,36961,33,204977
25168,0.000448,172.31.33.0-255,66,37027,33,204977
25169,0.00046,172.217.194.0-255,5738,42765,33,204977
25170,0.000462,172.31.33.0-255,66,42831,33,204977
25171,0.000526,172.31.33.0-255,66,42897,33,204977
25172,0.000553,172.217.194.0-255,2543,45440,33,204977
25173,0.000556,172.31.33.0-255,66,45506,33,204977
25174,0.000572,172.31.33.0-255,66,45572,33,204977
25175,0.001004,172.217.194.0-255,1484,47056,33,204977
25176,0.001011,172.217.194.0-255,2902,49958,33,204977
25177,0.001015,172.31.33.0-255,66,50024,33,204977
25178,0.001045,172.217.194.0-255,5738,55762,33,204977
25179,0.001048,172.31.33.0-255,66,55828,33,204977
25180,0.001056,172.217.194.0-255,7156,62984,33,204977
25181,0.001058,172.31.33.0-255,66,63050,33,204977
25182,0.00107,172.217.194.0-255,7156,70206,33,204977
25183,0.001072,172.31.33.0-255,66,70272,33,204977
25184,0.001103,172.217.194.0-255,7156,77428,33,204977
25185,0.001106,172.31.33.0-255,66,77494,33,204977
25186,0.00111,172.217.194.0-255,2184,79678,33,204977
25187,0.001112,172.31.33.0-255,66,79744,33,204977
25188,0.002191,172.217.194.0-255,1484,81228,33,204977
25189,0.002201,172.217.194.0-255,2902,84130,33,204977
25190,0.002206,172.31.33.0-255,66,84196,33,204977
25191,0.002215,172.217.194.0-255,5738,89934,33,204977
25192,0.002218,172.31.33.0-255,66,90000,33,204977
25193,0.00226,172.31.33.0-255,66,90066,33,204977
25194,0.002268,172.217.194.0-255,7156,97222,33,204977
25195,0.00227,172.31.33.0-255,66,97288,33,204977
25196,0.002289,172.217.194.0-255,3602,100890,33,204977
25197,0.002295,172.31.33.0-255,66,100956,33,204977
25198,0.002299,172.217.194.0-255,1484,102440,33,204977
25199,0.002335,172.31.33.0-255,66,102506,33,204977
25200,0.002352,172.31.33.0-255,66,102572,33,204977
25201,0.002369,172.217.194.0-255,1484,104056,33,204977
25202,0.002398,172.31.33.0-255,66,104122,33,204977
25203,0.002438,172.31.33.0-255,66,104188,33,204977
25204,0.002441,172.217.194.0-255,1484,105672,33,204977
25205,0.002457,172.31.33.0-255,66,105738,33,204977
25206,0.002495,172.31.33.0-255,66,105804,33,204977
25207,0.002522,172.31.33.0-255,66,105870,33,204977
25208,0.002534,172.31.33.0-255,66,105936,33,204977
25209,0.002536,172.217.194.0-255,1484,107420,33,204977
25210,0.002568,172.217.194.0-255,1484,108904,33,204977
25211,0.002571,172.31.33.0-255,66,108970,33,204977
25212,0.002598,172.217.194.0-255,1484,110454,33,204977
25213,0.002604,172.217.194.0-255,5738,116192,33,204977
25214,0.002607,172.31.33.0-255,66,116258,33,204977
25215,0.002621,172.31.33.0-255,66,116324,33,204977
25216,0.002627,172.217.194.0-255,4320,120644,33,204977
25217,0.002629,172.31.33.0-255,66,120710,33,204977
25218,0.002658,172.217.194.0-255,2902,123612,33,204977
25219,0.00266,172.31.33.0-255,66,123678,33,204977
25220,0.002692,172.217.194.0-255,3602,127280,33,204977
25221,0.002695,172.31.33.0-255,66,127346,33,204977
25222,0.002716,172.217.194.0-255,1484,128830,33,204977
25223,0.002721,172.217.194.0-255,2902,131732,33,204977
25224,0.002724,172.31.33.0-255,66,131798,33,204977
25225,0.00273,172.217.194.0-255,5738,137536,33,204977
25226,0.002733,172.31.33.0-255,66,137602,33,204977
25227,0.002739,172.217.194.0-255,5738,143340,33,204977
25228,0.002741,172.31.33.0-255,66,143406,33,204977
25229,0.002769,172.217.194.0-255,7156,150562,33,204977
25230,0.002772,172.31.33.0-255,66,150628,33,204977
25231,0.002775,172.217.194.0-255,1484,152112,33,204977
25232,0.002782,172.217.194.0-255,5738,157850,33,204977
25233,0.002784,172.31.33.0-255,66,157916,33,204977
25234,0.002813,172.217.194.0-255,3602,161518,33,204977
25235,0.002815,172.31.33.0-255,66,161584,33,204977
25236,0.002918,172.217.194.0-255,1484,163068,33,204977
25237,0.002938,172.217.194.0-255,2902,165970,33,204977
25238,0.002942,172.31.33.0-255,66,166036,33,204977
25239,0.002948,172.217.194.0-255,4320,170356,33,204977
25240,0.002951,172.31.33.0-255,66,170422,33,204977
25241,0.002962,172.217.194.0-255,7156,177578,33,204977
25242,0.002965,172.31.33.0-255,66,177644,33,204977
25243,0.002993,172.217.194.0-255,1484,179128,33,204977
25244,0.003007,172.31.33.0-255,66,179194,33,204977
25245,0.003013,172.217.194.0-255,5020,184214,33,204977
25246,0.003017,172.31.33.0-255,66,184280,33,204977
25247,0.003022,172.217.194.0-255,4320,188600,33,204977
25248,0.003024,172.31.33.0-255,66,188666,33,204977
25249,0.003032,172.217.194.0-255,7156,195822,33,204977
25250,0.003034,172.31.33.0-255,66,195888,33,204977
25251,0.003071,172.217.194.0-255,4320,200208,33,204977
25252,0.003075,172.31.33.0-255,66,200274,33,204977
25253,0.003086,172.31.33.0-255,66,200340,33,204977
25254,0.003093,172.217.194.0-255,4337,204677,33,204977
25255,0.003095,172.31.33.0-255,66,204743,33,204977
25256,0.003123,172.217.194.0-255,105,204848,33,204977
25257,0.003245,172.217.194.0-255,129,204977,33,204977
25258,0.0,172.217.194.0-255,153,153,33,149989
25259,1.9e-05,172.31.33.0-255,66,219,33,149989
25260,2.6e-05,172.217.194.0-255,1484,1703,33,149989
25261,3e-05,172.31.33.0-255,66,1769,33,149989
25262,3.5e-05,172.217.194.0-255,2902,4671,33,149989
25263,4.4e-05,172.31.33.0-255,66,4737,33,149989
25264,5.2e-05,172.217.194.0-255,7156,11893,33,149989
25265,5.4e-05,172.31.33.0-255,66,11959,33,149989
25266,5.9e-05,172.217.194.0-255,2010,13969,33,149989
25267,6.1e-05,172.31.33.0-255,66,14035,33,149989
25268,6.5e-05,172.217.194.0-255,1484,15519,33,149989
25269,6.7e-05,172.31.33.0-255,66,15585,33,149989
25270,8.4e-05,172.217.194.0-255,1484,17069,33,149989
25271,8.7e-05,172.31.33.0-255,66,17135,33,149989
25272,9.9e-05,172.217.194.0-255,7156,24291,33,149989
25273,0.000101,172.31.33.0-255,66,24357,33,149989
25274,0.000136,172.217.194.0-255,6797,31154,33,149989
25275,0.000138,172.31.33.0-255,66,31220,33,149989
25276,0.000549,172.217.194.0-255,1484,32704,33,149989
25277,0.000554,172.31.33.0-255,66,32770,33,149989
25278,0.00056,172.217.194.0-255,2902,35672,33,149989
25279,0.000562,172.31.33.0-255,66,35738,33,149989
25280,0.000565,172.217.194.0-255,1484,37222,33,149989
25281,0.000567,172.31.33.0-255,66,37288,33,149989
25282,0.000604,172.217.194.0-255,4320,41608,33,149989
25283,0.000607,172.31.33.0-255,66,41674,33,149989
25284,0.000615,172.217.194.0-255,7156,48830,33,149989
25285,0.000616,172.31.33.0-255,66,48896,33,149989
25286,0.000641,172.217.194.0-255,6797,55693,33,149989
25287,0.000651,172.217.194.0-255,365,56058,33,149989
25288,0.000655,172.31.33.0-255,66,56124,33,149989
25289,0.000659,172.31.33.0-255,66,56190,33,149989
25290,0.000745,172.217.194.0-255,1484,57674,33,149989
25291,0.000749,172.31.33.0-255,66,57740,33,149989
25292,0.000778,172.217.194.0-255,2902,60642,33,149989
25293,0.00078,172.31.33.0-255,66,60708,33,149989
25294,0.000785,172.217.194.0-255,4320,65028,33,149989
25295,0.000788,172.31.33.0-255,66,65094,33,149989
25296,0.000825,172.31.33.0-255,66,65160,33,149989
25297,0.00083,172.217.194.0-255,2902,68062,33,149989
25298,0.000832,172.31.33.0-255,66,68128,33,149989
25299,0.000873,172.31.33.0-255,66,68194,33,149989
25300,0.000883,172.217.194.0-255,2543,70737,33,149989
25301,0.000886,172.31.33.0-255,66,70803,33,149989
25302,0.001262,172.217.194.0-255,1484,72287,33,149989
25303,0.001278,172.217.194.0-255,2902,75189,33,149989
25304,0.001282,172.31.33.0-255,66,75255,33,149989
25305,0.00129,172.217.194.0-255,5738,80993,33,149989
25306,0.001292,172.31.33.0-255,66,81059,33,149989
25307,0.001356,172.217.194.0-255,2902,83961,33,149989
25308,0.001361,172.31.33.0-255,66,84027,33,149989
25309,0.001364,172.31.33.0-255,66,84093,33,149989
25310,0.001387,172.31.33.0-255,66,84159,33,149989
25311,0.001474,172.217.194.0-255,1484,85643,33,149989
25312,0.001478,172.217.194.0-255,1484,87127,33,149989
25313,0.001481,172.31.33.0-255,66,87193,33,149989
25314,0.001506,172.217.194.0-255,1484,88677,33,149989
25315,0.001512,172.217.194.0-255,5738,94415,33,149989
25316,0.001515,172.217.194.0-255,1484,95899,33,149989
25317,0.001518,172.31.33.0-255,66,95965,33,149989
25318,0.001545,172.31.33.0-255,66,96031,33,149989
25319,0.001557,172.31.33.0-255,66,96097,33,149989
25320,0.001606,172.31.33.0-255,66,96163,33,149989
25321,0.001646,172.31.33.0-255,66,96229,33,149989
25322,0.001657,172.31.33.0-255,66,96295,33,149989
25323,0.001665,172.217.194.0-255,1484,97779,33,149989
25324,0.001669,172.217.194.0-255,2902,100681,33,149989
25325,0.001672,172.31.33.0-255,66,100747,33,149989
25326,0.001674,172.217.194.0-255,1484,102231,33,149989
25327,0.001705,172.217.194.0-255,4320,106551,33,149989
25328,0.001709,172.31.33.0-255,66,106617,33,149989
25329,0.001729,172.31.33.0-255,66,106683,33,149989
25330,0.00174,172.31.33.0-255,66,106749,33,149989
25331,0.00177,172.217.194.0-255,2184,108933,33,149989
25332,0.001773,172.31.33.0-255,66,108999,33,149989
25333,0.00182,172.217.194.0-255,1484,110483,33,149989
25334,0.001832,172.217.194.0-255,2902,113385,33,149989
25335,0.001836,172.31.33.0-255,66,113451,33,149989
25336,0.001865,172.217.194.0-255,5738,119189,33,149989
25337,0.001868,172.31.33.0-255,66,119255,33,149989
25338,0.001873,172.217.194.0-255,4320,123575,33,149989
25339,0.001876,172.31.33.0-255,66,123641,33,149989
25340,0.00191,172.217.194.0-255,4320,127961,33,149989
25341,0.001913,172.31.33.0-255,66,128027,33,149989
25342,0.001917,172.217.194.0-255,1484,129511,33,149989
25343,0.001951,172.31.33.0-255,101,129612,33,149989
25344,0.001956,172.31.33.0-255,66,129678,33,149989
25345,0.001976,172.217.194.0-255,5020,134698,33,149989
25346,0.001979,172.31.33.0-255,66,134764,33,149989
25347,0.001995,172.31.33.0-255,66,134830,33,149989
25348,0.002,172.217.194.0-255,4320,139150,33,149989
25349,0.002003,172.31.33.0-255,66,139216,33,149989
25350,0.002054,172.31.33.0-255,66,139282,33,149989
25351,0.002155,172.31.33.0-255,66,139348,33,149989
25352,0.002158,172.31.33.0-255,66,139414,33,149989
25353,0.002161,172.31.33.0-255,66,139480,33,149989
25354,0.002203,172.31.33.0-255,66,139546,33,149989
25355,0.002221,172.31.33.0-255,66,139612,33,149989
25356,0.002227,172.217.194.0-255,5738,145350,33,149989
25357,0.002229,172.31.33.0-255,66,145416,33,149989
25358,0.002271,172.31.33.0-255,66,145482,33,149989
25359,0.002301,172.217.194.0-255,4099,149581,33,149989
25360,0.002304,172.31.33.0-255,66,149647,33,149989
25361,0.002307,172.217.194.0-255,105,149752,33,149989
25362,0.004211,172.31.33.0-255,105,149857,33,149989
25363,0.004454,172.217.194.0-255,66,149923,33,149989
25364,0.006725,172.217.194.0-255,66,149989,33,149989
25365,0.0,172.31.33.0-255,105,105,33,984
25366,8.4e-05,172.31.33.0-255,105,210,33,984
25367,0.000295,172.31.33.0-255,90,300,33,984
25368,0.000306,172.31.33.0-255,66,366,33,984
25369,0.000501,172.31.33.0-255,90,456,33,984
25370,0.000509,172.31.33.0-255,66,522,33,984
25371,0.002755,74.125.24.0-255,66,588,33,984
25372,0.002768,74.125.24.0-255,66,654,33,984
25373,0.00278,172.31.33.0-255,66,720,33,984
25374,0.002805,172.217.194.0-255,66,786,33,984
25375,0.002808,172.217.194.0-255,66,852,33,984
25376,0.002811,172.31.33.0-255,66,918,33,984
25377,0.002824,172.217.194.0-255,66,984,33,984
25378,0.0,74.125.24.0-255,156,156,33,188245
25379,2.4e-05,172.31.33.0-255,66,222,33,188245
25380,3.1e-05,74.125.24.0-255,1484,1706,33,188245
25381,3.5e-05,172.31.33.0-255,66,1772,33,188245
25382,4.1e-05,74.125.24.0-255,2902,4674,33,188245
25383,4.3e-05,172.31.33.0-255,66,4740,33,188245
25384,5e-05,74.125.24.0-255,5738,10478,33,188245
25385,5.3e-05,172.31.33.0-255,66,10544,33,188245
25386,6.1e-05,74.125.24.0-255,6279,16823,33,188245
25387,6.3e-05,172.31.33.0-255,66,16889,33,188245
25388,8.1e-05,74.125.24.0-255,5738,22627,33,188245
25389,8.4e-05,172.31.33.0-255,66,22693,33,188245
25390,0.000104,172.31.33.0-255,66,22759,33,188245
25391,0.000301,74.125.24.0-255,1484,24243,33,188245
25392,0.000306,172.31.33.0-255,66,24309,33,188245
25393,0.000311,74.125.24.0-255,2902,27211,33,188245
25394,0.000314,172.31.33.0-255,66,27277,33,188245
25395,0.000318,74.125.24.0-255,2902,30179,33,188245
25396,0.00032,172.31.33.0-255,66,30245,33,188245
25397,0.000333,74.125.24.0-255,2902,33147,33,188245
25398,0.000336,172.31.33.0-255,66,33213,33,188245
25399,0.000369,172.31.33.0-255,66,33279,33,188245
25400,0.000383,74.125.24.0-255,2543,35822,33,188245
25401,0.000386,172.31.33.0-255,66,35888,33,188245
25402,0.000404,74.125.24.0-255,2902,38790,33,188245
25403,0.000407,172.31.33.0-255,66,38856,33,188245
25404,0.000439,172.31.33.0-255,66,38922,33,188245
25405,0.000647,74.125.24.0-255,132,39054,33,188245
25406,0.000651,172.31.33.0-255,66,39120,33,188245
25407,0.000783,74.125.24.0-255,1484,40604,33,188245
25408,0.000799,74.125.24.0-255,1484,42088,33,188245
25409,0.000802,172.31.33.0-255,66,42154,33,188245
25410,0.000814,74.125.24.0-255,1484,43638,33,188245
25411,0.00082,74.125.24.0-255,5738,49376,33,188245
25412,0.000822,172.31.33.0-255,66,49442,33,188245
25413,0.000853,74.125.24.0-255,2902,52344,33,188245
25414,0.000856,172.31.33.0-255,66,52410,33,188245
25415,0.000885,172.31.33.0-255,66,52476,33,188245
25416,0.000928,74.125.24.0-255,4320,56796,33,188245
25417,0.000932,172.31.33.0-255,66,56862,33,188245
25418,0.000953,74.125.24.0-255,5379,62241,33,188245
25419,0.000956,172.31.33.0-255,66,62307,33,188245
25420,0.000968,172.31.33.0-255,66,62373,33,188245
25421,0.000977,172.31.33.0-255,66,62439,33,188245
25422,0.001021,74.125.24.0-255,1484,63923,33,188245
25423,0.00106,172.31.33.0-255,66,63989,33,188245
25424,0.00107,172.31.33.0-255,66,64055,33,188245
25425,0.001074,74.125.24.0-255,2902,66957,33,188245
25426,0.001077,172.31.33.0-255,66,67023,33,188245
25427,0.001106,74.125.24.0-255,7156,74179,33,188245
25428,0.001109,172.31.33.0-255,66,74245,33,188245
25429,0.001112,74.125.24.0-255,1484,75729,33,188245
25430,0.001139,172.31.33.0-255,66,75795,33,188245
25431,0.001157,74.125.24.0-255,3602,79397,33,188245
25432,0.00116,172.31.33.0-255,66,79463,33,188245
25433,0.001172,172.31.33.0-255,66,79529,33,188245
25434,0.001193,74.125.24.0-255,7156,86685,33,188245
25435,0.001197,172.31.33.0-255,66,86751,33,188245
25436,0.001207,172.31.33.0-255,66,86817,33,188245
25437,0.001239,74.125.24.0-255,1484,88301,33,188245
25438,0.001244,74.125.24.0-255,2902,91203,33,188245
25439,0.001246,172.31.33.0-255,66,91269,33,188245
25440,0.00125,74.125.24.0-255,1484,92753,33,188245
25441,0.001269,74.125.24.0-255,4320,97073,33,188245
25442,0.001273,172.31.33.0-255,66,97139,33,188245
25443,0.00128,74.125.24.0-255,5738,102877,33,188245
25444,0.001283,172.31.33.0-255,66,102943,33,188245
25445,0.001325,172.31.33.0-255,66,103009,33,188245
25446,0.001331,74.125.24.0-255,5020,108029,33,188245
25447,0.001334,172.31.33.0-255,66,108095,33,188245
25448,0.001377,74.125.24.0-255,5738,113833,33,188245
25449,0.00138,172.31.33.0-255,66,113899,33,188245
25450,0.001408,172.31.33.0-255,66,113965,33,188245
25451,0.001446,172.31.33.0-255,66,114031,33,188245
25452,0.001448,74.125.24.0-255,766,114797,33,188245
25453,0.001492,74.125.24.0-255,1484,116281,33,188245
25454,0.001495,172.31.33.0-255,66,116347,33,188245
25455,0.001513,74.125.24.0-255,2902,119249,33,188245
25456,0.001515,172.31.33.0-255,66,119315,33,188245
25457,0.001529,74.125.24.0-255,1484,120799,33,188245
25458,0.001533,74.125.24.0-255,4320,125119,33,188245
25459,0.001535,172.31.33.0-255,66,125185,33,188245
25460,0.001538,74.125.24.0-255,1484,126669,33,188245
25461,0.001564,172.31.33.0-255,66,126735,33,188245
25462,0.001577,74.125.24.0-255,2902,129637,33,188245
25463,0.001579,172.31.33.0-255,66,129703,33,188245
25464,0.001599,172.31.33.0-255,66,129769,33,188245
25465,0.001645,74.125.24.0-255,1484,131253,33,188245
25466,0.001649,74.125.24.0-255,1484,132737,33,188245
25467,0.001651,172.31.33.0-255,66,132803,33,188245
25468,0.001668,74.125.24.0-255,1484,134287,33,188245
25469,0.001674,74.125.24.0-255,5738,140025,33,188245
25470,0.001676,172.31.33.0-255,66,140091,33,188245
25471,0.001683,74.125.24.0-255,7156,147247,33,188245
25472,0.001685,172.31.33.0-255,66,147313,33,188245
25473,0.001703,74.125.24.0-255,4320,151633,33,188245
25474,0.001706,172.31.33.0-255,66,151699,33,188245
25475,0.001731,74.125.24.0-255,4320,156019,33,188245
25476,0.001733,172.31.33.0-255,66,156085,33,188245
25477,0.001753,74.125.24.0-255,7156,163241,33,188245
25478,0.001756,172.31.33.0-255,66,163307,33,188245
25479,0.001768,74.125.24.0-255,766,164073,33,188245
25480,0.001794,74.125.24.0-255,1484,165557,33,188245
25481,0.001796,172.31.33.0-255,66,165623,33,188245
25482,0.0018,74.125.24.0-255,2902,168525,33,188245
25483,0.001803,172.31.33.0-255,66,168591,33,188245
25484,0.001805,74.125.24.0-255,1484,170075,33,188245
25485,0.001825,74.125.24.0-255,4320,174395,33,188245
25486,0.001827,172.31.33.0-255,66,174461,33,188245
25487,0.001829,74.125.24.0-255,1484,175945,33,188245
25488,0.001852,172.31.33.0-255,66,176011,33,188245
25489,0.001868,74.125.24.0-255,1484,177495,33,188245
25490,0.001881,74.125.24.0-255,2902,180397,33,188245
25491,0.001883,172.31.33.0-255,66,180463,33,188245
25492,0.001907,172.31.33.0-255,66,180529,33,188245
25493,0.001928,74.125.24.0-255,5020,185549,33,188245
25494,0.00193,172.31.33.0-255,66,185615,33,188245
25495,0.001939,172.31.33.0-255,66,185681,33,188245
25496,0.001951,172.31.33.0-255,66,185747,33,188245
25497,0.001963,74.125.24.0-255,2156,187903,33,188245
25498,0.001965,172.31.33.0-255,66,187969,33,188245
25499,0.001975,74.125.24.0-255,105,188074,33,188245
25500,0.008601,172.31.33.0-255,66,188140,33,188245
25501,0.008628,172.31.33.0-255,105,188245,33,188245
25502,0.0,74.125.24.0-255,153,153,33,68253
25503,2.3e-05,172.31.33.0-255,66,219,33,68253
25504,3.1e-05,74.125.24.0-255,1484,1703,33,68253
25505,3.5e-05,172.31.33.0-255,66,1769,33,68253
25506,4e-05,74.125.24.0-255,2902,4671,33,68253
25507,5.1e-05,172.31.33.0-255,66,4737,33,68253
25508,5.9e-05,74.125.24.0-255,7156,11893,33,68253
25509,6.2e-05,172.31.33.0-255,66,11959,33,68253
25510,6.6e-05,74.125.24.0-255,1975,13934,33,68253
25511,6.9e-05,172.31.33.0-255,66,14000,33,68253
25512,0.000109,172.31.33.0-255,66,14066,33,68253
25513,0.000116,74.125.24.0-255,7156,21222,33,68253
25514,0.000118,172.31.33.0-255,66,21288,33,68253
25515,0.000143,74.125.24.0-255,2902,24190,33,68253
25516,0.000145,172.31.33.0-255,66,24256,33,68253
25517,0.000166,74.125.24.0-255,7156,31412,33,68253
25518,0.000168,172.31.33.0-255,66,31478,33,68253
25519,0.000192,74.125.24.0-255,5020,36498,33,68253
25520,0.000195,172.31.33.0-255,66,36564,33,68253
25521,0.000207,172.31.33.0-255,66,36630,33,68253
25522,0.000212,74.125.24.0-255,4274,40904,33,68253
25523,0.000214,172.31.33.0-255,66,40970,33,68253
25524,0.000257,74.125.24.0-255,108,41078,33,68253
25525,0.000259,172.31.33.0-255,66,41144,33,68253
25526,0.000394,74.125.24.0-255,331,41475,33,68253
25527,0.000399,172.31.33.0-255,66,41541,33,68253
25528,0.002145,74.125.24.0-255,2902,44443,33,68253
25529,0.002154,172.31.33.0-255,66,44509,33,68253
25530,0.002345,74.125.24.0-255,2902,47411,33,68253
25531,0.002349,172.31.33.0-255,66,47477,33,68253
25532,0.004117,74.125.24.0-255,2902,50379,33,68253
25533,0.004126,172.31.33.0-255,66,50445,33,68253
25534,0.004263,74.125.24.0-255,2902,53347,33,68253
25535,0.004267,172.31.33.0-255,66,53413,33,68253
25536,0.006053,74.125.24.0-255,2902,56315,33,68253
25537,0.00606,172.31.33.0-255,66,56381,33,68253
25538,0.00625,74.125.24.0-255,2902,59283,33,68253
25539,0.006254,172.31.33.0-255,66,59349,33,68253
25540,0.007999,74.125.24.0-255,2902,62251,33,68253
25541,0.008007,172.31.33.0-255,66,62317,33,68253
25542,0.008211,74.125.24.0-255,2902,65219,33,68253
25543,0.008217,172.31.33.0-255,66,65285,33,68253
25544,0.00998,74.125.24.0-255,2902,68187,33,68253
25545,0.00999,172.31.33.0-255,66,68253,33,68253
25546,0.0,172.31.33.0-255,105,105,33,1377
25547,5.3e-05,172.31.33.0-255,105,210,33,1377
25548,0.000121,172.31.33.0-255,105,315,33,1377
25549,0.00034,172.31.33.0-255,90,405,33,1377
25550,0.000349,172.31.33.0-255,66,471,33,1377
25551,0.000507,172.31.33.0-255,90,561,33,1377
25552,0.000514,172.31.33.0-255,66,627,33,1377
25553,0.000644,172.31.33.0-255,90,717,33,1377
25554,0.000651,172.31.33.0-255,66,783,33,1377
25555,0.002528,172.217.194.0-255,66,849,33,1377
25556,0.002546,172.217.194.0-255,66,915,33,1377
25557,0.00256,172.31.33.0-255,66,981,33,1377
25558,0.002873,74.125.24.0-255,66,1047,33,1377
25559,0.002883,74.125.24.0-255,66,1113,33,1377
25560,0.00289,172.31.33.0-255,66,1179,33,1377
25561,0.002955,172.253.118.0-255,66,1245,33,1377
25562,0.002964,172.253.118.0-255,66,1311,33,1377
25563,0.002969,172.31.33.0-255,66,1377,33,1377
25564,0.0,74.125.24.0-255,219,219,33,72546
25565,2.6e-05,172.31.33.0-255,66,285,33,72546
25566,3.3e-05,74.125.24.0-255,1484,1769,33,72546
25567,3.8e-05,172.31.33.0-255,66,1835,33,72546
25568,4.2e-05,74.125.24.0-255,2902,4737,33,72546
25569,4.5e-05,172.31.33.0-255,66,4803,33,72546
25570,7.5e-05,74.125.24.0-255,5738,10541,33,72546
25571,7.8e-05,172.31.33.0-255,66,10607,33,72546
25572,0.000156,74.125.24.0-255,3269,13876,33,72546
25573,0.00016,172.31.33.0-255,66,13942,33,72546
25574,0.000198,74.125.24.0-255,4320,18262,33,72546
25575,0.000201,172.31.33.0-255,66,18328,33,72546
25576,0.000262,172.31.33.0-255,66,18394,33,72546
25577,0.000403,74.125.24.0-255,5738,24132,33,72546
25578,0.000408,172.31.33.0-255,66,24198,33,72546
25579,0.000438,172.31.33.0-255,66,24264,33,72546
25580,0.000663,74.125.24.0-255,5738,30002,33,72546
25581,0.000668,172.31.33.0-255,66,30068,33,72546
25582,0.000689,74.125.24.0-255,7156,37224,33,72546
25583,0.000694,172.31.33.0-255,66,37290,33,72546
25584,0.000849,74.125.24.0-255,6734,44024,33,72546
25585,0.000854,172.31.33.0-255,66,44090,33,72546
25586,0.000917,74.125.24.0-255,128,44218,33,72546
25587,0.000921,172.31.33.0-255,66,44284,33,72546
25588,0.000945,74.125.24.0-255,2902,47186,33,72546
25589,0.000948,172.31.33.0-255,66,47252,33,72546
25590,0.000993,172.31.33.0-255,66,47318,33,72546
25591,0.001305,172.31.33.0-255,66,47384,33,72546
25592,0.001449,74.125.24.0-255,5738,53122,33,72546
25593,0.001454,172.31.33.0-255,66,53188,33,72546
25594,0.001484,172.31.33.0-255,66,53254,33,72546
25595,0.001516,172.31.33.0-255,66,53320,33,72546
25596,0.001963,172.31.33.0-255,66,53386,33,72546
25597,0.002001,172.31.33.0-255,66,53452,33,72546
25598,0.002451,74.125.24.0-255,7156,60608,33,72546
25599,0.002454,172.31.33.0-255,66,60674,33,72546
25600,0.002493,172.31.33.0-255,66,60740,33,72546
25601,0.002576,172.31.33.0-255,66,60806,33,72546
25602,0.003435,172.31.33.0-255,66,60872,33,72546
25603,0.00415,172.31.33.0-255,66,60938,33,72546
25604,0.006221,74.125.24.0-255,5738,66676,33,72546
25605,0.006227,172.31.33.0-255,66,66742,33,72546
25606,0.008289,74.125.24.0-255,5738,72480,33,72546
25607,0.008293,172.31.33.0-255,66,72546,33,72546
25608,0.0,74.125.24.0-255,152,152,33,103984
25609,1.8e-05,172.31.33.0-255,66,218,33,103984
25610,2.5e-05,74.125.24.0-255,1484,1702,33,103984
25611,2.9e-05,172.31.33.0-255,66,1768,33,103984
25612,3.4e-05,74.125.24.0-255,2902,4670,33,103984
25613,3.7e-05,172.31.33.0-255,66,4736,33,103984
25614,4.9e-05,74.125.24.0-255,7156,11892,33,103984
25615,5.2e-05,172.31.33.0-255,66,11958,33,103984
25616,5.6e-05,74.125.24.0-255,2085,14043,33,103984
25617,5.9e-05,172.31.33.0-255,66,14109,33,103984
25618,7e-05,172.31.33.0-255,66,14175,33,103984
25619,0.000104,74.125.24.0-255,5379,19554,33,103984
25620,0.000107,172.31.33.0-255,66,19620,33,103984
25621,0.000135,74.125.24.0-255,5738,25358,33,103984
25622,0.000138,172.31.33.0-255,66,25424,33,103984
25623,0.000144,74.125.24.0-255,5738,31162,33,103984
25624,0.000145,172.31.33.0-255,66,31228,33,103984
25625,0.000187,74.125.24.0-255,1484,32712,33,103984
25626,0.000189,172.31.33.0-255,66,32778,33,103984
25627,0.000213,74.125.24.0-255,3961,36739,33,103984
25628,0.000215,172.31.33.0-255,66,36805,33,103984
25629,0.000582,74.125.24.0-255,1484,38289,33,103984
25630,0.000587,172.31.33.0-255,66,38355,33,103984
25631,0.000592,74.125.24.0-255,2902,41257,33,103984
25632,0.000594,172.31.33.0-255,66,41323,33,103984
25633,0.000599,74.125.24.0-255,5738,47061,33,103984
25634,0.000605,172.31.33.0-255,66,47127,33,103984
25635,0.000627,74.125.24.0-255,1484,48611,33,103984
25636,0.000629,172.31.33.0-255,66,48677,33,103984
25637,0.000669,172.31.33.0-255,66,48743,33,103984
25638,0.000688,74.125.24.0-255,2902,51645,33,103984
25639,0.000691,172.31.33.0-255,66,51711,33,103984
25640,0.000721,172.31.33.0-255,66,51777,33,103984
25641,0.001316,74.125.24.0-255,1484,53261,33,103984
25642,0.001326,74.125.24.0-255,2902,56163,33,103984
25643,0.00133,172.31.33.0-255,66,56229,33,103984
25644,0.001337,74.125.24.0-255,4320,60549,33,103984
25645,0.001339,172.31.33.0-255,66,60615,33,103984
25646,0.001368,74.125.24.0-255,1484,62099,33,103984
25647,0.001392,74.125.24.0-255,6797,68896,33,103984
25648,0.001395,172.31.33.0-255,66,68962,33,103984
25649,0.002143,74.125.24.0-255,1484,70446,33,103984
25650,0.002151,74.125.24.0-255,2902,73348,33,103984
25651,0.002156,172.31.33.0-255,66,73414,33,103984
25652,0.002163,74.125.24.0-255,5738,79152,33,103984
25653,0.002165,172.31.33.0-255,66,79218,33,103984
25654,0.002197,74.125.24.0-255,7156,86374,33,103984
25655,0.0022,172.31.33.0-255,66,86440,33,103984
25656,0.00221,172.31.33.0-255,66,86506,33,103984
25657,0.002226,172.31.33.0-255,66,86572,33,103984
25658,0.004471,74.125.24.0-255,5738,92310,33,103984
25659,0.004474,172.31.33.0-255,66,92376,33,103984
25660,0.00673,74.125.24.0-255,5738,98114,33,103984
25661,0.006736,172.31.33.0-255,66,98180,33,103984
25662,0.008993,74.125.24.0-255,5738,103918,33,103984
25663,0.009,172.31.33.0-255,66,103984,33,103984
25664,0.0,74.125.24.0-255,153,153,33,128627
25665,2.3e-05,172.31.33.0-255,66,219,33,128627
25666,3e-05,74.125.24.0-255,1484,1703,33,128627
25667,3.4e-05,172.31.33.0-255,66,1769,33,128627
25668,4e-05,74.125.24.0-255,2902,4671,33,128627
25669,4.3e-05,172.31.33.0-255,66,4737,33,128627
25670,5e-05,74.125.24.0-255,5738,10475,33,128627
25671,5.3e-05,172.31.33.0-255,66,10541,33,128627
25672,8.1e-05,74.125.24.0-255,3510,14051,33,128627
25673,8.3e-05,172.31.33.0-255,66,14117,33,128627
25674,0.000149,74.125.24.0-255,1484,15601,33,128627
25675,0.000153,172.31.33.0-255,66,15667,33,128627
25676,0.000173,74.125.24.0-255,2902,18569,33,128627
25677,0.000175,172.31.33.0-255,66,18635,33,128627
25678,0.000182,74.125.24.0-255,5738,24373,33,128627
25679,0.000184,172.31.33.0-255,66,24439,33,128627
25680,0.000213,172.31.33.0-255,66,24505,33,128627
25681,0.000236,74.125.24.0-255,5379,29884,33,128627
25682,0.000239,172.31.33.0-255,66,29950,33,128627
25683,0.00025,172.31.33.0-255,66,30016,33,128627
25684,0.000277,74.125.24.0-255,7156,37172,33,128627
25685,0.00028,172.31.33.0-255,66,37238,33,128627
25686,0.00031,172.31.33.0-255,66,37304,33,128627
25687,0.000329,74.125.24.0-255,381,37685,33,128627
25688,0.000331,172.31.33.0-255,66,37751,33,128627
25689,0.000413,74.125.24.0-255,1484,39235,33,128627
25690,0.000416,172.31.33.0-255,66,39301,33,128627
25691,0.000421,74.125.24.0-255,2902,42203,33,128627
25692,0.000423,172.31.33.0-255,66,42269,33,128627
25693,0.000456,74.125.24.0-255,5738,48007,33,128627
25694,0.000458,172.31.33.0-255,66,48073,33,128627
25695,0.000478,74.125.24.0-255,6248,54321,33,128627
25696,0.00048,172.31.33.0-255,66,54387,33,128627
25697,0.000602,74.125.24.0-255,1484,55871,33,128627
25698,0.000609,74.125.24.0-255,2902,58773,33,128627
25699,0.000611,172.31.33.0-255,66,58839,33,128627
25700,0.000615,74.125.24.0-255,1484,60323,33,128627
25701,0.000631,74.125.24.0-255,4320,64643,33,128627
25702,0.000634,172.31.33.0-255,66,64709,33,128627
25703,0.000665,74.125.24.0-255,2902,67611,33,128627
25704,0.000667,172.31.33.0-255,66,67677,33,128627
25705,0.000688,172.31.33.0-255,66,67743,33,128627
25706,0.000694,74.125.24.0-255,7156,74899,33,128627
25707,0.000697,172.31.33.0-255,66,74965,33,128627
25708,0.000719,74.125.24.0-255,4320,79285,33,128627
25709,0.000722,172.31.33.0-255,66,79351,33,128627
25710,0.000724,74.125.24.0-255,1125,80476,33,128627
25711,0.001168,74.125.24.0-255,1484,81960,33,128627
25712,0.001173,172.31.33.0-255,66,82026,33,128627
25713,0.001194,74.125.24.0-255,2902,84928,33,128627
25714,0.001196,172.31.33.0-255,66,84994,33,128627
25715,0.001202,74.125.24.0-255,5738,90732,33,128627
25716,0.001204,172.31.33.0-255,66,90798,33,128627
25717,0.00125,74.125.24.0-255,6797,97595,33,128627
25718,0.001253,172.31.33.0-255,66,97661,33,128627
25719,0.002032,74.125.24.0-255,1484,99145,33,128627
25720,0.002041,74.125.24.0-255,2902,102047,33,128627
25721,0.002045,172.31.33.0-255,66,102113,33,128627
25722,0.002049,74.125.24.0-255,1484,103597,33,128627
25723,0.002065,74.125.24.0-255,4320,107917,33,128627
25724,0.002067,172.31.33.0-255,66,107983,33,128627
25725,0.002078,74.125.24.0-255,1484,109467,33,128627
25726,0.002106,172.31.33.0-255,66,109533,33,128627
25727,0.002139,74.125.24.0-255,2902,112435,33,128627
25728,0.002141,172.31.33.0-255,66,112501,33,128627
25729,0.002163,172.31.33.0-255,66,112567,33,128627
25730,0.004446,74.125.24.0-255,5738,118305,33,128627
25731,0.004452,172.31.33.0-255,66,118371,33,128627
25732,0.006766,74.125.24.0-255,4320,122691,33,128627
25733,0.006772,172.31.33.0-255,66,122757,33,128627
25734,0.006788,74.125.24.0-255,1484,124241,33,128627
25735,0.00908,74.125.24.0-255,4320,128561,33,128627
25736,0.009087,172.31.33.0-255,66,128627,33,128627
25737,0.0,172.31.33.0-255,105,105,33,1377
25738,3.2e-05,172.31.33.0-255,105,210,33,1377
25739,9.2e-05,172.31.33.0-255,105,315,33,1377
25740,0.000291,172.31.33.0-255,90,405,33,1377
25741,0.000299,172.31.33.0-255,66,471,33,1377
25742,0.000441,172.31.33.0-255,90,561,33,1377
25743,0.000447,172.31.33.0-255,66,627,33,1377
25744,0.000567,172.31.33.0-255,90,717,33,1377
25745,0.000573,172.31.33.0-255,66,783,33,1377
25746,0.002307,216.58.221.0-255,66,849,33,1377
25747,0.002323,216.58.221.0-255,66,915,33,1377
25748,0.002333,172.31.33.0-255,66,981,33,1377
25749,0.002574,172.217.194.0-255,66,1047,33,1377
25750,0.002582,74.125.24.0-255,66,1113,33,1377
25751,0.002587,172.217.194.0-255,66,1179,33,1377
25752,0.002591,172.31.33.0-255,66,1245,33,1377
25753,0.002618,74.125.24.0-255,66,1311,33,1377
25754,0.002622,172.31.33.0-255,66,1377,33,1377
25755,0.0,74.125.68.0-255,153,153,33,257290
25756,2.9e-05,172.31.33.0-255,66,219,33,257290
25757,3.6e-05,74.125.68.0-255,1484,1703,33,257290
25758,3.9e-05,172.31.33.0-255,66,1769,33,257290
25759,4.4e-05,74.125.68.0-255,2902,4671,33,257290
25760,4.6e-05,172.31.33.0-255,66,4737,33,257290
25761,6.3e-05,74.125.68.0-255,2902,7639,33,257290
25762,6.5e-05,172.31.33.0-255,66,7705,33,257290
25763,8.9e-05,74.125.68.0-255,1484,9189,33,257290
25764,9.2e-05,172.31.33.0-255,66,9255,33,257290
25765,9.7e-05,74.125.68.0-255,4926,14181,33,257290
25766,9.9e-05,172.31.33.0-255,66,14247,33,257290
25767,0.000275,74.125.68.0-255,1484,15731,33,257290
25768,0.00028,172.31.33.0-255,66,15797,33,257290
25769,0.000298,74.125.68.0-255,2902,18699,33,257290
25770,0.000302,172.31.33.0-255,66,18765,33,257290
25771,0.000316,74.125.68.0-255,1484,20249,33,257290
25772,0.000319,172.31.33.0-255,66,20315,33,257290
25773,0.000335,74.125.68.0-255,4320,24635,33,257290
25774,0.000338,172.31.33.0-255,66,24701,33,257290
25775,0.000345,74.125.68.0-255,6797,31498,33,257290
25776,0.000347,172.31.33.0-255,66,31564,33,257290
25777,0.000392,74.125.68.0-255,1484,33048,33,257290
25778,0.000395,172.31.33.0-255,66,33114,33,257290
25779,0.000399,74.125.68.0-255,2902,36016,33,257290
25780,0.000401,172.31.33.0-255,66,36082,33,257290
25781,0.000407,74.125.68.0-255,5738,41820,33,257290
25782,0.00041,172.31.33.0-255,66,41886,33,257290
25783,0.000414,74.125.68.0-255,4320,46206,33,257290
25784,0.000417,172.31.33.0-255,66,46272,33,257290
25785,0.000443,74.125.68.0-255,2902,49174,33,257290
25786,0.000446,172.31.33.0-255,66,49240,33,257290
25787,0.000459,172.31.33.0-255,66,49306,33,257290
25788,0.000644,74.125.68.0-255,1484,50790,33,257290
25789,0.000673,74.125.68.0-255,2902,53692,33,257290
25790,0.000678,172.31.33.0-255,66,53758,33,257290
25791,0.000685,74.125.68.0-255,3602,57360,33,257290
25792,0.000687,172.31.33.0-255,66,57426,33,257290
25793,0.000724,74.125.68.0-255,368,57794,33,257290
25794,0.000745,74.125.68.0-255,125,57919,33,257290
25795,0.000838,74.125.68.0-255,1484,59403,33,257290
25796,0.000843,74.125.68.0-255,2902,62305,33,257290
25797,0.000845,172.31.33.0-255,66,62371,33,257290
25798,0.000849,172.31.33.0-255,66,62437,33,257290
25799,0.00087,74.125.68.0-255,5738,68175,33,257290
25800,0.000873,172.31.33.0-255,66,68241,33,257290
25801,0.000878,74.125.68.0-255,2902,71143,33,257290
25802,0.000881,172.31.33.0-255,66,71209,33,257290
25803,0.000921,74.125.68.0-255,7156,78365,33,257290
25804,0.000925,172.31.33.0-255,66,78431,33,257290
25805,0.000947,74.125.68.0-255,2902,81333,33,257290
25806,0.00095,172.31.33.0-255,66,81399,33,257290
25807,0.000954,74.125.68.0-255,2902,84301,33,257290
25808,0.000957,172.31.33.0-255,66,84367,33,257290
25809,0.000993,74.125.68.0-255,2902,87269,33,257290
25810,0.000997,172.31.33.0-255,66,87335,33,257290
25811,0.00102,74.125.68.0-255,5301,92636,33,257290
25812,0.001023,172.31.33.0-255,66,92702,33,257290
25813,0.001227,74.125.68.0-255,1484,94186,33,257290
25814,0.001233,74.125.68.0-255,1484,95670,33,257290
25815,0.001238,172.31.33.0-255,66,95736,33,257290
25816,0.001243,74.125.68.0-255,2902,98638,33,257290
25817,0.001245,74.125.68.0-255,1484,100122,33,257290
25818,0.001246,172.31.33.0-255,66,100188,33,257290
25819,0.001263,74.125.68.0-255,4320,104508,33,257290
25820,0.001266,172.31.33.0-255,66,104574,33,257290
25821,0.001288,74.125.68.0-255,7156,111730,33,257290
25822,0.001291,172.31.33.0-255,66,111796,33,257290
25823,0.001311,74.125.68.0-255,2902,114698,33,257290
25824,0.001314,172.31.33.0-255,66,114764,33,257290
25825,0.001325,172.31.33.0-255,66,114830,33,257290
25826,0.001328,74.125.68.0-255,766,115596,33,257290
25827,0.001538,172.31.33.0-255,66,115662,33,257290
25828,0.001747,74.125.68.0-255,1484,117146,33,257290
25829,0.001757,74.125.68.0-255,2902,120048,33,257290
25830,0.00176,172.31.33.0-255,66,120114,33,257290
25831,0.00178,74.125.68.0-255,4320,124434,33,257290
25832,0.001782,172.31.33.0-255,66,124500,33,257290
25833,0.0018,74.125.68.0-255,1484,125984,33,257290
25834,0.001806,74.125.68.0-255,4320,130304,33,257290
25835,0.001808,172.31.33.0-255,66,130370,33,257290
25836,0.001819,74.125.68.0-255,1484,131854,33,257290
25837,0.001836,74.125.68.0-255,4320,136174,33,257290
25838,0.001839,172.31.33.0-255,66,136240,33,257290
25839,0.001845,74.125.68.0-255,4320,140560,33,257290
25840,0.001847,172.31.33.0-255,66,140626,33,257290
25841,0.001863,74.125.68.0-255,5738,146364,33,257290
25842,0.001865,172.31.33.0-255,66,146430,33,257290
25843,0.001888,74.125.68.0-255,1484,147914,33,257290
25844,0.001891,74.125.68.0-255,2184,150098,33,257290
25845,0.001893,172.31.33.0-255,66,150164,33,257290
25846,0.001984,74.125.68.0-255,1484,151648,33,257290
25847,0.001997,74.125.68.0-255,1484,153132,33,257290
25848,0.001999,172.31.33.0-255,66,153198,33,257290
25849,0.002016,74.125.68.0-255,1484,154682,33,257290
25850,0.002022,74.125.68.0-255,5738,160420,33,257290
25851,0.002024,172.31.33.0-255,66,160486,33,257290
25852,0.002029,74.125.68.0-255,4320,164806,33,257290
25853,0.002031,172.31.33.0-255,66,164872,33,257290
25854,0.002043,74.125.68.0-255,1484,166356,33,257290
25855,0.002051,74.125.68.0-255,7156,173512,33,257290
25856,0.002052,172.31.33.0-255,66,173578,33,257290
25857,0.002087,172.31.33.0-255,66,173644,33,257290
25858,0.002102,74.125.68.0-255,4320,177964,33,257290
25859,0.002104,172.31.33.0-255,66,178030,33,257290
25860,0.002133,74.125.68.0-255,7156,185186,33,257290
25861,0.002135,172.31.33.0-255,66,185252,33,257290
25862,0.00214,74.125.68.0-255,4320,189572,33,257290
25863,0.002142,172.31.33.0-255,66,189638,33,257290
25864,0.002205,172.31.33.0-255,66,189704,33,257290
25865,0.002207,74.125.68.0-255,766,190470,33,257290
25866,0.00221,74.125.68.0-255,1484,191954,33,257290
25867,0.002211,172.31.33.0-255,66,192020,33,257290
25868,0.00224,74.125.68.0-255,2902,194922,33,257290
25869,0.002243,172.31.33.0-255,66,194988,33,257290
25870,0.002262,74.125.68.0-255,4320,199308,33,257290
25871,0.002264,172.31.33.0-255,66,199374,33,257290
25872,0.002289,74.125.68.0-255,5738,205112,33,257290
25873,0.002292,172.31.33.0-255,66,205178,33,257290
25874,0.002308,74.125.68.0-255,2902,208080,33,257290
25875,0.00231,172.31.33.0-255,66,208146,33,257290
25876,0.002326,74.125.68.0-255,2902,211048,33,257290
25877,0.002328,172.31.33.0-255,66,211114,33,257290
25878,0.002333,74.125.68.0-255,2902,214016,33,257290
25879,0.002335,172.31.33.0-255,66,214082,33,257290
25880,0.002356,74.125.68.0-255,4320,218402,33,257290
25881,0.002358,172.31.33.0-255,66,218468,33,257290
25882,0.002364,74.125.68.0-255,6438,224906,33,257290
25883,0.002366,172.31.33.0-255,66,224972,33,257290
25884,0.002495,74.125.68.0-255,1484,226456,33,257290
25885,0.002501,74.125.68.0-255,2902,229358,33,257290
25886,0.002505,172.31.33.0-255,66,229424,33,257290
25887,0.002524,74.125.68.0-255,4320,233744,33,257290
25888,0.002527,172.31.33.0-255,66,233810,33,257290
25889,0.002543,74.125.68.0-255,2902,236712,33,257290
25890,0.002545,172.31.33.0-255,66,236778,33,257290
25891,0.002575,74.125.68.0-255,5738,242516,33,257290
25892,0.002578,172.31.33.0-255,66,242582,33,257290
25893,0.002583,74.125.68.0-255,4320,246902,33,257290
25894,0.002585,172.31.33.0-255,66,246968,33,257290
25895,0.005101,74.125.68.0-255,1484,248452,33,257290
25896,0.005115,74.125.68.0-255,2902,251354,33,257290
25897,0.005119,172.31.33.0-255,66,251420,33,257290
25898,0.005133,74.125.68.0-255,1484,252904,33,257290
25899,0.007674,74.125.68.0-255,4320,257224,33,257290
25900,0.007698,172.31.33.0-255,66,257290,33,257290
25901,0.0,172.31.33.0-255,105,105,33,459
25902,0.000339,172.31.33.0-255,90,195,33,459
25903,0.000347,172.31.33.0-255,66,261,33,459
25904,0.002892,74.125.24.0-255,66,327,33,459
25905,0.002902,74.125.24.0-255,66,393,33,459
25906,0.002909,172.31.33.0-255,66,459,33,459
25907,0.0,74.125.200.0-255,147,147,33,181736
25908,2.5e-05,172.31.33.0-255,66,213,33,181736
25909,3.1e-05,74.125.200.0-255,1484,1697,33,181736
25910,3.5e-05,172.31.33.0-255,66,1763,33,181736
25911,3.8e-05,74.125.200.0-255,1484,3247,33,181736
25912,4e-05,172.31.33.0-255,66,3313,33,181736
25913,6.7e-05,74.125.200.0-255,1484,4797,33,181736
25914,7e-05,172.31.33.0-255,66,4863,33,181736
25915,7.6e-05,74.125.200.0-255,5738,10601,33,181736
25916,7.8e-05,172.31.33.0-255,66,10667,33,181736
25917,8.3e-05,74.125.200.0-255,3545,14212,33,181736
25918,8.5e-05,172.31.33.0-255,66,14278,33,181736
25919,0.000126,74.125.200.0-255,4320,18598,33,181736
25920,0.00013,172.31.33.0-255,66,18664,33,181736
25921,0.000133,74.125.200.0-255,1484,20148,33,181736
25922,0.000135,172.31.33.0-255,66,20214,33,181736
25923,0.000153,74.125.200.0-255,2902,23116,33,181736
25924,0.000155,172.31.33.0-255,66,23182,33,181736
25925,0.000159,74.125.200.0-255,2902,26084,33,181736
25926,0.000161,172.31.33.0-255,66,26150,33,181736
25927,0.000179,74.125.200.0-255,2902,29052,33,181736
25928,0.000182,172.31.33.0-255,66,29118,33,181736
25929,0.000186,74.125.200.0-255,2543,31661,33,181736
25930,0.000188,172.31.33.0-255,66,31727,33,181736
25931,0.00023,74.125.200.0-255,1484,33211,33,181736
25932,0.000232,172.31.33.0-255,66,33277,33,181736
25933,0.000245,74.125.200.0-255,2902,36179,33,181736
25934,0.000247,172.31.33.0-255,66,36245,33,181736
25935,0.000276,74.125.200.0-255,5738,41983,33,181736
25936,0.000279,172.31.33.0-255,66,42049,33,181736
25937,0.000295,74.125.200.0-255,6797,48846,33,181736
25938,0.000297,172.31.33.0-255,66,48912,33,181736
25939,0.00056,74.125.200.0-255,1484,50396,33,181736
25940,0.000574,74.125.200.0-255,2902,53298,33,181736
25941,0.000577,172.31.33.0-255,66,53364,33,181736
25942,0.000597,74.125.200.0-255,4320,57684,33,181736
25943,0.000599,74.125.200.0-255,1484,59168,33,181736
25944,0.000602,172.31.33.0-255,66,59234,33,181736
25945,0.000621,74.125.200.0-255,4320,63554,33,181736
25946,0.000624,172.31.33.0-255,66,63620,33,181736
25947,0.000669,74.125.200.0-255,2543,66163,33,181736
25948,0.000672,172.31.33.0-255,66,66229,33,181736
25949,0.000675,74.125.200.0-255,649,66878,33,181736
25950,0.000697,172.31.33.0-255,66,66944,33,181736
25951,0.000714,74.125.200.0-255,1484,68428,33,181736
25952,0.000742,74.125.200.0-255,4320,72748,33,181736
25953,0.000744,172.31.33.0-255,66,72814,33,181736
25954,0.000747,74.125.200.0-255,1484,74298,33,181736
25955,0.000763,74.125.200.0-255,4320,78618,33,181736
25956,0.000766,172.31.33.0-255,66,78684,33,181736
25957,0.000798,74.125.200.0-255,5379,84063,33,181736
25958,0.000801,172.31.33.0-255,66,84129,33,181736
25959,0.000821,74.125.200.0-255,5738,89867,33,181736
25960,0.000823,172.31.33.0-255,66,89933,33,181736
25961,0.00086,172.31.33.0-255,66,89999,33,181736
25962,0.000876,74.125.200.0-255,1125,91124,33,181736
25963,0.000944,172.31.33.0-255,66,91190,33,181736
25964,0.001192,74.125.200.0-255,1484,92674,33,181736
25965,0.0012,74.125.200.0-255,1484,94158,33,181736
25966,0.001204,172.31.33.0-255,66,94224,33,181736
25967,0.001216,74.125.200.0-255,1484,95708,33,181736
25968,0.001222,74.125.200.0-255,5738,101446,33,181736
25969,0.001224,172.31.33.0-255,66,101512,33,181736
25970,0.001238,74.125.200.0-255,1484,102996,33,181736
25971,0.001266,172.31.33.0-255,66,103062,33,181736
25972,0.001272,74.125.200.0-255,5738,108800,33,181736
25973,0.001274,172.31.33.0-255,66,108866,33,181736
25974,0.001301,74.125.200.0-255,2902,111768,33,181736
25975,0.001303,172.31.33.0-255,66,111834,33,181736
25976,0.001321,74.125.200.0-255,2184,114018,33,181736
25977,0.001323,172.31.33.0-255,66,114084,33,181736
25978,0.001751,74.125.200.0-255,1484,115568,33,181736
25979,0.001765,74.125.200.0-255,2902,118470,33,181736
25980,0.001769,172.31.33.0-255,66,118536,33,181736
25981,0.001773,74.125.200.0-255,2902,121438,33,181736
25982,0.001775,172.31.33.0-255,66,121504,33,181736
25983,0.001787,74.125.200.0-255,2902,124406,33,181736
25984,0.001789,172.31.33.0-255,66,124472,33,181736
25985,0.001802,74.125.200.0-255,2902,127374,33,181736
25986,0.001803,172.31.33.0-255,66,127440,33,181736
25987,0.001827,172.31.33.0-255,66,127506,33,181736
25988,0.001831,74.125.200.0-255,4320,131826,33,181736
25989,0.001833,172.31.33.0-255,66,131892,33,181736
25990,0.001867,74.125.200.0-255,4320,136212,33,181736
25991,0.001869,172.31.33.0-255,66,136278,33,181736
25992,0.001878,74.125.200.0-255,2184,138462,33,181736
25993,0.00188,172.31.33.0-255,66,138528,33,181736
25994,0.002102,74.125.200.0-255,1484,140012,33,181736
25995,0.002112,74.125.200.0-255,1484,141496,33,181736
25996,0.002114,172.31.33.0-255,66,141562,33,181736
25997,0.002128,74.125.200.0-255,1484,143046,33,181736
25998,0.002132,74.125.200.0-255,2902,145948,33,181736
25999,0.002134,172.31.33.0-255,66,146014,33,181736
26000,0.002144,74.125.200.0-255,2902,148916,33,181736
26001,0.002146,172.31.33.0-255,66,148982,33,181736
26002,0.002175,74.125.200.0-255,7156,156138,33,181736
26003,0.002177,172.31.33.0-255,66,156204,33,181736
26004,0.002195,74.125.200.0-255,5738,161942,33,181736
26005,0.002197,172.31.33.0-255,66,162008,33,181736
26006,0.002229,172.31.33.0-255,66,162074,33,181736
26007,0.002239,74.125.200.0-255,2184,164258,33,181736
26008,0.002241,172.31.33.0-255,66,164324,33,181736
26009,0.004499,74.125.200.0-255,5738,170062,33,181736
26010,0.004505,172.31.33.0-255,66,170128,33,181736
26011,0.006784,74.125.200.0-255,5738,175866,33,181736
26012,0.006791,172.31.33.0-255,66,175932,33,181736
26013,0.009077,74.125.200.0-255,5738,181670,33,181736
26014,0.009083,172.31.33.0-255,66,181736,33,181736
26015,0.0,172.217.160.0-255,153,153,33,182564
26016,2.3e-05,172.31.33.0-255,66,219,33,182564
26017,3e-05,172.217.160.0-255,1484,1703,33,182564
26018,3.4e-05,172.31.33.0-255,66,1769,33,182564
26019,3.8e-05,172.217.160.0-255,2902,4671,33,182564
26020,4.1e-05,172.31.33.0-255,66,4737,33,182564
26021,4.6e-05,172.217.160.0-255,4320,9057,33,182564
26022,4.9e-05,172.31.33.0-255,66,9123,33,182564
26023,7.1e-05,172.217.160.0-255,2902,12025,33,182564
26024,7.4e-05,172.31.33.0-255,66,12091,33,182564
26025,7.8e-05,172.217.160.0-255,1992,14083,33,182564
26026,8.1e-05,172.31.33.0-255,66,14149,33,182564
26027,0.000233,172.217.160.0-255,1484,15633,33,182564
26028,0.000238,172.31.33.0-255,66,15699,33,182564
26029,0.000243,172.217.160.0-255,2902,18601,33,182564
26030,0.000245,172.31.33.0-255,66,18667,33,182564
26031,0.000259,172.217.160.0-255,1484,20151,33,182564
26032,0.000261,172.31.33.0-255,66,20217,33,182564
26033,0.000279,172.217.160.0-255,4320,24537,33,182564
26034,0.000282,172.31.33.0-255,66,24603,33,182564
26035,0.000287,172.217.160.0-255,4320,28923,33,182564
26036,0.000288,172.31.33.0-255,66,28989,33,182564
26037,0.000305,172.217.160.0-255,1484,30473,33,182564
26038,0.000307,172.31.33.0-255,66,30539,33,182564
26039,0.00031,172.217.160.0-255,1125,31664,33,182564
26040,0.000312,172.31.33.0-255,66,31730,33,182564
26041,0.000329,172.217.160.0-255,1484,33214,33,182564
26042,0.000331,172.31.33.0-255,66,33280,33,182564
26043,0.000335,172.217.160.0-255,1484,34764,33,182564
26044,0.000337,172.31.33.0-255,66,34830,33,182564
26045,0.000359,172.217.160.0-255,2902,37732,33,182564
26046,0.000362,172.31.33.0-255,66,37798,33,182564
26047,0.000374,172.31.33.0-255,66,37864,33,182564
26048,0.000418,172.217.160.0-255,1125,38989,33,182564
26049,0.000568,172.217.160.0-255,1484,40473,33,182564
26050,0.000572,172.31.33.0-255,66,40539,33,182564
26051,0.000577,172.217.160.0-255,2902,43441,33,182564
26052,0.000579,172.31.33.0-255,66,43507,33,182564
26053,0.000593,172.217.160.0-255,5738,49245,33,182564
26054,0.000595,172.31.33.0-255,66,49311,33,182564
26055,0.00062,172.217.160.0-255,2902,52213,33,182564
26056,0.000622,172.31.33.0-255,66,52279,33,182564
26057,0.000639,172.217.160.0-255,3961,56240,33,182564
26058,0.000641,172.31.33.0-255,66,56306,33,182564
26059,0.000682,172.217.160.0-255,371,56677,33,182564
26060,0.000766,172.31.33.0-255,66,56743,33,182564
26061,0.001092,172.217.160.0-255,103,56846,33,182564
26062,0.001178,172.217.160.0-255,1484,58330,33,182564
26063,0.001184,172.31.33.0-255,66,58396,33,182564
26064,0.001189,172.217.160.0-255,2902,61298,33,182564
26065,0.001191,172.31.33.0-255,66,61364,33,182564
26066,0.001195,172.217.160.0-255,2902,64266,33,182564
26067,0.001197,172.31.33.0-255,66,64332,33,182564
26068,0.001222,172.217.160.0-255,2902,67234,33,182564
26069,0.001224,172.31.33.0-255,66,67300,33,182564
26070,0.001231,172.217.160.0-255,6797,74097,33,182564
26071,0.001233,172.31.33.0-255,66,74163,33,182564
26072,0.001263,172.217.160.0-255,1484,75647,33,182564
26073,0.0013,172.217.160.0-255,2902,78549,33,182564
26074,0.001304,172.31.33.0-255,66,78615,33,182564
26075,0.001325,172.217.160.0-255,5738,84353,33,182564
26076,0.001328,172.31.33.0-255,66,84419,33,182564
26077,0.001332,172.217.160.0-255,4320,88739,33,182564
26078,0.001334,172.31.33.0-255,66,88805,33,182564
26079,0.001348,172.217.160.0-255,2543,91348,33,182564
26080,0.001349,172.31.33.0-255,66,91414,33,182564
26081,0.001446,172.217.160.0-255,1484,92898,33,182564
26082,0.001452,172.217.160.0-255,2902,95800,33,182564
26083,0.001455,172.31.33.0-255,66,95866,33,182564
26084,0.001476,172.217.160.0-255,5738,101604,33,182564
26085,0.001478,172.31.33.0-255,66,101670,33,182564
26086,0.001513,172.217.160.0-255,5738,107408,33,182564
26087,0.001515,172.31.33.0-255,66,107474,33,182564
26088,0.001536,172.217.160.0-255,7156,114630,33,182564
26089,0.001538,172.31.33.0-255,66,114696,33,182564
26090,0.001573,172.217.160.0-255,1484,116180,33,182564
26091,0.001592,172.31.33.0-255,66,116246,33,182564
26092,0.001649,172.217.160.0-255,1484,117730,33,182564
26093,0.00166,172.217.160.0-255,2902,120632,33,182564
26094,0.001662,172.31.33.0-255,66,120698,33,182564
26095,0.00168,172.217.160.0-255,5738,126436,33,182564
26096,0.001682,172.31.33.0-255,66,126502,33,182564
26097,0.001725,172.217.160.0-255,7156,133658,33,182564
26098,0.001727,172.31.33.0-255,66,133724,33,182564
26099,0.001747,172.217.160.0-255,5738,139462,33,182564
26100,0.001748,172.31.33.0-255,66,139528,33,182564
26101,0.001791,172.217.160.0-255,1484,141012,33,182564
26102,0.001813,172.31.33.0-255,66,141078,33,182564
26103,0.001896,172.217.160.0-255,1484,142562,33,182564
26104,0.00191,172.217.160.0-255,2902,145464,33,182564
26105,0.001912,172.31.33.0-255,66,145530,33,182564
26106,0.001915,172.217.160.0-255,1484,147014,33,182564
26107,0.001929,172.217.160.0-255,4320,151334,33,182564
26108,0.001932,172.31.33.0-255,66,151400,33,182564
26109,0.001956,172.217.160.0-255,4320,155720,33,182564
26110,0.001958,172.31.33.0-255,66,155786,33,182564
26111,0.001976,172.31.33.0-255,66,155852,33,182564
26112,0.002034,172.217.160.0-255,2902,158754,33,182564
26113,0.002036,172.31.33.0-255,66,158820,33,182564
26114,0.003898,172.217.160.0-255,2902,161722,33,182564
26115,0.003906,172.31.33.0-255,66,161788,33,182564
26116,0.003945,172.217.160.0-255,2902,164690,33,182564
26117,0.003948,172.31.33.0-255,66,164756,33,182564
26118,0.005823,172.217.160.0-255,2902,167658,33,182564
26119,0.005828,172.31.33.0-255,66,167724,33,182564
26120,0.005854,172.217.160.0-255,2902,170626,33,182564
26121,0.005856,172.31.33.0-255,66,170692,33,182564
26122,0.007745,172.217.160.0-255,2902,173594,33,182564
26123,0.00775,172.31.33.0-255,66,173660,33,182564
26124,0.007771,172.217.160.0-255,2902,176562,33,182564
26125,0.007774,172.31.33.0-255,66,176628,33,182564
26126,0.009671,172.217.160.0-255,2902,179530,33,182564
26127,0.009678,172.31.33.0-255,66,179596,33,182564
26128,0.009699,172.217.160.0-255,2902,182498,33,182564
26129,0.009703,172.31.33.0-255,66,182564,33,182564
26130,0.0,74.125.68.0-255,143,143,33,211167
26131,2.2e-05,172.31.33.0-255,66,209,33,211167
26132,2.8e-05,74.125.68.0-255,1484,1693,33,211167
26133,3.1e-05,172.31.33.0-255,66,1759,33,211167
26134,4.6e-05,74.125.68.0-255,2902,4661,33,211167
26135,4.9e-05,172.31.33.0-255,66,4727,33,211167
26136,5.2e-05,74.125.68.0-255,1484,6211,33,211167
26137,5.4e-05,172.31.33.0-255,66,6277,33,211167
26138,5.6e-05,74.125.68.0-255,1484,7761,33,211167
26139,5.8e-05,172.31.33.0-255,66,7827,33,211167
26140,8e-05,74.125.68.0-255,1484,9311,33,211167
26141,8.2e-05,172.31.33.0-255,66,9377,33,211167
26142,8.5e-05,74.125.68.0-255,1484,10861,33,211167
26143,8.6e-05,172.31.33.0-255,66,10927,33,211167
26144,0.000107,74.125.68.0-255,4908,15835,33,211167
26145,0.000109,172.31.33.0-255,66,15901,33,211167
26146,0.000113,74.125.68.0-255,2902,18803,33,211167
26147,0.000115,172.31.33.0-255,66,18869,33,211167
26148,0.000117,74.125.68.0-255,1484,20353,33,211167
26149,0.000119,172.31.33.0-255,66,20419,33,211167
26150,0.000134,74.125.68.0-255,2902,23321,33,211167
26151,0.000136,172.31.33.0-255,66,23387,33,211167
26152,0.000167,74.125.68.0-255,2902,26289,33,211167
26153,0.00017,172.31.33.0-255,66,26355,33,211167
26154,0.000183,74.125.68.0-255,5379,31734,33,211167
26155,0.000185,172.31.33.0-255,66,31800,33,211167
26156,0.00029,74.125.68.0-255,1484,33284,33,211167
26157,0.000294,172.31.33.0-255,66,33350,33,211167
26158,0.000321,74.125.68.0-255,2902,36252,33,211167
26159,0.000324,172.31.33.0-255,66,36318,33,211167
26160,0.000352,74.125.68.0-255,4320,40638,33,211167
26161,0.000355,172.31.33.0-255,66,40704,33,211167
26162,0.000358,74.125.68.0-255,1484,42188,33,211167
26163,0.000375,74.125.68.0-255,4320,46508,33,211167
26164,0.000378,172.31.33.0-255,66,46574,33,211167
26165,0.000398,74.125.68.0-255,6797,53371,33,211167
26166,0.000401,172.31.33.0-255,66,53437,33,211167
26167,0.000421,74.125.68.0-255,4320,57757,33,211167
26168,0.000424,172.31.33.0-255,66,57823,33,211167
26169,0.000444,74.125.68.0-255,2902,60725,33,211167
26170,0.000448,172.31.33.0-255,66,60791,33,211167
26171,0.000452,74.125.68.0-255,4320,65111,33,211167
26172,0.000455,172.31.33.0-255,66,65177,33,211167
26173,0.000465,74.125.68.0-255,1398,66575,33,211167
26174,0.000467,74.125.68.0-255,414,66989,33,211167
26175,0.000469,172.31.33.0-255,66,67055,33,211167
26176,0.00068,74.125.68.0-255,1484,68539,33,211167
26177,0.000696,74.125.68.0-255,2902,71441,33,211167
26178,0.0007,172.31.33.0-255,66,71507,33,211167
26179,0.000723,74.125.68.0-255,1484,72991,33,211167
26180,0.000744,74.125.68.0-255,2902,75893,33,211167
26181,0.000748,172.31.33.0-255,66,75959,33,211167
26182,0.000751,74.125.68.0-255,1484,77443,33,211167
26183,0.000761,74.125.68.0-255,1484,78927,33,211167
26184,0.000764,172.31.33.0-255,66,78993,33,211167
26185,0.000786,74.125.68.0-255,5738,84731,33,211167
26186,0.000789,172.31.33.0-255,66,84797,33,211167
26187,0.000793,74.125.68.0-255,4320,89117,33,211167
26188,0.000796,172.31.33.0-255,66,89183,33,211167
26189,0.0008,74.125.68.0-255,5738,94921,33,211167
26190,0.000802,172.31.33.0-255,66,94987,33,211167
26191,0.000828,74.125.68.0-255,5888,100875,33,211167
26192,0.000831,172.31.33.0-255,66,100941,33,211167
26193,0.000979,74.125.68.0-255,1484,102425,33,211167
26194,0.000985,74.125.68.0-255,2902,105327,33,211167
26195,0.000989,172.31.33.0-255,66,105393,33,211167
26196,0.001008,74.125.68.0-255,2902,108295,33,211167
26197,0.001011,172.31.33.0-255,66,108361,33,211167
26198,0.001031,74.125.68.0-255,2902,111263,33,211167
26199,0.001034,172.31.33.0-255,66,111329,33,211167
26200,0.001037,74.125.68.0-255,1484,112813,33,211167
26201,0.001049,74.125.68.0-255,2902,115715,33,211167
26202,0.001051,172.31.33.0-255,66,115781,33,211167
26203,0.001064,74.125.68.0-255,2902,118683,33,211167
26204,0.001066,172.31.33.0-255,66,118749,33,211167
26205,0.001085,74.125.68.0-255,1484,120233,33,211167
26206,0.001093,74.125.68.0-255,1484,121717,33,211167
26207,0.001095,172.31.33.0-255,66,121783,33,211167
26208,0.001118,74.125.68.0-255,7156,128939,33,211167
26209,0.001121,172.31.33.0-255,66,129005,33,211167
26210,0.001142,74.125.68.0-255,4320,133325,33,211167
26211,0.001144,172.31.33.0-255,66,133391,33,211167
26212,0.001148,74.125.68.0-255,2184,135575,33,211167
26213,0.001149,172.31.33.0-255,66,135641,33,211167
26214,0.001636,74.125.68.0-255,1484,137125,33,211167
26215,0.001649,74.125.68.0-255,2902,140027,33,211167
26216,0.001652,172.31.33.0-255,66,140093,33,211167
26217,0.001655,74.125.68.0-255,1484,141577,33,211167
26218,0.001672,74.125.68.0-255,2902,144479,33,211167
26219,0.001674,172.31.33.0-255,66,144545,33,211167
26220,0.001676,74.125.68.0-255,1484,146029,33,211167
26221,0.001694,74.125.68.0-255,4320,150349,33,211167
26222,0.001696,172.31.33.0-255,66,150415,33,211167
26223,0.001712,74.125.68.0-255,4320,154735,33,211167
26224,0.001714,172.31.33.0-255,66,154801,33,211167
26225,0.001732,74.125.68.0-255,2902,157703,33,211167
26226,0.001734,172.31.33.0-255,66,157769,33,211167
26227,0.00174,74.125.68.0-255,7156,164925,33,211167
26228,0.001742,172.31.33.0-255,66,164991,33,211167
26229,0.001752,74.125.68.0-255,1484,166475,33,211167
26230,0.001778,74.125.68.0-255,3602,170077,33,211167
26231,0.00178,172.31.33.0-255,66,170143,33,211167
26232,0.001977,74.125.68.0-255,1484,171627,33,211167
26233,0.001988,74.125.68.0-255,1484,173111,33,211167
26234,0.00199,172.31.33.0-255,66,173177,33,211167
26235,0.001998,74.125.68.0-255,1484,174661,33,211167
26236,0.002007,74.125.68.0-255,1484,176145,33,211167
26237,0.002009,172.31.33.0-255,66,176211,33,211167
26238,0.002027,74.125.68.0-255,4320,180531,33,211167
26239,0.002029,172.31.33.0-255,66,180597,33,211167
26240,0.002048,74.125.68.0-255,4320,184917,33,211167
26241,0.002049,172.31.33.0-255,66,184983,33,211167
26242,0.002063,74.125.68.0-255,1484,186467,33,211167
26243,0.002069,74.125.68.0-255,7156,193623,33,211167
26244,0.002071,172.31.33.0-255,66,193689,33,211167
26245,0.002073,74.125.68.0-255,1484,195173,33,211167
26246,0.004098,74.125.68.0-255,4320,199493,33,211167
26247,0.004104,172.31.33.0-255,66,199559,33,211167
26248,0.00616,74.125.68.0-255,5738,205297,33,211167
26249,0.006168,172.31.33.0-255,66,205363,33,211167
26250,0.008251,74.125.68.0-255,5738,211101,33,211167
26251,0.008258,172.31.33.0-255,66,211167,33,211167
26252,0.0,172.31.33.0-255,105,105,33,459
26253,0.000199,172.31.33.0-255,90,195,33,459
26254,0.000208,172.31.33.0-255,66,261,33,459
26255,0.002558,74.125.24.0-255,66,327,33,459
26256,0.002571,74.125.24.0-255,66,393,33,459
26257,0.00258,172.31.33.0-255,66,459,33,459
26258,0.0,172.31.33.0-255,105,105,33,459
26259,0.000202,172.31.33.0-255,90,195,33,459
26260,0.000211,172.31.33.0-255,66,261,33,459
26261,0.00279,74.125.68.0-255,66,327,33,459
26262,0.002804,74.125.68.0-255,66,393,33,459
26263,0.002814,172.31.33.0-255,66,459,33,459
26264,0.0,74.125.24.0-255,152,152,33,154639
26265,1.9e-05,172.31.33.0-255,66,218,33,154639
26266,2.5e-05,74.125.24.0-255,1484,1702,33,154639
26267,2.9e-05,172.31.33.0-255,66,1768,33,154639
26268,3.4e-05,74.125.24.0-255,2902,4670,33,154639
26269,3.6e-05,172.31.33.0-255,66,4736,33,154639
26270,5e-05,74.125.24.0-255,7156,11892,33,154639
26271,5.4e-05,172.31.33.0-255,66,11958,33,154639
26272,6.1e-05,74.125.24.0-255,6347,18305,33,154639
26273,6.5e-05,172.31.33.0-255,66,18371,33,154639
26274,0.000115,74.125.24.0-255,1484,19855,33,154639
26275,0.000118,172.31.33.0-255,66,19921,33,154639
26276,0.000154,172.31.33.0-255,66,19987,33,154639
26277,0.000515,74.125.24.0-255,1484,21471,33,154639
26278,0.000519,74.125.24.0-255,1484,22955,33,154639
26279,0.000528,172.31.33.0-255,66,23021,33,154639
26280,0.000531,172.31.33.0-255,66,23087,33,154639
26281,0.000534,74.125.24.0-255,1484,24571,33,154639
26282,0.000536,172.31.33.0-255,66,24637,33,154639
26283,0.000541,74.125.24.0-255,2902,27539,33,154639
26284,0.000542,172.31.33.0-255,66,27605,33,154639
26285,0.000573,74.125.24.0-255,2902,30507,33,154639
26286,0.000575,172.31.33.0-255,66,30573,33,154639
26287,0.000586,74.125.24.0-255,6797,37370,33,154639
26288,0.000587,172.31.33.0-255,66,37436,33,154639
26289,0.000608,74.125.24.0-255,1484,38920,33,154639
26290,0.00061,172.31.33.0-255,66,38986,33,154639
26291,0.00065,172.31.33.0-255,66,39052,33,154639
26292,0.000677,74.125.24.0-255,2820,41872,33,154639
26293,0.000679,172.31.33.0-255,66,41938,33,154639
26294,0.000781,74.125.24.0-255,134,42072,33,154639
26295,0.000951,172.31.33.0-255,66,42138,33,154639
26296,0.000999,74.125.24.0-255,1484,43622,33,154639
26297,0.001014,74.125.24.0-255,2902,46524,33,154639
26298,0.001016,172.31.33.0-255,66,46590,33,154639
26299,0.001046,74.125.24.0-255,5738,52328,33,154639
26300,0.001049,172.31.33.0-255,66,52394,33,154639
26301,0.001051,74.125.24.0-255,1484,53878,33,154639
26302,0.001091,172.31.33.0-255,66,53944,33,154639
26303,0.001097,74.125.24.0-255,5738,59682,33,154639
26304,0.001099,172.31.33.0-255,66,59748,33,154639
26305,0.001118,74.125.24.0-255,1484,61232,33,154639
26306,0.001147,172.31.33.0-255,66,61298,33,154639
26307,0.001151,74.125.24.0-255,4320,65618,33,154639
26308,0.001153,172.31.33.0-255,66,65684,33,154639
26309,0.001189,74.125.24.0-255,5738,71422,33,154639
26310,0.001191,172.31.33.0-255,66,71488,33,154639
26311,0.001202,172.31.33.0-255,66,71554,33,154639
26312,0.001206,74.125.24.0-255,2902,74456,33,154639
26313,0.001212,172.31.33.0-255,66,74522,33,154639
26314,0.001243,172.31.33.0-255,66,74588,33,154639
26315,0.001248,74.125.24.0-255,4320,78908,33,154639
26316,0.00125,172.31.33.0-255,66,78974,33,154639
26317,0.00132,172.31.33.0-255,66,79040,33,154639
26318,0.001325,74.125.24.0-255,4320,83360,33,154639
26319,0.001327,172.31.33.0-255,66,83426,33,154639
26320,0.001339,74.125.24.0-255,6133,89559,33,154639
26321,0.001341,172.31.33.0-255,66,89625,33,154639
26322,0.001866,74.125.24.0-255,1484,91109,33,154639
26323,0.001889,74.125.24.0-255,2902,94011,33,154639
26324,0.001892,172.31.33.0-255,66,94077,33,154639
26325,0.001898,74.125.24.0-255,5738,99815,33,154639
26326,0.0019,172.31.33.0-255,66,99881,33,154639
26327,0.00194,172.31.33.0-255,66,99947,33,154639
26328,0.001969,74.125.24.0-255,4320,104267,33,154639
26329,0.001971,172.31.33.0-255,66,104333,33,154639
26330,0.001976,74.125.24.0-255,4320,108653,33,154639
26331,0.001977,172.31.33.0-255,66,108719,33,154639
26332,0.001993,74.125.24.0-255,4320,113039,33,154639
26333,0.001995,172.31.33.0-255,66,113105,33,154639
26334,0.002015,74.125.24.0-255,2184,115289,33,154639
26335,0.002017,172.31.33.0-255,66,115355,33,154639
26336,0.002089,74.125.24.0-255,1484,116839,33,154639
26337,0.002102,74.125.24.0-255,2902,119741,33,154639
26338,0.002105,172.31.33.0-255,66,119807,33,154639
26339,0.002109,74.125.24.0-255,2902,122709,33,154639
26340,0.002111,172.31.33.0-255,66,122775,33,154639
26341,0.002137,74.125.24.0-255,2902,125677,33,154639
26342,0.002139,172.31.33.0-255,66,125743,33,154639
26343,0.002149,172.31.33.0-255,66,125809,33,154639
26344,0.002179,74.125.24.0-255,2902,128711,33,154639
26345,0.002182,172.31.33.0-255,66,128777,33,154639
26346,0.002192,172.31.33.0-255,66,128843,33,154639
26347,0.002208,74.125.24.0-255,2184,131027,33,154639
26348,0.002209,172.31.33.0-255,66,131093,33,154639
26349,0.002235,74.125.24.0-255,2902,133995,33,154639
26350,0.002237,172.31.33.0-255,66,134061,33,154639
26351,0.002273,172.31.33.0-255,66,134127,33,154639
26352,0.002294,172.31.33.0-255,66,134193,33,154639
26353,0.002298,74.125.24.0-255,2902,137095,33,154639
26354,0.0023,172.31.33.0-255,66,137161,33,154639
26355,0.002335,172.31.33.0-255,66,137227,33,154639
26356,0.004613,74.125.24.0-255,5738,142965,33,154639
26357,0.004621,172.31.33.0-255,66,143031,33,154639
26358,0.006909,74.125.24.0-255,5738,148769,33,154639
26359,0.006913,172.31.33.0-255,66,148835,33,154639
26360,0.009198,74.125.24.0-255,5738,154573,33,154639
26361,0.009209,172.31.33.0-255,66,154639,33,154639
26362,0.0,172.31.33.0-255,105,105,33,1377
26363,4.9e-05,172.31.33.0-255,105,210,33,1377
26364,0.000102,172.31.33.0-255,105,315,33,1377
26365,0.000279,172.31.33.0-255,90,405,33,1377
26366,0.000286,172.31.33.0-255,66,471,33,1377
26367,0.000599,172.31.33.0-255,90,561,33,1377
26368,0.000606,172.31.33.0-255,66,627,33,1377
26369,0.000714,172.31.33.0-255,90,717,33,1377
26370,0.00072,172.31.33.0-255,66,783,33,1377
26371,0.002545,74.125.24.0-255,66,849,33,1377
26372,0.00256,74.125.24.0-255,66,915,33,1377
26373,0.002571,172.31.33.0-255,66,981,33,1377
26374,0.002857,74.125.68.0-255,66,1047,33,1377
26375,0.002884,74.125.68.0-255,66,1113,33,1377
26376,0.002891,172.31.33.0-255,66,1179,33,1377
26377,0.003281,172.217.194.0-255,66,1245,33,1377
26378,0.003296,172.217.194.0-255,66,1311,33,1377
26379,0.003299,172.31.33.0-255,66,1377,33,1377
26380,0.0,172.31.33.0-255,105,105,33,459
26381,0.000237,172.31.33.0-255,90,195,33,459
26382,0.000245,172.31.33.0-255,66,261,33,459
26383,0.002592,74.125.24.0-255,66,327,33,459
26384,0.002604,74.125.24.0-255,66,393,33,459
26385,0.002613,172.31.33.0-255,66,459,33,459
26386,0.0,74.125.68.0-255,431,431,33,137448
26387,3.3e-05,172.31.33.0-255,66,497,33,137448
26388,3.9e-05,74.125.68.0-255,1484,1981,33,137448
26389,4.5e-05,172.31.33.0-255,66,2047,33,137448
26390,5.1e-05,74.125.68.0-255,4320,6367,33,137448
26391,6.4e-05,172.31.33.0-255,66,6433,33,137448
26392,7e-05,74.125.68.0-255,5738,12171,33,137448
26393,7.3e-05,172.31.33.0-255,66,12237,33,137448
26394,0.000228,74.125.68.0-255,4320,16557,33,137448
26395,0.000234,172.31.33.0-255,66,16623,33,137448
26396,0.00026,74.125.68.0-255,1992,18615,33,137448
26397,0.000264,172.31.33.0-255,66,18681,33,137448
26398,0.000448,74.125.68.0-255,5738,24419,33,137448
26399,0.000454,172.31.33.0-255,66,24485,33,137448
26400,0.000471,74.125.68.0-255,1484,25969,33,137448
26401,0.000476,172.31.33.0-255,66,26035,33,137448
26402,0.000701,74.125.68.0-255,4271,30306,33,137448
26403,0.000707,172.31.33.0-255,66,30372,33,137448
26404,0.002048,74.125.68.0-255,1583,31955,33,137448
26405,0.002053,172.31.33.0-255,66,32021,33,137448
26406,0.002059,74.125.68.0-255,2902,34923,33,137448
26407,0.002061,172.31.33.0-255,66,34989,33,137448
26408,0.002164,74.125.68.0-255,5738,40727,33,137448
26409,0.002166,172.31.33.0-255,66,40793,33,137448
26410,0.002191,74.125.68.0-255,2902,43695,33,137448
26411,0.002193,172.31.33.0-255,66,43761,33,137448
26412,0.002458,74.125.68.0-255,1385,45146,33,137448
26413,0.00246,172.31.33.0-255,66,45212,33,137448
26414,0.002514,74.125.68.0-255,4320,49532,33,137448
26415,0.002515,172.31.33.0-255,66,49598,33,137448
26416,0.002544,74.125.68.0-255,5738,55336,33,137448
26417,0.002545,172.31.33.0-255,66,55402,33,137448
26418,0.002866,74.125.68.0-255,4320,59722,33,137448
26419,0.002869,172.31.33.0-255,66,59788,33,137448
26420,0.003022,74.125.68.0-255,4320,64108,33,137448
26421,0.003024,172.31.33.0-255,66,64174,33,137448
26422,0.003192,74.125.68.0-255,5738,69912,33,137448
26423,0.003196,172.31.33.0-255,66,69978,33,137448
26424,0.00339,74.125.68.0-255,2902,72880,33,137448
26425,0.003404,74.125.68.0-255,1484,74364,33,137448
26426,0.003515,74.125.68.0-255,1484,75848,33,137448
26427,0.003839,74.125.68.0-255,2902,78750,33,137448
26428,0.003855,74.125.68.0-255,1484,80234,33,137448
26429,0.003969,74.125.68.0-255,1484,81718,33,137448
26430,0.003982,74.125.68.0-255,2902,84620,33,137448
26431,0.004088,74.125.68.0-255,1484,86104,33,137448
26432,0.004322,74.125.68.0-255,2902,89006,33,137448
26433,0.004462,172.31.33.0-255,66,89072,33,137448
26434,0.004597,74.125.68.0-255,5738,94810,33,137448
26435,0.004605,172.31.33.0-255,66,94876,33,137448
26436,0.004638,172.31.33.0-255,66,94942,33,137448
26437,0.004792,172.31.33.0-255,66,95008,33,137448
26438,0.005041,172.31.33.0-255,66,95074,33,137448
26439,0.006494,172.31.33.0-255,66,95140,33,137448
26440,0.006638,74.125.68.0-255,4774,99914,33,137448
26441,0.006643,172.31.33.0-255,66,99980,33,137448
26442,0.006795,74.125.68.0-255,1702,101682,33,137448
26443,0.006838,74.125.68.0-255,1484,103166,33,137448
26444,0.006926,74.125.68.0-255,5738,108904,33,137448
26445,0.007067,74.125.68.0-255,5398,114302,33,137448
26446,0.007101,74.125.68.0-255,5738,120040,33,137448
26447,0.007115,74.125.68.0-255,3242,123282,33,137448
26448,0.007186,74.125.68.0-255,4320,127602,33,137448
26449,0.007318,74.125.68.0-255,5738,133340,33,137448
26450,0.007442,74.125.68.0-255,1484,134824,33,137448
26451,0.008501,74.125.68.0-255,2558,137382,33,137448
26452,0.008688,172.31.33.0-255,66,137448,33,137448
26453,0.0,172.217.194.0-255,152,152,33,126730
26454,2.4e-05,172.31.33.0-255,66,218,33,126730
26455,3.2e-05,172.217.194.0-255,1484,1702,33,126730
26456,3.5e-05,172.31.33.0-255,66,1768,33,126730
26457,6.6e-05,172.217.194.0-255,1484,3252,33,126730
26458,6.8e-05,172.31.33.0-255,66,3318,33,126730
26459,7.4e-05,172.217.194.0-255,2902,6220,33,126730
26460,7.7e-05,172.31.33.0-255,66,6286,33,126730
26461,8.4e-05,172.217.194.0-255,5738,12024,33,126730
26462,8.8e-05,172.31.33.0-255,66,12090,33,126730
26463,0.000101,172.217.194.0-255,1484,13574,33,126730
26464,0.000103,172.31.33.0-255,66,13640,33,126730
26465,0.000125,172.31.33.0-255,66,13706,33,126730
26466,0.000147,172.217.194.0-255,3474,17180,33,126730
26467,0.000149,172.31.33.0-255,66,17246,33,126730
26468,0.000157,172.217.194.0-255,5379,22625,33,126730
26469,0.00016,172.31.33.0-255,66,22691,33,126730
26470,0.00021,172.217.194.0-255,5738,28429,33,126730
26471,0.000213,172.31.33.0-255,66,28495,33,126730
26472,0.000217,172.217.194.0-255,1484,29979,33,126730
26473,0.000219,172.31.33.0-255,66,30045,33,126730
26474,0.000226,172.217.194.0-255,5738,35783,33,126730
26475,0.000229,172.31.33.0-255,66,35849,33,126730
26476,0.000243,172.217.194.0-255,2902,38751,33,126730
26477,0.000246,172.31.33.0-255,66,38817,33,126730
26478,0.000262,172.217.194.0-255,2902,41719,33,126730
26479,0.000265,172.31.33.0-255,66,41785,33,126730
26480,0.000308,172.31.33.0-255,66,41851,33,126730
26481,0.000311,172.217.194.0-255,365,42216,33,126730
26482,0.000313,172.31.33.0-255,66,42282,33,126730
26483,0.000332,172.217.194.0-255,1484,43766,33,126730
26484,0.000349,172.217.194.0-255,1484,45250,33,126730
26485,0.000352,172.31.33.0-255,66,45316,33,126730
26486,0.000372,172.217.194.0-255,2902,48218,33,126730
26487,0.000375,172.31.33.0-255,66,48284,33,126730
26488,0.000382,172.217.194.0-255,5738,54022,33,126730
26489,0.000384,172.31.33.0-255,66,54088,33,126730
26490,0.000409,172.217.194.0-255,2902,56990,33,126730
26491,0.000411,172.31.33.0-255,66,57056,33,126730
26492,0.000434,172.217.194.0-255,3961,61017,33,126730
26493,0.000437,172.31.33.0-255,66,61083,33,126730
26494,0.000444,172.217.194.0-255,7156,68239,33,126730
26495,0.000447,172.31.33.0-255,66,68305,33,126730
26496,0.000492,172.31.33.0-255,66,68371,33,126730
26497,0.000584,172.217.194.0-255,1484,69855,33,126730
26498,0.000588,172.217.194.0-255,1484,71339,33,126730
26499,0.000591,172.31.33.0-255,66,71405,33,126730
26500,0.000611,172.217.194.0-255,1484,72889,33,126730
26501,0.000617,172.217.194.0-255,5738,78627,33,126730
26502,0.00062,172.31.33.0-255,66,78693,33,126730
26503,0.000628,172.217.194.0-255,7156,85849,33,126730
26504,0.00063,172.31.33.0-255,66,85915,33,126730
26505,0.000648,172.217.194.0-255,1484,87399,33,126730
26506,0.000675,172.217.194.0-255,5738,93137,33,126730
26507,0.000678,172.31.33.0-255,66,93203,33,126730
26508,0.000709,172.31.33.0-255,66,93269,33,126730
26509,0.00078,172.31.33.0-255,66,93335,33,126730
26510,0.000796,172.31.33.0-255,66,93401,33,126730
26511,0.000813,172.31.33.0-255,66,93467,33,126730
26512,0.000831,172.31.33.0-255,66,93533,33,126730
26513,0.000853,172.217.194.0-255,1484,95017,33,126730
26514,0.000856,172.217.194.0-255,766,95783,33,126730
26515,0.000858,172.31.33.0-255,66,95849,33,126730
26516,0.001842,172.217.194.0-255,1484,97333,33,126730
26517,0.001847,172.217.194.0-255,1484,98817,33,126730
26518,0.001851,172.31.33.0-255,66,98883,33,126730
26519,0.001887,172.217.194.0-255,1484,100367,33,126730
26520,0.001894,172.217.194.0-255,5738,106105,33,126730
26521,0.001897,172.31.33.0-255,66,106171,33,126730
26522,0.001909,172.31.33.0-255,66,106237,33,126730
26523,0.00194,172.217.194.0-255,4320,110557,33,126730
26524,0.001943,172.31.33.0-255,66,110623,33,126730
26525,0.001966,172.31.33.0-255,66,110689,33,126730
26526,0.001972,172.217.194.0-255,4320,115009,33,126730
26527,0.001974,172.31.33.0-255,66,115075,33,126730
26528,0.002012,172.31.33.0-255,66,115141,33,126730
26529,0.002025,172.31.33.0-255,66,115207,33,126730
26530,0.002058,172.217.194.0-255,4320,119527,33,126730
26531,0.002061,172.31.33.0-255,66,119593,33,126730
26532,0.002104,172.31.33.0-255,66,119659,33,126730
26533,0.002107,172.217.194.0-255,1484,121143,33,126730
26534,0.002154,172.31.33.0-255,66,121209,33,126730
26535,0.002182,172.217.194.0-255,5020,126229,33,126730
26536,0.002185,172.31.33.0-255,66,126295,33,126730
26537,0.002198,172.31.33.0-255,66,126361,33,126730
26538,0.002212,172.31.33.0-255,66,126427,33,126730
26539,0.002232,172.31.33.0-255,66,126493,33,126730
26540,0.002275,172.31.33.0-255,66,126559,33,126730
26541,0.002301,172.31.33.0-255,66,126625,33,126730
26542,0.004541,172.217.194.0-255,105,126730,33,126730
26543,0.0,74.125.200.0-255,146,146,33,259639
26544,1.5e-05,172.31.33.0-255,66,212,33,259639
26545,2.1e-05,74.125.200.0-255,1484,1696,33,259639
26546,2.5e-05,172.31.33.0-255,66,1762,33,259639
26547,3e-05,74.125.200.0-255,2902,4664,33,259639
26548,3.2e-05,172.31.33.0-255,66,4730,33,259639
26549,3.8e-05,74.125.200.0-255,5738,10468,33,259639
26550,4.1e-05,172.31.33.0-255,66,10534,33,259639
26551,5.8e-05,74.125.200.0-255,1484,12018,33,259639
26552,6e-05,172.31.33.0-255,66,12084,33,259639
26553,6.5e-05,74.125.200.0-255,3437,15521,33,259639
26554,6.7e-05,172.31.33.0-255,66,15587,33,259639
26555,7.2e-05,74.125.200.0-255,4320,19907,33,259639
26556,7.4e-05,172.31.33.0-255,66,19973,33,259639
26557,9.5e-05,74.125.200.0-255,1484,21457,33,259639
26558,9.7e-05,172.31.33.0-255,66,21523,33,259639
26559,0.000116,172.31.33.0-255,66,21589,33,259639
26560,0.000119,74.125.200.0-255,1125,22714,33,259639
26561,0.00012,172.31.33.0-255,66,22780,33,259639
26562,0.000192,74.125.200.0-255,1484,24264,33,259639
26563,0.000195,172.31.33.0-255,66,24330,33,259639
26564,0.000198,74.125.200.0-255,1484,25814,33,259639
26565,0.0002,172.31.33.0-255,66,25880,33,259639
26566,0.000213,74.125.200.0-255,1484,27364,33,259639
26567,0.000215,172.31.33.0-255,66,27430,33,259639
26568,0.00022,74.125.200.0-255,4320,31750,33,259639
26569,0.000222,172.31.33.0-255,66,31816,33,259639
26570,0.000261,74.125.200.0-255,4320,36136,33,259639
26571,0.000264,172.31.33.0-255,66,36202,33,259639
26572,0.00028,74.125.200.0-255,1484,37686,33,259639
26573,0.000282,172.31.33.0-255,66,37752,33,259639
26574,0.000306,74.125.200.0-255,6797,44549,33,259639
26575,0.000308,172.31.33.0-255,66,44615,33,259639
26576,0.000313,74.125.200.0-255,4320,48935,33,259639
26577,0.000315,172.31.33.0-255,66,49001,33,259639
26578,0.000328,74.125.200.0-255,2902,51903,33,259639
26579,0.00033,172.31.33.0-255,66,51969,33,259639
26580,0.000365,74.125.200.0-255,5738,57707,33,259639
26581,0.000367,172.31.33.0-255,66,57773,33,259639
26582,0.000382,74.125.200.0-255,328,58101,33,259639
26583,0.000689,74.125.200.0-255,1484,59585,33,259639
26584,0.000693,172.31.33.0-255,66,59651,33,259639
26585,0.000711,74.125.200.0-255,2902,62553,33,259639
26586,0.000713,172.31.33.0-255,66,62619,33,259639
26587,0.000719,74.125.200.0-255,4320,66939,33,259639
26588,0.000721,172.31.33.0-255,66,67005,33,259639
26589,0.000724,74.125.200.0-255,1484,68489,33,259639
26590,0.000743,74.125.200.0-255,4320,72809,33,259639
26591,0.000746,172.31.33.0-255,66,72875,33,259639
26592,0.000748,74.125.200.0-255,1484,74359,33,259639
26593,0.000773,172.31.33.0-255,66,74425,33,259639
26594,0.000778,74.125.200.0-255,4320,78745,33,259639
26595,0.00078,172.31.33.0-255,66,78811,33,259639
26596,0.000815,74.125.200.0-255,3602,82413,33,259639
26597,0.000818,172.31.33.0-255,66,82479,33,259639
26598,0.001003,74.125.200.0-255,1484,83963,33,259639
26599,0.001022,74.125.200.0-255,2902,86865,33,259639
26600,0.001025,172.31.33.0-255,66,86931,33,259639
26601,0.00103,74.125.200.0-255,2902,89833,33,259639
26602,0.001031,172.31.33.0-255,66,89899,33,259639
26603,0.001045,74.125.200.0-255,2902,92801,33,259639
26604,0.001048,172.31.33.0-255,66,92867,33,259639
26605,0.001082,172.31.33.0-255,66,92933,33,259639
26606,0.001087,74.125.200.0-255,4320,97253,33,259639
26607,0.001089,172.31.33.0-255,66,97319,33,259639
26608,0.001124,74.125.200.0-255,4320,101639,33,259639
26609,0.001127,172.31.33.0-255,66,101705,33,259639
26610,0.001139,74.125.200.0-255,2184,103889,33,259639
26611,0.001141,172.31.33.0-255,66,103955,33,259639
26612,0.001171,74.125.200.0-255,1484,105439,33,259639
26613,0.001193,74.125.200.0-255,2902,108341,33,259639
26614,0.001195,172.31.33.0-255,66,108407,33,259639
26615,0.001214,74.125.200.0-255,4320,112727,33,259639
26616,0.001216,172.31.33.0-255,66,112793,33,259639
26617,0.001239,74.125.200.0-255,1484,114277,33,259639
26618,0.001242,74.125.200.0-255,1484,115761,33,259639
26619,0.001244,172.31.33.0-255,66,115827,33,259639
26620,0.001248,74.125.200.0-255,2902,118729,33,259639
26621,0.00125,172.31.33.0-255,66,118795,33,259639
26622,0.001255,74.125.200.0-255,4320,123115,33,259639
26623,0.001257,172.31.33.0-255,66,123181,33,259639
26624,0.001276,74.125.200.0-255,1484,124665,33,259639
26625,0.001281,74.125.200.0-255,4320,128985,33,259639
26626,0.001283,172.31.33.0-255,66,129051,33,259639
26627,0.001307,74.125.200.0-255,2902,131953,33,259639
26628,0.001309,172.31.33.0-255,66,132019,33,259639
26629,0.001319,74.125.200.0-255,2902,134921,33,259639
26630,0.001322,172.31.33.0-255,66,134987,33,259639
26631,0.001355,74.125.200.0-255,2902,137889,33,259639
26632,0.001357,172.31.33.0-255,66,137955,33,259639
26633,0.001369,74.125.200.0-255,766,138721,33,259639
26634,0.001432,74.125.200.0-255,1484,140205,33,259639
26635,0.001435,172.31.33.0-255,66,140271,33,259639
26636,0.001451,74.125.200.0-255,2902,143173,33,259639
26637,0.001453,172.31.33.0-255,66,143239,33,259639
26638,0.001489,74.125.200.0-255,5738,148977,33,259639
26639,0.001492,172.31.33.0-255,66,149043,33,259639
26640,0.001495,74.125.200.0-255,1484,150527,33,259639
26641,0.001514,74.125.200.0-255,5738,156265,33,259639
26642,0.001516,172.31.33.0-255,66,156331,33,259639
26643,0.001539,74.125.200.0-255,7156,163487,33,259639
26644,0.001541,172.31.33.0-255,66,163553,33,259639
26645,0.001567,74.125.200.0-255,5738,169291,33,259639
26646,0.001571,172.31.33.0-255,66,169357,33,259639
26647,0.001587,74.125.200.0-255,2902,172259,33,259639
26648,0.001589,172.31.33.0-255,66,172325,33,259639
26649,0.001592,74.125.200.0-255,766,173091,33,259639
26650,0.001711,74.125.200.0-255,1484,174575,33,259639
26651,0.001715,172.31.33.0-255,66,174641,33,259639
26652,0.001718,74.125.200.0-255,1484,176125,33,259639
26653,0.001734,74.125.200.0-255,2902,179027,33,259639
26654,0.001737,172.31.33.0-255,66,179093,33,259639
26655,0.001774,74.125.200.0-255,5738,184831,33,259639
26656,0.001777,172.31.33.0-255,66,184897,33,259639
26657,0.001782,74.125.200.0-255,4320,189217,33,259639
26658,0.001783,172.31.33.0-255,66,189283,33,259639
26659,0.001808,74.125.200.0-255,4320,193603,33,259639
26660,0.001811,172.31.33.0-255,66,193669,33,259639
26661,0.001828,74.125.200.0-255,1484,195153,33,259639
26662,0.001833,74.125.200.0-255,4320,199473,33,259639
26663,0.001835,172.31.33.0-255,66,199539,33,259639
26664,0.00185,74.125.200.0-255,1484,201023,33,259639
26665,0.001852,74.125.200.0-255,1484,202507,33,259639
26666,0.001855,172.31.33.0-255,66,202573,33,259639
26667,0.001882,74.125.200.0-255,5020,207593,33,259639
26668,0.001885,172.31.33.0-255,66,207659,33,259639
26669,0.001887,74.125.200.0-255,1484,209143,33,259639
26670,0.001891,74.125.200.0-255,2902,212045,33,259639
26671,0.001893,172.31.33.0-255,66,212111,33,259639
26672,0.001924,74.125.200.0-255,5738,217849,33,259639
26673,0.001927,172.31.33.0-255,66,217915,33,259639
26674,0.001935,74.125.200.0-255,2902,220817,33,259639
26675,0.001937,172.31.33.0-255,66,220883,33,259639
26676,0.001941,74.125.200.0-255,2902,223785,33,259639
26677,0.001943,172.31.33.0-255,66,223851,33,259639
26678,0.001959,74.125.200.0-255,1484,225335,33,259639
26679,0.001972,74.125.200.0-255,1484,226819,33,259639
26680,0.001974,172.31.33.0-255,66,226885,33,259639
26681,0.001997,74.125.200.0-255,7156,234041,33,259639
26682,0.001999,172.31.33.0-255,66,234107,33,259639
26683,0.002002,74.125.200.0-255,1484,235591,33,259639
26684,0.002035,74.125.200.0-255,1484,237075,33,259639
26685,0.002037,172.31.33.0-255,66,237141,33,259639
26686,0.00206,74.125.200.0-255,5020,242161,33,259639
26687,0.002062,172.31.33.0-255,66,242227,33,259639
26688,0.004137,74.125.200.0-255,5738,247965,33,259639
26689,0.004143,172.31.33.0-255,66,248031,33,259639
26690,0.00621,74.125.200.0-255,5738,253769,33,259639
26691,0.006213,172.31.33.0-255,66,253835,33,259639
26692,0.008293,74.125.200.0-255,5738,259573,33,259639
26693,0.0083,172.31.33.0-255,66,259639,33,259639
26694,0.0,74.125.68.0-255,297,297,33,111534
26695,2.6e-05,172.31.33.0-255,66,363,33,111534
26696,3.3e-05,74.125.68.0-255,1484,1847,33,111534
26697,3.7e-05,172.31.33.0-255,66,1913,33,111534
26698,5.1e-05,74.125.68.0-255,2902,4815,33,111534
26699,5.3e-05,172.31.33.0-255,66,4881,33,111534
26700,6.6e-05,74.125.68.0-255,2902,7783,33,111534
26701,6.8e-05,172.31.33.0-255,66,7849,33,111534
26702,8.5e-05,74.125.68.0-255,2902,10751,33,111534
26703,8.9e-05,172.31.33.0-255,66,10817,33,111534
26704,9.2e-05,74.125.68.0-255,1484,12301,33,111534
26705,9.4e-05,172.31.33.0-255,66,12367,33,111534
26706,9.8e-05,74.125.68.0-255,1847,14214,33,111534
26707,0.0001,172.31.33.0-255,66,14280,33,111534
26708,0.00028,74.125.68.0-255,1484,15764,33,111534
26709,0.000285,172.31.33.0-255,66,15830,33,111534
26710,0.000289,74.125.68.0-255,1484,17314,33,111534
26711,0.000291,172.31.33.0-255,66,17380,33,111534
26712,0.000304,74.125.68.0-255,1484,18864,33,111534
26713,0.000306,172.31.33.0-255,66,18930,33,111534
26714,0.000313,74.125.68.0-255,5738,24668,33,111534
26715,0.000316,172.31.33.0-255,66,24734,33,111534
26716,0.000354,74.125.68.0-255,6797,31531,33,111534
26717,0.000358,172.31.33.0-255,66,31597,33,111534
26718,0.000365,74.125.68.0-255,7156,38753,33,111534
26719,0.000367,172.31.33.0-255,66,38819,33,111534
26720,0.000399,172.31.33.0-255,66,38885,33,111534
26721,0.000419,74.125.68.0-255,5738,44623,33,111534
26722,0.000421,172.31.33.0-255,66,44689,33,111534
26723,0.000442,74.125.68.0-255,5738,50427,33,111534
26724,0.000445,172.31.33.0-255,66,50493,33,111534
26725,0.000451,74.125.68.0-255,5020,55513,33,111534
26726,0.000453,172.31.33.0-255,66,55579,33,111534
26727,0.00047,74.125.68.0-255,400,55979,33,111534
26728,0.00051,74.125.68.0-255,343,56322,33,111534
26729,0.000734,74.125.68.0-255,1484,57806,33,111534
26730,0.000738,172.31.33.0-255,66,57872,33,111534
26731,0.000743,74.125.68.0-255,2902,60774,33,111534
26732,0.000745,172.31.33.0-255,66,60840,33,111534
26733,0.000769,74.125.68.0-255,4320,65160,33,111534
26734,0.000774,172.31.33.0-255,66,65226,33,111534
26735,0.000781,74.125.68.0-255,1484,66710,33,111534
26736,0.000786,74.125.68.0-255,4320,71030,33,111534
26737,0.000788,172.31.33.0-255,66,71096,33,111534
26738,0.000792,74.125.68.0-255,2902,73998,33,111534
26739,0.000794,172.31.33.0-255,66,74064,33,111534
26740,0.000817,74.125.68.0-255,2902,76966,33,111534
26741,0.000819,172.31.33.0-255,66,77032,33,111534
26742,0.000823,74.125.68.0-255,1484,78516,33,111534
26743,0.000839,74.125.68.0-255,7156,85672,33,111534
26744,0.000841,172.31.33.0-255,66,85738,33,111534
26745,0.000862,74.125.68.0-255,2902,88640,33,111534
26746,0.000865,172.31.33.0-255,66,88706,33,111534
26747,0.000869,74.125.68.0-255,2184,90890,33,111534
26748,0.000871,172.31.33.0-255,66,90956,33,111534
26749,0.003112,74.125.68.0-255,1484,92440,33,111534
26750,0.003123,74.125.68.0-255,2902,95342,33,111534
26751,0.003128,172.31.33.0-255,66,95408,33,111534
26752,0.003132,74.125.68.0-255,1484,96892,33,111534
26753,0.005082,74.125.68.0-255,2902,99794,33,111534
26754,0.005084,172.31.33.0-255,66,99860,33,111534
26755,0.005098,74.125.68.0-255,1484,101344,33,111534
26756,0.007043,74.125.68.0-255,4320,105664,33,111534
26757,0.00705,172.31.33.0-255,66,105730,33,111534
26758,0.009017,74.125.68.0-255,5738,111468,33,111534
26759,0.009023,172.31.33.0-255,66,111534,33,111534
