,TIME,SRC,PACKET_SIZE,CUMULATIVE_PACKET_SIZE,PAGE_NUMBER,TOTAL_PACKET_SIZE
0,0.0,172.253.118.0-255,153,153,61,233093
1,1.5e-05,172.31.40.0-255,66,219,61,233093
2,2.3e-05,172.253.118.0-255,1484,1703,61,233093
3,2.8e-05,172.31.40.0-255,66,1769,61,233093
4,3.4e-05,172.253.118.0-255,2902,4671,61,233093
5,4.5e-05,172.31.40.0-255,66,4737,61,233093
6,5.2e-05,172.253.118.0-255,4320,9057,61,233093
7,5.4e-05,172.31.40.0-255,66,9123,61,233093
8,7.7e-05,172.253.118.0-255,4934,14057,61,233093
9,8.4e-05,172.31.40.0-255,66,14123,61,233093
10,0.00013,172.253.118.0-255,1484,15607,61,233093
11,0.000133,172.31.40.0-255,66,15673,61,233093
12,0.000137,172.253.118.0-255,2902,18575,61,233093
13,0.000139,172.31.40.0-255,66,18641,61,233093
14,0.000174,172.253.118.0-255,5738,24379,61,233093
15,0.000176,172.31.40.0-255,66,24445,61,233093
16,0.000184,172.253.118.0-255,6797,31242,61,233093
17,0.000187,172.31.40.0-255,66,31308,61,233093
18,0.000375,172.253.118.0-255,1484,32792,61,233093
19,0.00038,172.31.40.0-255,66,32858,61,233093
20,0.000387,172.253.118.0-255,2902,35760,61,233093
21,0.000389,172.31.40.0-255,66,35826,61,233093
22,0.000394,172.253.118.0-255,2902,38728,61,233093
23,0.000402,172.31.40.0-255,66,38794,61,233093
24,0.000433,172.253.118.0-255,2902,41696,61,233093
25,0.000435,172.31.40.0-255,66,41762,61,233093
26,0.000453,172.31.40.0-255,66,41828,61,233093
27,0.000516,172.31.40.0-255,66,41894,61,233093
28,0.0006,172.253.118.0-255,1484,43378,61,233093
29,0.000609,172.31.40.0-255,66,43444,61,233093
30,0.000615,172.253.118.0-255,2902,46346,61,233093
31,0.000618,172.31.40.0-255,66,46412,61,233093
32,0.000641,172.253.118.0-255,5738,52150,61,233093
33,0.000648,172.31.40.0-255,66,52216,61,233093
34,0.000651,172.253.118.0-255,1484,53700,61,233093
35,0.000685,172.31.40.0-255,66,53766,61,233093
36,0.000696,172.253.118.0-255,3961,57727,61,233093
37,0.000699,172.31.40.0-255,66,57793,61,233093
38,0.000715,172.31.40.0-255,66,57859,61,233093
39,0.000781,172.253.118.0-255,1484,59343,61,233093
40,0.000787,172.253.118.0-255,2902,62245,61,233093
41,0.00079,172.31.40.0-255,66,62311,61,233093
42,0.000793,172.253.118.0-255,1484,63795,61,233093
43,0.000822,172.253.118.0-255,4320,68115,61,233093
44,0.000825,172.31.40.0-255,66,68181,61,233093
45,0.000837,172.31.40.0-255,66,68247,61,233093
46,0.000861,172.253.118.0-255,2902,71149,61,233093
47,0.000868,172.31.40.0-255,66,71215,61,233093
48,0.000876,172.253.118.0-255,7156,78371,61,233093
49,0.000878,172.31.40.0-255,66,78437,61,233093
50,0.000913,172.253.118.0-255,3602,82039,61,233093
51,0.000916,172.31.40.0-255,66,82105,61,233093
52,0.000922,172.253.118.0-255,4320,86425,61,233093
53,0.000924,172.31.40.0-255,66,86491,61,233093
54,0.000961,172.31.40.0-255,66,86557,61,233093
55,0.000973,172.31.40.0-255,66,86623,61,233093
56,0.000987,172.253.118.0-255,1484,88107,61,233093
57,0.001023,172.31.40.0-255,66,88173,61,233093
58,0.001026,172.253.118.0-255,330,88503,61,233093
59,0.001158,172.253.118.0-255,1484,89987,61,233093
60,0.001163,172.31.40.0-255,66,90053,61,233093
61,0.001168,172.253.118.0-255,2902,92955,61,233093
62,0.00117,172.31.40.0-255,66,93021,61,233093
63,0.001173,172.253.118.0-255,1484,94505,61,233093
64,0.001192,172.253.118.0-255,4320,98825,61,233093
65,0.001195,172.31.40.0-255,66,98891,61,233093
66,0.001204,172.253.118.0-255,4320,103211,61,233093
67,0.001206,172.31.40.0-255,66,103277,61,233093
68,0.001244,172.31.40.0-255,66,103343,61,233093
69,0.001255,172.31.40.0-255,66,103409,61,233093
70,0.001299,172.253.118.0-255,1484,104893,61,233093
71,0.001311,172.253.118.0-255,2902,107795,61,233093
72,0.001314,172.31.40.0-255,66,107861,61,233093
73,0.001347,172.253.118.0-255,5738,113599,61,233093
74,0.001351,172.31.40.0-255,66,113665,61,233093
75,0.001362,172.31.40.0-255,66,113731,61,233093
76,0.001398,172.253.118.0-255,5738,119469,61,233093
77,0.001402,172.31.40.0-255,66,119535,61,233093
78,0.00144,172.31.40.0-255,66,119601,61,233093
79,0.001483,172.253.118.0-255,1484,121085,61,233093
80,0.001511,172.31.40.0-255,66,121151,61,233093
81,0.001535,172.31.40.0-255,66,121217,61,233093
82,0.001546,172.31.40.0-255,66,121283,61,233093
83,0.00162,172.253.118.0-255,1484,122767,61,233093
84,0.001638,172.253.118.0-255,2902,125669,61,233093
85,0.001641,172.31.40.0-255,66,125735,61,233093
86,0.001645,172.253.118.0-255,2902,128637,61,233093
87,0.001648,172.31.40.0-255,66,128703,61,233093
88,0.001677,172.253.118.0-255,2902,131605,61,233093
89,0.001681,172.31.40.0-255,66,131671,61,233093
90,0.001708,172.253.118.0-255,4320,135991,61,233093
91,0.001712,172.31.40.0-255,66,136057,61,233093
92,0.001718,172.253.118.0-255,7156,143213,61,233093
93,0.00172,172.31.40.0-255,66,143279,61,233093
94,0.001751,172.253.118.0-255,7156,150435,61,233093
95,0.001756,172.31.40.0-255,66,150501,61,233093
96,0.001783,172.253.118.0-255,5020,155521,61,233093
97,0.001785,172.31.40.0-255,66,155587,61,233093
98,0.001812,172.253.118.0-255,1484,157071,61,233093
99,0.001815,172.253.118.0-255,1484,158555,61,233093
100,0.001817,172.31.40.0-255,66,158621,61,233093
101,0.001844,172.253.118.0-255,1484,160105,61,233093
102,0.00185,172.253.118.0-255,5738,165843,61,233093
103,0.001854,172.31.40.0-255,66,165909,61,233093
104,0.001859,172.253.118.0-255,4320,170229,61,233093
105,0.001861,172.31.40.0-255,66,170295,61,233093
106,0.001896,172.31.40.0-255,66,170361,61,233093
107,0.001907,172.31.40.0-255,66,170427,61,233093
108,0.001949,172.253.118.0-255,7156,177583,61,233093
109,0.001952,172.31.40.0-255,66,177649,61,233093
110,0.001978,172.253.118.0-255,1484,179133,61,233093
111,0.001985,172.253.118.0-255,5738,184871,61,233093
112,0.001988,172.31.40.0-255,66,184937,61,233093
113,0.002008,172.31.40.0-255,66,185003,61,233093
114,0.002013,172.253.118.0-255,3602,188605,61,233093
115,0.002016,172.31.40.0-255,66,188671,61,233093
116,0.002071,172.253.118.0-255,1484,190155,61,233093
117,0.002089,172.253.118.0-255,2902,193057,61,233093
118,0.002092,172.31.40.0-255,66,193123,61,233093
119,0.0021,172.253.118.0-255,5738,198861,61,233093
120,0.002102,172.31.40.0-255,66,198927,61,233093
121,0.002105,172.253.118.0-255,1484,200411,61,233093
122,0.002132,172.253.118.0-255,4320,204731,61,233093
123,0.002134,172.31.40.0-255,66,204797,61,233093
124,0.002145,172.31.40.0-255,66,204863,61,233093
125,0.002163,172.253.118.0-255,4320,209183,61,233093
126,0.002173,172.253.118.0-255,5020,214203,61,233093
127,0.002177,172.31.40.0-255,66,214269,61,233093
128,0.00218,172.31.40.0-255,66,214335,61,233093
129,0.002207,172.253.118.0-255,5738,220073,61,233093
130,0.002214,172.31.40.0-255,66,220139,61,233093
131,0.002219,172.253.118.0-255,4320,224459,61,233093
132,0.002222,172.31.40.0-255,66,224525,61,233093
133,0.002285,172.253.118.0-255,4320,228845,61,233093
134,0.002288,172.31.40.0-255,66,228911,61,233093
135,0.002314,172.253.118.0-255,3774,232685,61,233093
136,0.002317,172.31.40.0-255,66,232751,61,233093
137,0.004494,172.253.118.0-255,105,232856,61,233093
138,0.014757,172.31.40.0-255,66,232922,61,233093
139,0.014809,172.31.40.0-255,105,233027,61,233093
140,0.017006,172.253.118.0-255,66,233093,61,233093
141,0.0,172.217.194.0-255,153,153,61,138288
142,1.2e-05,172.31.40.0-255,66,219,61,138288
143,1.7e-05,172.217.194.0-255,1484,1703,61,138288
144,2.1e-05,172.31.40.0-255,66,1769,61,138288
145,4e-05,172.217.194.0-255,2902,4671,61,138288
146,4.3e-05,172.31.40.0-255,66,4737,61,138288
147,4.6e-05,172.217.194.0-255,1484,6221,61,138288
148,4.8e-05,172.31.40.0-255,66,6287,61,138288
149,6.6e-05,172.217.194.0-255,5738,12025,61,138288
150,6.8e-05,172.31.40.0-255,66,12091,61,138288
151,9.6e-05,172.217.194.0-255,3448,15539,61,138288
152,9.8e-05,172.31.40.0-255,66,15605,61,138288
153,0.000112,172.31.40.0-255,66,15671,61,138288
154,0.000148,172.31.40.0-255,66,15737,61,138288
155,0.00017,172.217.194.0-255,6438,22175,61,138288
156,0.000174,172.31.40.0-255,66,22241,61,138288
157,0.000274,172.217.194.0-255,1484,23725,61,138288
158,0.000278,172.31.40.0-255,66,23791,61,138288
159,0.000283,172.217.194.0-255,2902,26693,61,138288
160,0.000286,172.31.40.0-255,66,26759,61,138288
161,0.000291,172.217.194.0-255,4320,31079,61,138288
162,0.000293,172.31.40.0-255,66,31145,61,138288
163,0.000309,172.217.194.0-255,1484,32629,61,138288
164,0.000311,172.31.40.0-255,66,32695,61,138288
165,0.000329,172.217.194.0-255,2902,35597,61,138288
166,0.000331,172.31.40.0-255,66,35663,61,138288
167,0.000362,172.217.194.0-255,4266,39929,61,138288
168,0.000364,172.31.40.0-255,66,39995,61,138288
169,0.000379,172.217.194.0-255,5738,45733,61,138288
170,0.000382,172.31.40.0-255,66,45799,61,138288
171,0.000393,172.217.194.0-255,1484,47283,61,138288
172,0.000402,172.217.194.0-255,7156,54439,61,138288
173,0.000404,172.31.40.0-255,66,54505,61,138288
174,0.000433,172.217.194.0-255,1484,55989,61,138288
175,0.00045,172.31.40.0-255,66,56055,61,138288
176,0.000453,172.217.194.0-255,766,56821,61,138288
177,0.000507,172.217.194.0-255,2902,59723,61,138288
178,0.00051,172.31.40.0-255,66,59789,61,138288
179,0.000547,172.31.40.0-255,66,59855,61,138288
180,0.000562,172.31.40.0-255,66,59921,61,138288
181,0.000573,172.31.40.0-255,66,59987,61,138288
182,0.00061,172.31.40.0-255,66,60053,61,138288
183,0.000819,172.217.194.0-255,1484,61537,61,138288
184,0.000825,172.217.194.0-255,2902,64439,61,138288
185,0.000829,172.31.40.0-255,66,64505,61,138288
186,0.000834,172.217.194.0-255,2902,67407,61,138288
187,0.000836,172.31.40.0-255,66,67473,61,138288
188,0.000853,172.217.194.0-255,2902,70375,61,138288
189,0.000855,172.31.40.0-255,66,70441,61,138288
190,0.000861,172.217.194.0-255,4320,74761,61,138288
191,0.000863,172.31.40.0-255,66,74827,61,138288
192,0.000892,172.31.40.0-255,66,74893,61,138288
193,0.000921,172.217.194.0-255,5738,80631,61,138288
194,0.000924,172.31.40.0-255,66,80697,61,138288
195,0.000941,172.217.194.0-255,5020,85717,61,138288
196,0.000943,172.31.40.0-255,66,85783,61,138288
197,0.001005,172.31.40.0-255,66,85849,61,138288
198,0.001018,172.31.40.0-255,66,85915,61,138288
199,0.001028,172.31.40.0-255,66,85981,61,138288
200,0.001044,172.217.194.0-255,3602,89583,61,138288
201,0.001047,172.31.40.0-255,66,89649,61,138288
202,0.001136,172.217.194.0-255,1484,91133,61,138288
203,0.001143,172.217.194.0-255,2902,94035,61,138288
204,0.001146,172.31.40.0-255,66,94101,61,138288
205,0.001151,172.217.194.0-255,2902,97003,61,138288
206,0.001153,172.31.40.0-255,66,97069,61,138288
207,0.001166,172.217.194.0-255,2902,99971,61,138288
208,0.001169,172.31.40.0-255,66,100037,61,138288
209,0.001174,172.217.194.0-255,4320,104357,61,138288
210,0.001176,172.31.40.0-255,66,104423,61,138288
211,0.001203,172.217.194.0-255,4320,108743,61,138288
212,0.001207,172.31.40.0-255,66,108809,61,138288
213,0.001249,172.31.40.0-255,66,108875,61,138288
214,0.001419,172.217.194.0-255,1484,110359,61,138288
215,0.001426,172.217.194.0-255,2902,113261,61,138288
216,0.001429,172.31.40.0-255,66,113327,61,138288
217,0.001437,172.217.194.0-255,5738,119065,61,138288
218,0.00144,172.31.40.0-255,66,119131,61,138288
219,0.001509,172.31.40.0-255,66,119197,61,138288
220,0.00153,172.217.194.0-255,2902,122099,61,138288
221,0.001533,172.31.40.0-255,66,122165,61,138288
222,0.001544,172.31.40.0-255,66,122231,61,138288
223,0.001567,172.31.40.0-255,66,122297,61,138288
224,0.001579,172.31.40.0-255,66,122363,61,138288
225,0.001602,172.217.194.0-255,4320,126683,61,138288
226,0.001605,172.31.40.0-255,66,126749,61,138288
227,0.001633,172.31.40.0-255,66,126815,61,138288
228,0.001744,172.217.194.0-255,4265,131080,61,138288
229,0.001774,172.217.194.0-255,105,131185,61,138288
230,0.004669,172.31.40.0-255,66,131251,61,138288
231,0.007705,172.31.40.0-255,105,131356,61,138288
232,0.009921,172.217.194.0-255,66,131422,61,138288
233,0.034449,172.31.40.0-255,172,131594,61,138288
234,0.034477,172.31.40.0-255,1120,132714,61,138288
235,0.034548,172.31.40.0-255,1514,134228,61,138288
236,0.03455,172.31.40.0-255,1514,135742,61,138288
237,0.034554,172.31.40.0-255,1514,137256,61,138288
238,0.034556,172.31.40.0-255,768,138024,61,138288
239,0.035976,104.244.42.0-255,66,138090,61,138288
240,0.036043,104.244.42.0-255,66,138156,61,138288
241,0.036118,104.244.42.0-255,66,138222,61,138288
242,0.036122,104.244.42.0-255,66,138288,61,138288
243,0.0,172.217.194.0-255,146,146,61,198379
244,1.7e-05,172.31.40.0-255,66,212,61,198379
245,2.4e-05,172.217.194.0-255,1484,1696,61,198379
246,2.9e-05,172.31.40.0-255,66,1762,61,198379
247,3.4e-05,172.217.194.0-255,2902,4664,61,198379
248,3.7e-05,172.31.40.0-255,66,4730,61,198379
249,4.2e-05,172.217.194.0-255,2902,7632,61,198379
250,4.5e-05,172.31.40.0-255,66,7698,61,198379
251,6.2e-05,172.217.194.0-255,4320,12018,61,198379
252,6.4e-05,172.31.40.0-255,66,12084,61,198379
253,6.8e-05,172.217.194.0-255,2031,14115,61,198379
254,7.1e-05,172.31.40.0-255,66,14181,61,198379
255,0.000162,172.217.194.0-255,1484,15665,61,198379
256,0.000166,172.31.40.0-255,66,15731,61,198379
257,0.000171,172.217.194.0-255,2902,18633,61,198379
258,0.000174,172.31.40.0-255,66,18699,61,198379
259,0.000178,172.217.194.0-255,2902,21601,61,198379
260,0.00018,172.31.40.0-255,66,21667,61,198379
261,0.000201,172.217.194.0-255,2902,24569,61,198379
262,0.000204,172.31.40.0-255,66,24635,61,198379
263,0.000211,172.217.194.0-255,5738,30373,61,198379
264,0.000213,172.31.40.0-255,66,30439,61,198379
265,0.000233,172.217.194.0-255,3961,34400,61,198379
266,0.000236,172.31.40.0-255,66,34466,61,198379
267,0.000248,172.31.40.0-255,66,34532,61,198379
268,0.000309,172.31.40.0-255,66,34598,61,198379
269,0.000311,172.217.194.0-255,411,35009,61,198379
270,0.000313,172.31.40.0-255,66,35075,61,198379
271,0.00041,172.217.194.0-255,1484,36559,61,198379
272,0.000415,172.31.40.0-255,66,36625,61,198379
273,0.00042,172.217.194.0-255,2902,39527,61,198379
274,0.000423,172.31.40.0-255,66,39593,61,198379
275,0.000447,172.217.194.0-255,5738,45331,61,198379
276,0.00045,172.31.40.0-255,66,45397,61,198379
277,0.000456,172.217.194.0-255,4320,49717,61,198379
278,0.000458,172.31.40.0-255,66,49783,61,198379
279,0.000495,172.31.40.0-255,66,49849,61,198379
280,0.000537,172.31.40.0-255,66,49915,61,198379
281,0.000688,172.217.194.0-255,1484,51399,61,198379
282,0.000696,172.217.194.0-255,2902,54301,61,198379
283,0.000699,172.31.40.0-255,66,54367,61,198379
284,0.000723,172.217.194.0-255,5738,60105,61,198379
285,0.000726,172.31.40.0-255,66,60171,61,198379
286,0.000761,172.31.40.0-255,66,60237,61,198379
287,0.000786,172.217.194.0-255,2902,63139,61,198379
288,0.000788,172.31.40.0-255,66,63205,61,198379
289,0.000801,172.31.40.0-255,66,63271,61,198379
290,0.000865,172.217.194.0-255,1484,64755,61,198379
291,0.000878,172.217.194.0-255,1484,66239,61,198379
292,0.000881,172.31.40.0-255,66,66305,61,198379
293,0.000901,172.217.194.0-255,1484,67789,61,198379
294,0.000908,172.217.194.0-255,5738,73527,61,198379
295,0.000911,172.31.40.0-255,66,73593,61,198379
296,0.000918,172.217.194.0-255,7156,80749,61,198379
297,0.00092,172.31.40.0-255,66,80815,61,198379
298,0.000955,172.217.194.0-255,2902,83717,61,198379
299,0.000957,172.31.40.0-255,66,83783,61,198379
300,0.00097,172.31.40.0-255,66,83849,61,198379
301,0.000974,172.217.194.0-255,2184,86033,61,198379
302,0.000977,172.31.40.0-255,66,86099,61,198379
303,0.001024,172.217.194.0-255,1484,87583,61,198379
304,0.00104,172.217.194.0-255,2902,90485,61,198379
305,0.001044,172.31.40.0-255,66,90551,61,198379
306,0.001047,172.217.194.0-255,1484,92035,61,198379
307,0.001069,172.217.194.0-255,4320,96355,61,198379
308,0.001072,172.31.40.0-255,66,96421,61,198379
309,0.001084,172.31.40.0-255,66,96487,61,198379
310,0.00113,172.31.40.0-255,66,96553,61,198379
311,0.00115,172.217.194.0-255,2184,98737,61,198379
312,0.001152,172.31.40.0-255,66,98803,61,198379
313,0.001474,172.217.194.0-255,1484,100287,61,198379
314,0.00148,172.217.194.0-255,2902,103189,61,198379
315,0.001483,172.31.40.0-255,66,103255,61,198379
316,0.001487,172.217.194.0-255,2902,106157,61,198379
317,0.001489,172.31.40.0-255,66,106223,61,198379
318,0.001507,172.217.194.0-255,2902,109125,61,198379
319,0.001512,172.217.194.0-255,5738,114863,61,198379
320,0.001515,172.31.40.0-255,66,114929,61,198379
321,0.001517,172.31.40.0-255,66,114995,61,198379
322,0.001532,172.217.194.0-255,7156,122151,61,198379
323,0.001534,172.31.40.0-255,66,122217,61,198379
324,0.001568,172.217.194.0-255,4320,126537,61,198379
325,0.00157,172.31.40.0-255,66,126603,61,198379
326,0.001598,172.217.194.0-255,6438,133041,61,198379
327,0.0016,172.31.40.0-255,66,133107,61,198379
328,0.001603,172.217.194.0-255,1484,134591,61,198379
329,0.001606,172.217.194.0-255,2902,137493,61,198379
330,0.001608,172.31.40.0-255,66,137559,61,198379
331,0.001613,172.217.194.0-255,5738,143297,61,198379
332,0.001615,172.31.40.0-255,66,143363,61,198379
333,0.001657,172.31.40.0-255,66,143429,61,198379
334,0.001679,172.217.194.0-255,4320,147749,61,198379
335,0.001681,172.31.40.0-255,66,147815,61,198379
336,0.001701,172.217.194.0-255,6438,154253,61,198379
337,0.001704,172.31.40.0-255,66,154319,61,198379
338,0.002005,172.217.194.0-255,1484,155803,61,198379
339,0.00201,172.217.194.0-255,2902,158705,61,198379
340,0.002014,172.31.40.0-255,66,158771,61,198379
341,0.00202,172.217.194.0-255,4320,163091,61,198379
342,0.002022,172.31.40.0-255,66,163157,61,198379
343,0.002035,172.217.194.0-255,1484,164641,61,198379
344,0.00204,172.217.194.0-255,4320,168961,61,198379
345,0.002042,172.31.40.0-255,66,169027,61,198379
346,0.002076,172.31.40.0-255,66,169093,61,198379
347,0.002098,172.217.194.0-255,5738,174831,61,198379
348,0.002101,172.31.40.0-255,66,174897,61,198379
349,0.002124,172.217.194.0-255,2184,177081,61,198379
350,0.002127,172.31.40.0-255,66,177147,61,198379
351,0.002137,172.31.40.0-255,66,177213,61,198379
352,0.002143,172.217.194.0-255,4320,181533,61,198379
353,0.002145,172.31.40.0-255,66,181599,61,198379
354,0.002184,172.31.40.0-255,66,181665,61,198379
355,0.002195,172.31.40.0-255,66,181731,61,198379
356,0.002212,172.217.194.0-255,6438,188169,61,198379
357,0.002215,172.31.40.0-255,66,188235,61,198379
358,0.002226,172.31.40.0-255,66,188301,61,198379
359,0.002242,172.217.194.0-255,2902,191203,61,198379
360,0.002244,172.31.40.0-255,66,191269,61,198379
361,0.002247,172.217.194.0-255,1484,192753,61,198379
362,0.002285,172.31.40.0-255,66,192819,61,198379
363,0.002303,172.217.194.0-255,5020,197839,61,198379
364,0.002305,172.31.40.0-255,66,197905,61,198379
365,0.002317,172.31.40.0-255,66,197971,61,198379
366,0.002364,172.31.40.0-255,66,198037,61,198379
367,0.004637,172.217.194.0-255,105,198142,61,198379
368,0.010514,172.31.40.0-255,66,198208,61,198379
369,0.010564,172.31.40.0-255,105,198313,61,198379
370,0.01283,172.217.194.0-255,66,198379,61,198379
371,0.0,172.217.194.0-255,153,153,61,170548
372,2.5e-05,172.31.40.0-255,66,219,61,170548
373,3.4e-05,172.217.194.0-255,1484,1703,61,170548
374,4e-05,172.31.40.0-255,66,1769,61,170548
375,4.6e-05,172.217.194.0-255,2902,4671,61,170548
376,5e-05,172.31.40.0-255,66,4737,61,170548
377,6.7e-05,172.217.194.0-255,7156,11893,61,170548
378,7.1e-05,172.31.40.0-255,66,11959,61,170548
379,7.6e-05,172.217.194.0-255,2137,14096,61,170548
380,7.9e-05,172.31.40.0-255,66,14162,61,170548
381,0.000179,172.217.194.0-255,1484,15646,61,170548
382,0.000182,172.31.40.0-255,66,15712,61,170548
383,0.000187,172.217.194.0-255,2902,18614,61,170548
384,0.000189,172.31.40.0-255,66,18680,61,170548
385,0.0002,172.217.194.0-255,5738,24418,61,170548
386,0.000203,172.31.40.0-255,66,24484,61,170548
387,0.000231,172.217.194.0-255,2902,27386,61,170548
388,0.000234,172.31.40.0-255,66,27452,61,170548
389,0.00026,172.217.194.0-255,3961,31413,61,170548
390,0.000264,172.31.40.0-255,66,31479,61,170548
391,0.000299,172.217.194.0-255,1484,32963,61,170548
392,0.000302,172.31.40.0-255,66,33029,61,170548
393,0.000306,172.217.194.0-255,2902,35931,61,170548
394,0.000309,172.31.40.0-255,66,35997,61,170548
395,0.000336,172.217.194.0-255,5738,41735,61,170548
396,0.000338,172.31.40.0-255,66,41801,61,170548
397,0.000394,172.217.194.0-255,6797,48598,61,170548
398,0.000397,172.31.40.0-255,66,48664,61,170548
399,0.002637,172.217.194.0-255,5738,54402,61,170548
400,0.002657,172.31.40.0-255,66,54468,61,170548
401,0.004899,172.217.194.0-255,5738,60206,61,170548
402,0.00491,172.31.40.0-255,66,60272,61,170548
403,0.007151,172.217.194.0-255,5738,66010,61,170548
404,0.007168,172.31.40.0-255,66,66076,61,170548
405,0.009385,172.217.194.0-255,5738,71814,61,170548
406,0.009398,172.31.40.0-255,66,71880,61,170548
407,0.011614,172.217.194.0-255,5738,77618,61,170548
408,0.011625,172.31.40.0-255,66,77684,61,170548
409,0.01388,172.217.194.0-255,5738,83422,61,170548
410,0.013897,172.31.40.0-255,66,83488,61,170548
411,0.016183,172.217.194.0-255,5738,89226,61,170548
412,0.016205,172.31.40.0-255,66,89292,61,170548
413,0.018439,172.217.194.0-255,5738,95030,61,170548
414,0.018456,172.31.40.0-255,66,95096,61,170548
415,0.020702,172.217.194.0-255,5738,100834,61,170548
416,0.020714,172.31.40.0-255,66,100900,61,170548
417,0.022932,172.217.194.0-255,5738,106638,61,170548
418,0.022941,172.31.40.0-255,66,106704,61,170548
419,0.02516,172.217.194.0-255,5738,112442,61,170548
420,0.025171,172.31.40.0-255,66,112508,61,170548
421,0.027426,172.217.194.0-255,5738,118246,61,170548
422,0.027436,172.31.40.0-255,66,118312,61,170548
423,0.029674,172.217.194.0-255,5738,124050,61,170548
424,0.029683,172.31.40.0-255,66,124116,61,170548
425,0.031969,172.217.194.0-255,5738,129854,61,170548
426,0.03198,172.31.40.0-255,66,129920,61,170548
427,0.03421,172.217.194.0-255,5738,135658,61,170548
428,0.034219,172.31.40.0-255,66,135724,61,170548
429,0.036477,172.217.194.0-255,5738,141462,61,170548
430,0.036489,172.31.40.0-255,66,141528,61,170548
431,0.03874,172.217.194.0-255,5738,147266,61,170548
432,0.038753,172.31.40.0-255,66,147332,61,170548
433,0.040996,172.217.194.0-255,5738,153070,61,170548
434,0.041006,172.31.40.0-255,66,153136,61,170548
435,0.043244,172.217.194.0-255,5738,158874,61,170548
436,0.043253,172.31.40.0-255,66,158940,61,170548
437,0.045498,172.217.194.0-255,5738,164678,61,170548
438,0.045508,172.31.40.0-255,66,164744,61,170548
439,0.047767,172.217.194.0-255,5738,170482,61,170548
440,0.047783,172.31.40.0-255,66,170548,61,170548
441,0.0,74.125.200.0-255,145,145,61,251480
442,1.8e-05,172.31.40.0-255,66,211,61,251480
443,2.4e-05,74.125.200.0-255,1484,1695,61,251480
444,2.8e-05,172.31.40.0-255,66,1761,61,251480
445,5.1e-05,74.125.200.0-255,2902,4663,61,251480
446,5.5e-05,172.31.40.0-255,66,4729,61,251480
447,6e-05,74.125.200.0-255,2902,7631,61,251480
448,6.2e-05,172.31.40.0-255,66,7697,61,251480
449,8.9e-05,74.125.200.0-255,1484,9181,61,251480
450,9.2e-05,172.31.40.0-255,66,9247,61,251480
451,9.8e-05,74.125.200.0-255,4818,14065,61,251480
452,0.0001,172.31.40.0-255,66,14131,61,251480
453,0.000116,74.125.200.0-255,1484,15615,61,251480
454,0.000118,172.31.40.0-255,66,15681,61,251480
455,0.000144,74.125.200.0-255,4320,20001,61,251480
456,0.000147,172.31.40.0-255,66,20067,61,251480
457,0.000152,74.125.200.0-255,4320,24387,61,251480
458,0.000155,172.31.40.0-255,66,24453,61,251480
459,0.000168,74.125.200.0-255,2902,27355,61,251480
460,0.00017,172.31.40.0-255,66,27421,61,251480
461,0.000195,74.125.200.0-255,3961,31382,61,251480
462,0.000198,172.31.40.0-255,66,31448,61,251480
463,0.000236,74.125.200.0-255,1484,32932,61,251480
464,0.000238,172.31.40.0-255,66,32998,61,251480
465,0.000254,74.125.200.0-255,2902,35900,61,251480
466,0.000257,172.31.40.0-255,66,35966,61,251480
467,0.000278,74.125.200.0-255,5738,41704,61,251480
468,0.000281,172.31.40.0-255,66,41770,61,251480
469,0.000304,74.125.200.0-255,7156,48926,61,251480
470,0.000307,172.31.40.0-255,66,48992,61,251480
471,0.000328,74.125.200.0-255,4320,53312,61,251480
472,0.00033,172.31.40.0-255,66,53378,61,251480
473,0.000358,172.31.40.0-255,66,53444,61,251480
474,0.000375,74.125.200.0-255,2902,56346,61,251480
475,0.000378,172.31.40.0-255,66,56412,61,251480
476,0.000398,74.125.200.0-255,766,57178,61,251480
477,0.000424,74.125.200.0-255,396,57574,61,251480
478,0.000447,74.125.200.0-255,114,57688,61,251480
479,0.000501,74.125.200.0-255,1484,59172,61,251480
480,0.000505,172.31.40.0-255,66,59238,61,251480
481,0.000538,74.125.200.0-255,2902,62140,61,251480
482,0.000541,172.31.40.0-255,66,62206,61,251480
483,0.000545,74.125.200.0-255,2902,65108,61,251480
484,0.000548,172.31.40.0-255,66,65174,61,251480
485,0.000553,74.125.200.0-255,4320,69494,61,251480
486,0.000555,172.31.40.0-255,66,69560,61,251480
487,0.00059,172.31.40.0-255,66,69626,61,251480
488,0.000601,172.31.40.0-255,66,69692,61,251480
489,0.000646,74.125.200.0-255,5283,74975,61,251480
490,0.000649,172.31.40.0-255,66,75041,61,251480
491,0.001096,74.125.200.0-255,1484,76525,61,251480
492,0.001114,74.125.200.0-255,2902,79427,61,251480
493,0.001117,172.31.40.0-255,66,79493,61,251480
494,0.001123,74.125.200.0-255,5738,85231,61,251480
495,0.001125,172.31.40.0-255,66,85297,61,251480
496,0.001138,74.125.200.0-255,2902,88199,61,251480
497,0.00114,172.31.40.0-255,66,88265,61,251480
498,0.001155,74.125.200.0-255,1484,89749,61,251480
499,0.001179,172.31.40.0-255,66,89815,61,251480
500,0.001184,74.125.200.0-255,4320,94135,61,251480
501,0.001187,172.31.40.0-255,66,94201,61,251480
502,0.001198,74.125.200.0-255,1484,95685,61,251480
503,0.001242,74.125.200.0-255,5020,100705,61,251480
504,0.001245,172.31.40.0-255,66,100771,61,251480
505,0.002059,74.125.200.0-255,1484,102255,61,251480
506,0.002069,74.125.200.0-255,2902,105157,61,251480
507,0.002074,172.31.40.0-255,66,105223,61,251480
508,0.002079,74.125.200.0-255,1484,106707,61,251480
509,0.002106,74.125.200.0-255,2902,109609,61,251480
510,0.002108,172.31.40.0-255,66,109675,61,251480
511,0.002115,74.125.200.0-255,5738,115413,61,251480
512,0.002117,172.31.40.0-255,66,115479,61,251480
513,0.002169,172.31.40.0-255,66,115545,61,251480
514,0.002181,172.31.40.0-255,66,115611,61,251480
515,0.002184,74.125.200.0-255,766,116377,61,251480
516,0.0023,74.125.200.0-255,1484,117861,61,251480
517,0.002305,172.31.40.0-255,66,117927,61,251480
518,0.002311,74.125.200.0-255,2902,120829,61,251480
519,0.002313,172.31.40.0-255,66,120895,61,251480
520,0.002341,74.125.200.0-255,4320,125215,61,251480
521,0.002344,172.31.40.0-255,66,125281,61,251480
522,0.002351,74.125.200.0-255,5738,131019,61,251480
523,0.002353,172.31.40.0-255,66,131085,61,251480
524,0.002406,172.31.40.0-255,66,131151,61,251480
525,0.002413,74.125.200.0-255,5738,136889,61,251480
526,0.002415,172.31.40.0-255,66,136955,61,251480
527,0.002438,74.125.200.0-255,2184,139139,61,251480
528,0.002441,172.31.40.0-255,66,139205,61,251480
529,0.004942,74.125.200.0-255,2902,142107,61,251480
530,0.004948,172.31.40.0-255,66,142173,61,251480
531,0.004969,74.125.200.0-255,2902,145075,61,251480
532,0.004971,172.31.40.0-255,66,145141,61,251480
533,0.007523,74.125.200.0-255,4320,149461,61,251480
534,0.007528,172.31.40.0-255,66,149527,61,251480
535,0.00755,74.125.200.0-255,1484,151011,61,251480
536,0.010063,74.125.200.0-255,4320,155331,61,251480
537,0.010071,172.31.40.0-255,66,155397,61,251480
538,0.012629,74.125.200.0-255,5738,161135,61,251480
539,0.012636,172.31.40.0-255,66,161201,61,251480
540,0.015182,74.125.200.0-255,5738,166939,61,251480
541,0.015189,172.31.40.0-255,66,167005,61,251480
542,0.017736,74.125.200.0-255,5738,172743,61,251480
543,0.017747,172.31.40.0-255,66,172809,61,251480
544,0.020291,74.125.200.0-255,5738,178547,61,251480
545,0.020299,172.31.40.0-255,66,178613,61,251480
546,0.022866,74.125.200.0-255,5738,184351,61,251480
547,0.022873,172.31.40.0-255,66,184417,61,251480
548,0.025413,74.125.200.0-255,5738,190155,61,251480
549,0.02542,172.31.40.0-255,66,190221,61,251480
550,0.027954,74.125.200.0-255,5738,195959,61,251480
551,0.027961,172.31.40.0-255,66,196025,61,251480
552,0.030496,74.125.200.0-255,5738,201763,61,251480
553,0.030505,172.31.40.0-255,66,201829,61,251480
554,0.033042,74.125.200.0-255,5738,207567,61,251480
555,0.033051,172.31.40.0-255,66,207633,61,251480
556,0.035591,74.125.200.0-255,5738,213371,61,251480
557,0.035598,172.31.40.0-255,66,213437,61,251480
558,0.035604,172.31.40.0-255,172,213609,61,251480
559,0.035638,172.31.40.0-255,1120,214729,61,251480
560,0.035705,172.31.40.0-255,1514,216243,61,251480
561,0.035707,172.31.40.0-255,1514,217757,61,251480
562,0.035712,172.31.40.0-255,1514,219271,61,251480
563,0.035714,172.31.40.0-255,1514,220785,61,251480
564,0.035733,172.31.40.0-255,1477,222262,61,251480
565,0.03719,104.244.42.0-255,66,222328,61,251480
566,0.037286,104.244.42.0-255,66,222394,61,251480
567,0.037292,104.244.42.0-255,66,222460,61,251480
568,0.038187,74.125.200.0-255,5738,228198,61,251480
569,0.038193,172.31.40.0-255,66,228264,61,251480
570,0.040748,74.125.200.0-255,5738,234002,61,251480
571,0.040754,172.31.40.0-255,66,234068,61,251480
572,0.043299,74.125.200.0-255,5738,239806,61,251480
573,0.043306,172.31.40.0-255,66,239872,61,251480
574,0.045853,74.125.200.0-255,5738,245610,61,251480
575,0.045859,172.31.40.0-255,66,245676,61,251480
576,0.048401,74.125.200.0-255,5738,251414,61,251480
577,0.048411,172.31.40.0-255,66,251480,61,251480
578,0.0,172.217.194.0-255,153,153,61,203704
579,2e-05,172.31.40.0-255,66,219,61,203704
580,2.7e-05,172.217.194.0-255,1484,1703,61,203704
581,3.1e-05,172.31.40.0-255,66,1769,61,203704
582,3.6e-05,172.217.194.0-255,2902,4671,61,203704
583,3.9e-05,172.31.40.0-255,66,4737,61,203704
584,4.7e-05,172.217.194.0-255,7156,11893,61,203704
585,5e-05,172.31.40.0-255,66,11959,61,203704
586,7e-05,172.217.194.0-255,1992,13951,61,203704
587,7.2e-05,172.31.40.0-255,66,14017,61,203704
588,0.000389,172.217.194.0-255,1484,15501,61,203704
589,0.000394,172.31.40.0-255,66,15567,61,203704
590,0.000402,172.217.194.0-255,2902,18469,61,203704
591,0.000406,172.31.40.0-255,66,18535,61,203704
592,0.000434,172.217.194.0-255,5738,24273,61,203704
593,0.000438,172.31.40.0-255,66,24339,61,203704
594,0.000474,172.217.194.0-255,2902,27241,61,203704
595,0.000477,172.31.40.0-255,66,27307,61,203704
596,0.000499,172.217.194.0-255,3961,31268,61,203704
597,0.000502,172.31.40.0-255,66,31334,61,203704
598,0.000796,172.217.194.0-255,1484,32818,61,203704
599,0.000801,172.31.40.0-255,66,32884,61,203704
600,0.000809,172.217.194.0-255,2902,35786,61,203704
601,0.00081,172.31.40.0-255,66,35852,61,203704
602,0.000813,172.217.194.0-255,1484,37336,61,203704
603,0.000815,172.31.40.0-255,66,37402,61,203704
604,0.000832,172.217.194.0-255,2902,40304,61,203704
605,0.000834,172.31.40.0-255,66,40370,61,203704
606,0.000853,172.217.194.0-255,1484,41854,61,203704
607,0.000855,172.31.40.0-255,66,41920,61,203704
608,0.000878,172.31.40.0-255,66,41986,61,203704
609,0.000883,172.217.194.0-255,5738,47724,61,203704
610,0.000885,172.31.40.0-255,66,47790,61,203704
611,0.000935,172.217.194.0-255,5738,53528,61,203704
612,0.000938,172.31.40.0-255,66,53594,61,203704
613,0.000958,172.217.194.0-255,3961,57555,61,203704
614,0.000961,172.31.40.0-255,66,57621,61,203704
615,0.001659,172.217.194.0-255,645,58266,61,203704
616,0.00177,172.217.194.0-255,1484,59750,61,203704
617,0.001774,172.31.40.0-255,66,59816,61,203704
618,0.001789,172.217.194.0-255,2902,62718,61,203704
619,0.001792,172.31.40.0-255,66,62784,61,203704
620,0.001794,172.217.194.0-255,1484,64268,61,203704
621,0.001822,172.217.194.0-255,4320,68588,61,203704
622,0.001825,172.31.40.0-255,66,68654,61,203704
623,0.001836,172.31.40.0-255,66,68720,61,203704
624,0.001863,172.31.40.0-255,66,68786,61,203704
625,0.002285,172.217.194.0-255,1484,70270,61,203704
626,0.00229,172.217.194.0-255,2902,73172,61,203704
627,0.002292,172.31.40.0-255,66,73238,61,203704
628,0.002304,172.217.194.0-255,1484,74722,61,203704
629,0.002321,172.217.194.0-255,4320,79042,61,203704
630,0.002323,172.31.40.0-255,66,79108,61,203704
631,0.002372,172.31.40.0-255,66,79174,61,203704
632,0.002405,172.217.194.0-255,7156,86330,61,203704
633,0.002407,172.31.40.0-255,66,86396,61,203704
634,0.002424,172.217.194.0-255,2902,89298,61,203704
635,0.002426,172.31.40.0-255,66,89364,61,203704
636,0.002429,172.217.194.0-255,766,90130,61,203704
637,0.002488,172.217.194.0-255,1484,91614,61,203704
638,0.00249,172.31.40.0-255,66,91680,61,203704
639,0.002509,172.217.194.0-255,2902,94582,61,203704
640,0.002511,172.31.40.0-255,66,94648,61,203704
641,0.002517,172.217.194.0-255,5738,100386,61,203704
642,0.002519,172.31.40.0-255,66,100452,61,203704
643,0.002559,172.31.40.0-255,66,100518,61,203704
644,0.002587,172.31.40.0-255,66,100584,61,203704
645,0.005149,172.217.194.0-255,4320,104904,61,203704
646,0.005152,172.31.40.0-255,66,104970,61,203704
647,0.005169,172.217.194.0-255,1484,106454,61,203704
648,0.007706,172.217.194.0-255,4320,110774,61,203704
649,0.007713,172.31.40.0-255,66,110840,61,203704
650,0.010252,172.217.194.0-255,5738,116578,61,203704
651,0.010263,172.31.40.0-255,66,116644,61,203704
652,0.012834,172.217.194.0-255,5738,122382,61,203704
653,0.012844,172.31.40.0-255,66,122448,61,203704
654,0.015407,172.217.194.0-255,5738,128186,61,203704
655,0.015418,172.31.40.0-255,66,128252,61,203704
656,0.017988,172.217.194.0-255,5738,133990,61,203704
657,0.017997,172.31.40.0-255,66,134056,61,203704
658,0.020557,172.217.194.0-255,5738,139794,61,203704
659,0.020564,172.31.40.0-255,66,139860,61,203704
660,0.023117,172.217.194.0-255,5738,145598,61,203704
661,0.023124,172.31.40.0-255,66,145664,61,203704
662,0.025679,172.217.194.0-255,5738,151402,61,203704
663,0.025688,172.31.40.0-255,66,151468,61,203704
664,0.028234,172.217.194.0-255,5738,157206,61,203704
665,0.028242,172.31.40.0-255,66,157272,61,203704
666,0.0308,172.217.194.0-255,5738,163010,61,203704
667,0.030807,172.31.40.0-255,66,163076,61,203704
668,0.033361,172.217.194.0-255,5738,168814,61,203704
669,0.03337,172.31.40.0-255,66,168880,61,203704
670,0.035905,172.217.194.0-255,5738,174618,61,203704
671,0.035912,172.31.40.0-255,66,174684,61,203704
672,0.038454,172.217.194.0-255,5738,180422,61,203704
673,0.038463,172.31.40.0-255,66,180488,61,203704
674,0.041037,172.217.194.0-255,5738,186226,61,203704
675,0.041045,172.31.40.0-255,66,186292,61,203704
676,0.043576,172.217.194.0-255,5738,192030,61,203704
677,0.043603,172.31.40.0-255,66,192096,61,203704
678,0.046164,172.217.194.0-255,5738,197834,61,203704
679,0.046173,172.31.40.0-255,66,197900,61,203704
680,0.048727,172.217.194.0-255,5738,203638,61,203704
681,0.048736,172.31.40.0-255,66,203704,61,203704
682,0.0,74.125.200.0-255,152,152,61,329763
683,2.1e-05,172.31.40.0-255,66,218,61,329763
684,2.8e-05,74.125.200.0-255,1484,1702,61,329763
685,3.2e-05,172.31.40.0-255,66,1768,61,329763
686,3.8e-05,74.125.200.0-255,2902,4670,61,329763
687,4.2e-05,172.31.40.0-255,66,4736,61,329763
688,6.8e-05,74.125.200.0-255,1484,6220,61,329763
689,7.1e-05,172.31.40.0-255,66,6286,61,329763
690,8.6e-05,74.125.200.0-255,2902,9188,61,329763
691,8.9e-05,172.31.40.0-255,66,9254,61,329763
692,0.000123,74.125.200.0-255,6283,15537,61,329763
693,0.000126,172.31.40.0-255,66,15603,61,329763
694,0.000129,74.125.200.0-255,1484,17087,61,329763
695,0.000131,172.31.40.0-255,66,17153,61,329763
696,0.00015,74.125.200.0-255,5738,22891,61,329763
697,0.000153,172.31.40.0-255,66,22957,61,329763
698,0.000166,74.125.200.0-255,2902,25859,61,329763
699,0.000168,172.31.40.0-255,66,25925,61,329763
700,0.000188,74.125.200.0-255,5379,31304,61,329763
701,0.000192,172.31.40.0-255,66,31370,61,329763
702,0.000246,74.125.200.0-255,1484,32854,61,329763
703,0.000249,172.31.40.0-255,66,32920,61,329763
704,0.000252,74.125.200.0-255,1484,34404,61,329763
705,0.000254,172.31.40.0-255,66,34470,61,329763
706,0.00027,74.125.200.0-255,1484,35954,61,329763
707,0.000273,172.31.40.0-255,66,36020,61,329763
708,0.000276,74.125.200.0-255,1484,37504,61,329763
709,0.000278,172.31.40.0-255,66,37570,61,329763
710,0.000285,74.125.200.0-255,5738,43308,61,329763
711,0.000287,172.31.40.0-255,66,43374,61,329763
712,0.000339,172.31.40.0-255,66,43440,61,329763
713,0.000353,74.125.200.0-255,2543,45983,61,329763
714,0.000356,172.31.40.0-255,66,46049,61,329763
715,0.000373,74.125.200.0-255,4320,50369,61,329763
716,0.000375,172.31.40.0-255,66,50435,61,329763
717,0.000392,74.125.200.0-255,4269,54704,61,329763
718,0.000394,172.31.40.0-255,66,54770,61,329763
719,0.000397,74.125.200.0-255,115,54885,61,329763
720,0.000498,74.125.200.0-255,1484,56369,61,329763
721,0.000502,172.31.40.0-255,66,56435,61,329763
722,0.000507,74.125.200.0-255,2902,59337,61,329763
723,0.00051,172.31.40.0-255,66,59403,61,329763
724,0.000523,74.125.200.0-255,2902,62305,61,329763
725,0.000526,172.31.40.0-255,66,62371,61,329763
726,0.000529,74.125.200.0-255,1484,63855,61,329763
727,0.000544,74.125.200.0-255,2902,66757,61,329763
728,0.000546,172.31.40.0-255,66,66823,61,329763
729,0.000574,172.31.40.0-255,66,66889,61,329763
730,0.000578,74.125.200.0-255,2902,69791,61,329763
731,0.00058,172.31.40.0-255,66,69857,61,329763
732,0.000631,74.125.200.0-255,5738,75595,61,329763
733,0.000634,172.31.40.0-255,66,75661,61,329763
734,0.000653,74.125.200.0-255,4202,79863,61,329763
735,0.000656,172.31.40.0-255,66,79929,61,329763
736,0.000915,74.125.200.0-255,1484,81413,61,329763
737,0.000929,74.125.200.0-255,2902,84315,61,329763
738,0.000932,172.31.40.0-255,66,84381,61,329763
739,0.000954,74.125.200.0-255,4320,88701,61,329763
740,0.000957,172.31.40.0-255,66,88767,61,329763
741,0.000968,172.31.40.0-255,66,88833,61,329763
742,0.000989,74.125.200.0-255,5738,94571,61,329763
743,0.000992,172.31.40.0-255,66,94637,61,329763
744,0.001032,74.125.200.0-255,7156,101793,61,329763
745,0.001036,172.31.40.0-255,66,101859,61,329763
746,0.001083,74.125.200.0-255,3602,105461,61,329763
747,0.001086,172.31.40.0-255,66,105527,61,329763
748,0.001122,74.125.200.0-255,2902,108429,61,329763
749,0.001124,172.31.40.0-255,66,108495,61,329763
750,0.001143,74.125.200.0-255,1484,109979,61,329763
751,0.001148,74.125.200.0-255,2902,112881,61,329763
752,0.00115,172.31.40.0-255,66,112947,61,329763
753,0.001156,74.125.200.0-255,4320,117267,61,329763
754,0.001158,172.31.40.0-255,66,117333,61,329763
755,0.001199,74.125.200.0-255,1484,118817,61,329763
756,0.001229,74.125.200.0-255,2902,121719,61,329763
757,0.001232,172.31.40.0-255,66,121785,61,329763
758,0.001252,74.125.200.0-255,1484,123269,61,329763
759,0.001256,74.125.200.0-255,2902,126171,61,329763
760,0.001259,172.31.40.0-255,66,126237,61,329763
761,0.001279,74.125.200.0-255,5738,131975,61,329763
762,0.001282,172.31.40.0-255,66,132041,61,329763
763,0.001287,74.125.200.0-255,4320,136361,61,329763
764,0.001289,172.31.40.0-255,66,136427,61,329763
765,0.001311,74.125.200.0-255,5020,141447,61,329763
766,0.001313,172.31.40.0-255,66,141513,61,329763
767,0.001352,172.31.40.0-255,66,141579,61,329763
768,0.001374,172.31.40.0-255,66,141645,61,329763
769,0.001411,172.31.40.0-255,66,141711,61,329763
770,0.001434,74.125.200.0-255,2184,143895,61,329763
771,0.001437,172.31.40.0-255,66,143961,61,329763
772,0.001518,74.125.200.0-255,1484,145445,61,329763
773,0.001522,74.125.200.0-255,1484,146929,61,329763
774,0.001524,172.31.40.0-255,66,146995,61,329763
775,0.001544,74.125.200.0-255,1484,148479,61,329763
776,0.001547,74.125.200.0-255,1484,149963,61,329763
777,0.001549,172.31.40.0-255,66,150029,61,329763
778,0.001553,74.125.200.0-255,2902,152931,61,329763
779,0.001556,172.31.40.0-255,66,152997,61,329763
780,0.001589,74.125.200.0-255,5738,158735,61,329763
781,0.001593,172.31.40.0-255,66,158801,61,329763
782,0.001621,74.125.200.0-255,1484,160285,61,329763
783,0.001635,74.125.200.0-255,5738,166023,61,329763
784,0.001638,172.31.40.0-255,66,166089,61,329763
785,0.00164,74.125.200.0-255,1484,167573,61,329763
786,0.001658,74.125.200.0-255,2902,170475,61,329763
787,0.001661,172.31.40.0-255,66,170541,61,329763
788,0.001681,74.125.200.0-255,5738,176279,61,329763
789,0.001684,172.31.40.0-255,66,176345,61,329763
790,0.001718,74.125.200.0-255,2184,178529,61,329763
791,0.001721,172.31.40.0-255,66,178595,61,329763
792,0.001893,74.125.200.0-255,1484,180079,61,329763
793,0.001899,74.125.200.0-255,2902,182981,61,329763
794,0.001902,172.31.40.0-255,66,183047,61,329763
795,0.001948,74.125.200.0-255,5738,188785,61,329763
796,0.001951,172.31.40.0-255,66,188851,61,329763
797,0.001975,172.31.40.0-255,66,188917,61,329763
798,0.001978,74.125.200.0-255,1484,190401,61,329763
799,0.002012,172.31.40.0-255,66,190467,61,329763
800,0.003968,74.125.200.0-255,5738,196205,61,329763
801,0.003976,172.31.40.0-255,66,196271,61,329763
802,0.005938,74.125.200.0-255,5738,202009,61,329763
803,0.005943,172.31.40.0-255,66,202075,61,329763
804,0.007905,74.125.200.0-255,5738,207813,61,329763
805,0.007921,172.31.40.0-255,66,207879,61,329763
806,0.009889,74.125.200.0-255,5738,213617,61,329763
807,0.009903,172.31.40.0-255,66,213683,61,329763
808,0.011873,74.125.200.0-255,5738,219421,61,329763
809,0.01188,172.31.40.0-255,66,219487,61,329763
810,0.01384,74.125.200.0-255,5738,225225,61,329763
811,0.013854,172.31.40.0-255,66,225291,61,329763
812,0.01581,74.125.200.0-255,5738,231029,61,329763
813,0.015818,172.31.40.0-255,66,231095,61,329763
814,0.01779,74.125.200.0-255,5738,236833,61,329763
815,0.017799,172.31.40.0-255,66,236899,61,329763
816,0.019791,74.125.200.0-255,5738,242637,61,329763
817,0.019798,172.31.40.0-255,66,242703,61,329763
818,0.021761,74.125.200.0-255,5738,248441,61,329763
819,0.021768,172.31.40.0-255,66,248507,61,329763
820,0.023765,74.125.200.0-255,5738,254245,61,329763
821,0.023772,172.31.40.0-255,66,254311,61,329763
822,0.025743,74.125.200.0-255,5738,260049,61,329763
823,0.025753,172.31.40.0-255,66,260115,61,329763
824,0.02772,74.125.200.0-255,5738,265853,61,329763
825,0.027728,172.31.40.0-255,66,265919,61,329763
826,0.029708,74.125.200.0-255,5738,271657,61,329763
827,0.029723,172.31.40.0-255,66,271723,61,329763
828,0.031687,74.125.200.0-255,5738,277461,61,329763
829,0.031695,172.31.40.0-255,66,277527,61,329763
830,0.033681,74.125.200.0-255,5738,283265,61,329763
831,0.033699,172.31.40.0-255,66,283331,61,329763
832,0.03566,74.125.200.0-255,5738,289069,61,329763
833,0.035666,172.31.40.0-255,66,289135,61,329763
834,0.037634,74.125.200.0-255,5738,294873,61,329763
835,0.03764,172.31.40.0-255,66,294939,61,329763
836,0.039613,74.125.200.0-255,5738,300677,61,329763
837,0.039623,172.31.40.0-255,66,300743,61,329763
838,0.041598,74.125.200.0-255,5738,306481,61,329763
839,0.041611,172.31.40.0-255,66,306547,61,329763
840,0.043565,74.125.200.0-255,5738,312285,61,329763
841,0.043578,172.31.40.0-255,66,312351,61,329763
842,0.045568,74.125.200.0-255,5738,318089,61,329763
843,0.045584,172.31.40.0-255,66,318155,61,329763
844,0.047549,74.125.200.0-255,5738,323893,61,329763
845,0.047558,172.31.40.0-255,66,323959,61,329763
846,0.049538,74.125.200.0-255,5738,329697,61,329763
847,0.049552,172.31.40.0-255,66,329763,61,329763
848,0.0,74.125.24.0-255,152,152,61,218432
849,5.2e-05,172.31.40.0-255,66,218,61,218432
850,6e-05,74.125.24.0-255,1484,1702,61,218432
851,6.6e-05,172.31.40.0-255,66,1768,61,218432
852,7.2e-05,74.125.24.0-255,2902,4670,61,218432
853,8.4e-05,172.31.40.0-255,66,4736,61,218432
854,9.2e-05,74.125.24.0-255,7156,11892,61,218432
855,9.4e-05,172.31.40.0-255,66,11958,61,218432
856,9.8e-05,74.125.24.0-255,1950,13908,61,218432
857,0.000101,172.31.40.0-255,66,13974,61,218432
858,0.000105,74.125.24.0-255,2902,16876,61,218432
859,0.000108,172.31.40.0-255,66,16942,61,218432
860,0.000115,74.125.24.0-255,7156,24098,61,218432
861,0.000118,172.31.40.0-255,66,24164,61,218432
862,0.000124,74.125.24.0-255,6797,30961,61,218432
863,0.000126,172.31.40.0-255,66,31027,61,218432
864,0.000161,74.125.24.0-255,1484,32511,61,218432
865,0.000164,172.31.40.0-255,66,32577,61,218432
866,0.000168,74.125.24.0-255,2902,35479,61,218432
867,0.00017,172.31.40.0-255,66,35545,61,218432
868,0.000176,74.125.24.0-255,5738,41283,61,218432
869,0.000183,172.31.40.0-255,66,41349,61,218432
870,0.000187,74.125.24.0-255,1484,42833,61,218432
871,0.000189,172.31.40.0-255,66,42899,61,218432
872,0.000226,74.125.24.0-255,5379,48278,61,218432
873,0.000229,172.31.40.0-255,66,48344,61,218432
874,0.000251,74.125.24.0-255,5738,54082,61,218432
875,0.000254,172.31.40.0-255,66,54148,61,218432
876,0.000259,74.125.24.0-255,4320,58468,61,218432
877,0.000261,172.31.40.0-255,66,58534,61,218432
878,0.000286,74.125.24.0-255,2902,61436,61,218432
879,0.000292,172.31.40.0-255,66,61502,61,218432
880,0.000299,74.125.24.0-255,4340,65842,61,218432
881,0.000301,172.31.40.0-255,66,65908,61,218432
882,0.000348,74.125.24.0-255,331,66239,61,218432
883,0.000629,74.125.24.0-255,1484,67723,61,218432
884,0.000636,172.31.40.0-255,66,67789,61,218432
885,0.000642,74.125.24.0-255,2902,70691,61,218432
886,0.000644,172.31.40.0-255,66,70757,61,218432
887,0.000651,74.125.24.0-255,5738,76495,61,218432
888,0.000653,172.31.40.0-255,66,76561,61,218432
889,0.000657,74.125.24.0-255,2902,79463,61,218432
890,0.000659,172.31.40.0-255,66,79529,61,218432
891,0.000669,74.125.24.0-255,2902,82431,61,218432
892,0.000671,172.31.40.0-255,66,82497,61,218432
893,0.000712,74.125.24.0-255,7156,89653,61,218432
894,0.000715,172.31.40.0-255,66,89719,61,218432
895,0.000733,172.31.40.0-255,66,89785,61,218432
896,0.00099,74.125.24.0-255,1484,91269,61,218432
897,0.000996,74.125.24.0-255,2902,94171,61,218432
898,0.001,172.31.40.0-255,66,94237,61,218432
899,0.001007,74.125.24.0-255,5738,99975,61,218432
900,0.001009,172.31.40.0-255,66,100041,61,218432
901,0.001058,172.31.40.0-255,66,100107,61,218432
902,0.001078,74.125.24.0-255,2902,103009,61,218432
903,0.00108,172.31.40.0-255,66,103075,61,218432
904,0.001115,172.31.40.0-255,66,103141,61,218432
905,0.001204,74.125.24.0-255,1484,104625,61,218432
906,0.001207,74.125.24.0-255,1484,106109,61,218432
907,0.001219,172.31.40.0-255,66,106175,61,218432
908,0.001223,74.125.24.0-255,1484,107659,61,218432
909,0.001229,74.125.24.0-255,5738,113397,61,218432
910,0.001231,172.31.40.0-255,66,113463,61,218432
911,0.001267,172.31.40.0-255,66,113529,61,218432
912,0.00127,74.125.24.0-255,1484,115013,61,218432
913,0.001307,74.125.24.0-255,2902,117915,61,218432
914,0.00131,172.31.40.0-255,66,117981,61,218432
915,0.00133,74.125.24.0-255,6438,124419,61,218432
916,0.001333,172.31.40.0-255,66,124485,61,218432
917,0.001338,74.125.24.0-255,2902,127387,61,218432
918,0.00134,172.31.40.0-255,66,127453,61,218432
919,0.001377,74.125.24.0-255,7156,134609,61,218432
920,0.00138,172.31.40.0-255,66,134675,61,218432
921,0.001403,172.31.40.0-255,66,134741,61,218432
922,0.001428,74.125.24.0-255,1484,136225,61,218432
923,0.001433,74.125.24.0-255,2184,138409,61,218432
924,0.001435,172.31.40.0-255,66,138475,61,218432
925,0.001439,74.125.24.0-255,2902,141377,61,218432
926,0.001441,172.31.40.0-255,66,141443,61,218432
927,0.001445,74.125.24.0-255,1484,142927,61,218432
928,0.001466,74.125.24.0-255,5738,148665,61,218432
929,0.001474,172.31.40.0-255,66,148731,61,218432
930,0.00148,74.125.24.0-255,5738,154469,61,218432
931,0.001482,172.31.40.0-255,66,154535,61,218432
932,0.001527,74.125.24.0-255,3602,158137,61,218432
933,0.001532,172.31.40.0-255,66,158203,61,218432
934,0.001535,172.31.40.0-255,66,158269,61,218432
935,0.001585,74.125.24.0-255,4320,162589,61,218432
936,0.001589,172.31.40.0-255,66,162655,61,218432
937,0.001594,74.125.24.0-255,2902,165557,61,218432
938,0.001595,172.31.40.0-255,66,165623,61,218432
939,0.001617,74.125.24.0-255,1484,167107,61,218432
940,0.001688,74.125.24.0-255,1484,168591,61,218432
941,0.001699,172.31.40.0-255,66,168657,61,218432
942,0.001703,172.31.40.0-255,66,168723,61,218432
943,0.001717,172.31.40.0-255,66,168789,61,218432
944,0.001748,74.125.24.0-255,5738,174527,61,218432
945,0.001753,172.31.40.0-255,66,174593,61,218432
946,0.001755,172.31.40.0-255,66,174659,61,218432
947,0.001756,172.31.40.0-255,66,174725,61,218432
948,0.00178,74.125.24.0-255,4320,179045,61,218432
949,0.001792,172.31.40.0-255,66,179111,61,218432
950,0.001805,172.31.40.0-255,66,179177,61,218432
951,0.001838,172.31.40.0-255,66,179243,61,218432
952,0.002076,74.125.24.0-255,1484,180727,61,218432
953,0.00208,74.125.24.0-255,1484,182211,61,218432
954,0.002084,172.31.40.0-255,66,182277,61,218432
955,0.002117,74.125.24.0-255,1484,183761,61,218432
956,0.002129,74.125.24.0-255,5738,189499,61,218432
957,0.002132,172.31.40.0-255,66,189565,61,218432
958,0.002144,172.31.40.0-255,66,189631,61,218432
959,0.002151,74.125.24.0-255,7156,196787,61,218432
960,0.002153,172.31.40.0-255,66,196853,61,218432
961,0.002176,74.125.24.0-255,4320,201173,61,218432
962,0.002179,172.31.40.0-255,66,201239,61,218432
963,0.002215,74.125.24.0-255,766,202005,61,218432
964,0.002222,74.125.24.0-255,5738,207743,61,218432
965,0.002224,172.31.40.0-255,66,207809,61,218432
966,0.002237,172.31.40.0-255,66,207875,61,218432
967,0.002257,172.31.40.0-255,66,207941,61,218432
968,0.002282,74.125.24.0-255,5738,213679,61,218432
969,0.002287,172.31.40.0-255,66,213745,61,218432
970,0.002335,172.31.40.0-255,66,213811,61,218432
971,0.004558,74.125.24.0-255,105,213916,61,218432
972,0.011193,172.31.40.0-255,66,213982,61,218432
973,0.011234,172.31.40.0-255,105,214087,61,218432
974,0.013484,74.125.24.0-255,66,214153,61,218432
975,0.042343,172.31.40.0-255,172,214325,61,218432
976,0.042374,172.31.40.0-255,1119,215444,61,218432
977,0.042429,172.31.40.0-255,1514,216958,61,218432
978,0.04245,172.31.40.0-255,1276,218234,61,218432
979,0.043833,104.244.42.0-255,66,218300,61,218432
980,0.043863,104.244.42.0-255,66,218366,61,218432
981,0.043946,104.244.42.0-255,66,218432,61,218432
982,0.0,74.125.24.0-255,153,153,61,207242
983,2.3e-05,172.31.40.0-255,66,219,61,207242
984,3.1e-05,74.125.24.0-255,1484,1703,61,207242
985,3.5e-05,172.31.40.0-255,66,1769,61,207242
986,4e-05,74.125.24.0-255,2902,4671,61,207242
987,4.5e-05,172.31.40.0-255,66,4737,61,207242
988,5.2e-05,74.125.24.0-255,7156,11893,61,207242
989,5.6e-05,172.31.40.0-255,66,11959,61,207242
990,7.9e-05,74.125.24.0-255,1999,13958,61,207242
991,8.2e-05,172.31.40.0-255,66,14024,61,207242
992,0.000173,74.125.24.0-255,1484,15508,61,207242
993,0.000176,172.31.40.0-255,66,15574,61,207242
994,0.000199,74.125.24.0-255,2902,18476,61,207242
995,0.000203,172.31.40.0-255,66,18542,61,207242
996,0.000209,74.125.24.0-255,4320,22862,61,207242
997,0.000212,172.31.40.0-255,66,22928,61,207242
998,0.000234,74.125.24.0-255,1484,24412,61,207242
999,0.000236,172.31.40.0-255,66,24478,61,207242
1000,0.000244,74.125.24.0-255,6797,31275,61,207242
1001,0.000246,172.31.40.0-255,66,31341,61,207242
1002,0.000359,74.125.24.0-255,1484,32825,61,207242
1003,0.000363,172.31.40.0-255,66,32891,61,207242
1004,0.000368,74.125.24.0-255,2902,35793,61,207242
1005,0.00037,172.31.40.0-255,66,35859,61,207242
1006,0.000394,74.125.24.0-255,5738,41597,61,207242
1007,0.000397,172.31.40.0-255,66,41663,61,207242
1008,0.000416,74.125.24.0-255,1484,43147,61,207242
1009,0.000418,172.31.40.0-255,66,43213,61,207242
1010,0.000451,74.125.24.0-255,5379,48592,61,207242
1011,0.000454,172.31.40.0-255,66,48658,61,207242
1012,0.000469,172.31.40.0-255,66,48724,61,207242
1013,0.000473,74.125.24.0-255,2543,51267,61,207242
1014,0.000475,172.31.40.0-255,66,51333,61,207242
1015,0.000479,74.125.24.0-255,399,51732,61,207242
1016,0.000526,74.125.24.0-255,109,51841,61,207242
1017,0.000595,74.125.24.0-255,332,52173,61,207242
1018,0.001027,74.125.24.0-255,1484,53657,61,207242
1019,0.001032,172.31.40.0-255,66,53723,61,207242
1020,0.001038,74.125.24.0-255,2902,56625,61,207242
1021,0.00104,172.31.40.0-255,66,56691,61,207242
1022,0.001046,74.125.24.0-255,4320,61011,61,207242
1023,0.001048,172.31.40.0-255,66,61077,61,207242
1024,0.001072,74.125.24.0-255,1484,62561,61,207242
1025,0.001075,74.125.24.0-255,1484,64045,61,207242
1026,0.001077,172.31.40.0-255,66,64111,61,207242
1027,0.001088,172.31.40.0-255,66,64177,61,207242
1028,0.001113,74.125.24.0-255,7156,71333,61,207242
1029,0.001116,172.31.40.0-255,66,71399,61,207242
1030,0.001131,74.125.24.0-255,6438,77837,61,207242
1031,0.001133,172.31.40.0-255,66,77903,61,207242
1032,0.001789,74.125.24.0-255,1484,79387,61,207242
1033,0.001799,74.125.24.0-255,2902,82289,61,207242
1034,0.001804,172.31.40.0-255,66,82355,61,207242
1035,0.001812,74.125.24.0-255,5738,88093,61,207242
1036,0.001814,172.31.40.0-255,66,88159,61,207242
1037,0.001833,74.125.24.0-255,4320,92479,61,207242
1038,0.001835,172.31.40.0-255,66,92545,61,207242
1039,0.001856,172.31.40.0-255,66,92611,61,207242
1040,0.001882,74.125.24.0-255,7156,99767,61,207242
1041,0.001885,172.31.40.0-255,66,99833,61,207242
1042,0.001902,74.125.24.0-255,3602,103435,61,207242
1043,0.001905,172.31.40.0-255,66,103501,61,207242
1044,0.002295,74.125.24.0-255,1484,104985,61,207242
1045,0.002302,74.125.24.0-255,2902,107887,61,207242
1046,0.002306,172.31.40.0-255,66,107953,61,207242
1047,0.00232,74.125.24.0-255,2902,110855,61,207242
1048,0.002322,172.31.40.0-255,66,110921,61,207242
1049,0.002326,74.125.24.0-255,1484,112405,61,207242
1050,0.002351,74.125.24.0-255,5738,118143,61,207242
1051,0.002353,172.31.40.0-255,66,118209,61,207242
1052,0.002356,74.125.24.0-255,1484,119693,61,207242
1053,0.002391,172.31.40.0-255,66,119759,61,207242
1054,0.002426,74.125.24.0-255,6438,126197,61,207242
1055,0.002429,172.31.40.0-255,66,126263,61,207242
1056,0.002482,74.125.24.0-255,1484,127747,61,207242
1057,0.002495,74.125.24.0-255,2902,130649,61,207242
1058,0.002498,172.31.40.0-255,66,130715,61,207242
1059,0.002519,74.125.24.0-255,5738,136453,61,207242
1060,0.002521,172.31.40.0-255,66,136519,61,207242
1061,0.002525,74.125.24.0-255,2902,139421,61,207242
1062,0.002528,172.31.40.0-255,66,139487,61,207242
1063,0.002542,74.125.24.0-255,1484,140971,61,207242
1064,0.002564,172.31.40.0-255,66,141037,61,207242
1065,0.002568,74.125.24.0-255,2902,143939,61,207242
1066,0.00257,172.31.40.0-255,66,144005,61,207242
1067,0.00259,74.125.24.0-255,5020,149025,61,207242
1068,0.002593,172.31.40.0-255,66,149091,61,207242
1069,0.002686,74.125.24.0-255,1484,150575,61,207242
1070,0.002699,74.125.24.0-255,2902,153477,61,207242
1071,0.002702,172.31.40.0-255,66,153543,61,207242
1072,0.002727,74.125.24.0-255,5738,159281,61,207242
1073,0.002729,172.31.40.0-255,66,159347,61,207242
1074,0.002735,74.125.24.0-255,4320,163667,61,207242
1075,0.002737,172.31.40.0-255,66,163733,61,207242
1076,0.00274,74.125.24.0-255,1484,165217,61,207242
1077,0.002784,172.31.40.0-255,66,165283,61,207242
1078,0.002789,74.125.24.0-255,3602,168885,61,207242
1079,0.002792,172.31.40.0-255,66,168951,61,207242
1080,0.002919,74.125.24.0-255,1484,170435,61,207242
1081,0.002932,74.125.24.0-255,2902,173337,61,207242
1082,0.002935,172.31.40.0-255,66,173403,61,207242
1083,0.002958,74.125.24.0-255,5738,179141,61,207242
1084,0.002961,172.31.40.0-255,66,179207,61,207242
1085,0.002965,74.125.24.0-255,2902,182109,61,207242
1086,0.002967,172.31.40.0-255,66,182175,61,207242
1087,0.002998,172.31.40.0-255,66,182241,61,207242
1088,0.003009,172.31.40.0-255,66,182307,61,207242
1089,0.003039,74.125.24.0-255,5738,188045,61,207242
1090,0.003041,172.31.40.0-255,66,188111,61,207242
1091,0.003083,172.31.40.0-255,66,188177,61,207242
1092,0.003109,172.31.40.0-255,66,188243,61,207242
1093,0.003177,172.31.40.0-255,66,188309,61,207242
1094,0.003246,74.125.24.0-255,7156,195465,61,207242
1095,0.003294,74.125.24.0-255,7156,202621,61,207242
1096,0.003363,74.125.24.0-255,105,202726,61,207242
1097,0.003702,172.31.40.0-255,66,202792,61,207242
1098,0.005921,172.31.40.0-255,105,202897,61,207242
1099,0.008142,74.125.24.0-255,66,202963,61,207242
1100,0.038929,172.31.40.0-255,172,203135,61,207242
1101,0.038965,172.31.40.0-255,1119,204254,61,207242
1102,0.039027,172.31.40.0-255,1514,205768,61,207242
1103,0.039029,172.31.40.0-255,1276,207044,61,207242
1104,0.040477,104.244.42.0-255,66,207110,61,207242
1105,0.040509,104.244.42.0-255,66,207176,61,207242
1106,0.040555,104.244.42.0-255,66,207242,61,207242
1107,0.0,74.125.24.0-255,153,153,61,303665
1108,2.4e-05,172.31.40.0-255,66,219,61,303665
1109,3.1e-05,74.125.24.0-255,1484,1703,61,303665
1110,3.5e-05,172.31.40.0-255,66,1769,61,303665
1111,5e-05,74.125.24.0-255,2902,4671,61,303665
1112,5.4e-05,172.31.40.0-255,66,4737,61,303665
1113,6.2e-05,74.125.24.0-255,7156,11893,61,303665
1114,6.5e-05,172.31.40.0-255,66,11959,61,303665
1115,6.9e-05,74.125.24.0-255,1939,13898,61,303665
1116,7.3e-05,172.31.40.0-255,66,13964,61,303665
1117,7.7e-05,74.125.24.0-255,2902,16866,61,303665
1118,8e-05,172.31.40.0-255,66,16932,61,303665
1119,8.8e-05,74.125.24.0-255,7156,24088,61,303665
1120,9.1e-05,172.31.40.0-255,66,24154,61,303665
1121,0.00012,74.125.24.0-255,5738,29892,61,303665
1122,0.000124,172.31.40.0-255,66,29958,61,303665
1123,0.000141,172.31.40.0-255,66,30024,61,303665
1124,0.000164,74.125.24.0-255,2902,32926,61,303665
1125,0.000166,172.31.40.0-255,66,32992,61,303665
1126,0.000177,74.125.24.0-255,3602,36594,61,303665
1127,0.000179,172.31.40.0-255,66,36660,61,303665
1128,0.000204,74.125.24.0-255,1484,38144,61,303665
1129,0.000207,172.31.40.0-255,66,38210,61,303665
1130,0.000209,74.125.24.0-255,1484,39694,61,303665
1131,0.000211,172.31.40.0-255,66,39760,61,303665
1132,0.000233,74.125.24.0-255,1484,41244,61,303665
1133,0.000239,172.31.40.0-255,66,41310,61,303665
1134,0.000245,74.125.24.0-255,5738,47048,61,303665
1135,0.000248,172.31.40.0-255,66,47114,61,303665
1136,0.000252,74.125.24.0-255,2902,50016,61,303665
1137,0.000254,172.31.40.0-255,66,50082,61,303665
1138,0.000305,74.125.24.0-255,3961,54043,61,303665
1139,0.000308,172.31.40.0-255,66,54109,61,303665
1140,0.000331,74.125.24.0-255,678,54787,61,303665
1141,0.000578,74.125.24.0-255,1484,56271,61,303665
1142,0.000585,172.31.40.0-255,66,56337,61,303665
1143,0.000591,74.125.24.0-255,2902,59239,61,303665
1144,0.000593,172.31.40.0-255,66,59305,61,303665
1145,0.000628,74.125.24.0-255,5738,65043,61,303665
1146,0.000631,172.31.40.0-255,66,65109,61,303665
1147,0.000639,74.125.24.0-255,7156,72265,61,303665
1148,0.000641,172.31.40.0-255,66,72331,61,303665
1149,0.000684,172.31.40.0-255,66,72397,61,303665
1150,0.000716,74.125.24.0-255,5738,78135,61,303665
1151,0.000718,172.31.40.0-255,66,78201,61,303665
1152,0.000723,74.125.24.0-255,2184,80385,61,303665
1153,0.000725,172.31.40.0-255,66,80451,61,303665
1154,0.000816,74.125.24.0-255,1484,81935,61,303665
1155,0.000822,74.125.24.0-255,2902,84837,61,303665
1156,0.000825,172.31.40.0-255,66,84903,61,303665
1157,0.000861,74.125.24.0-255,5738,90641,61,303665
1158,0.000864,172.31.40.0-255,66,90707,61,303665
1159,0.000875,172.31.40.0-255,66,90773,61,303665
1160,0.0009,74.125.24.0-255,4320,95093,61,303665
1161,0.000902,172.31.40.0-255,66,95159,61,303665
1162,0.000905,74.125.24.0-255,1484,96643,61,303665
1163,0.000937,172.31.40.0-255,66,96709,61,303665
1164,0.001015,74.125.24.0-255,1484,98193,61,303665
1165,0.001052,74.125.24.0-255,2902,101095,61,303665
1166,0.001057,172.31.40.0-255,66,101161,61,303665
1167,0.001069,74.125.24.0-255,5738,106899,61,303665
1168,0.001071,172.31.40.0-255,66,106965,61,303665
1169,0.001082,74.125.24.0-255,5738,112703,61,303665
1170,0.001084,172.31.40.0-255,66,112769,61,303665
1171,0.0011,74.125.24.0-255,7156,119925,61,303665
1172,0.001102,172.31.40.0-255,66,119991,61,303665
1173,0.001132,74.125.24.0-255,5738,125729,61,303665
1174,0.001139,172.31.40.0-255,66,125795,61,303665
1175,0.001146,74.125.24.0-255,5020,130815,61,303665
1176,0.001148,172.31.40.0-255,66,130881,61,303665
1177,0.001187,74.125.24.0-255,1484,132365,61,303665
1178,0.001192,74.125.24.0-255,2902,135267,61,303665
1179,0.001195,172.31.40.0-255,66,135333,61,303665
1180,0.001202,74.125.24.0-255,5738,141071,61,303665
1181,0.001204,172.31.40.0-255,66,141137,61,303665
1182,0.001236,172.31.40.0-255,66,141203,61,303665
1183,0.001246,74.125.24.0-255,7156,148359,61,303665
1184,0.001249,172.31.40.0-255,66,148425,61,303665
1185,0.001279,74.125.24.0-255,3602,152027,61,303665
1186,0.001282,172.31.40.0-255,66,152093,61,303665
1187,0.00179,74.125.24.0-255,1484,153577,61,303665
1188,0.001795,74.125.24.0-255,2902,156479,61,303665
1189,0.001799,172.31.40.0-255,66,156545,61,303665
1190,0.001828,74.125.24.0-255,5738,162283,61,303665
1191,0.001831,172.31.40.0-255,66,162349,61,303665
1192,0.001865,74.125.24.0-255,2902,165251,61,303665
1193,0.001868,172.31.40.0-255,66,165317,61,303665
1194,0.001872,74.125.24.0-255,1484,166801,61,303665
1195,0.001896,74.125.24.0-255,2902,169703,61,303665
1196,0.001898,172.31.40.0-255,66,169769,61,303665
1197,0.001903,74.125.24.0-255,2902,172671,61,303665
1198,0.001905,172.31.40.0-255,66,172737,61,303665
1199,0.001909,74.125.24.0-255,2902,175639,61,303665
1200,0.001911,172.31.40.0-255,66,175705,61,303665
1201,0.001934,74.125.24.0-255,1484,177189,61,303665
1202,0.001938,74.125.24.0-255,1484,178673,61,303665
1203,0.001943,172.31.40.0-255,66,178739,61,303665
1204,0.001965,74.125.24.0-255,2902,181641,61,303665
1205,0.001967,172.31.40.0-255,66,181707,61,303665
1206,0.001971,74.125.24.0-255,2902,184609,61,303665
1207,0.001973,172.31.40.0-255,66,184675,61,303665
1208,0.002006,74.125.24.0-255,2184,186859,61,303665
1209,0.002009,172.31.40.0-255,66,186925,61,303665
1210,0.004336,74.125.24.0-255,2902,189827,61,303665
1211,0.004342,172.31.40.0-255,66,189893,61,303665
1212,0.004369,74.125.24.0-255,2902,192795,61,303665
1213,0.004372,172.31.40.0-255,66,192861,61,303665
1214,0.006609,74.125.24.0-255,2902,195763,61,303665
1215,0.006616,172.31.40.0-255,66,195829,61,303665
1216,0.006666,74.125.24.0-255,2902,198731,61,303665
1217,0.006669,172.31.40.0-255,66,198797,61,303665
1218,0.008913,74.125.24.0-255,2902,201699,61,303665
1219,0.008918,172.31.40.0-255,66,201765,61,303665
1220,0.00896,74.125.24.0-255,2902,204667,61,303665
1221,0.008963,172.31.40.0-255,66,204733,61,303665
1222,0.011229,74.125.24.0-255,2902,207635,61,303665
1223,0.011246,172.31.40.0-255,66,207701,61,303665
1224,0.011282,74.125.24.0-255,2902,210603,61,303665
1225,0.011285,172.31.40.0-255,66,210669,61,303665
1226,0.013531,74.125.24.0-255,2902,213571,61,303665
1227,0.013538,172.31.40.0-255,66,213637,61,303665
1228,0.013566,74.125.24.0-255,2902,216539,61,303665
1229,0.013569,172.31.40.0-255,66,216605,61,303665
1230,0.015837,74.125.24.0-255,5738,222343,61,303665
1231,0.015844,172.31.40.0-255,66,222409,61,303665
1232,0.018153,74.125.24.0-255,5738,228147,61,303665
1233,0.018162,172.31.40.0-255,66,228213,61,303665
1234,0.020453,74.125.24.0-255,5738,233951,61,303665
1235,0.020463,172.31.40.0-255,66,234017,61,303665
1236,0.022747,74.125.24.0-255,5738,239755,61,303665
1237,0.022764,172.31.40.0-255,66,239821,61,303665
1238,0.02506,74.125.24.0-255,5738,245559,61,303665
1239,0.02507,172.31.40.0-255,66,245625,61,303665
1240,0.027367,74.125.24.0-255,5738,251363,61,303665
1241,0.027384,172.31.40.0-255,66,251429,61,303665
1242,0.029664,74.125.24.0-255,5738,257167,61,303665
1243,0.029672,172.31.40.0-255,66,257233,61,303665
1244,0.031932,74.125.24.0-255,5738,262971,61,303665
1245,0.031939,172.31.40.0-255,66,263037,61,303665
1246,0.034248,74.125.24.0-255,5738,268775,61,303665
1247,0.034255,172.31.40.0-255,66,268841,61,303665
1248,0.036525,74.125.24.0-255,5738,274579,61,303665
1249,0.036541,172.31.40.0-255,66,274645,61,303665
1250,0.038841,74.125.24.0-255,5738,280383,61,303665
1251,0.038851,172.31.40.0-255,66,280449,61,303665
1252,0.04113,74.125.24.0-255,5738,286187,61,303665
1253,0.041145,172.31.40.0-255,66,286253,61,303665
1254,0.043458,74.125.24.0-255,5738,291991,61,303665
1255,0.043476,172.31.40.0-255,66,292057,61,303665
1256,0.045756,74.125.24.0-255,5738,297795,61,303665
1257,0.045764,172.31.40.0-255,66,297861,61,303665
1258,0.048048,74.125.24.0-255,5738,303599,61,303665
1259,0.048056,172.31.40.0-255,66,303665,61,303665
1260,0.0,172.31.40.0-255,66,66,61,66
1261,0.0,216.58.203.0-255,153,153,61,300906
1262,1.7e-05,172.31.40.0-255,66,219,61,300906
1263,2.4e-05,216.58.203.0-255,1484,1703,61,300906
1264,2.8e-05,172.31.40.0-255,66,1769,61,300906
1265,3.5e-05,216.58.203.0-255,2902,4671,61,300906
1266,3.9e-05,172.31.40.0-255,66,4737,61,300906
1267,4.4e-05,216.58.203.0-255,2902,7639,61,300906
1268,4.7e-05,172.31.40.0-255,66,7705,61,300906
1269,5.3e-05,216.58.203.0-255,4320,12025,61,300906
1270,5.5e-05,172.31.40.0-255,66,12091,61,300906
1271,7.8e-05,216.58.203.0-255,2030,14121,61,300906
1272,8.1e-05,172.31.40.0-255,66,14187,61,300906
1273,0.0001,216.58.203.0-255,2902,17089,61,300906
1274,0.000102,172.31.40.0-255,66,17155,61,300906
1275,0.00013,216.58.203.0-255,7156,24311,61,300906
1276,0.000132,172.31.40.0-255,66,24377,61,300906
1277,0.000139,216.58.203.0-255,5738,30115,61,300906
1278,0.000141,172.31.40.0-255,66,30181,61,300906
1279,0.000166,216.58.203.0-255,1125,31306,61,300906
1280,0.000168,172.31.40.0-255,66,31372,61,300906
1281,0.000254,216.58.203.0-255,1484,32856,61,300906
1282,0.000258,172.31.40.0-255,66,32922,61,300906
1283,0.000273,216.58.203.0-255,2902,35824,61,300906
1284,0.000276,172.31.40.0-255,66,35890,61,300906
1285,0.00028,216.58.203.0-255,2902,38792,61,300906
1286,0.000283,172.31.40.0-255,66,38858,61,300906
1287,0.000287,216.58.203.0-255,2902,41760,61,300906
1288,0.000289,172.31.40.0-255,66,41826,61,300906
1289,0.000306,216.58.203.0-255,1484,43310,61,300906
1290,0.000308,172.31.40.0-255,66,43376,61,300906
1291,0.000344,216.58.203.0-255,5379,48755,61,300906
1292,0.000347,172.31.40.0-255,66,48821,61,300906
1293,0.000385,216.58.203.0-255,5738,54559,61,300906
1294,0.000388,172.31.40.0-255,66,54625,61,300906
1295,0.000394,216.58.203.0-255,4320,58945,61,300906
1296,0.000396,172.31.40.0-255,66,59011,61,300906
1297,0.000402,216.58.203.0-255,5738,64749,61,300906
1298,0.000405,172.31.40.0-255,66,64815,61,300906
1299,0.000437,216.58.203.0-255,1125,65940,61,300906
1300,0.000476,216.58.203.0-255,396,66336,61,300906
1301,0.000672,216.58.203.0-255,114,66450,61,300906
1302,0.000678,172.31.40.0-255,66,66516,61,300906
1303,0.000834,216.58.203.0-255,1484,68000,61,300906
1304,0.00084,216.58.203.0-255,2902,70902,61,300906
1305,0.000842,172.31.40.0-255,66,70968,61,300906
1306,0.000868,216.58.203.0-255,5738,76706,61,300906
1307,0.000871,172.31.40.0-255,66,76772,61,300906
1308,0.000874,216.58.203.0-255,1484,78256,61,300906
1309,0.000919,172.31.40.0-255,66,78322,61,300906
1310,0.000925,216.58.203.0-255,5738,84060,61,300906
1311,0.000928,172.31.40.0-255,66,84126,61,300906
1312,0.00095,216.58.203.0-255,4226,88352,61,300906
1313,0.000953,172.31.40.0-255,66,88418,61,300906
1314,0.001333,216.58.203.0-255,1484,89902,61,300906
1315,0.001338,216.58.203.0-255,1484,91386,61,300906
1316,0.001342,172.31.40.0-255,66,91452,61,300906
1317,0.001369,216.58.203.0-255,1484,92936,61,300906
1318,0.001376,216.58.203.0-255,5738,98674,61,300906
1319,0.001379,172.31.40.0-255,66,98740,61,300906
1320,0.001385,216.58.203.0-255,5738,104478,61,300906
1321,0.001387,172.31.40.0-255,66,104544,61,300906
1322,0.001404,216.58.203.0-255,7156,111700,61,300906
1323,0.001406,172.31.40.0-255,66,111766,61,300906
1324,0.001418,172.31.40.0-255,66,111832,61,300906
1325,0.001441,216.58.203.0-255,766,112598,61,300906
1326,0.001531,216.58.203.0-255,1484,114082,61,300906
1327,0.001535,172.31.40.0-255,66,114148,61,300906
1328,0.00154,216.58.203.0-255,2902,117050,61,300906
1329,0.001542,172.31.40.0-255,66,117116,61,300906
1330,0.001547,216.58.203.0-255,2902,120018,61,300906
1331,0.001549,172.31.40.0-255,66,120084,61,300906
1332,0.001567,216.58.203.0-255,2902,122986,61,300906
1333,0.00157,172.31.40.0-255,66,123052,61,300906
1334,0.001577,216.58.203.0-255,7156,130208,61,300906
1335,0.001579,172.31.40.0-255,66,130274,61,300906
1336,0.001627,172.31.40.0-255,66,130340,61,300906
1337,0.001632,216.58.203.0-255,2184,132524,61,300906
1338,0.001634,172.31.40.0-255,66,132590,61,300906
1339,0.003249,216.58.203.0-255,5738,138328,61,300906
1340,0.003256,172.31.40.0-255,66,138394,61,300906
1341,0.004882,216.58.203.0-255,5738,144132,61,300906
1342,0.004886,172.31.40.0-255,66,144198,61,300906
1343,0.006504,216.58.203.0-255,5738,149936,61,300906
1344,0.00651,172.31.40.0-255,66,150002,61,300906
1345,0.00814,216.58.203.0-255,5738,155740,61,300906
1346,0.008147,172.31.40.0-255,66,155806,61,300906
1347,0.009773,216.58.203.0-255,5738,161544,61,300906
1348,0.009781,172.31.40.0-255,66,161610,61,300906
1349,0.011413,216.58.203.0-255,5738,167348,61,300906
1350,0.01142,172.31.40.0-255,66,167414,61,300906
1351,0.013051,216.58.203.0-255,5738,173152,61,300906
1352,0.013059,172.31.40.0-255,66,173218,61,300906
1353,0.014692,216.58.203.0-255,5738,178956,61,300906
1354,0.0147,172.31.40.0-255,66,179022,61,300906
1355,0.016327,216.58.203.0-255,5738,184760,61,300906
1356,0.016335,172.31.40.0-255,66,184826,61,300906
1357,0.017965,216.58.203.0-255,5738,190564,61,300906
1358,0.017973,172.31.40.0-255,66,190630,61,300906
1359,0.019601,216.58.203.0-255,5738,196368,61,300906
1360,0.019609,172.31.40.0-255,66,196434,61,300906
1361,0.021239,216.58.203.0-255,5738,202172,61,300906
1362,0.021246,172.31.40.0-255,66,202238,61,300906
1363,0.022885,216.58.203.0-255,5738,207976,61,300906
1364,0.022894,172.31.40.0-255,66,208042,61,300906
1365,0.024527,216.58.203.0-255,5738,213780,61,300906
1366,0.024535,172.31.40.0-255,66,213846,61,300906
1367,0.026165,216.58.203.0-255,5738,219584,61,300906
1368,0.026172,172.31.40.0-255,66,219650,61,300906
1369,0.027813,216.58.203.0-255,5738,225388,61,300906
1370,0.027826,172.31.40.0-255,66,225454,61,300906
1371,0.029458,216.58.203.0-255,5738,231192,61,300906
1372,0.029468,172.31.40.0-255,66,231258,61,300906
1373,0.031101,216.58.203.0-255,5738,236996,61,300906
1374,0.03111,172.31.40.0-255,66,237062,61,300906
1375,0.032742,216.58.203.0-255,5738,242800,61,300906
1376,0.032753,172.31.40.0-255,66,242866,61,300906
1377,0.034386,216.58.203.0-255,5738,248604,61,300906
1378,0.034393,172.31.40.0-255,66,248670,61,300906
1379,0.036067,216.58.203.0-255,5738,254408,61,300906
1380,0.036077,172.31.40.0-255,66,254474,61,300906
1381,0.03771,216.58.203.0-255,5738,260212,61,300906
1382,0.037718,172.31.40.0-255,66,260278,61,300906
1383,0.03935,216.58.203.0-255,5738,266016,61,300906
1384,0.039362,172.31.40.0-255,66,266082,61,300906
1385,0.040994,216.58.203.0-255,5738,271820,61,300906
1386,0.041006,172.31.40.0-255,66,271886,61,300906
1387,0.042638,216.58.203.0-255,5738,277624,61,300906
1388,0.042647,172.31.40.0-255,66,277690,61,300906
1389,0.044289,216.58.203.0-255,5738,283428,61,300906
1390,0.044301,172.31.40.0-255,66,283494,61,300906
1391,0.045937,216.58.203.0-255,5738,289232,61,300906
1392,0.045944,172.31.40.0-255,66,289298,61,300906
1393,0.047582,216.58.203.0-255,5738,295036,61,300906
1394,0.04759,172.31.40.0-255,66,295102,61,300906
1395,0.049238,216.58.203.0-255,5738,300840,61,300906
1396,0.049249,172.31.40.0-255,66,300906,61,300906
1397,0.0,74.125.68.0-255,153,153,61,271730
1398,2.2e-05,172.31.40.0-255,66,219,61,271730
1399,2.9e-05,74.125.68.0-255,1484,1703,61,271730
1400,3.3e-05,172.31.40.0-255,66,1769,61,271730
1401,3.9e-05,74.125.68.0-255,2902,4671,61,271730
1402,4.9e-05,172.31.40.0-255,66,4737,61,271730
1403,5.2e-05,74.125.68.0-255,1484,6221,61,271730
1404,5.5e-05,172.31.40.0-255,66,6287,61,271730
1405,6e-05,74.125.68.0-255,2902,9189,61,271730
1406,6.4e-05,172.31.40.0-255,66,9255,61,271730
1407,8.9e-05,74.125.68.0-255,1484,10739,61,271730
1408,9.1e-05,172.31.40.0-255,66,10805,61,271730
1409,0.000116,74.125.68.0-255,3557,14362,61,271730
1410,0.000119,172.31.40.0-255,66,14428,61,271730
1411,0.000142,74.125.68.0-255,2902,17330,61,271730
1412,0.000145,172.31.40.0-255,66,17396,61,271730
1413,0.00015,74.125.68.0-255,4320,21716,61,271730
1414,0.000153,172.31.40.0-255,66,21782,61,271730
1415,0.000203,172.31.40.0-255,66,21848,61,271730
1416,0.000214,172.31.40.0-255,66,21914,61,271730
1417,0.00022,74.125.68.0-255,4320,26234,61,271730
1418,0.000222,172.31.40.0-255,66,26300,61,271730
1419,0.000252,74.125.68.0-255,5020,31320,61,271730
1420,0.000255,172.31.40.0-255,66,31386,61,271730
1421,0.000304,74.125.68.0-255,1484,32870,61,271730
1422,0.000306,172.31.40.0-255,66,32936,61,271730
1423,0.00032,74.125.68.0-255,2902,35838,61,271730
1424,0.000323,172.31.40.0-255,66,35904,61,271730
1425,0.000354,74.125.68.0-255,5738,41642,61,271730
1426,0.000357,172.31.40.0-255,66,41708,61,271730
1427,0.000361,74.125.68.0-255,2902,44610,61,271730
1428,0.000395,74.125.68.0-255,3961,48571,61,271730
1429,0.000429,74.125.68.0-255,4320,52891,61,271730
1430,0.000443,74.125.68.0-255,1484,54375,61,271730
1431,0.000453,74.125.68.0-255,1484,55859,61,271730
1432,0.000474,74.125.68.0-255,4320,60179,61,271730
1433,0.000517,74.125.68.0-255,5379,65558,61,271730
1434,0.000548,74.125.68.0-255,1484,67042,61,271730
1435,0.000569,74.125.68.0-255,2902,69944,61,271730
1436,0.000572,74.125.68.0-255,1484,71428,61,271730
1437,0.000596,74.125.68.0-255,4320,75748,61,271730
1438,0.000602,74.125.68.0-255,4320,80068,61,271730
1439,0.00062,74.125.68.0-255,2543,82611,61,271730
1440,0.000649,74.125.68.0-255,4320,86931,61,271730
1441,0.000661,74.125.68.0-255,2902,89833,61,271730
1442,0.000674,74.125.68.0-255,2902,92735,61,271730
1443,0.0007,74.125.68.0-255,4320,97055,61,271730
1444,0.000716,74.125.68.0-255,2543,99598,61,271730
1445,0.000899,74.125.68.0-255,1484,101082,61,271730
1446,0.000904,74.125.68.0-255,1484,102566,61,271730
1447,0.000932,74.125.68.0-255,1484,104050,61,271730
1448,0.000939,74.125.68.0-255,5738,109788,61,271730
1449,0.000969,74.125.68.0-255,1484,111272,61,271730
1450,0.001006,74.125.68.0-255,5020,116292,61,271730
1451,0.001107,74.125.68.0-255,1484,117776,61,271730
1452,0.001121,74.125.68.0-255,2902,120678,61,271730
1453,0.001134,74.125.68.0-255,2902,123580,61,271730
1454,0.001148,74.125.68.0-255,2902,126482,61,271730
1455,0.001154,74.125.68.0-255,5738,132220,61,271730
1456,0.001196,74.125.68.0-255,7156,139376,61,271730
1457,0.0012,74.125.68.0-255,1484,140860,61,271730
1458,0.00134,172.31.40.0-255,66,140926,61,271730
1459,0.001776,74.125.68.0-255,1484,142410,61,271730
1460,0.001796,74.125.68.0-255,2902,145312,61,271730
1461,0.001807,172.31.40.0-255,66,145378,61,271730
1462,0.001818,74.125.68.0-255,4320,149698,61,271730
1463,0.001827,74.125.68.0-255,2902,152600,61,271730
1464,0.001832,172.31.40.0-255,66,152666,61,271730
1465,0.00185,74.125.68.0-255,2902,155568,61,271730
1466,0.001853,74.125.68.0-255,1484,157052,61,271730
1467,0.001877,172.31.40.0-255,66,157118,61,271730
1468,0.001901,74.125.68.0-255,1484,158602,61,271730
1469,0.001906,74.125.68.0-255,4320,162922,61,271730
1470,0.001918,74.125.68.0-255,1484,164406,61,271730
1471,0.001929,172.31.40.0-255,66,164472,61,271730
1472,0.001934,74.125.68.0-255,2184,166656,61,271730
1473,0.001939,172.31.40.0-255,66,166722,61,271730
1474,0.002122,74.125.68.0-255,1484,168206,61,271730
1475,0.002136,74.125.68.0-255,2902,171108,61,271730
1476,0.002147,74.125.68.0-255,2902,174010,61,271730
1477,0.002158,74.125.68.0-255,2902,176912,61,271730
1478,0.002166,172.31.40.0-255,66,176978,61,271730
1479,0.002176,74.125.68.0-255,4320,181298,61,271730
1480,0.002182,172.31.40.0-255,66,181364,61,271730
1481,0.002195,74.125.68.0-255,2902,184266,61,271730
1482,0.002225,74.125.68.0-255,5738,190004,61,271730
1483,0.002245,172.31.40.0-255,66,190070,61,271730
1484,0.002285,74.125.68.0-255,2184,192254,61,271730
1485,0.002298,172.31.40.0-255,66,192320,61,271730
1486,0.004756,74.125.68.0-255,2902,195222,61,271730
1487,0.004764,172.31.40.0-255,66,195288,61,271730
1488,0.0048,74.125.68.0-255,2902,198190,61,271730
1489,0.007296,74.125.68.0-255,1484,199674,61,271730
1490,0.007309,74.125.68.0-255,1484,201158,61,271730
1491,0.015115,172.31.40.0-255,66,201224,61,271730
1492,0.016891,74.125.68.0-255,1484,202708,61,271730
1493,0.01763,74.125.68.0-255,4320,207028,61,271730
1494,0.017641,172.31.40.0-255,66,207094,61,271730
1495,0.020195,74.125.68.0-255,5738,212832,61,271730
1496,0.022921,172.31.40.0-255,66,212898,61,271730
1497,0.025449,74.125.68.0-255,5738,218636,61,271730
1498,0.025464,172.31.40.0-255,66,218702,61,271730
1499,0.02798,74.125.68.0-255,5738,224440,61,271730
1500,0.027989,172.31.40.0-255,66,224506,61,271730
1501,0.03051,74.125.68.0-255,5738,230244,61,271730
1502,0.030522,172.31.40.0-255,66,230310,61,271730
1503,0.033047,74.125.68.0-255,5738,236048,61,271730
1504,0.033066,172.31.40.0-255,66,236114,61,271730
1505,0.035569,74.125.68.0-255,2902,239016,61,271730
1506,0.035577,172.31.40.0-255,66,239082,61,271730
1507,0.035612,74.125.68.0-255,2902,241984,61,271730
1508,0.035639,172.31.40.0-255,66,242050,61,271730
1509,0.038092,74.125.68.0-255,2902,244952,61,271730
1510,0.038107,172.31.40.0-255,66,245018,61,271730
1511,0.03814,74.125.68.0-255,2902,247920,61,271730
1512,0.038197,172.31.40.0-255,66,247986,61,271730
1513,0.040615,74.125.68.0-255,2902,250888,61,271730
1514,0.040622,172.31.40.0-255,66,250954,61,271730
1515,0.040712,74.125.68.0-255,2902,253856,61,271730
1516,0.040728,172.31.40.0-255,66,253922,61,271730
1517,0.043131,74.125.68.0-255,2902,256824,61,271730
1518,0.043149,172.31.40.0-255,66,256890,61,271730
1519,0.043216,74.125.68.0-255,2902,259792,61,271730
1520,0.043259,172.31.40.0-255,66,259858,61,271730
1521,0.045669,74.125.68.0-255,2902,262760,61,271730
1522,0.045678,172.31.40.0-255,66,262826,61,271730
1523,0.045755,74.125.68.0-255,2902,265728,61,271730
1524,0.045795,172.31.40.0-255,66,265794,61,271730
1525,0.048193,74.125.68.0-255,2902,268696,61,271730
1526,0.048208,172.31.40.0-255,66,268762,61,271730
1527,0.048271,74.125.68.0-255,2902,271664,61,271730
1528,0.048306,172.31.40.0-255,66,271730,61,271730
1529,0.0,172.217.194.0-255,153,153,61,115160
1530,1.7e-05,172.31.40.0-255,66,219,61,115160
1531,2.3e-05,172.217.194.0-255,1484,1703,61,115160
1532,2.7e-05,172.31.40.0-255,66,1769,61,115160
1533,4.1e-05,172.217.194.0-255,2902,4671,61,115160
1534,4.5e-05,172.31.40.0-255,66,4737,61,115160
1535,5.3e-05,172.217.194.0-255,7156,11893,61,115160
1536,7.3e-05,172.31.40.0-255,66,11959,61,115160
1537,7.9e-05,172.217.194.0-255,4320,16279,61,115160
1538,8.1e-05,172.31.40.0-255,66,16345,61,115160
1539,0.00012,172.217.194.0-255,3544,19889,61,115160
1540,0.000124,172.31.40.0-255,66,19955,61,115160
1541,0.00013,172.217.194.0-255,4320,24275,61,115160
1542,0.000132,172.31.40.0-255,66,24341,61,115160
1543,0.000162,172.217.194.0-255,6797,31138,61,115160
1544,0.000165,172.31.40.0-255,66,31204,61,115160
1545,0.000203,172.217.194.0-255,1484,32688,61,115160
1546,0.000205,172.31.40.0-255,66,32754,61,115160
1547,0.000245,172.31.40.0-255,66,32820,61,115160
1548,0.0003,172.31.40.0-255,66,32886,61,115160
1549,0.00037,172.31.40.0-255,66,32952,61,115160
1550,0.000636,172.217.194.0-255,364,33316,61,115160
1551,0.000641,172.31.40.0-255,66,33382,61,115160
1552,0.000665,172.217.194.0-255,1484,34866,61,115160
1553,0.000667,172.31.40.0-255,66,34932,61,115160
1554,0.000686,172.217.194.0-255,4320,39252,61,115160
1555,0.00069,172.31.40.0-255,66,39318,61,115160
1556,0.000713,172.31.40.0-255,66,39384,61,115160
1557,0.000736,172.217.194.0-255,1484,40868,61,115160
1558,0.0008,172.31.40.0-255,66,40934,61,115160
1559,0.000827,172.217.194.0-255,5738,46672,61,115160
1560,0.00083,172.31.40.0-255,66,46738,61,115160
1561,0.000868,172.217.194.0-255,2184,48922,61,115160
1562,0.000872,172.31.40.0-255,66,48988,61,115160
1563,0.000876,172.217.194.0-255,2902,51890,61,115160
1564,0.000879,172.31.40.0-255,66,51956,61,115160
1565,0.000907,172.217.194.0-255,7156,59112,61,115160
1566,0.00091,172.31.40.0-255,66,59178,61,115160
1567,0.00094,172.217.194.0-255,4320,63498,61,115160
1568,0.000943,172.31.40.0-255,66,63564,61,115160
1569,0.000985,172.31.40.0-255,66,63630,61,115160
1570,0.001052,172.31.40.0-255,66,63696,61,115160
1571,0.001106,172.217.194.0-255,1484,65180,61,115160
1572,0.001112,172.217.194.0-255,2902,68082,61,115160
1573,0.001115,172.31.40.0-255,66,68148,61,115160
1574,0.001133,172.217.194.0-255,4320,72468,61,115160
1575,0.001136,172.31.40.0-255,66,72534,61,115160
1576,0.00116,172.217.194.0-255,1484,74018,61,115160
1577,0.001174,172.31.40.0-255,66,74084,61,115160
1578,0.001184,172.217.194.0-255,1484,75568,61,115160
1579,0.001254,172.31.40.0-255,66,75634,61,115160
1580,0.001305,172.217.194.0-255,2184,77818,61,115160
1581,0.001309,172.31.40.0-255,66,77884,61,115160
1582,0.001315,172.217.194.0-255,4320,82204,61,115160
1583,0.001318,172.31.40.0-255,66,82270,61,115160
1584,0.001372,172.31.40.0-255,66,82336,61,115160
1585,0.001404,172.217.194.0-255,5738,88074,61,115160
1586,0.001409,172.31.40.0-255,66,88140,61,115160
1587,0.001435,172.31.40.0-255,66,88206,61,115160
1588,0.001521,172.217.194.0-255,2184,90390,61,115160
1589,0.001525,172.31.40.0-255,66,90456,61,115160
1590,0.00153,172.217.194.0-255,2902,93358,61,115160
1591,0.001532,172.31.40.0-255,66,93424,61,115160
1592,0.001578,172.31.40.0-255,66,93490,61,115160
1593,0.001702,172.31.40.0-255,66,93556,61,115160
1594,0.001756,172.217.194.0-255,7156,100712,61,115160
1595,0.001759,172.31.40.0-255,66,100778,61,115160
1596,0.001814,172.31.40.0-255,66,100844,61,115160
1597,0.001999,172.217.194.0-255,4320,105164,61,115160
1598,0.002003,172.31.40.0-255,66,105230,61,115160
1599,0.00201,172.217.194.0-255,5738,110968,61,115160
1600,0.002012,172.31.40.0-255,66,111034,61,115160
1601,0.002083,172.31.40.0-255,66,111100,61,115160
1602,0.002124,172.31.40.0-255,66,111166,61,115160
1603,0.002167,172.31.40.0-255,66,111232,61,115160
1604,0.002287,172.31.40.0-255,66,111298,61,115160
1605,0.002367,172.31.40.0-255,66,111364,61,115160
1606,0.002632,172.31.40.0-255,66,111430,61,115160
1607,0.00271,172.31.40.0-255,66,111496,61,115160
1608,0.002938,172.217.194.0-255,105,111601,61,115160
1609,0.011854,172.31.40.0-255,66,111667,61,115160
1610,0.011898,172.31.40.0-255,105,111772,61,115160
1611,0.014071,172.217.194.0-255,66,111838,61,115160
1612,0.031056,172.31.40.0-255,167,112005,61,115160
1613,0.031091,172.31.40.0-255,1115,113120,61,115160
1614,0.031153,172.31.40.0-255,1514,114634,61,115160
1615,0.031155,172.31.40.0-255,328,114962,61,115160
1616,0.03258,104.244.42.0-255,66,115028,61,115160
1617,0.032618,104.244.42.0-255,66,115094,61,115160
1618,0.032711,104.244.42.0-255,66,115160,61,115160
1619,0.0,172.31.40.0-255,66,66,61,66
1620,0.0,74.125.24.0-255,296,296,61,241991
1621,1.4e-05,172.31.40.0-255,66,362,61,241991
1622,2.2e-05,74.125.24.0-255,1484,1846,61,241991
1623,2.8e-05,172.31.40.0-255,66,1912,61,241991
1624,3.5e-05,74.125.24.0-255,4320,6232,61,241991
1625,3.9e-05,172.31.40.0-255,66,6298,61,241991
1626,5.2e-05,172.31.40.0-255,66,6364,61,241991
1627,6.7e-05,172.31.40.0-255,66,6430,61,241991
1628,0.000104,74.125.24.0-255,4320,10750,61,241991
1629,0.000106,172.31.40.0-255,66,10816,61,241991
1630,0.000125,74.125.24.0-255,1125,11941,61,241991
1631,0.000127,172.31.40.0-255,66,12007,61,241991
1632,0.000152,74.125.24.0-255,1484,13491,61,241991
1633,0.000155,172.31.40.0-255,66,13557,61,241991
1634,0.000158,74.125.24.0-255,1484,15041,61,241991
1635,0.00016,172.31.40.0-255,66,15107,61,241991
1636,0.000177,74.125.24.0-255,1484,16591,61,241991
1637,0.00018,172.31.40.0-255,66,16657,61,241991
1638,0.000186,74.125.24.0-255,5738,22395,61,241991
1639,0.000188,172.31.40.0-255,66,22461,61,241991
1640,0.000233,172.31.40.0-255,66,22527,61,241991
1641,0.000244,172.31.40.0-255,66,22593,61,241991
1642,0.000246,74.125.24.0-255,362,22955,61,241991
1643,0.000248,172.31.40.0-255,66,23021,61,241991
1644,0.000407,74.125.24.0-255,128,23149,61,241991
1645,0.000412,172.31.40.0-255,66,23215,61,241991
1646,0.000536,74.125.24.0-255,1484,24699,61,241991
1647,0.000541,172.31.40.0-255,66,24765,61,241991
1648,0.000547,74.125.24.0-255,2902,27667,61,241991
1649,0.00055,172.31.40.0-255,66,27733,61,241991
1650,0.000556,74.125.24.0-255,5738,33471,61,241991
1651,0.000558,172.31.40.0-255,66,33537,61,241991
1652,0.000601,74.125.24.0-255,6797,40334,61,241991
1653,0.000605,172.31.40.0-255,66,40400,61,241991
1654,0.000612,74.125.24.0-255,7156,47556,61,241991
1655,0.000614,172.31.40.0-255,66,47622,61,241991
1656,0.000649,172.31.40.0-255,66,47688,61,241991
1657,0.000947,74.125.24.0-255,1484,49172,61,241991
1658,0.000953,74.125.24.0-255,2902,52074,61,241991
1659,0.000956,74.125.24.0-255,1484,53558,61,241991
1660,0.000962,172.31.40.0-255,66,53624,61,241991
1661,0.00098,74.125.24.0-255,4320,57944,61,241991
1662,0.000982,172.31.40.0-255,66,58010,61,241991
1663,0.000995,172.31.40.0-255,66,58076,61,241991
1664,0.001001,74.125.24.0-255,5738,63814,61,241991
1665,0.001005,172.31.40.0-255,66,63880,61,241991
1666,0.001019,74.125.24.0-255,2902,66782,61,241991
1667,0.001021,172.31.40.0-255,66,66848,61,241991
1668,0.001049,74.125.24.0-255,2184,69032,61,241991
1669,0.001052,172.31.40.0-255,66,69098,61,241991
1670,0.001095,74.125.24.0-255,1484,70582,61,241991
1671,0.001109,74.125.24.0-255,2902,73484,61,241991
1672,0.001112,172.31.40.0-255,66,73550,61,241991
1673,0.001117,74.125.24.0-255,4320,77870,61,241991
1674,0.001119,172.31.40.0-255,66,77936,61,241991
1675,0.001135,74.125.24.0-255,1484,79420,61,241991
1676,0.00115,74.125.24.0-255,7156,86576,61,241991
1677,0.001153,172.31.40.0-255,66,86642,61,241991
1678,0.001172,74.125.24.0-255,5738,92380,61,241991
1679,0.001175,172.31.40.0-255,66,92446,61,241991
1680,0.001232,172.31.40.0-255,66,92512,61,241991
1681,0.001315,74.125.24.0-255,1484,93996,61,241991
1682,0.00132,74.125.24.0-255,2902,96898,61,241991
1683,0.001323,172.31.40.0-255,66,96964,61,241991
1684,0.001331,74.125.24.0-255,5738,102702,61,241991
1685,0.001333,172.31.40.0-255,66,102768,61,241991
1686,0.001366,172.31.40.0-255,66,102834,61,241991
1687,0.001374,74.125.24.0-255,1484,104318,61,241991
1688,0.001384,172.31.40.0-255,66,104384,61,241991
1689,0.001406,74.125.24.0-255,2184,106568,61,241991
1690,0.001409,172.31.40.0-255,66,106634,61,241991
1691,0.00147,74.125.24.0-255,1484,108118,61,241991
1692,0.001474,74.125.24.0-255,1484,109602,61,241991
1693,0.001477,172.31.40.0-255,66,109668,61,241991
1694,0.001488,74.125.24.0-255,1484,111152,61,241991
1695,0.001495,74.125.24.0-255,5738,116890,61,241991
1696,0.001497,172.31.40.0-255,66,116956,61,241991
1697,0.001524,172.31.40.0-255,66,117022,61,241991
1698,0.001554,74.125.24.0-255,4320,121342,61,241991
1699,0.001557,172.31.40.0-255,66,121408,61,241991
1700,0.001569,172.31.40.0-255,66,121474,61,241991
1701,0.001572,74.125.24.0-255,766,122240,61,241991
1702,0.001666,74.125.24.0-255,1484,123724,61,241991
1703,0.001669,172.31.40.0-255,66,123790,61,241991
1704,0.001694,74.125.24.0-255,2902,126692,61,241991
1705,0.001697,172.31.40.0-255,66,126758,61,241991
1706,0.001703,74.125.24.0-255,5738,132496,61,241991
1707,0.001705,172.31.40.0-255,66,132562,61,241991
1708,0.001724,172.31.40.0-255,66,132628,61,241991
1709,0.001759,172.31.40.0-255,66,132694,61,241991
1710,0.001779,74.125.24.0-255,7156,139850,61,241991
1711,0.001781,172.31.40.0-255,66,139916,61,241991
1712,0.001803,74.125.24.0-255,4320,144236,61,241991
1713,0.001805,172.31.40.0-255,66,144302,61,241991
1714,0.001808,74.125.24.0-255,1484,145786,61,241991
1715,0.001816,74.125.24.0-255,7156,152942,61,241991
1716,0.001818,172.31.40.0-255,66,153008,61,241991
1717,0.001835,74.125.24.0-255,7156,160164,61,241991
1718,0.001838,172.31.40.0-255,66,160230,61,241991
1719,0.001845,74.125.24.0-255,6438,166668,61,241991
1720,0.001847,172.31.40.0-255,66,166734,61,241991
1721,0.001877,74.125.24.0-255,4320,171054,61,241991
1722,0.00188,172.31.40.0-255,66,171120,61,241991
1723,0.001903,74.125.24.0-255,5738,176858,61,241991
1724,0.001906,172.31.40.0-255,66,176924,61,241991
1725,0.001913,74.125.24.0-255,7156,184080,61,241991
1726,0.001916,172.31.40.0-255,66,184146,61,241991
1727,0.001929,74.125.24.0-255,4320,188466,61,241991
1728,0.001931,172.31.40.0-255,66,188532,61,241991
1729,0.001936,74.125.24.0-255,4320,192852,61,241991
1730,0.00194,172.31.40.0-255,66,192918,61,241991
1731,0.001973,172.31.40.0-255,66,192984,61,241991
1732,0.002007,74.125.24.0-255,1484,194468,61,241991
1733,0.002012,74.125.24.0-255,2902,197370,61,241991
1734,0.002015,172.31.40.0-255,66,197436,61,241991
1735,0.002022,74.125.24.0-255,5738,203174,61,241991
1736,0.002024,172.31.40.0-255,66,203240,61,241991
1737,0.002058,74.125.24.0-255,1484,204724,61,241991
1738,0.002081,74.125.24.0-255,7156,211880,61,241991
1739,0.002083,172.31.40.0-255,66,211946,61,241991
1740,0.002099,172.31.40.0-255,66,212012,61,241991
1741,0.00214,74.125.24.0-255,5738,217750,61,241991
1742,0.002143,172.31.40.0-255,66,217816,61,241991
1743,0.002168,74.125.24.0-255,7156,224972,61,241991
1744,0.002171,172.31.40.0-255,66,225038,61,241991
1745,0.002173,74.125.24.0-255,1484,226522,61,241991
1746,0.002176,172.31.40.0-255,78,226600,61,241991
1747,0.00218,74.125.24.0-255,2902,229502,61,241991
1748,0.002183,172.31.40.0-255,66,229568,61,241991
1749,0.002186,74.125.24.0-255,766,230334,61,241991
1750,0.002188,172.31.40.0-255,78,230412,61,241991
1751,0.002204,172.31.40.0-255,78,230490,61,241991
1752,0.002207,74.125.24.0-255,1484,231974,61,241991
1753,0.002209,172.31.40.0-255,66,232040,61,241991
1754,0.002215,74.125.24.0-255,5738,237778,61,241991
1755,0.002218,172.31.40.0-255,66,237844,61,241991
1756,0.002259,172.31.40.0-255,66,237910,61,241991
1757,0.002275,74.125.24.0-255,105,238015,61,241991
1758,0.010903,172.31.40.0-255,66,238081,61,241991
1759,0.010943,172.31.40.0-255,105,238186,61,241991
1760,0.012891,74.125.24.0-255,66,238252,61,241991
1761,0.03784,172.31.40.0-255,171,238423,61,241991
1762,0.037873,172.31.40.0-255,1144,239567,61,241991
1763,0.037937,172.31.40.0-255,1514,241081,61,241991
1764,0.037938,172.31.40.0-255,712,241793,61,241991
1765,0.039348,104.244.42.0-255,66,241859,61,241991
1766,0.039387,104.244.42.0-255,66,241925,61,241991
1767,0.039439,104.244.42.0-255,66,241991,61,241991
1768,0.0,74.125.200.0-255,153,153,61,148630
1769,2.3e-05,172.31.40.0-255,66,219,61,148630
1770,3e-05,74.125.200.0-255,1484,1703,61,148630
1771,3.6e-05,172.31.40.0-255,66,1769,61,148630
1772,3.9e-05,74.125.200.0-255,1484,3253,61,148630
1773,4.3e-05,172.31.40.0-255,66,3319,61,148630
1774,5.8e-05,74.125.200.0-255,1484,4803,61,148630
1775,6.1e-05,172.31.40.0-255,66,4869,61,148630
1776,6.4e-05,74.125.200.0-255,1484,6353,61,148630
1777,6.6e-05,172.31.40.0-255,66,6419,61,148630
1778,9.3e-05,74.125.200.0-255,2902,9321,61,148630
1779,9.6e-05,172.31.40.0-255,66,9387,61,148630
1780,0.000114,74.125.200.0-255,2902,12289,61,148630
1781,0.000117,172.31.40.0-255,66,12355,61,148630
1782,0.000133,74.125.200.0-255,2126,14481,61,148630
1783,0.000135,172.31.40.0-255,66,14547,61,148630
1784,0.000197,74.125.200.0-255,5738,20285,61,148630
1785,0.0002,172.31.40.0-255,66,20351,61,148630
1786,0.000306,172.31.40.0-255,66,20417,61,148630
1787,0.000327,74.125.200.0-255,2543,22960,61,148630
1788,0.00033,172.31.40.0-255,66,23026,61,148630
1789,0.000469,172.31.40.0-255,66,23092,61,148630
1790,0.000605,74.125.200.0-255,5379,28471,61,148630
1791,0.00065,172.31.40.0-255,66,28537,61,148630
1792,0.000712,172.31.40.0-255,66,28603,61,148630
1793,0.000732,74.125.200.0-255,5690,34293,61,148630
1794,0.000736,172.31.40.0-255,66,34359,61,148630
1795,0.000923,74.125.200.0-255,5738,40097,61,148630
1796,0.000927,172.31.40.0-255,66,40163,61,148630
1797,0.000944,74.125.200.0-255,1530,41693,61,148630
1798,0.000964,172.31.40.0-255,66,41759,61,148630
1799,0.0011,172.31.40.0-255,66,41825,61,148630
1800,0.001109,74.125.200.0-255,2184,44009,61,148630
1801,0.001113,172.31.40.0-255,66,44075,61,148630
1802,0.001417,74.125.200.0-255,5738,49813,61,148630
1803,0.001422,172.31.40.0-255,66,49879,61,148630
1804,0.001503,74.125.200.0-255,5738,55617,61,148630
1805,0.001509,172.31.40.0-255,66,55683,61,148630
1806,0.001554,172.31.40.0-255,66,55749,61,148630
1807,0.001904,74.125.200.0-255,7156,62905,61,148630
1808,0.00191,172.31.40.0-255,66,62971,61,148630
1809,0.00196,172.31.40.0-255,66,63037,61,148630
1810,0.002426,172.31.40.0-255,66,63103,61,148630
1811,0.002778,74.125.200.0-255,6438,69541,61,148630
1812,0.002872,74.125.200.0-255,7156,76697,61,148630
1813,0.003363,74.125.200.0-255,7156,83853,61,148630
1814,0.00894,172.31.40.0-255,66,83919,61,148630
1815,0.01148,74.125.200.0-255,5738,89657,61,148630
1816,0.011489,172.31.40.0-255,66,89723,61,148630
1817,0.014034,74.125.200.0-255,5738,95461,61,148630
1818,0.017535,172.31.40.0-255,66,95527,61,148630
1819,0.020074,74.125.200.0-255,5738,101265,61,148630
1820,0.020085,172.31.40.0-255,66,101331,61,148630
1821,0.022624,74.125.200.0-255,5738,107069,61,148630
1822,0.022635,172.31.40.0-255,66,107135,61,148630
1823,0.025176,74.125.200.0-255,5738,112873,61,148630
1824,0.02585,172.31.40.0-255,66,112939,61,148630
1825,0.028388,74.125.200.0-255,5738,118677,61,148630
1826,0.028396,172.31.40.0-255,66,118743,61,148630
1827,0.03093,74.125.200.0-255,5738,124481,61,148630
1828,0.030939,172.31.40.0-255,66,124547,61,148630
1829,0.033467,74.125.200.0-255,5738,130285,61,148630
1830,0.033474,172.31.40.0-255,66,130351,61,148630
1831,0.036013,74.125.200.0-255,5738,136089,61,148630
1832,0.036021,172.31.40.0-255,66,136155,61,148630
1833,0.038557,74.125.200.0-255,5738,141893,61,148630
1834,0.038565,172.31.40.0-255,66,141959,61,148630
1835,0.041088,74.125.200.0-255,2482,144441,61,148630
1836,0.041094,172.31.40.0-255,66,144507,61,148630
1837,0.04128,172.31.40.0-255,105,144612,61,148630
1838,0.042397,172.31.40.0-255,172,144784,61,148630
1839,0.042429,172.31.40.0-255,1115,145899,61,148630
1840,0.042488,172.31.40.0-255,1514,147413,61,148630
1841,0.04249,172.31.40.0-255,1085,148498,61,148630
1842,0.043787,74.125.200.0-255,66,148564,61,148630
1843,0.045206,104.244.42.0-255,66,148630,61,148630
1844,0.0,74.125.24.0-255,146,146,61,236135
1845,2.3e-05,172.31.40.0-255,66,212,61,236135
1846,3e-05,74.125.24.0-255,1484,1696,61,236135
1847,3.4e-05,172.31.40.0-255,66,1762,61,236135
1848,4e-05,74.125.24.0-255,2902,4664,61,236135
1849,4.2e-05,172.31.40.0-255,66,4730,61,236135
1850,5e-05,74.125.24.0-255,7156,11886,61,236135
1851,5.3e-05,172.31.40.0-255,66,11952,61,236135
1852,5.7e-05,74.125.24.0-255,2101,14053,61,236135
1853,5.9e-05,172.31.40.0-255,66,14119,61,236135
1854,7.2e-05,172.31.40.0-255,66,14185,61,236135
1855,7.6e-05,74.125.24.0-255,1484,15669,61,236135
1856,7.8e-05,172.31.40.0-255,66,15735,61,236135
1857,0.000103,74.125.24.0-255,3961,19696,61,236135
1858,0.000106,172.31.40.0-255,66,19762,61,236135
1859,0.000138,74.125.24.0-255,4320,24082,61,236135
1860,0.000142,172.31.40.0-255,66,24148,61,236135
1861,0.000168,74.125.24.0-255,2902,27050,61,236135
1862,0.00017,172.31.40.0-255,66,27116,61,236135
1863,0.000199,74.125.24.0-255,2902,30018,61,236135
1864,0.000202,172.31.40.0-255,66,30084,61,236135
1865,0.000214,172.31.40.0-255,66,30150,61,236135
1866,0.000227,172.31.40.0-255,66,30216,61,236135
1867,0.000229,74.125.24.0-255,444,30660,61,236135
1868,0.000231,172.31.40.0-255,66,30726,61,236135
1869,0.000279,74.125.24.0-255,330,31056,61,236135
1870,0.000281,172.31.40.0-255,66,31122,61,236135
1871,0.000464,74.125.24.0-255,1484,32606,61,236135
1872,0.000468,172.31.40.0-255,66,32672,61,236135
1873,0.000475,74.125.24.0-255,2902,35574,61,236135
1874,0.000477,172.31.40.0-255,66,35640,61,236135
1875,0.000483,74.125.24.0-255,5738,41378,61,236135
1876,0.000485,172.31.40.0-255,66,41444,61,236135
1877,0.000489,74.125.24.0-255,2902,44346,61,236135
1878,0.000492,172.31.40.0-255,66,44412,61,236135
1879,0.000517,74.125.24.0-255,2902,47314,61,236135
1880,0.00052,172.31.40.0-255,66,47380,61,236135
1881,0.000522,74.125.24.0-255,576,47956,61,236135
1882,0.000708,74.125.24.0-255,1484,49440,61,236135
1883,0.000713,172.31.40.0-255,66,49506,61,236135
1884,0.000719,74.125.24.0-255,2902,52408,61,236135
1885,0.000721,172.31.40.0-255,66,52474,61,236135
1886,0.000724,74.125.24.0-255,1484,53958,61,236135
1887,0.000742,74.125.24.0-255,4320,58278,61,236135
1888,0.000744,172.31.40.0-255,66,58344,61,236135
1889,0.000755,172.31.40.0-255,66,58410,61,236135
1890,0.000795,74.125.24.0-255,1484,59894,61,236135
1891,0.000824,172.31.40.0-255,66,59960,61,236135
1892,0.000842,74.125.24.0-255,2184,62144,61,236135
1893,0.000845,172.31.40.0-255,66,62210,61,236135
1894,0.000965,74.125.24.0-255,1484,63694,61,236135
1895,0.000982,74.125.24.0-255,2902,66596,61,236135
1896,0.000985,172.31.40.0-255,66,66662,61,236135
1897,0.001001,74.125.24.0-255,5738,72400,61,236135
1898,0.001004,172.31.40.0-255,66,72466,61,236135
1899,0.001007,74.125.24.0-255,1484,73950,61,236135
1900,0.001013,74.125.24.0-255,5738,79688,61,236135
1901,0.001016,172.31.40.0-255,66,79754,61,236135
1902,0.001033,74.125.24.0-255,2902,82656,61,236135
1903,0.001035,172.31.40.0-255,66,82722,61,236135
1904,0.001055,74.125.24.0-255,7156,89878,61,236135
1905,0.001058,172.31.40.0-255,66,89944,61,236135
1906,0.001073,74.125.24.0-255,6438,96382,61,236135
1907,0.001076,172.31.40.0-255,66,96448,61,236135
1908,0.0011,74.125.24.0-255,2902,99350,61,236135
1909,0.001103,172.31.40.0-255,66,99416,61,236135
1910,0.001108,74.125.24.0-255,4320,103736,61,236135
1911,0.00111,172.31.40.0-255,66,103802,61,236135
1912,0.001115,74.125.24.0-255,2902,106704,61,236135
1913,0.001117,172.31.40.0-255,66,106770,61,236135
1914,0.001143,74.125.24.0-255,5738,112508,61,236135
1915,0.001146,172.31.40.0-255,66,112574,61,236135
1916,0.001152,74.125.24.0-255,4320,116894,61,236135
1917,0.001154,172.31.40.0-255,66,116960,61,236135
1918,0.001182,172.31.40.0-255,66,117026,61,236135
1919,0.001196,172.31.40.0-255,66,117092,61,236135
1920,0.001216,74.125.24.0-255,5738,122830,61,236135
1921,0.001219,172.31.40.0-255,66,122896,61,236135
1922,0.001232,172.31.40.0-255,66,122962,61,236135
1923,0.00126,74.125.24.0-255,3602,126564,61,236135
1924,0.001263,172.31.40.0-255,66,126630,61,236135
1925,0.001269,74.125.24.0-255,4320,130950,61,236135
1926,0.001271,172.31.40.0-255,66,131016,61,236135
1927,0.00131,74.125.24.0-255,1484,132500,61,236135
1928,0.00134,172.31.40.0-255,66,132566,61,236135
1929,0.001355,172.31.40.0-255,66,132632,61,236135
1930,0.00136,74.125.24.0-255,5020,137652,61,236135
1931,0.001362,172.31.40.0-255,66,137718,61,236135
1932,0.00157,74.125.24.0-255,1484,139202,61,236135
1933,0.001577,74.125.24.0-255,2902,142104,61,236135
1934,0.00158,172.31.40.0-255,66,142170,61,236135
1935,0.001586,74.125.24.0-255,4320,146490,61,236135
1936,0.001588,172.31.40.0-255,66,146556,61,236135
1937,0.001601,74.125.24.0-255,1484,148040,61,236135
1938,0.001616,74.125.24.0-255,4320,152360,61,236135
1939,0.001619,172.31.40.0-255,66,152426,61,236135
1940,0.001636,172.31.40.0-255,66,152492,61,236135
1941,0.001642,74.125.24.0-255,7156,159648,61,236135
1942,0.001645,172.31.40.0-255,66,159714,61,236135
1943,0.001684,74.125.24.0-255,3602,163316,61,236135
1944,0.001687,172.31.40.0-255,66,163382,61,236135
1945,0.001753,74.125.24.0-255,1484,164866,61,236135
1946,0.001767,74.125.24.0-255,2902,167768,61,236135
1947,0.00177,172.31.40.0-255,66,167834,61,236135
1948,0.001773,74.125.24.0-255,1484,169318,61,236135
1949,0.001789,74.125.24.0-255,4320,173638,61,236135
1950,0.001791,172.31.40.0-255,66,173704,61,236135
1951,0.001794,74.125.24.0-255,1484,175188,61,236135
1952,0.001829,172.31.40.0-255,66,175254,61,236135
1953,0.001858,172.31.40.0-255,66,175320,61,236135
1954,0.001876,74.125.24.0-255,766,176086,61,236135
1955,0.001886,74.125.24.0-255,1484,177570,61,236135
1956,0.001889,172.31.40.0-255,66,177636,61,236135
1957,0.001894,74.125.24.0-255,2902,180538,61,236135
1958,0.001897,172.31.40.0-255,66,180604,61,236135
1959,0.001901,74.125.24.0-255,2902,183506,61,236135
1960,0.001903,172.31.40.0-255,66,183572,61,236135
1961,0.00192,74.125.24.0-255,2902,186474,61,236135
1962,0.001923,172.31.40.0-255,66,186540,61,236135
1963,0.001928,74.125.24.0-255,4320,190860,61,236135
1964,0.00193,172.31.40.0-255,66,190926,61,236135
1965,0.001968,172.31.40.0-255,66,190992,61,236135
1966,0.001981,172.31.40.0-255,66,191058,61,236135
1967,0.003986,74.125.24.0-255,5738,196796,61,236135
1968,0.003991,172.31.40.0-255,66,196862,61,236135
1969,0.006045,74.125.24.0-255,5738,202600,61,236135
1970,0.006062,172.31.40.0-255,66,202666,61,236135
1971,0.008082,74.125.24.0-255,5738,208404,61,236135
1972,0.008102,172.31.40.0-255,66,208470,61,236135
1973,0.010116,74.125.24.0-255,5738,214208,61,236135
1974,0.010124,172.31.40.0-255,66,214274,61,236135
1975,0.012143,74.125.24.0-255,5738,220012,61,236135
1976,0.01215,172.31.40.0-255,66,220078,61,236135
1977,0.014155,74.125.24.0-255,1484,221562,61,236135
1978,0.014174,74.125.24.0-255,4320,225882,61,236135
1979,0.014177,172.31.40.0-255,66,225948,61,236135
1980,0.016221,74.125.24.0-255,5738,231686,61,236135
1981,0.016224,172.31.40.0-255,66,231752,61,236135
1982,0.018228,74.125.24.0-255,4146,235898,61,236135
1983,0.018236,172.31.40.0-255,66,235964,61,236135
1984,0.023421,172.31.40.0-255,105,236069,61,236135
1985,0.025393,74.125.24.0-255,66,236135,61,236135
1986,0.0,172.217.194.0-255,153,153,61,204866
1987,1.4e-05,172.31.40.0-255,66,219,61,204866
1988,3.2e-05,172.217.194.0-255,1484,1703,61,204866
1989,3.7e-05,172.31.40.0-255,66,1769,61,204866
1990,4.2e-05,172.217.194.0-255,2902,4671,61,204866
1991,5.1e-05,172.31.40.0-255,66,4737,61,204866
1992,5.9e-05,172.217.194.0-255,7156,11893,61,204866
1993,6.2e-05,172.31.40.0-255,66,11959,61,204866
1994,0.000114,172.31.40.0-255,66,12025,61,204866
1995,0.000119,172.217.194.0-255,5379,17404,61,204866
1996,0.000121,172.31.40.0-255,66,17470,61,204866
1997,0.000125,172.217.194.0-255,1484,18954,61,204866
1998,0.000131,172.31.40.0-255,66,19020,61,204866
1999,0.000163,172.217.194.0-255,4320,23340,61,204866
2000,0.000165,172.31.40.0-255,66,23406,61,204866
2001,0.000168,172.217.194.0-255,1484,24890,61,204866
2002,0.00017,172.31.40.0-255,66,24956,61,204866
2003,0.000208,172.31.40.0-255,66,25022,61,204866
2004,0.000647,172.217.194.0-255,1484,26506,61,204866
2005,0.000652,172.31.40.0-255,66,26572,61,204866
2006,0.000659,172.217.194.0-255,2902,29474,61,204866
2007,0.00066,172.31.40.0-255,66,29540,61,204866
2008,0.00068,172.217.194.0-255,5738,35278,61,204866
2009,0.000682,172.31.40.0-255,66,35344,61,204866
2010,0.000692,172.217.194.0-255,2902,38246,61,204866
2011,0.000696,172.31.40.0-255,66,38312,61,204866
2012,0.000735,172.31.40.0-255,66,38378,61,204866
2013,0.000767,172.217.194.0-255,2543,40921,61,204866
2014,0.00077,172.31.40.0-255,66,40987,61,204866
2015,0.000786,172.31.40.0-255,66,41053,61,204866
2016,0.001062,172.217.194.0-255,1484,42537,61,204866
2017,0.001069,172.217.194.0-255,2902,45439,61,204866
2018,0.001072,172.31.40.0-255,66,45505,61,204866
2019,0.001099,172.217.194.0-255,5738,51243,61,204866
2020,0.001102,172.31.40.0-255,66,51309,61,204866
2021,0.001108,172.217.194.0-255,4320,55629,61,204866
2022,0.00111,172.31.40.0-255,66,55695,61,204866
2023,0.001172,172.31.40.0-255,66,55761,61,204866
2024,0.001183,172.31.40.0-255,66,55827,61,204866
2025,0.001192,172.217.194.0-255,2184,58011,61,204866
2026,0.001194,172.31.40.0-255,66,58077,61,204866
2027,0.001722,172.217.194.0-255,1484,59561,61,204866
2028,0.001732,172.217.194.0-255,2902,62463,61,204866
2029,0.001736,172.31.40.0-255,66,62529,61,204866
2030,0.001744,172.217.194.0-255,5738,68267,61,204866
2031,0.001747,172.31.40.0-255,66,68333,61,204866
2032,0.001784,172.31.40.0-255,66,68399,61,204866
2033,0.001819,172.31.40.0-255,66,68465,61,204866
2034,0.001952,172.217.194.0-255,1484,69949,61,204866
2035,0.001959,172.217.194.0-255,2902,72851,61,204866
2036,0.001963,172.31.40.0-255,66,72917,61,204866
2037,0.001967,172.217.194.0-255,1484,74401,61,204866
2038,0.001997,172.217.194.0-255,4320,78721,61,204866
2039,0.002,172.31.40.0-255,66,78787,61,204866
2040,0.002013,172.31.40.0-255,66,78853,61,204866
2041,0.002033,172.217.194.0-255,1484,80337,61,204866
2042,0.002056,172.31.40.0-255,66,80403,61,204866
2043,0.002087,172.217.194.0-255,3602,84005,61,204866
2044,0.00209,172.31.40.0-255,66,84071,61,204866
2045,0.004327,172.217.194.0-255,1484,85555,61,204866
2046,0.004376,172.217.194.0-255,1484,87039,61,204866
2047,0.00438,172.31.40.0-255,66,87105,61,204866
2048,0.004393,172.217.194.0-255,1484,88589,61,204866
2049,0.004414,172.217.194.0-255,1484,90073,61,204866
2050,0.004417,172.31.40.0-255,66,90139,61,204866
2051,0.006669,172.217.194.0-255,2902,93041,61,204866
2052,0.006674,172.31.40.0-255,66,93107,61,204866
2053,0.006706,172.217.194.0-255,2902,96009,61,204866
2054,0.006708,172.31.40.0-255,66,96075,61,204866
2055,0.008983,172.217.194.0-255,2902,98977,61,204866
2056,0.008989,172.31.40.0-255,66,99043,61,204866
2057,0.00901,172.217.194.0-255,2902,101945,61,204866
2058,0.009013,172.31.40.0-255,66,102011,61,204866
2059,0.011307,172.217.194.0-255,5738,107749,61,204866
2060,0.011314,172.31.40.0-255,66,107815,61,204866
2061,0.0136,172.217.194.0-255,4320,112135,61,204866
2062,0.013608,172.31.40.0-255,66,112201,61,204866
2063,0.013636,172.217.194.0-255,1484,113685,61,204866
2064,0.015912,172.217.194.0-255,4320,118005,61,204866
2065,0.015922,172.31.40.0-255,66,118071,61,204866
2066,0.01822,172.217.194.0-255,5738,123809,61,204866
2067,0.018228,172.31.40.0-255,66,123875,61,204866
2068,0.020514,172.217.194.0-255,5738,129613,61,204866
2069,0.020521,172.31.40.0-255,66,129679,61,204866
2070,0.022806,172.217.194.0-255,5738,135417,61,204866
2071,0.022813,172.31.40.0-255,66,135483,61,204866
2072,0.025159,172.217.194.0-255,5738,141221,61,204866
2073,0.025167,172.31.40.0-255,66,141287,61,204866
2074,0.027466,172.217.194.0-255,5738,147025,61,204866
2075,0.027471,172.31.40.0-255,66,147091,61,204866
2076,0.029088,172.31.40.0-255,172,147263,61,204866
2077,0.02912,172.31.40.0-255,1119,148382,61,204866
2078,0.029216,172.31.40.0-255,1514,149896,61,204866
2079,0.029218,172.31.40.0-255,1514,151410,61,204866
2080,0.029244,172.31.40.0-255,956,152366,61,204866
2081,0.029774,172.217.194.0-255,5738,158104,61,204866
2082,0.029781,172.31.40.0-255,66,158170,61,204866
2083,0.030587,104.244.42.0-255,66,158236,61,204866
2084,0.030674,104.244.42.0-255,66,158302,61,204866
2085,0.0308,104.244.42.0-255,66,158368,61,204866
2086,0.030805,104.244.42.0-255,66,158434,61,204866
2087,0.032112,172.217.194.0-255,5738,164172,61,204866
2088,0.032117,172.31.40.0-255,66,164238,61,204866
2089,0.034424,172.217.194.0-255,5738,169976,61,204866
2090,0.034431,172.31.40.0-255,66,170042,61,204866
2091,0.036726,172.217.194.0-255,5738,175780,61,204866
2092,0.036731,172.31.40.0-255,66,175846,61,204866
2093,0.039052,172.217.194.0-255,5738,181584,61,204866
2094,0.039059,172.31.40.0-255,66,181650,61,204866
2095,0.041348,172.217.194.0-255,5738,187388,61,204866
2096,0.041355,172.31.40.0-255,66,187454,61,204866
2097,0.043628,172.217.194.0-255,5738,193192,61,204866
2098,0.043633,172.31.40.0-255,66,193258,61,204866
2099,0.045927,172.217.194.0-255,5738,198996,61,204866
2100,0.045934,172.31.40.0-255,66,199062,61,204866
2101,0.048309,172.217.194.0-255,5738,204800,61,204866
2102,0.048314,172.31.40.0-255,66,204866,61,204866
2103,0.0,74.125.130.0-255,146,146,61,311003
2104,2e-05,172.31.40.0-255,66,212,61,311003
2105,2.7e-05,74.125.130.0-255,1484,1696,61,311003
2106,3.2e-05,172.31.40.0-255,66,1762,61,311003
2107,4.8e-05,74.125.130.0-255,2902,4664,61,311003
2108,5.2e-05,172.31.40.0-255,66,4730,61,311003
2109,5.9e-05,74.125.130.0-255,5738,10468,61,311003
2110,6.2e-05,172.31.40.0-255,66,10534,61,311003
2111,9.8e-05,74.125.130.0-255,6388,16922,61,311003
2112,0.000101,172.31.40.0-255,66,16988,61,311003
2113,0.000109,74.125.130.0-255,7156,24144,61,311003
2114,0.000111,172.31.40.0-255,66,24210,61,311003
2115,0.000159,74.125.130.0-255,6797,31007,61,311003
2116,0.000162,172.31.40.0-255,66,31073,61,311003
2117,0.000287,74.125.130.0-255,1484,32557,61,311003
2118,0.000292,172.31.40.0-255,66,32623,61,311003
2119,0.000295,74.125.130.0-255,1484,34107,61,311003
2120,0.000297,172.31.40.0-255,66,34173,61,311003
2121,0.00032,74.125.130.0-255,2902,37075,61,311003
2122,0.000326,172.31.40.0-255,66,37141,61,311003
2123,0.000332,74.125.130.0-255,5738,42879,61,311003
2124,0.000335,172.31.40.0-255,66,42945,61,311003
2125,0.000371,74.125.130.0-255,5379,48324,61,311003
2126,0.000374,172.31.40.0-255,66,48390,61,311003
2127,0.00038,74.125.130.0-255,5738,54128,61,311003
2128,0.000382,172.31.40.0-255,66,54194,61,311003
2129,0.000412,74.125.130.0-255,2902,57096,61,311003
2130,0.000414,172.31.40.0-255,66,57162,61,311003
2131,0.000447,74.125.130.0-255,7156,64318,61,311003
2132,0.000449,172.31.40.0-255,66,64384,61,311003
2133,0.000452,74.125.130.0-255,1382,65766,61,311003
2134,0.000454,172.31.40.0-255,66,65832,61,311003
2135,0.000483,74.125.130.0-255,114,65946,61,311003
2136,0.000598,74.125.130.0-255,1484,67430,61,311003
2137,0.000602,172.31.40.0-255,66,67496,61,311003
2138,0.000606,74.125.130.0-255,1484,68980,61,311003
2139,0.000631,74.125.130.0-255,1484,70464,61,311003
2140,0.000634,172.31.40.0-255,66,70530,61,311003
2141,0.000641,74.125.130.0-255,5738,76268,61,311003
2142,0.000643,172.31.40.0-255,66,76334,61,311003
2143,0.000676,172.31.40.0-255,66,76400,61,311003
2144,0.000684,74.125.130.0-255,7156,83556,61,311003
2145,0.000686,172.31.40.0-255,66,83622,61,311003
2146,0.000705,74.125.130.0-255,2902,86524,61,311003
2147,0.000707,172.31.40.0-255,66,86590,61,311003
2148,0.000713,74.125.130.0-255,5020,91610,61,311003
2149,0.000716,172.31.40.0-255,66,91676,61,311003
2150,0.000747,74.125.130.0-255,382,92058,61,311003
2151,0.001194,74.125.130.0-255,1484,93542,61,311003
2152,0.001199,172.31.40.0-255,66,93608,61,311003
2153,0.001204,74.125.130.0-255,2902,96510,61,311003
2154,0.001207,172.31.40.0-255,66,96576,61,311003
2155,0.001235,74.125.130.0-255,4320,100896,61,311003
2156,0.001238,172.31.40.0-255,66,100962,61,311003
2157,0.001244,74.125.130.0-255,5738,106700,61,311003
2158,0.001247,172.31.40.0-255,66,106766,61,311003
2159,0.001265,74.125.130.0-255,2902,109668,61,311003
2160,0.001271,172.31.40.0-255,66,109734,61,311003
2161,0.001277,74.125.130.0-255,5738,115472,61,311003
2162,0.001279,172.31.40.0-255,66,115538,61,311003
2163,0.001282,74.125.130.0-255,1484,117022,61,311003
2164,0.001315,74.125.130.0-255,5738,122760,61,311003
2165,0.001318,172.31.40.0-255,66,122826,61,311003
2166,0.001323,74.125.130.0-255,3602,126428,61,311003
2167,0.001325,172.31.40.0-255,66,126494,61,311003
2168,0.001412,74.125.130.0-255,1484,127978,61,311003
2169,0.001417,74.125.130.0-255,2902,130880,61,311003
2170,0.00142,172.31.40.0-255,66,130946,61,311003
2171,0.001453,74.125.130.0-255,5738,136684,61,311003
2172,0.001456,172.31.40.0-255,66,136750,61,311003
2173,0.001483,172.31.40.0-255,66,136816,61,311003
2174,0.001524,172.31.40.0-255,66,136882,61,311003
2175,0.001618,74.125.130.0-255,1484,138366,61,311003
2176,0.001634,74.125.130.0-255,2902,141268,61,311003
2177,0.001637,172.31.40.0-255,66,141334,61,311003
2178,0.001664,74.125.130.0-255,5738,147072,61,311003
2179,0.001668,74.125.130.0-255,2902,149974,61,311003
2180,0.001671,172.31.40.0-255,66,150040,61,311003
2181,0.001674,172.31.40.0-255,66,150106,61,311003
2182,0.0017,74.125.130.0-255,4320,154426,61,311003
2183,0.001703,172.31.40.0-255,66,154492,61,311003
2184,0.001718,172.31.40.0-255,66,154558,61,311003
2185,0.001723,74.125.130.0-255,2902,157460,61,311003
2186,0.001725,172.31.40.0-255,66,157526,61,311003
2187,0.001772,74.125.130.0-255,5020,162546,61,311003
2188,0.001775,172.31.40.0-255,66,162612,61,311003
2189,0.001913,74.125.130.0-255,1484,164096,61,311003
2190,0.001929,74.125.130.0-255,2902,166998,61,311003
2191,0.001932,172.31.40.0-255,66,167064,61,311003
2192,0.001972,74.125.130.0-255,1484,168548,61,311003
2193,0.001989,74.125.130.0-255,4320,172868,61,311003
2194,0.001992,172.31.40.0-255,66,172934,61,311003
2195,0.002003,172.31.40.0-255,66,173000,61,311003
2196,0.002021,172.31.40.0-255,66,173066,61,311003
2197,0.002025,74.125.130.0-255,2184,175250,61,311003
2198,0.002027,172.31.40.0-255,66,175316,61,311003
2199,0.002237,74.125.130.0-255,1484,176800,61,311003
2200,0.002255,74.125.130.0-255,2902,179702,61,311003
2201,0.002258,172.31.40.0-255,66,179768,61,311003
2202,0.002288,74.125.130.0-255,5738,185506,61,311003
2203,0.002291,172.31.40.0-255,66,185572,61,311003
2204,0.002325,74.125.130.0-255,4320,189892,61,311003
2205,0.002328,172.31.40.0-255,66,189958,61,311003
2206,0.004567,74.125.130.0-255,1484,191442,61,311003
2207,0.0046,74.125.130.0-255,4320,195762,61,311003
2208,0.004605,172.31.40.0-255,66,195828,61,311003
2209,0.006904,74.125.130.0-255,5738,201566,61,311003
2210,0.00692,172.31.40.0-255,66,201632,61,311003
2211,0.009217,74.125.130.0-255,5738,207370,61,311003
2212,0.009231,172.31.40.0-255,66,207436,61,311003
2213,0.011514,74.125.130.0-255,5738,213174,61,311003
2214,0.011521,172.31.40.0-255,66,213240,61,311003
2215,0.013794,74.125.130.0-255,5738,218978,61,311003
2216,0.013798,172.31.40.0-255,66,219044,61,311003
2217,0.016089,74.125.130.0-255,5738,224782,61,311003
2218,0.016099,172.31.40.0-255,66,224848,61,311003
2219,0.018403,74.125.130.0-255,5738,230586,61,311003
2220,0.018424,172.31.40.0-255,66,230652,61,311003
2221,0.020717,74.125.130.0-255,5738,236390,61,311003
2222,0.020732,172.31.40.0-255,66,236456,61,311003
2223,0.023041,74.125.130.0-255,5738,242194,61,311003
2224,0.023057,172.31.40.0-255,66,242260,61,311003
2225,0.025356,74.125.130.0-255,5738,247998,61,311003
2226,0.025375,172.31.40.0-255,66,248064,61,311003
2227,0.027675,74.125.130.0-255,5738,253802,61,311003
2228,0.027693,172.31.40.0-255,66,253868,61,311003
2229,0.029986,74.125.130.0-255,5738,259606,61,311003
2230,0.029998,172.31.40.0-255,66,259672,61,311003
2231,0.032288,74.125.130.0-255,5738,265410,61,311003
2232,0.032297,172.31.40.0-255,66,265476,61,311003
2233,0.034616,74.125.130.0-255,5738,271214,61,311003
2234,0.034635,172.31.40.0-255,66,271280,61,311003
2235,0.036941,74.125.130.0-255,5738,277018,61,311003
2236,0.036958,172.31.40.0-255,66,277084,61,311003
2237,0.039264,74.125.130.0-255,5738,282822,61,311003
2238,0.039276,172.31.40.0-255,66,282888,61,311003
2239,0.04158,74.125.130.0-255,5738,288626,61,311003
2240,0.041598,172.31.40.0-255,66,288692,61,311003
2241,0.043886,74.125.130.0-255,5738,294430,61,311003
2242,0.043898,172.31.40.0-255,66,294496,61,311003
2243,0.046174,74.125.130.0-255,5738,300234,61,311003
2244,0.046181,172.31.40.0-255,66,300300,61,311003
2245,0.047192,172.31.40.0-255,171,300471,61,311003
2246,0.047226,172.31.40.0-255,1145,301616,61,311003
2247,0.047288,172.31.40.0-255,1514,303130,61,311003
2248,0.047289,172.31.40.0-255,1514,304644,61,311003
2249,0.047312,172.31.40.0-255,291,304935,61,311003
2250,0.048459,74.125.130.0-255,5738,310673,61,311003
2251,0.048467,172.31.40.0-255,66,310739,61,311003
2252,0.048683,104.244.42.0-255,66,310805,61,311003
2253,0.048717,104.244.42.0-255,66,310871,61,311003
2254,0.048791,104.244.42.0-255,66,310937,61,311003
2255,0.048795,104.244.42.0-255,66,311003,61,311003
2256,0.0,74.125.24.0-255,152,152,61,240837
2257,2.2e-05,172.31.40.0-255,66,218,61,240837
2258,3e-05,74.125.24.0-255,1484,1702,61,240837
2259,3.5e-05,172.31.40.0-255,66,1768,61,240837
2260,4.8e-05,74.125.24.0-255,2902,4670,61,240837
2261,5.1e-05,172.31.40.0-255,66,4736,61,240837
2262,5.9e-05,74.125.24.0-255,7156,11892,61,240837
2263,6.2e-05,172.31.40.0-255,66,11958,61,240837
2264,6.7e-05,74.125.24.0-255,2165,14123,61,240837
2265,7e-05,172.31.40.0-255,66,14189,61,240837
2266,0.000112,74.125.24.0-255,5738,19927,61,240837
2267,0.000115,172.31.40.0-255,66,19993,61,240837
2268,0.000145,74.125.24.0-255,5738,25731,61,240837
2269,0.000148,172.31.40.0-255,66,25797,61,240837
2270,0.000154,74.125.24.0-255,5379,31176,61,240837
2271,0.000157,172.31.40.0-255,66,31242,61,240837
2272,0.000215,74.125.24.0-255,1484,32726,61,240837
2273,0.000217,172.31.40.0-255,66,32792,61,240837
2274,0.000221,74.125.24.0-255,2902,35694,61,240837
2275,0.000223,172.31.40.0-255,66,35760,61,240837
2276,0.000252,74.125.24.0-255,5738,41498,61,240837
2277,0.000255,172.31.40.0-255,66,41564,61,240837
2278,0.0003,74.125.24.0-255,7156,48720,61,240837
2279,0.000302,172.31.40.0-255,66,48786,61,240837
2280,0.00033,74.125.24.0-255,5379,54165,61,240837
2281,0.000333,172.31.40.0-255,66,54231,61,240837
2282,0.000367,74.125.24.0-255,1484,55715,61,240837
2283,0.00037,172.31.40.0-255,66,55781,61,240837
2284,0.000418,74.125.24.0-255,2902,58683,61,240837
2285,0.00042,172.31.40.0-255,66,58749,61,240837
2286,0.000455,74.125.24.0-255,6797,65546,61,240837
2287,0.000458,172.31.40.0-255,66,65612,61,240837
2288,0.001674,74.125.24.0-255,646,66258,61,240837
2289,0.001693,74.125.24.0-255,1484,67742,61,240837
2290,0.001698,172.31.40.0-255,66,67808,61,240837
2291,0.001703,74.125.24.0-255,1484,69292,61,240837
2292,0.001727,74.125.24.0-255,2902,72194,61,240837
2293,0.00173,172.31.40.0-255,66,72260,61,240837
2294,0.001741,172.31.40.0-255,66,72326,61,240837
2295,0.001765,74.125.24.0-255,1484,73810,61,240837
2296,0.001776,172.31.40.0-255,66,73876,61,240837
2297,0.001823,172.31.40.0-255,66,73942,61,240837
2298,0.002187,74.125.24.0-255,1484,75426,61,240837
2299,0.002195,74.125.24.0-255,2902,78328,61,240837
2300,0.002198,172.31.40.0-255,66,78394,61,240837
2301,0.002219,74.125.24.0-255,5738,84132,61,240837
2302,0.002222,172.31.40.0-255,66,84198,61,240837
2303,0.002255,172.31.40.0-255,66,84264,61,240837
2304,0.002284,74.125.24.0-255,4320,88584,61,240837
2305,0.002287,172.31.40.0-255,66,88650,61,240837
2306,0.002305,172.31.40.0-255,66,88716,61,240837
2307,0.002312,74.125.24.0-255,5738,94454,61,240837
2308,0.002315,172.31.40.0-255,66,94520,61,240837
2309,0.002363,172.31.40.0-255,66,94586,61,240837
2310,0.0024,74.125.24.0-255,5738,100324,61,240837
2311,0.002403,172.31.40.0-255,66,100390,61,240837
2312,0.002433,172.31.40.0-255,66,100456,61,240837
2313,0.002451,74.125.24.0-255,4320,104776,61,240837
2314,0.002454,172.31.40.0-255,66,104842,61,240837
2315,0.002475,74.125.24.0-255,5738,110580,61,240837
2316,0.002478,172.31.40.0-255,66,110646,61,240837
2317,0.002502,74.125.24.0-255,2184,112830,61,240837
2318,0.002504,172.31.40.0-255,66,112896,61,240837
2319,0.002508,74.125.24.0-255,1484,114380,61,240837
2320,0.002541,172.31.40.0-255,66,114446,61,240837
2321,0.002574,74.125.24.0-255,6438,120884,61,240837
2322,0.002577,172.31.40.0-255,66,120950,61,240837
2323,0.002582,74.125.24.0-255,2902,123852,61,240837
2324,0.002584,172.31.40.0-255,66,123918,61,240837
2325,0.002622,172.31.40.0-255,66,123984,61,240837
2326,0.002636,74.125.24.0-255,4320,128304,61,240837
2327,0.002643,172.31.40.0-255,66,128370,61,240837
2328,0.00269,172.31.40.0-255,66,128436,61,240837
2329,0.002722,74.125.24.0-255,1484,129920,61,240837
2330,0.002753,172.31.40.0-255,66,129986,61,240837
2331,0.002783,74.125.24.0-255,3602,133588,61,240837
2332,0.002786,172.31.40.0-255,66,133654,61,240837
2333,0.002806,172.31.40.0-255,66,133720,61,240837
2334,0.00281,74.125.24.0-255,2902,136622,61,240837
2335,0.002813,172.31.40.0-255,66,136688,61,240837
2336,0.002829,74.125.24.0-255,7156,143844,61,240837
2337,0.002831,172.31.40.0-255,66,143910,61,240837
2338,0.002858,74.125.24.0-255,4320,148230,61,240837
2339,0.002861,172.31.40.0-255,66,148296,61,240837
2340,0.002865,74.125.24.0-255,2902,151198,61,240837
2341,0.002867,172.31.40.0-255,66,151264,61,240837
2342,0.002892,74.125.24.0-255,4320,155584,61,240837
2343,0.002895,172.31.40.0-255,66,155650,61,240837
2344,0.002921,74.125.24.0-255,4320,159970,61,240837
2345,0.002924,172.31.40.0-255,66,160036,61,240837
2346,0.002952,74.125.24.0-255,6438,166474,61,240837
2347,0.002955,172.31.40.0-255,66,166540,61,240837
2348,0.005798,74.125.24.0-255,5738,172278,61,240837
2349,0.005809,172.31.40.0-255,66,172344,61,240837
2350,0.008662,74.125.24.0-255,4320,176664,61,240837
2351,0.008668,172.31.40.0-255,66,176730,61,240837
2352,0.008693,74.125.24.0-255,1484,178214,61,240837
2353,0.011428,74.125.24.0-255,4320,182534,61,240837
2354,0.011434,172.31.40.0-255,66,182600,61,240837
2355,0.014133,74.125.24.0-255,5738,188338,61,240837
2356,0.014141,172.31.40.0-255,66,188404,61,240837
2357,0.016799,74.125.24.0-255,5738,194142,61,240837
2358,0.016807,172.31.40.0-255,66,194208,61,240837
2359,0.019631,74.125.24.0-255,4320,198528,61,240837
2360,0.019641,172.31.40.0-255,66,198594,61,240837
2361,0.019671,74.125.24.0-255,1484,200078,61,240837
2362,0.022896,74.125.24.0-255,2902,202980,61,240837
2363,0.022904,172.31.40.0-255,66,203046,61,240837
2364,0.022935,74.125.24.0-255,1484,204530,61,240837
2365,0.026486,74.125.24.0-255,4320,208850,61,240837
2366,0.026494,172.31.40.0-255,66,208916,61,240837
2367,0.030044,74.125.24.0-255,4320,213236,61,240837
2368,0.03005,172.31.40.0-255,66,213302,61,240837
2369,0.030088,74.125.24.0-255,1484,214786,61,240837
2370,0.031181,172.31.40.0-255,171,214957,61,240837
2371,0.031212,172.31.40.0-255,1139,216096,61,240837
2372,0.031272,172.31.40.0-255,1514,217610,61,240837
2373,0.031274,172.31.40.0-255,1231,218841,61,240837
2374,0.032755,104.244.42.0-255,66,218907,61,240837
2375,0.032791,104.244.42.0-255,66,218973,61,240837
2376,0.032845,104.244.42.0-255,66,219039,61,240837
2377,0.034018,74.125.24.0-255,4320,223359,61,240837
2378,0.034027,172.31.40.0-255,66,223425,61,240837
2379,0.038526,74.125.24.0-255,5738,229163,61,240837
2380,0.03854,172.31.40.0-255,66,229229,61,240837
2381,0.043005,74.125.24.0-255,5738,234967,61,240837
2382,0.043012,172.31.40.0-255,66,235033,61,240837
2383,0.047724,74.125.24.0-255,5738,240771,61,240837
2384,0.047731,172.31.40.0-255,66,240837,61,240837
2385,0.0,74.125.130.0-255,150,150,61,228832
2386,1.7e-05,172.31.40.0-255,66,216,61,228832
2387,2.4e-05,74.125.130.0-255,1484,1700,61,228832
2388,2.9e-05,172.31.40.0-255,66,1766,61,228832
2389,3.5e-05,74.125.130.0-255,2902,4668,61,228832
2390,3.9e-05,172.31.40.0-255,66,4734,61,228832
2391,5.3e-05,74.125.130.0-255,4320,9054,61,228832
2392,5.6e-05,172.31.40.0-255,66,9120,61,228832
2393,6.1e-05,74.125.130.0-255,4903,14023,61,228832
2394,6.4e-05,172.31.40.0-255,66,14089,61,228832
2395,0.000129,74.125.130.0-255,1484,15573,61,228832
2396,0.000132,172.31.40.0-255,66,15639,61,228832
2397,0.000137,74.125.130.0-255,2902,18541,61,228832
2398,0.000139,172.31.40.0-255,66,18607,61,228832
2399,0.000176,74.125.130.0-255,5738,24345,61,228832
2400,0.000179,172.31.40.0-255,66,24411,61,228832
2401,0.000208,74.125.130.0-255,6797,31208,61,228832
2402,0.000211,172.31.40.0-255,66,31274,61,228832
2403,0.000237,74.125.130.0-255,4320,35594,61,228832
2404,0.000239,172.31.40.0-255,66,35660,61,228832
2405,0.00027,74.125.130.0-255,2902,38562,61,228832
2406,0.000273,172.31.40.0-255,66,38628,61,228832
2407,0.000284,172.31.40.0-255,66,38694,61,228832
2408,0.000548,74.125.130.0-255,1484,40178,61,228832
2409,0.000553,172.31.40.0-255,66,40244,61,228832
2410,0.00056,74.125.130.0-255,2902,43146,61,228832
2411,0.000563,172.31.40.0-255,66,43212,61,228832
2412,0.000568,74.125.130.0-255,4320,47532,61,228832
2413,0.000576,172.31.40.0-255,66,47598,61,228832
2414,0.000613,74.125.130.0-255,1484,49082,61,228832
2415,0.000616,172.31.40.0-255,66,49148,61,228832
2416,0.000632,172.31.40.0-255,66,49214,61,228832
2417,0.000664,74.125.130.0-255,1484,50698,61,228832
2418,0.000669,74.125.130.0-255,2902,53600,61,228832
2419,0.000686,74.125.130.0-255,4320,57920,61,228832
2420,0.000698,172.31.40.0-255,66,57986,61,228832
2421,0.000728,74.125.130.0-255,1484,59470,61,228832
2422,0.000752,172.31.40.0-255,66,59536,61,228832
2423,0.00078,74.125.130.0-255,6797,66333,61,228832
2424,0.000794,172.31.40.0-255,66,66399,61,228832
2425,0.001082,74.125.130.0-255,1484,67883,61,228832
2426,0.001105,74.125.130.0-255,2902,70785,61,228832
2427,0.001108,172.31.40.0-255,66,70851,61,228832
2428,0.001116,74.125.130.0-255,5738,76589,61,228832
2429,0.001123,74.125.130.0-255,7156,83745,61,228832
2430,0.001153,74.125.130.0-255,4320,88065,61,228832
2431,0.001157,172.31.40.0-255,66,88131,61,228832
2432,0.001161,172.31.40.0-255,66,88197,61,228832
2433,0.001184,74.125.130.0-255,1636,89833,61,228832
2434,0.001218,172.31.40.0-255,66,89899,61,228832
2435,0.001357,74.125.130.0-255,1484,91383,61,228832
2436,0.001363,74.125.130.0-255,2902,94285,61,228832
2437,0.001378,74.125.130.0-255,2902,97187,61,228832
2438,0.001389,74.125.130.0-255,2902,100089,61,228832
2439,0.001396,172.31.40.0-255,66,100155,61,228832
2440,0.001406,74.125.130.0-255,2902,103057,61,228832
2441,0.001413,172.31.40.0-255,66,103123,61,228832
2442,0.001453,74.125.130.0-255,766,103889,61,228832
2443,0.00147,172.31.40.0-255,66,103955,61,228832
2444,0.003703,74.125.130.0-255,5738,109693,61,228832
2445,0.00371,172.31.40.0-255,66,109759,61,228832
2446,0.005918,74.125.130.0-255,5738,115497,61,228832
2447,0.005921,172.31.40.0-255,66,115563,61,228832
2448,0.008147,74.125.130.0-255,5738,121301,61,228832
2449,0.008154,172.31.40.0-255,66,121367,61,228832
2450,0.01037,74.125.130.0-255,5738,127105,61,228832
2451,0.010378,172.31.40.0-255,66,127171,61,228832
2452,0.0126,74.125.130.0-255,5738,132909,61,228832
2453,0.012608,172.31.40.0-255,66,132975,61,228832
2454,0.014848,74.125.130.0-255,5738,138713,61,228832
2455,0.014859,172.31.40.0-255,66,138779,61,228832
2456,0.017077,74.125.130.0-255,5738,144517,61,228832
2457,0.017084,172.31.40.0-255,66,144583,61,228832
2458,0.019296,74.125.130.0-255,4320,148903,61,228832
2459,0.019303,172.31.40.0-255,66,148969,61,228832
2460,0.019336,74.125.130.0-255,1484,150453,61,228832
2461,0.021556,74.125.130.0-255,4320,154773,61,228832
2462,0.021566,172.31.40.0-255,66,154839,61,228832
2463,0.02378,74.125.130.0-255,5738,160577,61,228832
2464,0.023788,172.31.40.0-255,66,160643,61,228832
2465,0.026011,74.125.130.0-255,5738,166381,61,228832
2466,0.026018,172.31.40.0-255,66,166447,61,228832
2467,0.028229,74.125.130.0-255,1484,167931,61,228832
2468,0.028249,74.125.130.0-255,4320,172251,61,228832
2469,0.028255,172.31.40.0-255,66,172317,61,228832
2470,0.030293,172.31.40.0-255,172,172489,61,228832
2471,0.03032,172.31.40.0-255,1120,173609,61,228832
2472,0.030371,172.31.40.0-255,1514,175123,61,228832
2473,0.030373,172.31.40.0-255,1275,176398,61,228832
2474,0.03048,74.125.130.0-255,5738,182136,61,228832
2475,0.030486,172.31.40.0-255,66,182202,61,228832
2476,0.03185,104.244.42.0-255,66,182268,61,228832
2477,0.031878,104.244.42.0-255,66,182334,61,228832
2478,0.031923,104.244.42.0-255,66,182400,61,228832
2479,0.032712,74.125.130.0-255,5738,188138,61,228832
2480,0.032719,172.31.40.0-255,66,188204,61,228832
2481,0.034947,74.125.130.0-255,5738,193942,61,228832
2482,0.034953,172.31.40.0-255,66,194008,61,228832
2483,0.037196,74.125.130.0-255,5738,199746,61,228832
2484,0.037214,172.31.40.0-255,66,199812,61,228832
2485,0.03945,74.125.130.0-255,5738,205550,61,228832
2486,0.039466,172.31.40.0-255,66,205616,61,228832
2487,0.041713,74.125.130.0-255,5738,211354,61,228832
2488,0.04173,172.31.40.0-255,66,211420,61,228832
2489,0.043982,74.125.130.0-255,5738,217158,61,228832
2490,0.043997,172.31.40.0-255,66,217224,61,228832
2491,0.04626,74.125.130.0-255,5738,222962,61,228832
2492,0.046274,172.31.40.0-255,66,223028,61,228832
2493,0.048509,74.125.130.0-255,5738,228766,61,228832
2494,0.048527,172.31.40.0-255,66,228832,61,228832
2495,0.0,74.125.24.0-255,153,153,61,172740
2496,2.1e-05,172.31.40.0-255,66,219,61,172740
2497,2.8e-05,74.125.24.0-255,1484,1703,61,172740
2498,3.2e-05,172.31.40.0-255,66,1769,61,172740
2499,3.8e-05,74.125.24.0-255,2902,4671,61,172740
2500,5e-05,172.31.40.0-255,66,4737,61,172740
2501,5.8e-05,74.125.24.0-255,7156,11893,61,172740
2502,6.2e-05,172.31.40.0-255,66,11959,61,172740
2503,6.6e-05,74.125.24.0-255,2000,13959,61,172740
2504,6.9e-05,172.31.40.0-255,66,14025,61,172740
2505,0.000115,172.31.40.0-255,66,14091,61,172740
2506,0.000122,74.125.24.0-255,5379,19470,61,172740
2507,0.000124,172.31.40.0-255,66,19536,61,172740
2508,0.000232,74.125.24.0-255,1484,21020,61,172740
2509,0.000236,172.31.40.0-255,66,21086,61,172740
2510,0.000241,74.125.24.0-255,2902,23988,61,172740
2511,0.000243,172.31.40.0-255,66,24054,61,172740
2512,0.000246,74.125.24.0-255,1484,25538,61,172740
2513,0.000254,172.31.40.0-255,66,25604,61,172740
2514,0.000282,74.125.24.0-255,4320,29924,61,172740
2515,0.000285,172.31.40.0-255,66,29990,61,172740
2516,0.000292,74.125.24.0-255,6797,36787,61,172740
2517,0.000294,172.31.40.0-255,66,36853,61,172740
2518,0.000299,74.125.24.0-255,4320,41173,61,172740
2519,0.000302,172.31.40.0-255,66,41239,61,172740
2520,0.000349,172.31.40.0-255,66,41305,61,172740
2521,0.000354,74.125.24.0-255,2543,43848,61,172740
2522,0.000356,172.31.40.0-255,66,43914,61,172740
2523,0.000359,74.125.24.0-255,401,44315,61,172740
2524,0.000366,172.31.40.0-255,66,44381,61,172740
2525,0.000415,74.125.24.0-255,344,44725,61,172740
2526,0.000629,74.125.24.0-255,1484,46209,61,172740
2527,0.000635,172.31.40.0-255,66,46275,61,172740
2528,0.000641,74.125.24.0-255,2902,49177,61,172740
2529,0.000644,172.31.40.0-255,66,49243,61,172740
2530,0.000655,74.125.24.0-255,5738,54981,61,172740
2531,0.000657,172.31.40.0-255,66,55047,61,172740
2532,0.000662,74.125.24.0-255,4320,59367,61,172740
2533,0.000665,172.31.40.0-255,66,59433,61,172740
2534,0.000678,74.125.24.0-255,2902,62335,61,172740
2535,0.00068,172.31.40.0-255,66,62401,61,172740
2536,0.000723,172.31.40.0-255,66,62467,61,172740
2537,0.000733,172.31.40.0-255,66,62533,61,172740
2538,0.001132,74.125.24.0-255,1484,64017,61,172740
2539,0.001138,74.125.24.0-255,2902,66919,61,172740
2540,0.001142,172.31.40.0-255,66,66985,61,172740
2541,0.001147,74.125.24.0-255,2902,69887,61,172740
2542,0.001149,172.31.40.0-255,66,69953,61,172740
2543,0.001171,74.125.24.0-255,2902,72855,61,172740
2544,0.001173,172.31.40.0-255,66,72921,61,172740
2545,0.001189,172.31.40.0-255,66,72987,61,172740
2546,0.001223,74.125.24.0-255,4320,77307,61,172740
2547,0.001226,172.31.40.0-255,66,77373,61,172740
2548,0.001236,172.31.40.0-255,66,77439,61,172740
2549,0.001264,74.125.24.0-255,2184,79623,61,172740
2550,0.001268,172.31.40.0-255,66,79689,61,172740
2551,0.001279,172.31.40.0-255,66,79755,61,172740
2552,0.0013,172.31.40.0-255,66,79821,61,172740
2553,0.001307,74.125.24.0-255,7156,86977,61,172740
2554,0.001309,172.31.40.0-255,66,87043,61,172740
2555,0.001376,74.125.24.0-255,6438,93481,61,172740
2556,0.001382,172.31.40.0-255,66,93547,61,172740
2557,0.001385,172.31.40.0-255,66,93613,61,172740
2558,0.001392,172.31.40.0-255,66,93679,61,172740
2559,0.001621,74.125.24.0-255,1484,95163,61,172740
2560,0.001626,74.125.24.0-255,1484,96647,61,172740
2561,0.00163,172.31.40.0-255,66,96713,61,172740
2562,0.001643,74.125.24.0-255,1484,98197,61,172740
2563,0.001653,74.125.24.0-255,5738,103935,61,172740
2564,0.001655,74.125.24.0-255,1484,105419,61,172740
2565,0.00166,172.31.40.0-255,66,105485,61,172740
2566,0.0017,172.31.40.0-255,66,105551,61,172740
2567,0.00171,172.31.40.0-255,66,105617,61,172740
2568,0.001727,74.125.24.0-255,2184,107801,61,172740
2569,0.001734,172.31.40.0-255,66,107867,61,172740
2570,0.001738,74.125.24.0-255,2902,110769,61,172740
2571,0.00174,172.31.40.0-255,66,110835,61,172740
2572,0.001783,74.125.24.0-255,7156,117991,61,172740
2573,0.001787,172.31.40.0-255,66,118057,61,172740
2574,0.001844,172.31.40.0-255,66,118123,61,172740
2575,0.001873,74.125.24.0-255,4320,122443,61,172740
2576,0.001876,172.31.40.0-255,66,122509,61,172740
2577,0.001887,172.31.40.0-255,66,122575,61,172740
2578,0.001896,74.125.24.0-255,4320,126895,61,172740
2579,0.001898,172.31.40.0-255,66,126961,61,172740
2580,0.001905,74.125.24.0-255,5738,132699,61,172740
2581,0.001907,172.31.40.0-255,66,132765,61,172740
2582,0.001913,74.125.24.0-255,5738,138503,61,172740
2583,0.001916,172.31.40.0-255,66,138569,61,172740
2584,0.001941,74.125.24.0-255,5738,144307,61,172740
2585,0.001944,172.31.40.0-255,66,144373,61,172740
2586,0.001958,172.31.40.0-255,66,144439,61,172740
2587,0.001985,74.125.24.0-255,3602,148041,61,172740
2588,0.001994,172.31.40.0-255,66,148107,61,172740
2589,0.002018,74.125.24.0-255,4320,152427,61,172740
2590,0.00202,172.31.40.0-255,66,152493,61,172740
2591,0.002026,74.125.24.0-255,4320,156813,61,172740
2592,0.002027,172.31.40.0-255,66,156879,61,172740
2593,0.002064,172.31.40.0-255,66,156945,61,172740
2594,0.002081,74.125.24.0-255,1484,158429,61,172740
2595,0.002108,172.31.40.0-255,66,158495,61,172740
2596,0.002137,74.125.24.0-255,5738,164233,61,172740
2597,0.00214,172.31.40.0-255,66,164299,61,172740
2598,0.002179,172.31.40.0-255,66,164365,61,172740
2599,0.0022,172.31.40.0-255,66,164431,61,172740
2600,0.002215,172.31.40.0-255,66,164497,61,172740
2601,0.002241,74.125.24.0-255,2184,166681,61,172740
2602,0.002247,172.31.40.0-255,66,166747,61,172740
2603,0.002266,172.31.40.0-255,66,166813,61,172740
2604,0.002278,172.31.40.0-255,66,166879,61,172740
2605,0.002282,74.125.24.0-255,2902,169781,61,172740
2606,0.002285,172.31.40.0-255,66,169847,61,172740
2607,0.00232,74.125.24.0-255,2485,172332,61,172740
2608,0.002323,172.31.40.0-255,66,172398,61,172740
2609,0.002326,74.125.24.0-255,105,172503,61,172740
2610,0.004815,172.31.40.0-255,66,172569,61,172740
2611,0.004853,172.31.40.0-255,105,172674,61,172740
2612,0.007116,74.125.24.0-255,66,172740,61,172740
2613,0.0,74.125.24.0-255,156,156,61,258440
2614,4.1e-05,172.31.40.0-255,66,222,61,258440
2615,4.8e-05,74.125.24.0-255,1484,1706,61,258440
2616,5.2e-05,172.31.40.0-255,66,1772,61,258440
2617,5.7e-05,74.125.24.0-255,2902,4674,61,258440
2618,5.9e-05,172.31.40.0-255,66,4740,61,258440
2619,7.4e-05,74.125.24.0-255,7156,11896,61,258440
2620,7.7e-05,172.31.40.0-255,66,11962,61,258440
2621,8e-05,74.125.24.0-255,2030,13992,61,258440
2622,8.4e-05,172.31.40.0-255,66,14058,61,258440
2623,8.9e-05,74.125.24.0-255,2902,16960,61,258440
2624,9.1e-05,172.31.40.0-255,66,17026,61,258440
2625,9.4e-05,74.125.24.0-255,1484,18510,61,258440
2626,9.6e-05,172.31.40.0-255,66,18576,61,258440
2627,0.000131,74.125.24.0-255,5738,24314,61,258440
2628,0.000135,172.31.40.0-255,66,24380,61,258440
2629,0.000147,74.125.24.0-255,6797,31177,61,258440
2630,0.00015,172.31.40.0-255,66,31243,61,258440
2631,0.000379,74.125.24.0-255,1484,32727,61,258440
2632,0.000385,172.31.40.0-255,66,32793,61,258440
2633,0.000392,74.125.24.0-255,2902,35695,61,258440
2634,0.000395,172.31.40.0-255,66,35761,61,258440
2635,0.000398,74.125.24.0-255,1484,37245,61,258440
2636,0.000407,172.31.40.0-255,66,37311,61,258440
2637,0.000435,74.125.24.0-255,4320,41631,61,258440
2638,0.000439,172.31.40.0-255,66,41697,61,258440
2639,0.000446,74.125.24.0-255,6797,48494,61,258440
2640,0.000454,172.31.40.0-255,66,48560,61,258440
2641,0.000462,74.125.24.0-255,7156,55716,61,258440
2642,0.000465,172.31.40.0-255,66,55782,61,258440
2643,0.000513,172.31.40.0-255,66,55848,61,258440
2644,0.000516,74.125.24.0-255,381,56229,61,258440
2645,0.000746,74.125.24.0-255,1484,57713,61,258440
2646,0.00075,172.31.40.0-255,66,57779,61,258440
2647,0.000755,74.125.24.0-255,2902,60681,61,258440
2648,0.000757,172.31.40.0-255,66,60747,61,258440
2649,0.000791,74.125.24.0-255,5738,66485,61,258440
2650,0.000794,172.31.40.0-255,66,66551,61,258440
2651,0.000798,74.125.24.0-255,2902,69453,61,258440
2652,0.0008,172.31.40.0-255,66,69519,61,258440
2653,0.000873,172.31.40.0-255,66,69585,61,258440
2654,0.000896,172.31.40.0-255,66,69651,61,258440
2655,0.000907,172.31.40.0-255,66,69717,61,258440
2656,0.001108,74.125.24.0-255,1484,71201,61,258440
2657,0.001132,74.125.24.0-255,2902,74103,61,258440
2658,0.001136,172.31.40.0-255,66,74169,61,258440
2659,0.001141,74.125.24.0-255,2902,77071,61,258440
2660,0.001142,172.31.40.0-255,66,77137,61,258440
2661,0.001173,74.125.24.0-255,7156,84293,61,258440
2662,0.001175,172.31.40.0-255,66,84359,61,258440
2663,0.001215,172.31.40.0-255,66,84425,61,258440
2664,0.001245,74.125.24.0-255,1125,85550,61,258440
2665,0.001262,74.125.24.0-255,4320,89870,61,258440
2666,0.001264,172.31.40.0-255,66,89936,61,258440
2667,0.001269,172.31.40.0-255,66,90002,61,258440
2668,0.001316,74.125.24.0-255,3602,93604,61,258440
2669,0.00132,172.31.40.0-255,66,93670,61,258440
2670,0.001617,74.125.24.0-255,1484,95154,61,258440
2671,0.001636,74.125.24.0-255,2902,98056,61,258440
2672,0.001639,172.31.40.0-255,66,98122,61,258440
2673,0.001644,74.125.24.0-255,2902,101024,61,258440
2674,0.001648,172.31.40.0-255,66,101090,61,258440
2675,0.001668,74.125.24.0-255,1484,102574,61,258440
2676,0.001671,74.125.24.0-255,1484,104058,61,258440
2677,0.001674,172.31.40.0-255,66,104124,61,258440
2678,0.001703,74.125.24.0-255,7156,111280,61,258440
2679,0.001706,172.31.40.0-255,66,111346,61,258440
2680,0.001726,172.31.40.0-255,66,111412,61,258440
2681,0.001761,74.125.24.0-255,3602,115014,61,258440
2682,0.001765,172.31.40.0-255,66,115080,61,258440
2683,0.002063,74.125.24.0-255,1484,116564,61,258440
2684,0.002068,74.125.24.0-255,2902,119466,61,258440
2685,0.002071,172.31.40.0-255,66,119532,61,258440
2686,0.002099,74.125.24.0-255,5738,125270,61,258440
2687,0.002101,172.31.40.0-255,66,125336,61,258440
2688,0.002106,74.125.24.0-255,4320,129656,61,258440
2689,0.002108,172.31.40.0-255,66,129722,61,258440
2690,0.002173,172.31.40.0-255,66,129788,61,258440
2691,0.002179,74.125.24.0-255,7156,136944,61,258440
2692,0.002181,172.31.40.0-255,66,137010,61,258440
2693,0.002213,74.125.24.0-255,4320,141330,61,258440
2694,0.002217,172.31.40.0-255,66,141396,61,258440
2695,0.002243,172.31.40.0-255,66,141462,61,258440
2696,0.002354,74.125.24.0-255,766,142228,61,258440
2697,0.002375,172.31.40.0-255,66,142294,61,258440
2698,0.002385,172.31.40.0-255,66,142360,61,258440
2699,0.004656,74.125.24.0-255,5738,148098,61,258440
2700,0.00467,172.31.40.0-255,66,148164,61,258440
2701,0.006975,74.125.24.0-255,5738,153902,61,258440
2702,0.00699,172.31.40.0-255,66,153968,61,258440
2703,0.009285,74.125.24.0-255,5738,159706,61,258440
2704,0.009303,172.31.40.0-255,66,159772,61,258440
2705,0.011598,74.125.24.0-255,5738,165510,61,258440
2706,0.011614,172.31.40.0-255,66,165576,61,258440
2707,0.013906,74.125.24.0-255,5738,171314,61,258440
2708,0.013921,172.31.40.0-255,66,171380,61,258440
2709,0.016228,74.125.24.0-255,5738,177118,61,258440
2710,0.016243,172.31.40.0-255,66,177184,61,258440
2711,0.018518,74.125.24.0-255,5738,182922,61,258440
2712,0.018536,172.31.40.0-255,66,182988,61,258440
2713,0.020814,74.125.24.0-255,5738,188726,61,258440
2714,0.020823,172.31.40.0-255,66,188792,61,258440
2715,0.023111,74.125.24.0-255,5738,194530,61,258440
2716,0.023118,172.31.40.0-255,66,194596,61,258440
2717,0.025399,74.125.24.0-255,5738,200334,61,258440
2718,0.025405,172.31.40.0-255,66,200400,61,258440
2719,0.027677,74.125.24.0-255,5738,206138,61,258440
2720,0.027684,172.31.40.0-255,66,206204,61,258440
2721,0.029975,74.125.24.0-255,5738,211942,61,258440
2722,0.029983,172.31.40.0-255,66,212008,61,258440
2723,0.032282,74.125.24.0-255,5738,217746,61,258440
2724,0.032298,172.31.40.0-255,66,217812,61,258440
2725,0.034623,74.125.24.0-255,5738,223550,61,258440
2726,0.034638,172.31.40.0-255,66,223616,61,258440
2727,0.036923,74.125.24.0-255,5738,229354,61,258440
2728,0.03693,172.31.40.0-255,66,229420,61,258440
2729,0.039202,74.125.24.0-255,5738,235158,61,258440
2730,0.039219,172.31.40.0-255,66,235224,61,258440
2731,0.041507,74.125.24.0-255,5738,240962,61,258440
2732,0.041515,172.31.40.0-255,66,241028,61,258440
2733,0.043828,74.125.24.0-255,5738,246766,61,258440
2734,0.043843,172.31.40.0-255,66,246832,61,258440
2735,0.046145,74.125.24.0-255,5738,252570,61,258440
2736,0.04616,172.31.40.0-255,66,252636,61,258440
2737,0.048436,74.125.24.0-255,5738,258374,61,258440
2738,0.048446,172.31.40.0-255,66,258440,61,258440
2739,0.0,172.31.40.0-255,105,105,61,246026
2740,0.000183,172.31.40.0-255,90,195,61,246026
2741,0.000193,172.31.40.0-255,66,261,61,246026
2742,0.002447,74.125.130.0-255,66,327,61,246026
2743,0.002466,74.125.130.0-255,66,393,61,246026
2744,0.002478,172.31.40.0-255,66,459,61,246026
2745,0.037815,74.125.68.0-255,150,609,61,246026
2746,0.03783,172.31.40.0-255,66,675,61,246026
2747,0.037836,74.125.68.0-255,1484,2159,61,246026
2748,0.03784,172.31.40.0-255,66,2225,61,246026
2749,0.037846,74.125.68.0-255,2902,5127,61,246026
2750,0.037849,172.31.40.0-255,66,5193,61,246026
2751,0.037852,74.125.68.0-255,1484,6677,61,246026
2752,0.037854,172.31.40.0-255,66,6743,61,246026
2753,0.037876,74.125.68.0-255,2902,9645,61,246026
2754,0.037878,172.31.40.0-255,66,9711,61,246026
2755,0.037913,74.125.68.0-255,5738,15449,61,246026
2756,0.037915,172.31.40.0-255,66,15515,61,246026
2757,0.037932,74.125.68.0-255,2049,17564,61,246026
2758,0.037934,74.125.68.0-255,1484,19048,61,246026
2759,0.037937,172.31.40.0-255,66,19114,61,246026
2760,0.03794,172.31.40.0-255,66,19180,61,246026
2761,0.037955,74.125.68.0-255,7156,26336,61,246026
2762,0.037957,172.31.40.0-255,66,26402,61,246026
2763,0.037963,74.125.68.0-255,5379,31781,61,246026
2764,0.037966,172.31.40.0-255,66,31847,61,246026
2765,0.038089,74.125.68.0-255,1484,33331,61,246026
2766,0.038094,172.31.40.0-255,66,33397,61,246026
2767,0.038097,74.125.68.0-255,1484,34881,61,246026
2768,0.038099,172.31.40.0-255,66,34947,61,246026
2769,0.038114,74.125.68.0-255,2902,37849,61,246026
2770,0.038117,172.31.40.0-255,66,37915,61,246026
2771,0.038142,74.125.68.0-255,5738,43653,61,246026
2772,0.038145,172.31.40.0-255,66,43719,61,246026
2773,0.038162,74.125.68.0-255,5379,49098,61,246026
2774,0.038165,172.31.40.0-255,66,49164,61,246026
2775,0.038203,74.125.68.0-255,5738,54902,61,246026
2776,0.038205,172.31.40.0-255,66,54968,61,246026
2777,0.038208,74.125.68.0-255,1484,56452,61,246026
2778,0.038222,74.125.68.0-255,2902,59354,61,246026
2779,0.038224,172.31.40.0-255,66,59420,61,246026
2780,0.038252,74.125.68.0-255,5738,65158,61,246026
2781,0.038254,172.31.40.0-255,66,65224,61,246026
2782,0.038257,74.125.68.0-255,1397,66621,61,246026
2783,0.038452,74.125.68.0-255,130,66751,61,246026
2784,0.038653,74.125.68.0-255,1484,68235,61,246026
2785,0.038658,172.31.40.0-255,66,68301,61,246026
2786,0.038691,74.125.68.0-255,1484,69785,61,246026
2787,0.038695,74.125.68.0-255,2902,72687,61,246026
2788,0.038698,172.31.40.0-255,66,72753,61,246026
2789,0.038701,74.125.68.0-255,1484,74237,61,246026
2790,0.038716,74.125.68.0-255,4320,78557,61,246026
2791,0.038718,172.31.40.0-255,66,78623,61,246026
2792,0.038751,74.125.68.0-255,7156,85779,61,246026
2793,0.038754,172.31.40.0-255,66,85845,61,246026
2794,0.038799,172.31.40.0-255,66,85911,61,246026
2795,0.038823,74.125.68.0-255,4320,90231,61,246026
2796,0.038826,172.31.40.0-255,66,90297,61,246026
2797,0.038851,74.125.68.0-255,3602,93899,61,246026
2798,0.038854,172.31.40.0-255,66,93965,61,246026
2799,0.038864,172.31.40.0-255,66,94031,61,246026
2800,0.038867,74.125.68.0-255,829,94860,61,246026
2801,0.039104,74.125.68.0-255,1484,96344,61,246026
2802,0.039108,172.31.40.0-255,66,96410,61,246026
2803,0.039112,74.125.68.0-255,1484,97894,61,246026
2804,0.039131,74.125.68.0-255,1484,99378,61,246026
2805,0.039133,172.31.40.0-255,66,99444,61,246026
2806,0.039139,74.125.68.0-255,4320,103764,61,246026
2807,0.039141,172.31.40.0-255,66,103830,61,246026
2808,0.039176,172.31.40.0-255,66,103896,61,246026
2809,0.039182,74.125.68.0-255,4320,108216,61,246026
2810,0.039184,172.31.40.0-255,66,108282,61,246026
2811,0.0392,74.125.68.0-255,1484,109766,61,246026
2812,0.039208,74.125.68.0-255,7156,116922,61,246026
2813,0.03921,172.31.40.0-255,66,116988,61,246026
2814,0.039238,74.125.68.0-255,3602,120590,61,246026
2815,0.039241,172.31.40.0-255,66,120656,61,246026
2816,0.039403,74.125.68.0-255,1484,122140,61,246026
2817,0.039407,74.125.68.0-255,1484,123624,61,246026
2818,0.03941,172.31.40.0-255,66,123690,61,246026
2819,0.039432,74.125.68.0-255,1484,125174,61,246026
2820,0.039435,74.125.68.0-255,1484,126658,61,246026
2821,0.039437,172.31.40.0-255,66,126724,61,246026
2822,0.039442,74.125.68.0-255,2902,129626,61,246026
2823,0.039444,172.31.40.0-255,66,129692,61,246026
2824,0.03946,74.125.68.0-255,5738,135430,61,246026
2825,0.039462,172.31.40.0-255,66,135496,61,246026
2826,0.039492,74.125.68.0-255,7156,142652,61,246026
2827,0.039498,74.125.68.0-255,7156,149808,61,246026
2828,0.039502,172.31.40.0-255,66,149874,61,246026
2829,0.039511,172.31.40.0-255,66,149940,61,246026
2830,0.039514,74.125.68.0-255,1484,151424,61,246026
2831,0.03952,74.125.68.0-255,3602,155026,61,246026
2832,0.039522,172.31.40.0-255,66,155092,61,246026
2833,0.03989,74.125.68.0-255,1484,156576,61,246026
2834,0.039896,74.125.68.0-255,2902,159478,61,246026
2835,0.0399,172.31.40.0-255,66,159544,61,246026
2836,0.039924,74.125.68.0-255,4320,163864,61,246026
2837,0.039928,172.31.40.0-255,66,163930,61,246026
2838,0.039943,74.125.68.0-255,4320,168250,61,246026
2839,0.039946,172.31.40.0-255,66,168316,61,246026
2840,0.039962,74.125.68.0-255,4320,172636,61,246026
2841,0.039965,172.31.40.0-255,66,172702,61,246026
2842,0.039971,74.125.68.0-255,5738,178440,61,246026
2843,0.039973,172.31.40.0-255,66,178506,61,246026
2844,0.039977,74.125.68.0-255,2902,181408,61,246026
2845,0.039979,172.31.40.0-255,66,181474,61,246026
2846,0.040002,74.125.68.0-255,4320,185794,61,246026
2847,0.040004,172.31.40.0-255,66,185860,61,246026
2848,0.040009,74.125.68.0-255,3602,189462,61,246026
2849,0.040011,172.31.40.0-255,66,189528,61,246026
2850,0.04006,74.125.68.0-255,1484,191012,61,246026
2851,0.040086,74.125.68.0-255,2902,193914,61,246026
2852,0.040089,172.31.40.0-255,66,193980,61,246026
2853,0.040095,74.125.68.0-255,4320,198300,61,246026
2854,0.040097,172.31.40.0-255,66,198366,61,246026
2855,0.040108,74.125.68.0-255,1484,199850,61,246026
2856,0.040114,74.125.68.0-255,4320,204170,61,246026
2857,0.040116,172.31.40.0-255,66,204236,61,246026
2858,0.040146,74.125.68.0-255,5738,209974,61,246026
2859,0.04015,172.31.40.0-255,66,210040,61,246026
2860,0.040162,172.31.40.0-255,66,210106,61,246026
2861,0.040189,74.125.68.0-255,2902,213008,61,246026
2862,0.040192,172.31.40.0-255,66,213074,61,246026
2863,0.040196,74.125.68.0-255,2184,215258,61,246026
2864,0.040198,172.31.40.0-255,66,215324,61,246026
2865,0.040434,74.125.68.0-255,1484,216808,61,246026
2866,0.040441,74.125.68.0-255,2902,219710,61,246026
2867,0.040444,172.31.40.0-255,66,219776,61,246026
2868,0.040466,74.125.68.0-255,5738,225514,61,246026
2869,0.040469,172.31.40.0-255,66,225580,61,246026
2870,0.040474,74.125.68.0-255,2902,228482,61,246026
2871,0.040476,172.31.40.0-255,66,228548,61,246026
2872,0.040479,74.125.68.0-255,1484,230032,61,246026
2873,0.043114,74.125.68.0-255,4320,234352,61,246026
2874,0.043123,172.31.40.0-255,66,234418,61,246026
2875,0.045761,74.125.68.0-255,5738,240156,61,246026
2876,0.045773,172.31.40.0-255,66,240222,61,246026
2877,0.048506,74.125.68.0-255,5738,245960,61,246026
2878,0.048518,172.31.40.0-255,66,246026,61,246026
2879,0.0,172.217.194.0-255,291,291,61,325622
2880,2.2e-05,172.31.40.0-255,66,357,61,325622
2881,2.8e-05,172.217.194.0-255,1484,1841,61,325622
2882,3.3e-05,172.31.40.0-255,66,1907,61,325622
2883,4.8e-05,172.217.194.0-255,4320,6227,61,325622
2884,5.2e-05,172.31.40.0-255,66,6293,61,325622
2885,5.9e-05,172.217.194.0-255,5738,12031,61,325622
2886,6.2e-05,172.31.40.0-255,66,12097,61,325622
2887,7.6e-05,172.31.40.0-255,66,12163,61,325622
2888,8.3e-05,172.217.194.0-255,6797,18960,61,325622
2889,8.7e-05,172.31.40.0-255,66,19026,61,325622
2890,0.000134,172.217.194.0-255,1484,20510,61,325622
2891,0.000137,172.31.40.0-255,66,20576,61,325622
2892,0.000142,172.217.194.0-255,2902,23478,61,325622
2893,0.000144,172.31.40.0-255,66,23544,61,325622
2894,0.000172,172.217.194.0-255,5738,29282,61,325622
2895,0.000175,172.31.40.0-255,66,29348,61,325622
2896,0.000186,172.217.194.0-255,5738,35086,61,325622
2897,0.000188,172.31.40.0-255,66,35152,61,325622
2898,0.000239,172.31.40.0-255,66,35218,61,325622
2899,0.000244,172.217.194.0-255,4251,39469,61,325622
2900,0.000246,172.31.40.0-255,66,39535,61,325622
2901,0.00025,172.217.194.0-255,98,39633,61,325622
2902,0.000257,172.31.40.0-255,66,39699,61,325622
2903,0.000373,172.217.194.0-255,1484,41183,61,325622
2904,0.000378,172.31.40.0-255,66,41249,61,325622
2905,0.000384,172.217.194.0-255,2902,44151,61,325622
2906,0.000387,172.31.40.0-255,66,44217,61,325622
2907,0.000397,172.217.194.0-255,5738,49955,61,325622
2908,0.0004,172.31.40.0-255,66,50021,61,325622
2909,0.000427,172.217.194.0-255,5738,55759,61,325622
2910,0.000479,172.217.194.0-255,4320,60079,61,325622
2911,0.000502,172.217.194.0-255,5655,65734,61,325622
2912,0.000602,172.31.40.0-255,66,65800,61,325622
2913,0.000716,172.217.194.0-255,1484,67284,61,325622
2914,0.000725,172.217.194.0-255,2902,70186,61,325622
2915,0.00073,172.217.194.0-255,2902,73088,61,325622
2916,0.000742,172.217.194.0-255,2902,75990,61,325622
2917,0.00076,172.217.194.0-255,7156,83146,61,325622
2918,0.000775,172.217.194.0-255,5738,88884,61,325622
2919,0.0009,172.31.40.0-255,66,88950,61,325622
2920,0.00094,172.217.194.0-255,1484,90434,61,325622
2921,0.000959,172.217.194.0-255,2902,93336,61,325622
2922,0.000964,172.217.194.0-255,4320,97656,61,325622
2923,0.000976,172.217.194.0-255,1484,99140,61,325622
2924,0.000982,172.217.194.0-255,7156,106296,61,325622
2925,0.000994,172.31.40.0-255,66,106362,61,325622
2926,0.001,172.217.194.0-255,5738,112100,61,325622
2927,0.001009,172.217.194.0-255,7156,119256,61,325622
2928,0.00102,172.31.40.0-255,66,119322,61,325622
2929,0.001047,172.217.194.0-255,3602,122924,61,325622
2930,0.001051,172.31.40.0-255,66,122990,61,325622
2931,0.001248,172.217.194.0-255,1484,124474,61,325622
2932,0.001254,172.217.194.0-255,2902,127376,61,325622
2933,0.00127,172.217.194.0-255,2902,130278,61,325622
2934,0.001273,172.31.40.0-255,66,130344,61,325622
2935,0.001282,172.217.194.0-255,2902,133246,61,325622
2936,0.001285,172.217.194.0-255,1484,134730,61,325622
2937,0.001313,172.217.194.0-255,5738,140468,61,325622
2938,0.001318,172.31.40.0-255,66,140534,61,325622
2939,0.001334,172.217.194.0-255,4320,144854,61,325622
2940,0.001355,172.217.194.0-255,4320,149174,61,325622
2941,0.001376,172.217.194.0-255,6438,155612,61,325622
2942,0.001388,172.31.40.0-255,66,155678,61,325622
2943,0.001418,172.31.40.0-255,66,155744,61,325622
2944,0.001426,172.217.194.0-255,1484,157228,61,325622
2945,0.001451,172.217.194.0-255,2184,159412,61,325622
2946,0.001469,172.31.40.0-255,66,159478,61,325622
2947,0.001907,172.217.194.0-255,1484,160962,61,325622
2948,0.001916,172.217.194.0-255,2902,163864,61,325622
2949,0.001919,172.217.194.0-255,1484,165348,61,325622
2950,0.00194,172.217.194.0-255,4320,169668,61,325622
2951,0.001944,172.217.194.0-255,1484,171152,61,325622
2952,0.001949,172.31.40.0-255,66,171218,61,325622
2953,0.001979,172.217.194.0-255,7156,178374,61,325622
2954,0.001986,172.31.40.0-255,66,178440,61,325622
2955,0.002013,172.217.194.0-255,3602,182042,61,325622
2956,0.002027,172.31.40.0-255,66,182108,61,325622
2957,0.002052,172.217.194.0-255,4320,186428,61,325622
2958,0.002062,172.31.40.0-255,66,186494,61,325622
2959,0.002081,172.217.194.0-255,5738,192232,61,325622
2960,0.002089,172.217.194.0-255,7156,199388,61,325622
2961,0.002105,172.217.194.0-255,4320,203708,61,325622
2962,0.002112,172.31.40.0-255,66,203774,61,325622
2963,0.002125,172.217.194.0-255,7156,210930,61,325622
2964,0.002136,172.31.40.0-255,66,210996,61,325622
2965,0.002207,172.31.40.0-255,66,211062,61,325622
2966,0.004287,172.217.194.0-255,5738,216800,61,325622
2967,0.004294,172.31.40.0-255,66,216866,61,325622
2968,0.006405,172.217.194.0-255,5738,222604,61,325622
2969,0.010417,172.31.40.0-255,66,222670,61,325622
2970,0.012483,172.217.194.0-255,5738,228408,61,325622
2971,0.012491,172.31.40.0-255,66,228474,61,325622
2972,0.014583,172.217.194.0-255,5738,234212,61,325622
2973,0.014913,172.31.40.0-255,66,234278,61,325622
2974,0.017007,172.217.194.0-255,5738,240016,61,325622
2975,0.017013,172.31.40.0-255,66,240082,61,325622
2976,0.019138,172.217.194.0-255,5738,245820,61,325622
2977,0.02126,172.31.40.0-255,66,245886,61,325622
2978,0.023367,172.217.194.0-255,5738,251624,61,325622
2979,0.023378,172.31.40.0-255,66,251690,61,325622
2980,0.02548,172.217.194.0-255,5738,257428,61,325622
2981,0.025487,172.31.40.0-255,66,257494,61,325622
2982,0.027566,172.217.194.0-255,5738,263232,61,325622
2983,0.027573,172.31.40.0-255,66,263298,61,325622
2984,0.029667,172.217.194.0-255,5738,269036,61,325622
2985,0.029674,172.31.40.0-255,66,269102,61,325622
2986,0.031777,172.217.194.0-255,5738,274840,61,325622
2987,0.031783,172.31.40.0-255,66,274906,61,325622
2988,0.033861,172.217.194.0-255,5738,280644,61,325622
2989,0.033867,172.31.40.0-255,66,280710,61,325622
2990,0.035984,172.217.194.0-255,5738,286448,61,325622
2991,0.035993,172.31.40.0-255,66,286514,61,325622
2992,0.0381,172.217.194.0-255,5738,292252,61,325622
2993,0.038106,172.31.40.0-255,66,292318,61,325622
2994,0.039992,172.31.40.0-255,175,292493,61,325622
2995,0.040025,172.31.40.0-255,1143,293636,61,325622
2996,0.040086,172.31.40.0-255,1514,295150,61,325622
2997,0.040088,172.31.40.0-255,1254,296404,61,325622
2998,0.040209,172.217.194.0-255,5738,302142,61,325622
2999,0.040216,172.31.40.0-255,66,302208,61,325622
3000,0.041519,104.244.42.0-255,66,302274,61,325622
3001,0.041559,104.244.42.0-255,66,302340,61,325622
3002,0.041604,104.244.42.0-255,66,302406,61,325622
3003,0.042347,172.217.194.0-255,5738,308144,61,325622
3004,0.042353,172.31.40.0-255,66,308210,61,325622
3005,0.044424,172.217.194.0-255,5738,313948,61,325622
3006,0.044428,172.31.40.0-255,66,314014,61,325622
3007,0.046502,172.217.194.0-255,5738,319752,61,325622
3008,0.046509,172.31.40.0-255,66,319818,61,325622
3009,0.048619,172.217.194.0-255,5738,325556,61,325622
3010,0.048642,172.31.40.0-255,66,325622,61,325622
3011,0.0,172.217.194.0-255,152,152,61,251867
3012,1.2e-05,172.31.40.0-255,66,218,61,251867
3013,3.1e-05,172.217.194.0-255,1484,1702,61,251867
3014,3.5e-05,172.31.40.0-255,66,1768,61,251867
3015,4e-05,172.217.194.0-255,2902,4670,61,251867
3016,4.3e-05,172.31.40.0-255,66,4736,61,251867
3017,7e-05,172.217.194.0-255,7156,11892,61,251867
3018,7.3e-05,172.31.40.0-255,66,11958,61,251867
3019,7.7e-05,172.217.194.0-255,2118,14076,61,251867
3020,7.9e-05,172.31.40.0-255,66,14142,61,251867
3021,0.000122,172.217.194.0-255,1484,15626,61,251867
3022,0.000124,172.31.40.0-255,66,15692,61,251867
3023,0.000128,172.217.194.0-255,1484,17176,61,251867
3024,0.00013,172.31.40.0-255,66,17242,61,251867
3025,0.000144,172.217.194.0-255,1484,18726,61,251867
3026,0.000146,172.31.40.0-255,66,18792,61,251867
3027,0.000153,172.217.194.0-255,5738,24530,61,251867
3028,0.000155,172.31.40.0-255,66,24596,61,251867
3029,0.000188,172.217.194.0-255,6797,31393,61,251867
3030,0.000191,172.31.40.0-255,66,31459,61,251867
3031,0.000197,172.217.194.0-255,7156,38615,61,251867
3032,0.000199,172.31.40.0-255,66,38681,61,251867
3033,0.000226,172.217.194.0-255,1484,40165,61,251867
3034,0.000228,172.31.40.0-255,66,40231,61,251867
3035,0.000255,172.31.40.0-255,66,40297,61,251867
3036,0.001113,172.217.194.0-255,1484,41781,61,251867
3037,0.001119,172.31.40.0-255,66,41847,61,251867
3038,0.001128,172.217.194.0-255,2902,44749,61,251867
3039,0.00113,172.31.40.0-255,66,44815,61,251867
3040,0.001135,172.217.194.0-255,2902,47717,61,251867
3041,0.001138,172.31.40.0-255,66,47783,61,251867
3042,0.001165,172.217.194.0-255,2902,50685,61,251867
3043,0.001167,172.31.40.0-255,66,50751,61,251867
3044,0.001174,172.217.194.0-255,6797,57548,61,251867
3045,0.001176,172.31.40.0-255,66,57614,61,251867
3046,0.001205,172.31.40.0-255,66,57680,61,251867
3047,0.001217,172.31.40.0-255,66,57746,61,251867
3048,0.001254,172.217.194.0-255,2902,60648,61,251867
3049,0.001256,172.31.40.0-255,66,60714,61,251867
3050,0.001271,172.217.194.0-255,5599,66313,61,251867
3051,0.001273,172.31.40.0-255,66,66379,61,251867
3052,0.001887,172.217.194.0-255,1484,67863,61,251867
3053,0.001895,172.217.194.0-255,2902,70765,61,251867
3054,0.0019,172.31.40.0-255,66,70831,61,251867
3055,0.001906,172.217.194.0-255,5738,76569,61,251867
3056,0.001909,172.31.40.0-255,66,76635,61,251867
3057,0.001915,172.217.194.0-255,5738,82373,61,251867
3058,0.001918,172.31.40.0-255,66,82439,61,251867
3059,0.001936,172.217.194.0-255,7156,89595,61,251867
3060,0.001939,172.31.40.0-255,66,89661,61,251867
3061,0.001956,172.217.194.0-255,5738,95399,61,251867
3062,0.001959,172.31.40.0-255,66,95465,61,251867
3063,0.001962,172.217.194.0-255,1484,96949,61,251867
3064,0.001999,172.31.40.0-255,66,97015,61,251867
3065,0.00201,172.31.40.0-255,66,97081,61,251867
3066,0.00204,172.217.194.0-255,7156,104237,61,251867
3067,0.002043,172.31.40.0-255,66,104303,61,251867
3068,0.002054,172.31.40.0-255,66,104369,61,251867
3069,0.002107,172.217.194.0-255,1484,105853,61,251867
3070,0.002111,172.217.194.0-255,2902,108755,61,251867
3071,0.002114,172.31.40.0-255,66,108821,61,251867
3072,0.00212,172.217.194.0-255,5738,114559,61,251867
3073,0.002123,172.31.40.0-255,66,114625,61,251867
3074,0.002126,172.217.194.0-255,2902,117527,61,251867
3075,0.002129,172.31.40.0-255,66,117593,61,251867
3076,0.002131,172.217.194.0-255,1484,119077,61,251867
3077,0.002152,172.217.194.0-255,7156,126233,61,251867
3078,0.002155,172.31.40.0-255,66,126299,61,251867
3079,0.002171,172.217.194.0-255,1484,127783,61,251867
3080,0.002184,172.31.40.0-255,66,127849,61,251867
3081,0.004466,172.217.194.0-255,5738,133587,61,251867
3082,0.004471,172.31.40.0-255,66,133653,61,251867
3083,0.006756,172.217.194.0-255,5738,139391,61,251867
3084,0.006764,172.31.40.0-255,66,139457,61,251867
3085,0.009059,172.217.194.0-255,5738,145195,61,251867
3086,0.009066,172.31.40.0-255,66,145261,61,251867
3087,0.011364,172.217.194.0-255,5738,150999,61,251867
3088,0.011372,172.31.40.0-255,66,151065,61,251867
3089,0.013663,172.217.194.0-255,5738,156803,61,251867
3090,0.01367,172.31.40.0-255,66,156869,61,251867
3091,0.015955,172.217.194.0-255,5738,162607,61,251867
3092,0.015963,172.31.40.0-255,66,162673,61,251867
3093,0.018237,172.217.194.0-255,5738,168411,61,251867
3094,0.018245,172.31.40.0-255,66,168477,61,251867
3095,0.020541,172.217.194.0-255,5738,174215,61,251867
3096,0.020556,172.31.40.0-255,66,174281,61,251867
3097,0.022811,172.217.194.0-255,5738,180019,61,251867
3098,0.022823,172.31.40.0-255,66,180085,61,251867
3099,0.025109,172.217.194.0-255,5738,185823,61,251867
3100,0.025117,172.31.40.0-255,66,185889,61,251867
3101,0.027419,172.217.194.0-255,5738,191627,61,251867
3102,0.027426,172.31.40.0-255,66,191693,61,251867
3103,0.027638,172.31.40.0-255,172,191865,61,251867
3104,0.027666,172.31.40.0-255,1115,192980,61,251867
3105,0.027726,172.31.40.0-255,1514,194494,61,251867
3106,0.027728,172.31.40.0-255,1514,196008,61,251867
3107,0.027729,172.31.40.0-255,1514,197522,61,251867
3108,0.02773,172.31.40.0-255,1514,199036,61,251867
3109,0.027731,172.31.40.0-255,529,199565,61,251867
3110,0.029743,172.217.194.0-255,5738,205303,61,251867
3111,0.029751,172.31.40.0-255,66,205369,61,251867
3112,0.029897,104.244.42.0-255,66,205435,61,251867
3113,0.032035,172.217.194.0-255,5738,211173,61,251867
3114,0.032042,172.31.40.0-255,66,211239,61,251867
3115,0.0343,172.217.194.0-255,5738,216977,61,251867
3116,0.034306,172.31.40.0-255,66,217043,61,251867
3117,0.036584,172.217.194.0-255,5738,222781,61,251867
3118,0.036591,172.31.40.0-255,66,222847,61,251867
3119,0.038874,172.217.194.0-255,5738,228585,61,251867
3120,0.038882,172.31.40.0-255,66,228651,61,251867
3121,0.041159,172.217.194.0-255,5738,234389,61,251867
3122,0.041165,172.31.40.0-255,66,234455,61,251867
3123,0.043478,172.217.194.0-255,5738,240193,61,251867
3124,0.043484,172.31.40.0-255,66,240259,61,251867
3125,0.04575,172.217.194.0-255,5738,245997,61,251867
3126,0.045757,172.31.40.0-255,66,246063,61,251867
3127,0.048023,172.217.194.0-255,5738,251801,61,251867
3128,0.04803,172.31.40.0-255,66,251867,61,251867
3129,0.0,74.125.24.0-255,153,153,61,253274
3130,2.5e-05,172.31.40.0-255,66,219,61,253274
3131,3.2e-05,74.125.24.0-255,1484,1703,61,253274
3132,3.6e-05,172.31.40.0-255,66,1769,61,253274
3133,4.3e-05,74.125.24.0-255,2902,4671,61,253274
3134,5.4e-05,172.31.40.0-255,66,4737,61,253274
3135,6.2e-05,74.125.24.0-255,7156,11893,61,253274
3136,6.6e-05,172.31.40.0-255,66,11959,61,253274
3137,7e-05,74.125.24.0-255,2073,14032,61,253274
3138,7.3e-05,172.31.40.0-255,66,14098,61,253274
3139,7.7e-05,74.125.24.0-255,1484,15582,61,253274
3140,7.9e-05,172.31.40.0-255,66,15648,61,253274
3141,0.0001,74.125.24.0-255,1484,17132,61,253274
3142,0.000103,172.31.40.0-255,66,17198,61,253274
3143,0.000116,74.125.24.0-255,7156,24354,61,253274
3144,0.000118,172.31.40.0-255,66,24420,61,253274
3145,0.000123,74.125.24.0-255,4320,28740,61,253274
3146,0.000126,172.31.40.0-255,66,28806,61,253274
3147,0.000159,74.125.24.0-255,2543,31349,61,253274
3148,0.000162,172.31.40.0-255,66,31415,61,253274
3149,0.000251,74.125.24.0-255,1484,32899,61,253274
3150,0.000255,172.31.40.0-255,66,32965,61,253274
3151,0.00026,74.125.24.0-255,2902,35867,61,253274
3152,0.000263,172.31.40.0-255,66,35933,61,253274
3153,0.000293,74.125.24.0-255,5738,41671,61,253274
3154,0.000295,172.31.40.0-255,66,41737,61,253274
3155,0.000302,74.125.24.0-255,5738,47475,61,253274
3156,0.000305,172.31.40.0-255,66,47541,61,253274
3157,0.000342,172.31.40.0-255,66,47607,61,253274
3158,0.00035,74.125.24.0-255,7156,54763,61,253274
3159,0.000356,172.31.40.0-255,66,54829,61,253274
3160,0.000359,74.125.24.0-255,1484,56313,61,253274
3161,0.000387,74.125.24.0-255,1431,57744,61,253274
3162,0.000389,172.31.40.0-255,66,57810,61,253274
3163,0.000489,74.125.24.0-255,115,57925,61,253274
3164,0.000653,74.125.24.0-255,1484,59409,61,253274
3165,0.000658,172.31.40.0-255,66,59475,61,253274
3166,0.000665,74.125.24.0-255,2902,62377,61,253274
3167,0.000668,172.31.40.0-255,66,62443,61,253274
3168,0.000674,74.125.24.0-255,5738,68181,61,253274
3169,0.000676,172.31.40.0-255,66,68247,61,253274
3170,0.000732,172.31.40.0-255,66,68313,61,253274
3171,0.000749,172.31.40.0-255,66,68379,61,253274
3172,0.000921,74.125.24.0-255,331,68710,61,253274
3173,0.001098,74.125.24.0-255,1484,70194,61,253274
3174,0.001102,172.31.40.0-255,66,70260,61,253274
3175,0.001109,74.125.24.0-255,2902,73162,61,253274
3176,0.001111,172.31.40.0-255,66,73228,61,253274
3177,0.001122,74.125.24.0-255,5738,78966,61,253274
3178,0.001125,172.31.40.0-255,66,79032,61,253274
3179,0.001128,74.125.24.0-255,1484,80516,61,253274
3180,0.001161,74.125.24.0-255,4320,84836,61,253274
3181,0.001163,172.31.40.0-255,66,84902,61,253274
3182,0.001182,172.31.40.0-255,66,84968,61,253274
3183,0.001185,74.125.24.0-255,1484,86452,61,253274
3184,0.001211,74.125.24.0-255,3602,90054,61,253274
3185,0.001214,172.31.40.0-255,66,90120,61,253274
3186,0.00124,74.125.24.0-255,1484,91604,61,253274
3187,0.001243,74.125.24.0-255,1484,93088,61,253274
3188,0.001246,172.31.40.0-255,66,93154,61,253274
3189,0.001276,74.125.24.0-255,1484,94638,61,253274
3190,0.001282,74.125.24.0-255,5738,100376,61,253274
3191,0.001298,74.125.24.0-255,4320,104696,61,253274
3192,0.001302,172.31.40.0-255,66,104762,61,253274
3193,0.001305,172.31.40.0-255,66,104828,61,253274
3194,0.001308,172.31.40.0-255,66,104894,61,253274
3195,0.001326,74.125.24.0-255,1484,106378,61,253274
3196,0.001351,74.125.24.0-255,5020,111398,61,253274
3197,0.001354,172.31.40.0-255,66,111464,61,253274
3198,0.001549,74.125.24.0-255,1484,112948,61,253274
3199,0.001552,74.125.24.0-255,1484,114432,61,253274
3200,0.001565,172.31.40.0-255,66,114498,61,253274
3201,0.001569,74.125.24.0-255,1484,115982,61,253274
3202,0.001575,74.125.24.0-255,5738,121720,61,253274
3203,0.001581,172.31.40.0-255,66,121786,61,253274
3204,0.001587,74.125.24.0-255,4320,126106,61,253274
3205,0.00159,172.31.40.0-255,66,126172,61,253274
3206,0.001617,172.31.40.0-255,66,126238,61,253274
3207,0.001625,74.125.24.0-255,1484,127722,61,253274
3208,0.001655,74.125.24.0-255,4320,132042,61,253274
3209,0.001659,172.31.40.0-255,66,132108,61,253274
3210,0.001691,74.125.24.0-255,5020,137128,61,253274
3211,0.001695,172.31.40.0-255,66,137194,61,253274
3212,0.004007,74.125.24.0-255,5738,142932,61,253274
3213,0.004015,172.31.40.0-255,66,142998,61,253274
3214,0.006345,74.125.24.0-255,5738,148736,61,253274
3215,0.006349,172.31.40.0-255,66,148802,61,253274
3216,0.00869,74.125.24.0-255,5738,154540,61,253274
3217,0.008696,172.31.40.0-255,66,154606,61,253274
3218,0.011017,74.125.24.0-255,5738,160344,61,253274
3219,0.011026,172.31.40.0-255,66,160410,61,253274
3220,0.013388,74.125.24.0-255,5738,166148,61,253274
3221,0.013407,172.31.40.0-255,66,166214,61,253274
3222,0.015727,74.125.24.0-255,5738,171952,61,253274
3223,0.015739,172.31.40.0-255,66,172018,61,253274
3224,0.018057,74.125.24.0-255,5738,177756,61,253274
3225,0.018066,172.31.40.0-255,66,177822,61,253274
3226,0.020377,74.125.24.0-255,5738,183560,61,253274
3227,0.020384,172.31.40.0-255,66,183626,61,253274
3228,0.022703,74.125.24.0-255,5738,189364,61,253274
3229,0.02271,172.31.40.0-255,66,189430,61,253274
3230,0.025061,74.125.24.0-255,5738,195168,61,253274
3231,0.02508,172.31.40.0-255,66,195234,61,253274
3232,0.027427,74.125.24.0-255,5738,200972,61,253274
3233,0.027442,172.31.40.0-255,66,201038,61,253274
3234,0.029788,74.125.24.0-255,5738,206776,61,253274
3235,0.029806,172.31.40.0-255,66,206842,61,253274
3236,0.032151,74.125.24.0-255,5738,212580,61,253274
3237,0.03217,172.31.40.0-255,66,212646,61,253274
3238,0.034508,74.125.24.0-255,5738,218384,61,253274
3239,0.034519,172.31.40.0-255,66,218450,61,253274
3240,0.036838,74.125.24.0-255,5738,224188,61,253274
3241,0.036852,172.31.40.0-255,66,224254,61,253274
3242,0.039176,74.125.24.0-255,5738,229992,61,253274
3243,0.039184,172.31.40.0-255,66,230058,61,253274
3244,0.04154,74.125.24.0-255,5738,235796,61,253274
3245,0.041552,172.31.40.0-255,66,235862,61,253274
3246,0.043875,74.125.24.0-255,5738,241600,61,253274
3247,0.043885,172.31.40.0-255,66,241666,61,253274
3248,0.046208,74.125.24.0-255,5738,247404,61,253274
3249,0.046216,172.31.40.0-255,66,247470,61,253274
3250,0.048564,74.125.24.0-255,5738,253208,61,253274
3251,0.048582,172.31.40.0-255,66,253274,61,253274
3252,0.0,74.125.24.0-255,151,151,61,217442
3253,2.3e-05,172.31.40.0-255,66,217,61,217442
3254,3e-05,74.125.24.0-255,1484,1701,61,217442
3255,4.1e-05,172.31.40.0-255,66,1767,61,217442
3256,4.7e-05,74.125.24.0-255,2902,4669,61,217442
3257,5e-05,172.31.40.0-255,66,4735,61,217442
3258,5.8e-05,74.125.24.0-255,7156,11891,61,217442
3259,6e-05,172.31.40.0-255,66,11957,61,217442
3260,6.4e-05,74.125.24.0-255,2030,13987,61,217442
3261,6.8e-05,172.31.40.0-255,66,14053,61,217442
3262,0.000126,172.31.40.0-255,66,14119,61,217442
3263,0.00013,74.125.24.0-255,2902,17021,61,217442
3264,0.000132,172.31.40.0-255,66,17087,61,217442
3265,0.000135,74.125.24.0-255,1484,18571,61,217442
3266,0.000138,172.31.40.0-255,66,18637,61,217442
3267,0.000164,172.31.40.0-255,66,18703,61,217442
3268,0.000189,74.125.24.0-255,4320,23023,61,217442
3269,0.000192,172.31.40.0-255,66,23089,61,217442
3270,0.000197,74.125.24.0-255,3602,26691,61,217442
3271,0.000199,172.31.40.0-255,66,26757,61,217442
3272,0.000222,74.125.24.0-255,1484,28241,61,217442
3273,0.000224,172.31.40.0-255,66,28307,61,217442
3274,0.000229,74.125.24.0-255,2902,31209,61,217442
3275,0.000231,172.31.40.0-255,66,31275,61,217442
3276,0.000246,74.125.24.0-255,4320,35595,61,217442
3277,0.000248,172.31.40.0-255,66,35661,61,217442
3278,0.000271,74.125.24.0-255,1484,37145,61,217442
3279,0.000273,172.31.40.0-255,66,37211,61,217442
3280,0.000279,74.125.24.0-255,5738,42949,61,217442
3281,0.000281,172.31.40.0-255,66,43015,61,217442
3282,0.000301,74.125.24.0-255,1125,44140,61,217442
3283,0.000817,74.125.24.0-255,645,44785,61,217442
3284,0.000823,172.31.40.0-255,66,44851,61,217442
3285,0.001516,74.125.24.0-255,1484,46335,61,217442
3286,0.001527,74.125.24.0-255,2902,49237,61,217442
3287,0.001531,172.31.40.0-255,66,49303,61,217442
3288,0.00154,74.125.24.0-255,5738,55041,61,217442
3289,0.001542,172.31.40.0-255,66,55107,61,217442
3290,0.00158,172.31.40.0-255,66,55173,61,217442
3291,0.001583,74.125.24.0-255,1484,56657,61,217442
3292,0.001621,172.31.40.0-255,66,56723,61,217442
3293,0.001969,74.125.24.0-255,1484,58207,61,217442
3294,0.001976,74.125.24.0-255,2902,61109,61,217442
3295,0.00198,172.31.40.0-255,66,61175,61,217442
3296,0.001987,74.125.24.0-255,5738,66913,61,217442
3297,0.001989,172.31.40.0-255,66,66979,61,217442
3298,0.002024,74.125.24.0-255,7156,74135,61,217442
3299,0.002027,172.31.40.0-255,66,74201,61,217442
3300,0.002049,74.125.24.0-255,5738,79939,61,217442
3301,0.002051,172.31.40.0-255,66,80005,61,217442
3302,0.002063,172.31.40.0-255,66,80071,61,217442
3303,0.00415,74.125.24.0-255,2902,82973,61,217442
3304,0.004157,172.31.40.0-255,66,83039,61,217442
3305,0.004178,74.125.24.0-255,2902,85941,61,217442
3306,0.004181,172.31.40.0-255,66,86007,61,217442
3307,0.006218,74.125.24.0-255,2902,88909,61,217442
3308,0.006224,172.31.40.0-255,66,88975,61,217442
3309,0.006318,74.125.24.0-255,2902,91877,61,217442
3310,0.006322,172.31.40.0-255,66,91943,61,217442
3311,0.008336,74.125.24.0-255,2902,94845,61,217442
3312,0.008355,172.31.40.0-255,66,94911,61,217442
3313,0.008397,74.125.24.0-255,2902,97813,61,217442
3314,0.008401,172.31.40.0-255,66,97879,61,217442
3315,0.010431,74.125.24.0-255,2902,100781,61,217442
3316,0.010438,172.31.40.0-255,66,100847,61,217442
3317,0.010472,74.125.24.0-255,2902,103749,61,217442
3318,0.010475,172.31.40.0-255,66,103815,61,217442
3319,0.012584,74.125.24.0-255,5738,109553,61,217442
3320,0.012592,172.31.40.0-255,66,109619,61,217442
3321,0.014675,74.125.24.0-255,5738,115357,61,217442
3322,0.014683,172.31.40.0-255,66,115423,61,217442
3323,0.016773,74.125.24.0-255,5738,121161,61,217442
3324,0.016779,172.31.40.0-255,66,121227,61,217442
3325,0.018962,74.125.24.0-255,5738,126965,61,217442
3326,0.018971,172.31.40.0-255,66,127031,61,217442
3327,0.021044,74.125.24.0-255,5738,132769,61,217442
3328,0.021052,172.31.40.0-255,66,132835,61,217442
3329,0.023212,74.125.24.0-255,5738,138573,61,217442
3330,0.023218,172.31.40.0-255,66,138639,61,217442
3331,0.025417,74.125.24.0-255,5738,144377,61,217442
3332,0.025424,172.31.40.0-255,66,144443,61,217442
3333,0.027476,74.125.24.0-255,2902,147345,61,217442
3334,0.027482,172.31.40.0-255,66,147411,61,217442
3335,0.027498,74.125.24.0-255,2902,150313,61,217442
3336,0.027501,172.31.40.0-255,66,150379,61,217442
3337,0.02958,74.125.24.0-255,5738,156117,61,217442
3338,0.029587,172.31.40.0-255,66,156183,61,217442
3339,0.031748,74.125.24.0-255,5738,161921,61,217442
3340,0.031754,172.31.40.0-255,66,161987,61,217442
3341,0.032328,172.31.40.0-255,172,162159,61,217442
3342,0.032362,172.31.40.0-255,1120,163279,61,217442
3343,0.032427,172.31.40.0-255,1514,164793,61,217442
3344,0.032428,172.31.40.0-255,1514,166307,61,217442
3345,0.032433,172.31.40.0-255,1514,167821,61,217442
3346,0.032434,172.31.40.0-255,1514,169335,61,217442
3347,0.032458,172.31.40.0-255,1477,170812,61,217442
3348,0.0339,74.125.24.0-255,5738,176550,61,217442
3349,0.033907,172.31.40.0-255,66,176616,61,217442
3350,0.033928,104.244.42.0-255,66,176682,61,217442
3351,0.033934,104.244.42.0-255,66,176748,61,217442
3352,0.034072,104.244.42.0-255,66,176814,61,217442
3353,0.036013,74.125.24.0-255,5738,182552,61,217442
3354,0.036019,172.31.40.0-255,66,182618,61,217442
3355,0.038087,74.125.24.0-255,5738,188356,61,217442
3356,0.038095,172.31.40.0-255,66,188422,61,217442
3357,0.040197,74.125.24.0-255,5738,194160,61,217442
3358,0.04021,172.31.40.0-255,66,194226,61,217442
3359,0.042366,74.125.24.0-255,5738,199964,61,217442
3360,0.042374,172.31.40.0-255,66,200030,61,217442
3361,0.044499,74.125.24.0-255,5738,205768,61,217442
3362,0.04452,172.31.40.0-255,66,205834,61,217442
3363,0.046604,74.125.24.0-255,5738,211572,61,217442
3364,0.046619,172.31.40.0-255,66,211638,61,217442
3365,0.0487,74.125.24.0-255,5738,217376,61,217442
3366,0.048713,172.31.40.0-255,66,217442,61,217442
3367,0.0,172.217.27.0-255,298,298,61,268563
3368,2.2e-05,172.31.40.0-255,66,364,61,268563
3369,2.8e-05,172.217.27.0-255,1484,1848,61,268563
3370,3.3e-05,172.31.40.0-255,66,1914,61,268563
3371,4e-05,172.217.27.0-255,4320,6234,61,268563
3372,4.4e-05,172.31.40.0-255,66,6300,61,268563
3373,4.7e-05,172.217.27.0-255,1484,7784,61,268563
3374,5e-05,172.31.40.0-255,66,7850,61,268563
3375,5.5e-05,172.217.27.0-255,2902,10752,61,268563
3376,5.8e-05,172.31.40.0-255,66,10818,61,268563
3377,0.0001,172.217.27.0-255,3356,14174,61,268563
3378,0.000103,172.31.40.0-255,66,14240,61,268563
3379,0.000222,172.217.27.0-255,1484,15724,61,268563
3380,0.000225,172.31.40.0-255,66,15790,61,268563
3381,0.00023,172.217.27.0-255,2902,18692,61,268563
3382,0.000233,172.31.40.0-255,66,18758,61,268563
3383,0.000238,172.217.27.0-255,4320,23078,61,268563
3384,0.000241,172.31.40.0-255,66,23144,61,268563
3385,0.000244,172.217.27.0-255,1484,24628,61,268563
3386,0.000246,172.31.40.0-255,66,24694,61,268563
3387,0.000271,172.217.27.0-255,4320,29014,61,268563
3388,0.000274,172.31.40.0-255,66,29080,61,268563
3389,0.000291,172.217.27.0-255,2543,31623,61,268563
3390,0.000294,172.31.40.0-255,66,31689,61,268563
3391,0.00034,172.217.27.0-255,1484,33173,61,268563
3392,0.000343,172.31.40.0-255,66,33239,61,268563
3393,0.000348,172.217.27.0-255,2902,36141,61,268563
3394,0.00035,172.31.40.0-255,66,36207,61,268563
3395,0.000371,172.217.27.0-255,5738,41945,61,268563
3396,0.000374,172.31.40.0-255,66,42011,61,268563
3397,0.000392,172.217.27.0-255,4320,46331,61,268563
3398,0.000394,172.31.40.0-255,66,46397,61,268563
3399,0.000416,172.217.27.0-255,2543,48940,61,268563
3400,0.000419,172.31.40.0-255,66,49006,61,268563
3401,0.000569,172.217.27.0-255,1484,50490,61,268563
3402,0.000586,172.217.27.0-255,2902,53392,61,268563
3403,0.000589,172.31.40.0-255,66,53458,61,268563
3404,0.000592,172.217.27.0-255,1484,54942,61,268563
3405,0.000597,172.217.27.0-255,2902,57844,61,268563
3406,0.000599,172.31.40.0-255,66,57910,61,268563
3407,0.000627,172.217.27.0-255,5738,63648,61,268563
3408,0.00063,172.31.40.0-255,66,63714,61,268563
3409,0.000658,172.217.27.0-255,1484,65198,61,268563
3410,0.000673,172.217.27.0-255,1416,66614,61,268563
3411,0.000676,172.31.40.0-255,66,66680,61,268563
3412,0.000895,172.217.27.0-255,137,66817,61,268563
3413,0.000943,172.217.27.0-255,346,67163,61,268563
3414,0.00132,172.217.27.0-255,1484,68647,61,268563
3415,0.001324,172.31.40.0-255,66,68713,61,268563
3416,0.001329,172.217.27.0-255,2902,71615,61,268563
3417,0.001331,172.31.40.0-255,66,71681,61,268563
3418,0.001363,172.217.27.0-255,4320,76001,61,268563
3419,0.001366,172.31.40.0-255,66,76067,61,268563
3420,0.001371,172.217.27.0-255,4320,80387,61,268563
3421,0.001374,172.31.40.0-255,66,80453,61,268563
3422,0.001377,172.217.27.0-255,1484,81937,61,268563
3423,0.001394,172.217.27.0-255,2543,84480,61,268563
3424,0.001397,172.31.40.0-255,66,84546,61,268563
3425,0.001402,172.217.27.0-255,4320,88866,61,268563
3426,0.001404,172.31.40.0-255,66,88932,61,268563
3427,0.001431,172.217.27.0-255,7156,96088,61,268563
3428,0.001433,172.31.40.0-255,66,96154,61,268563
3429,0.00147,172.217.27.0-255,5379,101533,61,268563
3430,0.001473,172.31.40.0-255,66,101599,61,268563
3431,0.003092,172.217.27.0-255,5738,107337,61,268563
3432,0.003098,172.31.40.0-255,66,107403,61,268563
3433,0.004734,172.217.27.0-255,5738,113141,61,268563
3434,0.004742,172.31.40.0-255,66,113207,61,268563
3435,0.00636,172.217.27.0-255,5738,118945,61,268563
3436,0.006363,172.31.40.0-255,66,119011,61,268563
3437,0.008003,172.217.27.0-255,5738,124749,61,268563
3438,0.00801,172.31.40.0-255,66,124815,61,268563
3439,0.009635,172.217.27.0-255,5738,130553,61,268563
3440,0.009642,172.31.40.0-255,66,130619,61,268563
3441,0.011255,172.217.27.0-255,5738,136357,61,268563
3442,0.011262,172.31.40.0-255,66,136423,61,268563
3443,0.012917,172.217.27.0-255,5738,142161,61,268563
3444,0.012924,172.31.40.0-255,66,142227,61,268563
3445,0.014554,172.217.27.0-255,5738,147965,61,268563
3446,0.014564,172.31.40.0-255,66,148031,61,268563
3447,0.016192,172.217.27.0-255,5738,153769,61,268563
3448,0.0162,172.31.40.0-255,66,153835,61,268563
3449,0.017836,172.217.27.0-255,5738,159573,61,268563
3450,0.017846,172.31.40.0-255,66,159639,61,268563
3451,0.019575,172.217.27.0-255,5738,165377,61,268563
3452,0.019584,172.31.40.0-255,66,165443,61,268563
3453,0.021212,172.217.27.0-255,5738,171181,61,268563
3454,0.021219,172.31.40.0-255,66,171247,61,268563
3455,0.022846,172.217.27.0-255,5738,176985,61,268563
3456,0.022853,172.31.40.0-255,66,177051,61,268563
3457,0.024475,172.217.27.0-255,5738,182789,61,268563
3458,0.024483,172.31.40.0-255,66,182855,61,268563
3459,0.02611,172.217.27.0-255,5738,188593,61,268563
3460,0.026117,172.31.40.0-255,66,188659,61,268563
3461,0.027743,172.217.27.0-255,5738,194397,61,268563
3462,0.027751,172.31.40.0-255,66,194463,61,268563
3463,0.029375,172.217.27.0-255,5738,200201,61,268563
3464,0.029383,172.31.40.0-255,66,200267,61,268563
3465,0.031006,172.217.27.0-255,4320,204587,61,268563
3466,0.031014,172.31.40.0-255,66,204653,61,268563
3467,0.031034,172.217.27.0-255,1484,206137,61,268563
3468,0.03265,172.217.27.0-255,4320,210457,61,268563
3469,0.032665,172.31.40.0-255,66,210523,61,268563
3470,0.034304,172.217.27.0-255,5738,216261,61,268563
3471,0.034314,172.31.40.0-255,66,216327,61,268563
3472,0.035963,172.217.27.0-255,5738,222065,61,268563
3473,0.035974,172.31.40.0-255,66,222131,61,268563
3474,0.037606,172.217.27.0-255,5738,227869,61,268563
3475,0.037618,172.31.40.0-255,66,227935,61,268563
3476,0.039243,172.217.27.0-255,5738,233673,61,268563
3477,0.039255,172.31.40.0-255,66,233739,61,268563
3478,0.040872,172.217.27.0-255,5738,239477,61,268563
3479,0.040878,172.31.40.0-255,66,239543,61,268563
3480,0.042513,172.217.27.0-255,5738,245281,61,268563
3481,0.04252,172.31.40.0-255,66,245347,61,268563
3482,0.044184,172.217.27.0-255,5738,251085,61,268563
3483,0.044192,172.31.40.0-255,66,251151,61,268563
3484,0.045822,172.217.27.0-255,5738,256889,61,268563
3485,0.045833,172.31.40.0-255,66,256955,61,268563
3486,0.047465,172.217.27.0-255,5738,262693,61,268563
3487,0.047472,172.31.40.0-255,66,262759,61,268563
3488,0.049119,172.217.27.0-255,5738,268497,61,268563
3489,0.049131,172.31.40.0-255,66,268563,61,268563
3490,0.0,74.125.24.0-255,291,291,61,188516
3491,2.3e-05,172.31.40.0-255,66,357,61,188516
3492,3e-05,74.125.24.0-255,1484,1841,61,188516
3493,3.5e-05,172.31.40.0-255,66,1907,61,188516
3494,5e-05,74.125.24.0-255,2902,4809,61,188516
3495,5.3e-05,172.31.40.0-255,66,4875,61,188516
3496,6.1e-05,74.125.24.0-255,5738,10613,61,188516
3497,6.4e-05,172.31.40.0-255,66,10679,61,188516
3498,6.9e-05,74.125.24.0-255,3223,13902,61,188516
3499,7.2e-05,172.31.40.0-255,66,13968,61,188516
3500,0.000253,74.125.24.0-255,1484,15452,61,188516
3501,0.000258,172.31.40.0-255,66,15518,61,188516
3502,0.000264,74.125.24.0-255,2902,18420,61,188516
3503,0.000267,172.31.40.0-255,66,18486,61,188516
3504,0.000277,74.125.24.0-255,4320,22806,61,188516
3505,0.000279,172.31.40.0-255,66,22872,61,188516
3506,0.000305,74.125.24.0-255,1484,24356,61,188516
3507,0.000308,172.31.40.0-255,66,24422,61,188516
3508,0.000315,74.125.24.0-255,5738,30160,61,188516
3509,0.000318,172.31.40.0-255,66,30226,61,188516
3510,0.000341,74.125.24.0-255,1125,31351,61,188516
3511,0.000343,172.31.40.0-255,66,31417,61,188516
3512,0.000464,74.125.24.0-255,1484,32901,61,188516
3513,0.000469,172.31.40.0-255,66,32967,61,188516
3514,0.000475,74.125.24.0-255,2902,35869,61,188516
3515,0.000478,172.31.40.0-255,66,35935,61,188516
3516,0.000488,74.125.24.0-255,4320,40255,61,188516
3517,0.000491,172.31.40.0-255,66,40321,61,188516
3518,0.000515,74.125.24.0-255,1484,41805,61,188516
3519,0.000531,172.31.40.0-255,66,41871,61,188516
3520,0.000535,172.31.40.0-255,66,41937,61,188516
3521,0.000555,74.125.24.0-255,1125,43062,61,188516
3522,0.000564,74.125.24.0-255,7156,50218,61,188516
3523,0.000592,74.125.24.0-255,2874,53092,61,188516
3524,0.000595,74.125.24.0-255,112,53204,61,188516
3525,0.000607,172.31.40.0-255,66,53270,61,188516
3526,0.000625,74.125.24.0-255,333,53603,61,188516
3527,0.000858,74.125.24.0-255,1484,55087,61,188516
3528,0.000875,172.31.40.0-255,66,55153,61,188516
3529,0.00088,74.125.24.0-255,2902,58055,61,188516
3530,0.000886,74.125.24.0-255,5738,63793,61,188516
3531,0.000897,172.31.40.0-255,66,63859,61,188516
3532,0.000934,74.125.24.0-255,2902,66761,61,188516
3533,0.000985,172.31.40.0-255,66,66827,61,188516
3534,0.001228,74.125.24.0-255,1484,68311,61,188516
3535,0.001234,74.125.24.0-255,2902,71213,61,188516
3536,0.001237,172.31.40.0-255,66,71279,61,188516
3537,0.001242,74.125.24.0-255,1484,72763,61,188516
3538,0.001267,74.125.24.0-255,4320,77083,61,188516
3539,0.001275,74.125.24.0-255,7156,84239,61,188516
3540,0.001285,172.31.40.0-255,66,84305,61,188516
3541,0.001315,74.125.24.0-255,5738,90043,61,188516
3542,0.001346,74.125.24.0-255,3602,93645,61,188516
3543,0.001351,74.125.24.0-255,4320,97965,61,188516
3544,0.001382,74.125.24.0-255,1484,99449,61,188516
3545,0.001392,172.31.40.0-255,66,99515,61,188516
3546,0.001457,172.31.40.0-255,66,99581,61,188516
3547,0.001787,74.125.24.0-255,1484,101065,61,188516
3548,0.001792,74.125.24.0-255,1484,102549,61,188516
3549,0.001806,74.125.24.0-255,1484,104033,61,188516
3550,0.001813,74.125.24.0-255,5738,109771,61,188516
3551,0.001816,74.125.24.0-255,1484,111255,61,188516
3552,0.001823,172.31.40.0-255,66,111321,61,188516
3553,0.001868,172.31.40.0-255,66,111387,61,188516
3554,0.001892,172.31.40.0-255,66,111453,61,188516
3555,0.001918,74.125.24.0-255,1484,112937,61,188516
3556,0.001923,74.125.24.0-255,2902,115839,61,188516
3557,0.001938,74.125.24.0-255,5738,121577,61,188516
3558,0.001943,74.125.24.0-255,2902,124479,61,188516
3559,0.001968,172.31.40.0-255,66,124545,61,188516
3560,0.001975,74.125.24.0-255,1484,126029,61,188516
3561,0.001981,172.31.40.0-255,66,126095,61,188516
3562,0.002002,74.125.24.0-255,5738,131833,61,188516
3563,0.002018,172.31.40.0-255,66,131899,61,188516
3564,0.002028,74.125.24.0-255,5020,136919,61,188516
3565,0.002038,172.31.40.0-255,66,136985,61,188516
3566,0.002128,74.125.24.0-255,1484,138469,61,188516
3567,0.002143,74.125.24.0-255,2902,141371,61,188516
3568,0.002151,172.31.40.0-255,66,141437,61,188516
3569,0.00217,74.125.24.0-255,5738,147175,61,188516
3570,0.002292,74.125.24.0-255,1484,148659,61,188516
3571,0.002297,74.125.24.0-255,2902,151561,61,188516
3572,0.0023,74.125.24.0-255,1484,153045,61,188516
3573,0.00232,74.125.24.0-255,4320,157365,61,188516
3574,0.002325,74.125.24.0-255,4320,161685,61,188516
3575,0.002357,74.125.24.0-255,1484,163169,61,188516
3576,0.002411,74.125.24.0-255,5738,168907,61,188516
3577,0.002484,74.125.24.0-255,1484,170391,61,188516
3578,0.002524,74.125.24.0-255,7156,177547,61,188516
3579,0.011512,172.31.40.0-255,66,177613,61,188516
3580,0.011884,74.125.24.0-255,1337,178950,61,188516
3581,0.014436,172.31.40.0-255,66,179016,61,188516
3582,0.014471,172.31.40.0-255,105,179121,61,188516
3583,0.017037,74.125.24.0-255,66,179187,61,188516
3584,0.046251,172.31.40.0-255,172,179359,61,188516
3585,0.046282,172.31.40.0-255,1116,180475,61,188516
3586,0.04635,172.31.40.0-255,1514,181989,61,188516
3587,0.046351,172.31.40.0-255,1514,183503,61,188516
3588,0.046358,172.31.40.0-255,1514,185017,61,188516
3589,0.046359,172.31.40.0-255,1514,186531,61,188516
3590,0.046378,172.31.40.0-255,1514,188045,61,188516
3591,0.046379,172.31.40.0-255,207,188252,61,188516
3592,0.047808,104.244.42.0-255,66,188318,61,188516
3593,0.04782,104.244.42.0-255,66,188384,61,188516
3594,0.047906,104.244.42.0-255,66,188450,61,188516
3595,0.047939,104.244.42.0-255,66,188516,61,188516
3596,0.0,172.217.27.0-255,146,146,61,267110
3597,1.8e-05,172.31.40.0-255,66,212,61,267110
3598,2.5e-05,172.217.27.0-255,1484,1696,61,267110
3599,3e-05,172.31.40.0-255,66,1762,61,267110
3600,3.6e-05,172.217.27.0-255,2902,4664,61,267110
3601,3.9e-05,172.31.40.0-255,66,4730,61,267110
3602,5.1e-05,172.217.27.0-255,1484,6214,61,267110
3603,5.4e-05,172.31.40.0-255,66,6280,61,267110
3604,7e-05,172.217.27.0-255,5738,12018,61,267110
3605,7.3e-05,172.31.40.0-255,66,12084,61,267110
3606,8e-05,172.217.27.0-255,6389,18473,61,267110
3607,8.3e-05,172.31.40.0-255,66,18539,61,267110
3608,9.5e-05,172.217.27.0-255,7156,25695,61,267110
3609,9.8e-05,172.31.40.0-255,66,25761,61,267110
3610,0.000101,172.217.27.0-255,1484,27245,61,267110
3611,0.000103,172.31.40.0-255,66,27311,61,267110
3612,0.000137,172.217.27.0-255,3961,31272,61,267110
3613,0.00014,172.31.40.0-255,66,31338,61,267110
3614,0.000147,172.217.27.0-255,5738,37076,61,267110
3615,0.00015,172.31.40.0-255,66,37142,61,267110
3616,0.000214,172.31.40.0-255,66,37208,61,267110
3617,0.000217,172.217.27.0-255,1125,38333,61,267110
3618,0.000219,172.31.40.0-255,66,38399,61,267110
3619,0.000374,172.217.27.0-255,1484,39883,61,267110
3620,0.000379,172.31.40.0-255,66,39949,61,267110
3621,0.000406,172.217.27.0-255,2902,42851,61,267110
3622,0.000409,172.31.40.0-255,66,42917,61,267110
3623,0.000415,172.217.27.0-255,5738,48655,61,267110
3624,0.000417,172.31.40.0-255,66,48721,61,267110
3625,0.000425,172.217.27.0-255,1484,50205,61,267110
3626,0.000427,172.31.40.0-255,66,50271,61,267110
3627,0.00046,172.217.27.0-255,5672,55943,61,267110
3628,0.000463,172.31.40.0-255,66,56009,61,267110
3629,0.000623,172.217.27.0-255,136,56145,61,267110
3630,0.000913,172.217.27.0-255,344,56489,61,267110
3631,0.001059,172.217.27.0-255,1484,57973,61,267110
3632,0.001063,172.31.40.0-255,66,58039,61,267110
3633,0.001069,172.217.27.0-255,2902,60941,61,267110
3634,0.001071,172.31.40.0-255,66,61007,61,267110
3635,0.001075,172.217.27.0-255,2902,63909,61,267110
3636,0.001077,172.31.40.0-255,66,63975,61,267110
3637,0.001116,172.217.27.0-255,2902,66877,61,267110
3638,0.001126,172.217.27.0-255,5738,72615,61,267110
3639,0.00113,172.217.27.0-255,2902,75517,61,267110
3640,0.001134,172.31.40.0-255,66,75583,61,267110
3641,0.001138,172.31.40.0-255,66,75649,61,267110
3642,0.00114,172.31.40.0-255,66,75715,61,267110
3643,0.001159,172.217.27.0-255,2543,78258,61,267110
3644,0.001166,172.217.27.0-255,5738,83996,61,267110
3645,0.00117,172.31.40.0-255,66,84062,61,267110
3646,0.001173,172.31.40.0-255,66,84128,61,267110
3647,0.001206,172.217.27.0-255,6797,90925,61,267110
3648,0.001209,172.31.40.0-255,66,90991,61,267110
3649,0.00284,172.217.27.0-255,4320,95311,61,267110
3650,0.002846,172.31.40.0-255,66,95377,61,267110
3651,0.002877,172.217.27.0-255,1484,96861,61,267110
3652,0.004461,172.217.27.0-255,4320,101181,61,267110
3653,0.004464,172.31.40.0-255,66,101247,61,267110
3654,0.006084,172.217.27.0-255,5738,106985,61,267110
3655,0.006088,172.31.40.0-255,66,107051,61,267110
3656,0.00772,172.217.27.0-255,5738,112789,61,267110
3657,0.00773,172.31.40.0-255,66,112855,61,267110
3658,0.00938,172.217.27.0-255,5738,118593,61,267110
3659,0.009387,172.31.40.0-255,66,118659,61,267110
3660,0.011009,172.217.27.0-255,5738,124397,61,267110
3661,0.011015,172.31.40.0-255,66,124463,61,267110
3662,0.012637,172.217.27.0-255,5738,130201,61,267110
3663,0.012643,172.31.40.0-255,66,130267,61,267110
3664,0.014272,172.217.27.0-255,5738,136005,61,267110
3665,0.014279,172.31.40.0-255,66,136071,61,267110
3666,0.01592,172.217.27.0-255,5738,141809,61,267110
3667,0.01593,172.31.40.0-255,66,141875,61,267110
3668,0.017569,172.217.27.0-255,5738,147613,61,267110
3669,0.017577,172.31.40.0-255,66,147679,61,267110
3670,0.019266,172.217.27.0-255,5738,153417,61,267110
3671,0.019272,172.31.40.0-255,66,153483,61,267110
3672,0.020904,172.217.27.0-255,5738,159221,61,267110
3673,0.020911,172.31.40.0-255,66,159287,61,267110
3674,0.022534,172.217.27.0-255,1484,160771,61,267110
3675,0.022557,172.217.27.0-255,4320,165091,61,267110
3676,0.022562,172.31.40.0-255,66,165157,61,267110
3677,0.024195,172.217.27.0-255,5738,170895,61,267110
3678,0.024203,172.31.40.0-255,66,170961,61,267110
3679,0.025833,172.217.27.0-255,5738,176699,61,267110
3680,0.025842,172.31.40.0-255,66,176765,61,267110
3681,0.027467,172.217.27.0-255,5738,182503,61,267110
3682,0.027474,172.31.40.0-255,66,182569,61,267110
3683,0.029093,172.217.27.0-255,5738,188307,61,267110
3684,0.029099,172.31.40.0-255,66,188373,61,267110
3685,0.030723,172.217.27.0-255,5738,194111,61,267110
3686,0.030732,172.31.40.0-255,66,194177,61,267110
3687,0.03237,172.217.27.0-255,5738,199915,61,267110
3688,0.032377,172.31.40.0-255,66,199981,61,267110
3689,0.034002,172.217.27.0-255,5738,205719,61,267110
3690,0.034011,172.31.40.0-255,66,205785,61,267110
3691,0.035678,172.217.27.0-255,5738,211523,61,267110
3692,0.035685,172.31.40.0-255,66,211589,61,267110
3693,0.037312,172.217.27.0-255,5738,217327,61,267110
3694,0.037318,172.31.40.0-255,66,217393,61,267110
3695,0.037805,172.31.40.0-255,172,217565,61,267110
3696,0.037835,172.31.40.0-255,1121,218686,61,267110
3697,0.037907,172.31.40.0-255,1514,220200,61,267110
3698,0.037928,172.31.40.0-255,1514,221714,61,267110
3699,0.037931,172.31.40.0-255,1514,223228,61,267110
3700,0.037947,172.31.40.0-255,1514,224742,61,267110
3701,0.037964,172.31.40.0-255,1476,226218,61,267110
3702,0.038958,172.217.27.0-255,5738,231956,61,267110
3703,0.038965,172.31.40.0-255,66,232022,61,267110
3704,0.039327,104.244.42.0-255,66,232088,61,267110
3705,0.039373,104.244.42.0-255,66,232154,61,267110
3706,0.039499,104.244.42.0-255,66,232220,61,267110
3707,0.039536,104.244.42.0-255,66,232286,61,267110
3708,0.040623,172.217.27.0-255,5738,238024,61,267110
3709,0.04063,172.31.40.0-255,66,238090,61,267110
3710,0.042272,172.217.27.0-255,5738,243828,61,267110
3711,0.042279,172.31.40.0-255,66,243894,61,267110
3712,0.043922,172.217.27.0-255,5738,249632,61,267110
3713,0.043939,172.31.40.0-255,66,249698,61,267110
3714,0.045606,172.217.27.0-255,5738,255436,61,267110
3715,0.045616,172.31.40.0-255,66,255502,61,267110
3716,0.04726,172.217.27.0-255,5738,261240,61,267110
3717,0.047269,172.31.40.0-255,66,261306,61,267110
3718,0.048908,172.217.27.0-255,5738,267044,61,267110
3719,0.048919,172.31.40.0-255,66,267110,61,267110
3720,0.0,74.125.200.0-255,151,151,61,232907
3721,2.3e-05,172.31.40.0-255,66,217,61,232907
3722,3e-05,74.125.200.0-255,1484,1701,61,232907
3723,3.5e-05,172.31.40.0-255,66,1767,61,232907
3724,4e-05,74.125.200.0-255,2902,4669,61,232907
3725,4.3e-05,172.31.40.0-255,66,4735,61,232907
3726,5.8e-05,74.125.200.0-255,5738,10473,61,232907
3727,6.1e-05,172.31.40.0-255,66,10539,61,232907
3728,6.6e-05,74.125.200.0-255,3556,14095,61,232907
3729,6.9e-05,172.31.40.0-255,66,14161,61,232907
3730,0.000292,74.125.200.0-255,1484,15645,61,232907
3731,0.000299,172.31.40.0-255,66,15711,61,232907
3732,0.000305,74.125.200.0-255,2902,18613,61,232907
3733,0.000307,172.31.40.0-255,66,18679,61,232907
3734,0.000312,74.125.200.0-255,2902,21581,61,232907
3735,0.000319,172.31.40.0-255,66,21647,61,232907
3736,0.000324,74.125.200.0-255,4320,25967,61,232907
3737,0.000326,172.31.40.0-255,66,26033,61,232907
3738,0.000366,74.125.200.0-255,4320,30353,61,232907
3739,0.00037,172.31.40.0-255,66,30419,61,232907
3740,0.000394,74.125.200.0-255,2543,32962,61,232907
3741,0.000397,172.31.40.0-255,66,33028,61,232907
3742,0.000401,74.125.200.0-255,2902,35930,61,232907
3743,0.000403,172.31.40.0-255,66,35996,61,232907
3744,0.000426,74.125.200.0-255,4320,40316,61,232907
3745,0.000433,172.31.40.0-255,66,40382,61,232907
3746,0.000437,74.125.200.0-255,2902,43284,61,232907
3747,0.000439,172.31.40.0-255,66,43350,61,232907
3748,0.000471,74.125.200.0-255,4320,47670,61,232907
3749,0.000474,172.31.40.0-255,66,47736,61,232907
3750,0.000485,74.125.200.0-255,1125,48861,61,232907
3751,0.000491,172.31.40.0-255,66,48927,61,232907
3752,0.000569,74.125.200.0-255,1484,50411,61,232907
3753,0.000587,74.125.200.0-255,2902,53313,61,232907
3754,0.000591,172.31.40.0-255,66,53379,61,232907
3755,0.000609,74.125.200.0-255,1484,54863,61,232907
3756,0.000627,74.125.200.0-255,4320,59183,61,232907
3757,0.00063,172.31.40.0-255,66,59249,61,232907
3758,0.000633,74.125.200.0-255,1484,60733,61,232907
3759,0.000704,74.125.200.0-255,5379,66112,61,232907
3760,0.000708,172.31.40.0-255,66,66178,61,232907
3761,0.000937,74.125.200.0-255,647,66825,61,232907
3762,0.001072,74.125.200.0-255,1484,68309,61,232907
3763,0.001076,172.31.40.0-255,66,68375,61,232907
3764,0.001081,74.125.200.0-255,2902,71277,61,232907
3765,0.001084,172.31.40.0-255,66,71343,61,232907
3766,0.001114,74.125.200.0-255,5738,77081,61,232907
3767,0.001116,172.31.40.0-255,66,77147,61,232907
3768,0.001122,74.125.200.0-255,4320,81467,61,232907
3769,0.001124,172.31.40.0-255,66,81533,61,232907
3770,0.001146,74.125.200.0-255,3961,85494,61,232907
3771,0.001149,172.31.40.0-255,66,85560,61,232907
3772,0.001159,172.31.40.0-255,66,85626,61,232907
3773,0.001188,74.125.200.0-255,6797,92423,61,232907
3774,0.00119,172.31.40.0-255,66,92489,61,232907
3775,0.001501,74.125.200.0-255,1484,93973,61,232907
3776,0.001508,74.125.200.0-255,2902,96875,61,232907
3777,0.001511,172.31.40.0-255,66,96941,61,232907
3778,0.001517,74.125.200.0-255,2902,99843,61,232907
3779,0.001518,172.31.40.0-255,66,99909,61,232907
3780,0.001539,74.125.200.0-255,2902,102811,61,232907
3781,0.001542,172.31.40.0-255,66,102877,61,232907
3782,0.001569,74.125.200.0-255,5738,108615,61,232907
3783,0.001571,172.31.40.0-255,66,108681,61,232907
3784,0.001605,74.125.200.0-255,1484,110165,61,232907
3785,0.001621,172.31.40.0-255,66,110231,61,232907
3786,0.001625,74.125.200.0-255,2184,112415,61,232907
3787,0.001627,172.31.40.0-255,66,112481,61,232907
3788,0.003935,74.125.200.0-255,5738,118219,61,232907
3789,0.003942,172.31.40.0-255,66,118285,61,232907
3790,0.006252,74.125.200.0-255,5738,124023,61,232907
3791,0.006256,172.31.40.0-255,66,124089,61,232907
3792,0.008562,74.125.200.0-255,5738,129827,61,232907
3793,0.00857,172.31.40.0-255,66,129893,61,232907
3794,0.010876,74.125.200.0-255,5738,135631,61,232907
3795,0.010883,172.31.40.0-255,66,135697,61,232907
3796,0.013185,74.125.200.0-255,5738,141435,61,232907
3797,0.013194,172.31.40.0-255,66,141501,61,232907
3798,0.015514,74.125.200.0-255,5738,147239,61,232907
3799,0.015525,172.31.40.0-255,66,147305,61,232907
3800,0.017844,74.125.200.0-255,5738,153043,61,232907
3801,0.017856,172.31.40.0-255,66,153109,61,232907
3802,0.020179,74.125.200.0-255,5738,158847,61,232907
3803,0.02019,172.31.40.0-255,66,158913,61,232907
3804,0.022504,74.125.200.0-255,5738,164651,61,232907
3805,0.022512,172.31.40.0-255,66,164717,61,232907
3806,0.024832,74.125.200.0-255,5738,170455,61,232907
3807,0.024841,172.31.40.0-255,66,170521,61,232907
3808,0.027156,74.125.200.0-255,5738,176259,61,232907
3809,0.027162,172.31.40.0-255,66,176325,61,232907
3810,0.028029,172.31.40.0-255,171,176496,61,232907
3811,0.028064,172.31.40.0-255,1145,177641,61,232907
3812,0.028122,172.31.40.0-255,1514,179155,61,232907
3813,0.028143,172.31.40.0-255,1252,180407,61,232907
3814,0.02947,74.125.200.0-255,5738,186145,61,232907
3815,0.029478,172.31.40.0-255,66,186211,61,232907
3816,0.02956,104.244.42.0-255,66,186277,61,232907
3817,0.0296,104.244.42.0-255,66,186343,61,232907
3818,0.029654,104.244.42.0-255,66,186409,61,232907
3819,0.029682,104.244.42.0-255,66,186475,61,232907
3820,0.031783,74.125.200.0-255,5738,192213,61,232907
3821,0.031793,172.31.40.0-255,66,192279,61,232907
3822,0.03411,74.125.200.0-255,5738,198017,61,232907
3823,0.034118,172.31.40.0-255,66,198083,61,232907
3824,0.03644,74.125.200.0-255,5738,203821,61,232907
3825,0.036447,172.31.40.0-255,66,203887,61,232907
3826,0.038748,74.125.200.0-255,5738,209625,61,232907
3827,0.038754,172.31.40.0-255,66,209691,61,232907
3828,0.041089,74.125.200.0-255,5738,215429,61,232907
3829,0.041099,172.31.40.0-255,66,215495,61,232907
3830,0.043415,74.125.200.0-255,5738,221233,61,232907
3831,0.043422,172.31.40.0-255,66,221299,61,232907
3832,0.045735,74.125.200.0-255,5738,227037,61,232907
3833,0.045742,172.31.40.0-255,66,227103,61,232907
3834,0.048054,74.125.200.0-255,5738,232841,61,232907
3835,0.048062,172.31.40.0-255,66,232907,61,232907
3836,0.0,74.125.24.0-255,153,153,61,304358
3837,2.3e-05,172.31.40.0-255,66,219,61,304358
3838,3e-05,74.125.24.0-255,1484,1703,61,304358
3839,3.4e-05,172.31.40.0-255,66,1769,61,304358
3840,4.7e-05,74.125.24.0-255,2902,4671,61,304358
3841,5e-05,172.31.40.0-255,66,4737,61,304358
3842,5.8e-05,74.125.24.0-255,7156,11893,61,304358
3843,6.1e-05,172.31.40.0-255,66,11959,61,304358
3844,6.4e-05,74.125.24.0-255,2130,14089,61,304358
3845,6.8e-05,172.31.40.0-255,66,14155,61,304358
3846,9.5e-05,74.125.24.0-255,2902,17057,61,304358
3847,9.9e-05,172.31.40.0-255,66,17123,61,304358
3848,0.000106,74.125.24.0-255,7156,24279,61,304358
3849,0.000109,172.31.40.0-255,66,24345,61,304358
3850,0.000158,74.125.24.0-255,6797,31142,61,304358
3851,0.000161,172.31.40.0-255,66,31208,61,304358
3852,0.000354,74.125.24.0-255,1484,32692,61,304358
3853,0.000359,172.31.40.0-255,66,32758,61,304358
3854,0.000365,74.125.24.0-255,2902,35660,61,304358
3855,0.000367,172.31.40.0-255,66,35726,61,304358
3856,0.000399,74.125.24.0-255,5738,41464,61,304358
3857,0.000402,172.31.40.0-255,66,41530,61,304358
3858,0.00041,74.125.24.0-255,6797,48327,61,304358
3859,0.000412,172.31.40.0-255,66,48393,61,304358
3860,0.000422,74.125.24.0-255,2902,51295,61,304358
3861,0.000424,172.31.40.0-255,66,51361,61,304358
3862,0.000464,172.31.40.0-255,66,51427,61,304358
3863,0.000469,74.125.24.0-255,2543,53970,61,304358
3864,0.000471,172.31.40.0-255,66,54036,61,304358
3865,0.00049,74.125.24.0-255,356,54392,61,304358
3866,0.000493,172.31.40.0-255,66,54458,61,304358
3867,0.000513,74.125.24.0-255,388,54846,61,304358
3868,0.000697,74.125.24.0-255,1484,56330,61,304358
3869,0.000702,172.31.40.0-255,66,56396,61,304358
3870,0.000708,74.125.24.0-255,2902,59298,61,304358
3871,0.00071,172.31.40.0-255,66,59364,61,304358
3872,0.000735,74.125.24.0-255,5738,65102,61,304358
3873,0.000738,172.31.40.0-255,66,65168,61,304358
3874,0.000776,172.31.40.0-255,66,65234,61,304358
3875,0.000807,74.125.24.0-255,1484,66718,61,304358
3876,0.000836,172.31.40.0-255,66,66784,61,304358
3877,0.001125,74.125.24.0-255,1484,68268,61,304358
3878,0.00114,74.125.24.0-255,2902,71170,61,304358
3879,0.001144,172.31.40.0-255,66,71236,61,304358
3880,0.001147,74.125.24.0-255,1484,72720,61,304358
3881,0.001175,74.125.24.0-255,4320,77040,61,304358
3882,0.001177,172.31.40.0-255,66,77106,61,304358
3883,0.001183,74.125.24.0-255,4320,81426,61,304358
3884,0.001185,172.31.40.0-255,66,81492,61,304358
3885,0.001191,74.125.24.0-255,5738,87230,61,304358
3886,0.001193,172.31.40.0-255,66,87296,61,304358
3887,0.001206,172.31.40.0-255,66,87362,61,304358
3888,0.001211,74.125.24.0-255,2184,89546,61,304358
3889,0.001212,172.31.40.0-255,66,89612,61,304358
3890,0.001383,74.125.24.0-255,1484,91096,61,304358
3891,0.001389,74.125.24.0-255,2902,93998,61,304358
3892,0.001392,172.31.40.0-255,66,94064,61,304358
3893,0.001397,74.125.24.0-255,2902,96966,61,304358
3894,0.001399,172.31.40.0-255,66,97032,61,304358
3895,0.001417,74.125.24.0-255,2902,99934,61,304358
3896,0.001419,172.31.40.0-255,66,100000,61,304358
3897,0.001431,74.125.24.0-255,5738,105738,61,304358
3898,0.001433,172.31.40.0-255,66,105804,61,304358
3899,0.001441,74.125.24.0-255,7156,112960,61,304358
3900,0.001443,172.31.40.0-255,66,113026,61,304358
3901,0.001478,74.125.24.0-255,5738,118764,61,304358
3902,0.001482,172.31.40.0-255,66,118830,61,304358
3903,0.001488,74.125.24.0-255,5020,123850,61,304358
3904,0.00149,172.31.40.0-255,66,123916,61,304358
3905,0.001961,74.125.24.0-255,1484,125400,61,304358
3906,0.001968,74.125.24.0-255,2902,128302,61,304358
3907,0.001971,172.31.40.0-255,66,128368,61,304358
3908,0.001976,74.125.24.0-255,2902,131270,61,304358
3909,0.001978,172.31.40.0-255,66,131336,61,304358
3910,0.002,74.125.24.0-255,2902,134238,61,304358
3911,0.002006,172.31.40.0-255,66,134304,61,304358
3912,0.002043,172.31.40.0-255,66,134370,61,304358
3913,0.002049,74.125.24.0-255,5738,140108,61,304358
3914,0.002051,172.31.40.0-255,66,140174,61,304358
3915,0.002083,74.125.24.0-255,5020,145194,61,304358
3916,0.002086,172.31.40.0-255,66,145260,61,304358
3917,0.002131,74.125.24.0-255,1484,146744,61,304358
3918,0.002166,74.125.24.0-255,1484,148228,61,304358
3919,0.00217,172.31.40.0-255,66,148294,61,304358
3920,0.002198,74.125.24.0-255,1484,149778,61,304358
3921,0.002205,74.125.24.0-255,5738,155516,61,304358
3922,0.002208,172.31.40.0-255,66,155582,61,304358
3923,0.002225,172.31.40.0-255,66,155648,61,304358
3924,0.002232,74.125.24.0-255,7156,162804,61,304358
3925,0.002235,172.31.40.0-255,66,162870,61,304358
3926,0.002245,172.31.40.0-255,66,162936,61,304358
3927,0.002315,172.31.40.0-255,66,163002,61,304358
3928,0.002333,172.31.40.0-255,66,163068,61,304358
3929,0.002338,74.125.24.0-255,3602,166670,61,304358
3930,0.00234,172.31.40.0-255,66,166736,61,304358
3931,0.002371,74.125.24.0-255,1484,168220,61,304358
3932,0.002376,74.125.24.0-255,2902,171122,61,304358
3933,0.002378,172.31.40.0-255,66,171188,61,304358
3934,0.002384,74.125.24.0-255,5738,176926,61,304358
3935,0.002386,172.31.40.0-255,66,176992,61,304358
3936,0.002389,74.125.24.0-255,1484,178476,61,304358
3937,0.00242,74.125.24.0-255,7156,185632,61,304358
3938,0.002422,172.31.40.0-255,66,185698,61,304358
3939,0.002434,172.31.40.0-255,66,185764,61,304358
3940,0.002475,74.125.24.0-255,5020,190784,61,304358
3941,0.002477,172.31.40.0-255,66,190850,61,304358
3942,0.002537,74.125.24.0-255,1484,192334,61,304358
3943,0.002544,74.125.24.0-255,2902,195236,61,304358
3944,0.002547,172.31.40.0-255,66,195302,61,304358
3945,0.002551,74.125.24.0-255,1484,196786,61,304358
3946,0.002595,74.125.24.0-255,4320,201106,61,304358
3947,0.002599,172.31.40.0-255,66,201172,61,304358
3948,0.002601,74.125.24.0-255,1484,202656,61,304358
3949,0.005187,74.125.24.0-255,4320,206976,61,304358
3950,0.00521,172.31.40.0-255,66,207042,61,304358
3951,0.007788,74.125.24.0-255,5738,212780,61,304358
3952,0.00781,172.31.40.0-255,66,212846,61,304358
3953,0.010373,74.125.24.0-255,5738,218584,61,304358
3954,0.010381,172.31.40.0-255,66,218650,61,304358
3955,0.012949,74.125.24.0-255,4320,222970,61,304358
3956,0.012952,172.31.40.0-255,66,223036,61,304358
3957,0.012976,74.125.24.0-255,1484,224520,61,304358
3958,0.01557,74.125.24.0-255,4320,228840,61,304358
3959,0.015579,172.31.40.0-255,66,228906,61,304358
3960,0.01813,74.125.24.0-255,5738,234644,61,304358
3961,0.01814,172.31.40.0-255,66,234710,61,304358
3962,0.02071,74.125.24.0-255,5738,240448,61,304358
3963,0.020717,172.31.40.0-255,66,240514,61,304358
3964,0.023298,74.125.24.0-255,5738,246252,61,304358
3965,0.023304,172.31.40.0-255,66,246318,61,304358
3966,0.025854,74.125.24.0-255,5738,252056,61,304358
3967,0.025864,172.31.40.0-255,66,252122,61,304358
3968,0.028442,74.125.24.0-255,5738,257860,61,304358
3969,0.028461,172.31.40.0-255,66,257926,61,304358
3970,0.031026,74.125.24.0-255,5738,263664,61,304358
3971,0.031036,172.31.40.0-255,66,263730,61,304358
3972,0.033598,74.125.24.0-255,5738,269468,61,304358
3973,0.033607,172.31.40.0-255,66,269534,61,304358
3974,0.036162,74.125.24.0-255,5738,275272,61,304358
3975,0.036171,172.31.40.0-255,66,275338,61,304358
3976,0.038778,74.125.24.0-255,5738,281076,61,304358
3977,0.038788,172.31.40.0-255,66,281142,61,304358
3978,0.04137,74.125.24.0-255,5738,286880,61,304358
3979,0.041378,172.31.40.0-255,66,286946,61,304358
3980,0.04393,74.125.24.0-255,5738,292684,61,304358
3981,0.043946,172.31.40.0-255,66,292750,61,304358
3982,0.046491,74.125.24.0-255,5738,298488,61,304358
3983,0.046498,172.31.40.0-255,66,298554,61,304358
3984,0.049086,74.125.24.0-255,5738,304292,61,304358
3985,0.049095,172.31.40.0-255,66,304358,61,304358
3986,0.0,74.125.200.0-255,146,146,61,282172
3987,2.2e-05,172.31.40.0-255,66,212,61,282172
3988,2.9e-05,74.125.200.0-255,1484,1696,61,282172
3989,3.4e-05,172.31.40.0-255,66,1762,61,282172
3990,4.7e-05,74.125.200.0-255,2902,4664,61,282172
3991,5.1e-05,172.31.40.0-255,66,4730,61,282172
3992,8e-05,74.125.200.0-255,5738,10468,61,282172
3993,8.3e-05,172.31.40.0-255,66,10534,61,282172
3994,8.8e-05,74.125.200.0-255,3495,14029,61,282172
3995,9.1e-05,172.31.40.0-255,66,14095,61,282172
3996,0.000119,74.125.200.0-255,4320,18415,61,282172
3997,0.000122,172.31.40.0-255,66,18481,61,282172
3998,0.000126,74.125.200.0-255,1484,19965,61,282172
3999,0.000127,172.31.40.0-255,66,20031,61,282172
4000,0.000168,172.31.40.0-255,66,20097,61,282172
4001,0.000208,172.31.40.0-255,66,20163,61,282172
4002,0.000251,74.125.200.0-255,2902,23065,61,282172
4003,0.000254,172.31.40.0-255,66,23131,61,282172
4004,0.000282,74.125.200.0-255,5020,28151,61,282172
4005,0.000285,172.31.40.0-255,66,28217,61,282172
4006,0.000537,74.125.200.0-255,1484,29701,61,282172
4007,0.000542,172.31.40.0-255,66,29767,61,282172
4008,0.000573,74.125.200.0-255,2902,32669,61,282172
4009,0.000578,172.31.40.0-255,66,32735,61,282172
4010,0.000581,74.125.200.0-255,1484,34219,61,282172
4011,0.000583,172.31.40.0-255,66,34285,61,282172
4012,0.000611,74.125.200.0-255,2902,37187,61,282172
4013,0.000614,172.31.40.0-255,66,37253,61,282172
4014,0.000644,74.125.200.0-255,2902,40155,61,282172
4015,0.000647,172.31.40.0-255,66,40221,61,282172
4016,0.000653,74.125.200.0-255,4320,44541,61,282172
4017,0.000679,74.125.200.0-255,1704,46245,61,282172
4018,0.000697,172.31.40.0-255,66,46311,61,282172
4019,0.000734,74.125.200.0-255,1484,47795,61,282172
4020,0.000753,74.125.200.0-255,2902,50697,61,282172
4021,0.000778,74.125.200.0-255,4320,55017,61,282172
4022,0.000782,172.31.40.0-255,66,55083,61,282172
4023,0.000787,172.31.40.0-255,66,55149,61,282172
4024,0.000813,74.125.200.0-255,5738,60887,61,282172
4025,0.000823,172.31.40.0-255,66,60953,61,282172
4026,0.000841,74.125.200.0-255,2543,63496,61,282172
4027,0.000845,74.125.200.0-255,2902,66398,61,282172
4028,0.000851,172.31.40.0-255,66,66464,61,282172
4029,0.000893,74.125.200.0-255,7156,73620,61,282172
4030,0.000896,74.125.200.0-255,1484,75104,61,282172
4031,0.000911,172.31.40.0-255,66,75170,61,282172
4032,0.000942,74.125.200.0-255,5379,80549,61,282172
4033,0.000959,172.31.40.0-255,66,80615,61,282172
4034,0.0012,74.125.200.0-255,1484,82099,61,282172
4035,0.001205,74.125.200.0-255,1484,83583,61,282172
4036,0.001209,172.31.40.0-255,66,83649,61,282172
4037,0.001234,74.125.200.0-255,1484,85133,61,282172
4038,0.00124,74.125.200.0-255,4320,89453,61,282172
4039,0.001254,74.125.200.0-255,1484,90937,61,282172
4040,0.001288,172.31.40.0-255,66,91003,61,282172
4041,0.001305,74.125.200.0-255,5738,96741,61,282172
4042,0.001312,74.125.200.0-255,7156,103897,61,282172
4043,0.001345,172.31.40.0-255,66,103963,61,282172
4044,0.001528,74.125.200.0-255,1484,105447,61,282172
4045,0.001554,74.125.200.0-255,2902,108349,61,282172
4046,0.001558,172.31.40.0-255,66,108415,61,282172
4047,0.001561,74.125.200.0-255,1484,109899,61,282172
4048,0.001589,74.125.200.0-255,2902,112801,61,282172
4049,0.001612,74.125.200.0-255,5738,118539,61,282172
4050,0.001615,74.125.200.0-255,1484,120023,61,282172
4051,0.001622,172.31.40.0-255,66,120089,61,282172
4052,0.001648,74.125.200.0-255,4320,124409,61,282172
4053,0.001671,74.125.200.0-255,4320,128729,61,282172
4054,0.001682,172.31.40.0-255,66,128795,61,282172
4055,0.001688,172.31.40.0-255,66,128861,61,282172
4056,0.001702,74.125.200.0-255,766,129627,61,282172
4057,0.001999,74.125.200.0-255,1484,131111,61,282172
4058,0.002003,172.31.40.0-255,66,131177,61,282172
4059,0.002007,74.125.200.0-255,1484,132661,61,282172
4060,0.002028,74.125.200.0-255,1484,134145,61,282172
4061,0.002041,74.125.200.0-255,4320,138465,61,282172
4062,0.002043,172.31.40.0-255,66,138531,61,282172
4063,0.002047,172.31.40.0-255,66,138597,61,282172
4064,0.00208,74.125.200.0-255,2902,141499,61,282172
4065,0.0021,74.125.200.0-255,4320,145819,61,282172
4066,0.002105,74.125.200.0-255,4320,150139,61,282172
4067,0.002112,172.31.40.0-255,66,150205,61,282172
4068,0.00418,74.125.200.0-255,5738,155943,61,282172
4069,0.004186,172.31.40.0-255,66,156009,61,282172
4070,0.006248,74.125.200.0-255,5738,161747,61,282172
4071,0.007753,172.31.40.0-255,66,161813,61,282172
4072,0.009828,74.125.200.0-255,5738,167551,61,282172
4073,0.009836,172.31.40.0-255,66,167617,61,282172
4074,0.011896,74.125.200.0-255,5738,173355,61,282172
4075,0.011939,172.31.40.0-255,66,173421,61,282172
4076,0.014004,74.125.200.0-255,5738,179159,61,282172
4077,0.014011,172.31.40.0-255,66,179225,61,282172
4078,0.01608,74.125.200.0-255,5738,184963,61,282172
4079,0.016089,172.31.40.0-255,66,185029,61,282172
4080,0.018156,74.125.200.0-255,5738,190767,61,282172
4081,0.018165,172.31.40.0-255,66,190833,61,282172
4082,0.020238,74.125.200.0-255,5738,196571,61,282172
4083,0.020244,172.31.40.0-255,66,196637,61,282172
4084,0.022304,74.125.200.0-255,5738,202375,61,282172
4085,0.022311,172.31.40.0-255,66,202441,61,282172
4086,0.024371,74.125.200.0-255,5738,208179,61,282172
4087,0.024377,172.31.40.0-255,66,208245,61,282172
4088,0.026442,74.125.200.0-255,5738,213983,61,282172
4089,0.026451,172.31.40.0-255,66,214049,61,282172
4090,0.028511,74.125.200.0-255,5738,219787,61,282172
4091,0.028519,172.31.40.0-255,66,219853,61,282172
4092,0.030579,74.125.200.0-255,5738,225591,61,282172
4093,0.030586,172.31.40.0-255,66,225657,61,282172
4094,0.032629,172.31.40.0-255,172,225829,61,282172
4095,0.032647,74.125.200.0-255,5738,231567,61,282172
4096,0.032651,172.31.40.0-255,66,231633,61,282172
4097,0.03269,172.31.40.0-255,1120,232753,61,282172
4098,0.03274,172.31.40.0-255,1514,234267,61,282172
4099,0.032742,172.31.40.0-255,1275,235542,61,282172
4100,0.034179,104.244.42.0-255,66,235608,61,282172
4101,0.034276,104.244.42.0-255,66,235674,61,282172
4102,0.034319,104.244.42.0-255,66,235740,61,282172
4103,0.034722,74.125.200.0-255,5738,241478,61,282172
4104,0.034727,172.31.40.0-255,66,241544,61,282172
4105,0.036799,74.125.200.0-255,5738,247282,61,282172
4106,0.036805,172.31.40.0-255,66,247348,61,282172
4107,0.03891,74.125.200.0-255,5738,253086,61,282172
4108,0.038917,172.31.40.0-255,66,253152,61,282172
4109,0.040988,74.125.200.0-255,5738,258890,61,282172
4110,0.040994,172.31.40.0-255,66,258956,61,282172
4111,0.04307,74.125.200.0-255,5738,264694,61,282172
4112,0.043076,172.31.40.0-255,66,264760,61,282172
4113,0.045142,74.125.200.0-255,5738,270498,61,282172
4114,0.045148,172.31.40.0-255,66,270564,61,282172
4115,0.047245,74.125.200.0-255,5738,276302,61,282172
4116,0.04725,172.31.40.0-255,66,276368,61,282172
4117,0.049325,74.125.200.0-255,5738,282106,61,282172
4118,0.049334,172.31.40.0-255,66,282172,61,282172
4119,0.0,74.125.130.0-255,153,153,61,287898
4120,2.5e-05,172.31.40.0-255,66,219,61,287898
4121,3.3e-05,74.125.130.0-255,1484,1703,61,287898
4122,3.8e-05,172.31.40.0-255,66,1769,61,287898
4123,4.3e-05,74.125.130.0-255,2902,4671,61,287898
4124,4.7e-05,172.31.40.0-255,66,4737,61,287898
4125,6.4e-05,74.125.130.0-255,7156,11893,61,287898
4126,6.8e-05,172.31.40.0-255,66,11959,61,287898
4127,0.000101,172.31.40.0-255,66,12025,61,287898
4128,0.000106,74.125.130.0-255,2902,14927,61,287898
4129,0.000108,172.31.40.0-255,66,14993,61,287898
4130,0.000151,74.125.130.0-255,2902,17895,61,287898
4131,0.000153,172.31.40.0-255,66,17961,61,287898
4132,0.000181,74.125.130.0-255,5379,23340,61,287898
4133,0.000184,172.31.40.0-255,66,23406,61,287898
4134,0.000401,74.125.130.0-255,1484,24890,61,287898
4135,0.000406,172.31.40.0-255,66,24956,61,287898
4136,0.000443,74.125.130.0-255,2902,27858,61,287898
4137,0.000446,172.31.40.0-255,66,27924,61,287898
4138,0.000453,74.125.130.0-255,5738,33662,61,287898
4139,0.000455,172.31.40.0-255,66,33728,61,287898
4140,0.000467,74.125.130.0-255,6797,40525,61,287898
4141,0.00047,172.31.40.0-255,66,40591,61,287898
4142,0.000474,74.125.130.0-255,2902,43493,61,287898
4143,0.000476,172.31.40.0-255,66,43559,61,287898
4144,0.000508,74.125.130.0-255,4320,47879,61,287898
4145,0.000511,172.31.40.0-255,66,47945,61,287898
4146,0.000519,74.125.130.0-255,7156,55101,61,287898
4147,0.000522,172.31.40.0-255,66,55167,61,287898
4148,0.000548,74.125.130.0-255,2835,58002,61,287898
4149,0.000551,172.31.40.0-255,66,58068,61,287898
4150,0.000608,74.125.130.0-255,364,58432,61,287898
4151,0.000771,74.125.130.0-255,1484,59916,61,287898
4152,0.000783,172.31.40.0-255,66,59982,61,287898
4153,0.000794,74.125.130.0-255,2902,62884,61,287898
4154,0.000818,74.125.130.0-255,2902,65786,61,287898
4155,0.000822,74.125.130.0-255,4320,70106,61,287898
4156,0.000825,172.31.40.0-255,66,70172,61,287898
4157,0.000828,172.31.40.0-255,66,70238,61,287898
4158,0.000835,172.31.40.0-255,66,70304,61,287898
4159,0.000867,74.125.130.0-255,2902,73206,61,287898
4160,0.000893,172.31.40.0-255,66,73272,61,287898
4161,0.000939,172.31.40.0-255,66,73338,61,287898
4162,0.001254,74.125.130.0-255,1484,74822,61,287898
4163,0.00127,74.125.130.0-255,2902,77724,61,287898
4164,0.001273,172.31.40.0-255,66,77790,61,287898
4165,0.001302,74.125.130.0-255,4320,82110,61,287898
4166,0.001305,172.31.40.0-255,66,82176,61,287898
4167,0.001331,74.125.130.0-255,1484,83660,61,287898
4168,0.001334,74.125.130.0-255,1484,85144,61,287898
4169,0.001339,172.31.40.0-255,66,85210,61,287898
4170,0.001361,172.31.40.0-255,66,85276,61,287898
4171,0.001364,74.125.130.0-255,1484,86760,61,287898
4172,0.001368,74.125.130.0-255,2902,89662,61,287898
4173,0.00137,172.31.40.0-255,66,89728,61,287898
4174,0.001403,74.125.130.0-255,5738,95466,61,287898
4175,0.001425,74.125.130.0-255,3602,99068,61,287898
4176,0.001435,172.31.40.0-255,66,99134,61,287898
4177,0.00159,74.125.130.0-255,1484,100618,61,287898
4178,0.001614,74.125.130.0-255,1484,102102,61,287898
4179,0.001617,172.31.40.0-255,66,102168,61,287898
4180,0.001631,74.125.130.0-255,2902,105070,61,287898
4181,0.001637,172.31.40.0-255,66,105136,61,287898
4182,0.00164,74.125.130.0-255,1484,106620,61,287898
4183,0.001673,74.125.130.0-255,4320,110940,61,287898
4184,0.001676,172.31.40.0-255,66,111006,61,287898
4185,0.001684,74.125.130.0-255,7156,118162,61,287898
4186,0.001688,74.125.130.0-255,4320,122482,61,287898
4187,0.001714,74.125.130.0-255,4320,126802,61,287898
4188,0.00172,74.125.130.0-255,5738,132540,61,287898
4189,0.001732,74.125.130.0-255,766,133306,61,287898
4190,0.001736,172.31.40.0-255,66,133372,61,287898
4191,0.001885,74.125.130.0-255,1484,134856,61,287898
4192,0.001917,74.125.130.0-255,2902,137758,61,287898
4193,0.001921,172.31.40.0-255,66,137824,61,287898
4194,0.001924,74.125.130.0-255,1484,139308,61,287898
4195,0.001975,74.125.130.0-255,5738,145046,61,287898
4196,0.00198,74.125.130.0-255,4320,149366,61,287898
4197,0.002002,74.125.130.0-255,5738,155104,61,287898
4198,0.002023,74.125.130.0-255,5738,160842,61,287898
4199,0.002026,172.31.40.0-255,66,160908,61,287898
4200,0.00203,172.31.40.0-255,66,160974,61,287898
4201,0.002062,74.125.130.0-255,2902,163876,61,287898
4202,0.002076,74.125.130.0-255,3602,167478,61,287898
4203,0.002084,172.31.40.0-255,66,167544,61,287898
4204,0.004369,74.125.130.0-255,5738,173282,61,287898
4205,0.004383,172.31.40.0-255,66,173348,61,287898
4206,0.006676,74.125.130.0-255,5738,179086,61,287898
4207,0.006688,172.31.40.0-255,66,179152,61,287898
4208,0.008986,74.125.130.0-255,5738,184890,61,287898
4209,0.008999,172.31.40.0-255,66,184956,61,287898
4210,0.011305,74.125.130.0-255,5738,190694,61,287898
4211,0.011321,172.31.40.0-255,66,190760,61,287898
4212,0.013629,74.125.130.0-255,5738,196498,61,287898
4213,0.013647,172.31.40.0-255,66,196564,61,287898
4214,0.015949,74.125.130.0-255,5738,202302,61,287898
4215,0.015965,172.31.40.0-255,66,202368,61,287898
4216,0.018276,74.125.130.0-255,5738,208106,61,287898
4217,0.018289,172.31.40.0-255,66,208172,61,287898
4218,0.020601,74.125.130.0-255,5738,213910,61,287898
4219,0.02062,172.31.40.0-255,66,213976,61,287898
4220,0.022927,74.125.130.0-255,5738,219714,61,287898
4221,0.022945,172.31.40.0-255,66,219780,61,287898
4222,0.025261,74.125.130.0-255,5738,225518,61,287898
4223,0.02528,172.31.40.0-255,66,225584,61,287898
4224,0.027581,74.125.130.0-255,5738,231322,61,287898
4225,0.0276,172.31.40.0-255,66,231388,61,287898
4226,0.029904,74.125.130.0-255,5738,237126,61,287898
4227,0.029922,172.31.40.0-255,66,237192,61,287898
4228,0.031865,172.31.40.0-255,167,237359,61,287898
4229,0.031898,172.31.40.0-255,1119,238478,61,287898
4230,0.031974,172.31.40.0-255,1514,239992,61,287898
4231,0.031975,172.31.40.0-255,1276,241268,61,287898
4232,0.032211,74.125.130.0-255,5738,247006,61,287898
4233,0.032218,172.31.40.0-255,66,247072,61,287898
4234,0.033406,104.244.42.0-255,66,247138,61,287898
4235,0.033456,104.244.42.0-255,66,247204,61,287898
4236,0.033494,104.244.42.0-255,66,247270,61,287898
4237,0.034531,74.125.130.0-255,5738,253008,61,287898
4238,0.034544,172.31.40.0-255,66,253074,61,287898
4239,0.036854,74.125.130.0-255,5738,258812,61,287898
4240,0.036871,172.31.40.0-255,66,258878,61,287898
4241,0.039171,74.125.130.0-255,5738,264616,61,287898
4242,0.039185,172.31.40.0-255,66,264682,61,287898
4243,0.041482,74.125.130.0-255,5738,270420,61,287898
4244,0.04149,172.31.40.0-255,66,270486,61,287898
4245,0.043787,74.125.130.0-255,5738,276224,61,287898
4246,0.043795,172.31.40.0-255,66,276290,61,287898
4247,0.0461,74.125.130.0-255,5738,282028,61,287898
4248,0.046112,172.31.40.0-255,66,282094,61,287898
4249,0.048409,74.125.130.0-255,5738,287832,61,287898
4250,0.048426,172.31.40.0-255,66,287898,61,287898
4251,0.0,172.217.194.0-255,296,296,61,203582
4252,1.9e-05,172.31.40.0-255,66,362,61,203582
4253,2.6e-05,172.217.194.0-255,1484,1846,61,203582
4254,3.1e-05,172.31.40.0-255,66,1912,61,203582
4255,3.9e-05,172.217.194.0-255,4320,6232,61,203582
4256,4.3e-05,172.31.40.0-255,66,6298,61,203582
4257,5.5e-05,172.31.40.0-255,66,6364,61,203582
4258,9e-05,172.31.40.0-255,66,6430,61,203582
4259,9.4e-05,172.217.194.0-255,2543,8973,61,203582
4260,9.6e-05,172.31.40.0-255,66,9039,61,203582
4261,0.000145,172.217.194.0-255,2902,11941,61,203582
4262,0.000148,172.31.40.0-255,66,12007,61,203582
4263,0.000179,172.31.40.0-255,66,12073,61,203582
4264,0.000243,172.217.194.0-255,392,12465,61,203582
4265,0.000247,172.31.40.0-255,66,12531,61,203582
4266,0.00025,172.31.40.0-255,66,12597,61,203582
4267,0.000345,172.217.194.0-255,382,12979,61,203582
4268,0.00035,172.31.40.0-255,66,13045,61,203582
4269,0.000615,172.217.194.0-255,1484,14529,61,203582
4270,0.00062,172.31.40.0-255,66,14595,61,203582
4271,0.000627,172.217.194.0-255,2902,17497,61,203582
4272,0.000629,172.31.40.0-255,66,17563,61,203582
4273,0.000634,172.217.194.0-255,2902,20465,61,203582
4274,0.000636,172.31.40.0-255,66,20531,61,203582
4275,0.000655,172.217.194.0-255,2902,23433,61,203582
4276,0.000657,172.31.40.0-255,66,23499,61,203582
4277,0.000663,172.217.194.0-255,5738,29237,61,203582
4278,0.000665,172.31.40.0-255,66,29303,61,203582
4279,0.000689,172.217.194.0-255,1125,30428,61,203582
4280,0.000709,172.217.194.0-255,1484,31912,61,203582
4281,0.000713,172.217.194.0-255,1484,33396,61,203582
4282,0.000734,172.217.194.0-255,2902,36298,61,203582
4283,0.000741,172.217.194.0-255,5738,42036,61,203582
4284,0.000743,172.31.40.0-255,66,42102,61,203582
4285,0.000749,172.31.40.0-255,66,42168,61,203582
4286,0.000766,172.217.194.0-255,4320,46488,61,203582
4287,0.000769,172.217.194.0-255,1125,47613,61,203582
4288,0.000779,172.31.40.0-255,66,47679,61,203582
4289,0.000998,172.217.194.0-255,1484,49163,61,203582
4290,0.001003,172.217.194.0-255,2902,52065,61,203582
4291,0.001006,172.31.40.0-255,66,52131,61,203582
4292,0.00103,172.217.194.0-255,5738,57869,61,203582
4293,0.001055,172.31.40.0-255,66,57935,61,203582
4294,0.001066,172.217.194.0-255,4320,62255,61,203582
4295,0.00107,172.217.194.0-255,4320,66575,61,203582
4296,0.001074,172.31.40.0-255,66,66641,61,203582
4297,0.001085,172.217.194.0-255,4320,70961,61,203582
4298,0.001099,172.217.194.0-255,2184,73145,61,203582
4299,0.001104,172.31.40.0-255,66,73211,61,203582
4300,0.001246,172.217.194.0-255,1484,74695,61,203582
4301,0.001251,172.217.194.0-255,2902,77597,61,203582
4302,0.001258,172.31.40.0-255,66,77663,61,203582
4303,0.001274,172.217.194.0-255,5738,83401,61,203582
4304,0.001277,172.217.194.0-255,1484,84885,61,203582
4305,0.001286,172.31.40.0-255,66,84951,61,203582
4306,0.001334,172.31.40.0-255,66,85017,61,203582
4307,0.001341,172.217.194.0-255,766,85783,61,203582
4308,0.001525,172.217.194.0-255,1484,87267,61,203582
4309,0.001529,172.31.40.0-255,66,87333,61,203582
4310,0.001534,172.217.194.0-255,2902,90235,61,203582
4311,0.001543,172.31.40.0-255,66,90301,61,203582
4312,0.001554,172.217.194.0-255,5738,96039,61,203582
4313,0.001558,172.31.40.0-255,66,96105,61,203582
4314,0.001571,172.217.194.0-255,5738,101843,61,203582
4315,0.00158,172.31.40.0-255,66,101909,61,203582
4316,0.001603,172.217.194.0-255,7156,109065,61,203582
4317,0.001615,172.217.194.0-255,2902,111967,61,203582
4318,0.001622,172.31.40.0-255,66,112033,61,203582
4319,0.00166,172.217.194.0-255,4320,116353,61,203582
4320,0.001668,172.31.40.0-255,66,116419,61,203582
4321,0.001681,172.217.194.0-255,7156,123575,61,203582
4322,0.001686,172.217.194.0-255,5738,129313,61,203582
4323,0.001696,172.31.40.0-255,66,129379,61,203582
4324,0.001712,172.217.194.0-255,7156,136535,61,203582
4325,0.001744,172.217.194.0-255,7156,143691,61,203582
4326,0.001756,172.217.194.0-255,2184,145875,61,203582
4327,0.00176,172.31.40.0-255,66,145941,61,203582
4328,0.001769,172.217.194.0-255,1484,147425,61,203582
4329,0.001772,172.217.194.0-255,1484,148909,61,203582
4330,0.001784,172.217.194.0-255,1484,150393,61,203582
4331,0.001788,172.217.194.0-255,2902,153295,61,203582
4332,0.001796,172.31.40.0-255,66,153361,61,203582
4333,0.001803,172.217.194.0-255,2902,156263,61,203582
4334,0.001807,172.31.40.0-255,66,156329,61,203582
4335,0.001813,172.217.194.0-255,1484,157813,61,203582
4336,0.00185,172.217.194.0-255,5738,163551,61,203582
4337,0.001861,172.31.40.0-255,66,163617,61,203582
4338,0.001873,172.217.194.0-255,5020,168637,61,203582
4339,0.001876,172.217.194.0-255,1484,170121,61,203582
4340,0.00188,172.217.194.0-255,2902,173023,61,203582
4341,0.001882,172.217.194.0-255,1484,174507,61,203582
4342,0.001897,172.31.40.0-255,66,174573,61,203582
4343,0.001903,172.217.194.0-255,4320,178893,61,203582
4344,0.001907,172.31.40.0-255,66,178959,61,203582
4345,0.001914,172.217.194.0-255,2902,181861,61,203582
4346,0.00193,172.31.40.0-255,66,181927,61,203582
4347,0.001946,172.217.194.0-255,4320,186247,61,203582
4348,0.001951,172.31.40.0-255,66,186313,61,203582
4349,0.001973,172.217.194.0-255,6438,192751,61,203582
4350,0.001977,172.217.194.0-255,1484,194235,61,203582
4351,0.001992,172.217.194.0-255,5738,199973,61,203582
4352,0.001995,172.31.40.0-255,66,200039,61,203582
4353,0.002004,172.31.40.0-255,66,200105,61,203582
4354,0.002034,172.217.194.0-255,2902,203007,61,203582
4355,0.002092,172.31.40.0-255,66,203073,61,203582
4356,0.002158,172.217.194.0-255,105,203178,61,203582
4357,0.002165,172.31.40.0-255,66,203244,61,203582
4358,0.002988,172.31.40.0-255,101,203345,61,203582
4359,0.004179,172.31.40.0-255,105,203450,61,203582
4360,0.005545,172.217.194.0-255,66,203516,61,203582
4361,0.006731,172.217.194.0-255,66,203582,61,203582
4362,0.0,172.217.194.0-255,153,153,61,219696
4363,2.5e-05,172.31.40.0-255,66,219,61,219696
4364,3.3e-05,172.217.194.0-255,1484,1703,61,219696
4365,3.7e-05,172.31.40.0-255,66,1769,61,219696
4366,5.1e-05,172.217.194.0-255,2902,4671,61,219696
4367,5.4e-05,172.31.40.0-255,66,4737,61,219696
4368,6.1e-05,172.217.194.0-255,5738,10475,61,219696
4369,6.3e-05,172.31.40.0-255,66,10541,61,219696
4370,9.2e-05,172.217.194.0-255,3354,13895,61,219696
4371,9.5e-05,172.31.40.0-255,66,13961,61,219696
4372,0.000125,172.217.194.0-255,1484,15445,61,219696
4373,0.000128,172.31.40.0-255,66,15511,61,219696
4374,0.000132,172.217.194.0-255,2902,18413,61,219696
4375,0.000134,172.31.40.0-255,66,18479,61,219696
4376,0.000165,172.217.194.0-255,5738,24217,61,219696
4377,0.000168,172.31.40.0-255,66,24283,61,219696
4378,0.000176,172.217.194.0-255,6797,31080,61,219696
4379,0.000178,172.31.40.0-255,66,31146,61,219696
4380,0.000215,172.31.40.0-255,66,31212,61,219696
4381,0.000246,172.217.194.0-255,5738,36950,61,219696
4382,0.000248,172.31.40.0-255,66,37016,61,219696
4383,0.000252,172.217.194.0-255,2543,39559,61,219696
4384,0.000254,172.31.40.0-255,66,39625,61,219696
4385,0.000965,172.217.194.0-255,1484,41109,61,219696
4386,0.000972,172.31.40.0-255,66,41175,61,219696
4387,0.000981,172.217.194.0-255,2902,44077,61,219696
4388,0.000984,172.31.40.0-255,66,44143,61,219696
4389,0.000995,172.217.194.0-255,5738,49881,61,219696
4390,0.000997,172.31.40.0-255,66,49947,61,219696
4391,0.001039,172.217.194.0-255,7098,57045,61,219696
4392,0.001041,172.31.40.0-255,66,57111,61,219696
4393,0.001534,172.217.194.0-255,377,57488,61,219696
4394,0.001672,172.217.194.0-255,1484,58972,61,219696
4395,0.001676,172.31.40.0-255,66,59038,61,219696
4396,0.001683,172.217.194.0-255,2902,61940,61,219696
4397,0.001685,172.31.40.0-255,66,62006,61,219696
4398,0.001698,172.217.194.0-255,5738,67744,61,219696
4399,0.0017,172.31.40.0-255,66,67810,61,219696
4400,0.001706,172.217.194.0-255,5738,73548,61,219696
4401,0.001708,172.31.40.0-255,66,73614,61,219696
4402,0.00173,172.217.194.0-255,1125,74739,61,219696
4403,0.001826,172.217.194.0-255,1484,76223,61,219696
4404,0.001828,172.31.40.0-255,66,76289,61,219696
4405,0.001835,172.217.194.0-255,2902,79191,61,219696
4406,0.001837,172.31.40.0-255,66,79257,61,219696
4407,0.001848,172.217.194.0-255,5738,84995,61,219696
4408,0.00185,172.31.40.0-255,66,85061,61,219696
4409,0.00189,172.217.194.0-255,5738,90799,61,219696
4410,0.001892,172.31.40.0-255,66,90865,61,219696
4411,0.001908,172.217.194.0-255,1125,91990,61,219696
4412,0.00397,172.217.194.0-255,4320,96310,61,219696
4413,0.003974,172.31.40.0-255,66,96376,61,219696
4414,0.00604,172.217.194.0-255,1484,97860,61,219696
4415,0.006059,172.217.194.0-255,4320,102180,61,219696
4416,0.006063,172.31.40.0-255,66,102246,61,219696
4417,0.008143,172.217.194.0-255,5738,107984,61,219696
4418,0.008151,172.31.40.0-255,66,108050,61,219696
4419,0.010243,172.217.194.0-255,5738,113788,61,219696
4420,0.010254,172.31.40.0-255,66,113854,61,219696
4421,0.012347,172.217.194.0-255,5738,119592,61,219696
4422,0.012356,172.31.40.0-255,66,119658,61,219696
4423,0.014438,172.217.194.0-255,5738,125396,61,219696
4424,0.014451,172.31.40.0-255,66,125462,61,219696
4425,0.016561,172.217.194.0-255,5738,131200,61,219696
4426,0.016579,172.31.40.0-255,66,131266,61,219696
4427,0.018723,172.217.194.0-255,5738,137004,61,219696
4428,0.018732,172.31.40.0-255,66,137070,61,219696
4429,0.020835,172.217.194.0-255,5738,142808,61,219696
4430,0.020842,172.31.40.0-255,66,142874,61,219696
4431,0.022924,172.217.194.0-255,5738,148612,61,219696
4432,0.022932,172.31.40.0-255,66,148678,61,219696
4433,0.025012,172.217.194.0-255,5738,154416,61,219696
4434,0.025023,172.31.40.0-255,66,154482,61,219696
4435,0.027101,172.217.194.0-255,5738,160220,61,219696
4436,0.02711,172.31.40.0-255,66,160286,61,219696
4437,0.029184,172.217.194.0-255,5738,166024,61,219696
4438,0.029193,172.31.40.0-255,66,166090,61,219696
4439,0.031285,172.217.194.0-255,5738,171828,61,219696
4440,0.031293,172.31.40.0-255,66,171894,61,219696
4441,0.033372,172.217.194.0-255,5738,177632,61,219696
4442,0.03338,172.31.40.0-255,66,177698,61,219696
4443,0.034091,172.31.40.0-255,172,177870,61,219696
4444,0.034123,172.31.40.0-255,1066,178936,61,219696
4445,0.035448,172.217.194.0-255,5738,184674,61,219696
4446,0.035457,172.31.40.0-255,66,184740,61,219696
4447,0.035849,104.244.42.0-255,66,184806,61,219696
4448,0.035883,104.244.42.0-255,66,184872,61,219696
4449,0.037538,172.217.194.0-255,5738,190610,61,219696
4450,0.037545,172.31.40.0-255,66,190676,61,219696
4451,0.039635,172.217.194.0-255,5738,196414,61,219696
4452,0.039642,172.31.40.0-255,66,196480,61,219696
4453,0.041713,172.217.194.0-255,5738,202218,61,219696
4454,0.04172,172.31.40.0-255,66,202284,61,219696
4455,0.0438,172.217.194.0-255,5738,208022,61,219696
4456,0.043807,172.31.40.0-255,66,208088,61,219696
4457,0.045875,172.217.194.0-255,5738,213826,61,219696
4458,0.045884,172.31.40.0-255,66,213892,61,219696
4459,0.048005,172.217.194.0-255,5738,219630,61,219696
4460,0.04801,172.31.40.0-255,66,219696,61,219696
4461,0.0,172.217.194.0-255,153,153,61,296465
4462,2.8e-05,172.31.40.0-255,66,219,61,296465
4463,3.5e-05,172.217.194.0-255,1484,1703,61,296465
4464,3.9e-05,172.31.40.0-255,66,1769,61,296465
4465,4.4e-05,172.217.194.0-255,2902,4671,61,296465
4466,5.6e-05,172.31.40.0-255,66,4737,61,296465
4467,8.8e-05,172.217.194.0-255,5738,10475,61,296465
4468,9.1e-05,172.31.40.0-255,66,10541,61,296465
4469,0.000121,172.217.194.0-255,3439,13980,61,296465
4470,0.000124,172.31.40.0-255,66,14046,61,296465
4471,0.000172,172.217.194.0-255,1484,15530,61,296465
4472,0.000177,172.31.40.0-255,66,15596,61,296465
4473,0.000202,172.217.194.0-255,2902,18498,61,296465
4474,0.000205,172.31.40.0-255,66,18564,61,296465
4475,0.00021,172.217.194.0-255,2902,21466,61,296465
4476,0.000212,172.31.40.0-255,66,21532,61,296465
4477,0.000241,172.217.194.0-255,2902,24434,61,296465
4478,0.000244,172.31.40.0-255,66,24500,61,296465
4479,0.000249,172.217.194.0-255,4320,28820,61,296465
4480,0.00025,172.31.40.0-255,66,28886,61,296465
4481,0.000287,172.217.194.0-255,4320,33206,61,296465
4482,0.00029,172.31.40.0-255,66,33272,61,296465
4483,0.000313,172.217.194.0-255,3961,37233,61,296465
4484,0.000316,172.31.40.0-255,66,37299,61,296465
4485,0.000325,172.217.194.0-255,7156,44455,61,296465
4486,0.000327,172.31.40.0-255,66,44521,61,296465
4487,0.000348,172.217.194.0-255,1484,46005,61,296465
4488,0.000351,172.31.40.0-255,66,46071,61,296465
4489,0.000361,172.217.194.0-255,2543,48614,61,296465
4490,0.000363,172.31.40.0-255,66,48680,61,296465
4491,0.000366,172.217.194.0-255,1484,50164,61,296465
4492,0.000368,172.31.40.0-255,66,50230,61,296465
4493,0.0004,172.217.194.0-255,2902,53132,61,296465
4494,0.000408,172.31.40.0-255,66,53198,61,296465
4495,0.000414,172.217.194.0-255,5738,58936,61,296465
4496,0.000417,172.31.40.0-255,66,59002,61,296465
4497,0.000423,172.217.194.0-255,5738,64740,61,296465
4498,0.000426,172.31.40.0-255,66,64806,61,296465
4499,0.000454,172.217.194.0-255,1125,65931,61,296465
4500,0.000481,172.217.194.0-255,678,66609,61,296465
4501,0.000484,172.31.40.0-255,66,66675,61,296465
4502,0.000763,172.217.194.0-255,1484,68159,61,296465
4503,0.000768,172.217.194.0-255,1484,69643,61,296465
4504,0.000771,172.31.40.0-255,66,69709,61,296465
4505,0.000783,172.217.194.0-255,1484,71193,61,296465
4506,0.000794,172.217.194.0-255,5738,76931,61,296465
4507,0.000796,172.31.40.0-255,66,76997,61,296465
4508,0.000826,172.217.194.0-255,7156,84153,61,296465
4509,0.000829,172.31.40.0-255,66,84219,61,296465
4510,0.000859,172.217.194.0-255,5738,89957,61,296465
4511,0.000863,172.31.40.0-255,66,90023,61,296465
4512,0.00088,172.31.40.0-255,66,90089,61,296465
4513,0.001329,172.217.194.0-255,1484,91573,61,296465
4514,0.001348,172.217.194.0-255,2902,94475,61,296465
4515,0.001352,172.31.40.0-255,66,94541,61,296465
4516,0.001359,172.217.194.0-255,4320,98861,61,296465
4517,0.001361,172.31.40.0-255,66,98927,61,296465
4518,0.001367,172.217.194.0-255,5738,104665,61,296465
4519,0.001375,172.31.40.0-255,66,104731,61,296465
4520,0.001406,172.217.194.0-255,2902,107633,61,296465
4521,0.001409,172.31.40.0-255,66,107699,61,296465
4522,0.001415,172.217.194.0-255,5738,113437,61,296465
4523,0.001417,172.31.40.0-255,66,113503,61,296465
4524,0.001448,172.31.40.0-255,66,113569,61,296465
4525,0.001477,172.217.194.0-255,1484,115053,61,296465
4526,0.001483,172.217.194.0-255,2902,117955,61,296465
4527,0.001485,172.31.40.0-255,66,118021,61,296465
4528,0.00149,172.217.194.0-255,2902,120923,61,296465
4529,0.001492,172.31.40.0-255,66,120989,61,296465
4530,0.001526,172.217.194.0-255,2902,123891,61,296465
4531,0.001529,172.31.40.0-255,66,123957,61,296465
4532,0.001539,172.31.40.0-255,66,124023,61,296465
4533,0.001568,172.217.194.0-255,5738,129761,61,296465
4534,0.001571,172.31.40.0-255,66,129827,61,296465
4535,0.001606,172.31.40.0-255,66,129893,61,296465
4536,0.001609,172.217.194.0-255,1484,131377,61,296465
4537,0.001613,172.217.194.0-255,1484,132861,61,296465
4538,0.001616,172.31.40.0-255,66,132927,61,296465
4539,0.001644,172.217.194.0-255,1484,134411,61,296465
4540,0.001651,172.217.194.0-255,5738,140149,61,296465
4541,0.001654,172.31.40.0-255,66,140215,61,296465
4542,0.00166,172.217.194.0-255,5738,145953,61,296465
4543,0.001662,172.31.40.0-255,66,146019,61,296465
4544,0.001756,172.217.194.0-255,2902,148921,61,296465
4545,0.001761,172.217.194.0-255,5020,153941,61,296465
4546,0.001764,172.217.194.0-255,1484,155425,61,296465
4547,0.001767,172.217.194.0-255,2902,158327,61,296465
4548,0.001773,172.217.194.0-255,5738,164065,61,296465
4549,0.001795,172.217.194.0-255,4320,168385,61,296465
4550,0.001854,172.217.194.0-255,766,169151,61,296465
4551,0.002295,172.217.194.0-255,1484,170635,61,296465
4552,0.002315,172.217.194.0-255,1484,172119,61,296465
4553,0.002333,172.217.194.0-255,1484,173603,61,296465
4554,0.002339,172.217.194.0-255,5738,179341,61,296465
4555,0.002343,172.217.194.0-255,2902,182243,61,296465
4556,0.002345,172.217.194.0-255,1484,183727,61,296465
4557,0.002364,172.217.194.0-255,1484,185211,61,296465
4558,0.002367,172.217.194.0-255,1484,186695,61,296465
4559,0.00237,172.217.194.0-255,1484,188179,61,296465
4560,0.002419,172.217.194.0-255,1484,189663,61,296465
4561,0.002422,172.217.194.0-255,1484,191147,61,296465
4562,0.002439,172.217.194.0-255,1484,192631,61,296465
4563,0.002445,172.217.194.0-255,5738,198369,61,296465
4564,0.002467,172.217.194.0-255,1484,199853,61,296465
4565,0.002478,172.217.194.0-255,3602,203455,61,296465
4566,0.002835,172.217.194.0-255,1484,204939,61,296465
4567,0.002853,172.217.194.0-255,2902,207841,61,296465
4568,0.002856,172.217.194.0-255,1484,209325,61,296465
4569,0.002869,172.217.194.0-255,4320,213645,61,296465
4570,0.002894,172.217.194.0-255,2902,216547,61,296465
4571,0.002944,172.217.194.0-255,2902,219449,61,296465
4572,0.00301,172.217.194.0-255,1484,220933,61,296465
4573,0.003024,172.217.194.0-255,1484,222417,61,296465
4574,0.003035,172.217.194.0-255,1484,223901,61,296465
4575,0.003038,172.217.194.0-255,1484,225385,61,296465
4576,0.003049,172.217.194.0-255,2902,228287,61,296465
4577,0.003061,172.217.194.0-255,1484,229771,61,296465
4578,0.003066,172.217.194.0-255,4320,234091,61,296465
4579,0.00307,172.217.194.0-255,2902,236993,61,296465
4580,0.003107,172.217.194.0-255,4320,241313,61,296465
4581,0.003128,172.217.194.0-255,3602,244915,61,296465
4582,0.003148,172.217.194.0-255,1484,246399,61,296465
4583,0.003167,172.217.194.0-255,5738,252137,61,296465
4584,0.003173,172.217.194.0-255,4320,256457,61,296465
4585,0.003191,172.217.194.0-255,4320,260777,61,296465
4586,0.003197,172.217.194.0-255,5738,266515,61,296465
4587,0.003222,172.217.194.0-255,766,267281,61,296465
4588,0.003287,172.217.194.0-255,4320,271601,61,296465
4589,0.003305,172.217.194.0-255,5738,277339,61,296465
4590,0.003344,172.217.194.0-255,1484,278823,61,296465
4591,0.003359,172.217.194.0-255,5738,284561,61,296465
4592,0.003375,172.217.194.0-255,4320,288881,61,296465
4593,0.003389,172.217.194.0-255,4320,293201,61,296465
4594,0.003404,172.217.194.0-255,2805,296006,61,296465
4595,0.003431,172.217.194.0-255,105,296111,61,296465
4596,0.010911,172.217.194.0-255,105,296216,61,296465
4597,0.010933,172.31.40.0-255,78,296294,61,296465
4598,0.014458,172.31.40.0-255,105,296399,61,296465
4599,0.01725,172.217.194.0-255,66,296465,61,296465
4600,0.0,172.253.118.0-255,150,150,61,262116
4601,2.1e-05,172.31.40.0-255,66,216,61,262116
4602,2.9e-05,172.253.118.0-255,1484,1700,61,262116
4603,3.3e-05,172.31.40.0-255,66,1766,61,262116
4604,3.8e-05,172.253.118.0-255,2902,4668,61,262116
4605,5e-05,172.31.40.0-255,66,4734,61,262116
4606,5.8e-05,172.253.118.0-255,7156,11890,61,262116
4607,6.1e-05,172.31.40.0-255,66,11956,61,262116
4608,6.6e-05,172.253.118.0-255,2902,14858,61,262116
4609,6.9e-05,172.31.40.0-255,66,14924,61,262116
4610,0.00011,172.253.118.0-255,4872,19796,61,262116
4611,0.000114,172.31.40.0-255,66,19862,61,262116
4612,0.000125,172.31.40.0-255,66,19928,61,262116
4613,0.000148,172.31.40.0-255,66,19994,61,262116
4614,0.00018,172.253.118.0-255,7156,27150,61,262116
4615,0.000182,172.31.40.0-255,66,27216,61,262116
4616,0.000217,172.31.40.0-255,66,27282,61,262116
4617,0.00022,172.253.118.0-255,1424,28706,61,262116
4618,0.000222,172.31.40.0-255,66,28772,61,262116
4619,0.000261,172.253.118.0-255,1796,30568,61,262116
4620,0.000263,172.31.40.0-255,66,30634,61,262116
4621,0.000268,172.253.118.0-255,2902,33536,61,262116
4622,0.00027,172.31.40.0-255,66,33602,61,262116
4623,0.000308,172.253.118.0-255,7156,40758,61,262116
4624,0.000311,172.31.40.0-255,66,40824,61,262116
4625,0.000317,172.253.118.0-255,5379,46203,61,262116
4626,0.00032,172.31.40.0-255,66,46269,61,262116
4627,0.000418,172.253.118.0-255,1484,47753,61,262116
4628,0.000422,172.31.40.0-255,66,47819,61,262116
4629,0.000443,172.253.118.0-255,2902,50721,61,262116
4630,0.000446,172.31.40.0-255,66,50787,61,262116
4631,0.000451,172.253.118.0-255,2902,53689,61,262116
4632,0.000454,172.31.40.0-255,66,53755,61,262116
4633,0.000475,172.253.118.0-255,2902,56657,61,262116
4634,0.000478,172.31.40.0-255,66,56723,61,262116
4635,0.000493,172.31.40.0-255,66,56789,61,262116
4636,0.000517,172.253.118.0-255,4320,61109,61,262116
4637,0.000524,172.31.40.0-255,66,61175,61,262116
4638,0.000538,172.31.40.0-255,66,61241,61,262116
4639,0.000549,172.31.40.0-255,66,61307,61,262116
4640,0.00059,172.253.118.0-255,4830,66137,61,262116
4641,0.000593,172.31.40.0-255,66,66203,61,262116
4642,0.000857,172.253.118.0-255,1484,67687,61,262116
4643,0.000874,172.253.118.0-255,2902,70589,61,262116
4644,0.000877,172.31.40.0-255,66,70655,61,262116
4645,0.000904,172.253.118.0-255,5738,76393,61,262116
4646,0.000907,172.31.40.0-255,66,76459,61,262116
4647,0.000914,172.253.118.0-255,5738,82197,61,262116
4648,0.000916,172.31.40.0-255,66,82263,61,262116
4649,0.00094,172.253.118.0-255,4320,86583,61,262116
4650,0.000943,172.31.40.0-255,66,86649,61,262116
4651,0.000954,172.253.118.0-255,7156,93805,61,262116
4652,0.000957,172.31.40.0-255,66,93871,61,262116
4653,0.000991,172.253.118.0-255,6438,100309,61,262116
4654,0.000994,172.31.40.0-255,66,100375,61,262116
4655,0.001023,172.253.118.0-255,1484,101859,61,262116
4656,0.001028,172.253.118.0-255,2902,104761,61,262116
4657,0.00103,172.31.40.0-255,66,104827,61,262116
4658,0.001037,172.253.118.0-255,5738,110565,61,262116
4659,0.001039,172.31.40.0-255,66,110631,61,262116
4660,0.001044,172.253.118.0-255,4320,114951,61,262116
4661,0.001047,172.31.40.0-255,66,115017,61,262116
4662,0.001124,172.31.40.0-255,66,115083,61,262116
4663,0.001134,172.31.40.0-255,66,115149,61,262116
4664,0.001163,172.253.118.0-255,1484,116633,61,262116
4665,0.001168,172.253.118.0-255,2902,119535,61,262116
4666,0.001171,172.31.40.0-255,66,119601,61,262116
4667,0.001175,172.253.118.0-255,2902,122503,61,262116
4668,0.001177,172.31.40.0-255,66,122569,61,262116
4669,0.0012,172.253.118.0-255,2902,125471,61,262116
4670,0.001207,172.31.40.0-255,66,125537,61,262116
4671,0.001214,172.253.118.0-255,5738,131275,61,262116
4672,0.001216,172.31.40.0-255,66,131341,61,262116
4673,0.001262,172.31.40.0-255,66,131407,61,262116
4674,0.001269,172.253.118.0-255,5020,136427,61,262116
4675,0.001272,172.31.40.0-255,66,136493,61,262116
4676,0.001424,172.253.118.0-255,1484,137977,61,262116
4677,0.001431,172.253.118.0-255,2902,140879,61,262116
4678,0.001434,172.31.40.0-255,66,140945,61,262116
4679,0.00146,172.253.118.0-255,4320,145265,61,262116
4680,0.001463,172.31.40.0-255,66,145331,61,262116
4681,0.001501,172.31.40.0-255,66,145397,61,262116
4682,0.001511,172.253.118.0-255,4320,149717,61,262116
4683,0.001513,172.31.40.0-255,66,149783,61,262116
4684,0.001553,172.253.118.0-255,2184,151967,61,262116
4685,0.001557,172.31.40.0-255,66,152033,61,262116
4686,0.00156,172.31.40.0-255,66,152099,61,262116
4687,0.001738,172.253.118.0-255,1484,153583,61,262116
4688,0.001745,172.253.118.0-255,2902,156485,61,262116
4689,0.001749,172.31.40.0-255,66,156551,61,262116
4690,0.001778,172.253.118.0-255,2902,159453,61,262116
4691,0.00178,172.31.40.0-255,66,159519,61,262116
4692,0.001805,172.253.118.0-255,2902,162421,61,262116
4693,0.001808,172.31.40.0-255,66,162487,61,262116
4694,0.001827,172.31.40.0-255,66,162553,61,262116
4695,0.001859,172.31.40.0-255,66,162619,61,262116
4696,0.001885,172.253.118.0-255,3602,166221,61,262116
4697,0.001888,172.31.40.0-255,66,166287,61,262116
4698,0.001899,172.31.40.0-255,66,166353,61,262116
4699,0.001929,172.253.118.0-255,5738,172091,61,262116
4700,0.001932,172.31.40.0-255,66,172157,61,262116
4701,0.001974,172.31.40.0-255,66,172223,61,262116
4702,0.002106,172.253.118.0-255,1484,173707,61,262116
4703,0.00213,172.253.118.0-255,1484,175191,61,262116
4704,0.002133,172.31.40.0-255,66,175257,61,262116
4705,0.002158,172.253.118.0-255,1484,176741,61,262116
4706,0.002165,172.253.118.0-255,5738,182479,61,262116
4707,0.002169,172.31.40.0-255,66,182545,61,262116
4708,0.002182,172.253.118.0-255,4320,186865,61,262116
4709,0.002191,172.31.40.0-255,66,186931,61,262116
4710,0.002218,172.253.118.0-255,1484,188415,61,262116
4711,0.002226,172.253.118.0-255,7156,195571,61,262116
4712,0.002228,172.31.40.0-255,66,195637,61,262116
4713,0.002231,172.253.118.0-255,1484,197121,61,262116
4714,0.002269,172.31.40.0-255,66,197187,61,262116
4715,0.002329,172.253.118.0-255,1484,198671,61,262116
4716,0.002334,172.253.118.0-255,2902,201573,61,262116
4717,0.002337,172.31.40.0-255,66,201639,61,262116
4718,0.002344,172.253.118.0-255,5738,207377,61,262116
4719,0.002346,172.31.40.0-255,66,207443,61,262116
4720,0.002355,172.253.118.0-255,4320,211763,61,262116
4721,0.002358,172.31.40.0-255,66,211829,61,262116
4722,0.002364,172.253.118.0-255,7156,218985,61,262116
4723,0.002367,172.31.40.0-255,66,219051,61,262116
4724,0.002401,172.253.118.0-255,4320,223371,61,262116
4725,0.002404,172.31.40.0-255,66,223437,61,262116
4726,0.002411,172.253.118.0-255,5738,229175,61,262116
4727,0.002413,172.31.40.0-255,66,229241,61,262116
4728,0.004742,172.253.118.0-255,5738,234979,61,262116
4729,0.004749,172.31.40.0-255,66,235045,61,262116
4730,0.007065,172.253.118.0-255,4320,239365,61,262116
4731,0.007075,172.31.40.0-255,66,239431,61,262116
4732,0.007078,172.253.118.0-255,1484,240915,61,262116
4733,0.009392,172.253.118.0-255,4320,245235,61,262116
4734,0.009397,172.31.40.0-255,66,245301,61,262116
4735,0.011734,172.253.118.0-255,5738,251039,61,262116
4736,0.011741,172.31.40.0-255,66,251105,61,262116
4737,0.014072,172.253.118.0-255,1751,252856,61,262116
4738,0.014081,172.31.40.0-255,66,252922,61,262116
4739,0.016115,172.31.40.0-255,105,253027,61,262116
4740,0.018414,172.253.118.0-255,66,253093,61,262116
4741,0.034815,172.31.40.0-255,172,253265,61,262116
4742,0.034849,172.31.40.0-255,1119,254384,61,262116
4743,0.034913,172.31.40.0-255,1514,255898,61,262116
4744,0.034914,172.31.40.0-255,1514,257412,61,262116
4745,0.034916,172.31.40.0-255,1514,258926,61,262116
4746,0.034921,172.31.40.0-255,1514,260440,61,262116
4747,0.034922,172.31.40.0-255,1478,261918,61,262116
4748,0.036341,104.244.42.0-255,66,261984,61,262116
4749,0.036391,104.244.42.0-255,66,262050,61,262116
4750,0.036502,104.244.42.0-255,66,262116,61,262116
4751,0.0,172.217.194.0-255,296,296,61,280134
4752,2.4e-05,172.31.40.0-255,66,362,61,280134
4753,3.1e-05,172.217.194.0-255,1484,1846,61,280134
4754,3.5e-05,172.31.40.0-255,66,1912,61,280134
4755,4.2e-05,172.217.194.0-255,4320,6232,61,280134
4756,4.5e-05,172.31.40.0-255,66,6298,61,280134
4757,6.5e-05,172.31.40.0-255,66,6364,61,280134
4758,7.7e-05,172.31.40.0-255,66,6430,61,280134
4759,0.000117,172.217.194.0-255,2902,9332,61,280134
4760,0.00012,172.31.40.0-255,66,9398,61,280134
4761,0.000138,172.217.194.0-255,3961,13359,61,280134
4762,0.000141,172.31.40.0-255,66,13425,61,280134
4763,0.000148,172.217.194.0-255,7156,20581,61,280134
4764,0.00015,172.31.40.0-255,66,20647,61,280134
4765,0.000154,172.217.194.0-255,2902,23549,61,280134
4766,0.000156,172.31.40.0-255,66,23615,61,280134
4767,0.000182,172.217.194.0-255,6797,30412,61,280134
4768,0.000185,172.31.40.0-255,66,30478,61,280134
4769,0.0005,172.217.194.0-255,1484,31962,61,280134
4770,0.000504,172.217.194.0-255,1484,33446,61,280134
4771,0.00051,172.31.40.0-255,66,33512,61,280134
4772,0.000518,172.31.40.0-255,66,33578,61,280134
4773,0.000522,172.217.194.0-255,1484,35062,61,280134
4774,0.000524,172.31.40.0-255,66,35128,61,280134
4775,0.000531,172.217.194.0-255,5738,40866,61,280134
4776,0.000539,172.31.40.0-255,66,40932,61,280134
4777,0.000578,172.31.40.0-255,66,40998,61,280134
4778,0.000713,172.217.194.0-255,1484,42482,61,280134
4779,0.000717,172.31.40.0-255,66,42548,61,280134
4780,0.000723,172.217.194.0-255,2902,45450,61,280134
4781,0.000725,172.31.40.0-255,66,45516,61,280134
4782,0.000736,172.217.194.0-255,5738,51254,61,280134
4783,0.000739,172.31.40.0-255,66,51320,61,280134
4784,0.000772,172.31.40.0-255,66,51386,61,280134
4785,0.000813,172.217.194.0-255,7156,58542,61,280134
4786,0.000816,172.31.40.0-255,66,58608,61,280134
4787,0.00084,172.217.194.0-255,3602,62210,61,280134
4788,0.000843,172.31.40.0-255,66,62276,61,280134
4789,0.001334,172.217.194.0-255,1484,63760,61,280134
4790,0.001358,172.217.194.0-255,2902,66662,61,280134
4791,0.001362,172.31.40.0-255,66,66728,61,280134
4792,0.001369,172.217.194.0-255,5738,72466,61,280134
4793,0.001371,172.31.40.0-255,66,72532,61,280134
4794,0.001378,172.217.194.0-255,5738,78270,61,280134
4795,0.001385,172.31.40.0-255,66,78336,61,280134
4796,0.001424,172.31.40.0-255,66,78402,61,280134
4797,0.00145,172.217.194.0-255,1484,79886,61,280134
4798,0.001456,172.217.194.0-255,5020,84906,61,280134
4799,0.001459,172.31.40.0-255,66,84972,61,280134
4800,0.001601,172.217.194.0-255,1484,86456,61,280134
4801,0.001608,172.217.194.0-255,2902,89358,61,280134
4802,0.001612,172.31.40.0-255,66,89424,61,280134
4803,0.001617,172.217.194.0-255,2902,92326,61,280134
4804,0.001619,172.31.40.0-255,66,92392,61,280134
4805,0.001644,172.217.194.0-255,2902,95294,61,280134
4806,0.001646,172.31.40.0-255,66,95360,61,280134
4807,0.001656,172.217.194.0-255,5738,101098,61,280134
4808,0.001659,172.31.40.0-255,66,101164,61,280134
4809,0.001672,172.31.40.0-255,66,101230,61,280134
4810,0.001734,172.217.194.0-255,5020,106250,61,280134
4811,0.001737,172.31.40.0-255,66,106316,61,280134
4812,0.001892,172.217.194.0-255,1484,107800,61,280134
4813,0.001898,172.217.194.0-255,2902,110702,61,280134
4814,0.001901,172.31.40.0-255,66,110768,61,280134
4815,0.001924,172.217.194.0-255,5738,116506,61,280134
4816,0.001927,172.31.40.0-255,66,116572,61,280134
4817,0.001933,172.217.194.0-255,7156,123728,61,280134
4818,0.001935,172.31.40.0-255,66,123794,61,280134
4819,0.001947,172.217.194.0-255,1484,125278,61,280134
4820,0.001987,172.217.194.0-255,7156,132434,61,280134
4821,0.00199,172.31.40.0-255,66,132500,61,280134
4822,0.002028,172.31.40.0-255,66,132566,61,280134
4823,0.002178,172.217.194.0-255,1484,134050,61,280134
4824,0.002193,172.217.194.0-255,2902,136952,61,280134
4825,0.002196,172.31.40.0-255,66,137018,61,280134
4826,0.002204,172.217.194.0-255,5738,142756,61,280134
4827,0.002206,172.31.40.0-255,66,142822,61,280134
4828,0.002214,172.217.194.0-255,1484,144306,61,280134
4829,0.002253,172.31.40.0-255,66,144372,61,280134
4830,0.002266,172.31.40.0-255,66,144438,61,280134
4831,0.00245,172.217.194.0-255,1484,145922,61,280134
4832,0.002457,172.217.194.0-255,2902,148824,61,280134
4833,0.00246,172.31.40.0-255,66,148890,61,280134
4834,0.002482,172.217.194.0-255,5738,154628,61,280134
4835,0.002484,172.31.40.0-255,66,154694,61,280134
4836,0.00249,172.217.194.0-255,4320,159014,61,280134
4837,0.002492,172.31.40.0-255,66,159080,61,280134
4838,0.002521,172.217.194.0-255,4320,163400,61,280134
4839,0.002523,172.31.40.0-255,66,163466,61,280134
4840,0.00255,172.217.194.0-255,4320,167786,61,280134
4841,0.002552,172.31.40.0-255,66,167852,61,280134
4842,0.002584,172.31.40.0-255,66,167918,61,280134
4843,0.005129,172.217.194.0-255,5738,173656,61,280134
4844,0.005137,172.31.40.0-255,66,173722,61,280134
4845,0.00775,172.217.194.0-255,5738,179460,61,280134
4846,0.007772,172.31.40.0-255,66,179526,61,280134
4847,0.010332,172.217.194.0-255,5738,185264,61,280134
4848,0.01035,172.31.40.0-255,66,185330,61,280134
4849,0.010399,172.31.40.0-255,101,185431,61,280134
4850,0.012914,172.217.194.0-255,5738,191169,61,280134
4851,0.01292,172.31.40.0-255,66,191235,61,280134
4852,0.012977,172.217.194.0-255,66,191301,61,280134
4853,0.01547,172.217.194.0-255,5738,197039,61,280134
4854,0.015479,172.31.40.0-255,66,197105,61,280134
4855,0.018079,172.217.194.0-255,5738,202843,61,280134
4856,0.018094,172.31.40.0-255,66,202909,61,280134
4857,0.020691,172.217.194.0-255,5738,208647,61,280134
4858,0.020707,172.31.40.0-255,66,208713,61,280134
4859,0.023281,172.217.194.0-255,5738,214451,61,280134
4860,0.023291,172.31.40.0-255,66,214517,61,280134
4861,0.025903,172.217.194.0-255,5738,220255,61,280134
4862,0.025911,172.31.40.0-255,66,220321,61,280134
4863,0.028449,172.217.194.0-255,5738,226059,61,280134
4864,0.028457,172.31.40.0-255,66,226125,61,280134
4865,0.031043,172.217.194.0-255,5738,231863,61,280134
4866,0.031053,172.31.40.0-255,66,231929,61,280134
4867,0.033648,172.217.194.0-255,5738,237667,61,280134
4868,0.033655,172.31.40.0-255,66,237733,61,280134
4869,0.03627,172.217.194.0-255,5738,243471,61,280134
4870,0.036286,172.31.40.0-255,66,243537,61,280134
4871,0.03885,172.217.194.0-255,5738,249275,61,280134
4872,0.038856,172.31.40.0-255,66,249341,61,280134
4873,0.041407,172.217.194.0-255,5738,255079,61,280134
4874,0.041425,172.31.40.0-255,66,255145,61,280134
4875,0.044014,172.217.194.0-255,5738,260883,61,280134
4876,0.04403,172.31.40.0-255,66,260949,61,280134
4877,0.046099,172.31.40.0-255,172,261121,61,280134
4878,0.046132,172.31.40.0-255,1116,262237,61,280134
4879,0.046196,172.31.40.0-255,1514,263751,61,280134
4880,0.046198,172.31.40.0-255,1514,265265,61,280134
4881,0.046199,172.31.40.0-255,1514,266779,61,280134
4882,0.046224,172.31.40.0-255,1483,268262,61,280134
4883,0.046605,172.217.194.0-255,5738,274000,61,280134
4884,0.046612,172.31.40.0-255,66,274066,61,280134
4885,0.047674,104.244.42.0-255,66,274132,61,280134
4886,0.047682,104.244.42.0-255,66,274198,61,280134
4887,0.047808,104.244.42.0-255,66,274264,61,280134
4888,0.047851,104.244.42.0-255,66,274330,61,280134
4889,0.049172,172.217.194.0-255,5738,280068,61,280134
4890,0.049178,172.31.40.0-255,66,280134,61,280134
4891,0.0,172.31.40.0-255,295,295,61,361
4892,0.001573,104.244.42.0-255,66,361,61,361
4893,0.0,74.125.200.0-255,143,143,61,314662
4894,3.1e-05,172.31.40.0-255,66,209,61,314662
4895,3.9e-05,74.125.200.0-255,1484,1693,61,314662
4896,4.4e-05,172.31.40.0-255,66,1759,61,314662
4897,5e-05,74.125.200.0-255,2902,4661,61,314662
4898,6.2e-05,172.31.40.0-255,66,4727,61,314662
4899,6.7e-05,74.125.200.0-255,2902,7629,61,314662
4900,7.1e-05,172.31.40.0-255,66,7695,61,314662
4901,7.7e-05,74.125.200.0-255,4320,12015,61,314662
4902,8e-05,172.31.40.0-255,66,12081,61,314662
4903,0.000119,74.125.200.0-255,3455,15536,61,314662
4904,0.000123,172.31.40.0-255,66,15602,61,314662
4905,0.000159,74.125.200.0-255,4320,19922,61,314662
4906,0.000161,172.31.40.0-255,66,19988,61,314662
4907,0.000165,74.125.200.0-255,1484,21472,61,314662
4908,0.000167,172.31.40.0-255,66,21538,61,314662
4909,0.000171,74.125.200.0-255,2902,24440,61,314662
4910,0.000173,172.31.40.0-255,66,24506,61,314662
4911,0.000198,74.125.200.0-255,1484,25990,61,314662
4912,0.000201,172.31.40.0-255,66,26056,61,314662
4913,0.000226,74.125.200.0-255,4320,30376,61,314662
4914,0.000229,172.31.40.0-255,66,30442,61,314662
4915,0.000236,74.125.200.0-255,1125,31567,61,314662
4916,0.000238,172.31.40.0-255,66,31633,61,314662
4917,0.000367,74.125.200.0-255,1484,33117,61,314662
4918,0.000371,172.31.40.0-255,66,33183,61,314662
4919,0.000385,74.125.200.0-255,2902,36085,61,314662
4920,0.000392,172.31.40.0-255,66,36151,61,314662
4921,0.000396,74.125.200.0-255,2902,39053,61,314662
4922,0.000398,172.31.40.0-255,66,39119,61,314662
4923,0.00042,74.125.200.0-255,1484,40603,61,314662
4924,0.000422,172.31.40.0-255,66,40669,61,314662
4925,0.000429,74.125.200.0-255,5738,46407,61,314662
4926,0.000432,172.31.40.0-255,66,46473,61,314662
4927,0.000488,74.125.200.0-255,6797,53270,61,314662
4928,0.000491,172.31.40.0-255,66,53336,61,314662
4929,0.000499,74.125.200.0-255,7156,60492,61,314662
4930,0.000505,74.125.200.0-255,4320,64812,61,314662
4931,0.00051,172.31.40.0-255,66,64878,61,314662
4932,0.000511,172.31.40.0-255,66,64944,61,314662
4933,0.000534,74.125.200.0-255,1402,66346,61,314662
4934,0.000541,74.125.200.0-255,127,66473,61,314662
4935,0.001089,74.125.200.0-255,1484,67957,61,314662
4936,0.001094,172.31.40.0-255,66,68023,61,314662
4937,0.0011,74.125.200.0-255,2902,70925,61,314662
4938,0.001102,172.31.40.0-255,66,70991,61,314662
4939,0.001106,74.125.200.0-255,2902,73893,61,314662
4940,0.001108,172.31.40.0-255,66,73959,61,314662
4941,0.001151,74.125.200.0-255,1484,75443,61,314662
4942,0.001196,74.125.200.0-255,2902,78345,61,314662
4943,0.001199,172.31.40.0-255,66,78411,61,314662
4944,0.001206,74.125.200.0-255,5379,83790,61,314662
4945,0.001208,172.31.40.0-255,66,83856,61,314662
4946,0.001214,74.125.200.0-255,5738,89594,61,314662
4947,0.001216,172.31.40.0-255,66,89660,61,314662
4948,0.001232,172.31.40.0-255,66,89726,61,314662
4949,0.001261,74.125.200.0-255,4320,94046,61,314662
4950,0.001267,172.31.40.0-255,66,94112,61,314662
4951,0.001283,172.31.40.0-255,66,94178,61,314662
4952,0.001286,74.125.200.0-255,766,94944,61,314662
4953,0.001494,74.125.200.0-255,1484,96428,61,314662
4954,0.001499,172.31.40.0-255,66,96494,61,314662
4955,0.001518,74.125.200.0-255,1484,97978,61,314662
4956,0.001523,74.125.200.0-255,2902,100880,61,314662
4957,0.001525,172.31.40.0-255,66,100946,61,314662
4958,0.001554,74.125.200.0-255,2902,103848,61,314662
4959,0.001556,172.31.40.0-255,66,103914,61,314662
4960,0.001588,74.125.200.0-255,2902,106816,61,314662
4961,0.001591,172.31.40.0-255,66,106882,61,314662
4962,0.001597,74.125.200.0-255,2902,109784,61,314662
4963,0.001599,172.31.40.0-255,66,109850,61,314662
4964,0.001608,74.125.200.0-255,4320,114170,61,314662
4965,0.001611,172.31.40.0-255,66,114236,61,314662
4966,0.001614,74.125.200.0-255,1484,115720,61,314662
4967,0.00164,74.125.200.0-255,2902,118622,61,314662
4968,0.001642,172.31.40.0-255,66,118688,61,314662
4969,0.001668,74.125.200.0-255,4320,123008,61,314662
4970,0.001671,172.31.40.0-255,66,123074,61,314662
4971,0.001702,74.125.200.0-255,5738,128812,61,314662
4972,0.001705,172.31.40.0-255,66,128878,61,314662
4973,0.001708,74.125.200.0-255,766,129644,61,314662
4974,0.00173,74.125.200.0-255,1484,131128,61,314662
4975,0.001732,172.31.40.0-255,66,131194,61,314662
4976,0.001751,74.125.200.0-255,4320,135514,61,314662
4977,0.001759,172.31.40.0-255,66,135580,61,314662
4978,0.001762,74.125.200.0-255,1484,137064,61,314662
4979,0.001787,74.125.200.0-255,2902,139966,61,314662
4980,0.001789,172.31.40.0-255,66,140032,61,314662
4981,0.001795,74.125.200.0-255,4320,144352,61,314662
4982,0.001797,172.31.40.0-255,66,144418,61,314662
4983,0.001825,74.125.200.0-255,1484,145902,61,314662
4984,0.001836,74.125.200.0-255,5738,151640,61,314662
4985,0.001839,172.31.40.0-255,66,151706,61,314662
4986,0.001847,74.125.200.0-255,7156,158862,61,314662
4987,0.001849,172.31.40.0-255,66,158928,61,314662
4988,0.001919,74.125.200.0-255,5020,163948,61,314662
4989,0.001923,172.31.40.0-255,66,164014,61,314662
4990,0.001988,74.125.200.0-255,1484,165498,61,314662
4991,0.002013,74.125.200.0-255,1484,166982,61,314662
4992,0.002016,172.31.40.0-255,66,167048,61,314662
4993,0.002034,74.125.200.0-255,2902,169950,61,314662
4994,0.002037,172.31.40.0-255,66,170016,61,314662
4995,0.00207,74.125.200.0-255,5738,175754,61,314662
4996,0.002073,172.31.40.0-255,66,175820,61,314662
4997,0.002076,74.125.200.0-255,1484,177304,61,314662
4998,0.002106,74.125.200.0-255,2902,180206,61,314662
4999,0.002109,172.31.40.0-255,66,180272,61,314662
5000,0.002159,74.125.200.0-255,5738,186010,61,314662
5001,0.002162,172.31.40.0-255,66,186076,61,314662
5002,0.002166,74.125.200.0-255,2902,188978,61,314662
5003,0.002169,172.31.40.0-255,66,189044,61,314662
5004,0.002174,74.125.200.0-255,4320,193364,61,314662
5005,0.002177,172.31.40.0-255,66,193430,61,314662
5006,0.002187,74.125.200.0-255,5020,198450,61,314662
5007,0.002189,172.31.40.0-255,66,198516,61,314662
5008,0.002344,74.125.200.0-255,1484,200000,61,314662
5009,0.004525,74.125.200.0-255,4320,204320,61,314662
5010,0.004531,172.31.40.0-255,66,204386,61,314662
5011,0.006847,74.125.200.0-255,5738,210124,61,314662
5012,0.006855,172.31.40.0-255,66,210190,61,314662
5013,0.009161,74.125.200.0-255,5738,215928,61,314662
5014,0.009167,172.31.40.0-255,66,215994,61,314662
5015,0.011487,74.125.200.0-255,5738,221732,61,314662
5016,0.011494,172.31.40.0-255,66,221798,61,314662
5017,0.013808,74.125.200.0-255,5738,227536,61,314662
5018,0.013816,172.31.40.0-255,66,227602,61,314662
5019,0.016139,74.125.200.0-255,5738,233340,61,314662
5020,0.016147,172.31.40.0-255,66,233406,61,314662
5021,0.018451,74.125.200.0-255,5738,239144,61,314662
5022,0.018462,172.31.40.0-255,66,239210,61,314662
5023,0.020783,74.125.200.0-255,5738,244948,61,314662
5024,0.020792,172.31.40.0-255,66,245014,61,314662
5025,0.023122,74.125.200.0-255,5738,250752,61,314662
5026,0.023131,172.31.40.0-255,66,250818,61,314662
5027,0.025459,74.125.200.0-255,5738,256556,61,314662
5028,0.025468,172.31.40.0-255,66,256622,61,314662
5029,0.027778,74.125.200.0-255,5738,262360,61,314662
5030,0.027785,172.31.40.0-255,66,262426,61,314662
5031,0.030096,74.125.200.0-255,5738,268164,61,314662
5032,0.030105,172.31.40.0-255,66,268230,61,314662
5033,0.03247,74.125.200.0-255,5738,273968,61,314662
5034,0.032477,172.31.40.0-255,66,274034,61,314662
5035,0.034824,74.125.200.0-255,5738,279772,61,314662
5036,0.034842,172.31.40.0-255,66,279838,61,314662
5037,0.03717,74.125.200.0-255,5738,285576,61,314662
5038,0.037197,172.31.40.0-255,66,285642,61,314662
5039,0.039533,74.125.200.0-255,5738,291380,61,314662
5040,0.039552,172.31.40.0-255,66,291446,61,314662
5041,0.04186,74.125.200.0-255,5738,297184,61,314662
5042,0.041874,172.31.40.0-255,66,297250,61,314662
5043,0.04418,74.125.200.0-255,5738,302988,61,314662
5044,0.044188,172.31.40.0-255,66,303054,61,314662
5045,0.046516,74.125.200.0-255,5738,308792,61,314662
5046,0.046534,172.31.40.0-255,66,308858,61,314662
5047,0.048847,74.125.200.0-255,5738,314596,61,314662
5048,0.048856,172.31.40.0-255,66,314662,61,314662
5049,0.0,172.217.194.0-255,148,148,61,268228
5050,2.2e-05,172.31.40.0-255,66,214,61,268228
5051,2.8e-05,172.217.194.0-255,1484,1698,61,268228
5052,3.2e-05,172.31.40.0-255,66,1764,61,268228
5053,3.7e-05,172.217.194.0-255,2902,4666,61,268228
5054,4.6e-05,172.31.40.0-255,66,4732,61,268228
5055,5e-05,172.217.194.0-255,4320,9052,61,268228
5056,5.4e-05,172.31.40.0-255,66,9118,61,268228
5057,7.8e-05,172.217.194.0-255,2902,12020,61,268228
5058,8e-05,172.31.40.0-255,66,12086,61,268228
5059,0.000108,172.217.194.0-255,2069,14155,61,268228
5060,0.000111,172.31.40.0-255,66,14221,61,268228
5061,0.000252,172.217.194.0-255,1484,15705,61,268228
5062,0.000256,172.31.40.0-255,66,15771,61,268228
5063,0.000262,172.217.194.0-255,2902,18673,61,268228
5064,0.000264,172.31.40.0-255,66,18739,61,268228
5065,0.000298,172.217.194.0-255,5738,24477,61,268228
5066,0.000301,172.31.40.0-255,66,24543,61,268228
5067,0.00033,172.217.194.0-255,2902,27445,61,268228
5068,0.000332,172.31.40.0-255,66,27511,61,268228
5069,0.000355,172.217.194.0-255,3961,31472,61,268228
5070,0.000357,172.31.40.0-255,66,31538,61,268228
5071,0.00049,172.217.194.0-255,1484,33022,61,268228
5072,0.000494,172.31.40.0-255,66,33088,61,268228
5073,0.000497,172.217.194.0-255,1484,34572,61,268228
5074,0.000499,172.31.40.0-255,66,34638,61,268228
5075,0.000513,172.217.194.0-255,1484,36122,61,268228
5076,0.000516,172.31.40.0-255,66,36188,61,268228
5077,0.000522,172.217.194.0-255,5738,41926,61,268228
5078,0.000524,172.31.40.0-255,66,41992,61,268228
5079,0.000528,172.217.194.0-255,2902,44894,61,268228
5080,0.000529,172.31.40.0-255,66,44960,61,268228
5081,0.000561,172.217.194.0-255,2902,47862,61,268228
5082,0.000565,172.31.40.0-255,66,47928,61,268228
5083,0.000577,172.31.40.0-255,66,47994,61,268228
5084,0.000582,172.217.194.0-255,3961,51955,61,268228
5085,0.000584,172.31.40.0-255,66,52021,61,268228
5086,0.000619,172.217.194.0-255,677,52698,61,268228
5087,0.000844,172.217.194.0-255,1484,54182,61,268228
5088,0.000848,172.31.40.0-255,66,54248,61,268228
5089,0.000852,172.217.194.0-255,2902,57150,61,268228
5090,0.000854,172.31.40.0-255,66,57216,61,268228
5091,0.000857,172.217.194.0-255,1484,58700,61,268228
5092,0.000871,172.217.194.0-255,4320,63020,61,268228
5093,0.000877,172.31.40.0-255,66,63086,61,268228
5094,0.000923,172.31.40.0-255,66,63152,61,268228
5095,0.000925,172.31.40.0-255,66,63218,61,268228
5096,0.001414,172.217.194.0-255,1484,64702,61,268228
5097,0.001456,172.217.194.0-255,2902,67604,61,268228
5098,0.001459,172.31.40.0-255,66,67670,61,268228
5099,0.001466,172.217.194.0-255,5738,73408,61,268228
5100,0.001468,172.31.40.0-255,66,73474,61,268228
5101,0.001472,172.217.194.0-255,4320,77794,61,268228
5102,0.001478,172.31.40.0-255,66,77860,61,268228
5103,0.001502,172.217.194.0-255,2902,80762,61,268228
5104,0.001504,172.31.40.0-255,66,80828,61,268228
5105,0.001515,172.217.194.0-255,1484,82312,61,268228
5106,0.001549,172.31.40.0-255,66,82378,61,268228
5107,0.00158,172.217.194.0-255,3602,85980,61,268228
5108,0.001582,172.31.40.0-255,66,86046,61,268228
5109,0.001817,172.217.194.0-255,1484,87530,61,268228
5110,0.001824,172.217.194.0-255,2902,90432,61,268228
5111,0.001827,172.31.40.0-255,66,90498,61,268228
5112,0.001846,172.217.194.0-255,5738,96236,61,268228
5113,0.001848,172.31.40.0-255,66,96302,61,268228
5114,0.001871,172.217.194.0-255,1484,97786,61,268228
5115,0.001894,172.217.194.0-255,7156,104942,61,268228
5116,0.001897,172.31.40.0-255,66,105008,61,268228
5117,0.001907,172.31.40.0-255,66,105074,61,268228
5118,0.001915,172.217.194.0-255,2902,107976,61,268228
5119,0.001917,172.31.40.0-255,66,108042,61,268228
5120,0.001941,172.217.194.0-255,2184,110226,61,268228
5121,0.001943,172.31.40.0-255,66,110292,61,268228
5122,0.001946,172.217.194.0-255,1484,111776,61,268228
5123,0.001984,172.31.40.0-255,66,111842,61,268228
5124,0.00199,172.217.194.0-255,7156,118998,61,268228
5125,0.001992,172.31.40.0-255,66,119064,61,268228
5126,0.002011,172.217.194.0-255,4320,123384,61,268228
5127,0.002013,172.31.40.0-255,66,123450,61,268228
5128,0.002018,172.217.194.0-255,5020,128470,61,268228
5129,0.002024,172.31.40.0-255,66,128536,61,268228
5130,0.002064,172.217.194.0-255,5738,134274,61,268228
5131,0.002067,172.31.40.0-255,66,134340,61,268228
5132,0.002071,172.217.194.0-255,2902,137242,61,268228
5133,0.002072,172.31.40.0-255,66,137308,61,268228
5134,0.004109,172.217.194.0-255,4320,141628,61,268228
5135,0.004114,172.31.40.0-255,66,141694,61,268228
5136,0.004137,172.217.194.0-255,1484,143178,61,268228
5137,0.006173,172.217.194.0-255,1484,144662,61,268228
5138,0.006176,172.31.40.0-255,66,144728,61,268228
5139,0.0062,172.217.194.0-255,2902,147630,61,268228
5140,0.006203,172.31.40.0-255,66,147696,61,268228
5141,0.008243,172.217.194.0-255,4320,152016,61,268228
5142,0.008249,172.31.40.0-255,66,152082,61,268228
5143,0.008274,172.217.194.0-255,1484,153566,61,268228
5144,0.010286,172.217.194.0-255,4320,157886,61,268228
5145,0.010293,172.31.40.0-255,66,157952,61,268228
5146,0.012356,172.217.194.0-255,5738,163690,61,268228
5147,0.012364,172.31.40.0-255,66,163756,61,268228
5148,0.014419,172.217.194.0-255,5738,169494,61,268228
5149,0.014426,172.31.40.0-255,66,169560,61,268228
5150,0.016474,172.217.194.0-255,5738,175298,61,268228
5151,0.016481,172.31.40.0-255,66,175364,61,268228
5152,0.01856,172.217.194.0-255,5738,181102,61,268228
5153,0.018569,172.31.40.0-255,66,181168,61,268228
5154,0.020653,172.217.194.0-255,5738,186906,61,268228
5155,0.02067,172.31.40.0-255,66,186972,61,268228
5156,0.022752,172.217.194.0-255,5738,192710,61,268228
5157,0.022771,172.31.40.0-255,66,192776,61,268228
5158,0.024825,172.217.194.0-255,5738,198514,61,268228
5159,0.024834,172.31.40.0-255,66,198580,61,268228
5160,0.026884,172.217.194.0-255,5738,204318,61,268228
5161,0.026899,172.31.40.0-255,66,204384,61,268228
5162,0.028972,172.217.194.0-255,5738,210122,61,268228
5163,0.02898,172.31.40.0-255,66,210188,61,268228
5164,0.031073,172.217.194.0-255,5738,215926,61,268228
5165,0.031082,172.31.40.0-255,66,215992,61,268228
5166,0.03313,172.217.194.0-255,5738,221730,61,268228
5167,0.033142,172.31.40.0-255,66,221796,61,268228
5168,0.035214,172.217.194.0-255,5738,227534,61,268228
5169,0.035222,172.31.40.0-255,66,227600,61,268228
5170,0.037269,172.217.194.0-255,5738,233338,61,268228
5171,0.03728,172.31.40.0-255,66,233404,61,268228
5172,0.03932,172.217.194.0-255,5738,239142,61,268228
5173,0.039335,172.31.40.0-255,66,239208,61,268228
5174,0.041374,172.217.194.0-255,5738,244946,61,268228
5175,0.041381,172.31.40.0-255,66,245012,61,268228
5176,0.04343,172.217.194.0-255,5738,250750,61,268228
5177,0.043439,172.31.40.0-255,66,250816,61,268228
5178,0.045516,172.217.194.0-255,5738,256554,61,268228
5179,0.045532,172.31.40.0-255,66,256620,61,268228
5180,0.047579,172.217.194.0-255,5738,262358,61,268228
5181,0.047595,172.31.40.0-255,66,262424,61,268228
5182,0.049646,172.217.194.0-255,5738,268162,61,268228
5183,0.049659,172.31.40.0-255,66,268228,61,268228
5184,0.0,104.244.42.0-255,66,66,61,66
5185,0.0,74.125.24.0-255,146,146,61,262533
5186,1.7e-05,172.31.40.0-255,66,212,61,262533
5187,2.4e-05,74.125.24.0-255,1484,1696,61,262533
5188,2.8e-05,172.31.40.0-255,66,1762,61,262533
5189,5.6e-05,74.125.24.0-255,1484,3246,61,262533
5190,5.9e-05,172.31.40.0-255,66,3312,61,262533
5191,6.5e-05,74.125.24.0-255,2902,6214,61,262533
5192,6.8e-05,172.31.40.0-255,66,6280,61,262533
5193,7.4e-05,74.125.24.0-255,5738,12018,61,262533
5194,7.7e-05,172.31.40.0-255,66,12084,61,262533
5195,9.2e-05,74.125.24.0-255,2101,14185,61,262533
5196,9.4e-05,172.31.40.0-255,66,14251,61,262533
5197,0.000134,74.125.24.0-255,2902,17153,61,262533
5198,0.000136,172.31.40.0-255,66,17219,61,262533
5199,0.000142,74.125.24.0-255,4320,21539,61,262533
5200,0.000144,172.31.40.0-255,66,21605,61,262533
5201,0.000161,74.125.24.0-255,2902,24507,61,262533
5202,0.000164,172.31.40.0-255,66,24573,61,262533
5203,0.000175,74.125.24.0-255,5738,30311,61,262533
5204,0.000178,172.31.40.0-255,66,30377,61,262533
5205,0.000206,74.125.24.0-255,1125,31502,61,262533
5206,0.000208,172.31.40.0-255,66,31568,61,262533
5207,0.000259,74.125.24.0-255,1484,33052,61,262533
5208,0.000262,172.31.40.0-255,66,33118,61,262533
5209,0.000267,74.125.24.0-255,2902,36020,61,262533
5210,0.000269,172.31.40.0-255,66,36086,61,262533
5211,0.000292,74.125.24.0-255,5738,41824,61,262533
5212,0.000295,172.31.40.0-255,66,41890,61,262533
5213,0.000323,74.125.24.0-255,6797,48687,61,262533
5214,0.000326,172.31.40.0-255,66,48753,61,262533
5215,0.000334,74.125.24.0-255,7156,55909,61,262533
5216,0.000337,172.31.40.0-255,66,55975,61,262533
5217,0.000368,74.125.24.0-255,7156,63131,61,262533
5218,0.00037,172.31.40.0-255,66,63197,61,262533
5219,0.000375,74.125.24.0-255,2543,65740,61,262533
5220,0.000377,172.31.40.0-255,66,65806,61,262533
5221,0.000379,74.125.24.0-255,678,66484,61,262533
5222,0.000536,74.125.24.0-255,1484,67968,61,262533
5223,0.000541,172.31.40.0-255,66,68034,61,262533
5224,0.000548,74.125.24.0-255,2902,70936,61,262533
5225,0.000551,172.31.40.0-255,66,71002,61,262533
5226,0.00056,74.125.24.0-255,2902,73904,61,262533
5227,0.000562,172.31.40.0-255,66,73970,61,262533
5228,0.00059,74.125.24.0-255,2902,76872,61,262533
5229,0.000593,172.31.40.0-255,66,76938,61,262533
5230,0.000607,172.31.40.0-255,66,77004,61,262533
5231,0.00062,172.31.40.0-255,66,77070,61,262533
5232,0.001011,74.125.24.0-255,1484,78554,61,262533
5233,0.001017,74.125.24.0-255,1484,80038,61,262533
5234,0.001021,172.31.40.0-255,66,80104,61,262533
5235,0.001053,74.125.24.0-255,1484,81588,61,262533
5236,0.001061,74.125.24.0-255,5738,87326,61,262533
5237,0.001063,172.31.40.0-255,66,87392,61,262533
5238,0.001083,172.31.40.0-255,66,87458,61,262533
5239,0.001106,74.125.24.0-255,1484,88942,61,262533
5240,0.001131,172.31.40.0-255,66,89008,61,262533
5241,0.001604,74.125.24.0-255,1484,90492,61,262533
5242,0.001611,74.125.24.0-255,2902,93394,61,262533
5243,0.001614,172.31.40.0-255,66,93460,61,262533
5244,0.001627,74.125.24.0-255,1484,94944,61,262533
5245,0.001644,74.125.24.0-255,2902,97846,61,262533
5246,0.001646,172.31.40.0-255,66,97912,61,262533
5247,0.001649,74.125.24.0-255,1484,99396,61,262533
5248,0.001673,74.125.24.0-255,4320,103716,61,262533
5249,0.001675,172.31.40.0-255,66,103782,61,262533
5250,0.001687,172.31.40.0-255,66,103848,61,262533
5251,0.001732,74.125.24.0-255,7156,111004,61,262533
5252,0.001735,172.31.40.0-255,66,111070,61,262533
5253,0.001751,74.125.24.0-255,2184,113254,61,262533
5254,0.001753,172.31.40.0-255,66,113320,61,262533
5255,0.002024,74.125.24.0-255,1484,114804,61,262533
5256,0.002031,74.125.24.0-255,2902,117706,61,262533
5257,0.002034,172.31.40.0-255,66,117772,61,262533
5258,0.002042,74.125.24.0-255,5738,123510,61,262533
5259,0.002044,172.31.40.0-255,66,123576,61,262533
5260,0.00208,74.125.24.0-255,1484,125060,61,262533
5261,0.002115,172.31.40.0-255,66,125126,61,262533
5262,0.002128,172.31.40.0-255,66,125192,61,262533
5263,0.00214,172.31.40.0-255,66,125258,61,262533
5264,0.002183,172.31.40.0-255,66,125324,61,262533
5265,0.002229,172.31.40.0-255,66,125390,61,262533
5266,0.002243,172.31.40.0-255,66,125456,61,262533
5267,0.002247,74.125.24.0-255,1484,126940,61,262533
5268,0.00228,172.31.40.0-255,66,127006,61,262533
5269,0.00232,172.31.40.0-255,66,127072,61,262533
5270,0.002324,74.125.24.0-255,2902,129974,61,262533
5271,0.002326,172.31.40.0-255,66,130040,61,262533
5272,0.002332,74.125.24.0-255,4320,134360,61,262533
5273,0.002334,172.31.40.0-255,66,134426,61,262533
5274,0.002341,74.125.24.0-255,5738,140164,61,262533
5275,0.002344,172.31.40.0-255,66,140230,61,262533
5276,0.002383,74.125.24.0-255,2902,143132,61,262533
5277,0.002385,172.31.40.0-255,66,143198,61,262533
5278,0.002401,172.31.40.0-255,66,143264,61,262533
5279,0.004724,74.125.24.0-255,5738,149002,61,262533
5280,0.004733,172.31.40.0-255,66,149068,61,262533
5281,0.007063,74.125.24.0-255,5738,154806,61,262533
5282,0.007079,172.31.40.0-255,66,154872,61,262533
5283,0.009424,74.125.24.0-255,5738,160610,61,262533
5284,0.009442,172.31.40.0-255,66,160676,61,262533
5285,0.011769,74.125.24.0-255,5738,166414,61,262533
5286,0.01178,172.31.40.0-255,66,166480,61,262533
5287,0.014116,74.125.24.0-255,5738,172218,61,262533
5288,0.014122,172.31.40.0-255,66,172284,61,262533
5289,0.016432,74.125.24.0-255,5738,178022,61,262533
5290,0.016448,172.31.40.0-255,66,178088,61,262533
5291,0.018767,74.125.24.0-255,5738,183826,61,262533
5292,0.018782,172.31.40.0-255,66,183892,61,262533
5293,0.021133,74.125.24.0-255,5738,189630,61,262533
5294,0.02115,172.31.40.0-255,66,189696,61,262533
5295,0.023451,74.125.24.0-255,5738,195434,61,262533
5296,0.023459,172.31.40.0-255,66,195500,61,262533
5297,0.025761,74.125.24.0-255,5738,201238,61,262533
5298,0.025768,172.31.40.0-255,66,201304,61,262533
5299,0.028121,74.125.24.0-255,5738,207042,61,262533
5300,0.028129,172.31.40.0-255,66,207108,61,262533
5301,0.03046,74.125.24.0-255,5738,212846,61,262533
5302,0.030469,172.31.40.0-255,66,212912,61,262533
5303,0.032793,74.125.24.0-255,5738,218650,61,262533
5304,0.0328,172.31.40.0-255,66,218716,61,262533
5305,0.035135,74.125.24.0-255,5738,224454,61,262533
5306,0.035142,172.31.40.0-255,66,224520,61,262533
5307,0.037465,74.125.24.0-255,5738,230258,61,262533
5308,0.037472,172.31.40.0-255,66,230324,61,262533
5309,0.03982,74.125.24.0-255,5738,236062,61,262533
5310,0.039838,172.31.40.0-255,66,236128,61,262533
5311,0.042148,74.125.24.0-255,5738,241866,61,262533
5312,0.042159,172.31.40.0-255,66,241932,61,262533
5313,0.044503,74.125.24.0-255,5738,247670,61,262533
5314,0.04452,172.31.40.0-255,66,247736,61,262533
5315,0.046241,172.31.40.0-255,167,247903,61,262533
5316,0.046288,172.31.40.0-255,1121,249024,61,262533
5317,0.046382,172.31.40.0-255,1514,250538,61,262533
5318,0.046384,172.31.40.0-255,321,250859,61,262533
5319,0.046845,74.125.24.0-255,5738,256597,61,262533
5320,0.046853,172.31.40.0-255,66,256663,61,262533
5321,0.047922,104.244.42.0-255,66,256729,61,262533
5322,0.049159,74.125.24.0-255,5738,262467,61,262533
5323,0.049168,172.31.40.0-255,66,262533,61,262533
5324,0.0,172.217.194.0-255,153,153,61,209411
5325,2.3e-05,172.31.40.0-255,66,219,61,209411
5326,3e-05,172.217.194.0-255,1484,1703,61,209411
5327,3.5e-05,172.31.40.0-255,66,1769,61,209411
5328,4.1e-05,172.217.194.0-255,2902,4671,61,209411
5329,5.1e-05,172.31.40.0-255,66,4737,61,209411
5330,6e-05,172.217.194.0-255,7156,11893,61,209411
5331,6.4e-05,172.31.40.0-255,66,11959,61,209411
5332,6.8e-05,172.217.194.0-255,2135,14094,61,209411
5333,7.1e-05,172.31.40.0-255,66,14160,61,209411
5334,0.000104,172.217.194.0-255,2902,17062,61,209411
5335,0.000108,172.31.40.0-255,66,17128,61,209411
5336,0.000116,172.217.194.0-255,7156,24284,61,209411
5337,0.000118,172.31.40.0-255,66,24350,61,209411
5338,0.000168,172.217.194.0-255,4320,28670,61,209411
5339,0.000171,172.31.40.0-255,66,28736,61,209411
5340,0.00019,172.217.194.0-255,2543,31279,61,209411
5341,0.000193,172.31.40.0-255,66,31345,61,209411
5342,0.00024,172.217.194.0-255,1484,32829,61,209411
5343,0.000243,172.31.40.0-255,66,32895,61,209411
5344,0.000249,172.217.194.0-255,2902,35797,61,209411
5345,0.000252,172.31.40.0-255,66,35863,61,209411
5346,0.000263,172.217.194.0-255,5738,41601,61,209411
5347,0.000266,172.31.40.0-255,66,41667,61,209411
5348,0.000316,172.31.40.0-255,66,41733,61,209411
5349,0.000323,172.217.194.0-255,5738,47471,61,209411
5350,0.000325,172.31.40.0-255,66,47537,61,209411
5351,0.00033,172.217.194.0-255,3961,51498,61,209411
5352,0.000333,172.31.40.0-255,66,51564,61,209411
5353,0.000381,172.217.194.0-255,360,51924,61,209411
5354,0.000384,172.31.40.0-255,66,51990,61,209411
5355,0.000852,172.217.194.0-255,383,52373,61,209411
5356,0.001045,172.31.40.0-255,66,52439,61,209411
5357,0.00121,172.217.194.0-255,1484,53923,61,209411
5358,0.00122,172.217.194.0-255,2902,56825,61,209411
5359,0.001223,172.31.40.0-255,66,56891,61,209411
5360,0.001229,172.217.194.0-255,2902,59793,61,209411
5361,0.001231,172.31.40.0-255,66,59859,61,209411
5362,0.001256,172.217.194.0-255,2902,62761,61,209411
5363,0.001258,172.31.40.0-255,66,62827,61,209411
5364,0.001266,172.217.194.0-255,7156,69983,61,209411
5365,0.001269,172.31.40.0-255,66,70049,61,209411
5366,0.001274,172.217.194.0-255,4320,74369,61,209411
5367,0.001276,172.31.40.0-255,66,74435,61,209411
5368,0.001316,172.31.40.0-255,66,74501,61,209411
5369,0.001321,172.217.194.0-255,2184,76685,61,209411
5370,0.001324,172.31.40.0-255,66,76751,61,209411
5371,0.001533,172.217.194.0-255,1484,78235,61,209411
5372,0.001541,172.217.194.0-255,2902,81137,61,209411
5373,0.001545,172.31.40.0-255,66,81203,61,209411
5374,0.001551,172.217.194.0-255,4320,85523,61,209411
5375,0.001553,172.31.40.0-255,66,85589,61,209411
5376,0.001585,172.217.194.0-255,1484,87073,61,209411
5377,0.001598,172.31.40.0-255,66,87139,61,209411
5378,0.001621,172.217.194.0-255,1484,88623,61,209411
5379,0.001663,172.217.194.0-255,7156,95779,61,209411
5380,0.001666,172.31.40.0-255,66,95845,61,209411
5381,0.001691,172.217.194.0-255,3602,99447,61,209411
5382,0.001695,172.31.40.0-255,66,99513,61,209411
5383,0.004238,172.217.194.0-255,4320,103833,61,209411
5384,0.004249,172.31.40.0-255,66,103899,61,209411
5385,0.004276,172.217.194.0-255,1484,105383,61,209411
5386,0.006792,172.217.194.0-255,4320,109703,61,209411
5387,0.0068,172.31.40.0-255,66,109769,61,209411
5388,0.009358,172.217.194.0-255,5738,115507,61,209411
5389,0.009369,172.31.40.0-255,66,115573,61,209411
5390,0.011932,172.217.194.0-255,5738,121311,61,209411
5391,0.011941,172.31.40.0-255,66,121377,61,209411
5392,0.01449,172.217.194.0-255,5738,127115,61,209411
5393,0.014498,172.31.40.0-255,66,127181,61,209411
5394,0.017043,172.217.194.0-255,5738,132919,61,209411
5395,0.017052,172.31.40.0-255,66,132985,61,209411
5396,0.019593,172.217.194.0-255,5738,138723,61,209411
5397,0.019605,172.31.40.0-255,66,138789,61,209411
5398,0.022165,172.217.194.0-255,5738,144527,61,209411
5399,0.022181,172.31.40.0-255,66,144593,61,209411
5400,0.024722,172.217.194.0-255,4320,148913,61,209411
5401,0.024733,172.31.40.0-255,66,148979,61,209411
5402,0.024762,172.217.194.0-255,1484,150463,61,209411
5403,0.027266,172.217.194.0-255,4320,154783,61,209411
5404,0.027276,172.31.40.0-255,66,154849,61,209411
5405,0.029817,172.217.194.0-255,5738,160587,61,209411
5406,0.029825,172.31.40.0-255,66,160653,61,209411
5407,0.030286,172.31.40.0-255,167,160820,61,209411
5408,0.030318,172.31.40.0-255,1115,161935,61,209411
5409,0.030408,172.31.40.0-255,1514,163449,61,209411
5410,0.03041,172.31.40.0-255,1514,164963,61,209411
5411,0.030411,172.31.40.0-255,1514,166477,61,209411
5412,0.030412,172.31.40.0-255,1514,167991,61,209411
5413,0.030413,172.31.40.0-255,528,168519,61,209411
5414,0.031857,104.244.42.0-255,66,168585,61,209411
5415,0.031944,104.244.42.0-255,66,168651,61,209411
5416,0.031999,104.244.42.0-255,66,168717,61,209411
5417,0.032003,104.244.42.0-255,66,168783,61,209411
5418,0.03237,172.217.194.0-255,5738,174521,61,209411
5419,0.032378,172.31.40.0-255,66,174587,61,209411
5420,0.034937,172.217.194.0-255,5738,180325,61,209411
5421,0.034945,172.31.40.0-255,66,180391,61,209411
5422,0.037489,172.217.194.0-255,5738,186129,61,209411
5423,0.037505,172.31.40.0-255,66,186195,61,209411
5424,0.040078,172.217.194.0-255,5738,191933,61,209411
5425,0.040093,172.31.40.0-255,66,191999,61,209411
5426,0.042672,172.217.194.0-255,5738,197737,61,209411
5427,0.042691,172.31.40.0-255,66,197803,61,209411
5428,0.045243,172.217.194.0-255,5738,203541,61,209411
5429,0.045254,172.31.40.0-255,66,203607,61,209411
5430,0.047784,172.217.194.0-255,5738,209345,61,209411
5431,0.047793,172.31.40.0-255,66,209411,61,209411
5432,0.0,172.217.194.0-255,146,146,61,186597
5433,1.5e-05,172.31.40.0-255,66,212,61,186597
5434,2.2e-05,172.217.194.0-255,1484,1696,61,186597
5435,2.6e-05,172.31.40.0-255,66,1762,61,186597
5436,3.3e-05,172.217.194.0-255,2902,4664,61,186597
5437,4.3e-05,172.31.40.0-255,66,4730,61,186597
5438,5.1e-05,172.217.194.0-255,7156,11886,61,186597
5439,5.4e-05,172.31.40.0-255,66,11952,61,186597
5440,6.9e-05,172.217.194.0-255,1992,13944,61,186597
5441,7.1e-05,172.31.40.0-255,66,14010,61,186597
5442,0.00011,172.217.194.0-255,2902,16912,61,186597
5443,0.000113,172.31.40.0-255,66,16978,61,186597
5444,0.000116,172.217.194.0-255,1484,18462,61,186597
5445,0.000118,172.31.40.0-255,66,18528,61,186597
5446,0.000152,172.217.194.0-255,5738,24266,61,186597
5447,0.000155,172.31.40.0-255,66,24332,61,186597
5448,0.000193,172.31.40.0-255,66,24398,61,186597
5449,0.000204,172.31.40.0-255,66,24464,61,186597
5450,0.00023,172.217.194.0-255,1125,25589,61,186597
5451,0.000232,172.31.40.0-255,66,25655,61,186597
5452,0.000235,172.217.194.0-255,1484,27139,61,186597
5453,0.000237,172.31.40.0-255,66,27205,61,186597
5454,0.000242,172.217.194.0-255,2902,30107,61,186597
5455,0.000244,172.31.40.0-255,66,30173,61,186597
5456,0.000271,172.217.194.0-255,1484,31657,61,186597
5457,0.000274,172.31.40.0-255,66,31723,61,186597
5458,0.000285,172.31.40.0-255,66,31789,61,186597
5459,0.000293,172.217.194.0-255,1125,32914,61,186597
5460,0.000295,172.31.40.0-255,66,32980,61,186597
5461,0.000328,172.217.194.0-255,381,33361,61,186597
5462,0.000361,172.217.194.0-255,363,33724,61,186597
5463,0.000463,172.217.194.0-255,1484,35208,61,186597
5464,0.000468,172.31.40.0-255,66,35274,61,186597
5465,0.000474,172.217.194.0-255,2902,38176,61,186597
5466,0.000476,172.31.40.0-255,66,38242,61,186597
5467,0.000488,172.217.194.0-255,5738,43980,61,186597
5468,0.000491,172.31.40.0-255,66,44046,61,186597
5469,0.000528,172.31.40.0-255,66,44112,61,186597
5470,0.000564,172.31.40.0-255,66,44178,61,186597
5471,0.000852,172.217.194.0-255,1484,45662,61,186597
5472,0.000857,172.217.194.0-255,1484,47146,61,186597
5473,0.000861,172.31.40.0-255,66,47212,61,186597
5474,0.000891,172.217.194.0-255,1484,48696,61,186597
5475,0.000898,172.217.194.0-255,5738,54434,61,186597
5476,0.00093,172.217.194.0-255,7156,61590,61,186597
5477,0.000935,172.31.40.0-255,66,61656,61,186597
5478,0.000938,172.31.40.0-255,66,61722,61,186597
5479,0.000962,172.217.194.0-255,5738,67460,61,186597
5480,0.000964,172.31.40.0-255,66,67526,61,186597
5481,0.000976,172.31.40.0-255,66,67592,61,186597
5482,0.000982,172.217.194.0-255,5020,72612,61,186597
5483,0.000984,172.31.40.0-255,66,72678,61,186597
5484,0.00099,172.217.194.0-255,5738,78416,61,186597
5485,0.000993,172.31.40.0-255,66,78482,61,186597
5486,0.001007,172.31.40.0-255,66,78548,61,186597
5487,0.001014,172.217.194.0-255,7156,85704,61,186597
5488,0.001017,172.31.40.0-255,66,85770,61,186597
5489,0.00105,172.217.194.0-255,5020,90790,61,186597
5490,0.001053,172.31.40.0-255,66,90856,61,186597
5491,0.001062,172.217.194.0-255,7156,98012,61,186597
5492,0.001064,172.31.40.0-255,66,98078,61,186597
5493,0.001069,172.217.194.0-255,4320,102398,61,186597
5494,0.001072,172.31.40.0-255,66,102464,61,186597
5495,0.001099,172.217.194.0-255,4320,106784,61,186597
5496,0.001106,172.31.40.0-255,66,106850,61,186597
5497,0.001122,172.31.40.0-255,66,106916,61,186597
5498,0.001149,172.217.194.0-255,1484,108400,61,186597
5499,0.001152,172.217.194.0-255,766,109166,61,186597
5500,0.001154,172.31.40.0-255,66,109232,61,186597
5501,0.001195,172.31.40.0-255,66,109298,61,186597
5502,0.001203,172.217.194.0-255,7156,116454,61,186597
5503,0.001205,172.31.40.0-255,66,116520,61,186597
5504,0.001241,172.217.194.0-255,5738,122258,61,186597
5505,0.001244,172.31.40.0-255,66,122324,61,186597
5506,0.001253,172.31.40.0-255,66,122390,61,186597
5507,0.001264,172.217.194.0-255,5020,127410,61,186597
5508,0.001267,172.31.40.0-255,66,127476,61,186597
5509,0.001271,172.217.194.0-255,2902,130378,61,186597
5510,0.001274,172.31.40.0-255,66,130444,61,186597
5511,0.001298,172.217.194.0-255,2902,133346,61,186597
5512,0.0013,172.31.40.0-255,66,133412,61,186597
5513,0.001323,172.31.40.0-255,66,133478,61,186597
5514,0.001334,172.31.40.0-255,66,133544,61,186597
5515,0.001368,172.217.194.0-255,2184,135728,61,186597
5516,0.001372,172.31.40.0-255,66,135794,61,186597
5517,0.001417,172.217.194.0-255,1484,137278,61,186597
5518,0.001419,172.217.194.0-255,1484,138762,61,186597
5519,0.001424,172.31.40.0-255,66,138828,61,186597
5520,0.001434,172.217.194.0-255,1484,140312,61,186597
5521,0.001438,172.217.194.0-255,1484,141796,61,186597
5522,0.001447,172.31.40.0-255,66,141862,61,186597
5523,0.001477,172.217.194.0-255,4320,146182,61,186597
5524,0.00148,172.31.40.0-255,66,146248,61,186597
5525,0.001498,172.31.40.0-255,66,146314,61,186597
5526,0.001536,172.31.40.0-255,66,146380,61,186597
5527,0.001583,172.217.194.0-255,2902,149282,61,186597
5528,0.001585,172.31.40.0-255,66,149348,61,186597
5529,0.001624,172.31.40.0-255,66,149414,61,186597
5530,0.001647,172.31.40.0-255,66,149480,61,186597
5531,0.001678,172.217.194.0-255,766,150246,61,186597
5532,0.0017,172.31.40.0-255,66,150312,61,186597
5533,0.001712,172.217.194.0-255,7156,157468,61,186597
5534,0.001734,172.217.194.0-255,4320,161788,61,186597
5535,0.001741,172.217.194.0-255,7156,168944,61,186597
5536,0.001759,172.31.40.0-255,66,169010,61,186597
5537,0.001807,172.217.194.0-255,3602,172612,61,186597
5538,0.001824,172.217.194.0-255,4200,176812,61,186597
5539,0.001827,172.31.40.0-255,66,176878,61,186597
5540,0.001834,172.31.40.0-255,66,176944,61,186597
5541,0.001873,172.217.194.0-255,105,177049,61,186597
5542,0.009551,172.31.40.0-255,66,177115,61,186597
5543,0.009592,172.31.40.0-255,105,177220,61,186597
5544,0.012045,172.217.194.0-255,66,177286,61,186597
5545,0.038074,172.31.40.0-255,204,177490,61,186597
5546,0.038107,172.31.40.0-255,1120,178610,61,186597
5547,0.038175,172.31.40.0-255,1514,180124,61,186597
5548,0.038177,172.31.40.0-255,1514,181638,61,186597
5549,0.038183,172.31.40.0-255,1514,183152,61,186597
5550,0.038184,172.31.40.0-255,1514,184666,61,186597
5551,0.038207,172.31.40.0-255,1493,186159,61,186597
5552,0.039614,104.244.42.0-255,66,186225,61,186597
5553,0.039706,104.244.42.0-255,66,186291,61,186597
5554,0.039759,104.244.42.0-255,66,186357,61,186597
5555,0.039849,104.244.42.0-255,66,186423,61,186597
5556,0.040373,104.244.42.0-255,108,186531,61,186597
5557,0.040381,172.31.40.0-255,66,186597,61,186597
5558,0.0,74.125.24.0-255,146,146,61,213737
5559,1.8e-05,172.31.40.0-255,66,212,61,213737
5560,2.5e-05,74.125.24.0-255,1484,1696,61,213737
5561,3e-05,172.31.40.0-255,66,1762,61,213737
5562,3.5e-05,74.125.24.0-255,2902,4664,61,213737
5563,3.8e-05,172.31.40.0-255,66,4730,61,213737
5564,4.5e-05,74.125.24.0-255,5738,10468,61,213737
5565,4.8e-05,172.31.40.0-255,66,10534,61,213737
5566,7.6e-05,74.125.24.0-255,1484,12018,61,213737
5567,7.9e-05,172.31.40.0-255,66,12084,61,213737
5568,8.4e-05,74.125.24.0-255,2161,14245,61,213737
5569,8.6e-05,172.31.40.0-255,66,14311,61,213737
5570,0.000214,74.125.24.0-255,1484,15795,61,213737
5571,0.000221,172.31.40.0-255,66,15861,61,213737
5572,0.000227,74.125.24.0-255,2902,18763,61,213737
5573,0.00023,172.31.40.0-255,66,18829,61,213737
5574,0.000234,74.125.24.0-255,2902,21731,61,213737
5575,0.000236,172.31.40.0-255,66,21797,61,213737
5576,0.000259,74.125.24.0-255,2902,24699,61,213737
5577,0.000261,172.31.40.0-255,66,24765,61,213737
5578,0.000264,74.125.24.0-255,1484,26249,61,213737
5579,0.000266,172.31.40.0-255,66,26315,61,213737
5580,0.000307,172.31.40.0-255,66,26381,61,213737
5581,0.000314,74.125.24.0-255,7156,33537,61,213737
5582,0.000316,172.31.40.0-255,66,33603,61,213737
5583,0.000357,172.31.40.0-255,66,33669,61,213737
5584,0.000417,74.125.24.0-255,131,33800,61,213737
5585,0.000422,172.31.40.0-255,66,33866,61,213737
5586,0.00067,74.125.24.0-255,1484,35350,61,213737
5587,0.000676,172.31.40.0-255,66,35416,61,213737
5588,0.000682,74.125.24.0-255,2902,38318,61,213737
5589,0.000685,172.31.40.0-255,66,38384,61,213737
5590,0.000692,74.125.24.0-255,5738,44122,61,213737
5591,0.000694,172.31.40.0-255,66,44188,61,213737
5592,0.000735,172.31.40.0-255,66,44254,61,213737
5593,0.000742,74.125.24.0-255,7156,51410,61,213737
5594,0.000745,172.31.40.0-255,66,51476,61,213737
5595,0.000766,74.125.24.0-255,3602,55078,61,213737
5596,0.00077,172.31.40.0-255,66,55144,61,213737
5597,0.001547,74.125.24.0-255,1484,56628,61,213737
5598,0.001554,74.125.24.0-255,2902,59530,61,213737
5599,0.001558,172.31.40.0-255,66,59596,61,213737
5600,0.001562,74.125.24.0-255,1484,61080,61,213737
5601,0.001581,74.125.24.0-255,4320,65400,61,213737
5602,0.001583,172.31.40.0-255,66,65466,61,213737
5603,0.001586,74.125.24.0-255,1484,66950,61,213737
5604,0.001607,74.125.24.0-255,5738,72688,61,213737
5605,0.001609,172.31.40.0-255,66,72754,61,213737
5606,0.001613,74.125.24.0-255,2902,75656,61,213737
5607,0.001615,172.31.40.0-255,66,75722,61,213737
5608,0.001643,172.31.40.0-255,66,75788,61,213737
5609,0.001647,74.125.24.0-255,2184,77972,61,213737
5610,0.001649,172.31.40.0-255,66,78038,61,213737
5611,0.001879,74.125.24.0-255,1484,79522,61,213737
5612,0.001885,74.125.24.0-255,2902,82424,61,213737
5613,0.001888,172.31.40.0-255,66,82490,61,213737
5614,0.001894,74.125.24.0-255,5738,88228,61,213737
5615,0.001896,172.31.40.0-255,66,88294,61,213737
5616,0.001919,74.125.24.0-255,4320,92614,61,213737
5617,0.001921,172.31.40.0-255,66,92680,61,213737
5618,0.00194,172.31.40.0-255,66,92746,61,213737
5619,0.001946,74.125.24.0-255,5738,98484,61,213737
5620,0.001948,172.31.40.0-255,66,98550,61,213737
5621,0.001971,74.125.24.0-255,1484,100034,61,213737
5622,0.001985,74.125.24.0-255,2902,102936,61,213737
5623,0.001987,172.31.40.0-255,66,103002,61,213737
5624,0.002005,74.125.24.0-255,766,103768,61,213737
5625,0.002252,172.31.40.0-255,66,103834,61,213737
5626,0.004607,74.125.24.0-255,4320,108154,61,213737
5627,0.004612,172.31.40.0-255,66,108220,61,213737
5628,0.004877,74.125.24.0-255,1484,109704,61,213737
5629,0.007264,74.125.24.0-255,4320,114024,61,213737
5630,0.00727,172.31.40.0-255,66,114090,61,213737
5631,0.009882,74.125.24.0-255,5738,119828,61,213737
5632,0.00989,172.31.40.0-255,66,119894,61,213737
5633,0.012529,74.125.24.0-255,5738,125632,61,213737
5634,0.012536,172.31.40.0-255,66,125698,61,213737
5635,0.015146,74.125.24.0-255,5738,131436,61,213737
5636,0.015155,172.31.40.0-255,66,131502,61,213737
5637,0.017796,74.125.24.0-255,5738,137240,61,213737
5638,0.017803,172.31.40.0-255,66,137306,61,213737
5639,0.020463,74.125.24.0-255,5738,143044,61,213737
5640,0.02047,172.31.40.0-255,66,143110,61,213737
5641,0.020876,172.31.40.0-255,172,143282,61,213737
5642,0.020915,172.31.40.0-255,1115,144397,61,213737
5643,0.020995,172.31.40.0-255,1514,145911,61,213737
5644,0.020997,172.31.40.0-255,1514,147425,61,213737
5645,0.021002,172.31.40.0-255,1514,148939,61,213737
5646,0.021003,172.31.40.0-255,1514,150453,61,213737
5647,0.021025,172.31.40.0-255,528,150981,61,213737
5648,0.022459,104.244.42.0-255,66,151047,61,213737
5649,0.02247,104.244.42.0-255,66,151113,61,213737
5650,0.022551,104.244.42.0-255,66,151179,61,213737
5651,0.022556,104.244.42.0-255,66,151245,61,213737
5652,0.023115,74.125.24.0-255,5738,156983,61,213737
5653,0.023123,172.31.40.0-255,66,157049,61,213737
5654,0.025782,74.125.24.0-255,5738,162787,61,213737
5655,0.025788,172.31.40.0-255,66,162853,61,213737
5656,0.028382,74.125.24.0-255,5738,168591,61,213737
5657,0.028387,172.31.40.0-255,66,168657,61,213737
5658,0.031005,74.125.24.0-255,5738,174395,61,213737
5659,0.031011,172.31.40.0-255,66,174461,61,213737
5660,0.033599,74.125.24.0-255,5738,180199,61,213737
5661,0.033605,172.31.40.0-255,66,180265,61,213737
5662,0.036231,74.125.24.0-255,5738,186003,61,213737
5663,0.036236,172.31.40.0-255,66,186069,61,213737
5664,0.038869,74.125.24.0-255,4320,190389,61,213737
5665,0.038876,172.31.40.0-255,66,190455,61,213737
5666,0.038889,74.125.24.0-255,1484,191939,61,213737
5667,0.041525,74.125.24.0-255,4320,196259,61,213737
5668,0.041534,172.31.40.0-255,66,196325,61,213737
5669,0.044144,74.125.24.0-255,5738,202063,61,213737
5670,0.04415,172.31.40.0-255,66,202129,61,213737
5671,0.046811,74.125.24.0-255,5738,207867,61,213737
5672,0.046817,172.31.40.0-255,66,207933,61,213737
5673,0.049466,74.125.24.0-255,5738,213671,61,213737
5674,0.049471,172.31.40.0-255,66,213737,61,213737
5675,0.0,172.217.194.0-255,148,148,61,214998
5676,2.4e-05,172.31.40.0-255,66,214,61,214998
5677,3.1e-05,172.217.194.0-255,1484,1698,61,214998
5678,3.5e-05,172.31.40.0-255,66,1764,61,214998
5679,4e-05,172.217.194.0-255,2902,4666,61,214998
5680,4.4e-05,172.31.40.0-255,66,4732,61,214998
5681,4.7e-05,172.217.194.0-255,1484,6216,61,214998
5682,4.9e-05,172.31.40.0-255,66,6282,61,214998
5683,8.3e-05,172.31.40.0-255,66,6348,61,214998
5684,9.5e-05,172.31.40.0-255,66,6414,61,214998
5685,0.00013,172.31.40.0-255,66,6480,61,214998
5686,0.000156,172.217.194.0-255,7156,13636,61,214998
5687,0.000158,172.31.40.0-255,66,13702,61,214998
5688,0.000166,172.217.194.0-255,6438,20140,61,214998
5689,0.000168,172.31.40.0-255,66,20206,61,214998
5690,0.000233,172.31.40.0-255,66,20272,61,214998
5691,0.000236,172.217.194.0-255,1125,21397,61,214998
5692,0.000238,172.31.40.0-255,66,21463,61,214998
5693,0.000273,172.217.194.0-255,647,22110,61,214998
5694,0.000276,172.31.40.0-255,66,22176,61,214998
5695,0.001024,172.217.194.0-255,1484,23660,61,214998
5696,0.00103,172.31.40.0-255,66,23726,61,214998
5697,0.001037,172.217.194.0-255,2902,26628,61,214998
5698,0.001039,172.31.40.0-255,66,26694,61,214998
5699,0.001044,172.217.194.0-255,2902,29596,61,214998
5700,0.001046,172.31.40.0-255,66,29662,61,214998
5701,0.001067,172.217.194.0-255,2902,32564,61,214998
5702,0.001069,172.31.40.0-255,66,32630,61,214998
5703,0.001077,172.217.194.0-255,7156,39786,61,214998
5704,0.001079,172.31.40.0-255,66,39852,61,214998
5705,0.001107,172.217.194.0-255,5738,45590,61,214998
5706,0.00111,172.31.40.0-255,66,45656,61,214998
5707,0.001123,172.31.40.0-255,66,45722,61,214998
5708,0.001745,172.217.194.0-255,1484,47206,61,214998
5709,0.001756,172.217.194.0-255,2902,50108,61,214998
5710,0.001761,172.31.40.0-255,66,50174,61,214998
5711,0.001769,172.217.194.0-255,5738,55912,61,214998
5712,0.001771,172.31.40.0-255,66,55978,61,214998
5713,0.001815,172.31.40.0-255,66,56044,61,214998
5714,0.001828,172.31.40.0-255,66,56110,61,214998
5715,0.002099,172.217.194.0-255,1484,57594,61,214998
5716,0.002108,172.217.194.0-255,2902,60496,61,214998
5717,0.002112,172.31.40.0-255,66,60562,61,214998
5718,0.002119,172.217.194.0-255,5738,66300,61,214998
5719,0.002121,172.31.40.0-255,66,66366,61,214998
5720,0.00214,172.217.194.0-255,7156,73522,61,214998
5721,0.002142,172.31.40.0-255,66,73588,61,214998
5722,0.002161,172.217.194.0-255,5738,79326,61,214998
5723,0.002163,172.31.40.0-255,66,79392,61,214998
5724,0.002169,172.217.194.0-255,5738,85130,61,214998
5725,0.002172,172.31.40.0-255,66,85196,61,214998
5726,0.002195,172.217.194.0-255,5020,90216,61,214998
5727,0.002197,172.31.40.0-255,66,90282,61,214998
5728,0.002229,172.31.40.0-255,66,90348,61,214998
5729,0.002232,172.217.194.0-255,1484,91832,61,214998
5730,0.002268,172.31.40.0-255,66,91898,61,214998
5731,0.00228,172.31.40.0-255,66,91964,61,214998
5732,0.004559,172.217.194.0-255,5738,97702,61,214998
5733,0.004565,172.31.40.0-255,66,97768,61,214998
5734,0.006795,172.217.194.0-255,5738,103506,61,214998
5735,0.006798,172.31.40.0-255,66,103572,61,214998
5736,0.009067,172.217.194.0-255,5738,109310,61,214998
5737,0.009074,172.31.40.0-255,66,109376,61,214998
5738,0.011328,172.217.194.0-255,5738,115114,61,214998
5739,0.011335,172.31.40.0-255,66,115180,61,214998
5740,0.013628,172.217.194.0-255,5738,120918,61,214998
5741,0.013636,172.31.40.0-255,66,120984,61,214998
5742,0.015915,172.217.194.0-255,5738,126722,61,214998
5743,0.015926,172.31.40.0-255,66,126788,61,214998
5744,0.018245,172.217.194.0-255,5738,132526,61,214998
5745,0.018253,172.31.40.0-255,66,132592,61,214998
5746,0.020537,172.217.194.0-255,5738,138330,61,214998
5747,0.020547,172.31.40.0-255,66,138396,61,214998
5748,0.022792,172.217.194.0-255,5738,144134,61,214998
5749,0.0228,172.31.40.0-255,66,144200,61,214998
5750,0.025066,172.217.194.0-255,5738,149938,61,214998
5751,0.025074,172.31.40.0-255,66,150004,61,214998
5752,0.027367,172.217.194.0-255,5738,155742,61,214998
5753,0.027384,172.31.40.0-255,66,155808,61,214998
5754,0.029669,172.217.194.0-255,5738,161546,61,214998
5755,0.029684,172.31.40.0-255,66,161612,61,214998
5756,0.031985,172.217.194.0-255,5738,167350,61,214998
5757,0.031996,172.31.40.0-255,66,167416,61,214998
5758,0.034271,172.217.194.0-255,5738,173154,61,214998
5759,0.034287,172.31.40.0-255,66,173220,61,214998
5760,0.036536,172.217.194.0-255,5738,178958,61,214998
5761,0.036544,172.31.40.0-255,66,179024,61,214998
5762,0.03882,172.217.194.0-255,5738,184762,61,214998
5763,0.038828,172.31.40.0-255,66,184828,61,214998
5764,0.041119,172.217.194.0-255,5738,190566,61,214998
5765,0.041137,172.31.40.0-255,66,190632,61,214998
5766,0.04341,172.217.194.0-255,5738,196370,61,214998
5767,0.043421,172.31.40.0-255,66,196436,61,214998
5768,0.045693,172.217.194.0-255,5738,202174,61,214998
5769,0.045709,172.31.40.0-255,66,202240,61,214998
5770,0.04797,172.217.194.0-255,1484,203724,61,214998
5771,0.047989,172.217.194.0-255,4320,208044,61,214998
5772,0.047993,172.31.40.0-255,66,208110,61,214998
5773,0.049711,172.31.40.0-255,171,208281,61,214998
5774,0.049739,172.31.40.0-255,1144,209425,61,214998
5775,0.049792,172.31.40.0-255,1514,210939,61,214998
5776,0.049794,172.31.40.0-255,1514,212453,61,214998
5777,0.049798,172.31.40.0-255,1514,213967,61,214998
5778,0.049799,172.31.40.0-255,1031,214998,61,214998
5779,0.0,74.125.24.0-255,153,153,61,306298
5780,1.3e-05,172.31.40.0-255,66,219,61,306298
5781,2e-05,74.125.24.0-255,1484,1703,61,306298
5782,2.4e-05,172.31.40.0-255,66,1769,61,306298
5783,2.8e-05,74.125.24.0-255,1484,3253,61,306298
5784,3e-05,172.31.40.0-255,66,3319,61,306298
5785,5.9e-05,74.125.24.0-255,1484,4803,61,306298
5786,6.2e-05,172.31.40.0-255,66,4869,61,306298
5787,6.7e-05,74.125.24.0-255,2902,7771,61,306298
5788,7e-05,172.31.40.0-255,66,7837,61,306298
5789,8e-05,172.31.40.0-255,66,7903,61,306298
5790,8.3e-05,74.125.24.0-255,1484,9387,61,306298
5791,8.5e-05,172.31.40.0-255,66,9453,61,306298
5792,0.00013,172.31.40.0-255,66,9519,61,306298
5793,0.000258,74.125.24.0-255,1484,11003,61,306298
5794,0.000263,172.31.40.0-255,66,11069,61,306298
5795,0.000278,74.125.24.0-255,2902,13971,61,306298
5796,0.00028,172.31.40.0-255,66,14037,61,306298
5797,0.000305,74.125.24.0-255,5738,19775,61,306298
5798,0.000308,172.31.40.0-255,66,19841,61,306298
5799,0.000332,172.31.40.0-255,66,19907,61,306298
5800,0.00036,74.125.24.0-255,5738,25645,61,306298
5801,0.000363,172.31.40.0-255,66,25711,61,306298
5802,0.000392,172.31.40.0-255,66,25777,61,306298
5803,0.000395,74.125.24.0-255,396,26173,61,306298
5804,0.000396,172.31.40.0-255,66,26239,61,306298
5805,0.000486,74.125.24.0-255,113,26352,61,306298
5806,0.000491,172.31.40.0-255,66,26418,61,306298
5807,0.00052,74.125.24.0-255,330,26748,61,306298
5808,0.000777,74.125.24.0-255,1484,28232,61,306298
5809,0.000781,172.31.40.0-255,66,28298,61,306298
5810,0.000785,74.125.24.0-255,1484,29782,61,306298
5811,0.000798,74.125.24.0-255,1484,31266,61,306298
5812,0.0008,172.31.40.0-255,66,31332,61,306298
5813,0.000807,74.125.24.0-255,5738,37070,61,306298
5814,0.00081,172.31.40.0-255,66,37136,61,306298
5815,0.000838,74.125.24.0-255,4320,41456,61,306298
5816,0.000841,172.31.40.0-255,66,41522,61,306298
5817,0.000871,172.31.40.0-255,66,41588,61,306298
5818,0.000875,74.125.24.0-255,2902,44490,61,306298
5819,0.000877,172.31.40.0-255,66,44556,61,306298
5820,0.000891,74.125.24.0-255,2902,47458,61,306298
5821,0.000894,172.31.40.0-255,66,47524,61,306298
5822,0.000919,74.125.24.0-255,5020,52544,61,306298
5823,0.000922,172.31.40.0-255,66,52610,61,306298
5824,0.001112,74.125.24.0-255,1484,54094,61,306298
5825,0.001128,74.125.24.0-255,2902,56996,61,306298
5826,0.001132,172.31.40.0-255,66,57062,61,306298
5827,0.001144,74.125.24.0-255,1484,58546,61,306298
5828,0.00116,74.125.24.0-255,4320,62866,61,306298
5829,0.001162,172.31.40.0-255,66,62932,61,306298
5830,0.001183,74.125.24.0-255,4320,67252,61,306298
5831,0.001185,172.31.40.0-255,66,67318,61,306298
5832,0.001208,74.125.24.0-255,5738,73056,61,306298
5833,0.001221,172.31.40.0-255,66,73122,61,306298
5834,0.001223,172.31.40.0-255,66,73188,61,306298
5835,0.001233,74.125.24.0-255,2184,75372,61,306298
5836,0.001236,172.31.40.0-255,66,75438,61,306298
5837,0.001387,74.125.24.0-255,1484,76922,61,306298
5838,0.001401,74.125.24.0-255,2902,79824,61,306298
5839,0.001405,172.31.40.0-255,66,79890,61,306298
5840,0.001408,74.125.24.0-255,1484,81374,61,306298
5841,0.001428,74.125.24.0-255,4320,85694,61,306298
5842,0.00143,172.31.40.0-255,66,85760,61,306298
5843,0.001437,74.125.24.0-255,5738,91498,61,306298
5844,0.001439,172.31.40.0-255,66,91564,61,306298
5845,0.001454,74.125.24.0-255,1484,93048,61,306298
5846,0.001483,172.31.40.0-255,66,93114,61,306298
5847,0.0015,74.125.24.0-255,2902,96016,61,306298
5848,0.001502,172.31.40.0-255,66,96082,61,306298
5849,0.001508,74.125.24.0-255,5020,101102,61,306298
5850,0.001511,172.31.40.0-255,66,101168,61,306298
5851,0.001708,74.125.24.0-255,1484,102652,61,306298
5852,0.001714,74.125.24.0-255,2902,105554,61,306298
5853,0.001718,172.31.40.0-255,66,105620,61,306298
5854,0.001736,74.125.24.0-255,1484,107104,61,306298
5855,0.001757,74.125.24.0-255,4320,111424,61,306298
5856,0.00176,172.31.40.0-255,66,111490,61,306298
5857,0.001763,74.125.24.0-255,1484,112974,61,306298
5858,0.001792,74.125.24.0-255,2902,115876,61,306298
5859,0.001795,172.31.40.0-255,66,115942,61,306298
5860,0.001802,74.125.24.0-255,5738,121680,61,306298
5861,0.001804,172.31.40.0-255,66,121746,61,306298
5862,0.001831,74.125.24.0-255,5738,127484,61,306298
5863,0.001833,172.31.40.0-255,66,127550,61,306298
5864,0.001844,172.31.40.0-255,66,127616,61,306298
5865,0.001877,74.125.24.0-255,1484,129100,61,306298
5866,0.001896,74.125.24.0-255,2902,132002,61,306298
5867,0.001898,172.31.40.0-255,66,132068,61,306298
5868,0.001902,74.125.24.0-255,1484,133552,61,306298
5869,0.00192,74.125.24.0-255,4320,137872,61,306298
5870,0.001922,172.31.40.0-255,66,137938,61,306298
5871,0.001926,74.125.24.0-255,2902,140840,61,306298
5872,0.001928,172.31.40.0-255,66,140906,61,306298
5873,0.001938,74.125.24.0-255,1484,142390,61,306298
5874,0.001958,74.125.24.0-255,7156,149546,61,306298
5875,0.001961,172.31.40.0-255,66,149612,61,306298
5876,0.001978,74.125.24.0-255,1484,151096,61,306298
5877,0.001981,74.125.24.0-255,1484,152580,61,306298
5878,0.001983,172.31.40.0-255,66,152646,61,306298
5879,0.002006,74.125.24.0-255,7156,159802,61,306298
5880,0.002008,172.31.40.0-255,66,159868,61,306298
5881,0.002028,74.125.24.0-255,2184,162052,61,306298
5882,0.00203,172.31.40.0-255,66,162118,61,306298
5883,0.002095,74.125.24.0-255,1484,163602,61,306298
5884,0.002115,74.125.24.0-255,2902,166504,61,306298
5885,0.002119,172.31.40.0-255,66,166570,61,306298
5886,0.002144,74.125.24.0-255,1484,168054,61,306298
5887,0.00216,74.125.24.0-255,4320,172374,61,306298
5888,0.002163,172.31.40.0-255,66,172440,61,306298
5889,0.002193,74.125.24.0-255,4320,176760,61,306298
5890,0.002196,172.31.40.0-255,66,176826,61,306298
5891,0.0022,74.125.24.0-255,2902,179728,61,306298
5892,0.002203,172.31.40.0-255,66,179794,61,306298
5893,0.002217,74.125.24.0-255,2902,182696,61,306298
5894,0.00222,172.31.40.0-255,66,182762,61,306298
5895,0.00224,74.125.24.0-255,2902,185664,61,306298
5896,0.002242,172.31.40.0-255,66,185730,61,306298
5897,0.002273,172.31.40.0-255,66,185796,61,306298
5898,0.002278,74.125.24.0-255,2184,187980,61,306298
5899,0.002281,172.31.40.0-255,66,188046,61,306298
5900,0.002402,74.125.24.0-255,1484,189530,61,306298
5901,0.00458,74.125.24.0-255,1484,191014,61,306298
5902,0.004589,172.31.40.0-255,66,191080,61,306298
5903,0.004611,74.125.24.0-255,2902,193982,61,306298
5904,0.004614,172.31.40.0-255,66,194048,61,306298
5905,0.006993,74.125.24.0-255,2902,196950,61,306298
5906,0.007,172.31.40.0-255,66,197016,61,306298
5907,0.007021,74.125.24.0-255,2902,199918,61,306298
5908,0.007024,172.31.40.0-255,66,199984,61,306298
5909,0.009356,74.125.24.0-255,2902,202886,61,306298
5910,0.009372,172.31.40.0-255,66,202952,61,306298
5911,0.009403,74.125.24.0-255,2902,205854,61,306298
5912,0.009405,172.31.40.0-255,66,205920,61,306298
5913,0.011719,74.125.24.0-255,2902,208822,61,306298
5914,0.011725,172.31.40.0-255,66,208888,61,306298
5915,0.011746,74.125.24.0-255,2902,211790,61,306298
5916,0.011749,172.31.40.0-255,66,211856,61,306298
5917,0.014153,74.125.24.0-255,5738,217594,61,306298
5918,0.014168,172.31.40.0-255,66,217660,61,306298
5919,0.016517,74.125.24.0-255,5738,223398,61,306298
5920,0.016533,172.31.40.0-255,66,223464,61,306298
5921,0.018882,74.125.24.0-255,5738,229202,61,306298
5922,0.01889,172.31.40.0-255,66,229268,61,306298
5923,0.021263,74.125.24.0-255,5738,235006,61,306298
5924,0.021271,172.31.40.0-255,66,235072,61,306298
5925,0.023724,74.125.24.0-255,5738,240810,61,306298
5926,0.023733,172.31.40.0-255,66,240876,61,306298
5927,0.026076,74.125.24.0-255,5738,246614,61,306298
5928,0.026087,172.31.40.0-255,66,246680,61,306298
5929,0.028464,74.125.24.0-255,5738,252418,61,306298
5930,0.028473,172.31.40.0-255,66,252484,61,306298
5931,0.030799,74.125.24.0-255,5738,258222,61,306298
5932,0.030807,172.31.40.0-255,66,258288,61,306298
5933,0.033378,74.125.24.0-255,5738,264026,61,306298
5934,0.033386,172.31.40.0-255,66,264092,61,306298
5935,0.035871,74.125.24.0-255,4320,268412,61,306298
5936,0.035882,172.31.40.0-255,66,268478,61,306298
5937,0.0359,74.125.24.0-255,1484,269962,61,306298
5938,0.037702,172.31.40.0-255,175,270137,61,306298
5939,0.037734,172.31.40.0-255,1139,271276,61,306298
5940,0.038199,74.125.24.0-255,2902,274178,61,306298
5941,0.038206,172.31.40.0-255,66,274244,61,306298
5942,0.038222,74.125.24.0-255,1484,275728,61,306298
5943,0.038485,172.31.40.0-255,1514,277242,61,306298
5944,0.038487,172.31.40.0-255,1256,278498,61,306298
5945,0.039246,104.244.42.0-255,66,278564,61,306298
5946,0.039278,104.244.42.0-255,66,278630,61,306298
5947,0.040035,104.244.42.0-255,66,278696,61,306298
5948,0.040555,74.125.24.0-255,4320,283016,61,306298
5949,0.040561,172.31.40.0-255,66,283082,61,306298
5950,0.042926,74.125.24.0-255,5738,288820,61,306298
5951,0.042934,172.31.40.0-255,66,288886,61,306298
5952,0.045276,74.125.24.0-255,5738,294624,61,306298
5953,0.045283,172.31.40.0-255,66,294690,61,306298
5954,0.047618,74.125.24.0-255,5738,300428,61,306298
5955,0.047626,172.31.40.0-255,66,300494,61,306298
5956,0.049961,74.125.24.0-255,5738,306232,61,306298
5957,0.049968,172.31.40.0-255,66,306298,61,306298
5958,0.0,172.217.194.0-255,158,158,61,233904
5959,2.4e-05,172.31.40.0-255,66,224,61,233904
5960,3.1e-05,172.217.194.0-255,1484,1708,61,233904
5961,3.6e-05,172.31.40.0-255,66,1774,61,233904
5962,4.2e-05,172.217.194.0-255,2902,4676,61,233904
5963,4.6e-05,172.31.40.0-255,66,4742,61,233904
5964,5.4e-05,172.217.194.0-255,7156,11898,61,233904
5965,5.7e-05,172.31.40.0-255,66,11964,61,233904
5966,6.1e-05,172.217.194.0-255,2027,13991,61,233904
5967,6.3e-05,172.31.40.0-255,66,14057,61,233904
5968,7.8e-05,172.31.40.0-255,66,14123,61,233904
5969,0.00012,172.217.194.0-255,5379,19502,61,233904
5970,0.000125,172.31.40.0-255,66,19568,61,233904
5971,0.000129,172.217.194.0-255,1484,21052,61,233904
5972,0.00013,172.31.40.0-255,66,21118,61,233904
5973,0.000153,172.217.194.0-255,2902,24020,61,233904
5974,0.000156,172.31.40.0-255,66,24086,61,233904
5975,0.000163,172.217.194.0-255,5738,29824,61,233904
5976,0.000165,172.31.40.0-255,66,29890,61,233904
5977,0.000202,172.217.194.0-255,7156,37046,61,233904
5978,0.000204,172.31.40.0-255,66,37112,61,233904
5979,0.000227,172.217.194.0-255,6797,43909,61,233904
5980,0.00023,172.31.40.0-255,66,43975,61,233904
5981,0.000241,172.31.40.0-255,66,44041,61,233904
5982,0.000243,172.217.194.0-255,101,44142,61,233904
5983,0.000246,172.31.40.0-255,66,44208,61,233904
5984,0.000267,172.217.194.0-255,361,44569,61,233904
5985,0.000269,172.31.40.0-255,66,44635,61,233904
5986,0.000469,172.217.194.0-255,1484,46119,61,233904
5987,0.000474,172.31.40.0-255,66,46185,61,233904
5988,0.000481,172.217.194.0-255,2902,49087,61,233904
5989,0.000484,172.31.40.0-255,66,49153,61,233904
5990,0.000522,172.217.194.0-255,1484,50637,61,233904
5991,0.000549,172.217.194.0-255,4320,54957,61,233904
5992,0.000551,172.31.40.0-255,66,55023,61,233904
5993,0.000558,172.217.194.0-255,5738,60761,61,233904
5994,0.00056,172.31.40.0-255,66,60827,61,233904
5995,0.000574,172.31.40.0-255,66,60893,61,233904
5996,0.00058,172.217.194.0-255,5020,65913,61,233904
5997,0.000582,172.31.40.0-255,66,65979,61,233904
5998,0.000789,172.217.194.0-255,1484,67463,61,233904
5999,0.000795,172.217.194.0-255,2902,70365,61,233904
6000,0.000799,172.31.40.0-255,66,70431,61,233904
6001,0.000837,172.217.194.0-255,5738,76169,61,233904
6002,0.00084,172.31.40.0-255,66,76235,61,233904
6003,0.000848,172.217.194.0-255,7156,83391,61,233904
6004,0.000851,172.31.40.0-255,66,83457,61,233904
6005,0.000856,172.217.194.0-255,4320,87777,61,233904
6006,0.000858,172.31.40.0-255,66,87843,61,233904
6007,0.000894,172.31.40.0-255,66,87909,61,233904
6008,0.000898,172.217.194.0-255,2184,90093,61,233904
6009,0.000901,172.31.40.0-255,66,90159,61,233904
6010,0.002899,172.217.194.0-255,5738,95897,61,233904
6011,0.002905,172.31.40.0-255,66,95963,61,233904
6012,0.004895,172.217.194.0-255,5738,101701,61,233904
6013,0.004899,172.31.40.0-255,66,101767,61,233904
6014,0.006879,172.217.194.0-255,5738,107505,61,233904
6015,0.006883,172.31.40.0-255,66,107571,61,233904
6016,0.008896,172.217.194.0-255,5738,113309,61,233904
6017,0.008904,172.31.40.0-255,66,113375,61,233904
6018,0.010878,172.217.194.0-255,5738,119113,61,233904
6019,0.010886,172.31.40.0-255,66,119179,61,233904
6020,0.012889,172.217.194.0-255,4320,123499,61,233904
6021,0.012895,172.31.40.0-255,66,123565,61,233904
6022,0.012911,172.217.194.0-255,1484,125049,61,233904
6023,0.014897,172.217.194.0-255,4320,129369,61,233904
6024,0.014906,172.31.40.0-255,66,129435,61,233904
6025,0.016893,172.217.194.0-255,5738,135173,61,233904
6026,0.0169,172.31.40.0-255,66,135239,61,233904
6027,0.018898,172.217.194.0-255,5738,140977,61,233904
6028,0.018906,172.31.40.0-255,66,141043,61,233904
6029,0.020884,172.217.194.0-255,5738,146781,61,233904
6030,0.020891,172.31.40.0-255,66,146847,61,233904
6031,0.022873,172.217.194.0-255,5738,152585,61,233904
6032,0.022879,172.31.40.0-255,66,152651,61,233904
6033,0.024847,172.217.194.0-255,5738,158389,61,233904
6034,0.024855,172.31.40.0-255,66,158455,61,233904
6035,0.026821,172.217.194.0-255,5738,164193,61,233904
6036,0.026828,172.31.40.0-255,66,164259,61,233904
6037,0.028556,172.31.40.0-255,172,164431,61,233904
6038,0.028587,172.31.40.0-255,1120,165551,61,233904
6039,0.028651,172.31.40.0-255,1514,167065,61,233904
6040,0.028653,172.31.40.0-255,1514,168579,61,233904
6041,0.028658,172.31.40.0-255,1514,170093,61,233904
6042,0.028659,172.31.40.0-255,1055,171148,61,233904
6043,0.028815,172.217.194.0-255,5738,176886,61,233904
6044,0.028822,172.31.40.0-255,66,176952,61,233904
6045,0.030141,104.244.42.0-255,66,177018,61,233904
6046,0.030148,104.244.42.0-255,66,177084,61,233904
6047,0.030234,104.244.42.0-255,66,177150,61,233904
6048,0.030238,104.244.42.0-255,66,177216,61,233904
6049,0.030807,172.217.194.0-255,5738,182954,61,233904
6050,0.030812,172.31.40.0-255,66,183020,61,233904
6051,0.032797,172.217.194.0-255,5738,188758,61,233904
6052,0.032807,172.31.40.0-255,66,188824,61,233904
6053,0.034823,172.217.194.0-255,5738,194562,61,233904
6054,0.03483,172.31.40.0-255,66,194628,61,233904
6055,0.036818,172.217.194.0-255,5738,200366,61,233904
6056,0.036825,172.31.40.0-255,66,200432,61,233904
6057,0.038847,172.217.194.0-255,5738,206170,61,233904
6058,0.038853,172.31.40.0-255,66,206236,61,233904
6059,0.040842,172.217.194.0-255,5738,211974,61,233904
6060,0.040848,172.31.40.0-255,66,212040,61,233904
6061,0.042873,172.217.194.0-255,4320,216360,61,233904
6062,0.042888,172.31.40.0-255,66,216426,61,233904
6063,0.042908,172.217.194.0-255,1484,217910,61,233904
6064,0.044873,172.217.194.0-255,4320,222230,61,233904
6065,0.044888,172.31.40.0-255,66,222296,61,233904
6066,0.046922,172.217.194.0-255,5738,228034,61,233904
6067,0.046937,172.31.40.0-255,66,228100,61,233904
6068,0.04892,172.217.194.0-255,5738,233838,61,233904
6069,0.048935,172.31.40.0-255,66,233904,61,233904
6070,0.0,172.217.194.0-255,153,153,61,125559
6071,3.7e-05,172.31.40.0-255,66,219,61,125559
6072,4.8e-05,172.217.194.0-255,1484,1703,61,125559
6073,5.6e-05,172.31.40.0-255,66,1769,61,125559
6074,6.4e-05,172.217.194.0-255,2902,4671,61,125559
6075,6.8e-05,172.31.40.0-255,66,4737,61,125559
6076,7.9e-05,172.217.194.0-255,7156,11893,61,125559
6077,8.2e-05,172.31.40.0-255,66,11959,61,125559
6078,0.000125,172.217.194.0-255,1968,13927,61,125559
6079,0.000129,172.31.40.0-255,66,13993,61,125559
6080,0.000148,172.217.194.0-255,1484,15477,61,125559
6081,0.00015,172.31.40.0-255,66,15543,61,125559
6082,0.000182,172.31.40.0-255,66,15609,61,125559
6083,0.000308,172.217.194.0-255,5379,20988,61,125559
6084,0.000314,172.31.40.0-255,66,21054,61,125559
6085,0.000395,172.31.40.0-255,66,21120,61,125559
6086,0.000427,172.31.40.0-255,66,21186,61,125559
6087,0.000686,172.31.40.0-255,66,21252,61,125559
6088,0.000795,172.217.194.0-255,649,21901,61,125559
6089,0.000798,172.31.40.0-255,66,21967,61,125559
6090,0.000831,172.31.40.0-255,66,22033,61,125559
6091,0.00085,172.217.194.0-255,2902,24935,61,125559
6092,0.000854,172.31.40.0-255,66,25001,61,125559
6093,0.001022,172.31.40.0-255,66,25067,61,125559
6094,0.001065,172.31.40.0-255,66,25133,61,125559
6095,0.001389,172.217.194.0-255,5738,30871,61,125559
6096,0.001394,172.31.40.0-255,66,30937,61,125559
6097,0.00143,172.31.40.0-255,66,31003,61,125559
6098,0.00163,172.217.194.0-255,5020,36023,61,125559
6099,0.001634,172.31.40.0-255,66,36089,61,125559
6100,0.001699,172.217.194.0-255,2902,38991,61,125559
6101,0.001702,172.31.40.0-255,66,39057,61,125559
6102,0.001744,172.31.40.0-255,66,39123,61,125559
6103,0.001757,172.217.194.0-255,3602,42725,61,125559
6104,0.001759,172.31.40.0-255,66,42791,61,125559
6105,0.002172,172.217.194.0-255,7156,49947,61,125559
6106,0.002177,172.31.40.0-255,66,50013,61,125559
6107,0.002211,172.31.40.0-255,66,50079,61,125559
6108,0.002246,172.31.40.0-255,66,50145,61,125559
6109,0.002683,172.31.40.0-255,66,50211,61,125559
6110,0.002734,172.31.40.0-255,66,50277,61,125559
6111,0.003058,172.31.40.0-255,66,50343,61,125559
6112,0.003888,172.217.194.0-255,7156,57499,61,125559
6113,0.010815,172.31.40.0-255,66,57565,61,125559
6114,0.012139,172.217.194.0-255,1484,59049,61,125559
6115,0.013082,172.217.194.0-255,4320,63369,61,125559
6116,0.01309,172.31.40.0-255,66,63435,61,125559
6117,0.015344,172.217.194.0-255,5738,69173,61,125559
6118,0.015358,172.31.40.0-255,66,69239,61,125559
6119,0.017598,172.217.194.0-255,5738,74977,61,125559
6120,0.017607,172.31.40.0-255,66,75043,61,125559
6121,0.019854,172.217.194.0-255,5738,80781,61,125559
6122,0.019864,172.31.40.0-255,66,80847,61,125559
6123,0.022115,172.217.194.0-255,5738,86585,61,125559
6124,0.022128,172.31.40.0-255,66,86651,61,125559
6125,0.024375,172.217.194.0-255,5738,92389,61,125559
6126,0.024385,172.31.40.0-255,66,92455,61,125559
6127,0.026643,172.217.194.0-255,5738,98193,61,125559
6128,0.026656,172.31.40.0-255,66,98259,61,125559
6129,0.028926,172.217.194.0-255,5738,103997,61,125559
6130,0.028943,172.31.40.0-255,66,104063,61,125559
6131,0.031153,172.217.194.0-255,5738,109801,61,125559
6132,0.031161,172.31.40.0-255,66,109867,61,125559
6133,0.033363,172.217.194.0-255,5738,115605,61,125559
6134,0.03337,172.31.40.0-255,66,115671,61,125559
6135,0.035621,172.217.194.0-255,5738,121409,61,125559
6136,0.035629,172.31.40.0-255,66,121475,61,125559
6137,0.037855,172.217.194.0-255,3847,125322,61,125559
6138,0.037874,172.31.40.0-255,66,125388,61,125559
6139,0.038277,172.31.40.0-255,105,125493,61,125559
6140,0.04047,172.217.194.0-255,66,125559,61,125559
6141,0.0,172.217.194.0-255,147,147,61,223117
6142,2.2e-05,172.31.40.0-255,66,213,61,223117
6143,3e-05,172.217.194.0-255,1484,1697,61,223117
6144,3.5e-05,172.31.40.0-255,66,1763,61,223117
6145,4e-05,172.217.194.0-255,2902,4665,61,223117
6146,4.3e-05,172.31.40.0-255,66,4731,61,223117
6147,5.1e-05,172.217.194.0-255,7156,11887,61,223117
6148,5.4e-05,172.31.40.0-255,66,11953,61,223117
6149,6e-05,172.217.194.0-255,4763,16716,61,223117
6150,6.4e-05,172.31.40.0-255,66,16782,61,223117
6151,7.6e-05,172.31.40.0-255,66,16848,61,223117
6152,9.8e-05,172.217.194.0-255,3961,20809,61,223117
6153,0.000101,172.31.40.0-255,66,20875,61,223117
6154,0.000143,172.217.194.0-255,1484,22359,61,223117
6155,0.000145,172.31.40.0-255,66,22425,61,223117
6156,0.000165,172.217.194.0-255,2902,25327,61,223117
6157,0.000168,172.31.40.0-255,66,25393,61,223117
6158,0.000174,172.217.194.0-255,5738,31131,61,223117
6159,0.000176,172.31.40.0-255,66,31197,61,223117
6160,0.000219,172.31.40.0-255,66,31263,61,223117
6161,0.000227,172.31.40.0-255,66,31329,61,223117
6162,0.000231,172.217.194.0-255,1125,32454,61,223117
6163,0.000233,172.31.40.0-255,66,32520,61,223117
6164,0.000236,172.217.194.0-255,411,32931,61,223117
6165,0.000238,172.31.40.0-255,66,32997,61,223117
6166,0.000373,172.217.194.0-255,364,33361,61,223117
6167,0.000377,172.31.40.0-255,66,33427,61,223117
6168,0.000644,172.217.194.0-255,1484,34911,61,223117
6169,0.000649,172.31.40.0-255,66,34977,61,223117
6170,0.000654,172.217.194.0-255,2902,37879,61,223117
6171,0.000656,172.31.40.0-255,66,37945,61,223117
6172,0.000663,172.217.194.0-255,5738,43683,61,223117
6173,0.000665,172.31.40.0-255,66,43749,61,223117
6174,0.000687,172.217.194.0-255,5738,49487,61,223117
6175,0.00069,172.31.40.0-255,66,49553,61,223117
6176,0.000707,172.217.194.0-255,7156,56709,61,223117
6177,0.00071,172.31.40.0-255,66,56775,61,223117
6178,0.000722,172.31.40.0-255,66,56841,61,223117
6179,0.00109,172.217.194.0-255,1484,58325,61,223117
6180,0.001097,172.217.194.0-255,2902,61227,61,223117
6181,0.0011,172.31.40.0-255,66,61293,61,223117
6182,0.001105,172.217.194.0-255,2902,64195,61,223117
6183,0.001107,172.31.40.0-255,66,64261,61,223117
6184,0.001124,172.217.194.0-255,2902,67163,61,223117
6185,0.00113,172.217.194.0-255,5738,72901,61,223117
6186,0.001135,172.31.40.0-255,66,72967,61,223117
6187,0.001138,172.31.40.0-255,66,73033,61,223117
6188,0.001153,172.217.194.0-255,7156,80189,61,223117
6189,0.001155,172.31.40.0-255,66,80255,61,223117
6190,0.001192,172.217.194.0-255,5738,85993,61,223117
6191,0.001195,172.31.40.0-255,66,86059,61,223117
6192,0.001219,172.217.194.0-255,5020,91079,61,223117
6193,0.001221,172.31.40.0-255,66,91145,61,223117
6194,0.001305,172.217.194.0-255,1484,92629,61,223117
6195,0.00131,172.217.194.0-255,2902,95531,61,223117
6196,0.001313,172.31.40.0-255,66,95597,61,223117
6197,0.00132,172.217.194.0-255,5738,101335,61,223117
6198,0.001322,172.31.40.0-255,66,101401,61,223117
6199,0.001337,172.217.194.0-255,1484,102885,61,223117
6200,0.001365,172.31.40.0-255,66,102951,61,223117
6201,0.001372,172.217.194.0-255,7156,110107,61,223117
6202,0.001374,172.31.40.0-255,66,110173,61,223117
6203,0.001396,172.217.194.0-255,3602,113775,61,223117
6204,0.001399,172.31.40.0-255,66,113841,61,223117
6205,0.001414,172.217.194.0-255,1484,115325,61,223117
6206,0.001417,172.217.194.0-255,1484,116809,61,223117
6207,0.00142,172.31.40.0-255,66,116875,61,223117
6208,0.001437,172.217.194.0-255,1484,118359,61,223117
6209,0.001444,172.217.194.0-255,5738,124097,61,223117
6210,0.001447,172.31.40.0-255,66,124163,61,223117
6211,0.001486,172.31.40.0-255,66,124229,61,223117
6212,0.001499,172.31.40.0-255,66,124295,61,223117
6213,0.001533,172.217.194.0-255,1484,125779,61,223117
6214,0.001539,172.217.194.0-255,2902,128681,61,223117
6215,0.001541,172.31.40.0-255,66,128747,61,223117
6216,0.001545,172.217.194.0-255,1484,130231,61,223117
6217,0.001565,172.217.194.0-255,4320,134551,61,223117
6218,0.001569,172.31.40.0-255,66,134617,61,223117
6219,0.001607,172.31.40.0-255,66,134683,61,223117
6220,0.001624,172.217.194.0-255,1484,136167,61,223117
6221,0.001652,172.31.40.0-255,66,136233,61,223117
6222,0.001678,172.217.194.0-255,5738,141971,61,223117
6223,0.001681,172.31.40.0-255,66,142037,61,223117
6224,0.001685,172.217.194.0-255,2902,144939,61,223117
6225,0.001688,172.31.40.0-255,66,145005,61,223117
6226,0.001703,172.217.194.0-255,4320,149325,61,223117
6227,0.001706,172.31.40.0-255,66,149391,61,223117
6228,0.001723,172.31.40.0-255,66,149457,61,223117
6229,0.001739,172.217.194.0-255,4320,153777,61,223117
6230,0.001741,172.31.40.0-255,66,153843,61,223117
6231,0.001748,172.217.194.0-255,6438,160281,61,223117
6232,0.00175,172.31.40.0-255,66,160347,61,223117
6233,0.001776,172.31.40.0-255,66,160413,61,223117
6234,0.001808,172.31.40.0-255,66,160479,61,223117
6235,0.001819,172.31.40.0-255,66,160545,61,223117
6236,0.001822,172.217.194.0-255,766,161311,61,223117
6237,0.002056,172.217.194.0-255,1484,162795,61,223117
6238,0.002062,172.31.40.0-255,66,162861,61,223117
6239,0.002067,172.217.194.0-255,2902,165763,61,223117
6240,0.002069,172.31.40.0-255,66,165829,61,223117
6241,0.002076,172.217.194.0-255,5738,171567,61,223117
6242,0.002078,172.31.40.0-255,66,171633,61,223117
6243,0.002113,172.217.194.0-255,1484,173117,61,223117
6244,0.002134,172.217.194.0-255,5738,178855,61,223117
6245,0.002137,172.31.40.0-255,66,178921,61,223117
6246,0.002152,172.31.40.0-255,66,178987,61,223117
6247,0.002155,172.217.194.0-255,2184,181171,61,223117
6248,0.002157,172.31.40.0-255,66,181237,61,223117
6249,0.002189,172.217.194.0-255,1484,182721,61,223117
6250,0.002202,172.217.194.0-255,2902,185623,61,223117
6251,0.002205,172.31.40.0-255,66,185689,61,223117
6252,0.002209,172.217.194.0-255,1484,187173,61,223117
6253,0.002224,172.217.194.0-255,2902,190075,61,223117
6254,0.002227,172.31.40.0-255,66,190141,61,223117
6255,0.002246,172.217.194.0-255,1484,191625,61,223117
6256,0.00226,172.31.40.0-255,66,191691,61,223117
6257,0.002272,172.31.40.0-255,66,191757,61,223117
6258,0.002275,172.217.194.0-255,766,192523,61,223117
6259,0.002308,172.217.194.0-255,1484,194007,61,223117
6260,0.002311,172.31.40.0-255,66,194073,61,223117
6261,0.002317,172.217.194.0-255,2902,196975,61,223117
6262,0.00232,172.31.40.0-255,66,197041,61,223117
6263,0.002336,172.217.194.0-255,1484,198525,61,223117
6264,0.002348,172.31.40.0-255,66,198591,61,223117
6265,0.002364,172.217.194.0-255,5738,204329,61,223117
6266,0.002367,172.31.40.0-255,66,204395,61,223117
6267,0.002399,172.217.194.0-255,4320,208715,61,223117
6268,0.002402,172.31.40.0-255,66,208781,61,223117
6269,0.002446,172.31.40.0-255,66,208847,61,223117
6270,0.004782,172.217.194.0-255,5738,214585,61,223117
6271,0.00479,172.31.40.0-255,66,214651,61,223117
6272,0.007144,172.217.194.0-255,5738,220389,61,223117
6273,0.007151,172.31.40.0-255,66,220455,61,223117
6274,0.009493,172.217.194.0-255,1900,222355,61,223117
6275,0.009508,172.31.40.0-255,66,222421,61,223117
6276,0.016332,172.31.40.0-255,105,222526,61,223117
6277,0.016381,172.31.40.0-255,105,222631,61,223117
6278,0.016599,172.31.40.0-255,90,222721,61,223117
6279,0.016617,172.31.40.0-255,66,222787,61,223117
6280,0.018638,172.217.194.0-255,66,222853,61,223117
6281,0.018681,172.217.194.0-255,66,222919,61,223117
6282,0.01891,172.217.194.0-255,66,222985,61,223117
6283,0.018926,172.217.194.0-255,66,223051,61,223117
6284,0.018934,172.31.40.0-255,66,223117,61,223117
6285,0.0,74.125.24.0-255,145,145,61,252682
6286,2.4e-05,172.31.40.0-255,66,211,61,252682
6287,3.2e-05,74.125.24.0-255,1484,1695,61,252682
6288,3.6e-05,172.31.40.0-255,66,1761,61,252682
6289,5e-05,74.125.24.0-255,2902,4663,61,252682
6290,5.2e-05,172.31.40.0-255,66,4729,61,252682
6291,6e-05,74.125.24.0-255,7156,11885,61,252682
6292,6.3e-05,172.31.40.0-255,66,11951,61,252682
6293,6.7e-05,74.125.24.0-255,2001,13952,61,252682
6294,7e-05,172.31.40.0-255,66,14018,61,252682
6295,0.000127,74.125.24.0-255,1484,15502,61,252682
6296,0.000131,172.31.40.0-255,66,15568,61,252682
6297,0.000152,74.125.24.0-255,2902,18470,61,252682
6298,0.000156,172.31.40.0-255,66,18536,61,252682
6299,0.000162,74.125.24.0-255,5738,24274,61,252682
6300,0.000164,172.31.40.0-255,66,24340,61,252682
6301,0.00017,74.125.24.0-255,4320,28660,61,252682
6302,0.000172,172.31.40.0-255,66,28726,61,252682
6303,0.000202,74.125.24.0-255,2543,31269,61,252682
6304,0.000205,172.31.40.0-255,66,31335,61,252682
6305,0.000231,172.31.40.0-255,66,31401,61,252682
6306,0.000249,74.125.24.0-255,4320,35721,61,252682
6307,0.000252,172.31.40.0-255,66,35787,61,252682
6308,0.000269,74.125.24.0-255,2543,38330,61,252682
6309,0.000272,172.31.40.0-255,66,38396,61,252682
6310,0.000649,74.125.24.0-255,1484,39880,61,252682
6311,0.000655,172.31.40.0-255,66,39946,61,252682
6312,0.000662,74.125.24.0-255,2902,42848,61,252682
6313,0.000665,172.31.40.0-255,66,42914,61,252682
6314,0.00067,74.125.24.0-255,4320,47234,61,252682
6315,0.000679,172.31.40.0-255,66,47300,61,252682
6316,0.000715,74.125.24.0-255,1484,48784,61,252682
6317,0.000736,74.125.24.0-255,6797,55581,61,252682
6318,0.000739,172.31.40.0-255,66,55647,61,252682
6319,0.00083,74.125.24.0-255,1484,57131,61,252682
6320,0.000846,74.125.24.0-255,2902,60033,61,252682
6321,0.00085,172.31.40.0-255,66,60099,61,252682
6322,0.000855,74.125.24.0-255,4320,64419,61,252682
6323,0.000858,172.31.40.0-255,66,64485,61,252682
6324,0.00088,74.125.24.0-255,1484,65969,61,252682
6325,0.000885,74.125.24.0-255,2902,68871,61,252682
6326,0.000887,172.31.40.0-255,66,68937,61,252682
6327,0.000895,74.125.24.0-255,7156,76093,61,252682
6328,0.000897,172.31.40.0-255,66,76159,61,252682
6329,0.000918,74.125.24.0-255,2902,79061,61,252682
6330,0.000921,172.31.40.0-255,66,79127,61,252682
6331,0.000932,74.125.24.0-255,5738,84865,61,252682
6332,0.000934,172.31.40.0-255,66,84931,61,252682
6333,0.000963,74.125.24.0-255,5020,89951,61,252682
6334,0.000966,172.31.40.0-255,66,90017,61,252682
6335,0.000969,74.125.24.0-255,646,90663,61,252682
6336,0.001088,74.125.24.0-255,1484,92147,61,252682
6337,0.001092,172.31.40.0-255,66,92213,61,252682
6338,0.001098,74.125.24.0-255,2902,95115,61,252682
6339,0.001101,172.31.40.0-255,66,95181,61,252682
6340,0.001111,74.125.24.0-255,5738,100919,61,252682
6341,0.001114,172.31.40.0-255,66,100985,61,252682
6342,0.001143,74.125.24.0-255,7156,108141,61,252682
6343,0.001146,172.31.40.0-255,66,108207,61,252682
6344,0.001182,74.125.24.0-255,5738,113945,61,252682
6345,0.001184,172.31.40.0-255,66,114011,61,252682
6346,0.001188,74.125.24.0-255,1484,115495,61,252682
6347,0.001201,172.31.40.0-255,66,115561,61,252682
6348,0.001224,74.125.24.0-255,1484,117045,61,252682
6349,0.001249,74.125.24.0-255,7156,124201,61,252682
6350,0.001253,172.31.40.0-255,66,124267,61,252682
6351,0.00129,172.31.40.0-255,66,124333,61,252682
6352,0.001322,172.31.40.0-255,66,124399,61,252682
6353,0.001347,74.125.24.0-255,2184,126583,61,252682
6354,0.001349,172.31.40.0-255,66,126649,61,252682
6355,0.001626,74.125.24.0-255,1484,128133,61,252682
6356,0.00163,74.125.24.0-255,1484,129617,61,252682
6357,0.00164,172.31.40.0-255,66,129683,61,252682
6358,0.001645,74.125.24.0-255,1484,131167,61,252682
6359,0.001651,74.125.24.0-255,5738,136905,61,252682
6360,0.001657,172.31.40.0-255,66,136971,61,252682
6361,0.001733,172.31.40.0-255,66,137037,61,252682
6362,0.001745,172.31.40.0-255,66,137103,61,252682
6363,0.004075,74.125.24.0-255,4320,141423,61,252682
6364,0.004081,172.31.40.0-255,66,141489,61,252682
6365,0.004114,74.125.24.0-255,1484,142973,61,252682
6366,0.006414,74.125.24.0-255,4320,147293,61,252682
6367,0.006417,172.31.40.0-255,66,147359,61,252682
6368,0.008717,74.125.24.0-255,5738,153097,61,252682
6369,0.00873,172.31.40.0-255,66,153163,61,252682
6370,0.011083,74.125.24.0-255,5738,158901,61,252682
6371,0.011099,172.31.40.0-255,66,158967,61,252682
6372,0.013463,74.125.24.0-255,5738,164705,61,252682
6373,0.013481,172.31.40.0-255,66,164771,61,252682
6374,0.015797,74.125.24.0-255,5738,170509,61,252682
6375,0.01581,172.31.40.0-255,66,170575,61,252682
6376,0.018163,74.125.24.0-255,5738,176313,61,252682
6377,0.018171,172.31.40.0-255,66,176379,61,252682
6378,0.020488,74.125.24.0-255,5738,182117,61,252682
6379,0.020499,172.31.40.0-255,66,182183,61,252682
6380,0.022847,74.125.24.0-255,5738,187921,61,252682
6381,0.022855,172.31.40.0-255,66,187987,61,252682
6382,0.025167,74.125.24.0-255,5738,193725,61,252682
6383,0.025182,172.31.40.0-255,66,193791,61,252682
6384,0.027502,74.125.24.0-255,5738,199529,61,252682
6385,0.027521,172.31.40.0-255,66,199595,61,252682
6386,0.029817,74.125.24.0-255,5738,205333,61,252682
6387,0.029826,172.31.40.0-255,66,205399,61,252682
6388,0.032164,74.125.24.0-255,5738,211137,61,252682
6389,0.032174,172.31.40.0-255,66,211203,61,252682
6390,0.034495,74.125.24.0-255,5738,216941,61,252682
6391,0.034509,172.31.40.0-255,66,217007,61,252682
6392,0.036836,74.125.24.0-255,5738,222745,61,252682
6393,0.036854,172.31.40.0-255,66,222811,61,252682
6394,0.039171,74.125.24.0-255,5738,228549,61,252682
6395,0.039183,172.31.40.0-255,66,228615,61,252682
6396,0.040839,172.31.40.0-255,171,228786,61,252682
6397,0.040869,172.31.40.0-255,614,229400,61,252682
6398,0.041491,74.125.24.0-255,5738,235138,61,252682
6399,0.041497,172.31.40.0-255,66,235204,61,252682
6400,0.043137,104.244.42.0-255,66,235270,61,252682
6401,0.043834,74.125.24.0-255,5738,241008,61,252682
6402,0.043852,172.31.40.0-255,66,241074,61,252682
6403,0.046213,74.125.24.0-255,5738,246812,61,252682
6404,0.046229,172.31.40.0-255,66,246878,61,252682
6405,0.04858,74.125.24.0-255,5738,252616,61,252682
6406,0.048587,172.31.40.0-255,66,252682,61,252682
6407,0.0,74.125.24.0-255,153,153,61,261109
6408,2.3e-05,172.31.40.0-255,66,219,61,261109
6409,3.1e-05,74.125.24.0-255,1484,1703,61,261109
6410,3.5e-05,172.31.40.0-255,66,1769,61,261109
6411,4e-05,74.125.24.0-255,2902,4671,61,261109
6412,4.4e-05,172.31.40.0-255,66,4737,61,261109
6413,4.9e-05,74.125.24.0-255,2902,7639,61,261109
6414,5.2e-05,172.31.40.0-255,66,7705,61,261109
6415,7.7e-05,74.125.24.0-255,4320,12025,61,261109
6416,8e-05,172.31.40.0-255,66,12091,61,261109
6417,9.9e-05,74.125.24.0-255,2101,14192,61,261109
6418,0.000101,172.31.40.0-255,66,14258,61,261109
6419,0.00011,74.125.24.0-255,7156,21414,61,261109
6420,0.000112,172.31.40.0-255,66,21480,61,261109
6421,0.000127,74.125.24.0-255,1484,22964,61,261109
6422,0.000129,172.31.40.0-255,66,23030,61,261109
6423,0.000153,172.31.40.0-255,66,23096,61,261109
6424,0.000181,74.125.24.0-255,1484,24580,61,261109
6425,0.000183,172.31.40.0-255,66,24646,61,261109
6426,0.000188,74.125.24.0-255,2902,27548,61,261109
6427,0.00019,172.31.40.0-255,66,27614,61,261109
6428,0.000207,74.125.24.0-255,5738,33352,61,261109
6429,0.00021,172.31.40.0-255,66,33418,61,261109
6430,0.000235,74.125.24.0-255,6797,40215,61,261109
6431,0.000237,172.31.40.0-255,66,40281,61,261109
6432,0.000967,74.125.24.0-255,1484,41765,61,261109
6433,0.000971,172.31.40.0-255,66,41831,61,261109
6434,0.000978,74.125.24.0-255,2902,44733,61,261109
6435,0.00098,172.31.40.0-255,66,44799,61,261109
6436,0.000987,74.125.24.0-255,5738,50537,61,261109
6437,0.000989,172.31.40.0-255,66,50603,61,261109
6438,0.000996,74.125.24.0-255,5738,56341,61,261109
6439,0.000998,172.31.40.0-255,66,56407,61,261109
6440,0.001039,74.125.24.0-255,1707,58114,61,261109
6441,0.001042,172.31.40.0-255,66,58180,61,261109
6442,0.001371,74.125.24.0-255,1484,59664,61,261109
6443,0.001378,74.125.24.0-255,1484,61148,61,261109
6444,0.001383,172.31.40.0-255,66,61214,61,261109
6445,0.001398,74.125.24.0-255,1484,62698,61,261109
6446,0.001404,74.125.24.0-255,4320,67018,61,261109
6447,0.001406,172.31.40.0-255,66,67084,61,261109
6448,0.001422,74.125.24.0-255,1484,68568,61,261109
6449,0.001438,172.31.40.0-255,66,68634,61,261109
6450,0.001472,74.125.24.0-255,7156,75790,61,261109
6451,0.001476,172.31.40.0-255,66,75856,61,261109
6452,0.001495,74.125.24.0-255,3602,79458,61,261109
6453,0.001498,172.31.40.0-255,66,79524,61,261109
6454,0.002048,74.125.24.0-255,1484,81008,61,261109
6455,0.002055,74.125.24.0-255,2902,83910,61,261109
6456,0.002058,172.31.40.0-255,66,83976,61,261109
6457,0.002085,74.125.24.0-255,5738,89714,61,261109
6458,0.002087,172.31.40.0-255,66,89780,61,261109
6459,0.002123,172.31.40.0-255,66,89846,61,261109
6460,0.002163,74.125.24.0-255,5738,95584,61,261109
6461,0.002165,172.31.40.0-255,66,95650,61,261109
6462,0.002181,74.125.24.0-255,5738,101388,61,261109
6463,0.002184,172.31.40.0-255,66,101454,61,261109
6464,0.002189,74.125.24.0-255,2184,103638,61,261109
6465,0.00219,172.31.40.0-255,66,103704,61,261109
6466,0.002195,74.125.24.0-255,2902,106606,61,261109
6467,0.002197,172.31.40.0-255,66,106672,61,261109
6468,0.002204,74.125.24.0-255,7156,113828,61,261109
6469,0.002206,172.31.40.0-255,66,113894,61,261109
6470,0.002215,74.125.24.0-255,7156,121050,61,261109
6471,0.002218,172.31.40.0-255,66,121116,61,261109
6472,0.002244,74.125.24.0-255,5738,126854,61,261109
6473,0.002247,172.31.40.0-255,66,126920,61,261109
6474,0.002265,74.125.24.0-255,7156,134076,61,261109
6475,0.002268,172.31.40.0-255,66,134142,61,261109
6476,0.002294,74.125.24.0-255,3602,137744,61,261109
6477,0.002297,172.31.40.0-255,66,137810,61,261109
6478,0.004536,74.125.24.0-255,1484,139294,61,261109
6479,0.004568,74.125.24.0-255,4320,143614,61,261109
6480,0.004573,172.31.40.0-255,66,143680,61,261109
6481,0.006862,74.125.24.0-255,5738,149418,61,261109
6482,0.006871,172.31.40.0-255,66,149484,61,261109
6483,0.009152,74.125.24.0-255,5738,155222,61,261109
6484,0.00916,172.31.40.0-255,66,155288,61,261109
6485,0.011424,74.125.24.0-255,5738,161026,61,261109
6486,0.011428,172.31.40.0-255,66,161092,61,261109
6487,0.013713,74.125.24.0-255,5738,166830,61,261109
6488,0.013727,172.31.40.0-255,66,166896,61,261109
6489,0.016018,74.125.24.0-255,5738,172634,61,261109
6490,0.016032,172.31.40.0-255,66,172700,61,261109
6491,0.01832,74.125.24.0-255,5738,178438,61,261109
6492,0.018334,172.31.40.0-255,66,178504,61,261109
6493,0.020622,74.125.24.0-255,5738,184242,61,261109
6494,0.020638,172.31.40.0-255,66,184308,61,261109
6495,0.022899,74.125.24.0-255,5738,190046,61,261109
6496,0.02291,172.31.40.0-255,66,190112,61,261109
6497,0.025192,74.125.24.0-255,5738,195850,61,261109
6498,0.025204,172.31.40.0-255,66,195916,61,261109
6499,0.027497,74.125.24.0-255,5738,201654,61,261109
6500,0.02751,172.31.40.0-255,66,201720,61,261109
6501,0.029808,74.125.24.0-255,5738,207458,61,261109
6502,0.029826,172.31.40.0-255,66,207524,61,261109
6503,0.032121,74.125.24.0-255,5738,213262,61,261109
6504,0.032134,172.31.40.0-255,66,213328,61,261109
6505,0.034414,74.125.24.0-255,5738,219066,61,261109
6506,0.034427,172.31.40.0-255,66,219132,61,261109
6507,0.036687,74.125.24.0-255,5738,224870,61,261109
6508,0.036695,172.31.40.0-255,66,224936,61,261109
6509,0.038978,74.125.24.0-255,5738,230674,61,261109
6510,0.038995,172.31.40.0-255,66,230740,61,261109
6511,0.04128,74.125.24.0-255,5738,236478,61,261109
6512,0.041293,172.31.40.0-255,66,236544,61,261109
6513,0.043584,74.125.24.0-255,5738,242282,61,261109
6514,0.0436,172.31.40.0-255,66,242348,61,261109
6515,0.045871,74.125.24.0-255,5738,248086,61,261109
6516,0.045897,172.31.40.0-255,66,248152,61,261109
6517,0.047257,172.31.40.0-255,172,248324,61,261109
6518,0.047297,172.31.40.0-255,1121,249445,61,261109
6519,0.047365,172.31.40.0-255,1514,250959,61,261109
6520,0.047367,172.31.40.0-255,1514,252473,61,261109
6521,0.047372,172.31.40.0-255,1514,253987,61,261109
6522,0.047373,172.31.40.0-255,1054,255041,61,261109
6523,0.048175,74.125.24.0-255,5738,260779,61,261109
6524,0.048184,172.31.40.0-255,66,260845,61,261109
6525,0.048785,104.244.42.0-255,66,260911,61,261109
6526,0.048865,104.244.42.0-255,66,260977,61,261109
6527,0.048953,104.244.42.0-255,66,261043,61,261109
6528,0.048958,104.244.42.0-255,66,261109,61,261109
6529,0.0,74.125.24.0-255,147,147,61,257552
6530,1.6e-05,172.31.40.0-255,66,213,61,257552
6531,2.2e-05,74.125.24.0-255,1484,1697,61,257552
6532,2.7e-05,172.31.40.0-255,66,1763,61,257552
6533,4.1e-05,74.125.24.0-255,2902,4665,61,257552
6534,4.5e-05,172.31.40.0-255,66,4731,61,257552
6535,5.3e-05,74.125.24.0-255,7156,11887,61,257552
6536,5.6e-05,172.31.40.0-255,66,11953,61,257552
6537,7.9e-05,74.125.24.0-255,2065,14018,61,257552
6538,8.2e-05,172.31.40.0-255,66,14084,61,257552
6539,0.000561,74.125.24.0-255,1484,15568,61,257552
6540,0.000567,172.31.40.0-255,66,15634,61,257552
6541,0.000575,74.125.24.0-255,2902,18536,61,257552
6542,0.000578,172.31.40.0-255,66,18602,61,257552
6543,0.000588,74.125.24.0-255,1484,20086,61,257552
6544,0.00059,172.31.40.0-255,66,20152,61,257552
6545,0.000597,74.125.24.0-255,5738,25890,61,257552
6546,0.0006,172.31.40.0-255,66,25956,61,257552
6547,0.000635,74.125.24.0-255,5379,31335,61,257552
6548,0.000638,172.31.40.0-255,66,31401,61,257552
6549,0.000989,74.125.24.0-255,1484,32885,61,257552
6550,0.000995,172.31.40.0-255,66,32951,61,257552
6551,0.001001,74.125.24.0-255,2902,35853,61,257552
6552,0.001004,172.31.40.0-255,66,35919,61,257552
6553,0.001016,74.125.24.0-255,5738,41657,61,257552
6554,0.001019,172.31.40.0-255,66,41723,61,257552
6555,0.001057,172.31.40.0-255,66,41789,61,257552
6556,0.001065,74.125.24.0-255,7156,48945,61,257552
6557,0.001067,172.31.40.0-255,66,49011,61,257552
6558,0.001101,74.125.24.0-255,1484,50495,61,257552
6559,0.001104,172.31.40.0-255,66,50561,61,257552
6560,0.001111,74.125.24.0-255,6797,57358,61,257552
6561,0.001114,172.31.40.0-255,66,57424,61,257552
6562,0.001382,74.125.24.0-255,646,58070,61,257552
6563,0.001562,74.125.24.0-255,1484,59554,61,257552
6564,0.001568,172.31.40.0-255,66,59620,61,257552
6565,0.001575,74.125.24.0-255,2902,62522,61,257552
6566,0.001577,172.31.40.0-255,66,62588,61,257552
6567,0.001589,74.125.24.0-255,5738,68326,61,257552
6568,0.001592,172.31.40.0-255,66,68392,61,257552
6569,0.001598,74.125.24.0-255,4320,72712,61,257552
6570,0.0016,172.31.40.0-255,66,72778,61,257552
6571,0.001633,74.125.24.0-255,5738,78516,61,257552
6572,0.001636,172.31.40.0-255,66,78582,61,257552
6573,0.001668,74.125.24.0-255,6797,85379,61,257552
6574,0.001671,172.31.40.0-255,66,85445,61,257552
6575,0.001677,74.125.24.0-255,6797,92242,61,257552
6576,0.00168,172.31.40.0-255,66,92308,61,257552
6577,0.001863,74.125.24.0-255,1484,93792,61,257552
6578,0.001879,74.125.24.0-255,2902,96694,61,257552
6579,0.001881,172.31.40.0-255,66,96760,61,257552
6580,0.001885,74.125.24.0-255,1484,98244,61,257552
6581,0.001911,74.125.24.0-255,4320,102564,61,257552
6582,0.001914,172.31.40.0-255,66,102630,61,257552
6583,0.00192,74.125.24.0-255,4320,106950,61,257552
6584,0.001922,172.31.40.0-255,66,107016,61,257552
6585,0.001925,74.125.24.0-255,1484,108500,61,257552
6586,0.001965,172.31.40.0-255,66,108566,61,257552
6587,0.00197,74.125.24.0-255,4320,112886,61,257552
6588,0.001973,172.31.40.0-255,66,112952,61,257552
6589,0.001993,74.125.24.0-255,3602,116554,61,257552
6590,0.001996,172.31.40.0-255,66,116620,61,257552
6591,0.002212,74.125.24.0-255,1484,118104,61,257552
6592,0.002233,74.125.24.0-255,2902,121006,61,257552
6593,0.002236,172.31.40.0-255,66,121072,61,257552
6594,0.002262,74.125.24.0-255,5738,126810,61,257552
6595,0.002265,172.31.40.0-255,66,126876,61,257552
6596,0.002268,74.125.24.0-255,1484,128360,61,257552
6597,0.002295,74.125.24.0-255,4320,132680,61,257552
6598,0.002298,172.31.40.0-255,66,132746,61,257552
6599,0.002303,74.125.24.0-255,4320,137066,61,257552
6600,0.002306,172.31.40.0-255,66,137132,61,257552
6601,0.004548,74.125.24.0-255,1484,138616,61,257552
6602,0.004581,74.125.24.0-255,4320,142936,61,257552
6603,0.004586,172.31.40.0-255,66,143002,61,257552
6604,0.00687,74.125.24.0-255,5738,148740,61,257552
6605,0.006877,172.31.40.0-255,66,148806,61,257552
6606,0.009144,74.125.24.0-255,5738,154544,61,257552
6607,0.009153,172.31.40.0-255,66,154610,61,257552
6608,0.011459,74.125.24.0-255,5738,160348,61,257552
6609,0.011466,172.31.40.0-255,66,160414,61,257552
6610,0.013769,74.125.24.0-255,5738,166152,61,257552
6611,0.013777,172.31.40.0-255,66,166218,61,257552
6612,0.016066,74.125.24.0-255,5738,171956,61,257552
6613,0.016076,172.31.40.0-255,66,172022,61,257552
6614,0.018354,74.125.24.0-255,5738,177760,61,257552
6615,0.018362,172.31.40.0-255,66,177826,61,257552
6616,0.020626,74.125.24.0-255,5738,183564,61,257552
6617,0.020634,172.31.40.0-255,66,183630,61,257552
6618,0.022106,172.31.40.0-255,167,183797,61,257552
6619,0.022132,172.31.40.0-255,1120,184917,61,257552
6620,0.02218,172.31.40.0-255,1514,186431,61,257552
6621,0.022182,172.31.40.0-255,1275,187706,61,257552
6622,0.022918,74.125.24.0-255,5738,193444,61,257552
6623,0.022923,172.31.40.0-255,66,193510,61,257552
6624,0.023621,104.244.42.0-255,66,193576,61,257552
6625,0.023669,104.244.42.0-255,66,193642,61,257552
6626,0.023716,104.244.42.0-255,66,193708,61,257552
6627,0.025179,74.125.24.0-255,5738,199446,61,257552
6628,0.025184,172.31.40.0-255,66,199512,61,257552
6629,0.027471,74.125.24.0-255,5738,205250,61,257552
6630,0.027478,172.31.40.0-255,66,205316,61,257552
6631,0.029772,74.125.24.0-255,5738,211054,61,257552
6632,0.029784,172.31.40.0-255,66,211120,61,257552
6633,0.032063,74.125.24.0-255,5738,216858,61,257552
6634,0.032078,172.31.40.0-255,66,216924,61,257552
6635,0.034375,74.125.24.0-255,5738,222662,61,257552
6636,0.034392,172.31.40.0-255,66,222728,61,257552
6637,0.036654,74.125.24.0-255,5738,228466,61,257552
6638,0.036671,172.31.40.0-255,66,228532,61,257552
6639,0.038969,74.125.24.0-255,5738,234270,61,257552
6640,0.038982,172.31.40.0-255,66,234336,61,257552
6641,0.041255,74.125.24.0-255,5738,240074,61,257552
6642,0.041273,172.31.40.0-255,66,240140,61,257552
6643,0.043562,74.125.24.0-255,5738,245878,61,257552
6644,0.04358,172.31.40.0-255,66,245944,61,257552
6645,0.045872,74.125.24.0-255,5738,251682,61,257552
6646,0.045889,172.31.40.0-255,66,251748,61,257552
6647,0.048145,74.125.24.0-255,5738,257486,61,257552
6648,0.048158,172.31.40.0-255,66,257552,61,257552
6649,0.0,216.58.203.0-255,145,145,61,259274
6650,2.2e-05,172.31.40.0-255,66,211,61,259274
6651,2.9e-05,216.58.203.0-255,1484,1695,61,259274
6652,3.4e-05,172.31.40.0-255,66,1761,61,259274
6653,4e-05,216.58.203.0-255,2902,4663,61,259274
6654,4.4e-05,172.31.40.0-255,66,4729,61,259274
6655,5.1e-05,216.58.203.0-255,4320,9049,61,259274
6656,5.4e-05,172.31.40.0-255,66,9115,61,259274
6657,6.1e-05,216.58.203.0-255,4867,13982,61,259274
6658,6.4e-05,172.31.40.0-255,66,14048,61,259274
6659,8.8e-05,216.58.203.0-255,1484,15532,61,259274
6660,9.1e-05,172.31.40.0-255,66,15598,61,259274
6661,0.00012,172.31.40.0-255,66,15664,61,259274
6662,0.000154,216.58.203.0-255,6797,22461,61,259274
6663,0.000156,172.31.40.0-255,66,22527,61,259274
6664,0.000208,216.58.203.0-255,1484,24011,61,259274
6665,0.000211,172.31.40.0-255,66,24077,61,259274
6666,0.000216,216.58.203.0-255,2902,26979,61,259274
6667,0.000218,172.31.40.0-255,66,27045,61,259274
6668,0.000242,216.58.203.0-255,5738,32783,61,259274
6669,0.000245,172.31.40.0-255,66,32849,61,259274
6670,0.00025,216.58.203.0-255,4320,37169,61,259274
6671,0.000252,172.31.40.0-255,66,37235,61,259274
6672,0.000297,216.58.203.0-255,2543,39778,61,259274
6673,0.000301,172.31.40.0-255,66,39844,61,259274
6674,0.000668,216.58.203.0-255,1484,41328,61,259274
6675,0.000674,172.31.40.0-255,66,41394,61,259274
6676,0.000678,216.58.203.0-255,1484,42878,61,259274
6677,0.00068,172.31.40.0-255,66,42944,61,259274
6678,0.000693,216.58.203.0-255,1484,44428,61,259274
6679,0.000696,172.31.40.0-255,66,44494,61,259274
6680,0.000702,216.58.203.0-255,4320,48814,61,259274
6681,0.000704,172.31.40.0-255,66,48880,61,259274
6682,0.000737,216.58.203.0-255,1484,50364,61,259274
6683,0.00074,172.31.40.0-255,66,50430,61,259274
6684,0.000746,216.58.203.0-255,4320,54750,61,259274
6685,0.000748,172.31.40.0-255,66,54816,61,259274
6686,0.000753,216.58.203.0-255,3123,57939,61,259274
6687,0.000755,172.31.40.0-255,66,58005,61,259274
6688,0.000824,216.58.203.0-255,1484,59489,61,259274
6689,0.000828,172.31.40.0-255,66,59555,61,259274
6690,0.000834,216.58.203.0-255,2902,62457,61,259274
6691,0.000843,172.31.40.0-255,66,62523,61,259274
6692,0.000855,216.58.203.0-255,4320,66843,61,259274
6693,0.000861,216.58.203.0-255,5738,72581,61,259274
6694,0.000884,172.31.40.0-255,66,72647,61,259274
6695,0.000913,216.58.203.0-255,2543,75190,61,259274
6696,0.000964,172.31.40.0-255,66,75256,61,259274
6697,0.001179,216.58.203.0-255,1484,76740,61,259274
6698,0.001186,216.58.203.0-255,2902,79642,61,259274
6699,0.001189,172.31.40.0-255,66,79708,61,259274
6700,0.001196,216.58.203.0-255,5738,85446,61,259274
6701,0.001214,216.58.203.0-255,6797,92243,61,259274
6702,0.001219,172.31.40.0-255,66,92309,61,259274
6703,0.002891,216.58.203.0-255,5738,98047,61,259274
6704,0.002898,172.31.40.0-255,66,98113,61,259274
6705,0.004575,216.58.203.0-255,5738,103851,61,259274
6706,0.004583,172.31.40.0-255,66,103917,61,259274
6707,0.00625,216.58.203.0-255,5738,109655,61,259274
6708,0.006255,172.31.40.0-255,66,109721,61,259274
6709,0.007921,216.58.203.0-255,5738,115459,61,259274
6710,0.007927,172.31.40.0-255,66,115525,61,259274
6711,0.009595,216.58.203.0-255,5738,121263,61,259274
6712,0.009603,172.31.40.0-255,66,121329,61,259274
6713,0.01128,216.58.203.0-255,5738,127067,61,259274
6714,0.0122,172.31.40.0-255,66,127133,61,259274
6715,0.013884,216.58.203.0-255,5738,132871,61,259274
6716,0.013892,172.31.40.0-255,66,132937,61,259274
6717,0.015558,216.58.203.0-255,5738,138675,61,259274
6718,0.015568,172.31.40.0-255,66,138741,61,259274
6719,0.017243,216.58.203.0-255,5738,144479,61,259274
6720,0.017253,172.31.40.0-255,66,144545,61,259274
6721,0.018937,216.58.203.0-255,5738,150283,61,259274
6722,0.018945,172.31.40.0-255,66,150349,61,259274
6723,0.020625,216.58.203.0-255,5738,156087,61,259274
6724,0.020632,172.31.40.0-255,66,156153,61,259274
6725,0.022302,216.58.203.0-255,5738,161891,61,259274
6726,0.02231,172.31.40.0-255,66,161957,61,259274
6727,0.02399,216.58.203.0-255,5738,167695,61,259274
6728,0.023998,172.31.40.0-255,66,167761,61,259274
6729,0.025677,216.58.203.0-255,5738,173499,61,259274
6730,0.025684,172.31.40.0-255,66,173565,61,259274
6731,0.027372,216.58.203.0-255,5738,179303,61,259274
6732,0.027377,172.31.40.0-255,66,179369,61,259274
6733,0.028502,172.31.40.0-255,172,179541,61,259274
6734,0.028547,172.31.40.0-255,1120,180661,61,259274
6735,0.028606,172.31.40.0-255,1514,182175,61,259274
6736,0.028608,172.31.40.0-255,1275,183450,61,259274
6737,0.029047,216.58.203.0-255,5738,189188,61,259274
6738,0.029053,172.31.40.0-255,66,189254,61,259274
6739,0.03006,104.244.42.0-255,66,189320,61,259274
6740,0.030132,104.244.42.0-255,66,189386,61,259274
6741,0.030194,104.244.42.0-255,66,189452,61,259274
6742,0.030741,216.58.203.0-255,5738,195190,61,259274
6743,0.030747,172.31.40.0-255,66,195256,61,259274
6744,0.031652,104.244.42.0-255,108,195364,61,259274
6745,0.031661,172.31.40.0-255,66,195430,61,259274
6746,0.032417,216.58.203.0-255,5738,201168,61,259274
6747,0.032422,172.31.40.0-255,66,201234,61,259274
6748,0.034082,216.58.203.0-255,5738,206972,61,259274
6749,0.034089,172.31.40.0-255,66,207038,61,259274
6750,0.035771,216.58.203.0-255,5738,212776,61,259274
6751,0.035779,172.31.40.0-255,66,212842,61,259274
6752,0.037515,216.58.203.0-255,5738,218580,61,259274
6753,0.037522,172.31.40.0-255,66,218646,61,259274
6754,0.039207,216.58.203.0-255,5738,224384,61,259274
6755,0.039214,172.31.40.0-255,66,224450,61,259274
6756,0.040895,216.58.203.0-255,5738,230188,61,259274
6757,0.040901,172.31.40.0-255,66,230254,61,259274
6758,0.042574,216.58.203.0-255,5738,235992,61,259274
6759,0.04258,172.31.40.0-255,66,236058,61,259274
6760,0.044284,216.58.203.0-255,5738,241796,61,259274
6761,0.0443,172.31.40.0-255,66,241862,61,259274
6762,0.045988,216.58.203.0-255,5738,247600,61,259274
6763,0.045995,172.31.40.0-255,66,247666,61,259274
6764,0.047676,216.58.203.0-255,5738,253404,61,259274
6765,0.047683,172.31.40.0-255,66,253470,61,259274
6766,0.049396,216.58.203.0-255,5738,259208,61,259274
6767,0.049406,172.31.40.0-255,66,259274,61,259274
6768,0.0,74.125.24.0-255,145,145,61,238720
6769,2e-05,172.31.40.0-255,66,211,61,238720
6770,2.7e-05,74.125.24.0-255,1484,1695,61,238720
6771,3.2e-05,172.31.40.0-255,66,1761,61,238720
6772,4.5e-05,74.125.24.0-255,2902,4663,61,238720
6773,4.9e-05,172.31.40.0-255,66,4729,61,238720
6774,5.8e-05,74.125.24.0-255,7156,11885,61,238720
6775,6.1e-05,172.31.40.0-255,66,11951,61,238720
6776,0.000103,172.31.40.0-255,66,12017,61,238720
6777,0.000108,74.125.24.0-255,2902,14919,61,238720
6778,0.00011,172.31.40.0-255,66,14985,61,238720
6779,0.000124,74.125.24.0-255,3961,18946,61,238720
6780,0.000127,172.31.40.0-255,66,19012,61,238720
6781,0.000194,74.125.24.0-255,1484,20496,61,238720
6782,0.000197,172.31.40.0-255,66,20562,61,238720
6783,0.000202,74.125.24.0-255,2902,23464,61,238720
6784,0.000204,172.31.40.0-255,66,23530,61,238720
6785,0.000237,74.125.24.0-255,5738,29268,61,238720
6786,0.00024,172.31.40.0-255,66,29334,61,238720
6787,0.000284,172.31.40.0-255,66,29400,61,238720
6788,0.000297,172.31.40.0-255,66,29466,61,238720
6789,0.000304,74.125.24.0-255,401,29867,61,238720
6790,0.000306,172.31.40.0-255,66,29933,61,238720
6791,0.00035,74.125.24.0-255,109,30042,61,238720
6792,0.000353,172.31.40.0-255,66,30108,61,238720
6793,0.000577,74.125.24.0-255,1484,31592,61,238720
6794,0.000582,172.31.40.0-255,66,31658,61,238720
6795,0.000609,74.125.24.0-255,2902,34560,61,238720
6796,0.000613,172.31.40.0-255,66,34626,61,238720
6797,0.000645,74.125.24.0-255,2902,37528,61,238720
6798,0.000649,172.31.40.0-255,66,37594,61,238720
6799,0.000656,74.125.24.0-255,7156,44750,61,238720
6800,0.000659,172.31.40.0-255,66,44816,61,238720
6801,0.000714,172.31.40.0-255,66,44882,61,238720
6802,0.000769,74.125.24.0-255,7156,52038,61,238720
6803,0.000773,172.31.40.0-255,66,52104,61,238720
6804,0.000796,74.125.24.0-255,2184,54288,61,238720
6805,0.000798,172.31.40.0-255,66,54354,61,238720
6806,0.000846,74.125.24.0-255,1484,55838,61,238720
6807,0.000852,74.125.24.0-255,2902,58740,61,238720
6808,0.000855,172.31.40.0-255,66,58806,61,238720
6809,0.000858,74.125.24.0-255,1484,60290,61,238720
6810,0.000863,74.125.24.0-255,2902,63192,61,238720
6811,0.000865,172.31.40.0-255,66,63258,61,238720
6812,0.000872,74.125.24.0-255,5738,68996,61,238720
6813,0.000879,172.31.40.0-255,66,69062,61,238720
6814,0.000927,172.31.40.0-255,66,69128,61,238720
6815,0.000953,74.125.24.0-255,6438,75566,61,238720
6816,0.000956,172.31.40.0-255,66,75632,61,238720
6817,0.001078,74.125.24.0-255,1484,77116,61,238720
6818,0.001098,74.125.24.0-255,2902,80018,61,238720
6819,0.001101,172.31.40.0-255,66,80084,61,238720
6820,0.001136,74.125.24.0-255,5738,85822,61,238720
6821,0.00114,172.31.40.0-255,66,85888,61,238720
6822,0.001146,74.125.24.0-255,5738,91626,61,238720
6823,0.001148,172.31.40.0-255,66,91692,61,238720
6824,0.001207,74.125.24.0-255,7156,98848,61,238720
6825,0.001212,172.31.40.0-255,66,98914,61,238720
6826,0.001217,74.125.24.0-255,2902,101816,61,238720
6827,0.001219,172.31.40.0-255,66,101882,61,238720
6828,0.001223,74.125.24.0-255,2902,104784,61,238720
6829,0.001225,172.31.40.0-255,66,104850,61,238720
6830,0.001286,172.31.40.0-255,66,104916,61,238720
6831,0.001305,172.31.40.0-255,66,104982,61,238720
6832,0.001311,74.125.24.0-255,5020,110002,61,238720
6833,0.001314,172.31.40.0-255,66,110068,61,238720
6834,0.001353,172.31.40.0-255,66,110134,61,238720
6835,0.00139,74.125.24.0-255,2902,113036,61,238720
6836,0.001393,172.31.40.0-255,66,113102,61,238720
6837,0.001411,172.31.40.0-255,66,113168,61,238720
6838,0.00143,74.125.24.0-255,1484,114652,61,238720
6839,0.001435,74.125.24.0-255,2902,117554,61,238720
6840,0.001437,172.31.40.0-255,66,117620,61,238720
6841,0.001442,74.125.24.0-255,2902,120522,61,238720
6842,0.001444,172.31.40.0-255,66,120588,61,238720
6843,0.00148,74.125.24.0-255,2902,123490,61,238720
6844,0.001483,172.31.40.0-255,66,123556,61,238720
6845,0.001487,74.125.24.0-255,1484,125040,61,238720
6846,0.001491,74.125.24.0-255,2902,127942,61,238720
6847,0.001494,172.31.40.0-255,66,128008,61,238720
6848,0.001498,74.125.24.0-255,2902,130910,61,238720
6849,0.0015,172.31.40.0-255,66,130976,61,238720
6850,0.001509,74.125.24.0-255,1484,132460,61,238720
6851,0.001534,74.125.24.0-255,2902,135362,61,238720
6852,0.001537,172.31.40.0-255,66,135428,61,238720
6853,0.001547,172.31.40.0-255,66,135494,61,238720
6854,0.001552,74.125.24.0-255,3602,139096,61,238720
6855,0.001554,172.31.40.0-255,66,139162,61,238720
6856,0.001733,74.125.24.0-255,1484,140646,61,238720
6857,0.00174,74.125.24.0-255,2902,143548,61,238720
6858,0.001744,172.31.40.0-255,66,143614,61,238720
6859,0.001752,74.125.24.0-255,5738,149352,61,238720
6860,0.001754,172.31.40.0-255,66,149418,61,238720
6861,0.001757,74.125.24.0-255,1484,150902,61,238720
6862,0.001802,74.125.24.0-255,5738,156640,61,238720
6863,0.001805,172.31.40.0-255,66,156706,61,238720
6864,0.00184,74.125.24.0-255,7156,163862,61,238720
6865,0.001843,172.31.40.0-255,66,163928,61,238720
6866,0.001853,172.31.40.0-255,66,163994,61,238720
6867,0.00186,74.125.24.0-255,766,164760,61,238720
6868,0.001928,74.125.24.0-255,1484,166244,61,238720
6869,0.001931,172.31.40.0-255,66,166310,61,238720
6870,0.001936,74.125.24.0-255,2902,169212,61,238720
6871,0.001938,172.31.40.0-255,66,169278,61,238720
6872,0.001961,74.125.24.0-255,1484,170762,61,238720
6873,0.001966,74.125.24.0-255,2902,173664,61,238720
6874,0.001968,172.31.40.0-255,66,173730,61,238720
6875,0.002032,74.125.24.0-255,5738,179468,61,238720
6876,0.002035,172.31.40.0-255,66,179534,61,238720
6877,0.002052,172.31.40.0-255,66,179600,61,238720
6878,0.002084,172.31.40.0-255,66,179666,61,238720
6879,0.002496,74.125.24.0-255,1484,181150,61,238720
6880,0.002515,74.125.24.0-255,1484,182634,61,238720
6881,0.00252,172.31.40.0-255,66,182700,61,238720
6882,0.002551,74.125.24.0-255,2902,185602,61,238720
6883,0.002554,172.31.40.0-255,66,185668,61,238720
6884,0.002557,74.125.24.0-255,1484,187152,61,238720
6885,0.00256,74.125.24.0-255,1484,188636,61,238720
6886,0.002562,172.31.40.0-255,66,188702,61,238720
6887,0.002567,74.125.24.0-255,2902,191604,61,238720
6888,0.00257,172.31.40.0-255,66,191670,61,238720
6889,0.002601,172.31.40.0-255,66,191736,61,238720
6890,0.002606,74.125.24.0-255,4320,196056,61,238720
6891,0.002609,172.31.40.0-255,66,196122,61,238720
6892,0.002612,74.125.24.0-255,2902,199024,61,238720
6893,0.002615,172.31.40.0-255,66,199090,61,238720
6894,0.002652,74.125.24.0-255,6438,205528,61,238720
6895,0.002655,172.31.40.0-255,66,205594,61,238720
6896,0.002676,74.125.24.0-255,1484,207078,61,238720
6897,0.002681,74.125.24.0-255,2902,209980,61,238720
6898,0.002684,172.31.40.0-255,66,210046,61,238720
6899,0.002714,74.125.24.0-255,5738,215784,61,238720
6900,0.002717,172.31.40.0-255,66,215850,61,238720
6901,0.002722,74.125.24.0-255,4320,220170,61,238720
6902,0.002724,172.31.40.0-255,66,220236,61,238720
6903,0.002763,172.31.40.0-255,66,220302,61,238720
6904,0.002774,172.31.40.0-255,66,220368,61,238720
6905,0.002825,172.31.40.0-255,66,220434,61,238720
6906,0.002831,74.125.24.0-255,4320,224754,61,238720
6907,0.002833,172.31.40.0-255,66,224820,61,238720
6908,0.002866,74.125.24.0-255,3035,227855,61,238720
6909,0.002868,172.31.40.0-255,66,227921,61,238720
6910,0.002934,74.125.24.0-255,105,228026,61,238720
6911,0.007312,172.31.40.0-255,66,228092,61,238720
6912,0.007349,172.31.40.0-255,105,228197,61,238720
6913,0.009671,74.125.24.0-255,66,228263,61,238720
6914,0.036565,172.31.40.0-255,172,228435,61,238720
6915,0.0366,172.31.40.0-255,1120,229555,61,238720
6916,0.036687,172.31.40.0-255,1514,231069,61,238720
6917,0.036688,172.31.40.0-255,1514,232583,61,238720
6918,0.036694,172.31.40.0-255,1514,234097,61,238720
6919,0.036695,172.31.40.0-255,1514,235611,61,238720
6920,0.036756,172.31.40.0-255,1514,237125,61,238720
6921,0.036763,172.31.40.0-255,1157,238282,61,238720
6922,0.038105,104.244.42.0-255,66,238348,61,238720
6923,0.038164,104.244.42.0-255,66,238414,61,238720
6924,0.03826,104.244.42.0-255,66,238480,61,238720
6925,0.038327,104.244.42.0-255,66,238546,61,238720
6926,0.044121,172.31.40.0-255,108,238654,61,238720
6927,0.045673,104.244.42.0-255,66,238720,61,238720
6928,0.0,172.217.194.0-255,153,153,61,168047
6929,1.4e-05,172.31.40.0-255,66,219,61,168047
6930,2e-05,172.217.194.0-255,1484,1703,61,168047
6931,2.5e-05,172.31.40.0-255,66,1769,61,168047
6932,3e-05,172.217.194.0-255,2902,4671,61,168047
6933,3.3e-05,172.31.40.0-255,66,4737,61,168047
6934,4e-05,172.217.194.0-255,7156,11893,61,168047
6935,4.2e-05,172.31.40.0-255,66,11959,61,168047
6936,5.5e-05,172.217.194.0-255,4747,16706,61,168047
6937,5.8e-05,172.31.40.0-255,66,16772,61,168047
6938,6.3e-05,172.217.194.0-255,4320,21092,61,168047
6939,6.6e-05,172.31.40.0-255,66,21158,61,168047
6940,0.000103,172.31.40.0-255,66,21224,61,168047
6941,0.000218,172.217.194.0-255,1484,22708,61,168047
6942,0.000222,172.31.40.0-255,66,22774,61,168047
6943,0.000228,172.217.194.0-255,2902,25676,61,168047
6944,0.00023,172.31.40.0-255,66,25742,61,168047
6945,0.000235,172.217.194.0-255,4320,30062,61,168047
6946,0.000242,172.31.40.0-255,66,30128,61,168047
6947,0.000259,172.217.194.0-255,1484,31612,61,168047
6948,0.000261,172.31.40.0-255,66,31678,61,168047
6949,0.000269,172.217.194.0-255,5738,37416,61,168047
6950,0.000271,172.31.40.0-255,66,37482,61,168047
6951,0.000298,172.217.194.0-255,1125,38607,61,168047
6952,0.0003,172.31.40.0-255,66,38673,61,168047
6953,0.000325,172.217.194.0-255,1484,40157,61,168047
6954,0.000327,172.31.40.0-255,66,40223,61,168047
6955,0.000332,172.217.194.0-255,4320,44543,61,168047
6956,0.000334,172.31.40.0-255,66,44609,61,168047
6957,0.000354,172.217.194.0-255,5738,50347,61,168047
6958,0.000356,172.31.40.0-255,66,50413,61,168047
6959,0.000409,172.217.194.0-255,5693,56106,61,168047
6960,0.000412,172.31.40.0-255,66,56172,61,168047
6961,0.000443,172.217.194.0-255,364,56536,61,168047
6962,0.000609,172.217.194.0-255,1484,58020,61,168047
6963,0.000613,172.31.40.0-255,66,58086,61,168047
6964,0.000619,172.217.194.0-255,2902,60988,61,168047
6965,0.000621,172.31.40.0-255,66,61054,61,168047
6966,0.000647,172.217.194.0-255,5738,66792,61,168047
6967,0.000655,172.31.40.0-255,66,66858,61,168047
6968,0.000666,172.217.194.0-255,5738,72596,61,168047
6969,0.000668,172.31.40.0-255,66,72662,61,168047
6970,0.000697,172.31.40.0-255,66,72728,61,168047
6971,0.000731,172.31.40.0-255,66,72794,61,168047
6972,0.00103,172.217.194.0-255,1484,74278,61,168047
6973,0.001036,172.217.194.0-255,2902,77180,61,168047
6974,0.001039,172.31.40.0-255,66,77246,61,168047
6975,0.001072,172.217.194.0-255,5738,82984,61,168047
6976,0.001075,172.31.40.0-255,66,83050,61,168047
6977,0.001084,172.31.40.0-255,66,83116,61,168047
6978,0.001119,172.217.194.0-255,2902,86018,61,168047
6979,0.001121,172.31.40.0-255,66,86084,61,168047
6980,0.001158,172.31.40.0-255,66,86150,61,168047
6981,0.001228,172.217.194.0-255,1484,87634,61,168047
6982,0.001243,172.217.194.0-255,2902,90536,61,168047
6983,0.001246,172.31.40.0-255,66,90602,61,168047
6984,0.001274,172.217.194.0-255,5738,96340,61,168047
6985,0.001276,172.31.40.0-255,66,96406,61,168047
6986,0.001286,172.31.40.0-255,66,96472,61,168047
6987,0.001334,172.217.194.0-255,4320,100792,61,168047
6988,0.001338,172.31.40.0-255,66,100858,61,168047
6989,0.001375,172.31.40.0-255,66,100924,61,168047
6990,0.001459,172.217.194.0-255,3602,104526,61,168047
6991,0.001462,172.217.194.0-255,1484,106010,61,168047
6992,0.001465,172.217.194.0-255,2902,108912,61,168047
6993,0.001471,172.217.194.0-255,5738,114650,61,168047
6994,0.00149,172.31.40.0-255,66,114716,61,168047
6995,0.001493,172.217.194.0-255,1484,116200,61,168047
6996,0.001514,172.217.194.0-255,7156,123356,61,168047
6997,0.001529,172.217.194.0-255,3602,126958,61,168047
6998,0.001534,172.31.40.0-255,66,127024,61,168047
6999,0.001542,172.217.194.0-255,1484,128508,61,168047
7000,0.00156,172.217.194.0-255,4320,132828,61,168047
7001,0.001595,172.31.40.0-255,66,132894,61,168047
7002,0.001605,172.217.194.0-255,4320,137214,61,168047
7003,0.001621,172.217.194.0-255,2902,140116,61,168047
7004,0.001628,172.31.40.0-255,66,140182,61,168047
7005,0.001671,172.31.40.0-255,66,140248,61,168047
7006,0.001718,172.31.40.0-255,66,140314,61,168047
7007,0.00174,172.217.194.0-255,5738,146052,61,168047
7008,0.001747,172.31.40.0-255,66,146118,61,168047
7009,0.001755,172.217.194.0-255,4320,150438,61,168047
7010,0.001759,172.217.194.0-255,2902,153340,61,168047
7011,0.001764,172.31.40.0-255,66,153406,61,168047
7012,0.001783,172.217.194.0-255,1484,154890,61,168047
7013,0.001819,172.31.40.0-255,66,154956,61,168047
7014,0.00183,172.217.194.0-255,1484,156440,61,168047
7015,0.001857,172.31.40.0-255,66,156506,61,168047
7016,0.001863,172.217.194.0-255,1484,157990,61,168047
7017,0.001879,172.31.40.0-255,66,158056,61,168047
7018,0.001921,172.31.40.0-255,66,158122,61,168047
7019,0.001937,172.217.194.0-255,6438,164560,61,168047
7020,0.002,172.31.40.0-255,66,164626,61,168047
7021,0.002037,172.217.194.0-255,3079,167705,61,168047
7022,0.002038,172.217.194.0-255,105,167810,61,168047
7023,0.00206,172.31.40.0-255,66,167876,61,168047
7024,0.004141,172.31.40.0-255,105,167981,61,168047
7025,0.00648,172.217.194.0-255,66,168047,61,168047
7026,0.0,74.125.24.0-255,153,153,61,195078
7027,2.4e-05,172.31.40.0-255,66,219,61,195078
7028,4.1e-05,74.125.24.0-255,1484,1703,61,195078
7029,4.6e-05,172.31.40.0-255,66,1769,61,195078
7030,5.1e-05,74.125.24.0-255,2902,4671,61,195078
7031,5.4e-05,172.31.40.0-255,66,4737,61,195078
7032,6.1e-05,74.125.24.0-255,7156,11893,61,195078
7033,6.3e-05,172.31.40.0-255,66,11959,61,195078
7034,6.7e-05,74.125.24.0-255,2028,13987,61,195078
7035,6.9e-05,172.31.40.0-255,66,14053,61,195078
7036,0.000116,74.125.24.0-255,2902,16955,61,195078
7037,0.000118,172.31.40.0-255,66,17021,61,195078
7038,0.000122,74.125.24.0-255,2902,19923,61,195078
7039,0.000124,172.31.40.0-255,66,19989,61,195078
7040,0.00013,74.125.24.0-255,4320,24309,61,195078
7041,0.000132,172.31.40.0-255,66,24375,61,195078
7042,0.000154,74.125.24.0-255,2902,27277,61,195078
7043,0.000156,172.31.40.0-255,66,27343,61,195078
7044,0.000181,74.125.24.0-255,3961,31304,61,195078
7045,0.000183,172.31.40.0-255,66,31370,61,195078
7046,0.000271,74.125.24.0-255,1484,32854,61,195078
7047,0.000275,172.31.40.0-255,66,32920,61,195078
7048,0.000279,74.125.24.0-255,2902,35822,61,195078
7049,0.000281,172.31.40.0-255,66,35888,61,195078
7050,0.000294,74.125.24.0-255,1484,37372,61,195078
7051,0.000296,172.31.40.0-255,66,37438,61,195078
7052,0.000318,74.125.24.0-255,4320,41758,61,195078
7053,0.000321,172.31.40.0-255,66,41824,61,195078
7054,0.000353,172.31.40.0-255,66,41890,61,195078
7055,0.000377,74.125.24.0-255,3961,45851,61,195078
7056,0.000379,172.31.40.0-255,66,45917,61,195078
7057,0.000395,74.125.24.0-255,1484,47401,61,195078
7058,0.000421,172.31.40.0-255,66,47467,61,195078
7059,0.000424,74.125.24.0-255,412,47879,61,195078
7060,0.000704,74.125.24.0-255,1484,49363,61,195078
7061,0.000708,74.125.24.0-255,2902,52265,61,195078
7062,0.000712,172.31.40.0-255,66,52331,61,195078
7063,0.00072,172.31.40.0-255,66,52397,61,195078
7064,0.000725,74.125.24.0-255,2902,55299,61,195078
7065,0.000727,172.31.40.0-255,66,55365,61,195078
7066,0.000751,74.125.24.0-255,2902,58267,61,195078
7067,0.000756,74.125.24.0-255,7156,65423,61,195078
7068,0.00076,172.31.40.0-255,66,65489,61,195078
7069,0.000762,172.31.40.0-255,66,65555,61,195078
7070,0.000778,74.125.24.0-255,2902,68457,61,195078
7071,0.00078,172.31.40.0-255,66,68523,61,195078
7072,0.000804,172.31.40.0-255,66,68589,61,195078
7073,0.00082,74.125.24.0-255,2184,70773,61,195078
7074,0.000822,172.31.40.0-255,66,70839,61,195078
7075,0.001017,74.125.24.0-255,1484,72323,61,195078
7076,0.001021,74.125.24.0-255,2902,75225,61,195078
7077,0.001027,172.31.40.0-255,66,75291,61,195078
7078,0.001041,74.125.24.0-255,5738,81029,61,195078
7079,0.001043,172.31.40.0-255,66,81095,61,195078
7080,0.001092,172.31.40.0-255,66,81161,61,195078
7081,0.001101,172.31.40.0-255,66,81227,61,195078
7082,0.001143,74.125.24.0-255,2184,83411,61,195078
7083,0.001146,172.31.40.0-255,66,83477,61,195078
7084,0.001333,74.125.24.0-255,1484,84961,61,195078
7085,0.001337,74.125.24.0-255,1484,86445,61,195078
7086,0.001339,172.31.40.0-255,66,86511,61,195078
7087,0.001362,74.125.24.0-255,1484,87995,61,195078
7088,0.001368,74.125.24.0-255,5738,93733,61,195078
7089,0.00137,172.31.40.0-255,66,93799,61,195078
7090,0.001376,74.125.24.0-255,7156,100955,61,195078
7091,0.001378,172.31.40.0-255,66,101021,61,195078
7092,0.001416,172.31.40.0-255,66,101087,61,195078
7093,0.001419,74.125.24.0-255,2184,103271,61,195078
7094,0.001421,172.31.40.0-255,66,103337,61,195078
7095,0.001447,74.125.24.0-255,2902,106239,61,195078
7096,0.001451,172.31.40.0-255,66,106305,61,195078
7097,0.001473,74.125.24.0-255,7156,113461,61,195078
7098,0.001476,172.31.40.0-255,66,113527,61,195078
7099,0.001507,172.31.40.0-255,66,113593,61,195078
7100,0.00153,172.31.40.0-255,66,113659,61,195078
7101,0.001553,74.125.24.0-255,3602,117261,61,195078
7102,0.001555,172.31.40.0-255,66,117327,61,195078
7103,0.00178,74.125.24.0-255,1484,118811,61,195078
7104,0.001802,74.125.24.0-255,2902,121713,61,195078
7105,0.001805,172.31.40.0-255,66,121779,61,195078
7106,0.00181,74.125.24.0-255,5738,127517,61,195078
7107,0.001812,172.31.40.0-255,66,127583,61,195078
7108,0.001858,172.31.40.0-255,66,127649,61,195078
7109,0.001898,74.125.24.0-255,7156,134805,61,195078
7110,0.001901,172.31.40.0-255,66,134871,61,195078
7111,0.001914,74.125.24.0-255,3602,138473,61,195078
7112,0.001916,172.31.40.0-255,66,138539,61,195078
7113,0.00208,74.125.24.0-255,1484,140023,61,195078
7114,0.002098,74.125.24.0-255,2902,142925,61,195078
7115,0.002101,172.31.40.0-255,66,142991,61,195078
7116,0.002108,74.125.24.0-255,5738,148729,61,195078
7117,0.002111,172.31.40.0-255,66,148795,61,195078
7118,0.002137,74.125.24.0-255,5738,154533,61,195078
7119,0.002139,172.31.40.0-255,66,154599,61,195078
7120,0.002183,74.125.24.0-255,7156,161755,61,195078
7121,0.002186,172.31.40.0-255,66,161821,61,195078
7122,0.002199,172.31.40.0-255,66,161887,61,195078
7123,0.002227,172.31.40.0-255,66,161953,61,195078
7124,0.002264,172.31.40.0-255,66,162019,61,195078
7125,0.002277,172.31.40.0-255,66,162085,61,195078
7126,0.00229,172.31.40.0-255,66,162151,61,195078
7127,0.002357,172.31.40.0-255,66,162217,61,195078
7128,0.002371,172.31.40.0-255,66,162283,61,195078
7129,0.002377,74.125.24.0-255,5738,168021,61,195078
7130,0.002379,172.31.40.0-255,66,168087,61,195078
7131,0.002398,74.125.24.0-255,4320,172407,61,195078
7132,0.0024,172.31.40.0-255,66,172473,61,195078
7133,0.002421,74.125.24.0-255,5738,178211,61,195078
7134,0.002423,172.31.40.0-255,66,178277,61,195078
7135,0.002464,172.31.40.0-255,66,178343,61,195078
7136,0.002519,172.31.40.0-255,66,178409,61,195078
7137,0.002526,74.125.24.0-255,7156,185565,61,195078
7138,0.002528,172.31.40.0-255,66,185631,61,195078
7139,0.01486,74.125.24.0-255,105,185736,61,195078
7140,0.016256,172.31.40.0-255,66,185802,61,195078
7141,0.018212,172.31.40.0-255,105,185907,61,195078
7142,0.020736,74.125.24.0-255,66,185973,61,195078
7143,0.032772,172.31.40.0-255,172,186145,61,195078
7144,0.032816,172.31.40.0-255,1120,187265,61,195078
7145,0.032889,172.31.40.0-255,1514,188779,61,195078
7146,0.03289,172.31.40.0-255,1514,190293,61,195078
7147,0.032896,172.31.40.0-255,1514,191807,61,195078
7148,0.032897,172.31.40.0-255,1514,193321,61,195078
7149,0.032955,172.31.40.0-255,1493,194814,61,195078
7150,0.034283,104.244.42.0-255,66,194880,61,195078
7151,0.034321,104.244.42.0-255,66,194946,61,195078
7152,0.03442,104.244.42.0-255,66,195012,61,195078
7153,0.034483,104.244.42.0-255,66,195078,61,195078
7154,0.0,172.31.40.0-255,105,105,61,276
7155,0.002104,157.240.13.0-255,105,210,61,276
7156,0.002122,172.31.40.0-255,66,276,61,276
7157,0.0,74.125.24.0-255,298,298,61,207598
7158,3.5e-05,172.31.40.0-255,66,364,61,207598
7159,4.2e-05,74.125.24.0-255,1484,1848,61,207598
7160,4.7e-05,172.31.40.0-255,66,1914,61,207598
7161,5.5e-05,74.125.24.0-255,4320,6234,61,207598
7162,6.6e-05,172.31.40.0-255,66,6300,61,207598
7163,7.8e-05,172.31.40.0-255,66,6366,61,207598
7164,8.5e-05,74.125.24.0-255,5738,12104,61,207598
7165,8.7e-05,172.31.40.0-255,66,12170,61,207598
7166,0.000133,172.31.40.0-255,66,12236,61,207598
7167,0.00018,74.125.24.0-255,1484,13720,61,207598
7168,0.000183,172.31.40.0-255,66,13786,61,207598
7169,0.000186,74.125.24.0-255,1484,15270,61,207598
7170,0.000188,172.31.40.0-255,66,15336,61,207598
7171,0.000208,74.125.24.0-255,1484,16820,61,207598
7172,0.00021,172.31.40.0-255,66,16886,61,207598
7173,0.000217,74.125.24.0-255,5738,22624,61,207598
7174,0.00022,172.31.40.0-255,66,22690,61,207598
7175,0.000262,172.31.40.0-255,66,22756,61,207598
7176,0.000272,172.31.40.0-255,66,22822,61,207598
7177,0.000298,74.125.24.0-255,2477,25299,61,207598
7178,0.000301,172.31.40.0-255,66,25365,61,207598
7179,0.000326,74.125.24.0-255,384,25749,61,207598
7180,0.000328,172.31.40.0-255,66,25815,61,207598
7181,0.000499,74.125.24.0-255,1484,27299,61,207598
7182,0.000503,172.31.40.0-255,66,27365,61,207598
7183,0.000509,74.125.24.0-255,2902,30267,61,207598
7184,0.000512,172.31.40.0-255,66,30333,61,207598
7185,0.000538,74.125.24.0-255,5738,36071,61,207598
7186,0.000545,172.31.40.0-255,66,36137,61,207598
7187,0.00055,74.125.24.0-255,4320,40457,61,207598
7188,0.000553,172.31.40.0-255,66,40523,61,207598
7189,0.000555,74.125.24.0-255,1484,42007,61,207598
7190,0.000595,172.31.40.0-255,66,42073,61,207598
7191,0.000605,172.31.40.0-255,66,42139,61,207598
7192,0.000979,74.125.24.0-255,1484,43623,61,207598
7193,0.000985,74.125.24.0-255,1484,45107,61,207598
7194,0.000989,172.31.40.0-255,66,45173,61,207598
7195,0.001009,74.125.24.0-255,1484,46657,61,207598
7196,0.001017,74.125.24.0-255,5738,52395,61,207598
7197,0.001019,172.31.40.0-255,66,52461,61,207598
7198,0.001024,74.125.24.0-255,2902,55363,61,207598
7199,0.001026,172.31.40.0-255,66,55429,61,207598
7200,0.001068,172.31.40.0-255,66,55495,61,207598
7201,0.001083,172.31.40.0-255,66,55561,61,207598
7202,0.001143,172.31.40.0-255,66,55627,61,207598
7203,0.001151,74.125.24.0-255,7156,62783,61,207598
7204,0.001153,172.31.40.0-255,66,62849,61,207598
7205,0.001185,74.125.24.0-255,6438,69287,61,207598
7206,0.001188,172.31.40.0-255,66,69353,61,207598
7207,0.001364,74.125.24.0-255,1484,70837,61,207598
7208,0.00137,74.125.24.0-255,2902,73739,61,207598
7209,0.001373,172.31.40.0-255,66,73805,61,207598
7210,0.001404,74.125.24.0-255,5738,79543,61,207598
7211,0.001408,172.31.40.0-255,66,79609,61,207598
7212,0.001432,172.31.40.0-255,66,79675,61,207598
7213,0.001473,172.31.40.0-255,66,79741,61,207598
7214,0.002283,74.125.24.0-255,1484,81225,61,207598
7215,0.00229,74.125.24.0-255,2902,84127,61,207598
7216,0.002294,172.31.40.0-255,66,84193,61,207598
7217,0.002302,74.125.24.0-255,5738,89931,61,207598
7218,0.002304,172.31.40.0-255,66,89997,61,207598
7219,0.002355,172.31.40.0-255,66,90063,61,207598
7220,0.002392,74.125.24.0-255,3961,94024,61,207598
7221,0.002396,172.31.40.0-255,66,94090,61,207598
7222,0.002406,172.31.40.0-255,66,94156,61,207598
7223,0.002428,172.31.40.0-255,66,94222,61,207598
7224,0.004764,74.125.24.0-255,5738,99960,61,207598
7225,0.00477,172.31.40.0-255,66,100026,61,207598
7226,0.007151,74.125.24.0-255,5738,105764,61,207598
7227,0.007158,172.31.40.0-255,66,105830,61,207598
7228,0.009536,74.125.24.0-255,5738,111568,61,207598
7229,0.009539,172.31.40.0-255,66,111634,61,207598
7230,0.0119,74.125.24.0-255,5738,117372,61,207598
7231,0.011912,172.31.40.0-255,66,117438,61,207598
7232,0.014282,74.125.24.0-255,4320,121758,61,207598
7233,0.014291,172.31.40.0-255,66,121824,61,207598
7234,0.014322,74.125.24.0-255,1484,123308,61,207598
7235,0.016675,74.125.24.0-255,4320,127628,61,207598
7236,0.016683,172.31.40.0-255,66,127694,61,207598
7237,0.019069,74.125.24.0-255,5738,133432,61,207598
7238,0.019076,172.31.40.0-255,66,133498,61,207598
7239,0.02147,74.125.24.0-255,5738,139236,61,207598
7240,0.021479,172.31.40.0-255,66,139302,61,207598
7241,0.023824,74.125.24.0-255,5738,145040,61,207598
7242,0.023836,172.31.40.0-255,66,145106,61,207598
7243,0.026195,74.125.24.0-255,5738,150844,61,207598
7244,0.026206,172.31.40.0-255,66,150910,61,207598
7245,0.028554,74.125.24.0-255,5738,156648,61,207598
7246,0.028573,172.31.40.0-255,66,156714,61,207598
7247,0.030926,74.125.24.0-255,4320,161034,61,207598
7248,0.030934,172.31.40.0-255,66,161100,61,207598
7249,0.030965,74.125.24.0-255,1484,162584,61,207598
7250,0.033274,74.125.24.0-255,4320,166904,61,207598
7251,0.033282,172.31.40.0-255,66,166970,61,207598
7252,0.035649,74.125.24.0-255,5738,172708,61,207598
7253,0.035667,172.31.40.0-255,66,172774,61,207598
7254,0.038041,74.125.24.0-255,5738,178512,61,207598
7255,0.038047,172.31.40.0-255,66,178578,61,207598
7256,0.040424,74.125.24.0-255,5738,184316,61,207598
7257,0.040431,172.31.40.0-255,66,184382,61,207598
7258,0.042786,74.125.24.0-255,5738,190120,61,207598
7259,0.042794,172.31.40.0-255,66,190186,61,207598
7260,0.045188,74.125.24.0-255,5738,195924,61,207598
7261,0.045207,172.31.40.0-255,66,195990,61,207598
7262,0.047574,74.125.24.0-255,5738,201728,61,207598
7263,0.047582,172.31.40.0-255,66,201794,61,207598
7264,0.049978,74.125.24.0-255,5738,207532,61,207598
7265,0.049994,172.31.40.0-255,66,207598,61,207598
7266,0.0,74.125.68.0-255,146,146,61,301032
7267,1.7e-05,172.31.40.0-255,66,212,61,301032
7268,2.3e-05,74.125.68.0-255,1484,1696,61,301032
7269,2.9e-05,172.31.40.0-255,66,1762,61,301032
7270,3.5e-05,74.125.68.0-255,2902,4664,61,301032
7271,3.8e-05,172.31.40.0-255,66,4730,61,301032
7272,4.1e-05,74.125.68.0-255,1484,6214,61,301032
7273,4.4e-05,172.31.40.0-255,66,6280,61,301032
7274,6.3e-05,74.125.68.0-255,2902,9182,61,301032
7275,6.6e-05,172.31.40.0-255,66,9248,61,301032
7276,7.2e-05,74.125.68.0-255,4829,14077,61,301032
7277,7.5e-05,172.31.40.0-255,66,14143,61,301032
7278,0.000141,172.31.40.0-255,66,14209,61,301032
7279,0.000196,172.31.40.0-255,66,14275,61,301032
7280,0.000242,74.125.68.0-255,1484,15759,61,301032
7281,0.000245,172.31.40.0-255,66,15825,61,301032
7282,0.000249,74.125.68.0-255,1484,17309,61,301032
7283,0.000251,172.31.40.0-255,66,17375,61,301032
7284,0.000265,74.125.68.0-255,1484,18859,61,301032
7285,0.000267,172.31.40.0-255,66,18925,61,301032
7286,0.000272,74.125.68.0-255,2902,21827,61,301032
7287,0.000274,172.31.40.0-255,66,21893,61,301032
7288,0.0003,74.125.68.0-255,2902,24795,61,301032
7289,0.000303,172.31.40.0-255,66,24861,61,301032
7290,0.00031,74.125.68.0-255,6797,31658,61,301032
7291,0.000313,172.31.40.0-255,66,31724,61,301032
7292,0.000505,74.125.68.0-255,1484,33208,61,301032
7293,0.000511,172.31.40.0-255,66,33274,61,301032
7294,0.000517,74.125.68.0-255,2902,36176,61,301032
7295,0.00052,172.31.40.0-255,66,36242,61,301032
7296,0.000524,74.125.68.0-255,1484,37726,61,301032
7297,0.000541,74.125.68.0-255,4320,42046,61,301032
7298,0.000545,172.31.40.0-255,66,42112,61,301032
7299,0.000551,74.125.68.0-255,4320,46432,61,301032
7300,0.000553,172.31.40.0-255,66,46498,61,301032
7301,0.000576,74.125.68.0-255,2543,49041,61,301032
7302,0.000579,172.31.40.0-255,66,49107,61,301032
7303,0.000606,74.125.68.0-255,647,49754,61,301032
7304,0.000796,74.125.68.0-255,1484,51238,61,301032
7305,0.000803,172.31.40.0-255,66,51304,61,301032
7306,0.000809,74.125.68.0-255,2902,54206,61,301032
7307,0.000812,172.31.40.0-255,66,54272,61,301032
7308,0.000816,74.125.68.0-255,2902,57174,61,301032
7309,0.000819,172.31.40.0-255,66,57240,61,301032
7310,0.000837,74.125.68.0-255,2902,60142,61,301032
7311,0.00084,172.31.40.0-255,66,60208,61,301032
7312,0.000868,172.31.40.0-255,66,60274,61,301032
7313,0.000913,172.31.40.0-255,66,60340,61,301032
7314,0.000919,74.125.68.0-255,3961,64301,61,301032
7315,0.000921,172.31.40.0-255,66,64367,61,301032
7316,0.001274,74.125.68.0-255,1484,65851,61,301032
7317,0.001281,74.125.68.0-255,2902,68753,61,301032
7318,0.001284,172.31.40.0-255,66,68819,61,301032
7319,0.001291,74.125.68.0-255,4320,73139,61,301032
7320,0.001293,172.31.40.0-255,66,73205,61,301032
7321,0.001307,74.125.68.0-255,1484,74689,61,301032
7322,0.001313,74.125.68.0-255,5738,80427,61,301032
7323,0.001315,172.31.40.0-255,66,80493,61,301032
7324,0.001339,74.125.68.0-255,7156,87649,61,301032
7325,0.001341,172.31.40.0-255,66,87715,61,301032
7326,0.001361,74.125.68.0-255,4320,92035,61,301032
7327,0.001364,172.31.40.0-255,66,92101,61,301032
7328,0.001382,74.125.68.0-255,2902,95003,61,301032
7329,0.001384,172.31.40.0-255,66,95069,61,301032
7330,0.001422,74.125.68.0-255,3602,98671,61,301032
7331,0.001425,172.31.40.0-255,66,98737,61,301032
7332,0.001524,74.125.68.0-255,1484,100221,61,301032
7333,0.001542,74.125.68.0-255,2902,103123,61,301032
7334,0.001544,172.31.40.0-255,66,103189,61,301032
7335,0.00155,74.125.68.0-255,4320,107509,61,301032
7336,0.001552,172.31.40.0-255,66,107575,61,301032
7337,0.001564,74.125.68.0-255,1484,109059,61,301032
7338,0.001568,74.125.68.0-255,2902,111961,61,301032
7339,0.00157,172.31.40.0-255,66,112027,61,301032
7340,0.001587,74.125.68.0-255,2902,114929,61,301032
7341,0.001589,172.31.40.0-255,66,114995,61,301032
7342,0.001615,74.125.68.0-255,7156,122151,61,301032
7343,0.001617,172.31.40.0-255,66,122217,61,301032
7344,0.00162,74.125.68.0-255,1484,123701,61,301032
7345,0.001624,74.125.68.0-255,2902,126603,61,301032
7346,0.001625,172.31.40.0-255,66,126669,61,301032
7347,0.001656,74.125.68.0-255,5738,132407,61,301032
7348,0.001659,172.31.40.0-255,66,132473,61,301032
7349,0.001662,74.125.68.0-255,766,133239,61,301032
7350,0.00183,172.31.40.0-255,101,133340,61,301032
7351,0.001881,74.125.68.0-255,1484,134824,61,301032
7352,0.001898,74.125.68.0-255,2902,137726,61,301032
7353,0.0019,172.31.40.0-255,66,137792,61,301032
7354,0.001913,74.125.68.0-255,4320,142112,61,301032
7355,0.001916,172.31.40.0-255,66,142178,61,301032
7356,0.00193,74.125.68.0-255,1484,143662,61,301032
7357,0.001949,74.125.68.0-255,7156,150818,61,301032
7358,0.001951,172.31.40.0-255,66,150884,61,301032
7359,0.001976,74.125.68.0-255,7156,158040,61,301032
7360,0.001978,172.31.40.0-255,66,158106,61,301032
7361,0.002012,172.31.40.0-255,66,158172,61,301032
7362,0.002015,74.125.68.0-255,766,158938,61,301032
7363,0.002383,74.125.68.0-255,1484,160422,61,301032
7364,0.002387,172.31.40.0-255,66,160488,61,301032
7365,0.00242,74.125.68.0-255,1484,161972,61,301032
7366,0.002439,74.125.68.0-255,1484,163456,61,301032
7367,0.002442,172.31.40.0-255,66,163522,61,301032
7368,0.002448,74.125.68.0-255,5738,169260,61,301032
7369,0.00245,172.31.40.0-255,66,169326,61,301032
7370,0.002453,74.125.68.0-255,2902,172228,61,301032
7371,0.002455,172.31.40.0-255,66,172294,61,301032
7372,0.00246,74.125.68.0-255,4320,176614,61,301032
7373,0.002461,172.31.40.0-255,66,176680,61,301032
7374,0.002465,74.125.68.0-255,2902,179582,61,301032
7375,0.002468,172.31.40.0-255,66,179648,61,301032
7376,0.002499,74.125.68.0-255,5738,185386,61,301032
7377,0.002501,172.31.40.0-255,66,185452,61,301032
7378,0.002506,74.125.68.0-255,4320,189772,61,301032
7379,0.002508,172.31.40.0-255,66,189838,61,301032
7380,0.002532,74.125.68.0-255,1484,191322,61,301032
7381,0.002546,74.125.68.0-255,2184,193506,61,301032
7382,0.002549,172.31.40.0-255,66,193572,61,301032
7383,0.004318,74.125.68.0-255,66,193638,61,301032
7384,0.005077,74.125.68.0-255,5738,199376,61,301032
7385,0.005082,172.31.40.0-255,66,199442,61,301032
7386,0.007627,74.125.68.0-255,5738,205180,61,301032
7387,0.007633,172.31.40.0-255,66,205246,61,301032
7388,0.010184,74.125.68.0-255,5738,210984,61,301032
7389,0.010193,172.31.40.0-255,66,211050,61,301032
7390,0.012746,74.125.68.0-255,5738,216788,61,301032
7391,0.012761,172.31.40.0-255,66,216854,61,301032
7392,0.015299,74.125.68.0-255,5738,222592,61,301032
7393,0.01531,172.31.40.0-255,66,222658,61,301032
7394,0.017857,74.125.68.0-255,5738,228396,61,301032
7395,0.017864,172.31.40.0-255,66,228462,61,301032
7396,0.020402,74.125.68.0-255,5738,234200,61,301032
7397,0.020411,172.31.40.0-255,66,234266,61,301032
7398,0.021647,172.31.40.0-255,167,234433,61,301032
7399,0.021683,172.31.40.0-255,1120,235553,61,301032
7400,0.021746,172.31.40.0-255,1514,237067,61,301032
7401,0.021748,172.31.40.0-255,1275,238342,61,301032
7402,0.023004,74.125.68.0-255,5738,244080,61,301032
7403,0.02301,172.31.40.0-255,66,244146,61,301032
7404,0.023191,104.244.42.0-255,66,244212,61,301032
7405,0.023198,104.244.42.0-255,66,244278,61,301032
7406,0.023258,104.244.42.0-255,66,244344,61,301032
7407,0.025551,74.125.68.0-255,5738,250082,61,301032
7408,0.025556,172.31.40.0-255,66,250148,61,301032
7409,0.02811,74.125.68.0-255,5738,255886,61,301032
7410,0.028116,172.31.40.0-255,66,255952,61,301032
7411,0.030647,74.125.68.0-255,5738,261690,61,301032
7412,0.030653,172.31.40.0-255,66,261756,61,301032
7413,0.03319,74.125.68.0-255,5738,267494,61,301032
7414,0.033196,172.31.40.0-255,66,267560,61,301032
7415,0.035725,74.125.68.0-255,5738,273298,61,301032
7416,0.035731,172.31.40.0-255,66,273364,61,301032
7417,0.038266,74.125.68.0-255,5738,279102,61,301032
7418,0.038271,172.31.40.0-255,66,279168,61,301032
7419,0.040806,74.125.68.0-255,5738,284906,61,301032
7420,0.040823,172.31.40.0-255,66,284972,61,301032
7421,0.043361,74.125.68.0-255,5738,290710,61,301032
7422,0.043365,172.31.40.0-255,66,290776,61,301032
7423,0.045901,74.125.68.0-255,4320,295096,61,301032
7424,0.045906,172.31.40.0-255,66,295162,61,301032
7425,0.045938,74.125.68.0-255,1484,296646,61,301032
7426,0.048447,74.125.68.0-255,4320,300966,61,301032
7427,0.048452,172.31.40.0-255,66,301032,61,301032
7428,0.0,172.217.194.0-255,153,153,61,263415
7429,1.5e-05,172.31.40.0-255,66,219,61,263415
7430,2.2e-05,172.217.194.0-255,1484,1703,61,263415
7431,2.6e-05,172.31.40.0-255,66,1769,61,263415
7432,3.2e-05,172.217.194.0-255,2902,4671,61,263415
7433,3.4e-05,172.31.40.0-255,66,4737,61,263415
7434,4.9e-05,172.217.194.0-255,7156,11893,61,263415
7435,5.2e-05,172.31.40.0-255,66,11959,61,263415
7436,5.6e-05,172.217.194.0-255,2019,13978,61,263415
7437,5.9e-05,172.31.40.0-255,66,14044,61,263415
7438,0.000159,172.217.194.0-255,1484,15528,61,263415
7439,0.000163,172.31.40.0-255,66,15594,61,263415
7440,0.000167,172.217.194.0-255,2902,18496,61,263415
7441,0.00017,172.31.40.0-255,66,18562,61,263415
7442,0.000173,172.217.194.0-255,1484,20046,61,263415
7443,0.000175,172.31.40.0-255,66,20112,61,263415
7444,0.000199,172.217.194.0-255,4320,24432,61,263415
7445,0.000202,172.31.40.0-255,66,24498,61,263415
7446,0.000233,172.217.194.0-255,2902,27400,61,263415
7447,0.000236,172.31.40.0-255,66,27466,61,263415
7448,0.000268,172.217.194.0-255,3961,31427,61,263415
7449,0.000271,172.31.40.0-255,66,31493,61,263415
7450,0.000437,172.217.194.0-255,1484,32977,61,263415
7451,0.000442,172.31.40.0-255,66,33043,61,263415
7452,0.000447,172.217.194.0-255,2902,35945,61,263415
7453,0.00045,172.31.40.0-255,66,36011,61,263415
7454,0.000453,172.217.194.0-255,1484,37495,61,263415
7455,0.00046,172.31.40.0-255,66,37561,61,263415
7456,0.000492,172.217.194.0-255,4320,41881,61,263415
7457,0.000495,172.31.40.0-255,66,41947,61,263415
7458,0.000512,172.31.40.0-255,66,42013,61,263415
7459,0.000519,172.217.194.0-255,7156,49169,61,263415
7460,0.000528,172.31.40.0-255,66,49235,61,263415
7461,0.000546,172.217.194.0-255,4320,53555,61,263415
7462,0.000548,172.217.194.0-255,1402,54957,61,263415
7463,0.000563,172.31.40.0-255,66,55023,61,263415
7464,0.000573,172.217.194.0-255,400,55423,61,263415
7465,0.000807,172.217.194.0-255,1484,56907,61,263415
7466,0.000813,172.217.194.0-255,2902,59809,61,263415
7467,0.000818,172.31.40.0-255,66,59875,61,263415
7468,0.00085,172.217.194.0-255,5738,65613,61,263415
7469,0.000869,172.31.40.0-255,66,65679,61,263415
7470,0.000877,172.217.194.0-255,1484,67163,61,263415
7471,0.000926,172.31.40.0-255,66,67229,61,263415
7472,0.001003,172.217.194.0-255,1484,68713,61,263415
7473,0.001007,172.217.194.0-255,1484,70197,61,263415
7474,0.001011,172.31.40.0-255,66,70263,61,263415
7475,0.001022,172.217.194.0-255,1484,71747,61,263415
7476,0.001034,172.217.194.0-255,5738,77485,61,263415
7477,0.001062,172.217.194.0-255,7156,84641,61,263415
7478,0.001066,172.31.40.0-255,66,84707,61,263415
7479,0.001071,172.31.40.0-255,66,84773,61,263415
7480,0.001089,172.217.194.0-255,5738,90511,61,263415
7481,0.001124,172.217.194.0-255,2184,92695,61,263415
7482,0.001134,172.31.40.0-255,66,92761,61,263415
7483,0.001914,172.217.194.0-255,1484,94245,61,263415
7484,0.001923,172.217.194.0-255,2902,97147,61,263415
7485,0.001927,172.31.40.0-255,66,97213,61,263415
7486,0.001935,172.217.194.0-255,5738,102951,61,263415
7487,0.001949,172.217.194.0-255,7156,110107,61,263415
7488,0.001962,172.217.194.0-255,1484,111591,61,263415
7489,0.001995,172.217.194.0-255,1484,113075,61,263415
7490,0.002045,172.217.194.0-255,1484,114559,61,263415
7491,0.002058,172.217.194.0-255,2902,117461,61,263415
7492,0.002072,172.217.194.0-255,2902,120363,61,263415
7493,0.002085,172.217.194.0-255,2902,123265,61,263415
7494,0.002148,172.217.194.0-255,4320,127585,61,263415
7495,0.002311,172.217.194.0-255,1484,129069,61,263415
7496,0.002324,172.217.194.0-255,2902,131971,61,263415
7497,0.002329,172.217.194.0-255,2902,134873,61,263415
7498,0.002341,172.217.194.0-255,2902,137775,61,263415
7499,0.002347,172.217.194.0-255,5738,143513,61,263415
7500,0.002373,172.217.194.0-255,2902,146415,61,263415
7501,0.0024,172.217.194.0-255,766,147181,61,263415
7502,0.002477,172.217.194.0-255,1484,148665,61,263415
7503,0.002483,172.217.194.0-255,2902,151567,61,263415
7504,0.002486,172.217.194.0-255,1484,153051,61,263415
7505,0.002509,172.217.194.0-255,4320,157371,61,263415
7506,0.002512,172.217.194.0-255,1484,158855,61,263415
7507,0.002923,172.31.40.0-255,66,158921,61,263415
7508,0.005539,172.217.194.0-255,4320,163241,61,263415
7509,0.005545,172.31.40.0-255,66,163307,61,263415
7510,0.005584,172.217.194.0-255,1484,164791,61,263415
7511,0.008109,172.217.194.0-255,4320,169111,61,263415
7512,0.008115,172.31.40.0-255,66,169177,61,263415
7513,0.010668,172.217.194.0-255,5738,174915,61,263415
7514,0.010726,172.31.40.0-255,66,174981,61,263415
7515,0.013266,172.217.194.0-255,5738,180719,61,263415
7516,0.013275,172.31.40.0-255,66,180785,61,263415
7517,0.015884,172.217.194.0-255,5738,186523,61,263415
7518,0.015892,172.31.40.0-255,66,186589,61,263415
7519,0.018452,172.217.194.0-255,5738,192327,61,263415
7520,0.018461,172.31.40.0-255,66,192393,61,263415
7521,0.021029,172.217.194.0-255,5738,198131,61,263415
7522,0.021037,172.31.40.0-255,66,198197,61,263415
7523,0.023623,172.217.194.0-255,5738,203935,61,263415
7524,0.023634,172.31.40.0-255,66,204001,61,263415
7525,0.026205,172.217.194.0-255,5738,209739,61,263415
7526,0.026215,172.31.40.0-255,66,209805,61,263415
7527,0.02879,172.217.194.0-255,5738,215543,61,263415
7528,0.028798,172.31.40.0-255,66,215609,61,263415
7529,0.031332,172.217.194.0-255,5738,221347,61,263415
7530,0.031341,172.31.40.0-255,66,221413,61,263415
7531,0.033886,172.217.194.0-255,5738,227151,61,263415
7532,0.033894,172.31.40.0-255,66,227217,61,263415
7533,0.036438,172.217.194.0-255,5738,232955,61,263415
7534,0.036446,172.31.40.0-255,66,233021,61,263415
7535,0.038356,172.31.40.0-255,176,233197,61,263415
7536,0.038388,172.31.40.0-255,1066,234263,61,263415
7537,0.039033,172.217.194.0-255,5738,240001,61,263415
7538,0.03904,172.31.40.0-255,66,240067,61,263415
7539,0.039901,104.244.42.0-255,66,240133,61,263415
7540,0.039909,104.244.42.0-255,66,240199,61,263415
7541,0.041619,172.217.194.0-255,5738,245937,61,263415
7542,0.041626,172.31.40.0-255,66,246003,61,263415
7543,0.044217,172.217.194.0-255,5738,251741,61,263415
7544,0.044224,172.31.40.0-255,66,251807,61,263415
7545,0.046799,172.217.194.0-255,5738,257545,61,263415
7546,0.046806,172.31.40.0-255,66,257611,61,263415
7547,0.049415,172.217.194.0-255,5738,263349,61,263415
7548,0.049422,172.31.40.0-255,66,263415,61,263415
7549,0.0,74.125.24.0-255,149,149,61,204963
7550,2.4e-05,172.31.40.0-255,66,215,61,204963
7551,3.1e-05,74.125.24.0-255,1484,1699,61,204963
7552,3.6e-05,172.31.40.0-255,66,1765,61,204963
7553,4.2e-05,74.125.24.0-255,2902,4667,61,204963
7554,4.5e-05,172.31.40.0-255,66,4733,61,204963
7555,6.1e-05,74.125.24.0-255,7156,11889,61,204963
7556,6.4e-05,172.31.40.0-255,66,11955,61,204963
7557,6.8e-05,74.125.24.0-255,2102,14057,61,204963
7558,7.1e-05,172.31.40.0-255,66,14123,61,204963
7559,7.6e-05,74.125.24.0-255,2902,17025,61,204963
7560,7.9e-05,172.31.40.0-255,66,17091,61,204963
7561,8.4e-05,74.125.24.0-255,2902,19993,61,204963
7562,8.6e-05,172.31.40.0-255,66,20059,61,204963
7563,0.000125,74.125.24.0-255,4320,24379,61,204963
7564,0.000128,172.31.40.0-255,66,24445,61,204963
7565,0.000136,74.125.24.0-255,6797,31242,61,204963
7566,0.000138,172.31.40.0-255,66,31308,61,204963
7567,0.000206,74.125.24.0-255,1484,32792,61,204963
7568,0.000209,172.31.40.0-255,66,32858,61,204963
7569,0.000215,74.125.24.0-255,2902,35760,61,204963
7570,0.000217,172.31.40.0-255,66,35826,61,204963
7571,0.000227,74.125.24.0-255,2902,38728,61,204963
7572,0.000229,172.31.40.0-255,66,38794,61,204963
7573,0.000258,74.125.24.0-255,2902,41696,61,204963
7574,0.000261,172.31.40.0-255,66,41762,61,204963
7575,0.000286,74.125.24.0-255,5738,47500,61,204963
7576,0.000289,172.31.40.0-255,66,47566,61,204963
7577,0.000311,74.125.24.0-255,6797,54363,61,204963
7578,0.000314,172.31.40.0-255,66,54429,61,204963
7579,0.000346,172.31.40.0-255,66,54495,61,204963
7580,0.000374,74.125.24.0-255,1484,55979,61,204963
7581,0.000398,74.125.24.0-255,1430,57409,61,204963
7582,0.000401,172.31.40.0-255,66,57475,61,204963
7583,0.000425,74.125.24.0-255,113,57588,61,204963
7584,0.001076,172.31.40.0-255,66,57654,61,204963
7585,0.001332,74.125.24.0-255,333,57987,61,204963
7586,0.001681,74.125.24.0-255,1484,59471,61,204963
7587,0.001688,172.31.40.0-255,66,59537,61,204963
7588,0.001695,74.125.24.0-255,2902,62439,61,204963
7589,0.001697,172.31.40.0-255,66,62505,61,204963
7590,0.00171,74.125.24.0-255,5738,68243,61,204963
7591,0.001712,172.31.40.0-255,66,68309,61,204963
7592,0.001749,172.31.40.0-255,66,68375,61,204963
7593,0.001755,74.125.24.0-255,5738,74113,61,204963
7594,0.001756,172.31.40.0-255,66,74179,61,204963
7595,0.001786,74.125.24.0-255,2902,77081,61,204963
7596,0.001794,172.31.40.0-255,66,77147,61,204963
7597,0.001819,74.125.24.0-255,2184,79331,61,204963
7598,0.001821,172.31.40.0-255,66,79397,61,204963
7599,0.004057,74.125.24.0-255,1484,80881,61,204963
7600,0.004074,74.125.24.0-255,1484,82365,61,204963
7601,0.004078,172.31.40.0-255,66,82431,61,204963
7602,0.004104,74.125.24.0-255,2902,85333,61,204963
7603,0.004106,172.31.40.0-255,66,85399,61,204963
7604,0.006336,74.125.24.0-255,1484,86883,61,204963
7605,0.006347,74.125.24.0-255,1484,88367,61,204963
7606,0.00635,172.31.40.0-255,66,88433,61,204963
7607,0.006376,74.125.24.0-255,2902,91335,61,204963
7608,0.006379,172.31.40.0-255,66,91401,61,204963
7609,0.008648,74.125.24.0-255,5738,97139,61,204963
7610,0.008655,172.31.40.0-255,66,97205,61,204963
7611,0.010933,74.125.24.0-255,5738,102943,61,204963
7612,0.010942,172.31.40.0-255,66,103009,61,204963
7613,0.01324,74.125.24.0-255,5738,108747,61,204963
7614,0.013248,172.31.40.0-255,66,108813,61,204963
7615,0.015545,74.125.24.0-255,5738,114551,61,204963
7616,0.015554,172.31.40.0-255,66,114617,61,204963
7617,0.017835,74.125.24.0-255,5738,120355,61,204963
7618,0.017842,172.31.40.0-255,66,120421,61,204963
7619,0.020108,74.125.24.0-255,5738,126159,61,204963
7620,0.020116,172.31.40.0-255,66,126225,61,204963
7621,0.022407,74.125.24.0-255,5738,131963,61,204963
7622,0.022417,172.31.40.0-255,66,132029,61,204963
7623,0.024708,74.125.24.0-255,5738,137767,61,204963
7624,0.024716,172.31.40.0-255,66,137833,61,204963
7625,0.027006,74.125.24.0-255,5738,143571,61,204963
7626,0.027015,172.31.40.0-255,66,143637,61,204963
7627,0.029311,74.125.24.0-255,5738,149375,61,204963
7628,0.02932,172.31.40.0-255,66,149441,61,204963
7629,0.031602,74.125.24.0-255,5738,155179,61,204963
7630,0.03161,172.31.40.0-255,66,155245,61,204963
7631,0.033947,74.125.24.0-255,5738,160983,61,204963
7632,0.033955,172.31.40.0-255,66,161049,61,204963
7633,0.036249,74.125.24.0-255,5738,166787,61,204963
7634,0.036264,172.31.40.0-255,66,166853,61,204963
7635,0.038573,74.125.24.0-255,5738,172591,61,204963
7636,0.038578,172.31.40.0-255,66,172657,61,204963
7637,0.039026,172.31.40.0-255,172,172829,61,204963
7638,0.039057,172.31.40.0-255,1121,173950,61,204963
7639,0.039123,172.31.40.0-255,1514,175464,61,204963
7640,0.039125,172.31.40.0-255,1514,176978,61,204963
7641,0.039129,172.31.40.0-255,1514,178492,61,204963
7642,0.03913,172.31.40.0-255,1514,180006,61,204963
7643,0.03915,172.31.40.0-255,1477,181483,61,204963
7644,0.040565,104.244.42.0-255,66,181549,61,204963
7645,0.040622,104.244.42.0-255,66,181615,61,204963
7646,0.040695,104.244.42.0-255,66,181681,61,204963
7647,0.0407,104.244.42.0-255,66,181747,61,204963
7648,0.04087,74.125.24.0-255,5738,187485,61,204963
7649,0.040876,172.31.40.0-255,66,187551,61,204963
7650,0.043194,74.125.24.0-255,5738,193289,61,204963
7651,0.043205,172.31.40.0-255,66,193355,61,204963
7652,0.045536,74.125.24.0-255,5738,199093,61,204963
7653,0.045543,172.31.40.0-255,66,199159,61,204963
7654,0.04784,74.125.24.0-255,5738,204897,61,204963
7655,0.047846,172.31.40.0-255,66,204963,61,204963
7656,0.0,74.125.200.0-255,146,146,61,212351
7657,2e-05,172.31.40.0-255,66,212,61,212351
7658,2.8e-05,74.125.200.0-255,1484,1696,61,212351
7659,3.2e-05,172.31.40.0-255,66,1762,61,212351
7660,3.8e-05,74.125.200.0-255,2902,4664,61,212351
7661,4.1e-05,172.31.40.0-255,66,4730,61,212351
7662,7.5e-05,74.125.200.0-255,2902,7632,61,212351
7663,7.8e-05,172.31.40.0-255,66,7698,61,212351
7664,9.8e-05,74.125.200.0-255,2902,10600,61,212351
7665,0.0001,172.31.40.0-255,66,10666,61,212351
7666,0.000137,74.125.200.0-255,1484,12150,61,212351
7667,0.00014,172.31.40.0-255,66,12216,61,212351
7668,0.000159,74.125.200.0-255,2001,14217,61,212351
7669,0.000162,172.31.40.0-255,66,14283,61,212351
7670,0.0002,74.125.200.0-255,4320,18603,61,212351
7671,0.000204,172.31.40.0-255,66,18669,61,212351
7672,0.000241,74.125.200.0-255,1484,20153,61,212351
7673,0.000244,172.31.40.0-255,66,20219,61,212351
7674,0.000269,74.125.200.0-255,5738,25957,61,212351
7675,0.000273,172.31.40.0-255,66,26023,61,212351
7676,0.000357,74.125.200.0-255,1484,27507,61,212351
7677,0.000361,172.31.40.0-255,66,27573,61,212351
7678,0.000374,74.125.200.0-255,3961,31534,61,212351
7679,0.000377,172.31.40.0-255,66,31600,61,212351
7680,0.000425,74.125.200.0-255,1484,33084,61,212351
7681,0.000427,172.31.40.0-255,66,33150,61,212351
7682,0.000467,74.125.200.0-255,1484,34634,61,212351
7683,0.000469,172.31.40.0-255,66,34700,61,212351
7684,0.000482,74.125.200.0-255,1484,36184,61,212351
7685,0.000487,74.125.200.0-255,2902,39086,61,212351
7686,0.000491,172.31.40.0-255,66,39152,61,212351
7687,0.000494,172.31.40.0-255,66,39218,61,212351
7688,0.000513,74.125.200.0-255,2902,42120,61,212351
7689,0.000516,172.31.40.0-255,66,42186,61,212351
7690,0.000586,74.125.200.0-255,1484,43670,61,212351
7691,0.000633,172.31.40.0-255,66,43736,61,212351
7692,0.000798,74.125.200.0-255,4320,48056,61,212351
7693,0.000802,172.31.40.0-255,66,48122,61,212351
7694,0.000824,74.125.200.0-255,5379,53501,61,212351
7695,0.000828,172.31.40.0-255,66,53567,61,212351
7696,0.000916,74.125.200.0-255,399,53966,61,212351
7697,0.00092,74.125.200.0-255,375,54341,61,212351
7698,0.000995,74.125.200.0-255,1484,55825,61,212351
7699,0.000999,172.31.40.0-255,66,55891,61,212351
7700,0.001022,74.125.200.0-255,2902,58793,61,212351
7701,0.001025,172.31.40.0-255,66,58859,61,212351
7702,0.001044,74.125.200.0-255,2902,61761,61,212351
7703,0.001047,172.31.40.0-255,66,61827,61,212351
7704,0.00106,74.125.200.0-255,2902,64729,61,212351
7705,0.001062,172.31.40.0-255,66,64795,61,212351
7706,0.00113,74.125.200.0-255,4320,69115,61,212351
7707,0.001134,172.31.40.0-255,66,69181,61,212351
7708,0.001154,74.125.200.0-255,2902,72083,61,212351
7709,0.001156,172.31.40.0-255,66,72149,61,212351
7710,0.001242,74.125.200.0-255,2902,75051,61,212351
7711,0.001247,172.31.40.0-255,66,75117,61,212351
7712,0.001278,172.31.40.0-255,66,75183,61,212351
7713,0.001434,74.125.200.0-255,2184,77367,61,212351
7714,0.001438,172.31.40.0-255,66,77433,61,212351
7715,0.00229,74.125.200.0-255,1484,78917,61,212351
7716,0.002301,74.125.200.0-255,2902,81819,61,212351
7717,0.002306,172.31.40.0-255,66,81885,61,212351
7718,0.002327,74.125.200.0-255,2902,84787,61,212351
7719,0.002329,172.31.40.0-255,66,84853,61,212351
7720,0.002351,74.125.200.0-255,2902,87755,61,212351
7721,0.002353,172.31.40.0-255,66,87821,61,212351
7722,0.002421,74.125.200.0-255,1484,89305,61,212351
7723,0.002445,74.125.200.0-255,2902,92207,61,212351
7724,0.002448,172.31.40.0-255,66,92273,61,212351
7725,0.002464,74.125.200.0-255,1484,93757,61,212351
7726,0.00248,74.125.200.0-255,4320,98077,61,212351
7727,0.002482,172.31.40.0-255,66,98143,61,212351
7728,0.002558,74.125.200.0-255,5738,103881,61,212351
7729,0.00256,172.31.40.0-255,66,103947,61,212351
7730,0.002583,74.125.200.0-255,7156,111103,61,212351
7731,0.002586,172.31.40.0-255,66,111169,61,212351
7732,0.002728,74.125.200.0-255,766,111935,61,212351
7733,0.005183,74.125.200.0-255,4320,116255,61,212351
7734,0.005191,172.31.40.0-255,66,116321,61,212351
7735,0.007783,74.125.200.0-255,5738,122059,61,212351
7736,0.007797,172.31.40.0-255,66,122125,61,212351
7737,0.010382,74.125.200.0-255,5738,127863,61,212351
7738,0.01039,172.31.40.0-255,66,127929,61,212351
7739,0.013021,74.125.200.0-255,5738,133667,61,212351
7740,0.013037,172.31.40.0-255,66,133733,61,212351
7741,0.015635,74.125.200.0-255,5738,139471,61,212351
7742,0.015643,172.31.40.0-255,66,139537,61,212351
7743,0.018234,74.125.200.0-255,5738,145275,61,212351
7744,0.018243,172.31.40.0-255,66,145341,61,212351
7745,0.020834,74.125.200.0-255,5738,151079,61,212351
7746,0.020842,172.31.40.0-255,66,151145,61,212351
7747,0.023416,74.125.200.0-255,5738,156883,61,212351
7748,0.023423,172.31.40.0-255,66,156949,61,212351
7749,0.026027,74.125.200.0-255,5738,162687,61,212351
7750,0.026035,172.31.40.0-255,66,162753,61,212351
7751,0.028619,74.125.200.0-255,5738,168491,61,212351
7752,0.028634,172.31.40.0-255,66,168557,61,212351
7753,0.031224,74.125.200.0-255,5738,174295,61,212351
7754,0.031232,172.31.40.0-255,66,174361,61,212351
7755,0.033837,74.125.200.0-255,1484,175845,61,212351
7756,0.033862,74.125.200.0-255,4320,180165,61,212351
7757,0.033872,172.31.40.0-255,66,180231,61,212351
7758,0.036452,74.125.200.0-255,5738,185969,61,212351
7759,0.03646,172.31.40.0-255,66,186035,61,212351
7760,0.03905,74.125.200.0-255,4320,190355,61,212351
7761,0.039058,172.31.40.0-255,66,190421,61,212351
7762,0.039079,74.125.200.0-255,1484,191905,61,212351
7763,0.041672,74.125.200.0-255,4320,196225,61,212351
7764,0.041692,172.31.40.0-255,66,196291,61,212351
7765,0.044284,74.125.200.0-255,4320,200611,61,212351
7766,0.044293,172.31.40.0-255,66,200677,61,212351
7767,0.044313,74.125.200.0-255,1484,202161,61,212351
7768,0.046915,74.125.200.0-255,4320,206481,61,212351
7769,0.046934,172.31.40.0-255,66,206547,61,212351
7770,0.049525,74.125.200.0-255,5738,212285,61,212351
7771,0.049533,172.31.40.0-255,66,212351,61,212351
7772,0.0,172.217.194.0-255,146,146,61,223572
7773,2.2e-05,172.31.40.0-255,66,212,61,223572
7774,2.9e-05,172.217.194.0-255,1484,1696,61,223572
7775,3.3e-05,172.31.40.0-255,66,1762,61,223572
7776,3.9e-05,172.217.194.0-255,2902,4664,61,223572
7777,4.1e-05,172.31.40.0-255,66,4730,61,223572
7778,4.4e-05,172.217.194.0-255,1484,6214,61,223572
7779,4.8e-05,172.31.40.0-255,66,6280,61,223572
7780,8.1e-05,172.217.194.0-255,5738,12018,61,223572
7781,8.4e-05,172.31.40.0-255,66,12084,61,223572
7782,8.8e-05,172.217.194.0-255,1993,14077,61,223572
7783,9e-05,172.31.40.0-255,66,14143,61,223572
7784,0.000196,172.217.194.0-255,1484,15627,61,223572
7785,0.0002,172.31.40.0-255,66,15693,61,223572
7786,0.000215,172.217.194.0-255,2902,18595,61,223572
7787,0.000218,172.31.40.0-255,66,18661,61,223572
7788,0.000265,172.217.194.0-255,5738,24399,61,223572
7789,0.000269,172.31.40.0-255,66,24465,61,223572
7790,0.000273,172.217.194.0-255,2902,27367,61,223572
7791,0.000275,172.31.40.0-255,66,27433,61,223572
7792,0.000293,172.217.194.0-255,3961,31394,61,223572
7793,0.000295,172.31.40.0-255,66,31460,61,223572
7794,0.00033,172.217.194.0-255,1484,32944,61,223572
7795,0.000333,172.31.40.0-255,66,33010,61,223572
7796,0.000337,172.217.194.0-255,2902,35912,61,223572
7797,0.000339,172.31.40.0-255,66,35978,61,223572
7798,0.000342,172.217.194.0-255,1484,37462,61,223572
7799,0.000344,172.31.40.0-255,66,37528,61,223572
7800,0.000366,172.217.194.0-255,4320,41848,61,223572
7801,0.000368,172.31.40.0-255,66,41914,61,223572
7802,0.000375,172.217.194.0-255,6797,48711,61,223572
7803,0.000377,172.31.40.0-255,66,48777,61,223572
7804,0.000422,172.217.194.0-255,2853,51630,61,223572
7805,0.000447,172.217.194.0-255,366,51996,61,223572
7806,0.000495,172.31.40.0-255,66,52062,61,223572
7807,0.001142,172.217.194.0-255,1484,53546,61,223572
7808,0.001152,172.217.194.0-255,2902,56448,61,223572
7809,0.001156,172.31.40.0-255,66,56514,61,223572
7810,0.001164,172.217.194.0-255,5738,62252,61,223572
7811,0.001166,172.31.40.0-255,66,62318,61,223572
7812,0.001224,172.31.40.0-255,66,62384,61,223572
7813,0.001228,172.217.194.0-255,1484,63868,61,223572
7814,0.00138,172.217.194.0-255,1484,65352,61,223572
7815,0.001397,172.217.194.0-255,2902,68254,61,223572
7816,0.00143,172.217.194.0-255,2902,71156,61,223572
7817,0.001444,172.217.194.0-255,2902,74058,61,223572
7818,0.001462,172.217.194.0-255,4320,78378,61,223572
7819,0.001483,172.217.194.0-255,6438,84816,61,223572
7820,0.001505,172.217.194.0-255,4320,89136,61,223572
7821,0.001576,172.217.194.0-255,4320,93456,61,223572
7822,0.001596,172.217.194.0-255,7156,100612,61,223572
7823,0.001697,172.217.194.0-255,7156,107768,61,223572
7824,0.001715,172.217.194.0-255,5738,113506,61,223572
7825,0.001791,172.217.194.0-255,2184,115690,61,223572
7826,0.00182,172.217.194.0-255,3602,119292,61,223572
7827,0.00184,172.217.194.0-255,1484,120776,61,223572
7828,0.001845,172.217.194.0-255,2902,123678,61,223572
7829,0.00185,172.217.194.0-255,2902,126580,61,223572
7830,0.001864,172.217.194.0-255,2902,129482,61,223572
7831,0.001972,172.217.194.0-255,5738,135220,61,223572
7832,0.002046,172.217.194.0-255,2184,137404,61,223572
7833,0.002051,172.217.194.0-255,2902,140306,61,223572
7834,0.005584,172.31.40.0-255,66,140372,61,223572
7835,0.007607,172.217.194.0-255,5738,146110,61,223572
7836,0.007613,172.31.40.0-255,66,146176,61,223572
7837,0.009605,172.217.194.0-255,5738,151914,61,223572
7838,0.009612,172.31.40.0-255,66,151980,61,223572
7839,0.011606,172.217.194.0-255,5738,157718,61,223572
7840,0.011614,172.31.40.0-255,66,157784,61,223572
7841,0.013607,172.217.194.0-255,4320,162104,61,223572
7842,0.013615,172.31.40.0-255,66,162170,61,223572
7843,0.013635,172.217.194.0-255,1484,163654,61,223572
7844,0.01558,172.217.194.0-255,4320,167974,61,223572
7845,0.015587,172.31.40.0-255,66,168040,61,223572
7846,0.017581,172.217.194.0-255,5738,173778,61,223572
7847,0.017589,172.31.40.0-255,66,173844,61,223572
7848,0.019555,172.217.194.0-255,5738,179582,61,223572
7849,0.019562,172.31.40.0-255,66,179648,61,223572
7850,0.021543,172.217.194.0-255,5738,185386,61,223572
7851,0.02155,172.31.40.0-255,66,185452,61,223572
7852,0.023553,172.217.194.0-255,5738,191190,61,223572
7853,0.02356,172.31.40.0-255,66,191256,61,223572
7854,0.025572,172.217.194.0-255,5738,196994,61,223572
7855,0.02558,172.31.40.0-255,66,197060,61,223572
7856,0.027575,172.217.194.0-255,5738,202798,61,223572
7857,0.027581,172.31.40.0-255,66,202864,61,223572
7858,0.029554,172.217.194.0-255,5738,208602,61,223572
7859,0.02956,172.31.40.0-255,66,208668,61,223572
7860,0.031531,172.217.194.0-255,4273,212941,61,223572
7861,0.031538,172.31.40.0-255,66,213007,61,223572
7862,0.031695,172.31.40.0-255,105,213112,61,223572
7863,0.033637,172.217.194.0-255,66,213178,61,223572
7864,0.040563,172.31.40.0-255,190,213368,61,223572
7865,0.040596,172.31.40.0-255,1120,214488,61,223572
7866,0.04066,172.31.40.0-255,1514,216002,61,223572
7867,0.040662,172.31.40.0-255,1514,217516,61,223572
7868,0.040663,172.31.40.0-255,1514,219030,61,223572
7869,0.040664,172.31.40.0-255,1514,220544,61,223572
7870,0.0407,172.31.40.0-255,1514,222058,61,223572
7871,0.040702,172.31.40.0-255,1142,223200,61,223572
7872,0.042109,104.244.42.0-255,66,223266,61,223572
7873,0.04215,104.244.42.0-255,66,223332,61,223572
7874,0.042243,104.244.42.0-255,66,223398,61,223572
7875,0.042249,104.244.42.0-255,66,223464,61,223572
7876,0.049606,172.31.40.0-255,108,223572,61,223572
7877,0.0,172.217.194.0-255,167,167,61,261228
7878,2.3e-05,172.31.40.0-255,66,233,61,261228
7879,3e-05,172.217.194.0-255,1484,1717,61,261228
7880,3.5e-05,172.31.40.0-255,66,1783,61,261228
7881,4.1e-05,172.217.194.0-255,2902,4685,61,261228
7882,4.4e-05,172.31.40.0-255,66,4751,61,261228
7883,5.2e-05,172.217.194.0-255,7156,11907,61,261228
7884,5.6e-05,172.31.40.0-255,66,11973,61,261228
7885,6.4e-05,172.217.194.0-255,4320,16293,61,261228
7886,6.7e-05,172.31.40.0-255,66,16359,61,261228
7887,0.000104,172.31.40.0-255,66,16425,61,261228
7888,0.000107,172.217.194.0-255,1484,17909,61,261228
7889,0.000109,172.31.40.0-255,66,17975,61,261228
7890,0.000127,172.217.194.0-255,2543,20518,61,261228
7891,0.00013,172.31.40.0-255,66,20584,61,261228
7892,0.000156,172.217.194.0-255,4320,24904,61,261228
7893,0.000159,172.31.40.0-255,66,24970,61,261228
7894,0.000163,172.217.194.0-255,2902,27872,61,261228
7895,0.000165,172.31.40.0-255,66,27938,61,261228
7896,0.000179,172.217.194.0-255,2902,30840,61,261228
7897,0.000182,172.31.40.0-255,66,30906,61,261228
7898,0.000189,172.217.194.0-255,5738,36644,61,261228
7899,0.000191,172.31.40.0-255,66,36710,61,261228
7900,0.000217,172.217.194.0-255,6797,43507,61,261228
7901,0.00022,172.31.40.0-255,66,43573,61,261228
7902,0.000233,172.31.40.0-255,66,43639,61,261228
7903,0.000236,172.217.194.0-255,436,44075,61,261228
7904,0.000238,172.31.40.0-255,66,44141,61,261228
7905,0.000445,172.217.194.0-255,1484,45625,61,261228
7906,0.00045,172.31.40.0-255,66,45691,61,261228
7907,0.000456,172.217.194.0-255,2902,48593,61,261228
7908,0.000459,172.31.40.0-255,66,48659,61,261228
7909,0.000464,172.217.194.0-255,4320,52979,61,261228
7910,0.000467,172.31.40.0-255,66,53045,61,261228
7911,0.000479,172.217.194.0-255,1484,54529,61,261228
7912,0.000516,172.217.194.0-255,5738,60267,61,261228
7913,0.000519,172.31.40.0-255,66,60333,61,261228
7914,0.000545,172.217.194.0-255,7156,67489,61,261228
7915,0.000547,172.31.40.0-255,66,67555,61,261228
7916,0.00056,172.31.40.0-255,66,67621,61,261228
7917,0.000881,172.217.194.0-255,1484,69105,61,261228
7918,0.000887,172.217.194.0-255,2902,72007,61,261228
7919,0.000891,172.31.40.0-255,66,72073,61,261228
7920,0.000898,172.217.194.0-255,5738,77811,61,261228
7921,0.000901,172.31.40.0-255,66,77877,61,261228
7922,0.00093,172.217.194.0-255,7156,85033,61,261228
7923,0.000933,172.31.40.0-255,66,85099,61,261228
7924,0.000955,172.217.194.0-255,5738,90837,61,261228
7925,0.000957,172.31.40.0-255,66,90903,61,261228
7926,0.000964,172.217.194.0-255,4320,95223,61,261228
7927,0.000966,172.31.40.0-255,66,95289,61,261228
7928,0.000994,172.31.40.0-255,66,95355,61,261228
7929,0.001007,172.31.40.0-255,66,95421,61,261228
7930,0.001055,172.31.40.0-255,66,95487,61,261228
7931,0.001089,172.31.40.0-255,66,95553,61,261228
7932,0.001296,172.217.194.0-255,1484,97037,61,261228
7933,0.001302,172.217.194.0-255,2902,99939,61,261228
7934,0.001306,172.31.40.0-255,66,100005,61,261228
7935,0.001328,172.217.194.0-255,5738,105743,61,261228
7936,0.00133,172.31.40.0-255,66,105809,61,261228
7937,0.001336,172.217.194.0-255,4320,110129,61,261228
7938,0.001338,172.31.40.0-255,66,110195,61,261228
7939,0.001364,172.217.194.0-255,4320,114515,61,261228
7940,0.001367,172.31.40.0-255,66,114581,61,261228
7941,0.001391,172.217.194.0-255,7156,121737,61,261228
7942,0.001395,172.31.40.0-255,66,121803,61,261228
7943,0.001406,172.31.40.0-255,66,121869,61,261228
7944,0.00202,172.217.194.0-255,1484,123353,61,261228
7945,0.002026,172.217.194.0-255,2902,126255,61,261228
7946,0.00203,172.31.40.0-255,66,126321,61,261228
7947,0.002055,172.217.194.0-255,5738,132059,61,261228
7948,0.002058,172.31.40.0-255,66,132125,61,261228
7949,0.002092,172.31.40.0-255,66,132191,61,261228
7950,0.002103,172.31.40.0-255,66,132257,61,261228
7951,0.004202,172.217.194.0-255,5738,137995,61,261228
7952,0.004209,172.31.40.0-255,66,138061,61,261228
7953,0.006247,172.217.194.0-255,5738,143799,61,261228
7954,0.006251,172.31.40.0-255,66,143865,61,261228
7955,0.008291,172.217.194.0-255,5738,149603,61,261228
7956,0.008298,172.31.40.0-255,66,149669,61,261228
7957,0.010364,172.217.194.0-255,5738,155407,61,261228
7958,0.010372,172.31.40.0-255,66,155473,61,261228
7959,0.012444,172.217.194.0-255,5738,161211,61,261228
7960,0.012452,172.31.40.0-255,66,161277,61,261228
7961,0.014562,172.217.194.0-255,5738,167015,61,261228
7962,0.014571,172.31.40.0-255,66,167081,61,261228
7963,0.016619,172.217.194.0-255,5738,172819,61,261228
7964,0.016627,172.31.40.0-255,66,172885,61,261228
7965,0.018709,172.217.194.0-255,5738,178623,61,261228
7966,0.018728,172.31.40.0-255,66,178689,61,261228
7967,0.020807,172.217.194.0-255,5738,184427,61,261228
7968,0.020815,172.31.40.0-255,66,184493,61,261228
7969,0.022918,172.217.194.0-255,5738,190231,61,261228
7970,0.022925,172.31.40.0-255,66,190297,61,261228
7971,0.025044,172.217.194.0-255,5738,196035,61,261228
7972,0.02506,172.31.40.0-255,66,196101,61,261228
7973,0.027123,172.217.194.0-255,5738,201839,61,261228
7974,0.027131,172.31.40.0-255,66,201905,61,261228
7975,0.029196,172.217.194.0-255,5738,207643,61,261228
7976,0.029213,172.31.40.0-255,66,207709,61,261228
7977,0.0313,172.217.194.0-255,5738,213447,61,261228
7978,0.031308,172.31.40.0-255,66,213513,61,261228
7979,0.0334,172.217.194.0-255,5738,219251,61,261228
7980,0.033417,172.31.40.0-255,66,219317,61,261228
7981,0.035458,172.217.194.0-255,5738,225055,61,261228
7982,0.035465,172.31.40.0-255,66,225121,61,261228
7983,0.036296,172.31.40.0-255,172,225293,61,261228
7984,0.036332,172.31.40.0-255,979,226272,61,261228
7985,0.037541,172.217.194.0-255,5738,232010,61,261228
7986,0.03755,172.31.40.0-255,66,232076,61,261228
7987,0.037845,104.244.42.0-255,66,232142,61,261228
7988,0.037883,104.244.42.0-255,66,232208,61,261228
7989,0.039625,172.217.194.0-255,5738,237946,61,261228
7990,0.039645,172.31.40.0-255,66,238012,61,261228
7991,0.041727,172.217.194.0-255,5738,243750,61,261228
7992,0.041745,172.31.40.0-255,66,243816,61,261228
7993,0.043811,172.217.194.0-255,5738,249554,61,261228
7994,0.043827,172.31.40.0-255,66,249620,61,261228
7995,0.045928,172.217.194.0-255,5738,255358,61,261228
7996,0.045946,172.31.40.0-255,66,255424,61,261228
7997,0.048022,172.217.194.0-255,5738,261162,61,261228
7998,0.048038,172.31.40.0-255,66,261228,61,261228
7999,0.0,74.125.24.0-255,152,152,61,200027
8000,1.8e-05,172.31.40.0-255,66,218,61,200027
8001,2.6e-05,74.125.24.0-255,1484,1702,61,200027
8002,3e-05,172.31.40.0-255,66,1768,61,200027
8003,4.6e-05,74.125.24.0-255,1484,3252,61,200027
8004,4.9e-05,172.31.40.0-255,66,3318,61,200027
8005,6.4e-05,74.125.24.0-255,2902,6220,61,200027
8006,6.8e-05,172.31.40.0-255,66,6286,61,200027
8007,7.1e-05,74.125.24.0-255,1484,7770,61,200027
8008,7.4e-05,172.31.40.0-255,66,7836,61,200027
8009,9.6e-05,74.125.24.0-255,4320,12156,61,200027
8010,9.9e-05,172.31.40.0-255,66,12222,61,200027
8011,0.000103,74.125.24.0-255,2023,14245,61,200027
8012,0.000105,172.31.40.0-255,66,14311,61,200027
8013,0.00046,74.125.24.0-255,1484,15795,61,200027
8014,0.000465,172.31.40.0-255,66,15861,61,200027
8015,0.000473,74.125.24.0-255,2902,18763,61,200027
8016,0.000475,172.31.40.0-255,66,18829,61,200027
8017,0.000481,74.125.24.0-255,4320,23149,61,200027
8018,0.000484,172.31.40.0-255,66,23215,61,200027
8019,0.000504,74.125.24.0-255,1484,24699,61,200027
8020,0.000506,172.31.40.0-255,66,24765,61,200027
8021,0.000513,74.125.24.0-255,6797,31562,61,200027
8022,0.000515,172.31.40.0-255,66,31628,61,200027
8023,0.000635,74.125.24.0-255,1484,33112,61,200027
8024,0.00064,172.31.40.0-255,66,33178,61,200027
8025,0.000652,74.125.24.0-255,2902,36080,61,200027
8026,0.000654,172.31.40.0-255,66,36146,61,200027
8027,0.000657,74.125.24.0-255,1484,37630,61,200027
8028,0.000659,172.31.40.0-255,66,37696,61,200027
8029,0.000684,74.125.24.0-255,2902,40598,61,200027
8030,0.000687,172.31.40.0-255,66,40664,61,200027
8031,0.000692,74.125.24.0-255,5738,46402,61,200027
8032,0.000695,172.31.40.0-255,66,46468,61,200027
8033,0.000739,172.31.40.0-255,66,46534,61,200027
8034,0.000748,172.31.40.0-255,66,46600,61,200027
8035,0.000773,74.125.24.0-255,2816,49416,61,200027
8036,0.000776,172.31.40.0-255,66,49482,61,200027
8037,0.001137,74.125.24.0-255,130,49612,61,200027
8038,0.001166,74.125.24.0-255,1484,51096,61,200027
8039,0.00117,172.31.40.0-255,66,51162,61,200027
8040,0.001176,74.125.24.0-255,2902,54064,61,200027
8041,0.001178,172.31.40.0-255,66,54130,61,200027
8042,0.001208,74.125.24.0-255,7156,61286,61,200027
8043,0.001211,172.31.40.0-255,66,61352,61,200027
8044,0.001213,74.125.24.0-255,1484,62836,61,200027
8045,0.001239,172.31.40.0-255,66,62902,61,200027
8046,0.001282,74.125.24.0-255,2902,65804,61,200027
8047,0.001284,172.31.40.0-255,66,65870,61,200027
8048,0.001313,172.31.40.0-255,66,65936,61,200027
8049,0.001315,74.125.24.0-255,348,66284,61,200027
8050,0.003583,74.125.24.0-255,1484,67768,61,200027
8051,0.00359,172.31.40.0-255,66,67834,61,200027
8052,0.003596,74.125.24.0-255,2902,70736,61,200027
8053,0.003599,172.31.40.0-255,66,70802,61,200027
8054,0.005601,74.125.24.0-255,5738,76540,61,200027
8055,0.005609,172.31.40.0-255,66,76606,61,200027
8056,0.007641,74.125.24.0-255,5738,82344,61,200027
8057,0.00765,172.31.40.0-255,66,82410,61,200027
8058,0.009695,74.125.24.0-255,5738,88148,61,200027
8059,0.009702,172.31.40.0-255,66,88214,61,200027
8060,0.011722,74.125.24.0-255,5738,93952,61,200027
8061,0.01173,172.31.40.0-255,66,94018,61,200027
8062,0.01375,74.125.24.0-255,5738,99756,61,200027
8063,0.013757,172.31.40.0-255,66,99822,61,200027
8064,0.015778,74.125.24.0-255,5738,105560,61,200027
8065,0.015787,172.31.40.0-255,66,105626,61,200027
8066,0.017823,74.125.24.0-255,5738,111364,61,200027
8067,0.017829,172.31.40.0-255,66,111430,61,200027
8068,0.019852,74.125.24.0-255,5738,117168,61,200027
8069,0.01986,172.31.40.0-255,66,117234,61,200027
8070,0.021868,74.125.24.0-255,5738,122972,61,200027
8071,0.021875,172.31.40.0-255,66,123038,61,200027
8072,0.021963,172.31.40.0-255,101,123139,61,200027
8073,0.023914,74.125.24.0-255,5738,128877,61,200027
8074,0.023922,172.31.40.0-255,66,128943,61,200027
8075,0.023941,74.125.24.0-255,66,129009,61,200027
8076,0.02594,74.125.24.0-255,5738,134747,61,200027
8077,0.025947,172.31.40.0-255,66,134813,61,200027
8078,0.026744,172.31.40.0-255,172,134985,61,200027
8079,0.026776,172.31.40.0-255,1066,136051,61,200027
8080,0.027955,74.125.24.0-255,5738,141789,61,200027
8081,0.027963,172.31.40.0-255,66,141855,61,200027
8082,0.028293,104.244.42.0-255,66,141921,61,200027
8083,0.028331,104.244.42.0-255,66,141987,61,200027
8084,0.029981,74.125.24.0-255,5738,147725,61,200027
8085,0.029989,172.31.40.0-255,66,147791,61,200027
8086,0.032068,74.125.24.0-255,5738,153529,61,200027
8087,0.032074,172.31.40.0-255,66,153595,61,200027
8088,0.034105,74.125.24.0-255,5738,159333,61,200027
8089,0.034112,172.31.40.0-255,66,159399,61,200027
8090,0.036162,74.125.24.0-255,5738,165137,61,200027
8091,0.036168,172.31.40.0-255,66,165203,61,200027
8092,0.038174,74.125.24.0-255,5738,170941,61,200027
8093,0.038183,172.31.40.0-255,66,171007,61,200027
8094,0.040207,74.125.24.0-255,5738,176745,61,200027
8095,0.040212,172.31.40.0-255,66,176811,61,200027
8096,0.042221,74.125.24.0-255,5738,182549,61,200027
8097,0.042228,172.31.40.0-255,66,182615,61,200027
8098,0.044272,74.125.24.0-255,5738,188353,61,200027
8099,0.044279,172.31.40.0-255,66,188419,61,200027
8100,0.046307,74.125.24.0-255,5738,194157,61,200027
8101,0.046314,172.31.40.0-255,66,194223,61,200027
8102,0.048322,74.125.24.0-255,5738,199961,61,200027
8103,0.048328,172.31.40.0-255,66,200027,61,200027
8104,0.0,172.217.194.0-255,152,152,61,232596
8105,2.3e-05,172.31.40.0-255,66,218,61,232596
8106,3e-05,172.217.194.0-255,1484,1702,61,232596
8107,3.4e-05,172.31.40.0-255,66,1768,61,232596
8108,4e-05,172.217.194.0-255,2902,4670,61,232596
8109,5.2e-05,172.31.40.0-255,66,4736,61,232596
8110,6e-05,172.217.194.0-255,7156,11892,61,232596
8111,6.3e-05,172.31.40.0-255,66,11958,61,232596
8112,0.000114,172.31.40.0-255,66,12024,61,232596
8113,0.000117,172.217.194.0-255,1484,13508,61,232596
8114,0.000119,172.31.40.0-255,66,13574,61,232596
8115,0.000123,172.217.194.0-255,1125,14699,61,232596
8116,0.00013,172.31.40.0-255,66,14765,61,232596
8117,0.000133,172.217.194.0-255,1484,16249,61,232596
8118,0.000135,172.31.40.0-255,66,16315,61,232596
8119,0.000181,172.217.194.0-255,4320,20635,61,232596
8120,0.000184,172.31.40.0-255,66,20701,61,232596
8121,0.000191,172.217.194.0-255,7156,27857,61,232596
8122,0.000194,172.31.40.0-255,66,27923,61,232596
8123,0.000224,172.217.194.0-255,3961,31884,61,232596
8124,0.000226,172.31.40.0-255,66,31950,61,232596
8125,0.000321,172.217.194.0-255,1484,33434,61,232596
8126,0.000327,172.31.40.0-255,66,33500,61,232596
8127,0.000332,172.217.194.0-255,2902,36402,61,232596
8128,0.000334,172.31.40.0-255,66,36468,61,232596
8129,0.000346,172.217.194.0-255,5738,42206,61,232596
8130,0.000348,172.31.40.0-255,66,42272,61,232596
8131,0.000382,172.217.194.0-255,7108,49380,61,232596
8132,0.000386,172.31.40.0-255,66,49446,61,232596
8133,0.00082,172.217.194.0-255,366,49812,61,232596
8134,0.000825,172.31.40.0-255,66,49878,61,232596
8135,0.000972,172.217.194.0-255,1484,51362,61,232596
8136,0.00098,172.217.194.0-255,2902,54264,61,232596
8137,0.000983,172.31.40.0-255,66,54330,61,232596
8138,0.001014,172.217.194.0-255,5738,60068,61,232596
8139,0.001017,172.31.40.0-255,66,60134,61,232596
8140,0.001059,172.31.40.0-255,66,60200,61,232596
8141,0.001092,172.31.40.0-255,66,60266,61,232596
8142,0.001119,172.217.194.0-255,2184,62450,61,232596
8143,0.001122,172.31.40.0-255,66,62516,61,232596
8144,0.001528,172.217.194.0-255,1484,64000,61,232596
8145,0.001535,172.217.194.0-255,2902,66902,61,232596
8146,0.001538,172.31.40.0-255,66,66968,61,232596
8147,0.001569,172.217.194.0-255,5738,72706,61,232596
8148,0.001572,172.31.40.0-255,66,72772,61,232596
8149,0.001576,172.217.194.0-255,2902,75674,61,232596
8150,0.001579,172.31.40.0-255,66,75740,61,232596
8151,0.001621,172.31.40.0-255,66,75806,61,232596
8152,0.001638,172.31.40.0-255,66,75872,61,232596
8153,0.001686,172.31.40.0-255,66,75938,61,232596
8154,0.001689,172.217.194.0-255,1484,77422,61,232596
8155,0.001725,172.31.40.0-255,66,77488,61,232596
8156,0.001815,172.217.194.0-255,1484,78972,61,232596
8157,0.001821,172.217.194.0-255,2902,81874,61,232596
8158,0.001825,172.31.40.0-255,66,81940,61,232596
8159,0.001859,172.217.194.0-255,5738,87678,61,232596
8160,0.001866,172.217.194.0-255,7156,94834,61,232596
8161,0.001881,172.31.40.0-255,66,94900,61,232596
8162,0.001884,172.31.40.0-255,66,94966,61,232596
8163,0.001887,172.31.40.0-255,66,95032,61,232596
8164,0.001909,172.217.194.0-255,1484,96516,61,232596
8165,0.001914,172.217.194.0-255,2184,98700,61,232596
8166,0.001916,172.31.40.0-255,66,98766,61,232596
8167,0.00192,172.217.194.0-255,2902,101668,61,232596
8168,0.001926,172.31.40.0-255,66,101734,61,232596
8169,0.001933,172.217.194.0-255,5738,107472,61,232596
8170,0.001935,172.31.40.0-255,66,107538,61,232596
8171,0.001969,172.217.194.0-255,1484,109022,61,232596
8172,0.001976,172.217.194.0-255,7156,116178,61,232596
8173,0.001979,172.31.40.0-255,66,116244,61,232596
8174,0.001999,172.31.40.0-255,66,116310,61,232596
8175,0.002002,172.217.194.0-255,766,117076,61,232596
8176,0.002069,172.31.40.0-255,66,117142,61,232596
8177,0.002094,172.31.40.0-255,66,117208,61,232596
8178,0.002097,172.217.194.0-255,1484,118692,61,232596
8179,0.00214,172.31.40.0-255,66,118758,61,232596
8180,0.002178,172.31.40.0-255,66,118824,61,232596
8181,0.002181,172.217.194.0-255,1484,120308,61,232596
8182,0.002215,172.31.40.0-255,66,120374,61,232596
8183,0.002243,172.217.194.0-255,2902,123276,61,232596
8184,0.002246,172.31.40.0-255,66,123342,61,232596
8185,0.002253,172.217.194.0-255,6438,129780,61,232596
8186,0.002256,172.31.40.0-255,66,129846,61,232596
8187,0.002267,172.217.194.0-255,7156,137002,61,232596
8188,0.00227,172.31.40.0-255,66,137068,61,232596
8189,0.002274,172.217.194.0-255,2902,139970,61,232596
8190,0.002277,172.31.40.0-255,66,140036,61,232596
8191,0.002289,172.31.40.0-255,66,140102,61,232596
8192,0.002316,172.217.194.0-255,1484,141586,61,232596
8193,0.002334,172.31.40.0-255,66,141652,61,232596
8194,0.002338,172.217.194.0-255,2902,144554,61,232596
8195,0.00234,172.31.40.0-255,66,144620,61,232596
8196,0.004602,172.217.194.0-255,5738,150358,61,232596
8197,0.004609,172.31.40.0-255,66,150424,61,232596
8198,0.006873,172.217.194.0-255,5738,156162,61,232596
8199,0.00688,172.31.40.0-255,66,156228,61,232596
8200,0.009166,172.217.194.0-255,4320,160548,61,232596
8201,0.00917,172.31.40.0-255,66,160614,61,232596
8202,0.009182,172.217.194.0-255,1484,162098,61,232596
8203,0.011444,172.217.194.0-255,4320,166418,61,232596
8204,0.011452,172.31.40.0-255,66,166484,61,232596
8205,0.013718,172.217.194.0-255,5738,172222,61,232596
8206,0.013724,172.31.40.0-255,66,172288,61,232596
8207,0.01598,172.217.194.0-255,5738,178026,61,232596
8208,0.01599,172.31.40.0-255,66,178092,61,232596
8209,0.018261,172.217.194.0-255,5738,183830,61,232596
8210,0.018269,172.31.40.0-255,66,183896,61,232596
8211,0.02053,172.217.194.0-255,5738,189634,61,232596
8212,0.020539,172.31.40.0-255,66,189700,61,232596
8213,0.022835,172.217.194.0-255,5738,195438,61,232596
8214,0.022845,172.31.40.0-255,66,195504,61,232596
8215,0.025165,172.217.194.0-255,5738,201242,61,232596
8216,0.025183,172.31.40.0-255,66,201308,61,232596
8217,0.027467,172.217.194.0-255,5738,207046,61,232596
8218,0.027475,172.31.40.0-255,66,207112,61,232596
8219,0.029783,172.217.194.0-255,5738,212850,61,232596
8220,0.029798,172.31.40.0-255,66,212916,61,232596
8221,0.032103,172.217.194.0-255,5738,218654,61,232596
8222,0.03211,172.31.40.0-255,66,218720,61,232596
8223,0.034457,172.217.194.0-255,5738,224458,61,232596
8224,0.034468,172.31.40.0-255,66,224524,61,232596
8225,0.03541,172.31.40.0-255,167,224691,61,232596
8226,0.035445,172.31.40.0-255,1116,225807,61,232596
8227,0.035504,172.31.40.0-255,1514,227321,61,232596
8228,0.035506,172.31.40.0-255,325,227646,61,232596
8229,0.036754,172.217.194.0-255,4515,232161,61,232596
8230,0.036761,172.31.40.0-255,66,232227,61,232596
8231,0.036965,104.244.42.0-255,66,232293,61,232596
8232,0.036987,172.31.40.0-255,105,232398,61,232596
8233,0.037017,104.244.42.0-255,66,232464,61,232596
8234,0.037058,104.244.42.0-255,66,232530,61,232596
8235,0.039229,172.217.194.0-255,66,232596,61,232596
8236,0.0,74.125.24.0-255,152,152,61,177554
8237,2.3e-05,172.31.40.0-255,66,218,61,177554
8238,3.1e-05,74.125.24.0-255,1484,1702,61,177554
8239,3.5e-05,172.31.40.0-255,66,1768,61,177554
8240,5.2e-05,74.125.24.0-255,2902,4670,61,177554
8241,5.7e-05,172.31.40.0-255,66,4736,61,177554
8242,6.3e-05,74.125.24.0-255,4320,9056,61,177554
8243,6.6e-05,172.31.40.0-255,66,9122,61,177554
8244,9.2e-05,74.125.24.0-255,4936,14058,61,177554
8245,9.4e-05,172.31.40.0-255,66,14124,61,177554
8246,0.000105,74.125.24.0-255,5738,19862,61,177554
8247,0.000108,172.31.40.0-255,66,19928,61,177554
8248,0.000143,172.31.40.0-255,66,19994,61,177554
8249,0.000165,74.125.24.0-255,1125,21119,61,177554
8250,0.000167,172.31.40.0-255,66,21185,61,177554
8251,0.000343,74.125.24.0-255,1484,22669,61,177554
8252,0.000349,172.31.40.0-255,66,22735,61,177554
8253,0.000353,74.125.24.0-255,1484,24219,61,177554
8254,0.000355,172.31.40.0-255,66,24285,61,177554
8255,0.00039,74.125.24.0-255,1484,25769,61,177554
8256,0.000393,172.31.40.0-255,66,25835,61,177554
8257,0.0004,74.125.24.0-255,5738,31573,61,177554
8258,0.000402,172.31.40.0-255,66,31639,61,177554
8259,0.00041,74.125.24.0-255,6797,38436,61,177554
8260,0.000412,172.31.40.0-255,66,38502,61,177554
8261,0.000425,74.125.24.0-255,1484,39986,61,177554
8262,0.000427,172.31.40.0-255,66,40052,61,177554
8263,0.000452,74.125.24.0-255,2902,42954,61,177554
8264,0.000454,172.31.40.0-255,66,43020,61,177554
8265,0.000461,74.125.24.0-255,5738,48758,61,177554
8266,0.000463,172.31.40.0-255,66,48824,61,177554
8267,0.000505,74.125.24.0-255,6797,55621,61,177554
8268,0.000512,172.31.40.0-255,66,55687,61,177554
8269,0.002484,74.125.24.0-255,645,56332,61,177554
8270,0.002504,74.125.24.0-255,1484,57816,61,177554
8271,0.002508,172.31.40.0-255,66,57882,61,177554
8272,0.002513,74.125.24.0-255,1484,59366,61,177554
8273,0.00253,74.125.24.0-255,2902,62268,61,177554
8274,0.002532,172.31.40.0-255,66,62334,61,177554
8275,0.002569,172.31.40.0-255,66,62400,61,177554
8276,0.002578,74.125.24.0-255,7156,69556,61,177554
8277,0.00258,172.31.40.0-255,66,69622,61,177554
8278,0.002625,172.31.40.0-255,66,69688,61,177554
8279,0.005262,74.125.24.0-255,5738,75426,61,177554
8280,0.005266,172.31.40.0-255,66,75492,61,177554
8281,0.007925,74.125.24.0-255,5738,81230,61,177554
8282,0.007932,172.31.40.0-255,66,81296,61,177554
8283,0.010584,74.125.24.0-255,5738,87034,61,177554
8284,0.010594,172.31.40.0-255,66,87100,61,177554
8285,0.013239,74.125.24.0-255,5738,92838,61,177554
8286,0.013248,172.31.40.0-255,66,92904,61,177554
8287,0.015893,74.125.24.0-255,5738,98642,61,177554
8288,0.015906,172.31.40.0-255,66,98708,61,177554
8289,0.018582,74.125.24.0-255,5738,104446,61,177554
8290,0.018593,172.31.40.0-255,66,104512,61,177554
8291,0.021221,74.125.24.0-255,5738,110250,61,177554
8292,0.021229,172.31.40.0-255,66,110316,61,177554
8293,0.023862,74.125.24.0-255,5738,116054,61,177554
8294,0.02387,172.31.40.0-255,66,116120,61,177554
8295,0.02651,74.125.24.0-255,5738,121858,61,177554
8296,0.026517,172.31.40.0-255,66,121924,61,177554
8297,0.029194,74.125.24.0-255,5738,127662,61,177554
8298,0.029203,172.31.40.0-255,66,127728,61,177554
8299,0.03187,74.125.24.0-255,5738,133466,61,177554
8300,0.03188,172.31.40.0-255,66,133532,61,177554
8301,0.034512,74.125.24.0-255,5738,139270,61,177554
8302,0.034521,172.31.40.0-255,66,139336,61,177554
8303,0.034534,172.31.40.0-255,172,139508,61,177554
8304,0.03458,172.31.40.0-255,1121,140629,61,177554
8305,0.034724,172.31.40.0-255,1514,142143,61,177554
8306,0.034726,172.31.40.0-255,1514,143657,61,177554
8307,0.034728,172.31.40.0-255,1514,145171,61,177554
8308,0.034729,172.31.40.0-255,1514,146685,61,177554
8309,0.03476,172.31.40.0-255,1477,148162,61,177554
8310,0.036119,104.244.42.0-255,66,148228,61,177554
8311,0.036127,104.244.42.0-255,66,148294,61,177554
8312,0.036355,104.244.42.0-255,66,148360,61,177554
8313,0.036977,104.244.42.0-255,108,148468,61,177554
8314,0.036983,172.31.40.0-255,66,148534,61,177554
8315,0.037252,74.125.24.0-255,5738,154272,61,177554
8316,0.037257,172.31.40.0-255,66,154338,61,177554
8317,0.039881,74.125.24.0-255,5738,160076,61,177554
8318,0.039891,172.31.40.0-255,66,160142,61,177554
8319,0.042555,74.125.24.0-255,5738,165880,61,177554
8320,0.042562,172.31.40.0-255,66,165946,61,177554
8321,0.045239,74.125.24.0-255,5738,171684,61,177554
8322,0.045246,172.31.40.0-255,66,171750,61,177554
8323,0.047875,74.125.24.0-255,5738,177488,61,177554
8324,0.047882,172.31.40.0-255,66,177554,61,177554
8325,0.0,172.217.194.0-255,155,155,61,238167
8326,2.6e-05,172.31.40.0-255,66,221,61,238167
8327,3.3e-05,172.217.194.0-255,1484,1705,61,238167
8328,3.8e-05,172.31.40.0-255,66,1771,61,238167
8329,4.4e-05,172.217.194.0-255,2902,4673,61,238167
8330,4.7e-05,172.31.40.0-255,66,4739,61,238167
8331,5.7e-05,172.217.194.0-255,7156,11895,61,238167
8332,5.9e-05,172.31.40.0-255,66,11961,61,238167
8333,7.4e-05,172.31.40.0-255,66,12027,61,238167
8334,9.7e-05,172.217.194.0-255,4884,16911,61,238167
8335,0.000101,172.31.40.0-255,66,16977,61,238167
8336,0.000105,172.217.194.0-255,2543,19520,61,238167
8337,0.000108,172.31.40.0-255,66,19586,61,238167
8338,0.000132,172.217.194.0-255,1484,21070,61,238167
8339,0.000134,172.31.40.0-255,66,21136,61,238167
8340,0.00014,172.217.194.0-255,2902,24038,61,238167
8341,0.000143,172.31.40.0-255,66,24104,61,238167
8342,0.00017,172.217.194.0-255,5738,29842,61,238167
8343,0.000172,172.31.40.0-255,66,29908,61,238167
8344,0.000183,172.31.40.0-255,66,29974,61,238167
8345,0.0002,172.217.194.0-255,5379,35353,61,238167
8346,0.000203,172.31.40.0-255,66,35419,61,238167
8347,0.00022,172.217.194.0-255,2902,38321,61,238167
8348,0.000222,172.31.40.0-255,66,38387,61,238167
8349,0.000243,172.217.194.0-255,6797,45184,61,238167
8350,0.000248,172.31.40.0-255,66,45250,61,238167
8351,0.00029,172.217.194.0-255,361,45611,61,238167
8352,0.000293,172.31.40.0-255,66,45677,61,238167
8353,0.000295,172.217.194.0-255,382,46059,61,238167
8354,0.000297,172.31.40.0-255,66,46125,61,238167
8355,0.000911,172.217.194.0-255,1484,47609,61,238167
8356,0.00092,172.217.194.0-255,2902,50511,61,238167
8357,0.000924,172.31.40.0-255,66,50577,61,238167
8358,0.000933,172.217.194.0-255,5738,56315,61,238167
8359,0.000948,172.217.194.0-255,1484,57799,61,238167
8360,0.000961,172.217.194.0-255,4320,62119,61,238167
8361,0.000964,172.31.40.0-255,66,62185,61,238167
8362,0.000969,172.31.40.0-255,66,62251,61,238167
8363,0.000988,172.217.194.0-255,5738,67989,61,238167
8364,0.001009,172.217.194.0-255,3602,71591,61,238167
8365,0.001017,172.31.40.0-255,66,71657,61,238167
8366,0.001671,172.217.194.0-255,1484,73141,61,238167
8367,0.001681,172.217.194.0-255,2902,76043,61,238167
8368,0.001685,172.31.40.0-255,66,76109,61,238167
8369,0.001694,172.217.194.0-255,5738,81847,61,238167
8370,0.001699,172.217.194.0-255,2902,84749,61,238167
8371,0.001718,172.217.194.0-255,7156,91905,61,238167
8372,0.001785,172.217.194.0-255,4320,96225,61,238167
8373,0.001824,172.217.194.0-255,1484,97709,61,238167
8374,0.001829,172.217.194.0-255,2902,100611,61,238167
8375,0.001845,172.217.194.0-255,2902,103513,61,238167
8376,0.001858,172.217.194.0-255,2902,106415,61,238167
8377,0.001861,172.217.194.0-255,1484,107899,61,238167
8378,0.00193,172.217.194.0-255,2184,110083,61,238167
8379,0.002173,172.217.194.0-255,1484,111567,61,238167
8380,0.002181,172.217.194.0-255,2902,114469,61,238167
8381,0.002188,172.217.194.0-255,5738,120207,61,238167
8382,0.002208,172.217.194.0-255,5738,125945,61,238167
8383,0.002228,172.217.194.0-255,7156,133101,61,238167
8384,0.002231,172.217.194.0-255,1484,134585,61,238167
8385,0.007149,172.31.40.0-255,66,134651,61,238167
8386,0.009466,172.217.194.0-255,5738,140389,61,238167
8387,0.00948,172.31.40.0-255,66,140455,61,238167
8388,0.011828,172.217.194.0-255,5738,146193,61,238167
8389,0.01187,172.31.40.0-255,66,146259,61,238167
8390,0.014199,172.217.194.0-255,5738,151997,61,238167
8391,0.014215,172.31.40.0-255,66,152063,61,238167
8392,0.016543,172.217.194.0-255,5738,157801,61,238167
8393,0.016562,172.31.40.0-255,66,157867,61,238167
8394,0.018879,172.217.194.0-255,5738,163605,61,238167
8395,0.018893,172.31.40.0-255,66,163671,61,238167
8396,0.021227,172.217.194.0-255,5738,169409,61,238167
8397,0.021236,172.31.40.0-255,66,169475,61,238167
8398,0.023528,172.217.194.0-255,5738,175213,61,238167
8399,0.023536,172.31.40.0-255,66,175279,61,238167
8400,0.025845,172.217.194.0-255,5738,181017,61,238167
8401,0.025852,172.31.40.0-255,66,181083,61,238167
8402,0.028146,172.217.194.0-255,5738,186821,61,238167
8403,0.028155,172.31.40.0-255,66,186887,61,238167
8404,0.030449,172.217.194.0-255,5738,192625,61,238167
8405,0.030458,172.31.40.0-255,66,192691,61,238167
8406,0.032812,172.217.194.0-255,5738,198429,61,238167
8407,0.03596,172.31.40.0-255,66,198495,61,238167
8408,0.038286,172.217.194.0-255,5738,204233,61,238167
8409,0.038305,172.31.40.0-255,66,204299,61,238167
8410,0.040639,172.217.194.0-255,4320,208619,61,238167
8411,0.040647,172.31.40.0-255,66,208685,61,238167
8412,0.040667,172.217.194.0-255,1484,210169,61,238167
8413,0.042975,172.217.194.0-255,4320,214489,61,238167
8414,0.042995,172.31.40.0-255,66,214555,61,238167
8415,0.044099,172.31.40.0-255,172,214727,61,238167
8416,0.044135,172.31.40.0-255,1116,215843,61,238167
8417,0.044201,172.31.40.0-255,1514,217357,61,238167
8418,0.044203,172.31.40.0-255,1514,218871,61,238167
8419,0.044205,172.31.40.0-255,1514,220385,61,238167
8420,0.044206,172.31.40.0-255,106,220491,61,238167
8421,0.045289,172.217.194.0-255,5738,226229,61,238167
8422,0.045333,172.31.40.0-255,66,226295,61,238167
8423,0.045693,104.244.42.0-255,66,226361,61,238167
8424,0.045702,104.244.42.0-255,66,226427,61,238167
8425,0.04578,104.244.42.0-255,66,226493,61,238167
8426,0.045785,104.244.42.0-255,66,226559,61,238167
8427,0.047638,172.217.194.0-255,5738,232297,61,238167
8428,0.047645,172.31.40.0-255,66,232363,61,238167
8429,0.049966,172.217.194.0-255,5738,238101,61,238167
8430,0.049985,172.31.40.0-255,66,238167,61,238167
8431,0.0,172.31.40.0-255,105,105,61,105
8432,0.0,172.31.40.0-255,66,66,61,66
8433,0.0,172.217.194.0-255,152,152,61,220242
8434,2.3e-05,172.31.40.0-255,66,218,61,220242
8435,2.9e-05,172.217.194.0-255,1484,1702,61,220242
8436,3.4e-05,172.31.40.0-255,66,1768,61,220242
8437,3.9e-05,172.217.194.0-255,2902,4670,61,220242
8438,4.2e-05,172.31.40.0-255,66,4736,61,220242
8439,4.8e-05,172.217.194.0-255,4320,9056,61,220242
8440,5.1e-05,172.31.40.0-255,66,9122,61,220242
8441,8.8e-05,172.31.40.0-255,66,9188,61,220242
8442,0.0001,172.31.40.0-255,66,9254,61,220242
8443,0.000123,172.217.194.0-255,2543,11797,61,220242
8444,0.000126,172.31.40.0-255,66,11863,61,220242
8445,0.000198,172.217.194.0-255,1484,13347,61,220242
8446,0.000202,172.31.40.0-255,66,13413,61,220242
8447,0.000207,172.217.194.0-255,2902,16315,61,220242
8448,0.000208,172.31.40.0-255,66,16381,61,220242
8449,0.000235,172.217.194.0-255,5738,22119,61,220242
8450,0.000238,172.31.40.0-255,66,22185,61,220242
8451,0.000279,172.217.194.0-255,6797,28982,61,220242
8452,0.000282,172.31.40.0-255,66,29048,61,220242
8453,0.000576,172.217.194.0-255,1484,30532,61,220242
8454,0.000581,172.31.40.0-255,66,30598,61,220242
8455,0.000588,172.217.194.0-255,2902,33500,61,220242
8456,0.000591,172.31.40.0-255,66,33566,61,220242
8457,0.000593,172.217.194.0-255,1484,35050,61,220242
8458,0.000596,172.31.40.0-255,66,35116,61,220242
8459,0.000622,172.217.194.0-255,4320,39436,61,220242
8460,0.000625,172.31.40.0-255,66,39502,61,220242
8461,0.000633,172.217.194.0-255,6797,46299,61,220242
8462,0.000635,172.31.40.0-255,66,46365,61,220242
8463,0.000678,172.217.194.0-255,7156,53521,61,220242
8464,0.000681,172.31.40.0-255,66,53587,61,220242
8465,0.000712,172.31.40.0-255,66,53653,61,220242
8466,0.000724,172.217.194.0-255,1704,55357,61,220242
8467,0.000726,172.31.40.0-255,66,55423,61,220242
8468,0.000847,172.217.194.0-255,1484,56907,61,220242
8469,0.000859,172.217.194.0-255,2902,59809,61,220242
8470,0.000862,172.31.40.0-255,66,59875,61,220242
8471,0.000879,172.217.194.0-255,5738,65613,61,220242
8472,0.000882,172.31.40.0-255,66,65679,61,220242
8473,0.000885,172.217.194.0-255,1484,67163,61,220242
8474,0.00093,172.217.194.0-255,4320,71483,61,220242
8475,0.000934,172.31.40.0-255,66,71549,61,220242
8476,0.000953,172.217.194.0-255,1125,72674,61,220242
8477,0.001381,172.217.194.0-255,1484,74158,61,220242
8478,0.001386,172.31.40.0-255,66,74224,61,220242
8479,0.001391,172.217.194.0-255,2902,77126,61,220242
8480,0.001393,172.31.40.0-255,66,77192,61,220242
8481,0.00141,172.217.194.0-255,5738,82930,61,220242
8482,0.001412,172.31.40.0-255,66,82996,61,220242
8483,0.001432,172.217.194.0-255,1484,84480,61,220242
8484,0.001458,172.31.40.0-255,66,84546,61,220242
8485,0.001485,172.217.194.0-255,4320,88866,61,220242
8486,0.001488,172.31.40.0-255,66,88932,61,220242
8487,0.001514,172.217.194.0-255,6438,95370,61,220242
8488,0.001516,172.31.40.0-255,66,95436,61,220242
8489,0.003778,172.217.194.0-255,5738,101174,61,220242
8490,0.003785,172.31.40.0-255,66,101240,61,220242
8491,0.006055,172.217.194.0-255,4320,105560,61,220242
8492,0.006059,172.31.40.0-255,66,105626,61,220242
8493,0.006077,172.217.194.0-255,1484,107110,61,220242
8494,0.008339,172.217.194.0-255,4320,111430,61,220242
8495,0.008346,172.31.40.0-255,66,111496,61,220242
8496,0.010664,172.217.194.0-255,5738,117234,61,220242
8497,0.010672,172.31.40.0-255,66,117300,61,220242
8498,0.012967,172.217.194.0-255,5738,123038,61,220242
8499,0.012978,172.31.40.0-255,66,123104,61,220242
8500,0.015277,172.217.194.0-255,5738,128842,61,220242
8501,0.015288,172.31.40.0-255,66,128908,61,220242
8502,0.017592,172.217.194.0-255,5738,134646,61,220242
8503,0.017604,172.31.40.0-255,66,134712,61,220242
8504,0.019892,172.217.194.0-255,5738,140450,61,220242
8505,0.0199,172.31.40.0-255,66,140516,61,220242
8506,0.022181,172.217.194.0-255,5738,146254,61,220242
8507,0.022189,172.31.40.0-255,66,146320,61,220242
8508,0.024466,172.217.194.0-255,5738,152058,61,220242
8509,0.024475,172.31.40.0-255,66,152124,61,220242
8510,0.026768,172.217.194.0-255,5738,157862,61,220242
8511,0.026778,172.31.40.0-255,66,157928,61,220242
8512,0.029061,172.217.194.0-255,5738,163666,61,220242
8513,0.029067,172.31.40.0-255,66,163732,61,220242
8514,0.030184,172.31.40.0-255,167,163899,61,220242
8515,0.030217,172.31.40.0-255,1119,165018,61,220242
8516,0.030277,172.31.40.0-255,1514,166532,61,220242
8517,0.030279,172.31.40.0-255,1276,167808,61,220242
8518,0.031389,172.217.194.0-255,5738,173546,61,220242
8519,0.031397,172.31.40.0-255,66,173612,61,220242
8520,0.031722,104.244.42.0-255,66,173678,61,220242
8521,0.031768,104.244.42.0-255,66,173744,61,220242
8522,0.031873,104.244.42.0-255,66,173810,61,220242
8523,0.033663,172.217.194.0-255,5738,179548,61,220242
8524,0.03367,172.31.40.0-255,66,179614,61,220242
8525,0.035951,172.217.194.0-255,5738,185352,61,220242
8526,0.035958,172.31.40.0-255,66,185418,61,220242
8527,0.03825,172.217.194.0-255,5738,191156,61,220242
8528,0.038258,172.31.40.0-255,66,191222,61,220242
8529,0.040541,172.217.194.0-255,5738,196960,61,220242
8530,0.040548,172.31.40.0-255,66,197026,61,220242
8531,0.042847,172.217.194.0-255,5738,202764,61,220242
8532,0.042853,172.31.40.0-255,66,202830,61,220242
8533,0.045231,172.217.194.0-255,5738,208568,61,220242
8534,0.045239,172.31.40.0-255,66,208634,61,220242
8535,0.047527,172.217.194.0-255,5738,214372,61,220242
8536,0.047532,172.31.40.0-255,66,214438,61,220242
8537,0.049805,172.217.194.0-255,5738,220176,61,220242
8538,0.049811,172.31.40.0-255,66,220242,61,220242
8539,0.0,172.217.27.0-255,298,298,61,290554
8540,2.1e-05,172.31.40.0-255,66,364,61,290554
8541,2.8e-05,172.217.27.0-255,1484,1848,61,290554
8542,3.3e-05,172.31.40.0-255,66,1914,61,290554
8543,3.9e-05,172.217.27.0-255,2902,4816,61,290554
8544,4.3e-05,172.31.40.0-255,66,4882,61,290554
8545,6.8e-05,172.217.27.0-255,5738,10620,61,290554
8546,7.1e-05,172.31.40.0-255,66,10686,61,290554
8547,7.6e-05,172.217.27.0-255,3221,13907,61,290554
8548,7.8e-05,172.31.40.0-255,66,13973,61,290554
8549,0.000205,172.217.27.0-255,1484,15457,61,290554
8550,0.000211,172.31.40.0-255,66,15523,61,290554
8551,0.000216,172.217.27.0-255,2902,18425,61,290554
8552,0.000219,172.31.40.0-255,66,18491,61,290554
8553,0.000252,172.217.27.0-255,5738,24229,61,290554
8554,0.000255,172.31.40.0-255,66,24295,61,290554
8555,0.000263,172.217.27.0-255,6797,31092,61,290554
8556,0.000265,172.31.40.0-255,66,31158,61,290554
8557,0.000276,172.31.40.0-255,66,31224,61,290554
8558,0.0003,172.217.27.0-255,5738,36962,61,290554
8559,0.000303,172.31.40.0-255,66,37028,61,290554
8560,0.000313,172.31.40.0-255,66,37094,61,290554
8561,0.000328,172.217.27.0-255,4320,41414,61,290554
8562,0.000331,172.31.40.0-255,66,41480,61,290554
8563,0.000352,172.217.27.0-255,6769,48249,61,290554
8564,0.000354,172.31.40.0-255,66,48315,61,290554
8565,0.000736,172.217.27.0-255,115,48430,61,290554
8566,0.000743,172.31.40.0-255,66,48496,61,290554
8567,0.000927,172.217.27.0-255,1484,49980,61,290554
8568,0.000931,172.31.40.0-255,66,50046,61,290554
8569,0.000937,172.217.27.0-255,2902,52948,61,290554
8570,0.000939,172.31.40.0-255,66,53014,61,290554
8571,0.000946,172.217.27.0-255,5738,58752,61,290554
8572,0.000948,172.31.40.0-255,66,58818,61,290554
8573,0.000991,172.217.27.0-255,7156,65974,61,290554
8574,0.000996,172.31.40.0-255,66,66040,61,290554
8575,0.000998,172.31.40.0-255,66,66106,61,290554
8576,0.001026,172.217.27.0-255,3602,69708,61,290554
8577,0.001028,172.31.40.0-255,66,69774,61,290554
8578,0.001058,172.217.27.0-255,2902,72676,61,290554
8579,0.00106,172.31.40.0-255,66,72742,61,290554
8580,0.00108,172.217.27.0-255,1484,74226,61,290554
8581,0.001088,172.217.27.0-255,5738,79964,61,290554
8582,0.00109,172.31.40.0-255,66,80030,61,290554
8583,0.001104,172.217.27.0-255,1484,81514,61,290554
8584,0.001107,172.217.27.0-255,1484,82998,61,290554
8585,0.001109,172.31.40.0-255,66,83064,61,290554
8586,0.001137,172.217.27.0-255,7156,90220,61,290554
8587,0.001149,172.31.40.0-255,66,90286,61,290554
8588,0.001152,172.31.40.0-255,66,90352,61,290554
8589,0.001163,172.217.27.0-255,5020,95372,61,290554
8590,0.001166,172.31.40.0-255,66,95438,61,290554
8591,0.001186,172.217.27.0-255,328,95766,61,290554
8592,0.001446,172.217.27.0-255,1484,97250,61,290554
8593,0.001451,172.31.40.0-255,66,97316,61,290554
8594,0.001457,172.217.27.0-255,2902,100218,61,290554
8595,0.001459,172.31.40.0-255,66,100284,61,290554
8596,0.001492,172.217.27.0-255,5738,106022,61,290554
8597,0.001495,172.31.40.0-255,66,106088,61,290554
8598,0.0015,172.217.27.0-255,2902,108990,61,290554
8599,0.001502,172.31.40.0-255,66,109056,61,290554
8600,0.001516,172.217.27.0-255,2902,111958,61,290554
8601,0.001518,172.31.40.0-255,66,112024,61,290554
8602,0.001525,172.217.27.0-255,7156,119180,61,290554
8603,0.001529,172.31.40.0-255,66,119246,61,290554
8604,0.001594,172.31.40.0-255,66,119312,61,290554
8605,0.003224,172.217.27.0-255,5738,125050,61,290554
8606,0.003232,172.31.40.0-255,66,125116,61,290554
8607,0.004857,172.217.27.0-255,5738,130854,61,290554
8608,0.00486,172.31.40.0-255,66,130920,61,290554
8609,0.006499,172.217.27.0-255,4320,135240,61,290554
8610,0.006505,172.31.40.0-255,66,135306,61,290554
8611,0.00652,172.217.27.0-255,1484,136790,61,290554
8612,0.00814,172.217.27.0-255,4320,141110,61,290554
8613,0.008144,172.31.40.0-255,66,141176,61,290554
8614,0.009775,172.217.27.0-255,5738,146914,61,290554
8615,0.009781,172.31.40.0-255,66,146980,61,290554
8616,0.011413,172.217.27.0-255,5738,152718,61,290554
8617,0.011419,172.31.40.0-255,66,152784,61,290554
8618,0.013217,172.217.27.0-255,5738,158522,61,290554
8619,0.013225,172.31.40.0-255,66,158588,61,290554
8620,0.014868,172.217.27.0-255,5738,164326,61,290554
8621,0.014878,172.31.40.0-255,66,164392,61,290554
8622,0.01651,172.217.27.0-255,5738,170130,61,290554
8623,0.016517,172.31.40.0-255,66,170196,61,290554
8624,0.018147,172.217.27.0-255,5738,175934,61,290554
8625,0.018154,172.31.40.0-255,66,176000,61,290554
8626,0.019788,172.217.27.0-255,5738,181738,61,290554
8627,0.019795,172.31.40.0-255,66,181804,61,290554
8628,0.021424,172.217.27.0-255,5738,187542,61,290554
8629,0.021431,172.31.40.0-255,66,187608,61,290554
8630,0.023076,172.217.27.0-255,5738,193346,61,290554
8631,0.023083,172.31.40.0-255,66,193412,61,290554
8632,0.024723,172.217.27.0-255,5738,199150,61,290554
8633,0.02473,172.31.40.0-255,66,199216,61,290554
8634,0.026365,172.217.27.0-255,5738,204954,61,290554
8635,0.026373,172.31.40.0-255,66,205020,61,290554
8636,0.028003,172.217.27.0-255,5738,210758,61,290554
8637,0.028009,172.31.40.0-255,66,210824,61,290554
8638,0.029642,172.217.27.0-255,5738,216562,61,290554
8639,0.029649,172.31.40.0-255,66,216628,61,290554
8640,0.031282,172.217.27.0-255,5738,222366,61,290554
8641,0.031288,172.31.40.0-255,66,222432,61,290554
8642,0.032918,172.217.27.0-255,5738,228170,61,290554
8643,0.032926,172.31.40.0-255,66,228236,61,290554
8644,0.033447,172.31.40.0-255,171,228407,61,290554
8645,0.033478,172.31.40.0-255,1143,229550,61,290554
8646,0.033539,172.31.40.0-255,1514,231064,61,290554
8647,0.033541,172.31.40.0-255,1252,232316,61,290554
8648,0.034563,172.217.27.0-255,5738,238054,61,290554
8649,0.034569,172.31.40.0-255,66,238120,61,290554
8650,0.034985,104.244.42.0-255,66,238186,61,290554
8651,0.034993,104.244.42.0-255,66,238252,61,290554
8652,0.035106,104.244.42.0-255,66,238318,61,290554
8653,0.0362,172.217.27.0-255,5738,244056,61,290554
8654,0.036204,172.31.40.0-255,66,244122,61,290554
8655,0.03785,172.217.27.0-255,5738,249860,61,290554
8656,0.037857,172.31.40.0-255,66,249926,61,290554
8657,0.039504,172.217.27.0-255,5738,255664,61,290554
8658,0.03951,172.31.40.0-255,66,255730,61,290554
8659,0.041147,172.217.27.0-255,5738,261468,61,290554
8660,0.041167,172.31.40.0-255,66,261534,61,290554
8661,0.042801,172.217.27.0-255,5738,267272,61,290554
8662,0.042808,172.31.40.0-255,66,267338,61,290554
8663,0.044461,172.217.27.0-255,5738,273076,61,290554
8664,0.044468,172.31.40.0-255,66,273142,61,290554
8665,0.046115,172.217.27.0-255,5738,278880,61,290554
8666,0.046123,172.31.40.0-255,66,278946,61,290554
8667,0.047757,172.217.27.0-255,5738,284684,61,290554
8668,0.047765,172.31.40.0-255,66,284750,61,290554
8669,0.049491,172.217.27.0-255,5738,290488,61,290554
8670,0.049497,172.31.40.0-255,66,290554,61,290554
8671,0.0,74.125.24.0-255,152,152,61,290260
8672,2.2e-05,172.31.40.0-255,66,218,61,290260
8673,2.9e-05,74.125.24.0-255,1484,1702,61,290260
8674,3.4e-05,172.31.40.0-255,66,1768,61,290260
8675,4e-05,74.125.24.0-255,2902,4670,61,290260
8676,4.3e-05,172.31.40.0-255,66,4736,61,290260
8677,5.1e-05,74.125.24.0-255,7156,11892,61,290260
8678,5.4e-05,172.31.40.0-255,66,11958,61,290260
8679,5.8e-05,74.125.24.0-255,2030,13988,61,290260
8680,6.2e-05,172.31.40.0-255,66,14054,61,290260
8681,8.8e-05,74.125.24.0-255,2902,16956,61,290260
8682,9.2e-05,172.31.40.0-255,66,17022,61,290260
8683,0.000107,74.125.24.0-255,2902,19924,61,290260
8684,0.00011,172.31.40.0-255,66,19990,61,290260
8685,0.000118,74.125.24.0-255,7156,27146,61,290260
8686,0.00012,172.31.40.0-255,66,27212,61,290260
8687,0.000143,74.125.24.0-255,3961,31173,61,290260
8688,0.000145,172.31.40.0-255,66,31239,61,290260
8689,0.000232,74.125.24.0-255,1484,32723,61,290260
8690,0.000236,172.31.40.0-255,66,32789,61,290260
8691,0.000242,74.125.24.0-255,2902,35691,61,290260
8692,0.000244,172.31.40.0-255,66,35757,61,290260
8693,0.00025,74.125.24.0-255,4320,40077,61,290260
8694,0.000252,172.31.40.0-255,66,40143,61,290260
8695,0.000274,74.125.24.0-255,1484,41627,61,290260
8696,0.000276,172.31.40.0-255,66,41693,61,290260
8697,0.000282,74.125.24.0-255,4320,46013,61,290260
8698,0.000284,172.31.40.0-255,66,46079,61,290260
8699,0.000305,172.31.40.0-255,66,46145,61,290260
8700,0.000317,172.31.40.0-255,66,46211,61,290260
8701,0.000347,74.125.24.0-255,1471,47682,61,290260
8702,0.000377,74.125.24.0-255,332,48014,61,290260
8703,0.00038,172.31.40.0-255,66,48080,61,290260
8704,0.000591,74.125.24.0-255,1484,49564,61,290260
8705,0.000598,74.125.24.0-255,2902,52466,61,290260
8706,0.000602,172.31.40.0-255,66,52532,61,290260
8707,0.000609,74.125.24.0-255,5738,58270,61,290260
8708,0.000611,172.31.40.0-255,66,58336,61,290260
8709,0.000653,172.31.40.0-255,66,58402,61,290260
8710,0.00066,74.125.24.0-255,7156,65558,61,290260
8711,0.000662,172.31.40.0-255,66,65624,61,290260
8712,0.0007,74.125.24.0-255,3602,69226,61,290260
8713,0.000704,172.31.40.0-255,66,69292,61,290260
8714,0.000824,74.125.24.0-255,1484,70776,61,290260
8715,0.00083,74.125.24.0-255,2902,73678,61,290260
8716,0.000833,172.31.40.0-255,66,73744,61,290260
8717,0.000875,74.125.24.0-255,5738,79482,61,290260
8718,0.000877,172.31.40.0-255,66,79548,61,290260
8719,0.000882,74.125.24.0-255,4320,83868,61,290260
8720,0.000884,172.31.40.0-255,66,83934,61,290260
8721,0.00089,74.125.24.0-255,4320,88254,61,290260
8722,0.000892,172.31.40.0-255,66,88320,61,290260
8723,0.000925,74.125.24.0-255,7156,95476,61,290260
8724,0.000929,172.31.40.0-255,66,95542,61,290260
8725,0.000939,172.31.40.0-255,66,95608,61,290260
8726,0.001199,74.125.24.0-255,1484,97092,61,290260
8727,0.001205,74.125.24.0-255,2902,99994,61,290260
8728,0.001208,172.31.40.0-255,66,100060,61,290260
8729,0.001212,74.125.24.0-255,1484,101544,61,290260
8730,0.001237,74.125.24.0-255,4320,105864,61,290260
8731,0.00124,172.31.40.0-255,66,105930,61,290260
8732,0.001258,74.125.24.0-255,1484,107414,61,290260
8733,0.001279,74.125.24.0-255,5738,113152,61,290260
8734,0.001282,172.31.40.0-255,66,113218,61,290260
8735,0.001293,172.31.40.0-255,66,113284,61,290260
8736,0.00133,172.31.40.0-255,66,113350,61,290260
8737,0.001377,172.31.40.0-255,66,113416,61,290260
8738,0.001389,172.31.40.0-255,66,113482,61,290260
8739,0.001441,172.31.40.0-255,66,113548,61,290260
8740,0.00166,74.125.24.0-255,1484,115032,61,290260
8741,0.001665,74.125.24.0-255,1484,116516,61,290260
8742,0.001668,172.31.40.0-255,66,116582,61,290260
8743,0.001687,74.125.24.0-255,1484,118066,61,290260
8744,0.001694,74.125.24.0-255,5738,123804,61,290260
8745,0.001696,172.31.40.0-255,66,123870,61,290260
8746,0.001723,172.31.40.0-255,66,123936,61,290260
8747,0.001747,74.125.24.0-255,2902,126838,61,290260
8748,0.00175,172.31.40.0-255,66,126904,61,290260
8749,0.001756,74.125.24.0-255,4320,131224,61,290260
8750,0.001759,172.31.40.0-255,66,131290,61,290260
8751,0.001776,74.125.24.0-255,6438,137728,61,290260
8752,0.001779,172.31.40.0-255,66,137794,61,290260
8753,0.001821,74.125.24.0-255,5738,143532,61,290260
8754,0.001825,172.31.40.0-255,66,143598,61,290260
8755,0.001845,74.125.24.0-255,1484,145082,61,290260
8756,0.001857,172.31.40.0-255,66,145148,61,290260
8757,0.001884,74.125.24.0-255,7156,152304,61,290260
8758,0.001887,172.31.40.0-255,66,152370,61,290260
8759,0.00192,172.31.40.0-255,66,152436,61,290260
8760,0.001923,74.125.24.0-255,766,153202,61,290260
8761,0.001968,74.125.24.0-255,1484,154686,61,290260
8762,0.001971,172.31.40.0-255,66,154752,61,290260
8763,0.001976,74.125.24.0-255,2902,157654,61,290260
8764,0.001978,172.31.40.0-255,66,157720,61,290260
8765,0.002002,74.125.24.0-255,5738,163458,61,290260
8766,0.002005,172.31.40.0-255,66,163524,61,290260
8767,0.002007,74.125.24.0-255,1484,165008,61,290260
8768,0.00203,172.31.40.0-255,66,165074,61,290260
8769,0.002082,172.31.40.0-255,66,165140,61,290260
8770,0.002086,74.125.24.0-255,2184,167324,61,290260
8771,0.002088,172.31.40.0-255,66,167390,61,290260
8772,0.004138,74.125.24.0-255,5738,173128,61,290260
8773,0.004144,172.31.40.0-255,66,173194,61,290260
8774,0.006214,74.125.24.0-255,5738,178932,61,290260
8775,0.006228,172.31.40.0-255,66,178998,61,290260
8776,0.00827,74.125.24.0-255,5738,184736,61,290260
8777,0.008282,172.31.40.0-255,66,184802,61,290260
8778,0.01035,74.125.24.0-255,5738,190540,61,290260
8779,0.010356,172.31.40.0-255,66,190606,61,290260
8780,0.01244,74.125.24.0-255,5738,196344,61,290260
8781,0.012443,172.31.40.0-255,66,196410,61,290260
8782,0.014508,74.125.24.0-255,5738,202148,61,290260
8783,0.014519,172.31.40.0-255,66,202214,61,290260
8784,0.016594,74.125.24.0-255,5738,207952,61,290260
8785,0.016606,172.31.40.0-255,66,208018,61,290260
8786,0.018679,74.125.24.0-255,5738,213756,61,290260
8787,0.018694,172.31.40.0-255,66,213822,61,290260
8788,0.020756,74.125.24.0-255,5738,219560,61,290260
8789,0.020765,172.31.40.0-255,66,219626,61,290260
8790,0.02283,74.125.24.0-255,5738,225364,61,290260
8791,0.022836,172.31.40.0-255,66,225430,61,290260
8792,0.024881,74.125.24.0-255,5738,231168,61,290260
8793,0.024888,172.31.40.0-255,66,231234,61,290260
8794,0.02694,74.125.24.0-255,5738,236972,61,290260
8795,0.026957,172.31.40.0-255,66,237038,61,290260
8796,0.029025,74.125.24.0-255,5738,242776,61,290260
8797,0.029032,172.31.40.0-255,66,242842,61,290260
8798,0.031103,74.125.24.0-255,5738,248580,61,290260
8799,0.031112,172.31.40.0-255,66,248646,61,290260
8800,0.033178,74.125.24.0-255,5738,254384,61,290260
8801,0.033185,172.31.40.0-255,66,254450,61,290260
8802,0.035262,74.125.24.0-255,5738,260188,61,290260
8803,0.035279,172.31.40.0-255,66,260254,61,290260
8804,0.037346,74.125.24.0-255,5738,265992,61,290260
8805,0.037352,172.31.40.0-255,66,266058,61,290260
8806,0.039409,74.125.24.0-255,5738,271796,61,290260
8807,0.039415,172.31.40.0-255,66,271862,61,290260
8808,0.041464,74.125.24.0-255,5738,277600,61,290260
8809,0.041474,172.31.40.0-255,66,277666,61,290260
8810,0.043513,74.125.24.0-255,5738,283404,61,290260
8811,0.043521,172.31.40.0-255,66,283470,61,290260
8812,0.045564,74.125.24.0-255,5738,289208,61,290260
8813,0.045571,172.31.40.0-255,66,289274,61,290260
8814,0.047596,74.125.24.0-255,749,290023,61,290260
8815,0.047719,172.31.40.0-255,66,290089,61,290260
8816,0.047757,172.31.40.0-255,105,290194,61,290260
8817,0.049785,74.125.24.0-255,66,290260,61,290260
8818,0.0,74.125.24.0-255,153,153,61,199160
8819,1.6e-05,172.31.40.0-255,66,219,61,199160
8820,2.3e-05,74.125.24.0-255,1484,1703,61,199160
8821,2.8e-05,172.31.40.0-255,66,1769,61,199160
8822,4.5e-05,74.125.24.0-255,2902,4671,61,199160
8823,4.8e-05,172.31.40.0-255,66,4737,61,199160
8824,5.6e-05,74.125.24.0-255,7156,11893,61,199160
8825,6e-05,172.31.40.0-255,66,11959,61,199160
8826,6.4e-05,74.125.24.0-255,2101,14060,61,199160
8827,6.7e-05,172.31.40.0-255,66,14126,61,199160
8828,0.00054,74.125.24.0-255,1484,15610,61,199160
8829,0.000546,172.31.40.0-255,66,15676,61,199160
8830,0.000555,74.125.24.0-255,2902,18578,61,199160
8831,0.000558,172.31.40.0-255,66,18644,61,199160
8832,0.000589,74.125.24.0-255,5738,24382,61,199160
8833,0.000592,172.31.40.0-255,66,24448,61,199160
8834,0.000635,172.31.40.0-255,66,24514,61,199160
8835,0.000655,74.125.24.0-255,4320,28834,61,199160
8836,0.000657,172.31.40.0-255,66,28900,61,199160
8837,0.000676,74.125.24.0-255,7156,36056,61,199160
8838,0.000679,172.31.40.0-255,66,36122,61,199160
8839,0.000682,74.125.24.0-255,1125,37247,61,199160
8840,0.000685,172.31.40.0-255,66,37313,61,199160
8841,0.001316,74.125.24.0-255,1484,38797,61,199160
8842,0.001323,172.31.40.0-255,66,38863,61,199160
8843,0.001331,74.125.24.0-255,2902,41765,61,199160
8844,0.001334,172.31.40.0-255,66,41831,61,199160
8845,0.00134,74.125.24.0-255,5738,47569,61,199160
8846,0.001342,172.31.40.0-255,66,47635,61,199160
8847,0.001371,74.125.24.0-255,1484,49119,61,199160
8848,0.001374,172.31.40.0-255,66,49185,61,199160
8849,0.001396,74.125.24.0-255,5959,55144,61,199160
8850,0.001399,172.31.40.0-255,66,55210,61,199160
8851,0.001406,74.125.24.0-255,5738,60948,61,199160
8852,0.001408,172.31.40.0-255,66,61014,61,199160
8853,0.001433,74.125.24.0-255,2902,63916,61,199160
8854,0.001435,172.31.40.0-255,66,63982,61,199160
8855,0.001451,172.31.40.0-255,66,64048,61,199160
8856,0.001474,74.125.24.0-255,4320,68368,61,199160
8857,0.001477,172.31.40.0-255,66,68434,61,199160
8858,0.001484,74.125.24.0-255,6438,74872,61,199160
8859,0.001487,172.31.40.0-255,66,74938,61,199160
8860,0.003879,74.125.24.0-255,5738,80676,61,199160
8861,0.003887,172.31.40.0-255,66,80742,61,199160
8862,0.00625,74.125.24.0-255,5738,86480,61,199160
8863,0.006258,172.31.40.0-255,66,86546,61,199160
8864,0.008621,74.125.24.0-255,5738,92284,61,199160
8865,0.00863,172.31.40.0-255,66,92350,61,199160
8866,0.011064,74.125.24.0-255,5738,98088,61,199160
8867,0.011072,172.31.40.0-255,66,98154,61,199160
8868,0.013505,74.125.24.0-255,5738,103892,61,199160
8869,0.013514,172.31.40.0-255,66,103958,61,199160
8870,0.015908,74.125.24.0-255,5738,109696,61,199160
8871,0.015919,172.31.40.0-255,66,109762,61,199160
8872,0.018322,74.125.24.0-255,5738,115500,61,199160
8873,0.018331,172.31.40.0-255,66,115566,61,199160
8874,0.020731,74.125.24.0-255,5738,121304,61,199160
8875,0.02074,172.31.40.0-255,66,121370,61,199160
8876,0.023145,74.125.24.0-255,5738,127108,61,199160
8877,0.023155,172.31.40.0-255,66,127174,61,199160
8878,0.025548,74.125.24.0-255,5738,132912,61,199160
8879,0.025572,172.31.40.0-255,66,132978,61,199160
8880,0.027991,74.125.24.0-255,5738,138716,61,199160
8881,0.028011,172.31.40.0-255,66,138782,61,199160
8882,0.030382,74.125.24.0-255,5738,144520,61,199160
8883,0.030393,172.31.40.0-255,66,144586,61,199160
8884,0.031241,172.31.40.0-255,191,144777,61,199160
8885,0.031275,172.31.40.0-255,1145,145922,61,199160
8886,0.031351,172.31.40.0-255,1514,147436,61,199160
8887,0.031353,172.31.40.0-255,1514,148950,61,199160
8888,0.031358,172.31.40.0-255,1514,150464,61,199160
8889,0.031359,172.31.40.0-255,1514,151978,61,199160
8890,0.031378,172.31.40.0-255,312,152290,61,199160
8891,0.03276,74.125.24.0-255,5738,158028,61,199160
8892,0.032774,172.31.40.0-255,66,158094,61,199160
8893,0.032782,104.244.42.0-255,66,158160,61,199160
8894,0.032793,104.244.42.0-255,66,158226,61,199160
8895,0.032911,104.244.42.0-255,66,158292,61,199160
8896,0.032918,104.244.42.0-255,66,158358,61,199160
8897,0.033539,104.244.42.0-255,108,158466,61,199160
8898,0.033548,172.31.40.0-255,66,158532,61,199160
8899,0.035129,74.125.24.0-255,5738,164270,61,199160
8900,0.035135,172.31.40.0-255,66,164336,61,199160
8901,0.037505,74.125.24.0-255,5738,170074,61,199160
8902,0.037512,172.31.40.0-255,66,170140,61,199160
8903,0.039913,74.125.24.0-255,5738,175878,61,199160
8904,0.039919,172.31.40.0-255,66,175944,61,199160
8905,0.042314,74.125.24.0-255,5738,181682,61,199160
8906,0.042321,172.31.40.0-255,66,181748,61,199160
8907,0.044704,74.125.24.0-255,5738,187486,61,199160
8908,0.044711,172.31.40.0-255,66,187552,61,199160
8909,0.047134,74.125.24.0-255,5738,193290,61,199160
8910,0.047152,172.31.40.0-255,66,193356,61,199160
8911,0.049582,74.125.24.0-255,5738,199094,61,199160
8912,0.049597,172.31.40.0-255,66,199160,61,199160
8913,0.0,74.125.68.0-255,146,146,61,353221
8914,2.1e-05,172.31.40.0-255,66,212,61,353221
8915,4.5e-05,74.125.68.0-255,1484,1696,61,353221
8916,4.9e-05,172.31.40.0-255,66,1762,61,353221
8917,7e-05,74.125.68.0-255,2902,4664,61,353221
8918,7.3e-05,172.31.40.0-255,66,4730,61,353221
8919,0.0001,74.125.68.0-255,5738,10468,61,353221
8920,0.000103,172.31.40.0-255,66,10534,61,353221
8921,0.000127,74.125.68.0-255,1484,12018,61,353221
8922,0.000129,172.31.40.0-255,66,12084,61,353221
8923,0.000152,74.125.68.0-255,4973,17057,61,353221
8924,0.000155,172.31.40.0-255,66,17123,61,353221
8925,0.000162,74.125.68.0-255,5738,22861,61,353221
8926,0.000164,172.31.40.0-255,66,22927,61,353221
8927,0.000183,74.125.68.0-255,2902,25829,61,353221
8928,0.000186,172.31.40.0-255,66,25895,61,353221
8929,0.00021,74.125.68.0-255,5379,31274,61,353221
8930,0.000214,172.31.40.0-255,66,31340,61,353221
8931,0.000284,74.125.68.0-255,1484,32824,61,353221
8932,0.000288,172.31.40.0-255,66,32890,61,353221
8933,0.000305,74.125.68.0-255,2902,35792,61,353221
8934,0.000308,172.31.40.0-255,66,35858,61,353221
8935,0.000332,74.125.68.0-255,5738,41596,61,353221
8936,0.000335,172.31.40.0-255,66,41662,61,353221
8937,0.00034,74.125.68.0-255,2902,44564,61,353221
8938,0.000342,172.31.40.0-255,66,44630,61,353221
8939,0.000346,74.125.68.0-255,1484,46114,61,353221
8940,0.000348,172.31.40.0-255,66,46180,61,353221
8941,0.000362,74.125.68.0-255,2543,48723,61,353221
8942,0.000364,172.31.40.0-255,66,48789,61,353221
8943,0.000384,74.125.68.0-255,1484,50273,61,353221
8944,0.000387,172.31.40.0-255,66,50339,61,353221
8945,0.000408,74.125.68.0-255,4320,54659,61,353221
8946,0.000411,172.31.40.0-255,66,54725,61,353221
8947,0.000418,74.125.68.0-255,7156,61881,61,353221
8948,0.000421,172.31.40.0-255,66,61947,61,353221
8949,0.000442,74.125.68.0-255,4236,66183,61,353221
8950,0.000444,172.31.40.0-255,66,66249,61,353221
8951,0.000467,74.125.68.0-255,412,66661,61,353221
8952,0.000699,74.125.68.0-255,1484,68145,61,353221
8953,0.000703,172.31.40.0-255,66,68211,61,353221
8954,0.000709,74.125.68.0-255,2902,71113,61,353221
8955,0.000712,172.31.40.0-255,66,71179,61,353221
8956,0.000742,74.125.68.0-255,5738,76917,61,353221
8957,0.000745,172.31.40.0-255,66,76983,61,353221
8958,0.00075,74.125.68.0-255,4320,81303,61,353221
8959,0.000752,172.31.40.0-255,66,81369,61,353221
8960,0.000758,74.125.68.0-255,4320,85689,61,353221
8961,0.00076,172.31.40.0-255,66,85755,61,353221
8962,0.000777,74.125.68.0-255,1484,87239,61,353221
8963,0.000794,74.125.68.0-255,5738,92977,61,353221
8964,0.000797,172.31.40.0-255,66,93043,61,353221
8965,0.000815,74.125.68.0-255,5738,98781,61,353221
8966,0.000818,172.31.40.0-255,66,98847,61,353221
8967,0.000821,74.125.68.0-255,1484,100331,61,353221
8968,0.000824,74.125.68.0-255,766,101097,61,353221
8969,0.000825,172.31.40.0-255,66,101163,61,353221
8970,0.001199,74.125.68.0-255,1484,102647,61,353221
8971,0.001205,74.125.68.0-255,2902,105549,61,353221
8972,0.001211,172.31.40.0-255,66,105615,61,353221
8973,0.001227,74.125.68.0-255,5738,111353,61,353221
8974,0.00123,172.31.40.0-255,66,111419,61,353221
8975,0.001267,74.125.68.0-255,2902,114321,61,353221
8976,0.00127,172.31.40.0-255,66,114387,61,353221
8977,0.001294,74.125.68.0-255,7156,121543,61,353221
8978,0.001297,172.31.40.0-255,66,121609,61,353221
8979,0.001339,74.125.68.0-255,4320,125929,61,353221
8980,0.001341,172.31.40.0-255,66,125995,61,353221
8981,0.001346,74.125.68.0-255,2902,128897,61,353221
8982,0.001348,172.31.40.0-255,66,128963,61,353221
8983,0.00136,74.125.68.0-255,1484,130447,61,353221
8984,0.001365,74.125.68.0-255,2902,133349,61,353221
8985,0.001367,172.31.40.0-255,66,133415,61,353221
8986,0.001386,74.125.68.0-255,2184,135599,61,353221
8987,0.00139,172.31.40.0-255,66,135665,61,353221
8988,0.00146,74.125.68.0-255,1484,137149,61,353221
8989,0.001478,74.125.68.0-255,2902,140051,61,353221
8990,0.001481,172.31.40.0-255,66,140117,61,353221
8991,0.001492,74.125.68.0-255,1484,141601,61,353221
8992,0.001507,74.125.68.0-255,4320,145921,61,353221
8993,0.001509,172.31.40.0-255,66,145987,61,353221
8994,0.001533,74.125.68.0-255,7156,153143,61,353221
8995,0.001538,172.31.40.0-255,66,153209,61,353221
8996,0.001568,74.125.68.0-255,5738,158947,61,353221
8997,0.001571,172.31.40.0-255,66,159013,61,353221
8998,0.001595,74.125.68.0-255,7156,166169,61,353221
8999,0.001597,172.31.40.0-255,66,166235,61,353221
9000,0.001629,74.125.68.0-255,3602,169837,61,353221
9001,0.001632,172.31.40.0-255,66,169903,61,353221
9002,0.001839,74.125.68.0-255,1484,171387,61,353221
9003,0.001859,74.125.68.0-255,2902,174289,61,353221
9004,0.001863,172.31.40.0-255,66,174355,61,353221
9005,0.001867,74.125.68.0-255,1484,175839,61,353221
9006,0.00189,74.125.68.0-255,2902,178741,61,353221
9007,0.001893,172.31.40.0-255,66,178807,61,353221
9008,0.001917,74.125.68.0-255,5738,184545,61,353221
9009,0.001919,172.31.40.0-255,66,184611,61,353221
9010,0.001925,74.125.68.0-255,5738,190349,61,353221
9011,0.001927,172.31.40.0-255,66,190415,61,353221
9012,0.001931,74.125.68.0-255,2902,193317,61,353221
9013,0.001933,172.31.40.0-255,66,193383,61,353221
9014,0.001955,74.125.68.0-255,4320,197703,61,353221
9015,0.001957,172.31.40.0-255,66,197769,61,353221
9016,0.001964,74.125.68.0-255,6438,204207,61,353221
9017,0.001966,172.31.40.0-255,66,204273,61,353221
9018,0.002113,74.125.68.0-255,1484,205757,61,353221
9019,0.002119,74.125.68.0-255,2902,208659,61,353221
9020,0.002122,172.31.40.0-255,66,208725,61,353221
9021,0.002143,74.125.68.0-255,5738,214463,61,353221
9022,0.002146,172.31.40.0-255,66,214529,61,353221
9023,0.002173,172.31.40.0-255,66,214595,61,353221
9024,0.002189,74.125.68.0-255,2902,217497,61,353221
9025,0.002193,172.31.40.0-255,66,217563,61,353221
9026,0.002208,74.125.68.0-255,7156,224719,61,353221
9027,0.00221,172.31.40.0-255,66,224785,61,353221
9028,0.002214,74.125.68.0-255,2902,227687,61,353221
9029,0.002216,172.31.40.0-255,66,227753,61,353221
9030,0.002241,74.125.68.0-255,2184,229937,61,353221
9031,0.002243,172.31.40.0-255,66,230003,61,353221
9032,0.00225,74.125.68.0-255,5738,235741,61,353221
9033,0.002261,172.31.40.0-255,66,235807,61,353221
9034,0.002309,74.125.68.0-255,1484,237291,61,353221
9035,0.002325,74.125.68.0-255,5020,242311,61,353221
9036,0.002392,74.125.68.0-255,1484,243795,61,353221
9037,0.002413,74.125.68.0-255,2902,246697,61,353221
9038,0.002431,74.125.68.0-255,4320,251017,61,353221
9039,0.002459,74.125.68.0-255,4320,255337,61,353221
9040,0.002482,74.125.68.0-255,4320,259657,61,353221
9041,0.002487,74.125.68.0-255,5738,265395,61,353221
9042,0.002509,74.125.68.0-255,5738,271133,61,353221
9043,0.002523,74.125.68.0-255,1484,272617,61,353221
9044,0.002539,74.125.68.0-255,3602,276219,61,353221
9045,0.013786,74.125.68.0-255,1484,277703,61,353221
9046,0.015676,172.31.40.0-255,66,277769,61,353221
9047,0.018193,74.125.68.0-255,5738,283507,61,353221
9048,0.018202,172.31.40.0-255,66,283573,61,353221
9049,0.020716,74.125.68.0-255,5738,289311,61,353221
9050,0.020727,172.31.40.0-255,66,289377,61,353221
9051,0.023242,74.125.68.0-255,5738,295115,61,353221
9052,0.023252,172.31.40.0-255,66,295181,61,353221
9053,0.025788,74.125.68.0-255,5738,300919,61,353221
9054,0.025799,172.31.40.0-255,66,300985,61,353221
9055,0.028312,74.125.68.0-255,5738,306723,61,353221
9056,0.028321,172.31.40.0-255,66,306789,61,353221
9057,0.030823,74.125.68.0-255,5738,312527,61,353221
9058,0.03083,172.31.40.0-255,66,312593,61,353221
9059,0.03337,74.125.68.0-255,5738,318331,61,353221
9060,0.033386,172.31.40.0-255,66,318397,61,353221
9061,0.035963,74.125.68.0-255,5738,324135,61,353221
9062,0.03597,172.31.40.0-255,66,324201,61,353221
9063,0.038474,74.125.68.0-255,5738,329939,61,353221
9064,0.038485,172.31.40.0-255,66,330005,61,353221
9065,0.041001,74.125.68.0-255,5738,335743,61,353221
9066,0.041026,172.31.40.0-255,66,335809,61,353221
9067,0.043526,74.125.68.0-255,5738,341547,61,353221
9068,0.043533,172.31.40.0-255,66,341613,61,353221
9069,0.046038,74.125.68.0-255,5738,347351,61,353221
9070,0.046047,172.31.40.0-255,66,347417,61,353221
9071,0.048556,74.125.68.0-255,5738,353155,61,353221
9072,0.048565,172.31.40.0-255,66,353221,61,353221
9073,0.0,172.217.194.0-255,291,291,61,157328
9074,2.1e-05,172.31.40.0-255,66,357,61,157328
9075,2.7e-05,172.217.194.0-255,1484,1841,61,157328
9076,3.2e-05,172.31.40.0-255,66,1907,61,157328
9077,3.9e-05,172.217.194.0-255,4320,6227,61,157328
9078,4.3e-05,172.31.40.0-255,66,6293,61,157328
9079,6.3e-05,172.31.40.0-255,66,6359,61,157328
9080,0.000368,172.217.194.0-255,1484,7843,61,157328
9081,0.000375,172.31.40.0-255,66,7909,61,157328
9082,0.000381,172.217.194.0-255,2902,10811,61,157328
9083,0.000383,172.31.40.0-255,66,10877,61,157328
9084,0.000389,172.217.194.0-255,4320,15197,61,157328
9085,0.000397,172.31.40.0-255,66,15263,61,157328
9086,0.000422,172.217.194.0-255,1484,16747,61,157328
9087,0.000425,172.31.40.0-255,66,16813,61,157328
9088,0.000431,172.217.194.0-255,5738,22551,61,157328
9089,0.000434,172.31.40.0-255,66,22617,61,157328
9090,0.000476,172.31.40.0-255,66,22683,61,157328
9091,0.000492,172.31.40.0-255,66,22749,61,157328
9092,0.000499,172.217.194.0-255,4320,27069,61,157328
9093,0.000502,172.31.40.0-255,66,27135,61,157328
9094,0.000537,172.31.40.0-255,66,27201,61,157328
9095,0.00054,172.217.194.0-255,99,27300,61,157328
9096,0.000543,172.31.40.0-255,66,27366,61,157328
9097,0.000709,172.217.194.0-255,1484,28850,61,157328
9098,0.000714,172.31.40.0-255,66,28916,61,157328
9099,0.00072,172.217.194.0-255,2902,31818,61,157328
9100,0.000722,172.31.40.0-255,66,31884,61,157328
9101,0.000725,172.217.194.0-255,1484,33368,61,157328
9102,0.000757,172.217.194.0-255,4320,37688,61,157328
9103,0.00076,172.31.40.0-255,66,37754,61,157328
9104,0.000765,172.217.194.0-255,4320,42074,61,157328
9105,0.000768,172.31.40.0-255,66,42140,61,157328
9106,0.000785,172.31.40.0-255,66,42206,61,157328
9107,0.00083,172.31.40.0-255,66,42272,61,157328
9108,0.001488,172.217.194.0-255,1484,43756,61,157328
9109,0.001494,172.217.194.0-255,2902,46658,61,157328
9110,0.001498,172.31.40.0-255,66,46724,61,157328
9111,0.001502,172.217.194.0-255,1484,48208,61,157328
9112,0.00153,172.217.194.0-255,4320,52528,61,157328
9113,0.001532,172.31.40.0-255,66,52594,61,157328
9114,0.00155,172.31.40.0-255,66,52660,61,157328
9115,0.001585,172.31.40.0-255,66,52726,61,157328
9116,0.001932,172.217.194.0-255,1484,54210,61,157328
9117,0.001938,172.217.194.0-255,2902,57112,61,157328
9118,0.001942,172.31.40.0-255,66,57178,61,157328
9119,0.001949,172.217.194.0-255,5738,62916,61,157328
9120,0.001951,172.31.40.0-255,66,62982,61,157328
9121,0.001992,172.31.40.0-255,66,63048,61,157328
9122,0.002002,172.217.194.0-255,1484,64532,61,157328
9123,0.002024,172.31.40.0-255,66,64598,61,157328
9124,0.002057,172.217.194.0-255,3602,68200,61,157328
9125,0.002059,172.31.40.0-255,66,68266,61,157328
9126,0.002076,172.31.40.0-255,66,68332,61,157328
9127,0.00208,172.217.194.0-255,1484,69816,61,157328
9128,0.002119,172.31.40.0-255,66,69882,61,157328
9129,0.002145,172.217.194.0-255,1484,71366,61,157328
9130,0.00215,172.217.194.0-255,2902,74268,61,157328
9131,0.002152,172.31.40.0-255,66,74334,61,157328
9132,0.002182,172.217.194.0-255,5738,80072,61,157328
9133,0.002184,172.31.40.0-255,66,80138,61,157328
9134,0.002192,172.217.194.0-255,7156,87294,61,157328
9135,0.002194,172.31.40.0-255,66,87360,61,157328
9136,0.002206,172.217.194.0-255,7156,94516,61,157328
9137,0.002208,172.31.40.0-255,66,94582,61,157328
9138,0.002242,172.217.194.0-255,7156,101738,61,157328
9139,0.002245,172.31.40.0-255,66,101804,61,157328
9140,0.002249,172.217.194.0-255,2184,103988,61,157328
9141,0.002252,172.31.40.0-255,66,104054,61,157328
9142,0.002276,172.217.194.0-255,1484,105538,61,157328
9143,0.002282,172.217.194.0-255,2902,108440,61,157328
9144,0.002284,172.31.40.0-255,66,108506,61,157328
9145,0.002287,172.217.194.0-255,1484,109990,61,157328
9146,0.002316,172.217.194.0-255,4320,114310,61,157328
9147,0.002319,172.31.40.0-255,66,114376,61,157328
9148,0.002341,172.31.40.0-255,66,114442,61,157328
9149,0.002353,172.31.40.0-255,66,114508,61,157328
9150,0.002366,172.217.194.0-255,766,115274,61,157328
9151,0.002412,172.217.194.0-255,1484,116758,61,157328
9152,0.002415,172.31.40.0-255,66,116824,61,157328
9153,0.002418,172.217.194.0-255,1484,118308,61,157328
9154,0.002441,172.217.194.0-255,2902,121210,61,157328
9155,0.002444,172.31.40.0-255,66,121276,61,157328
9156,0.002451,172.217.194.0-255,7156,128432,61,157328
9157,0.002454,172.31.40.0-255,66,128498,61,157328
9158,0.00253,172.31.40.0-255,66,128564,61,157328
9159,0.002536,172.217.194.0-255,5020,133584,61,157328
9160,0.002538,172.31.40.0-255,66,133650,61,157328
9161,0.002572,172.217.194.0-255,1484,135134,61,157328
9162,0.002577,172.217.194.0-255,2902,138036,61,157328
9163,0.002579,172.31.40.0-255,66,138102,61,157328
9164,0.0026,172.217.194.0-255,4320,142422,61,157328
9165,0.002603,172.31.40.0-255,66,142488,61,157328
9166,0.002632,172.31.40.0-255,66,142554,61,157328
9167,0.002677,172.31.40.0-255,66,142620,61,157328
9168,0.00269,172.31.40.0-255,66,142686,61,157328
9169,0.002722,172.31.40.0-255,66,142752,61,157328
9170,0.00274,172.31.40.0-255,66,142818,61,157328
9171,0.002767,172.217.194.0-255,5738,148556,61,157328
9172,0.00277,172.31.40.0-255,66,148622,61,157328
9173,0.002823,172.31.40.0-255,66,148688,61,157328
9174,0.002869,172.31.40.0-255,66,148754,61,157328
9175,0.002873,172.217.194.0-255,136,148890,61,157328
9176,0.016444,172.31.40.0-255,66,148956,61,157328
9177,0.016498,172.31.40.0-255,105,149061,61,157328
9178,0.019018,172.217.194.0-255,66,149127,61,157328
9179,0.035724,172.31.40.0-255,172,149299,61,157328
9180,0.035756,172.31.40.0-255,1115,150414,61,157328
9181,0.036597,172.31.40.0-255,1514,151928,61,157328
9182,0.036669,172.31.40.0-255,1514,153442,61,157328
9183,0.036671,172.31.40.0-255,1514,154956,61,157328
9184,0.036729,172.31.40.0-255,1514,156470,61,157328
9185,0.036733,172.31.40.0-255,528,156998,61,157328
9186,0.037292,104.244.42.0-255,66,157064,61,157328
9187,0.037303,104.244.42.0-255,66,157130,61,157328
9188,0.03823,104.244.42.0-255,66,157196,61,157328
9189,0.038316,104.244.42.0-255,66,157262,61,157328
9190,0.038336,104.244.42.0-255,66,157328,61,157328
9191,0.0,172.31.40.0-255,105,105,61,105
9192,0.0,74.125.24.0-255,153,153,61,255755
9193,2.9e-05,172.31.40.0-255,66,219,61,255755
9194,3.7e-05,74.125.24.0-255,1484,1703,61,255755
9195,4.2e-05,172.31.40.0-255,66,1769,61,255755
9196,5.5e-05,74.125.24.0-255,2902,4671,61,255755
9197,5.9e-05,172.31.40.0-255,66,4737,61,255755
9198,6.7e-05,74.125.24.0-255,7156,11893,61,255755
9199,6.9e-05,172.31.40.0-255,66,11959,61,255755
9200,7.4e-05,74.125.24.0-255,2091,14050,61,255755
9201,7.6e-05,172.31.40.0-255,66,14116,61,255755
9202,0.000118,74.125.24.0-255,4320,18436,61,255755
9203,0.000121,172.31.40.0-255,66,18502,61,255755
9204,0.000149,74.125.24.0-255,1484,19986,61,255755
9205,0.000151,172.31.40.0-255,66,20052,61,255755
9206,0.000158,74.125.24.0-255,7156,27208,61,255755
9207,0.000161,172.31.40.0-255,66,27274,61,255755
9208,0.000171,74.125.24.0-255,3961,31235,61,255755
9209,0.000174,172.31.40.0-255,66,31301,61,255755
9210,0.000255,74.125.24.0-255,1484,32785,61,255755
9211,0.000258,172.31.40.0-255,66,32851,61,255755
9212,0.000263,74.125.24.0-255,2902,35753,61,255755
9213,0.000265,172.31.40.0-255,66,35819,61,255755
9214,0.000295,74.125.24.0-255,5738,41557,61,255755
9215,0.000298,172.31.40.0-255,66,41623,61,255755
9216,0.000305,74.125.24.0-255,5738,47361,61,255755
9217,0.000307,172.31.40.0-255,66,47427,61,255755
9218,0.000339,172.31.40.0-255,66,47493,61,255755
9219,0.000376,172.31.40.0-255,66,47559,61,255755
9220,0.000484,74.125.24.0-255,332,47891,61,255755
9221,0.000488,172.31.40.0-255,66,47957,61,255755
9222,0.000781,74.125.24.0-255,1484,49441,61,255755
9223,0.000789,74.125.24.0-255,2902,52343,61,255755
9224,0.000793,172.31.40.0-255,66,52409,61,255755
9225,0.000801,74.125.24.0-255,5738,58147,61,255755
9226,0.000804,172.31.40.0-255,66,58213,61,255755
9227,0.000809,74.125.24.0-255,4320,62533,61,255755
9228,0.000817,172.31.40.0-255,66,62599,61,255755
9229,0.000843,74.125.24.0-255,2902,65501,61,255755
9230,0.000869,172.31.40.0-255,66,65567,61,255755
9231,0.000872,172.31.40.0-255,66,65633,61,255755
9232,0.000878,74.125.24.0-255,4320,69953,61,255755
9233,0.00088,172.31.40.0-255,66,70019,61,255755
9234,0.000889,74.125.24.0-255,2184,72203,61,255755
9235,0.000891,172.31.40.0-255,66,72269,61,255755
9236,0.00135,74.125.24.0-255,1484,73753,61,255755
9237,0.001377,74.125.24.0-255,2902,76655,61,255755
9238,0.001381,172.31.40.0-255,66,76721,61,255755
9239,0.001388,74.125.24.0-255,5738,82459,61,255755
9240,0.001391,172.31.40.0-255,66,82525,61,255755
9241,0.001403,74.125.24.0-255,5738,88263,61,255755
9242,0.001405,172.31.40.0-255,66,88329,61,255755
9243,0.001437,74.125.24.0-255,7156,95485,61,255755
9244,0.001444,172.31.40.0-255,66,95551,61,255755
9245,0.001457,172.31.40.0-255,66,95617,61,255755
9246,0.002294,74.125.24.0-255,1484,97101,61,255755
9247,0.002305,74.125.24.0-255,2902,100003,61,255755
9248,0.002309,172.31.40.0-255,66,100069,61,255755
9249,0.002317,74.125.24.0-255,5738,105807,61,255755
9250,0.002319,172.31.40.0-255,66,105873,61,255755
9251,0.002323,74.125.24.0-255,2902,108775,61,255755
9252,0.002331,172.31.40.0-255,66,108841,61,255755
9253,0.002364,74.125.24.0-255,7156,115997,61,255755
9254,0.002367,172.31.40.0-255,66,116063,61,255755
9255,0.002379,74.125.24.0-255,2902,118965,61,255755
9256,0.002381,172.31.40.0-255,66,119031,61,255755
9257,0.002419,172.31.40.0-255,66,119097,61,255755
9258,0.002471,172.31.40.0-255,66,119163,61,255755
9259,0.002492,74.125.24.0-255,1484,120647,61,255755
9260,0.002499,74.125.24.0-255,7156,127803,61,255755
9261,0.002501,172.31.40.0-255,66,127869,61,255755
9262,0.002515,172.31.40.0-255,66,127935,61,255755
9263,0.002541,74.125.24.0-255,1484,129419,61,255755
9264,0.002546,74.125.24.0-255,2902,132321,61,255755
9265,0.002549,172.31.40.0-255,66,132387,61,255755
9266,0.002554,74.125.24.0-255,4320,136707,61,255755
9267,0.002556,172.31.40.0-255,66,136773,61,255755
9268,0.002573,74.125.24.0-255,1484,138257,61,255755
9269,0.002583,74.125.24.0-255,5738,143995,61,255755
9270,0.002587,172.31.40.0-255,66,144061,61,255755
9271,0.002607,74.125.24.0-255,7156,151217,61,255755
9272,0.00261,172.31.40.0-255,66,151283,61,255755
9273,0.005187,74.125.24.0-255,5738,157021,61,255755
9274,0.005193,172.31.40.0-255,66,157087,61,255755
9275,0.007766,74.125.24.0-255,5738,162825,61,255755
9276,0.007772,172.31.40.0-255,66,162891,61,255755
9277,0.010356,74.125.24.0-255,5738,168629,61,255755
9278,0.010372,172.31.40.0-255,66,168695,61,255755
9279,0.01296,74.125.24.0-255,5738,174433,61,255755
9280,0.012979,172.31.40.0-255,66,174499,61,255755
9281,0.015549,74.125.24.0-255,5738,180237,61,255755
9282,0.015556,172.31.40.0-255,66,180303,61,255755
9283,0.018129,74.125.24.0-255,5738,186041,61,255755
9284,0.018138,172.31.40.0-255,66,186107,61,255755
9285,0.020713,74.125.24.0-255,5738,191845,61,255755
9286,0.020723,172.31.40.0-255,66,191911,61,255755
9287,0.023279,74.125.24.0-255,5738,197649,61,255755
9288,0.023305,172.31.40.0-255,66,197715,61,255755
9289,0.025878,74.125.24.0-255,5738,203453,61,255755
9290,0.025893,172.31.40.0-255,66,203519,61,255755
9291,0.028476,74.125.24.0-255,5738,209257,61,255755
9292,0.028492,172.31.40.0-255,66,209323,61,255755
9293,0.031047,74.125.24.0-255,5738,215061,61,255755
9294,0.031055,172.31.40.0-255,66,215127,61,255755
9295,0.033636,74.125.24.0-255,5738,220865,61,255755
9296,0.033644,172.31.40.0-255,66,220931,61,255755
9297,0.036209,74.125.24.0-255,5738,226669,61,255755
9298,0.03622,172.31.40.0-255,66,226735,61,255755
9299,0.038806,74.125.24.0-255,5738,232473,61,255755
9300,0.038823,172.31.40.0-255,66,232539,61,255755
9301,0.041402,74.125.24.0-255,5738,238277,61,255755
9302,0.041416,172.31.40.0-255,66,238343,61,255755
9303,0.043992,74.125.24.0-255,5738,244081,61,255755
9304,0.044012,172.31.40.0-255,66,244147,61,255755
9305,0.046589,74.125.24.0-255,5738,249885,61,255755
9306,0.046606,172.31.40.0-255,66,249951,61,255755
9307,0.04918,74.125.24.0-255,5738,255689,61,255755
9308,0.049188,172.31.40.0-255,66,255755,61,255755
9309,0.0,172.217.194.0-255,153,153,61,223253
9310,3.4e-05,172.31.40.0-255,66,219,61,223253
9311,4.1e-05,172.217.194.0-255,1484,1703,61,223253
9312,4.7e-05,172.31.40.0-255,66,1769,61,223253
9313,5.3e-05,172.217.194.0-255,2902,4671,61,223253
9314,5.7e-05,172.31.40.0-255,66,4737,61,223253
9315,6.4e-05,172.217.194.0-255,5738,10475,61,223253
9316,6.7e-05,172.31.40.0-255,66,10541,61,223253
9317,7.9e-05,172.31.40.0-255,66,10607,61,223253
9318,0.000102,172.217.194.0-255,565,11172,61,223253
9319,0.000105,172.31.40.0-255,66,11238,61,223253
9320,0.000117,172.31.40.0-255,66,11304,61,223253
9321,0.000155,172.217.194.0-255,1484,12788,61,223253
9322,0.000157,172.31.40.0-255,66,12854,61,223253
9323,0.00016,172.217.194.0-255,1484,14338,61,223253
9324,0.000162,172.31.40.0-255,66,14404,61,223253
9325,0.000178,172.217.194.0-255,1484,15888,61,223253
9326,0.00018,172.31.40.0-255,66,15954,61,223253
9327,0.000187,172.217.194.0-255,5738,21692,61,223253
9328,0.000189,172.31.40.0-255,66,21758,61,223253
9329,0.000196,172.217.194.0-255,6797,28555,61,223253
9330,0.000199,172.31.40.0-255,66,28621,61,223253
9331,0.000244,172.31.40.0-255,66,28687,61,223253
9332,0.000248,172.217.194.0-255,2836,31523,61,223253
9333,0.00025,172.31.40.0-255,66,31589,61,223253
9334,0.000324,172.217.194.0-255,98,31687,61,223253
9335,0.000328,172.31.40.0-255,66,31753,61,223253
9336,0.000343,172.217.194.0-255,361,32114,61,223253
9337,0.000346,172.31.40.0-255,66,32180,61,223253
9338,0.000692,172.217.194.0-255,1484,33664,61,223253
9339,0.000699,172.217.194.0-255,2902,36566,61,223253
9340,0.000702,172.31.40.0-255,66,36632,61,223253
9341,0.000725,172.217.194.0-255,5738,42370,61,223253
9342,0.000727,172.31.40.0-255,66,42436,61,223253
9343,0.000755,172.217.194.0-255,7156,49592,61,223253
9344,0.000758,172.31.40.0-255,66,49658,61,223253
9345,0.00077,172.217.194.0-255,2902,52560,61,223253
9346,0.000773,172.31.40.0-255,66,52626,61,223253
9347,0.000775,172.217.194.0-255,1484,54110,61,223253
9348,0.000811,172.31.40.0-255,66,54176,61,223253
9349,0.000814,172.217.194.0-255,2184,56360,61,223253
9350,0.000816,172.31.40.0-255,66,56426,61,223253
9351,0.00082,172.217.194.0-255,2902,59328,61,223253
9352,0.000822,172.31.40.0-255,66,59394,61,223253
9353,0.000825,172.217.194.0-255,1484,60878,61,223253
9354,0.000843,172.217.194.0-255,5738,66616,61,223253
9355,0.000845,172.31.40.0-255,66,66682,61,223253
9356,0.000866,172.217.194.0-255,7156,73838,61,223253
9357,0.000868,172.31.40.0-255,66,73904,61,223253
9358,0.000893,172.217.194.0-255,5738,79642,61,223253
9359,0.000896,172.31.40.0-255,66,79708,61,223253
9360,0.000935,172.31.40.0-255,66,79774,61,223253
9361,0.000941,172.217.194.0-255,766,80540,61,223253
9362,0.000944,172.217.194.0-255,1484,82024,61,223253
9363,0.000946,172.31.40.0-255,66,82090,61,223253
9364,0.000966,172.217.194.0-255,4320,86410,61,223253
9365,0.000968,172.31.40.0-255,66,86476,61,223253
9366,0.000996,172.31.40.0-255,66,86542,61,223253
9367,0.001031,172.217.194.0-255,4320,90862,61,223253
9368,0.001034,172.31.40.0-255,66,90928,61,223253
9369,0.001048,172.217.194.0-255,5738,96666,61,223253
9370,0.00105,172.31.40.0-255,66,96732,61,223253
9371,0.001061,172.31.40.0-255,66,96798,61,223253
9372,0.001063,172.217.194.0-255,1484,98282,61,223253
9373,0.001095,172.31.40.0-255,66,98348,61,223253
9374,0.001214,172.217.194.0-255,1484,99832,61,223253
9375,0.001226,172.217.194.0-255,2902,102734,61,223253
9376,0.001229,172.31.40.0-255,66,102800,61,223253
9377,0.001232,172.217.194.0-255,1484,104284,61,223253
9378,0.00125,172.217.194.0-255,4320,108604,61,223253
9379,0.001253,172.31.40.0-255,66,108670,61,223253
9380,0.001272,172.217.194.0-255,4320,112990,61,223253
9381,0.001274,172.31.40.0-255,66,113056,61,223253
9382,0.001307,172.31.40.0-255,66,113122,61,223253
9383,0.001311,172.217.194.0-255,4320,117442,61,223253
9384,0.001314,172.31.40.0-255,66,117508,61,223253
9385,0.001319,172.217.194.0-255,5738,123246,61,223253
9386,0.001321,172.31.40.0-255,66,123312,61,223253
9387,0.001342,172.217.194.0-255,766,124078,61,223253
9388,0.001349,172.217.194.0-255,7156,131234,61,223253
9389,0.001351,172.31.40.0-255,66,131300,61,223253
9390,0.001355,172.217.194.0-255,2902,134202,61,223253
9391,0.001357,172.31.40.0-255,66,134268,61,223253
9392,0.001402,172.31.40.0-255,66,134334,61,223253
9393,0.001628,172.217.194.0-255,1484,135818,61,223253
9394,0.001631,172.217.194.0-255,1484,137302,61,223253
9395,0.001636,172.31.40.0-255,66,137368,61,223253
9396,0.001645,172.217.194.0-255,1484,138852,61,223253
9397,0.001651,172.217.194.0-255,5738,144590,61,223253
9398,0.001653,172.31.40.0-255,66,144656,61,223253
9399,0.001683,172.31.40.0-255,66,144722,61,223253
9400,0.001701,172.217.194.0-255,1484,146206,61,223253
9401,0.001707,172.217.194.0-255,4320,150526,61,223253
9402,0.001716,172.31.40.0-255,66,150592,61,223253
9403,0.001735,172.217.194.0-255,4320,154912,61,223253
9404,0.00174,172.31.40.0-255,66,154978,61,223253
9405,0.001758,172.217.194.0-255,5020,159998,61,223253
9406,0.00177,172.31.40.0-255,66,160064,61,223253
9407,0.001812,172.31.40.0-255,66,160130,61,223253
9408,0.001852,172.31.40.0-255,66,160196,61,223253
9409,0.001869,172.217.194.0-255,1484,161680,61,223253
9410,0.001926,172.217.194.0-255,7156,168836,61,223253
9411,0.001938,172.31.40.0-255,66,168902,61,223253
9412,0.001947,172.217.194.0-255,4320,173222,61,223253
9413,0.001964,172.31.40.0-255,66,173288,61,223253
9414,0.002006,172.217.194.0-255,5738,179026,61,223253
9415,0.00202,172.217.194.0-255,5738,184764,61,223253
9416,0.002026,172.31.40.0-255,66,184830,61,223253
9417,0.003995,172.217.194.0-255,5738,190568,61,223253
9418,0.004002,172.31.40.0-255,66,190634,61,223253
9419,0.005962,172.217.194.0-255,5738,196372,61,223253
9420,0.005969,172.31.40.0-255,66,196438,61,223253
9421,0.007951,172.217.194.0-255,5738,202176,61,223253
9422,0.007958,172.31.40.0-255,66,202242,61,223253
9423,0.009928,172.217.194.0-255,5738,207980,61,223253
9424,0.009933,172.31.40.0-255,66,208046,61,223253
9425,0.011902,172.217.194.0-255,5738,213784,61,223253
9426,0.011908,172.31.40.0-255,66,213850,61,223253
9427,0.013897,172.217.194.0-255,1155,215005,61,223253
9428,0.016313,172.31.40.0-255,66,215071,61,223253
9429,0.016354,172.31.40.0-255,105,215176,61,223253
9430,0.018282,172.217.194.0-255,66,215242,61,223253
9431,0.036489,172.31.40.0-255,172,215414,61,223253
9432,0.036543,172.31.40.0-255,1120,216534,61,223253
9433,0.036589,172.31.40.0-255,1514,218048,61,223253
9434,0.036591,172.31.40.0-255,1514,219562,61,223253
9435,0.036599,172.31.40.0-255,1514,221076,61,223253
9436,0.036601,172.31.40.0-255,1514,222590,61,223253
9437,0.036629,172.31.40.0-255,399,222989,61,223253
9438,0.038038,104.244.42.0-255,66,223055,61,223253
9439,0.038085,104.244.42.0-255,66,223121,61,223253
9440,0.038185,104.244.42.0-255,66,223187,61,223253
9441,0.038199,104.244.42.0-255,66,223253,61,223253
9442,0.0,172.217.194.0-255,153,153,61,282683
9443,2.3e-05,172.31.40.0-255,66,219,61,282683
9444,2.9e-05,172.217.194.0-255,1484,1703,61,282683
9445,3.3e-05,172.31.40.0-255,66,1769,61,282683
9446,3.8e-05,172.217.194.0-255,2902,4671,61,282683
9447,5e-05,172.31.40.0-255,66,4737,61,282683
9448,5.6e-05,172.217.194.0-255,5738,10475,61,282683
9449,5.9e-05,172.31.40.0-255,66,10541,61,282683
9450,9.8e-05,172.31.40.0-255,66,10607,61,282683
9451,0.000102,172.217.194.0-255,2902,13509,61,282683
9452,0.000104,172.31.40.0-255,66,13575,61,282683
9453,0.000143,172.217.194.0-255,3961,17536,61,282683
9454,0.000146,172.31.40.0-255,66,17602,61,282683
9455,0.000179,172.217.194.0-255,1484,19086,61,282683
9456,0.000181,172.31.40.0-255,66,19152,61,282683
9457,0.000202,172.217.194.0-255,2902,22054,61,282683
9458,0.000204,172.31.40.0-255,66,22120,61,282683
9459,0.000209,172.217.194.0-255,4320,26440,61,282683
9460,0.000211,172.31.40.0-255,66,26506,61,282683
9461,0.000217,172.217.194.0-255,5738,32244,61,282683
9462,0.00022,172.31.40.0-255,66,32310,61,282683
9463,0.000251,172.217.194.0-255,5379,37689,61,282683
9464,0.000264,172.217.194.0-255,363,38052,61,282683
9465,0.000273,172.31.40.0-255,66,38118,61,282683
9466,0.000276,172.31.40.0-255,66,38184,61,282683
9467,0.000278,172.31.40.0-255,66,38250,61,282683
9468,0.000347,172.217.194.0-255,1484,39734,61,282683
9469,0.00035,172.31.40.0-255,66,39800,61,282683
9470,0.000354,172.217.194.0-255,2902,42702,61,282683
9471,0.000356,172.31.40.0-255,66,42768,61,282683
9472,0.000384,172.217.194.0-255,5738,48506,61,282683
9473,0.000387,172.31.40.0-255,66,48572,61,282683
9474,0.000393,172.217.194.0-255,5738,54310,61,282683
9475,0.000396,172.31.40.0-255,66,54376,61,282683
9476,0.000422,172.217.194.0-255,3961,58337,61,282683
9477,0.000424,172.31.40.0-255,66,58403,61,282683
9478,0.000434,172.31.40.0-255,66,58469,61,282683
9479,0.000441,172.217.194.0-255,1484,59953,61,282683
9480,0.00046,172.217.194.0-255,2543,62496,61,282683
9481,0.000462,172.31.40.0-255,66,62562,61,282683
9482,0.000574,172.217.194.0-255,1484,64046,61,282683
9483,0.000579,172.217.194.0-255,2902,66948,61,282683
9484,0.000582,172.31.40.0-255,66,67014,61,282683
9485,0.000621,172.217.194.0-255,4320,71334,61,282683
9486,0.000624,172.31.40.0-255,66,71400,61,282683
9487,0.000648,172.217.194.0-255,1484,72884,61,282683
9488,0.000663,172.31.40.0-255,66,72950,61,282683
9489,0.000674,172.31.40.0-255,66,73016,61,282683
9490,0.000696,172.217.194.0-255,5738,78754,61,282683
9491,0.000702,172.31.40.0-255,66,78820,61,282683
9492,0.000731,172.217.194.0-255,5738,84558,61,282683
9493,0.000734,172.31.40.0-255,66,84624,61,282683
9494,0.000746,172.31.40.0-255,66,84690,61,282683
9495,0.000756,172.31.40.0-255,66,84756,61,282683
9496,0.001178,172.217.194.0-255,1484,86240,61,282683
9497,0.001186,172.217.194.0-255,2902,89142,61,282683
9498,0.00119,172.31.40.0-255,66,89208,61,282683
9499,0.001197,172.217.194.0-255,5738,94946,61,282683
9500,0.0012,172.31.40.0-255,66,95012,61,282683
9501,0.001205,172.217.194.0-255,4320,99332,61,282683
9502,0.001214,172.31.40.0-255,66,99398,61,282683
9503,0.00122,172.217.194.0-255,4320,103718,61,282683
9504,0.001222,172.31.40.0-255,66,103784,61,282683
9505,0.001264,172.217.194.0-255,7156,110940,61,282683
9506,0.00127,172.31.40.0-255,66,111006,61,282683
9507,0.001281,172.31.40.0-255,66,111072,61,282683
9508,0.001655,172.217.194.0-255,1484,112556,61,282683
9509,0.001663,172.217.194.0-255,2902,115458,61,282683
9510,0.001667,172.31.40.0-255,66,115524,61,282683
9511,0.001674,172.217.194.0-255,5738,121262,61,282683
9512,0.001676,172.31.40.0-255,66,121328,61,282683
9513,0.001724,172.31.40.0-255,66,121394,61,282683
9514,0.001735,172.31.40.0-255,66,121460,61,282683
9515,0.001787,172.217.194.0-255,1484,122944,61,282683
9516,0.001791,172.217.194.0-255,1484,124428,61,282683
9517,0.001794,172.31.40.0-255,66,124494,61,282683
9518,0.001819,172.217.194.0-255,1484,125978,61,282683
9519,0.001825,172.217.194.0-255,5738,131716,61,282683
9520,0.001827,172.31.40.0-255,66,131782,61,282683
9521,0.001832,172.217.194.0-255,4320,136102,61,282683
9522,0.001834,172.31.40.0-255,66,136168,61,282683
9523,0.001904,172.31.40.0-255,66,136234,61,282683
9524,0.001908,172.31.40.0-255,66,136300,61,282683
9525,0.001939,172.217.194.0-255,1484,137784,61,282683
9526,0.001945,172.217.194.0-255,2902,140686,61,282683
9527,0.001948,172.31.40.0-255,66,140752,61,282683
9528,0.001976,172.217.194.0-255,5738,146490,61,282683
9529,0.00198,172.31.40.0-255,66,146556,61,282683
9530,0.001985,172.217.194.0-255,4320,150876,61,282683
9531,0.001988,172.31.40.0-255,66,150942,61,282683
9532,0.00202,172.31.40.0-255,66,151008,61,282683
9533,0.00204,172.31.40.0-255,66,151074,61,282683
9534,0.004073,172.217.194.0-255,5738,156812,61,282683
9535,0.004079,172.31.40.0-255,66,156878,61,282683
9536,0.006118,172.217.194.0-255,5738,162616,61,282683
9537,0.006125,172.31.40.0-255,66,162682,61,282683
9538,0.008149,172.217.194.0-255,5738,168420,61,282683
9539,0.008153,172.31.40.0-255,66,168486,61,282683
9540,0.010179,172.217.194.0-255,5738,174224,61,282683
9541,0.010186,172.31.40.0-255,66,174290,61,282683
9542,0.012221,172.217.194.0-255,5738,180028,61,282683
9543,0.012229,172.31.40.0-255,66,180094,61,282683
9544,0.014306,172.217.194.0-255,5738,185832,61,282683
9545,0.014317,172.31.40.0-255,66,185898,61,282683
9546,0.016362,172.217.194.0-255,5738,191636,61,282683
9547,0.01637,172.31.40.0-255,66,191702,61,282683
9548,0.018412,172.217.194.0-255,5738,197440,61,282683
9549,0.018419,172.31.40.0-255,66,197506,61,282683
9550,0.020449,172.217.194.0-255,5738,203244,61,282683
9551,0.020455,172.31.40.0-255,66,203310,61,282683
9552,0.0225,172.217.194.0-255,5738,209048,61,282683
9553,0.022508,172.31.40.0-255,66,209114,61,282683
9554,0.024537,172.217.194.0-255,5738,214852,61,282683
9555,0.024544,172.31.40.0-255,66,214918,61,282683
9556,0.026581,172.217.194.0-255,5738,220656,61,282683
9557,0.026587,172.31.40.0-255,66,220722,61,282683
9558,0.028667,172.217.194.0-255,5738,226460,61,282683
9559,0.028673,172.31.40.0-255,66,226526,61,282683
9560,0.030683,172.217.194.0-255,5738,232264,61,282683
9561,0.030691,172.31.40.0-255,66,232330,61,282683
9562,0.032712,172.217.194.0-255,5738,238068,61,282683
9563,0.032718,172.31.40.0-255,66,238134,61,282683
9564,0.034536,172.31.40.0-255,176,238310,61,282683
9565,0.034571,172.31.40.0-255,1119,239429,61,282683
9566,0.034651,172.31.40.0-255,1514,240943,61,282683
9567,0.034653,172.31.40.0-255,1514,242457,61,282683
9568,0.034654,172.31.40.0-255,535,242992,61,282683
9569,0.034751,172.217.194.0-255,2902,245894,61,282683
9570,0.034756,172.31.40.0-255,66,245960,61,282683
9571,0.034784,172.217.194.0-255,2902,248862,61,282683
9572,0.034787,172.31.40.0-255,66,248928,61,282683
9573,0.036049,104.244.42.0-255,66,248994,61,282683
9574,0.036078,104.244.42.0-255,66,249060,61,282683
9575,0.036177,104.244.42.0-255,66,249126,61,282683
9576,0.036183,104.244.42.0-255,66,249192,61,282683
9577,0.036782,172.217.194.0-255,2902,252094,61,282683
9578,0.036788,172.31.40.0-255,66,252160,61,282683
9579,0.036834,172.217.194.0-255,2902,255062,61,282683
9580,0.036837,172.31.40.0-255,66,255128,61,282683
9581,0.038793,172.217.194.0-255,2902,258030,61,282683
9582,0.0388,172.31.40.0-255,66,258096,61,282683
9583,0.038843,172.217.194.0-255,2902,260998,61,282683
9584,0.038846,172.31.40.0-255,66,261064,61,282683
9585,0.040825,172.217.194.0-255,2902,263966,61,282683
9586,0.040831,172.31.40.0-255,66,264032,61,282683
9587,0.040857,172.217.194.0-255,2902,266934,61,282683
9588,0.04086,172.31.40.0-255,66,267000,61,282683
9589,0.042845,172.217.194.0-255,2902,269902,61,282683
9590,0.042854,172.31.40.0-255,66,269968,61,282683
9591,0.042885,172.217.194.0-255,2902,272870,61,282683
9592,0.042888,172.31.40.0-255,66,272936,61,282683
9593,0.044898,172.217.194.0-255,5738,278674,61,282683
9594,0.044904,172.31.40.0-255,66,278740,61,282683
9595,0.046919,172.217.194.0-255,3706,282446,61,282683
9596,0.046924,172.31.40.0-255,66,282512,61,282683
9597,0.047142,172.31.40.0-255,105,282617,61,282683
9598,0.049145,172.217.194.0-255,66,282683,61,282683
9599,0.0,74.125.24.0-255,149,149,61,185002
9600,2.1e-05,172.31.40.0-255,66,215,61,185002
9601,2.9e-05,74.125.24.0-255,1484,1699,61,185002
9602,3.4e-05,172.31.40.0-255,66,1765,61,185002
9603,3.7e-05,74.125.24.0-255,1484,3249,61,185002
9604,4e-05,172.31.40.0-255,66,3315,61,185002
9605,5.5e-05,74.125.24.0-255,4320,7635,61,185002
9606,5.8e-05,172.31.40.0-255,66,7701,61,185002
9607,9.7e-05,172.31.40.0-255,66,7767,61,185002
9608,0.000108,172.31.40.0-255,66,7833,61,185002
9609,0.000147,74.125.24.0-255,6797,14630,61,185002
9610,0.00015,172.31.40.0-255,66,14696,61,185002
9611,0.000231,74.125.24.0-255,1484,16180,61,185002
9612,0.000234,172.31.40.0-255,66,16246,61,185002
9613,0.00024,74.125.24.0-255,2902,19148,61,185002
9614,0.000242,172.31.40.0-255,66,19214,61,185002
9615,0.000249,74.125.24.0-255,5738,24952,61,185002
9616,0.000257,172.31.40.0-255,66,25018,61,185002
9617,0.000291,74.125.24.0-255,6797,31815,61,185002
9618,0.000294,172.31.40.0-255,66,31881,61,185002
9619,0.001245,74.125.24.0-255,1484,33365,61,185002
9620,0.001253,172.31.40.0-255,66,33431,61,185002
9621,0.001262,74.125.24.0-255,2902,36333,61,185002
9622,0.001264,172.31.40.0-255,66,36399,61,185002
9623,0.001278,74.125.24.0-255,5738,42137,61,185002
9624,0.00128,172.31.40.0-255,66,42203,61,185002
9625,0.001315,74.125.24.0-255,6797,49000,61,185002
9626,0.001317,172.31.40.0-255,66,49066,61,185002
9627,0.001756,74.125.24.0-255,1484,50550,61,185002
9628,0.001762,172.31.40.0-255,66,50616,61,185002
9629,0.001769,74.125.24.0-255,2902,53518,61,185002
9630,0.001771,172.31.40.0-255,66,53584,61,185002
9631,0.001815,74.125.24.0-255,5738,59322,61,185002
9632,0.001817,172.31.40.0-255,66,59388,61,185002
9633,0.001825,74.125.24.0-255,6797,66185,61,185002
9634,0.001827,172.31.40.0-255,66,66251,61,185002
9635,0.00186,172.31.40.0-255,66,66317,61,185002
9636,0.001892,74.125.24.0-255,5738,72055,61,185002
9637,0.001894,172.31.40.0-255,66,72121,61,185002
9638,0.001899,74.125.24.0-255,2543,74664,61,185002
9639,0.001902,172.31.40.0-255,66,74730,61,185002
9640,0.004426,74.125.24.0-255,4320,79050,61,185002
9641,0.004431,172.31.40.0-255,66,79116,61,185002
9642,0.004455,74.125.24.0-255,1484,80600,61,185002
9643,0.006973,74.125.24.0-255,4320,84920,61,185002
9644,0.006979,172.31.40.0-255,66,84986,61,185002
9645,0.009524,74.125.24.0-255,5738,90724,61,185002
9646,0.009532,172.31.40.0-255,66,90790,61,185002
9647,0.012098,74.125.24.0-255,5738,96528,61,185002
9648,0.012111,172.31.40.0-255,66,96594,61,185002
9649,0.014655,74.125.24.0-255,5738,102332,61,185002
9650,0.014664,172.31.40.0-255,66,102398,61,185002
9651,0.017213,74.125.24.0-255,5738,108136,61,185002
9652,0.017223,172.31.40.0-255,66,108202,61,185002
9653,0.019763,74.125.24.0-255,5738,113940,61,185002
9654,0.019774,172.31.40.0-255,66,114006,61,185002
9655,0.022384,74.125.24.0-255,5738,119744,61,185002
9656,0.022395,172.31.40.0-255,66,119810,61,185002
9657,0.024958,74.125.24.0-255,5738,125548,61,185002
9658,0.024974,172.31.40.0-255,66,125614,61,185002
9659,0.026072,172.31.40.0-255,171,125785,61,185002
9660,0.026104,172.31.40.0-255,1143,126928,61,185002
9661,0.026169,172.31.40.0-255,1514,128442,61,185002
9662,0.026171,172.31.40.0-255,1514,129956,61,185002
9663,0.026175,172.31.40.0-255,1514,131470,61,185002
9664,0.026177,172.31.40.0-255,1032,132502,61,185002
9665,0.027546,74.125.24.0-255,5738,138240,61,185002
9666,0.027558,172.31.40.0-255,66,138306,61,185002
9667,0.027648,104.244.42.0-255,66,138372,61,185002
9668,0.027657,104.244.42.0-255,66,138438,61,185002
9669,0.027736,104.244.42.0-255,66,138504,61,185002
9670,0.027742,104.244.42.0-255,66,138570,61,185002
9671,0.030144,74.125.24.0-255,5738,144308,61,185002
9672,0.030158,172.31.40.0-255,66,144374,61,185002
9673,0.032716,74.125.24.0-255,5738,150112,61,185002
9674,0.032725,172.31.40.0-255,66,150178,61,185002
9675,0.035284,74.125.24.0-255,5738,155916,61,185002
9676,0.035291,172.31.40.0-255,66,155982,61,185002
9677,0.037805,74.125.24.0-255,5738,161720,61,185002
9678,0.037813,172.31.40.0-255,66,161786,61,185002
9679,0.040375,74.125.24.0-255,5738,167524,61,185002
9680,0.040382,172.31.40.0-255,66,167590,61,185002
9681,0.04292,74.125.24.0-255,5738,173328,61,185002
9682,0.042931,172.31.40.0-255,66,173394,61,185002
9683,0.045502,74.125.24.0-255,5738,179132,61,185002
9684,0.045509,172.31.40.0-255,66,179198,61,185002
9685,0.048089,74.125.24.0-255,5738,184936,61,185002
9686,0.048097,172.31.40.0-255,66,185002,61,185002
9687,0.0,172.217.194.0-255,153,153,61,173857
9688,2.6e-05,172.31.40.0-255,66,219,61,173857
9689,3.4e-05,172.217.194.0-255,1484,1703,61,173857
9690,3.8e-05,172.31.40.0-255,66,1769,61,173857
9691,5.1e-05,172.217.194.0-255,2902,4671,61,173857
9692,5.5e-05,172.31.40.0-255,66,4737,61,173857
9693,6.3e-05,172.217.194.0-255,7156,11893,61,173857
9694,6.6e-05,172.31.40.0-255,66,11959,61,173857
9695,7.9e-05,172.31.40.0-255,66,12025,61,173857
9696,9.1e-05,172.31.40.0-255,66,12091,61,173857
9697,0.000114,172.217.194.0-255,1484,13575,61,173857
9698,0.000117,172.31.40.0-255,66,13641,61,173857
9699,0.000127,172.217.194.0-255,2902,16543,61,173857
9700,0.000129,172.31.40.0-255,66,16609,61,173857
9701,0.000136,172.217.194.0-255,5738,22347,61,173857
9702,0.000139,172.31.40.0-255,66,22413,61,173857
9703,0.000159,172.217.194.0-255,6797,29210,61,173857
9704,0.000166,172.31.40.0-255,66,29276,61,173857
9705,0.000864,172.217.194.0-255,1484,30760,61,173857
9706,0.00087,172.31.40.0-255,66,30826,61,173857
9707,0.000878,172.217.194.0-255,2902,33728,61,173857
9708,0.000881,172.31.40.0-255,66,33794,61,173857
9709,0.000892,172.217.194.0-255,5738,39532,61,173857
9710,0.000894,172.31.40.0-255,66,39598,61,173857
9711,0.000906,172.217.194.0-255,1484,41082,61,173857
9712,0.000908,172.31.40.0-255,66,41148,61,173857
9713,0.000941,172.217.194.0-255,5379,46527,61,173857
9714,0.000948,172.31.40.0-255,66,46593,61,173857
9715,0.000994,172.217.194.0-255,5738,52331,61,173857
9716,0.000996,172.31.40.0-255,66,52397,61,173857
9717,0.001031,172.217.194.0-255,1484,53881,61,173857
9718,0.001044,172.31.40.0-255,66,53947,61,173857
9719,0.001068,172.31.40.0-255,66,54013,61,173857
9720,0.001071,172.217.194.0-255,646,54659,61,173857
9721,0.001384,172.217.194.0-255,1484,56143,61,173857
9722,0.00139,172.31.40.0-255,66,56209,61,173857
9723,0.001398,172.217.194.0-255,2902,59111,61,173857
9724,0.001401,172.31.40.0-255,66,59177,61,173857
9725,0.001432,172.217.194.0-255,5738,64915,61,173857
9726,0.001435,172.31.40.0-255,66,64981,61,173857
9727,0.001441,172.217.194.0-255,5738,70719,61,173857
9728,0.001444,172.31.40.0-255,66,70785,61,173857
9729,0.001461,172.31.40.0-255,66,70851,61,173857
9730,0.001495,172.217.194.0-255,4320,75171,61,173857
9731,0.001498,172.31.40.0-255,66,75237,61,173857
9732,0.001504,172.217.194.0-255,5020,80257,61,173857
9733,0.001512,172.31.40.0-255,66,80323,61,173857
9734,0.001617,172.217.194.0-255,1484,81807,61,173857
9735,0.001624,172.217.194.0-255,2902,84709,61,173857
9736,0.001628,172.31.40.0-255,66,84775,61,173857
9737,0.001634,172.217.194.0-255,5738,90513,61,173857
9738,0.001637,172.31.40.0-255,66,90579,61,173857
9739,0.00166,172.217.194.0-255,4320,94899,61,173857
9740,0.001663,172.31.40.0-255,66,94965,61,173857
9741,0.001698,172.31.40.0-255,66,95031,61,173857
9742,0.001715,172.31.40.0-255,66,95097,61,173857
9743,0.002154,172.217.194.0-255,1484,96581,61,173857
9744,0.002163,172.217.194.0-255,2902,99483,61,173857
9745,0.002166,172.31.40.0-255,66,99549,61,173857
9746,0.002171,172.217.194.0-255,1484,101033,61,173857
9747,0.0022,172.217.194.0-255,4320,105353,61,173857
9748,0.002204,172.31.40.0-255,66,105419,61,173857
9749,0.002212,172.217.194.0-255,7156,112575,61,173857
9750,0.002215,172.31.40.0-255,66,112641,61,173857
9751,0.00224,172.31.40.0-255,66,112707,61,173857
9752,0.002244,172.217.194.0-255,2184,114891,61,173857
9753,0.002247,172.31.40.0-255,66,114957,61,173857
9754,0.002952,172.217.194.0-255,1484,116441,61,173857
9755,0.002957,172.217.194.0-255,2902,119343,61,173857
9756,0.002961,172.31.40.0-255,66,119409,61,173857
9757,0.002974,172.217.194.0-255,2902,122311,61,173857
9758,0.00298,172.31.40.0-255,66,122377,61,173857
9759,0.002996,172.217.194.0-255,2902,125279,61,173857
9760,0.003002,172.31.40.0-255,66,125345,61,173857
9761,0.003018,172.31.40.0-255,66,125411,61,173857
9762,0.003023,172.217.194.0-255,4320,129731,61,173857
9763,0.003025,172.31.40.0-255,66,129797,61,173857
9764,0.003062,172.217.194.0-255,6438,136235,61,173857
9765,0.003065,172.31.40.0-255,66,136301,61,173857
9766,0.003503,172.217.194.0-255,1484,137785,61,173857
9767,0.003517,172.217.194.0-255,2902,140687,61,173857
9768,0.00352,172.31.40.0-255,66,140753,61,173857
9769,0.003565,172.217.194.0-255,5738,146491,61,173857
9770,0.003568,172.31.40.0-255,66,146557,61,173857
9771,0.003596,172.217.194.0-255,2902,149459,61,173857
9772,0.003599,172.31.40.0-255,66,149525,61,173857
9773,0.003636,172.217.194.0-255,4320,153845,61,173857
9774,0.003639,172.31.40.0-255,66,153911,61,173857
9775,0.00365,172.31.40.0-255,66,153977,61,173857
9776,0.003665,172.31.40.0-255,66,154043,61,173857
9777,0.003677,172.31.40.0-255,66,154109,61,173857
9778,0.003695,172.31.40.0-255,66,154175,61,173857
9779,0.003698,172.217.194.0-255,1484,155659,61,173857
9780,0.003704,172.217.194.0-255,3602,159261,61,173857
9781,0.003706,172.31.40.0-255,66,159327,61,173857
9782,0.003795,172.31.40.0-255,66,159393,61,173857
9783,0.003806,172.31.40.0-255,66,159459,61,173857
9784,0.003833,172.217.194.0-255,1484,160943,61,173857
9785,0.003858,172.31.40.0-255,66,161009,61,173857
9786,0.003905,172.31.40.0-255,66,161075,61,173857
9787,0.003912,172.217.194.0-255,5738,166813,61,173857
9788,0.003914,172.31.40.0-255,66,166879,61,173857
9789,0.003961,172.31.40.0-255,66,166945,61,173857
9790,0.003998,172.217.194.0-255,6438,173383,61,173857
9791,0.004002,172.31.40.0-255,66,173449,61,173857
9792,0.004019,172.31.40.0-255,66,173515,61,173857
9793,0.004022,172.217.194.0-255,105,173620,61,173857
9794,0.011137,172.31.40.0-255,66,173686,61,173857
9795,0.011185,172.31.40.0-255,105,173791,61,173857
9796,0.01364,172.217.194.0-255,66,173857,61,173857
9797,0.0,74.125.130.0-255,146,146,61,209913
9798,1.9e-05,172.31.40.0-255,66,212,61,209913
9799,2.6e-05,74.125.130.0-255,1484,1696,61,209913
9800,3.1e-05,172.31.40.0-255,66,1762,61,209913
9801,3.7e-05,74.125.130.0-255,2902,4664,61,209913
9802,4.1e-05,172.31.40.0-255,66,4730,61,209913
9803,6.9e-05,74.125.130.0-255,5738,10468,61,209913
9804,7.3e-05,172.31.40.0-255,66,10534,61,209913
9805,0.000105,74.125.130.0-255,3494,14028,61,209913
9806,0.000108,172.31.40.0-255,66,14094,61,209913
9807,0.000136,74.125.130.0-255,4320,18414,61,209913
9808,0.000139,172.31.40.0-255,66,18480,61,209913
9809,0.000173,74.125.130.0-255,4320,22800,61,209913
9810,0.000176,172.31.40.0-255,66,22866,61,209913
9811,0.000191,74.125.130.0-255,5738,28604,61,209913
9812,0.000193,172.31.40.0-255,66,28670,61,209913
9813,0.000259,74.125.130.0-255,2543,31213,61,209913
9814,0.000262,172.31.40.0-255,66,31279,61,209913
9815,0.000377,74.125.130.0-255,1484,32763,61,209913
9816,0.000382,172.31.40.0-255,66,32829,61,209913
9817,0.000385,74.125.130.0-255,1484,34313,61,209913
9818,0.000388,172.31.40.0-255,66,34379,61,209913
9819,0.000401,74.125.130.0-255,1484,35863,61,209913
9820,0.000404,172.31.40.0-255,66,35929,61,209913
9821,0.000407,74.125.130.0-255,1484,37413,61,209913
9822,0.00041,172.31.40.0-255,66,37479,61,209913
9823,0.000436,74.125.130.0-255,4320,41799,61,209913
9824,0.000438,172.31.40.0-255,66,41865,61,209913
9825,0.000459,74.125.130.0-255,2902,44767,61,209913
9826,0.000461,172.31.40.0-255,66,44833,61,209913
9827,0.000481,74.125.130.0-255,3961,48794,61,209913
9828,0.000484,172.31.40.0-255,66,48860,61,209913
9829,0.000509,74.125.130.0-255,4320,53180,61,209913
9830,0.000522,74.125.130.0-255,2902,56082,61,209913
9831,0.000565,172.31.40.0-255,66,56148,61,209913
9832,0.000582,74.125.130.0-255,5738,61886,61,209913
9833,0.000597,74.125.130.0-255,1484,63370,61,209913
9834,0.000611,172.31.40.0-255,66,63436,61,209913
9835,0.000643,74.125.130.0-255,2543,65979,61,209913
9836,0.000668,172.31.40.0-255,66,66045,61,209913
9837,0.001104,74.125.130.0-255,362,66407,61,209913
9838,0.001148,172.31.40.0-255,66,66473,61,209913
9839,0.001257,74.125.130.0-255,1484,67957,61,209913
9840,0.001266,74.125.130.0-255,2902,70859,61,209913
9841,0.00127,172.31.40.0-255,66,70925,61,209913
9842,0.001292,74.125.130.0-255,5738,76663,61,209913
9843,0.001294,172.31.40.0-255,66,76729,61,209913
9844,0.001319,74.125.130.0-255,1484,78213,61,209913
9845,0.001337,74.125.130.0-255,1484,79697,61,209913
9846,0.001339,172.31.40.0-255,66,79763,61,209913
9847,0.001353,74.125.130.0-255,3961,83724,61,209913
9848,0.001355,172.31.40.0-255,66,83790,61,209913
9849,0.001394,74.125.130.0-255,4320,88110,61,209913
9850,0.001429,74.125.130.0-255,4320,92430,61,209913
9851,0.001473,74.125.130.0-255,2902,95332,61,209913
9852,0.001494,74.125.130.0-255,5379,100711,61,209913
9853,0.002195,74.125.130.0-255,381,101092,61,209913
9854,0.006681,172.31.40.0-255,66,101158,61,209913
9855,0.009011,74.125.130.0-255,5738,106896,61,209913
9856,0.009018,172.31.40.0-255,66,106962,61,209913
9857,0.011351,74.125.130.0-255,5738,112700,61,209913
9858,0.011359,172.31.40.0-255,66,112766,61,209913
9859,0.013688,74.125.130.0-255,5738,118504,61,209913
9860,0.013698,172.31.40.0-255,66,118570,61,209913
9861,0.016046,74.125.130.0-255,5738,124308,61,209913
9862,0.016057,172.31.40.0-255,66,124374,61,209913
9863,0.018389,74.125.130.0-255,5738,130112,61,209913
9864,0.018397,172.31.40.0-255,66,130178,61,209913
9865,0.020789,74.125.130.0-255,5738,135916,61,209913
9866,0.020797,172.31.40.0-255,66,135982,61,209913
9867,0.023121,74.125.130.0-255,5738,141720,61,209913
9868,0.023128,172.31.40.0-255,66,141786,61,209913
9869,0.025016,172.31.40.0-255,176,141962,61,209913
9870,0.025049,172.31.40.0-255,1120,143082,61,209913
9871,0.025109,172.31.40.0-255,1514,144596,61,209913
9872,0.025111,172.31.40.0-255,1275,145871,61,209913
9873,0.025457,74.125.130.0-255,5738,151609,61,209913
9874,0.025463,172.31.40.0-255,66,151675,61,209913
9875,0.026589,104.244.42.0-255,66,151741,61,209913
9876,0.026626,104.244.42.0-255,66,151807,61,209913
9877,0.026678,104.244.42.0-255,66,151873,61,209913
9878,0.027803,74.125.130.0-255,5738,157611,61,209913
9879,0.027808,172.31.40.0-255,66,157677,61,209913
9880,0.030143,74.125.130.0-255,5738,163415,61,209913
9881,0.030151,172.31.40.0-255,66,163481,61,209913
9882,0.032487,74.125.130.0-255,5738,169219,61,209913
9883,0.032495,172.31.40.0-255,66,169285,61,209913
9884,0.03482,74.125.130.0-255,5738,175023,61,209913
9885,0.034827,172.31.40.0-255,66,175089,61,209913
9886,0.037163,74.125.130.0-255,5738,180827,61,209913
9887,0.037169,172.31.40.0-255,66,180893,61,209913
9888,0.039509,74.125.130.0-255,5738,186631,61,209913
9889,0.039517,172.31.40.0-255,66,186697,61,209913
9890,0.041851,74.125.130.0-255,5738,192435,61,209913
9891,0.041858,172.31.40.0-255,66,192501,61,209913
9892,0.044193,74.125.130.0-255,5738,198239,61,209913
9893,0.044199,172.31.40.0-255,66,198305,61,209913
9894,0.046543,74.125.130.0-255,5738,204043,61,209913
9895,0.04655,172.31.40.0-255,66,204109,61,209913
9896,0.048895,74.125.130.0-255,5738,209847,61,209913
9897,0.048902,172.31.40.0-255,66,209913,61,209913
9898,0.0,74.125.68.0-255,153,153,61,291270
9899,2.1e-05,172.31.40.0-255,66,219,61,291270
9900,2.8e-05,74.125.68.0-255,1484,1703,61,291270
9901,3.3e-05,172.31.40.0-255,66,1769,61,291270
9902,3.9e-05,74.125.68.0-255,2902,4671,61,291270
9903,4.3e-05,172.31.40.0-255,66,4737,61,291270
9904,4.7e-05,74.125.68.0-255,2902,7639,61,291270
9905,5e-05,172.31.40.0-255,66,7705,61,291270
9906,5.6e-05,74.125.68.0-255,4320,12025,61,291270
9907,5.9e-05,172.31.40.0-255,66,12091,61,291270
9908,8.8e-05,74.125.68.0-255,3547,15638,61,291270
9909,9.2e-05,172.31.40.0-255,66,15704,61,291270
9910,9.7e-05,74.125.68.0-255,4320,20024,61,291270
9911,0.0001,172.31.40.0-255,66,20090,61,291270
9912,0.000145,172.31.40.0-255,66,20156,61,291270
9913,0.000164,74.125.68.0-255,1484,21640,61,291270
9914,0.000167,172.31.40.0-255,66,21706,61,291270
9915,0.000172,74.125.68.0-255,4320,26026,61,291270
9916,0.000174,172.31.40.0-255,66,26092,61,291270
9917,0.000228,74.125.68.0-255,7156,33248,61,291270
9918,0.000231,172.31.40.0-255,66,33314,61,291270
9919,0.000249,74.125.68.0-255,6438,39752,61,291270
9920,0.000252,172.31.40.0-255,66,39818,61,291270
9921,0.000315,74.125.68.0-255,1484,41302,61,291270
9922,0.000319,172.31.40.0-255,66,41368,61,291270
9923,0.000325,74.125.68.0-255,2902,44270,61,291270
9924,0.000327,172.31.40.0-255,66,44336,61,291270
9925,0.000357,74.125.68.0-255,5738,50074,61,291270
9926,0.00036,172.31.40.0-255,66,50140,61,291270
9927,0.000365,74.125.68.0-255,4320,54460,61,291270
9928,0.000367,172.31.40.0-255,66,54526,61,291270
9929,0.000385,74.125.68.0-255,2817,57343,61,291270
9930,0.000387,172.31.40.0-255,66,57409,61,291270
9931,0.00039,74.125.68.0-255,383,57792,61,291270
9932,0.000476,74.125.68.0-255,1484,59276,61,291270
9933,0.00048,172.31.40.0-255,66,59342,61,291270
9934,0.000486,74.125.68.0-255,2902,62244,61,291270
9935,0.000488,172.31.40.0-255,66,62310,61,291270
9936,0.000511,74.125.68.0-255,2902,65212,61,291270
9937,0.000515,172.31.40.0-255,66,65278,61,291270
9938,0.000534,74.125.68.0-255,2902,68180,61,291270
9939,0.000536,172.31.40.0-255,66,68246,61,291270
9940,0.00054,74.125.68.0-255,1484,69730,61,291270
9941,0.000564,172.31.40.0-255,66,69796,61,291270
9942,0.000591,74.125.68.0-255,2902,72698,61,291270
9943,0.000593,172.31.40.0-255,66,72764,61,291270
9944,0.000619,172.31.40.0-255,66,72830,61,291270
9945,0.001019,74.125.68.0-255,1484,74314,61,291270
9946,0.001054,74.125.68.0-255,1484,75798,61,291270
9947,0.001058,172.31.40.0-255,66,75864,61,291270
9948,0.001062,74.125.68.0-255,1484,77348,61,291270
9949,0.001081,74.125.68.0-255,1484,78832,61,291270
9950,0.001084,172.31.40.0-255,66,78898,61,291270
9951,0.00109,74.125.68.0-255,5738,84636,61,291270
9952,0.001093,172.31.40.0-255,66,84702,61,291270
9953,0.001118,74.125.68.0-255,2902,87604,61,291270
9954,0.001121,172.31.40.0-255,66,87670,61,291270
9955,0.001135,74.125.68.0-255,2902,90572,61,291270
9956,0.001138,172.31.40.0-255,66,90638,61,291270
9957,0.001161,74.125.68.0-255,1484,92122,61,291270
9958,0.001166,74.125.68.0-255,2902,95024,61,291270
9959,0.001169,172.31.40.0-255,66,95090,61,291270
9960,0.001172,74.125.68.0-255,1484,96574,61,291270
9961,0.001188,74.125.68.0-255,2902,99476,61,291270
9962,0.001191,172.31.40.0-255,66,99542,61,291270
9963,0.001211,74.125.68.0-255,4320,103862,61,291270
9964,0.001213,172.31.40.0-255,66,103928,61,291270
9965,0.001232,74.125.68.0-255,1484,105412,61,291270
9966,0.00127,74.125.68.0-255,2184,107596,61,291270
9967,0.001273,172.31.40.0-255,66,107662,61,291270
9968,0.001813,74.125.68.0-255,1484,109146,61,291270
9969,0.001818,74.125.68.0-255,1484,110630,61,291270
9970,0.001822,172.31.40.0-255,66,110696,61,291270
9971,0.001834,74.125.68.0-255,1484,112180,61,291270
9972,0.001847,74.125.68.0-255,2902,115082,61,291270
9973,0.001849,172.31.40.0-255,66,115148,61,291270
9974,0.00187,74.125.68.0-255,2902,118050,61,291270
9975,0.001875,74.125.68.0-255,4320,122370,61,291270
9976,0.001878,74.125.68.0-255,1484,123854,61,291270
9977,0.001881,172.31.40.0-255,66,123920,61,291270
9978,0.001884,172.31.40.0-255,66,123986,61,291270
9979,0.001895,74.125.68.0-255,4320,128306,61,291270
9980,0.001898,172.31.40.0-255,66,128372,61,291270
9981,0.001911,74.125.68.0-255,1484,129856,61,291270
9982,0.001936,172.31.40.0-255,66,129922,61,291270
9983,0.001988,74.125.68.0-255,5738,135660,61,291270
9984,0.001992,172.31.40.0-255,66,135726,61,291270
9985,0.002015,74.125.68.0-255,6438,142164,61,291270
9986,0.002018,172.31.40.0-255,66,142230,61,291270
9987,0.002024,74.125.68.0-255,4320,146550,61,291270
9988,0.002026,172.31.40.0-255,66,146616,61,291270
9989,0.00204,172.31.40.0-255,66,146682,61,291270
9990,0.002065,74.125.68.0-255,4320,151002,61,291270
9991,0.002067,172.31.40.0-255,66,151068,61,291270
9992,0.00207,74.125.68.0-255,766,151834,61,291270
9993,0.002085,74.125.68.0-255,1484,153318,61,291270
9994,0.002087,172.31.40.0-255,66,153384,61,291270
9995,0.002109,74.125.68.0-255,2902,156286,61,291270
9996,0.002112,172.31.40.0-255,66,156352,61,291270
9997,0.002132,74.125.68.0-255,4320,160672,61,291270
9998,0.002135,172.31.40.0-255,66,160738,61,291270
9999,0.002152,74.125.68.0-255,1484,162222,61,291270
10000,0.002186,74.125.68.0-255,4320,166542,61,291270
10001,0.00219,172.31.40.0-255,66,166608,61,291270
10002,0.002211,74.125.68.0-255,1484,168092,61,291270
10003,0.00222,74.125.68.0-255,7156,175248,61,291270
10004,0.002222,172.31.40.0-255,66,175314,61,291270
10005,0.002268,74.125.68.0-255,1484,176798,61,291270
10006,0.002272,74.125.68.0-255,2902,179700,61,291270
10007,0.002274,172.31.40.0-255,66,179766,61,291270
10008,0.002277,74.125.68.0-255,1484,181250,61,291270
10009,0.002298,74.125.68.0-255,4320,185570,61,291270
10010,0.0023,172.31.40.0-255,66,185636,61,291270
10011,0.00234,74.125.68.0-255,766,186402,61,291270
10012,0.002513,74.125.68.0-255,1484,187886,61,291270
10013,0.002518,172.31.40.0-255,66,187952,61,291270
10014,0.002522,74.125.68.0-255,1484,189436,61,291270
10015,0.002534,74.125.68.0-255,1484,190920,61,291270
10016,0.002536,172.31.40.0-255,66,190986,61,291270
10017,0.002541,74.125.68.0-255,4320,195306,61,291270
10018,0.002544,172.31.40.0-255,66,195372,61,291270
10019,0.002564,74.125.68.0-255,2902,198274,61,291270
10020,0.002567,172.31.40.0-255,66,198340,61,291270
10021,0.002595,74.125.68.0-255,5738,204078,61,291270
10022,0.002599,172.31.40.0-255,66,204144,61,291270
10023,0.005161,74.125.68.0-255,5738,209882,61,291270
10024,0.013641,172.31.40.0-255,66,209948,61,291270
10025,0.014324,74.125.68.0-255,1484,211432,61,291270
10026,0.016214,74.125.68.0-255,4320,215752,61,291270
10027,0.01622,172.31.40.0-255,66,215818,61,291270
10028,0.018782,74.125.68.0-255,5738,221556,61,291270
10029,0.01879,172.31.40.0-255,66,221622,61,291270
10030,0.021342,74.125.68.0-255,5738,227360,61,291270
10031,0.021353,172.31.40.0-255,66,227426,61,291270
10032,0.023921,74.125.68.0-255,5738,233164,61,291270
10033,0.023932,172.31.40.0-255,66,233230,61,291270
10034,0.026487,74.125.68.0-255,5738,238968,61,291270
10035,0.026498,172.31.40.0-255,66,239034,61,291270
10036,0.029058,74.125.68.0-255,5738,244772,61,291270
10037,0.029071,172.31.40.0-255,66,244838,61,291270
10038,0.03163,74.125.68.0-255,5738,250576,61,291270
10039,0.031639,172.31.40.0-255,66,250642,61,291270
10040,0.034194,74.125.68.0-255,5738,256380,61,291270
10041,0.034205,172.31.40.0-255,66,256446,61,291270
10042,0.036778,74.125.68.0-255,5738,262184,61,291270
10043,0.036793,172.31.40.0-255,66,262250,61,291270
10044,0.039352,74.125.68.0-255,5738,267988,61,291270
10045,0.03936,172.31.40.0-255,66,268054,61,291270
10046,0.041915,74.125.68.0-255,5738,273792,61,291270
10047,0.041926,172.31.40.0-255,66,273858,61,291270
10048,0.044509,74.125.68.0-255,5738,279596,61,291270
10049,0.044527,172.31.40.0-255,66,279662,61,291270
10050,0.047086,74.125.68.0-255,5738,285400,61,291270
10051,0.047094,172.31.40.0-255,66,285466,61,291270
10052,0.04965,74.125.68.0-255,5738,291204,61,291270
10053,0.049659,172.31.40.0-255,66,291270,61,291270
10054,0.0,74.125.68.0-255,153,153,61,260580
10055,2.7e-05,172.31.40.0-255,66,219,61,260580
10056,3.5e-05,74.125.68.0-255,1484,1703,61,260580
10057,4e-05,172.31.40.0-255,66,1769,61,260580
10058,4.6e-05,74.125.68.0-255,2902,4671,61,260580
10059,4.8e-05,172.31.40.0-255,66,4737,61,260580
10060,5.3e-05,74.125.68.0-255,2902,7639,61,260580
10061,5.7e-05,172.31.40.0-255,66,7705,61,260580
10062,7.8e-05,74.125.68.0-255,2902,10607,61,260580
10063,8.1e-05,172.31.40.0-255,66,10673,61,260580
10064,0.000103,74.125.68.0-255,3486,14159,61,260580
10065,0.000106,172.31.40.0-255,66,14225,61,260580
10066,0.000136,74.125.68.0-255,4320,18545,61,260580
10067,0.000139,172.31.40.0-255,66,18611,61,260580
10068,0.000161,74.125.68.0-255,7156,25767,61,260580
10069,0.000163,172.31.40.0-255,66,25833,61,260580
10070,0.000215,74.125.68.0-255,5379,31212,61,260580
10071,0.000218,172.31.40.0-255,66,31278,61,260580
10072,0.000278,74.125.68.0-255,1484,32762,61,260580
10073,0.000281,172.31.40.0-255,66,32828,61,260580
10074,0.000306,74.125.68.0-255,2902,35730,61,260580
10075,0.000309,172.31.40.0-255,66,35796,61,260580
10076,0.000313,74.125.68.0-255,2902,38698,61,260580
10077,0.000315,172.31.40.0-255,66,38764,61,260580
10078,0.000321,74.125.68.0-255,4320,43084,61,260580
10079,0.000323,172.31.40.0-255,66,43150,61,260580
10080,0.000372,74.125.68.0-255,5738,48888,61,260580
10081,0.000375,172.31.40.0-255,66,48954,61,260580
10082,0.000396,74.125.68.0-255,2543,51497,61,260580
10083,0.000399,172.31.40.0-255,66,51563,61,260580
10084,0.00041,172.31.40.0-255,66,51629,61,260580
10085,0.000416,74.125.68.0-255,5379,57008,61,260580
10086,0.000419,172.31.40.0-255,66,57074,61,260580
10087,0.000435,74.125.68.0-255,396,57470,61,260580
10088,0.000484,74.125.68.0-255,347,57817,61,260580
10089,0.000722,74.125.68.0-255,1484,59301,61,260580
10090,0.000728,172.31.40.0-255,66,59367,61,260580
10091,0.000733,74.125.68.0-255,2902,62269,61,260580
10092,0.000735,172.31.40.0-255,66,62335,61,260580
10093,0.000761,74.125.68.0-255,5738,68073,61,260580
10094,0.000764,172.31.40.0-255,66,68139,61,260580
10095,0.000771,74.125.68.0-255,5738,73877,61,260580
10096,0.000773,172.31.40.0-255,66,73943,61,260580
10097,0.000798,74.125.68.0-255,7156,81099,61,260580
10098,0.0008,172.31.40.0-255,66,81165,61,260580
10099,0.000826,74.125.68.0-255,7156,88321,61,260580
10100,0.00083,172.31.40.0-255,66,88387,61,260580
10101,0.000852,74.125.68.0-255,3602,91989,61,260580
10102,0.000857,172.31.40.0-255,66,92055,61,260580
10103,0.001842,74.125.68.0-255,1484,93539,61,260580
10104,0.001854,74.125.68.0-255,2902,96441,61,260580
10105,0.001859,172.31.40.0-255,66,96507,61,260580
10106,0.001865,74.125.68.0-255,2902,99409,61,260580
10107,0.001867,172.31.40.0-255,66,99475,61,260580
10108,0.001881,74.125.68.0-255,2902,102377,61,260580
10109,0.001884,172.31.40.0-255,66,102443,61,260580
10110,0.001888,74.125.68.0-255,2902,105345,61,260580
10111,0.00189,172.31.40.0-255,66,105411,61,260580
10112,0.001908,74.125.68.0-255,4320,109731,61,260580
10113,0.00191,172.31.40.0-255,66,109797,61,260580
10114,0.001916,74.125.68.0-255,4320,114117,61,260580
10115,0.001918,172.31.40.0-255,66,114183,61,260580
10116,0.001945,74.125.68.0-255,4320,118503,61,260580
10117,0.001947,172.31.40.0-255,66,118569,61,260580
10118,0.001959,172.31.40.0-255,66,118635,61,260580
10119,0.002017,74.125.68.0-255,1484,120119,61,260580
10120,0.002032,74.125.68.0-255,1484,121603,61,260580
10121,0.002035,172.31.40.0-255,66,121669,61,260580
10122,0.002048,74.125.68.0-255,2902,124571,61,260580
10123,0.00205,172.31.40.0-255,66,124637,61,260580
10124,0.002054,74.125.68.0-255,1484,126121,61,260580
10125,0.002073,74.125.68.0-255,4320,130441,61,260580
10126,0.002075,172.31.40.0-255,66,130507,61,260580
10127,0.002092,74.125.68.0-255,7156,137663,61,260580
10128,0.002094,172.31.40.0-255,66,137729,61,260580
10129,0.002107,74.125.68.0-255,2902,140631,61,260580
10130,0.00211,172.31.40.0-255,66,140697,61,260580
10131,0.002118,74.125.68.0-255,5738,146435,61,260580
10132,0.00212,172.31.40.0-255,66,146501,61,260580
10133,0.002146,74.125.68.0-255,5738,152239,61,260580
10134,0.002148,172.31.40.0-255,66,152305,61,260580
10135,0.002151,74.125.68.0-255,766,153071,61,260580
10136,0.004765,74.125.68.0-255,4320,157391,61,260580
10137,0.004775,172.31.40.0-255,66,157457,61,260580
10138,0.007376,74.125.68.0-255,5738,163195,61,260580
10139,0.007391,172.31.40.0-255,66,163261,61,260580
10140,0.009987,74.125.68.0-255,5738,168999,61,260580
10141,0.009997,172.31.40.0-255,66,169065,61,260580
10142,0.012588,74.125.68.0-255,5738,174803,61,260580
10143,0.012606,172.31.40.0-255,66,174869,61,260580
10144,0.015202,74.125.68.0-255,5738,180607,61,260580
10145,0.015218,172.31.40.0-255,66,180673,61,260580
10146,0.017825,74.125.68.0-255,5738,186411,61,260580
10147,0.017843,172.31.40.0-255,66,186477,61,260580
10148,0.020435,74.125.68.0-255,5738,192215,61,260580
10149,0.02045,172.31.40.0-255,66,192281,61,260580
10150,0.023038,74.125.68.0-255,5738,198019,61,260580
10151,0.02305,172.31.40.0-255,66,198085,61,260580
10152,0.025653,74.125.68.0-255,5738,203823,61,260580
10153,0.02567,172.31.40.0-255,66,203889,61,260580
10154,0.028266,74.125.68.0-255,5738,209627,61,260580
10155,0.028283,172.31.40.0-255,66,209693,61,260580
10156,0.030869,74.125.68.0-255,5738,215431,61,260580
10157,0.030885,172.31.40.0-255,66,215497,61,260580
10158,0.033462,74.125.68.0-255,5738,221235,61,260580
10159,0.033471,172.31.40.0-255,66,221301,61,260580
10160,0.034415,172.31.40.0-255,172,221473,61,260580
10161,0.034448,172.31.40.0-255,1120,222593,61,260580
10162,0.034508,172.31.40.0-255,1514,224107,61,260580
10163,0.03451,172.31.40.0-255,1277,225384,61,260580
10164,0.03595,104.244.42.0-255,66,225450,61,260580
10165,0.036003,104.244.42.0-255,66,225516,61,260580
10166,0.036005,104.244.42.0-255,66,225582,61,260580
10167,0.036071,74.125.68.0-255,5738,231320,61,260580
10168,0.036078,172.31.40.0-255,66,231386,61,260580
10169,0.036623,104.244.42.0-255,108,231494,61,260580
10170,0.036629,172.31.40.0-255,66,231560,61,260580
10171,0.038678,74.125.68.0-255,5738,237298,61,260580
10172,0.038693,172.31.40.0-255,66,237364,61,260580
10173,0.041305,74.125.68.0-255,5738,243102,61,260580
10174,0.041329,172.31.40.0-255,66,243168,61,260580
10175,0.043932,74.125.68.0-255,5738,248906,61,260580
10176,0.043953,172.31.40.0-255,66,248972,61,260580
10177,0.04655,74.125.68.0-255,5738,254710,61,260580
10178,0.04657,172.31.40.0-255,66,254776,61,260580
10179,0.049189,74.125.68.0-255,5738,260514,61,260580
10180,0.04921,172.31.40.0-255,66,260580,61,260580
10181,0.0,172.31.40.0-255,66,66,61,66
10182,0.0,172.217.194.0-255,152,152,61,237907
10183,1.5e-05,172.31.40.0-255,66,218,61,237907
10184,2.2e-05,172.217.194.0-255,1484,1702,61,237907
10185,2.6e-05,172.31.40.0-255,66,1768,61,237907
10186,3.1e-05,172.217.194.0-255,2902,4670,61,237907
10187,3.4e-05,172.31.40.0-255,66,4736,61,237907
10188,4.1e-05,172.217.194.0-255,5738,10474,61,237907
10189,4.4e-05,172.31.40.0-255,66,10540,61,237907
10190,7.1e-05,172.217.194.0-255,6231,16771,61,237907
10191,7.4e-05,172.31.40.0-255,66,16837,61,237907
10192,7.8e-05,172.217.194.0-255,2902,19739,61,237907
10193,8e-05,172.31.40.0-255,66,19805,61,237907
10194,0.000118,172.31.40.0-255,66,19871,61,237907
10195,0.000214,172.217.194.0-255,1484,21355,61,237907
10196,0.000218,172.31.40.0-255,66,21421,61,237907
10197,0.000224,172.217.194.0-255,2902,24323,61,237907
10198,0.000226,172.31.40.0-255,66,24389,61,237907
10199,0.000229,172.217.194.0-255,1484,25873,61,237907
10200,0.000232,172.31.40.0-255,66,25939,61,237907
10201,0.000256,172.217.194.0-255,4320,30259,61,237907
10202,0.000259,172.31.40.0-255,66,30325,61,237907
10203,0.000263,172.217.194.0-255,2902,33227,61,237907
10204,0.000265,172.31.40.0-255,66,33293,61,237907
10205,0.000283,172.217.194.0-255,3961,37254,61,237907
10206,0.000286,172.31.40.0-255,66,37320,61,237907
10207,0.000292,172.217.194.0-255,5738,43058,61,237907
10208,0.000294,172.31.40.0-255,66,43124,61,237907
10209,0.000319,172.217.194.0-255,4320,47444,61,237907
10210,0.000322,172.31.40.0-255,66,47510,61,237907
10211,0.000343,172.217.194.0-255,4320,51830,61,237907
10212,0.000346,172.31.40.0-255,66,51896,61,237907
10213,0.000367,172.217.194.0-255,2543,54439,61,237907
10214,0.00037,172.31.40.0-255,66,54505,61,237907
10215,0.000373,172.217.194.0-255,678,55183,61,237907
10216,0.000513,172.217.194.0-255,1484,56667,61,237907
10217,0.000518,172.31.40.0-255,66,56733,61,237907
10218,0.000523,172.217.194.0-255,2902,59635,61,237907
10219,0.000526,172.31.40.0-255,66,59701,61,237907
10220,0.000532,172.217.194.0-255,4320,64021,61,237907
10221,0.000535,172.31.40.0-255,66,64087,61,237907
10222,0.000555,172.217.194.0-255,1484,65571,61,237907
10223,0.000568,172.31.40.0-255,66,65637,61,237907
10224,0.000604,172.217.194.0-255,1484,67121,61,237907
10225,0.000625,172.31.40.0-255,66,67187,61,237907
10226,0.000649,172.217.194.0-255,2184,69371,61,237907
10227,0.000652,172.31.40.0-255,66,69437,61,237907
10228,0.001067,172.217.194.0-255,1484,70921,61,237907
10229,0.001096,172.217.194.0-255,2902,73823,61,237907
10230,0.0011,172.31.40.0-255,66,73889,61,237907
10231,0.001132,172.217.194.0-255,4320,78209,61,237907
10232,0.001134,172.31.40.0-255,66,78275,61,237907
10233,0.001157,172.217.194.0-255,1484,79759,61,237907
10234,0.001171,172.31.40.0-255,66,79825,61,237907
10235,0.001179,172.217.194.0-255,7156,86981,61,237907
10236,0.001181,172.31.40.0-255,66,87047,61,237907
10237,0.001203,172.217.194.0-255,3602,90649,61,237907
10238,0.001209,172.31.40.0-255,66,90715,61,237907
10239,0.001229,172.217.194.0-255,2902,93617,61,237907
10240,0.001231,172.31.40.0-255,66,93683,61,237907
10241,0.001246,172.217.194.0-255,1484,95167,61,237907
10242,0.001249,172.217.194.0-255,1484,96651,61,237907
10243,0.001251,172.31.40.0-255,66,96717,61,237907
10244,0.001267,172.217.194.0-255,4320,101037,61,237907
10245,0.00127,172.31.40.0-255,66,101103,61,237907
10246,0.001313,172.31.40.0-255,66,101169,61,237907
10247,0.001336,172.217.194.0-255,5738,106907,61,237907
10248,0.001338,172.31.40.0-255,66,106973,61,237907
10249,0.001355,172.217.194.0-255,4320,111293,61,237907
10250,0.001358,172.31.40.0-255,66,111359,61,237907
10251,0.001362,172.217.194.0-255,2902,114261,61,237907
10252,0.001365,172.31.40.0-255,66,114327,61,237907
10253,0.001403,172.217.194.0-255,2184,116511,61,237907
10254,0.001407,172.31.40.0-255,66,116577,61,237907
10255,0.001448,172.217.194.0-255,1484,118061,61,237907
10256,0.001452,172.217.194.0-255,1484,119545,61,237907
10257,0.001454,172.31.40.0-255,66,119611,61,237907
10258,0.001473,172.217.194.0-255,1484,121095,61,237907
10259,0.00148,172.217.194.0-255,5738,126833,61,237907
10260,0.001482,172.31.40.0-255,66,126899,61,237907
10261,0.001496,172.217.194.0-255,5738,132637,61,237907
10262,0.001499,172.31.40.0-255,66,132703,61,237907
10263,0.001519,172.217.194.0-255,7156,139859,61,237907
10264,0.001522,172.31.40.0-255,66,139925,61,237907
10265,0.001532,172.31.40.0-255,66,139991,61,237907
10266,0.001569,172.217.194.0-255,7156,147147,61,237907
10267,0.001574,172.31.40.0-255,66,147213,61,237907
10268,0.001603,172.31.40.0-255,66,147279,61,237907
10269,0.001617,172.31.40.0-255,66,147345,61,237907
10270,0.001643,172.217.194.0-255,1484,148829,61,237907
10271,0.001651,172.217.194.0-255,5020,153849,61,237907
10272,0.001654,172.31.40.0-255,66,153915,61,237907
10273,0.00184,172.217.194.0-255,1484,155399,61,237907
10274,0.001846,172.217.194.0-255,2902,158301,61,237907
10275,0.00185,172.31.40.0-255,66,158367,61,237907
10276,0.001855,172.217.194.0-255,2902,161269,61,237907
10277,0.001857,172.31.40.0-255,66,161335,61,237907
10278,0.001873,172.217.194.0-255,2902,164237,61,237907
10279,0.001875,172.31.40.0-255,66,164303,61,237907
10280,0.001878,172.217.194.0-255,1484,165787,61,237907
10281,0.001916,172.31.40.0-255,66,165853,61,237907
10282,0.001919,172.217.194.0-255,1484,167337,61,237907
10283,0.001958,172.31.40.0-255,66,167403,61,237907
10284,0.001987,172.217.194.0-255,1484,168887,61,237907
10285,0.002006,172.217.194.0-255,2902,171789,61,237907
10286,0.00201,172.31.40.0-255,66,171855,61,237907
10287,0.002016,172.217.194.0-255,5738,177593,61,237907
10288,0.002018,172.31.40.0-255,66,177659,61,237907
10289,0.002042,172.31.40.0-255,66,177725,61,237907
10290,0.00206,172.217.194.0-255,4320,182045,61,237907
10291,0.002094,172.31.40.0-255,66,182111,61,237907
10292,0.002119,172.31.40.0-255,66,182177,61,237907
10293,0.002366,172.217.194.0-255,1484,183661,61,237907
10294,0.002371,172.217.194.0-255,1484,185145,61,237907
10295,0.002374,172.31.40.0-255,66,185211,61,237907
10296,0.002396,172.217.194.0-255,1484,186695,61,237907
10297,0.002403,172.217.194.0-255,5738,192433,61,237907
10298,0.002405,172.31.40.0-255,66,192499,61,237907
10299,0.002424,172.217.194.0-255,1484,193983,61,237907
10300,0.002449,172.31.40.0-255,66,194049,61,237907
10301,0.00249,172.31.40.0-255,66,194115,61,237907
10302,0.002558,172.217.194.0-255,1484,195599,61,237907
10303,0.002562,172.217.194.0-255,2902,198501,61,237907
10304,0.002567,172.31.40.0-255,66,198567,61,237907
10305,0.002587,172.217.194.0-255,5738,204305,61,237907
10306,0.002589,172.31.40.0-255,66,204371,61,237907
10307,0.002596,172.217.194.0-255,5738,210109,61,237907
10308,0.002598,172.31.40.0-255,66,210175,61,237907
10309,0.00262,172.217.194.0-255,7156,217331,61,237907
10310,0.002623,172.31.40.0-255,66,217397,61,237907
10311,0.002629,172.217.194.0-255,5738,223135,61,237907
10312,0.002631,172.31.40.0-255,66,223201,61,237907
10313,0.002634,172.217.194.0-255,1484,224685,61,237907
10314,0.002683,172.31.40.0-255,66,224751,61,237907
10315,0.002698,172.31.40.0-255,66,224817,61,237907
10316,0.002717,172.217.194.0-255,2184,227001,61,237907
10317,0.002719,172.31.40.0-255,66,227067,61,237907
10318,0.00273,172.31.40.0-255,66,227133,61,237907
10319,0.002745,172.217.194.0-255,5738,232871,61,237907
10320,0.002748,172.31.40.0-255,66,232937,61,237907
10321,0.002773,172.31.40.0-255,66,233003,61,237907
10322,0.002802,172.217.194.0-255,4496,237499,61,237907
10323,0.002806,172.31.40.0-255,66,237565,61,237907
10324,0.002809,172.217.194.0-255,105,237670,61,237907
10325,0.020954,172.31.40.0-255,66,237736,61,237907
10326,0.021,172.31.40.0-255,105,237841,61,237907
10327,0.02331,172.217.194.0-255,66,237907,61,237907
10328,0.0,172.31.40.0-255,66,66,61,66
10329,0.0,172.217.194.0-255,147,147,61,127770
10330,1.9e-05,172.31.40.0-255,66,213,61,127770
10331,2.5e-05,172.217.194.0-255,1484,1697,61,127770
10332,2.9e-05,172.31.40.0-255,66,1763,61,127770
10333,3.4e-05,172.217.194.0-255,2902,4665,61,127770
10334,3.6e-05,172.31.40.0-255,66,4731,61,127770
10335,8.5e-05,172.217.194.0-255,7156,11887,61,127770
10336,8.8e-05,172.31.40.0-255,66,11953,61,127770
10337,0.000234,172.217.194.0-255,2003,13956,61,127770
10338,0.000238,172.31.40.0-255,66,14022,61,127770
10339,0.000293,172.31.40.0-255,66,14088,61,127770
10340,0.00062,172.31.40.0-255,66,14154,61,127770
10341,0.000838,172.217.194.0-255,4320,18474,61,127770
10342,0.000844,172.31.40.0-255,66,18540,61,127770
10343,0.000865,172.217.194.0-255,3602,22142,61,127770
10344,0.000867,172.31.40.0-255,66,22208,61,127770
10345,0.001007,172.31.40.0-255,66,22274,61,127770
10346,0.001036,172.31.40.0-255,66,22340,61,127770
10347,0.001445,172.31.40.0-255,66,22406,61,127770
10348,0.001493,172.31.40.0-255,66,22472,61,127770
10349,0.002304,172.217.194.0-255,4320,26792,61,127770
10350,0.002308,172.31.40.0-255,66,26858,61,127770
10351,0.002346,172.31.40.0-255,66,26924,61,127770
10352,0.002376,172.31.40.0-255,66,26990,61,127770
10353,0.003305,172.31.40.0-255,66,27056,61,127770
10354,0.003403,172.31.40.0-255,66,27122,61,127770
10355,0.004291,172.31.40.0-255,66,27188,61,127770
10356,0.004371,172.31.40.0-255,66,27254,61,127770
10357,0.006917,172.217.194.0-255,5738,32992,61,127770
10358,0.006925,172.31.40.0-255,66,33058,61,127770
10359,0.009468,172.217.194.0-255,5738,38796,61,127770
10360,0.009477,172.31.40.0-255,66,38862,61,127770
10361,0.012025,172.217.194.0-255,5738,44600,61,127770
10362,0.012564,172.31.40.0-255,66,44666,61,127770
10363,0.015115,172.217.194.0-255,2902,47568,61,127770
10364,0.015133,172.31.40.0-255,66,47634,61,127770
10365,0.015163,172.217.194.0-255,2902,50536,61,127770
10366,0.015225,172.31.40.0-255,66,50602,61,127770
10367,0.017685,172.217.194.0-255,2902,53504,61,127770
10368,0.017696,172.31.40.0-255,66,53570,61,127770
10369,0.017752,172.217.194.0-255,2902,56472,61,127770
10370,0.01827,172.31.40.0-255,66,56538,61,127770
10371,0.02025,172.217.194.0-255,2902,59440,61,127770
10372,0.020257,172.31.40.0-255,66,59506,61,127770
10373,0.020806,172.217.194.0-255,2902,62408,61,127770
10374,0.020812,172.31.40.0-255,66,62474,61,127770
10375,0.022789,172.217.194.0-255,2902,65376,61,127770
10376,0.022797,172.31.40.0-255,66,65442,61,127770
10377,0.023363,172.217.194.0-255,2902,68344,61,127770
10378,0.023369,172.31.40.0-255,66,68410,61,127770
10379,0.025399,172.217.194.0-255,2902,71312,61,127770
10380,0.025413,172.31.40.0-255,66,71378,61,127770
10381,0.025912,172.217.194.0-255,2902,74280,61,127770
10382,0.025919,172.31.40.0-255,66,74346,61,127770
10383,0.027938,172.217.194.0-255,2902,77248,61,127770
10384,0.027945,172.31.40.0-255,66,77314,61,127770
10385,0.028461,172.217.194.0-255,2902,80216,61,127770
10386,0.028467,172.31.40.0-255,66,80282,61,127770
10387,0.030477,172.217.194.0-255,2902,83184,61,127770
10388,0.030484,172.31.40.0-255,66,83250,61,127770
10389,0.030984,172.217.194.0-255,2902,86152,61,127770
10390,0.030989,172.31.40.0-255,66,86218,61,127770
10391,0.033036,172.217.194.0-255,2902,89120,61,127770
10392,0.033052,172.31.40.0-255,66,89186,61,127770
10393,0.033536,172.217.194.0-255,2902,92088,61,127770
10394,0.033543,172.31.40.0-255,66,92154,61,127770
10395,0.035579,172.217.194.0-255,2902,95056,61,127770
10396,0.035589,172.31.40.0-255,66,95122,61,127770
10397,0.036093,172.217.194.0-255,2902,98024,61,127770
10398,0.0361,172.31.40.0-255,66,98090,61,127770
10399,0.038144,172.217.194.0-255,2902,100992,61,127770
10400,0.038152,172.31.40.0-255,66,101058,61,127770
10401,0.038652,172.217.194.0-255,2902,103960,61,127770
10402,0.038657,172.31.40.0-255,66,104026,61,127770
10403,0.040731,172.217.194.0-255,2902,106928,61,127770
10404,0.040746,172.31.40.0-255,66,106994,61,127770
10405,0.041184,172.217.194.0-255,2902,109896,61,127770
10406,0.04119,172.31.40.0-255,66,109962,61,127770
10407,0.043291,172.217.194.0-255,2902,112864,61,127770
10408,0.043298,172.31.40.0-255,66,112930,61,127770
10409,0.043738,172.217.194.0-255,2902,115832,61,127770
10410,0.043743,172.31.40.0-255,66,115898,61,127770
10411,0.04585,172.217.194.0-255,2902,118800,61,127770
10412,0.045857,172.31.40.0-255,66,118866,61,127770
10413,0.046284,172.217.194.0-255,2902,121768,61,127770
10414,0.04629,172.31.40.0-255,66,121834,61,127770
10415,0.048413,172.217.194.0-255,2902,124736,61,127770
10416,0.04843,172.31.40.0-255,66,124802,61,127770
10417,0.048823,172.217.194.0-255,2902,127704,61,127770
10418,0.048829,172.31.40.0-255,66,127770,61,127770
10419,0.0,172.217.194.0-255,146,146,61,172326
10420,2e-05,172.31.40.0-255,66,212,61,172326
10421,2.7e-05,172.217.194.0-255,1484,1696,61,172326
10422,3.2e-05,172.31.40.0-255,66,1762,61,172326
10423,3.8e-05,172.217.194.0-255,2902,4664,61,172326
10424,4.1e-05,172.31.40.0-255,66,4730,61,172326
10425,4.9e-05,172.217.194.0-255,7156,11886,61,172326
10426,5.1e-05,172.31.40.0-255,66,11952,61,172326
10427,7.1e-05,172.217.194.0-255,1484,13436,61,172326
10428,7.3e-05,172.31.40.0-255,66,13502,61,172326
10429,0.000103,172.31.40.0-255,66,13568,61,172326
10430,0.000118,172.31.40.0-255,66,13634,61,172326
10431,0.000147,172.31.40.0-255,66,13700,61,172326
10432,0.000172,172.217.194.0-255,4320,18020,61,172326
10433,0.000175,172.31.40.0-255,66,18086,61,172326
10434,0.000199,172.217.194.0-255,7156,25242,61,172326
10435,0.000201,172.31.40.0-255,66,25308,61,172326
10436,0.000216,172.217.194.0-255,2902,28210,61,172326
10437,0.000218,172.31.40.0-255,66,28276,61,172326
10438,0.00024,172.217.194.0-255,2833,31109,61,172326
10439,0.000243,172.31.40.0-255,66,31175,61,172326
10440,0.001374,172.217.194.0-255,365,31540,61,172326
10441,0.001382,172.31.40.0-255,66,31606,61,172326
10442,0.001405,172.217.194.0-255,1484,33090,61,172326
10443,0.001408,172.31.40.0-255,66,33156,61,172326
10444,0.001437,172.217.194.0-255,4320,37476,61,172326
10445,0.001439,172.31.40.0-255,66,37542,61,172326
10446,0.001452,172.31.40.0-255,66,37608,61,172326
10447,0.001457,172.217.194.0-255,2902,40510,61,172326
10448,0.001459,172.31.40.0-255,66,40576,61,172326
10449,0.001492,172.31.40.0-255,66,40642,61,172326
10450,0.001495,172.217.194.0-255,1484,42126,61,172326
10451,0.001498,172.31.40.0-255,66,42192,61,172326
10452,0.001515,172.217.194.0-255,5020,47212,61,172326
10453,0.001517,172.31.40.0-255,66,47278,61,172326
10454,0.003894,172.217.194.0-255,4320,51598,61,172326
10455,0.0039,172.31.40.0-255,66,51664,61,172326
10456,0.003918,172.217.194.0-255,1484,53148,61,172326
10457,0.003921,172.31.40.0-255,66,53214,61,172326
10458,0.006312,172.217.194.0-255,2902,56116,61,172326
10459,0.006318,172.31.40.0-255,66,56182,61,172326
10460,0.006336,172.217.194.0-255,2902,59084,61,172326
10461,0.006339,172.31.40.0-255,66,59150,61,172326
10462,0.008698,172.217.194.0-255,2902,62052,61,172326
10463,0.008707,172.31.40.0-255,66,62118,61,172326
10464,0.008729,172.217.194.0-255,2902,65020,61,172326
10465,0.008731,172.31.40.0-255,66,65086,61,172326
10466,0.011097,172.217.194.0-255,2902,67988,61,172326
10467,0.011105,172.31.40.0-255,66,68054,61,172326
10468,0.011112,172.217.194.0-255,2902,70956,61,172326
10469,0.011114,172.31.40.0-255,66,71022,61,172326
10470,0.013505,172.217.194.0-255,4320,75342,61,172326
10471,0.013513,172.31.40.0-255,66,75408,61,172326
10472,0.01353,172.217.194.0-255,1484,76892,61,172326
10473,0.013533,172.31.40.0-255,66,76958,61,172326
10474,0.015907,172.217.194.0-255,5738,82696,61,172326
10475,0.015916,172.31.40.0-255,66,82762,61,172326
10476,0.018318,172.217.194.0-255,5738,88500,61,172326
10477,0.018326,172.31.40.0-255,66,88566,61,172326
10478,0.020711,172.217.194.0-255,5738,94304,61,172326
10479,0.020718,172.31.40.0-255,66,94370,61,172326
10480,0.023094,172.217.194.0-255,5738,100108,61,172326
10481,0.023103,172.31.40.0-255,66,100174,61,172326
10482,0.025502,172.217.194.0-255,5738,105912,61,172326
10483,0.025512,172.31.40.0-255,66,105978,61,172326
10484,0.027892,172.217.194.0-255,5738,111716,61,172326
10485,0.0279,172.31.40.0-255,66,111782,61,172326
10486,0.028292,172.31.40.0-255,172,111954,61,172326
10487,0.028324,172.31.40.0-255,1116,113070,61,172326
10488,0.028391,172.31.40.0-255,1514,114584,61,172326
10489,0.028393,172.31.40.0-255,1514,116098,61,172326
10490,0.028394,172.31.40.0-255,1514,117612,61,172326
10491,0.028396,172.31.40.0-255,1514,119126,61,172326
10492,0.028397,172.31.40.0-255,526,119652,61,172326
10493,0.029857,104.244.42.0-255,66,119718,61,172326
10494,0.029909,104.244.42.0-255,66,119784,61,172326
10495,0.030015,104.244.42.0-255,66,119850,61,172326
10496,0.030036,104.244.42.0-255,66,119916,61,172326
10497,0.030262,172.217.194.0-255,5738,125654,61,172326
10498,0.030269,172.31.40.0-255,66,125720,61,172326
10499,0.030717,104.244.42.0-255,108,125828,61,172326
10500,0.030725,172.31.40.0-255,66,125894,61,172326
10501,0.032662,172.217.194.0-255,5738,131632,61,172326
10502,0.032669,172.31.40.0-255,66,131698,61,172326
10503,0.035062,172.217.194.0-255,5738,137436,61,172326
10504,0.035069,172.31.40.0-255,66,137502,61,172326
10505,0.037466,172.217.194.0-255,5738,143240,61,172326
10506,0.037473,172.31.40.0-255,66,143306,61,172326
10507,0.039866,172.217.194.0-255,5738,149044,61,172326
10508,0.039873,172.31.40.0-255,66,149110,61,172326
10509,0.042246,172.217.194.0-255,5738,154848,61,172326
10510,0.042253,172.31.40.0-255,66,154914,61,172326
10511,0.044686,172.217.194.0-255,5738,160652,61,172326
10512,0.044693,172.31.40.0-255,66,160718,61,172326
10513,0.047206,172.217.194.0-255,5738,166456,61,172326
10514,0.047214,172.31.40.0-255,66,166522,61,172326
10515,0.049634,172.217.194.0-255,5738,172260,61,172326
10516,0.049646,172.31.40.0-255,66,172326,61,172326
10517,0.0,172.217.194.0-255,148,148,61,215768
10518,2.4e-05,172.31.40.0-255,66,214,61,215768
10519,3.1e-05,172.217.194.0-255,1484,1698,61,215768
10520,3.5e-05,172.31.40.0-255,66,1764,61,215768
10521,4e-05,172.217.194.0-255,2902,4666,61,215768
10522,4.4e-05,172.31.40.0-255,66,4732,61,215768
10523,5.1e-05,172.217.194.0-255,7156,11888,61,215768
10524,5.4e-05,172.31.40.0-255,66,11954,61,215768
10525,6.6e-05,172.217.194.0-255,2063,14017,61,215768
10526,6.9e-05,172.31.40.0-255,66,14083,61,215768
10527,0.000104,172.217.194.0-255,2902,16985,61,215768
10528,0.000107,172.31.40.0-255,66,17051,61,215768
10529,0.000118,172.217.194.0-255,7156,24207,61,215768
10530,0.000121,172.31.40.0-255,66,24273,61,215768
10531,0.000128,172.217.194.0-255,6797,31070,61,215768
10532,0.000131,172.31.40.0-255,66,31136,61,215768
10533,0.00051,172.217.194.0-255,1484,32620,61,215768
10534,0.000515,172.31.40.0-255,66,32686,61,215768
10535,0.000521,172.217.194.0-255,2902,35588,61,215768
10536,0.000523,172.31.40.0-255,66,35654,61,215768
10537,0.000534,172.217.194.0-255,5738,41392,61,215768
10538,0.000537,172.31.40.0-255,66,41458,61,215768
10539,0.000588,172.31.40.0-255,66,41524,61,215768
10540,0.0006,172.31.40.0-255,66,41590,61,215768
10541,0.000751,172.217.194.0-255,119,41709,61,215768
10542,0.000755,172.31.40.0-255,66,41775,61,215768
10543,0.000889,172.217.194.0-255,1484,43259,61,215768
10544,0.000893,172.31.40.0-255,66,43325,61,215768
10545,0.000897,172.217.194.0-255,1484,44809,61,215768
10546,0.000899,172.31.40.0-255,66,44875,61,215768
10547,0.000929,172.217.194.0-255,1484,46359,61,215768
10548,0.00094,172.217.194.0-255,5738,52097,61,215768
10549,0.000942,172.31.40.0-255,66,52163,61,215768
10550,0.00095,172.217.194.0-255,5738,57901,61,215768
10551,0.000952,172.31.40.0-255,66,57967,61,215768
10552,0.000979,172.217.194.0-255,7156,65123,61,215768
10553,0.000982,172.31.40.0-255,66,65189,61,215768
10554,0.000988,172.217.194.0-255,4320,69509,61,215768
10555,0.00099,172.31.40.0-255,66,69575,61,215768
10556,0.00102,172.217.194.0-255,2902,72477,61,215768
10557,0.001022,172.31.40.0-255,66,72543,61,215768
10558,0.001035,172.217.194.0-255,3913,76456,61,215768
10559,0.001041,172.31.40.0-255,66,76522,61,215768
10560,0.002118,172.217.194.0-255,1484,78006,61,215768
10561,0.002129,172.217.194.0-255,2902,80908,61,215768
10562,0.002134,172.31.40.0-255,66,80974,61,215768
10563,0.002142,172.217.194.0-255,4320,85294,61,215768
10564,0.002143,172.31.40.0-255,66,85360,61,215768
10565,0.002165,172.217.194.0-255,1484,86844,61,215768
10566,0.002182,172.31.40.0-255,66,86910,61,215768
10567,0.002218,172.31.40.0-255,66,86976,61,215768
10568,0.002249,172.217.194.0-255,3602,90578,61,215768
10569,0.002252,172.31.40.0-255,66,90644,61,215768
10570,0.002384,172.217.194.0-255,1484,92128,61,215768
10571,0.00239,172.217.194.0-255,2902,95030,61,215768
10572,0.002392,172.31.40.0-255,66,95096,61,215768
10573,0.002398,172.217.194.0-255,4320,99416,61,215768
10574,0.0024,172.31.40.0-255,66,99482,61,215768
10575,0.00242,172.217.194.0-255,1484,100966,61,215768
10576,0.002424,172.217.194.0-255,1484,102450,61,215768
10577,0.00243,172.31.40.0-255,66,102516,61,215768
10578,0.00244,172.31.40.0-255,66,102582,61,215768
10579,0.002462,172.217.194.0-255,4320,106902,61,215768
10580,0.002468,172.31.40.0-255,66,106968,61,215768
10581,0.002502,172.31.40.0-255,66,107034,61,215768
10582,0.002518,172.31.40.0-255,66,107100,61,215768
10583,0.002523,172.217.194.0-255,4320,111420,61,215768
10584,0.002526,172.31.40.0-255,66,111486,61,215768
10585,0.002556,172.217.194.0-255,4320,115806,61,215768
10586,0.002558,172.31.40.0-255,66,115872,61,215768
10587,0.002576,172.31.40.0-255,66,115938,61,215768
10588,0.002608,172.217.194.0-255,2184,118122,61,215768
10589,0.00261,172.31.40.0-255,66,118188,61,215768
10590,0.005171,172.217.194.0-255,2902,121090,61,215768
10591,0.005176,172.31.40.0-255,66,121156,61,215768
10592,0.005227,172.217.194.0-255,2902,124058,61,215768
10593,0.005231,172.31.40.0-255,66,124124,61,215768
10594,0.007762,172.217.194.0-255,2902,127026,61,215768
10595,0.007768,172.31.40.0-255,66,127092,61,215768
10596,0.007837,172.217.194.0-255,2902,129994,61,215768
10597,0.00784,172.31.40.0-255,66,130060,61,215768
10598,0.010407,172.217.194.0-255,4320,134380,61,215768
10599,0.010414,172.31.40.0-255,66,134446,61,215768
10600,0.010445,172.217.194.0-255,1484,135930,61,215768
10601,0.013021,172.217.194.0-255,4320,140250,61,215768
10602,0.013029,172.31.40.0-255,66,140316,61,215768
10603,0.015649,172.217.194.0-255,5738,146054,61,215768
10604,0.015657,172.31.40.0-255,66,146120,61,215768
10605,0.018271,172.217.194.0-255,5738,151858,61,215768
10606,0.01828,172.31.40.0-255,66,151924,61,215768
10607,0.020913,172.217.194.0-255,5738,157662,61,215768
10608,0.020923,172.31.40.0-255,66,157728,61,215768
10609,0.023569,172.217.194.0-255,5738,163466,61,215768
10610,0.023578,172.31.40.0-255,66,163532,61,215768
10611,0.026226,172.217.194.0-255,5738,169270,61,215768
10612,0.026235,172.31.40.0-255,66,169336,61,215768
10613,0.028864,172.217.194.0-255,5738,175074,61,215768
10614,0.028897,172.31.40.0-255,66,175140,61,215768
10615,0.031559,172.217.194.0-255,5738,180878,61,215768
10616,0.031575,172.31.40.0-255,66,180944,61,215768
10617,0.034239,172.217.194.0-255,5738,186682,61,215768
10618,0.034262,172.31.40.0-255,66,186748,61,215768
10619,0.036885,172.217.194.0-255,5738,192486,61,215768
10620,0.036893,172.31.40.0-255,66,192552,61,215768
10621,0.039517,172.217.194.0-255,5738,198290,61,215768
10622,0.039535,172.31.40.0-255,66,198356,61,215768
10623,0.042183,172.217.194.0-255,5738,204094,61,215768
10624,0.04219,172.31.40.0-255,66,204160,61,215768
10625,0.044803,172.217.194.0-255,5738,209898,61,215768
10626,0.044811,172.31.40.0-255,66,209964,61,215768
10627,0.047466,172.217.194.0-255,5738,215702,61,215768
10628,0.047493,172.31.40.0-255,66,215768,61,215768
10629,0.0,172.217.194.0-255,150,150,61,162388
10630,2.1e-05,172.31.40.0-255,66,216,61,162388
10631,2.9e-05,172.217.194.0-255,1484,1700,61,162388
10632,3.5e-05,172.31.40.0-255,66,1766,61,162388
10633,4.8e-05,172.217.194.0-255,2902,4668,61,162388
10634,5.2e-05,172.31.40.0-255,66,4734,61,162388
10635,9.7e-05,172.217.194.0-255,4320,9054,61,162388
10636,0.0001,172.31.40.0-255,66,9120,61,162388
10637,0.000132,172.217.194.0-255,2902,12022,61,162388
10638,0.000134,172.31.40.0-255,66,12088,61,162388
10639,0.000262,172.217.194.0-255,2145,14233,61,162388
10640,0.000268,172.31.40.0-255,66,14299,61,162388
10641,0.000533,172.217.194.0-255,1484,15783,61,162388
10642,0.000538,172.31.40.0-255,66,15849,61,162388
10643,0.000544,172.217.194.0-255,2902,18751,61,162388
10644,0.000547,172.31.40.0-255,66,18817,61,162388
10645,0.00058,172.217.194.0-255,5738,24555,61,162388
10646,0.000583,172.31.40.0-255,66,24621,61,162388
10647,0.000702,172.217.194.0-255,6797,31418,61,162388
10648,0.000706,172.31.40.0-255,66,31484,61,162388
10649,0.000848,172.217.194.0-255,1484,32968,61,162388
10650,0.000852,172.31.40.0-255,66,33034,61,162388
10651,0.000877,172.217.194.0-255,2902,35936,61,162388
10652,0.00088,172.31.40.0-255,66,36002,61,162388
10653,0.000945,172.217.194.0-255,4320,40322,61,162388
10654,0.000948,172.31.40.0-255,66,40388,61,162388
10655,0.000959,172.217.194.0-255,1484,41872,61,162388
10656,0.000965,172.31.40.0-255,66,41938,61,162388
10657,0.001065,172.217.194.0-255,2902,44840,61,162388
10658,0.00107,172.31.40.0-255,66,44906,61,162388
10659,0.001092,172.217.194.0-255,5379,50285,61,162388
10660,0.001096,172.31.40.0-255,66,50351,61,162388
10661,0.001247,172.217.194.0-255,4320,54671,61,162388
10662,0.001252,172.31.40.0-255,66,54737,61,162388
10663,0.001278,172.31.40.0-255,66,54803,61,162388
10664,0.001546,172.217.194.0-255,389,55192,61,162388
10665,0.001554,172.217.194.0-255,385,55577,61,162388
10666,0.001587,172.217.194.0-255,1484,57061,61,162388
10667,0.001593,172.31.40.0-255,66,57127,61,162388
10668,0.001622,172.217.194.0-255,1484,58611,61,162388
10669,0.001646,172.217.194.0-255,7156,65767,61,162388
10670,0.001649,172.31.40.0-255,66,65833,61,162388
10671,0.001794,172.217.194.0-255,1484,67317,61,162388
10672,0.001835,172.217.194.0-255,1484,68801,61,162388
10673,0.002132,172.217.194.0-255,4320,73121,61,162388
10674,0.002151,172.217.194.0-255,3602,76723,61,162388
10675,0.002304,172.217.194.0-255,4320,81043,61,162388
10676,0.002322,172.217.194.0-255,4320,85363,61,162388
10677,0.002483,172.217.194.0-255,2902,88265,61,162388
10678,0.002884,172.217.194.0-255,1484,89749,61,162388
10679,0.002921,172.217.194.0-255,5020,94769,61,162388
10680,0.003019,172.217.194.0-255,1484,96253,61,162388
10681,0.003053,172.217.194.0-255,1484,97737,61,162388
10682,0.003067,172.217.194.0-255,1484,99221,61,162388
10683,0.003128,172.217.194.0-255,4320,103541,61,162388
10684,0.003143,172.217.194.0-255,1484,105025,61,162388
10685,0.003249,172.217.194.0-255,2902,107927,61,162388
10686,0.00328,172.217.194.0-255,1484,109411,61,162388
10687,0.003526,172.217.194.0-255,7156,116567,61,162388
10688,0.003547,172.217.194.0-255,3602,120169,61,162388
10689,0.003755,172.217.194.0-255,7156,127325,61,162388
10690,0.003772,172.217.194.0-255,1484,128809,61,162388
10691,0.003922,172.31.40.0-255,66,128875,61,162388
10692,0.003994,172.31.40.0-255,66,128941,61,162388
10693,0.00415,172.217.194.0-255,2902,131843,61,162388
10694,0.004175,172.31.40.0-255,66,131909,61,162388
10695,0.00424,172.217.194.0-255,3602,135511,61,162388
10696,0.004248,172.31.40.0-255,66,135577,61,162388
10697,0.004477,172.217.194.0-255,7156,142733,61,162388
10698,0.004482,172.31.40.0-255,66,142799,61,162388
10699,0.004519,172.31.40.0-255,66,142865,61,162388
10700,0.004847,172.217.194.0-255,4320,147185,61,162388
10701,0.004851,172.31.40.0-255,66,147251,61,162388
10702,0.004888,172.31.40.0-255,66,147317,61,162388
10703,0.005208,172.31.40.0-255,66,147383,61,162388
10704,0.007855,172.217.194.0-255,7156,154539,61,162388
10705,0.008854,172.217.194.0-255,1484,156023,61,162388
10706,0.008903,172.217.194.0-255,5537,161560,61,162388
10707,0.013771,172.31.40.0-255,66,161626,61,162388
10708,0.015968,172.31.40.0-255,105,161731,61,162388
10709,0.016013,172.31.40.0-255,105,161836,61,162388
10710,0.016297,172.31.40.0-255,90,161926,61,162388
10711,0.016308,172.31.40.0-255,66,161992,61,162388
10712,0.017959,172.217.194.0-255,66,162058,61,162388
10713,0.018,172.217.194.0-255,66,162124,61,162388
10714,0.01827,172.217.194.0-255,66,162190,61,162388
10715,0.018283,172.217.194.0-255,66,162256,61,162388
10716,0.018288,172.31.40.0-255,66,162322,61,162388
10717,0.018292,172.217.194.0-255,66,162388,61,162388
10718,0.0,74.125.68.0-255,150,150,61,235761
10719,2.4e-05,172.31.40.0-255,66,216,61,235761
10720,3.2e-05,74.125.68.0-255,1484,1700,61,235761
10721,3.6e-05,172.31.40.0-255,66,1766,61,235761
10722,4.2e-05,74.125.68.0-255,2902,4668,61,235761
10723,4.4e-05,172.31.40.0-255,66,4734,61,235761
10724,6.4e-05,74.125.68.0-255,1484,6218,61,235761
10725,6.6e-05,172.31.40.0-255,66,6284,61,235761
10726,7.2e-05,74.125.68.0-255,2902,9186,61,235761
10727,7.4e-05,172.31.40.0-255,66,9252,61,235761
10728,0.00012,74.125.68.0-255,1484,10736,61,235761
10729,0.000122,172.31.40.0-255,66,10802,61,235761
10730,0.000142,74.125.68.0-255,5006,15808,61,235761
10731,0.000145,172.31.40.0-255,66,15874,61,235761
10732,0.000152,74.125.68.0-255,7156,23030,61,235761
10733,0.000154,172.31.40.0-255,66,23096,61,235761
10734,0.000181,172.31.40.0-255,66,23162,61,235761
10735,0.000306,74.125.68.0-255,1484,24646,61,235761
10736,0.000311,172.31.40.0-255,66,24712,61,235761
10737,0.000317,74.125.68.0-255,2902,27614,61,235761
10738,0.00032,172.31.40.0-255,66,27680,61,235761
10739,0.00034,74.125.68.0-255,5738,33418,61,235761
10740,0.000344,172.31.40.0-255,66,33484,61,235761
10741,0.000357,74.125.68.0-255,1484,34968,61,235761
10742,0.000358,172.31.40.0-255,66,35034,61,235761
10743,0.000382,74.125.68.0-255,5379,40413,61,235761
10744,0.000384,172.31.40.0-255,66,40479,61,235761
10745,0.000391,74.125.68.0-255,7156,47635,61,235761
10746,0.000394,172.31.40.0-255,66,47701,61,235761
10747,0.000419,172.31.40.0-255,66,47767,61,235761
10748,0.000434,74.125.68.0-255,398,48165,61,235761
10749,0.000784,74.125.68.0-255,345,48510,61,235761
10750,0.000933,74.125.68.0-255,1484,49994,61,235761
10751,0.000938,172.31.40.0-255,66,50060,61,235761
10752,0.000943,74.125.68.0-255,2902,52962,61,235761
10753,0.000949,172.31.40.0-255,66,53028,61,235761
10754,0.000963,74.125.68.0-255,5738,58766,61,235761
10755,0.000968,74.125.68.0-255,2902,61668,61,235761
10756,0.00097,74.125.68.0-255,1484,63152,61,235761
10757,0.000992,74.125.68.0-255,2902,66054,61,235761
10758,0.000996,74.125.68.0-255,2902,68956,61,235761
10759,0.001007,172.31.40.0-255,66,69022,61,235761
10760,0.001014,74.125.68.0-255,5738,74760,61,235761
10761,0.00102,74.125.68.0-255,5738,80498,61,235761
10762,0.001025,172.31.40.0-255,66,80564,61,235761
10763,0.00104,74.125.68.0-255,1484,82048,61,235761
10764,0.001054,74.125.68.0-255,766,82814,61,235761
10765,0.001058,172.31.40.0-255,66,82880,61,235761
10766,0.001364,74.125.68.0-255,1484,84364,61,235761
10767,0.001379,74.125.68.0-255,1484,85848,61,235761
10768,0.001384,172.31.40.0-255,66,85914,61,235761
10769,0.001394,74.125.68.0-255,2902,88816,61,235761
10770,0.001421,172.31.40.0-255,66,88882,61,235761
10771,0.001429,74.125.68.0-255,1484,90366,61,235761
10772,0.001455,74.125.68.0-255,2902,93268,61,235761
10773,0.001469,172.31.40.0-255,66,93334,61,235761
10774,0.001472,74.125.68.0-255,1484,94818,61,235761
10775,0.001491,74.125.68.0-255,2902,97720,61,235761
10776,0.00151,74.125.68.0-255,4320,102040,61,235761
10777,0.001513,172.31.40.0-255,66,102106,61,235761
10778,0.001518,172.31.40.0-255,66,102172,61,235761
10779,0.001529,74.125.68.0-255,1484,103656,61,235761
10780,0.001551,74.125.68.0-255,1484,105140,61,235761
10781,0.001562,172.31.40.0-255,66,105206,61,235761
10782,0.001572,74.125.68.0-255,2902,108108,61,235761
10783,0.001575,74.125.68.0-255,1484,109592,61,235761
10784,0.001579,74.125.68.0-255,2902,112494,61,235761
10785,0.001585,172.31.40.0-255,66,112560,61,235761
10786,0.001644,74.125.68.0-255,5020,117580,61,235761
10787,0.001672,172.31.40.0-255,66,117646,61,235761
10788,0.002075,74.125.68.0-255,1484,119130,61,235761
10789,0.003721,74.125.68.0-255,4320,123450,61,235761
10790,0.003728,172.31.40.0-255,66,123516,61,235761
10791,0.005782,74.125.68.0-255,5738,129254,61,235761
10792,0.011278,172.31.40.0-255,66,129320,61,235761
10793,0.013351,74.125.68.0-255,5738,135058,61,235761
10794,0.013365,172.31.40.0-255,66,135124,61,235761
10795,0.015437,74.125.68.0-255,5738,140862,61,235761
10796,0.015452,172.31.40.0-255,66,140928,61,235761
10797,0.017514,74.125.68.0-255,5738,146666,61,235761
10798,0.017522,172.31.40.0-255,66,146732,61,235761
10799,0.019582,74.125.68.0-255,5738,152470,61,235761
10800,0.019591,172.31.40.0-255,66,152536,61,235761
10801,0.021647,74.125.68.0-255,5738,158274,61,235761
10802,0.021922,172.31.40.0-255,66,158340,61,235761
10803,0.024007,74.125.68.0-255,5738,164078,61,235761
10804,0.024016,172.31.40.0-255,66,164144,61,235761
10805,0.026089,74.125.68.0-255,5738,169882,61,235761
10806,0.026095,172.31.40.0-255,66,169948,61,235761
10807,0.028205,74.125.68.0-255,5738,175686,61,235761
10808,0.02822,172.31.40.0-255,66,175752,61,235761
10809,0.030288,74.125.68.0-255,5738,181490,61,235761
10810,0.030297,172.31.40.0-255,66,181556,61,235761
10811,0.032361,74.125.68.0-255,5738,187294,61,235761
10812,0.032375,172.31.40.0-255,66,187360,61,235761
10813,0.034434,74.125.68.0-255,4320,191680,61,235761
10814,0.03444,172.31.40.0-255,66,191746,61,235761
10815,0.034462,74.125.68.0-255,1484,193230,61,235761
10816,0.035956,172.31.40.0-255,167,193397,61,235761
10817,0.035989,172.31.40.0-255,1121,194518,61,235761
10818,0.036046,172.31.40.0-255,1514,196032,61,235761
10819,0.036048,172.31.40.0-255,321,196353,61,235761
10820,0.036487,74.125.68.0-255,4320,200673,61,235761
10821,0.036495,172.31.40.0-255,66,200739,61,235761
10822,0.037493,104.244.42.0-255,66,200805,61,235761
10823,0.037548,104.244.42.0-255,66,200871,61,235761
10824,0.037599,104.244.42.0-255,66,200937,61,235761
10825,0.038556,74.125.68.0-255,5738,206675,61,235761
10826,0.03862,172.31.40.0-255,66,206741,61,235761
10827,0.040686,74.125.68.0-255,5738,212479,61,235761
10828,0.040699,172.31.40.0-255,66,212545,61,235761
10829,0.042839,74.125.68.0-255,5738,218283,61,235761
10830,0.042858,172.31.40.0-255,66,218349,61,235761
10831,0.044941,74.125.68.0-255,5738,224087,61,235761
10832,0.044957,172.31.40.0-255,66,224153,61,235761
10833,0.047025,74.125.68.0-255,5738,229891,61,235761
10834,0.047035,172.31.40.0-255,66,229957,61,235761
10835,0.049121,74.125.68.0-255,5738,235695,61,235761
10836,0.049139,172.31.40.0-255,66,235761,61,235761
10837,0.0,74.125.24.0-255,97,97,61,229
10838,0.001635,104.244.42.0-255,66,163,61,229
10839,0.036979,172.31.40.0-255,66,229,61,229
10840,0.0,74.125.24.0-255,150,150,61,183680
10841,2.2e-05,172.31.40.0-255,66,216,61,183680
10842,2.9e-05,74.125.24.0-255,1484,1700,61,183680
10843,3.5e-05,172.31.40.0-255,66,1766,61,183680
10844,5.1e-05,74.125.24.0-255,2902,4668,61,183680
10845,5.6e-05,172.31.40.0-255,66,4734,61,183680
10846,6.3e-05,74.125.24.0-255,7156,11890,61,183680
10847,6.6e-05,172.31.40.0-255,66,11956,61,183680
10848,7e-05,74.125.24.0-255,2002,13958,61,183680
10849,7.2e-05,172.31.40.0-255,66,14024,61,183680
10850,0.000577,74.125.24.0-255,1484,15508,61,183680
10851,0.000583,172.31.40.0-255,66,15574,61,183680
10852,0.000591,74.125.24.0-255,2902,18476,61,183680
10853,0.000594,172.31.40.0-255,66,18542,61,183680
10854,0.000607,74.125.24.0-255,5738,24280,61,183680
10855,0.000608,172.31.40.0-255,66,24346,61,183680
10856,0.000632,74.125.24.0-255,1484,25830,61,183680
10857,0.000634,172.31.40.0-255,66,25896,61,183680
10858,0.000667,74.125.24.0-255,5379,31275,61,183680
10859,0.000671,172.31.40.0-255,66,31341,61,183680
10860,0.000858,74.125.24.0-255,1484,32825,61,183680
10861,0.000863,172.31.40.0-255,66,32891,61,183680
10862,0.000869,74.125.24.0-255,2902,35793,61,183680
10863,0.000871,172.31.40.0-255,66,35859,61,183680
10864,0.000884,74.125.24.0-255,5738,41597,61,183680
10865,0.000886,172.31.40.0-255,66,41663,61,183680
10866,0.000928,172.31.40.0-255,66,41729,61,183680
10867,0.000977,172.31.40.0-255,66,41795,61,183680
10868,0.001367,74.125.24.0-255,646,42441,61,183680
10869,0.001373,172.31.40.0-255,66,42507,61,183680
10870,0.001621,74.125.24.0-255,1484,43991,61,183680
10871,0.001627,74.125.24.0-255,2902,46893,61,183680
10872,0.001629,172.31.40.0-255,66,46959,61,183680
10873,0.001633,74.125.24.0-255,1484,48443,61,183680
10874,0.00166,74.125.24.0-255,4320,52763,61,183680
10875,0.001663,172.31.40.0-255,66,52829,61,183680
10876,0.001675,172.31.40.0-255,66,52895,61,183680
10877,0.001687,74.125.24.0-255,7156,60051,61,183680
10878,0.00169,172.31.40.0-255,66,60117,61,183680
10879,0.001704,74.125.24.0-255,4320,64437,61,183680
10880,0.001707,172.31.40.0-255,66,64503,61,183680
10881,0.001715,74.125.24.0-255,2184,66687,61,183680
10882,0.001717,172.31.40.0-255,66,66753,61,183680
10883,0.00404,74.125.24.0-255,5738,72491,61,183680
10884,0.004047,172.31.40.0-255,66,72557,61,183680
10885,0.006357,74.125.24.0-255,5738,78295,61,183680
10886,0.006365,172.31.40.0-255,66,78361,61,183680
10887,0.008683,74.125.24.0-255,5738,84099,61,183680
10888,0.00869,172.31.40.0-255,66,84165,61,183680
10889,0.011017,74.125.24.0-255,5738,89903,61,183680
10890,0.011025,172.31.40.0-255,66,89969,61,183680
10891,0.013348,74.125.24.0-255,5738,95707,61,183680
10892,0.013358,172.31.40.0-255,66,95773,61,183680
10893,0.015698,74.125.24.0-255,5738,101511,61,183680
10894,0.015708,172.31.40.0-255,66,101577,61,183680
10895,0.018028,74.125.24.0-255,5738,107315,61,183680
10896,0.018034,172.31.40.0-255,66,107381,61,183680
10897,0.019095,172.31.40.0-255,167,107548,61,183680
10898,0.01913,172.31.40.0-255,614,108162,61,183680
10899,0.020364,74.125.24.0-255,5738,113900,61,183680
10900,0.020373,172.31.40.0-255,66,113966,61,183680
10901,0.021337,104.244.42.0-255,66,114032,61,183680
10902,0.022677,74.125.24.0-255,5738,119770,61,183680
10903,0.022683,172.31.40.0-255,66,119836,61,183680
10904,0.02503,74.125.24.0-255,5738,125574,61,183680
10905,0.025037,172.31.40.0-255,66,125640,61,183680
10906,0.027363,74.125.24.0-255,5738,131378,61,183680
10907,0.027369,172.31.40.0-255,66,131444,61,183680
10908,0.029714,74.125.24.0-255,5738,137182,61,183680
10909,0.02972,172.31.40.0-255,66,137248,61,183680
10910,0.032026,74.125.24.0-255,5738,142986,61,183680
10911,0.032033,172.31.40.0-255,66,143052,61,183680
10912,0.034376,74.125.24.0-255,5738,148790,61,183680
10913,0.034388,172.31.40.0-255,66,148856,61,183680
10914,0.036722,74.125.24.0-255,5738,154594,61,183680
10915,0.036729,172.31.40.0-255,66,154660,61,183680
10916,0.039075,74.125.24.0-255,5738,160398,61,183680
10917,0.039095,172.31.40.0-255,66,160464,61,183680
10918,0.041428,74.125.24.0-255,5738,166202,61,183680
10919,0.041448,172.31.40.0-255,66,166268,61,183680
10920,0.04377,74.125.24.0-255,5738,172006,61,183680
10921,0.043789,172.31.40.0-255,66,172072,61,183680
10922,0.046173,74.125.24.0-255,5738,177810,61,183680
10923,0.046183,172.31.40.0-255,66,177876,61,183680
10924,0.048515,74.125.24.0-255,5738,183614,61,183680
10925,0.048533,172.31.40.0-255,66,183680,61,183680
10926,0.0,172.217.26.0-255,153,153,61,340103
10927,2.2e-05,172.31.40.0-255,66,219,61,340103
10928,2.9e-05,172.217.26.0-255,1484,1703,61,340103
10929,3.3e-05,172.31.40.0-255,66,1769,61,340103
10930,3.9e-05,172.217.26.0-255,2902,4671,61,340103
10931,4.2e-05,172.31.40.0-255,66,4737,61,340103
10932,4.8e-05,172.217.26.0-255,5738,10475,61,340103
10933,5.1e-05,172.31.40.0-255,66,10541,61,340103
10934,5.8e-05,172.217.26.0-255,6238,16779,61,340103
10935,6e-05,172.31.40.0-255,66,16845,61,340103
10936,9.1e-05,172.31.40.0-255,66,16911,61,340103
10937,0.000114,172.217.26.0-255,5379,22290,61,340103
10938,0.000116,172.31.40.0-255,66,22356,61,340103
10939,0.000144,172.217.26.0-255,1484,23840,61,340103
10940,0.000146,172.31.40.0-255,66,23906,61,340103
10941,0.00015,172.217.26.0-255,2902,26808,61,340103
10942,0.000152,172.31.40.0-255,66,26874,61,340103
10943,0.000172,172.217.26.0-255,5738,32612,61,340103
10944,0.000174,172.31.40.0-255,66,32678,61,340103
10945,0.000196,172.217.26.0-255,6797,39475,61,340103
10946,0.000198,172.31.40.0-255,66,39541,61,340103
10947,0.000276,172.217.26.0-255,1484,41025,61,340103
10948,0.000279,172.31.40.0-255,66,41091,61,340103
10949,0.000305,172.217.26.0-255,2902,43993,61,340103
10950,0.000307,172.31.40.0-255,66,44059,61,340103
10951,0.000312,172.217.26.0-255,4320,48379,61,340103
10952,0.000314,172.31.40.0-255,66,48445,61,340103
10953,0.000349,172.217.26.0-255,5738,54183,61,340103
10954,0.000352,172.31.40.0-255,66,54249,61,340103
10955,0.000367,172.217.26.0-255,2543,56792,61,340103
10956,0.000369,172.31.40.0-255,66,56858,61,340103
10957,0.000575,172.217.26.0-255,393,57251,61,340103
10958,0.000816,172.217.26.0-255,114,57365,61,340103
10959,0.000919,172.217.26.0-255,1484,58849,61,340103
10960,0.000924,172.31.40.0-255,66,58915,61,340103
10961,0.00094,172.217.26.0-255,2902,61817,61,340103
10962,0.000943,172.31.40.0-255,66,61883,61,340103
10963,0.000946,172.217.26.0-255,1484,63367,61,340103
10964,0.000979,172.217.26.0-255,4320,67687,61,340103
10965,0.000982,172.31.40.0-255,66,67753,61,340103
10966,0.00099,172.217.26.0-255,6797,74550,61,340103
10967,0.000992,172.31.40.0-255,66,74616,61,340103
10968,0.001,172.217.26.0-255,7156,81772,61,340103
10969,0.001002,172.31.40.0-255,66,81838,61,340103
10970,0.001008,172.217.26.0-255,5738,87576,61,340103
10971,0.001011,172.31.40.0-255,66,87642,61,340103
10972,0.001025,172.217.26.0-255,2902,90544,61,340103
10973,0.001027,172.31.40.0-255,66,90610,61,340103
10974,0.00104,172.217.26.0-255,1125,91735,61,340103
10975,0.001103,172.217.26.0-255,1484,93219,61,340103
10976,0.001106,172.31.40.0-255,66,93285,61,340103
10977,0.001112,172.217.26.0-255,2902,96187,61,340103
10978,0.001115,172.31.40.0-255,66,96253,61,340103
10979,0.001119,172.217.26.0-255,1484,97737,61,340103
10980,0.001136,172.217.26.0-255,4320,102057,61,340103
10981,0.00114,172.31.40.0-255,66,102123,61,340103
10982,0.001174,172.31.40.0-255,66,102189,61,340103
10983,0.001185,172.31.40.0-255,66,102255,61,340103
10984,0.001207,172.217.26.0-255,2184,104439,61,340103
10985,0.001211,172.31.40.0-255,66,104505,61,340103
10986,0.001272,172.217.26.0-255,1484,105989,61,340103
10987,0.001278,172.217.26.0-255,2902,108891,61,340103
10988,0.001281,172.31.40.0-255,66,108957,61,340103
10989,0.001308,172.217.26.0-255,5738,114695,61,340103
10990,0.001311,172.31.40.0-255,66,114761,61,340103
10991,0.001319,172.217.26.0-255,7156,121917,61,340103
10992,0.001321,172.31.40.0-255,66,121983,61,340103
10993,0.001347,172.217.26.0-255,4320,126303,61,340103
10994,0.00135,172.31.40.0-255,66,126369,61,340103
10995,0.001364,172.31.40.0-255,66,126435,61,340103
10996,0.001554,172.217.26.0-255,1484,127919,61,340103
10997,0.00157,172.217.26.0-255,1484,129403,61,340103
10998,0.001574,172.31.40.0-255,66,129469,61,340103
10999,0.001592,172.217.26.0-255,2902,132371,61,340103
11000,0.001595,172.31.40.0-255,66,132437,61,340103
11001,0.001618,172.217.26.0-255,5738,138175,61,340103
11002,0.001621,172.31.40.0-255,66,138241,61,340103
11003,0.001629,172.217.26.0-255,7156,145397,61,340103
11004,0.001631,172.31.40.0-255,66,145463,61,340103
11005,0.001675,172.217.26.0-255,7156,152619,61,340103
11006,0.001679,172.31.40.0-255,66,152685,61,340103
11007,0.001696,172.217.26.0-255,1484,154169,61,340103
11008,0.001704,172.217.26.0-255,6438,160607,61,340103
11009,0.001707,172.31.40.0-255,66,160673,61,340103
11010,0.001758,172.217.26.0-255,1484,162157,61,340103
11011,0.001764,172.217.26.0-255,2902,165059,61,340103
11012,0.001767,172.31.40.0-255,66,165125,61,340103
11013,0.001774,172.217.26.0-255,5738,170863,61,340103
11014,0.001776,172.31.40.0-255,66,170929,61,340103
11015,0.001781,172.217.26.0-255,4320,175249,61,340103
11016,0.001783,172.31.40.0-255,66,175315,61,340103
11017,0.00179,172.217.26.0-255,5738,181053,61,340103
11018,0.001791,172.31.40.0-255,66,181119,61,340103
11019,0.001794,172.217.26.0-255,1484,182603,61,340103
11020,0.00182,172.31.40.0-255,66,182669,61,340103
11021,0.001824,172.217.26.0-255,2184,184853,61,340103
11022,0.001826,172.31.40.0-255,66,184919,61,340103
11023,0.00195,172.217.26.0-255,1484,186403,61,340103
11024,0.001968,172.217.26.0-255,2902,189305,61,340103
11025,0.001972,172.31.40.0-255,66,189371,61,340103
11026,0.001979,172.217.26.0-255,4320,193691,61,340103
11027,0.001981,172.31.40.0-255,66,193757,61,340103
11028,0.002025,172.217.26.0-255,1484,195241,61,340103
11029,0.002038,172.217.26.0-255,7156,202397,61,340103
11030,0.002041,172.31.40.0-255,66,202463,61,340103
11031,0.002058,172.31.40.0-255,66,202529,61,340103
11032,0.00206,172.217.26.0-255,1484,204013,61,340103
11033,0.002063,172.217.26.0-255,766,204779,61,340103
11034,0.002065,172.31.40.0-255,66,204845,61,340103
11035,0.00403,172.217.26.0-255,2902,207747,61,340103
11036,0.004037,172.31.40.0-255,66,207813,61,340103
11037,0.00405,172.217.26.0-255,2902,210715,61,340103
11038,0.004053,172.31.40.0-255,66,210781,61,340103
11039,0.006024,172.217.26.0-255,2902,213683,61,340103
11040,0.006028,172.31.40.0-255,66,213749,61,340103
11041,0.006041,172.217.26.0-255,2902,216651,61,340103
11042,0.006044,172.31.40.0-255,66,216717,61,340103
11043,0.008002,172.217.26.0-255,2902,219619,61,340103
11044,0.008008,172.31.40.0-255,66,219685,61,340103
11045,0.008028,172.217.26.0-255,2902,222587,61,340103
11046,0.00803,172.31.40.0-255,66,222653,61,340103
11047,0.010001,172.217.26.0-255,5738,228391,61,340103
11048,0.010023,172.31.40.0-255,66,228457,61,340103
11049,0.012011,172.217.26.0-255,5738,234195,61,340103
11050,0.012021,172.31.40.0-255,66,234261,61,340103
11051,0.014046,172.217.26.0-255,5738,239999,61,340103
11052,0.014052,172.31.40.0-255,66,240065,61,340103
11053,0.016044,172.217.26.0-255,5738,245803,61,340103
11054,0.016053,172.31.40.0-255,66,245869,61,340103
11055,0.018054,172.217.26.0-255,5738,251607,61,340103
11056,0.018061,172.31.40.0-255,66,251673,61,340103
11057,0.020054,172.217.26.0-255,5738,257411,61,340103
11058,0.020064,172.31.40.0-255,66,257477,61,340103
11059,0.022052,172.217.26.0-255,5738,263215,61,340103
11060,0.022058,172.31.40.0-255,66,263281,61,340103
11061,0.024058,172.217.26.0-255,5738,269019,61,340103
11062,0.024065,172.31.40.0-255,66,269085,61,340103
11063,0.026045,172.217.26.0-255,5738,274823,61,340103
11064,0.026052,172.31.40.0-255,66,274889,61,340103
11065,0.028048,172.217.26.0-255,5738,280627,61,340103
11066,0.028055,172.31.40.0-255,66,280693,61,340103
11067,0.030049,172.217.26.0-255,5738,286431,61,340103
11068,0.030057,172.31.40.0-255,66,286497,61,340103
11069,0.032046,172.217.26.0-255,5738,292235,61,340103
11070,0.032054,172.31.40.0-255,66,292301,61,340103
11071,0.034043,172.217.26.0-255,5738,298039,61,340103
11072,0.03405,172.31.40.0-255,66,298105,61,340103
11073,0.036038,172.217.26.0-255,5738,303843,61,340103
11074,0.036045,172.31.40.0-255,66,303909,61,340103
11075,0.038037,172.217.26.0-255,5738,309647,61,340103
11076,0.038043,172.31.40.0-255,66,309713,61,340103
11077,0.039787,172.31.40.0-255,172,309885,61,340103
11078,0.03982,172.31.40.0-255,1066,310951,61,340103
11079,0.040064,172.217.26.0-255,5738,316689,61,340103
11080,0.04007,172.31.40.0-255,66,316755,61,340103
11081,0.041311,104.244.42.0-255,66,316821,61,340103
11082,0.041347,104.244.42.0-255,66,316887,61,340103
11083,0.042052,172.217.26.0-255,5738,322625,61,340103
11084,0.042062,172.31.40.0-255,66,322691,61,340103
11085,0.044083,172.217.26.0-255,5738,328429,61,340103
11086,0.044089,172.31.40.0-255,66,328495,61,340103
11087,0.046064,172.217.26.0-255,5738,334233,61,340103
11088,0.046069,172.31.40.0-255,66,334299,61,340103
11089,0.048066,172.217.26.0-255,5738,340037,61,340103
11090,0.048073,172.31.40.0-255,66,340103,61,340103
11091,0.0,172.217.194.0-255,153,153,61,195016
11092,3.4e-05,172.31.40.0-255,66,219,61,195016
11093,4e-05,172.217.194.0-255,1484,1703,61,195016
11094,4.4e-05,172.31.40.0-255,66,1769,61,195016
11095,4.9e-05,172.217.194.0-255,2902,4671,61,195016
11096,5.1e-05,172.31.40.0-255,66,4737,61,195016
11097,5.7e-05,172.217.194.0-255,5738,10475,61,195016
11098,6e-05,172.31.40.0-255,66,10541,61,195016
11099,0.000105,172.31.40.0-255,66,10607,61,195016
11100,0.000108,172.217.194.0-255,1484,12091,61,195016
11101,0.00011,172.31.40.0-255,66,12157,61,195016
11102,0.000154,172.217.194.0-255,2902,15059,61,195016
11103,0.000157,172.31.40.0-255,66,15125,61,195016
11104,0.000176,172.217.194.0-255,2543,17668,61,195016
11105,0.00018,172.31.40.0-255,66,17734,61,195016
11106,0.000359,172.217.194.0-255,1484,19218,61,195016
11107,0.000364,172.31.40.0-255,66,19284,61,195016
11108,0.00037,172.217.194.0-255,2902,22186,61,195016
11109,0.000372,172.31.40.0-255,66,22252,61,195016
11110,0.000397,172.217.194.0-255,2902,25154,61,195016
11111,0.0004,172.31.40.0-255,66,25220,61,195016
11112,0.000424,172.217.194.0-255,2902,28122,61,195016
11113,0.000428,172.31.40.0-255,66,28188,61,195016
11114,0.000435,172.217.194.0-255,6797,34985,61,195016
11115,0.000438,172.31.40.0-255,66,35051,61,195016
11116,0.000442,172.217.194.0-255,2902,37953,61,195016
11117,0.000446,172.31.40.0-255,66,38019,61,195016
11118,0.000481,172.217.194.0-255,2796,40815,61,195016
11119,0.000481,172.31.40.0-255,66,40881,61,195016
11120,0.000483,172.217.194.0-255,118,40999,61,195016
11121,0.000484,172.217.194.0-255,381,41380,61,195016
11122,0.000485,172.31.40.0-255,66,41446,61,195016
11123,0.000667,172.217.194.0-255,1484,42930,61,195016
11124,0.000671,172.31.40.0-255,66,42996,61,195016
11125,0.000677,172.217.194.0-255,2902,45898,61,195016
11126,0.000679,172.31.40.0-255,66,45964,61,195016
11127,0.000698,172.217.194.0-255,5738,51702,61,195016
11128,0.000701,172.31.40.0-255,66,51768,61,195016
11129,0.000707,172.217.194.0-255,7156,58924,61,195016
11130,0.00071,172.31.40.0-255,66,58990,61,195016
11131,0.00076,172.31.40.0-255,66,59056,61,195016
11132,0.000764,172.217.194.0-255,2184,61240,61,195016
11133,0.000768,172.31.40.0-255,66,61306,61,195016
11134,0.002318,172.217.194.0-255,1484,62790,61,195016
11135,0.002329,172.217.194.0-255,2902,65692,61,195016
11136,0.002333,172.31.40.0-255,66,65758,61,195016
11137,0.00234,172.217.194.0-255,5738,71496,61,195016
11138,0.002342,172.31.40.0-255,66,71562,61,195016
11139,0.002345,172.217.194.0-255,1484,73046,61,195016
11140,0.002367,172.31.40.0-255,66,73112,61,195016
11141,0.002393,172.217.194.0-255,1484,74596,61,195016
11142,0.002404,172.31.40.0-255,66,74662,61,195016
11143,0.004749,172.217.194.0-255,5738,80400,61,195016
11144,0.004754,172.31.40.0-255,66,80466,61,195016
11145,0.007122,172.217.194.0-255,5738,86204,61,195016
11146,0.00713,172.31.40.0-255,66,86270,61,195016
11147,0.009495,172.217.194.0-255,5738,92008,61,195016
11148,0.009504,172.31.40.0-255,66,92074,61,195016
11149,0.01187,172.217.194.0-255,5738,97812,61,195016
11150,0.011877,172.31.40.0-255,66,97878,61,195016
11151,0.014213,172.217.194.0-255,5738,103616,61,195016
11152,0.014222,172.31.40.0-255,66,103682,61,195016
11153,0.016558,172.217.194.0-255,5738,109420,61,195016
11154,0.016565,172.31.40.0-255,66,109486,61,195016
11155,0.01892,172.217.194.0-255,5738,115224,61,195016
11156,0.018926,172.31.40.0-255,66,115290,61,195016
11157,0.021273,172.217.194.0-255,5738,121028,61,195016
11158,0.021281,172.31.40.0-255,66,121094,61,195016
11159,0.023625,172.217.194.0-255,5738,126832,61,195016
11160,0.023633,172.31.40.0-255,66,126898,61,195016
11161,0.024293,172.31.40.0-255,167,127065,61,195016
11162,0.024325,172.31.40.0-255,1119,128184,61,195016
11163,0.024387,172.31.40.0-255,1514,129698,61,195016
11164,0.024389,172.31.40.0-255,1276,130974,61,195016
11165,0.025902,104.244.42.0-255,66,131040,61,195016
11166,0.025965,104.244.42.0-255,66,131106,61,195016
11167,0.025972,172.217.194.0-255,5738,136844,61,195016
11168,0.025976,172.31.40.0-255,66,136910,61,195016
11169,0.026066,104.244.42.0-255,66,136976,61,195016
11170,0.02834,172.217.194.0-255,5738,142714,61,195016
11171,0.028347,172.31.40.0-255,66,142780,61,195016
11172,0.030704,172.217.194.0-255,5738,148518,61,195016
11173,0.030712,172.31.40.0-255,66,148584,61,195016
11174,0.033082,172.217.194.0-255,5738,154322,61,195016
11175,0.033089,172.31.40.0-255,66,154388,61,195016
11176,0.035416,172.217.194.0-255,5738,160126,61,195016
11177,0.035422,172.31.40.0-255,66,160192,61,195016
11178,0.037779,172.217.194.0-255,5738,165930,61,195016
11179,0.037785,172.31.40.0-255,66,165996,61,195016
11180,0.040136,172.217.194.0-255,5738,171734,61,195016
11181,0.040145,172.31.40.0-255,66,171800,61,195016
11182,0.042491,172.217.194.0-255,5738,177538,61,195016
11183,0.042497,172.31.40.0-255,66,177604,61,195016
11184,0.044836,172.217.194.0-255,5738,183342,61,195016
11185,0.044841,172.31.40.0-255,66,183408,61,195016
11186,0.047207,172.217.194.0-255,5738,189146,61,195016
11187,0.047213,172.31.40.0-255,66,189212,61,195016
11188,0.049563,172.217.194.0-255,5738,194950,61,195016
11189,0.049569,172.31.40.0-255,66,195016,61,195016
11190,0.0,74.125.200.0-255,296,296,61,198748
11191,3.6e-05,172.31.40.0-255,66,362,61,198748
11192,4.3e-05,74.125.200.0-255,1484,1846,61,198748
11193,4.8e-05,172.31.40.0-255,66,1912,61,198748
11194,5.4e-05,74.125.200.0-255,4320,6232,61,198748
11195,5.7e-05,172.31.40.0-255,66,6298,61,198748
11196,6.2e-05,74.125.200.0-255,5738,12036,61,198748
11197,6.5e-05,172.31.40.0-255,66,12102,61,198748
11198,0.000106,74.125.200.0-255,1875,13977,61,198748
11199,0.000111,172.31.40.0-255,66,14043,61,198748
11200,0.000153,74.125.200.0-255,2902,16945,61,198748
11201,0.000157,172.31.40.0-255,66,17011,61,198748
11202,0.00018,74.125.200.0-255,4320,21331,61,198748
11203,0.000184,172.31.40.0-255,66,21397,61,198748
11204,0.000204,74.125.200.0-255,2902,24299,61,198748
11205,0.000206,172.31.40.0-255,66,24365,61,198748
11206,0.000228,74.125.200.0-255,5738,30103,61,198748
11207,0.000231,172.31.40.0-255,66,30169,61,198748
11208,0.000249,74.125.200.0-255,1125,31294,61,198748
11209,0.000251,172.31.40.0-255,66,31360,61,198748
11210,0.000495,74.125.200.0-255,1484,32844,61,198748
11211,0.000501,172.31.40.0-255,66,32910,61,198748
11212,0.000507,74.125.200.0-255,2902,35812,61,198748
11213,0.000509,172.31.40.0-255,66,35878,61,198748
11214,0.000512,74.125.200.0-255,1484,37362,61,198748
11215,0.000514,172.31.40.0-255,66,37428,61,198748
11216,0.00055,74.125.200.0-255,2902,40330,61,198748
11217,0.000555,172.31.40.0-255,66,40396,61,198748
11218,0.000561,74.125.200.0-255,5738,46134,61,198748
11219,0.000564,172.31.40.0-255,66,46200,61,198748
11220,0.000568,74.125.200.0-255,2902,49102,61,198748
11221,0.00057,172.31.40.0-255,66,49168,61,198748
11222,0.000586,74.125.200.0-255,5379,54547,61,198748
11223,0.000594,74.125.200.0-255,7156,61703,61,198748
11224,0.0006,172.31.40.0-255,66,61769,61,198748
11225,0.000617,74.125.200.0-255,1484,63253,61,198748
11226,0.000622,74.125.200.0-255,2543,65796,61,198748
11227,0.000625,172.31.40.0-255,66,65862,61,198748
11228,0.00065,74.125.200.0-255,398,66260,61,198748
11229,0.000909,172.31.40.0-255,66,66326,61,198748
11230,0.00101,74.125.200.0-255,109,66435,61,198748
11231,0.00127,74.125.200.0-255,333,66768,61,198748
11232,0.001914,74.125.200.0-255,1484,68252,61,198748
11233,0.001922,74.125.200.0-255,2902,71154,61,198748
11234,0.001925,74.125.200.0-255,1484,72638,61,198748
11235,0.001947,74.125.200.0-255,4320,76958,61,198748
11236,0.001953,74.125.200.0-255,4320,81278,61,198748
11237,0.001977,74.125.200.0-255,5738,87016,61,198748
11238,0.001994,74.125.200.0-255,1484,88500,61,198748
11239,0.002026,74.125.200.0-255,2184,90684,61,198748
11240,0.006246,172.31.40.0-255,66,90750,61,198748
11241,0.008845,74.125.200.0-255,5738,96488,61,198748
11242,0.008853,172.31.40.0-255,66,96554,61,198748
11243,0.011409,74.125.200.0-255,5738,102292,61,198748
11244,0.01142,172.31.40.0-255,66,102358,61,198748
11245,0.014017,74.125.200.0-255,5738,108096,61,198748
11246,0.014025,172.31.40.0-255,66,108162,61,198748
11247,0.016583,74.125.200.0-255,5738,113900,61,198748
11248,0.016597,172.31.40.0-255,66,113966,61,198748
11249,0.019156,74.125.200.0-255,5738,119704,61,198748
11250,0.019164,172.31.40.0-255,66,119770,61,198748
11251,0.021723,74.125.200.0-255,5738,125508,61,198748
11252,0.021734,172.31.40.0-255,66,125574,61,198748
11253,0.024297,74.125.200.0-255,5738,131312,61,198748
11254,0.024305,172.31.40.0-255,66,131378,61,198748
11255,0.026867,74.125.200.0-255,5738,137116,61,198748
11256,0.026874,172.31.40.0-255,66,137182,61,198748
11257,0.02943,74.125.200.0-255,5738,142920,61,198748
11258,0.029438,172.31.40.0-255,66,142986,61,198748
11259,0.032023,74.125.200.0-255,5738,148724,61,198748
11260,0.032042,172.31.40.0-255,66,148790,61,198748
11261,0.034591,74.125.200.0-255,5738,154528,61,198748
11262,0.034598,172.31.40.0-255,66,154594,61,198748
11263,0.034929,172.31.40.0-255,172,154766,61,198748
11264,0.034971,172.31.40.0-255,1120,155886,61,198748
11265,0.035058,172.31.40.0-255,1514,157400,61,198748
11266,0.035061,172.31.40.0-255,1514,158914,61,198748
11267,0.035062,172.31.40.0-255,1514,160428,61,198748
11268,0.035063,172.31.40.0-255,1514,161942,61,198748
11269,0.035093,172.31.40.0-255,1478,163420,61,198748
11270,0.036471,104.244.42.0-255,66,163486,61,198748
11271,0.036521,104.244.42.0-255,66,163552,61,198748
11272,0.036618,104.244.42.0-255,66,163618,61,198748
11273,0.036666,104.244.42.0-255,66,163684,61,198748
11274,0.037147,74.125.200.0-255,1484,165168,61,198748
11275,0.037178,74.125.200.0-255,4320,169488,61,198748
11276,0.037184,172.31.40.0-255,66,169554,61,198748
11277,0.038813,104.244.42.0-255,108,169662,61,198748
11278,0.038823,172.31.40.0-255,66,169728,61,198748
11279,0.039732,74.125.200.0-255,5738,175466,61,198748
11280,0.039737,172.31.40.0-255,66,175532,61,198748
11281,0.042292,74.125.200.0-255,5738,181270,61,198748
11282,0.042299,172.31.40.0-255,66,181336,61,198748
11283,0.044855,74.125.200.0-255,5738,187074,61,198748
11284,0.044862,172.31.40.0-255,66,187140,61,198748
11285,0.047428,74.125.200.0-255,5738,192878,61,198748
11286,0.047436,172.31.40.0-255,66,192944,61,198748
11287,0.049983,74.125.200.0-255,5738,198682,61,198748
11288,0.049988,172.31.40.0-255,66,198748,61,198748
11289,0.0,172.217.194.0-255,152,152,61,208699
11290,2.7e-05,172.31.40.0-255,66,218,61,208699
11291,3.5e-05,172.217.194.0-255,1484,1702,61,208699
11292,4e-05,172.31.40.0-255,66,1768,61,208699
11293,5.3e-05,172.217.194.0-255,2902,4670,61,208699
11294,5.7e-05,172.31.40.0-255,66,4736,61,208699
11295,6.5e-05,172.217.194.0-255,5738,10474,61,208699
11296,6.8e-05,172.31.40.0-255,66,10540,61,208699
11297,7.3e-05,172.217.194.0-255,2902,13442,61,208699
11298,7.7e-05,172.31.40.0-255,66,13508,61,208699
11299,0.00012,172.31.40.0-255,66,13574,61,208699
11300,0.000132,172.31.40.0-255,66,13640,61,208699
11301,0.000476,172.217.194.0-255,1484,15124,61,208699
11302,0.000483,172.31.40.0-255,66,15190,61,208699
11303,0.00049,172.217.194.0-255,2902,18092,61,208699
11304,0.000492,172.31.40.0-255,66,18158,61,208699
11305,0.000526,172.217.194.0-255,5738,23896,61,208699
11306,0.000529,172.31.40.0-255,66,23962,61,208699
11307,0.000537,172.217.194.0-255,7156,31118,61,208699
11308,0.00054,172.31.40.0-255,66,31184,61,208699
11309,0.000575,172.217.194.0-255,6797,37981,61,208699
11310,0.000587,172.217.194.0-255,365,38346,61,208699
11311,0.000595,172.31.40.0-255,66,38412,61,208699
11312,0.000599,172.31.40.0-255,66,38478,61,208699
11313,0.000601,172.31.40.0-255,66,38544,61,208699
11314,0.000669,172.217.194.0-255,1484,40028,61,208699
11315,0.000672,172.31.40.0-255,66,40094,61,208699
11316,0.000677,172.217.194.0-255,2902,42996,61,208699
11317,0.00068,172.31.40.0-255,66,43062,61,208699
11318,0.000701,172.217.194.0-255,4320,47382,61,208699
11319,0.000719,172.31.40.0-255,66,47448,61,208699
11320,0.000753,172.217.194.0-255,5738,53186,61,208699
11321,0.000766,172.217.194.0-255,2543,55729,61,208699
11322,0.000772,172.31.40.0-255,66,55795,61,208699
11323,0.000798,172.217.194.0-255,1484,57279,61,208699
11324,0.000818,172.217.194.0-255,2902,60181,61,208699
11325,0.000824,172.217.194.0-255,4320,64501,61,208699
11326,0.000837,172.217.194.0-255,1484,65985,61,208699
11327,0.000842,172.31.40.0-255,66,66051,61,208699
11328,0.00085,172.217.194.0-255,1484,67535,61,208699
11329,0.000891,172.31.40.0-255,66,67601,61,208699
11330,0.000899,172.217.194.0-255,1125,68726,61,208699
11331,0.000922,172.31.40.0-255,66,68792,61,208699
11332,0.000931,172.217.194.0-255,2902,71694,61,208699
11333,0.00098,172.217.194.0-255,1484,73178,61,208699
11334,0.000983,172.217.194.0-255,1484,74662,61,208699
11335,0.000991,172.31.40.0-255,66,74728,61,208699
11336,0.001,172.217.194.0-255,1484,76212,61,208699
11337,0.001007,172.217.194.0-255,5738,81950,61,208699
11338,0.001046,172.31.40.0-255,66,82016,61,208699
11339,0.001054,172.31.40.0-255,66,82082,61,208699
11340,0.001127,172.31.40.0-255,66,82148,61,208699
11341,0.001144,172.217.194.0-255,1484,83632,61,208699
11342,0.001148,172.217.194.0-255,2902,86534,61,208699
11343,0.001153,172.217.194.0-255,4320,90854,61,208699
11344,0.001171,172.217.194.0-255,1484,92338,61,208699
11345,0.001176,172.217.194.0-255,4320,96658,61,208699
11346,0.001192,172.31.40.0-255,66,96724,61,208699
11347,0.00121,172.31.40.0-255,66,96790,61,208699
11348,0.001251,172.31.40.0-255,66,96856,61,208699
11349,0.001263,172.217.194.0-255,2902,99758,61,208699
11350,0.00129,172.217.194.0-255,4320,104078,61,208699
11351,0.001301,172.217.194.0-255,1484,105562,61,208699
11352,0.001307,172.31.40.0-255,66,105628,61,208699
11353,0.001321,172.217.194.0-255,5738,111366,61,208699
11354,0.001348,172.217.194.0-255,766,112132,61,208699
11355,0.001368,172.31.40.0-255,66,112198,61,208699
11356,0.001517,172.217.194.0-255,1484,113682,61,208699
11357,0.001522,172.217.194.0-255,2902,116584,61,208699
11358,0.001536,172.31.40.0-255,66,116650,61,208699
11359,0.001553,172.217.194.0-255,5738,122388,61,208699
11360,0.001559,172.217.194.0-255,4320,126708,61,208699
11361,0.001565,172.31.40.0-255,66,126774,61,208699
11362,0.001618,172.217.194.0-255,5738,132512,61,208699
11363,0.001622,172.217.194.0-255,2902,135414,61,208699
11364,0.001635,172.31.40.0-255,66,135480,61,208699
11365,0.001652,172.217.194.0-255,2184,137664,61,208699
11366,0.001669,172.31.40.0-255,66,137730,61,208699
11367,0.001692,172.217.194.0-255,1484,139214,61,208699
11368,0.001695,172.217.194.0-255,1484,140698,61,208699
11369,0.001706,172.31.40.0-255,66,140764,61,208699
11370,0.001716,172.217.194.0-255,1484,142248,61,208699
11371,0.001727,172.217.194.0-255,5738,147986,61,208699
11372,0.001732,172.217.194.0-255,2902,150888,61,208699
11373,0.001752,172.31.40.0-255,66,150954,61,208699
11374,0.001784,172.217.194.0-255,4320,155274,61,208699
11375,0.001792,172.31.40.0-255,66,155340,61,208699
11376,0.001814,172.217.194.0-255,5738,161078,61,208699
11377,0.001817,172.217.194.0-255,766,161844,61,208699
11378,0.001828,172.31.40.0-255,66,161910,61,208699
11379,0.001866,172.217.194.0-255,1484,163394,61,208699
11380,0.001872,172.217.194.0-255,2902,166296,61,208699
11381,0.001878,172.217.194.0-255,5738,172034,61,208699
11382,0.001885,172.31.40.0-255,66,172100,61,208699
11383,0.001904,172.217.194.0-255,4320,176420,61,208699
11384,0.001923,172.31.40.0-255,66,176486,61,208699
11385,0.001965,172.31.40.0-255,66,176552,61,208699
11386,0.002124,172.217.194.0-255,1484,178036,61,208699
11387,0.00214,172.217.194.0-255,2902,180938,61,208699
11388,0.002145,172.217.194.0-255,4320,185258,61,208699
11389,0.002152,172.31.40.0-255,66,185324,61,208699
11390,0.00216,172.217.194.0-255,1484,186808,61,208699
11391,0.002229,172.31.40.0-255,66,186874,61,208699
11392,0.002273,172.31.40.0-255,66,186940,61,208699
11393,0.002284,172.217.194.0-255,5738,192678,61,208699
11394,0.002315,172.217.194.0-255,4320,196998,61,208699
11395,0.002343,172.217.194.0-255,1484,198482,61,208699
11396,0.002349,172.217.194.0-255,5738,204220,61,208699
11397,0.002358,172.217.194.0-255,788,205008,61,208699
11398,0.002361,172.217.194.0-255,97,205105,61,208699
11399,0.002366,172.31.40.0-255,66,205171,61,208699
11400,0.004699,172.217.194.0-255,105,205276,61,208699
11401,0.004808,172.31.40.0-255,66,205342,61,208699
11402,0.004842,172.31.40.0-255,105,205447,61,208699
11403,0.007171,172.217.194.0-255,66,205513,61,208699
11404,0.03124,172.31.40.0-255,166,205679,61,208699
11405,0.031273,172.31.40.0-255,1144,206823,61,208699
11406,0.031335,172.31.40.0-255,1514,208337,61,208699
11407,0.031336,172.31.40.0-255,296,208633,61,208699
11408,0.03371,104.244.42.0-255,66,208699,61,208699
11409,0.0,172.217.194.0-255,147,147,61,152854
11410,1.7e-05,172.31.40.0-255,66,213,61,152854
11411,2.4e-05,172.217.194.0-255,1484,1697,61,152854
11412,2.8e-05,172.31.40.0-255,66,1763,61,152854
11413,4.2e-05,172.217.194.0-255,2902,4665,61,152854
11414,4.6e-05,172.31.40.0-255,66,4731,61,152854
11415,6.8e-05,172.217.194.0-255,2902,7633,61,152854
11416,7.4e-05,172.31.40.0-255,66,7699,61,152854
11417,0.000104,172.217.194.0-255,4320,12019,61,152854
11418,0.000108,172.31.40.0-255,66,12085,61,152854
11419,0.000166,172.217.194.0-255,1484,13569,61,152854
11420,0.000168,172.31.40.0-255,66,13635,61,152854
11421,0.00021,172.31.40.0-255,66,13701,61,152854
11422,0.000394,172.217.194.0-255,3961,17662,61,152854
11423,0.000399,172.31.40.0-255,66,17728,61,152854
11424,0.000477,172.217.194.0-255,5738,23466,61,152854
11425,0.000481,172.31.40.0-255,66,23532,61,152854
11426,0.000522,172.31.40.0-255,66,23598,61,152854
11427,0.000767,172.217.194.0-255,5738,29336,61,152854
11428,0.000771,172.31.40.0-255,66,29402,61,152854
11429,0.000791,172.217.194.0-255,6751,36153,61,152854
11430,0.000793,172.31.40.0-255,66,36219,61,152854
11431,0.000949,172.217.194.0-255,7156,43375,61,152854
11432,0.000952,172.31.40.0-255,66,43441,61,152854
11433,0.001004,172.31.40.0-255,66,43507,61,152854
11434,0.001462,172.31.40.0-255,66,43573,61,152854
11435,0.001511,172.31.40.0-255,66,43639,61,152854
11436,0.001967,172.31.40.0-255,66,43705,61,152854
11437,0.002021,172.31.40.0-255,66,43771,61,152854
11438,0.002459,172.31.40.0-255,66,43837,61,152854
11439,0.003401,172.217.194.0-255,2902,46739,61,152854
11440,0.007442,172.31.40.0-255,66,46805,61,152854
11441,0.009717,172.217.194.0-255,5738,52543,61,152854
11442,0.009725,172.31.40.0-255,66,52609,61,152854
11443,0.012006,172.217.194.0-255,5738,58347,61,152854
11444,0.012022,172.31.40.0-255,66,58413,61,152854
11445,0.014297,172.217.194.0-255,4320,62733,61,152854
11446,0.014312,172.31.40.0-255,66,62799,61,152854
11447,0.014343,172.217.194.0-255,1484,64283,61,152854
11448,0.016566,172.217.194.0-255,4320,68603,61,152854
11449,0.016572,172.31.40.0-255,66,68669,61,152854
11450,0.018845,172.217.194.0-255,5738,74407,61,152854
11451,0.018854,172.31.40.0-255,66,74473,61,152854
11452,0.021142,172.217.194.0-255,5738,80211,61,152854
11453,0.02115,172.31.40.0-255,66,80277,61,152854
11454,0.023478,172.217.194.0-255,5738,86015,61,152854
11455,0.023485,172.31.40.0-255,66,86081,61,152854
11456,0.025754,172.217.194.0-255,5738,91819,61,152854
11457,0.025766,172.31.40.0-255,66,91885,61,152854
11458,0.028064,172.217.194.0-255,5738,97623,61,152854
11459,0.028073,172.31.40.0-255,66,97689,61,152854
11460,0.030358,172.217.194.0-255,5738,103427,61,152854
11461,0.030403,172.31.40.0-255,66,103493,61,152854
11462,0.032695,172.217.194.0-255,5738,109231,61,152854
11463,0.032702,172.31.40.0-255,66,109297,61,152854
11464,0.034958,172.217.194.0-255,4320,113617,61,152854
11465,0.034966,172.31.40.0-255,66,113683,61,152854
11466,0.034996,172.217.194.0-255,1484,115167,61,152854
11467,0.037234,172.217.194.0-255,4320,119487,61,152854
11468,0.037241,172.31.40.0-255,66,119553,61,152854
11469,0.039526,172.217.194.0-255,5738,125291,61,152854
11470,0.039543,172.31.40.0-255,66,125357,61,152854
11471,0.041827,172.217.194.0-255,5738,131095,61,152854
11472,0.041838,172.31.40.0-255,66,131161,61,152854
11473,0.044132,172.217.194.0-255,5738,136899,61,152854
11474,0.044144,172.31.40.0-255,66,136965,61,152854
11475,0.046435,172.217.194.0-255,5738,142703,61,152854
11476,0.046449,172.31.40.0-255,66,142769,61,152854
11477,0.047877,172.31.40.0-255,172,142941,61,152854
11478,0.047909,172.31.40.0-255,1121,144062,61,152854
11479,0.047966,172.31.40.0-255,1514,145576,61,152854
11480,0.047968,172.31.40.0-255,1276,146852,61,152854
11481,0.048717,172.217.194.0-255,5738,152590,61,152854
11482,0.048724,172.31.40.0-255,66,152656,61,152854
11483,0.049402,104.244.42.0-255,66,152722,61,152854
11484,0.049436,104.244.42.0-255,66,152788,61,152854
11485,0.049492,104.244.42.0-255,66,152854,61,152854
11486,0.0,172.217.194.0-255,153,153,61,264779
11487,2.5e-05,172.31.40.0-255,66,219,61,264779
11488,3.3e-05,172.217.194.0-255,1484,1703,61,264779
11489,3.8e-05,172.31.40.0-255,66,1769,61,264779
11490,4.4e-05,172.217.194.0-255,2902,4671,61,264779
11491,5.5e-05,172.31.40.0-255,66,4737,61,264779
11492,6.2e-05,172.217.194.0-255,5738,10475,61,264779
11493,6.5e-05,172.31.40.0-255,66,10541,61,264779
11494,0.000104,172.31.40.0-255,66,10607,61,264779
11495,0.000151,172.217.194.0-255,6797,17404,61,264779
11496,0.000154,172.31.40.0-255,66,17470,61,264779
11497,0.000183,172.217.194.0-255,4320,21790,61,264779
11498,0.000186,172.31.40.0-255,66,21856,61,264779
11499,0.000191,172.217.194.0-255,4320,26176,61,264779
11500,0.000194,172.31.40.0-255,66,26242,61,264779
11501,0.00021,172.217.194.0-255,1484,27726,61,264779
11502,0.000212,172.31.40.0-255,66,27792,61,264779
11503,0.000229,172.31.40.0-255,66,27858,61,264779
11504,0.000255,172.217.194.0-255,3961,31819,61,264779
11505,0.000257,172.31.40.0-255,66,31885,61,264779
11506,0.000262,172.217.194.0-255,2902,34787,61,264779
11507,0.000264,172.31.40.0-255,66,34853,61,264779
11508,0.000296,172.217.194.0-255,2902,37755,61,264779
11509,0.000299,172.31.40.0-255,66,37821,61,264779
11510,0.000326,172.217.194.0-255,5655,43476,61,264779
11511,0.000329,172.31.40.0-255,66,43542,61,264779
11512,0.000354,172.217.194.0-255,401,43943,61,264779
11513,0.000357,172.31.40.0-255,66,44009,61,264779
11514,0.000387,172.217.194.0-255,1484,45493,61,264779
11515,0.00039,172.31.40.0-255,66,45559,61,264779
11516,0.000426,172.217.194.0-255,2902,48461,61,264779
11517,0.000429,172.31.40.0-255,66,48527,61,264779
11518,0.000435,172.217.194.0-255,5738,54265,61,264779
11519,0.000437,172.31.40.0-255,66,54331,61,264779
11520,0.000444,172.217.194.0-255,6248,60579,61,264779
11521,0.000447,172.31.40.0-255,66,60645,61,264779
11522,0.00076,172.217.194.0-255,1484,62129,61,264779
11523,0.000769,172.217.194.0-255,2902,65031,61,264779
11524,0.000772,172.31.40.0-255,66,65097,61,264779
11525,0.000778,172.217.194.0-255,2902,67999,61,264779
11526,0.00078,172.31.40.0-255,66,68065,61,264779
11527,0.000805,172.217.194.0-255,2902,70967,61,264779
11528,0.000816,172.217.194.0-255,5738,76705,61,264779
11529,0.00083,172.31.40.0-255,66,76771,61,264779
11530,0.000833,172.31.40.0-255,66,76837,61,264779
11531,0.000835,172.31.40.0-255,66,76903,61,264779
11532,0.00085,172.217.194.0-255,1484,78387,61,264779
11533,0.000857,172.217.194.0-255,5020,83407,61,264779
11534,0.00086,172.31.40.0-255,66,83473,61,264779
11535,0.001241,172.217.194.0-255,1484,84957,61,264779
11536,0.001248,172.217.194.0-255,2902,87859,61,264779
11537,0.001251,172.31.40.0-255,66,87925,61,264779
11538,0.001287,172.217.194.0-255,5738,93663,61,264779
11539,0.001291,172.31.40.0-255,66,93729,61,264779
11540,0.001317,172.217.194.0-255,4320,98049,61,264779
11541,0.001319,172.31.40.0-255,66,98115,61,264779
11542,0.001349,172.217.194.0-255,7156,105271,61,264779
11543,0.001352,172.31.40.0-255,66,105337,61,264779
11544,0.001363,172.31.40.0-255,66,105403,61,264779
11545,0.001386,172.217.194.0-255,3602,109005,61,264779
11546,0.001392,172.31.40.0-255,66,109071,61,264779
11547,0.001736,172.217.194.0-255,1484,110555,61,264779
11548,0.00175,172.217.194.0-255,2902,113457,61,264779
11549,0.001754,172.31.40.0-255,66,113523,61,264779
11550,0.001761,172.217.194.0-255,5738,119261,61,264779
11551,0.001763,172.31.40.0-255,66,119327,61,264779
11552,0.001783,172.217.194.0-255,4320,123647,61,264779
11553,0.001785,172.31.40.0-255,66,123713,61,264779
11554,0.001827,172.31.40.0-255,66,123779,61,264779
11555,0.00184,172.31.40.0-255,66,123845,61,264779
11556,0.002074,172.217.194.0-255,1484,125329,61,264779
11557,0.00208,172.217.194.0-255,1484,126813,61,264779
11558,0.002084,172.31.40.0-255,66,126879,61,264779
11559,0.002111,172.217.194.0-255,1484,128363,61,264779
11560,0.00212,172.217.194.0-255,5738,134101,61,264779
11561,0.002122,172.31.40.0-255,66,134167,61,264779
11562,0.002138,172.31.40.0-255,66,134233,61,264779
11563,0.002206,172.217.194.0-255,5738,139971,61,264779
11564,0.002209,172.31.40.0-255,66,140037,61,264779
11565,0.002241,172.31.40.0-255,66,140103,61,264779
11566,0.002361,172.217.194.0-255,1484,141587,61,264779
11567,0.002368,172.217.194.0-255,2902,144489,61,264779
11568,0.002372,172.31.40.0-255,66,144555,61,264779
11569,0.002377,172.217.194.0-255,4320,148875,61,264779
11570,0.00238,172.31.40.0-255,66,148941,61,264779
11571,0.002408,172.217.194.0-255,1484,150425,61,264779
11572,0.002424,172.31.40.0-255,66,150491,61,264779
11573,0.002435,172.31.40.0-255,66,150557,61,264779
11574,0.002462,172.217.194.0-255,1484,152041,61,264779
11575,0.002516,172.31.40.0-255,66,152107,61,264779
11576,0.002534,172.31.40.0-255,66,152173,61,264779
11577,0.005113,172.217.194.0-255,5738,157911,61,264779
11578,0.005123,172.31.40.0-255,66,157977,61,264779
11579,0.007704,172.217.194.0-255,5738,163715,61,264779
11580,0.007724,172.31.40.0-255,66,163781,61,264779
11581,0.010285,172.217.194.0-255,5738,169519,61,264779
11582,0.0103,172.31.40.0-255,66,169585,61,264779
11583,0.012879,172.217.194.0-255,5738,175323,61,264779
11584,0.012888,172.31.40.0-255,66,175389,61,264779
11585,0.015467,172.217.194.0-255,5738,181127,61,264779
11586,0.01548,172.31.40.0-255,66,181193,61,264779
11587,0.018033,172.217.194.0-255,5738,186931,61,264779
11588,0.018044,172.31.40.0-255,66,186997,61,264779
11589,0.020626,172.217.194.0-255,5738,192735,61,264779
11590,0.020637,172.31.40.0-255,66,192801,61,264779
11591,0.023213,172.217.194.0-255,5738,198539,61,264779
11592,0.023229,172.31.40.0-255,66,198605,61,264779
11593,0.02579,172.217.194.0-255,5738,204343,61,264779
11594,0.025804,172.31.40.0-255,66,204409,61,264779
11595,0.028354,172.217.194.0-255,5738,210147,61,264779
11596,0.028363,172.31.40.0-255,66,210213,61,264779
11597,0.030956,172.217.194.0-255,5738,215951,61,264779
11598,0.03097,172.31.40.0-255,66,216017,61,264779
11599,0.032499,172.31.40.0-255,172,216189,61,264779
11600,0.03253,172.31.40.0-255,1115,217304,61,264779
11601,0.032599,172.31.40.0-255,1514,218818,61,264779
11602,0.032601,172.31.40.0-255,1514,220332,61,264779
11603,0.032602,172.31.40.0-255,1514,221846,61,264779
11604,0.032604,172.31.40.0-255,1514,223360,61,264779
11605,0.032604,172.31.40.0-255,527,223887,61,264779
11606,0.033564,172.217.194.0-255,5738,229625,61,264779
11607,0.033574,172.31.40.0-255,66,229691,61,264779
11608,0.034023,104.244.42.0-255,66,229757,61,264779
11609,0.03408,104.244.42.0-255,66,229823,61,264779
11610,0.034187,104.244.42.0-255,66,229889,61,264779
11611,0.034208,104.244.42.0-255,66,229955,61,264779
11612,0.036148,172.217.194.0-255,5738,235693,61,264779
11613,0.036155,172.31.40.0-255,66,235759,61,264779
11614,0.03872,172.217.194.0-255,5738,241497,61,264779
11615,0.038727,172.31.40.0-255,66,241563,61,264779
11616,0.041383,172.217.194.0-255,5738,247301,61,264779
11617,0.041394,172.31.40.0-255,66,247367,61,264779
11618,0.043981,172.217.194.0-255,5738,253105,61,264779
11619,0.043993,172.31.40.0-255,66,253171,61,264779
11620,0.046594,172.217.194.0-255,5738,258909,61,264779
11621,0.046606,172.31.40.0-255,66,258975,61,264779
11622,0.049204,172.217.194.0-255,5738,264713,61,264779
11623,0.049214,172.31.40.0-255,66,264779,61,264779
11624,0.0,172.217.27.0-255,147,147,61,266812
11625,3.1e-05,172.31.40.0-255,66,213,61,266812
11626,3.9e-05,172.217.27.0-255,1484,1697,61,266812
11627,4.3e-05,172.31.40.0-255,66,1763,61,266812
11628,4.9e-05,172.217.27.0-255,2902,4665,61,266812
11629,6.3e-05,172.31.40.0-255,66,4731,61,266812
11630,7.1e-05,172.217.27.0-255,7156,11887,61,266812
11631,7.3e-05,172.31.40.0-255,66,11953,61,266812
11632,7.8e-05,172.217.27.0-255,2001,13954,61,266812
11633,8e-05,172.31.40.0-255,66,14020,61,266812
11634,0.000142,172.217.27.0-255,1484,15504,61,266812
11635,0.000145,172.31.40.0-255,66,15570,61,266812
11636,0.000149,172.217.27.0-255,2902,18472,61,266812
11637,0.000152,172.31.40.0-255,66,18538,61,266812
11638,0.000155,172.217.27.0-255,1484,20022,61,266812
11639,0.000157,172.31.40.0-255,66,20088,61,266812
11640,0.000174,172.217.27.0-255,4320,24408,61,266812
11641,0.000177,172.31.40.0-255,66,24474,61,266812
11642,0.000202,172.217.27.0-255,1484,25958,61,266812
11643,0.000204,172.31.40.0-255,66,26024,61,266812
11644,0.000231,172.217.27.0-255,5379,31403,61,266812
11645,0.000234,172.31.40.0-255,66,31469,61,266812
11646,0.000421,172.217.27.0-255,1484,32953,61,266812
11647,0.000426,172.31.40.0-255,66,33019,61,266812
11648,0.000432,172.217.27.0-255,2902,35921,61,266812
11649,0.000434,172.31.40.0-255,66,35987,61,266812
11650,0.00044,172.217.27.0-255,5738,41725,61,266812
11651,0.000443,172.31.40.0-255,66,41791,61,266812
11652,0.000453,172.217.27.0-255,4320,46111,61,266812
11653,0.000455,172.31.40.0-255,66,46177,61,266812
11654,0.000497,172.31.40.0-255,66,46243,61,266812
11655,0.0005,172.217.27.0-255,1484,47727,61,266812
11656,0.000527,172.217.27.0-255,5379,53106,61,266812
11657,0.00053,172.31.40.0-255,66,53172,61,266812
11658,0.000533,172.217.27.0-255,396,53568,61,266812
11659,0.000875,172.217.27.0-255,347,53915,61,266812
11660,0.001054,172.217.27.0-255,1484,55399,61,266812
11661,0.001058,172.31.40.0-255,66,55465,61,266812
11662,0.001063,172.217.27.0-255,2902,58367,61,266812
11663,0.001065,172.31.40.0-255,66,58433,61,266812
11664,0.001068,172.217.27.0-255,1484,59917,61,266812
11665,0.001096,172.217.27.0-255,4320,64237,61,266812
11666,0.001098,172.31.40.0-255,66,64303,61,266812
11667,0.001137,172.217.27.0-255,6797,71100,61,266812
11668,0.001139,172.31.40.0-255,66,71166,61,266812
11669,0.001166,172.217.27.0-255,1484,72650,61,266812
11670,0.001172,172.217.27.0-255,2902,75552,61,266812
11671,0.001175,172.31.40.0-255,66,75618,61,266812
11672,0.001205,172.217.27.0-255,5738,81356,61,266812
11673,0.001208,172.31.40.0-255,66,81422,61,266812
11674,0.001216,172.217.27.0-255,6797,88219,61,266812
11675,0.001218,172.31.40.0-255,66,88285,61,266812
11676,0.002849,172.217.27.0-255,5738,94023,61,266812
11677,0.002856,172.31.40.0-255,66,94089,61,266812
11678,0.004493,172.217.27.0-255,2902,96991,61,266812
11679,0.004496,172.31.40.0-255,66,97057,61,266812
11680,0.004513,172.217.27.0-255,2902,99959,61,266812
11681,0.004516,172.31.40.0-255,66,100025,61,266812
11682,0.006128,172.217.27.0-255,2902,102927,61,266812
11683,0.006131,172.31.40.0-255,66,102993,61,266812
11684,0.006157,172.217.27.0-255,2902,105895,61,266812
11685,0.006159,172.31.40.0-255,66,105961,61,266812
11686,0.007771,172.217.27.0-255,2902,108863,61,266812
11687,0.007777,172.31.40.0-255,66,108929,61,266812
11688,0.007807,172.217.27.0-255,2902,111831,61,266812
11689,0.007811,172.31.40.0-255,66,111897,61,266812
11690,0.009414,172.217.27.0-255,2902,114799,61,266812
11691,0.009421,172.31.40.0-255,66,114865,61,266812
11692,0.009448,172.217.27.0-255,2902,117767,61,266812
11693,0.009451,172.31.40.0-255,66,117833,61,266812
11694,0.011061,172.217.27.0-255,2902,120735,61,266812
11695,0.011068,172.31.40.0-255,66,120801,61,266812
11696,0.011096,172.217.27.0-255,2902,123703,61,266812
11697,0.011099,172.31.40.0-255,66,123769,61,266812
11698,0.012703,172.217.27.0-255,2902,126671,61,266812
11699,0.012711,172.31.40.0-255,66,126737,61,266812
11700,0.012741,172.217.27.0-255,2902,129639,61,266812
11701,0.012743,172.31.40.0-255,66,129705,61,266812
11702,0.014356,172.217.27.0-255,2902,132607,61,266812
11703,0.014363,172.31.40.0-255,66,132673,61,266812
11704,0.014396,172.217.27.0-255,2902,135575,61,266812
11705,0.014398,172.31.40.0-255,66,135641,61,266812
11706,0.015999,172.217.27.0-255,2902,138543,61,266812
11707,0.016007,172.31.40.0-255,66,138609,61,266812
11708,0.01604,172.217.27.0-255,2902,141511,61,266812
11709,0.016043,172.31.40.0-255,66,141577,61,266812
11710,0.017648,172.217.27.0-255,2902,144479,61,266812
11711,0.017656,172.31.40.0-255,66,144545,61,266812
11712,0.01768,172.217.27.0-255,2902,147447,61,266812
11713,0.017683,172.31.40.0-255,66,147513,61,266812
11714,0.019303,172.217.27.0-255,5738,153251,61,266812
11715,0.019311,172.31.40.0-255,66,153317,61,266812
11716,0.021002,172.217.27.0-255,5738,159055,61,266812
11717,0.021014,172.31.40.0-255,66,159121,61,266812
11718,0.022671,172.217.27.0-255,5738,164859,61,266812
11719,0.022679,172.31.40.0-255,66,164925,61,266812
11720,0.024391,172.217.27.0-255,5738,170663,61,266812
11721,0.024398,172.31.40.0-255,66,170729,61,266812
11722,0.02606,172.217.27.0-255,5738,176467,61,266812
11723,0.026067,172.31.40.0-255,66,176533,61,266812
11724,0.02771,172.217.27.0-255,5738,182271,61,266812
11725,0.027721,172.31.40.0-255,66,182337,61,266812
11726,0.029359,172.217.27.0-255,5738,188075,61,266812
11727,0.029367,172.31.40.0-255,66,188141,61,266812
11728,0.031007,172.217.27.0-255,5738,193879,61,266812
11729,0.031014,172.31.40.0-255,66,193945,61,266812
11730,0.032679,172.217.27.0-255,5738,199683,61,266812
11731,0.032691,172.31.40.0-255,66,199749,61,266812
11732,0.034338,172.217.27.0-255,5738,205487,61,266812
11733,0.034346,172.31.40.0-255,66,205553,61,266812
11734,0.035995,172.217.27.0-255,5738,211291,61,266812
11735,0.036005,172.31.40.0-255,66,211357,61,266812
11736,0.037649,172.217.27.0-255,5738,217095,61,266812
11737,0.037657,172.31.40.0-255,66,217161,61,266812
11738,0.039306,172.217.27.0-255,5738,222899,61,266812
11739,0.039323,172.31.40.0-255,66,222965,61,266812
11740,0.040982,172.217.27.0-255,5738,228703,61,266812
11741,0.040989,172.31.40.0-255,66,228769,61,266812
11742,0.042647,172.217.27.0-255,5738,234507,61,266812
11743,0.042676,172.31.40.0-255,66,234573,61,266812
11744,0.044325,172.217.27.0-255,5738,240311,61,266812
11745,0.044333,172.31.40.0-255,66,240377,61,266812
11746,0.045982,172.217.27.0-255,5738,246115,61,266812
11747,0.04599,172.31.40.0-255,66,246181,61,266812
11748,0.047587,172.31.40.0-255,172,246353,61,266812
11749,0.047625,172.31.40.0-255,1120,247473,61,266812
11750,0.047639,172.217.27.0-255,5738,253211,61,266812
11751,0.047648,172.31.40.0-255,66,253277,61,266812
11752,0.047743,172.31.40.0-255,1514,254791,61,266812
11753,0.047745,172.31.40.0-255,1514,256305,61,266812
11754,0.047746,172.31.40.0-255,1514,257819,61,266812
11755,0.047747,172.31.40.0-255,1514,259333,61,266812
11756,0.047777,172.31.40.0-255,1477,260810,61,266812
11757,0.049121,104.244.42.0-255,66,260876,61,266812
11758,0.049176,104.244.42.0-255,66,260942,61,266812
11759,0.049283,172.217.27.0-255,5738,266680,61,266812
11760,0.049291,172.31.40.0-255,66,266746,61,266812
11761,0.049365,104.244.42.0-255,66,266812,61,266812
11762,0.0,74.125.24.0-255,153,153,61,231795
11763,2.2e-05,172.31.40.0-255,66,219,61,231795
11764,2.9e-05,74.125.24.0-255,1484,1703,61,231795
11765,3.3e-05,172.31.40.0-255,66,1769,61,231795
11766,3.9e-05,74.125.24.0-255,2902,4671,61,231795
11767,4.2e-05,172.31.40.0-255,66,4737,61,231795
11768,5.1e-05,74.125.24.0-255,7156,11893,61,231795
11769,5.4e-05,172.31.40.0-255,66,11959,61,231795
11770,5.8e-05,74.125.24.0-255,2126,14085,61,231795
11771,6.1e-05,172.31.40.0-255,66,14151,61,231795
11772,0.000207,74.125.24.0-255,1484,15635,61,231795
11773,0.000213,172.31.40.0-255,66,15701,61,231795
11774,0.000219,74.125.24.0-255,2902,18603,61,231795
11775,0.000222,172.31.40.0-255,66,18669,61,231795
11776,0.000229,74.125.24.0-255,5738,24407,61,231795
11777,0.000231,172.31.40.0-255,66,24473,61,231795
11778,0.000256,74.125.24.0-255,5738,30211,61,231795
11779,0.000259,172.31.40.0-255,66,30277,61,231795
11780,0.000275,74.125.24.0-255,1125,31402,61,231795
11781,0.000277,172.31.40.0-255,66,31468,61,231795
11782,0.000665,74.125.24.0-255,1484,32952,61,231795
11783,0.000671,172.31.40.0-255,66,33018,61,231795
11784,0.000679,74.125.24.0-255,2902,35920,61,231795
11785,0.000681,172.31.40.0-255,66,35986,61,231795
11786,0.000705,74.125.24.0-255,5738,41724,61,231795
11787,0.000708,172.31.40.0-255,66,41790,61,231795
11788,0.000713,74.125.24.0-255,2902,44692,61,231795
11789,0.000714,172.31.40.0-255,66,44758,61,231795
11790,0.00077,74.125.24.0-255,3961,48719,61,231795
11791,0.000772,172.31.40.0-255,66,48785,61,231795
11792,0.000991,74.125.24.0-255,1484,50269,61,231795
11793,0.000997,172.31.40.0-255,66,50335,61,231795
11794,0.001003,74.125.24.0-255,2902,53237,61,231795
11795,0.001005,172.31.40.0-255,66,53303,61,231795
11796,0.001029,74.125.24.0-255,5738,59041,61,231795
11797,0.001031,172.31.40.0-255,66,59107,61,231795
11798,0.001034,74.125.24.0-255,1484,60591,61,231795
11799,0.001071,74.125.24.0-255,5726,66317,61,231795
11800,0.001073,172.31.40.0-255,66,66383,61,231795
11801,0.001087,74.125.24.0-255,330,66713,61,231795
11802,0.001356,74.125.24.0-255,1484,68197,61,231795
11803,0.001363,172.31.40.0-255,66,68263,61,231795
11804,0.00137,74.125.24.0-255,2902,71165,61,231795
11805,0.001373,172.31.40.0-255,66,71231,61,231795
11806,0.001379,74.125.24.0-255,5738,76969,61,231795
11807,0.001382,172.31.40.0-255,66,77035,61,231795
11808,0.001422,74.125.24.0-255,4320,81355,61,231795
11809,0.001426,172.31.40.0-255,66,81421,61,231795
11810,0.001442,74.125.24.0-255,2543,83964,61,231795
11811,0.001444,172.31.40.0-255,66,84030,61,231795
11812,0.001575,74.125.24.0-255,1484,85514,61,231795
11813,0.001582,74.125.24.0-255,2902,88416,61,231795
11814,0.001587,172.31.40.0-255,66,88482,61,231795
11815,0.001594,74.125.24.0-255,5738,94220,61,231795
11816,0.001596,172.31.40.0-255,66,94286,61,231795
11817,0.00163,74.125.24.0-255,6797,101083,61,231795
11818,0.001633,172.31.40.0-255,66,101149,61,231795
11819,0.003945,74.125.24.0-255,5738,106887,61,231795
11820,0.003951,172.31.40.0-255,66,106953,61,231795
11821,0.006228,74.125.24.0-255,5738,112691,61,231795
11822,0.006236,172.31.40.0-255,66,112757,61,231795
11823,0.008531,74.125.24.0-255,5738,118495,61,231795
11824,0.008539,172.31.40.0-255,66,118561,61,231795
11825,0.010812,74.125.24.0-255,5738,124299,61,231795
11826,0.010819,172.31.40.0-255,66,124365,61,231795
11827,0.013093,74.125.24.0-255,5738,130103,61,231795
11828,0.013101,172.31.40.0-255,66,130169,61,231795
11829,0.01534,74.125.24.0-255,5738,135907,61,231795
11830,0.015349,172.31.40.0-255,66,135973,61,231795
11831,0.0176,74.125.24.0-255,5738,141711,61,231795
11832,0.017607,172.31.40.0-255,66,141777,61,231795
11833,0.019898,74.125.24.0-255,5738,147515,61,231795
11834,0.019906,172.31.40.0-255,66,147581,61,231795
11835,0.022165,74.125.24.0-255,5738,153319,61,231795
11836,0.022175,172.31.40.0-255,66,153385,61,231795
11837,0.024482,74.125.24.0-255,5738,159123,61,231795
11838,0.024489,172.31.40.0-255,66,159189,61,231795
11839,0.025532,172.31.40.0-255,172,159361,61,231795
11840,0.025565,172.31.40.0-255,1115,160476,61,231795
11841,0.02563,172.31.40.0-255,1514,161990,61,231795
11842,0.025631,172.31.40.0-255,1514,163504,61,231795
11843,0.025633,172.31.40.0-255,1514,165018,61,231795
11844,0.025634,172.31.40.0-255,1514,166532,61,231795
11845,0.025635,172.31.40.0-255,1287,167819,61,231795
11846,0.026747,74.125.24.0-255,5738,173557,61,231795
11847,0.026754,172.31.40.0-255,66,173623,61,231795
11848,0.027628,104.244.42.0-255,66,173689,61,231795
11849,0.02902,74.125.24.0-255,5738,179427,61,231795
11850,0.029025,172.31.40.0-255,66,179493,61,231795
11851,0.031293,74.125.24.0-255,5738,185231,61,231795
11852,0.031301,172.31.40.0-255,66,185297,61,231795
11853,0.03358,74.125.24.0-255,5738,191035,61,231795
11854,0.033586,172.31.40.0-255,66,191101,61,231795
11855,0.035844,74.125.24.0-255,5738,196839,61,231795
11856,0.03585,172.31.40.0-255,66,196905,61,231795
11857,0.038096,74.125.24.0-255,1484,198389,61,231795
11858,0.038118,74.125.24.0-255,4320,202709,61,231795
11859,0.038123,172.31.40.0-255,66,202775,61,231795
11860,0.040388,74.125.24.0-255,5738,208513,61,231795
11861,0.040394,172.31.40.0-255,66,208579,61,231795
11862,0.042658,74.125.24.0-255,5738,214317,61,231795
11863,0.042665,172.31.40.0-255,66,214383,61,231795
11864,0.044939,74.125.24.0-255,5738,220121,61,231795
11865,0.044946,172.31.40.0-255,66,220187,61,231795
11866,0.04719,74.125.24.0-255,5738,225925,61,231795
11867,0.047198,172.31.40.0-255,66,225991,61,231795
11868,0.049491,74.125.24.0-255,5738,231729,61,231795
11869,0.049499,172.31.40.0-255,66,231795,61,231795
11870,0.0,172.217.194.0-255,152,152,61,243515
11871,2.6e-05,172.31.40.0-255,66,218,61,243515
11872,3.3e-05,172.217.194.0-255,1484,1702,61,243515
11873,3.7e-05,172.31.40.0-255,66,1768,61,243515
11874,4.1e-05,172.217.194.0-255,1484,3252,61,243515
11875,5.1e-05,172.31.40.0-255,66,3318,61,243515
11876,5.8e-05,172.217.194.0-255,4320,7638,61,243515
11877,6e-05,172.31.40.0-255,66,7704,61,243515
11878,0.000102,172.217.194.0-255,6256,13960,61,243515
11879,0.000106,172.31.40.0-255,66,14026,61,243515
11880,0.000109,172.217.194.0-255,1484,15510,61,243515
11881,0.000111,172.31.40.0-255,66,15576,61,243515
11882,0.000125,172.217.194.0-255,2902,18478,61,243515
11883,0.000127,172.31.40.0-255,66,18544,61,243515
11884,0.000133,172.217.194.0-255,4320,22864,61,243515
11885,0.000135,172.31.40.0-255,66,22930,61,243515
11886,0.000164,172.217.194.0-255,1484,24414,61,243515
11887,0.000166,172.31.40.0-255,66,24480,61,243515
11888,0.000171,172.217.194.0-255,2902,27382,61,243515
11889,0.000172,172.31.40.0-255,66,27448,61,243515
11890,0.000193,172.217.194.0-255,3961,31409,61,243515
11891,0.000199,172.31.40.0-255,66,31475,61,243515
11892,0.00024,172.217.194.0-255,1484,32959,61,243515
11893,0.000242,172.31.40.0-255,66,33025,61,243515
11894,0.00026,172.217.194.0-255,2902,35927,61,243515
11895,0.000265,172.217.194.0-255,4320,40247,61,243515
11896,0.00027,172.31.40.0-255,66,40313,61,243515
11897,0.000272,172.31.40.0-255,66,40379,61,243515
11898,0.000297,172.217.194.0-255,1484,41863,61,243515
11899,0.000299,172.31.40.0-255,66,41929,61,243515
11900,0.000305,172.217.194.0-255,5738,47667,61,243515
11901,0.000308,172.31.40.0-255,66,47733,61,243515
11902,0.00031,172.217.194.0-255,1125,48858,61,243515
11903,0.000402,172.217.194.0-255,1484,50342,61,243515
11904,0.000405,172.31.40.0-255,66,50408,61,243515
11905,0.00041,172.217.194.0-255,2902,53310,61,243515
11906,0.000413,172.31.40.0-255,66,53376,61,243515
11907,0.000435,172.217.194.0-255,5738,59114,61,243515
11908,0.000438,172.31.40.0-255,66,59180,61,243515
11909,0.000484,172.217.194.0-255,4320,63500,61,243515
11910,0.000487,172.31.40.0-255,66,63566,61,243515
11911,0.000511,172.217.194.0-255,2543,66109,61,243515
11912,0.000514,172.31.40.0-255,66,66175,61,243515
11913,0.000955,172.217.194.0-255,379,66554,61,243515
11914,0.000983,172.217.194.0-255,1484,68038,61,243515
11915,0.000987,172.31.40.0-255,66,68104,61,243515
11916,0.000995,172.217.194.0-255,4320,72424,61,243515
11917,0.000997,172.31.40.0-255,66,72490,61,243515
11918,0.001039,172.31.40.0-255,66,72556,61,243515
11919,0.001047,172.217.194.0-255,7156,79712,61,243515
11920,0.00105,172.31.40.0-255,66,79778,61,243515
11921,0.001073,172.217.194.0-255,1484,81262,61,243515
11922,0.00111,172.31.40.0-255,66,81328,61,243515
11923,0.001164,172.217.194.0-255,364,81692,61,243515
11924,0.001556,172.31.40.0-255,66,81758,61,243515
11925,0.00203,172.217.194.0-255,1484,83242,61,243515
11926,0.002041,172.217.194.0-255,2902,86144,61,243515
11927,0.002045,172.31.40.0-255,66,86210,61,243515
11928,0.002054,172.217.194.0-255,5738,91948,61,243515
11929,0.002056,172.31.40.0-255,66,92014,61,243515
11930,0.002083,172.217.194.0-255,2902,94916,61,243515
11931,0.002086,172.31.40.0-255,66,94982,61,243515
11932,0.002103,172.217.194.0-255,7156,102138,61,243515
11933,0.002106,172.31.40.0-255,66,102204,61,243515
11934,0.002118,172.217.194.0-255,7156,109360,61,243515
11935,0.00212,172.31.40.0-255,66,109426,61,243515
11936,0.002171,172.217.194.0-255,6438,115864,61,243515
11937,0.002174,172.31.40.0-255,66,115930,61,243515
11938,0.002307,172.217.194.0-255,1484,117414,61,243515
11939,0.002328,172.217.194.0-255,2902,120316,61,243515
11940,0.002332,172.31.40.0-255,66,120382,61,243515
11941,0.002336,172.217.194.0-255,1484,121866,61,243515
11942,0.00236,172.217.194.0-255,4320,126186,61,243515
11943,0.002362,172.31.40.0-255,66,126252,61,243515
11944,0.002369,172.217.194.0-255,5738,131990,61,243515
11945,0.002371,172.31.40.0-255,66,132056,61,243515
11946,0.002418,172.31.40.0-255,66,132122,61,243515
11947,0.002423,172.217.194.0-255,4320,136442,61,243515
11948,0.002425,172.31.40.0-255,66,136508,61,243515
11949,0.002457,172.217.194.0-255,766,137274,61,243515
11950,0.005016,172.217.194.0-255,4320,141594,61,243515
11951,0.005022,172.31.40.0-255,66,141660,61,243515
11952,0.00763,172.217.194.0-255,5738,147398,61,243515
11953,0.007636,172.31.40.0-255,66,147464,61,243515
11954,0.010204,172.217.194.0-255,5738,153202,61,243515
11955,0.010211,172.31.40.0-255,66,153268,61,243515
11956,0.012795,172.217.194.0-255,5738,159006,61,243515
11957,0.012804,172.31.40.0-255,66,159072,61,243515
11958,0.015358,172.217.194.0-255,5738,164810,61,243515
11959,0.015368,172.31.40.0-255,66,164876,61,243515
11960,0.017934,172.217.194.0-255,5738,170614,61,243515
11961,0.017942,172.31.40.0-255,66,170680,61,243515
11962,0.020521,172.217.194.0-255,5738,176418,61,243515
11963,0.020528,172.31.40.0-255,66,176484,61,243515
11964,0.023112,172.217.194.0-255,5738,182222,61,243515
11965,0.023125,172.31.40.0-255,66,182288,61,243515
11966,0.025691,172.217.194.0-255,5738,188026,61,243515
11967,0.0257,172.31.40.0-255,66,188092,61,243515
11968,0.028265,172.217.194.0-255,5738,193830,61,243515
11969,0.028272,172.31.40.0-255,66,193896,61,243515
11970,0.029938,172.31.40.0-255,166,194062,61,243515
11971,0.029968,172.31.40.0-255,1140,195202,61,243515
11972,0.03003,172.31.40.0-255,1514,196716,61,243515
11973,0.030031,172.31.40.0-255,301,197017,61,243515
11974,0.030853,172.217.194.0-255,5738,202755,61,243515
11975,0.03086,172.31.40.0-255,66,202821,61,243515
11976,0.032146,104.244.42.0-255,66,202887,61,243515
11977,0.033414,172.217.194.0-255,5738,208625,61,243515
11978,0.03342,172.31.40.0-255,66,208691,61,243515
11979,0.035976,172.217.194.0-255,5738,214429,61,243515
11980,0.035983,172.31.40.0-255,66,214495,61,243515
11981,0.038548,172.217.194.0-255,5738,220233,61,243515
11982,0.038555,172.31.40.0-255,66,220299,61,243515
11983,0.041129,172.217.194.0-255,5738,226037,61,243515
11984,0.041149,172.31.40.0-255,66,226103,61,243515
11985,0.043707,172.217.194.0-255,5738,231841,61,243515
11986,0.043725,172.31.40.0-255,66,231907,61,243515
11987,0.046298,172.217.194.0-255,5738,237645,61,243515
11988,0.046318,172.31.40.0-255,66,237711,61,243515
11989,0.048911,172.217.194.0-255,5738,243449,61,243515
11990,0.048929,172.31.40.0-255,66,243515,61,243515
11991,0.0,216.58.221.0-255,150,150,61,295965
11992,2.2e-05,172.31.40.0-255,66,216,61,295965
11993,2.9e-05,216.58.221.0-255,1484,1700,61,295965
11994,3.3e-05,172.31.40.0-255,66,1766,61,295965
11995,3.9e-05,216.58.221.0-255,2902,4668,61,295965
11996,4.1e-05,172.31.40.0-255,66,4734,61,295965
11997,4.4e-05,216.58.221.0-255,1484,6218,61,295965
11998,4.7e-05,172.31.40.0-255,66,6284,61,295965
11999,5.2e-05,216.58.221.0-255,2902,9186,61,295965
12000,5.4e-05,172.31.40.0-255,66,9252,61,295965
12001,8.7e-05,216.58.221.0-255,6408,15660,61,295965
12002,9e-05,172.31.40.0-255,66,15726,61,295965
12003,0.000102,172.31.40.0-255,66,15792,61,295965
12004,0.000149,216.58.221.0-255,5379,21171,61,295965
12005,0.000151,172.31.40.0-255,66,21237,61,295965
12006,0.000199,216.58.221.0-255,1484,22721,61,295965
12007,0.000202,172.31.40.0-255,66,22787,61,295965
12008,0.000207,216.58.221.0-255,2902,25689,61,295965
12009,0.000209,172.31.40.0-255,66,25755,61,295965
12010,0.000231,216.58.221.0-255,5738,31493,61,295965
12011,0.000233,172.31.40.0-255,66,31559,61,295965
12012,0.000239,216.58.221.0-255,5738,37297,61,295965
12013,0.000241,172.31.40.0-255,66,37363,61,295965
12014,0.000274,216.58.221.0-255,1125,38488,61,295965
12015,0.000276,172.31.40.0-255,66,38554,61,295965
12016,0.000482,216.58.221.0-255,1484,40038,61,295965
12017,0.000487,172.31.40.0-255,66,40104,61,295965
12018,0.000493,216.58.221.0-255,2902,43006,61,295965
12019,0.000495,172.31.40.0-255,66,43072,61,295965
12020,0.000525,216.58.221.0-255,5738,48810,61,295965
12021,0.000528,172.31.40.0-255,66,48876,61,295965
12022,0.000549,216.58.221.0-255,2902,51778,61,295965
12023,0.000556,216.58.221.0-255,3961,55739,61,295965
12024,0.000567,172.31.40.0-255,66,55805,61,295965
12025,0.000574,216.58.221.0-255,358,56163,61,295965
12026,0.001049,172.31.40.0-255,66,56229,61,295965
12027,0.0011,216.58.221.0-255,136,56365,61,295965
12028,0.001127,172.31.40.0-255,66,56431,61,295965
12029,0.001196,216.58.221.0-255,1484,57915,61,295965
12030,0.001204,216.58.221.0-255,2902,60817,61,295965
12031,0.001225,216.58.221.0-255,4320,65137,61,295965
12032,0.001231,216.58.221.0-255,5738,70875,61,295965
12033,0.001263,216.58.221.0-255,2543,73418,61,295965
12034,0.001289,216.58.221.0-255,2902,76320,61,295965
12035,0.001309,216.58.221.0-255,7156,83476,61,295965
12036,0.001313,216.58.221.0-255,2902,86378,61,295965
12037,0.001331,216.58.221.0-255,3961,90339,61,295965
12038,0.00151,216.58.221.0-255,1484,91823,61,295965
12039,0.001516,216.58.221.0-255,2902,94725,61,295965
12040,0.00152,216.58.221.0-255,2902,97627,61,295965
12041,0.001525,216.58.221.0-255,4320,101947,61,295965
12042,0.001546,216.58.221.0-255,5738,107685,61,295965
12043,0.00157,216.58.221.0-255,2902,110587,61,295965
12044,0.001573,216.58.221.0-255,1484,112071,61,295965
12045,0.001655,216.58.221.0-255,1484,113555,61,295965
12046,0.001661,216.58.221.0-255,2902,116457,61,295965
12047,0.001673,216.58.221.0-255,1484,117941,61,295965
12048,0.001688,216.58.221.0-255,4320,122261,61,295965
12049,0.001705,216.58.221.0-255,5738,127999,61,295965
12050,0.001721,216.58.221.0-255,1484,129483,61,295965
12051,0.001726,216.58.221.0-255,4320,133803,61,295965
12052,0.00176,216.58.221.0-255,2184,135987,61,295965
12053,0.001885,216.58.221.0-255,1484,137471,61,295965
12054,0.001891,216.58.221.0-255,2902,140373,61,295965
12055,0.001895,216.58.221.0-255,1484,141857,61,295965
12056,0.001911,216.58.221.0-255,4320,146177,61,295965
12057,0.001925,216.58.221.0-255,5738,151915,61,295965
12058,0.00194,216.58.221.0-255,7156,159071,61,295965
12059,0.001946,216.58.221.0-255,5738,164809,61,295965
12060,0.001967,216.58.221.0-255,5020,169829,61,295965
12061,0.005085,172.31.40.0-255,66,169895,61,295965
12062,0.007048,216.58.221.0-255,5738,175633,61,295965
12063,0.007057,172.31.40.0-255,66,175699,61,295965
12064,0.009005,216.58.221.0-255,5738,181437,61,295965
12065,0.009011,172.31.40.0-255,66,181503,61,295965
12066,0.010959,216.58.221.0-255,5738,187241,61,295965
12067,0.010967,172.31.40.0-255,66,187307,61,295965
12068,0.012914,216.58.221.0-255,5738,193045,61,295965
12069,0.015054,172.31.40.0-255,66,193111,61,295965
12070,0.017007,216.58.221.0-255,5738,198849,61,295965
12071,0.017016,172.31.40.0-255,66,198915,61,295965
12072,0.018975,216.58.221.0-255,5738,204653,61,295965
12073,0.018982,172.31.40.0-255,66,204719,61,295965
12074,0.020924,216.58.221.0-255,5738,210457,61,295965
12075,0.020931,172.31.40.0-255,66,210523,61,295965
12076,0.022887,216.58.221.0-255,5738,216261,61,295965
12077,0.0229,172.31.40.0-255,66,216327,61,295965
12078,0.024838,216.58.221.0-255,5738,222065,61,295965
12079,0.024846,172.31.40.0-255,66,222131,61,295965
12080,0.026805,216.58.221.0-255,5738,227869,61,295965
12081,0.026822,172.31.40.0-255,66,227935,61,295965
12082,0.028815,216.58.221.0-255,5738,233673,61,295965
12083,0.028832,172.31.40.0-255,66,233739,61,295965
12084,0.030791,216.58.221.0-255,5738,239477,61,295965
12085,0.030806,172.31.40.0-255,66,239543,61,295965
12086,0.030884,172.31.40.0-255,172,239715,61,295965
12087,0.030915,172.31.40.0-255,1115,240830,61,295965
12088,0.031017,172.31.40.0-255,1514,242344,61,295965
12089,0.03102,172.31.40.0-255,1187,243531,61,295965
12090,0.032427,104.244.42.0-255,66,243597,61,295965
12091,0.032465,104.244.42.0-255,66,243663,61,295965
12092,0.03251,104.244.42.0-255,66,243729,61,295965
12093,0.03275,216.58.221.0-255,5738,249467,61,295965
12094,0.032756,172.31.40.0-255,66,249533,61,295965
12095,0.034711,216.58.221.0-255,5738,255271,61,295965
12096,0.034718,172.31.40.0-255,66,255337,61,295965
12097,0.036666,216.58.221.0-255,5738,261075,61,295965
12098,0.036676,172.31.40.0-255,66,261141,61,295965
12099,0.038633,216.58.221.0-255,5738,266879,61,295965
12100,0.038643,172.31.40.0-255,66,266945,61,295965
12101,0.040594,216.58.221.0-255,5738,272683,61,295965
12102,0.040601,172.31.40.0-255,66,272749,61,295965
12103,0.042553,216.58.221.0-255,5738,278487,61,295965
12104,0.042559,172.31.40.0-255,66,278553,61,295965
12105,0.044509,216.58.221.0-255,5738,284291,61,295965
12106,0.044515,172.31.40.0-255,66,284357,61,295965
12107,0.04646,216.58.221.0-255,5738,290095,61,295965
12108,0.046466,172.31.40.0-255,66,290161,61,295965
12109,0.048413,216.58.221.0-255,5738,295899,61,295965
12110,0.04842,172.31.40.0-255,66,295965,61,295965
12111,0.0,172.217.194.0-255,152,152,61,276368
12112,2.4e-05,172.31.40.0-255,66,218,61,276368
12113,3.2e-05,172.217.194.0-255,1484,1702,61,276368
12114,3.7e-05,172.31.40.0-255,66,1768,61,276368
12115,4.2e-05,172.217.194.0-255,2902,4670,61,276368
12116,4.6e-05,172.31.40.0-255,66,4736,61,276368
12117,5.1e-05,172.217.194.0-255,4320,9056,61,276368
12118,5.5e-05,172.31.40.0-255,66,9122,61,276368
12119,9.4e-05,172.217.194.0-255,4871,13993,61,276368
12120,9.8e-05,172.31.40.0-255,66,14059,61,276368
12121,0.000119,172.217.194.0-255,5738,19797,61,276368
12122,0.000122,172.31.40.0-255,66,19863,61,276368
12123,0.000139,172.217.194.0-255,1484,21347,61,276368
12124,0.000142,172.31.40.0-255,66,21413,61,276368
12125,0.000174,172.31.40.0-255,66,21479,61,276368
12126,0.000207,172.217.194.0-255,1484,22963,61,276368
12127,0.00021,172.31.40.0-255,66,23029,61,276368
12128,0.000215,172.217.194.0-255,2902,25931,61,276368
12129,0.000218,172.31.40.0-255,66,25997,61,276368
12130,0.000248,172.217.194.0-255,5738,31735,61,276368
12131,0.000252,172.31.40.0-255,66,31801,61,276368
12132,0.00026,172.217.194.0-255,6797,38598,61,276368
12133,0.000262,172.31.40.0-255,66,38664,61,276368
12134,0.000296,172.217.194.0-255,5738,44402,61,276368
12135,0.000298,172.31.40.0-255,66,44468,61,276368
12136,0.000324,172.217.194.0-255,4320,48788,61,276368
12137,0.000328,172.31.40.0-255,66,48854,61,276368
12138,0.000346,172.217.194.0-255,7075,55929,61,276368
12139,0.000349,172.31.40.0-255,66,55995,61,276368
12140,0.00039,172.217.194.0-255,123,56118,61,276368
12141,0.000393,172.31.40.0-255,66,56184,61,276368
12142,0.000417,172.217.194.0-255,374,56558,61,276368
12143,0.000641,172.217.194.0-255,1484,58042,61,276368
12144,0.000647,172.31.40.0-255,66,58108,61,276368
12145,0.000653,172.217.194.0-255,2902,61010,61,276368
12146,0.000655,172.31.40.0-255,66,61076,61,276368
12147,0.000662,172.217.194.0-255,5738,66814,61,276368
12148,0.000664,172.31.40.0-255,66,66880,61,276368
12149,0.000709,172.31.40.0-255,66,66946,61,276368
12150,0.000721,172.31.40.0-255,66,67012,61,276368
12151,0.000826,172.217.194.0-255,1484,68496,61,276368
12152,0.000832,172.217.194.0-255,2902,71398,61,276368
12153,0.000834,172.31.40.0-255,66,71464,61,276368
12154,0.000854,172.217.194.0-255,4320,75784,61,276368
12155,0.000857,172.31.40.0-255,66,75850,61,276368
12156,0.000879,172.217.194.0-255,1484,77334,61,276368
12157,0.000893,172.31.40.0-255,66,77400,61,276368
12158,0.000896,172.217.194.0-255,1484,78884,61,276368
12159,0.000929,172.31.40.0-255,66,78950,61,276368
12160,0.000944,172.217.194.0-255,1484,80434,61,276368
12161,0.000982,172.31.40.0-255,66,80500,61,276368
12162,0.000994,172.31.40.0-255,66,80566,61,276368
12163,0.00105,172.31.40.0-255,66,80632,61,276368
12164,0.001067,172.217.194.0-255,1484,82116,61,276368
12165,0.001078,172.217.194.0-255,1484,83600,61,276368
12166,0.00108,172.31.40.0-255,66,83666,61,276368
12167,0.001102,172.217.194.0-255,1484,85150,61,276368
12168,0.001109,172.217.194.0-255,5738,90888,61,276368
12169,0.001111,172.31.40.0-255,66,90954,61,276368
12170,0.001123,172.31.40.0-255,66,91020,61,276368
12171,0.001127,172.217.194.0-255,2902,93922,61,276368
12172,0.001129,172.31.40.0-255,66,93988,61,276368
12173,0.001162,172.31.40.0-255,66,94054,61,276368
12174,0.001166,172.217.194.0-255,2184,96238,61,276368
12175,0.001168,172.31.40.0-255,66,96304,61,276368
12176,0.001279,172.217.194.0-255,1484,97788,61,276368
12177,0.001283,172.217.194.0-255,1484,99272,61,276368
12178,0.001286,172.31.40.0-255,66,99338,61,276368
12179,0.001298,172.217.194.0-255,1484,100822,61,276368
12180,0.001305,172.217.194.0-255,5738,106560,61,276368
12181,0.001308,172.31.40.0-255,66,106626,61,276368
12182,0.001315,172.217.194.0-255,5738,112364,61,276368
12183,0.001317,172.31.40.0-255,66,112430,61,276368
12184,0.001336,172.217.194.0-255,2902,115332,61,276368
12185,0.001339,172.31.40.0-255,66,115398,61,276368
12186,0.001376,172.217.194.0-255,7156,122554,61,276368
12187,0.00138,172.31.40.0-255,66,122620,61,276368
12188,0.001409,172.31.40.0-255,66,122686,61,276368
12189,0.001795,172.217.194.0-255,1484,124170,61,276368
12190,0.0018,172.217.194.0-255,1484,125654,61,276368
12191,0.001803,172.31.40.0-255,66,125720,61,276368
12192,0.001826,172.217.194.0-255,1484,127204,61,276368
12193,0.001832,172.217.194.0-255,5738,132942,61,276368
12194,0.001837,172.217.194.0-255,5738,138680,61,276368
12195,0.001842,172.31.40.0-255,66,138746,61,276368
12196,0.001849,172.31.40.0-255,66,138812,61,276368
12197,0.001869,172.31.40.0-255,66,138878,61,276368
12198,0.001893,172.217.194.0-255,1484,140362,61,276368
12199,0.0019,172.217.194.0-255,5020,145382,61,276368
12200,0.001903,172.31.40.0-255,66,145448,61,276368
12201,0.002265,172.217.194.0-255,1484,146932,61,276368
12202,0.002272,172.217.194.0-255,2902,149834,61,276368
12203,0.002275,172.31.40.0-255,66,149900,61,276368
12204,0.002281,172.217.194.0-255,4320,154220,61,276368
12205,0.002283,172.31.40.0-255,66,154286,61,276368
12206,0.002296,172.217.194.0-255,1484,155770,61,276368
12207,0.002302,172.217.194.0-255,4320,160090,61,276368
12208,0.002304,172.31.40.0-255,66,160156,61,276368
12209,0.002336,172.31.40.0-255,66,160222,61,276368
12210,0.00235,172.31.40.0-255,66,160288,61,276368
12211,0.004678,172.217.194.0-255,5738,166026,61,276368
12212,0.004692,172.31.40.0-255,66,166092,61,276368
12213,0.006998,172.217.194.0-255,5738,171830,61,276368
12214,0.007009,172.31.40.0-255,66,171896,61,276368
12215,0.009281,172.217.194.0-255,5738,177634,61,276368
12216,0.009292,172.31.40.0-255,66,177700,61,276368
12217,0.011573,172.217.194.0-255,5738,183438,61,276368
12218,0.011583,172.31.40.0-255,66,183504,61,276368
12219,0.013872,172.217.194.0-255,5738,189242,61,276368
12220,0.01389,172.31.40.0-255,66,189308,61,276368
12221,0.016239,172.217.194.0-255,5738,195046,61,276368
12222,0.016256,172.31.40.0-255,66,195112,61,276368
12223,0.01858,172.217.194.0-255,5738,200850,61,276368
12224,0.018593,172.31.40.0-255,66,200916,61,276368
12225,0.020929,172.217.194.0-255,5738,206654,61,276368
12226,0.020943,172.31.40.0-255,66,206720,61,276368
12227,0.023261,172.217.194.0-255,5738,212458,61,276368
12228,0.023276,172.31.40.0-255,66,212524,61,276368
12229,0.025576,172.217.194.0-255,5738,218262,61,276368
12230,0.025586,172.31.40.0-255,66,218328,61,276368
12231,0.027896,172.217.194.0-255,5738,224066,61,276368
12232,0.027915,172.31.40.0-255,66,224132,61,276368
12233,0.030221,172.217.194.0-255,5738,229870,61,276368
12234,0.03024,172.31.40.0-255,66,229936,61,276368
12235,0.032518,172.217.194.0-255,5738,235674,61,276368
12236,0.032532,172.31.40.0-255,66,235740,61,276368
12237,0.034852,172.217.194.0-255,5738,241478,61,276368
12238,0.034874,172.31.40.0-255,66,241544,61,276368
12239,0.037172,172.217.194.0-255,5738,247282,61,276368
12240,0.037186,172.31.40.0-255,66,247348,61,276368
12241,0.03949,172.217.194.0-255,5738,253086,61,276368
12242,0.039505,172.31.40.0-255,66,253152,61,276368
12243,0.041798,172.217.194.0-255,5738,258890,61,276368
12244,0.041814,172.31.40.0-255,66,258956,61,276368
12245,0.044117,172.217.194.0-255,5738,264694,61,276368
12246,0.044131,172.31.40.0-255,66,264760,61,276368
12247,0.046395,172.217.194.0-255,5738,270498,61,276368
12248,0.046407,172.31.40.0-255,66,270564,61,276368
12249,0.048674,172.217.194.0-255,5738,276302,61,276368
12250,0.048685,172.31.40.0-255,66,276368,61,276368
12251,0.0,74.125.200.0-255,150,150,61,206613
12252,1.7e-05,172.31.40.0-255,66,216,61,206613
12253,2.3e-05,74.125.200.0-255,1484,1700,61,206613
12254,2.7e-05,172.31.40.0-255,66,1766,61,206613
12255,3.3e-05,74.125.200.0-255,2902,4668,61,206613
12256,3.7e-05,172.31.40.0-255,66,4734,61,206613
12257,4.3e-05,74.125.200.0-255,5738,10472,61,206613
12258,4.6e-05,172.31.40.0-255,66,10538,61,206613
12259,9.7e-05,74.125.200.0-255,3384,13922,61,206613
12260,0.0001,172.31.40.0-255,66,13988,61,206613
12261,0.000474,74.125.200.0-255,1484,15472,61,206613
12262,0.000479,172.31.40.0-255,66,15538,61,206613
12263,0.000485,74.125.200.0-255,2902,18440,61,206613
12264,0.000487,172.31.40.0-255,66,18506,61,206613
12265,0.000508,74.125.200.0-255,4320,22826,61,206613
12266,0.000515,172.31.40.0-255,66,22892,61,206613
12267,0.000577,172.31.40.0-255,66,22958,61,206613
12268,0.000594,74.125.200.0-255,1484,24442,61,206613
12269,0.000597,74.125.200.0-255,1484,25926,61,206613
12270,0.000601,172.31.40.0-255,66,25992,61,206613
12271,0.000604,172.31.40.0-255,66,26058,61,206613
12272,0.000651,74.125.200.0-255,1484,27542,61,206613
12273,0.000654,172.31.40.0-255,66,27608,61,206613
12274,0.000661,74.125.200.0-255,5738,33346,61,206613
12275,0.000663,172.31.40.0-255,66,33412,61,206613
12276,0.000675,74.125.200.0-255,6797,40209,61,206613
12277,0.000678,172.31.40.0-255,66,40275,61,206613
12278,0.00162,74.125.200.0-255,1484,41759,61,206613
12279,0.001627,172.31.40.0-255,66,41825,61,206613
12280,0.001636,74.125.200.0-255,2902,44727,61,206613
12281,0.001639,172.31.40.0-255,66,44793,61,206613
12282,0.00168,74.125.200.0-255,5738,50531,61,206613
12283,0.001682,172.31.40.0-255,66,50597,61,206613
12284,0.001687,74.125.200.0-255,2902,53499,61,206613
12285,0.001689,172.31.40.0-255,66,53565,61,206613
12286,0.001722,74.125.200.0-255,3961,57526,61,206613
12287,0.001728,172.31.40.0-255,66,57592,61,206613
12288,0.001757,74.125.200.0-255,4320,61912,61,206613
12289,0.00176,172.31.40.0-255,66,61978,61,206613
12290,0.001763,74.125.200.0-255,1484,63462,61,206613
12291,0.001794,172.31.40.0-255,66,63528,61,206613
12292,0.001819,74.125.200.0-255,2543,66071,61,206613
12293,0.001822,172.31.40.0-255,66,66137,61,206613
12294,0.001847,74.125.200.0-255,2902,69039,61,206613
12295,0.001849,172.31.40.0-255,66,69105,61,206613
12296,0.001877,74.125.200.0-255,7156,76261,61,206613
12297,0.00188,172.31.40.0-255,66,76327,61,206613
12298,0.001914,172.31.40.0-255,66,76393,61,206613
12299,0.002196,74.125.200.0-255,1484,77877,61,206613
12300,0.002211,74.125.200.0-255,2902,80779,61,206613
12301,0.002213,172.31.40.0-255,66,80845,61,206613
12302,0.002242,74.125.200.0-255,1484,82329,61,206613
12303,0.002248,74.125.200.0-255,5738,88067,61,206613
12304,0.002251,172.31.40.0-255,66,88133,61,206613
12305,0.002283,172.31.40.0-255,66,88199,61,206613
12306,0.002309,74.125.200.0-255,4320,92519,61,206613
12307,0.002312,172.31.40.0-255,66,92585,61,206613
12308,0.002317,74.125.200.0-255,4320,96905,61,206613
12309,0.00232,172.31.40.0-255,66,96971,61,206613
12310,0.002349,74.125.200.0-255,5020,101991,61,206613
12311,0.002351,172.31.40.0-255,66,102057,61,206613
12312,0.004899,74.125.200.0-255,4320,106377,61,206613
12313,0.004904,172.31.40.0-255,66,106443,61,206613
12314,0.004929,74.125.200.0-255,1484,107927,61,206613
12315,0.007466,74.125.200.0-255,4320,112247,61,206613
12316,0.007471,172.31.40.0-255,66,112313,61,206613
12317,0.010022,74.125.200.0-255,5738,118051,61,206613
12318,0.010029,172.31.40.0-255,66,118117,61,206613
12319,0.012576,74.125.200.0-255,5738,123855,61,206613
12320,0.012585,172.31.40.0-255,66,123921,61,206613
12321,0.015127,74.125.200.0-255,5738,129659,61,206613
12322,0.015137,172.31.40.0-255,66,129725,61,206613
12323,0.017685,74.125.200.0-255,5738,135463,61,206613
12324,0.017692,172.31.40.0-255,66,135529,61,206613
12325,0.020238,74.125.200.0-255,5738,141267,61,206613
12326,0.020245,172.31.40.0-255,66,141333,61,206613
12327,0.022796,74.125.200.0-255,5738,147071,61,206613
12328,0.022804,172.31.40.0-255,66,147137,61,206613
12329,0.025358,74.125.200.0-255,5738,152875,61,206613
12330,0.025365,172.31.40.0-255,66,152941,61,206613
12331,0.027916,74.125.200.0-255,5738,158679,61,206613
12332,0.027925,172.31.40.0-255,66,158745,61,206613
12333,0.030476,74.125.200.0-255,5738,164483,61,206613
12334,0.030484,172.31.40.0-255,66,164549,61,206613
12335,0.033023,74.125.200.0-255,5738,170287,61,206613
12336,0.03303,172.31.40.0-255,66,170353,61,206613
12337,0.03316,172.31.40.0-255,172,170525,61,206613
12338,0.033188,172.31.40.0-255,1066,171591,61,206613
12339,0.034693,104.244.42.0-255,66,171657,61,206613
12340,0.034756,104.244.42.0-255,66,171723,61,206613
12341,0.035591,74.125.200.0-255,5738,177461,61,206613
12342,0.035599,172.31.40.0-255,66,177527,61,206613
12343,0.038142,74.125.200.0-255,5738,183265,61,206613
12344,0.038148,172.31.40.0-255,66,183331,61,206613
12345,0.040708,74.125.200.0-255,5738,189069,61,206613
12346,0.040715,172.31.40.0-255,66,189135,61,206613
12347,0.043275,74.125.200.0-255,5738,194873,61,206613
12348,0.043284,172.31.40.0-255,66,194939,61,206613
12349,0.045826,74.125.200.0-255,5738,200677,61,206613
12350,0.045833,172.31.40.0-255,66,200743,61,206613
12351,0.048372,74.125.200.0-255,4320,205063,61,206613
12352,0.048379,172.31.40.0-255,66,205129,61,206613
12353,0.048409,74.125.200.0-255,1484,206613,61,206613
12354,0.0,74.125.24.0-255,153,153,61,206681
12355,1.4e-05,172.31.40.0-255,66,219,61,206681
12356,2e-05,74.125.24.0-255,1484,1703,61,206681
12357,2.4e-05,172.31.40.0-255,66,1769,61,206681
12358,2.9e-05,74.125.24.0-255,2902,4671,61,206681
12359,3.2e-05,172.31.40.0-255,66,4737,61,206681
12360,3.8e-05,74.125.24.0-255,5738,10475,61,206681
12361,4.1e-05,172.31.40.0-255,66,10541,61,206681
12362,6.9e-05,74.125.24.0-255,3558,14099,61,206681
12363,7.2e-05,172.31.40.0-255,66,14165,61,206681
12364,0.000163,74.125.24.0-255,1484,15649,61,206681
12365,0.000167,172.31.40.0-255,66,15715,61,206681
12366,0.000172,74.125.24.0-255,2902,18617,61,206681
12367,0.000174,172.31.40.0-255,66,18683,61,206681
12368,0.000178,74.125.24.0-255,2902,21585,61,206681
12369,0.00018,172.31.40.0-255,66,21651,61,206681
12370,0.000204,74.125.24.0-255,2902,24553,61,206681
12371,0.000207,172.31.40.0-255,66,24619,61,206681
12372,0.000226,74.125.24.0-255,5738,30357,61,206681
12373,0.000229,172.31.40.0-255,66,30423,61,206681
12374,0.000253,172.31.40.0-255,66,30489,61,206681
12375,0.000272,74.125.24.0-255,4320,34809,61,206681
12376,0.000274,172.31.40.0-255,66,34875,61,206681
12377,0.00029,74.125.24.0-255,5379,40254,61,206681
12378,0.000293,172.31.40.0-255,66,40320,61,206681
12379,0.000357,74.125.24.0-255,1484,41804,61,206681
12380,0.00036,172.31.40.0-255,66,41870,61,206681
12381,0.000365,74.125.24.0-255,2902,44772,61,206681
12382,0.000368,172.31.40.0-255,66,44838,61,206681
12383,0.000371,74.125.24.0-255,1484,46322,61,206681
12384,0.000372,172.31.40.0-255,66,46388,61,206681
12385,0.000392,74.125.24.0-255,4320,50708,61,206681
12386,0.000395,172.31.40.0-255,66,50774,61,206681
12387,0.000419,74.125.24.0-255,4320,55094,61,206681
12388,0.000422,172.31.40.0-255,66,55160,61,206681
12389,0.000436,74.125.24.0-255,2902,58062,61,206681
12390,0.000438,172.31.40.0-255,66,58128,61,206681
12391,0.000738,74.125.24.0-255,350,58478,61,206681
12392,0.000761,74.125.24.0-255,1484,59962,61,206681
12393,0.000765,172.31.40.0-255,66,60028,61,206681
12394,0.00077,74.125.24.0-255,4320,64348,61,206681
12395,0.000772,172.31.40.0-255,66,64414,61,206681
12396,0.000843,172.31.40.0-255,66,64480,61,206681
12397,0.000846,74.125.24.0-255,575,65055,61,206681
12398,0.001515,74.125.24.0-255,1484,66539,61,206681
12399,0.001521,172.31.40.0-255,66,66605,61,206681
12400,0.001527,74.125.24.0-255,2902,69507,61,206681
12401,0.001528,172.31.40.0-255,66,69573,61,206681
12402,0.001534,74.125.24.0-255,5738,75311,61,206681
12403,0.001537,172.31.40.0-255,66,75377,61,206681
12404,0.001541,74.125.24.0-255,4320,79697,61,206681
12405,0.001544,172.31.40.0-255,66,79763,61,206681
12406,0.001579,172.31.40.0-255,66,79829,61,206681
12407,0.001603,172.31.40.0-255,66,79895,61,206681
12408,0.003863,74.125.24.0-255,5738,85633,61,206681
12409,0.003872,172.31.40.0-255,66,85699,61,206681
12410,0.006148,74.125.24.0-255,5738,91437,61,206681
12411,0.006157,172.31.40.0-255,66,91503,61,206681
12412,0.00843,74.125.24.0-255,5738,97241,61,206681
12413,0.008439,172.31.40.0-255,66,97307,61,206681
12414,0.010834,74.125.24.0-255,5738,103045,61,206681
12415,0.010841,172.31.40.0-255,66,103111,61,206681
12416,0.013093,74.125.24.0-255,5738,108849,61,206681
12417,0.013102,172.31.40.0-255,66,108915,61,206681
12418,0.015384,74.125.24.0-255,5738,114653,61,206681
12419,0.015396,172.31.40.0-255,66,114719,61,206681
12420,0.017684,74.125.24.0-255,5738,120457,61,206681
12421,0.017691,172.31.40.0-255,66,120523,61,206681
12422,0.019954,74.125.24.0-255,5738,126261,61,206681
12423,0.019963,172.31.40.0-255,66,126327,61,206681
12424,0.022244,74.125.24.0-255,5738,132065,61,206681
12425,0.022251,172.31.40.0-255,66,132131,61,206681
12426,0.023228,172.31.40.0-255,176,132307,61,206681
12427,0.023262,172.31.40.0-255,1121,133428,61,206681
12428,0.023321,172.31.40.0-255,1514,134942,61,206681
12429,0.023323,172.31.40.0-255,1514,136456,61,206681
12430,0.023346,172.31.40.0-255,313,136769,61,206681
12431,0.024496,74.125.24.0-255,5738,142507,61,206681
12432,0.024504,172.31.40.0-255,66,142573,61,206681
12433,0.024826,104.244.42.0-255,66,142639,61,206681
12434,0.024835,104.244.42.0-255,66,142705,61,206681
12435,0.024899,104.244.42.0-255,66,142771,61,206681
12436,0.024904,104.244.42.0-255,66,142837,61,206681
12437,0.026782,74.125.24.0-255,5738,148575,61,206681
12438,0.026789,172.31.40.0-255,66,148641,61,206681
12439,0.029077,74.125.24.0-255,5738,154379,61,206681
12440,0.029084,172.31.40.0-255,66,154445,61,206681
12441,0.031363,74.125.24.0-255,5738,160183,61,206681
12442,0.03137,172.31.40.0-255,66,160249,61,206681
12443,0.033635,74.125.24.0-255,5738,165987,61,206681
12444,0.033642,172.31.40.0-255,66,166053,61,206681
12445,0.035894,74.125.24.0-255,5738,171791,61,206681
12446,0.035901,172.31.40.0-255,66,171857,61,206681
12447,0.038153,74.125.24.0-255,5738,177595,61,206681
12448,0.038158,172.31.40.0-255,66,177661,61,206681
12449,0.040425,74.125.24.0-255,5738,183399,61,206681
12450,0.040432,172.31.40.0-255,66,183465,61,206681
12451,0.042749,74.125.24.0-255,5738,189203,61,206681
12452,0.042759,172.31.40.0-255,66,189269,61,206681
12453,0.04501,74.125.24.0-255,5738,195007,61,206681
12454,0.045017,172.31.40.0-255,66,195073,61,206681
12455,0.047307,74.125.24.0-255,5738,200811,61,206681
12456,0.047329,172.31.40.0-255,66,200877,61,206681
12457,0.049619,74.125.24.0-255,5738,206615,61,206681
12458,0.049637,172.31.40.0-255,66,206681,61,206681
12459,0.0,74.125.24.0-255,152,152,61,182755
12460,1.5e-05,172.31.40.0-255,66,218,61,182755
12461,2.1e-05,74.125.24.0-255,1484,1702,61,182755
12462,2.6e-05,172.31.40.0-255,66,1768,61,182755
12463,3.1e-05,74.125.24.0-255,2902,4670,61,182755
12464,3.5e-05,172.31.40.0-255,66,4736,61,182755
12465,4.4e-05,74.125.24.0-255,7156,11892,61,182755
12466,4.8e-05,172.31.40.0-255,66,11958,61,182755
12467,5.1e-05,74.125.24.0-255,1484,13442,61,182755
12468,5.4e-05,172.31.40.0-255,66,13508,61,182755
12469,7.3e-05,74.125.24.0-255,4835,18343,61,182755
12470,7.7e-05,172.31.40.0-255,66,18409,61,182755
12471,0.00012,172.31.40.0-255,66,18475,61,182755
12472,0.000276,74.125.24.0-255,1484,19959,61,182755
12473,0.000281,172.31.40.0-255,66,20025,61,182755
12474,0.000286,74.125.24.0-255,2902,22927,61,182755
12475,0.000288,172.31.40.0-255,66,22993,61,182755
12476,0.000291,74.125.24.0-255,1484,24477,61,182755
12477,0.000292,172.31.40.0-255,66,24543,61,182755
12478,0.000319,74.125.24.0-255,4320,28863,61,182755
12479,0.000321,172.31.40.0-255,66,28929,61,182755
12480,0.000324,74.125.24.0-255,1484,30413,61,182755
12481,0.000325,172.31.40.0-255,66,30479,61,182755
12482,0.000329,74.125.24.0-255,2902,33381,61,182755
12483,0.000331,172.31.40.0-255,66,33447,61,182755
12484,0.000352,74.125.24.0-255,1484,34931,61,182755
12485,0.000354,172.31.40.0-255,66,34997,61,182755
12486,0.000379,74.125.24.0-255,5379,40376,61,182755
12487,0.000381,172.31.40.0-255,66,40442,61,182755
12488,0.000394,172.31.40.0-255,66,40508,61,182755
12489,0.000396,74.125.24.0-255,401,40909,61,182755
12490,0.000436,74.125.24.0-255,372,41281,61,182755
12491,0.000771,74.125.24.0-255,1484,42765,61,182755
12492,0.000775,172.31.40.0-255,66,42831,61,182755
12493,0.000781,74.125.24.0-255,2902,45733,61,182755
12494,0.000782,172.31.40.0-255,66,45799,61,182755
12495,0.000785,74.125.24.0-255,1484,47283,61,182755
12496,0.000814,74.125.24.0-255,4320,51603,61,182755
12497,0.000817,172.31.40.0-255,66,51669,61,182755
12498,0.000831,172.31.40.0-255,66,51735,61,182755
12499,0.000843,172.31.40.0-255,66,51801,61,182755
12500,0.000878,74.125.24.0-255,218,52019,61,182755
12501,0.001226,74.125.24.0-255,1484,53503,61,182755
12502,0.001231,172.31.40.0-255,66,53569,61,182755
12503,0.001235,74.125.24.0-255,1484,55053,61,182755
12504,0.001252,74.125.24.0-255,1484,56537,61,182755
12505,0.001255,172.31.40.0-255,66,56603,61,182755
12506,0.001262,74.125.24.0-255,5738,62341,61,182755
12507,0.001264,172.31.40.0-255,66,62407,61,182755
12508,0.001267,74.125.24.0-255,1484,63891,61,182755
12509,0.00129,172.31.40.0-255,66,63957,61,182755
12510,0.001293,74.125.24.0-255,1484,65441,61,182755
12511,0.001322,172.31.40.0-255,66,65507,61,182755
12512,0.001642,74.125.24.0-255,1484,66991,61,182755
12513,0.001649,74.125.24.0-255,1484,68475,61,182755
12514,0.001652,172.31.40.0-255,66,68541,61,182755
12515,0.001675,74.125.24.0-255,1484,70025,61,182755
12516,0.001682,74.125.24.0-255,5738,75763,61,182755
12517,0.001684,172.31.40.0-255,66,75829,61,182755
12518,0.001691,74.125.24.0-255,5738,81567,61,182755
12519,0.001693,172.31.40.0-255,66,81633,61,182755
12520,0.00171,74.125.24.0-255,7156,88789,61,182755
12521,0.001713,172.31.40.0-255,66,88855,61,182755
12522,0.001724,172.31.40.0-255,66,88921,61,182755
12523,0.001739,74.125.24.0-255,766,89687,61,182755
12524,0.001813,74.125.24.0-255,1484,91171,61,182755
12525,0.001817,172.31.40.0-255,66,91237,61,182755
12526,0.001824,74.125.24.0-255,2902,94139,61,182755
12527,0.001826,172.31.40.0-255,66,94205,61,182755
12528,0.001832,74.125.24.0-255,4320,98525,61,182755
12529,0.001834,172.31.40.0-255,66,98591,61,182755
12530,0.001856,74.125.24.0-255,1484,100075,61,182755
12531,0.00187,172.31.40.0-255,66,100141,61,182755
12532,0.001881,74.125.24.0-255,1484,101625,61,182755
12533,0.001933,74.125.24.0-255,7156,108781,61,182755
12534,0.001936,172.31.40.0-255,66,108847,61,182755
12535,0.001958,74.125.24.0-255,3602,112449,61,182755
12536,0.001961,172.31.40.0-255,66,112515,61,182755
12537,0.001986,74.125.24.0-255,5738,118253,61,182755
12538,0.00199,172.31.40.0-255,66,118319,61,182755
12539,0.001997,74.125.24.0-255,7156,125475,61,182755
12540,0.002,172.31.40.0-255,66,125541,61,182755
12541,0.002003,74.125.24.0-255,1484,127025,61,182755
12542,0.002033,172.31.40.0-255,66,127091,61,182755
12543,0.00204,74.125.24.0-255,6438,133529,61,182755
12544,0.002043,172.31.40.0-255,66,133595,61,182755
12545,0.002678,74.125.24.0-255,1484,135079,61,182755
12546,0.002688,74.125.24.0-255,2902,137981,61,182755
12547,0.002693,172.31.40.0-255,66,138047,61,182755
12548,0.002701,74.125.24.0-255,5738,143785,61,182755
12549,0.002703,172.31.40.0-255,66,143851,61,182755
12550,0.002732,172.31.40.0-255,66,143917,61,182755
12551,0.002756,74.125.24.0-255,2902,146819,61,182755
12552,0.002758,172.31.40.0-255,66,146885,61,182755
12553,0.002765,74.125.24.0-255,5738,152623,61,182755
12554,0.002768,172.31.40.0-255,66,152689,61,182755
12555,0.002771,74.125.24.0-255,1484,154173,61,182755
12556,0.002775,74.125.24.0-255,2902,157075,61,182755
12557,0.002777,172.31.40.0-255,66,157141,61,182755
12558,0.00278,74.125.24.0-255,766,157907,61,182755
12559,0.002848,74.125.24.0-255,1484,159391,61,182755
12560,0.00285,172.31.40.0-255,66,159457,61,182755
12561,0.002866,74.125.24.0-255,2902,162359,61,182755
12562,0.002869,172.31.40.0-255,66,162425,61,182755
12563,0.002876,74.125.24.0-255,5738,168163,61,182755
12564,0.002879,172.31.40.0-255,66,168229,61,182755
12565,0.002922,74.125.24.0-255,1484,169713,61,182755
12566,0.002942,172.31.40.0-255,66,169779,61,182755
12567,0.002953,172.31.40.0-255,66,169845,61,182755
12568,0.002978,172.31.40.0-255,66,169911,61,182755
12569,0.002995,74.125.24.0-255,2902,172813,61,182755
12570,0.002997,172.31.40.0-255,66,172879,61,182755
12571,0.003038,172.31.40.0-255,66,172945,61,182755
12572,0.003066,172.31.40.0-255,66,173011,61,182755
12573,0.003096,172.31.40.0-255,66,173077,61,182755
12574,0.003099,74.125.24.0-255,1484,174561,61,182755
12575,0.003124,172.31.40.0-255,66,174627,61,182755
12576,0.003163,172.31.40.0-255,66,174693,61,182755
12577,0.003183,172.31.40.0-255,66,174759,61,182755
12578,0.003216,172.31.40.0-255,66,174825,61,182755
12579,0.003221,74.125.24.0-255,3239,178064,61,182755
12580,0.003224,172.31.40.0-255,66,178130,61,182755
12581,0.003227,74.125.24.0-255,105,178235,61,182755
12582,0.008486,172.31.40.0-255,66,178301,61,182755
12583,0.008519,172.31.40.0-255,105,178406,61,182755
12584,0.010804,74.125.24.0-255,66,178472,61,182755
12585,0.031709,172.31.40.0-255,176,178648,61,182755
12586,0.03174,172.31.40.0-255,1119,179767,61,182755
12587,0.031798,172.31.40.0-255,1514,181281,61,182755
12588,0.0318,172.31.40.0-255,1276,182557,61,182755
12589,0.033254,104.244.42.0-255,66,182623,61,182755
12590,0.033285,104.244.42.0-255,66,182689,61,182755
12591,0.033349,104.244.42.0-255,66,182755,61,182755
12592,0.0,172.217.194.0-255,145,145,61,143388
12593,2e-05,172.31.40.0-255,66,211,61,143388
12594,2.6e-05,172.217.194.0-255,1484,1695,61,143388
12595,3e-05,172.31.40.0-255,66,1761,61,143388
12596,3.5e-05,172.217.194.0-255,2902,4663,61,143388
12597,4.3e-05,172.31.40.0-255,66,4729,61,143388
12598,4.9e-05,172.217.194.0-255,4320,9049,61,143388
12599,5.3e-05,172.31.40.0-255,66,9115,61,143388
12600,9.7e-05,172.31.40.0-255,66,9181,61,143388
12601,0.000123,172.217.194.0-255,5738,14919,61,143388
12602,0.000126,172.31.40.0-255,66,14985,61,143388
12603,0.000152,172.217.194.0-255,4320,19305,61,143388
12604,0.000154,172.31.40.0-255,66,19371,61,143388
12605,0.000158,172.217.194.0-255,2543,21914,61,143388
12606,0.00016,172.31.40.0-255,66,21980,61,143388
12607,0.000403,172.217.194.0-255,1484,23464,61,143388
12608,0.000408,172.31.40.0-255,66,23530,61,143388
12609,0.000413,172.217.194.0-255,1484,25014,61,143388
12610,0.000414,172.31.40.0-255,66,25080,61,143388
12611,0.000435,172.217.194.0-255,1484,26564,61,143388
12612,0.000438,172.31.40.0-255,66,26630,61,143388
12613,0.000442,172.217.194.0-255,2902,29532,61,143388
12614,0.000444,172.31.40.0-255,66,29598,61,143388
12615,0.000453,172.217.194.0-255,4320,33918,61,143388
12616,0.000455,172.31.40.0-255,66,33984,61,143388
12617,0.000486,172.217.194.0-255,2902,36886,61,143388
12618,0.000489,172.31.40.0-255,66,36952,61,143388
12619,0.00054,172.31.40.0-255,66,37018,61,143388
12620,0.00055,172.31.40.0-255,66,37084,61,143388
12621,0.000557,172.217.194.0-255,2833,39917,61,143388
12622,0.00056,172.31.40.0-255,66,39983,61,143388
12623,0.001008,172.217.194.0-255,365,40348,61,143388
12624,0.001793,172.217.194.0-255,1484,41832,61,143388
12625,0.0018,172.31.40.0-255,66,41898,61,143388
12626,0.001807,172.217.194.0-255,2902,44800,61,143388
12627,0.00181,172.31.40.0-255,66,44866,61,143388
12628,0.001817,172.217.194.0-255,5738,50604,61,143388
12629,0.001825,172.31.40.0-255,66,50670,61,143388
12630,0.001836,172.31.40.0-255,66,50736,61,143388
12631,0.001868,172.217.194.0-255,5738,56474,61,143388
12632,0.00187,172.31.40.0-255,66,56540,61,143388
12633,0.001905,172.31.40.0-255,66,56606,61,143388
12634,0.002036,172.217.194.0-255,1484,58090,61,143388
12635,0.002056,172.217.194.0-255,2902,60992,61,143388
12636,0.002059,172.31.40.0-255,66,61058,61,143388
12637,0.002065,172.217.194.0-255,5738,66796,61,143388
12638,0.002067,172.31.40.0-255,66,66862,61,143388
12639,0.002096,172.217.194.0-255,5738,72600,61,143388
12640,0.002098,172.31.40.0-255,66,72666,61,143388
12641,0.002136,172.217.194.0-255,5738,78404,61,143388
12642,0.002138,172.31.40.0-255,66,78470,61,143388
12643,0.002182,172.31.40.0-255,66,78536,61,143388
12644,0.0022,172.31.40.0-255,66,78602,61,143388
12645,0.002213,172.31.40.0-255,66,78668,61,143388
12646,0.002216,172.217.194.0-255,1484,80152,61,143388
12647,0.002264,172.31.40.0-255,66,80218,61,143388
12648,0.002271,172.217.194.0-255,5738,85956,61,143388
12649,0.002273,172.31.40.0-255,66,86022,61,143388
12650,0.002323,172.31.40.0-255,66,86088,61,143388
12651,0.002345,172.31.40.0-255,66,86154,61,143388
12652,0.002355,172.31.40.0-255,66,86220,61,143388
12653,0.002358,172.217.194.0-255,1484,87704,61,143388
12654,0.00245,172.31.40.0-255,66,87770,61,143388
12655,0.002481,172.31.40.0-255,66,87836,61,143388
12656,0.002486,172.217.194.0-255,4320,92156,61,143388
12657,0.002488,172.31.40.0-255,66,92222,61,143388
12658,0.002492,172.217.194.0-255,2184,94406,61,143388
12659,0.002495,172.31.40.0-255,66,94472,61,143388
12660,0.002498,172.217.194.0-255,1484,95956,61,143388
12661,0.002501,172.217.194.0-255,1484,97440,61,143388
12662,0.002503,172.31.40.0-255,66,97506,61,143388
12663,0.002536,172.217.194.0-255,5738,103244,61,143388
12664,0.00254,172.31.40.0-255,66,103310,61,143388
12665,0.002555,172.31.40.0-255,66,103376,61,143388
12666,0.002585,172.217.194.0-255,7156,110532,61,143388
12667,0.002588,172.31.40.0-255,66,110598,61,143388
12668,0.002686,172.217.194.0-255,5738,116336,61,143388
12669,0.002693,172.217.194.0-255,7156,123492,61,143388
12670,0.002718,172.217.194.0-255,2902,126394,61,143388
12671,0.002756,172.217.194.0-255,6438,132832,61,143388
12672,0.002787,172.217.194.0-255,4320,137152,61,143388
12673,0.00281,172.217.194.0-255,4320,141472,61,143388
12674,0.002871,172.217.194.0-255,1574,143046,61,143388
12675,0.002874,172.217.194.0-255,105,143151,61,143388
12676,0.007947,172.31.40.0-255,66,143217,61,143388
12677,0.010727,172.31.40.0-255,105,143322,61,143388
12678,0.012642,172.217.194.0-255,66,143388,61,143388
12679,0.0,172.31.40.0-255,66,66,61,66
12680,0.0,74.125.130.0-255,154,154,61,300446
12681,1.3e-05,172.31.40.0-255,66,220,61,300446
12682,1.9e-05,74.125.130.0-255,1484,1704,61,300446
12683,2.4e-05,172.31.40.0-255,66,1770,61,300446
12684,4.8e-05,74.125.130.0-255,2902,4672,61,300446
12685,5.1e-05,172.31.40.0-255,66,4738,61,300446
12686,7.5e-05,74.125.130.0-255,4320,9058,61,300446
12687,7.8e-05,172.31.40.0-255,66,9124,61,300446
12688,0.000123,74.125.130.0-255,4858,13982,61,300446
12689,0.000126,172.31.40.0-255,66,14048,61,300446
12690,0.000308,74.125.130.0-255,1484,15532,61,300446
12691,0.000313,172.31.40.0-255,66,15598,61,300446
12692,0.00032,74.125.130.0-255,2902,18500,61,300446
12693,0.000323,172.31.40.0-255,66,18566,61,300446
12694,0.000363,74.125.130.0-255,5738,24304,61,300446
12695,0.000366,172.31.40.0-255,66,24370,61,300446
12696,0.000386,74.125.130.0-255,1484,25854,61,300446
12697,0.000388,172.31.40.0-255,66,25920,61,300446
12698,0.000404,74.125.130.0-255,2902,28822,61,300446
12699,0.000407,172.31.40.0-255,66,28888,61,300446
12700,0.000436,74.125.130.0-255,1484,30372,61,300446
12701,0.000439,172.31.40.0-255,66,30438,61,300446
12702,0.000458,74.125.130.0-255,1125,31563,61,300446
12703,0.000462,172.31.40.0-255,66,31629,61,300446
12704,0.000738,74.125.130.0-255,1484,33113,61,300446
12705,0.000743,172.31.40.0-255,66,33179,61,300446
12706,0.000779,74.125.130.0-255,2902,36081,61,300446
12707,0.000781,172.31.40.0-255,66,36147,61,300446
12708,0.000786,74.125.130.0-255,2902,39049,61,300446
12709,0.000788,172.31.40.0-255,66,39115,61,300446
12710,0.000794,74.125.130.0-255,2902,42017,61,300446
12711,0.000796,172.31.40.0-255,66,42083,61,300446
12712,0.000809,74.125.130.0-255,1484,43567,61,300446
12713,0.000825,74.125.130.0-255,1484,45051,61,300446
12714,0.000827,172.31.40.0-255,66,45117,61,300446
12715,0.000854,74.125.130.0-255,3961,49078,61,300446
12716,0.000857,172.31.40.0-255,66,49144,61,300446
12717,0.000885,74.125.130.0-255,1484,50628,61,300446
12718,0.000898,74.125.130.0-255,2902,53530,61,300446
12719,0.000901,172.31.40.0-255,66,53596,61,300446
12720,0.000924,74.125.130.0-255,4320,57916,61,300446
12721,0.000927,172.31.40.0-255,66,57982,61,300446
12722,0.00093,74.125.130.0-255,1484,59466,61,300446
12723,0.000951,74.125.130.0-255,4320,63786,61,300446
12724,0.000955,172.31.40.0-255,66,63852,61,300446
12725,0.000974,74.125.130.0-255,2795,66647,61,300446
12726,0.000978,172.31.40.0-255,66,66713,61,300446
12727,0.000993,74.125.130.0-255,117,66830,61,300446
12728,0.001133,74.125.130.0-255,1484,68314,61,300446
12729,0.001138,172.31.40.0-255,66,68380,61,300446
12730,0.001143,74.125.130.0-255,2902,71282,61,300446
12731,0.001146,172.31.40.0-255,66,71348,61,300446
12732,0.001164,74.125.130.0-255,4320,75668,61,300446
12733,0.001166,172.31.40.0-255,66,75734,61,300446
12734,0.001184,74.125.130.0-255,1484,77218,61,300446
12735,0.00119,74.125.130.0-255,4320,81538,61,300446
12736,0.001192,172.31.40.0-255,66,81604,61,300446
12737,0.001195,74.125.130.0-255,1484,83088,61,300446
12738,0.001228,74.125.130.0-255,4320,87408,61,300446
12739,0.001231,172.31.40.0-255,66,87474,61,300446
12740,0.001238,74.125.130.0-255,5738,93212,61,300446
12741,0.001241,172.31.40.0-255,66,93278,61,300446
12742,0.001266,74.125.130.0-255,5738,99016,61,300446
12743,0.001269,172.31.40.0-255,66,99082,61,300446
12744,0.001273,74.125.130.0-255,2184,101266,61,300446
12745,0.001275,172.31.40.0-255,66,101332,61,300446
12746,0.00173,74.125.130.0-255,1484,102816,61,300446
12747,0.001736,74.125.130.0-255,1484,104300,61,300446
12748,0.001741,172.31.40.0-255,66,104366,61,300446
12749,0.00177,74.125.130.0-255,1484,105850,61,300446
12750,0.001779,74.125.130.0-255,5738,111588,61,300446
12751,0.001782,172.31.40.0-255,66,111654,61,300446
12752,0.001787,74.125.130.0-255,4320,115974,61,300446
12753,0.001789,172.31.40.0-255,66,116040,61,300446
12754,0.001839,74.125.130.0-255,4320,120360,61,300446
12755,0.001842,172.31.40.0-255,66,120426,61,300446
12756,0.001865,74.125.130.0-255,5738,126164,61,300446
12757,0.001868,172.31.40.0-255,66,126230,61,300446
12758,0.001885,74.125.130.0-255,5738,131968,61,300446
12759,0.001887,172.31.40.0-255,66,132034,61,300446
12760,0.001913,74.125.130.0-255,3602,135636,61,300446
12761,0.001915,172.31.40.0-255,66,135702,61,300446
12762,0.002078,74.125.130.0-255,1484,137186,61,300446
12763,0.002095,74.125.130.0-255,2902,140088,61,300446
12764,0.002099,172.31.40.0-255,66,140154,61,300446
12765,0.002127,74.125.130.0-255,5738,145892,61,300446
12766,0.00213,172.31.40.0-255,66,145958,61,300446
12767,0.002133,74.125.130.0-255,1484,147442,61,300446
12768,0.002136,74.125.130.0-255,1484,148926,61,300446
12769,0.002139,172.31.40.0-255,66,148992,61,300446
12770,0.002152,74.125.130.0-255,1484,150476,61,300446
12771,0.002182,74.125.130.0-255,5738,156214,61,300446
12772,0.002185,172.31.40.0-255,66,156280,61,300446
12773,0.002193,74.125.130.0-255,7156,163436,61,300446
12774,0.002196,172.31.40.0-255,66,163502,61,300446
12775,0.00223,172.31.40.0-255,66,163568,61,300446
12776,0.002235,74.125.130.0-255,4320,167888,61,300446
12777,0.002237,172.31.40.0-255,66,167954,61,300446
12778,0.00224,74.125.130.0-255,1484,169438,61,300446
12779,0.002256,74.125.130.0-255,4320,173758,61,300446
12780,0.002259,172.31.40.0-255,66,173824,61,300446
12781,0.002297,74.125.130.0-255,7156,180980,61,300446
12782,0.0023,172.31.40.0-255,66,181046,61,300446
12783,0.002321,74.125.130.0-255,4320,185366,61,300446
12784,0.002341,74.125.130.0-255,4320,189686,61,300446
12785,0.002359,74.125.130.0-255,2902,192588,61,300446
12786,0.005501,172.31.40.0-255,66,192654,61,300446
12787,0.00785,74.125.130.0-255,5738,198392,61,300446
12788,0.007855,172.31.40.0-255,66,198458,61,300446
12789,0.01021,74.125.130.0-255,5738,204196,61,300446
12790,0.010217,172.31.40.0-255,66,204262,61,300446
12791,0.012571,74.125.130.0-255,5738,210000,61,300446
12792,0.01258,172.31.40.0-255,66,210066,61,300446
12793,0.014937,74.125.130.0-255,5738,215804,61,300446
12794,0.014945,172.31.40.0-255,66,215870,61,300446
12795,0.017332,74.125.130.0-255,5738,221608,61,300446
12796,0.01734,172.31.40.0-255,66,221674,61,300446
12797,0.019701,74.125.130.0-255,5738,227412,61,300446
12798,0.01971,172.31.40.0-255,66,227478,61,300446
12799,0.022066,74.125.130.0-255,5738,233216,61,300446
12800,0.022073,172.31.40.0-255,66,233282,61,300446
12801,0.024438,74.125.130.0-255,5738,239020,61,300446
12802,0.024446,172.31.40.0-255,66,239086,61,300446
12803,0.026817,74.125.130.0-255,5738,244824,61,300446
12804,0.026824,172.31.40.0-255,66,244890,61,300446
12805,0.02789,172.31.40.0-255,167,245057,61,300446
12806,0.027921,172.31.40.0-255,1120,246177,61,300446
12807,0.02798,172.31.40.0-255,1514,247691,61,300446
12808,0.027981,172.31.40.0-255,321,248012,61,300446
12809,0.029186,74.125.130.0-255,5738,253750,61,300446
12810,0.029193,172.31.40.0-255,66,253816,61,300446
12811,0.029449,104.244.42.0-255,66,253882,61,300446
12812,0.029497,104.244.42.0-255,66,253948,61,300446
12813,0.029549,104.244.42.0-255,66,254014,61,300446
12814,0.03155,74.125.130.0-255,5738,259752,61,300446
12815,0.031557,172.31.40.0-255,66,259818,61,300446
12816,0.033906,74.125.130.0-255,5738,265556,61,300446
12817,0.033913,172.31.40.0-255,66,265622,61,300446
12818,0.036276,74.125.130.0-255,5738,271360,61,300446
12819,0.036282,172.31.40.0-255,66,271426,61,300446
12820,0.038633,74.125.130.0-255,5738,277164,61,300446
12821,0.03864,172.31.40.0-255,66,277230,61,300446
12822,0.041008,74.125.130.0-255,5738,282968,61,300446
12823,0.041014,172.31.40.0-255,66,283034,61,300446
12824,0.043359,74.125.130.0-255,5738,288772,61,300446
12825,0.043368,172.31.40.0-255,66,288838,61,300446
12826,0.04572,74.125.130.0-255,5738,294576,61,300446
12827,0.045727,172.31.40.0-255,66,294642,61,300446
12828,0.048093,74.125.130.0-255,5738,300380,61,300446
12829,0.048099,172.31.40.0-255,66,300446,61,300446
12830,0.0,74.125.130.0-255,146,146,61,330492
12831,1.9e-05,172.31.40.0-255,66,212,61,330492
12832,8.1e-05,74.125.130.0-255,1484,1696,61,330492
12833,8.6e-05,172.31.40.0-255,66,1762,61,330492
12834,9.9e-05,74.125.130.0-255,1484,3246,61,330492
12835,0.000102,172.31.40.0-255,66,3312,61,330492
12836,0.000117,74.125.130.0-255,1484,4796,61,330492
12837,0.000121,172.31.40.0-255,66,4862,61,330492
12838,0.000134,74.125.130.0-255,2902,7764,61,330492
12839,0.000137,172.31.40.0-255,66,7830,61,330492
12840,0.000159,74.125.130.0-255,4320,12150,61,330492
12841,0.000161,172.31.40.0-255,66,12216,61,330492
12842,0.000181,74.125.130.0-255,3485,15701,61,330492
12843,0.000184,172.31.40.0-255,66,15767,61,330492
12844,0.000186,74.125.130.0-255,1484,17251,61,330492
12845,0.000188,172.31.40.0-255,66,17317,61,330492
12846,0.000211,74.125.130.0-255,2902,20219,61,330492
12847,0.000214,172.31.40.0-255,66,20285,61,330492
12848,0.00023,74.125.130.0-255,4320,24605,61,330492
12849,0.000232,172.31.40.0-255,66,24671,61,330492
12850,0.000258,74.125.130.0-255,4320,28991,61,330492
12851,0.00026,172.31.40.0-255,66,29057,61,330492
12852,0.000281,74.125.130.0-255,2543,31600,61,330492
12853,0.000283,172.31.40.0-255,66,31666,61,330492
12854,0.000458,74.125.130.0-255,1484,33150,61,330492
12855,0.000463,172.31.40.0-255,66,33216,61,330492
12856,0.000474,74.125.130.0-255,2902,36118,61,330492
12857,0.000476,172.31.40.0-255,66,36184,61,330492
12858,0.000482,74.125.130.0-255,4320,40504,61,330492
12859,0.000485,172.31.40.0-255,66,40570,61,330492
12860,0.000528,74.125.130.0-255,2902,43472,61,330492
12861,0.000531,172.31.40.0-255,66,43538,61,330492
12862,0.000555,74.125.130.0-255,6797,50335,61,330492
12863,0.000559,172.31.40.0-255,66,50401,61,330492
12864,0.00057,172.31.40.0-255,66,50467,61,330492
12865,0.000603,74.125.130.0-255,2902,53369,61,330492
12866,0.000605,172.31.40.0-255,66,53435,61,330492
12867,0.000632,74.125.130.0-255,1484,54919,61,330492
12868,0.000678,74.125.130.0-255,1377,56296,61,330492
12869,0.000681,172.31.40.0-255,66,56362,61,330492
12870,0.000715,74.125.130.0-255,116,56478,61,330492
12871,0.001052,74.125.130.0-255,1484,57962,61,330492
12872,0.001059,172.31.40.0-255,66,58028,61,330492
12873,0.001067,74.125.130.0-255,1484,59512,61,330492
12874,0.001079,74.125.130.0-255,1484,60996,61,330492
12875,0.001081,172.31.40.0-255,66,61062,61,330492
12876,0.001089,74.125.130.0-255,5738,66800,61,330492
12877,0.001091,172.31.40.0-255,66,66866,61,330492
12878,0.001129,74.125.130.0-255,7156,74022,61,330492
12879,0.001132,172.31.40.0-255,66,74088,61,330492
12880,0.001138,74.125.130.0-255,4320,78408,61,330492
12881,0.001139,172.31.40.0-255,66,78474,61,330492
12882,0.00116,74.125.130.0-255,5738,84212,61,330492
12883,0.001163,172.31.40.0-255,66,84278,61,330492
12884,0.001189,74.125.130.0-255,2902,87180,61,330492
12885,0.001192,172.31.40.0-255,66,87246,61,330492
12886,0.001216,74.125.130.0-255,3602,90848,61,330492
12887,0.001219,172.31.40.0-255,66,90914,61,330492
12888,0.001485,74.125.130.0-255,1484,92398,61,330492
12889,0.001515,74.125.130.0-255,2902,95300,61,330492
12890,0.001518,172.31.40.0-255,66,95366,61,330492
12891,0.001544,74.125.130.0-255,5738,101104,61,330492
12892,0.001546,172.31.40.0-255,66,101170,61,330492
12893,0.001551,74.125.130.0-255,2902,104072,61,330492
12894,0.001552,172.31.40.0-255,66,104138,61,330492
12895,0.001588,74.125.130.0-255,2902,107040,61,330492
12896,0.001591,172.31.40.0-255,66,107106,61,330492
12897,0.001606,74.125.130.0-255,1484,108590,61,330492
12898,0.001613,74.125.130.0-255,5738,114328,61,330492
12899,0.001615,172.31.40.0-255,66,114394,61,330492
12900,0.001649,74.125.130.0-255,2902,117296,61,330492
12901,0.001652,172.31.40.0-255,66,117362,61,330492
12902,0.001668,74.125.130.0-255,7156,124518,61,330492
12903,0.001672,172.31.40.0-255,66,124584,61,330492
12904,0.001696,74.125.130.0-255,766,125350,61,330492
12905,0.001769,74.125.130.0-255,1484,126834,61,330492
12906,0.001773,172.31.40.0-255,66,126900,61,330492
12907,0.001778,74.125.130.0-255,2902,129802,61,330492
12908,0.00178,172.31.40.0-255,66,129868,61,330492
12909,0.001796,74.125.130.0-255,4320,134188,61,330492
12910,0.001798,172.31.40.0-255,66,134254,61,330492
12911,0.001813,74.125.130.0-255,1484,135738,61,330492
12912,0.001821,74.125.130.0-255,7156,142894,61,330492
12913,0.001823,172.31.40.0-255,66,142960,61,330492
12914,0.00185,74.125.130.0-255,2902,145862,61,330492
12915,0.001852,172.31.40.0-255,66,145928,61,330492
12916,0.001884,172.31.40.0-255,66,145994,61,330492
12917,0.001889,74.125.130.0-255,2184,148178,61,330492
12918,0.001892,172.31.40.0-255,66,148244,61,330492
12919,0.002018,74.125.130.0-255,1484,149728,61,330492
12920,0.002033,74.125.130.0-255,2902,152630,61,330492
12921,0.002036,172.31.40.0-255,66,152696,61,330492
12922,0.002055,74.125.130.0-255,5738,158434,61,330492
12923,0.002058,172.31.40.0-255,66,158500,61,330492
12924,0.002087,74.125.130.0-255,7156,165656,61,330492
12925,0.00209,172.31.40.0-255,66,165722,61,330492
12926,0.002111,74.125.130.0-255,4320,170042,61,330492
12927,0.002113,172.31.40.0-255,66,170108,61,330492
12928,0.002149,172.31.40.0-255,66,170174,61,330492
12929,0.002153,74.125.130.0-255,2184,172358,61,330492
12930,0.002155,172.31.40.0-255,66,172424,61,330492
12931,0.002297,74.125.130.0-255,1484,173908,61,330492
12932,0.002302,74.125.130.0-255,2902,176810,61,330492
12933,0.002305,172.31.40.0-255,66,176876,61,330492
12934,0.002322,74.125.130.0-255,2902,179778,61,330492
12935,0.002324,172.31.40.0-255,66,179844,61,330492
12936,0.002338,74.125.130.0-255,2902,182746,61,330492
12937,0.00234,172.31.40.0-255,66,182812,61,330492
12938,0.002351,74.125.130.0-255,1484,184296,61,330492
12939,0.002372,74.125.130.0-255,7156,191452,61,330492
12940,0.002374,172.31.40.0-255,66,191518,61,330492
12941,0.002391,74.125.130.0-255,4320,195838,61,330492
12942,0.002393,172.31.40.0-255,66,195904,61,330492
12943,0.002431,74.125.130.0-255,4320,200224,61,330492
12944,0.002434,172.31.40.0-255,66,200290,61,330492
12945,0.002462,172.31.40.0-255,66,200356,61,330492
12946,0.002473,172.31.40.0-255,66,200422,61,330492
12947,0.002509,74.125.130.0-255,4320,204742,61,330492
12948,0.002512,172.31.40.0-255,66,204808,61,330492
12949,0.002536,74.125.130.0-255,5738,210546,61,330492
12950,0.002539,172.31.40.0-255,66,210612,61,330492
12951,0.00255,172.31.40.0-255,66,210678,61,330492
12952,0.002555,74.125.130.0-255,3602,214280,61,330492
12953,0.002557,172.31.40.0-255,66,214346,61,330492
12954,0.002562,74.125.130.0-255,4320,218666,61,330492
12955,0.002565,172.31.40.0-255,66,218732,61,330492
12956,0.002568,74.125.130.0-255,1484,220216,61,330492
12957,0.002595,74.125.130.0-255,5738,225954,61,330492
12958,0.002598,172.31.40.0-255,66,226020,61,330492
12959,0.005117,74.125.130.0-255,5738,231758,61,330492
12960,0.005125,172.31.40.0-255,66,231824,61,330492
12961,0.007645,74.125.130.0-255,5738,237562,61,330492
12962,0.007649,172.31.40.0-255,66,237628,61,330492
12963,0.010183,74.125.130.0-255,5738,243366,61,330492
12964,0.010204,172.31.40.0-255,66,243432,61,330492
12965,0.012748,74.125.130.0-255,5738,249170,61,330492
12966,0.012767,172.31.40.0-255,66,249236,61,330492
12967,0.015319,74.125.130.0-255,5738,254974,61,330492
12968,0.015333,172.31.40.0-255,66,255040,61,330492
12969,0.018011,74.125.130.0-255,5738,260778,61,330492
12970,0.018027,172.31.40.0-255,66,260844,61,330492
12971,0.020602,74.125.130.0-255,5738,266582,61,330492
12972,0.020616,172.31.40.0-255,66,266648,61,330492
12973,0.023167,74.125.130.0-255,5738,272386,61,330492
12974,0.023176,172.31.40.0-255,66,272452,61,330492
12975,0.025708,74.125.130.0-255,5738,278190,61,330492
12976,0.025718,172.31.40.0-255,66,278256,61,330492
12977,0.028256,74.125.130.0-255,5738,283994,61,330492
12978,0.028267,172.31.40.0-255,66,284060,61,330492
12979,0.030784,74.125.130.0-255,5738,289798,61,330492
12980,0.030792,172.31.40.0-255,66,289864,61,330492
12981,0.033311,74.125.130.0-255,5738,295602,61,330492
12982,0.033319,172.31.40.0-255,66,295668,61,330492
12983,0.035839,74.125.130.0-255,5738,301406,61,330492
12984,0.035845,172.31.40.0-255,66,301472,61,330492
12985,0.038369,74.125.130.0-255,5738,307210,61,330492
12986,0.038377,172.31.40.0-255,66,307276,61,330492
12987,0.040901,74.125.130.0-255,5738,313014,61,330492
12988,0.040914,172.31.40.0-255,66,313080,61,330492
12989,0.043447,74.125.130.0-255,5738,318818,61,330492
12990,0.043453,172.31.40.0-255,66,318884,61,330492
12991,0.045974,74.125.130.0-255,5738,324622,61,330492
12992,0.045982,172.31.40.0-255,66,324688,61,330492
12993,0.048503,74.125.130.0-255,5738,330426,61,330492
12994,0.048512,172.31.40.0-255,66,330492,61,330492
12995,0.0,74.125.130.0-255,153,153,61,287480
12996,1.7e-05,172.31.40.0-255,66,219,61,287480
12997,2.4e-05,74.125.130.0-255,1484,1703,61,287480
12998,2.9e-05,172.31.40.0-255,66,1769,61,287480
12999,3.5e-05,74.125.130.0-255,2902,4671,61,287480
13000,3.8e-05,172.31.40.0-255,66,4737,61,287480
13001,7.6e-05,74.125.130.0-255,5738,10475,61,287480
13002,8e-05,172.31.40.0-255,66,10541,61,287480
13003,8.4e-05,74.125.130.0-255,2902,13443,61,287480
13004,8.7e-05,172.31.40.0-255,66,13509,61,287480
13005,9.2e-05,74.125.130.0-255,3484,16993,61,287480
13006,9.4e-05,172.31.40.0-255,66,17059,61,287480
13007,0.000129,74.125.130.0-255,7156,24215,61,287480
13008,0.000133,172.31.40.0-255,66,24281,61,287480
13009,0.000162,74.125.130.0-255,1484,25765,61,287480
13010,0.000164,172.31.40.0-255,66,25831,61,287480
13011,0.000169,74.125.130.0-255,2902,28733,61,287480
13012,0.000171,172.31.40.0-255,66,28799,61,287480
13013,0.0002,74.125.130.0-255,2543,31342,61,287480
13014,0.000203,172.31.40.0-255,66,31408,61,287480
13015,0.000296,74.125.130.0-255,1484,32892,61,287480
13016,0.000299,172.31.40.0-255,66,32958,61,287480
13017,0.000319,74.125.130.0-255,2902,35860,61,287480
13018,0.000322,172.31.40.0-255,66,35926,61,287480
13019,0.000327,74.125.130.0-255,4320,40246,61,287480
13020,0.000329,172.31.40.0-255,66,40312,61,287480
13021,0.000368,74.125.130.0-255,5738,46050,61,287480
13022,0.000371,172.31.40.0-255,66,46116,61,287480
13023,0.000376,74.125.130.0-255,2543,48659,61,287480
13024,0.000378,172.31.40.0-255,66,48725,61,287480
13025,0.000382,74.125.130.0-255,2902,51627,61,287480
13026,0.000389,172.31.40.0-255,66,51693,61,287480
13027,0.000392,74.125.130.0-255,1484,53177,61,287480
13028,0.000428,74.125.130.0-255,5738,58915,61,287480
13029,0.000431,172.31.40.0-255,66,58981,61,287480
13030,0.000438,74.125.130.0-255,7050,66031,61,287480
13031,0.000441,172.31.40.0-255,66,66097,61,287480
13032,0.000447,74.125.130.0-255,118,66215,61,287480
13033,0.000467,74.125.130.0-255,382,66597,61,287480
13034,0.000808,74.125.130.0-255,1484,68081,61,287480
13035,0.000813,172.31.40.0-255,66,68147,61,287480
13036,0.000819,74.125.130.0-255,2902,71049,61,287480
13037,0.000821,172.31.40.0-255,66,71115,61,287480
13038,0.000855,74.125.130.0-255,4320,75435,61,287480
13039,0.000858,172.31.40.0-255,66,75501,61,287480
13040,0.000862,74.125.130.0-255,2902,78403,61,287480
13041,0.000864,172.31.40.0-255,66,78469,61,287480
13042,0.000902,74.125.130.0-255,6797,85266,61,287480
13043,0.000905,172.31.40.0-255,66,85332,61,287480
13044,0.000909,74.125.130.0-255,2902,88234,61,287480
13045,0.000912,172.31.40.0-255,66,88300,61,287480
13046,0.00094,74.125.130.0-255,2902,91202,61,287480
13047,0.000943,172.31.40.0-255,66,91268,61,287480
13048,0.000971,172.31.40.0-255,66,91334,61,287480
13049,0.001354,74.125.130.0-255,1484,92818,61,287480
13050,0.001372,74.125.130.0-255,2902,95720,61,287480
13051,0.001376,172.31.40.0-255,66,95786,61,287480
13052,0.001379,74.125.130.0-255,1484,97270,61,287480
13053,0.001397,74.125.130.0-255,2902,100172,61,287480
13054,0.0014,172.31.40.0-255,66,100238,61,287480
13055,0.001406,74.125.130.0-255,5738,105976,61,287480
13056,0.001408,172.31.40.0-255,66,106042,61,287480
13057,0.001465,172.31.40.0-255,66,106108,61,287480
13058,0.001498,172.31.40.0-255,66,106174,61,287480
13059,0.001629,74.125.130.0-255,1484,107658,61,287480
13060,0.001647,74.125.130.0-255,2902,110560,61,287480
13061,0.00165,172.31.40.0-255,66,110626,61,287480
13062,0.001677,74.125.130.0-255,5738,116364,61,287480
13063,0.00168,172.31.40.0-255,66,116430,61,287480
13064,0.001683,74.125.130.0-255,1484,117914,61,287480
13065,0.00171,74.125.130.0-255,2902,120816,61,287480
13066,0.001712,172.31.40.0-255,66,120882,61,287480
13067,0.001719,74.125.130.0-255,5738,126620,61,287480
13068,0.001721,172.31.40.0-255,66,126686,61,287480
13069,0.001743,74.125.130.0-255,5738,132424,61,287480
13070,0.00175,172.31.40.0-255,66,132490,61,287480
13071,0.001776,74.125.130.0-255,1484,133974,61,287480
13072,0.001789,74.125.130.0-255,2902,136876,61,287480
13073,0.001791,172.31.40.0-255,66,136942,61,287480
13074,0.001816,74.125.130.0-255,3602,140544,61,287480
13075,0.001819,172.31.40.0-255,66,140610,61,287480
13076,0.002064,74.125.130.0-255,1484,142094,61,287480
13077,0.002082,74.125.130.0-255,2902,144996,61,287480
13078,0.002085,172.31.40.0-255,66,145062,61,287480
13079,0.002089,74.125.130.0-255,1484,146546,61,287480
13080,0.002113,74.125.130.0-255,2902,149448,61,287480
13081,0.002116,172.31.40.0-255,66,149514,61,287480
13082,0.002144,74.125.130.0-255,5738,155252,61,287480
13083,0.002148,172.31.40.0-255,66,155318,61,287480
13084,0.002151,74.125.130.0-255,1484,156802,61,287480
13085,0.002187,74.125.130.0-255,7156,163958,61,287480
13086,0.00219,172.31.40.0-255,66,164024,61,287480
13087,0.002214,74.125.130.0-255,1484,165508,61,287480
13088,0.002218,74.125.130.0-255,1484,166992,61,287480
13089,0.00222,172.31.40.0-255,66,167058,61,287480
13090,0.002259,172.31.40.0-255,66,167124,61,287480
13091,0.004514,74.125.130.0-255,5738,172862,61,287480
13092,0.004522,172.31.40.0-255,66,172928,61,287480
13093,0.006783,74.125.130.0-255,5738,178666,61,287480
13094,0.006788,172.31.40.0-255,66,178732,61,287480
13095,0.009047,74.125.130.0-255,5738,184470,61,287480
13096,0.009054,172.31.40.0-255,66,184536,61,287480
13097,0.011323,74.125.130.0-255,5738,190274,61,287480
13098,0.011331,172.31.40.0-255,66,190340,61,287480
13099,0.013608,74.125.130.0-255,5738,196078,61,287480
13100,0.013616,172.31.40.0-255,66,196144,61,287480
13101,0.015887,74.125.130.0-255,5738,201882,61,287480
13102,0.015899,172.31.40.0-255,66,201948,61,287480
13103,0.018162,74.125.130.0-255,5738,207686,61,287480
13104,0.018171,172.31.40.0-255,66,207752,61,287480
13105,0.020439,74.125.130.0-255,5738,213490,61,287480
13106,0.020446,172.31.40.0-255,66,213556,61,287480
13107,0.022717,74.125.130.0-255,5738,219294,61,287480
13108,0.022725,172.31.40.0-255,66,219360,61,287480
13109,0.025007,74.125.130.0-255,5738,225098,61,287480
13110,0.025024,172.31.40.0-255,66,225164,61,287480
13111,0.027301,74.125.130.0-255,5738,230902,61,287480
13112,0.027316,172.31.40.0-255,66,230968,61,287480
13113,0.029591,74.125.130.0-255,5738,236706,61,287480
13114,0.029605,172.31.40.0-255,66,236772,61,287480
13115,0.031912,74.125.130.0-255,5738,242510,61,287480
13116,0.031924,172.31.40.0-255,66,242576,61,287480
13117,0.034194,74.125.130.0-255,5738,248314,61,287480
13118,0.034205,172.31.40.0-255,66,248380,61,287480
13119,0.036502,74.125.130.0-255,5738,254118,61,287480
13120,0.036521,172.31.40.0-255,66,254184,61,287480
13121,0.038794,74.125.130.0-255,5738,259922,61,287480
13122,0.038807,172.31.40.0-255,66,259988,61,287480
13123,0.041105,74.125.130.0-255,5738,265726,61,287480
13124,0.041111,172.31.40.0-255,66,265792,61,287480
13125,0.043145,172.31.40.0-255,167,265959,61,287480
13126,0.043181,172.31.40.0-255,1120,267079,61,287480
13127,0.043242,172.31.40.0-255,1514,268593,61,287480
13128,0.043244,172.31.40.0-255,1277,269870,61,287480
13129,0.043369,74.125.130.0-255,5738,275608,61,287480
13130,0.043376,172.31.40.0-255,66,275674,61,287480
13131,0.044691,104.244.42.0-255,66,275740,61,287480
13132,0.044702,104.244.42.0-255,66,275806,61,287480
13133,0.04479,104.244.42.0-255,66,275872,61,287480
13134,0.045631,74.125.130.0-255,5738,281610,61,287480
13135,0.045642,172.31.40.0-255,66,281676,61,287480
13136,0.047913,74.125.130.0-255,5738,287414,61,287480
13137,0.047923,172.31.40.0-255,66,287480,61,287480
13138,0.0,74.125.130.0-255,152,152,61,254486
13139,1.6e-05,172.31.40.0-255,66,218,61,254486
13140,2.3e-05,74.125.130.0-255,1484,1702,61,254486
13141,2.7e-05,172.31.40.0-255,66,1768,61,254486
13142,3.3e-05,74.125.130.0-255,2902,4670,61,254486
13143,4.3e-05,172.31.40.0-255,66,4736,61,254486
13144,5.1e-05,74.125.130.0-255,7156,11892,61,254486
13145,5.4e-05,172.31.40.0-255,66,11958,61,254486
13146,9e-05,74.125.130.0-255,4836,16794,61,254486
13147,9.3e-05,172.31.40.0-255,66,16860,61,254486
13148,9.9e-05,74.125.130.0-255,5738,22598,61,254486
13149,0.000101,172.31.40.0-255,66,22664,61,254486
13150,0.000135,172.31.40.0-255,66,22730,61,254486
13151,0.000298,74.125.130.0-255,1484,24214,61,254486
13152,0.000303,172.31.40.0-255,66,24280,61,254486
13153,0.000309,74.125.130.0-255,2902,27182,61,254486
13154,0.000311,172.31.40.0-255,66,27248,61,254486
13155,0.000322,74.125.130.0-255,4320,31568,61,254486
13156,0.000324,172.31.40.0-255,66,31634,61,254486
13157,0.00033,74.125.130.0-255,5738,37372,61,254486
13158,0.000332,172.31.40.0-255,66,37438,61,254486
13159,0.00038,74.125.130.0-255,7156,44594,61,254486
13160,0.000383,172.31.40.0-255,66,44660,61,254486
13161,0.00041,74.125.130.0-255,5379,50039,61,254486
13162,0.000413,172.31.40.0-255,66,50105,61,254486
13163,0.00042,74.125.130.0-255,6797,56902,61,254486
13164,0.000423,172.31.40.0-255,66,56968,61,254486
13165,0.00062,74.125.130.0-255,646,57614,61,254486
13166,0.000624,172.31.40.0-255,66,57680,61,254486
13167,0.000658,74.125.130.0-255,1484,59164,61,254486
13168,0.000663,172.31.40.0-255,66,59230,61,254486
13169,0.000673,74.125.130.0-255,4320,63550,61,254486
13170,0.000676,172.31.40.0-255,66,63616,61,254486
13171,0.000685,74.125.130.0-255,2902,66518,61,254486
13172,0.000687,172.31.40.0-255,66,66584,61,254486
13173,0.00071,74.125.130.0-255,4320,70904,61,254486
13174,0.000713,172.31.40.0-255,66,70970,61,254486
13175,0.000726,172.31.40.0-255,66,71036,61,254486
13176,0.000766,74.125.130.0-255,4320,75356,61,254486
13177,0.000769,172.31.40.0-255,66,75422,61,254486
13178,0.000776,74.125.130.0-255,5020,80442,61,254486
13179,0.000778,172.31.40.0-255,66,80508,61,254486
13180,0.001,74.125.130.0-255,1484,81992,61,254486
13181,0.001005,74.125.130.0-255,1484,83476,61,254486
13182,0.001008,172.31.40.0-255,66,83542,61,254486
13183,0.001033,74.125.130.0-255,1484,85026,61,254486
13184,0.00104,74.125.130.0-255,5738,90764,61,254486
13185,0.001042,172.31.40.0-255,66,90830,61,254486
13186,0.001049,74.125.130.0-255,5738,96568,61,254486
13187,0.00105,172.31.40.0-255,66,96634,61,254486
13188,0.001062,74.125.130.0-255,7156,103790,61,254486
13189,0.001065,172.31.40.0-255,66,103856,61,254486
13190,0.001099,74.125.130.0-255,5738,109594,61,254486
13191,0.001102,172.31.40.0-255,66,109660,61,254486
13192,0.001132,74.125.130.0-255,5020,114680,61,254486
13193,0.001135,172.31.40.0-255,66,114746,61,254486
13194,0.001208,74.125.130.0-255,1484,116230,61,254486
13195,0.001212,74.125.130.0-255,1484,117714,61,254486
13196,0.001215,172.31.40.0-255,66,117780,61,254486
13197,0.001241,74.125.130.0-255,1484,119264,61,254486
13198,0.001247,74.125.130.0-255,5738,125002,61,254486
13199,0.00125,172.31.40.0-255,66,125068,61,254486
13200,0.001258,74.125.130.0-255,7156,132224,61,254486
13201,0.00126,172.31.40.0-255,66,132290,61,254486
13202,0.0013,172.31.40.0-255,66,132356,61,254486
13203,0.001326,74.125.130.0-255,1484,133840,61,254486
13204,0.00133,74.125.130.0-255,2184,136024,61,254486
13205,0.001332,172.31.40.0-255,66,136090,61,254486
13206,0.001357,74.125.130.0-255,1484,137574,61,254486
13207,0.001362,74.125.130.0-255,2902,140476,61,254486
13208,0.001365,172.31.40.0-255,66,140542,61,254486
13209,0.001371,74.125.130.0-255,5738,146280,61,254486
13210,0.001374,172.31.40.0-255,66,146346,61,254486
13211,0.001411,172.31.40.0-255,66,146412,61,254486
13212,0.001414,74.125.130.0-255,1484,147896,61,254486
13213,0.001448,74.125.130.0-255,5738,153634,61,254486
13214,0.001451,172.31.40.0-255,66,153700,61,254486
13215,0.00148,74.125.130.0-255,3602,157302,61,254486
13216,0.001483,172.31.40.0-255,66,157368,61,254486
13217,0.001487,74.125.130.0-255,2902,160270,61,254486
13218,0.001489,172.31.40.0-255,66,160336,61,254486
13219,0.001514,74.125.130.0-255,4320,164656,61,254486
13220,0.001516,172.31.40.0-255,66,164722,61,254486
13221,0.001519,74.125.130.0-255,1484,166206,61,254486
13222,0.001554,74.125.130.0-255,7156,173362,61,254486
13223,0.001556,172.31.40.0-255,66,173428,61,254486
13224,0.001577,172.31.40.0-255,66,173494,61,254486
13225,0.00159,74.125.130.0-255,2184,175678,61,254486
13226,0.001596,172.31.40.0-255,66,175744,61,254486
13227,0.001671,74.125.130.0-255,1484,177228,61,254486
13228,0.001677,74.125.130.0-255,2902,180130,61,254486
13229,0.00168,172.31.40.0-255,66,180196,61,254486
13230,0.00171,74.125.130.0-255,5738,185934,61,254486
13231,0.001713,172.31.40.0-255,66,186000,61,254486
13232,0.001729,74.125.130.0-255,7156,193156,61,254486
13233,0.001731,172.31.40.0-255,66,193222,61,254486
13234,0.001743,172.31.40.0-255,66,193288,61,254486
13235,0.001768,74.125.130.0-255,4320,197608,61,254486
13236,0.001775,74.125.130.0-255,2184,199792,61,254486
13237,0.00178,172.31.40.0-255,66,199858,61,254486
13238,0.001783,172.31.40.0-255,66,199924,61,254486
13239,0.001889,74.125.130.0-255,1484,201408,61,254486
13240,0.001893,74.125.130.0-255,1484,202892,61,254486
13241,0.001896,172.31.40.0-255,66,202958,61,254486
13242,0.001922,74.125.130.0-255,1484,204442,61,254486
13243,0.001928,74.125.130.0-255,5738,210180,61,254486
13244,0.00193,74.125.130.0-255,1484,211664,61,254486
13245,0.001936,172.31.40.0-255,66,211730,61,254486
13246,0.001972,172.31.40.0-255,66,211796,61,254486
13247,0.001983,172.31.40.0-255,66,211862,61,254486
13248,0.002014,74.125.130.0-255,1484,213346,61,254486
13249,0.00203,74.125.130.0-255,2902,216248,61,254486
13250,0.002033,172.31.40.0-255,66,216314,61,254486
13251,0.002037,74.125.130.0-255,2902,219216,61,254486
13252,0.002039,172.31.40.0-255,66,219282,61,254486
13253,0.002091,74.125.130.0-255,2902,222184,61,254486
13254,0.002099,172.31.40.0-255,66,222250,61,254486
13255,0.002122,74.125.130.0-255,5020,227270,61,254486
13256,0.002361,74.125.130.0-255,1484,228754,61,254486
13257,0.002367,74.125.130.0-255,2902,231656,61,254486
13258,0.002385,74.125.130.0-255,2902,234558,61,254486
13259,0.002403,74.125.130.0-255,2902,237460,61,254486
13260,0.002468,74.125.130.0-255,7156,244616,61,254486
13261,0.002486,74.125.130.0-255,3602,248218,61,254486
13262,0.002531,74.125.130.0-255,1484,249702,61,254486
13263,0.002619,74.125.130.0-255,97,249799,61,254486
13264,0.006387,172.31.40.0-255,66,249865,61,254486
13265,0.008938,74.125.130.0-255,105,249970,61,254486
13266,0.010637,172.31.40.0-255,66,250036,61,254486
13267,0.010673,172.31.40.0-255,105,250141,61,254486
13268,0.013205,74.125.130.0-255,66,250207,61,254486
13269,0.029677,172.31.40.0-255,172,250379,61,254486
13270,0.02971,172.31.40.0-255,1119,251498,61,254486
13271,0.02977,172.31.40.0-255,1514,253012,61,254486
13272,0.029772,172.31.40.0-255,1276,254288,61,254486
13273,0.031243,104.244.42.0-255,66,254354,61,254486
13274,0.031409,104.244.42.0-255,66,254420,61,254486
13275,0.03144,104.244.42.0-255,66,254486,61,254486
13276,0.0,172.31.40.0-255,66,66,61,66
13277,0.0,74.125.24.0-255,146,146,61,285186
13278,1.7e-05,172.31.40.0-255,66,212,61,285186
13279,2.4e-05,74.125.24.0-255,1484,1696,61,285186
13280,2.9e-05,172.31.40.0-255,66,1762,61,285186
13281,3.4e-05,74.125.24.0-255,2902,4664,61,285186
13282,4.5e-05,172.31.40.0-255,66,4730,61,285186
13283,5e-05,74.125.24.0-255,2902,7632,61,285186
13284,5.3e-05,172.31.40.0-255,66,7698,61,285186
13285,6e-05,74.125.24.0-255,4320,12018,61,285186
13286,6.3e-05,172.31.40.0-255,66,12084,61,285186
13287,7.5e-05,172.31.40.0-255,66,12150,61,285186
13288,8.6e-05,172.31.40.0-255,66,12216,61,285186
13289,0.000128,74.125.24.0-255,1125,13341,61,285186
13290,0.000131,172.31.40.0-255,66,13407,61,285186
13291,0.000149,74.125.24.0-255,1484,14891,61,285186
13292,0.000151,172.31.40.0-255,66,14957,61,285186
13293,0.000158,74.125.24.0-255,4320,19277,61,285186
13294,0.00016,172.31.40.0-255,66,19343,61,285186
13295,0.000205,172.31.40.0-255,66,19409,61,285186
13296,0.000229,74.125.24.0-255,1125,20534,61,285186
13297,0.000231,172.31.40.0-255,66,20600,61,285186
13298,0.000245,74.125.24.0-255,1484,22084,61,285186
13299,0.000252,172.31.40.0-255,66,22150,61,285186
13300,0.000265,74.125.24.0-255,2902,25052,61,285186
13301,0.000271,172.31.40.0-255,66,25118,61,285186
13302,0.000286,74.125.24.0-255,1484,26602,61,285186
13303,0.000292,172.31.40.0-255,66,26668,61,285186
13304,0.0003,74.125.24.0-255,7156,33824,61,285186
13305,0.000302,172.31.40.0-255,66,33890,61,285186
13306,0.000332,74.125.24.0-255,4604,38494,61,285186
13307,0.000334,172.31.40.0-255,66,38560,61,285186
13308,0.000448,74.125.24.0-255,1484,40044,61,285186
13309,0.000452,172.31.40.0-255,66,40110,61,285186
13310,0.000458,74.125.24.0-255,2902,43012,61,285186
13311,0.000461,172.31.40.0-255,66,43078,61,285186
13312,0.000465,74.125.24.0-255,2902,45980,61,285186
13313,0.000494,74.125.24.0-255,2902,48882,61,285186
13314,0.000499,74.125.24.0-255,4320,53202,61,285186
13315,0.000529,74.125.24.0-255,4320,57522,61,285186
13316,0.00055,74.125.24.0-255,1125,58647,61,285186
13317,0.000556,74.125.24.0-255,5738,64385,61,285186
13318,0.000584,74.125.24.0-255,2902,67287,61,285186
13319,0.000604,74.125.24.0-255,5379,72666,61,285186
13320,0.000625,172.31.40.0-255,66,72732,61,285186
13321,0.00105,74.125.24.0-255,1484,74216,61,285186
13322,0.001056,74.125.24.0-255,2902,77118,61,285186
13323,0.00106,74.125.24.0-255,2902,80020,61,285186
13324,0.001066,172.31.40.0-255,66,80086,61,285186
13325,0.001071,172.31.40.0-255,66,80152,61,285186
13326,0.001084,74.125.24.0-255,2902,83054,61,285186
13327,0.001089,74.125.24.0-255,4320,87374,61,285186
13328,0.00112,74.125.24.0-255,5738,93112,61,285186
13329,0.001133,172.31.40.0-255,66,93178,61,285186
13330,0.001178,172.31.40.0-255,66,93244,61,285186
13331,0.001201,74.125.24.0-255,1484,94728,61,285186
13332,0.001208,74.125.24.0-255,2902,97630,61,285186
13333,0.001214,74.125.24.0-255,5738,103368,61,285186
13334,0.00123,74.125.24.0-255,1484,104852,61,285186
13335,0.001237,172.31.40.0-255,66,104918,61,285186
13336,0.001295,172.31.40.0-255,66,104984,61,285186
13337,0.001335,74.125.24.0-255,1484,106468,61,285186
13338,0.001345,74.125.24.0-255,1484,107952,61,285186
13339,0.001348,172.31.40.0-255,66,108018,61,285186
13340,0.001357,74.125.24.0-255,1484,109502,61,285186
13341,0.001367,74.125.24.0-255,5738,115240,61,285186
13342,0.001376,172.31.40.0-255,66,115306,61,285186
13343,0.001379,74.125.24.0-255,1484,116790,61,285186
13344,0.001426,172.31.40.0-255,66,116856,61,285186
13345,0.001435,74.125.24.0-255,2902,119758,61,285186
13346,0.001489,74.125.24.0-255,7156,126914,61,285186
13347,0.001499,74.125.24.0-255,1484,128398,61,285186
13348,0.001502,172.31.40.0-255,66,128464,61,285186
13349,0.001516,74.125.24.0-255,7156,135620,61,285186
13350,0.001525,172.31.40.0-255,66,135686,61,285186
13351,0.001545,74.125.24.0-255,2902,138588,61,285186
13352,0.001571,172.31.40.0-255,66,138654,61,285186
13353,0.00159,74.125.24.0-255,4320,142974,61,285186
13354,0.001607,74.125.24.0-255,2184,145158,61,285186
13355,0.001612,172.31.40.0-255,66,145224,61,285186
13356,0.00167,74.125.24.0-255,1484,146708,61,285186
13357,0.001676,74.125.24.0-255,2902,149610,61,285186
13358,0.001685,172.31.40.0-255,66,149676,61,285186
13359,0.001692,74.125.24.0-255,1484,151160,61,285186
13360,0.001718,74.125.24.0-255,4320,155480,61,285186
13361,0.001742,74.125.24.0-255,7156,162636,61,285186
13362,0.001759,74.125.24.0-255,3602,166238,61,285186
13363,0.001766,172.31.40.0-255,66,166304,61,285186
13364,0.002337,74.125.24.0-255,1484,167788,61,285186
13365,0.002343,74.125.24.0-255,2902,170690,61,285186
13366,0.002347,172.31.40.0-255,66,170756,61,285186
13367,0.00235,74.125.24.0-255,1484,172240,61,285186
13368,0.002376,74.125.24.0-255,4320,176560,61,285186
13369,0.002378,172.31.40.0-255,66,176626,61,285186
13370,0.002384,74.125.24.0-255,5738,182364,61,285186
13371,0.002388,74.125.24.0-255,1484,183848,61,285186
13372,0.00242,172.31.40.0-255,66,183914,61,285186
13373,0.002443,74.125.24.0-255,5020,188934,61,285186
13374,0.002459,172.31.40.0-255,66,189000,61,285186
13375,0.005086,74.125.24.0-255,5738,194738,61,285186
13376,0.005094,172.31.40.0-255,66,194804,61,285186
13377,0.007727,74.125.24.0-255,5738,200542,61,285186
13378,0.011066,172.31.40.0-255,66,200608,61,285186
13379,0.013697,74.125.24.0-255,5738,206346,61,285186
13380,0.013708,172.31.40.0-255,66,206412,61,285186
13381,0.016324,74.125.24.0-255,5738,212150,61,285186
13382,0.016763,172.31.40.0-255,66,212216,61,285186
13383,0.019408,74.125.24.0-255,5738,217954,61,285186
13384,0.019417,172.31.40.0-255,66,218020,61,285186
13385,0.022085,74.125.24.0-255,5738,223758,61,285186
13386,0.022092,172.31.40.0-255,66,223824,61,285186
13387,0.024737,74.125.24.0-255,5738,229562,61,285186
13388,0.024744,172.31.40.0-255,66,229628,61,285186
13389,0.027346,74.125.24.0-255,5738,235366,61,285186
13390,0.027354,172.31.40.0-255,66,235432,61,285186
13391,0.029989,74.125.24.0-255,5738,241170,61,285186
13392,0.029998,172.31.40.0-255,66,241236,61,285186
13393,0.032622,74.125.24.0-255,5738,246974,61,285186
13394,0.032629,172.31.40.0-255,66,247040,61,285186
13395,0.034423,172.31.40.0-255,167,247207,61,285186
13396,0.034456,172.31.40.0-255,1115,248322,61,285186
13397,0.03452,172.31.40.0-255,1514,249836,61,285186
13398,0.034521,172.31.40.0-255,328,250164,61,285186
13399,0.035232,74.125.24.0-255,5738,255902,61,285186
13400,0.035239,172.31.40.0-255,66,255968,61,285186
13401,0.035954,104.244.42.0-255,66,256034,61,285186
13402,0.035982,104.244.42.0-255,66,256100,61,285186
13403,0.036036,104.244.42.0-255,66,256166,61,285186
13404,0.037858,74.125.24.0-255,5738,261904,61,285186
13405,0.037863,172.31.40.0-255,66,261970,61,285186
13406,0.040477,74.125.24.0-255,5738,267708,61,285186
13407,0.040485,172.31.40.0-255,66,267774,61,285186
13408,0.043123,74.125.24.0-255,5738,273512,61,285186
13409,0.043129,172.31.40.0-255,66,273578,61,285186
13410,0.045748,74.125.24.0-255,5738,279316,61,285186
13411,0.045754,172.31.40.0-255,66,279382,61,285186
13412,0.048374,74.125.24.0-255,5738,285120,61,285186
13413,0.04838,172.31.40.0-255,66,285186,61,285186
13414,0.0,104.244.42.0-255,66,66,61,66
13415,0.0,172.217.194.0-255,152,152,61,240742
13416,2.3e-05,172.31.40.0-255,66,218,61,240742
13417,3e-05,172.217.194.0-255,1484,1702,61,240742
13418,3.5e-05,172.31.40.0-255,66,1768,61,240742
13419,4.1e-05,172.217.194.0-255,2902,4670,61,240742
13420,4.4e-05,172.31.40.0-255,66,4736,61,240742
13421,6e-05,172.217.194.0-255,7156,11892,61,240742
13422,6.3e-05,172.31.40.0-255,66,11958,61,240742
13423,6.8e-05,172.217.194.0-255,2004,13962,61,240742
13424,7.1e-05,172.31.40.0-255,66,14028,61,240742
13425,8.5e-05,172.31.40.0-255,66,14094,61,240742
13426,0.000139,172.217.194.0-255,5379,19473,61,240742
13427,0.000148,172.31.40.0-255,66,19539,61,240742
13428,0.000461,172.217.194.0-255,1484,21023,61,240742
13429,0.000466,172.31.40.0-255,66,21089,61,240742
13430,0.000472,172.217.194.0-255,2902,23991,61,240742
13431,0.000476,172.31.40.0-255,66,24057,61,240742
13432,0.000489,172.217.194.0-255,5738,29795,61,240742
13433,0.000491,172.31.40.0-255,66,29861,61,240742
13434,0.000528,172.217.194.0-255,6797,36658,61,240742
13435,0.000532,172.31.40.0-255,66,36724,61,240742
13436,0.00054,172.217.194.0-255,7156,43880,61,240742
13437,0.000542,172.31.40.0-255,66,43946,61,240742
13438,0.000578,172.31.40.0-255,66,44012,61,240742
13439,0.000599,172.217.194.0-255,1484,45496,61,240742
13440,0.000602,172.31.40.0-255,66,45562,61,240742
13441,0.000633,172.217.194.0-255,2902,48464,61,240742
13442,0.000636,172.31.40.0-255,66,48530,61,240742
13443,0.000644,172.217.194.0-255,5738,54268,61,240742
13444,0.000647,172.31.40.0-255,66,54334,61,240742
13445,0.000652,172.217.194.0-255,4320,58654,61,240742
13446,0.000676,172.217.194.0-255,3124,61778,61,240742
13447,0.000707,172.217.194.0-255,2902,64680,61,240742
13448,0.000713,172.31.40.0-255,66,64746,61,240742
13449,0.000732,172.217.194.0-255,5379,70125,61,240742
13450,0.000754,172.31.40.0-255,66,70191,61,240742
13451,0.00107,172.217.194.0-255,1484,71675,61,240742
13452,0.001106,172.217.194.0-255,2902,74577,61,240742
13453,0.001112,172.217.194.0-255,5738,80315,61,240742
13454,0.001119,172.217.194.0-255,7156,87471,61,240742
13455,0.001125,172.31.40.0-255,66,87537,61,240742
13456,0.001142,172.217.194.0-255,5738,93275,61,240742
13457,0.001158,172.31.40.0-255,66,93341,61,240742
13458,0.001168,172.217.194.0-255,4320,97661,61,240742
13459,0.001172,172.31.40.0-255,66,97727,61,240742
13460,0.001196,172.217.194.0-255,5888,103615,61,240742
13461,0.001211,172.217.194.0-255,2902,106517,61,240742
13462,0.001242,172.217.194.0-255,7156,113673,61,240742
13463,0.001245,172.31.40.0-255,66,113739,61,240742
13464,0.00125,172.31.40.0-255,66,113805,61,240742
13465,0.001315,172.31.40.0-255,66,113871,61,240742
13466,0.001322,172.217.194.0-255,1484,115355,61,240742
13467,0.001343,172.217.194.0-255,2902,118257,61,240742
13468,0.001348,172.217.194.0-255,2902,121159,61,240742
13469,0.001362,172.217.194.0-255,2902,124061,61,240742
13470,0.001368,172.217.194.0-255,5738,129799,61,240742
13471,0.001378,172.31.40.0-255,66,129865,61,240742
13472,0.001391,172.217.194.0-255,7156,137021,61,240742
13473,0.001397,172.217.194.0-255,5738,142759,61,240742
13474,0.001422,172.217.194.0-255,4320,147079,61,240742
13475,0.001425,172.217.194.0-255,766,147845,61,240742
13476,0.001437,172.31.40.0-255,66,147911,61,240742
13477,0.0015,172.217.194.0-255,1484,149395,61,240742
13478,0.001506,172.217.194.0-255,2902,152297,61,240742
13479,0.001542,172.217.194.0-255,4320,156617,61,240742
13480,0.001562,172.31.40.0-255,66,156683,61,240742
13481,0.00159,172.217.194.0-255,1484,158167,61,240742
13482,0.001621,172.217.194.0-255,7156,165323,61,240742
13483,0.001627,172.31.40.0-255,66,165389,61,240742
13484,0.001686,172.217.194.0-255,5020,170409,61,240742
13485,0.001709,172.31.40.0-255,66,170475,61,240742
13486,0.001739,172.217.194.0-255,1484,171959,61,240742
13487,0.001743,172.217.194.0-255,1484,173443,61,240742
13488,0.001753,172.31.40.0-255,66,173509,61,240742
13489,0.00176,172.217.194.0-255,1484,174993,61,240742
13490,0.001763,172.217.194.0-255,1484,176477,61,240742
13491,0.001769,172.31.40.0-255,66,176543,61,240742
13492,0.001791,172.217.194.0-255,4320,180863,61,240742
13493,0.001796,172.217.194.0-255,4320,185183,61,240742
13494,0.001806,172.217.194.0-255,4320,189503,61,240742
13495,0.001824,172.217.194.0-255,7156,196659,61,240742
13496,0.001828,172.217.194.0-255,1484,198143,61,240742
13497,0.00185,172.217.194.0-255,6438,204581,61,240742
13498,0.001857,172.31.40.0-255,66,204647,61,240742
13499,0.001889,172.217.194.0-255,1484,206131,61,240742
13500,0.001893,172.217.194.0-255,1484,207615,61,240742
13501,0.00191,172.217.194.0-255,1484,209099,61,240742
13502,0.001917,172.217.194.0-255,5738,214837,61,240742
13503,0.001931,172.31.40.0-255,66,214903,61,240742
13504,0.001945,172.217.194.0-255,7156,222059,61,240742
13505,0.001964,172.217.194.0-255,5738,227797,61,240742
13506,0.001986,172.31.40.0-255,66,227863,61,240742
13507,0.001993,172.217.194.0-255,5738,233601,61,240742
13508,0.002001,172.31.40.0-255,66,233667,61,240742
13509,0.002028,172.217.194.0-255,5020,238687,61,240742
13510,0.002041,172.217.194.0-255,1484,240171,61,240742
13511,0.00205,172.31.40.0-255,66,240237,61,240742
13512,0.002087,172.31.40.0-255,66,240303,61,240742
13513,0.002219,172.217.194.0-255,97,240400,61,240742
13514,0.002223,172.217.194.0-255,105,240505,61,240742
13515,0.002228,172.31.40.0-255,66,240571,61,240742
13516,0.019265,172.31.40.0-255,105,240676,61,240742
13517,0.02148,172.217.194.0-255,66,240742,61,240742
13518,0.0,172.217.194.0-255,152,152,61,279439
13519,2.3e-05,172.31.40.0-255,66,218,61,279439
13520,3.1e-05,172.217.194.0-255,1484,1702,61,279439
13521,3.6e-05,172.31.40.0-255,66,1768,61,279439
13522,5e-05,172.217.194.0-255,2902,4670,61,279439
13523,5.4e-05,172.31.40.0-255,66,4736,61,279439
13524,6.2e-05,172.217.194.0-255,7156,11892,61,279439
13525,6.5e-05,172.31.40.0-255,66,11958,61,279439
13526,6.9e-05,172.217.194.0-255,2110,14068,61,279439
13527,7.2e-05,172.31.40.0-255,66,14134,61,279439
13528,0.000111,172.217.194.0-255,2902,17036,61,279439
13529,0.000115,172.31.40.0-255,66,17102,61,279439
13530,0.000121,172.217.194.0-255,4320,21422,61,279439
13531,0.000124,172.31.40.0-255,66,21488,61,279439
13532,0.000141,172.31.40.0-255,66,21554,61,279439
13533,0.000164,172.217.194.0-255,1125,22679,61,279439
13534,0.000167,172.31.40.0-255,66,22745,61,279439
13535,0.00023,172.217.194.0-255,1484,24229,61,279439
13536,0.000233,172.31.40.0-255,66,24295,61,279439
13537,0.000238,172.217.194.0-255,2902,27197,61,279439
13538,0.00024,172.31.40.0-255,66,27263,61,279439
13539,0.000268,172.217.194.0-255,5738,33001,61,279439
13540,0.000271,172.31.40.0-255,66,33067,61,279439
13541,0.000274,172.217.194.0-255,1484,34551,61,279439
13542,0.000276,172.31.40.0-255,66,34617,61,279439
13543,0.000282,172.217.194.0-255,4320,38937,61,279439
13544,0.000284,172.31.40.0-255,66,39003,61,279439
13545,0.00031,172.217.194.0-255,5379,44382,61,279439
13546,0.000317,172.31.40.0-255,66,44448,61,279439
13547,0.000346,172.217.194.0-255,7156,51604,61,279439
13548,0.000349,172.31.40.0-255,66,51670,61,279439
13549,0.00038,172.217.194.0-255,5379,57049,61,279439
13550,0.000383,172.31.40.0-255,66,57115,61,279439
13551,0.000386,172.217.194.0-255,378,57493,61,279439
13552,0.000432,172.217.194.0-255,365,57858,61,279439
13553,0.000621,172.217.194.0-255,1484,59342,61,279439
13554,0.000627,172.31.40.0-255,66,59408,61,279439
13555,0.000633,172.217.194.0-255,2902,62310,61,279439
13556,0.000636,172.31.40.0-255,66,62376,61,279439
13557,0.000667,172.217.194.0-255,5738,68114,61,279439
13558,0.00067,172.31.40.0-255,66,68180,61,279439
13559,0.000689,172.217.194.0-255,5738,73918,61,279439
13560,0.000692,172.31.40.0-255,66,73984,61,279439
13561,0.000722,172.217.194.0-255,4320,78304,61,279439
13562,0.000725,172.31.40.0-255,66,78370,61,279439
13563,0.000728,172.217.194.0-255,1484,79854,61,279439
13564,0.000769,172.31.40.0-255,66,79920,61,279439
13565,0.000881,172.217.194.0-255,1484,81404,61,279439
13566,0.000888,172.217.194.0-255,2902,84306,61,279439
13567,0.000891,172.31.40.0-255,66,84372,61,279439
13568,0.000923,172.217.194.0-255,5738,90110,61,279439
13569,0.000926,172.31.40.0-255,66,90176,61,279439
13570,0.000932,172.217.194.0-255,4320,94496,61,279439
13571,0.000935,172.31.40.0-255,66,94562,61,279439
13572,0.000957,172.217.194.0-255,4320,98882,61,279439
13573,0.000961,172.31.40.0-255,66,98948,61,279439
13574,0.000977,172.31.40.0-255,66,99014,61,279439
13575,0.000983,172.217.194.0-255,5020,104034,61,279439
13576,0.000985,172.31.40.0-255,66,104100,61,279439
13577,0.00111,172.217.194.0-255,1484,105584,61,279439
13578,0.001127,172.217.194.0-255,2902,108486,61,279439
13579,0.001131,172.31.40.0-255,66,108552,61,279439
13580,0.001136,172.217.194.0-255,4320,112872,61,279439
13581,0.001138,172.31.40.0-255,66,112938,61,279439
13582,0.001156,172.217.194.0-255,1484,114422,61,279439
13583,0.001163,172.217.194.0-255,1484,115906,61,279439
13584,0.001165,172.31.40.0-255,66,115972,61,279439
13585,0.001203,172.31.40.0-255,66,116038,61,279439
13586,0.001211,172.217.194.0-255,7156,123194,61,279439
13587,0.001213,172.31.40.0-255,66,123260,61,279439
13588,0.001244,172.217.194.0-255,3602,126862,61,279439
13589,0.001246,172.31.40.0-255,66,126928,61,279439
13590,0.001281,172.217.194.0-255,4320,131248,61,279439
13591,0.001284,172.31.40.0-255,66,131314,61,279439
13592,0.001306,172.217.194.0-255,5738,137052,61,279439
13593,0.001308,172.31.40.0-255,66,137118,61,279439
13594,0.001349,172.217.194.0-255,5738,142856,61,279439
13595,0.001352,172.31.40.0-255,66,142922,61,279439
13596,0.001369,172.217.194.0-255,5738,148660,61,279439
13597,0.001376,172.31.40.0-255,66,148726,61,279439
13598,0.001388,172.31.40.0-255,66,148792,61,279439
13599,0.001391,172.217.194.0-255,766,149558,61,279439
13600,0.00229,172.217.194.0-255,1484,151042,61,279439
13601,0.002296,172.31.40.0-255,66,151108,61,279439
13602,0.002325,172.217.194.0-255,2902,154010,61,279439
13603,0.002328,172.31.40.0-255,66,154076,61,279439
13604,0.002334,172.217.194.0-255,5738,159814,61,279439
13605,0.002336,172.31.40.0-255,66,159880,61,279439
13606,0.002345,172.217.194.0-255,1484,161364,61,279439
13607,0.002378,172.31.40.0-255,66,161430,61,279439
13608,0.00241,172.217.194.0-255,7156,168586,61,279439
13609,0.002414,172.31.40.0-255,66,168652,61,279439
13610,0.002433,172.217.194.0-255,3602,172254,61,279439
13611,0.002436,172.31.40.0-255,66,172320,61,279439
13612,0.00261,172.217.194.0-255,1484,173804,61,279439
13613,0.002616,172.217.194.0-255,2902,176706,61,279439
13614,0.00262,172.31.40.0-255,66,176772,61,279439
13615,0.002653,172.217.194.0-255,1484,178256,61,279439
13616,0.002677,172.217.194.0-255,4320,182576,61,279439
13617,0.00268,172.31.40.0-255,66,182642,61,279439
13618,0.002707,172.31.40.0-255,66,182708,61,279439
13619,0.002711,172.217.194.0-255,2902,185610,61,279439
13620,0.002713,172.31.40.0-255,66,185676,61,279439
13621,0.002731,172.217.194.0-255,1484,187160,61,279439
13622,0.002739,172.217.194.0-255,6438,193598,61,279439
13623,0.002741,172.31.40.0-255,66,193664,61,279439
13624,0.002749,172.217.194.0-255,7156,200820,61,279439
13625,0.002752,172.31.40.0-255,66,200886,61,279439
13626,0.002755,172.217.194.0-255,1484,202370,61,279439
13627,0.002794,172.31.40.0-255,66,202436,61,279439
13628,0.002824,172.217.194.0-255,4320,206756,61,279439
13629,0.002826,172.31.40.0-255,66,206822,61,279439
13630,0.002834,172.217.194.0-255,6438,213260,61,279439
13631,0.002836,172.31.40.0-255,66,213326,61,279439
13632,0.002914,172.217.194.0-255,1484,214810,61,279439
13633,0.002919,172.217.194.0-255,1484,216294,61,279439
13634,0.002922,172.31.40.0-255,66,216360,61,279439
13635,0.002951,172.217.194.0-255,1484,217844,61,279439
13636,0.002958,172.217.194.0-255,5738,223582,61,279439
13637,0.002961,172.31.40.0-255,66,223648,61,279439
13638,0.002972,172.31.40.0-255,66,223714,61,279439
13639,0.003005,172.217.194.0-255,2902,226616,61,279439
13640,0.003008,172.31.40.0-255,66,226682,61,279439
13641,0.003025,172.31.40.0-255,66,226748,61,279439
13642,0.003028,172.217.194.0-255,766,227514,61,279439
13643,0.003188,172.217.194.0-255,1484,228998,61,279439
13644,0.003193,172.31.40.0-255,66,229064,61,279439
13645,0.003198,172.217.194.0-255,2902,231966,61,279439
13646,0.0032,172.31.40.0-255,66,232032,61,279439
13647,0.003236,172.217.194.0-255,5738,237770,61,279439
13648,0.003239,172.31.40.0-255,66,237836,61,279439
13649,0.003244,172.217.194.0-255,2902,240738,61,279439
13650,0.003246,172.31.40.0-255,66,240804,61,279439
13651,0.003256,172.217.194.0-255,4320,245124,61,279439
13652,0.003258,172.31.40.0-255,66,245190,61,279439
13653,0.003264,172.217.194.0-255,5738,250928,61,279439
13654,0.003267,172.31.40.0-255,66,250994,61,279439
13655,0.003309,172.31.40.0-255,66,251060,61,279439
13656,0.003312,172.217.194.0-255,766,251826,61,279439
13657,0.00332,172.217.194.0-255,7156,258982,61,279439
13658,0.003327,172.31.40.0-255,66,259048,61,279439
13659,0.00339,172.31.40.0-255,78,259126,61,279439
13660,0.003397,172.217.194.0-255,7156,266282,61,279439
13661,0.0034,172.217.194.0-255,1185,267467,61,279439
13662,0.003408,172.217.194.0-255,97,267564,61,279439
13663,0.003464,172.217.194.0-255,105,267669,61,279439
13664,0.007303,172.31.40.0-255,66,267735,61,279439
13665,0.009,172.31.40.0-255,105,267840,61,279439
13666,0.009151,172.217.194.0-255,7156,274996,61,279439
13667,0.009156,172.31.40.0-255,78,275074,61,279439
13668,0.011451,172.217.194.0-255,66,275140,61,279439
13669,0.047928,172.31.40.0-255,192,275332,61,279439
13670,0.047967,172.31.40.0-255,1120,276452,61,279439
13671,0.048045,172.31.40.0-255,1514,277966,61,279439
13672,0.048047,172.31.40.0-255,1275,279241,61,279439
13673,0.049474,104.244.42.0-255,66,279307,61,279439
13674,0.04956,104.244.42.0-255,66,279373,61,279439
13675,0.049703,104.244.42.0-255,66,279439,61,279439
13676,0.0,74.125.24.0-255,152,152,61,252175
13677,2.3e-05,172.31.40.0-255,66,218,61,252175
13678,3e-05,74.125.24.0-255,1484,1702,61,252175
13679,3.4e-05,172.31.40.0-255,66,1768,61,252175
13680,4.7e-05,74.125.24.0-255,2902,4670,61,252175
13681,5e-05,172.31.40.0-255,66,4736,61,252175
13682,5.5e-05,74.125.24.0-255,2902,7638,61,252175
13683,5.8e-05,172.31.40.0-255,66,7704,61,252175
13684,9.6e-05,74.125.24.0-255,6328,14032,61,252175
13685,0.0001,172.31.40.0-255,66,14098,61,252175
13686,0.000125,74.125.24.0-255,7156,21254,61,252175
13687,0.000128,172.31.40.0-255,66,21320,61,252175
13688,0.000131,74.125.24.0-255,1484,22804,61,252175
13689,0.000133,172.31.40.0-255,66,22870,61,252175
13690,0.000185,172.31.40.0-255,66,22936,61,252175
13691,0.000363,74.125.24.0-255,1484,24420,61,252175
13692,0.000368,172.31.40.0-255,66,24486,61,252175
13693,0.000372,74.125.24.0-255,1484,25970,61,252175
13694,0.000374,172.31.40.0-255,66,26036,61,252175
13695,0.000413,74.125.24.0-255,1484,27520,61,252175
13696,0.000416,172.31.40.0-255,66,27586,61,252175
13697,0.000424,74.125.24.0-255,5738,33324,61,252175
13698,0.000443,172.31.40.0-255,66,33390,61,252175
13699,0.000451,74.125.24.0-255,6797,40187,61,252175
13700,0.000453,172.31.40.0-255,66,40253,61,252175
13701,0.000461,74.125.24.0-255,7156,47409,61,252175
13702,0.000464,172.31.40.0-255,66,47475,61,252175
13703,0.000539,172.31.40.0-255,66,47541,61,252175
13704,0.000542,74.125.24.0-255,410,47951,61,252175
13705,0.000544,172.31.40.0-255,66,48017,61,252175
13706,0.000613,74.125.24.0-255,333,48350,61,252175
13707,0.001227,172.31.40.0-255,66,48416,61,252175
13708,0.001512,74.125.24.0-255,1484,49900,61,252175
13709,0.001522,74.125.24.0-255,2902,52802,61,252175
13710,0.001529,74.125.24.0-255,5738,58540,61,252175
13711,0.001531,74.125.24.0-255,1484,60024,61,252175
13712,0.001547,74.125.24.0-255,2902,62926,61,252175
13713,0.001566,74.125.24.0-255,5738,68664,61,252175
13714,0.001589,74.125.24.0-255,1484,70148,61,252175
13715,0.001633,74.125.24.0-255,1484,71632,61,252175
13716,0.001646,74.125.24.0-255,2902,74534,61,252175
13717,0.001649,74.125.24.0-255,1484,76018,61,252175
13718,0.00167,74.125.24.0-255,4320,80338,61,252175
13719,0.001676,74.125.24.0-255,5738,86076,61,252175
13720,0.001708,74.125.24.0-255,5738,91814,61,252175
13721,0.001798,74.125.24.0-255,1484,93298,61,252175
13722,0.001804,74.125.24.0-255,2902,96200,61,252175
13723,0.001808,74.125.24.0-255,1484,97684,61,252175
13724,0.001829,74.125.24.0-255,4320,102004,61,252175
13725,0.001832,74.125.24.0-255,1484,103488,61,252175
13726,0.001906,74.125.24.0-255,5738,109226,61,252175
13727,0.001926,74.125.24.0-255,5020,114246,61,252175
13728,0.003482,74.125.24.0-255,1484,115730,61,252175
13729,0.003489,74.125.24.0-255,2902,118632,61,252175
13730,0.003519,74.125.24.0-255,5738,124370,61,252175
13731,0.003525,74.125.24.0-255,4320,128690,61,252175
13732,0.003588,74.125.24.0-255,4320,133010,61,252175
13733,0.003611,74.125.24.0-255,6438,139448,61,252175
13734,0.00372,74.125.24.0-255,1484,140932,61,252175
13735,0.003723,74.125.24.0-255,1484,142416,61,252175
13736,0.003742,74.125.24.0-255,1484,143900,61,252175
13737,0.003748,74.125.24.0-255,5738,149638,61,252175
13738,0.003772,74.125.24.0-255,4320,153958,61,252175
13739,0.003834,74.125.24.0-255,5738,159696,61,252175
13740,0.003853,74.125.24.0-255,5020,164716,61,252175
13741,0.003889,74.125.24.0-255,2902,167618,61,252175
13742,0.003929,74.125.24.0-255,7156,174774,61,252175
13743,0.003949,74.125.24.0-255,6438,181212,61,252175
13744,0.004206,74.125.24.0-255,1484,182696,61,252175
13745,0.004213,74.125.24.0-255,2902,185598,61,252175
13746,0.004262,74.125.24.0-255,5738,191336,61,252175
13747,0.00427,74.125.24.0-255,7156,198492,61,252175
13748,0.004314,74.125.24.0-255,2184,200676,61,252175
13749,0.004344,74.125.24.0-255,4320,204996,61,252175
13750,0.004378,74.125.24.0-255,1484,206480,61,252175
13751,0.004401,74.125.24.0-255,4320,210800,61,252175
13752,0.004421,74.125.24.0-255,4320,215120,61,252175
13753,0.004461,74.125.24.0-255,5738,220858,61,252175
13754,0.004497,74.125.24.0-255,5738,226596,61,252175
13755,0.004506,74.125.24.0-255,7156,233752,61,252175
13756,0.004545,74.125.24.0-255,6438,240190,61,252175
13757,0.004562,74.125.24.0-255,4320,244510,61,252175
13758,0.004584,74.125.24.0-255,7156,251666,61,252175
13759,0.004685,74.125.24.0-255,105,251771,61,252175
13760,0.004745,172.31.40.0-255,66,251837,61,252175
13761,0.006153,172.31.40.0-255,101,251938,61,252175
13762,0.007472,172.31.40.0-255,105,252043,61,252175
13763,0.008164,74.125.24.0-255,66,252109,61,252175
13764,0.009492,74.125.24.0-255,66,252175,61,252175
13765,0.0,74.125.24.0-255,152,152,61,271890
13766,2.1e-05,172.31.40.0-255,66,218,61,271890
13767,2.8e-05,74.125.24.0-255,1484,1702,61,271890
13768,3.2e-05,172.31.40.0-255,66,1768,61,271890
13769,3.8e-05,74.125.24.0-255,2902,4670,61,271890
13770,5e-05,172.31.40.0-255,66,4736,61,271890
13771,5.8e-05,74.125.24.0-255,7156,11892,61,271890
13772,6.2e-05,172.31.40.0-255,66,11958,61,271890
13773,9.3e-05,74.125.24.0-255,2063,14021,61,271890
13774,9.6e-05,172.31.40.0-255,66,14087,61,271890
13775,0.000122,74.125.24.0-255,2902,16989,61,271890
13776,0.000126,172.31.40.0-255,66,17055,61,271890
13777,0.000156,74.125.24.0-255,4320,21375,61,271890
13778,0.000159,172.31.40.0-255,66,21441,61,271890
13779,0.00017,172.31.40.0-255,66,21507,61,271890
13780,0.000177,74.125.24.0-255,1125,22632,61,271890
13781,0.00018,172.31.40.0-255,66,22698,61,271890
13782,0.00044,74.125.24.0-255,1484,24182,61,271890
13783,0.000444,172.31.40.0-255,66,24248,61,271890
13784,0.00045,74.125.24.0-255,2902,27150,61,271890
13785,0.000453,172.31.40.0-255,66,27216,61,271890
13786,0.000465,74.125.24.0-255,5738,32954,61,271890
13787,0.000467,172.31.40.0-255,66,33020,61,271890
13788,0.000516,172.31.40.0-255,66,33086,61,271890
13789,0.00053,172.31.40.0-255,66,33152,61,271890
13790,0.000554,74.125.24.0-255,2543,35695,61,271890
13791,0.000557,172.31.40.0-255,66,35761,61,271890
13792,0.00056,74.125.24.0-255,647,36408,61,271890
13793,0.000562,172.31.40.0-255,66,36474,61,271890
13794,0.00066,74.125.24.0-255,1484,37958,61,271890
13795,0.000667,74.125.24.0-255,2902,40860,61,271890
13796,0.00067,172.31.40.0-255,66,40926,61,271890
13797,0.000677,74.125.24.0-255,5738,46664,61,271890
13798,0.000679,172.31.40.0-255,66,46730,61,271890
13799,0.000682,74.125.24.0-255,1484,48214,61,271890
13800,0.00071,74.125.24.0-255,5379,53593,61,271890
13801,0.000713,172.31.40.0-255,66,53659,61,271890
13802,0.000717,74.125.24.0-255,2902,56561,61,271890
13803,0.00072,172.31.40.0-255,66,56627,61,271890
13804,0.000755,172.31.40.0-255,66,56693,61,271890
13805,0.000758,74.125.24.0-255,2543,59236,61,271890
13806,0.000761,172.31.40.0-255,66,59302,61,271890
13807,0.000913,74.125.24.0-255,1484,60786,61,271890
13808,0.000918,74.125.24.0-255,1484,62270,61,271890
13809,0.00092,172.31.40.0-255,66,62336,61,271890
13810,0.000932,74.125.24.0-255,1484,63820,61,271890
13811,0.000944,74.125.24.0-255,5738,69558,61,271890
13812,0.000946,172.31.40.0-255,66,69624,61,271890
13813,0.000949,74.125.24.0-255,1484,71108,61,271890
13814,0.000982,172.31.40.0-255,66,71174,61,271890
13815,0.001007,74.125.24.0-255,1484,72658,61,271890
13816,0.001011,74.125.24.0-255,1484,74142,61,271890
13817,0.001013,172.31.40.0-255,66,74208,61,271890
13818,0.001021,74.125.24.0-255,7156,81364,61,271890
13819,0.001024,172.31.40.0-255,66,81430,61,271890
13820,0.001051,74.125.24.0-255,2184,83614,61,271890
13821,0.001054,172.31.40.0-255,66,83680,61,271890
13822,0.001154,74.125.24.0-255,1484,85164,61,271890
13823,0.00118,74.125.24.0-255,2902,88066,61,271890
13824,0.001184,172.31.40.0-255,66,88132,61,271890
13825,0.00119,74.125.24.0-255,5738,93870,61,271890
13826,0.001193,172.31.40.0-255,66,93936,61,271890
13827,0.001203,74.125.24.0-255,4320,98256,61,271890
13828,0.001206,172.31.40.0-255,66,98322,61,271890
13829,0.001247,172.31.40.0-255,66,98388,61,271890
13830,0.001259,172.31.40.0-255,66,98454,61,271890
13831,0.001292,74.125.24.0-255,1484,99938,61,271890
13832,0.001298,74.125.24.0-255,2902,102840,61,271890
13833,0.0013,172.31.40.0-255,66,102906,61,271890
13834,0.001333,74.125.24.0-255,5738,108644,61,271890
13835,0.001337,172.31.40.0-255,66,108710,61,271890
13836,0.001342,74.125.24.0-255,4320,113030,61,271890
13837,0.001345,172.31.40.0-255,66,113096,61,271890
13838,0.001382,172.31.40.0-255,66,113162,61,271890
13839,0.001385,74.125.24.0-255,1484,114646,61,271890
13840,0.001409,172.31.40.0-255,66,114712,61,271890
13841,0.001772,74.125.24.0-255,1484,116196,61,271890
13842,0.00178,74.125.24.0-255,2902,119098,61,271890
13843,0.001784,172.31.40.0-255,66,119164,61,271890
13844,0.00182,74.125.24.0-255,5738,124902,61,271890
13845,0.001824,172.31.40.0-255,66,124968,61,271890
13846,0.001845,172.31.40.0-255,66,125034,61,271890
13847,0.001919,172.31.40.0-255,66,125100,61,271890
13848,0.001992,74.125.24.0-255,1484,126584,61,271890
13849,0.001998,74.125.24.0-255,2902,129486,61,271890
13850,0.002001,172.31.40.0-255,66,129552,61,271890
13851,0.002004,74.125.24.0-255,1484,131036,61,271890
13852,0.002031,74.125.24.0-255,4320,135356,61,271890
13853,0.002034,172.31.40.0-255,66,135422,61,271890
13854,0.002061,172.31.40.0-255,66,135488,61,271890
13855,0.002074,172.31.40.0-255,66,135554,61,271890
13856,0.002077,74.125.24.0-255,2184,137738,61,271890
13857,0.00208,172.31.40.0-255,66,137804,61,271890
13858,0.002102,74.125.24.0-255,1484,139288,61,271890
13859,0.004086,74.125.24.0-255,1484,140772,61,271890
13860,0.004093,172.31.40.0-255,66,140838,61,271890
13861,0.004122,74.125.24.0-255,2902,143740,61,271890
13862,0.004125,172.31.40.0-255,66,143806,61,271890
13863,0.006135,74.125.24.0-255,2902,146708,61,271890
13864,0.006142,172.31.40.0-255,66,146774,61,271890
13865,0.006171,74.125.24.0-255,2902,149676,61,271890
13866,0.006173,172.31.40.0-255,66,149742,61,271890
13867,0.008137,74.125.24.0-255,2902,152644,61,271890
13868,0.00814,172.31.40.0-255,66,152710,61,271890
13869,0.0082,74.125.24.0-255,2902,155612,61,271890
13870,0.008202,172.31.40.0-255,66,155678,61,271890
13871,0.010221,74.125.24.0-255,2902,158580,61,271890
13872,0.010236,172.31.40.0-255,66,158646,61,271890
13873,0.010272,74.125.24.0-255,2902,161548,61,271890
13874,0.010274,172.31.40.0-255,66,161614,61,271890
13875,0.012299,74.125.24.0-255,5738,167352,61,271890
13876,0.012311,172.31.40.0-255,66,167418,61,271890
13877,0.014353,74.125.24.0-255,5738,173156,61,271890
13878,0.014365,172.31.40.0-255,66,173222,61,271890
13879,0.016386,74.125.24.0-255,5738,178960,61,271890
13880,0.016399,172.31.40.0-255,66,179026,61,271890
13881,0.018426,74.125.24.0-255,5738,184764,61,271890
13882,0.018466,172.31.40.0-255,66,184830,61,271890
13883,0.020509,74.125.24.0-255,5738,190568,61,271890
13884,0.020517,172.31.40.0-255,66,190634,61,271890
13885,0.022543,74.125.24.0-255,5738,196372,61,271890
13886,0.02255,172.31.40.0-255,66,196438,61,271890
13887,0.024599,74.125.24.0-255,5738,202176,61,271890
13888,0.024606,172.31.40.0-255,66,202242,61,271890
13889,0.026687,74.125.24.0-255,5738,207980,61,271890
13890,0.026694,172.31.40.0-255,66,208046,61,271890
13891,0.028725,74.125.24.0-255,5738,213784,61,271890
13892,0.028733,172.31.40.0-255,66,213850,61,271890
13893,0.030819,74.125.24.0-255,5738,219588,61,271890
13894,0.030828,172.31.40.0-255,66,219654,61,271890
13895,0.03286,74.125.24.0-255,5738,225392,61,271890
13896,0.032869,172.31.40.0-255,66,225458,61,271890
13897,0.034917,74.125.24.0-255,5738,231196,61,271890
13898,0.034924,172.31.40.0-255,66,231262,61,271890
13899,0.036964,74.125.24.0-255,5738,237000,61,271890
13900,0.03697,172.31.40.0-255,66,237066,61,271890
13901,0.039005,74.125.24.0-255,5738,242804,61,271890
13902,0.039013,172.31.40.0-255,66,242870,61,271890
13903,0.041065,74.125.24.0-255,5738,248608,61,271890
13904,0.041076,172.31.40.0-255,66,248674,61,271890
13905,0.043121,74.125.24.0-255,5738,254412,61,271890
13906,0.043129,172.31.40.0-255,66,254478,61,271890
13907,0.045192,74.125.24.0-255,5738,260216,61,271890
13908,0.045204,172.31.40.0-255,66,260282,61,271890
13909,0.047219,74.125.24.0-255,5738,266020,61,271890
13910,0.047227,172.31.40.0-255,66,266086,61,271890
13911,0.049261,74.125.24.0-255,5738,271824,61,271890
13912,0.049271,172.31.40.0-255,66,271890,61,271890
13913,0.0,172.217.194.0-255,295,295,61,204343
13914,2.3e-05,172.31.40.0-255,66,361,61,204343
13915,2.9e-05,172.217.194.0-255,1484,1845,61,204343
13916,3.4e-05,172.31.40.0-255,66,1911,61,204343
13917,4.2e-05,172.217.194.0-255,4320,6231,61,204343
13918,4.5e-05,172.31.40.0-255,66,6297,61,204343
13919,5e-05,172.217.194.0-255,2902,9199,61,204343
13920,5.3e-05,172.31.40.0-255,66,9265,61,204343
13921,8.7e-05,172.217.194.0-255,6040,15305,61,204343
13922,9.1e-05,172.31.40.0-255,66,15371,61,204343
13923,0.000103,172.31.40.0-255,66,15437,61,204343
13924,0.000109,172.217.194.0-255,5379,20816,61,204343
13925,0.000112,172.31.40.0-255,66,20882,61,204343
13926,0.000181,172.217.194.0-255,1484,22366,61,204343
13927,0.000184,172.31.40.0-255,66,22432,61,204343
13928,0.000188,172.217.194.0-255,1484,23916,61,204343
13929,0.00019,172.31.40.0-255,66,23982,61,204343
13930,0.000205,172.217.194.0-255,1484,25466,61,204343
13931,0.000208,172.31.40.0-255,66,25532,61,204343
13932,0.000215,172.217.194.0-255,5738,31270,61,204343
13933,0.000217,172.31.40.0-255,66,31336,61,204343
13934,0.000253,172.217.194.0-255,1484,32820,61,204343
13935,0.000255,172.31.40.0-255,66,32886,61,204343
13936,0.000278,172.31.40.0-255,66,32952,61,204343
13937,0.0003,172.217.194.0-255,2543,35495,61,204343
13938,0.000303,172.31.40.0-255,66,35561,61,204343
13939,0.000315,172.31.40.0-255,66,35627,61,204343
13940,0.000346,172.217.194.0-255,1516,37143,61,204343
13941,0.000349,172.31.40.0-255,66,37209,61,204343
13942,0.000354,172.217.194.0-255,2902,40111,61,204343
13943,0.000356,172.31.40.0-255,66,40177,61,204343
13944,0.00036,172.217.194.0-255,1484,41661,61,204343
13945,0.000386,172.217.194.0-255,4320,45981,61,204343
13946,0.000389,172.31.40.0-255,66,46047,61,204343
13947,0.000415,172.217.194.0-255,6797,52844,61,204343
13948,0.000418,172.31.40.0-255,66,52910,61,204343
13949,0.000425,172.217.194.0-255,7156,60066,61,204343
13950,0.000427,172.31.40.0-255,66,60132,61,204343
13951,0.000448,172.217.194.0-255,2902,63034,61,204343
13952,0.000451,172.31.40.0-255,66,63100,61,204343
13953,0.000477,172.217.194.0-255,6797,69897,61,204343
13954,0.00048,172.31.40.0-255,66,69963,61,204343
13955,0.000981,172.217.194.0-255,1484,71447,61,204343
13956,0.000988,172.217.194.0-255,2902,74349,61,204343
13957,0.000992,172.31.40.0-255,66,74415,61,204343
13958,0.001012,172.217.194.0-255,5738,80153,61,204343
13959,0.001015,172.31.40.0-255,66,80219,61,204343
13960,0.001023,172.217.194.0-255,7156,87375,61,204343
13961,0.001025,172.31.40.0-255,66,87441,61,204343
13962,0.001057,172.31.40.0-255,66,87507,61,204343
13963,0.001061,172.217.194.0-255,2184,89691,61,204343
13964,0.001063,172.31.40.0-255,66,89757,61,204343
13965,0.00128,172.217.194.0-255,1484,91241,61,204343
13966,0.001284,172.217.194.0-255,1484,92725,61,204343
13967,0.001287,172.31.40.0-255,66,92791,61,204343
13968,0.001307,172.217.194.0-255,1484,94275,61,204343
13969,0.001314,172.217.194.0-255,5738,100013,61,204343
13970,0.001317,172.31.40.0-255,66,100079,61,204343
13971,0.001321,172.217.194.0-255,2902,102981,61,204343
13972,0.001323,172.31.40.0-255,66,103047,61,204343
13973,0.001343,172.217.194.0-255,5738,108785,61,204343
13974,0.001346,172.31.40.0-255,66,108851,61,204343
13975,0.001359,172.217.194.0-255,1484,110335,61,204343
13976,0.001391,172.31.40.0-255,66,110401,61,204343
13977,0.001406,172.31.40.0-255,66,110467,61,204343
13978,0.001425,172.217.194.0-255,4320,114787,61,204343
13979,0.001427,172.31.40.0-255,66,114853,61,204343
13980,0.001452,172.31.40.0-255,66,114919,61,204343
13981,0.001475,172.217.194.0-255,1484,116403,61,204343
13982,0.00148,172.217.194.0-255,2902,119305,61,204343
13983,0.001483,172.31.40.0-255,66,119371,61,204343
13984,0.001505,172.217.194.0-255,5738,125109,61,204343
13985,0.001507,172.31.40.0-255,66,125175,61,204343
13986,0.001538,172.31.40.0-255,66,125241,61,204343
13987,0.001577,172.217.194.0-255,4320,129561,61,204343
13988,0.00158,172.31.40.0-255,66,129627,61,204343
13989,0.001601,172.217.194.0-255,6438,136065,61,204343
13990,0.001603,172.31.40.0-255,66,136131,61,204343
13991,0.001625,172.217.194.0-255,2902,139033,61,204343
13992,0.001627,172.31.40.0-255,66,139099,61,204343
13993,0.001633,172.217.194.0-255,4320,143419,61,204343
13994,0.001636,172.31.40.0-255,66,143485,61,204343
13995,0.001677,172.31.40.0-255,66,143551,61,204343
13996,0.001687,172.217.194.0-255,2902,146453,61,204343
13997,0.001689,172.31.40.0-255,66,146519,61,204343
13998,0.001714,172.31.40.0-255,66,146585,61,204343
13999,0.00177,172.31.40.0-255,66,146651,61,204343
14000,0.001773,172.31.40.0-255,66,146717,61,204343
14001,0.00178,172.217.194.0-255,1484,148201,61,204343
14002,0.001799,172.217.194.0-255,5738,153939,61,204343
14003,0.001802,172.31.40.0-255,66,154005,61,204343
14004,0.001843,172.31.40.0-255,66,154071,61,204343
14005,0.001888,172.217.194.0-255,4320,158391,61,204343
14006,0.001891,172.31.40.0-255,66,158457,61,204343
14007,0.001951,172.217.194.0-255,4320,162777,61,204343
14008,0.001969,172.217.194.0-255,5738,168515,61,204343
14009,0.001978,172.31.40.0-255,66,168581,61,204343
14010,0.00202,172.217.194.0-255,5738,174319,61,204343
14011,0.002025,172.31.40.0-255,66,174385,61,204343
14012,0.002048,172.217.194.0-255,6438,180823,61,204343
14013,0.002057,172.31.40.0-255,66,180889,61,204343
14014,0.002156,172.217.194.0-255,1484,182373,61,204343
14015,0.00218,172.217.194.0-255,2902,185275,61,204343
14016,0.002183,172.31.40.0-255,66,185341,61,204343
14017,0.002191,172.217.194.0-255,5738,191079,61,204343
14018,0.002197,172.217.194.0-255,5738,196817,61,204343
14019,0.002209,172.31.40.0-255,66,196883,61,204343
14020,0.002253,172.217.194.0-255,5091,201974,61,204343
14021,0.002269,172.217.194.0-255,105,202079,61,204343
14022,0.002276,172.31.40.0-255,66,202145,61,204343
14023,0.010908,172.31.40.0-255,105,202250,61,204343
14024,0.013191,172.217.194.0-255,66,202316,61,204343
14025,0.035734,172.31.40.0-255,172,202488,61,204343
14026,0.035771,172.31.40.0-255,1119,203607,61,204343
14027,0.035832,172.31.40.0-255,538,204145,61,204343
14028,0.037287,104.244.42.0-255,66,204211,61,204343
14029,0.037325,104.244.42.0-255,66,204277,61,204343
14030,0.037359,104.244.42.0-255,66,204343,61,204343
14031,0.0,74.125.200.0-255,66,66,61,66
14032,0.0,74.125.24.0-255,152,152,61,294295
14033,2.3e-05,172.31.40.0-255,66,218,61,294295
14034,3.1e-05,74.125.24.0-255,1484,1702,61,294295
14035,3.6e-05,172.31.40.0-255,66,1768,61,294295
14036,4.1e-05,74.125.24.0-255,2902,4670,61,294295
14037,4.5e-05,172.31.40.0-255,66,4736,61,294295
14038,5.4e-05,74.125.24.0-255,7156,11892,61,294295
14039,5.7e-05,172.31.40.0-255,66,11958,61,294295
14040,0.0001,172.31.40.0-255,66,12024,61,294295
14041,0.000121,74.125.24.0-255,2902,14926,61,294295
14042,0.000124,172.31.40.0-255,66,14992,61,294295
14043,0.000145,74.125.24.0-255,5379,20371,61,294295
14044,0.000148,172.31.40.0-255,66,20437,61,294295
14045,0.000272,74.125.24.0-255,1484,21921,61,294295
14046,0.000276,172.31.40.0-255,66,21987,61,294295
14047,0.000281,74.125.24.0-255,1484,23471,61,294295
14048,0.000283,172.31.40.0-255,66,23537,61,294295
14049,0.000286,74.125.24.0-255,1484,25021,61,294295
14050,0.000288,172.31.40.0-255,66,25087,61,294295
14051,0.000316,74.125.24.0-255,1484,26571,61,294295
14052,0.00032,172.31.40.0-255,66,26637,61,294295
14053,0.000326,74.125.24.0-255,5738,32375,61,294295
14054,0.000329,172.31.40.0-255,66,32441,61,294295
14055,0.000333,74.125.24.0-255,2902,35343,61,294295
14056,0.000335,172.31.40.0-255,66,35409,61,294295
14057,0.000359,74.125.24.0-255,3961,39370,61,294295
14058,0.000362,172.31.40.0-255,66,39436,61,294295
14059,0.00037,74.125.24.0-255,7156,46592,61,294295
14060,0.000372,172.31.40.0-255,66,46658,61,294295
14061,0.000396,74.125.24.0-255,4320,50978,61,294295
14062,0.000398,172.31.40.0-255,66,51044,61,294295
14063,0.000443,74.125.24.0-255,3961,55005,61,294295
14064,0.000446,172.31.40.0-255,66,55071,61,294295
14065,0.000547,74.125.24.0-255,413,55484,61,294295
14066,0.000582,74.125.24.0-255,329,55813,61,294295
14067,0.000827,74.125.24.0-255,1484,57297,61,294295
14068,0.000832,172.31.40.0-255,66,57363,61,294295
14069,0.000838,74.125.24.0-255,2902,60265,61,294295
14070,0.000841,172.31.40.0-255,66,60331,61,294295
14071,0.000844,74.125.24.0-255,1484,61815,61,294295
14072,0.000873,74.125.24.0-255,4320,66135,61,294295
14073,0.000875,172.31.40.0-255,66,66201,61,294295
14074,0.000903,74.125.24.0-255,1484,67685,61,294295
14075,0.000928,74.125.24.0-255,7156,74841,61,294295
14076,0.000931,172.31.40.0-255,66,74907,61,294295
14077,0.000937,74.125.24.0-255,4320,79227,61,294295
14078,0.000939,172.31.40.0-255,66,79293,61,294295
14079,0.000957,74.125.24.0-255,5738,85031,61,294295
14080,0.00096,172.31.40.0-255,66,85097,61,294295
14081,0.000966,74.125.24.0-255,5020,90117,61,294295
14082,0.000969,172.31.40.0-255,66,90183,61,294295
14083,0.001002,74.125.24.0-255,5738,95921,61,294295
14084,0.001007,172.31.40.0-255,66,95987,61,294295
14085,0.001028,74.125.24.0-255,7156,103143,61,294295
14086,0.001031,172.31.40.0-255,66,103209,61,294295
14087,0.001086,74.125.24.0-255,2902,106111,61,294295
14088,0.00109,172.31.40.0-255,66,106177,61,294295
14089,0.00111,172.31.40.0-255,66,106243,61,294295
14090,0.001118,74.125.24.0-255,6438,112681,61,294295
14091,0.00112,172.31.40.0-255,66,112747,61,294295
14092,0.001238,74.125.24.0-255,1484,114231,61,294295
14093,0.001262,74.125.24.0-255,2902,117133,61,294295
14094,0.001267,74.125.24.0-255,4320,121453,61,294295
14095,0.001272,172.31.40.0-255,66,121519,61,294295
14096,0.001279,172.31.40.0-255,66,121585,61,294295
14097,0.001287,74.125.24.0-255,5738,127323,61,294295
14098,0.001289,172.31.40.0-255,66,127389,61,294295
14099,0.001305,74.125.24.0-255,2902,130291,61,294295
14100,0.001307,172.31.40.0-255,66,130357,61,294295
14101,0.00131,74.125.24.0-255,1484,131841,61,294295
14102,0.001333,74.125.24.0-255,7156,138997,61,294295
14103,0.001336,172.31.40.0-255,66,139063,61,294295
14104,0.001358,74.125.24.0-255,4320,143383,61,294295
14105,0.001361,172.31.40.0-255,66,143449,61,294295
14106,0.001366,74.125.24.0-255,3602,147051,61,294295
14107,0.001368,172.31.40.0-255,66,147117,61,294295
14108,0.001411,74.125.24.0-255,1484,148601,61,294295
14109,0.001417,74.125.24.0-255,2902,151503,61,294295
14110,0.001419,172.31.40.0-255,66,151569,61,294295
14111,0.001444,74.125.24.0-255,5738,157307,61,294295
14112,0.001447,172.31.40.0-255,66,157373,61,294295
14113,0.001465,74.125.24.0-255,4320,161693,61,294295
14114,0.001467,172.31.40.0-255,66,161759,61,294295
14115,0.001502,172.31.40.0-255,66,161825,61,294295
14116,0.001542,172.31.40.0-255,66,161891,61,294295
14117,0.003579,74.125.24.0-255,5738,167629,61,294295
14118,0.003586,172.31.40.0-255,66,167695,61,294295
14119,0.005616,74.125.24.0-255,5738,173433,61,294295
14120,0.005621,172.31.40.0-255,66,173499,61,294295
14121,0.007655,74.125.24.0-255,5738,179237,61,294295
14122,0.007662,172.31.40.0-255,66,179303,61,294295
14123,0.009733,74.125.24.0-255,5738,185041,61,294295
14124,0.00974,172.31.40.0-255,66,185107,61,294295
14125,0.011782,74.125.24.0-255,5738,190845,61,294295
14126,0.01179,172.31.40.0-255,66,190911,61,294295
14127,0.013816,74.125.24.0-255,5738,196649,61,294295
14128,0.013824,172.31.40.0-255,66,196715,61,294295
14129,0.01587,74.125.24.0-255,5738,202453,61,294295
14130,0.01588,172.31.40.0-255,66,202519,61,294295
14131,0.017923,74.125.24.0-255,5738,208257,61,294295
14132,0.017931,172.31.40.0-255,66,208323,61,294295
14133,0.019946,74.125.24.0-255,5738,214061,61,294295
14134,0.019953,172.31.40.0-255,66,214127,61,294295
14135,0.022044,74.125.24.0-255,5738,219865,61,294295
14136,0.022058,172.31.40.0-255,66,219931,61,294295
14137,0.02409,74.125.24.0-255,5738,225669,61,294295
14138,0.024103,172.31.40.0-255,66,225735,61,294295
14139,0.02613,74.125.24.0-255,5738,231473,61,294295
14140,0.026143,172.31.40.0-255,66,231539,61,294295
14141,0.028211,74.125.24.0-255,5738,237277,61,294295
14142,0.028226,172.31.40.0-255,66,237343,61,294295
14143,0.030295,74.125.24.0-255,5738,243081,61,294295
14144,0.030306,172.31.40.0-255,66,243147,61,294295
14145,0.032352,74.125.24.0-255,5738,248885,61,294295
14146,0.03236,172.31.40.0-255,66,248951,61,294295
14147,0.034431,74.125.24.0-255,5738,254689,61,294295
14148,0.034446,172.31.40.0-255,66,254755,61,294295
14149,0.036537,74.125.24.0-255,5738,260493,61,294295
14150,0.036547,172.31.40.0-255,66,260559,61,294295
14151,0.038599,74.125.24.0-255,5738,266297,61,294295
14152,0.038624,172.31.40.0-255,66,266363,61,294295
14153,0.040649,74.125.24.0-255,2902,269265,61,294295
14154,0.040658,172.31.40.0-255,66,269331,61,294295
14155,0.040678,74.125.24.0-255,2902,272233,61,294295
14156,0.040682,172.31.40.0-255,66,272299,61,294295
14157,0.042694,74.125.24.0-255,2902,275201,61,294295
14158,0.042702,172.31.40.0-255,66,275267,61,294295
14159,0.042727,74.125.24.0-255,2902,278169,61,294295
14160,0.04273,172.31.40.0-255,66,278235,61,294295
14161,0.044749,74.125.24.0-255,4320,282555,61,294295
14162,0.044765,172.31.40.0-255,66,282621,61,294295
14163,0.044791,74.125.24.0-255,1484,284105,61,294295
14164,0.046788,74.125.24.0-255,4320,288425,61,294295
14165,0.046796,172.31.40.0-255,66,288491,61,294295
14166,0.048854,74.125.24.0-255,5738,294229,61,294295
14167,0.048862,172.31.40.0-255,66,294295,61,294295
14168,0.0,172.217.160.0-255,155,155,61,324003
14169,2.2e-05,172.31.40.0-255,66,221,61,324003
14170,2.9e-05,172.217.160.0-255,1484,1705,61,324003
14171,3.4e-05,172.31.40.0-255,66,1771,61,324003
14172,3.9e-05,172.217.160.0-255,2902,4673,61,324003
14173,4.2e-05,172.31.40.0-255,66,4739,61,324003
14174,4.9e-05,172.217.160.0-255,5738,10477,61,324003
14175,5.3e-05,172.31.40.0-255,66,10543,61,324003
14176,6e-05,172.217.160.0-255,7156,17699,61,324003
14177,6.3e-05,172.31.40.0-255,66,17765,61,324003
14178,9.9e-05,172.217.160.0-255,6238,24003,61,324003
14179,0.000102,172.31.40.0-255,66,24069,61,324003
14180,0.000109,172.217.160.0-255,6797,30866,61,324003
14181,0.000112,172.31.40.0-255,66,30932,61,324003
14182,0.000115,172.217.160.0-255,1484,32416,61,324003
14183,0.000117,172.31.40.0-255,66,32482,61,324003
14184,0.00012,172.217.160.0-255,1484,33966,61,324003
14185,0.000123,172.31.40.0-255,66,34032,61,324003
14186,0.000146,172.217.160.0-255,1484,35516,61,324003
14187,0.000149,172.31.40.0-255,66,35582,61,324003
14188,0.000155,172.217.160.0-255,5738,41320,61,324003
14189,0.000158,172.31.40.0-255,66,41386,61,324003
14190,0.000188,172.217.160.0-255,6797,48183,61,324003
14191,0.000191,172.31.40.0-255,66,48249,61,324003
14192,0.000194,172.217.160.0-255,1484,49733,61,324003
14193,0.000196,172.31.40.0-255,66,49799,61,324003
14194,0.00022,172.217.160.0-255,5738,55537,61,324003
14195,0.000223,172.31.40.0-255,66,55603,61,324003
14196,0.000226,172.217.160.0-255,1484,57087,61,324003
14197,0.000228,172.31.40.0-255,66,57153,61,324003
14198,0.000273,172.217.160.0-255,5738,62891,61,324003
14199,0.000277,172.31.40.0-255,66,62957,61,324003
14200,0.000293,172.217.160.0-255,2851,65808,61,324003
14201,0.000451,172.31.40.0-255,66,65874,61,324003
14202,0.000501,172.217.160.0-255,104,65978,61,324003
14203,0.000601,172.217.160.0-255,362,66340,61,324003
14204,0.00085,172.217.160.0-255,1484,67824,61,324003
14205,0.000854,172.217.160.0-255,2902,70726,61,324003
14206,0.000859,172.31.40.0-255,66,70792,61,324003
14207,0.000864,172.31.40.0-255,66,70858,61,324003
14208,0.000885,172.217.160.0-255,5738,76596,61,324003
14209,0.00089,172.217.160.0-255,4320,80916,61,324003
14210,0.000896,172.217.160.0-255,5738,86654,61,324003
14211,0.000909,172.31.40.0-255,66,86720,61,324003
14212,0.000936,172.217.160.0-255,2184,88904,61,324003
14213,0.000947,172.31.40.0-255,66,88970,61,324003
14214,0.000998,172.217.160.0-255,2902,91872,61,324003
14215,0.001004,172.217.160.0-255,4320,96192,61,324003
14216,0.001009,172.217.160.0-255,5738,101930,61,324003
14217,0.001026,172.217.160.0-255,2902,104832,61,324003
14218,0.001029,172.217.160.0-255,1484,106316,61,324003
14219,0.00106,172.217.160.0-255,5020,111336,61,324003
14220,0.001073,172.217.160.0-255,1484,112820,61,324003
14221,0.001086,172.217.160.0-255,5738,118558,61,324003
14222,0.001102,172.217.160.0-255,2902,121460,61,324003
14223,0.001117,172.217.160.0-255,7156,128616,61,324003
14224,0.001134,172.217.160.0-255,4320,132936,61,324003
14225,0.00115,172.217.160.0-255,1484,134420,61,324003
14226,0.001251,172.217.160.0-255,1484,135904,61,324003
14227,0.001256,172.217.160.0-255,2902,138806,61,324003
14228,0.001272,172.217.160.0-255,5738,144544,61,324003
14229,0.001286,172.217.160.0-255,4320,148864,61,324003
14230,0.0013,172.217.160.0-255,4320,153184,61,324003
14231,0.00132,172.217.160.0-255,2902,156086,61,324003
14232,0.001388,172.217.160.0-255,4320,160406,61,324003
14233,0.001427,172.217.160.0-255,3602,164008,61,324003
14234,0.001435,172.217.160.0-255,7156,171164,61,324003
14235,0.001485,172.217.160.0-255,5738,176902,61,324003
14236,0.001487,172.217.160.0-255,766,177668,61,324003
14237,0.00149,172.217.160.0-255,1484,179152,61,324003
14238,0.001499,172.217.160.0-255,1484,180636,61,324003
14239,0.00152,172.217.160.0-255,2902,183538,61,324003
14240,0.001547,172.217.160.0-255,4320,187858,61,324003
14241,0.001587,172.217.160.0-255,2902,190760,61,324003
14242,0.001589,172.217.160.0-255,766,191526,61,324003
14243,0.005284,172.31.40.0-255,66,191592,61,324003
14244,0.006958,172.217.160.0-255,5738,197330,61,324003
14245,0.006964,172.31.40.0-255,66,197396,61,324003
14246,0.008612,172.217.160.0-255,5738,203134,61,324003
14247,0.008619,172.31.40.0-255,66,203200,61,324003
14248,0.010274,172.217.160.0-255,5738,208938,61,324003
14249,0.010282,172.31.40.0-255,66,209004,61,324003
14250,0.011927,172.217.160.0-255,5738,214742,61,324003
14251,0.012076,172.31.40.0-255,66,214808,61,324003
14252,0.013725,172.217.160.0-255,5738,220546,61,324003
14253,0.013734,172.31.40.0-255,66,220612,61,324003
14254,0.01539,172.217.160.0-255,5738,226350,61,324003
14255,0.01707,172.31.40.0-255,66,226416,61,324003
14256,0.018738,172.217.160.0-255,5738,232154,61,324003
14257,0.018746,172.31.40.0-255,66,232220,61,324003
14258,0.020404,172.217.160.0-255,5738,237958,61,324003
14259,0.02041,172.31.40.0-255,66,238024,61,324003
14260,0.02209,172.217.160.0-255,5738,243762,61,324003
14261,0.022097,172.31.40.0-255,66,243828,61,324003
14262,0.023742,172.217.160.0-255,5738,249566,61,324003
14263,0.023747,172.31.40.0-255,66,249632,61,324003
14264,0.025401,172.217.160.0-255,5738,255370,61,324003
14265,0.025407,172.31.40.0-255,66,255436,61,324003
14266,0.027059,172.217.160.0-255,5738,261174,61,324003
14267,0.027065,172.31.40.0-255,66,261240,61,324003
14268,0.02873,172.217.160.0-255,5738,266978,61,324003
14269,0.028737,172.31.40.0-255,66,267044,61,324003
14270,0.030378,172.217.160.0-255,5738,272782,61,324003
14271,0.030384,172.31.40.0-255,66,272848,61,324003
14272,0.03203,172.217.160.0-255,5738,278586,61,324003
14273,0.032039,172.31.40.0-255,66,278652,61,324003
14274,0.033689,172.217.160.0-255,5738,284390,61,324003
14275,0.033696,172.31.40.0-255,66,284456,61,324003
14276,0.034861,172.31.40.0-255,172,284628,61,324003
14277,0.034895,172.31.40.0-255,1120,285748,61,324003
14278,0.034973,172.31.40.0-255,1514,287262,61,324003
14279,0.034975,172.31.40.0-255,1514,288776,61,324003
14280,0.034979,172.31.40.0-255,1514,290290,61,324003
14281,0.034981,172.31.40.0-255,1514,291804,61,324003
14282,0.035003,172.31.40.0-255,1478,293282,61,324003
14283,0.035354,172.217.160.0-255,5738,299020,61,324003
14284,0.035361,172.31.40.0-255,66,299086,61,324003
14285,0.036446,104.244.42.0-255,66,299152,61,324003
14286,0.03648,104.244.42.0-255,66,299218,61,324003
14287,0.036539,104.244.42.0-255,66,299284,61,324003
14288,0.036609,104.244.42.0-255,66,299350,61,324003
14289,0.037034,172.217.160.0-255,5738,305088,61,324003
14290,0.037041,172.31.40.0-255,66,305154,61,324003
14291,0.037764,104.244.42.0-255,108,305262,61,324003
14292,0.037773,172.31.40.0-255,66,305328,61,324003
14293,0.038698,172.217.160.0-255,5738,311066,61,324003
14294,0.038704,172.31.40.0-255,66,311132,61,324003
14295,0.040359,172.217.160.0-255,5738,316870,61,324003
14296,0.040366,172.31.40.0-255,66,316936,61,324003
14297,0.042026,172.217.160.0-255,5738,322674,61,324003
14298,0.042033,172.31.40.0-255,66,322740,61,324003
14299,0.043672,172.217.160.0-255,1026,323766,61,324003
14300,0.04379,172.31.40.0-255,66,323832,61,324003
14301,0.04382,172.31.40.0-255,105,323937,61,324003
14302,0.045438,172.217.160.0-255,66,324003,61,324003
14303,0.0,172.217.194.0-255,153,153,61,182002
14304,2.1e-05,172.31.40.0-255,66,219,61,182002
14305,2.8e-05,172.217.194.0-255,1484,1703,61,182002
14306,3.2e-05,172.31.40.0-255,66,1769,61,182002
14307,3.7e-05,172.217.194.0-255,2902,4671,61,182002
14308,4.9e-05,172.31.40.0-255,66,4737,61,182002
14309,5.6e-05,172.217.194.0-255,7156,11893,61,182002
14310,5.9e-05,172.31.40.0-255,66,11959,61,182002
14311,6.9e-05,172.31.40.0-255,66,12025,61,182002
14312,9.2e-05,172.217.194.0-255,2902,14927,61,182002
14313,9.5e-05,172.31.40.0-255,66,14993,61,182002
14314,0.000119,172.217.194.0-255,6797,21790,61,182002
14315,0.000126,172.31.40.0-255,66,21856,61,182002
14316,0.000178,172.217.194.0-255,1484,23340,61,182002
14317,0.000181,172.31.40.0-255,66,23406,61,182002
14318,0.000185,172.217.194.0-255,2902,26308,61,182002
14319,0.000186,172.31.40.0-255,66,26374,61,182002
14320,0.00022,172.217.194.0-255,5738,32112,61,182002
14321,0.000223,172.31.40.0-255,66,32178,61,182002
14322,0.000233,172.31.40.0-255,66,32244,61,182002
14323,0.000277,172.31.40.0-255,66,32310,61,182002
14324,0.000297,172.217.194.0-255,677,32987,61,182002
14325,0.000299,172.31.40.0-255,66,33053,61,182002
14326,0.000468,172.217.194.0-255,1484,34537,61,182002
14327,0.000473,172.31.40.0-255,66,34603,61,182002
14328,0.000479,172.217.194.0-255,2902,37505,61,182002
14329,0.000481,172.31.40.0-255,66,37571,61,182002
14330,0.000486,172.217.194.0-255,4320,41891,61,182002
14331,0.000494,172.31.40.0-255,66,41957,61,182002
14332,0.000519,172.217.194.0-255,1484,43441,61,182002
14333,0.000528,172.217.194.0-255,7156,50597,61,182002
14334,0.000531,172.31.40.0-255,66,50663,61,182002
14335,0.000585,172.31.40.0-255,66,50729,61,182002
14336,0.000589,172.217.194.0-255,2184,52913,61,182002
14337,0.000591,172.31.40.0-255,66,52979,61,182002
14338,0.000765,172.217.194.0-255,1484,54463,61,182002
14339,0.000772,172.217.194.0-255,2902,57365,61,182002
14340,0.000775,172.31.40.0-255,66,57431,61,182002
14341,0.000808,172.217.194.0-255,5738,63169,61,182002
14342,0.000811,172.31.40.0-255,66,63235,61,182002
14343,0.000826,172.31.40.0-255,66,63301,61,182002
14344,0.000832,172.217.194.0-255,5738,69039,61,182002
14345,0.000834,172.31.40.0-255,66,69105,61,182002
14346,0.000859,172.217.194.0-255,5020,74125,61,182002
14347,0.000861,172.31.40.0-255,66,74191,61,182002
14348,0.000885,172.31.40.0-255,66,74257,61,182002
14349,0.000893,172.217.194.0-255,7156,81413,61,182002
14350,0.000895,172.31.40.0-255,66,81479,61,182002
14351,0.00092,172.217.194.0-255,2902,84381,61,182002
14352,0.000922,172.31.40.0-255,66,84447,61,182002
14353,0.000927,172.217.194.0-255,2902,87349,61,182002
14354,0.00093,172.31.40.0-255,66,87415,61,182002
14355,0.000973,172.217.194.0-255,1484,88899,61,182002
14356,0.00098,172.31.40.0-255,66,88965,61,182002
14357,0.000997,172.217.194.0-255,2902,91867,61,182002
14358,0.000999,172.31.40.0-255,66,91933,61,182002
14359,0.001005,172.217.194.0-255,5738,97671,61,182002
14360,0.001008,172.31.40.0-255,66,97737,61,182002
14361,0.00105,172.31.40.0-255,66,97803,61,182002
14362,0.001061,172.31.40.0-255,66,97869,61,182002
14363,0.001064,172.217.194.0-255,766,98635,61,182002
14364,0.001257,172.217.194.0-255,1484,100119,61,182002
14365,0.001263,172.217.194.0-255,2902,103021,61,182002
14366,0.0013,172.217.194.0-255,1484,104505,61,182002
14367,0.001304,172.31.40.0-255,66,104571,61,182002
14368,0.001308,172.31.40.0-255,66,104637,61,182002
14369,0.001324,172.217.194.0-255,4320,108957,61,182002
14370,0.001326,172.31.40.0-255,66,109023,61,182002
14371,0.001345,172.31.40.0-255,66,109089,61,182002
14372,0.001357,172.31.40.0-255,66,109155,61,182002
14373,0.001381,172.217.194.0-255,1484,110639,61,182002
14374,0.001386,172.217.194.0-255,2902,113541,61,182002
14375,0.001388,172.31.40.0-255,66,113607,61,182002
14376,0.001412,172.217.194.0-255,5738,119345,61,182002
14377,0.001415,172.31.40.0-255,66,119411,61,182002
14378,0.001464,172.31.40.0-255,66,119477,61,182002
14379,0.001469,172.217.194.0-255,4320,123797,61,182002
14380,0.001471,172.31.40.0-255,66,123863,61,182002
14381,0.001511,172.31.40.0-255,66,123929,61,182002
14382,0.001516,172.217.194.0-255,4320,128249,61,182002
14383,0.001518,172.31.40.0-255,66,128315,61,182002
14384,0.001557,172.31.40.0-255,66,128381,61,182002
14385,0.001572,172.31.40.0-255,66,128447,61,182002
14386,0.001614,172.217.194.0-255,6438,134885,61,182002
14387,0.001618,172.31.40.0-255,66,134951,61,182002
14388,0.001695,172.217.194.0-255,1484,136435,61,182002
14389,0.001712,172.217.194.0-255,2902,139337,61,182002
14390,0.001715,172.31.40.0-255,66,139403,61,182002
14391,0.001722,172.217.194.0-255,5738,145141,61,182002
14392,0.001724,172.31.40.0-255,66,145207,61,182002
14393,0.001767,172.31.40.0-255,66,145273,61,182002
14394,0.001773,172.217.194.0-255,7156,152429,61,182002
14395,0.001776,172.31.40.0-255,66,152495,61,182002
14396,0.0018,172.217.194.0-255,3602,156097,61,182002
14397,0.001802,172.31.40.0-255,66,156163,61,182002
14398,0.001827,172.217.194.0-255,2902,159065,61,182002
14399,0.001829,172.31.40.0-255,66,159131,61,182002
14400,0.001855,172.217.194.0-255,2902,162033,61,182002
14401,0.001858,172.31.40.0-255,66,162099,61,182002
14402,0.001864,172.217.194.0-255,7156,169255,61,182002
14403,0.001866,172.31.40.0-255,66,169321,61,182002
14404,0.001891,172.31.40.0-255,66,169387,61,182002
14405,0.001897,172.217.194.0-255,6438,175825,61,182002
14406,0.001905,172.31.40.0-255,66,175891,61,182002
14407,0.001946,172.31.40.0-255,66,175957,61,182002
14408,0.001994,172.31.40.0-255,66,176023,61,182002
14409,0.002018,172.217.194.0-255,2184,178207,61,182002
14410,0.00202,172.31.40.0-255,66,178273,61,182002
14411,0.002037,172.31.40.0-255,66,178339,61,182002
14412,0.00204,172.217.194.0-255,105,178444,61,182002
14413,0.018902,172.31.40.0-255,66,178510,61,182002
14414,0.018954,172.31.40.0-255,105,178615,61,182002
14415,0.021404,172.217.194.0-255,66,178681,61,182002
14416,0.045113,172.31.40.0-255,167,178848,61,182002
14417,0.045151,172.31.40.0-255,1121,179969,61,182002
14418,0.045214,172.31.40.0-255,1514,181483,61,182002
14419,0.045216,172.31.40.0-255,321,181804,61,182002
14420,0.046649,104.244.42.0-255,66,181870,61,182002
14421,0.046693,104.244.42.0-255,66,181936,61,182002
14422,0.046742,104.244.42.0-255,66,182002,61,182002
14423,0.0,172.31.40.0-255,105,105,61,276
14424,0.001767,157.240.7.0-255,105,210,61,276
14425,0.00178,172.31.40.0-255,66,276,61,276
14426,0.0,172.31.40.0-255,171,171,61,11748
14427,3.3e-05,172.31.40.0-255,1142,1313,61,11748
14428,0.000121,172.31.40.0-255,1514,2827,61,11748
14429,0.000123,172.31.40.0-255,1514,4341,61,11748
14430,0.000124,172.31.40.0-255,1514,5855,61,11748
14431,0.000125,172.31.40.0-255,1514,7369,61,11748
14432,0.000126,172.31.40.0-255,1514,8883,61,11748
14433,0.000162,172.31.40.0-255,1514,10397,61,11748
14434,0.000163,172.31.40.0-255,132,10529,61,11748
14435,0.001597,104.244.42.0-255,66,10595,61,11748
14436,0.00161,104.244.42.0-255,66,10661,61,11748
14437,0.001769,104.244.42.0-255,66,10727,61,11748
14438,0.001776,104.244.42.0-255,66,10793,61,11748
14439,0.007776,172.31.40.0-255,185,10978,61,11748
14440,0.007822,172.31.40.0-255,638,11616,61,11748
14441,0.009327,104.244.42.0-255,66,11682,61,11748
14442,0.009358,104.244.42.0-255,66,11748,61,11748
14443,0.0,172.217.194.0-255,152,152,61,210393
14444,1.2e-05,172.31.40.0-255,66,218,61,210393
14445,4.7e-05,172.217.194.0-255,1484,1702,61,210393
14446,5.1e-05,172.31.40.0-255,66,1768,61,210393
14447,5.6e-05,172.217.194.0-255,2902,4670,61,210393
14448,5.9e-05,172.31.40.0-255,66,4736,61,210393
14449,6.6e-05,172.217.194.0-255,5738,10474,61,210393
14450,6.8e-05,172.31.40.0-255,66,10540,61,210393
14451,0.0001,172.217.194.0-255,3347,13887,61,210393
14452,0.000102,172.31.40.0-255,66,13953,61,210393
14453,0.000151,172.31.40.0-255,66,14019,61,210393
14454,0.000153,172.217.194.0-255,1484,15503,61,210393
14455,0.000155,172.31.40.0-255,66,15569,61,210393
14456,0.000187,172.217.194.0-255,3961,19530,61,210393
14457,0.00019,172.31.40.0-255,66,19596,61,210393
14458,0.000633,172.217.194.0-255,1484,21080,61,210393
14459,0.000638,172.31.40.0-255,66,21146,61,210393
14460,0.000645,172.217.194.0-255,2902,24048,61,210393
14461,0.000647,172.31.40.0-255,66,24114,61,210393
14462,0.000653,172.217.194.0-255,5738,29852,61,210393
14463,0.000659,172.31.40.0-255,66,29918,61,210393
14464,0.0007,172.31.40.0-255,66,29984,61,210393
14465,0.00073,172.217.194.0-255,5738,35722,61,210393
14466,0.000732,172.31.40.0-255,66,35788,61,210393
14467,0.000763,172.31.40.0-255,66,35854,61,210393
14468,0.001772,172.217.194.0-255,647,36501,61,210393
14469,0.001779,172.31.40.0-255,66,36567,61,210393
14470,0.001895,172.217.194.0-255,1484,38051,61,210393
14471,0.001898,172.31.40.0-255,66,38117,61,210393
14472,0.001904,172.217.194.0-255,2902,41019,61,210393
14473,0.001906,172.31.40.0-255,66,41085,61,210393
14474,0.001911,172.217.194.0-255,2902,43987,61,210393
14475,0.001917,172.31.40.0-255,66,44053,61,210393
14476,0.001959,172.217.194.0-255,2902,46955,61,210393
14477,0.001964,172.31.40.0-255,66,47021,61,210393
14478,0.001977,172.31.40.0-255,66,47087,61,210393
14479,0.002018,172.31.40.0-255,66,47153,61,210393
14480,0.002192,172.217.194.0-255,1484,48637,61,210393
14481,0.002198,172.217.194.0-255,2902,51539,61,210393
14482,0.0022,172.31.40.0-255,66,51605,61,210393
14483,0.00223,172.217.194.0-255,5738,57343,61,210393
14484,0.002233,172.31.40.0-255,66,57409,61,210393
14485,0.002237,172.217.194.0-255,2902,60311,61,210393
14486,0.00224,172.31.40.0-255,66,60377,61,210393
14487,0.002282,172.31.40.0-255,66,60443,61,210393
14488,0.002288,172.217.194.0-255,7156,67599,61,210393
14489,0.00229,172.31.40.0-255,66,67665,61,210393
14490,0.0023,172.217.194.0-255,3602,71267,61,210393
14491,0.002302,172.31.40.0-255,66,71333,61,210393
14492,0.002306,172.217.194.0-255,1484,72817,61,210393
14493,0.002331,172.217.194.0-255,2902,75719,61,210393
14494,0.002333,172.31.40.0-255,66,75785,61,210393
14495,0.00234,172.217.194.0-255,5738,81523,61,210393
14496,0.002342,172.31.40.0-255,66,81589,61,210393
14497,0.002371,172.217.194.0-255,4320,85909,61,210393
14498,0.002373,172.31.40.0-255,66,85975,61,210393
14499,0.002389,172.31.40.0-255,66,86041,61,210393
14500,0.002473,172.217.194.0-255,5020,91061,61,210393
14501,0.002476,172.31.40.0-255,66,91127,61,210393
14502,0.002581,172.217.194.0-255,1484,92611,61,210393
14503,0.002587,172.217.194.0-255,2902,95513,61,210393
14504,0.00259,172.31.40.0-255,66,95579,61,210393
14505,0.002596,172.217.194.0-255,5738,101317,61,210393
14506,0.002598,172.31.40.0-255,66,101383,61,210393
14507,0.005148,172.217.194.0-255,2902,104285,61,210393
14508,0.005154,172.31.40.0-255,66,104351,61,210393
14509,0.005178,172.217.194.0-255,2902,107253,61,210393
14510,0.005181,172.31.40.0-255,66,107319,61,210393
14511,0.00771,172.217.194.0-255,2902,110221,61,210393
14512,0.007717,172.31.40.0-255,66,110287,61,210393
14513,0.007746,172.217.194.0-255,2902,113189,61,210393
14514,0.007749,172.31.40.0-255,66,113255,61,210393
14515,0.010294,172.217.194.0-255,5738,118993,61,210393
14516,0.010307,172.31.40.0-255,66,119059,61,210393
14517,0.012899,172.217.194.0-255,5738,124797,61,210393
14518,0.012912,172.31.40.0-255,66,124863,61,210393
14519,0.015473,172.217.194.0-255,5738,130601,61,210393
14520,0.015487,172.31.40.0-255,66,130667,61,210393
14521,0.018048,172.217.194.0-255,5738,136405,61,210393
14522,0.018063,172.31.40.0-255,66,136471,61,210393
14523,0.020617,172.217.194.0-255,5738,142209,61,210393
14524,0.020627,172.31.40.0-255,66,142275,61,210393
14525,0.023182,172.217.194.0-255,5738,148013,61,210393
14526,0.023194,172.31.40.0-255,66,148079,61,210393
14527,0.02574,172.217.194.0-255,5738,153817,61,210393
14528,0.025749,172.31.40.0-255,66,153883,61,210393
14529,0.028341,172.217.194.0-255,5738,159621,61,210393
14530,0.028352,172.31.40.0-255,66,159687,61,210393
14531,0.030918,172.217.194.0-255,5738,165425,61,210393
14532,0.030932,172.31.40.0-255,66,165491,61,210393
14533,0.033516,172.217.194.0-255,5738,171229,61,210393
14534,0.033525,172.31.40.0-255,66,171295,61,210393
14535,0.033598,172.31.40.0-255,167,171462,61,210393
14536,0.033627,172.31.40.0-255,1119,172581,61,210393
14537,0.033741,172.31.40.0-255,1514,174095,61,210393
14538,0.033743,172.31.40.0-255,1276,175371,61,210393
14539,0.035156,104.244.42.0-255,66,175437,61,210393
14540,0.035165,104.244.42.0-255,66,175503,61,210393
14541,0.035299,104.244.42.0-255,66,175569,61,210393
14542,0.036144,172.217.194.0-255,5738,181307,61,210393
14543,0.036151,172.31.40.0-255,66,181373,61,210393
14544,0.038739,172.217.194.0-255,5738,187111,61,210393
14545,0.038757,172.31.40.0-255,66,187177,61,210393
14546,0.041329,172.217.194.0-255,5738,192915,61,210393
14547,0.041343,172.31.40.0-255,66,192981,61,210393
14548,0.043898,172.217.194.0-255,5738,198719,61,210393
14549,0.043911,172.31.40.0-255,66,198785,61,210393
14550,0.046515,172.217.194.0-255,5738,204523,61,210393
14551,0.046535,172.31.40.0-255,66,204589,61,210393
14552,0.049115,172.217.194.0-255,5738,210327,61,210393
14553,0.049133,172.31.40.0-255,66,210393,61,210393
14554,0.0,74.125.24.0-255,160,160,61,213120
14555,2.5e-05,172.31.40.0-255,66,226,61,213120
14556,3.3e-05,74.125.24.0-255,1484,1710,61,213120
14557,3.9e-05,172.31.40.0-255,66,1776,61,213120
14558,4.5e-05,74.125.24.0-255,2902,4678,61,213120
14559,4.9e-05,172.31.40.0-255,66,4744,61,213120
14560,5.7e-05,74.125.24.0-255,7156,11900,61,213120
14561,6e-05,172.31.40.0-255,66,11966,61,213120
14562,6.4e-05,74.125.24.0-255,1979,13945,61,213120
14563,6.7e-05,172.31.40.0-255,66,14011,61,213120
14564,0.000121,172.31.40.0-255,66,14077,61,213120
14565,0.000127,74.125.24.0-255,5379,19456,61,213120
14566,0.000129,172.31.40.0-255,66,19522,61,213120
14567,0.000195,74.125.24.0-255,1484,21006,61,213120
14568,0.000199,74.125.24.0-255,2902,23908,61,213120
14569,0.000203,172.31.40.0-255,66,23974,61,213120
14570,0.000206,172.31.40.0-255,66,24040,61,213120
14571,0.000227,74.125.24.0-255,5738,29778,61,213120
14572,0.000229,172.31.40.0-255,66,29844,61,213120
14573,0.000232,74.125.24.0-255,1484,31328,61,213120
14574,0.000234,172.31.40.0-255,66,31394,61,213120
14575,0.000272,172.31.40.0-255,66,31460,61,213120
14576,0.000283,172.31.40.0-255,66,31526,61,213120
14577,0.000286,74.125.24.0-255,361,31887,61,213120
14578,0.000288,172.31.40.0-255,66,31953,61,213120
14579,0.000351,74.125.24.0-255,134,32087,61,213120
14580,0.000354,172.31.40.0-255,66,32153,61,213120
14581,0.000453,74.125.24.0-255,348,32501,61,213120
14582,0.000457,172.31.40.0-255,66,32567,61,213120
14583,0.000793,74.125.24.0-255,1484,34051,61,213120
14584,0.000801,74.125.24.0-255,2902,36953,61,213120
14585,0.000805,172.31.40.0-255,66,37019,61,213120
14586,0.000811,74.125.24.0-255,2902,39921,61,213120
14587,0.000814,172.31.40.0-255,66,39987,61,213120
14588,0.000828,74.125.24.0-255,2902,42889,61,213120
14589,0.000832,74.125.24.0-255,1484,44373,61,213120
14590,0.000839,172.31.40.0-255,66,44439,61,213120
14591,0.000885,172.31.40.0-255,66,44505,61,213120
14592,0.001341,74.125.24.0-255,1484,45989,61,213120
14593,0.001348,74.125.24.0-255,2902,48891,61,213120
14594,0.001352,172.31.40.0-255,66,48957,61,213120
14595,0.001358,74.125.24.0-255,4320,53277,61,213120
14596,0.00136,172.31.40.0-255,66,53343,61,213120
14597,0.001373,74.125.24.0-255,1484,54827,61,213120
14598,0.001384,172.31.40.0-255,66,54893,61,213120
14599,0.001444,172.31.40.0-255,66,54959,61,213120
14600,0.001463,74.125.24.0-255,5020,59979,61,213120
14601,0.001466,172.31.40.0-255,66,60045,61,213120
14602,0.00156,74.125.24.0-255,1484,61529,61,213120
14603,0.001574,74.125.24.0-255,2902,64431,61,213120
14604,0.001577,172.31.40.0-255,66,64497,61,213120
14605,0.001597,74.125.24.0-255,5738,70235,61,213120
14606,0.001611,172.31.40.0-255,66,70301,61,213120
14607,0.001623,74.125.24.0-255,4320,74621,61,213120
14608,0.001633,172.31.40.0-255,66,74687,61,213120
14609,0.001661,74.125.24.0-255,4320,79007,61,213120
14610,0.00167,74.125.24.0-255,1484,80491,61,213120
14611,0.001674,172.31.40.0-255,66,80557,61,213120
14612,0.001684,74.125.24.0-255,5020,85577,61,213120
14613,0.001707,74.125.24.0-255,7156,92733,61,213120
14614,0.001716,172.31.40.0-255,66,92799,61,213120
14615,0.001755,172.31.40.0-255,66,92865,61,213120
14616,0.001764,74.125.24.0-255,2902,95767,61,213120
14617,0.001815,74.125.24.0-255,2184,97951,61,213120
14618,0.001829,172.31.40.0-255,66,98017,61,213120
14619,0.002042,74.125.24.0-255,1484,99501,61,213120
14620,0.002047,74.125.24.0-255,2902,102403,61,213120
14621,0.00205,172.31.40.0-255,66,102469,61,213120
14622,0.002054,74.125.24.0-255,1484,103953,61,213120
14623,0.002073,74.125.24.0-255,4320,108273,61,213120
14624,0.002077,172.31.40.0-255,66,108339,61,213120
14625,0.002085,74.125.24.0-255,1484,109823,61,213120
14626,0.002101,74.125.24.0-255,7156,116979,61,213120
14627,0.002109,172.31.40.0-255,66,117045,61,213120
14628,0.002118,74.125.24.0-255,4320,121365,61,213120
14629,0.002123,74.125.24.0-255,7156,128521,61,213120
14630,0.002133,172.31.40.0-255,66,128587,61,213120
14631,0.002144,74.125.24.0-255,3602,132189,61,213120
14632,0.002164,172.31.40.0-255,66,132255,61,213120
14633,0.002218,74.125.24.0-255,1484,133739,61,213120
14634,0.002223,74.125.24.0-255,2902,136641,61,213120
14635,0.002225,172.31.40.0-255,66,136707,61,213120
14636,0.00224,74.125.24.0-255,5738,142445,61,213120
14637,0.002246,74.125.24.0-255,4320,146765,61,213120
14638,0.002259,172.31.40.0-255,66,146831,61,213120
14639,0.002268,74.125.24.0-255,2902,149733,61,213120
14640,0.0023,74.125.24.0-255,4320,154053,61,213120
14641,0.002354,74.125.24.0-255,5738,159791,61,213120
14642,0.002389,74.125.24.0-255,5738,165529,61,213120
14643,0.002406,74.125.24.0-255,3602,169131,61,213120
14644,0.002452,74.125.24.0-255,2902,172033,61,213120
14645,0.002454,74.125.24.0-255,1484,173517,61,213120
14646,0.002471,74.125.24.0-255,2902,176419,61,213120
14647,0.002496,74.125.24.0-255,2902,179321,61,213120
14648,0.002497,74.125.24.0-255,1484,180805,61,213120
14649,0.002583,74.125.24.0-255,5020,185825,61,213120
14650,0.002602,74.125.24.0-255,4320,190145,61,213120
14651,0.002614,74.125.24.0-255,1484,191629,61,213120
14652,0.002618,74.125.24.0-255,4320,195949,61,213120
14653,0.00263,74.125.24.0-255,2902,198851,61,213120
14654,0.002632,74.125.24.0-255,1484,200335,61,213120
14655,0.002671,74.125.24.0-255,4320,204655,61,213120
14656,0.002674,74.125.24.0-255,2184,206839,61,213120
14657,0.002781,74.125.24.0-255,1484,208323,61,213120
14658,0.002837,74.125.24.0-255,105,208428,61,213120
14659,0.008719,172.31.40.0-255,66,208494,61,213120
14660,0.010791,172.31.40.0-255,105,208599,61,213120
14661,0.01305,74.125.24.0-255,66,208665,61,213120
14662,0.04189,172.31.40.0-255,172,208837,61,213120
14663,0.041927,172.31.40.0-255,1119,209956,61,213120
14664,0.042004,172.31.40.0-255,1514,211470,61,213120
14665,0.042007,172.31.40.0-255,1278,212748,61,213120
14666,0.043437,104.244.42.0-255,66,212814,61,213120
14667,0.043538,104.244.42.0-255,66,212880,61,213120
14668,0.043567,104.244.42.0-255,66,212946,61,213120
14669,0.044391,104.244.42.0-255,108,213054,61,213120
14670,0.044409,172.31.40.0-255,66,213120,61,213120
14671,0.0,74.125.24.0-255,152,152,61,181654
14672,1.7e-05,172.31.40.0-255,66,218,61,181654
14673,2.2e-05,74.125.24.0-255,1484,1702,61,181654
14674,2.7e-05,172.31.40.0-255,66,1768,61,181654
14675,3.3e-05,74.125.24.0-255,2902,4670,61,181654
14676,4.4e-05,172.31.40.0-255,66,4736,61,181654
14677,5e-05,74.125.24.0-255,4320,9056,61,181654
14678,5.3e-05,172.31.40.0-255,66,9122,61,181654
14679,9.1e-05,74.125.24.0-255,4859,13981,61,181654
14680,9.5e-05,172.31.40.0-255,66,14047,61,181654
14681,0.0001,74.125.24.0-255,2902,16949,61,181654
14682,0.000102,172.31.40.0-255,66,17015,61,181654
14683,0.000124,74.125.24.0-255,2902,19917,61,181654
14684,0.000131,172.31.40.0-255,66,19983,61,181654
14685,0.000158,74.125.24.0-255,2902,22885,61,181654
14686,0.00016,172.31.40.0-255,66,22951,61,181654
14687,0.000194,172.31.40.0-255,66,23017,61,181654
14688,0.000319,74.125.24.0-255,1484,24501,61,181654
14689,0.000323,172.31.40.0-255,66,24567,61,181654
14690,0.00033,74.125.24.0-255,2902,27469,61,181654
14691,0.000332,172.31.40.0-255,66,27535,61,181654
14692,0.000358,74.125.24.0-255,5738,33273,61,181654
14693,0.000365,172.31.40.0-255,66,33339,61,181654
14694,0.000369,74.125.24.0-255,1484,34823,61,181654
14695,0.000371,172.31.40.0-255,66,34889,61,181654
14696,0.000407,172.31.40.0-255,66,34955,61,181654
14697,0.000419,172.31.40.0-255,66,35021,61,181654
14698,0.000421,74.125.24.0-255,395,35416,61,181654
14699,0.000424,172.31.40.0-255,66,35482,61,181654
14700,0.0005,74.125.24.0-255,1484,36966,61,181654
14701,0.000513,74.125.24.0-255,2902,39868,61,181654
14702,0.000517,172.31.40.0-255,66,39934,61,181654
14703,0.000544,74.125.24.0-255,5738,45672,61,181654
14704,0.000547,172.31.40.0-255,66,45738,61,181654
14705,0.000554,74.125.24.0-255,6797,52535,61,181654
14706,0.000557,172.31.40.0-255,66,52601,61,181654
14707,0.000587,74.125.24.0-255,2902,55503,61,181654
14708,0.000589,172.31.40.0-255,66,55569,61,181654
14709,0.000592,74.125.24.0-255,1484,57053,61,181654
14710,0.000618,74.125.24.0-255,2902,59955,61,181654
14711,0.000621,172.31.40.0-255,66,60021,61,181654
14712,0.000633,172.31.40.0-255,66,60087,61,181654
14713,0.000636,74.125.24.0-255,1410,61497,61,181654
14714,0.000729,74.125.24.0-255,1484,62981,61,181654
14715,0.000733,172.31.40.0-255,66,63047,61,181654
14716,0.000739,74.125.24.0-255,2902,65949,61,181654
14717,0.000741,172.31.40.0-255,66,66015,61,181654
14718,0.00076,74.125.24.0-255,4320,70335,61,181654
14719,0.000767,172.31.40.0-255,66,70401,61,181654
14720,0.000797,74.125.24.0-255,5738,76139,61,181654
14721,0.0008,172.31.40.0-255,66,76205,61,181654
14722,0.000806,74.125.24.0-255,5738,81943,61,181654
14723,0.000808,172.31.40.0-255,66,82009,61,181654
14724,0.000838,74.125.24.0-255,5738,87747,61,181654
14725,0.00084,172.31.40.0-255,66,87813,61,181654
14726,0.000851,172.31.40.0-255,66,87879,61,181654
14727,0.000922,74.125.24.0-255,4320,92199,61,181654
14728,0.000925,172.31.40.0-255,66,92265,61,181654
14729,0.000935,74.125.24.0-255,2184,94449,61,181654
14730,0.000945,172.31.40.0-255,66,94515,61,181654
14731,0.001052,74.125.24.0-255,1484,95999,61,181654
14732,0.001057,74.125.24.0-255,1484,97483,61,181654
14733,0.001063,172.31.40.0-255,66,97549,61,181654
14734,0.001072,74.125.24.0-255,1484,99033,61,181654
14735,0.001084,74.125.24.0-255,5738,104771,61,181654
14736,0.001087,74.125.24.0-255,1484,106255,61,181654
14737,0.001096,172.31.40.0-255,66,106321,61,181654
14738,0.001123,74.125.24.0-255,1484,107805,61,181654
14739,0.00113,74.125.24.0-255,5738,113543,61,181654
14740,0.001143,74.125.24.0-255,5020,118563,61,181654
14741,0.001161,172.31.40.0-255,66,118629,61,181654
14742,0.001268,74.125.24.0-255,1484,120113,61,181654
14743,0.001289,74.125.24.0-255,2902,123015,61,181654
14744,0.001296,74.125.24.0-255,5738,128753,61,181654
14745,0.001312,172.31.40.0-255,66,128819,61,181654
14746,0.001316,74.125.24.0-255,1484,130303,61,181654
14747,0.001354,74.125.24.0-255,1484,131787,61,181654
14748,0.001358,172.31.40.0-255,66,131853,61,181654
14749,0.001368,74.125.24.0-255,1484,133337,61,181654
14750,0.001414,172.31.40.0-255,66,133403,61,181654
14751,0.001504,74.125.24.0-255,1484,134887,61,181654
14752,0.001519,74.125.24.0-255,2902,137789,61,181654
14753,0.001522,172.31.40.0-255,66,137855,61,181654
14754,0.001525,74.125.24.0-255,1484,139339,61,181654
14755,0.001547,74.125.24.0-255,5738,145077,61,181654
14756,0.001552,172.31.40.0-255,66,145143,61,181654
14757,0.001597,74.125.24.0-255,4320,149463,61,181654
14758,0.001616,172.31.40.0-255,66,149529,61,181654
14759,0.001645,74.125.24.0-255,5020,154549,61,181654
14760,0.001664,172.31.40.0-255,66,154615,61,181654
14761,0.00173,74.125.24.0-255,1484,156099,61,181654
14762,0.001735,74.125.24.0-255,2902,159001,61,181654
14763,0.001747,74.125.24.0-255,2902,161903,61,181654
14764,0.001753,172.31.40.0-255,66,161969,61,181654
14765,0.001761,74.125.24.0-255,2902,164871,61,181654
14766,0.001764,74.125.24.0-255,1484,166355,61,181654
14767,0.001839,172.31.40.0-255,66,166421,61,181654
14768,0.001908,172.31.40.0-255,66,166487,61,181654
14769,0.001911,74.125.24.0-255,1484,167971,61,181654
14770,0.002026,74.125.24.0-255,2184,170155,61,181654
14771,0.002034,74.125.24.0-255,6592,176747,61,181654
14772,0.002038,172.31.40.0-255,66,176813,61,181654
14773,0.002046,74.125.24.0-255,105,176918,61,181654
14774,0.011442,172.31.40.0-255,66,176984,61,181654
14775,0.011485,172.31.40.0-255,105,177089,61,181654
14776,0.013957,74.125.24.0-255,66,177155,61,181654
14777,0.040307,172.31.40.0-255,172,177327,61,181654
14778,0.040343,172.31.40.0-255,1119,178446,61,181654
14779,0.040423,172.31.40.0-255,1514,179960,61,181654
14780,0.040424,172.31.40.0-255,1496,181456,61,181654
14781,0.041845,104.244.42.0-255,66,181522,61,181654
14782,0.041857,104.244.42.0-255,66,181588,61,181654
14783,0.041995,104.244.42.0-255,66,181654,61,181654
14784,0.0,172.217.194.0-255,152,152,61,296402
14785,1.6e-05,172.31.40.0-255,66,218,61,296402
14786,2.3e-05,172.217.194.0-255,1484,1702,61,296402
14787,2.8e-05,172.31.40.0-255,66,1768,61,296402
14788,3.4e-05,172.217.194.0-255,2902,4670,61,296402
14789,4.4e-05,172.31.40.0-255,66,4736,61,296402
14790,5.2e-05,172.217.194.0-255,7156,11892,61,296402
14791,5.6e-05,172.31.40.0-255,66,11958,61,296402
14792,6e-05,172.217.194.0-255,2026,13984,61,296402
14793,6.3e-05,172.31.40.0-255,66,14050,61,296402
14794,9.4e-05,172.217.194.0-255,1484,15534,61,296402
14795,9.6e-05,172.31.40.0-255,66,15600,61,296402
14796,0.000101,172.217.194.0-255,2902,18502,61,296402
14797,0.000104,172.31.40.0-255,66,18568,61,296402
14798,0.000141,172.217.194.0-255,5738,24306,61,296402
14799,0.000144,172.31.40.0-255,66,24372,61,296402
14800,0.00015,172.217.194.0-255,5738,30110,61,296402
14801,0.000153,172.31.40.0-255,66,30176,61,296402
14802,0.000188,172.217.194.0-255,5379,35555,61,296402
14803,0.000191,172.31.40.0-255,66,35621,61,296402
14804,0.000208,172.31.40.0-255,66,35687,61,296402
14805,0.000211,172.217.194.0-255,1125,36812,61,296402
14806,0.000213,172.31.40.0-255,66,36878,61,296402
14807,0.000217,172.217.194.0-255,1484,38362,61,296402
14808,0.000219,172.31.40.0-255,66,38428,61,296402
14809,0.000225,172.217.194.0-255,4320,42748,61,296402
14810,0.000227,172.31.40.0-255,66,42814,61,296402
14811,0.00024,172.31.40.0-255,66,42880,61,296402
14812,0.000243,172.217.194.0-255,1125,44005,61,296402
14813,0.000245,172.31.40.0-255,66,44071,61,296402
14814,0.000299,172.217.194.0-255,678,44749,61,296402
14815,0.000337,172.217.194.0-255,1484,46233,61,296402
14816,0.00034,172.31.40.0-255,66,46299,61,296402
14817,0.000367,172.217.194.0-255,2902,49201,61,296402
14818,0.00037,172.31.40.0-255,66,49267,61,296402
14819,0.000376,172.217.194.0-255,5738,55005,61,296402
14820,0.000378,172.31.40.0-255,66,55071,61,296402
14821,0.000381,172.217.194.0-255,1484,56555,61,296402
14822,0.00042,172.31.40.0-255,66,56621,61,296402
14823,0.000427,172.217.194.0-255,7156,63777,61,296402
14824,0.000429,172.31.40.0-255,66,63843,61,296402
14825,0.000461,172.217.194.0-255,2543,66386,61,296402
14826,0.000463,172.31.40.0-255,66,66452,61,296402
14827,0.000595,172.217.194.0-255,1484,67936,61,296402
14828,0.000601,172.217.194.0-255,2902,70838,61,296402
14829,0.000604,172.31.40.0-255,66,70904,61,296402
14830,0.000627,172.217.194.0-255,5738,76642,61,296402
14831,0.00063,172.31.40.0-255,66,76708,61,296402
14832,0.000668,172.31.40.0-255,66,76774,61,296402
14833,0.000686,172.31.40.0-255,66,76840,61,296402
14834,0.00072,172.31.40.0-255,66,76906,61,296402
14835,0.000737,172.31.40.0-255,66,76972,61,296402
14836,0.000771,172.31.40.0-255,66,77038,61,296402
14837,0.000799,172.217.194.0-255,2184,79222,61,296402
14838,0.000802,172.31.40.0-255,66,79288,61,296402
14839,0.000856,172.217.194.0-255,1484,80772,61,296402
14840,0.00086,172.217.194.0-255,1484,82256,61,296402
14841,0.000863,172.31.40.0-255,66,82322,61,296402
14842,0.000889,172.217.194.0-255,1484,83806,61,296402
14843,0.000896,172.217.194.0-255,5738,89544,61,296402
14844,0.000898,172.31.40.0-255,66,89610,61,296402
14845,0.000919,172.31.40.0-255,66,89676,61,296402
14846,0.000932,172.31.40.0-255,66,89742,61,296402
14847,0.00096,172.217.194.0-255,1484,91226,61,296402
14848,0.000963,172.217.194.0-255,766,91992,61,296402
14849,0.000965,172.31.40.0-255,66,92058,61,296402
14850,0.001565,172.217.194.0-255,1484,93542,61,296402
14851,0.001569,172.217.194.0-255,1484,95026,61,296402
14852,0.001574,172.31.40.0-255,66,95092,61,296402
14853,0.001604,172.217.194.0-255,1484,96576,61,296402
14854,0.00161,172.217.194.0-255,5738,102314,61,296402
14855,0.001613,172.31.40.0-255,66,102380,61,296402
14856,0.001619,172.217.194.0-255,5738,108118,61,296402
14857,0.001621,172.31.40.0-255,66,108184,61,296402
14858,0.001654,172.217.194.0-255,7156,115340,61,296402
14859,0.001659,172.31.40.0-255,66,115406,61,296402
14860,0.00168,172.217.194.0-255,7156,122562,61,296402
14861,0.001683,172.31.40.0-255,66,122628,61,296402
14862,0.001702,172.217.194.0-255,3602,126230,61,296402
14863,0.001705,172.31.40.0-255,66,126296,61,296402
14864,0.00182,172.217.194.0-255,1484,127780,61,296402
14865,0.001835,172.217.194.0-255,1484,129264,61,296402
14866,0.001838,172.31.40.0-255,66,129330,61,296402
14867,0.001863,172.217.194.0-255,1484,130814,61,296402
14868,0.00187,172.217.194.0-255,5738,136552,61,296402
14869,0.001872,172.31.40.0-255,66,136618,61,296402
14870,0.00188,172.217.194.0-255,7156,143774,61,296402
14871,0.001893,172.31.40.0-255,66,143840,61,296402
14872,0.001929,172.217.194.0-255,2902,146742,61,296402
14873,0.001932,172.31.40.0-255,66,146808,61,296402
14874,0.001966,172.31.40.0-255,66,146874,61,296402
14875,0.001971,172.217.194.0-255,2184,149058,61,296402
14876,0.001973,172.31.40.0-255,66,149124,61,296402
14877,0.002072,172.217.194.0-255,1484,150608,61,296402
14878,0.002076,172.217.194.0-255,1484,152092,61,296402
14879,0.00208,172.31.40.0-255,66,152158,61,296402
14880,0.002112,172.217.194.0-255,1484,153642,61,296402
14881,0.002119,172.217.194.0-255,5738,159380,61,296402
14882,0.002121,172.31.40.0-255,66,159446,61,296402
14883,0.002127,172.217.194.0-255,4320,163766,61,296402
14884,0.002129,172.31.40.0-255,66,163832,61,296402
14885,0.002163,172.31.40.0-255,66,163898,61,296402
14886,0.002167,172.217.194.0-255,2902,166800,61,296402
14887,0.002188,172.31.40.0-255,66,166866,61,296402
14888,0.004224,172.217.194.0-255,2902,169768,61,296402
14889,0.004231,172.31.40.0-255,66,169834,61,296402
14890,0.004264,172.217.194.0-255,2902,172736,61,296402
14891,0.004267,172.31.40.0-255,66,172802,61,296402
14892,0.00633,172.217.194.0-255,2902,175704,61,296402
14893,0.006343,172.31.40.0-255,66,175770,61,296402
14894,0.006379,172.217.194.0-255,2902,178672,61,296402
14895,0.006382,172.31.40.0-255,66,178738,61,296402
14896,0.008427,172.217.194.0-255,2902,181640,61,296402
14897,0.008442,172.31.40.0-255,66,181706,61,296402
14898,0.008476,172.217.194.0-255,2902,184608,61,296402
14899,0.008479,172.31.40.0-255,66,184674,61,296402
14900,0.010518,172.217.194.0-255,2902,187576,61,296402
14901,0.010526,172.31.40.0-255,66,187642,61,296402
14902,0.010555,172.217.194.0-255,2902,190544,61,296402
14903,0.010558,172.31.40.0-255,66,190610,61,296402
14904,0.01261,172.217.194.0-255,2902,193512,61,296402
14905,0.012617,172.31.40.0-255,66,193578,61,296402
14906,0.012651,172.217.194.0-255,2902,196480,61,296402
14907,0.012653,172.31.40.0-255,66,196546,61,296402
14908,0.01471,172.217.194.0-255,2902,199448,61,296402
14909,0.014724,172.31.40.0-255,66,199514,61,296402
14910,0.014759,172.217.194.0-255,2902,202416,61,296402
14911,0.014761,172.31.40.0-255,66,202482,61,296402
14912,0.016793,172.217.194.0-255,2902,205384,61,296402
14913,0.016802,172.31.40.0-255,66,205450,61,296402
14914,0.016834,172.217.194.0-255,2902,208352,61,296402
14915,0.016838,172.31.40.0-255,66,208418,61,296402
14916,0.018876,172.217.194.0-255,2902,211320,61,296402
14917,0.018883,172.31.40.0-255,66,211386,61,296402
14918,0.018905,172.217.194.0-255,2902,214288,61,296402
14919,0.018908,172.31.40.0-255,66,214354,61,296402
14920,0.020943,172.217.194.0-255,2902,217256,61,296402
14921,0.020951,172.31.40.0-255,66,217322,61,296402
14922,0.020982,172.217.194.0-255,2902,220224,61,296402
14923,0.020985,172.31.40.0-255,66,220290,61,296402
14924,0.02302,172.217.194.0-255,2902,223192,61,296402
14925,0.023028,172.31.40.0-255,66,223258,61,296402
14926,0.023058,172.217.194.0-255,2902,226160,61,296402
14927,0.023061,172.31.40.0-255,66,226226,61,296402
14928,0.025106,172.217.194.0-255,2902,229128,61,296402
14929,0.025113,172.31.40.0-255,66,229194,61,296402
14930,0.025148,172.217.194.0-255,2902,232096,61,296402
14931,0.025151,172.31.40.0-255,66,232162,61,296402
14932,0.027184,172.217.194.0-255,2902,235064,61,296402
14933,0.027192,172.31.40.0-255,66,235130,61,296402
14934,0.027226,172.217.194.0-255,2902,238032,61,296402
14935,0.027228,172.31.40.0-255,66,238098,61,296402
14936,0.029274,172.217.194.0-255,2902,241000,61,296402
14937,0.02928,172.31.40.0-255,66,241066,61,296402
14938,0.029313,172.217.194.0-255,2902,243968,61,296402
14939,0.029316,172.31.40.0-255,66,244034,61,296402
14940,0.031364,172.217.194.0-255,2902,246936,61,296402
14941,0.031372,172.31.40.0-255,66,247002,61,296402
14942,0.031405,172.217.194.0-255,2902,249904,61,296402
14943,0.031408,172.31.40.0-255,66,249970,61,296402
14944,0.033474,172.217.194.0-255,5738,255708,61,296402
14945,0.033482,172.31.40.0-255,66,255774,61,296402
14946,0.035573,172.217.194.0-255,5738,261512,61,296402
14947,0.035585,172.31.40.0-255,66,261578,61,296402
14948,0.037679,172.217.194.0-255,5738,267316,61,296402
14949,0.037686,172.31.40.0-255,66,267382,61,296402
14950,0.039799,172.217.194.0-255,5738,273120,61,296402
14951,0.039815,172.31.40.0-255,66,273186,61,296402
14952,0.041911,172.217.194.0-255,5738,278924,61,296402
14953,0.041918,172.31.40.0-255,66,278990,61,296402
14954,0.043973,172.217.194.0-255,5738,284728,61,296402
14955,0.04398,172.31.40.0-255,66,284794,61,296402
14956,0.046072,172.217.194.0-255,5738,290532,61,296402
14957,0.046088,172.31.40.0-255,66,290598,61,296402
14958,0.048175,172.217.194.0-255,5738,296336,61,296402
14959,0.048183,172.31.40.0-255,66,296402,61,296402
14960,0.0,74.125.24.0-255,153,153,61,206556
14961,2e-05,172.31.40.0-255,66,219,61,206556
14962,2.6e-05,74.125.24.0-255,1484,1703,61,206556
14963,3e-05,172.31.40.0-255,66,1769,61,206556
14964,3.6e-05,74.125.24.0-255,2902,4671,61,206556
14965,4.5e-05,172.31.40.0-255,66,4737,61,206556
14966,5.2e-05,74.125.24.0-255,7156,11893,61,206556
14967,5.4e-05,172.31.40.0-255,66,11959,61,206556
14968,8.1e-05,74.125.24.0-255,2028,13987,61,206556
14969,8.4e-05,172.31.40.0-255,66,14053,61,206556
14970,0.000127,74.125.24.0-255,1484,15537,61,206556
14971,0.000129,172.31.40.0-255,66,15603,61,206556
14972,0.000133,74.125.24.0-255,1484,17087,61,206556
14973,0.000135,172.31.40.0-255,66,17153,61,206556
14974,0.000164,74.125.24.0-255,1484,18637,61,206556
14975,0.000166,172.31.40.0-255,66,18703,61,206556
14976,0.000172,74.125.24.0-255,5738,24441,61,206556
14977,0.000174,172.31.40.0-255,66,24507,61,206556
14978,0.000183,74.125.24.0-255,6797,31304,61,206556
14979,0.000185,172.31.40.0-255,66,31370,61,206556
14980,0.000412,74.125.24.0-255,1484,32854,61,206556
14981,0.000417,172.31.40.0-255,66,32920,61,206556
14982,0.000423,74.125.24.0-255,2902,35822,61,206556
14983,0.000425,172.31.40.0-255,66,35888,61,206556
14984,0.000455,74.125.24.0-255,5738,41626,61,206556
14985,0.000457,172.31.40.0-255,66,41692,61,206556
14986,0.000484,74.125.24.0-255,4320,46012,61,206556
14987,0.000486,172.31.40.0-255,66,46078,61,206556
14988,0.000523,172.31.40.0-255,66,46144,61,206556
14989,0.000567,172.31.40.0-255,66,46210,61,206556
14990,0.000664,74.125.24.0-255,113,46323,61,206556
14991,0.00097,74.125.24.0-255,1484,47807,61,206556
14992,0.000975,172.31.40.0-255,66,47873,61,206556
14993,0.00098,74.125.24.0-255,2902,50775,61,206556
14994,0.000983,172.31.40.0-255,66,50841,61,206556
14995,0.001011,74.125.24.0-255,5738,56579,61,206556
14996,0.001013,172.31.40.0-255,66,56645,61,206556
14997,0.001065,172.31.40.0-255,66,56711,61,206556
14998,0.001076,172.31.40.0-255,66,56777,61,206556
14999,0.001083,74.125.24.0-255,1125,57902,61,206556
15000,0.001298,74.125.24.0-255,1484,59386,61,206556
15001,0.001302,172.31.40.0-255,66,59452,61,206556
15002,0.001308,74.125.24.0-255,2902,62354,61,206556
15003,0.00131,172.31.40.0-255,66,62420,61,206556
15004,0.001352,74.125.24.0-255,5738,68158,61,206556
15005,0.001355,172.31.40.0-255,66,68224,61,206556
15006,0.001369,172.31.40.0-255,66,68290,61,206556
15007,0.001381,172.31.40.0-255,66,68356,61,206556
15008,0.001427,74.125.24.0-255,2184,70540,61,206556
15009,0.00143,172.31.40.0-255,66,70606,61,206556
15010,0.001435,74.125.24.0-255,2902,73508,61,206556
15011,0.001438,172.31.40.0-255,66,73574,61,206556
15012,0.001444,74.125.24.0-255,7156,80730,61,206556
15013,0.001447,172.31.40.0-255,66,80796,61,206556
15014,0.001456,74.125.24.0-255,4320,85116,61,206556
15015,0.001458,172.31.40.0-255,66,85182,61,206556
15016,0.001503,172.31.40.0-255,66,85248,61,206556
15017,0.001546,74.125.24.0-255,6438,91686,61,206556
15018,0.00155,172.31.40.0-255,66,91752,61,206556
15019,0.002114,74.125.24.0-255,1484,93236,61,206556
15020,0.002143,74.125.24.0-255,2902,96138,61,206556
15021,0.002147,172.31.40.0-255,66,96204,61,206556
15022,0.002153,74.125.24.0-255,5738,101942,61,206556
15023,0.002155,172.31.40.0-255,66,102008,61,206556
15024,0.002186,172.31.40.0-255,66,102074,61,206556
15025,0.002222,74.125.24.0-255,1484,103558,61,206556
15026,0.002235,172.31.40.0-255,66,103624,61,206556
15027,0.002241,74.125.24.0-255,4320,107944,61,206556
15028,0.002243,172.31.40.0-255,66,108010,61,206556
15029,0.002294,74.125.24.0-255,6438,114448,61,206556
15030,0.002297,172.31.40.0-255,66,114514,61,206556
15031,0.002314,172.31.40.0-255,66,114580,61,206556
15032,0.002329,172.31.40.0-255,66,114646,61,206556
15033,0.003177,74.125.24.0-255,1484,116130,61,206556
15034,0.003187,74.125.24.0-255,2902,119032,61,206556
15035,0.003192,172.31.40.0-255,66,119098,61,206556
15036,0.003233,74.125.24.0-255,1484,120582,61,206556
15037,0.003251,74.125.24.0-255,4320,124902,61,206556
15038,0.003254,172.31.40.0-255,66,124968,61,206556
15039,0.00328,172.31.40.0-255,66,125034,61,206556
15040,0.003285,74.125.24.0-255,4320,129354,61,206556
15041,0.003287,172.31.40.0-255,66,129420,61,206556
15042,0.003327,74.125.24.0-255,6438,135858,61,206556
15043,0.00333,172.31.40.0-255,66,135924,61,206556
15044,0.003467,74.125.24.0-255,1484,137408,61,206556
15045,0.003483,74.125.24.0-255,2902,140310,61,206556
15046,0.003486,172.31.40.0-255,66,140376,61,206556
15047,0.003514,74.125.24.0-255,5738,146114,61,206556
15048,0.003516,172.31.40.0-255,66,146180,61,206556
15049,0.003557,74.125.24.0-255,5738,151918,61,206556
15050,0.003559,172.31.40.0-255,66,151984,61,206556
15051,0.003574,74.125.24.0-255,7156,159140,61,206556
15052,0.003581,172.31.40.0-255,66,159206,61,206556
15053,0.003586,74.125.24.0-255,4320,163526,61,206556
15054,0.003588,172.31.40.0-255,66,163592,61,206556
15055,0.003618,74.125.24.0-255,6438,170030,61,206556
15056,0.003621,172.31.40.0-255,66,170096,61,206556
15057,0.003835,74.125.24.0-255,1484,171580,61,206556
15058,0.003846,74.125.24.0-255,2902,174482,61,206556
15059,0.003849,172.31.40.0-255,66,174548,61,206556
15060,0.003876,74.125.24.0-255,5738,180286,61,206556
15061,0.003878,172.31.40.0-255,66,180352,61,206556
15062,0.003916,172.31.40.0-255,66,180418,61,206556
15063,0.003961,74.125.24.0-255,7156,187574,61,206556
15064,0.003964,172.31.40.0-255,66,187640,61,206556
15065,0.004005,172.31.40.0-255,66,187706,61,206556
15066,0.004178,74.125.24.0-255,1484,189190,61,206556
15067,0.004192,74.125.24.0-255,2902,192092,61,206556
15068,0.004194,172.31.40.0-255,66,192158,61,206556
15069,0.004198,74.125.24.0-255,1484,193642,61,206556
15070,0.004227,74.125.24.0-255,4320,197962,61,206556
15071,0.00423,172.31.40.0-255,66,198028,61,206556
15072,0.004255,172.31.40.0-255,66,198094,61,206556
15073,0.00428,74.125.24.0-255,2902,200996,61,206556
15074,0.004282,172.31.40.0-255,66,201062,61,206556
15075,0.004294,172.31.40.0-255,66,201128,61,206556
15076,0.004321,74.125.24.0-255,3602,204730,61,206556
15077,0.004356,74.125.24.0-255,1484,206214,61,206556
15078,0.004386,74.125.24.0-255,105,206319,61,206556
15079,0.01014,172.31.40.0-255,66,206385,61,206556
15080,0.011985,172.31.40.0-255,105,206490,61,206556
15081,0.014257,74.125.24.0-255,66,206556,61,206556
15082,0.0,74.125.130.0-255,153,153,61,249949
15083,1.8e-05,172.31.40.0-255,66,219,61,249949
15084,2.5e-05,74.125.130.0-255,1484,1703,61,249949
15085,2.9e-05,172.31.40.0-255,66,1769,61,249949
15086,3.4e-05,74.125.130.0-255,2902,4671,61,249949
15087,3.6e-05,172.31.40.0-255,66,4737,61,249949
15088,5.3e-05,74.125.130.0-255,7156,11893,61,249949
15089,5.7e-05,172.31.40.0-255,66,11959,61,249949
15090,6.2e-05,74.125.130.0-255,4320,16279,61,249949
15091,6.5e-05,172.31.40.0-255,66,16345,61,249949
15092,0.000101,74.125.130.0-255,3481,19826,61,249949
15093,0.000106,172.31.40.0-255,66,19892,61,249949
15094,0.000119,172.31.40.0-255,66,19958,61,249949
15095,0.000168,74.125.130.0-255,1484,21442,61,249949
15096,0.00017,172.31.40.0-255,66,21508,61,249949
15097,0.000184,74.125.130.0-255,2902,24410,61,249949
15098,0.000187,172.31.40.0-255,66,24476,61,249949
15099,0.000198,74.125.130.0-255,5738,30214,61,249949
15100,0.0002,172.31.40.0-255,66,30280,61,249949
15101,0.000205,74.125.130.0-255,2902,33182,61,249949
15102,0.000207,172.31.40.0-255,66,33248,61,249949
15103,0.000236,74.125.130.0-255,4320,37568,61,249949
15104,0.000238,172.31.40.0-255,66,37634,61,249949
15105,0.000252,172.31.40.0-255,66,37700,61,249949
15106,0.000279,74.125.130.0-255,1484,39184,61,249949
15107,0.000283,74.125.130.0-255,2461,41645,61,249949
15108,0.000285,74.125.130.0-255,122,41767,61,249949
15109,0.000291,172.31.40.0-255,66,41833,61,249949
15110,0.000297,172.31.40.0-255,66,41899,61,249949
15111,0.0003,172.31.40.0-255,66,41965,61,249949
15112,0.000308,74.125.130.0-255,376,42341,61,249949
15113,0.000596,74.125.130.0-255,1484,43825,61,249949
15114,0.000601,172.31.40.0-255,66,43891,61,249949
15115,0.000607,74.125.130.0-255,2902,46793,61,249949
15116,0.000609,172.31.40.0-255,66,46859,61,249949
15117,0.000632,74.125.130.0-255,2902,49761,61,249949
15118,0.000634,172.31.40.0-255,66,49827,61,249949
15119,0.000666,74.125.130.0-255,2902,52729,61,249949
15120,0.000669,172.31.40.0-255,66,52795,61,249949
15121,0.000677,74.125.130.0-255,7156,59951,61,249949
15122,0.00073,172.31.40.0-255,66,60017,61,249949
15123,0.001012,74.125.130.0-255,1484,61501,61,249949
15124,0.001019,74.125.130.0-255,2902,64403,61,249949
15125,0.001022,172.31.40.0-255,66,64469,61,249949
15126,0.001053,74.125.130.0-255,5738,70207,61,249949
15127,0.001056,172.31.40.0-255,66,70273,61,249949
15128,0.00106,74.125.130.0-255,2902,73175,61,249949
15129,0.001062,172.31.40.0-255,66,73241,61,249949
15130,0.001099,172.31.40.0-255,66,73307,61,249949
15131,0.00111,74.125.130.0-255,766,74073,61,249949
15132,0.001178,172.31.40.0-255,66,74139,61,249949
15133,0.001508,74.125.130.0-255,1484,75623,61,249949
15134,0.001513,74.125.130.0-255,1484,77107,61,249949
15135,0.001516,172.31.40.0-255,66,77173,61,249949
15136,0.001536,74.125.130.0-255,1484,78657,61,249949
15137,0.001542,74.125.130.0-255,4320,82977,61,249949
15138,0.001544,172.31.40.0-255,66,83043,61,249949
15139,0.00155,74.125.130.0-255,5738,88781,61,249949
15140,0.001553,172.31.40.0-255,66,88847,61,249949
15141,0.001587,172.31.40.0-255,66,88913,61,249949
15142,0.001613,74.125.130.0-255,2902,91815,61,249949
15143,0.001615,172.31.40.0-255,66,91881,61,249949
15144,0.001629,172.31.40.0-255,66,91947,61,249949
15145,0.001644,74.125.130.0-255,1484,93431,61,249949
15146,0.001648,74.125.130.0-255,2902,96333,61,249949
15147,0.001653,172.31.40.0-255,66,96399,61,249949
15148,0.001669,74.125.130.0-255,2902,99301,61,249949
15149,0.001695,74.125.130.0-255,2902,102203,61,249949
15150,0.001715,172.31.40.0-255,66,102269,61,249949
15151,0.001737,74.125.130.0-255,2902,105171,61,249949
15152,0.001753,172.31.40.0-255,66,105237,61,249949
15153,0.001791,172.31.40.0-255,66,105303,61,249949
15154,0.002033,74.125.130.0-255,1484,106787,61,249949
15155,0.002039,74.125.130.0-255,2902,109689,61,249949
15156,0.002042,74.125.130.0-255,2902,112591,61,249949
15157,0.002052,172.31.40.0-255,66,112657,61,249949
15158,0.002083,74.125.130.0-255,4320,116977,61,249949
15159,0.002088,172.31.40.0-255,66,117043,61,249949
15160,0.002098,74.125.130.0-255,4320,121363,61,249949
15161,0.002102,172.31.40.0-255,66,121429,61,249949
15162,0.002131,74.125.130.0-255,1484,122913,61,249949
15163,0.002143,74.125.130.0-255,7156,130069,61,249949
15164,0.002149,172.31.40.0-255,66,130135,61,249949
15165,0.002192,172.31.40.0-255,66,130201,61,249949
15166,0.002443,74.125.130.0-255,1484,131685,61,249949
15167,0.002473,74.125.130.0-255,2902,134587,61,249949
15168,0.002476,172.31.40.0-255,66,134653,61,249949
15169,0.002503,74.125.130.0-255,5738,140391,61,249949
15170,0.002507,74.125.130.0-255,2902,143293,61,249949
15171,0.002534,74.125.130.0-255,4320,147613,61,249949
15172,0.002539,74.125.130.0-255,4320,151933,61,249949
15173,0.002542,172.31.40.0-255,66,151999,61,249949
15174,0.002557,74.125.130.0-255,1484,153483,61,249949
15175,0.002577,74.125.130.0-255,3602,157085,61,249949
15176,0.002598,74.125.130.0-255,4320,161405,61,249949
15177,0.002625,74.125.130.0-255,7156,168561,61,249949
15178,0.011997,172.31.40.0-255,66,168627,61,249949
15179,0.013341,74.125.130.0-255,1484,170111,61,249949
15180,0.014576,74.125.130.0-255,4320,174431,61,249949
15181,0.014582,172.31.40.0-255,66,174497,61,249949
15182,0.017197,74.125.130.0-255,5738,180235,61,249949
15183,0.017213,172.31.40.0-255,66,180301,61,249949
15184,0.019806,74.125.130.0-255,5738,186039,61,249949
15185,0.019814,172.31.40.0-255,66,186105,61,249949
15186,0.022443,74.125.130.0-255,5738,191843,61,249949
15187,0.022452,172.31.40.0-255,66,191909,61,249949
15188,0.025016,74.125.130.0-255,5738,197647,61,249949
15189,0.025024,172.31.40.0-255,66,197713,61,249949
15190,0.027602,74.125.130.0-255,5738,203451,61,249949
15191,0.02761,172.31.40.0-255,66,203517,61,249949
15192,0.030205,74.125.130.0-255,5738,209255,61,249949
15193,0.030214,172.31.40.0-255,66,209321,61,249949
15194,0.032804,74.125.130.0-255,5738,215059,61,249949
15195,0.032815,172.31.40.0-255,66,215125,61,249949
15196,0.035437,74.125.130.0-255,5738,220863,61,249949
15197,0.035453,172.31.40.0-255,66,220929,61,249949
15198,0.038022,74.125.130.0-255,5738,226667,61,249949
15199,0.038031,172.31.40.0-255,66,226733,61,249949
15200,0.040606,74.125.130.0-255,5738,232471,61,249949
15201,0.040622,172.31.40.0-255,66,232537,61,249949
15202,0.043199,74.125.130.0-255,5738,238275,61,249949
15203,0.043206,172.31.40.0-255,66,238341,61,249949
15204,0.0458,74.125.130.0-255,5738,244079,61,249949
15205,0.045819,172.31.40.0-255,66,244145,61,249949
15206,0.048397,74.125.130.0-255,5738,249883,61,249949
15207,0.048405,172.31.40.0-255,66,249949,61,249949
15208,0.0,172.253.118.0-255,297,297,61,225832
15209,2.2e-05,172.31.40.0-255,66,363,61,225832
15210,2.9e-05,172.253.118.0-255,1484,1847,61,225832
15211,3.3e-05,172.31.40.0-255,66,1913,61,225832
15212,4e-05,172.253.118.0-255,4320,6233,61,225832
15213,4.3e-05,172.31.40.0-255,66,6299,61,225832
15214,7.6e-05,172.253.118.0-255,7156,13455,61,225832
15215,7.9e-05,172.31.40.0-255,66,13521,61,225832
15216,8.3e-05,172.253.118.0-255,1877,15398,61,225832
15217,8.5e-05,172.31.40.0-255,66,15464,61,225832
15218,9e-05,172.253.118.0-255,2902,18366,61,225832
15219,9.3e-05,172.31.40.0-255,66,18432,61,225832
15220,0.000123,172.31.40.0-255,66,18498,61,225832
15221,0.000128,172.253.118.0-255,3961,22459,61,225832
15222,0.00013,172.31.40.0-255,66,22525,61,225832
15223,0.00029,172.253.118.0-255,1484,24009,61,225832
15224,0.000295,172.31.40.0-255,66,24075,61,225832
15225,0.0003,172.253.118.0-255,2902,26977,61,225832
15226,0.000302,172.31.40.0-255,66,27043,61,225832
15227,0.000307,172.253.118.0-255,2902,29945,61,225832
15228,0.000309,172.31.40.0-255,66,30011,61,225832
15229,0.000337,172.253.118.0-255,2902,32913,61,225832
15230,0.000339,172.31.40.0-255,66,32979,61,225832
15231,0.000345,172.253.118.0-255,4320,37299,61,225832
15232,0.000346,172.31.40.0-255,66,37365,61,225832
15233,0.000378,172.253.118.0-255,2902,40267,61,225832
15234,0.00038,172.31.40.0-255,66,40333,61,225832
15235,0.000409,172.31.40.0-255,66,40399,61,225832
15236,0.00046,172.253.118.0-255,4320,44719,61,225832
15237,0.000463,172.31.40.0-255,66,44785,61,225832
15238,0.00048,172.253.118.0-255,2816,47601,61,225832
15239,0.000482,172.31.40.0-255,66,47667,61,225832
15240,0.000605,172.253.118.0-255,381,48048,61,225832
15241,0.000773,172.253.118.0-255,1484,49532,61,225832
15242,0.000777,172.31.40.0-255,66,49598,61,225832
15243,0.000782,172.253.118.0-255,2902,52500,61,225832
15244,0.000785,172.31.40.0-255,66,52566,61,225832
15245,0.000788,172.253.118.0-255,1484,54050,61,225832
15246,0.000807,172.253.118.0-255,4320,58370,61,225832
15247,0.00081,172.31.40.0-255,66,58436,61,225832
15248,0.000831,172.253.118.0-255,5738,64174,61,225832
15249,0.000834,172.31.40.0-255,66,64240,61,225832
15250,0.000865,172.31.40.0-255,66,64306,61,225832
15251,0.000871,172.253.118.0-255,4320,68626,61,225832
15252,0.000874,172.31.40.0-255,66,68692,61,225832
15253,0.000897,172.253.118.0-255,5379,74071,61,225832
15254,0.0009,172.31.40.0-255,66,74137,61,225832
15255,0.001906,172.253.118.0-255,1484,75621,61,225832
15256,0.001935,172.253.118.0-255,2902,78523,61,225832
15257,0.00194,172.31.40.0-255,66,78589,61,225832
15258,0.001949,172.253.118.0-255,5738,84327,61,225832
15259,0.00195,172.31.40.0-255,66,84393,61,225832
15260,0.001966,172.253.118.0-255,1484,85877,61,225832
15261,0.001985,172.253.118.0-255,7156,93033,61,225832
15262,0.001987,172.31.40.0-255,66,93099,61,225832
15263,0.002023,172.31.40.0-255,66,93165,61,225832
15264,0.002077,172.253.118.0-255,6438,99603,61,225832
15265,0.00208,172.31.40.0-255,66,99669,61,225832
15266,0.004347,172.253.118.0-255,5738,105407,61,225832
15267,0.004362,172.31.40.0-255,66,105473,61,225832
15268,0.006615,172.253.118.0-255,5738,111211,61,225832
15269,0.006626,172.31.40.0-255,66,111277,61,225832
15270,0.008895,172.253.118.0-255,5738,117015,61,225832
15271,0.008904,172.31.40.0-255,66,117081,61,225832
15272,0.011159,172.253.118.0-255,5738,122819,61,225832
15273,0.011171,172.31.40.0-255,66,122885,61,225832
15274,0.013432,172.253.118.0-255,5738,128623,61,225832
15275,0.013447,172.31.40.0-255,66,128689,61,225832
15276,0.015718,172.253.118.0-255,5738,134427,61,225832
15277,0.015736,172.31.40.0-255,66,134493,61,225832
15278,0.017998,172.253.118.0-255,5738,140231,61,225832
15279,0.018015,172.31.40.0-255,66,140297,61,225832
15280,0.020274,172.253.118.0-255,5738,146035,61,225832
15281,0.020288,172.31.40.0-255,66,146101,61,225832
15282,0.022549,172.253.118.0-255,5738,151839,61,225832
15283,0.022564,172.31.40.0-255,66,151905,61,225832
15284,0.024833,172.253.118.0-255,5738,157643,61,225832
15285,0.024848,172.31.40.0-255,66,157709,61,225832
15286,0.027115,172.253.118.0-255,5738,163447,61,225832
15287,0.027132,172.31.40.0-255,66,163513,61,225832
15288,0.029386,172.253.118.0-255,5738,169251,61,225832
15289,0.029404,172.31.40.0-255,66,169317,61,225832
15290,0.031689,172.253.118.0-255,5738,175055,61,225832
15291,0.031704,172.31.40.0-255,66,175121,61,225832
15292,0.032139,172.31.40.0-255,172,175293,61,225832
15293,0.032173,172.31.40.0-255,1120,176413,61,225832
15294,0.032251,172.31.40.0-255,1514,177927,61,225832
15295,0.032253,172.31.40.0-255,1275,179202,61,225832
15296,0.03369,104.244.42.0-255,66,179268,61,225832
15297,0.033726,104.244.42.0-255,66,179334,61,225832
15298,0.033838,104.244.42.0-255,66,179400,61,225832
15299,0.033978,172.253.118.0-255,5738,185138,61,225832
15300,0.033988,172.31.40.0-255,66,185204,61,225832
15301,0.036246,172.253.118.0-255,5738,190942,61,225832
15302,0.036256,172.31.40.0-255,66,191008,61,225832
15303,0.038511,172.253.118.0-255,5738,196746,61,225832
15304,0.038519,172.31.40.0-255,66,196812,61,225832
15305,0.040795,172.253.118.0-255,5738,202550,61,225832
15306,0.040808,172.31.40.0-255,66,202616,61,225832
15307,0.043063,172.253.118.0-255,5738,208354,61,225832
15308,0.043076,172.31.40.0-255,66,208420,61,225832
15309,0.045346,172.253.118.0-255,5738,214158,61,225832
15310,0.045357,172.31.40.0-255,66,214224,61,225832
15311,0.047668,172.253.118.0-255,5738,219962,61,225832
15312,0.047678,172.31.40.0-255,66,220028,61,225832
15313,0.04993,172.253.118.0-255,5738,225766,61,225832
15314,0.049941,172.31.40.0-255,66,225832,61,225832
15315,0.0,74.125.24.0-255,146,146,61,161138
15316,2.3e-05,172.31.40.0-255,66,212,61,161138
15317,3.1e-05,74.125.24.0-255,1484,1696,61,161138
15318,3.6e-05,172.31.40.0-255,66,1762,61,161138
15319,4.9e-05,74.125.24.0-255,2902,4664,61,161138
15320,5.2e-05,172.31.40.0-255,66,4730,61,161138
15321,6e-05,74.125.24.0-255,7156,11886,61,161138
15322,6.3e-05,172.31.40.0-255,66,11952,61,161138
15323,7.7e-05,172.31.40.0-255,66,12018,61,161138
15324,0.000102,74.125.24.0-255,5379,17397,61,161138
15325,0.000109,172.31.40.0-255,66,17463,61,161138
15326,0.000238,74.125.24.0-255,1484,18947,61,161138
15327,0.000243,172.31.40.0-255,66,19013,61,161138
15328,0.000248,74.125.24.0-255,2902,21915,61,161138
15329,0.00025,172.31.40.0-255,66,21981,61,161138
15330,0.000277,74.125.24.0-255,5738,27719,61,161138
15331,0.000279,172.31.40.0-255,66,27785,61,161138
15332,0.000316,172.31.40.0-255,66,27851,61,161138
15333,0.000326,172.31.40.0-255,66,27917,61,161138
15334,0.000358,74.125.24.0-255,1402,29319,61,161138
15335,0.00036,172.31.40.0-255,66,29385,61,161138
15336,0.000382,74.125.24.0-255,126,29511,61,161138
15337,0.000384,172.31.40.0-255,66,29577,61,161138
15338,0.00049,74.125.24.0-255,1484,31061,61,161138
15339,0.000493,172.31.40.0-255,66,31127,61,161138
15340,0.000499,74.125.24.0-255,2902,34029,61,161138
15341,0.0005,172.31.40.0-255,66,34095,61,161138
15342,0.000505,74.125.24.0-255,2902,36997,61,161138
15343,0.000512,172.31.40.0-255,66,37063,61,161138
15344,0.000533,74.125.24.0-255,2902,39965,61,161138
15345,0.000539,172.31.40.0-255,66,40031,61,161138
15346,0.00055,172.31.40.0-255,66,40097,61,161138
15347,0.000578,74.125.24.0-255,5379,45476,61,161138
15348,0.000581,172.31.40.0-255,66,45542,61,161138
15349,0.000593,172.31.40.0-255,66,45608,61,161138
15350,0.001029,74.125.24.0-255,1484,47092,61,161138
15351,0.001036,74.125.24.0-255,2902,49994,61,161138
15352,0.00104,172.31.40.0-255,66,50060,61,161138
15353,0.001047,74.125.24.0-255,5738,55798,61,161138
15354,0.001049,172.31.40.0-255,66,55864,61,161138
15355,0.001086,74.125.24.0-255,2902,58766,61,161138
15356,0.001089,172.31.40.0-255,66,58832,61,161138
15357,0.001113,74.125.24.0-255,7156,65988,61,161138
15358,0.001116,172.31.40.0-255,66,66054,61,161138
15359,0.001126,172.31.40.0-255,66,66120,61,161138
15360,0.001157,74.125.24.0-255,5020,71140,61,161138
15361,0.001161,172.31.40.0-255,66,71206,61,161138
15362,0.001188,74.125.24.0-255,1484,72690,61,161138
15363,0.001193,74.125.24.0-255,2902,75592,61,161138
15364,0.001196,172.31.40.0-255,66,75658,61,161138
15365,0.001202,74.125.24.0-255,5738,81396,61,161138
15366,0.001205,172.31.40.0-255,66,81462,61,161138
15367,0.001269,74.125.24.0-255,4320,85782,61,161138
15368,0.001272,172.31.40.0-255,66,85848,61,161138
15369,0.001279,74.125.24.0-255,5738,91586,61,161138
15370,0.001281,172.31.40.0-255,66,91652,61,161138
15371,0.001293,172.31.40.0-255,66,91718,61,161138
15372,0.001297,74.125.24.0-255,2184,93902,61,161138
15373,0.001299,172.31.40.0-255,66,93968,61,161138
15374,0.001328,74.125.24.0-255,7156,101124,61,161138
15375,0.001331,172.31.40.0-255,66,101190,61,161138
15376,0.001368,172.31.40.0-255,66,101256,61,161138
15377,0.00138,172.31.40.0-255,66,101322,61,161138
15378,0.001417,172.31.40.0-255,66,101388,61,161138
15379,0.001446,74.125.24.0-255,7156,108544,61,161138
15380,0.001449,172.31.40.0-255,66,108610,61,161138
15381,0.001489,74.125.24.0-255,1484,110094,61,161138
15382,0.001504,172.31.40.0-255,66,110160,61,161138
15383,0.00152,172.31.40.0-255,66,110226,61,161138
15384,0.00154,74.125.24.0-255,1484,111710,61,161138
15385,0.001571,172.31.40.0-255,66,111776,61,161138
15386,0.001588,172.31.40.0-255,66,111842,61,161138
15387,0.001593,74.125.24.0-255,2902,114744,61,161138
15388,0.001596,172.31.40.0-255,66,114810,61,161138
15389,0.001638,74.125.24.0-255,1484,116294,61,161138
15390,0.001673,172.31.40.0-255,66,116360,61,161138
15391,0.001873,74.125.24.0-255,1484,117844,61,161138
15392,0.001879,74.125.24.0-255,2902,120746,61,161138
15393,0.001882,172.31.40.0-255,66,120812,61,161138
15394,0.001918,74.125.24.0-255,5738,126550,61,161138
15395,0.001921,172.31.40.0-255,66,126616,61,161138
15396,0.001933,172.31.40.0-255,66,126682,61,161138
15397,0.001962,74.125.24.0-255,2902,129584,61,161138
15398,0.001976,172.31.40.0-255,66,129650,61,161138
15399,0.001984,172.31.40.0-255,66,129716,61,161138
15400,0.002022,172.31.40.0-255,66,129782,61,161138
15401,0.002034,172.31.40.0-255,66,129848,61,161138
15402,0.002069,172.31.40.0-255,66,129914,61,161138
15403,0.002143,74.125.24.0-255,766,130680,61,161138
15404,0.002148,172.31.40.0-255,66,130746,61,161138
15405,0.002151,172.31.40.0-255,66,130812,61,161138
15406,0.002172,74.125.24.0-255,1484,132296,61,161138
15407,0.002175,172.31.40.0-255,66,132362,61,161138
15408,0.00218,74.125.24.0-255,4320,136682,61,161138
15409,0.002182,172.31.40.0-255,66,136748,61,161138
15410,0.002186,74.125.24.0-255,2902,139650,61,161138
15411,0.00219,172.31.40.0-255,66,139716,61,161138
15412,0.00223,74.125.24.0-255,7156,146872,61,161138
15413,0.002233,172.31.40.0-255,66,146938,61,161138
15414,0.00224,74.125.24.0-255,7156,154094,61,161138
15415,0.002243,172.31.40.0-255,66,154160,61,161138
15416,0.002277,172.31.40.0-255,66,154226,61,161138
15417,0.002303,74.125.24.0-255,6438,160664,61,161138
15418,0.002306,172.31.40.0-255,66,160730,61,161138
15419,0.00232,172.31.40.0-255,66,160796,61,161138
15420,0.002347,74.125.24.0-255,105,160901,61,161138
15421,0.004741,172.31.40.0-255,66,160967,61,161138
15422,0.00478,172.31.40.0-255,105,161072,61,161138
15423,0.007296,74.125.24.0-255,66,161138,61,161138
15424,0.0,74.125.24.0-255,152,152,61,195806
15425,1.7e-05,172.31.40.0-255,66,218,61,195806
15426,2.4e-05,74.125.24.0-255,1484,1702,61,195806
15427,2.9e-05,172.31.40.0-255,66,1768,61,195806
15428,3.6e-05,74.125.24.0-255,2902,4670,61,195806
15429,4e-05,172.31.40.0-255,66,4736,61,195806
15430,4.7e-05,74.125.24.0-255,7156,11892,61,195806
15431,5.1e-05,172.31.40.0-255,66,11958,61,195806
15432,5.5e-05,74.125.24.0-255,2073,14031,61,195806
15433,5.8e-05,172.31.40.0-255,66,14097,61,195806
15434,6.3e-05,74.125.24.0-255,2902,16999,61,195806
15435,6.7e-05,172.31.40.0-255,66,17065,61,195806
15436,9.7e-05,172.31.40.0-255,66,17131,61,195806
15437,0.000103,74.125.24.0-255,5379,22510,61,195806
15438,0.000106,172.31.40.0-255,66,22576,61,195806
15439,0.000284,74.125.24.0-255,1484,24060,61,195806
15440,0.000288,172.31.40.0-255,66,24126,61,195806
15441,0.000294,74.125.24.0-255,2902,27028,61,195806
15442,0.000296,172.31.40.0-255,66,27094,61,195806
15443,0.0003,74.125.24.0-255,1484,28578,61,195806
15444,0.000302,172.31.40.0-255,66,28644,61,195806
15445,0.000322,74.125.24.0-255,4320,32964,61,195806
15446,0.000325,172.31.40.0-255,66,33030,61,195806
15447,0.000329,74.125.24.0-255,2902,35932,61,195806
15448,0.000331,172.31.40.0-255,66,35998,61,195806
15449,0.000361,172.31.40.0-255,66,36064,61,195806
15450,0.000371,172.31.40.0-255,66,36130,61,195806
15451,0.000395,74.125.24.0-255,1400,37530,61,195806
15452,0.000397,172.31.40.0-255,66,37596,61,195806
15453,0.000437,74.125.24.0-255,381,37977,61,195806
15454,0.00053,74.125.24.0-255,1484,39461,61,195806
15455,0.000534,172.31.40.0-255,66,39527,61,195806
15456,0.000539,74.125.24.0-255,2902,42429,61,195806
15457,0.000541,172.31.40.0-255,66,42495,61,195806
15458,0.000546,74.125.24.0-255,5738,48233,61,195806
15459,0.000548,172.31.40.0-255,66,48299,61,195806
15460,0.000576,74.125.24.0-255,7156,55455,61,195806
15461,0.000579,172.31.40.0-255,66,55521,61,195806
15462,0.000598,74.125.24.0-255,6797,62318,61,195806
15463,0.0006,172.31.40.0-255,66,62384,61,195806
15464,0.000604,74.125.24.0-255,4320,66704,61,195806
15465,0.000606,172.31.40.0-255,66,66770,61,195806
15466,0.000632,74.125.24.0-255,5379,72149,61,195806
15467,0.000635,172.31.40.0-255,66,72215,61,195806
15468,0.001001,74.125.24.0-255,1484,73699,61,195806
15469,0.001007,74.125.24.0-255,2902,76601,61,195806
15470,0.001009,172.31.40.0-255,66,76667,61,195806
15471,0.00103,74.125.24.0-255,1484,78151,61,195806
15472,0.001051,74.125.24.0-255,4320,82471,61,195806
15473,0.001054,172.31.40.0-255,66,82537,61,195806
15474,0.00106,74.125.24.0-255,7156,89693,61,195806
15475,0.001062,172.31.40.0-255,66,89759,61,195806
15476,0.001079,74.125.24.0-255,5738,95497,61,195806
15477,0.001081,172.31.40.0-255,66,95563,61,195806
15478,0.001105,74.125.24.0-255,4320,99883,61,195806
15479,0.001107,172.31.40.0-255,66,99949,61,195806
15480,0.001135,74.125.24.0-255,6438,106387,61,195806
15481,0.001137,172.31.40.0-255,66,106453,61,195806
15482,0.001156,74.125.24.0-255,4320,110773,61,195806
15483,0.001158,172.31.40.0-255,66,110839,61,195806
15484,0.001183,74.125.24.0-255,2902,113741,61,195806
15485,0.001185,172.31.40.0-255,66,113807,61,195806
15486,0.001194,172.31.40.0-255,66,113873,61,195806
15487,0.001199,74.125.24.0-255,5738,119611,61,195806
15488,0.001201,172.31.40.0-255,66,119677,61,195806
15489,0.001237,172.31.40.0-255,66,119743,61,195806
15490,0.00124,74.125.24.0-255,766,120509,61,195806
15491,0.001276,74.125.24.0-255,1484,121993,61,195806
15492,0.001279,172.31.40.0-255,66,122059,61,195806
15493,0.001283,74.125.24.0-255,2902,124961,61,195806
15494,0.001285,172.31.40.0-255,66,125027,61,195806
15495,0.001301,74.125.24.0-255,5738,130765,61,195806
15496,0.001303,172.31.40.0-255,66,130831,61,195806
15497,0.001327,74.125.24.0-255,7156,137987,61,195806
15498,0.00133,172.31.40.0-255,66,138053,61,195806
15499,0.001338,172.31.40.0-255,66,138119,61,195806
15500,0.001374,74.125.24.0-255,4320,142439,61,195806
15501,0.001377,172.31.40.0-255,66,142505,61,195806
15502,0.001394,74.125.24.0-255,3602,146107,61,195806
15503,0.001397,172.31.40.0-255,66,146173,61,195806
15504,0.001547,74.125.24.0-255,1484,147657,61,195806
15505,0.001563,74.125.24.0-255,2902,150559,61,195806
15506,0.001566,172.31.40.0-255,66,150625,61,195806
15507,0.001572,74.125.24.0-255,5738,156363,61,195806
15508,0.001574,172.31.40.0-255,66,156429,61,195806
15509,0.001611,172.31.40.0-255,66,156495,61,195806
15510,0.001639,74.125.24.0-255,2902,159397,61,195806
15511,0.001641,172.31.40.0-255,66,159463,61,195806
15512,0.001671,74.125.24.0-255,5738,165201,61,195806
15513,0.001674,172.31.40.0-255,66,165267,61,195806
15514,0.001684,172.31.40.0-255,66,165333,61,195806
15515,0.001703,172.31.40.0-255,66,165399,61,195806
15516,0.001722,74.125.24.0-255,7156,172555,61,195806
15517,0.001724,172.31.40.0-255,66,172621,61,195806
15518,0.001756,172.31.40.0-255,66,172687,61,195806
15519,0.001768,172.31.40.0-255,66,172753,61,195806
15520,0.001793,74.125.24.0-255,5738,178491,61,195806
15521,0.001795,172.31.40.0-255,66,178557,61,195806
15522,0.001837,172.31.40.0-255,66,178623,61,195806
15523,0.001848,172.31.40.0-255,66,178689,61,195806
15524,0.001895,172.31.40.0-255,66,178755,61,195806
15525,0.001913,172.31.40.0-255,66,178821,61,195806
15526,0.001931,74.125.24.0-255,2184,181005,61,195806
15527,0.001934,172.31.40.0-255,66,181071,61,195806
15528,0.001953,172.31.40.0-255,66,181137,61,195806
15529,0.001981,74.125.24.0-255,4320,185457,61,195806
15530,0.001985,172.31.40.0-255,66,185523,61,195806
15531,0.001997,172.31.40.0-255,66,185589,61,195806
15532,0.002042,172.31.40.0-255,66,185655,61,195806
15533,0.002077,172.31.40.0-255,66,185721,61,195806
15534,0.00208,74.125.24.0-255,105,185826,61,195806
15535,0.002082,74.125.24.0-255,129,185955,61,195806
15536,0.004321,172.31.40.0-255,105,186060,61,195806
15537,0.004379,172.31.40.0-255,105,186165,61,195806
15538,0.00464,172.31.40.0-255,90,186255,61,195806
15539,0.004649,172.31.40.0-255,66,186321,61,195806
15540,0.00659,74.125.24.0-255,66,186387,61,195806
15541,0.006608,74.125.24.0-255,66,186453,61,195806
15542,0.006873,74.125.24.0-255,66,186519,61,195806
15543,0.006896,74.125.24.0-255,66,186585,61,195806
15544,0.0069,172.31.40.0-255,66,186651,61,195806
15545,0.006904,74.125.24.0-255,66,186717,61,195806
15546,0.03416,172.31.40.0-255,172,186889,61,195806
15547,0.034194,172.31.40.0-255,1120,188009,61,195806
15548,0.03426,172.31.40.0-255,1514,189523,61,195806
15549,0.034261,172.31.40.0-255,1514,191037,61,195806
15550,0.034263,172.31.40.0-255,1514,192551,61,195806
15551,0.034264,172.31.40.0-255,1514,194065,61,195806
15552,0.034296,172.31.40.0-255,1477,195542,61,195806
15553,0.035702,104.244.42.0-255,66,195608,61,195806
15554,0.035815,104.244.42.0-255,66,195674,61,195806
15555,0.03582,104.244.42.0-255,66,195740,61,195806
15556,0.035868,104.244.42.0-255,66,195806,61,195806
15557,0.0,74.125.68.0-255,146,146,61,379383
15558,3.2e-05,172.31.40.0-255,66,212,61,379383
15559,3.9e-05,74.125.68.0-255,1484,1696,61,379383
15560,4.4e-05,172.31.40.0-255,66,1762,61,379383
15561,4.7e-05,74.125.68.0-255,1484,3246,61,379383
15562,5e-05,172.31.40.0-255,66,3312,61,379383
15563,5.5e-05,74.125.68.0-255,2902,6214,61,379383
15564,5.7e-05,172.31.40.0-255,66,6280,61,379383
15565,6.3e-05,74.125.68.0-255,4320,10600,61,379383
15566,6.5e-05,172.31.40.0-255,66,10666,61,379383
15567,8.5e-05,74.125.68.0-255,1484,12150,61,379383
15568,8.8e-05,172.31.40.0-255,66,12216,61,379383
15569,9.1e-05,74.125.68.0-255,2111,14327,61,379383
15570,9.3e-05,172.31.40.0-255,66,14393,61,379383
15571,0.000115,74.125.68.0-255,2902,17295,61,379383
15572,0.000117,172.31.40.0-255,66,17361,61,379383
15573,0.000122,74.125.68.0-255,4320,21681,61,379383
15574,0.000124,172.31.40.0-255,66,21747,61,379383
15575,0.00014,74.125.68.0-255,2902,24649,61,379383
15576,0.000142,172.31.40.0-255,66,24715,61,379383
15577,0.000146,74.125.68.0-255,2902,27617,61,379383
15578,0.000148,172.31.40.0-255,66,27683,61,379383
15579,0.000183,74.125.68.0-255,5738,33421,61,379383
15580,0.000186,172.31.40.0-255,66,33487,61,379383
15581,0.000203,74.125.68.0-255,1484,34971,61,379383
15582,0.000206,172.31.40.0-255,66,35037,61,379383
15583,0.000219,74.125.68.0-255,4320,39357,61,379383
15584,0.000222,172.31.40.0-255,66,39423,61,379383
15585,0.00026,172.31.40.0-255,66,39489,61,379383
15586,0.000274,74.125.68.0-255,766,40255,61,379383
15587,0.000277,172.31.40.0-255,66,40321,61,379383
15588,0.000331,74.125.68.0-255,1484,41805,61,379383
15589,0.000351,74.125.68.0-255,1484,43289,61,379383
15590,0.000356,172.31.40.0-255,66,43355,61,379383
15591,0.000378,74.125.68.0-255,1484,44839,61,379383
15592,0.000384,74.125.68.0-255,5738,50577,61,379383
15593,0.000387,172.31.40.0-255,66,50643,61,379383
15594,0.000391,74.125.68.0-255,2902,53545,61,379383
15595,0.000394,172.31.40.0-255,66,53611,61,379383
15596,0.000408,74.125.68.0-255,1484,55095,61,379383
15597,0.00043,74.125.68.0-255,2543,57638,61,379383
15598,0.000434,172.31.40.0-255,66,57704,61,379383
15599,0.000451,74.125.68.0-255,390,58094,61,379383
15600,0.000596,74.125.68.0-255,1484,59578,61,379383
15601,0.0006,172.31.40.0-255,66,59644,61,379383
15602,0.000636,74.125.68.0-255,2902,62546,61,379383
15603,0.000639,172.31.40.0-255,66,62612,61,379383
15604,0.000657,74.125.68.0-255,1484,64096,61,379383
15605,0.000668,74.125.68.0-255,1484,65580,61,379383
15606,0.000675,172.31.40.0-255,66,65646,61,379383
15607,0.000682,74.125.68.0-255,4320,69966,61,379383
15608,0.000684,172.31.40.0-255,66,70032,61,379383
15609,0.000708,74.125.68.0-255,4320,74352,61,379383
15610,0.000711,172.31.40.0-255,66,74418,61,379383
15611,0.000727,74.125.68.0-255,4320,78738,61,379383
15612,0.00073,172.31.40.0-255,66,78804,61,379383
15613,0.000735,74.125.68.0-255,2902,81706,61,379383
15614,0.000737,172.31.40.0-255,66,81772,61,379383
15615,0.000776,74.125.68.0-255,1484,83256,61,379383
15616,0.000787,74.125.68.0-255,1484,84740,61,379383
15617,0.00079,172.31.40.0-255,66,84806,61,379383
15618,0.000816,172.31.40.0-255,66,84872,61,379383
15619,0.001131,74.125.68.0-255,1484,86356,61,379383
15620,0.001135,74.125.68.0-255,1484,87840,61,379383
15621,0.001138,172.31.40.0-255,66,87906,61,379383
15622,0.001165,74.125.68.0-255,2902,90808,61,379383
15623,0.001168,172.31.40.0-255,66,90874,61,379383
15624,0.001224,74.125.68.0-255,1484,92358,61,379383
15625,0.00124,74.125.68.0-255,2902,95260,61,379383
15626,0.001243,172.31.40.0-255,66,95326,61,379383
15627,0.00126,74.125.68.0-255,5738,101064,61,379383
15628,0.001262,172.31.40.0-255,66,101130,61,379383
15629,0.001301,74.125.68.0-255,2902,104032,61,379383
15630,0.001304,172.31.40.0-255,66,104098,61,379383
15631,0.001324,74.125.68.0-255,2902,107000,61,379383
15632,0.001328,172.31.40.0-255,66,107066,61,379383
15633,0.001334,74.125.68.0-255,5738,112804,61,379383
15634,0.001336,172.31.40.0-255,66,112870,61,379383
15635,0.001354,74.125.68.0-255,1484,114354,61,379383
15636,0.001384,74.125.68.0-255,1484,115838,61,379383
15637,0.001387,172.31.40.0-255,66,115904,61,379383
15638,0.001402,74.125.68.0-255,1484,117388,61,379383
15639,0.001423,74.125.68.0-255,1484,118872,61,379383
15640,0.001425,172.31.40.0-255,66,118938,61,379383
15641,0.001428,74.125.68.0-255,766,119704,61,379383
15642,0.001432,74.125.68.0-255,1484,121188,61,379383
15643,0.001433,172.31.40.0-255,66,121254,61,379383
15644,0.001464,74.125.68.0-255,1484,122738,61,379383
15645,0.001482,74.125.68.0-255,2902,125640,61,379383
15646,0.001485,172.31.40.0-255,66,125706,61,379383
15647,0.00149,74.125.68.0-255,2902,128608,61,379383
15648,0.001493,172.31.40.0-255,66,128674,61,379383
15649,0.001535,74.125.68.0-255,2902,131576,61,379383
15650,0.001538,172.31.40.0-255,66,131642,61,379383
15651,0.001557,74.125.68.0-255,1484,133126,61,379383
15652,0.001564,74.125.68.0-255,5738,138864,61,379383
15653,0.001566,172.31.40.0-255,66,138930,61,379383
15654,0.001572,74.125.68.0-255,4320,143250,61,379383
15655,0.001573,172.31.40.0-255,66,143316,61,379383
15656,0.001589,74.125.68.0-255,4320,147636,61,379383
15657,0.001592,172.31.40.0-255,66,147702,61,379383
15658,0.001634,74.125.68.0-255,4320,152022,61,379383
15659,0.001637,172.31.40.0-255,66,152088,61,379383
15660,0.001657,74.125.68.0-255,2184,154272,61,379383
15661,0.001659,172.31.40.0-255,66,154338,61,379383
15662,0.001914,74.125.68.0-255,1484,155822,61,379383
15663,0.001957,74.125.68.0-255,2902,158724,61,379383
15664,0.001961,172.31.40.0-255,66,158790,61,379383
15665,0.001979,74.125.68.0-255,1484,160274,61,379383
15666,0.002,74.125.68.0-255,2902,163176,61,379383
15667,0.002003,172.31.40.0-255,66,163242,61,379383
15668,0.002042,74.125.68.0-255,2902,166144,61,379383
15669,0.002045,172.31.40.0-255,66,166210,61,379383
15670,0.00205,74.125.68.0-255,4320,170530,61,379383
15671,0.002053,172.31.40.0-255,66,170596,61,379383
15672,0.002097,74.125.68.0-255,2902,173498,61,379383
15673,0.002101,172.31.40.0-255,66,173564,61,379383
15674,0.002121,74.125.68.0-255,2902,176466,61,379383
15675,0.002124,172.31.40.0-255,66,176532,61,379383
15676,0.002142,74.125.68.0-255,2902,179434,61,379383
15677,0.002145,172.31.40.0-255,66,179500,61,379383
15678,0.002168,74.125.68.0-255,4320,183820,61,379383
15679,0.00217,172.31.40.0-255,66,183886,61,379383
15680,0.002173,74.125.68.0-255,1484,185370,61,379383
15681,0.002177,74.125.68.0-255,2902,188272,61,379383
15682,0.002179,172.31.40.0-255,66,188338,61,379383
15683,0.002212,74.125.68.0-255,766,189104,61,379383
15684,0.002409,172.31.40.0-255,66,189170,61,379383
15685,0.002573,74.125.68.0-255,1484,190654,61,379383
15686,0.002595,74.125.68.0-255,2902,193556,61,379383
15687,0.0026,172.31.40.0-255,66,193622,61,379383
15688,0.002627,74.125.68.0-255,2902,196524,61,379383
15689,0.002629,172.31.40.0-255,66,196590,61,379383
15690,0.002643,74.125.68.0-255,2902,199492,61,379383
15691,0.002645,172.31.40.0-255,66,199558,61,379383
15692,0.00265,74.125.68.0-255,4320,203878,61,379383
15693,0.002651,172.31.40.0-255,66,203944,61,379383
15694,0.002673,74.125.68.0-255,2902,206846,61,379383
15695,0.002675,172.31.40.0-255,66,206912,61,379383
15696,0.00268,74.125.68.0-255,4320,211232,61,379383
15697,0.002681,172.31.40.0-255,66,211298,61,379383
15698,0.002701,74.125.68.0-255,7156,218454,61,379383
15699,0.002703,172.31.40.0-255,66,218520,61,379383
15700,0.002725,74.125.68.0-255,2902,221422,61,379383
15701,0.002727,172.31.40.0-255,66,221488,61,379383
15702,0.00274,74.125.68.0-255,1484,222972,61,379383
15703,0.002754,74.125.68.0-255,2184,225156,61,379383
15704,0.002756,172.31.40.0-255,66,225222,61,379383
15705,0.002775,74.125.68.0-255,4320,229542,61,379383
15706,0.002777,172.31.40.0-255,66,229608,61,379383
15707,0.0028,74.125.68.0-255,1484,231092,61,379383
15708,0.002823,74.125.68.0-255,7156,238248,61,379383
15709,0.002825,172.31.40.0-255,66,238314,61,379383
15710,0.002828,74.125.68.0-255,1484,239798,61,379383
15711,0.002857,172.31.40.0-255,66,239864,61,379383
15712,0.002861,74.125.68.0-255,2902,242766,61,379383
15713,0.002863,172.31.40.0-255,66,242832,61,379383
15714,0.002883,74.125.68.0-255,6438,249270,61,379383
15715,0.002885,172.31.40.0-255,66,249336,61,379383
15716,0.002908,74.125.68.0-255,1484,250820,61,379383
15717,0.003005,74.125.68.0-255,1484,252304,61,379383
15718,0.00301,172.31.40.0-255,66,252370,61,379383
15719,0.003024,74.125.68.0-255,1484,253854,61,379383
15720,0.003027,74.125.68.0-255,1484,255338,61,379383
15721,0.003029,172.31.40.0-255,66,255404,61,379383
15722,0.003052,74.125.68.0-255,2902,258306,61,379383
15723,0.003055,172.31.40.0-255,66,258372,61,379383
15724,0.003062,74.125.68.0-255,7156,265528,61,379383
15725,0.003064,172.31.40.0-255,66,265594,61,379383
15726,0.00313,172.31.40.0-255,66,265660,61,379383
15727,0.003133,74.125.68.0-255,1484,267144,61,379383
15728,0.003149,74.125.68.0-255,1484,268628,61,379383
15729,0.003153,172.31.40.0-255,66,268694,61,379383
15730,0.00317,74.125.68.0-255,1484,270178,61,379383
15731,0.003185,74.125.68.0-255,1484,271662,61,379383
15732,0.003189,172.31.40.0-255,66,271728,61,379383
15733,0.003209,74.125.68.0-255,3602,275330,61,379383
15734,0.003214,172.31.40.0-255,66,275396,61,379383
15735,0.003285,74.125.68.0-255,4320,279716,61,379383
15736,0.003289,172.31.40.0-255,66,279782,61,379383
15737,0.003296,74.125.68.0-255,5738,285520,61,379383
15738,0.003298,172.31.40.0-255,66,285586,61,379383
15739,0.003302,74.125.68.0-255,2902,288488,61,379383
15740,0.003304,172.31.40.0-255,66,288554,61,379383
15741,0.003329,74.125.68.0-255,4320,292874,61,379383
15742,0.003333,172.31.40.0-255,66,292940,61,379383
15743,0.00334,74.125.68.0-255,7156,300096,61,379383
15744,0.003343,172.31.40.0-255,66,300162,61,379383
15745,0.003357,74.125.68.0-255,1484,301646,61,379383
15746,0.00336,74.125.68.0-255,1484,303130,61,379383
15747,0.003363,172.31.40.0-255,66,303196,61,379383
15748,0.00341,74.125.68.0-255,4320,307516,61,379383
15749,0.003414,172.31.40.0-255,66,307582,61,379383
15750,0.003445,172.31.40.0-255,66,307648,61,379383
15751,0.00345,74.125.68.0-255,2902,310550,61,379383
15752,0.003452,172.31.40.0-255,66,310616,61,379383
15753,0.003481,172.31.40.0-255,66,310682,61,379383
15754,0.003486,74.125.68.0-255,4320,315002,61,379383
15755,0.003489,172.31.40.0-255,66,315068,61,379383
15756,0.003526,74.125.68.0-255,7156,322224,61,379383
15757,0.003531,172.31.40.0-255,66,322290,61,379383
15758,0.003556,74.125.68.0-255,3602,325892,61,379383
15759,0.00356,172.31.40.0-255,66,325958,61,379383
15760,0.003894,74.125.68.0-255,1484,327442,61,379383
15761,0.003929,74.125.68.0-255,2902,330344,61,379383
15762,0.003934,172.31.40.0-255,66,330410,61,379383
15763,0.003941,74.125.68.0-255,5738,336148,61,379383
15764,0.003943,172.31.40.0-255,66,336214,61,379383
15765,0.003946,74.125.68.0-255,1484,337698,61,379383
15766,0.003962,74.125.68.0-255,1484,339182,61,379383
15767,0.003965,172.31.40.0-255,66,339248,61,379383
15768,0.00397,74.125.68.0-255,4320,343568,61,379383
15769,0.003973,172.31.40.0-255,66,343634,61,379383
15770,0.004018,74.125.68.0-255,4320,347954,61,379383
15771,0.004022,172.31.40.0-255,66,348020,61,379383
15772,0.004047,74.125.68.0-255,4320,352340,61,379383
15773,0.00405,172.31.40.0-255,66,352406,61,379383
15774,0.004056,74.125.68.0-255,5738,358144,61,379383
15775,0.004058,172.31.40.0-255,66,358210,61,379383
15776,0.004086,74.125.68.0-255,2184,360394,61,379383
15777,0.004089,172.31.40.0-255,66,360460,61,379383
15778,0.004108,74.125.68.0-255,2902,363362,61,379383
15779,0.004111,172.31.40.0-255,66,363428,61,379383
15780,0.004123,74.125.68.0-255,2902,366330,61,379383
15781,0.004125,172.31.40.0-255,66,366396,61,379383
15782,0.004145,74.125.68.0-255,4320,370716,61,379383
15783,0.004148,172.31.40.0-255,66,370782,61,379383
15784,0.004152,74.125.68.0-255,2902,373684,61,379383
15785,0.004154,172.31.40.0-255,66,373750,61,379383
15786,0.004171,74.125.68.0-255,2902,376652,61,379383
15787,0.004173,172.31.40.0-255,66,376718,61,379383
15788,0.004255,74.125.68.0-255,2257,378975,61,379383
15789,0.004258,172.31.40.0-255,66,379041,61,379383
15790,0.004304,74.125.68.0-255,105,379146,61,379383
15791,0.004861,172.31.40.0-255,66,379212,61,379383
15792,0.004888,172.31.40.0-255,105,379317,61,379383
15793,0.010194,74.125.68.0-255,66,379383,61,379383
15794,0.0,74.125.24.0-255,153,153,61,244877
15795,2.2e-05,172.31.40.0-255,66,219,61,244877
15796,3e-05,74.125.24.0-255,1484,1703,61,244877
15797,3.5e-05,172.31.40.0-255,66,1769,61,244877
15798,4.1e-05,74.125.24.0-255,2902,4671,61,244877
15799,4.5e-05,172.31.40.0-255,66,4737,61,244877
15800,5.3e-05,74.125.24.0-255,7156,11893,61,244877
15801,5.6e-05,172.31.40.0-255,66,11959,61,244877
15802,6.3e-05,74.125.24.0-255,5738,17697,61,244877
15803,6.6e-05,172.31.40.0-255,66,17763,61,244877
15804,0.000101,172.31.40.0-255,66,17829,61,244877
15805,0.000106,74.125.24.0-255,2543,20372,61,244877
15806,0.000109,172.31.40.0-255,66,20438,61,244877
15807,0.00016,74.125.24.0-255,1484,21922,61,244877
15808,0.000164,172.31.40.0-255,66,21988,61,244877
15809,0.000169,74.125.24.0-255,2902,24890,61,244877
15810,0.000171,172.31.40.0-255,66,24956,61,244877
15811,0.000175,74.125.24.0-255,2902,27858,61,244877
15812,0.000178,172.31.40.0-255,66,27924,61,244877
15813,0.000192,74.125.24.0-255,2902,30826,61,244877
15814,0.000195,172.31.40.0-255,66,30892,61,244877
15815,0.000237,172.31.40.0-255,66,30958,61,244877
15816,0.00025,74.125.24.0-255,5379,36337,61,244877
15817,0.000253,172.31.40.0-255,66,36403,61,244877
15818,0.000265,172.31.40.0-255,66,36469,61,244877
15819,0.000268,74.125.24.0-255,130,36599,61,244877
15820,0.00027,172.31.40.0-255,66,36665,61,244877
15821,0.000332,74.125.24.0-255,347,37012,61,244877
15822,0.000336,172.31.40.0-255,66,37078,61,244877
15823,0.000674,74.125.24.0-255,1484,38562,61,244877
15824,0.000682,74.125.24.0-255,2902,41464,61,244877
15825,0.000686,172.31.40.0-255,66,41530,61,244877
15826,0.000712,74.125.24.0-255,5738,47268,61,244877
15827,0.000715,172.31.40.0-255,66,47334,61,244877
15828,0.000729,74.125.24.0-255,2902,50236,61,244877
15829,0.000732,172.31.40.0-255,66,50302,61,244877
15830,0.000772,172.31.40.0-255,66,50368,61,244877
15831,0.000779,74.125.24.0-255,7156,57524,61,244877
15832,0.000781,172.31.40.0-255,66,57590,61,244877
15833,0.000803,74.125.24.0-255,3602,61192,61,244877
15834,0.000805,172.31.40.0-255,66,61258,61,244877
15835,0.001057,74.125.24.0-255,1484,62742,61,244877
15836,0.001062,74.125.24.0-255,2902,65644,61,244877
15837,0.001071,172.31.40.0-255,66,65710,61,244877
15838,0.001077,74.125.24.0-255,2902,68612,61,244877
15839,0.001079,172.31.40.0-255,66,68678,61,244877
15840,0.001096,74.125.24.0-255,2902,71580,61,244877
15841,0.001098,172.31.40.0-255,66,71646,61,244877
15842,0.001105,74.125.24.0-255,5738,77384,61,244877
15843,0.001107,172.31.40.0-255,66,77450,61,244877
15844,0.001129,172.31.40.0-255,66,77516,61,244877
15845,0.001146,74.125.24.0-255,2902,80418,61,244877
15846,0.001149,172.31.40.0-255,66,80484,61,244877
15847,0.001156,74.125.24.0-255,5020,85504,61,244877
15848,0.001175,172.31.40.0-255,66,85570,61,244877
15849,0.001193,74.125.24.0-255,1484,87054,61,244877
15850,0.001208,74.125.24.0-255,2902,89956,61,244877
15851,0.001211,74.125.24.0-255,1484,91440,61,244877
15852,0.001215,172.31.40.0-255,66,91506,61,244877
15853,0.001232,74.125.24.0-255,4320,95826,61,244877
15854,0.001239,74.125.24.0-255,7156,102982,61,244877
15855,0.001249,172.31.40.0-255,66,103048,61,244877
15856,0.001259,74.125.24.0-255,5738,108786,61,244877
15857,0.001262,74.125.24.0-255,1484,110270,61,244877
15858,0.001268,172.31.40.0-255,66,110336,61,244877
15859,0.001295,74.125.24.0-255,5738,116074,61,244877
15860,0.001312,74.125.24.0-255,3602,119676,61,244877
15861,0.001323,172.31.40.0-255,66,119742,61,244877
15862,0.001375,74.125.24.0-255,1484,121226,61,244877
15863,0.00138,74.125.24.0-255,2902,124128,61,244877
15864,0.001399,74.125.24.0-255,5738,129866,61,244877
15865,0.001419,172.31.40.0-255,66,129932,61,244877
15866,0.001436,172.31.40.0-255,66,129998,61,244877
15867,0.001449,74.125.24.0-255,5738,135736,61,244877
15868,0.001466,74.125.24.0-255,5020,140756,61,244877
15869,0.001481,172.31.40.0-255,66,140822,61,244877
15870,0.001502,74.125.24.0-255,5738,146560,61,244877
15871,0.001508,172.31.40.0-255,66,146626,61,244877
15872,0.001528,74.125.24.0-255,4320,150946,61,244877
15873,0.001543,74.125.24.0-255,2902,153848,61,244877
15874,0.001552,172.31.40.0-255,66,153914,61,244877
15875,0.001615,172.31.40.0-255,66,153980,61,244877
15876,0.001635,74.125.24.0-255,1484,155464,61,244877
15877,0.00164,74.125.24.0-255,2902,158366,61,244877
15878,0.001647,74.125.24.0-255,5738,164104,61,244877
15879,0.001667,74.125.24.0-255,5738,169842,61,244877
15880,0.001676,172.31.40.0-255,66,169908,61,244877
15881,0.001683,74.125.24.0-255,5738,175646,61,244877
15882,0.001694,74.125.24.0-255,2184,177830,61,244877
15883,0.001697,172.31.40.0-255,66,177896,61,244877
15884,0.001717,74.125.24.0-255,2902,180798,61,244877
15885,0.001724,74.125.24.0-255,7156,187954,61,244877
15886,0.00174,172.31.40.0-255,66,188020,61,244877
15887,0.00176,172.31.40.0-255,66,188086,61,244877
15888,0.001773,74.125.24.0-255,2902,190988,61,244877
15889,0.001798,172.31.40.0-255,66,191054,61,244877
15890,0.002018,74.125.24.0-255,1484,192538,61,244877
15891,0.002025,74.125.24.0-255,2902,195440,61,244877
15892,0.002042,74.125.24.0-255,5738,201178,61,244877
15893,0.002054,172.31.40.0-255,66,201244,61,244877
15894,0.00206,74.125.24.0-255,4320,205564,61,244877
15895,0.002065,172.31.40.0-255,66,205630,61,244877
15896,0.00208,74.125.24.0-255,7156,212786,61,244877
15897,0.002099,172.31.40.0-255,66,212852,61,244877
15898,0.002138,172.31.40.0-255,66,212918,61,244877
15899,0.00217,74.125.24.0-255,1484,214402,61,244877
15900,0.002186,74.125.24.0-255,2902,217304,61,244877
15901,0.002203,172.31.40.0-255,66,217370,61,244877
15902,0.00221,74.125.24.0-255,5738,223108,61,244877
15903,0.002224,172.31.40.0-255,66,223174,61,244877
15904,0.002261,172.31.40.0-255,66,223240,61,244877
15905,0.002315,172.31.40.0-255,66,223306,61,244877
15906,0.002377,172.31.40.0-255,66,223372,61,244877
15907,0.004677,74.125.24.0-255,5738,229110,61,244877
15908,0.004684,172.31.40.0-255,66,229176,61,244877
15909,0.007008,74.125.24.0-255,5738,234914,61,244877
15910,0.011588,172.31.40.0-255,66,234980,61,244877
15911,0.013437,74.125.24.0-255,1484,236464,61,244877
15912,0.013862,74.125.24.0-255,1020,237484,61,244877
15913,0.013872,172.31.40.0-255,66,237550,61,244877
15914,0.01401,172.31.40.0-255,105,237655,61,244877
15915,0.016291,74.125.24.0-255,66,237721,61,244877
15916,0.04711,172.31.40.0-255,171,237892,61,244877
15917,0.047142,172.31.40.0-255,1145,239037,61,244877
15918,0.047206,172.31.40.0-255,1514,240551,61,244877
15919,0.047208,172.31.40.0-255,1514,242065,61,244877
15920,0.047212,172.31.40.0-255,1514,243579,61,244877
15921,0.047214,172.31.40.0-255,1034,244613,61,244877
15922,0.048601,104.244.42.0-255,66,244679,61,244877
15923,0.048623,104.244.42.0-255,66,244745,61,244877
15924,0.048708,104.244.42.0-255,66,244811,61,244877
15925,0.048715,104.244.42.0-255,66,244877,61,244877
15926,0.0,74.125.68.0-255,146,146,61,280173
15927,2.3e-05,172.31.40.0-255,66,212,61,280173
15928,3e-05,74.125.68.0-255,1484,1696,61,280173
15929,3.5e-05,172.31.40.0-255,66,1762,61,280173
15930,3.7e-05,74.125.68.0-255,1484,3246,61,280173
15931,4.1e-05,172.31.40.0-255,66,3312,61,280173
15932,4.7e-05,74.125.68.0-255,2902,6214,61,280173
15933,5e-05,172.31.40.0-255,66,6280,61,280173
15934,5.3e-05,74.125.68.0-255,1484,7764,61,280173
15935,5.6e-05,172.31.40.0-255,66,7830,61,280173
15936,7.7e-05,74.125.68.0-255,4320,12150,61,280173
15937,8e-05,172.31.40.0-255,66,12216,61,280173
15938,8.4e-05,74.125.68.0-255,2117,14333,61,280173
15939,8.7e-05,172.31.40.0-255,66,14399,61,280173
15940,0.000178,74.125.68.0-255,1484,15883,61,280173
15941,0.00018,172.31.40.0-255,66,15949,61,280173
15942,0.000192,74.125.68.0-255,1484,17433,61,280173
15943,0.000194,172.31.40.0-255,66,17499,61,280173
15944,0.000198,74.125.68.0-255,1484,18983,61,280173
15945,0.000201,172.31.40.0-255,66,19049,61,280173
15946,0.000217,74.125.68.0-255,1484,20533,61,280173
15947,0.000219,172.31.40.0-255,66,20599,61,280173
15948,0.000226,74.125.68.0-255,5738,26337,61,280173
15949,0.000229,172.31.40.0-255,66,26403,61,280173
15950,0.000249,74.125.68.0-255,4320,30723,61,280173
15951,0.000252,172.31.40.0-255,66,30789,61,280173
15952,0.000268,74.125.68.0-255,1125,31914,61,280173
15953,0.00027,172.31.40.0-255,66,31980,61,280173
15954,0.000606,74.125.68.0-255,1484,33464,61,280173
15955,0.00061,172.31.40.0-255,66,33530,61,280173
15956,0.000614,74.125.68.0-255,1484,35014,61,280173
15957,0.000617,172.31.40.0-255,66,35080,61,280173
15958,0.000644,74.125.68.0-255,2902,37982,61,280173
15959,0.000652,74.125.68.0-255,5738,43720,61,280173
15960,0.000676,74.125.68.0-255,5379,49099,61,280173
15961,0.000679,74.125.68.0-255,1484,50583,61,280173
15962,0.000701,74.125.68.0-255,4320,54903,61,280173
15963,0.000722,74.125.68.0-255,4320,59223,61,280173
15964,0.000726,172.31.40.0-255,66,59289,61,280173
15965,0.000732,172.31.40.0-255,66,59355,61,280173
15966,0.00075,74.125.68.0-255,6797,66152,61,280173
15967,0.000752,74.125.68.0-255,414,66566,61,280173
15968,0.000803,74.125.68.0-255,329,66895,61,280173
15969,0.000953,172.31.40.0-255,66,66961,61,280173
15970,0.00107,74.125.68.0-255,1484,68445,61,280173
15971,0.001078,74.125.68.0-255,2902,71347,61,280173
15972,0.001083,172.31.40.0-255,66,71413,61,280173
15973,0.00109,74.125.68.0-255,1484,72897,61,280173
15974,0.001104,74.125.68.0-255,4320,77217,61,280173
15975,0.001121,74.125.68.0-255,1484,78701,61,280173
15976,0.001132,172.31.40.0-255,66,78767,61,280173
15977,0.001147,172.31.40.0-255,66,78833,61,280173
15978,0.001226,172.31.40.0-255,66,78899,61,280173
15979,0.001352,74.125.68.0-255,1484,80383,61,280173
15980,0.001369,74.125.68.0-255,2902,83285,61,280173
15981,0.00139,74.125.68.0-255,5738,89023,61,280173
15982,0.001394,172.31.40.0-255,66,89089,61,280173
15983,0.001404,74.125.68.0-255,1484,90573,61,280173
15984,0.001407,172.31.40.0-255,66,90639,61,280173
15985,0.001433,74.125.68.0-255,7156,97795,61,280173
15986,0.001437,74.125.68.0-255,2902,100697,61,280173
15987,0.001462,74.125.68.0-255,7156,107853,61,280173
15988,0.001467,74.125.68.0-255,2902,110755,61,280173
15989,0.001478,74.125.68.0-255,2184,112939,61,280173
15990,0.001483,172.31.40.0-255,66,113005,61,280173
15991,0.001512,74.125.68.0-255,5738,118743,61,280173
15992,0.001524,74.125.68.0-255,2902,121645,61,280173
15993,0.001537,74.125.68.0-255,4320,125965,61,280173
15994,0.001547,172.31.40.0-255,66,126031,61,280173
15995,0.001563,74.125.68.0-255,5738,131769,61,280173
15996,0.001594,172.31.40.0-255,66,131835,61,280173
15997,0.001615,74.125.68.0-255,4320,136155,61,280173
15998,0.001627,74.125.68.0-255,2184,138339,61,280173
15999,0.001634,172.31.40.0-255,66,138405,61,280173
16000,0.001665,74.125.68.0-255,7156,145561,61,280173
16001,0.00168,74.125.68.0-255,1484,147045,61,280173
16002,0.001699,74.125.68.0-255,7156,154201,61,280173
16003,0.001716,172.31.40.0-255,66,154267,61,280173
16004,0.001736,172.31.40.0-255,66,154333,61,280173
16005,0.001767,74.125.68.0-255,5738,160071,61,280173
16006,0.001778,74.125.68.0-255,766,160837,61,280173
16007,0.001788,172.31.40.0-255,66,160903,61,280173
16008,0.003967,74.125.68.0-255,5738,166641,61,280173
16009,0.003974,172.31.40.0-255,66,166707,61,280173
16010,0.006156,74.125.68.0-255,5738,172445,61,280173
16011,0.0071,172.31.40.0-255,66,172511,61,280173
16012,0.009288,74.125.68.0-255,5738,178249,61,280173
16013,0.009295,172.31.40.0-255,66,178315,61,280173
16014,0.011488,74.125.68.0-255,5738,184053,61,280173
16015,0.011497,172.31.40.0-255,66,184119,61,280173
16016,0.013683,74.125.68.0-255,5738,189857,61,280173
16017,0.013968,172.31.40.0-255,66,189923,61,280173
16018,0.016161,74.125.68.0-255,5738,195661,61,280173
16019,0.016168,172.31.40.0-255,66,195727,61,280173
16020,0.018364,74.125.68.0-255,5738,201465,61,280173
16021,0.018374,172.31.40.0-255,66,201531,61,280173
16022,0.020556,74.125.68.0-255,5738,207269,61,280173
16023,0.020564,172.31.40.0-255,66,207335,61,280173
16024,0.022763,74.125.68.0-255,5738,213073,61,280173
16025,0.022772,172.31.40.0-255,66,213139,61,280173
16026,0.024978,74.125.68.0-255,5738,218877,61,280173
16027,0.026938,172.31.40.0-255,66,218943,61,280173
16028,0.029135,74.125.68.0-255,5738,224681,61,280173
16029,0.029146,172.31.40.0-255,66,224747,61,280173
16030,0.031346,74.125.68.0-255,5738,230485,61,280173
16031,0.031354,172.31.40.0-255,66,230551,61,280173
16032,0.033551,74.125.68.0-255,5738,236289,61,280173
16033,0.033559,172.31.40.0-255,66,236355,61,280173
16034,0.035755,74.125.68.0-255,5738,242093,61,280173
16035,0.035764,172.31.40.0-255,66,242159,61,280173
16036,0.037997,74.125.68.0-255,5738,247897,61,280173
16037,0.038005,172.31.40.0-255,66,247963,61,280173
16038,0.039449,172.31.40.0-255,167,248130,61,280173
16039,0.039483,172.31.40.0-255,1115,249245,61,280173
16040,0.039541,172.31.40.0-255,1514,250759,61,280173
16041,0.039543,172.31.40.0-255,328,251087,61,280173
16042,0.040196,74.125.68.0-255,5738,256825,61,280173
16043,0.040203,172.31.40.0-255,66,256891,61,280173
16044,0.04105,104.244.42.0-255,66,256957,61,280173
16045,0.042383,74.125.68.0-255,5738,262695,61,280173
16046,0.04239,172.31.40.0-255,66,262761,61,280173
16047,0.044578,74.125.68.0-255,5738,268499,61,280173
16048,0.044585,172.31.40.0-255,66,268565,61,280173
16049,0.046781,74.125.68.0-255,5738,274303,61,280173
16050,0.046789,172.31.40.0-255,66,274369,61,280173
16051,0.048972,74.125.68.0-255,5738,280107,61,280173
16052,0.048979,172.31.40.0-255,66,280173,61,280173
16053,0.0,74.125.24.0-255,66,66,61,66
16054,0.0,172.217.194.0-255,154,154,61,184369
16055,2.3e-05,172.31.40.0-255,66,220,61,184369
16056,3e-05,172.217.194.0-255,1484,1704,61,184369
16057,3.5e-05,172.31.40.0-255,66,1770,61,184369
16058,4.1e-05,172.217.194.0-255,2902,4672,61,184369
16059,4.4e-05,172.31.40.0-255,66,4738,61,184369
16060,4.7e-05,172.217.194.0-255,1484,6222,61,184369
16061,5e-05,172.31.40.0-255,66,6288,61,184369
16062,7.3e-05,172.217.194.0-255,5738,12026,61,184369
16063,7.6e-05,172.31.40.0-255,66,12092,61,184369
16064,0.000156,172.217.194.0-255,3553,15645,61,184369
16065,0.00016,172.31.40.0-255,66,15711,61,184369
16066,0.000222,172.217.194.0-255,2902,18613,61,184369
16067,0.000225,172.31.40.0-255,66,18679,61,184369
16068,0.000247,172.31.40.0-255,66,18745,61,184369
16069,0.000393,172.217.194.0-255,5738,24483,61,184369
16070,0.000398,172.31.40.0-255,66,24549,61,184369
16071,0.000418,172.217.194.0-255,2902,27451,61,184369
16072,0.00042,172.31.40.0-255,66,27517,61,184369
16073,0.000511,172.217.194.0-255,4320,31837,61,184369
16074,0.000515,172.31.40.0-255,66,31903,61,184369
16075,0.000561,172.31.40.0-255,66,31969,61,184369
16076,0.000886,172.217.194.0-255,118,32087,61,184369
16077,0.00089,172.31.40.0-255,66,32153,61,184369
16078,0.000894,172.217.194.0-255,377,32530,61,184369
16079,0.000896,172.31.40.0-255,66,32596,61,184369
16080,0.000912,172.217.194.0-255,2902,35498,61,184369
16081,0.000914,172.31.40.0-255,66,35564,61,184369
16082,0.000951,172.217.194.0-255,2902,38466,61,184369
16083,0.000953,172.31.40.0-255,66,38532,61,184369
16084,0.000975,172.217.194.0-255,4320,42852,61,184369
16085,0.000996,172.31.40.0-255,66,42918,61,184369
16086,0.001081,172.217.194.0-255,4320,47238,61,184369
16087,0.001092,172.31.40.0-255,66,47304,61,184369
16088,0.001125,172.31.40.0-255,66,47370,61,184369
16089,0.001268,172.217.194.0-255,5738,53108,61,184369
16090,0.001272,172.31.40.0-255,66,53174,61,184369
16091,0.001291,172.217.194.0-255,3602,56776,61,184369
16092,0.001305,172.31.40.0-255,66,56842,61,184369
16093,0.002106,172.217.194.0-255,1484,58326,61,184369
16094,0.002117,172.217.194.0-255,2902,61228,61,184369
16095,0.002122,172.31.40.0-255,66,61294,61,184369
16096,0.002145,172.217.194.0-255,5738,67032,61,184369
16097,0.002238,172.217.194.0-255,5738,72770,61,184369
16098,0.002262,172.217.194.0-255,7156,79926,61,184369
16099,0.002414,172.217.194.0-255,4320,84246,61,184369
16100,0.002429,172.217.194.0-255,1484,85730,61,184369
16101,0.002492,172.217.194.0-255,4320,90050,61,184369
16102,0.002501,172.217.194.0-255,766,90816,61,184369
16103,0.006473,172.31.40.0-255,66,90882,61,184369
16104,0.009096,172.217.194.0-255,5738,96620,61,184369
16105,0.009105,172.31.40.0-255,66,96686,61,184369
16106,0.011701,172.217.194.0-255,5738,102424,61,184369
16107,0.014118,172.31.40.0-255,66,102490,61,184369
16108,0.016747,172.217.194.0-255,5738,108228,61,184369
16109,0.016762,172.31.40.0-255,66,108294,61,184369
16110,0.019387,172.217.194.0-255,5738,114032,61,184369
16111,0.019396,172.31.40.0-255,66,114098,61,184369
16112,0.022002,172.217.194.0-255,5738,119836,61,184369
16113,0.02201,172.31.40.0-255,66,119902,61,184369
16114,0.024592,172.217.194.0-255,5738,125640,61,184369
16115,0.0246,172.31.40.0-255,66,125706,61,184369
16116,0.0272,172.217.194.0-255,5738,131444,61,184369
16117,0.02721,172.31.40.0-255,66,131510,61,184369
16118,0.029799,172.217.194.0-255,5738,137248,61,184369
16119,0.029808,172.31.40.0-255,66,137314,61,184369
16120,0.032397,172.217.194.0-255,5738,143052,61,184369
16121,0.032405,172.31.40.0-255,66,143118,61,184369
16122,0.035003,172.217.194.0-255,5738,148856,61,184369
16123,0.035013,172.31.40.0-255,66,148922,61,184369
16124,0.037157,172.31.40.0-255,172,149094,61,184369
16125,0.037189,172.31.40.0-255,1121,150215,61,184369
16126,0.037278,172.31.40.0-255,1514,151729,61,184369
16127,0.03728,172.31.40.0-255,1514,153243,61,184369
16128,0.037281,172.31.40.0-255,1514,154757,61,184369
16129,0.037282,172.31.40.0-255,1514,156271,61,184369
16130,0.037309,172.31.40.0-255,1476,157747,61,184369
16131,0.037581,172.217.194.0-255,4320,162067,61,184369
16132,0.037588,172.31.40.0-255,66,162133,61,184369
16133,0.037605,172.217.194.0-255,1484,163617,61,184369
16134,0.038705,104.244.42.0-255,66,163683,61,184369
16135,0.038764,104.244.42.0-255,66,163749,61,184369
16136,0.038882,104.244.42.0-255,66,163815,61,184369
16137,0.039508,104.244.42.0-255,108,163923,61,184369
16138,0.039518,172.31.40.0-255,66,163989,61,184369
16139,0.040184,172.217.194.0-255,2902,166891,61,184369
16140,0.040189,172.31.40.0-255,66,166957,61,184369
16141,0.042777,172.217.194.0-255,5738,172695,61,184369
16142,0.042829,172.31.40.0-255,66,172761,61,184369
16143,0.045448,172.217.194.0-255,5738,178499,61,184369
16144,0.045455,172.31.40.0-255,66,178565,61,184369
16145,0.048052,172.217.194.0-255,5738,184303,61,184369
16146,0.048058,172.31.40.0-255,66,184369,61,184369
16147,0.0,74.125.68.0-255,153,153,61,259072
16148,2.2e-05,172.31.40.0-255,66,219,61,259072
16149,3e-05,74.125.68.0-255,1484,1703,61,259072
16150,3.4e-05,172.31.40.0-255,66,1769,61,259072
16151,4.9e-05,74.125.68.0-255,2902,4671,61,259072
16152,5.4e-05,172.31.40.0-255,66,4737,61,259072
16153,6e-05,74.125.68.0-255,4320,9057,61,259072
16154,6.3e-05,172.31.40.0-255,66,9123,61,259072
16155,9.4e-05,74.125.68.0-255,1484,10607,61,259072
16156,9.7e-05,172.31.40.0-255,66,10673,61,259072
16157,0.000103,74.125.68.0-255,3320,13993,61,259072
16158,0.000106,172.31.40.0-255,66,14059,61,259072
16159,0.000131,74.125.68.0-255,1484,15543,61,259072
16160,0.000133,172.31.40.0-255,66,15609,61,259072
16161,0.000137,74.125.68.0-255,1484,17093,61,259072
16162,0.000139,172.31.40.0-255,66,17159,61,259072
16163,0.000162,74.125.68.0-255,1484,18643,61,259072
16164,0.000165,172.31.40.0-255,66,18709,61,259072
16165,0.000174,74.125.68.0-255,2902,21611,61,259072
16166,0.000177,172.31.40.0-255,66,21677,61,259072
16167,0.000203,74.125.68.0-255,4320,25997,61,259072
16168,0.000206,172.31.40.0-255,66,26063,61,259072
16169,0.000232,74.125.68.0-255,5379,31442,61,259072
16170,0.000235,172.31.40.0-255,66,31508,61,259072
16171,0.000353,74.125.68.0-255,1484,32992,61,259072
16172,0.000357,172.31.40.0-255,66,33058,61,259072
16173,0.000363,74.125.68.0-255,2902,35960,61,259072
16174,0.000365,172.31.40.0-255,66,36026,61,259072
16175,0.000391,74.125.68.0-255,2902,38928,61,259072
16176,0.000394,172.31.40.0-255,66,38994,61,259072
16177,0.0004,74.125.68.0-255,4320,43314,61,259072
16178,0.000402,172.31.40.0-255,66,43380,61,259072
16179,0.000427,74.125.68.0-255,7156,50536,61,259072
16180,0.00043,172.31.40.0-255,66,50602,61,259072
16181,0.000453,74.125.68.0-255,2543,53145,61,259072
16182,0.000455,172.31.40.0-255,66,53211,61,259072
16183,0.000493,74.125.68.0-255,2902,56113,61,259072
16184,0.000497,172.31.40.0-255,66,56179,61,259072
16185,0.0005,74.125.68.0-255,1484,57663,61,259072
16186,0.000531,172.31.40.0-255,66,57729,61,259072
16187,0.001303,74.125.68.0-255,647,58376,61,259072
16188,0.001437,74.125.68.0-255,1484,59860,61,259072
16189,0.001444,172.31.40.0-255,66,59926,61,259072
16190,0.001451,74.125.68.0-255,2902,62828,61,259072
16191,0.001453,172.31.40.0-255,66,62894,61,259072
16192,0.001458,74.125.68.0-255,2902,65796,61,259072
16193,0.001465,172.31.40.0-255,66,65862,61,259072
16194,0.001469,74.125.68.0-255,2902,68764,61,259072
16195,0.001472,172.31.40.0-255,66,68830,61,259072
16196,0.001502,74.125.68.0-255,1484,70314,61,259072
16197,0.001508,74.125.68.0-255,2902,73216,61,259072
16198,0.00151,172.31.40.0-255,66,73282,61,259072
16199,0.001539,74.125.68.0-255,5738,79020,61,259072
16200,0.001542,172.31.40.0-255,66,79086,61,259072
16201,0.00157,74.125.68.0-255,4320,83406,61,259072
16202,0.001572,172.31.40.0-255,66,83472,61,259072
16203,0.001606,172.31.40.0-255,66,83538,61,259072
16204,0.002083,74.125.68.0-255,1484,85022,61,259072
16205,0.002106,74.125.68.0-255,2902,87924,61,259072
16206,0.002112,172.31.40.0-255,66,87990,61,259072
16207,0.002119,74.125.68.0-255,5738,93728,61,259072
16208,0.002121,172.31.40.0-255,66,93794,61,259072
16209,0.002154,74.125.68.0-255,4320,98114,61,259072
16210,0.002156,172.31.40.0-255,66,98180,61,259072
16211,0.002184,74.125.68.0-255,5738,103918,61,259072
16212,0.002187,172.31.40.0-255,66,103984,61,259072
16213,0.002212,74.125.68.0-255,5738,109722,61,259072
16214,0.002214,172.31.40.0-255,66,109788,61,259072
16215,0.002244,74.125.68.0-255,5738,115526,61,259072
16216,0.002246,172.31.40.0-255,66,115592,61,259072
16217,0.002292,74.125.68.0-255,2184,117776,61,259072
16218,0.002295,172.31.40.0-255,66,117842,61,259072
16219,0.002337,74.125.68.0-255,7156,124998,61,259072
16220,0.00234,172.31.40.0-255,66,125064,61,259072
16221,0.002375,172.31.40.0-255,66,125130,61,259072
16222,0.002412,74.125.68.0-255,1484,126614,61,259072
16223,0.002435,74.125.68.0-255,7156,133770,61,259072
16224,0.002437,172.31.40.0-255,66,133836,61,259072
16225,0.00249,172.31.40.0-255,66,133902,61,259072
16226,0.004781,74.125.68.0-255,5738,139640,61,259072
16227,0.004785,172.31.40.0-255,66,139706,61,259072
16228,0.007092,74.125.68.0-255,5738,145444,61,259072
16229,0.007101,172.31.40.0-255,66,145510,61,259072
16230,0.00941,74.125.68.0-255,5738,151248,61,259072
16231,0.009418,172.31.40.0-255,66,151314,61,259072
16232,0.011727,74.125.68.0-255,5738,157052,61,259072
16233,0.011738,172.31.40.0-255,66,157118,61,259072
16234,0.014064,74.125.68.0-255,5738,162856,61,259072
16235,0.014075,172.31.40.0-255,66,162922,61,259072
16236,0.016377,74.125.68.0-255,5738,168660,61,259072
16237,0.016391,172.31.40.0-255,66,168726,61,259072
16238,0.018696,74.125.68.0-255,5738,174464,61,259072
16239,0.018706,172.31.40.0-255,66,174530,61,259072
16240,0.021023,74.125.68.0-255,5738,180268,61,259072
16241,0.021032,172.31.40.0-255,66,180334,61,259072
16242,0.023333,74.125.68.0-255,5738,186072,61,259072
16243,0.02334,172.31.40.0-255,66,186138,61,259072
16244,0.02565,74.125.68.0-255,5738,191876,61,259072
16245,0.025658,172.31.40.0-255,66,191942,61,259072
16246,0.027954,74.125.68.0-255,5738,197680,61,259072
16247,0.027964,172.31.40.0-255,66,197746,61,259072
16248,0.030273,74.125.68.0-255,5738,203484,61,259072
16249,0.03028,172.31.40.0-255,66,203550,61,259072
16250,0.032592,74.125.68.0-255,5738,209288,61,259072
16251,0.0326,172.31.40.0-255,66,209354,61,259072
16252,0.03492,74.125.68.0-255,5738,215092,61,259072
16253,0.034931,172.31.40.0-255,66,215158,61,259072
16254,0.037123,172.31.40.0-255,172,215330,61,259072
16255,0.037156,172.31.40.0-255,1119,216449,61,259072
16256,0.037229,172.31.40.0-255,1514,217963,61,259072
16257,0.037232,172.31.40.0-255,1514,219477,61,259072
16258,0.03724,74.125.68.0-255,5738,225215,61,259072
16259,0.037246,172.31.40.0-255,66,225281,61,259072
16260,0.037253,172.31.40.0-255,1514,226795,61,259072
16261,0.037263,172.31.40.0-255,1514,228309,61,259072
16262,0.037283,172.31.40.0-255,1479,229788,61,259072
16263,0.038678,104.244.42.0-255,66,229854,61,259072
16264,0.038772,104.244.42.0-255,66,229920,61,259072
16265,0.038858,104.244.42.0-255,66,229986,61,259072
16266,0.038917,104.244.42.0-255,66,230052,61,259072
16267,0.039548,74.125.68.0-255,5738,235790,61,259072
16268,0.03956,172.31.40.0-255,66,235856,61,259072
16269,0.041952,74.125.68.0-255,5738,241594,61,259072
16270,0.041968,172.31.40.0-255,66,241660,61,259072
16271,0.044277,74.125.68.0-255,5738,247398,61,259072
16272,0.044289,172.31.40.0-255,66,247464,61,259072
16273,0.046617,74.125.68.0-255,5738,253202,61,259072
16274,0.046635,172.31.40.0-255,66,253268,61,259072
16275,0.048942,74.125.68.0-255,5738,259006,61,259072
16276,0.048957,172.31.40.0-255,66,259072,61,259072
16277,0.0,74.125.24.0-255,148,148,61,268931
16278,1.9e-05,172.31.40.0-255,66,214,61,268931
16279,2.6e-05,74.125.24.0-255,1484,1698,61,268931
16280,2.9e-05,172.31.40.0-255,66,1764,61,268931
16281,4e-05,74.125.24.0-255,2902,4666,61,268931
16282,4.3e-05,172.31.40.0-255,66,4732,61,268931
16283,4.6e-05,74.125.24.0-255,1484,6216,61,268931
16284,4.9e-05,172.31.40.0-255,66,6282,61,268931
16285,8.9e-05,74.125.24.0-255,2902,9184,61,268931
16286,9.3e-05,172.31.40.0-255,66,9250,61,268931
16287,9.8e-05,74.125.24.0-255,4852,14102,61,268931
16288,0.000101,172.31.40.0-255,66,14168,61,268931
16289,0.000118,74.125.24.0-255,1484,15652,61,268931
16290,0.00012,172.31.40.0-255,66,15718,61,268931
16291,0.000125,74.125.24.0-255,2902,18620,61,268931
16292,0.000127,172.31.40.0-255,66,18686,61,268931
16293,0.000137,74.125.24.0-255,5738,24424,61,268931
16294,0.000139,172.31.40.0-255,66,24490,61,268931
16295,0.000159,74.125.24.0-255,1484,25974,61,268931
16296,0.00016,172.31.40.0-255,66,26040,61,268931
16297,0.000218,74.125.24.0-255,5379,31419,61,268931
16298,0.000221,172.31.40.0-255,66,31485,61,268931
16299,0.000268,74.125.24.0-255,1484,32969,61,268931
16300,0.00027,172.31.40.0-255,66,33035,61,268931
16301,0.000298,74.125.24.0-255,2902,35937,61,268931
16302,0.000301,172.31.40.0-255,66,36003,61,268931
16303,0.000306,74.125.24.0-255,5738,41741,61,268931
16304,0.000308,172.31.40.0-255,66,41807,61,268931
16305,0.000312,74.125.24.0-255,2902,44709,61,268931
16306,0.000318,172.31.40.0-255,66,44775,61,268931
16307,0.000322,74.125.24.0-255,3961,48736,61,268931
16308,0.000324,172.31.40.0-255,66,48802,61,268931
16309,0.000347,74.125.24.0-255,2902,51704,61,268931
16310,0.000349,172.31.40.0-255,66,51770,61,268931
16311,0.000374,74.125.24.0-255,5738,57508,61,268931
16312,0.000377,172.31.40.0-255,66,57574,61,268931
16313,0.000382,74.125.24.0-255,5738,63312,61,268931
16314,0.000384,172.31.40.0-255,66,63378,61,268931
16315,0.000406,74.125.24.0-255,2846,66224,61,268931
16316,0.000411,172.31.40.0-255,66,66290,61,268931
16317,0.000435,74.125.24.0-255,405,66695,61,268931
16318,0.000634,74.125.24.0-255,1484,68179,61,268931
16319,0.000638,172.31.40.0-255,66,68245,61,268931
16320,0.000643,74.125.24.0-255,2902,71147,61,268931
16321,0.000645,172.31.40.0-255,66,71213,61,268931
16322,0.000649,74.125.24.0-255,2902,74115,61,268931
16323,0.000651,172.31.40.0-255,66,74181,61,268931
16324,0.000686,74.125.24.0-255,2902,77083,61,268931
16325,0.000689,172.31.40.0-255,66,77149,61,268931
16326,0.000693,74.125.24.0-255,2902,80051,61,268931
16327,0.000695,172.31.40.0-255,66,80117,61,268931
16328,0.000709,172.31.40.0-255,66,80183,61,268931
16329,0.000742,74.125.24.0-255,2902,83085,61,268931
16330,0.000744,172.31.40.0-255,66,83151,61,268931
16331,0.000778,172.31.40.0-255,66,83217,61,268931
16332,0.000941,74.125.24.0-255,1484,84701,61,268931
16333,0.000947,74.125.24.0-255,2902,87603,61,268931
16334,0.000949,172.31.40.0-255,66,87669,61,268931
16335,0.000956,74.125.24.0-255,5738,93407,61,268931
16336,0.000957,172.31.40.0-255,66,93473,61,268931
16337,0.000986,74.125.24.0-255,5738,99211,61,268931
16338,0.000988,172.31.40.0-255,66,99277,61,268931
16339,0.000992,74.125.24.0-255,2902,102179,61,268931
16340,0.000994,172.31.40.0-255,66,102245,61,268931
16341,0.001023,172.31.40.0-255,66,102311,61,268931
16342,0.001029,74.125.24.0-255,5020,107331,61,268931
16343,0.001031,172.31.40.0-255,66,107397,61,268931
16344,0.001094,74.125.24.0-255,1484,108881,61,268931
16345,0.001115,74.125.24.0-255,2902,111783,61,268931
16346,0.001118,172.31.40.0-255,66,111849,61,268931
16347,0.001122,74.125.24.0-255,2902,114751,61,268931
16348,0.001124,172.31.40.0-255,66,114817,61,268931
16349,0.001146,74.125.24.0-255,7156,121973,61,268931
16350,0.001148,172.31.40.0-255,66,122039,61,268931
16351,0.001201,172.31.40.0-255,66,122105,61,268931
16352,0.001234,74.125.24.0-255,6438,128543,61,268931
16353,0.001237,172.31.40.0-255,66,128609,61,268931
16354,0.001361,74.125.24.0-255,1484,130093,61,268931
16355,0.001367,74.125.24.0-255,2902,132995,61,268931
16356,0.00137,172.31.40.0-255,66,133061,61,268931
16357,0.001405,74.125.24.0-255,5738,138799,61,268931
16358,0.001408,172.31.40.0-255,66,138865,61,268931
16359,0.00142,172.31.40.0-255,66,138931,61,268931
16360,0.001461,172.31.40.0-255,66,138997,61,268931
16361,0.002124,74.125.24.0-255,1484,140481,61,268931
16362,0.00213,74.125.24.0-255,2902,143383,61,268931
16363,0.002134,172.31.40.0-255,66,143449,61,268931
16364,0.002138,74.125.24.0-255,1484,144933,61,268931
16365,0.002167,74.125.24.0-255,4320,149253,61,268931
16366,0.00217,172.31.40.0-255,66,149319,61,268931
16367,0.002183,172.31.40.0-255,66,149385,61,268931
16368,0.002191,74.125.24.0-255,1484,150869,61,268931
16369,0.002227,172.31.40.0-255,66,150935,61,268931
16370,0.004527,74.125.24.0-255,5738,156673,61,268931
16371,0.004534,172.31.40.0-255,66,156739,61,268931
16372,0.006809,74.125.24.0-255,2902,159641,61,268931
16373,0.006812,172.31.40.0-255,66,159707,61,268931
16374,0.00683,74.125.24.0-255,2902,162609,61,268931
16375,0.006832,172.31.40.0-255,66,162675,61,268931
16376,0.009126,74.125.24.0-255,2902,165577,61,268931
16377,0.00913,172.31.40.0-255,66,165643,61,268931
16378,0.009161,74.125.24.0-255,2902,168545,61,268931
16379,0.009164,172.31.40.0-255,66,168611,61,268931
16380,0.011432,74.125.24.0-255,2902,171513,61,268931
16381,0.011439,172.31.40.0-255,66,171579,61,268931
16382,0.011487,74.125.24.0-255,2902,174481,61,268931
16383,0.01149,172.31.40.0-255,66,174547,61,268931
16384,0.013728,74.125.24.0-255,2902,177449,61,268931
16385,0.013735,172.31.40.0-255,66,177515,61,268931
16386,0.013764,74.125.24.0-255,2902,180417,61,268931
16387,0.013766,172.31.40.0-255,66,180483,61,268931
16388,0.016033,74.125.24.0-255,5738,186221,61,268931
16389,0.016041,172.31.40.0-255,66,186287,61,268931
16390,0.018364,74.125.24.0-255,5738,192025,61,268931
16391,0.018377,172.31.40.0-255,66,192091,61,268931
16392,0.020679,74.125.24.0-255,5738,197829,61,268931
16393,0.020689,172.31.40.0-255,66,197895,61,268931
16394,0.022977,74.125.24.0-255,5738,203633,61,268931
16395,0.022984,172.31.40.0-255,66,203699,61,268931
16396,0.025253,74.125.24.0-255,5738,209437,61,268931
16397,0.025261,172.31.40.0-255,66,209503,61,268931
16398,0.027557,74.125.24.0-255,5738,215241,61,268931
16399,0.027565,172.31.40.0-255,66,215307,61,268931
16400,0.02987,74.125.24.0-255,5738,221045,61,268931
16401,0.029878,172.31.40.0-255,66,221111,61,268931
16402,0.032168,74.125.24.0-255,5738,226849,61,268931
16403,0.032177,172.31.40.0-255,66,226915,61,268931
16404,0.034479,74.125.24.0-255,5738,232653,61,268931
16405,0.034487,172.31.40.0-255,66,232719,61,268931
16406,0.036111,172.31.40.0-255,190,232909,61,268931
16407,0.036144,172.31.40.0-255,1066,233975,61,268931
16408,0.036782,74.125.24.0-255,5738,239713,61,268931
16409,0.036789,172.31.40.0-255,66,239779,61,268931
16410,0.037668,104.244.42.0-255,66,239845,61,268931
16411,0.037699,104.244.42.0-255,66,239911,61,268931
16412,0.039063,74.125.24.0-255,5738,245649,61,268931
16413,0.039073,172.31.40.0-255,66,245715,61,268931
16414,0.041375,74.125.24.0-255,5738,251453,61,268931
16415,0.041382,172.31.40.0-255,66,251519,61,268931
16416,0.043668,74.125.24.0-255,5738,257257,61,268931
16417,0.043675,172.31.40.0-255,66,257323,61,268931
16418,0.04598,74.125.24.0-255,5738,263061,61,268931
16419,0.045987,172.31.40.0-255,66,263127,61,268931
16420,0.048268,74.125.24.0-255,5738,268865,61,268931
16421,0.048275,172.31.40.0-255,66,268931,61,268931
16422,0.0,74.125.24.0-255,151,151,61,267281
16423,2.4e-05,172.31.40.0-255,66,217,61,267281
16424,3.1e-05,74.125.24.0-255,1484,1701,61,267281
16425,3.6e-05,172.31.40.0-255,66,1767,61,267281
16426,5.1e-05,74.125.24.0-255,2902,4669,61,267281
16427,5.4e-05,172.31.40.0-255,66,4735,61,267281
16428,6.2e-05,74.125.24.0-255,7156,11891,61,267281
16429,6.5e-05,172.31.40.0-255,66,11957,61,267281
16430,7e-05,74.125.24.0-255,2076,14033,61,267281
16431,7.4e-05,172.31.40.0-255,66,14099,61,267281
16432,0.000125,172.31.40.0-255,66,14165,61,267281
16433,0.000131,74.125.24.0-255,5379,19544,61,267281
16434,0.000134,172.31.40.0-255,66,19610,61,267281
16435,0.00028,74.125.24.0-255,1484,21094,61,267281
16436,0.000284,172.31.40.0-255,66,21160,61,267281
16437,0.000288,74.125.24.0-255,1484,22644,61,267281
16438,0.00029,172.31.40.0-255,66,22710,61,267281
16439,0.000319,74.125.24.0-255,1484,24194,61,267281
16440,0.000322,172.31.40.0-255,66,24260,61,267281
16441,0.000329,74.125.24.0-255,5738,29998,61,267281
16442,0.000332,172.31.40.0-255,66,30064,61,267281
16443,0.00034,74.125.24.0-255,2902,32966,61,267281
16444,0.000343,172.31.40.0-255,66,33032,61,267281
16445,0.000383,172.31.40.0-255,66,33098,61,267281
16446,0.000388,74.125.24.0-255,4320,37418,61,267281
16447,0.00039,172.31.40.0-255,66,37484,61,267281
16448,0.000427,74.125.24.0-255,1484,38968,61,267281
16449,0.00043,172.31.40.0-255,66,39034,61,267281
16450,0.000457,74.125.24.0-255,4230,43264,61,267281
16451,0.00046,172.31.40.0-255,66,43330,61,267281
16452,0.000463,74.125.24.0-255,416,43746,61,267281
16453,0.000571,74.125.24.0-255,1484,45230,61,267281
16454,0.000576,74.125.24.0-255,1484,46714,61,267281
16455,0.000588,74.125.24.0-255,1484,48198,61,267281
16456,0.000593,74.125.24.0-255,2902,51100,61,267281
16457,0.000609,74.125.24.0-255,2902,54002,61,267281
16458,0.000625,74.125.24.0-255,5738,59740,61,267281
16459,0.000644,74.125.24.0-255,7156,66896,61,267281
16460,0.000699,74.125.24.0-255,2184,69080,61,267281
16461,0.000719,172.31.40.0-255,66,69146,61,267281
16462,0.001072,74.125.24.0-255,1484,70630,61,267281
16463,0.001091,74.125.24.0-255,2902,73532,61,267281
16464,0.001106,74.125.24.0-255,4320,77852,61,267281
16465,0.001111,172.31.40.0-255,66,77918,61,267281
16466,0.001119,74.125.24.0-255,1484,79402,61,267281
16467,0.001162,172.31.40.0-255,66,79468,61,267281
16468,0.001203,74.125.24.0-255,5738,85206,61,267281
16469,0.001215,172.31.40.0-255,66,85272,61,267281
16470,0.001226,74.125.24.0-255,5020,90292,61,267281
16471,0.001231,172.31.40.0-255,66,90358,61,267281
16472,0.001415,74.125.24.0-255,1484,91842,61,267281
16473,0.001422,74.125.24.0-255,2902,94744,61,267281
16474,0.001425,172.31.40.0-255,66,94810,61,267281
16475,0.001429,74.125.24.0-255,1484,96294,61,267281
16476,0.001463,74.125.24.0-255,4320,100614,61,267281
16477,0.001467,74.125.24.0-255,2902,103516,61,267281
16478,0.001489,74.125.24.0-255,1484,105000,61,267281
16479,0.001499,172.31.40.0-255,66,105066,61,267281
16480,0.001521,172.31.40.0-255,66,105132,61,267281
16481,0.00155,74.125.24.0-255,5738,110870,61,267281
16482,0.001568,74.125.24.0-255,5738,116608,61,267281
16483,0.001585,172.31.40.0-255,66,116674,61,267281
16484,0.001597,74.125.24.0-255,7156,123830,61,267281
16485,0.001603,172.31.40.0-255,66,123896,61,267281
16486,0.001619,74.125.24.0-255,766,124662,61,267281
16487,0.001744,74.125.24.0-255,1484,126146,61,267281
16488,0.001748,74.125.24.0-255,1484,127630,61,267281
16489,0.001753,172.31.40.0-255,66,127696,61,267281
16490,0.001761,74.125.24.0-255,1484,129180,61,267281
16491,0.001765,74.125.24.0-255,2902,132082,61,267281
16492,0.00177,172.31.40.0-255,66,132148,61,267281
16493,0.001795,74.125.24.0-255,2902,135050,61,267281
16494,0.001799,74.125.24.0-255,2902,137952,61,267281
16495,0.001832,172.31.40.0-255,66,138018,61,267281
16496,0.001856,74.125.24.0-255,2902,140920,61,267281
16497,0.001867,172.31.40.0-255,66,140986,61,267281
16498,0.001901,172.31.40.0-255,66,141052,61,267281
16499,0.002077,74.125.24.0-255,1484,142536,61,267281
16500,0.003932,74.125.24.0-255,4320,146856,61,267281
16501,0.003939,172.31.40.0-255,66,146922,61,267281
16502,0.005979,74.125.24.0-255,5738,152660,61,267281
16503,0.008035,172.31.40.0-255,66,152726,61,267281
16504,0.010135,74.125.24.0-255,5738,158464,61,267281
16505,0.010142,172.31.40.0-255,66,158530,61,267281
16506,0.012187,74.125.24.0-255,5738,164268,61,267281
16507,0.012195,172.31.40.0-255,66,164334,61,267281
16508,0.014221,74.125.24.0-255,5738,170072,61,267281
16509,0.014319,172.31.40.0-255,66,170138,61,267281
16510,0.016358,74.125.24.0-255,5738,175876,61,267281
16511,0.016368,172.31.40.0-255,66,175942,61,267281
16512,0.018465,74.125.24.0-255,5738,181680,61,267281
16513,0.019443,172.31.40.0-255,66,181746,61,267281
16514,0.021471,74.125.24.0-255,5738,187484,61,267281
16515,0.021478,172.31.40.0-255,66,187550,61,267281
16516,0.023514,74.125.24.0-255,5738,193288,61,267281
16517,0.023521,172.31.40.0-255,66,193354,61,267281
16518,0.025557,74.125.24.0-255,5738,199092,61,267281
16519,0.025564,172.31.40.0-255,66,199158,61,267281
16520,0.027609,74.125.24.0-255,5738,204896,61,267281
16521,0.027616,172.31.40.0-255,66,204962,61,267281
16522,0.029641,74.125.24.0-255,5738,210700,61,267281
16523,0.029649,172.31.40.0-255,66,210766,61,267281
16524,0.0306,172.31.40.0-255,172,210938,61,267281
16525,0.030628,172.31.40.0-255,1120,212058,61,267281
16526,0.030676,172.31.40.0-255,1514,213572,61,267281
16527,0.030677,172.31.40.0-255,1275,214847,61,267281
16528,0.031697,74.125.24.0-255,5738,220585,61,267281
16529,0.031704,172.31.40.0-255,66,220651,61,267281
16530,0.032138,104.244.42.0-255,66,220717,61,267281
16531,0.032179,104.244.42.0-255,66,220783,61,267281
16532,0.032228,104.244.42.0-255,66,220849,61,267281
16533,0.033745,74.125.24.0-255,5738,226587,61,267281
16534,0.03375,172.31.40.0-255,66,226653,61,267281
16535,0.035758,74.125.24.0-255,5738,232391,61,267281
16536,0.035764,172.31.40.0-255,66,232457,61,267281
16537,0.03781,74.125.24.0-255,5738,238195,61,267281
16538,0.037816,172.31.40.0-255,66,238261,61,267281
16539,0.03988,74.125.24.0-255,5738,243999,61,267281
16540,0.039891,172.31.40.0-255,66,244065,61,267281
16541,0.041923,74.125.24.0-255,5738,249803,61,267281
16542,0.04193,172.31.40.0-255,66,249869,61,267281
16543,0.043982,74.125.24.0-255,5738,255607,61,267281
16544,0.043988,172.31.40.0-255,66,255673,61,267281
16545,0.046036,74.125.24.0-255,5738,261411,61,267281
16546,0.046043,172.31.40.0-255,66,261477,61,267281
16547,0.048113,74.125.24.0-255,5738,267215,61,267281
16548,0.04812,172.31.40.0-255,66,267281,61,267281
16549,0.0,74.125.200.0-255,152,152,61,252900
16550,2.2e-05,172.31.40.0-255,66,218,61,252900
16551,2.9e-05,74.125.200.0-255,1484,1702,61,252900
16552,3.3e-05,172.31.40.0-255,66,1768,61,252900
16553,4.7e-05,74.125.200.0-255,2902,4670,61,252900
16554,5.1e-05,172.31.40.0-255,66,4736,61,252900
16555,8.6e-05,74.125.200.0-255,5738,10474,61,252900
16556,9e-05,172.31.40.0-255,66,10540,61,252900
16557,0.000115,74.125.200.0-255,1484,12024,61,252900
16558,0.000118,172.31.40.0-255,66,12090,61,252900
16559,0.000146,74.125.200.0-255,2049,14139,61,252900
16560,0.000148,172.31.40.0-255,66,14205,61,252900
16561,0.0002,74.125.200.0-255,1484,15689,61,252900
16562,0.000203,172.31.40.0-255,66,15755,61,252900
16563,0.000222,74.125.200.0-255,2902,18657,61,252900
16564,0.000224,172.31.40.0-255,66,18723,61,252900
16565,0.000245,74.125.200.0-255,4320,23043,61,252900
16566,0.000248,172.31.40.0-255,66,23109,61,252900
16567,0.000284,172.31.40.0-255,66,23175,61,252900
16568,0.000338,172.31.40.0-255,66,23241,61,252900
16569,0.000344,74.125.200.0-255,4320,27561,61,252900
16570,0.000346,172.31.40.0-255,66,27627,61,252900
16571,0.000357,74.125.200.0-255,5738,33365,61,252900
16572,0.000359,172.31.40.0-255,66,33431,61,252900
16573,0.000364,74.125.200.0-255,2902,36333,61,252900
16574,0.000366,172.31.40.0-255,66,36399,61,252900
16575,0.000406,172.31.40.0-255,66,36465,61,252900
16576,0.000412,74.125.200.0-255,3602,40067,61,252900
16577,0.000414,172.31.40.0-255,66,40133,61,252900
16578,0.000417,74.125.200.0-255,397,40530,61,252900
16579,0.000451,74.125.200.0-255,348,40878,61,252900
16580,0.00057,74.125.200.0-255,1484,42362,61,252900
16581,0.000574,172.31.40.0-255,66,42428,61,252900
16582,0.000578,74.125.200.0-255,1484,43912,61,252900
16583,0.000602,74.125.200.0-255,1484,45396,61,252900
16584,0.000604,172.31.40.0-255,66,45462,61,252900
16585,0.000611,74.125.200.0-255,5738,51200,61,252900
16586,0.000613,172.31.40.0-255,66,51266,61,252900
16587,0.000628,74.125.200.0-255,4320,55586,61,252900
16588,0.000631,172.31.40.0-255,66,55652,61,252900
16589,0.000655,74.125.200.0-255,7156,62808,61,252900
16590,0.000658,172.31.40.0-255,66,62874,61,252900
16591,0.000669,172.31.40.0-255,66,62940,61,252900
16592,0.00069,74.125.200.0-255,3602,66542,61,252900
16593,0.000696,172.31.40.0-255,66,66608,61,252900
16594,0.001326,74.125.200.0-255,1484,68092,61,252900
16595,0.001331,74.125.200.0-255,1484,69576,61,252900
16596,0.001334,172.31.40.0-255,66,69642,61,252900
16597,0.001348,74.125.200.0-255,1484,71126,61,252900
16598,0.00136,74.125.200.0-255,5738,76864,61,252900
16599,0.001362,172.31.40.0-255,66,76930,61,252900
16600,0.001389,74.125.200.0-255,5738,82668,61,252900
16601,0.001391,172.31.40.0-255,66,82734,61,252900
16602,0.001427,74.125.200.0-255,7156,89890,61,252900
16603,0.001429,172.31.40.0-255,66,89956,61,252900
16604,0.001435,74.125.200.0-255,4320,94276,61,252900
16605,0.001437,172.31.40.0-255,66,94342,61,252900
16606,0.00144,74.125.200.0-255,1484,95826,61,252900
16607,0.001466,74.125.200.0-255,5020,100846,61,252900
16608,0.001468,172.31.40.0-255,66,100912,61,252900
16609,0.0019,74.125.200.0-255,1484,102396,61,252900
16610,0.001905,74.125.200.0-255,2902,105298,61,252900
16611,0.001911,172.31.40.0-255,66,105364,61,252900
16612,0.001933,74.125.200.0-255,5738,111102,61,252900
16613,0.001936,172.31.40.0-255,66,111168,61,252900
16614,0.001981,172.31.40.0-255,66,111234,61,252900
16615,0.001998,172.31.40.0-255,66,111300,61,252900
16616,0.002046,74.125.200.0-255,1484,112784,61,252900
16617,0.002049,74.125.200.0-255,1484,114268,61,252900
16618,0.002055,172.31.40.0-255,66,114334,61,252900
16619,0.002066,74.125.200.0-255,1484,115818,61,252900
16620,0.002083,74.125.200.0-255,5738,121556,61,252900
16621,0.002086,172.31.40.0-255,66,121622,61,252900
16622,0.002112,172.31.40.0-255,66,121688,61,252900
16623,0.002144,74.125.200.0-255,2902,124590,61,252900
16624,0.002147,172.31.40.0-255,66,124656,61,252900
16625,0.002165,172.31.40.0-255,66,124722,61,252900
16626,0.002288,74.125.200.0-255,1484,126206,61,252900
16627,0.002302,74.125.200.0-255,2902,129108,61,252900
16628,0.002305,172.31.40.0-255,66,129174,61,252900
16629,0.002325,74.125.200.0-255,4320,133494,61,252900
16630,0.002327,172.31.40.0-255,66,133560,61,252900
16631,0.002359,172.31.40.0-255,66,133626,61,252900
16632,0.004695,74.125.200.0-255,5738,139364,61,252900
16633,0.004703,172.31.40.0-255,66,139430,61,252900
16634,0.007045,74.125.200.0-255,5738,145168,61,252900
16635,0.007049,172.31.40.0-255,66,145234,61,252900
16636,0.009383,74.125.200.0-255,5738,150972,61,252900
16637,0.009389,172.31.40.0-255,66,151038,61,252900
16638,0.011738,74.125.200.0-255,5738,156776,61,252900
16639,0.011744,172.31.40.0-255,66,156842,61,252900
16640,0.014092,74.125.200.0-255,5738,162580,61,252900
16641,0.0141,172.31.40.0-255,66,162646,61,252900
16642,0.016456,74.125.200.0-255,5738,168384,61,252900
16643,0.016464,172.31.40.0-255,66,168450,61,252900
16644,0.018838,74.125.200.0-255,5738,174188,61,252900
16645,0.018856,172.31.40.0-255,66,174254,61,252900
16646,0.021217,74.125.200.0-255,5738,179992,61,252900
16647,0.021234,172.31.40.0-255,66,180058,61,252900
16648,0.023597,74.125.200.0-255,5738,185796,61,252900
16649,0.023612,172.31.40.0-255,66,185862,61,252900
16650,0.025961,74.125.200.0-255,5738,191600,61,252900
16651,0.025969,172.31.40.0-255,66,191666,61,252900
16652,0.028322,74.125.200.0-255,5738,197404,61,252900
16653,0.028329,172.31.40.0-255,66,197470,61,252900
16654,0.030698,74.125.200.0-255,5738,203208,61,252900
16655,0.030714,172.31.40.0-255,66,203274,61,252900
16656,0.033052,74.125.200.0-255,5738,209012,61,252900
16657,0.033059,172.31.40.0-255,66,209078,61,252900
16658,0.035404,74.125.200.0-255,5738,214816,61,252900
16659,0.035411,172.31.40.0-255,66,214882,61,252900
16660,0.037784,74.125.200.0-255,5738,220620,61,252900
16661,0.037801,172.31.40.0-255,66,220686,61,252900
16662,0.040141,74.125.200.0-255,5738,226424,61,252900
16663,0.040154,172.31.40.0-255,66,226490,61,252900
16664,0.042526,74.125.200.0-255,5738,232228,61,252900
16665,0.042544,172.31.40.0-255,66,232294,61,252900
16666,0.044889,74.125.200.0-255,5738,238032,61,252900
16667,0.044897,172.31.40.0-255,66,238098,61,252900
16668,0.047246,74.125.200.0-255,5738,243836,61,252900
16669,0.047253,172.31.40.0-255,66,243902,61,252900
16670,0.048466,172.31.40.0-255,171,244073,61,252900
16671,0.048506,172.31.40.0-255,1140,245213,61,252900
16672,0.048562,172.31.40.0-255,1514,246727,61,252900
16673,0.048564,172.31.40.0-255,303,247030,61,252900
16674,0.049607,74.125.200.0-255,5738,252768,61,252900
16675,0.049616,172.31.40.0-255,66,252834,61,252900
16676,0.049976,104.244.42.0-255,66,252900,61,252900
16677,0.0,172.217.194.0-255,150,150,61,271226
16678,1.9e-05,172.31.40.0-255,66,216,61,271226
16679,2.5e-05,172.217.194.0-255,1484,1700,61,271226
16680,3e-05,172.31.40.0-255,66,1766,61,271226
16681,0.000112,172.217.194.0-255,2902,4668,61,271226
16682,0.000115,172.31.40.0-255,66,4734,61,271226
16683,0.000123,172.217.194.0-255,7156,11890,61,271226
16684,0.000125,172.31.40.0-255,66,11956,61,271226
16685,0.000129,172.217.194.0-255,1982,13938,61,271226
16686,0.000131,172.31.40.0-255,66,14004,61,271226
16687,0.000135,172.217.194.0-255,2902,16906,61,271226
16688,0.000137,172.31.40.0-255,66,16972,61,271226
16689,0.000144,172.217.194.0-255,7156,24128,61,271226
16690,0.000146,172.31.40.0-255,66,24194,61,271226
16691,0.000151,172.217.194.0-255,5738,29932,61,271226
16692,0.000154,172.31.40.0-255,66,29998,61,271226
16693,0.000191,172.217.194.0-255,1125,31123,61,271226
16694,0.000193,172.31.40.0-255,66,31189,61,271226
16695,0.000236,172.217.194.0-255,1484,32673,61,271226
16696,0.000239,172.31.40.0-255,66,32739,61,271226
16697,0.000243,172.217.194.0-255,2902,35641,61,271226
16698,0.000245,172.31.40.0-255,66,35707,61,271226
16699,0.000257,172.217.194.0-255,1484,37191,61,271226
16700,0.000259,172.31.40.0-255,66,37257,61,271226
16701,0.00028,172.217.194.0-255,4320,41577,61,271226
16702,0.000283,172.31.40.0-255,66,41643,61,271226
16703,0.000299,172.217.194.0-255,2902,44545,61,271226
16704,0.000301,172.31.40.0-255,66,44611,61,271226
16705,0.000329,172.31.40.0-255,66,44677,61,271226
16706,0.000348,172.217.194.0-255,2543,47220,61,271226
16707,0.000351,172.31.40.0-255,66,47286,61,271226
16708,0.00036,172.31.40.0-255,66,47352,61,271226
16709,0.000364,172.217.194.0-255,1737,49089,61,271226
16710,0.000365,172.31.40.0-255,66,49155,61,271226
16711,0.000507,172.217.194.0-255,1484,50639,61,271226
16712,0.000512,172.217.194.0-255,1484,52123,61,271226
16713,0.000514,172.31.40.0-255,66,52189,61,271226
16714,0.000532,172.217.194.0-255,1484,53673,61,271226
16715,0.000536,172.217.194.0-255,1484,55157,61,271226
16716,0.000538,172.31.40.0-255,66,55223,61,271226
16717,0.000559,172.217.194.0-255,4320,59543,61,271226
16718,0.000562,172.31.40.0-255,66,59609,61,271226
16719,0.000567,172.217.194.0-255,4320,63929,61,271226
16720,0.000569,172.31.40.0-255,66,63995,61,271226
16721,0.000584,172.217.194.0-255,1484,65479,61,271226
16722,0.000597,172.31.40.0-255,66,65545,61,271226
16723,0.000603,172.217.194.0-255,5020,70565,61,271226
16724,0.000605,172.31.40.0-255,66,70631,61,271226
16725,0.000694,172.217.194.0-255,1484,72115,61,271226
16726,0.000697,172.217.194.0-255,1484,73599,61,271226
16727,0.0007,172.31.40.0-255,66,73665,61,271226
16728,0.00072,172.217.194.0-255,1484,75149,61,271226
16729,0.000727,172.217.194.0-255,5738,80887,61,271226
16730,0.00073,172.31.40.0-255,66,80953,61,271226
16731,0.000736,172.217.194.0-255,7156,88109,61,271226
16732,0.000738,172.31.40.0-255,66,88175,61,271226
16733,0.000777,172.31.40.0-255,66,88241,61,271226
16734,0.000796,172.217.194.0-255,2184,90425,61,271226
16735,0.000798,172.31.40.0-255,66,90491,61,271226
16736,0.000835,172.217.194.0-255,1484,91975,61,271226
16737,0.000838,172.217.194.0-255,1484,93459,61,271226
16738,0.00084,172.31.40.0-255,66,93525,61,271226
16739,0.000858,172.217.194.0-255,1484,95009,61,271226
16740,0.000864,172.217.194.0-255,5738,100747,61,271226
16741,0.000866,172.31.40.0-255,66,100813,61,271226
16742,0.000905,172.31.40.0-255,66,100879,61,271226
16743,0.000936,172.217.194.0-255,4320,105199,61,271226
16744,0.000939,172.31.40.0-255,66,105265,61,271226
16745,0.000963,172.217.194.0-255,6438,111703,61,271226
16746,0.000966,172.31.40.0-255,66,111769,61,271226
16747,0.00098,172.217.194.0-255,1484,113253,61,271226
16748,0.000998,172.217.194.0-255,2902,116155,61,271226
16749,0.001,172.31.40.0-255,66,116221,61,271226
16750,0.001006,172.217.194.0-255,5738,121959,61,271226
16751,0.001008,172.31.40.0-255,66,122025,61,271226
16752,0.001029,172.217.194.0-255,7156,129181,61,271226
16753,0.001032,172.31.40.0-255,66,129247,61,271226
16754,0.00106,172.217.194.0-255,5738,134985,61,271226
16755,0.001063,172.31.40.0-255,66,135051,61,271226
16756,0.001069,172.217.194.0-255,7156,142207,61,271226
16757,0.001072,172.31.40.0-255,66,142273,61,271226
16758,0.001089,172.217.194.0-255,3602,145875,61,271226
16759,0.001091,172.31.40.0-255,66,145941,61,271226
16760,0.001365,172.217.194.0-255,1484,147425,61,271226
16761,0.001371,172.217.194.0-255,2902,150327,61,271226
16762,0.001374,172.31.40.0-255,66,150393,61,271226
16763,0.001377,172.217.194.0-255,1484,151877,61,271226
16764,0.001398,172.217.194.0-255,4320,156197,61,271226
16765,0.0014,172.31.40.0-255,66,156263,61,271226
16766,0.001406,172.217.194.0-255,5738,162001,61,271226
16767,0.001408,172.31.40.0-255,66,162067,61,271226
16768,0.001444,172.217.194.0-255,4320,166387,61,271226
16769,0.001446,172.31.40.0-255,66,166453,61,271226
16770,0.001468,172.31.40.0-255,66,166519,61,271226
16771,0.001473,172.217.194.0-255,5020,171539,61,271226
16772,0.001475,172.31.40.0-255,66,171605,61,271226
16773,0.00148,172.217.194.0-255,5738,177343,61,271226
16774,0.001482,172.31.40.0-255,66,177409,61,271226
16775,0.001524,172.31.40.0-255,66,177475,61,271226
16776,0.001537,172.31.40.0-255,66,177541,61,271226
16777,0.00154,172.217.194.0-255,766,178307,61,271226
16778,0.001617,172.217.194.0-255,1484,179791,61,271226
16779,0.00162,172.31.40.0-255,66,179857,61,271226
16780,0.001625,172.217.194.0-255,2902,182759,61,271226
16781,0.001627,172.31.40.0-255,66,182825,61,271226
16782,0.001644,172.217.194.0-255,5738,188563,61,271226
16783,0.001646,172.31.40.0-255,66,188629,61,271226
16784,0.00167,172.217.194.0-255,7156,195785,61,271226
16785,0.001674,172.31.40.0-255,66,195851,61,271226
16786,0.001712,172.31.40.0-255,66,195917,61,271226
16787,0.001716,172.217.194.0-255,2184,198101,61,271226
16788,0.001719,172.31.40.0-255,66,198167,61,271226
16789,0.001755,172.217.194.0-255,1484,199651,61,271226
16790,0.001759,172.217.194.0-255,1484,201135,61,271226
16791,0.001761,172.31.40.0-255,66,201201,61,271226
16792,0.001781,172.217.194.0-255,1484,202685,61,271226
16793,0.001788,172.217.194.0-255,5738,208423,61,271226
16794,0.001791,172.31.40.0-255,66,208489,61,271226
16795,0.001796,172.217.194.0-255,2902,211391,61,271226
16796,0.001798,172.31.40.0-255,66,211457,61,271226
16797,0.001821,172.31.40.0-255,66,211523,61,271226
16798,0.001833,172.31.40.0-255,66,211589,61,271226
16799,0.001872,172.217.194.0-255,5738,217327,61,271226
16800,0.001877,172.31.40.0-255,66,217393,61,271226
16801,0.001889,172.217.194.0-255,7156,224549,61,271226
16802,0.001891,172.31.40.0-255,66,224615,61,271226
16803,0.001906,172.217.194.0-255,3602,228217,61,271226
16804,0.001909,172.31.40.0-255,66,228283,61,271226
16805,0.001925,172.31.40.0-255,66,228349,61,271226
16806,0.001931,172.217.194.0-255,5020,233369,61,271226
16807,0.001934,172.31.40.0-255,66,233435,61,271226
16808,0.001965,172.31.40.0-255,66,233501,61,271226
16809,0.002,172.217.194.0-255,5020,238521,61,271226
16810,0.002003,172.217.194.0-255,1484,240005,61,271226
16811,0.002041,172.31.40.0-255,66,240071,61,271226
16812,0.002044,172.31.40.0-255,66,240137,61,271226
16813,0.003989,172.217.194.0-255,4320,244457,61,271226
16814,0.003995,172.31.40.0-255,66,244523,61,271226
16815,0.005953,172.217.194.0-255,5738,250261,61,271226
16816,0.005961,172.31.40.0-255,66,250327,61,271226
16817,0.007928,172.217.194.0-255,5738,256065,61,271226
16818,0.007933,172.31.40.0-255,66,256131,61,271226
16819,0.009896,172.217.194.0-255,5318,261449,61,271226
16820,0.009903,172.31.40.0-255,66,261515,61,271226
16821,0.010081,172.31.40.0-255,105,261620,61,271226
16822,0.010115,172.31.40.0-255,105,261725,61,271226
16823,0.010373,172.31.40.0-255,90,261815,61,271226
16824,0.010384,172.31.40.0-255,66,261881,61,271226
16825,0.012018,172.217.194.0-255,66,261947,61,271226
16826,0.012039,172.217.194.0-255,66,262013,61,271226
16827,0.012301,172.217.194.0-255,66,262079,61,271226
16828,0.012324,172.217.194.0-255,66,262145,61,271226
16829,0.012331,172.31.40.0-255,66,262211,61,271226
16830,0.044618,172.31.40.0-255,172,262383,61,271226
16831,0.044647,172.31.40.0-255,1119,263502,61,271226
16832,0.04472,172.31.40.0-255,1514,265016,61,271226
16833,0.044721,172.31.40.0-255,1514,266530,61,271226
16834,0.044725,172.31.40.0-255,1514,268044,61,271226
16835,0.044726,172.31.40.0-255,1514,269558,61,271226
16836,0.044747,172.31.40.0-255,1470,271028,61,271226
16837,0.046144,104.244.42.0-255,66,271094,61,271226
16838,0.046182,104.244.42.0-255,66,271160,61,271226
16839,0.046335,104.244.42.0-255,66,271226,61,271226
16840,0.0,74.125.68.0-255,143,143,61,261182
16841,2.4e-05,172.31.40.0-255,66,209,61,261182
16842,3.2e-05,74.125.68.0-255,1484,1693,61,261182
16843,3.6e-05,172.31.40.0-255,66,1759,61,261182
16844,4.2e-05,74.125.68.0-255,2902,4661,61,261182
16845,4.5e-05,172.31.40.0-255,66,4727,61,261182
16846,5e-05,74.125.68.0-255,2902,7629,61,261182
16847,5.3e-05,172.31.40.0-255,66,7695,61,261182
16848,9e-05,74.125.68.0-255,1484,9179,61,261182
16849,9.2e-05,172.31.40.0-255,66,9245,61,261182
16850,0.000115,74.125.68.0-255,2902,12147,61,261182
16851,0.000119,172.31.40.0-255,66,12213,61,261182
16852,0.000126,74.125.68.0-255,4876,17089,61,261182
16853,0.000128,172.31.40.0-255,66,17155,61,261182
16854,0.000133,74.125.68.0-255,4320,21475,61,261182
16855,0.000135,172.31.40.0-255,66,21541,61,261182
16856,0.000147,74.125.68.0-255,1484,23025,61,261182
16857,0.00015,172.31.40.0-255,66,23091,61,261182
16858,0.000153,74.125.68.0-255,1484,24575,61,261182
16859,0.000155,172.31.40.0-255,66,24641,61,261182
16860,0.000179,74.125.68.0-255,2902,27543,61,261182
16861,0.000182,172.31.40.0-255,66,27609,61,261182
16862,0.00021,74.125.68.0-255,1484,29093,61,261182
16863,0.000213,172.31.40.0-255,66,29159,61,261182
16864,0.000232,74.125.68.0-255,2543,31702,61,261182
16865,0.000235,172.31.40.0-255,66,31768,61,261182
16866,0.000344,74.125.68.0-255,1484,33252,61,261182
16867,0.000348,172.31.40.0-255,66,33318,61,261182
16868,0.000368,74.125.68.0-255,2902,36220,61,261182
16869,0.000371,172.31.40.0-255,66,36286,61,261182
16870,0.000374,74.125.68.0-255,1484,37770,61,261182
16871,0.000375,172.31.40.0-255,66,37836,61,261182
16872,0.000399,74.125.68.0-255,4320,42156,61,261182
16873,0.000417,74.125.68.0-255,6797,48953,61,261182
16874,0.000434,74.125.68.0-255,2902,51855,61,261182
16875,0.000456,74.125.68.0-255,4320,56175,61,261182
16876,0.00046,74.125.68.0-255,2902,59077,61,261182
16877,0.000472,74.125.68.0-255,1484,60561,61,261182
16878,0.000485,74.125.68.0-255,5652,66213,61,261182
16879,0.000585,172.31.40.0-255,66,66279,61,261182
16880,0.000849,74.125.68.0-255,131,66410,61,261182
16881,0.000901,74.125.68.0-255,1484,67894,61,261182
16882,0.000905,172.31.40.0-255,66,67960,61,261182
16883,0.00091,74.125.68.0-255,1484,69444,61,261182
16884,0.000913,74.125.68.0-255,1484,70928,61,261182
16885,0.000925,74.125.68.0-255,1484,72412,61,261182
16886,0.000939,74.125.68.0-255,5738,78150,61,261182
16887,0.000945,172.31.40.0-255,66,78216,61,261182
16888,0.000966,74.125.68.0-255,4320,82536,61,261182
16889,0.000982,74.125.68.0-255,4320,86856,61,261182
16890,0.000986,74.125.68.0-255,2902,89758,61,261182
16891,0.001006,74.125.68.0-255,7156,96914,61,261182
16892,0.001021,172.31.40.0-255,66,96980,61,261182
16893,0.001031,74.125.68.0-255,3602,100582,61,261182
16894,0.001039,172.31.40.0-255,66,100648,61,261182
16895,0.001043,74.125.68.0-255,348,100996,61,261182
16896,0.001136,74.125.68.0-255,1484,102480,61,261182
16897,0.00114,74.125.68.0-255,1484,103964,61,261182
16898,0.001147,172.31.40.0-255,66,104030,61,261182
16899,0.001156,74.125.68.0-255,1484,105514,61,261182
16900,0.001159,74.125.68.0-255,1484,106998,61,261182
16901,0.001176,74.125.68.0-255,4320,111318,61,261182
16902,0.001179,74.125.68.0-255,1484,112802,61,261182
16903,0.001196,74.125.68.0-255,5738,118540,61,261182
16904,0.001201,172.31.40.0-255,66,118606,61,261182
16905,0.00122,74.125.68.0-255,2902,121508,61,261182
16906,0.001223,172.31.40.0-255,66,121574,61,261182
16907,0.001245,74.125.68.0-255,4320,125894,61,261182
16908,0.001253,172.31.40.0-255,66,125960,61,261182
16909,0.001271,74.125.68.0-255,1484,127444,61,261182
16910,0.001293,74.125.68.0-255,4320,131764,61,261182
16911,0.001303,172.31.40.0-255,66,131830,61,261182
16912,0.001315,74.125.68.0-255,1484,133314,61,261182
16913,0.001336,74.125.68.0-255,2184,135498,61,261182
16914,0.001341,172.31.40.0-255,66,135564,61,261182
16915,0.002358,74.125.68.0-255,1484,137048,61,261182
16916,0.00237,74.125.68.0-255,2902,139950,61,261182
16917,0.002374,172.31.40.0-255,66,140016,61,261182
16918,0.002379,74.125.68.0-255,1484,141500,61,261182
16919,0.002393,74.125.68.0-255,1484,142984,61,261182
16920,0.002398,74.125.68.0-255,4320,147304,61,261182
16921,0.002422,74.125.68.0-255,2902,150206,61,261182
16922,0.002438,74.125.68.0-255,5738,155944,61,261182
16923,0.002444,74.125.68.0-255,5738,161682,61,261182
16924,0.002489,74.125.68.0-255,1484,163166,61,261182
16925,0.002515,74.125.68.0-255,6438,169604,61,261182
16926,0.008354,172.31.40.0-255,66,169670,61,261182
16927,0.010872,74.125.68.0-255,5738,175408,61,261182
16928,0.010887,172.31.40.0-255,66,175474,61,261182
16929,0.013396,74.125.68.0-255,5738,181212,61,261182
16930,0.013876,172.31.40.0-255,66,181278,61,261182
16931,0.016381,74.125.68.0-255,5738,187016,61,261182
16932,0.016392,172.31.40.0-255,66,187082,61,261182
16933,0.018911,74.125.68.0-255,4320,191402,61,261182
16934,0.018917,172.31.40.0-255,66,191468,61,261182
16935,0.018939,74.125.68.0-255,1484,192952,61,261182
16936,0.02142,74.125.68.0-255,4320,197272,61,261182
16937,0.02143,172.31.40.0-255,66,197338,61,261182
16938,0.023933,74.125.68.0-255,5738,203076,61,261182
16939,0.023983,172.31.40.0-255,66,203142,61,261182
16940,0.026502,74.125.68.0-255,5738,208880,61,261182
16941,0.026514,172.31.40.0-255,66,208946,61,261182
16942,0.029016,74.125.68.0-255,5738,214684,61,261182
16943,0.029024,172.31.40.0-255,66,214750,61,261182
16944,0.031505,74.125.68.0-255,5738,220488,61,261182
16945,0.031513,172.31.40.0-255,66,220554,61,261182
16946,0.034018,74.125.68.0-255,5738,226292,61,261182
16947,0.034025,172.31.40.0-255,66,226358,61,261182
16948,0.036515,74.125.68.0-255,5738,232096,61,261182
16949,0.036522,172.31.40.0-255,66,232162,61,261182
16950,0.039022,74.125.68.0-255,5738,237900,61,261182
16951,0.03903,172.31.40.0-255,66,237966,61,261182
16952,0.041532,74.125.68.0-255,5738,243704,61,261182
16953,0.041543,172.31.40.0-255,66,243770,61,261182
16954,0.044073,74.125.68.0-255,5738,249508,61,261182
16955,0.044086,172.31.40.0-255,66,249574,61,261182
16956,0.046593,74.125.68.0-255,5738,255312,61,261182
16957,0.046604,172.31.40.0-255,66,255378,61,261182
16958,0.049126,74.125.68.0-255,5738,261116,61,261182
16959,0.049145,172.31.40.0-255,66,261182,61,261182
16960,0.0,74.125.68.0-255,153,153,61,318793
16961,2.1e-05,172.31.40.0-255,66,219,61,318793
16962,2.8e-05,74.125.68.0-255,1484,1703,61,318793
16963,3.4e-05,172.31.40.0-255,66,1769,61,318793
16964,3.9e-05,74.125.68.0-255,2902,4671,61,318793
16965,4.2e-05,172.31.40.0-255,66,4737,61,318793
16966,7.6e-05,74.125.68.0-255,7156,11893,61,318793
16967,7.9e-05,172.31.40.0-255,66,11959,61,318793
16968,8.4e-05,74.125.68.0-255,1984,13943,61,318793
16969,8.6e-05,172.31.40.0-255,66,14009,61,318793
16970,0.00013,74.125.68.0-255,1484,15493,61,318793
16971,0.000133,172.31.40.0-255,66,15559,61,318793
16972,0.000138,74.125.68.0-255,2902,18461,61,318793
16973,0.00014,172.31.40.0-255,66,18527,61,318793
16974,0.000145,74.125.68.0-255,2902,21429,61,318793
16975,0.000147,172.31.40.0-255,66,21495,61,318793
16976,0.000166,74.125.68.0-255,2902,24397,61,318793
16977,0.000169,172.31.40.0-255,66,24463,61,318793
16978,0.000175,74.125.68.0-255,6797,31260,61,318793
16979,0.000177,172.31.40.0-255,66,31326,61,318793
16980,0.000312,74.125.68.0-255,1484,32810,61,318793
16981,0.000316,172.31.40.0-255,66,32876,61,318793
16982,0.000321,74.125.68.0-255,2902,35778,61,318793
16983,0.000323,172.31.40.0-255,66,35844,61,318793
16984,0.000359,74.125.68.0-255,2902,38746,61,318793
16985,0.000361,172.31.40.0-255,66,38812,61,318793
16986,0.000381,74.125.68.0-255,2902,41714,61,318793
16987,0.000383,172.31.40.0-255,66,41780,61,318793
16988,0.000388,74.125.68.0-255,4320,46100,61,318793
16989,0.00039,172.31.40.0-255,66,46166,61,318793
16990,0.000405,74.125.68.0-255,2543,48709,61,318793
16991,0.000407,172.31.40.0-255,66,48775,61,318793
16992,0.000419,74.125.68.0-255,4320,53095,61,318793
16993,0.000422,172.31.40.0-255,66,53161,61,318793
16994,0.000444,74.125.68.0-255,5738,58899,61,318793
16995,0.000446,172.31.40.0-255,66,58965,61,318793
16996,0.000471,74.125.68.0-255,1484,60449,61,318793
16997,0.000487,74.125.68.0-255,5726,66175,61,318793
16998,0.000489,172.31.40.0-255,66,66241,61,318793
16999,0.000514,74.125.68.0-255,330,66571,61,318793
17000,0.000859,74.125.68.0-255,1484,68055,61,318793
17001,0.000863,172.31.40.0-255,66,68121,61,318793
17002,0.000885,74.125.68.0-255,2902,71023,61,318793
17003,0.000887,172.31.40.0-255,66,71089,61,318793
17004,0.000898,74.125.68.0-255,1484,72573,61,318793
17005,0.000916,74.125.68.0-255,4320,76893,61,318793
17006,0.000918,172.31.40.0-255,66,76959,61,318793
17007,0.00092,74.125.68.0-255,1484,78443,61,318793
17008,0.000936,74.125.68.0-255,2902,81345,61,318793
17009,0.000938,172.31.40.0-255,66,81411,61,318793
17010,0.000961,74.125.68.0-255,5738,87149,61,318793
17011,0.000963,172.31.40.0-255,66,87215,61,318793
17012,0.000979,74.125.68.0-255,1484,88699,61,318793
17013,0.001012,172.31.40.0-255,66,88765,61,318793
17014,0.00103,74.125.68.0-255,2184,90949,61,318793
17015,0.001032,172.31.40.0-255,66,91015,61,318793
17016,0.001092,74.125.68.0-255,1484,92499,61,318793
17017,0.001102,74.125.68.0-255,1484,93983,61,318793
17018,0.001105,172.31.40.0-255,66,94049,61,318793
17019,0.001124,74.125.68.0-255,1484,95533,61,318793
17020,0.001129,74.125.68.0-255,5738,101271,61,318793
17021,0.001131,172.31.40.0-255,66,101337,61,318793
17022,0.001135,74.125.68.0-255,2902,104239,61,318793
17023,0.001137,172.31.40.0-255,66,104305,61,318793
17024,0.001139,74.125.68.0-255,1484,105789,61,318793
17025,0.001151,74.125.68.0-255,2902,108691,61,318793
17026,0.001153,172.31.40.0-255,66,108757,61,318793
17027,0.001184,172.31.40.0-255,66,108823,61,318793
17028,0.001189,74.125.68.0-255,4320,113143,61,318793
17029,0.00119,172.31.40.0-255,66,113209,61,318793
17030,0.001204,74.125.68.0-255,2902,116111,61,318793
17031,0.001206,172.31.40.0-255,66,116177,61,318793
17032,0.001228,74.125.68.0-255,766,116943,61,318793
17033,0.001593,172.31.40.0-255,66,117009,61,318793
17034,0.001646,74.125.68.0-255,1484,118493,61,318793
17035,0.001659,74.125.68.0-255,2902,121395,61,318793
17036,0.001662,172.31.40.0-255,66,121461,61,318793
17037,0.001682,74.125.68.0-255,5738,127199,61,318793
17038,0.001684,172.31.40.0-255,66,127265,61,318793
17039,0.001687,74.125.68.0-255,1484,128749,61,318793
17040,0.001711,74.125.68.0-255,1484,130233,61,318793
17041,0.001714,172.31.40.0-255,66,130299,61,318793
17042,0.001738,74.125.68.0-255,7156,137455,61,318793
17043,0.00174,172.31.40.0-255,66,137521,61,318793
17044,0.001746,74.125.68.0-255,7156,144677,61,318793
17045,0.001748,172.31.40.0-255,66,144743,61,318793
17046,0.001761,74.125.68.0-255,2902,147645,61,318793
17047,0.001763,172.31.40.0-255,66,147711,61,318793
17048,0.001795,74.125.68.0-255,3602,151313,61,318793
17049,0.001797,172.31.40.0-255,66,151379,61,318793
17050,0.002012,74.125.68.0-255,1484,152863,61,318793
17051,0.002028,74.125.68.0-255,2902,155765,61,318793
17052,0.002031,172.31.40.0-255,66,155831,61,318793
17053,0.002035,74.125.68.0-255,1484,157315,61,318793
17054,0.00205,74.125.68.0-255,2902,160217,61,318793
17055,0.002052,172.31.40.0-255,66,160283,61,318793
17056,0.00207,74.125.68.0-255,5738,166021,61,318793
17057,0.002072,172.31.40.0-255,66,166087,61,318793
17058,0.002105,74.125.68.0-255,7156,173243,61,318793
17059,0.002107,172.31.40.0-255,66,173309,61,318793
17060,0.002126,74.125.68.0-255,4320,177629,61,318793
17061,0.002128,172.31.40.0-255,66,177695,61,318793
17062,0.002157,172.31.40.0-255,66,177761,61,318793
17063,0.002162,74.125.68.0-255,4320,182081,61,318793
17064,0.002164,172.31.40.0-255,66,182147,61,318793
17065,0.002198,74.125.68.0-255,4320,186467,61,318793
17066,0.002201,172.31.40.0-255,66,186533,61,318793
17067,0.002234,172.31.40.0-255,66,186599,61,318793
17068,0.002241,74.125.68.0-255,6438,193037,61,318793
17069,0.002243,172.31.40.0-255,66,193103,61,318793
17070,0.004448,74.125.68.0-255,5738,198841,61,318793
17071,0.004456,172.31.40.0-255,66,198907,61,318793
17072,0.006653,74.125.68.0-255,1484,200391,61,318793
17073,0.006672,74.125.68.0-255,4320,204711,61,318793
17074,0.006675,172.31.40.0-255,66,204777,61,318793
17075,0.008889,74.125.68.0-255,5738,210515,61,318793
17076,0.008897,172.31.40.0-255,66,210581,61,318793
17077,0.011108,74.125.68.0-255,5738,216319,61,318793
17078,0.011117,172.31.40.0-255,66,216385,61,318793
17079,0.013354,74.125.68.0-255,5738,222123,61,318793
17080,0.01336,172.31.40.0-255,66,222189,61,318793
17081,0.015576,74.125.68.0-255,5738,227927,61,318793
17082,0.015585,172.31.40.0-255,66,227993,61,318793
17083,0.017814,74.125.68.0-255,5738,233731,61,318793
17084,0.017823,172.31.40.0-255,66,233797,61,318793
17085,0.020044,74.125.68.0-255,5738,239535,61,318793
17086,0.020052,172.31.40.0-255,66,239601,61,318793
17087,0.022262,74.125.68.0-255,5738,245339,61,318793
17088,0.02227,172.31.40.0-255,66,245405,61,318793
17089,0.024507,74.125.68.0-255,5738,251143,61,318793
17090,0.024515,172.31.40.0-255,66,251209,61,318793
17091,0.026721,74.125.68.0-255,5738,256947,61,318793
17092,0.02673,172.31.40.0-255,66,257013,61,318793
17093,0.028716,172.31.40.0-255,172,257185,61,318793
17094,0.028749,172.31.40.0-255,1120,258305,61,318793
17095,0.028807,172.31.40.0-255,1514,259819,61,318793
17096,0.028808,172.31.40.0-255,736,260555,61,318793
17097,0.028945,74.125.68.0-255,5738,266293,61,318793
17098,0.028951,172.31.40.0-255,66,266359,61,318793
17099,0.03026,104.244.42.0-255,66,266425,61,318793
17100,0.030296,104.244.42.0-255,66,266491,61,318793
17101,0.030338,104.244.42.0-255,66,266557,61,318793
17102,0.031213,74.125.68.0-255,5738,272295,61,318793
17103,0.031219,172.31.40.0-255,66,272361,61,318793
17104,0.03343,74.125.68.0-255,5738,278099,61,318793
17105,0.033437,172.31.40.0-255,66,278165,61,318793
17106,0.035654,74.125.68.0-255,5738,283903,61,318793
17107,0.035661,172.31.40.0-255,66,283969,61,318793
17108,0.03787,74.125.68.0-255,5738,289707,61,318793
17109,0.037876,172.31.40.0-255,66,289773,61,318793
17110,0.04009,74.125.68.0-255,5738,295511,61,318793
17111,0.040097,172.31.40.0-255,66,295577,61,318793
17112,0.042308,74.125.68.0-255,5738,301315,61,318793
17113,0.042315,172.31.40.0-255,66,301381,61,318793
17114,0.044532,74.125.68.0-255,5738,307119,61,318793
17115,0.044538,172.31.40.0-255,66,307185,61,318793
17116,0.046751,74.125.68.0-255,5738,312923,61,318793
17117,0.046759,172.31.40.0-255,66,312989,61,318793
17118,0.048973,74.125.68.0-255,5738,318727,61,318793
17119,0.048979,172.31.40.0-255,66,318793,61,318793
17120,0.0,172.31.40.0-255,66,66,61,66
17121,0.0,74.125.24.0-255,150,150,61,169723
17122,2.2e-05,172.31.40.0-255,66,216,61,169723
17123,2.9e-05,74.125.24.0-255,1484,1700,61,169723
17124,3.3e-05,172.31.40.0-255,66,1766,61,169723
17125,3.9e-05,74.125.24.0-255,2902,4668,61,169723
17126,4.2e-05,172.31.40.0-255,66,4734,61,169723
17127,5e-05,74.125.24.0-255,7156,11890,61,169723
17128,5.3e-05,172.31.40.0-255,66,11956,61,169723
17129,9.6e-05,172.31.40.0-255,66,12022,61,169723
17130,0.000118,74.125.24.0-255,5379,17401,61,169723
17131,0.000121,172.31.40.0-255,66,17467,61,169723
17132,0.000189,74.125.24.0-255,1484,18951,61,169723
17133,0.000193,172.31.40.0-255,66,19017,61,169723
17134,0.000197,74.125.24.0-255,2902,21919,61,169723
17135,0.0002,172.31.40.0-255,66,21985,61,169723
17136,0.000205,74.125.24.0-255,4320,26305,61,169723
17137,0.000208,172.31.40.0-255,66,26371,61,169723
17138,0.00024,74.125.24.0-255,1484,27855,61,169723
17139,0.000243,172.31.40.0-255,66,27921,61,169723
17140,0.00025,74.125.24.0-255,5738,33659,61,169723
17141,0.000253,172.31.40.0-255,66,33725,61,169723
17142,0.000268,172.31.40.0-255,66,33791,61,169723
17143,0.000273,74.125.24.0-255,4235,38026,61,169723
17144,0.000276,172.31.40.0-255,66,38092,61,169723
17145,0.000532,74.125.24.0-255,132,38224,61,169723
17146,0.000538,172.31.40.0-255,66,38290,61,169723
17147,0.000569,74.125.24.0-255,1484,39774,61,169723
17148,0.000573,172.31.40.0-255,66,39840,61,169723
17149,0.000578,74.125.24.0-255,2902,42742,61,169723
17150,0.000581,172.31.40.0-255,66,42808,61,169723
17151,0.000613,74.125.24.0-255,7156,49964,61,169723
17152,0.000632,74.125.24.0-255,4320,54284,61,169723
17153,0.000639,172.31.40.0-255,66,54350,61,169723
17154,0.000675,74.125.24.0-255,6438,60788,61,169723
17155,0.000698,172.31.40.0-255,66,60854,61,169723
17156,0.000729,74.125.24.0-255,1484,62338,61,169723
17157,0.000734,74.125.24.0-255,2902,65240,61,169723
17158,0.000741,74.125.24.0-255,5738,70978,61,169723
17159,0.000759,74.125.24.0-255,1484,72462,61,169723
17160,0.000769,172.31.40.0-255,66,72528,61,169723
17161,0.000785,172.31.40.0-255,66,72594,61,169723
17162,0.000807,74.125.24.0-255,1484,74078,61,169723
17163,0.000813,74.125.24.0-255,4320,78398,61,169723
17164,0.000828,172.31.40.0-255,66,78464,61,169723
17165,0.00085,74.125.24.0-255,1484,79948,61,169723
17166,0.000927,172.31.40.0-255,66,80014,61,169723
17167,0.000994,172.31.40.0-255,66,80080,61,169723
17168,0.001022,74.125.24.0-255,1484,81564,61,169723
17169,0.00109,74.125.24.0-255,5738,87302,61,169723
17170,0.00111,74.125.24.0-255,5379,92681,61,169723
17171,0.001118,172.31.40.0-255,66,92747,61,169723
17172,0.001622,74.125.24.0-255,1484,94231,61,169723
17173,0.001645,74.125.24.0-255,2902,97133,61,169723
17174,0.001654,74.125.24.0-255,5738,102871,61,169723
17175,0.00167,172.31.40.0-255,66,102937,61,169723
17176,0.001682,172.31.40.0-255,66,103003,61,169723
17177,0.001691,74.125.24.0-255,2902,105905,61,169723
17178,0.001703,74.125.24.0-255,1484,107389,61,169723
17179,0.001724,172.31.40.0-255,66,107455,61,169723
17180,0.001732,172.31.40.0-255,66,107521,61,169723
17181,0.002101,74.125.24.0-255,1484,109005,61,169723
17182,0.002124,74.125.24.0-255,2902,111907,61,169723
17183,0.002128,172.31.40.0-255,66,111973,61,169723
17184,0.002135,74.125.24.0-255,5738,117711,61,169723
17185,0.002138,74.125.24.0-255,1484,119195,61,169723
17186,0.002141,172.31.40.0-255,66,119261,61,169723
17187,0.002185,74.125.24.0-255,5738,124999,61,169723
17188,0.0022,74.125.24.0-255,1484,126483,61,169723
17189,0.002204,172.31.40.0-255,66,126549,61,169723
17190,0.002258,172.31.40.0-255,66,126615,61,169723
17191,0.002285,74.125.24.0-255,2902,129517,61,169723
17192,0.00229,172.31.40.0-255,66,129583,61,169723
17193,0.002322,172.31.40.0-255,66,129649,61,169723
17194,0.002415,172.31.40.0-255,66,129715,61,169723
17195,0.004649,74.125.24.0-255,5738,135453,61,169723
17196,0.004656,172.31.40.0-255,66,135519,61,169723
17197,0.006891,74.125.24.0-255,5738,141257,61,169723
17198,0.013327,74.125.24.0-255,1484,142741,61,169723
17199,0.018042,172.31.40.0-255,66,142807,61,169723
17200,0.020298,74.125.24.0-255,5738,148545,61,169723
17201,0.02031,172.31.40.0-255,66,148611,61,169723
17202,0.022562,74.125.24.0-255,5738,154349,61,169723
17203,0.024341,172.31.40.0-255,66,154415,61,169723
17204,0.026576,74.125.24.0-255,5738,160153,61,169723
17205,0.026584,172.31.40.0-255,66,160219,61,169723
17206,0.028842,74.125.24.0-255,5350,165569,61,169723
17207,0.028856,172.31.40.0-255,66,165635,61,169723
17208,0.02915,172.31.40.0-255,105,165740,61,169723
17209,0.029188,172.31.40.0-255,105,165845,61,169723
17210,0.029461,172.31.40.0-255,90,165935,61,169723
17211,0.029473,172.31.40.0-255,66,166001,61,169723
17212,0.031403,74.125.24.0-255,66,166067,61,169723
17213,0.031413,74.125.24.0-255,66,166133,61,169723
17214,0.031654,74.125.24.0-255,66,166199,61,169723
17215,0.031691,74.125.24.0-255,66,166265,61,169723
17216,0.031696,172.31.40.0-255,66,166331,61,169723
17217,0.031699,74.125.24.0-255,66,166397,61,169723
17218,0.046602,172.31.40.0-255,172,166569,61,169723
17219,0.046631,172.31.40.0-255,1116,167685,61,169723
17220,0.046685,172.31.40.0-255,1514,169199,61,169723
17221,0.046686,172.31.40.0-255,326,169525,61,169723
17222,0.048138,104.244.42.0-255,66,169591,61,169723
17223,0.048183,104.244.42.0-255,66,169657,61,169723
17224,0.048215,104.244.42.0-255,66,169723,61,169723
17225,0.0,74.125.24.0-255,146,146,61,204660
17226,2.2e-05,172.31.40.0-255,66,212,61,204660
17227,2.9e-05,74.125.24.0-255,1484,1696,61,204660
17228,3.4e-05,172.31.40.0-255,66,1762,61,204660
17229,3.8e-05,74.125.24.0-255,1484,3246,61,204660
17230,4.9e-05,172.31.40.0-255,66,3312,61,204660
17231,5.7e-05,74.125.24.0-255,4320,7632,61,204660
17232,6e-05,172.31.40.0-255,66,7698,61,204660
17233,6.7e-05,74.125.24.0-255,4320,12018,61,204660
17234,7e-05,172.31.40.0-255,66,12084,61,204660
17235,9.4e-05,74.125.24.0-255,6354,18438,61,204660
17236,9.7e-05,172.31.40.0-255,66,18504,61,204660
17237,0.000114,172.31.40.0-255,66,18570,61,204660
17238,0.000157,74.125.24.0-255,2543,21113,61,204660
17239,0.000159,172.31.40.0-255,66,21179,61,204660
17240,0.00037,74.125.24.0-255,1484,22663,61,204660
17241,0.000375,172.31.40.0-255,66,22729,61,204660
17242,0.000381,74.125.24.0-255,2902,25631,61,204660
17243,0.000384,172.31.40.0-255,66,25697,61,204660
17244,0.000414,74.125.24.0-255,5738,31435,61,204660
17245,0.000417,172.31.40.0-255,66,31501,61,204660
17246,0.000447,74.125.24.0-255,6797,38298,61,204660
17247,0.000449,172.31.40.0-255,66,38364,61,204660
17248,0.00091,74.125.24.0-255,1484,39848,61,204660
17249,0.000916,172.31.40.0-255,66,39914,61,204660
17250,0.000921,74.125.24.0-255,2902,42816,61,204660
17251,0.000923,172.31.40.0-255,66,42882,61,204660
17252,0.00093,74.125.24.0-255,5738,48620,61,204660
17253,0.000936,172.31.40.0-255,66,48686,61,204660
17254,0.00096,74.125.24.0-255,1484,50170,61,204660
17255,0.000962,172.31.40.0-255,66,50236,61,204660
17256,0.000986,74.125.24.0-255,5379,55615,61,204660
17257,0.000989,172.31.40.0-255,66,55681,61,204660
17258,0.001042,74.125.24.0-255,1484,57165,61,204660
17259,0.001048,74.125.24.0-255,2902,60067,61,204660
17260,0.001051,172.31.40.0-255,66,60133,61,204660
17261,0.001077,74.125.24.0-255,1484,61617,61,204660
17262,0.001082,74.125.24.0-255,2902,64519,61,204660
17263,0.001088,172.31.40.0-255,66,64585,61,204660
17264,0.001116,74.125.24.0-255,5738,70323,61,204660
17265,0.001119,172.31.40.0-255,66,70389,61,204660
17266,0.00113,172.31.40.0-255,66,70455,61,204660
17267,0.001173,172.31.40.0-255,66,70521,61,204660
17268,0.001267,74.125.24.0-255,646,71167,61,204660
17269,0.001542,172.31.40.0-255,66,71233,61,204660
17270,0.001959,74.125.24.0-255,1484,72717,61,204660
17271,0.00197,74.125.24.0-255,2902,75619,61,204660
17272,0.001974,172.31.40.0-255,66,75685,61,204660
17273,0.001982,74.125.24.0-255,5738,81423,61,204660
17274,0.001984,172.31.40.0-255,66,81489,61,204660
17275,0.002021,172.31.40.0-255,66,81555,61,204660
17276,0.002075,172.31.40.0-255,66,81621,61,204660
17277,0.004324,74.125.24.0-255,5738,87359,61,204660
17278,0.004331,172.31.40.0-255,66,87425,61,204660
17279,0.006586,74.125.24.0-255,4320,91745,61,204660
17280,0.006589,172.31.40.0-255,66,91811,61,204660
17281,0.006615,74.125.24.0-255,1484,93295,61,204660
17282,0.008836,74.125.24.0-255,4320,97615,61,204660
17283,0.008844,172.31.40.0-255,66,97681,61,204660
17284,0.01114,74.125.24.0-255,5738,103419,61,204660
17285,0.011149,172.31.40.0-255,66,103485,61,204660
17286,0.013407,74.125.24.0-255,5738,109223,61,204660
17287,0.013415,172.31.40.0-255,66,109289,61,204660
17288,0.015677,74.125.24.0-255,5738,115027,61,204660
17289,0.015707,172.31.40.0-255,66,115093,61,204660
17290,0.01796,74.125.24.0-255,5738,120831,61,204660
17291,0.017967,172.31.40.0-255,66,120897,61,204660
17292,0.020247,74.125.24.0-255,5738,126635,61,204660
17293,0.020255,172.31.40.0-255,66,126701,61,204660
17294,0.022559,74.125.24.0-255,5738,132439,61,204660
17295,0.022567,172.31.40.0-255,66,132505,61,204660
17296,0.024819,74.125.24.0-255,5738,138243,61,204660
17297,0.024825,172.31.40.0-255,66,138309,61,204660
17298,0.02551,172.31.40.0-255,172,138481,61,204660
17299,0.025543,172.31.40.0-255,1115,139596,61,204660
17300,0.025607,172.31.40.0-255,1514,141110,61,204660
17301,0.02561,172.31.40.0-255,1514,142624,61,204660
17302,0.025611,172.31.40.0-255,1514,144138,61,204660
17303,0.025612,172.31.40.0-255,1514,145652,61,204660
17304,0.025613,172.31.40.0-255,530,146182,61,204660
17305,0.02709,74.125.24.0-255,5738,151920,61,204660
17306,0.027097,172.31.40.0-255,66,151986,61,204660
17307,0.027125,104.244.42.0-255,66,152052,61,204660
17308,0.027131,104.244.42.0-255,66,152118,61,204660
17309,0.027219,104.244.42.0-255,66,152184,61,204660
17310,0.027223,104.244.42.0-255,66,152250,61,204660
17311,0.027892,104.244.42.0-255,108,152358,61,204660
17312,0.027901,172.31.40.0-255,66,152424,61,204660
17313,0.029375,74.125.24.0-255,5738,158162,61,204660
17314,0.029381,172.31.40.0-255,66,158228,61,204660
17315,0.031672,74.125.24.0-255,5738,163966,61,204660
17316,0.03168,172.31.40.0-255,66,164032,61,204660
17317,0.033991,74.125.24.0-255,5738,169770,61,204660
17318,0.033998,172.31.40.0-255,66,169836,61,204660
17319,0.036284,74.125.24.0-255,5738,175574,61,204660
17320,0.03629,172.31.40.0-255,66,175640,61,204660
17321,0.038551,74.125.24.0-255,5738,181378,61,204660
17322,0.038558,172.31.40.0-255,66,181444,61,204660
17323,0.040886,74.125.24.0-255,5738,187182,61,204660
17324,0.040893,172.31.40.0-255,66,187248,61,204660
17325,0.043166,74.125.24.0-255,5738,192986,61,204660
17326,0.043172,172.31.40.0-255,66,193052,61,204660
17327,0.045454,74.125.24.0-255,5738,198790,61,204660
17328,0.045464,172.31.40.0-255,66,198856,61,204660
17329,0.047759,74.125.24.0-255,5738,204594,61,204660
17330,0.047773,172.31.40.0-255,66,204660,61,204660
17331,0.0,74.125.24.0-255,150,150,61,301823
17332,1.6e-05,172.31.40.0-255,66,216,61,301823
17333,2.3e-05,74.125.24.0-255,1484,1700,61,301823
17334,2.7e-05,172.31.40.0-255,66,1766,61,301823
17335,3.3e-05,74.125.24.0-255,2902,4668,61,301823
17336,3.7e-05,172.31.40.0-255,66,4734,61,301823
17337,4.5e-05,74.125.24.0-255,7156,11890,61,301823
17338,4.9e-05,172.31.40.0-255,66,11956,61,301823
17339,5.3e-05,74.125.24.0-255,2126,14082,61,301823
17340,5.6e-05,172.31.40.0-255,66,14148,61,301823
17341,6.4e-05,74.125.24.0-255,7156,21304,61,301823
17342,6.8e-05,172.31.40.0-255,66,21370,61,301823
17343,9.1e-05,74.125.24.0-255,4320,25690,61,301823
17344,9.4e-05,172.31.40.0-255,66,25756,61,301823
17345,0.000101,74.125.24.0-255,5379,31135,61,301823
17346,0.000103,172.31.40.0-255,66,31201,61,301823
17347,0.00027,74.125.24.0-255,1484,32685,61,301823
17348,0.000275,172.31.40.0-255,66,32751,61,301823
17349,0.000281,74.125.24.0-255,2902,35653,61,301823
17350,0.000283,172.31.40.0-255,66,35719,61,301823
17351,0.00029,74.125.24.0-255,5738,41457,61,301823
17352,0.000293,172.31.40.0-255,66,41523,61,301823
17353,0.00035,172.31.40.0-255,66,41589,61,301823
17354,0.000355,74.125.24.0-255,2902,44491,61,301823
17355,0.000356,172.31.40.0-255,66,44557,61,301823
17356,0.000378,74.125.24.0-255,6797,51354,61,301823
17357,0.00038,172.31.40.0-255,66,51420,61,301823
17358,0.000383,74.125.24.0-255,645,52065,61,301823
17359,0.000385,172.31.40.0-255,66,52131,61,301823
17360,0.000575,74.125.24.0-255,1484,53615,61,301823
17361,0.000581,172.31.40.0-255,66,53681,61,301823
17362,0.000587,74.125.24.0-255,2902,56583,61,301823
17363,0.000589,172.31.40.0-255,66,56649,61,301823
17364,0.000592,74.125.24.0-255,1484,58133,61,301823
17365,0.000608,74.125.24.0-255,4320,62453,61,301823
17366,0.000611,172.31.40.0-255,66,62519,61,301823
17367,0.000653,74.125.24.0-255,6797,69316,61,301823
17368,0.000656,172.31.40.0-255,66,69382,61,301823
17369,0.00066,74.125.24.0-255,1484,70866,61,301823
17370,0.000681,74.125.24.0-255,5738,76604,61,301823
17371,0.000684,172.31.40.0-255,66,76670,61,301823
17372,0.000713,74.125.24.0-255,4320,80990,61,301823
17373,0.000716,172.31.40.0-255,66,81056,61,301823
17374,0.000732,74.125.24.0-255,5379,86435,61,301823
17375,0.000736,172.31.40.0-255,66,86501,61,301823
17376,0.001133,74.125.24.0-255,1484,87985,61,301823
17377,0.001145,74.125.24.0-255,1484,89469,61,301823
17378,0.001148,172.31.40.0-255,66,89535,61,301823
17379,0.001166,74.125.24.0-255,1484,91019,61,301823
17380,0.001174,74.125.24.0-255,5738,96757,61,301823
17381,0.001176,172.31.40.0-255,66,96823,61,301823
17382,0.001183,74.125.24.0-255,4320,101143,61,301823
17383,0.001184,172.31.40.0-255,66,101209,61,301823
17384,0.001221,172.31.40.0-255,66,101275,61,301823
17385,0.001235,172.31.40.0-255,66,101341,61,301823
17386,0.00136,74.125.24.0-255,1484,102825,61,301823
17387,0.001387,74.125.24.0-255,2902,105727,61,301823
17388,0.001391,172.31.40.0-255,66,105793,61,301823
17389,0.001415,74.125.24.0-255,4320,110113,61,301823
17390,0.001418,172.31.40.0-255,66,110179,61,301823
17391,0.001424,74.125.24.0-255,4320,114499,61,301823
17392,0.001426,172.31.40.0-255,66,114565,61,301823
17393,0.001442,74.125.24.0-255,4320,118885,61,301823
17394,0.001444,172.31.40.0-255,66,118951,61,301823
17395,0.001473,74.125.24.0-255,1484,120435,61,301823
17396,0.001502,172.31.40.0-255,66,120501,61,301823
17397,0.00152,74.125.24.0-255,6438,126939,61,301823
17398,0.001522,172.31.40.0-255,66,127005,61,301823
17399,0.001534,74.125.24.0-255,1484,128489,61,301823
17400,0.001548,74.125.24.0-255,2902,131391,61,301823
17401,0.00155,172.31.40.0-255,66,131457,61,301823
17402,0.001554,74.125.24.0-255,1484,132941,61,301823
17403,0.001573,74.125.24.0-255,4320,137261,61,301823
17404,0.001576,172.31.40.0-255,66,137327,61,301823
17405,0.001604,172.31.40.0-255,66,137393,61,301823
17406,0.001636,74.125.24.0-255,2902,140295,61,301823
17407,0.001639,172.31.40.0-255,66,140361,61,301823
17408,0.00167,172.31.40.0-255,66,140427,61,301823
17409,0.001729,74.125.24.0-255,1484,141911,61,301823
17410,0.001753,74.125.24.0-255,2902,144813,61,301823
17411,0.001757,172.31.40.0-255,66,144879,61,301823
17412,0.001764,74.125.24.0-255,5738,150617,61,301823
17413,0.001766,172.31.40.0-255,66,150683,61,301823
17414,0.001771,74.125.24.0-255,2902,153585,61,301823
17415,0.001773,172.31.40.0-255,66,153651,61,301823
17416,0.001797,74.125.24.0-255,4320,157971,61,301823
17417,0.0018,172.31.40.0-255,66,158037,61,301823
17418,0.001815,172.31.40.0-255,66,158103,61,301823
17419,0.00182,74.125.24.0-255,2184,160287,61,301823
17420,0.001821,172.31.40.0-255,66,160353,61,301823
17421,0.001967,74.125.24.0-255,1484,161837,61,301823
17422,0.001972,74.125.24.0-255,2902,164739,61,301823
17423,0.001975,172.31.40.0-255,66,164805,61,301823
17424,0.001994,74.125.24.0-255,5738,170543,61,301823
17425,0.001996,172.31.40.0-255,66,170609,61,301823
17426,0.002018,74.125.24.0-255,5738,176347,61,301823
17427,0.002025,172.31.40.0-255,66,176413,61,301823
17428,0.002048,74.125.24.0-255,5738,182151,61,301823
17429,0.00205,172.31.40.0-255,66,182217,61,301823
17430,0.002064,172.31.40.0-255,66,182283,61,301823
17431,0.002141,74.125.24.0-255,1484,183767,61,301823
17432,0.002146,74.125.24.0-255,2902,186669,61,301823
17433,0.00215,172.31.40.0-255,66,186735,61,301823
17434,0.002169,74.125.24.0-255,1484,188219,61,301823
17435,0.002183,74.125.24.0-255,4320,192539,61,301823
17436,0.002186,172.31.40.0-255,66,192605,61,301823
17437,0.002212,172.31.40.0-255,66,192671,61,301823
17438,0.002242,74.125.24.0-255,2902,195573,61,301823
17439,0.002245,172.31.40.0-255,66,195639,61,301823
17440,0.002256,172.31.40.0-255,66,195705,61,301823
17441,0.002259,74.125.24.0-255,766,196471,61,301823
17442,0.002279,74.125.24.0-255,1484,197955,61,301823
17443,0.002281,172.31.40.0-255,66,198021,61,301823
17444,0.002287,74.125.24.0-255,4320,202341,61,301823
17445,0.002289,172.31.40.0-255,66,202407,61,301823
17446,0.002313,74.125.24.0-255,5738,208145,61,301823
17447,0.002315,172.31.40.0-255,66,208211,61,301823
17448,0.002336,74.125.24.0-255,4320,212531,61,301823
17449,0.002339,172.31.40.0-255,66,212597,61,301823
17450,0.002343,74.125.24.0-255,2902,215499,61,301823
17451,0.002345,172.31.40.0-255,66,215565,61,301823
17452,0.002363,74.125.24.0-255,2902,218467,61,301823
17453,0.002366,172.31.40.0-255,66,218533,61,301823
17454,0.002386,74.125.24.0-255,5738,224271,61,301823
17455,0.002388,172.31.40.0-255,66,224337,61,301823
17456,0.002414,74.125.24.0-255,6438,230775,61,301823
17457,0.002417,172.31.40.0-255,66,230841,61,301823
17458,0.002424,74.125.24.0-255,7156,237997,61,301823
17459,0.002427,172.31.40.0-255,66,238063,61,301823
17460,0.002461,74.125.24.0-255,1484,239547,61,301823
17461,0.002475,172.31.40.0-255,66,239613,61,301823
17462,0.002489,172.31.40.0-255,66,239679,61,301823
17463,0.002509,74.125.24.0-255,2184,241863,61,301823
17464,0.002511,172.31.40.0-255,66,241929,61,301823
17465,0.002572,74.125.24.0-255,1484,243413,61,301823
17466,0.005032,74.125.24.0-255,4320,247733,61,301823
17467,0.00504,172.31.40.0-255,66,247799,61,301823
17468,0.007587,74.125.24.0-255,5738,253537,61,301823
17469,0.007608,172.31.40.0-255,66,253603,61,301823
17470,0.010185,74.125.24.0-255,5738,259341,61,301823
17471,0.0102,172.31.40.0-255,66,259407,61,301823
17472,0.012763,74.125.24.0-255,5738,265145,61,301823
17473,0.012771,172.31.40.0-255,66,265211,61,301823
17474,0.015331,74.125.24.0-255,5738,270949,61,301823
17475,0.015338,172.31.40.0-255,66,271015,61,301823
17476,0.017893,74.125.24.0-255,5738,276753,61,301823
17477,0.017902,172.31.40.0-255,66,276819,61,301823
17478,0.020478,74.125.24.0-255,5738,282557,61,301823
17479,0.020496,172.31.40.0-255,66,282623,61,301823
17480,0.023074,74.125.24.0-255,5738,288361,61,301823
17481,0.023086,172.31.40.0-255,66,288427,61,301823
17482,0.025632,74.125.24.0-255,5006,293433,61,301823
17483,0.025642,172.31.40.0-255,66,293499,61,301823
17484,0.026754,172.31.40.0-255,105,293604,61,301823
17485,0.029263,74.125.24.0-255,66,293670,61,301823
17486,0.0397,172.31.40.0-255,190,293860,61,301823
17487,0.039733,172.31.40.0-255,1115,294975,61,301823
17488,0.039797,172.31.40.0-255,1514,296489,61,301823
17489,0.039798,172.31.40.0-255,1514,298003,61,301823
17490,0.0398,172.31.40.0-255,1514,299517,61,301823
17491,0.039801,172.31.40.0-255,1514,301031,61,301823
17492,0.039802,172.31.40.0-255,528,301559,61,301823
17493,0.041274,104.244.42.0-255,66,301625,61,301823
17494,0.041305,104.244.42.0-255,66,301691,61,301823
17495,0.041373,104.244.42.0-255,66,301757,61,301823
17496,0.041386,104.244.42.0-255,66,301823,61,301823
17497,0.0,74.125.24.0-255,150,150,61,208825
17498,1.5e-05,172.31.40.0-255,66,216,61,208825
17499,2.1e-05,74.125.24.0-255,1484,1700,61,208825
17500,2.6e-05,172.31.40.0-255,66,1766,61,208825
17501,3.1e-05,74.125.24.0-255,2902,4668,61,208825
17502,4.1e-05,172.31.40.0-255,66,4734,61,208825
17503,4.7e-05,74.125.24.0-255,4320,9054,61,208825
17504,5e-05,172.31.40.0-255,66,9120,61,208825
17505,7.2e-05,74.125.24.0-255,1484,10604,61,208825
17506,7.5e-05,172.31.40.0-255,66,10670,61,208825
17507,8e-05,74.125.24.0-255,2902,13572,61,208825
17508,8.1e-05,172.31.40.0-255,66,13638,61,208825
17509,9.9e-05,74.125.24.0-255,2038,15676,61,208825
17510,0.000101,172.31.40.0-255,66,15742,61,208825
17511,0.000109,74.125.24.0-255,2902,18644,61,208825
17512,0.000111,172.31.40.0-255,66,18710,61,208825
17513,0.000136,74.125.24.0-255,2902,21612,61,208825
17514,0.000138,172.31.40.0-255,66,21678,61,208825
17515,0.000159,74.125.24.0-255,4320,25998,61,208825
17516,0.000161,172.31.40.0-255,66,26064,61,208825
17517,0.00018,74.125.24.0-255,5379,31443,61,208825
17518,0.000183,172.31.40.0-255,66,31509,61,208825
17519,0.000404,74.125.24.0-255,1484,32993,61,208825
17520,0.000409,172.31.40.0-255,66,33059,61,208825
17521,0.000438,74.125.24.0-255,2902,35961,61,208825
17522,0.000442,172.31.40.0-255,66,36027,61,208825
17523,0.000448,74.125.24.0-255,5738,41765,61,208825
17524,0.00045,172.31.40.0-255,66,41831,61,208825
17525,0.000475,74.125.24.0-255,5738,47569,61,208825
17526,0.000478,172.31.40.0-255,66,47635,61,208825
17527,0.000505,74.125.24.0-255,6797,54432,61,208825
17528,0.000508,172.31.40.0-255,66,54498,61,208825
17529,0.000545,172.31.40.0-255,66,54564,61,208825
17530,0.001718,74.125.24.0-255,648,55212,61,208825
17531,0.001744,74.125.24.0-255,1484,56696,61,208825
17532,0.001748,172.31.40.0-255,66,56762,61,208825
17533,0.001755,74.125.24.0-255,2902,59664,61,208825
17534,0.001757,172.31.40.0-255,66,59730,61,208825
17535,0.00178,74.125.24.0-255,1484,61214,61,208825
17536,0.001792,172.31.40.0-255,66,61280,61,208825
17537,0.00182,74.125.24.0-255,1484,62764,61,208825
17538,0.001861,172.31.40.0-255,66,62830,61,208825
17539,0.00188,74.125.24.0-255,1484,64314,61,208825
17540,0.001885,74.125.24.0-255,2184,66498,61,208825
17541,0.001887,172.31.40.0-255,66,66564,61,208825
17542,0.003875,74.125.24.0-255,2902,69466,61,208825
17543,0.00388,172.31.40.0-255,66,69532,61,208825
17544,0.003908,74.125.24.0-255,2902,72434,61,208825
17545,0.00391,172.31.40.0-255,66,72500,61,208825
17546,0.005897,74.125.24.0-255,2902,75402,61,208825
17547,0.005902,172.31.40.0-255,66,75468,61,208825
17548,0.005933,74.125.24.0-255,2902,78370,61,208825
17549,0.005935,172.31.40.0-255,66,78436,61,208825
17550,0.00789,74.125.24.0-255,2902,81338,61,208825
17551,0.007898,172.31.40.0-255,66,81404,61,208825
17552,0.007923,74.125.24.0-255,1484,82888,61,208825
17553,0.007941,74.125.24.0-255,1484,84372,61,208825
17554,0.007944,172.31.40.0-255,66,84438,61,208825
17555,0.009934,74.125.24.0-255,2902,87340,61,208825
17556,0.009943,172.31.40.0-255,66,87406,61,208825
17557,0.009979,74.125.24.0-255,2902,90308,61,208825
17558,0.009981,172.31.40.0-255,66,90374,61,208825
17559,0.011951,74.125.24.0-255,2902,93276,61,208825
17560,0.011957,172.31.40.0-255,66,93342,61,208825
17561,0.011991,74.125.24.0-255,2902,96244,61,208825
17562,0.011994,172.31.40.0-255,66,96310,61,208825
17563,0.013952,74.125.24.0-255,2902,99212,61,208825
17564,0.013961,172.31.40.0-255,66,99278,61,208825
17565,0.013995,74.125.24.0-255,2902,102180,61,208825
17566,0.013999,172.31.40.0-255,66,102246,61,208825
17567,0.015969,74.125.24.0-255,2902,105148,61,208825
17568,0.015978,172.31.40.0-255,66,105214,61,208825
17569,0.01601,74.125.24.0-255,2902,108116,61,208825
17570,0.016013,172.31.40.0-255,66,108182,61,208825
17571,0.018005,74.125.24.0-255,5738,113920,61,208825
17572,0.018014,172.31.40.0-255,66,113986,61,208825
17573,0.020016,74.125.24.0-255,5738,119724,61,208825
17574,0.020023,172.31.40.0-255,66,119790,61,208825
17575,0.022035,74.125.24.0-255,5738,125528,61,208825
17576,0.022042,172.31.40.0-255,66,125594,61,208825
17577,0.022051,172.31.40.0-255,172,125766,61,208825
17578,0.022091,172.31.40.0-255,1116,126882,61,208825
17579,0.022216,172.31.40.0-255,1514,128396,61,208825
17580,0.022218,172.31.40.0-255,1514,129910,61,208825
17581,0.022219,172.31.40.0-255,1514,131424,61,208825
17582,0.02222,172.31.40.0-255,1514,132938,61,208825
17583,0.022221,172.31.40.0-255,1514,134452,61,208825
17584,0.02225,172.31.40.0-255,207,134659,61,208825
17585,0.024049,74.125.24.0-255,5738,140397,61,208825
17586,0.024056,172.31.40.0-255,66,140463,61,208825
17587,0.024243,104.244.42.0-255,66,140529,61,208825
17588,0.026101,74.125.24.0-255,4320,144849,61,208825
17589,0.026108,172.31.40.0-255,66,144915,61,208825
17590,0.026142,74.125.24.0-255,1484,146399,61,208825
17591,0.028142,74.125.24.0-255,4320,150719,61,208825
17592,0.02815,172.31.40.0-255,66,150785,61,208825
17593,0.030164,74.125.24.0-255,5738,156523,61,208825
17594,0.030172,172.31.40.0-255,66,156589,61,208825
17595,0.032192,74.125.24.0-255,5738,162327,61,208825
17596,0.032199,172.31.40.0-255,66,162393,61,208825
17597,0.034213,74.125.24.0-255,5738,168131,61,208825
17598,0.03422,172.31.40.0-255,66,168197,61,208825
17599,0.036238,74.125.24.0-255,5738,173935,61,208825
17600,0.036244,172.31.40.0-255,66,174001,61,208825
17601,0.038256,74.125.24.0-255,5738,179739,61,208825
17602,0.038262,172.31.40.0-255,66,179805,61,208825
17603,0.040264,74.125.24.0-255,5738,185543,61,208825
17604,0.04027,172.31.40.0-255,66,185609,61,208825
17605,0.042308,74.125.24.0-255,5738,191347,61,208825
17606,0.042316,172.31.40.0-255,66,191413,61,208825
17607,0.044397,74.125.24.0-255,5738,197151,61,208825
17608,0.044403,172.31.40.0-255,66,197217,61,208825
17609,0.046438,74.125.24.0-255,5738,202955,61,208825
17610,0.046445,172.31.40.0-255,66,203021,61,208825
17611,0.048512,74.125.24.0-255,5738,208759,61,208825
17612,0.048519,172.31.40.0-255,66,208825,61,208825
17613,0.0,74.125.130.0-255,153,153,61,287069
17614,1.3e-05,172.31.40.0-255,66,219,61,287069
17615,3.6e-05,74.125.130.0-255,1484,1703,61,287069
17616,3.9e-05,172.31.40.0-255,66,1769,61,287069
17617,4.4e-05,74.125.130.0-255,2902,4671,61,287069
17618,4.7e-05,172.31.40.0-255,66,4737,61,287069
17619,5.4e-05,74.125.130.0-255,5738,10475,61,287069
17620,5.6e-05,172.31.40.0-255,66,10541,61,287069
17621,6e-05,74.125.130.0-255,2902,13443,61,287069
17622,6.2e-05,172.31.40.0-255,66,13509,61,287069
17623,9.4e-05,74.125.130.0-255,646,14155,61,287069
17624,9.6e-05,172.31.40.0-255,66,14221,61,287069
17625,0.000133,74.125.130.0-255,1484,15705,61,287069
17626,0.000135,172.31.40.0-255,66,15771,61,287069
17627,0.000164,74.125.130.0-255,4320,20091,61,287069
17628,0.000166,172.31.40.0-255,66,20157,61,287069
17629,0.000169,74.125.130.0-255,1484,21641,61,287069
17630,0.000171,172.31.40.0-255,66,21707,61,287069
17631,0.000194,74.125.130.0-255,4320,26027,61,287069
17632,0.000196,172.31.40.0-255,66,26093,61,287069
17633,0.000211,74.125.130.0-255,1484,27577,61,287069
17634,0.000213,172.31.40.0-255,66,27643,61,287069
17635,0.000232,74.125.130.0-255,3961,31604,61,287069
17636,0.000234,172.31.40.0-255,66,31670,61,287069
17637,0.000367,74.125.130.0-255,1484,33154,61,287069
17638,0.000371,172.31.40.0-255,66,33220,61,287069
17639,0.000375,74.125.130.0-255,1484,34704,61,287069
17640,0.000376,172.31.40.0-255,66,34770,61,287069
17641,0.00039,74.125.130.0-255,1484,36254,61,287069
17642,0.000392,172.31.40.0-255,66,36320,61,287069
17643,0.000395,74.125.130.0-255,1484,37804,61,287069
17644,0.000397,172.31.40.0-255,66,37870,61,287069
17645,0.000424,74.125.130.0-255,4320,42190,61,287069
17646,0.000428,74.125.130.0-255,4320,46510,61,287069
17647,0.000432,172.31.40.0-255,66,46576,61,287069
17648,0.000435,172.31.40.0-255,66,46642,61,287069
17649,0.000454,74.125.130.0-255,5379,52021,61,287069
17650,0.000457,172.31.40.0-255,66,52087,61,287069
17651,0.00046,74.125.130.0-255,1484,53571,61,287069
17652,0.000488,74.125.130.0-255,2902,56473,61,287069
17653,0.00049,172.31.40.0-255,66,56539,61,287069
17654,0.000512,74.125.130.0-255,4320,60859,61,287069
17655,0.000515,172.31.40.0-255,66,60925,61,287069
17656,0.000536,74.125.130.0-255,1484,62409,61,287069
17657,0.000539,74.125.130.0-255,1484,63893,61,287069
17658,0.000541,172.31.40.0-255,66,63959,61,287069
17659,0.00056,74.125.130.0-255,2543,66502,61,287069
17660,0.000562,172.31.40.0-255,66,66568,61,287069
17661,0.001079,74.125.130.0-255,646,67214,61,287069
17662,0.001106,74.125.130.0-255,1484,68698,61,287069
17663,0.00111,172.31.40.0-255,66,68764,61,287069
17664,0.001133,74.125.130.0-255,1484,70248,61,287069
17665,0.001137,74.125.130.0-255,2902,73150,61,287069
17666,0.001139,172.31.40.0-255,66,73216,61,287069
17667,0.001142,74.125.130.0-255,1484,74700,61,287069
17668,0.001156,74.125.130.0-255,4320,79020,61,287069
17669,0.001158,172.31.40.0-255,66,79086,61,287069
17670,0.001189,74.125.130.0-255,1484,80570,61,287069
17671,0.001215,172.31.40.0-255,66,80636,61,287069
17672,0.001231,74.125.130.0-255,2902,83538,61,287069
17673,0.001233,172.31.40.0-255,66,83604,61,287069
17674,0.001253,172.31.40.0-255,66,83670,61,287069
17675,0.001528,74.125.130.0-255,1484,85154,61,287069
17676,0.001543,74.125.130.0-255,2902,88056,61,287069
17677,0.001547,172.31.40.0-255,66,88122,61,287069
17678,0.001565,74.125.130.0-255,4320,92442,61,287069
17679,0.001567,172.31.40.0-255,66,92508,61,287069
17680,0.001587,74.125.130.0-255,1484,93992,61,287069
17681,0.001591,74.125.130.0-255,2902,96894,61,287069
17682,0.001593,172.31.40.0-255,66,96960,61,287069
17683,0.001608,74.125.130.0-255,1484,98444,61,287069
17684,0.001622,74.125.130.0-255,5738,104182,61,287069
17685,0.001624,172.31.40.0-255,66,104248,61,287069
17686,0.001648,74.125.130.0-255,5738,109986,61,287069
17687,0.001651,172.31.40.0-255,66,110052,61,287069
17688,0.00169,74.125.130.0-255,7156,117208,61,287069
17689,0.001693,172.31.40.0-255,66,117274,61,287069
17690,0.001696,74.125.130.0-255,766,118040,61,287069
17691,0.001953,74.125.130.0-255,1484,119524,61,287069
17692,0.001959,172.31.40.0-255,66,119590,61,287069
17693,0.001964,74.125.130.0-255,2902,122492,61,287069
17694,0.001967,172.31.40.0-255,66,122558,61,287069
17695,0.001982,74.125.130.0-255,5738,128296,61,287069
17696,0.001985,172.31.40.0-255,66,128362,61,287069
17697,0.001988,74.125.130.0-255,2902,131264,61,287069
17698,0.00199,172.31.40.0-255,66,131330,61,287069
17699,0.001993,74.125.130.0-255,1484,132814,61,287069
17700,0.002017,74.125.130.0-255,2902,135716,61,287069
17701,0.002019,172.31.40.0-255,66,135782,61,287069
17702,0.002023,74.125.130.0-255,2902,138684,61,287069
17703,0.002024,172.31.40.0-255,66,138750,61,287069
17704,0.002049,74.125.130.0-255,5738,144488,61,287069
17705,0.002051,172.31.40.0-255,66,144554,61,287069
17706,0.004089,74.125.130.0-255,5738,150292,61,287069
17707,0.004093,172.31.40.0-255,66,150358,61,287069
17708,0.006095,74.125.130.0-255,5738,156096,61,287069
17709,0.006101,172.31.40.0-255,66,156162,61,287069
17710,0.008109,74.125.130.0-255,5738,161900,61,287069
17711,0.008115,172.31.40.0-255,66,161966,61,287069
17712,0.010115,74.125.130.0-255,5738,167704,61,287069
17713,0.010122,172.31.40.0-255,66,167770,61,287069
17714,0.012123,74.125.130.0-255,5738,173508,61,287069
17715,0.012129,172.31.40.0-255,66,173574,61,287069
17716,0.014139,74.125.130.0-255,5738,179312,61,287069
17717,0.014147,172.31.40.0-255,66,179378,61,287069
17718,0.016194,74.125.130.0-255,5738,185116,61,287069
17719,0.016204,172.31.40.0-255,66,185182,61,287069
17720,0.018211,74.125.130.0-255,5738,190920,61,287069
17721,0.018219,172.31.40.0-255,66,190986,61,287069
17722,0.02023,74.125.130.0-255,5738,196724,61,287069
17723,0.020238,172.31.40.0-255,66,196790,61,287069
17724,0.022254,74.125.130.0-255,5738,202528,61,287069
17725,0.022264,172.31.40.0-255,66,202594,61,287069
17726,0.02427,74.125.130.0-255,5738,208332,61,287069
17727,0.024279,172.31.40.0-255,66,208398,61,287069
17728,0.026289,74.125.130.0-255,5738,214136,61,287069
17729,0.026296,172.31.40.0-255,66,214202,61,287069
17730,0.028307,74.125.130.0-255,5738,219940,61,287069
17731,0.028314,172.31.40.0-255,66,220006,61,287069
17732,0.030328,74.125.130.0-255,5738,225744,61,287069
17733,0.030335,172.31.40.0-255,66,225810,61,287069
17734,0.031778,172.31.40.0-255,172,225982,61,287069
17735,0.031807,172.31.40.0-255,1120,227102,61,287069
17736,0.031875,172.31.40.0-255,1514,228616,61,287069
17737,0.031877,172.31.40.0-255,1514,230130,61,287069
17738,0.031878,172.31.40.0-255,1514,231644,61,287069
17739,0.031884,172.31.40.0-255,1514,233158,61,287069
17740,0.031914,172.31.40.0-255,1477,234635,61,287069
17741,0.03234,74.125.130.0-255,5738,240373,61,287069
17742,0.032346,172.31.40.0-255,66,240439,61,287069
17743,0.033312,104.244.42.0-255,66,240505,61,287069
17744,0.033352,104.244.42.0-255,66,240571,61,287069
17745,0.033461,104.244.42.0-255,66,240637,61,287069
17746,0.034356,74.125.130.0-255,5738,246375,61,287069
17747,0.034366,172.31.40.0-255,66,246441,61,287069
17748,0.036385,74.125.130.0-255,5738,252179,61,287069
17749,0.036397,172.31.40.0-255,66,252245,61,287069
17750,0.038415,74.125.130.0-255,5738,257983,61,287069
17751,0.038424,172.31.40.0-255,66,258049,61,287069
17752,0.040449,74.125.130.0-255,5738,263787,61,287069
17753,0.040463,172.31.40.0-255,66,263853,61,287069
17754,0.042485,74.125.130.0-255,5738,269591,61,287069
17755,0.042503,172.31.40.0-255,66,269657,61,287069
17756,0.044511,74.125.130.0-255,5738,275395,61,287069
17757,0.044519,172.31.40.0-255,66,275461,61,287069
17758,0.046527,74.125.130.0-255,5738,281199,61,287069
17759,0.046539,172.31.40.0-255,66,281265,61,287069
17760,0.048556,74.125.130.0-255,5738,287003,61,287069
17761,0.048571,172.31.40.0-255,66,287069,61,287069
17762,0.0,172.217.26.0-255,143,143,61,289053
17763,2.4e-05,172.31.40.0-255,66,209,61,289053
17764,3e-05,172.217.26.0-255,1484,1693,61,289053
17765,3.5e-05,172.31.40.0-255,66,1759,61,289053
17766,4e-05,172.217.26.0-255,2902,4661,61,289053
17767,4.3e-05,172.31.40.0-255,66,4727,61,289053
17768,5.8e-05,172.217.26.0-255,7156,11883,61,289053
17769,6.1e-05,172.31.40.0-255,66,11949,61,289053
17770,6.5e-05,172.217.26.0-255,2028,13977,61,289053
17771,6.7e-05,172.31.40.0-255,66,14043,61,289053
17772,0.000159,172.217.26.0-255,1484,15527,61,289053
17773,0.000163,172.31.40.0-255,66,15593,61,289053
17774,0.000193,172.217.26.0-255,2902,18495,61,289053
17775,0.000196,172.31.40.0-255,66,18561,61,289053
17776,0.000203,172.217.26.0-255,5738,24299,61,289053
17777,0.000206,172.31.40.0-255,66,24365,61,289053
17778,0.000209,172.217.26.0-255,1484,25849,61,289053
17779,0.00021,172.31.40.0-255,66,25915,61,289053
17780,0.000214,172.217.26.0-255,2902,28817,61,289053
17781,0.000216,172.31.40.0-255,66,28883,61,289053
17782,0.000261,172.217.26.0-255,2543,31426,61,289053
17783,0.000264,172.31.40.0-255,66,31492,61,289053
17784,0.000366,172.217.26.0-255,1484,32976,61,289053
17785,0.00037,172.31.40.0-255,66,33042,61,289053
17786,0.000374,172.217.26.0-255,1484,34526,61,289053
17787,0.000376,172.31.40.0-255,66,34592,61,289053
17788,0.000396,172.217.26.0-255,1484,36076,61,289053
17789,0.000403,172.31.40.0-255,66,36142,61,289053
17790,0.000407,172.217.26.0-255,2902,39044,61,289053
17791,0.00041,172.31.40.0-255,66,39110,61,289053
17792,0.000444,172.217.26.0-255,4320,43430,61,289053
17793,0.000447,172.31.40.0-255,66,43496,61,289053
17794,0.000483,172.217.26.0-255,5379,48875,61,289053
17795,0.000486,172.31.40.0-255,66,48941,61,289053
17796,0.000943,172.217.26.0-255,1484,50425,61,289053
17797,0.000948,172.217.26.0-255,1484,51909,61,289053
17798,0.000952,172.31.40.0-255,66,51975,61,289053
17799,0.000979,172.217.26.0-255,1484,53459,61,289053
17800,0.000983,172.217.26.0-255,1484,54943,61,289053
17801,0.000985,172.31.40.0-255,66,55009,61,289053
17802,0.00099,172.217.26.0-255,2902,57911,61,289053
17803,0.000991,172.31.40.0-255,66,57977,61,289053
17804,0.001028,172.217.26.0-255,5738,63715,61,289053
17805,0.00103,172.31.40.0-255,66,63781,61,289053
17806,0.001034,172.217.26.0-255,1484,65265,61,289053
17807,0.001065,172.217.26.0-255,1455,66720,61,289053
17808,0.001069,172.31.40.0-255,66,66786,61,289053
17809,0.001105,172.217.26.0-255,113,66899,61,289053
17810,0.001206,172.31.40.0-255,66,66965,61,289053
17811,0.001298,172.217.26.0-255,1484,68449,61,289053
17812,0.00132,172.217.26.0-255,2902,71351,61,289053
17813,0.001324,172.31.40.0-255,66,71417,61,289053
17814,0.001327,172.217.26.0-255,1484,72901,61,289053
17815,0.00133,172.217.26.0-255,1484,74385,61,289053
17816,0.001332,172.31.40.0-255,66,74451,61,289053
17817,0.001357,172.217.26.0-255,1484,75935,61,289053
17818,0.00137,172.217.26.0-255,5738,81673,61,289053
17819,0.001372,172.31.40.0-255,66,81739,61,289053
17820,0.001377,172.217.26.0-255,2543,84282,61,289053
17821,0.001379,172.31.40.0-255,66,84348,61,289053
17822,0.001405,172.217.26.0-255,2902,87250,61,289053
17823,0.001407,172.31.40.0-255,66,87316,61,289053
17824,0.00144,172.217.26.0-255,7156,94472,61,289053
17825,0.001443,172.31.40.0-255,66,94538,61,289053
17826,0.001445,172.217.26.0-255,1484,96022,61,289053
17827,0.00145,172.217.26.0-255,2902,98924,61,289053
17828,0.001451,172.31.40.0-255,66,98990,61,289053
17829,0.001486,172.217.26.0-255,1484,100474,61,289053
17830,0.001518,172.217.26.0-255,1125,101599,61,289053
17831,0.001521,172.31.40.0-255,66,101665,61,289053
17832,0.001594,172.217.26.0-255,1484,103149,61,289053
17833,0.001618,172.217.26.0-255,2902,106051,61,289053
17834,0.001622,172.31.40.0-255,66,106117,61,289053
17835,0.00165,172.217.26.0-255,4320,110437,61,289053
17836,0.001653,172.31.40.0-255,66,110503,61,289053
17837,0.001675,172.217.26.0-255,5738,116241,61,289053
17838,0.001677,172.31.40.0-255,66,116307,61,289053
17839,0.001682,172.217.26.0-255,2111,118418,61,289053
17840,0.001684,172.31.40.0-255,66,118484,61,289053
17841,0.001847,172.217.26.0-255,1484,119968,61,289053
17842,0.001854,172.217.26.0-255,2902,122870,61,289053
17843,0.001859,172.31.40.0-255,66,122936,61,289053
17844,0.001893,172.217.26.0-255,4320,127256,61,289053
17845,0.001897,172.31.40.0-255,66,127322,61,289053
17846,0.001935,172.217.26.0-255,5738,133060,61,289053
17847,0.001938,172.31.40.0-255,66,133126,61,289053
17848,0.001943,172.217.26.0-255,3006,136132,61,289053
17849,0.001945,172.31.40.0-255,66,136198,61,289053
17850,0.001977,172.217.26.0-255,4320,140518,61,289053
17851,0.00198,172.31.40.0-255,66,140584,61,289053
17852,0.002021,172.31.40.0-255,66,140650,61,289053
17853,0.003986,172.217.26.0-255,5738,146388,61,289053
17854,0.003995,172.31.40.0-255,66,146454,61,289053
17855,0.005961,172.217.26.0-255,5738,152192,61,289053
17856,0.005964,172.31.40.0-255,66,152258,61,289053
17857,0.007941,172.217.26.0-255,5738,157996,61,289053
17858,0.007947,172.31.40.0-255,66,158062,61,289053
17859,0.009922,172.217.26.0-255,5738,163800,61,289053
17860,0.009929,172.31.40.0-255,66,163866,61,289053
17861,0.0119,172.217.26.0-255,5738,169604,61,289053
17862,0.011908,172.31.40.0-255,66,169670,61,289053
17863,0.013883,172.217.26.0-255,5738,175408,61,289053
17864,0.013892,172.31.40.0-255,66,175474,61,289053
17865,0.015861,172.217.26.0-255,5738,181212,61,289053
17866,0.015867,172.31.40.0-255,66,181278,61,289053
17867,0.017879,172.217.26.0-255,5738,187016,61,289053
17868,0.017888,172.31.40.0-255,66,187082,61,289053
17869,0.01991,172.217.26.0-255,5738,192820,61,289053
17870,0.019918,172.31.40.0-255,66,192886,61,289053
17871,0.021886,172.217.26.0-255,5738,198624,61,289053
17872,0.021893,172.31.40.0-255,66,198690,61,289053
17873,0.023871,172.217.26.0-255,5738,204428,61,289053
17874,0.023879,172.31.40.0-255,66,204494,61,289053
17875,0.02586,172.217.26.0-255,5738,210232,61,289053
17876,0.025869,172.31.40.0-255,66,210298,61,289053
17877,0.027866,172.217.26.0-255,5738,216036,61,289053
17878,0.027873,172.31.40.0-255,66,216102,61,289053
17879,0.029845,172.217.26.0-255,5738,221840,61,289053
17880,0.029853,172.31.40.0-255,66,221906,61,289053
17881,0.031825,172.217.26.0-255,5738,227644,61,289053
17882,0.031851,172.31.40.0-255,66,227710,61,289053
17883,0.033833,172.217.26.0-255,5738,233448,61,289053
17884,0.033842,172.31.40.0-255,66,233514,61,289053
17885,0.035496,172.31.40.0-255,190,233704,61,289053
17886,0.035528,172.31.40.0-255,1120,234824,61,289053
17887,0.0356,172.31.40.0-255,1514,236338,61,289053
17888,0.035602,172.31.40.0-255,1514,237852,61,289053
17889,0.035603,172.31.40.0-255,1514,239366,61,289053
17890,0.035604,172.31.40.0-255,1514,240880,61,289053
17891,0.035645,172.31.40.0-255,1477,242357,61,289053
17892,0.035826,172.217.26.0-255,5738,248095,61,289053
17893,0.035849,172.31.40.0-255,66,248161,61,289053
17894,0.037018,104.244.42.0-255,66,248227,61,289053
17895,0.037063,104.244.42.0-255,66,248293,61,289053
17896,0.037211,104.244.42.0-255,66,248359,61,289053
17897,0.037258,104.244.42.0-255,66,248425,61,289053
17898,0.037819,172.217.26.0-255,5738,254163,61,289053
17899,0.03783,172.31.40.0-255,66,254229,61,289053
17900,0.039812,172.217.26.0-255,5738,259967,61,289053
17901,0.039822,172.31.40.0-255,66,260033,61,289053
17902,0.041796,172.217.26.0-255,5738,265771,61,289053
17903,0.041804,172.31.40.0-255,66,265837,61,289053
17904,0.043778,172.217.26.0-255,5738,271575,61,289053
17905,0.043789,172.31.40.0-255,66,271641,61,289053
17906,0.045786,172.217.26.0-255,5738,277379,61,289053
17907,0.0458,172.31.40.0-255,66,277445,61,289053
17908,0.047791,172.217.26.0-255,5738,283183,61,289053
17909,0.047804,172.31.40.0-255,66,283249,61,289053
17910,0.049784,172.217.26.0-255,5738,288987,61,289053
17911,0.049792,172.31.40.0-255,66,289053,61,289053
17912,0.0,74.125.130.0-255,148,148,61,249576
17913,1.3e-05,172.31.40.0-255,66,214,61,249576
17914,1.9e-05,74.125.130.0-255,1484,1698,61,249576
17915,2.4e-05,172.31.40.0-255,66,1764,61,249576
17916,2.9e-05,74.125.130.0-255,2902,4666,61,249576
17917,3.2e-05,172.31.40.0-255,66,4732,61,249576
17918,5.3e-05,74.125.130.0-255,4320,9052,61,249576
17919,5.5e-05,172.31.40.0-255,66,9118,61,249576
17920,6.7e-05,74.125.130.0-255,2902,12020,61,249576
17921,6.9e-05,172.31.40.0-255,66,12086,61,249576
17922,9.1e-05,74.125.130.0-255,1976,14062,61,249576
17923,9.3e-05,172.31.40.0-255,66,14128,61,249576
17924,9.7e-05,74.125.130.0-255,2902,17030,61,249576
17925,9.9e-05,172.31.40.0-255,66,17096,61,249576
17926,0.000123,74.125.130.0-255,4320,21416,61,249576
17927,0.000125,172.31.40.0-255,66,21482,61,249576
17928,0.000141,74.125.130.0-255,2902,24384,61,249576
17929,0.000143,172.31.40.0-255,66,24450,61,249576
17930,0.000146,74.125.130.0-255,2902,27352,61,249576
17931,0.000148,172.31.40.0-255,66,27418,61,249576
17932,0.000153,74.125.130.0-255,3961,31379,61,249576
17933,0.000155,172.31.40.0-255,66,31445,61,249576
17934,0.000288,74.125.130.0-255,1484,32929,61,249576
17935,0.000293,172.31.40.0-255,66,32995,61,249576
17936,0.000296,74.125.130.0-255,1484,34479,61,249576
17937,0.000299,172.31.40.0-255,66,34545,61,249576
17938,0.000313,74.125.130.0-255,1484,36029,61,249576
17939,0.000315,172.31.40.0-255,66,36095,61,249576
17940,0.000321,74.125.130.0-255,4320,40415,61,249576
17941,0.000323,172.31.40.0-255,66,40481,61,249576
17942,0.000372,74.125.130.0-255,7156,47637,61,249576
17943,0.000374,172.31.40.0-255,66,47703,61,249576
17944,0.000396,74.125.130.0-255,1125,48828,61,249576
17945,0.000418,74.125.130.0-255,2902,51730,61,249576
17946,0.00043,74.125.130.0-255,4320,56050,61,249576
17947,0.000466,74.125.130.0-255,1376,57426,61,249576
17948,0.000472,172.31.40.0-255,66,57492,61,249576
17949,0.000484,74.125.130.0-255,435,57927,61,249576
17950,0.000637,74.125.130.0-255,1484,59411,61,249576
17951,0.000649,172.31.40.0-255,66,59477,61,249576
17952,0.000654,74.125.130.0-255,2902,62379,61,249576
17953,0.000659,172.31.40.0-255,66,62445,61,249576
17954,0.000674,74.125.130.0-255,5738,68183,61,249576
17955,0.000689,74.125.130.0-255,1484,69667,61,249576
17956,0.000699,172.31.40.0-255,66,69733,61,249576
17957,0.00075,74.125.130.0-255,1635,71368,61,249576
17958,0.000754,172.31.40.0-255,66,71434,61,249576
17959,0.000879,74.125.130.0-255,1484,72918,61,249576
17960,0.000901,74.125.130.0-255,2902,75820,61,249576
17961,0.000907,74.125.130.0-255,4320,80140,61,249576
17962,0.000911,172.31.40.0-255,66,80206,61,249576
17963,0.000926,74.125.130.0-255,1484,81690,61,249576
17964,0.000931,74.125.130.0-255,2902,84592,61,249576
17965,0.000933,74.125.130.0-255,1484,86076,61,249576
17966,0.000943,172.31.40.0-255,66,86142,61,249576
17967,0.000991,172.31.40.0-255,66,86208,61,249576
17968,0.001797,74.125.130.0-255,1484,87692,61,249576
17969,0.001804,74.125.130.0-255,2902,90594,61,249576
17970,0.001807,172.31.40.0-255,66,90660,61,249576
17971,0.001812,74.125.130.0-255,2902,93562,61,249576
17972,0.001815,74.125.130.0-255,1484,95046,61,249576
17973,0.001831,74.125.130.0-255,2902,97948,61,249576
17974,0.001835,74.125.130.0-255,2902,100850,61,249576
17975,0.001857,74.125.130.0-255,5738,106588,61,249576
17976,0.001875,74.125.130.0-255,5738,112326,61,249576
17977,0.0019,74.125.130.0-255,5738,118064,61,249576
17978,0.001916,74.125.130.0-255,2184,120248,61,249576
17979,0.001943,172.31.40.0-255,66,120314,61,249576
17980,0.003989,74.125.130.0-255,5738,126052,61,249576
17981,0.003996,172.31.40.0-255,66,126118,61,249576
17982,0.005999,74.125.130.0-255,4320,130438,61,249576
17983,0.006005,172.31.40.0-255,66,130504,61,249576
17984,0.006028,74.125.130.0-255,1484,131988,61,249576
17985,0.008029,74.125.130.0-255,4320,136308,61,249576
17986,0.008035,172.31.40.0-255,66,136374,61,249576
17987,0.010062,74.125.130.0-255,5738,142112,61,249576
17988,0.011951,172.31.40.0-255,66,142178,61,249576
17989,0.01398,74.125.130.0-255,5738,147916,61,249576
17990,0.013989,172.31.40.0-255,66,147982,61,249576
17991,0.016015,74.125.130.0-255,5738,153720,61,249576
17992,0.016024,172.31.40.0-255,66,153786,61,249576
17993,0.018044,74.125.130.0-255,5738,159524,61,249576
17994,0.018052,172.31.40.0-255,66,159590,61,249576
17995,0.020073,74.125.130.0-255,5738,165328,61,249576
17996,0.02008,172.31.40.0-255,66,165394,61,249576
17997,0.022097,74.125.130.0-255,5738,171132,61,249576
17998,0.022104,172.31.40.0-255,66,171198,61,249576
17999,0.024131,74.125.130.0-255,5738,176936,61,249576
18000,0.024137,172.31.40.0-255,66,177002,61,249576
18001,0.026153,74.125.130.0-255,5738,182740,61,249576
18002,0.026162,172.31.40.0-255,66,182806,61,249576
18003,0.028171,74.125.130.0-255,5738,188544,61,249576
18004,0.028177,172.31.40.0-255,66,188610,61,249576
18005,0.028989,172.31.40.0-255,171,188781,61,249576
18006,0.029016,172.31.40.0-255,1143,189924,61,249576
18007,0.029068,172.31.40.0-255,1514,191438,61,249576
18008,0.029069,172.31.40.0-255,1252,192690,61,249576
18009,0.030203,74.125.130.0-255,5738,198428,61,249576
18010,0.03021,172.31.40.0-255,66,198494,61,249576
18011,0.030519,104.244.42.0-255,66,198560,61,249576
18012,0.03071,104.244.42.0-255,66,198626,61,249576
18013,0.030715,104.244.42.0-255,66,198692,61,249576
18014,0.032245,74.125.130.0-255,5738,204430,61,249576
18015,0.032252,172.31.40.0-255,66,204496,61,249576
18016,0.034275,74.125.130.0-255,5738,210234,61,249576
18017,0.034282,172.31.40.0-255,66,210300,61,249576
18018,0.03631,74.125.130.0-255,5738,216038,61,249576
18019,0.036444,172.31.40.0-255,66,216104,61,249576
18020,0.038473,74.125.130.0-255,5738,221842,61,249576
18021,0.038486,172.31.40.0-255,66,221908,61,249576
18022,0.040513,74.125.130.0-255,5738,227646,61,249576
18023,0.040528,172.31.40.0-255,66,227712,61,249576
18024,0.042571,74.125.130.0-255,4320,232032,61,249576
18025,0.042586,172.31.40.0-255,66,232098,61,249576
18026,0.042609,74.125.130.0-255,1484,233582,61,249576
18027,0.044591,74.125.130.0-255,4320,237902,61,249576
18028,0.044602,172.31.40.0-255,66,237968,61,249576
18029,0.046636,74.125.130.0-255,5738,243706,61,249576
18030,0.046724,172.31.40.0-255,66,243772,61,249576
18031,0.04876,74.125.130.0-255,5738,249510,61,249576
18032,0.048775,172.31.40.0-255,66,249576,61,249576
18033,0.0,172.217.194.0-255,152,152,61,235884
18034,2.3e-05,172.31.40.0-255,66,218,61,235884
18035,3e-05,172.217.194.0-255,1484,1702,61,235884
18036,3.5e-05,172.31.40.0-255,66,1768,61,235884
18037,4.1e-05,172.217.194.0-255,2902,4670,61,235884
18038,4.5e-05,172.31.40.0-255,66,4736,61,235884
18039,7.9e-05,172.217.194.0-255,5738,10474,61,235884
18040,8.3e-05,172.31.40.0-255,66,10540,61,235884
18041,9e-05,172.217.194.0-255,6420,16960,61,235884
18042,9.3e-05,172.31.40.0-255,66,17026,61,235884
18043,0.000116,172.31.40.0-255,66,17092,61,235884
18044,0.000136,172.217.194.0-255,2902,19994,61,235884
18045,0.000138,172.31.40.0-255,66,20060,61,235884
18046,0.000142,172.217.194.0-255,1484,21544,61,235884
18047,0.000144,172.31.40.0-255,66,21610,61,235884
18048,0.000159,172.217.194.0-255,1125,22735,61,235884
18049,0.000161,172.31.40.0-255,66,22801,61,235884
18050,0.000786,172.217.194.0-255,1484,24285,61,235884
18051,0.000792,172.31.40.0-255,66,24351,61,235884
18052,0.000801,172.217.194.0-255,2902,27253,61,235884
18053,0.000804,172.31.40.0-255,66,27319,61,235884
18054,0.000814,172.217.194.0-255,5738,33057,61,235884
18055,0.000816,172.31.40.0-255,66,33123,61,235884
18056,0.000822,172.217.194.0-255,5738,38861,61,235884
18057,0.000825,172.31.40.0-255,66,38927,61,235884
18058,0.000858,172.217.194.0-255,4320,43247,61,235884
18059,0.000861,172.31.40.0-255,66,43313,61,235884
18060,0.000891,172.31.40.0-255,66,43379,61,235884
18061,0.000896,172.217.194.0-255,2902,46281,61,235884
18062,0.000898,172.31.40.0-255,66,46347,61,235884
18063,0.000914,172.217.194.0-255,1375,47722,61,235884
18064,0.000987,172.217.194.0-255,121,47843,61,235884
18065,0.001119,172.217.194.0-255,1484,49327,61,235884
18066,0.001124,172.31.40.0-255,66,49393,61,235884
18067,0.001131,172.217.194.0-255,2902,52295,61,235884
18068,0.001134,172.31.40.0-255,66,52361,61,235884
18069,0.001141,172.217.194.0-255,5738,58099,61,235884
18070,0.001143,172.31.40.0-255,66,58165,61,235884
18071,0.001186,172.31.40.0-255,66,58231,61,235884
18072,0.001194,172.217.194.0-255,7156,65387,61,235884
18073,0.001197,172.31.40.0-255,66,65453,61,235884
18074,0.001233,172.217.194.0-255,5738,71191,61,235884
18075,0.001237,172.31.40.0-255,66,71257,61,235884
18076,0.001258,172.217.194.0-255,2184,73441,61,235884
18077,0.00126,172.31.40.0-255,66,73507,61,235884
18078,0.001271,172.31.40.0-255,66,73573,61,235884
18079,0.001284,172.217.194.0-255,2902,76475,61,235884
18080,0.001286,172.31.40.0-255,66,76541,61,235884
18081,0.001318,172.31.40.0-255,66,76607,61,235884
18082,0.001321,172.217.194.0-255,1484,78091,61,235884
18083,0.001324,172.217.194.0-255,501,78592,61,235884
18084,0.001326,172.31.40.0-255,66,78658,61,235884
18085,0.00194,172.217.194.0-255,1484,80142,61,235884
18086,0.001949,172.217.194.0-255,2902,83044,61,235884
18087,0.001954,172.31.40.0-255,66,83110,61,235884
18088,0.001961,172.217.194.0-255,5738,88848,61,235884
18089,0.001964,172.31.40.0-255,66,88914,61,235884
18090,0.001984,172.217.194.0-255,4320,93234,61,235884
18091,0.001986,172.31.40.0-255,66,93300,61,235884
18092,0.002025,172.31.40.0-255,66,93366,61,235884
18093,0.00205,172.31.40.0-255,66,93432,61,235884
18094,0.004099,172.217.194.0-255,5738,99170,61,235884
18095,0.004106,172.31.40.0-255,66,99236,61,235884
18096,0.006163,172.217.194.0-255,5738,104974,61,235884
18097,0.006168,172.31.40.0-255,66,105040,61,235884
18098,0.008179,172.217.194.0-255,5738,110778,61,235884
18099,0.008187,172.31.40.0-255,66,110844,61,235884
18100,0.01023,172.217.194.0-255,5738,116582,61,235884
18101,0.01024,172.31.40.0-255,66,116648,61,235884
18102,0.012263,172.217.194.0-255,5738,122386,61,235884
18103,0.012271,172.31.40.0-255,66,122452,61,235884
18104,0.014277,172.217.194.0-255,5738,128190,61,235884
18105,0.014285,172.31.40.0-255,66,128256,61,235884
18106,0.016309,172.217.194.0-255,5738,133994,61,235884
18107,0.016316,172.31.40.0-255,66,134060,61,235884
18108,0.018321,172.217.194.0-255,5738,139798,61,235884
18109,0.018328,172.31.40.0-255,66,139864,61,235884
18110,0.020327,172.217.194.0-255,5738,145602,61,235884
18111,0.020335,172.31.40.0-255,66,145668,61,235884
18112,0.022341,172.217.194.0-255,2902,148570,61,235884
18113,0.022347,172.31.40.0-255,66,148636,61,235884
18114,0.022368,172.217.194.0-255,2902,151538,61,235884
18115,0.022371,172.31.40.0-255,66,151604,61,235884
18116,0.023382,172.31.40.0-255,172,151776,61,235884
18117,0.023416,172.31.40.0-255,1115,152891,61,235884
18118,0.023484,172.31.40.0-255,1514,154405,61,235884
18119,0.023486,172.31.40.0-255,1514,155919,61,235884
18120,0.023488,172.31.40.0-255,1514,157433,61,235884
18121,0.023489,172.31.40.0-255,1514,158947,61,235884
18122,0.02349,172.31.40.0-255,1287,160234,61,235884
18123,0.02435,172.217.194.0-255,2902,163136,61,235884
18124,0.024358,172.31.40.0-255,66,163202,61,235884
18125,0.024377,172.217.194.0-255,2902,166104,61,235884
18126,0.02438,172.31.40.0-255,66,166170,61,235884
18127,0.025091,104.244.42.0-255,66,166236,61,235884
18128,0.026382,172.217.194.0-255,5738,171974,61,235884
18129,0.026388,172.31.40.0-255,66,172040,61,235884
18130,0.028427,172.217.194.0-255,5738,177778,61,235884
18131,0.028434,172.31.40.0-255,66,177844,61,235884
18132,0.030452,172.217.194.0-255,5738,183582,61,235884
18133,0.03046,172.31.40.0-255,66,183648,61,235884
18134,0.03252,172.217.194.0-255,5738,189386,61,235884
18135,0.032541,172.31.40.0-255,66,189452,61,235884
18136,0.034548,172.217.194.0-255,5738,195190,61,235884
18137,0.034556,172.31.40.0-255,66,195256,61,235884
18138,0.036589,172.217.194.0-255,5738,200994,61,235884
18139,0.036597,172.31.40.0-255,66,201060,61,235884
18140,0.038629,172.217.194.0-255,5738,206798,61,235884
18141,0.038637,172.31.40.0-255,66,206864,61,235884
18142,0.040648,172.217.194.0-255,5738,212602,61,235884
18143,0.040659,172.31.40.0-255,66,212668,61,235884
18144,0.042671,172.217.194.0-255,5738,218406,61,235884
18145,0.042678,172.31.40.0-255,66,218472,61,235884
18146,0.044726,172.217.194.0-255,5738,224210,61,235884
18147,0.044732,172.31.40.0-255,66,224276,61,235884
18148,0.046766,172.217.194.0-255,5738,230014,61,235884
18149,0.046773,172.31.40.0-255,66,230080,61,235884
18150,0.048815,172.217.194.0-255,5738,235818,61,235884
18151,0.048822,172.31.40.0-255,66,235884,61,235884
18152,0.0,74.125.200.0-255,150,150,61,413083
18153,2e-05,172.31.40.0-255,66,216,61,413083
18154,2.8e-05,74.125.200.0-255,1484,1700,61,413083
18155,3.3e-05,172.31.40.0-255,66,1766,61,413083
18156,6.2e-05,74.125.200.0-255,2902,4668,61,413083
18157,6.5e-05,172.31.40.0-255,66,4734,61,413083
18158,7.2e-05,74.125.200.0-255,5738,10472,61,413083
18159,7.4e-05,172.31.40.0-255,66,10538,61,413083
18160,9.8e-05,74.125.200.0-255,1484,12022,61,413083
18161,0.000101,172.31.40.0-255,66,12088,61,413083
18162,0.000106,74.125.200.0-255,2117,14205,61,413083
18163,0.000108,172.31.40.0-255,66,14271,61,413083
18164,0.000132,74.125.200.0-255,5738,20009,61,413083
18165,0.000135,172.31.40.0-255,66,20075,61,413083
18166,0.000152,74.125.200.0-255,1484,21559,61,413083
18167,0.000154,172.31.40.0-255,66,21625,61,413083
18168,0.000171,74.125.200.0-255,5738,27363,61,413083
18169,0.000174,172.31.40.0-255,66,27429,61,413083
18170,0.000189,74.125.200.0-255,3961,31390,61,413083
18171,0.000192,172.31.40.0-255,66,31456,61,413083
18172,0.000322,74.125.200.0-255,1484,32940,61,413083
18173,0.000326,172.31.40.0-255,66,33006,61,413083
18174,0.000331,74.125.200.0-255,1484,34490,61,413083
18175,0.000333,172.31.40.0-255,66,34556,61,413083
18176,0.000349,74.125.200.0-255,2902,37458,61,413083
18177,0.000353,172.31.40.0-255,66,37524,61,413083
18178,0.000366,74.125.200.0-255,1484,39008,61,413083
18179,0.000368,172.31.40.0-255,66,39074,61,413083
18180,0.000389,74.125.200.0-255,4320,43394,61,413083
18181,0.000391,172.31.40.0-255,66,43460,61,413083
18182,0.000394,74.125.200.0-255,1484,44944,61,413083
18183,0.000396,172.31.40.0-255,66,45010,61,413083
18184,0.0004,74.125.200.0-255,2902,47912,61,413083
18185,0.000403,172.31.40.0-255,66,47978,61,413083
18186,0.000406,74.125.200.0-255,1484,49462,61,413083
18187,0.000436,74.125.200.0-255,4320,53782,61,413083
18188,0.000439,172.31.40.0-255,66,53848,61,413083
18189,0.000444,74.125.200.0-255,4320,58168,61,413083
18190,0.000446,172.31.40.0-255,66,58234,61,413083
18191,0.000464,74.125.200.0-255,4320,62554,61,413083
18192,0.000467,172.31.40.0-255,66,62620,61,413083
18193,0.000488,74.125.200.0-255,1484,64104,61,413083
18194,0.000491,74.125.200.0-255,1484,65588,61,413083
18195,0.000493,172.31.40.0-255,66,65654,61,413083
18196,0.000521,74.125.200.0-255,766,66420,61,413083
18197,0.000762,74.125.200.0-255,645,67065,61,413083
18198,0.001067,74.125.200.0-255,1484,68549,61,413083
18199,0.001072,172.31.40.0-255,66,68615,61,413083
18200,0.001093,74.125.200.0-255,2902,71517,61,413083
18201,0.001097,172.31.40.0-255,66,71583,61,413083
18202,0.001102,74.125.200.0-255,4320,75903,61,413083
18203,0.001104,172.31.40.0-255,66,75969,61,413083
18204,0.001137,74.125.200.0-255,2902,78871,61,413083
18205,0.001139,172.31.40.0-255,66,78937,61,413083
18206,0.001162,74.125.200.0-255,5738,84675,61,413083
18207,0.001165,172.31.40.0-255,66,84741,61,413083
18208,0.001189,172.31.40.0-255,66,84807,61,413083
18209,0.001209,74.125.200.0-255,2902,87709,61,413083
18210,0.001211,172.31.40.0-255,66,87775,61,413083
18211,0.001298,74.125.200.0-255,1484,89259,61,413083
18212,0.001316,74.125.200.0-255,2184,91443,61,413083
18213,0.001319,172.31.40.0-255,66,91509,61,413083
18214,0.001448,74.125.200.0-255,1484,92993,61,413083
18215,0.001468,74.125.200.0-255,2902,95895,61,413083
18216,0.001471,172.31.40.0-255,66,95961,61,413083
18217,0.001504,74.125.200.0-255,2902,98863,61,413083
18218,0.001507,172.31.40.0-255,66,98929,61,413083
18219,0.00152,74.125.200.0-255,1484,100413,61,413083
18220,0.001525,74.125.200.0-255,4320,104733,61,413083
18221,0.001528,172.31.40.0-255,66,104799,61,413083
18222,0.001552,74.125.200.0-255,1484,106283,61,413083
18223,0.001557,74.125.200.0-255,4320,110603,61,413083
18224,0.001559,172.31.40.0-255,66,110669,61,413083
18225,0.001609,74.125.200.0-255,2902,113571,61,413083
18226,0.001612,172.31.40.0-255,66,113637,61,413083
18227,0.001633,74.125.200.0-255,1484,115121,61,413083
18228,0.001639,74.125.200.0-255,5738,120859,61,413083
18229,0.001643,172.31.40.0-255,66,120925,61,413083
18230,0.001659,74.125.200.0-255,4320,125245,61,413083
18231,0.001661,172.31.40.0-255,66,125311,61,413083
18232,0.001674,74.125.200.0-255,218,125529,61,413083
18233,0.001735,74.125.200.0-255,1484,127013,61,413083
18234,0.00174,172.31.40.0-255,66,127079,61,413083
18235,0.00175,74.125.200.0-255,2902,129981,61,413083
18236,0.001752,172.31.40.0-255,66,130047,61,413083
18237,0.001778,74.125.200.0-255,4320,134367,61,413083
18238,0.00178,172.31.40.0-255,66,134433,61,413083
18239,0.001801,74.125.200.0-255,2902,137335,61,413083
18240,0.001805,172.31.40.0-255,66,137401,61,413083
18241,0.001827,74.125.200.0-255,4320,141721,61,413083
18242,0.001829,172.31.40.0-255,66,141787,61,413083
18243,0.001845,74.125.200.0-255,1484,143271,61,413083
18244,0.001864,74.125.200.0-255,5738,149009,61,413083
18245,0.001867,172.31.40.0-255,66,149075,61,413083
18246,0.001918,172.31.40.0-255,66,149141,61,413083
18247,0.001922,74.125.200.0-255,2184,151325,61,413083
18248,0.001924,172.31.40.0-255,66,151391,61,413083
18249,0.002618,74.125.200.0-255,1484,152875,61,413083
18250,0.002627,74.125.200.0-255,2902,155777,61,413083
18251,0.002632,172.31.40.0-255,66,155843,61,413083
18252,0.002654,74.125.200.0-255,5738,161581,61,413083
18253,0.002657,172.31.40.0-255,66,161647,61,413083
18254,0.002661,74.125.200.0-255,1484,163131,61,413083
18255,0.002675,74.125.200.0-255,1484,164615,61,413083
18256,0.002677,172.31.40.0-255,66,164681,61,413083
18257,0.002703,74.125.200.0-255,2902,167583,61,413083
18258,0.002706,172.31.40.0-255,66,167649,61,413083
18259,0.002724,74.125.200.0-255,4320,171969,61,413083
18260,0.002727,172.31.40.0-255,66,172035,61,413083
18261,0.002731,74.125.200.0-255,1484,173519,61,413083
18262,0.002747,74.125.200.0-255,2902,176421,61,413083
18263,0.00275,172.31.40.0-255,66,176487,61,413083
18264,0.002781,74.125.200.0-255,4320,180807,61,413083
18265,0.002785,172.31.40.0-255,66,180873,61,413083
18266,0.002789,74.125.200.0-255,1484,182357,61,413083
18267,0.002792,74.125.200.0-255,1484,183841,61,413083
18268,0.002794,172.31.40.0-255,66,183907,61,413083
18269,0.002797,74.125.200.0-255,1484,185391,61,413083
18270,0.00282,74.125.200.0-255,766,186157,61,413083
18271,0.002822,172.31.40.0-255,66,186223,61,413083
18272,0.003141,74.125.200.0-255,1484,187707,61,413083
18273,0.003148,74.125.200.0-255,2902,190609,61,413083
18274,0.003153,172.31.40.0-255,66,190675,61,413083
18275,0.003183,74.125.200.0-255,5738,196413,61,413083
18276,0.003186,172.31.40.0-255,66,196479,61,413083
18277,0.003189,74.125.200.0-255,1484,197963,61,413083
18278,0.003207,74.125.200.0-255,2902,200865,61,413083
18279,0.00321,172.31.40.0-255,66,200931,61,413083
18280,0.003224,74.125.200.0-255,4320,205251,61,413083
18281,0.003226,172.31.40.0-255,66,205317,61,413083
18282,0.003242,74.125.200.0-255,1484,206801,61,413083
18283,0.003247,74.125.200.0-255,2902,209703,61,413083
18284,0.003249,172.31.40.0-255,66,209769,61,413083
18285,0.003253,74.125.200.0-255,2902,212671,61,413083
18286,0.003255,172.31.40.0-255,66,212737,61,413083
18287,0.003267,74.125.200.0-255,1484,214221,61,413083
18288,0.003292,74.125.200.0-255,5738,219959,61,413083
18289,0.003295,172.31.40.0-255,66,220025,61,413083
18290,0.003308,74.125.200.0-255,766,220791,61,413083
18291,0.003601,172.31.40.0-255,66,220857,61,413083
18292,0.003825,74.125.200.0-255,1484,222341,61,413083
18293,0.003836,74.125.200.0-255,2902,225243,61,413083
18294,0.00384,172.31.40.0-255,66,225309,61,413083
18295,0.003845,74.125.200.0-255,1484,226793,61,413083
18296,0.003861,74.125.200.0-255,1484,228277,61,413083
18297,0.003863,172.31.40.0-255,66,228343,61,413083
18298,0.003932,74.125.200.0-255,2902,231245,61,413083
18299,0.003936,172.31.40.0-255,66,231311,61,413083
18300,0.003943,74.125.200.0-255,4320,235631,61,413083
18301,0.003945,172.31.40.0-255,66,235697,61,413083
18302,0.003947,74.125.200.0-255,1484,237181,61,413083
18303,0.003973,74.125.200.0-255,2902,240083,61,413083
18304,0.003976,172.31.40.0-255,66,240149,61,413083
18305,0.004004,74.125.200.0-255,5738,245887,61,413083
18306,0.004007,172.31.40.0-255,66,245953,61,413083
18307,0.004011,74.125.200.0-255,1484,247437,61,413083
18308,0.004015,74.125.200.0-255,2902,250339,61,413083
18309,0.004017,172.31.40.0-255,66,250405,61,413083
18310,0.00406,74.125.200.0-255,5020,255425,61,413083
18311,0.004064,172.31.40.0-255,66,255491,61,413083
18312,0.004522,74.125.200.0-255,1484,256975,61,413083
18313,0.004532,74.125.200.0-255,2902,259877,61,413083
18314,0.004537,172.31.40.0-255,66,259943,61,413083
18315,0.004551,74.125.200.0-255,5738,265681,61,413083
18316,0.004556,172.31.40.0-255,66,265747,61,413083
18317,0.00456,74.125.200.0-255,1484,267231,61,413083
18318,0.004586,74.125.200.0-255,2902,270133,61,413083
18319,0.004589,172.31.40.0-255,66,270199,61,413083
18320,0.004599,74.125.200.0-255,5738,275937,61,413083
18321,0.004601,172.31.40.0-255,66,276003,61,413083
18322,0.004632,74.125.200.0-255,5738,281741,61,413083
18323,0.004636,172.31.40.0-255,66,281807,61,413083
18324,0.004645,74.125.200.0-255,7156,288963,61,413083
18325,0.004649,172.31.40.0-255,66,289029,61,413083
18326,0.004651,74.125.200.0-255,766,289795,61,413083
18327,0.00488,74.125.200.0-255,1484,291279,61,413083
18328,0.004885,172.31.40.0-255,66,291345,61,413083
18329,0.004892,74.125.200.0-255,2902,294247,61,413083
18330,0.004895,172.31.40.0-255,66,294313,61,413083
18331,0.004922,74.125.200.0-255,4320,298633,61,413083
18332,0.004927,172.31.40.0-255,66,298699,61,413083
18333,0.004955,74.125.200.0-255,5738,304437,61,413083
18334,0.004958,172.31.40.0-255,66,304503,61,413083
18335,0.004963,74.125.200.0-255,2902,307405,61,413083
18336,0.004966,172.31.40.0-255,66,307471,61,413083
18337,0.004995,74.125.200.0-255,2902,310373,61,413083
18338,0.005,172.31.40.0-255,66,310439,61,413083
18339,0.005005,74.125.200.0-255,2902,313341,61,413083
18340,0.005008,172.31.40.0-255,66,313407,61,413083
18341,0.005015,74.125.200.0-255,5738,319145,61,413083
18342,0.005019,172.31.40.0-255,66,319211,61,413083
18343,0.005021,74.125.200.0-255,1484,320695,61,413083
18344,0.00504,74.125.200.0-255,2902,323597,61,413083
18345,0.005043,172.31.40.0-255,66,323663,61,413083
18346,0.005046,74.125.200.0-255,766,324429,61,413083
18347,0.005165,74.125.200.0-255,1484,325913,61,413083
18348,0.005169,172.31.40.0-255,66,325979,61,413083
18349,0.005245,74.125.200.0-255,2902,328881,61,413083
18350,0.005249,172.31.40.0-255,66,328947,61,413083
18351,0.005257,74.125.200.0-255,5738,334685,61,413083
18352,0.005259,172.31.40.0-255,66,334751,61,413083
18353,0.005268,74.125.200.0-255,7156,341907,61,413083
18354,0.005271,172.31.40.0-255,66,341973,61,413083
18355,0.005276,74.125.200.0-255,2902,344875,61,413083
18356,0.005279,172.31.40.0-255,66,344941,61,413083
18357,0.005283,74.125.200.0-255,1484,346425,61,413083
18358,0.005306,74.125.200.0-255,2902,349327,61,413083
18359,0.00531,172.31.40.0-255,66,349393,61,413083
18360,0.00534,172.31.40.0-255,66,349459,61,413083
18361,0.005382,74.125.200.0-255,6438,355897,61,413083
18362,0.005387,172.31.40.0-255,66,355963,61,413083
18363,0.00541,74.125.200.0-255,4320,360283,61,413083
18364,0.005415,172.31.40.0-255,66,360349,61,413083
18365,0.005433,74.125.200.0-255,2902,363251,61,413083
18366,0.005436,172.31.40.0-255,66,363317,61,413083
18367,0.00544,74.125.200.0-255,1484,364801,61,413083
18368,0.005446,74.125.200.0-255,1484,366285,61,413083
18369,0.00545,172.31.40.0-255,66,366351,61,413083
18370,0.005475,74.125.200.0-255,1484,367835,61,413083
18371,0.005485,74.125.200.0-255,5738,373573,61,413083
18372,0.005488,172.31.40.0-255,66,373639,61,413083
18373,0.005494,74.125.200.0-255,4320,377959,61,413083
18374,0.005497,172.31.40.0-255,66,378025,61,413083
18375,0.005516,74.125.200.0-255,4320,382345,61,413083
18376,0.005518,172.31.40.0-255,66,382411,61,413083
18377,0.005539,74.125.200.0-255,2184,384595,61,413083
18378,0.005542,172.31.40.0-255,66,384661,61,413083
18379,0.005582,74.125.200.0-255,1484,386145,61,413083
18380,0.005589,74.125.200.0-255,1484,387629,61,413083
18381,0.005592,172.31.40.0-255,66,387695,61,413083
18382,0.005608,74.125.200.0-255,1484,389179,61,413083
18383,0.005635,74.125.200.0-255,5738,394917,61,413083
18384,0.005642,172.31.40.0-255,66,394983,61,413083
18385,0.005646,74.125.200.0-255,1484,396467,61,413083
18386,0.005651,74.125.200.0-255,1484,397951,61,413083
18387,0.005656,172.31.40.0-255,66,398017,61,413083
18388,0.005682,74.125.200.0-255,1484,399501,61,413083
18389,0.00569,74.125.200.0-255,4553,404054,61,413083
18390,0.005693,172.31.40.0-255,66,404120,61,413083
18391,0.00573,74.125.200.0-255,97,404217,61,413083
18392,0.005801,74.125.200.0-255,105,404322,61,413083
18393,0.005907,74.125.200.0-255,129,404451,61,413083
18394,0.009323,172.31.40.0-255,105,404556,61,413083
18395,0.00937,172.31.40.0-255,105,404661,61,413083
18396,0.009609,172.31.40.0-255,90,404751,61,413083
18397,0.009634,172.31.40.0-255,66,404817,61,413083
18398,0.011639,74.125.200.0-255,66,404883,61,413083
18399,0.011652,74.125.200.0-255,66,404949,61,413083
18400,0.011908,74.125.200.0-255,66,405015,61,413083
18401,0.011937,74.125.200.0-255,66,405081,61,413083
18402,0.011943,172.31.40.0-255,66,405147,61,413083
18403,0.026943,172.31.40.0-255,171,405318,61,413083
18404,0.02698,172.31.40.0-255,1139,406457,61,413083
18405,0.027047,172.31.40.0-255,1514,407971,61,413083
18406,0.027049,172.31.40.0-255,1514,409485,61,413083
18407,0.02705,172.31.40.0-255,1514,410999,61,413083
18408,0.027051,172.31.40.0-255,1514,412513,61,413083
18409,0.027052,172.31.40.0-255,504,413017,61,413083
18410,0.029122,104.244.42.0-255,66,413083,61,413083
18411,0.0,172.31.40.0-255,105,105,61,525
18412,0.000254,172.31.40.0-255,90,195,61,525
18413,0.000266,172.31.40.0-255,66,261,61,525
18414,0.002579,74.125.24.0-255,66,327,61,525
18415,0.002605,74.125.24.0-255,66,393,61,525
18416,0.00261,172.31.40.0-255,66,459,61,525
18417,0.002615,74.125.24.0-255,66,525,61,525
18418,0.0,74.125.130.0-255,152,152,61,354470
18419,2.4e-05,172.31.40.0-255,66,218,61,354470
18420,3.1e-05,74.125.130.0-255,1484,1702,61,354470
18421,3.7e-05,172.31.40.0-255,66,1768,61,354470
18422,4.3e-05,74.125.130.0-255,2902,4670,61,354470
18423,4.6e-05,172.31.40.0-255,66,4736,61,354470
18424,5.2e-05,74.125.130.0-255,4320,9056,61,354470
18425,5.5e-05,172.31.40.0-255,66,9122,61,354470
18426,7.5e-05,74.125.130.0-255,2902,12024,61,354470
18427,7.8e-05,172.31.40.0-255,66,12090,61,354470
18428,9.7e-05,74.125.130.0-255,1984,14074,61,354470
18429,0.0001,172.31.40.0-255,66,14140,61,354470
18430,0.000186,74.125.130.0-255,1484,15624,61,354470
18431,0.000189,172.31.40.0-255,66,15690,61,354470
18432,0.000203,74.125.130.0-255,2902,18592,61,354470
18433,0.000206,172.31.40.0-255,66,18658,61,354470
18434,0.000226,74.125.130.0-255,5738,24396,61,354470
18435,0.000228,172.31.40.0-255,66,24462,61,354470
18436,0.000247,74.125.130.0-255,1484,25946,61,354470
18437,0.000249,172.31.40.0-255,66,26012,61,354470
18438,0.000262,74.125.130.0-255,2902,28914,61,354470
18439,0.000264,172.31.40.0-255,66,28980,61,354470
18440,0.000284,74.125.130.0-255,2902,31882,61,354470
18441,0.000287,172.31.40.0-255,66,31948,61,354470
18442,0.000307,74.125.130.0-255,2543,34491,61,354470
18443,0.000309,172.31.40.0-255,66,34557,61,354470
18444,0.000312,74.125.130.0-255,1484,36041,61,354470
18445,0.000314,172.31.40.0-255,66,36107,61,354470
18446,0.000334,74.125.130.0-255,4320,40427,61,354470
18447,0.000336,172.31.40.0-255,66,40493,61,354470
18448,0.00036,172.31.40.0-255,66,40559,61,354470
18449,0.000405,74.125.130.0-255,1484,42043,61,354470
18450,0.00042,74.125.130.0-255,2902,44945,61,354470
18451,0.000422,172.31.40.0-255,66,45011,61,354470
18452,0.000446,74.125.130.0-255,5738,50749,61,354470
18453,0.000449,172.31.40.0-255,66,50815,61,354470
18454,0.000452,74.125.130.0-255,1484,52299,61,354470
18455,0.000457,74.125.130.0-255,2902,55201,61,354470
18456,0.000459,172.31.40.0-255,66,55267,61,354470
18457,0.000503,74.125.130.0-255,2543,57810,61,354470
18458,0.000506,172.31.40.0-255,66,57876,61,354470
18459,0.000572,74.125.130.0-255,648,58524,61,354470
18460,0.000614,74.125.130.0-255,1484,60008,61,354470
18461,0.000618,172.31.40.0-255,66,60074,61,354470
18462,0.000622,74.125.130.0-255,1484,61558,61,354470
18463,0.000639,74.125.130.0-255,2902,64460,61,354470
18464,0.000642,172.31.40.0-255,66,64526,61,354470
18465,0.000666,74.125.130.0-255,7156,71682,61,354470
18466,0.000669,172.31.40.0-255,66,71748,61,354470
18467,0.000677,74.125.130.0-255,7156,78904,61,354470
18468,0.000679,172.31.40.0-255,66,78970,61,354470
18469,0.000696,74.125.130.0-255,1484,80454,61,354470
18470,0.000729,172.31.40.0-255,66,80520,61,354470
18471,0.000756,74.125.130.0-255,2184,82704,61,354470
18472,0.00076,172.31.40.0-255,66,82770,61,354470
18473,0.000816,74.125.130.0-255,1484,84254,61,354470
18474,0.00082,74.125.130.0-255,1484,85738,61,354470
18475,0.000823,172.31.40.0-255,66,85804,61,354470
18476,0.000837,74.125.130.0-255,1484,87288,61,354470
18477,0.000853,74.125.130.0-255,5738,93026,61,354470
18478,0.000856,172.31.40.0-255,66,93092,61,354470
18479,0.000879,74.125.130.0-255,7156,100248,61,354470
18480,0.000909,172.31.40.0-255,66,100314,61,354470
18481,0.000922,74.125.130.0-255,4320,104634,61,354470
18482,0.000925,172.31.40.0-255,66,104700,61,354470
18483,0.000956,172.31.40.0-255,66,104766,61,354470
18484,0.00096,74.125.130.0-255,2184,106950,61,354470
18485,0.000962,172.31.40.0-255,66,107016,61,354470
18486,0.001031,74.125.130.0-255,1484,108500,61,354470
18487,0.001051,74.125.130.0-255,2902,111402,61,354470
18488,0.001054,172.31.40.0-255,66,111468,61,354470
18489,0.001058,74.125.130.0-255,1484,112952,61,354470
18490,0.001061,74.125.130.0-255,1484,114436,61,354470
18491,0.001063,172.31.40.0-255,66,114502,61,354470
18492,0.001084,74.125.130.0-255,1484,115986,61,354470
18493,0.001097,74.125.130.0-255,2902,118888,61,354470
18494,0.0011,172.31.40.0-255,66,118954,61,354470
18495,0.001113,74.125.130.0-255,2902,121856,61,354470
18496,0.001116,172.31.40.0-255,66,121922,61,354470
18497,0.001119,74.125.130.0-255,1484,123406,61,354470
18498,0.001142,74.125.130.0-255,4320,127726,61,354470
18499,0.001146,172.31.40.0-255,66,127792,61,354470
18500,0.001153,74.125.130.0-255,7156,134948,61,354470
18501,0.001155,172.31.40.0-255,66,135014,61,354470
18502,0.001181,74.125.130.0-255,4320,139334,61,354470
18503,0.001183,172.31.40.0-255,66,139400,61,354470
18504,0.001195,74.125.130.0-255,2184,141584,61,354470
18505,0.001198,172.31.40.0-255,66,141650,61,354470
18506,0.001269,74.125.130.0-255,1484,143134,61,354470
18507,0.001288,74.125.130.0-255,2902,146036,61,354470
18508,0.001291,172.31.40.0-255,66,146102,61,354470
18509,0.001297,74.125.130.0-255,4320,150422,61,354470
18510,0.001299,172.31.40.0-255,66,150488,61,354470
18511,0.001312,74.125.130.0-255,1484,151972,61,354470
18512,0.001317,74.125.130.0-255,2902,154874,61,354470
18513,0.001319,172.31.40.0-255,66,154940,61,354470
18514,0.001332,74.125.130.0-255,1484,156424,61,354470
18515,0.001357,74.125.130.0-255,5738,162162,61,354470
18516,0.001359,172.31.40.0-255,66,162228,61,354470
18517,0.001384,74.125.130.0-255,2902,165130,61,354470
18518,0.001387,172.31.40.0-255,66,165196,61,354470
18519,0.001398,172.31.40.0-255,66,165262,61,354470
18520,0.001418,74.125.130.0-255,2184,167446,61,354470
18521,0.00142,172.31.40.0-255,66,167512,61,354470
18522,0.001423,74.125.130.0-255,1484,168996,61,354470
18523,0.001441,74.125.130.0-255,1484,170480,61,354470
18524,0.001444,172.31.40.0-255,66,170546,61,354470
18525,0.001468,74.125.130.0-255,7156,177702,61,354470
18526,0.001471,172.31.40.0-255,66,177768,61,354470
18527,0.001475,74.125.130.0-255,2902,180670,61,354470
18528,0.001477,172.31.40.0-255,66,180736,61,354470
18529,0.001499,74.125.130.0-255,2902,183638,61,354470
18530,0.001502,172.31.40.0-255,66,183704,61,354470
18531,0.001535,172.31.40.0-255,66,183770,61,354470
18532,0.00154,74.125.130.0-255,4320,188090,61,354470
18533,0.001542,172.31.40.0-255,66,188156,61,354470
18534,0.001582,74.125.130.0-255,5738,193894,61,354470
18535,0.001586,172.31.40.0-255,66,193960,61,354470
18536,0.001611,172.31.40.0-255,66,194026,61,354470
18537,0.001622,74.125.130.0-255,3961,197987,61,354470
18538,0.001624,172.31.40.0-255,66,198053,61,354470
18539,0.001671,74.125.130.0-255,1484,199537,61,354470
18540,0.001687,74.125.130.0-255,2902,202439,61,354470
18541,0.00169,172.31.40.0-255,66,202505,61,354470
18542,0.001711,74.125.130.0-255,4320,206825,61,354470
18543,0.001714,172.31.40.0-255,66,206891,61,354470
18544,0.001736,74.125.130.0-255,1484,208375,61,354470
18545,0.001764,74.125.130.0-255,6797,215172,61,354470
18546,0.001767,172.31.40.0-255,66,215238,61,354470
18547,0.002051,74.125.130.0-255,1484,216722,61,354470
18548,0.00207,74.125.130.0-255,1484,218206,61,354470
18549,0.002073,172.31.40.0-255,66,218272,61,354470
18550,0.003802,74.125.130.0-255,2902,221174,61,354470
18551,0.00381,172.31.40.0-255,66,221240,61,354470
18552,0.004099,74.125.130.0-255,2902,224142,61,354470
18553,0.004102,172.31.40.0-255,66,224208,61,354470
18554,0.005851,74.125.130.0-255,2902,227110,61,354470
18555,0.005854,172.31.40.0-255,66,227176,61,354470
18556,0.006139,74.125.130.0-255,2902,230078,61,354470
18557,0.006142,172.31.40.0-255,66,230144,61,354470
18558,0.007889,74.125.130.0-255,2902,233046,61,354470
18559,0.007897,172.31.40.0-255,66,233112,61,354470
18560,0.008171,74.125.130.0-255,2902,236014,61,354470
18561,0.008176,172.31.40.0-255,66,236080,61,354470
18562,0.009926,74.125.130.0-255,2902,238982,61,354470
18563,0.009931,172.31.40.0-255,66,239048,61,354470
18564,0.010195,74.125.130.0-255,2902,241950,61,354470
18565,0.010197,172.31.40.0-255,66,242016,61,354470
18566,0.01199,74.125.130.0-255,2902,244918,61,354470
18567,0.012005,172.31.40.0-255,66,244984,61,354470
18568,0.012266,74.125.130.0-255,2902,247886,61,354470
18569,0.012271,172.31.40.0-255,66,247952,61,354470
18570,0.014055,74.125.130.0-255,2902,250854,61,354470
18571,0.014061,172.31.40.0-255,66,250920,61,354470
18572,0.014302,74.125.130.0-255,2902,253822,61,354470
18573,0.014309,172.31.40.0-255,66,253888,61,354470
18574,0.016103,74.125.130.0-255,2902,256790,61,354470
18575,0.016111,172.31.40.0-255,66,256856,61,354470
18576,0.016346,74.125.130.0-255,2902,259758,61,354470
18577,0.016352,172.31.40.0-255,66,259824,61,354470
18578,0.018142,74.125.130.0-255,2902,262726,61,354470
18579,0.01815,172.31.40.0-255,66,262792,61,354470
18580,0.018384,74.125.130.0-255,2902,265694,61,354470
18581,0.01839,172.31.40.0-255,66,265760,61,354470
18582,0.020195,74.125.130.0-255,2902,268662,61,354470
18583,0.020211,172.31.40.0-255,66,268728,61,354470
18584,0.020419,74.125.130.0-255,2902,271630,61,354470
18585,0.020424,172.31.40.0-255,66,271696,61,354470
18586,0.022258,74.125.130.0-255,2902,274598,61,354470
18587,0.022264,172.31.40.0-255,66,274664,61,354470
18588,0.022459,74.125.130.0-255,2902,277566,61,354470
18589,0.022464,172.31.40.0-255,66,277632,61,354470
18590,0.024303,74.125.130.0-255,2902,280534,61,354470
18591,0.024311,172.31.40.0-255,66,280600,61,354470
18592,0.024488,74.125.130.0-255,2902,283502,61,354470
18593,0.024492,172.31.40.0-255,66,283568,61,354470
18594,0.026344,74.125.130.0-255,2902,286470,61,354470
18595,0.02635,172.31.40.0-255,66,286536,61,354470
18596,0.026516,74.125.130.0-255,1484,288020,61,354470
18597,0.026537,74.125.130.0-255,1484,289504,61,354470
18598,0.02654,172.31.40.0-255,66,289570,61,354470
18599,0.028394,74.125.130.0-255,2902,292472,61,354470
18600,0.028402,172.31.40.0-255,66,292538,61,354470
18601,0.028572,74.125.130.0-255,2902,295440,61,354470
18602,0.028578,172.31.40.0-255,66,295506,61,354470
18603,0.030465,74.125.130.0-255,2902,298408,61,354470
18604,0.030478,172.31.40.0-255,66,298474,61,354470
18605,0.030605,74.125.130.0-255,2902,301376,61,354470
18606,0.03061,172.31.40.0-255,66,301442,61,354470
18607,0.032516,74.125.130.0-255,2902,304344,61,354470
18608,0.032524,172.31.40.0-255,66,304410,61,354470
18609,0.032642,74.125.130.0-255,2902,307312,61,354470
18610,0.032646,172.31.40.0-255,66,307378,61,354470
18611,0.034554,74.125.130.0-255,2902,310280,61,354470
18612,0.034559,172.31.40.0-255,66,310346,61,354470
18613,0.03467,74.125.130.0-255,2902,313248,61,354470
18614,0.034674,172.31.40.0-255,66,313314,61,354470
18615,0.036598,74.125.130.0-255,2902,316216,61,354470
18616,0.036608,172.31.40.0-255,66,316282,61,354470
18617,0.0367,74.125.130.0-255,2902,319184,61,354470
18618,0.036705,172.31.40.0-255,66,319250,61,354470
18619,0.038648,74.125.130.0-255,2902,322152,61,354470
18620,0.038663,172.31.40.0-255,66,322218,61,354470
18621,0.038741,74.125.130.0-255,2902,325120,61,354470
18622,0.038745,172.31.40.0-255,66,325186,61,354470
18623,0.040712,74.125.130.0-255,2902,328088,61,354470
18624,0.04072,172.31.40.0-255,66,328154,61,354470
18625,0.040769,74.125.130.0-255,2902,331056,61,354470
18626,0.040773,172.31.40.0-255,66,331122,61,354470
18627,0.042758,74.125.130.0-255,2902,334024,61,354470
18628,0.042765,172.31.40.0-255,66,334090,61,354470
18629,0.042792,74.125.130.0-255,2902,336992,61,354470
18630,0.042794,172.31.40.0-255,66,337058,61,354470
18631,0.04482,74.125.130.0-255,5738,342796,61,354470
18632,0.04483,172.31.40.0-255,66,342862,61,354470
18633,0.046866,74.125.130.0-255,5738,348600,61,354470
18634,0.046876,172.31.40.0-255,66,348666,61,354470
18635,0.048924,74.125.130.0-255,5738,354404,61,354470
18636,0.048931,172.31.40.0-255,66,354470,61,354470
18637,0.0,74.125.200.0-255,153,153,61,379580
18638,2.2e-05,172.31.40.0-255,66,219,61,379580
18639,2.9e-05,74.125.200.0-255,1484,1703,61,379580
18640,3.4e-05,172.31.40.0-255,66,1769,61,379580
18641,4e-05,74.125.200.0-255,2902,4671,61,379580
18642,4.3e-05,172.31.40.0-255,66,4737,61,379580
18643,4.6e-05,74.125.200.0-255,1484,6221,61,379580
18644,4.9e-05,172.31.40.0-255,66,6287,61,379580
18645,7.4e-05,74.125.200.0-255,1484,7771,61,379580
18646,7.6e-05,172.31.40.0-255,66,7837,61,379580
18647,8.2e-05,74.125.200.0-255,4320,12157,61,379580
18648,8.5e-05,172.31.40.0-255,66,12223,61,379580
18649,9.8e-05,74.125.200.0-255,2021,14244,61,379580
18650,0.000101,172.31.40.0-255,66,14310,61,379580
18651,0.000207,74.125.200.0-255,1484,15794,61,379580
18652,0.00021,172.31.40.0-255,66,15860,61,379580
18653,0.000235,74.125.200.0-255,2902,18762,61,379580
18654,0.000238,172.31.40.0-255,66,18828,61,379580
18655,0.000245,74.125.200.0-255,5738,24566,61,379580
18656,0.000247,172.31.40.0-255,66,24632,61,379580
18657,0.000253,74.125.200.0-255,5738,30370,61,379580
18658,0.000256,172.31.40.0-255,66,30436,61,379580
18659,0.000284,74.125.200.0-255,6797,37233,61,379580
18660,0.000287,172.31.40.0-255,66,37299,61,379580
18661,0.000316,172.31.40.0-255,66,37365,61,379580
18662,0.000351,74.125.200.0-255,2902,40267,61,379580
18663,0.000353,172.31.40.0-255,66,40333,61,379580
18664,0.000385,74.125.200.0-255,7156,47489,61,379580
18665,0.000387,172.31.40.0-255,66,47555,61,379580
18666,0.000398,172.31.40.0-255,66,47621,61,379580
18667,0.000401,74.125.200.0-255,766,48387,61,379580
18668,0.00043,74.125.200.0-255,425,48812,61,379580
18669,0.000479,74.125.200.0-255,1484,50296,61,379580
18670,0.000482,172.31.40.0-255,66,50362,61,379580
18671,0.000505,74.125.200.0-255,4320,54682,61,379580
18672,0.000508,172.31.40.0-255,66,54748,61,379580
18673,0.000511,74.125.200.0-255,1484,56232,61,379580
18674,0.00053,74.125.200.0-255,7156,63388,61,379580
18675,0.000532,172.31.40.0-255,66,63454,61,379580
18676,0.00055,74.125.200.0-255,1484,64938,61,379580
18677,0.00058,172.31.40.0-255,66,65004,61,379580
18678,0.000613,74.125.200.0-255,5379,70383,61,379580
18679,0.000617,172.31.40.0-255,66,70449,61,379580
18680,0.00064,74.125.200.0-255,4320,74769,61,379580
18681,0.000642,172.31.40.0-255,66,74835,61,379580
18682,0.000664,74.125.200.0-255,1484,76319,61,379580
18683,0.00067,74.125.200.0-255,5738,82057,61,379580
18684,0.000673,172.31.40.0-255,66,82123,61,379580
18685,0.000715,74.125.200.0-255,5379,87502,61,379580
18686,0.000718,172.31.40.0-255,66,87568,61,379580
18687,0.00078,74.125.200.0-255,1484,89052,61,379580
18688,0.000794,74.125.200.0-255,2902,91954,61,379580
18689,0.000796,172.31.40.0-255,66,92020,61,379580
18690,0.00082,74.125.200.0-255,5738,97758,61,379580
18691,0.000822,74.125.200.0-255,1484,99242,61,379580
18692,0.000826,172.31.40.0-255,66,99308,61,379580
18693,0.00085,74.125.200.0-255,5379,104687,61,379580
18694,0.000853,172.31.40.0-255,66,104753,61,379580
18695,0.001101,74.125.200.0-255,1484,106237,61,379580
18696,0.001108,74.125.200.0-255,2902,109139,61,379580
18697,0.001111,172.31.40.0-255,66,109205,61,379580
18698,0.001138,74.125.200.0-255,5738,114943,61,379580
18699,0.001141,172.31.40.0-255,66,115009,61,379580
18700,0.001147,74.125.200.0-255,4320,119329,61,379580
18701,0.001149,172.31.40.0-255,66,119395,61,379580
18702,0.001162,74.125.200.0-255,1484,120879,61,379580
18703,0.001183,74.125.200.0-255,7156,128035,61,379580
18704,0.001185,172.31.40.0-255,66,128101,61,379580
18705,0.001215,172.31.40.0-255,66,128167,61,379580
18706,0.001243,74.125.200.0-255,1484,129651,61,379580
18707,0.001256,74.125.200.0-255,2902,132553,61,379580
18708,0.001258,172.31.40.0-255,66,132619,61,379580
18709,0.001263,74.125.200.0-255,2902,135521,61,379580
18710,0.001265,172.31.40.0-255,66,135587,61,379580
18711,0.00128,74.125.200.0-255,2902,138489,61,379580
18712,0.001282,172.31.40.0-255,66,138555,61,379580
18713,0.001294,74.125.200.0-255,1484,140039,61,379580
18714,0.001314,74.125.200.0-255,5379,145418,61,379580
18715,0.001316,172.31.40.0-255,66,145484,61,379580
18716,0.001453,74.125.200.0-255,1484,146968,61,379580
18717,0.001466,74.125.200.0-255,2902,149870,61,379580
18718,0.001469,172.31.40.0-255,66,149936,61,379580
18719,0.001495,74.125.200.0-255,5738,155674,61,379580
18720,0.001498,172.31.40.0-255,66,155740,61,379580
18721,0.001502,74.125.200.0-255,2902,158642,61,379580
18722,0.001505,172.31.40.0-255,66,158708,61,379580
18723,0.001529,74.125.200.0-255,2902,161610,61,379580
18724,0.001531,172.31.40.0-255,66,161676,61,379580
18725,0.00154,74.125.200.0-255,7156,168832,61,379580
18726,0.001541,172.31.40.0-255,66,168898,61,379580
18727,0.00158,172.31.40.0-255,66,168964,61,379580
18728,0.001611,74.125.200.0-255,2184,171148,61,379580
18729,0.001614,172.31.40.0-255,66,171214,61,379580
18730,0.001645,74.125.200.0-255,2902,174116,61,379580
18731,0.001649,172.31.40.0-255,66,174182,61,379580
18732,0.001653,74.125.200.0-255,2902,177084,61,379580
18733,0.001655,172.31.40.0-255,66,177150,61,379580
18734,0.001661,74.125.200.0-255,4320,181470,61,379580
18735,0.001663,172.31.40.0-255,66,181536,61,379580
18736,0.001724,74.125.200.0-255,5738,187274,61,379580
18737,0.001728,172.31.40.0-255,66,187340,61,379580
18738,0.001744,74.125.200.0-255,2902,190242,61,379580
18739,0.001746,172.31.40.0-255,66,190308,61,379580
18740,0.001752,74.125.200.0-255,4320,194628,61,379580
18741,0.001754,172.31.40.0-255,66,194694,61,379580
18742,0.00176,74.125.200.0-255,5738,200432,61,379580
18743,0.001763,172.31.40.0-255,66,200498,61,379580
18744,0.001775,74.125.200.0-255,5020,205518,61,379580
18745,0.001777,172.31.40.0-255,66,205584,61,379580
18746,0.00181,74.125.200.0-255,1484,207068,61,379580
18747,0.001825,74.125.200.0-255,2902,209970,61,379580
18748,0.001827,172.31.40.0-255,66,210036,61,379580
18749,0.001832,74.125.200.0-255,2902,212938,61,379580
18750,0.001835,172.31.40.0-255,66,213004,61,379580
18751,0.001848,74.125.200.0-255,2902,215906,61,379580
18752,0.001852,172.31.40.0-255,66,215972,61,379580
18753,0.001857,74.125.200.0-255,4320,220292,61,379580
18754,0.00186,172.31.40.0-255,66,220358,61,379580
18755,0.001882,74.125.200.0-255,1484,221842,61,379580
18756,0.00189,74.125.200.0-255,7156,228998,61,379580
18757,0.001892,172.31.40.0-255,66,229064,61,379580
18758,0.001918,74.125.200.0-255,4320,233384,61,379580
18759,0.00192,172.31.40.0-255,66,233450,61,379580
18760,0.001946,74.125.200.0-255,6438,239888,61,379580
18761,0.001948,172.31.40.0-255,66,239954,61,379580
18762,0.001967,74.125.200.0-255,1484,241438,61,379580
18763,0.003904,74.125.200.0-255,4320,245758,61,379580
18764,0.003911,172.31.40.0-255,66,245824,61,379580
18765,0.005898,74.125.200.0-255,5738,251562,61,379580
18766,0.005904,172.31.40.0-255,66,251628,61,379580
18767,0.007852,74.125.200.0-255,2902,254530,61,379580
18768,0.007856,172.31.40.0-255,66,254596,61,379580
18769,0.007871,74.125.200.0-255,2902,257498,61,379580
18770,0.007873,172.31.40.0-255,66,257564,61,379580
18771,0.009804,74.125.200.0-255,2902,260466,61,379580
18772,0.009812,172.31.40.0-255,66,260532,61,379580
18773,0.009833,74.125.200.0-255,2902,263434,61,379580
18774,0.009837,172.31.40.0-255,66,263500,61,379580
18775,0.011784,74.125.200.0-255,5738,269238,61,379580
18776,0.0118,172.31.40.0-255,66,269304,61,379580
18777,0.013759,74.125.200.0-255,5738,275042,61,379580
18778,0.013766,172.31.40.0-255,66,275108,61,379580
18779,0.015732,74.125.200.0-255,5738,280846,61,379580
18780,0.01574,172.31.40.0-255,66,280912,61,379580
18781,0.017706,74.125.200.0-255,5738,286650,61,379580
18782,0.017715,172.31.40.0-255,66,286716,61,379580
18783,0.019672,74.125.200.0-255,5738,292454,61,379580
18784,0.019679,172.31.40.0-255,66,292520,61,379580
18785,0.021629,74.125.200.0-255,5738,298258,61,379580
18786,0.021637,172.31.40.0-255,66,298324,61,379580
18787,0.023593,74.125.200.0-255,5738,304062,61,379580
18788,0.023601,172.31.40.0-255,66,304128,61,379580
18789,0.025566,74.125.200.0-255,5738,309866,61,379580
18790,0.025574,172.31.40.0-255,66,309932,61,379580
18791,0.027551,74.125.200.0-255,5738,315670,61,379580
18792,0.027567,172.31.40.0-255,66,315736,61,379580
18793,0.029522,74.125.200.0-255,5738,321474,61,379580
18794,0.02953,172.31.40.0-255,66,321540,61,379580
18795,0.031543,74.125.200.0-255,5738,327278,61,379580
18796,0.03155,172.31.40.0-255,66,327344,61,379580
18797,0.033502,74.125.200.0-255,5738,333082,61,379580
18798,0.03351,172.31.40.0-255,66,333148,61,379580
18799,0.035487,74.125.200.0-255,5738,338886,61,379580
18800,0.035503,172.31.40.0-255,66,338952,61,379580
18801,0.037466,74.125.200.0-255,5738,344690,61,379580
18802,0.037474,172.31.40.0-255,66,344756,61,379580
18803,0.039428,74.125.200.0-255,5738,350494,61,379580
18804,0.039439,172.31.40.0-255,66,350560,61,379580
18805,0.041403,74.125.200.0-255,5738,356298,61,379580
18806,0.041419,172.31.40.0-255,66,356364,61,379580
18807,0.043376,74.125.200.0-255,5738,362102,61,379580
18808,0.043383,172.31.40.0-255,66,362168,61,379580
18809,0.045333,74.125.200.0-255,5738,367906,61,379580
18810,0.04534,172.31.40.0-255,66,367972,61,379580
18811,0.047329,74.125.200.0-255,5738,373710,61,379580
18812,0.047339,172.31.40.0-255,66,373776,61,379580
18813,0.049289,74.125.200.0-255,5738,379514,61,379580
18814,0.049296,172.31.40.0-255,66,379580,61,379580
18815,0.0,74.125.68.0-255,151,151,61,249573
18816,3.4e-05,172.31.40.0-255,66,217,61,249573
18817,4.3e-05,74.125.68.0-255,1484,1701,61,249573
18818,4.8e-05,172.31.40.0-255,66,1767,61,249573
18819,5.5e-05,74.125.68.0-255,2902,4669,61,249573
18820,5.9e-05,172.31.40.0-255,66,4735,61,249573
18821,6.4e-05,74.125.68.0-255,4320,9055,61,249573
18822,6.9e-05,172.31.40.0-255,66,9121,61,249573
18823,9.1e-05,74.125.68.0-255,4786,13907,61,249573
18824,9.4e-05,172.31.40.0-255,66,13973,61,249573
18825,0.000116,74.125.68.0-255,1484,15457,61,249573
18826,0.000119,172.31.40.0-255,66,15523,61,249573
18827,0.000139,74.125.68.0-255,4320,19843,61,249573
18828,0.000141,172.31.40.0-255,66,19909,61,249573
18829,0.000186,74.125.68.0-255,7156,27065,61,249573
18830,0.000189,172.31.40.0-255,66,27131,61,249573
18831,0.000194,74.125.68.0-255,3961,31092,61,249573
18832,0.000197,172.31.40.0-255,66,31158,61,249573
18833,0.000293,74.125.68.0-255,1484,32642,61,249573
18834,0.000296,172.31.40.0-255,66,32708,61,249573
18835,0.000299,74.125.68.0-255,1484,34192,61,249573
18836,0.000301,172.31.40.0-255,66,34258,61,249573
18837,0.000316,74.125.68.0-255,1484,35742,61,249573
18838,0.000319,172.31.40.0-255,66,35808,61,249573
18839,0.000324,74.125.68.0-255,2902,38710,61,249573
18840,0.000326,172.31.40.0-255,66,38776,61,249573
18841,0.000363,74.125.68.0-255,2902,41678,61,249573
18842,0.000366,172.31.40.0-255,66,41744,61,249573
18843,0.000387,74.125.68.0-255,1484,43228,61,249573
18844,0.00039,172.31.40.0-255,66,43294,61,249573
18845,0.000403,172.31.40.0-255,66,43360,61,249573
18846,0.000408,74.125.68.0-255,2902,46262,61,249573
18847,0.00041,172.31.40.0-255,66,46328,61,249573
18848,0.00043,74.125.68.0-255,7156,53484,61,249573
18849,0.000432,172.31.40.0-255,66,53550,61,249573
18850,0.000436,74.125.68.0-255,2817,56367,61,249573
18851,0.000439,172.31.40.0-255,66,56433,61,249573
18852,0.000443,74.125.68.0-255,131,56564,61,249573
18853,0.000755,74.125.68.0-255,349,56913,61,249573
18854,0.001062,74.125.68.0-255,1484,58397,61,249573
18855,0.001067,172.31.40.0-255,66,58463,61,249573
18856,0.001073,74.125.68.0-255,2902,61365,61,249573
18857,0.001076,172.31.40.0-255,66,61431,61,249573
18858,0.001093,74.125.68.0-255,2902,64333,61,249573
18859,0.001095,172.31.40.0-255,66,64399,61,249573
18860,0.001101,74.125.68.0-255,4320,68719,61,249573
18861,0.001103,172.31.40.0-255,66,68785,61,249573
18862,0.001131,74.125.68.0-255,5738,74523,61,249573
18863,0.001134,172.31.40.0-255,66,74589,61,249573
18864,0.00115,74.125.68.0-255,2902,77491,61,249573
18865,0.001152,172.31.40.0-255,66,77557,61,249573
18866,0.001167,74.125.68.0-255,1484,79041,61,249573
18867,0.001207,172.31.40.0-255,66,79107,61,249573
18868,0.00123,74.125.68.0-255,3602,82709,61,249573
18869,0.001233,172.31.40.0-255,66,82775,61,249573
18870,0.001331,74.125.68.0-255,1484,84259,61,249573
18871,0.001348,74.125.68.0-255,2902,87161,61,249573
18872,0.001352,172.31.40.0-255,66,87227,61,249573
18873,0.001386,74.125.68.0-255,4320,91547,61,249573
18874,0.00139,172.31.40.0-255,66,91613,61,249573
18875,0.00141,74.125.68.0-255,1484,93097,61,249573
18876,0.001415,74.125.68.0-255,2902,95999,61,249573
18877,0.001418,172.31.40.0-255,66,96065,61,249573
18878,0.001423,74.125.68.0-255,4320,100385,61,249573
18879,0.001425,172.31.40.0-255,66,100451,61,249573
18880,0.001452,74.125.68.0-255,7156,107607,61,249573
18881,0.001455,172.31.40.0-255,66,107673,61,249573
18882,0.001485,172.31.40.0-255,66,107739,61,249573
18883,0.001488,74.125.68.0-255,766,108505,61,249573
18884,0.001726,74.125.68.0-255,1484,109989,61,249573
18885,0.00173,172.31.40.0-255,66,110055,61,249573
18886,0.001735,74.125.68.0-255,2902,112957,61,249573
18887,0.001738,172.31.40.0-255,66,113023,61,249573
18888,0.00177,74.125.68.0-255,5738,118761,61,249573
18889,0.001772,172.31.40.0-255,66,118827,61,249573
18890,0.00179,74.125.68.0-255,2902,121729,61,249573
18891,0.001792,172.31.40.0-255,66,121795,61,249573
18892,0.001818,172.31.40.0-255,66,121861,61,249573
18893,0.001842,74.125.68.0-255,1484,123345,61,249573
18894,0.001866,172.31.40.0-255,66,123411,61,249573
18895,0.004111,74.125.68.0-255,5738,129149,61,249573
18896,0.004123,172.31.40.0-255,66,129215,61,249573
18897,0.006371,74.125.68.0-255,5738,134953,61,249573
18898,0.006379,172.31.40.0-255,66,135019,61,249573
18899,0.008696,74.125.68.0-255,5738,140757,61,249573
18900,0.008714,172.31.40.0-255,66,140823,61,249573
18901,0.010991,74.125.68.0-255,5738,146561,61,249573
18902,0.011005,172.31.40.0-255,66,146627,61,249573
18903,0.013295,74.125.68.0-255,5738,152365,61,249573
18904,0.013311,172.31.40.0-255,66,152431,61,249573
18905,0.015613,74.125.68.0-255,5738,158169,61,249573
18906,0.015629,172.31.40.0-255,66,158235,61,249573
18907,0.017902,74.125.68.0-255,5738,163973,61,249573
18908,0.017922,172.31.40.0-255,66,164039,61,249573
18909,0.020187,74.125.68.0-255,5738,169777,61,249573
18910,0.020202,172.31.40.0-255,66,169843,61,249573
18911,0.022484,74.125.68.0-255,5738,175581,61,249573
18912,0.022501,172.31.40.0-255,66,175647,61,249573
18913,0.024761,74.125.68.0-255,5738,181385,61,249573
18914,0.024771,172.31.40.0-255,66,181451,61,249573
18915,0.027018,74.125.68.0-255,5738,187189,61,249573
18916,0.027027,172.31.40.0-255,66,187255,61,249573
18917,0.029298,74.125.68.0-255,5738,192993,61,249573
18918,0.029314,172.31.40.0-255,66,193059,61,249573
18919,0.031576,74.125.68.0-255,5738,198797,61,249573
18920,0.03159,172.31.40.0-255,66,198863,61,249573
18921,0.033857,74.125.68.0-255,5738,204601,61,249573
18922,0.033875,172.31.40.0-255,66,204667,61,249573
18923,0.036132,74.125.68.0-255,5738,210405,61,249573
18924,0.036141,172.31.40.0-255,66,210471,61,249573
18925,0.038399,74.125.68.0-255,5738,216209,61,249573
18926,0.038405,172.31.40.0-255,66,216275,61,249573
18927,0.039428,172.31.40.0-255,171,216446,61,249573
18928,0.039464,172.31.40.0-255,1119,217565,61,249573
18929,0.039524,172.31.40.0-255,1514,219079,61,249573
18930,0.039526,172.31.40.0-255,1276,220355,61,249573
18931,0.040659,74.125.68.0-255,5738,226093,61,249573
18932,0.040677,172.31.40.0-255,66,226159,61,249573
18933,0.040978,104.244.42.0-255,66,226225,61,249573
18934,0.041021,104.244.42.0-255,66,226291,61,249573
18935,0.041068,104.244.42.0-255,66,226357,61,249573
18936,0.042927,74.125.68.0-255,5738,232095,61,249573
18937,0.042957,172.31.40.0-255,66,232161,61,249573
18938,0.045239,74.125.68.0-255,5738,237899,61,249573
18939,0.045259,172.31.40.0-255,66,237965,61,249573
18940,0.047531,74.125.68.0-255,5738,243703,61,249573
18941,0.047546,172.31.40.0-255,66,243769,61,249573
18942,0.049818,74.125.68.0-255,5738,249507,61,249573
18943,0.049836,172.31.40.0-255,66,249573,61,249573
18944,0.0,74.125.24.0-255,152,152,61,92347
18945,1.8e-05,172.31.40.0-255,66,218,61,92347
18946,2.6e-05,74.125.24.0-255,1484,1702,61,92347
18947,3e-05,172.31.40.0-255,66,1768,61,92347
18948,3.6e-05,74.125.24.0-255,2902,4670,61,92347
18949,4.6e-05,172.31.40.0-255,66,4736,61,92347
18950,5e-05,74.125.24.0-255,1484,6220,61,92347
18951,5.2e-05,172.31.40.0-255,66,6286,61,92347
18952,6.4e-05,172.31.40.0-255,66,6352,61,92347
18953,8.6e-05,74.125.24.0-255,645,6997,61,92347
18954,9.3e-05,172.31.40.0-255,66,7063,61,92347
18955,0.0001,74.125.24.0-255,5738,12801,61,92347
18956,0.000103,172.31.40.0-255,66,12867,61,92347
18957,0.000147,172.31.40.0-255,66,12933,61,92347
18958,0.000455,74.125.24.0-255,1484,14417,61,92347
18959,0.00046,172.31.40.0-255,66,14483,61,92347
18960,0.000466,74.125.24.0-255,2902,17385,61,92347
18961,0.000468,172.31.40.0-255,66,17451,61,92347
18962,0.000495,74.125.24.0-255,4320,21771,61,92347
18963,0.000499,172.31.40.0-255,66,21837,61,92347
18964,0.000538,74.125.24.0-255,1484,23321,61,92347
18965,0.000541,172.31.40.0-255,66,23387,61,92347
18966,0.000544,74.125.24.0-255,1484,24871,61,92347
18967,0.000547,172.31.40.0-255,66,24937,61,92347
18968,0.000563,172.31.40.0-255,66,25003,61,92347
18969,0.000577,172.31.40.0-255,66,25069,61,92347
18970,0.000936,74.125.24.0-255,126,25195,61,92347
18971,0.00094,172.31.40.0-255,66,25261,61,92347
18972,0.001273,74.125.24.0-255,1484,26745,61,92347
18973,0.001284,74.125.24.0-255,2902,29647,61,92347
18974,0.001288,172.31.40.0-255,66,29713,61,92347
18975,0.001296,74.125.24.0-255,5738,35451,61,92347
18976,0.001298,172.31.40.0-255,66,35517,61,92347
18977,0.001339,172.31.40.0-255,66,35583,61,92347
18978,0.001342,74.125.24.0-255,1484,37067,61,92347
18979,0.001378,172.31.40.0-255,66,37133,61,92347
18980,0.001435,74.125.24.0-255,1484,38617,61,92347
18981,0.001441,74.125.24.0-255,2902,41519,61,92347
18982,0.001444,172.31.40.0-255,66,41585,61,92347
18983,0.001449,74.125.24.0-255,2902,44487,61,92347
18984,0.001451,172.31.40.0-255,66,44553,61,92347
18985,0.001484,74.125.24.0-255,2902,47455,61,92347
18986,0.001487,172.31.40.0-255,66,47521,61,92347
18987,0.001505,172.31.40.0-255,66,47587,61,92347
18988,0.001516,172.31.40.0-255,66,47653,61,92347
18989,0.001539,74.125.24.0-255,766,48419,61,92347
18990,0.001563,74.125.24.0-255,5738,54157,61,92347
18991,0.001567,172.31.40.0-255,66,54223,61,92347
18992,0.001609,172.31.40.0-255,66,54289,61,92347
18993,0.001612,74.125.24.0-255,1484,55773,61,92347
18994,0.001624,172.31.40.0-255,66,55839,61,92347
18995,0.001671,172.31.40.0-255,66,55905,61,92347
18996,0.001695,172.31.40.0-255,66,55971,61,92347
18997,0.001716,74.125.24.0-255,5020,60991,61,92347
18998,0.001719,172.31.40.0-255,66,61057,61,92347
18999,0.001744,172.31.40.0-255,66,61123,61,92347
19000,0.001789,74.125.24.0-255,7156,68279,61,92347
19001,0.001792,172.31.40.0-255,66,68345,61,92347
19002,0.00184,172.31.40.0-255,66,68411,61,92347
19003,0.001847,74.125.24.0-255,6438,74849,61,92347
19004,0.00185,172.31.40.0-255,66,74915,61,92347
19005,0.001876,172.31.40.0-255,66,74981,61,92347
19006,0.001881,74.125.24.0-255,4320,79301,61,92347
19007,0.001884,172.31.40.0-255,66,79367,61,92347
19008,0.001941,172.31.40.0-255,66,79433,61,92347
19009,0.001947,74.125.24.0-255,5738,85171,61,92347
19010,0.00195,172.31.40.0-255,66,85237,61,92347
19011,0.002006,172.31.40.0-255,66,85303,61,92347
19012,0.00203,172.31.40.0-255,66,85369,61,92347
19013,0.002063,74.125.24.0-255,6438,91807,61,92347
19014,0.002066,172.31.40.0-255,66,91873,61,92347
19015,0.002086,172.31.40.0-255,66,91939,61,92347
19016,0.002099,172.31.40.0-255,66,92005,61,92347
19017,0.002102,74.125.24.0-255,105,92110,61,92347
19018,0.014852,172.31.40.0-255,66,92176,61,92347
19019,0.014902,172.31.40.0-255,105,92281,61,92347
19020,0.017182,74.125.24.0-255,66,92347,61,92347
19021,0.0,172.217.194.0-255,153,153,61,242779
19022,2.4e-05,172.31.40.0-255,66,219,61,242779
19023,3.2e-05,172.217.194.0-255,1484,1703,61,242779
19024,3.6e-05,172.31.40.0-255,66,1769,61,242779
19025,4.1e-05,172.217.194.0-255,2902,4671,61,242779
19026,5.7e-05,172.31.40.0-255,66,4737,61,242779
19027,6.3e-05,172.217.194.0-255,5738,10475,61,242779
19028,6.7e-05,172.31.40.0-255,66,10541,61,242779
19029,7.3e-05,172.217.194.0-255,4320,14861,61,242779
19030,7.6e-05,172.31.40.0-255,66,14927,61,242779
19031,0.000126,172.31.40.0-255,66,14993,61,242779
19032,0.000132,172.217.194.0-255,5738,20731,61,242779
19033,0.000135,172.31.40.0-255,66,20797,61,242779
19034,0.000139,172.217.194.0-255,2543,23340,61,242779
19035,0.000141,172.31.40.0-255,66,23406,61,242779
19036,0.000145,172.217.194.0-255,2902,26308,61,242779
19037,0.000149,172.31.40.0-255,66,26374,61,242779
19038,0.000154,172.217.194.0-255,4320,30694,61,242779
19039,0.000157,172.31.40.0-255,66,30760,61,242779
19040,0.00017,172.217.194.0-255,2902,33662,61,242779
19041,0.000172,172.31.40.0-255,66,33728,61,242779
19042,0.000213,172.217.194.0-255,5379,39107,61,242779
19043,0.000216,172.31.40.0-255,66,39173,61,242779
19044,0.000742,172.217.194.0-255,1484,40657,61,242779
19045,0.000746,172.31.40.0-255,66,40723,61,242779
19046,0.000752,172.217.194.0-255,2902,43625,61,242779
19047,0.000755,172.31.40.0-255,66,43691,61,242779
19048,0.000766,172.217.194.0-255,5738,49429,61,242779
19049,0.000768,172.31.40.0-255,66,49495,61,242779
19050,0.000796,172.217.194.0-255,6797,56292,61,242779
19051,0.0008,172.31.40.0-255,66,56358,61,242779
19052,0.000831,172.217.194.0-255,7156,63514,61,242779
19053,0.000834,172.31.40.0-255,66,63580,61,242779
19054,0.000868,172.31.40.0-255,66,63646,61,242779
19055,0.00091,172.217.194.0-255,7156,70802,61,242779
19056,0.000913,172.31.40.0-255,66,70868,61,242779
19057,0.000952,172.31.40.0-255,66,70934,61,242779
19058,0.001466,172.217.194.0-255,1484,72418,61,242779
19059,0.001473,172.217.194.0-255,1484,73902,61,242779
19060,0.001477,172.31.40.0-255,66,73968,61,242779
19061,0.0015,172.217.194.0-255,1484,75452,61,242779
19062,0.001507,172.217.194.0-255,5738,81190,61,242779
19063,0.001511,172.31.40.0-255,66,81256,61,242779
19064,0.001518,172.217.194.0-255,7156,88412,61,242779
19065,0.00152,172.31.40.0-255,66,88478,61,242779
19066,0.001523,172.217.194.0-255,1484,89962,61,242779
19067,0.001573,172.31.40.0-255,66,90028,61,242779
19068,0.001577,172.217.194.0-255,2184,92212,61,242779
19069,0.00158,172.31.40.0-255,66,92278,61,242779
19070,0.001584,172.217.194.0-255,2902,95180,61,242779
19071,0.001586,172.31.40.0-255,66,95246,61,242779
19072,0.001594,172.217.194.0-255,7156,102402,61,242779
19073,0.001597,172.31.40.0-255,66,102468,61,242779
19074,0.0016,172.217.194.0-255,1484,103952,61,242779
19075,0.001641,172.31.40.0-255,66,104018,61,242779
19076,0.001679,172.31.40.0-255,66,104084,61,242779
19077,0.001831,172.217.194.0-255,1484,105568,61,242779
19078,0.001854,172.217.194.0-255,2902,108470,61,242779
19079,0.001858,172.31.40.0-255,66,108536,61,242779
19080,0.001865,172.217.194.0-255,5738,114274,61,242779
19081,0.001867,172.31.40.0-255,66,114340,61,242779
19082,0.001871,172.217.194.0-255,1484,115824,61,242779
19083,0.001918,172.31.40.0-255,66,115890,61,242779
19084,0.001922,172.217.194.0-255,2902,118792,61,242779
19085,0.001925,172.31.40.0-255,66,118858,61,242779
19086,0.001963,172.31.40.0-255,66,118924,61,242779
19087,0.002653,172.217.194.0-255,1484,120408,61,242779
19088,0.002659,172.217.194.0-255,2902,123310,61,242779
19089,0.002663,172.31.40.0-255,66,123376,61,242779
19090,0.002671,172.217.194.0-255,4320,127696,61,242779
19091,0.002673,172.31.40.0-255,66,127762,61,242779
19092,0.002703,172.217.194.0-255,1484,129246,61,242779
19093,0.002716,172.31.40.0-255,66,129312,61,242779
19094,0.002739,172.217.194.0-255,1484,130796,61,242779
19095,0.002763,172.217.194.0-255,5738,136534,61,242779
19096,0.002766,172.31.40.0-255,66,136600,61,242779
19097,0.002795,172.217.194.0-255,5020,141620,61,242779
19098,0.002798,172.31.40.0-255,66,141686,61,242779
19099,0.002803,172.217.194.0-255,2902,144588,61,242779
19100,0.002805,172.31.40.0-255,66,144654,61,242779
19101,0.002854,172.31.40.0-255,66,144720,61,242779
19102,0.00286,172.217.194.0-255,4320,149040,61,242779
19103,0.002862,172.31.40.0-255,66,149106,61,242779
19104,0.002874,172.217.194.0-255,5738,154844,61,242779
19105,0.002876,172.31.40.0-255,66,154910,61,242779
19106,0.002888,172.31.40.0-255,66,154976,61,242779
19107,0.002891,172.217.194.0-255,766,155742,61,242779
19108,0.002982,172.217.194.0-255,1484,157226,61,242779
19109,0.002986,172.31.40.0-255,66,157292,61,242779
19110,0.002991,172.217.194.0-255,2902,160194,61,242779
19111,0.002994,172.31.40.0-255,66,160260,61,242779
19112,0.003024,172.217.194.0-255,5738,165998,61,242779
19113,0.003026,172.31.40.0-255,66,166064,61,242779
19114,0.003033,172.217.194.0-255,5738,171802,61,242779
19115,0.003035,172.31.40.0-255,66,171868,61,242779
19116,0.003048,172.31.40.0-255,66,171934,61,242779
19117,0.003106,172.217.194.0-255,5020,176954,61,242779
19118,0.003108,172.31.40.0-255,66,177020,61,242779
19119,0.003112,172.217.194.0-255,1484,178504,61,242779
19120,0.003131,172.217.194.0-255,4320,182824,61,242779
19121,0.003134,172.31.40.0-255,66,182890,61,242779
19122,0.003137,172.217.194.0-255,1484,184374,61,242779
19123,0.003139,172.217.194.0-255,1484,185858,61,242779
19124,0.003142,172.31.40.0-255,66,185924,61,242779
19125,0.003175,172.217.194.0-255,5738,191662,61,242779
19126,0.003178,172.31.40.0-255,66,191728,61,242779
19127,0.003199,172.31.40.0-255,66,191794,61,242779
19128,0.003229,172.217.194.0-255,4320,196114,61,242779
19129,0.003232,172.31.40.0-255,66,196180,61,242779
19130,0.003238,172.217.194.0-255,5020,201200,61,242779
19131,0.003241,172.31.40.0-255,66,201266,61,242779
19132,0.003246,172.217.194.0-255,4320,205586,61,242779
19133,0.003248,172.31.40.0-255,66,205652,61,242779
19134,0.003286,172.217.194.0-255,1484,207136,61,242779
19135,0.003294,172.217.194.0-255,7156,214292,61,242779
19136,0.003297,172.31.40.0-255,66,214358,61,242779
19137,0.003305,172.217.194.0-255,7156,221514,61,242779
19138,0.003307,172.31.40.0-255,66,221580,61,242779
19139,0.003321,172.31.40.0-255,66,221646,61,242779
19140,0.003325,172.217.194.0-255,2902,224548,61,242779
19141,0.003327,172.31.40.0-255,66,224614,61,242779
19142,0.003375,172.31.40.0-255,66,224680,61,242779
19143,0.00339,172.31.40.0-255,66,224746,61,242779
19144,0.003396,172.217.194.0-255,3602,228348,61,242779
19145,0.003398,172.31.40.0-255,66,228414,61,242779
19146,0.00345,172.31.40.0-255,66,228480,61,242779
19147,0.003475,172.217.194.0-255,4876,233356,61,242779
19148,0.003479,172.31.40.0-255,66,233422,61,242779
19149,0.003482,172.217.194.0-255,105,233527,61,242779
19150,0.010666,172.31.40.0-255,66,233593,61,242779
19151,0.010702,172.31.40.0-255,105,233698,61,242779
19152,0.013014,172.217.194.0-255,66,233764,61,242779
19153,0.046601,172.31.40.0-255,172,233936,61,242779
19154,0.04663,172.31.40.0-255,1119,235055,61,242779
19155,0.046687,172.31.40.0-255,1514,236569,61,242779
19156,0.046689,172.31.40.0-255,1514,238083,61,242779
19157,0.046694,172.31.40.0-255,1514,239597,61,242779
19158,0.046695,172.31.40.0-255,1514,241111,61,242779
19159,0.046719,172.31.40.0-255,1470,242581,61,242779
19160,0.04815,104.244.42.0-255,66,242647,61,242779
19161,0.04825,104.244.42.0-255,66,242713,61,242779
19162,0.04827,104.244.42.0-255,66,242779,61,242779
19163,0.0,172.217.194.0-255,152,152,61,153120
19164,1.8e-05,172.31.40.0-255,66,218,61,153120
19165,2.4e-05,172.217.194.0-255,1484,1702,61,153120
19166,2.9e-05,172.31.40.0-255,66,1768,61,153120
19167,4.2e-05,172.217.194.0-255,2902,4670,61,153120
19168,4.6e-05,172.31.40.0-255,66,4736,61,153120
19169,5.3e-05,172.217.194.0-255,7156,11892,61,153120
19170,5.7e-05,172.31.40.0-255,66,11958,61,153120
19171,6.3e-05,172.217.194.0-255,3417,15375,61,153120
19172,6.6e-05,172.31.40.0-255,66,15441,61,153120
19173,0.000111,172.31.40.0-255,66,15507,61,153120
19174,0.000115,172.217.194.0-255,2543,18050,61,153120
19175,0.000118,172.31.40.0-255,66,18116,61,153120
19176,0.000209,172.217.194.0-255,1484,19600,61,153120
19177,0.000213,172.31.40.0-255,66,19666,61,153120
19178,0.000218,172.217.194.0-255,2902,22568,61,153120
19179,0.000221,172.31.40.0-255,66,22634,61,153120
19180,0.000237,172.217.194.0-255,1484,24118,61,153120
19181,0.000239,172.31.40.0-255,66,24184,61,153120
19182,0.000263,172.217.194.0-255,4320,28504,61,153120
19183,0.000266,172.31.40.0-255,66,28570,61,153120
19184,0.000283,172.31.40.0-255,66,28636,61,153120
19185,0.000309,172.217.194.0-255,2543,31179,61,153120
19186,0.000312,172.31.40.0-255,66,31245,61,153120
19187,0.000323,172.31.40.0-255,66,31311,61,153120
19188,0.000516,172.217.194.0-255,99,31410,61,153120
19189,0.000521,172.31.40.0-255,66,31476,61,153120
19190,0.000557,172.217.194.0-255,1484,32960,61,153120
19191,0.000561,172.31.40.0-255,66,33026,61,153120
19192,0.000566,172.217.194.0-255,2902,35928,61,153120
19193,0.000569,172.31.40.0-255,66,35994,61,153120
19194,0.000573,172.217.194.0-255,2902,38896,61,153120
19195,0.00058,172.31.40.0-255,66,38962,61,153120
19196,0.000613,172.217.194.0-255,2902,41864,61,153120
19197,0.000616,172.31.40.0-255,66,41930,61,153120
19198,0.000635,172.31.40.0-255,66,41996,61,153120
19199,0.000648,172.31.40.0-255,66,42062,61,153120
19200,0.000737,172.217.194.0-255,1484,43546,61,153120
19201,0.000743,172.217.194.0-255,2902,46448,61,153120
19202,0.000746,172.31.40.0-255,66,46514,61,153120
19203,0.000752,172.217.194.0-255,4320,50834,61,153120
19204,0.000755,172.31.40.0-255,66,50900,61,153120
19205,0.000784,172.217.194.0-255,1484,52384,61,153120
19206,0.000799,172.31.40.0-255,66,52450,61,153120
19207,0.000824,172.217.194.0-255,2902,55352,61,153120
19208,0.000826,172.31.40.0-255,66,55418,61,153120
19209,0.000866,172.31.40.0-255,66,55484,61,153120
19210,0.000878,172.31.40.0-255,66,55550,61,153120
19211,0.000898,172.31.40.0-255,66,55616,61,153120
19212,0.000929,172.217.194.0-255,4320,59936,61,153120
19213,0.000932,172.31.40.0-255,66,60002,61,153120
19214,0.000957,172.217.194.0-255,2184,62186,61,153120
19215,0.000962,172.31.40.0-255,66,62252,61,153120
19216,0.001031,172.217.194.0-255,1484,63736,61,153120
19217,0.001036,172.217.194.0-255,2902,66638,61,153120
19218,0.001045,172.31.40.0-255,66,66704,61,153120
19219,0.00105,172.217.194.0-255,2902,69606,61,153120
19220,0.001052,172.31.40.0-255,66,69672,61,153120
19221,0.001077,172.217.194.0-255,2902,72574,61,153120
19222,0.00108,172.31.40.0-255,66,72640,61,153120
19223,0.001092,172.31.40.0-255,66,72706,61,153120
19224,0.001123,172.217.194.0-255,2902,75608,61,153120
19225,0.001126,172.31.40.0-255,66,75674,61,153120
19226,0.001143,172.31.40.0-255,66,75740,61,153120
19227,0.001154,172.31.40.0-255,66,75806,61,153120
19228,0.001201,172.217.194.0-255,5738,81544,61,153120
19229,0.001204,172.31.40.0-255,66,81610,61,153120
19230,0.001232,172.217.194.0-255,4320,85930,61,153120
19231,0.001234,172.31.40.0-255,66,85996,61,153120
19232,0.001257,172.31.40.0-255,66,86062,61,153120
19233,0.001296,172.217.194.0-255,1484,87546,61,153120
19234,0.001313,172.217.194.0-255,2902,90448,61,153120
19235,0.001316,172.31.40.0-255,66,90514,61,153120
19236,0.00132,172.217.194.0-255,1484,91998,61,153120
19237,0.001343,172.217.194.0-255,4320,96318,61,153120
19238,0.001346,172.31.40.0-255,66,96384,61,153120
19239,0.001369,172.31.40.0-255,66,96450,61,153120
19240,0.001408,172.217.194.0-255,4320,100770,61,153120
19241,0.001411,172.31.40.0-255,66,100836,61,153120
19242,0.001447,172.31.40.0-255,66,100902,61,153120
19243,0.001503,172.217.194.0-255,1484,102386,61,153120
19244,0.001509,172.217.194.0-255,2902,105288,61,153120
19245,0.001512,172.31.40.0-255,66,105354,61,153120
19246,0.001519,172.217.194.0-255,5738,111092,61,153120
19247,0.001521,172.31.40.0-255,66,111158,61,153120
19248,0.001537,172.217.194.0-255,1484,112642,61,153120
19249,0.001569,172.31.40.0-255,66,112708,61,153120
19250,0.001623,172.31.40.0-255,66,112774,61,153120
19251,0.001628,172.217.194.0-255,2184,114958,61,153120
19252,0.00163,172.31.40.0-255,66,115024,61,153120
19253,0.001646,172.31.40.0-255,66,115090,61,153120
19254,0.001685,172.217.194.0-255,2902,117992,61,153120
19255,0.001688,172.31.40.0-255,66,118058,61,153120
19256,0.001713,172.31.40.0-255,66,118124,61,153120
19257,0.001717,172.217.194.0-255,2902,121026,61,153120
19258,0.001719,172.31.40.0-255,66,121092,61,153120
19259,0.001725,172.217.194.0-255,4320,125412,61,153120
19260,0.001727,172.31.40.0-255,66,125478,61,153120
19261,0.001737,172.31.40.0-255,66,125544,61,153120
19262,0.001787,172.31.40.0-255,66,125610,61,153120
19263,0.001791,172.217.194.0-255,2184,127794,61,153120
19264,0.001793,172.31.40.0-255,66,127860,61,153120
19265,0.001817,172.217.194.0-255,2902,130762,61,153120
19266,0.00182,172.31.40.0-255,66,130828,61,153120
19267,0.001823,172.217.194.0-255,1484,132312,61,153120
19268,0.001855,172.217.194.0-255,5738,138050,61,153120
19269,0.001857,172.31.40.0-255,66,138116,61,153120
19270,0.001869,172.31.40.0-255,66,138182,61,153120
19271,0.001892,172.217.194.0-255,7156,145338,61,153120
19272,0.001895,172.31.40.0-255,66,145404,61,153120
19273,0.001944,172.31.40.0-255,66,145470,61,153120
19274,0.001992,172.217.194.0-255,2902,148372,61,153120
19275,0.001995,172.31.40.0-255,66,148438,61,153120
19276,0.002017,172.31.40.0-255,66,148504,61,153120
19277,0.00202,172.217.194.0-255,105,148609,61,153120
19278,0.011297,172.31.40.0-255,66,148675,61,153120
19279,0.011382,172.31.40.0-255,105,148780,61,153120
19280,0.013468,172.217.194.0-255,66,148846,61,153120
19281,0.032086,172.31.40.0-255,167,149013,61,153120
19282,0.032115,172.31.40.0-255,1119,150132,61,153120
19283,0.032173,172.31.40.0-255,1514,151646,61,153120
19284,0.032175,172.31.40.0-255,1276,152922,61,153120
19285,0.033636,104.244.42.0-255,66,152988,61,153120
19286,0.033667,104.244.42.0-255,66,153054,61,153120
19287,0.033714,104.244.42.0-255,66,153120,61,153120
19288,0.0,172.217.194.0-255,152,152,61,274672
19289,2.3e-05,172.31.40.0-255,66,218,61,274672
19290,3.1e-05,172.217.194.0-255,1484,1702,61,274672
19291,3.5e-05,172.31.40.0-255,66,1768,61,274672
19292,4.1e-05,172.217.194.0-255,2902,4670,61,274672
19293,4.3e-05,172.31.40.0-255,66,4736,61,274672
19294,5.9e-05,172.217.194.0-255,7156,11892,61,274672
19295,6.2e-05,172.31.40.0-255,66,11958,61,274672
19296,6.8e-05,172.217.194.0-255,4320,16278,61,274672
19297,7.1e-05,172.31.40.0-255,66,16344,61,274672
19298,0.000115,172.31.40.0-255,66,16410,61,274672
19299,0.000119,172.217.194.0-255,2902,19312,61,274672
19300,0.000122,172.31.40.0-255,66,19378,61,274672
19301,0.000147,172.217.194.0-255,2543,21921,61,274672
19302,0.000149,172.31.40.0-255,66,21987,61,274672
19303,0.000173,172.217.194.0-255,1484,23471,61,274672
19304,0.000176,172.31.40.0-255,66,23537,61,274672
19305,0.000184,172.217.194.0-255,2902,26439,61,274672
19306,0.000187,172.31.40.0-255,66,26505,61,274672
19307,0.00019,172.217.194.0-255,1484,27989,61,274672
19308,0.000192,172.31.40.0-255,66,28055,61,274672
19309,0.000214,172.217.194.0-255,4320,32375,61,274672
19310,0.000217,172.31.40.0-255,66,32441,61,274672
19311,0.000245,172.217.194.0-255,6797,39238,61,274672
19312,0.000248,172.31.40.0-255,66,39304,61,274672
19313,0.000286,172.217.194.0-255,2902,42206,61,274672
19314,0.000288,172.31.40.0-255,66,42272,61,274672
19315,0.000293,172.217.194.0-255,4320,46592,61,274672
19316,0.000296,172.31.40.0-255,66,46658,61,274672
19317,0.000324,172.31.40.0-255,66,46724,61,274672
19318,0.000327,172.217.194.0-255,1125,47849,61,274672
19319,0.000897,172.217.194.0-255,358,48207,61,274672
19320,0.000955,172.217.194.0-255,1484,49691,61,274672
19321,0.000959,172.31.40.0-255,66,49757,61,274672
19322,0.000981,172.217.194.0-255,2902,52659,61,274672
19323,0.000987,172.217.194.0-255,5738,58397,61,274672
19324,0.001,172.217.194.0-255,1484,59881,61,274672
19325,0.001015,172.217.194.0-255,5675,65556,61,274672
19326,0.001018,172.31.40.0-255,66,65622,61,274672
19327,0.001022,172.31.40.0-255,66,65688,61,274672
19328,0.001117,172.217.194.0-255,1484,67172,61,274672
19329,0.001143,172.217.194.0-255,2902,70074,61,274672
19330,0.001147,172.31.40.0-255,66,70140,61,274672
19331,0.001154,172.217.194.0-255,5738,75878,61,274672
19332,0.001174,172.217.194.0-255,4320,80198,61,274672
19333,0.001184,172.31.40.0-255,66,80264,61,274672
19334,0.001188,172.217.194.0-255,2543,82807,61,274672
19335,0.001193,172.31.40.0-255,66,82873,61,274672
19336,0.001209,172.217.194.0-255,4320,87193,61,274672
19337,0.001263,172.31.40.0-255,66,87259,61,274672
19338,0.001272,172.217.194.0-255,2008,89267,61,274672
19339,0.001275,172.217.194.0-255,1484,90751,61,274672
19340,0.00128,172.31.40.0-255,66,90817,61,274672
19341,0.001307,172.217.194.0-255,1484,92301,61,274672
19342,0.001315,172.217.194.0-255,7156,99457,61,274672
19343,0.001321,172.217.194.0-255,5738,105195,61,274672
19344,0.001332,172.31.40.0-255,66,105261,61,274672
19345,0.001362,172.217.194.0-255,2902,108163,61,274672
19346,0.001366,172.217.194.0-255,3602,111765,61,274672
19347,0.001371,172.31.40.0-255,66,111831,61,274672
19348,0.001815,172.217.194.0-255,1484,113315,61,274672
19349,0.00182,172.217.194.0-255,2902,116217,61,274672
19350,0.001862,172.31.40.0-255,66,116283,61,274672
19351,0.001891,172.217.194.0-255,5738,122021,61,274672
19352,0.001894,172.31.40.0-255,66,122087,61,274672
19353,0.001924,172.217.194.0-255,5020,127107,61,274672
19354,0.001939,172.31.40.0-255,66,127173,61,274672
19355,0.002151,172.217.194.0-255,1484,128657,61,274672
19356,0.002157,172.217.194.0-255,2902,131559,61,274672
19357,0.00216,172.31.40.0-255,66,131625,61,274672
19358,0.002164,172.217.194.0-255,1484,133109,61,274672
19359,0.002184,172.217.194.0-255,4320,137429,61,274672
19360,0.002187,172.217.194.0-255,1484,138913,61,274672
19361,0.002243,172.31.40.0-255,66,138979,61,274672
19362,0.002268,172.217.194.0-255,4320,143299,61,274672
19363,0.002276,172.31.40.0-255,66,143365,61,274672
19364,0.002303,172.217.194.0-255,2184,145549,61,274672
19365,0.002312,172.217.194.0-255,7156,152705,61,274672
19366,0.002314,172.217.194.0-255,1484,154189,61,274672
19367,0.002342,172.217.194.0-255,7156,161345,61,274672
19368,0.002344,172.31.40.0-255,66,161411,61,274672
19369,0.002377,172.217.194.0-255,7156,168567,61,274672
19370,0.002382,172.217.194.0-255,5020,173587,61,274672
19371,0.002416,172.217.194.0-255,1484,175071,61,274672
19372,0.002421,172.217.194.0-255,2902,177973,61,274672
19373,0.002479,172.217.194.0-255,5738,183711,61,274672
19374,0.002531,172.217.194.0-255,2902,186613,61,274672
19375,0.002533,172.217.194.0-255,766,187379,61,274672
19376,0.005609,172.31.40.0-255,66,187445,61,274672
19377,0.006668,172.31.40.0-255,101,187546,61,274672
19378,0.008176,172.217.194.0-255,5738,193284,61,274672
19379,0.008188,172.31.40.0-255,66,193350,61,274672
19380,0.009203,172.217.194.0-255,66,193416,61,274672
19381,0.010736,172.217.194.0-255,5738,199154,61,274672
19382,0.011877,172.31.40.0-255,66,199220,61,274672
19383,0.014501,172.217.194.0-255,5738,204958,61,274672
19384,0.014519,172.31.40.0-255,66,205024,61,274672
19385,0.017088,172.217.194.0-255,5738,210762,61,274672
19386,0.0171,172.31.40.0-255,66,210828,61,274672
19387,0.019668,172.217.194.0-255,5738,216566,61,274672
19388,0.021733,172.31.40.0-255,66,216632,61,274672
19389,0.024304,172.217.194.0-255,5738,222370,61,274672
19390,0.024318,172.31.40.0-255,66,222436,61,274672
19391,0.026866,172.217.194.0-255,5738,228174,61,274672
19392,0.028837,172.31.40.0-255,66,228240,61,274672
19393,0.031415,172.217.194.0-255,5738,233978,61,274672
19394,0.031432,172.31.40.0-255,66,234044,61,274672
19395,0.034013,172.217.194.0-255,5738,239782,61,274672
19396,0.03403,172.31.40.0-255,66,239848,61,274672
19397,0.036607,172.217.194.0-255,5738,245586,61,274672
19398,0.036629,172.31.40.0-255,66,245652,61,274672
19399,0.039197,172.217.194.0-255,5738,251390,61,274672
19400,0.039207,172.31.40.0-255,66,251456,61,274672
19401,0.041781,172.217.194.0-255,5738,257194,61,274672
19402,0.041802,172.31.40.0-255,66,257260,61,274672
19403,0.044361,172.217.194.0-255,5738,262998,61,274672
19404,0.044373,172.31.40.0-255,66,263064,61,274672
19405,0.04695,172.217.194.0-255,5738,268802,61,274672
19406,0.046967,172.31.40.0-255,66,268868,61,274672
19407,0.049549,172.217.194.0-255,5738,274606,61,274672
19408,0.049559,172.31.40.0-255,66,274672,61,274672
19409,0.0,74.125.24.0-255,152,152,61,192689
19410,2.2e-05,172.31.40.0-255,66,218,61,192689
19411,3e-05,74.125.24.0-255,1484,1702,61,192689
19412,3.4e-05,172.31.40.0-255,66,1768,61,192689
19413,3.9e-05,74.125.24.0-255,2902,4670,61,192689
19414,4.2e-05,172.31.40.0-255,66,4736,61,192689
19415,4.8e-05,74.125.24.0-255,4320,9056,61,192689
19416,5.1e-05,172.31.40.0-255,66,9122,61,192689
19417,0.000104,172.31.40.0-255,66,9188,61,192689
19418,0.000119,172.31.40.0-255,66,9254,61,192689
19419,0.000165,74.125.24.0-255,1484,10738,61,192689
19420,0.000168,172.31.40.0-255,66,10804,61,192689
19421,0.000172,74.125.24.0-255,2902,13706,61,192689
19422,0.000174,172.31.40.0-255,66,13772,61,192689
19423,0.000199,74.125.24.0-255,5738,19510,61,192689
19424,0.000202,172.31.40.0-255,66,19576,61,192689
19425,0.000219,74.125.24.0-255,5738,25314,61,192689
19426,0.000221,172.31.40.0-255,66,25380,61,192689
19427,0.000241,172.31.40.0-255,66,25446,61,192689
19428,0.000253,172.31.40.0-255,66,25512,61,192689
19429,0.000327,74.125.24.0-255,413,25925,61,192689
19430,0.000331,172.31.40.0-255,66,25991,61,192689
19431,0.000362,74.125.24.0-255,330,26321,61,192689
19432,0.000365,172.31.40.0-255,66,26387,61,192689
19433,0.000547,74.125.24.0-255,1484,27871,61,192689
19434,0.000551,172.31.40.0-255,66,27937,61,192689
19435,0.000558,74.125.24.0-255,2902,30839,61,192689
19436,0.000561,172.31.40.0-255,66,30905,61,192689
19437,0.000566,74.125.24.0-255,2902,33807,61,192689
19438,0.000569,172.31.40.0-255,66,33873,61,192689
19439,0.000596,74.125.24.0-255,2902,36775,61,192689
19440,0.000599,172.31.40.0-255,66,36841,61,192689
19441,0.000614,172.31.40.0-255,66,36907,61,192689
19442,0.000651,74.125.24.0-255,7156,44063,61,192689
19443,0.000654,172.31.40.0-255,66,44129,61,192689
19444,0.000675,74.125.24.0-255,3602,47731,61,192689
19445,0.000678,172.31.40.0-255,66,47797,61,192689
19446,0.000949,74.125.24.0-255,1484,49281,61,192689
19447,0.000956,74.125.24.0-255,2902,52183,61,192689
19448,0.000959,172.31.40.0-255,66,52249,61,192689
19449,0.000964,74.125.24.0-255,2902,55151,61,192689
19450,0.000966,172.31.40.0-255,66,55217,61,192689
19451,0.000983,74.125.24.0-255,2902,58119,61,192689
19452,0.000985,172.31.40.0-255,66,58185,61,192689
19453,0.000988,74.125.24.0-255,1484,59669,61,192689
19454,0.00103,172.31.40.0-255,66,59735,61,192689
19455,0.00104,172.31.40.0-255,66,59801,61,192689
19456,0.001057,74.125.24.0-255,2184,61985,61,192689
19457,0.001059,172.31.40.0-255,66,62051,61,192689
19458,0.001237,74.125.24.0-255,1484,63535,61,192689
19459,0.001243,74.125.24.0-255,2902,66437,61,192689
19460,0.001246,172.31.40.0-255,66,66503,61,192689
19461,0.00125,74.125.24.0-255,1484,67987,61,192689
19462,0.001269,74.125.24.0-255,1484,69471,61,192689
19463,0.001271,172.31.40.0-255,66,69537,61,192689
19464,0.001279,74.125.24.0-255,7156,76693,61,192689
19465,0.001281,172.31.40.0-255,66,76759,61,192689
19466,0.001308,74.125.24.0-255,2902,79661,61,192689
19467,0.001311,172.31.40.0-255,66,79727,61,192689
19468,0.00135,172.31.40.0-255,66,79793,61,192689
19469,0.001356,74.125.24.0-255,3602,83395,61,192689
19470,0.001358,172.31.40.0-255,66,83461,61,192689
19471,0.001428,74.125.24.0-255,1484,84945,61,192689
19472,0.001433,74.125.24.0-255,1484,86429,61,192689
19473,0.001435,172.31.40.0-255,66,86495,61,192689
19474,0.001455,74.125.24.0-255,1484,87979,61,192689
19475,0.001462,74.125.24.0-255,5738,93717,61,192689
19476,0.001465,172.31.40.0-255,66,93783,61,192689
19477,0.001499,74.125.24.0-255,7156,100939,61,192689
19478,0.001502,172.31.40.0-255,66,101005,61,192689
19479,0.001546,172.31.40.0-255,66,101071,61,192689
19480,0.001584,74.125.24.0-255,5738,106809,61,192689
19481,0.001588,172.31.40.0-255,66,106875,61,192689
19482,0.001592,74.125.24.0-255,2184,109059,61,192689
19483,0.001594,172.31.40.0-255,66,109125,61,192689
19484,0.001612,172.31.40.0-255,66,109191,61,192689
19485,0.001615,74.125.24.0-255,1484,110675,61,192689
19486,0.001632,74.125.24.0-255,7156,117831,61,192689
19487,0.001635,172.31.40.0-255,66,117897,61,192689
19488,0.00165,74.125.24.0-255,6438,124335,61,192689
19489,0.001653,172.31.40.0-255,66,124401,61,192689
19490,0.001681,74.125.24.0-255,1484,125885,61,192689
19491,0.001695,74.125.24.0-255,2902,128787,61,192689
19492,0.001698,172.31.40.0-255,66,128853,61,192689
19493,0.001701,74.125.24.0-255,1484,130337,61,192689
19494,0.001722,74.125.24.0-255,4320,134657,61,192689
19495,0.001725,172.31.40.0-255,66,134723,61,192689
19496,0.001742,172.31.40.0-255,66,134789,61,192689
19497,0.001788,74.125.24.0-255,7156,141945,61,192689
19498,0.001792,172.31.40.0-255,66,142011,61,192689
19499,0.001819,172.31.40.0-255,66,142077,61,192689
19500,0.001835,74.125.24.0-255,1484,143561,61,192689
19501,0.001847,74.125.24.0-255,2902,146463,61,192689
19502,0.00185,172.31.40.0-255,66,146529,61,192689
19503,0.001857,74.125.24.0-255,5738,152267,61,192689
19504,0.001859,172.31.40.0-255,66,152333,61,192689
19505,0.001876,74.125.24.0-255,4320,156653,61,192689
19506,0.001879,172.31.40.0-255,66,156719,61,192689
19507,0.001899,74.125.24.0-255,2902,159621,61,192689
19508,0.001901,172.31.40.0-255,66,159687,61,192689
19509,0.00193,74.125.24.0-255,2902,162589,61,192689
19510,0.001934,172.31.40.0-255,66,162655,61,192689
19511,0.001967,172.31.40.0-255,66,162721,61,192689
19512,0.00197,74.125.24.0-255,2184,164905,61,192689
19513,0.001973,172.31.40.0-255,66,164971,61,192689
19514,0.001976,74.125.24.0-255,1484,166455,61,192689
19515,0.00202,172.31.40.0-255,66,166521,61,192689
19516,0.002043,74.125.24.0-255,7156,173677,61,192689
19517,0.002046,172.31.40.0-255,66,173743,61,192689
19518,0.00207,172.31.40.0-255,66,173809,61,192689
19519,0.002098,172.31.40.0-255,66,173875,61,192689
19520,0.002103,74.125.24.0-255,4320,178195,61,192689
19521,0.002106,172.31.40.0-255,66,178261,61,192689
19522,0.002121,74.125.24.0-255,4320,182581,61,192689
19523,0.002124,172.31.40.0-255,66,182647,61,192689
19524,0.002174,172.31.40.0-255,66,182713,61,192689
19525,0.002271,74.125.24.0-255,376,183089,61,192689
19526,0.007737,172.31.40.0-255,66,183155,61,192689
19527,0.008755,172.31.40.0-255,101,183256,61,192689
19528,0.009965,74.125.24.0-255,105,183361,61,192689
19529,0.010156,172.31.40.0-255,105,183466,61,192689
19530,0.011001,74.125.24.0-255,66,183532,61,192689
19531,0.012354,74.125.24.0-255,66,183598,61,192689
19532,0.041738,172.31.40.0-255,172,183770,61,192689
19533,0.041768,172.31.40.0-255,1120,184890,61,192689
19534,0.041841,172.31.40.0-255,1514,186404,61,192689
19535,0.041843,172.31.40.0-255,1514,187918,61,192689
19536,0.041847,172.31.40.0-255,1514,189432,61,192689
19537,0.041848,172.31.40.0-255,1514,190946,61,192689
19538,0.041872,172.31.40.0-255,1479,192425,61,192689
19539,0.04328,104.244.42.0-255,66,192491,61,192689
19540,0.043313,104.244.42.0-255,66,192557,61,192689
19541,0.04341,104.244.42.0-255,66,192623,61,192689
19542,0.043457,104.244.42.0-255,66,192689,61,192689
19543,0.0,74.125.200.0-255,153,153,61,227862
19544,1.8e-05,172.31.40.0-255,66,219,61,227862
19545,2.5e-05,74.125.200.0-255,1484,1703,61,227862
19546,2.9e-05,172.31.40.0-255,66,1769,61,227862
19547,3.2e-05,74.125.200.0-255,1484,3253,61,227862
19548,3.4e-05,172.31.40.0-255,66,3319,61,227862
19549,4.8e-05,74.125.200.0-255,2902,6221,61,227862
19550,5.1e-05,172.31.40.0-255,66,6287,61,227862
19551,5.8e-05,74.125.200.0-255,5738,12025,61,227862
19552,6.1e-05,172.31.40.0-255,66,12091,61,227862
19553,0.000102,172.31.40.0-255,66,12157,61,227862
19554,0.000113,172.31.40.0-255,66,12223,61,227862
19555,0.000121,74.125.200.0-255,2543,14766,61,227862
19556,0.000123,172.31.40.0-255,66,14832,61,227862
19557,0.000283,74.125.200.0-255,1484,16316,61,227862
19558,0.000289,172.31.40.0-255,66,16382,61,227862
19559,0.000295,74.125.200.0-255,2902,19284,61,227862
19560,0.000298,172.31.40.0-255,66,19350,61,227862
19561,0.000325,74.125.200.0-255,5738,25088,61,227862
19562,0.000328,172.31.40.0-255,66,25154,61,227862
19563,0.000359,74.125.200.0-255,6797,31951,61,227862
19564,0.000361,172.31.40.0-255,66,32017,61,227862
19565,0.000395,172.31.40.0-255,66,32083,61,227862
19566,0.000442,74.125.200.0-255,5652,37735,61,227862
19567,0.000444,172.31.40.0-255,66,37801,61,227862
19568,0.000853,74.125.200.0-255,126,37927,61,227862
19569,0.000859,172.31.40.0-255,66,37993,61,227862
19570,0.001661,74.125.200.0-255,1484,39477,61,227862
19571,0.001668,172.31.40.0-255,66,39543,61,227862
19572,0.001679,74.125.200.0-255,2902,42445,61,227862
19573,0.001681,172.31.40.0-255,66,42511,61,227862
19574,0.001692,74.125.200.0-255,2902,45413,61,227862
19575,0.001694,172.31.40.0-255,66,45479,61,227862
19576,0.0017,74.125.200.0-255,4320,49799,61,227862
19577,0.001702,172.31.40.0-255,66,49865,61,227862
19578,0.001735,172.31.40.0-255,66,49931,61,227862
19579,0.001745,74.125.200.0-255,4320,54251,61,227862
19580,0.001747,172.31.40.0-255,66,54317,61,227862
19581,0.001772,74.125.200.0-255,2902,57219,61,227862
19582,0.001778,172.31.40.0-255,66,57285,61,227862
19583,0.001783,74.125.200.0-255,2902,60187,61,227862
19584,0.001785,172.31.40.0-255,66,60253,61,227862
19585,0.001809,74.125.200.0-255,3602,63855,61,227862
19586,0.001817,172.31.40.0-255,66,63921,61,227862
19587,0.001858,74.125.200.0-255,1484,65405,61,227862
19588,0.001873,74.125.200.0-255,2902,68307,61,227862
19589,0.001875,172.31.40.0-255,66,68373,61,227862
19590,0.001879,74.125.200.0-255,1484,69857,61,227862
19591,0.001902,74.125.200.0-255,2902,72759,61,227862
19592,0.001904,172.31.40.0-255,66,72825,61,227862
19593,0.001924,74.125.200.0-255,5738,78563,61,227862
19594,0.001927,172.31.40.0-255,66,78629,61,227862
19595,0.001957,74.125.200.0-255,7156,85785,61,227862
19596,0.00196,172.31.40.0-255,66,85851,61,227862
19597,0.00197,172.31.40.0-255,66,85917,61,227862
19598,0.002005,74.125.200.0-255,3602,89519,61,227862
19599,0.002009,172.31.40.0-255,66,89585,61,227862
19600,0.002014,74.125.200.0-255,4320,93905,61,227862
19601,0.002016,172.31.40.0-255,66,93971,61,227862
19602,0.00205,172.31.40.0-255,66,94037,61,227862
19603,0.002055,74.125.200.0-255,4320,98357,61,227862
19604,0.002057,172.31.40.0-255,66,98423,61,227862
19605,0.002097,74.125.200.0-255,4320,102743,61,227862
19606,0.0021,172.31.40.0-255,66,102809,61,227862
19607,0.002129,172.31.40.0-255,66,102875,61,227862
19608,0.004421,74.125.200.0-255,5738,108613,61,227862
19609,0.004426,172.31.40.0-255,66,108679,61,227862
19610,0.006714,74.125.200.0-255,5738,114417,61,227862
19611,0.006718,172.31.40.0-255,66,114483,61,227862
19612,0.00902,74.125.200.0-255,5738,120221,61,227862
19613,0.009027,172.31.40.0-255,66,120287,61,227862
19614,0.011324,74.125.200.0-255,5738,126025,61,227862
19615,0.011332,172.31.40.0-255,66,126091,61,227862
19616,0.013639,74.125.200.0-255,5738,131829,61,227862
19617,0.013647,172.31.40.0-255,66,131895,61,227862
19618,0.015946,74.125.200.0-255,5738,137633,61,227862
19619,0.015953,172.31.40.0-255,66,137699,61,227862
19620,0.018261,74.125.200.0-255,5738,143437,61,227862
19621,0.018268,172.31.40.0-255,66,143503,61,227862
19622,0.020572,74.125.200.0-255,5738,149241,61,227862
19623,0.02058,172.31.40.0-255,66,149307,61,227862
19624,0.022908,74.125.200.0-255,5738,155045,61,227862
19625,0.022915,172.31.40.0-255,66,155111,61,227862
19626,0.025247,74.125.200.0-255,5738,160849,61,227862
19627,0.025254,172.31.40.0-255,66,160915,61,227862
19628,0.027576,74.125.200.0-255,5738,166653,61,227862
19629,0.027584,172.31.40.0-255,66,166719,61,227862
19630,0.029901,74.125.200.0-255,5738,172457,61,227862
19631,0.02991,172.31.40.0-255,66,172523,61,227862
19632,0.032255,74.125.200.0-255,5738,178261,61,227862
19633,0.032263,172.31.40.0-255,66,178327,61,227862
19634,0.03457,74.125.200.0-255,5738,184065,61,227862
19635,0.03458,172.31.40.0-255,66,184131,61,227862
19636,0.034823,172.31.40.0-255,172,184303,61,227862
19637,0.034855,172.31.40.0-255,1120,185423,61,227862
19638,0.034982,172.31.40.0-255,1514,186937,61,227862
19639,0.034989,172.31.40.0-255,1514,188451,61,227862
19640,0.034995,172.31.40.0-255,1514,189965,61,227862
19641,0.034996,172.31.40.0-255,1514,191479,61,227862
19642,0.035016,172.31.40.0-255,1514,192993,61,227862
19643,0.035017,172.31.40.0-255,959,193952,61,227862
19644,0.036392,104.244.42.0-255,66,194018,61,227862
19645,0.036419,104.244.42.0-255,66,194084,61,227862
19646,0.036584,104.244.42.0-255,66,194150,61,227862
19647,0.036589,104.244.42.0-255,66,194216,61,227862
19648,0.036883,74.125.200.0-255,4320,198536,61,227862
19649,0.036893,172.31.40.0-255,66,198602,61,227862
19650,0.036928,74.125.200.0-255,1484,200086,61,227862
19651,0.037314,104.244.42.0-255,108,200194,61,227862
19652,0.037319,172.31.40.0-255,66,200260,61,227862
19653,0.039221,74.125.200.0-255,4320,204580,61,227862
19654,0.039234,172.31.40.0-255,66,204646,61,227862
19655,0.041563,74.125.200.0-255,5738,210384,61,227862
19656,0.04158,172.31.40.0-255,66,210450,61,227862
19657,0.043891,74.125.200.0-255,5738,216188,61,227862
19658,0.043906,172.31.40.0-255,66,216254,61,227862
19659,0.046215,74.125.200.0-255,5738,221992,61,227862
19660,0.046246,172.31.40.0-255,66,222058,61,227862
19661,0.048566,74.125.200.0-255,5738,227796,61,227862
19662,0.048573,172.31.40.0-255,66,227862,61,227862
19663,0.0,172.217.194.0-255,146,146,61,242874
19664,2.2e-05,172.31.40.0-255,66,212,61,242874
19665,2.9e-05,172.217.194.0-255,1484,1696,61,242874
19666,3.3e-05,172.31.40.0-255,66,1762,61,242874
19667,3.9e-05,172.217.194.0-255,2902,4664,61,242874
19668,4.3e-05,172.31.40.0-255,66,4730,61,242874
19669,4.8e-05,172.217.194.0-255,2902,7632,61,242874
19670,5.1e-05,172.31.40.0-255,66,7698,61,242874
19671,6.7e-05,172.31.40.0-255,66,7764,61,242874
19672,9.1e-05,172.31.40.0-255,66,7830,61,242874
19673,0.000145,172.217.194.0-255,1484,9314,61,242874
19674,0.000148,172.31.40.0-255,66,9380,61,242874
19675,0.000153,172.217.194.0-255,2902,12282,61,242874
19676,0.000156,172.31.40.0-255,66,12348,61,242874
19677,0.000176,172.217.194.0-255,5738,18086,61,242874
19678,0.000178,172.31.40.0-255,66,18152,61,242874
19679,0.000225,172.217.194.0-255,2902,21054,61,242874
19680,0.000227,172.31.40.0-255,66,21120,61,242874
19681,0.000249,172.217.194.0-255,3961,25081,61,242874
19682,0.000252,172.31.40.0-255,66,25147,61,242874
19683,0.000274,172.217.194.0-255,1484,26631,61,242874
19684,0.000276,172.31.40.0-255,66,26697,61,242874
19685,0.000282,172.217.194.0-255,2902,29599,61,242874
19686,0.000284,172.31.40.0-255,66,29665,61,242874
19687,0.000288,172.217.194.0-255,2902,32567,61,242874
19688,0.00029,172.31.40.0-255,66,32633,61,242874
19689,0.000308,172.217.194.0-255,2902,35535,61,242874
19690,0.00031,172.31.40.0-255,66,35601,61,242874
19691,0.000348,172.217.194.0-255,6797,42398,61,242874
19692,0.000351,172.31.40.0-255,66,42464,61,242874
19693,0.000354,172.217.194.0-255,647,43111,61,242874
19694,0.000436,172.217.194.0-255,1484,44595,61,242874
19695,0.00044,172.31.40.0-255,66,44661,61,242874
19696,0.000445,172.217.194.0-255,2902,47563,61,242874
19697,0.000447,172.31.40.0-255,66,47629,61,242874
19698,0.00045,172.217.194.0-255,1484,49113,61,242874
19699,0.000467,172.217.194.0-255,4320,53433,61,242874
19700,0.000469,172.31.40.0-255,66,53499,61,242874
19701,0.000472,172.217.194.0-255,1484,54983,61,242874
19702,0.000493,172.217.194.0-255,5379,60362,61,242874
19703,0.000496,172.31.40.0-255,66,60428,61,242874
19704,0.000517,172.217.194.0-255,2902,63330,61,242874
19705,0.000519,172.31.40.0-255,66,63396,61,242874
19706,0.000542,172.217.194.0-255,4320,67716,61,242874
19707,0.000545,172.31.40.0-255,66,67782,61,242874
19708,0.000551,172.217.194.0-255,5738,73520,61,242874
19709,0.000553,172.31.40.0-255,66,73586,61,242874
19710,0.000584,172.217.194.0-255,3961,77547,61,242874
19711,0.000586,172.31.40.0-255,66,77613,61,242874
19712,0.000648,172.217.194.0-255,1484,79097,61,242874
19713,0.000651,172.217.194.0-255,1484,80581,61,242874
19714,0.000653,172.31.40.0-255,66,80647,61,242874
19715,0.000672,172.217.194.0-255,1484,82131,61,242874
19716,0.000679,172.217.194.0-255,5738,87869,61,242874
19717,0.000681,172.31.40.0-255,66,87935,61,242874
19718,0.000689,172.217.194.0-255,6247,94182,61,242874
19719,0.000691,172.31.40.0-255,66,94248,61,242874
19720,0.000903,172.217.194.0-255,1484,95732,61,242874
19721,0.000909,172.217.194.0-255,2902,98634,61,242874
19722,0.000912,172.31.40.0-255,66,98700,61,242874
19723,0.00092,172.217.194.0-255,5738,104438,61,242874
19724,0.000923,172.31.40.0-255,66,104504,61,242874
19725,0.000953,172.217.194.0-255,5738,110242,61,242874
19726,0.000956,172.31.40.0-255,66,110308,61,242874
19727,0.000961,172.217.194.0-255,2902,113210,61,242874
19728,0.000963,172.31.40.0-255,66,113276,61,242874
19729,0.000985,172.31.40.0-255,66,113342,61,242874
19730,0.000991,172.217.194.0-255,5020,118362,61,242874
19731,0.000993,172.31.40.0-255,66,118428,61,242874
19732,0.001022,172.217.194.0-255,5738,124166,61,242874
19733,0.001025,172.31.40.0-255,66,124232,61,242874
19734,0.00105,172.31.40.0-255,66,124298,61,242874
19735,0.00107,172.217.194.0-255,1125,125423,61,242874
19736,0.001085,172.217.194.0-255,4320,129743,61,242874
19737,0.001088,172.31.40.0-255,66,129809,61,242874
19738,0.001116,172.217.194.0-255,7156,136965,61,242874
19739,0.001129,172.31.40.0-255,66,137031,61,242874
19740,0.001132,172.31.40.0-255,66,137097,61,242874
19741,0.001188,172.217.194.0-255,2184,139281,61,242874
19742,0.001204,172.31.40.0-255,66,139347,61,242874
19743,0.001256,172.217.194.0-255,1484,140831,61,242874
19744,0.001262,172.217.194.0-255,2902,143733,61,242874
19745,0.001266,172.217.194.0-255,2902,146635,61,242874
19746,0.001271,172.31.40.0-255,66,146701,61,242874
19747,0.001279,172.217.194.0-255,2902,149603,61,242874
19748,0.001284,172.31.40.0-255,66,149669,61,242874
19749,0.001318,172.217.194.0-255,1484,151153,61,242874
19750,0.001328,172.31.40.0-255,66,151219,61,242874
19751,0.001391,172.31.40.0-255,66,151285,61,242874
19752,0.001527,172.217.194.0-255,1484,152769,61,242874
19753,0.001532,172.217.194.0-255,2902,155671,61,242874
19754,0.001535,172.31.40.0-255,66,155737,61,242874
19755,0.001583,172.217.194.0-255,5738,161475,61,242874
19756,0.001603,172.217.194.0-255,5738,167213,61,242874
19757,0.001609,172.31.40.0-255,66,167279,61,242874
19758,0.00162,172.217.194.0-255,5020,172299,61,242874
19759,0.001633,172.217.194.0-255,7156,179455,61,242874
19760,0.001648,172.217.194.0-255,4320,183775,61,242874
19761,0.00165,172.217.194.0-255,1484,185259,61,242874
19762,0.001657,172.31.40.0-255,66,185325,61,242874
19763,0.001702,172.217.194.0-255,2902,188227,61,242874
19764,0.001711,172.31.40.0-255,66,188293,61,242874
19765,0.001763,172.217.194.0-255,7156,195449,61,242874
19766,0.001766,172.31.40.0-255,66,195515,61,242874
19767,0.00177,172.31.40.0-255,66,195581,61,242874
19768,0.001803,172.31.40.0-255,66,195647,61,242874
19769,0.001817,172.217.194.0-255,1484,197131,61,242874
19770,0.001834,172.217.194.0-255,2902,200033,61,242874
19771,0.001836,172.217.194.0-255,1484,201517,61,242874
19772,0.001851,172.217.194.0-255,4320,205837,61,242874
19773,0.001854,172.217.194.0-255,1484,207321,61,242874
19774,0.001862,172.31.40.0-255,66,207387,61,242874
19775,0.001884,172.31.40.0-255,66,207453,61,242874
19776,0.001914,172.217.194.0-255,7156,214609,61,242874
19777,0.001933,172.217.194.0-255,6438,221047,61,242874
19778,0.001939,172.217.194.0-255,7156,228203,61,242874
19779,0.001947,172.31.40.0-255,66,228269,61,242874
19780,0.001961,172.217.194.0-255,7156,235425,61,242874
19781,0.001975,172.217.194.0-255,5738,241163,61,242874
19782,0.001985,172.31.40.0-255,66,241229,61,242874
19783,0.002014,172.31.40.0-255,66,241295,61,242874
19784,0.002031,172.31.40.0-255,66,241361,61,242874
19785,0.002046,172.217.194.0-255,1105,242466,61,242874
19786,0.002103,172.31.40.0-255,66,242532,61,242874
19787,0.004085,172.217.194.0-255,105,242637,61,242874
19788,0.010127,172.31.40.0-255,66,242703,61,242874
19789,0.010167,172.31.40.0-255,105,242808,61,242874
19790,0.012168,172.217.194.0-255,66,242874,61,242874
19791,0.0,74.125.68.0-255,152,152,61,292182
19792,2.7e-05,172.31.40.0-255,66,218,61,292182
19793,3.5e-05,74.125.68.0-255,1484,1702,61,292182
19794,3.9e-05,172.31.40.0-255,66,1768,61,292182
19795,4.4e-05,74.125.68.0-255,2902,4670,61,292182
19796,4.8e-05,172.31.40.0-255,66,4736,61,292182
19797,7e-05,74.125.68.0-255,5738,10474,61,292182
19798,7.3e-05,172.31.40.0-255,66,10540,61,292182
19799,0.000132,74.125.68.0-255,3527,14067,61,292182
19800,0.000135,172.31.40.0-255,66,14133,61,292182
19801,0.000195,74.125.68.0-255,1484,15617,61,292182
19802,0.000198,172.31.40.0-255,66,15683,61,292182
19803,0.000235,74.125.68.0-255,2902,18585,61,292182
19804,0.000238,172.31.40.0-255,66,18651,61,292182
19805,0.000241,74.125.68.0-255,1484,20135,61,292182
19806,0.000243,172.31.40.0-255,66,20201,61,292182
19807,0.000261,74.125.68.0-255,1484,21685,61,292182
19808,0.000263,172.31.40.0-255,66,21751,61,292182
19809,0.000269,74.125.68.0-255,4320,26071,61,292182
19810,0.000272,172.31.40.0-255,66,26137,61,292182
19811,0.000278,74.125.68.0-255,5379,31516,61,292182
19812,0.000281,172.31.40.0-255,66,31582,61,292182
19813,0.000339,74.125.68.0-255,1484,33066,61,292182
19814,0.000342,172.31.40.0-255,66,33132,61,292182
19815,0.000358,74.125.68.0-255,2902,36034,61,292182
19816,0.000361,172.31.40.0-255,66,36100,61,292182
19817,0.000366,74.125.68.0-255,2902,39002,61,292182
19818,0.000367,172.31.40.0-255,66,39068,61,292182
19819,0.000391,74.125.68.0-255,4320,43388,61,292182
19820,0.000394,172.31.40.0-255,66,43454,61,292182
19821,0.000429,74.125.68.0-255,5379,48833,61,292182
19822,0.000432,172.31.40.0-255,66,48899,61,292182
19823,0.000812,74.125.68.0-255,1484,50383,61,292182
19824,0.000829,74.125.68.0-255,1484,51867,61,292182
19825,0.000833,172.31.40.0-255,66,51933,61,292182
19826,0.000838,74.125.68.0-255,1484,53417,61,292182
19827,0.000855,74.125.68.0-255,1484,54901,61,292182
19828,0.000858,172.31.40.0-255,66,54967,61,292182
19829,0.000879,74.125.68.0-255,4320,59287,61,292182
19830,0.000882,172.31.40.0-255,66,59353,61,292182
19831,0.000916,74.125.68.0-255,4320,63673,61,292182
19832,0.000918,172.31.40.0-255,66,63739,61,292182
19833,0.000931,74.125.68.0-255,1484,65223,61,292182
19834,0.000934,74.125.68.0-255,1125,66348,61,292182
19835,0.000936,172.31.40.0-255,66,66414,61,292182
19836,0.000998,74.125.68.0-255,1484,67898,61,292182
19837,0.001002,74.125.68.0-255,1484,69382,61,292182
19838,0.001005,172.31.40.0-255,66,69448,61,292182
19839,0.001024,74.125.68.0-255,1484,70932,61,292182
19840,0.001027,74.125.68.0-255,1484,72416,61,292182
19841,0.001029,172.31.40.0-255,66,72482,61,292182
19842,0.001044,74.125.68.0-255,1484,73966,61,292182
19843,0.001058,74.125.68.0-255,1484,75450,61,292182
19844,0.001061,172.31.40.0-255,66,75516,61,292182
19845,0.001079,74.125.68.0-255,4320,79836,61,292182
19846,0.001082,172.31.40.0-255,66,79902,61,292182
19847,0.001126,74.125.68.0-255,5379,85281,61,292182
19848,0.001129,172.31.40.0-255,66,85347,61,292182
19849,0.001133,74.125.68.0-255,1484,86831,61,292182
19850,0.001137,74.125.68.0-255,2902,89733,61,292182
19851,0.001139,172.31.40.0-255,66,89799,61,292182
19852,0.001159,74.125.68.0-255,5738,95537,61,292182
19853,0.001161,172.31.40.0-255,66,95603,61,292182
19854,0.001186,74.125.68.0-255,1484,97087,61,292182
19855,0.001205,74.125.68.0-255,3961,101048,61,292182
19856,0.001208,172.31.40.0-255,66,101114,61,292182
19857,0.001274,74.125.68.0-255,1484,102598,61,292182
19858,0.001278,74.125.68.0-255,1484,104082,61,292182
19859,0.001281,172.31.40.0-255,66,104148,61,292182
19860,0.001302,74.125.68.0-255,1484,105632,61,292182
19861,0.001305,74.125.68.0-255,1484,107116,61,292182
19862,0.001308,172.31.40.0-255,66,107182,61,292182
19863,0.001328,74.125.68.0-255,4320,111502,61,292182
19864,0.001331,172.31.40.0-255,66,111568,61,292182
19865,0.001352,74.125.68.0-255,6682,118250,61,292182
19866,0.001355,172.31.40.0-255,66,118316,61,292182
19867,0.001419,74.125.68.0-255,1484,119800,61,292182
19868,0.001433,74.125.68.0-255,2902,122702,61,292182
19869,0.001436,172.31.40.0-255,66,122768,61,292182
19870,0.00144,74.125.68.0-255,1484,124252,61,292182
19871,0.001459,74.125.68.0-255,4320,128572,61,292182
19872,0.001461,172.31.40.0-255,66,128638,61,292182
19873,0.001493,74.125.68.0-255,6921,135559,61,292182
19874,0.001496,172.31.40.0-255,66,135625,61,292182
19875,0.001785,74.125.68.0-255,1484,137109,61,292182
19876,0.00179,74.125.68.0-255,2902,140011,61,292182
19877,0.001793,172.31.40.0-255,66,140077,61,292182
19878,0.001799,74.125.68.0-255,4320,144397,61,292182
19879,0.001801,172.31.40.0-255,66,144463,61,292182
19880,0.001825,74.125.68.0-255,4320,148783,61,292182
19881,0.001829,172.31.40.0-255,66,148849,61,292182
19882,0.001853,74.125.68.0-255,4320,153169,61,292182
19883,0.001856,172.31.40.0-255,66,153235,61,292182
19884,0.001861,74.125.68.0-255,4320,157555,61,292182
19885,0.001863,172.31.40.0-255,66,157621,61,292182
19886,0.001869,74.125.68.0-255,5738,163359,61,292182
19887,0.001871,172.31.40.0-255,66,163425,61,292182
19888,0.001913,74.125.68.0-255,6438,169863,61,292182
19889,0.001917,172.31.40.0-255,66,169929,61,292182
19890,0.00239,74.125.68.0-255,1484,171413,61,292182
19891,0.002422,74.125.68.0-255,2902,174315,61,292182
19892,0.002426,172.31.40.0-255,66,174381,61,292182
19893,0.002433,74.125.68.0-255,4320,178701,61,292182
19894,0.002435,172.31.40.0-255,66,178767,61,292182
19895,0.002454,74.125.68.0-255,1484,180251,61,292182
19896,0.002467,172.31.40.0-255,66,180317,61,292182
19897,0.002497,172.31.40.0-255,66,180383,61,292182
19898,0.004998,74.125.68.0-255,5738,186121,61,292182
19899,0.005007,172.31.40.0-255,66,186187,61,292182
19900,0.007496,74.125.68.0-255,5738,191925,61,292182
19901,0.007502,172.31.40.0-255,66,191991,61,292182
19902,0.010007,74.125.68.0-255,5738,197729,61,292182
19903,0.010014,172.31.40.0-255,66,197795,61,292182
19904,0.01253,74.125.68.0-255,5738,203533,61,292182
19905,0.012548,172.31.40.0-255,66,203599,61,292182
19906,0.015045,74.125.68.0-255,5738,209337,61,292182
19907,0.015054,172.31.40.0-255,66,209403,61,292182
19908,0.01757,74.125.68.0-255,5738,215141,61,292182
19909,0.017579,172.31.40.0-255,66,215207,61,292182
19910,0.020094,74.125.68.0-255,5738,220945,61,292182
19911,0.020105,172.31.40.0-255,66,221011,61,292182
19912,0.022618,74.125.68.0-255,5738,226749,61,292182
19913,0.022629,172.31.40.0-255,66,226815,61,292182
19914,0.025179,74.125.68.0-255,5738,232553,61,292182
19915,0.025192,172.31.40.0-255,66,232619,61,292182
19916,0.027723,74.125.68.0-255,5738,238357,61,292182
19917,0.027742,172.31.40.0-255,66,238423,61,292182
19918,0.030273,74.125.68.0-255,5738,244161,61,292182
19919,0.030288,172.31.40.0-255,66,244227,61,292182
19920,0.032802,74.125.68.0-255,5738,249965,61,292182
19921,0.032819,172.31.40.0-255,66,250031,61,292182
19922,0.035336,74.125.68.0-255,5738,255769,61,292182
19923,0.035353,172.31.40.0-255,66,255835,61,292182
19924,0.037877,74.125.68.0-255,5738,261573,61,292182
19925,0.037891,172.31.40.0-255,66,261639,61,292182
19926,0.040396,74.125.68.0-255,5738,267377,61,292182
19927,0.040409,172.31.40.0-255,66,267443,61,292182
19928,0.042913,74.125.68.0-255,5738,273181,61,292182
19929,0.042925,172.31.40.0-255,66,273247,61,292182
19930,0.044273,172.31.40.0-255,172,273419,61,292182
19931,0.044306,172.31.40.0-255,1120,274539,61,292182
19932,0.044368,172.31.40.0-255,1514,276053,61,292182
19933,0.04437,172.31.40.0-255,1514,277567,61,292182
19934,0.044375,172.31.40.0-255,1514,279081,61,292182
19935,0.044376,172.31.40.0-255,1055,280136,61,292182
19936,0.045433,74.125.68.0-255,5738,285874,61,292182
19937,0.045442,172.31.40.0-255,66,285940,61,292182
19938,0.04584,104.244.42.0-255,66,286006,61,292182
19939,0.045848,104.244.42.0-255,66,286072,61,292182
19940,0.045932,104.244.42.0-255,66,286138,61,292182
19941,0.045937,104.244.42.0-255,66,286204,61,292182
19942,0.047517,104.244.42.0-255,108,286312,61,292182
19943,0.047535,172.31.40.0-255,66,286378,61,292182
19944,0.047933,74.125.68.0-255,5738,292116,61,292182
19945,0.047939,172.31.40.0-255,66,292182,61,292182
19946,0.0,216.58.221.0-255,153,153,61,199704
19947,1.6e-05,172.31.40.0-255,66,219,61,199704
19948,2.3e-05,216.58.221.0-255,1484,1703,61,199704
19949,2.7e-05,172.31.40.0-255,66,1769,61,199704
19950,3.3e-05,216.58.221.0-255,2902,4671,61,199704
19951,3.6e-05,172.31.40.0-255,66,4737,61,199704
19952,4.2e-05,216.58.221.0-255,4320,9057,61,199704
19953,4.5e-05,172.31.40.0-255,66,9123,61,199704
19954,0.000108,216.58.221.0-255,4855,13978,61,199704
19955,0.000111,172.31.40.0-255,66,14044,61,199704
19956,0.000176,216.58.221.0-255,2902,16946,61,199704
19957,0.000179,172.31.40.0-255,66,17012,61,199704
19958,0.000213,216.58.221.0-255,2902,19914,61,199704
19959,0.000216,172.31.40.0-255,66,19980,61,199704
19960,0.000232,216.58.221.0-255,1484,21464,61,199704
19961,0.000235,172.31.40.0-255,66,21530,61,199704
19962,0.000287,172.31.40.0-255,66,21596,61,199704
19963,0.000408,216.58.221.0-255,5738,27334,61,199704
19964,0.000412,172.31.40.0-255,66,27400,61,199704
19965,0.00044,172.31.40.0-255,66,27466,61,199704
19966,0.000674,172.31.40.0-255,66,27532,61,199704
19967,0.00079,172.31.40.0-255,66,27598,61,199704
19968,0.000873,216.58.221.0-255,356,27954,61,199704
19969,0.000876,172.31.40.0-255,66,28020,61,199704
19970,0.001496,216.58.221.0-255,139,28159,61,199704
19971,0.001502,172.31.40.0-255,66,28225,61,199704
19972,0.001544,216.58.221.0-255,1484,29709,61,199704
19973,0.001547,172.31.40.0-255,66,29775,61,199704
19974,0.001568,216.58.221.0-255,2902,32677,61,199704
19975,0.00157,172.31.40.0-255,66,32743,61,199704
19976,0.001591,216.58.221.0-255,5738,38481,61,199704
19977,0.001594,172.31.40.0-255,66,38547,61,199704
19978,0.001678,216.58.221.0-255,7156,45703,61,199704
19979,0.001802,216.58.221.0-255,1484,47187,61,199704
19980,0.00194,216.58.221.0-255,5020,52207,61,199704
19981,0.002798,172.31.40.0-255,66,52273,61,199704
19982,0.004692,216.58.221.0-255,5738,58011,61,199704
19983,0.004698,172.31.40.0-255,66,58077,61,199704
19984,0.006625,216.58.221.0-255,5738,63815,61,199704
19985,0.006631,172.31.40.0-255,66,63881,61,199704
19986,0.008556,216.58.221.0-255,5738,69619,61,199704
19987,0.008582,172.31.40.0-255,66,69685,61,199704
19988,0.010495,216.58.221.0-255,5738,75423,61,199704
19989,0.010508,172.31.40.0-255,66,75489,61,199704
19990,0.012424,216.58.221.0-255,5738,81227,61,199704
19991,0.012438,172.31.40.0-255,66,81293,61,199704
19992,0.014355,216.58.221.0-255,5738,87031,61,199704
19993,0.01437,172.31.40.0-255,66,87097,61,199704
19994,0.016274,216.58.221.0-255,5738,92835,61,199704
19995,0.016282,172.31.40.0-255,66,92901,61,199704
19996,0.018201,216.58.221.0-255,5738,98639,61,199704
19997,0.018217,172.31.40.0-255,66,98705,61,199704
19998,0.020129,216.58.221.0-255,5738,104443,61,199704
19999,0.020136,172.31.40.0-255,66,104509,61,199704
20000,0.022032,216.58.221.0-255,5738,110247,61,199704
20001,0.022041,172.31.40.0-255,66,110313,61,199704
20002,0.023944,216.58.221.0-255,5738,116051,61,199704
20003,0.023951,172.31.40.0-255,66,116117,61,199704
20004,0.025852,216.58.221.0-255,5738,121855,61,199704
20005,0.025861,172.31.40.0-255,66,121921,61,199704
20006,0.027768,216.58.221.0-255,5738,127659,61,199704
20007,0.027776,172.31.40.0-255,66,127725,61,199704
20008,0.029677,216.58.221.0-255,5738,133463,61,199704
20009,0.029684,172.31.40.0-255,66,133529,61,199704
20010,0.031595,216.58.221.0-255,5738,139267,61,199704
20011,0.03161,172.31.40.0-255,66,139333,61,199704
20012,0.033512,216.58.221.0-255,5738,145071,61,199704
20013,0.033519,172.31.40.0-255,66,145137,61,199704
20014,0.035427,216.58.221.0-255,5738,150875,61,199704
20015,0.035445,172.31.40.0-255,66,150941,61,199704
20016,0.037352,216.58.221.0-255,5738,156679,61,199704
20017,0.037359,172.31.40.0-255,66,156745,61,199704
20018,0.038805,172.31.40.0-255,172,156917,61,199704
20019,0.038836,172.31.40.0-255,1116,158033,61,199704
20020,0.038904,172.31.40.0-255,1514,159547,61,199704
20021,0.038906,172.31.40.0-255,1514,161061,61,199704
20022,0.038907,172.31.40.0-255,1514,162575,61,199704
20023,0.038908,172.31.40.0-255,1514,164089,61,199704
20024,0.038909,172.31.40.0-255,527,164616,61,199704
20025,0.039263,216.58.221.0-255,5738,170354,61,199704
20026,0.039273,172.31.40.0-255,66,170420,61,199704
20027,0.040391,104.244.42.0-255,66,170486,61,199704
20028,0.040401,104.244.42.0-255,66,170552,61,199704
20029,0.040478,104.244.42.0-255,66,170618,61,199704
20030,0.040483,104.244.42.0-255,66,170684,61,199704
20031,0.041204,216.58.221.0-255,5738,176422,61,199704
20032,0.041214,172.31.40.0-255,66,176488,61,199704
20033,0.04313,216.58.221.0-255,5738,182226,61,199704
20034,0.043143,172.31.40.0-255,66,182292,61,199704
20035,0.045054,216.58.221.0-255,5738,188030,61,199704
20036,0.04507,172.31.40.0-255,66,188096,61,199704
20037,0.046986,216.58.221.0-255,5738,193834,61,199704
20038,0.047002,172.31.40.0-255,66,193900,61,199704
20039,0.048923,216.58.221.0-255,5738,199638,61,199704
20040,0.048938,172.31.40.0-255,66,199704,61,199704
20041,0.0,172.217.194.0-255,152,152,61,150530
20042,1.6e-05,172.31.40.0-255,66,218,61,150530
20043,2.2e-05,172.217.194.0-255,1484,1702,61,150530
20044,2.7e-05,172.31.40.0-255,66,1768,61,150530
20045,3.3e-05,172.217.194.0-255,2902,4670,61,150530
20046,3.7e-05,172.31.40.0-255,66,4736,61,150530
20047,0.000114,172.217.194.0-255,5738,10474,61,150530
20048,0.000118,172.31.40.0-255,66,10540,61,150530
20049,0.000267,172.31.40.0-255,66,10606,61,150530
20050,0.000288,172.217.194.0-255,3419,14025,61,150530
20051,0.000291,172.31.40.0-255,66,14091,61,150530
20052,0.000601,172.217.194.0-255,6797,20888,61,150530
20053,0.000606,172.31.40.0-255,66,20954,61,150530
20054,0.000769,172.217.194.0-255,4320,25274,61,150530
20055,0.000774,172.31.40.0-255,66,25340,61,150530
20056,0.000816,172.31.40.0-255,66,25406,61,150530
20057,0.001368,172.31.40.0-255,66,25472,61,150530
20058,0.001649,172.217.194.0-255,5738,31210,61,150530
20059,0.001655,172.31.40.0-255,66,31276,61,150530
20060,0.001699,172.31.40.0-255,66,31342,61,150530
20061,0.001721,172.217.194.0-255,3602,34944,61,150530
20062,0.001724,172.31.40.0-255,66,35010,61,150530
20063,0.002504,172.217.194.0-255,4320,39330,61,150530
20064,0.002508,172.31.40.0-255,66,39396,61,150530
20065,0.002566,172.31.40.0-255,66,39462,61,150530
20066,0.003379,172.31.40.0-255,66,39528,61,150530
20067,0.003441,172.31.40.0-255,66,39594,61,150530
20068,0.004384,172.217.194.0-255,7156,46750,61,150530
20069,0.004389,172.31.40.0-255,66,46816,61,150530
20070,0.006401,172.31.40.0-255,66,46882,61,150530
20071,0.008706,172.217.194.0-255,5738,52620,61,150530
20072,0.008713,172.31.40.0-255,66,52686,61,150530
20073,0.011033,172.217.194.0-255,5738,58424,61,150530
20074,0.011194,172.31.40.0-255,66,58490,61,150530
20075,0.013514,172.217.194.0-255,5738,64228,61,150530
20076,0.013521,172.31.40.0-255,66,64294,61,150530
20077,0.015854,172.217.194.0-255,5738,70032,61,150530
20078,0.015862,172.31.40.0-255,66,70098,61,150530
20079,0.018186,172.217.194.0-255,5738,75836,61,150530
20080,0.018195,172.31.40.0-255,66,75902,61,150530
20081,0.020549,172.217.194.0-255,5738,81640,61,150530
20082,0.020567,172.31.40.0-255,66,81706,61,150530
20083,0.022903,172.217.194.0-255,4320,86026,61,150530
20084,0.022929,172.217.194.0-255,1484,87510,61,150530
20085,0.023647,172.31.40.0-255,66,87576,61,150530
20086,0.025975,172.217.194.0-255,5738,93314,61,150530
20087,0.025992,172.31.40.0-255,66,93380,61,150530
20088,0.0283,172.217.194.0-255,5738,99118,61,150530
20089,0.028317,172.31.40.0-255,66,99184,61,150530
20090,0.030644,172.217.194.0-255,5738,104922,61,150530
20091,0.030651,172.31.40.0-255,66,104988,61,150530
20092,0.032987,172.217.194.0-255,5738,110726,61,150530
20093,0.032994,172.31.40.0-255,66,110792,61,150530
20094,0.035308,172.217.194.0-255,2902,113694,61,150530
20095,0.035325,172.31.40.0-255,66,113760,61,150530
20096,0.035352,172.217.194.0-255,2902,116662,61,150530
20097,0.035356,172.31.40.0-255,66,116728,61,150530
20098,0.037663,172.217.194.0-255,2902,119630,61,150530
20099,0.03767,172.31.40.0-255,66,119696,61,150530
20100,0.037696,172.217.194.0-255,2902,122598,61,150530
20101,0.0377,172.31.40.0-255,66,122664,61,150530
20102,0.040007,172.217.194.0-255,2902,125566,61,150530
20103,0.040021,172.31.40.0-255,66,125632,61,150530
20104,0.040044,172.217.194.0-255,2902,128534,61,150530
20105,0.040047,172.31.40.0-255,66,128600,61,150530
20106,0.042342,172.217.194.0-255,2902,131502,61,150530
20107,0.042348,172.31.40.0-255,66,131568,61,150530
20108,0.042369,172.217.194.0-255,2902,134470,61,150530
20109,0.042371,172.31.40.0-255,66,134536,61,150530
20110,0.044678,172.217.194.0-255,4320,138856,61,150530
20111,0.044695,172.31.40.0-255,66,138922,61,150530
20112,0.044728,172.217.194.0-255,1484,140406,61,150530
20113,0.047013,172.217.194.0-255,4320,144726,61,150530
20114,0.047021,172.31.40.0-255,66,144792,61,150530
20115,0.049324,172.217.194.0-255,5738,150530,61,150530
20116,0.0,172.217.194.0-255,152,152,61,228670
20117,1.7e-05,172.31.40.0-255,66,218,61,228670
20118,2.4e-05,172.217.194.0-255,1484,1702,61,228670
20119,2.8e-05,172.31.40.0-255,66,1768,61,228670
20120,3.5e-05,172.217.194.0-255,2902,4670,61,228670
20121,3.8e-05,172.31.40.0-255,66,4736,61,228670
20122,5.5e-05,172.217.194.0-255,7156,11892,61,228670
20123,5.8e-05,172.31.40.0-255,66,11958,61,228670
20124,6.3e-05,172.217.194.0-255,1928,13886,61,228670
20125,6.6e-05,172.31.40.0-255,66,13952,61,228670
20126,0.000131,172.217.194.0-255,1484,15436,61,228670
20127,0.000134,172.31.40.0-255,66,15502,61,228670
20128,0.000139,172.217.194.0-255,2902,18404,61,228670
20129,0.000142,172.31.40.0-255,66,18470,61,228670
20130,0.000145,172.217.194.0-255,1484,19954,61,228670
20131,0.000146,172.31.40.0-255,66,20020,61,228670
20132,0.000178,172.217.194.0-255,4320,24340,61,228670
20133,0.000186,172.31.40.0-255,66,24406,61,228670
20134,0.000194,172.217.194.0-255,6797,31203,61,228670
20135,0.000196,172.31.40.0-255,66,31269,61,228670
20136,0.000257,172.217.194.0-255,1484,32753,61,228670
20137,0.00026,172.31.40.0-255,66,32819,61,228670
20138,0.000274,172.217.194.0-255,2902,35721,61,228670
20139,0.000281,172.31.40.0-255,66,35787,61,228670
20140,0.000287,172.217.194.0-255,5738,41525,61,228670
20141,0.00029,172.31.40.0-255,66,41591,61,228670
20142,0.000333,172.217.194.0-255,6797,48388,61,228670
20143,0.000336,172.31.40.0-255,66,48454,61,228670
20144,0.000367,172.217.194.0-255,7156,55610,61,228670
20145,0.00037,172.31.40.0-255,66,55676,61,228670
20146,0.000376,172.217.194.0-255,4320,59996,61,228670
20147,0.000378,172.31.40.0-255,66,60062,61,228670
20148,0.000406,172.217.194.0-255,5693,65755,61,228670
20149,0.000409,172.31.40.0-255,66,65821,61,228670
20150,0.000412,172.217.194.0-255,99,65920,61,228670
20151,0.000433,172.217.194.0-255,362,66282,61,228670
20152,0.000852,172.217.194.0-255,1484,67766,61,228670
20153,0.000857,172.31.40.0-255,66,67832,61,228670
20154,0.000863,172.217.194.0-255,2902,70734,61,228670
20155,0.000865,172.31.40.0-255,66,70800,61,228670
20156,0.000872,172.217.194.0-255,5738,76538,61,228670
20157,0.000873,172.31.40.0-255,66,76604,61,228670
20158,0.000912,172.217.194.0-255,4320,80924,61,228670
20159,0.000914,172.31.40.0-255,66,80990,61,228670
20160,0.00095,172.217.194.0-255,1484,82474,61,228670
20161,0.000966,172.31.40.0-255,66,82540,61,228670
20162,0.000972,172.217.194.0-255,5020,87560,61,228670
20163,0.000974,172.31.40.0-255,66,87626,61,228670
20164,0.001271,172.217.194.0-255,1484,89110,61,228670
20165,0.001278,172.217.194.0-255,2902,92012,61,228670
20166,0.001281,172.31.40.0-255,66,92078,61,228670
20167,0.001307,172.217.194.0-255,2902,94980,61,228670
20168,0.001309,172.31.40.0-255,66,95046,61,228670
20169,0.001335,172.217.194.0-255,2902,97948,61,228670
20170,0.001338,172.31.40.0-255,66,98014,61,228670
20171,0.001345,172.217.194.0-255,7156,105170,61,228670
20172,0.001347,172.31.40.0-255,66,105236,61,228670
20173,0.001384,172.217.194.0-255,5738,110974,61,228670
20174,0.001387,172.31.40.0-255,66,111040,61,228670
20175,0.001397,172.31.40.0-255,66,111106,61,228670
20176,0.001399,172.217.194.0-255,766,111872,61,228670
20177,0.001419,172.217.194.0-255,1484,113356,61,228670
20178,0.001421,172.31.40.0-255,66,113422,61,228670
20179,0.001425,172.217.194.0-255,4320,117742,61,228670
20180,0.001427,172.31.40.0-255,66,117808,61,228670
20181,0.001433,172.217.194.0-255,1484,119292,61,228670
20182,0.001462,172.217.194.0-255,4320,123612,61,228670
20183,0.001465,172.31.40.0-255,66,123678,61,228670
20184,0.001481,172.31.40.0-255,66,123744,61,228670
20185,0.001515,172.31.40.0-255,66,123810,61,228670
20186,0.001538,172.217.194.0-255,2184,125994,61,228670
20187,0.00154,172.31.40.0-255,66,126060,61,228670
20188,0.001864,172.217.194.0-255,1484,127544,61,228670
20189,0.001883,172.217.194.0-255,2902,130446,61,228670
20190,0.001886,172.31.40.0-255,66,130512,61,228670
20191,0.001892,172.217.194.0-255,5738,136250,61,228670
20192,0.001894,172.31.40.0-255,66,136316,61,228670
20193,0.001896,172.217.194.0-255,1484,137800,61,228670
20194,0.001923,172.217.194.0-255,5738,143538,61,228670
20195,0.001925,172.31.40.0-255,66,143604,61,228670
20196,0.001931,172.217.194.0-255,5738,149342,61,228670
20197,0.001933,172.31.40.0-255,66,149408,61,228670
20198,0.001963,172.31.40.0-255,66,149474,61,228670
20199,0.001966,172.217.194.0-255,1484,150958,61,228670
20200,0.00199,172.217.194.0-255,766,151724,61,228670
20201,0.001992,172.31.40.0-255,66,151790,61,228670
20202,0.001995,172.217.194.0-255,1484,153274,61,228670
20203,0.002023,172.217.194.0-255,1484,154758,61,228670
20204,0.002026,172.31.40.0-255,66,154824,61,228670
20205,0.002033,172.217.194.0-255,7156,161980,61,228670
20206,0.002035,172.31.40.0-255,66,162046,61,228670
20207,0.002044,172.217.194.0-255,5738,167784,61,228670
20208,0.002047,172.31.40.0-255,66,167850,61,228670
20209,0.002066,172.217.194.0-255,4320,172170,61,228670
20210,0.002068,172.31.40.0-255,66,172236,61,228670
20211,0.002081,172.31.40.0-255,66,172302,61,228670
20212,0.002105,172.217.194.0-255,1484,173786,61,228670
20213,0.002114,172.217.194.0-255,7156,180942,61,228670
20214,0.002117,172.31.40.0-255,66,181008,61,228670
20215,0.002153,172.31.40.0-255,66,181074,61,228670
20216,0.002162,172.217.194.0-255,4320,185394,61,228670
20217,0.002165,172.31.40.0-255,66,185460,61,228670
20218,0.002206,172.31.40.0-255,66,185526,61,228670
20219,0.002209,172.217.194.0-255,2184,187710,61,228670
20220,0.002211,172.31.40.0-255,66,187776,61,228670
20221,0.002273,172.217.194.0-255,1484,189260,61,228670
20222,0.002277,172.217.194.0-255,2902,192162,61,228670
20223,0.00228,172.31.40.0-255,66,192228,61,228670
20224,0.002285,172.217.194.0-255,5738,197966,61,228670
20225,0.002287,172.31.40.0-255,66,198032,61,228670
20226,0.002293,172.217.194.0-255,7156,205188,61,228670
20227,0.002295,172.31.40.0-255,66,205254,61,228670
20228,0.002313,172.31.40.0-255,66,205320,61,228670
20229,0.002316,172.217.194.0-255,2184,207504,61,228670
20230,0.002318,172.31.40.0-255,66,207570,61,228670
20231,0.002322,172.217.194.0-255,2902,210472,61,228670
20232,0.002323,172.31.40.0-255,66,210538,61,228670
20233,0.002328,172.217.194.0-255,4320,214858,61,228670
20234,0.00233,172.31.40.0-255,66,214924,61,228670
20235,0.002377,172.31.40.0-255,66,214990,61,228670
20236,0.002391,172.31.40.0-255,66,215056,61,228670
20237,0.00241,172.217.194.0-255,1484,216540,61,228670
20238,0.002453,172.31.40.0-255,66,216606,61,228670
20239,0.002459,172.217.194.0-255,7156,223762,61,228670
20240,0.002461,172.31.40.0-255,66,223828,61,228670
20241,0.0025,172.31.40.0-255,66,223894,61,228670
20242,0.002516,172.31.40.0-255,66,223960,61,228670
20243,0.002551,172.31.40.0-255,66,224026,61,228670
20244,0.002592,172.31.40.0-255,66,224092,61,228670
20245,0.002597,172.217.194.0-255,3309,227401,61,228670
20246,0.002599,172.31.40.0-255,66,227467,61,228670
20247,0.002602,172.217.194.0-255,105,227572,61,228670
20248,0.002623,172.217.194.0-255,129,227701,61,228670
20249,0.011096,172.31.40.0-255,105,227806,61,228670
20250,0.011145,172.31.40.0-255,105,227911,61,228670
20251,0.011394,172.31.40.0-255,90,228001,61,228670
20252,0.011404,172.31.40.0-255,66,228067,61,228670
20253,0.013235,172.217.194.0-255,129,228196,61,228670
20254,0.013247,172.31.40.0-255,78,228274,61,228670
20255,0.013675,172.217.194.0-255,66,228340,61,228670
20256,0.013743,172.217.194.0-255,66,228406,61,228670
20257,0.013943,172.217.194.0-255,66,228472,61,228670
20258,0.013988,172.217.194.0-255,66,228538,61,228670
20259,0.013991,172.31.40.0-255,66,228604,61,228670
20260,0.013993,172.217.194.0-255,66,228670,61,228670
20261,0.0,172.217.194.0-255,146,146,61,297867
20262,2e-05,172.31.40.0-255,66,212,61,297867
20263,2.8e-05,172.217.194.0-255,1484,1696,61,297867
20264,3.2e-05,172.31.40.0-255,66,1762,61,297867
20265,3.8e-05,172.217.194.0-255,2902,4664,61,297867
20266,4e-05,172.31.40.0-255,66,4730,61,297867
20267,4.7e-05,172.217.194.0-255,5738,10468,61,297867
20268,4.9e-05,172.31.40.0-255,66,10534,61,297867
20269,7.2e-05,172.217.194.0-255,3400,13934,61,297867
20270,7.5e-05,172.31.40.0-255,66,14000,61,297867
20271,0.000174,172.217.194.0-255,1484,15484,61,297867
20272,0.000177,172.31.40.0-255,66,15550,61,297867
20273,0.000182,172.217.194.0-255,2902,18452,61,297867
20274,0.000185,172.31.40.0-255,66,18518,61,297867
20275,0.000209,172.217.194.0-255,5738,24256,61,297867
20276,0.000212,172.31.40.0-255,66,24322,61,297867
20277,0.000249,172.217.194.0-255,6797,31119,61,297867
20278,0.000252,172.31.40.0-255,66,31185,61,297867
20279,0.000355,172.217.194.0-255,1484,32669,61,297867
20280,0.000359,172.31.40.0-255,66,32735,61,297867
20281,0.000364,172.217.194.0-255,2902,35637,61,297867
20282,0.000366,172.31.40.0-255,66,35703,61,297867
20283,0.000386,172.217.194.0-255,5738,41441,61,297867
20284,0.000389,172.31.40.0-255,66,41507,61,297867
20285,0.000419,172.217.194.0-255,5738,47245,61,297867
20286,0.000422,172.31.40.0-255,66,47311,61,297867
20287,0.00045,172.31.40.0-255,66,47377,61,297867
20288,0.000461,172.31.40.0-255,66,47443,61,297867
20289,0.000463,172.217.194.0-255,376,47819,61,297867
20290,0.000465,172.31.40.0-255,66,47885,61,297867
20291,0.000494,172.217.194.0-255,397,48282,61,297867
20292,0.000799,172.217.194.0-255,1484,49766,61,297867
20293,0.000804,172.31.40.0-255,66,49832,61,297867
20294,0.00081,172.217.194.0-255,2902,52734,61,297867
20295,0.000812,172.31.40.0-255,66,52800,61,297867
20296,0.000818,172.217.194.0-255,5738,58538,61,297867
20297,0.00082,172.31.40.0-255,66,58604,61,297867
20298,0.000845,172.217.194.0-255,4320,62924,61,297867
20299,0.000848,172.31.40.0-255,66,62990,61,297867
20300,0.000875,172.217.194.0-255,7156,70146,61,297867
20301,0.000877,172.31.40.0-255,66,70212,61,297867
20302,0.000894,172.217.194.0-255,2902,73114,61,297867
20303,0.000897,172.31.40.0-255,66,73180,61,297867
20304,0.000929,172.31.40.0-255,66,73246,61,297867
20305,0.001511,172.217.194.0-255,1484,74730,61,297867
20306,0.00152,172.217.194.0-255,2902,77632,61,297867
20307,0.001525,172.31.40.0-255,66,77698,61,297867
20308,0.001529,172.217.194.0-255,1484,79182,61,297867
20309,0.001549,172.217.194.0-255,4320,83502,61,297867
20310,0.001551,172.31.40.0-255,66,83568,61,297867
20311,0.001557,172.217.194.0-255,5738,89306,61,297867
20312,0.001559,172.31.40.0-255,66,89372,61,297867
20313,0.001576,172.217.194.0-255,2902,92274,61,297867
20314,0.001578,172.31.40.0-255,66,92340,61,297867
20315,0.001604,172.217.194.0-255,5738,98078,61,297867
20316,0.001606,172.31.40.0-255,66,98144,61,297867
20317,0.001631,172.31.40.0-255,66,98210,61,297867
20318,0.001659,172.217.194.0-255,5738,103948,61,297867
20319,0.001662,172.31.40.0-255,66,104014,61,297867
20320,0.001668,172.217.194.0-255,4320,108334,61,297867
20321,0.00167,172.31.40.0-255,66,108400,61,297867
20322,0.001685,172.217.194.0-255,2902,111302,61,297867
20323,0.001687,172.31.40.0-255,66,111368,61,297867
20324,0.001691,172.217.194.0-255,2902,114270,61,297867
20325,0.001693,172.31.40.0-255,66,114336,61,297867
20326,0.001718,172.31.40.0-255,66,114402,61,297867
20327,0.001738,172.217.194.0-255,1484,115886,61,297867
20328,0.001745,172.217.194.0-255,6438,122324,61,297867
20329,0.001748,172.31.40.0-255,66,122390,61,297867
20330,0.0018,172.217.194.0-255,1484,123874,61,297867
20331,0.001805,172.217.194.0-255,2902,126776,61,297867
20332,0.001807,172.31.40.0-255,66,126842,61,297867
20333,0.001814,172.217.194.0-255,5738,132580,61,297867
20334,0.001816,172.31.40.0-255,66,132646,61,297867
20335,0.00183,172.31.40.0-255,66,132712,61,297867
20336,0.001842,172.217.194.0-255,1484,134196,61,297867
20337,0.001869,172.217.194.0-255,2902,137098,61,297867
20338,0.001872,172.31.40.0-255,66,137164,61,297867
20339,0.001901,172.31.40.0-255,66,137230,61,297867
20340,0.001916,172.217.194.0-255,1484,138714,61,297867
20341,0.001921,172.217.194.0-255,2902,141616,61,297867
20342,0.001924,172.31.40.0-255,66,141682,61,297867
20343,0.001928,172.217.194.0-255,2902,144584,61,297867
20344,0.001932,172.31.40.0-255,66,144650,61,297867
20345,0.001953,172.217.194.0-255,2902,147552,61,297867
20346,0.001956,172.31.40.0-255,66,147618,61,297867
20347,0.00197,172.31.40.0-255,66,147684,61,297867
20348,0.001975,172.217.194.0-255,4320,152004,61,297867
20349,0.001977,172.31.40.0-255,66,152070,61,297867
20350,0.001999,172.217.194.0-255,6438,158508,61,297867
20351,0.002002,172.31.40.0-255,66,158574,61,297867
20352,0.004067,172.217.194.0-255,5738,164312,61,297867
20353,0.004073,172.31.40.0-255,66,164378,61,297867
20354,0.006139,172.217.194.0-255,5738,170116,61,297867
20355,0.006146,172.31.40.0-255,66,170182,61,297867
20356,0.00824,172.217.194.0-255,5738,175920,61,297867
20357,0.008245,172.31.40.0-255,66,175986,61,297867
20358,0.010343,172.217.194.0-255,5738,181724,61,297867
20359,0.010349,172.31.40.0-255,66,181790,61,297867
20360,0.012402,172.217.194.0-255,5738,187528,61,297867
20361,0.012411,172.31.40.0-255,66,187594,61,297867
20362,0.014522,172.217.194.0-255,5738,193332,61,297867
20363,0.014528,172.31.40.0-255,66,193398,61,297867
20364,0.016622,172.217.194.0-255,5738,199136,61,297867
20365,0.016632,172.31.40.0-255,66,199202,61,297867
20366,0.018706,172.217.194.0-255,5738,204940,61,297867
20367,0.018712,172.31.40.0-255,66,205006,61,297867
20368,0.020777,172.217.194.0-255,5738,210744,61,297867
20369,0.020784,172.31.40.0-255,66,210810,61,297867
20370,0.022871,172.217.194.0-255,5738,216548,61,297867
20371,0.022878,172.31.40.0-255,66,216614,61,297867
20372,0.024946,172.217.194.0-255,5738,222352,61,297867
20373,0.024952,172.31.40.0-255,66,222418,61,297867
20374,0.027043,172.217.194.0-255,5738,228156,61,297867
20375,0.027052,172.31.40.0-255,66,228222,61,297867
20376,0.029121,172.217.194.0-255,5738,233960,61,297867
20377,0.029128,172.31.40.0-255,66,234026,61,297867
20378,0.031206,172.217.194.0-255,5738,239764,61,297867
20379,0.031213,172.31.40.0-255,66,239830,61,297867
20380,0.031718,172.31.40.0-255,172,240002,61,297867
20381,0.031749,172.31.40.0-255,1119,241121,61,297867
20382,0.031847,172.31.40.0-255,1514,242635,61,297867
20383,0.03185,172.31.40.0-255,1514,244149,61,297867
20384,0.031854,172.31.40.0-255,1514,245663,61,297867
20385,0.031855,172.31.40.0-255,1056,246719,61,297867
20386,0.033241,104.244.42.0-255,66,246785,61,297867
20387,0.033264,172.217.194.0-255,4320,251105,61,297867
20388,0.033269,172.31.40.0-255,66,251171,61,297867
20389,0.033287,104.244.42.0-255,66,251237,61,297867
20390,0.03329,172.217.194.0-255,1484,252721,61,297867
20391,0.033383,104.244.42.0-255,66,252787,61,297867
20392,0.033389,104.244.42.0-255,66,252853,61,297867
20393,0.035318,172.217.194.0-255,4320,257173,61,297867
20394,0.035324,172.31.40.0-255,66,257239,61,297867
20395,0.037362,172.217.194.0-255,5738,262977,61,297867
20396,0.03737,172.31.40.0-255,66,263043,61,297867
20397,0.039469,172.217.194.0-255,5738,268781,61,297867
20398,0.039475,172.31.40.0-255,66,268847,61,297867
20399,0.041582,172.217.194.0-255,5738,274585,61,297867
20400,0.041589,172.31.40.0-255,66,274651,61,297867
20401,0.043666,172.217.194.0-255,5738,280389,61,297867
20402,0.043672,172.31.40.0-255,66,280455,61,297867
20403,0.04576,172.217.194.0-255,5738,286193,61,297867
20404,0.045766,172.31.40.0-255,66,286259,61,297867
20405,0.047859,172.217.194.0-255,5738,291997,61,297867
20406,0.047866,172.31.40.0-255,66,292063,61,297867
20407,0.049943,172.217.194.0-255,5738,297801,61,297867
20408,0.049949,172.31.40.0-255,66,297867,61,297867
20409,0.0,172.217.194.0-255,146,146,61,271671
20410,1.6e-05,172.31.40.0-255,66,212,61,271671
20411,2.3e-05,172.217.194.0-255,1484,1696,61,271671
20412,2.8e-05,172.31.40.0-255,66,1762,61,271671
20413,4.2e-05,172.217.194.0-255,2902,4664,61,271671
20414,4.6e-05,172.31.40.0-255,66,4730,61,271671
20415,5.5e-05,172.217.194.0-255,7156,11886,61,271671
20416,5.8e-05,172.31.40.0-255,66,11952,61,271671
20417,6.2e-05,172.217.194.0-255,2067,14019,61,271671
20418,6.5e-05,172.31.40.0-255,66,14085,61,271671
20419,6.8e-05,172.217.194.0-255,1484,15569,61,271671
20420,7e-05,172.31.40.0-255,66,15635,61,271671
20421,7.6e-05,172.217.194.0-255,2902,18537,61,271671
20422,7.8e-05,172.31.40.0-255,66,18603,61,271671
20423,8.5e-05,172.217.194.0-255,5738,24341,61,271671
20424,8.8e-05,172.31.40.0-255,66,24407,61,271671
20425,9.6e-05,172.217.194.0-255,6797,31204,61,271671
20426,9.9e-05,172.31.40.0-255,66,31270,61,271671
20427,0.000103,172.217.194.0-255,1484,32754,61,271671
20428,0.000105,172.31.40.0-255,66,32820,61,271671
20429,0.00015,172.217.194.0-255,5738,38558,61,271671
20430,0.000154,172.31.40.0-255,66,38624,61,271671
20431,0.000162,172.217.194.0-255,7156,45780,61,271671
20432,0.000164,172.31.40.0-255,66,45846,61,271671
20433,0.000169,172.217.194.0-255,3961,49807,61,271671
20434,0.000171,172.31.40.0-255,66,49873,61,271671
20435,0.000177,172.217.194.0-255,4320,54193,61,271671
20436,0.000179,172.31.40.0-255,66,54259,61,271671
20437,0.000183,172.217.194.0-255,1484,55743,61,271671
20438,0.000185,172.31.40.0-255,66,55809,61,271671
20439,0.000225,172.31.40.0-255,66,55875,61,271671
20440,0.000284,172.217.194.0-255,1453,57328,61,271671
20441,0.000287,172.217.194.0-255,382,57710,61,271671
20442,0.000309,172.31.40.0-255,66,57776,61,271671
20443,0.000522,172.217.194.0-255,1484,59260,61,271671
20444,0.000529,172.217.194.0-255,2902,62162,61,271671
20445,0.000548,172.217.194.0-255,5738,67900,61,271671
20446,0.000562,172.31.40.0-255,66,67966,61,271671
20447,0.000585,172.31.40.0-255,66,68032,61,271671
20448,0.000597,172.217.194.0-255,4320,72352,61,271671
20449,0.000609,172.217.194.0-255,7156,79508,61,271671
20450,0.000634,172.217.194.0-255,3051,82559,61,271671
20451,0.000641,172.31.40.0-255,66,82625,61,271671
20452,0.000704,172.217.194.0-255,1484,84109,61,271671
20453,0.000723,172.217.194.0-255,2902,87011,61,271671
20454,0.00073,172.217.194.0-255,5738,92749,61,271671
20455,0.000735,172.31.40.0-255,66,92815,61,271671
20456,0.000787,172.217.194.0-255,1484,94299,61,271671
20457,0.000799,172.31.40.0-255,66,94365,61,271671
20458,0.000853,172.31.40.0-255,66,94431,61,271671
20459,0.000898,172.217.194.0-255,1484,95915,61,271671
20460,0.000903,172.217.194.0-255,2902,98817,61,271671
20461,0.00091,172.31.40.0-255,66,98883,61,271671
20462,0.00093,172.217.194.0-255,5738,104621,61,271671
20463,0.000935,172.217.194.0-255,2902,107523,61,271671
20464,0.000951,172.217.194.0-255,4320,111843,61,271671
20465,0.000958,172.31.40.0-255,66,111909,61,271671
20466,0.000993,172.31.40.0-255,66,111975,61,271671
20467,0.001036,172.31.40.0-255,66,112041,61,271671
20468,0.001071,172.31.40.0-255,66,112107,61,271671
20469,0.001095,172.217.194.0-255,2902,115009,61,271671
20470,0.001123,172.31.40.0-255,66,115075,61,271671
20471,0.001133,172.31.40.0-255,66,115141,61,271671
20472,0.001147,172.217.194.0-255,1484,116625,61,271671
20473,0.001153,172.217.194.0-255,2902,119527,61,271671
20474,0.001186,172.217.194.0-255,5738,125265,61,271671
20475,0.001191,172.217.194.0-255,2902,128167,61,271671
20476,0.001197,172.31.40.0-255,66,128233,61,271671
20477,0.001249,172.217.194.0-255,2184,130417,61,271671
20478,0.001254,172.31.40.0-255,66,130483,61,271671
20479,0.001301,172.217.194.0-255,7156,137639,61,271671
20480,0.001333,172.217.194.0-255,5738,143377,61,271671
20481,0.001357,172.217.194.0-255,6438,149815,61,271671
20482,0.001412,172.31.40.0-255,66,149881,61,271671
20483,0.001556,172.217.194.0-255,1484,151365,61,271671
20484,0.001563,172.217.194.0-255,2902,154267,61,271671
20485,0.00157,172.217.194.0-255,5738,160005,61,271671
20486,0.001603,172.217.194.0-255,5738,165743,61,271671
20487,0.001622,172.217.194.0-255,5020,170763,61,271671
20488,0.00176,172.217.194.0-255,1484,172247,61,271671
20489,0.001766,172.217.194.0-255,2902,175149,61,271671
20490,0.001769,172.217.194.0-255,1484,176633,61,271671
20491,0.001787,172.217.194.0-255,4320,180953,61,271671
20492,0.001803,172.217.194.0-255,7156,188109,61,271671
20493,0.001822,172.217.194.0-255,5738,193847,61,271671
20494,0.001825,172.217.194.0-255,1484,195331,61,271671
20495,0.001895,172.217.194.0-255,1484,196815,61,271671
20496,0.0019,172.217.194.0-255,2902,199717,61,271671
20497,0.001924,172.217.194.0-255,5738,205455,61,271671
20498,0.001941,172.217.194.0-255,5738,211193,61,271671
20499,0.001973,172.217.194.0-255,7156,218349,61,271671
20500,0.00576,172.31.40.0-255,66,218415,61,271671
20501,0.008054,172.217.194.0-255,5738,224153,61,271671
20502,0.008065,172.31.40.0-255,66,224219,61,271671
20503,0.010321,172.217.194.0-255,5738,229957,61,271671
20504,0.010328,172.31.40.0-255,66,230023,61,271671
20505,0.0126,172.217.194.0-255,5738,235761,61,271671
20506,0.017662,172.31.40.0-255,66,235827,61,271671
20507,0.019943,172.217.194.0-255,5738,241565,61,271671
20508,0.019954,172.31.40.0-255,66,241631,61,271671
20509,0.022225,172.217.194.0-255,5738,247369,61,271671
20510,0.025625,172.31.40.0-255,66,247435,61,271671
20511,0.027895,172.217.194.0-255,5738,253173,61,271671
20512,0.027912,172.31.40.0-255,66,253239,61,271671
20513,0.030181,172.217.194.0-255,5738,258977,61,271671
20514,0.030189,172.31.40.0-255,66,259043,61,271671
20515,0.032437,172.217.194.0-255,5738,264781,61,271671
20516,0.032444,172.31.40.0-255,66,264847,61,271671
20517,0.034711,172.217.194.0-255,5738,270585,61,271671
20518,0.034727,172.31.40.0-255,66,270651,61,271671
20519,0.036953,172.217.194.0-255,783,271434,61,271671
20520,0.03708,172.31.40.0-255,66,271500,61,271671
20521,0.037121,172.31.40.0-255,105,271605,61,271671
20522,0.039331,172.217.194.0-255,66,271671,61,271671
20523,0.0,74.125.130.0-255,146,146,61,260254
20524,1.8e-05,172.31.40.0-255,66,212,61,260254
20525,2.5e-05,74.125.130.0-255,1484,1696,61,260254
20526,3e-05,172.31.40.0-255,66,1762,61,260254
20527,3.4e-05,74.125.130.0-255,1484,3246,61,260254
20528,3.6e-05,172.31.40.0-255,66,3312,61,260254
20529,4.2e-05,74.125.130.0-255,2902,6214,61,260254
20530,4.5e-05,172.31.40.0-255,66,6280,61,260254
20531,5.2e-05,74.125.130.0-255,5738,12018,61,260254
20532,5.5e-05,172.31.40.0-255,66,12084,61,260254
20533,6e-05,74.125.130.0-255,2048,14132,61,260254
20534,6.2e-05,172.31.40.0-255,66,14198,61,260254
20535,0.000181,74.125.130.0-255,1484,15682,61,260254
20536,0.000185,172.31.40.0-255,66,15748,61,260254
20537,0.00019,74.125.130.0-255,2902,18650,61,260254
20538,0.000193,172.31.40.0-255,66,18716,61,260254
20539,0.000196,74.125.130.0-255,1484,20200,61,260254
20540,0.000198,172.31.40.0-255,66,20266,61,260254
20541,0.000231,74.125.130.0-255,4320,24586,61,260254
20542,0.000234,172.31.40.0-255,66,24652,61,260254
20543,0.000239,74.125.130.0-255,4320,28972,61,260254
20544,0.000241,172.31.40.0-255,66,29038,61,260254
20545,0.000264,74.125.130.0-255,2543,31581,61,260254
20546,0.000266,172.31.40.0-255,66,31647,61,260254
20547,0.000327,74.125.130.0-255,1484,33131,61,260254
20548,0.000329,172.31.40.0-255,66,33197,61,260254
20549,0.000346,74.125.130.0-255,2902,36099,61,260254
20550,0.000348,172.31.40.0-255,66,36165,61,260254
20551,0.000368,74.125.130.0-255,5738,41903,61,260254
20552,0.00037,172.31.40.0-255,66,41969,61,260254
20553,0.000375,74.125.130.0-255,2902,44871,61,260254
20554,0.000377,172.31.40.0-255,66,44937,61,260254
20555,0.000399,74.125.130.0-255,3961,48898,61,260254
20556,0.000402,172.31.40.0-255,66,48964,61,260254
20557,0.000479,74.125.130.0-255,1484,50448,61,260254
20558,0.000485,74.125.130.0-255,2902,53350,61,260254
20559,0.000488,172.31.40.0-255,66,53416,61,260254
20560,0.000514,74.125.130.0-255,2902,56318,61,260254
20561,0.000517,172.31.40.0-255,66,56384,61,260254
20562,0.000535,74.125.130.0-255,1484,57868,61,260254
20563,0.000542,74.125.130.0-255,5738,63606,61,260254
20564,0.000544,172.31.40.0-255,66,63672,61,260254
20565,0.000569,74.125.130.0-255,2842,66514,61,260254
20566,0.000572,172.31.40.0-255,66,66580,61,260254
20567,0.001027,74.125.130.0-255,1484,68064,61,260254
20568,0.001032,74.125.130.0-255,1484,69548,61,260254
20569,0.001035,172.31.40.0-255,66,69614,61,260254
20570,0.001051,74.125.130.0-255,1484,71098,61,260254
20571,0.001063,74.125.130.0-255,2902,74000,61,260254
20572,0.001065,172.31.40.0-255,66,74066,61,260254
20573,0.001083,74.125.130.0-255,2902,76968,61,260254
20574,0.001087,172.31.40.0-255,66,77034,61,260254
20575,0.001108,74.125.130.0-255,5738,82772,61,260254
20576,0.001112,172.31.40.0-255,66,82838,61,260254
20577,0.001166,74.125.130.0-255,1415,84253,61,260254
20578,0.001283,172.31.40.0-255,66,84319,61,260254
20579,0.001878,74.125.130.0-255,1484,85803,61,260254
20580,0.001887,74.125.130.0-255,1484,87287,61,260254
20581,0.001892,172.31.40.0-255,66,87353,61,260254
20582,0.001898,74.125.130.0-255,2902,90255,61,260254
20583,0.0019,172.31.40.0-255,66,90321,61,260254
20584,0.001926,74.125.130.0-255,5738,96059,61,260254
20585,0.001929,172.31.40.0-255,66,96125,61,260254
20586,0.001932,74.125.130.0-255,1484,97609,61,260254
20587,0.001957,74.125.130.0-255,3961,101570,61,260254
20588,0.001959,172.31.40.0-255,66,101636,61,260254
20589,0.001965,74.125.130.0-255,4320,105956,61,260254
20590,0.001966,172.31.40.0-255,66,106022,61,260254
20591,0.001977,74.125.130.0-255,1484,107506,61,260254
20592,0.00198,74.125.130.0-255,1484,108990,61,260254
20593,0.001982,172.31.40.0-255,66,109056,61,260254
20594,0.002002,74.125.130.0-255,7156,116212,61,260254
20595,0.002004,172.31.40.0-255,66,116278,61,260254
20596,0.002027,74.125.130.0-255,4320,120598,61,260254
20597,0.002029,172.31.40.0-255,66,120664,61,260254
20598,0.002037,74.125.130.0-255,7156,127820,61,260254
20599,0.002039,172.31.40.0-255,66,127886,61,260254
20600,0.002062,74.125.130.0-255,7156,135042,61,260254
20601,0.002064,172.31.40.0-255,66,135108,61,260254
20602,0.002067,74.125.130.0-255,766,135874,61,260254
20603,0.004309,74.125.130.0-255,1484,137358,61,260254
20604,0.004312,172.31.40.0-255,66,137424,61,260254
20605,0.004328,74.125.130.0-255,2902,140326,61,260254
20606,0.00433,172.31.40.0-255,66,140392,61,260254
20607,0.006565,74.125.130.0-255,2902,143294,61,260254
20608,0.00657,172.31.40.0-255,66,143360,61,260254
20609,0.006591,74.125.130.0-255,2902,146262,61,260254
20610,0.006594,172.31.40.0-255,66,146328,61,260254
20611,0.008821,74.125.130.0-255,2902,149230,61,260254
20612,0.008829,172.31.40.0-255,66,149296,61,260254
20613,0.008847,74.125.130.0-255,1484,150780,61,260254
20614,0.008863,74.125.130.0-255,1484,152264,61,260254
20615,0.008865,172.31.40.0-255,66,152330,61,260254
20616,0.011077,74.125.130.0-255,2902,155232,61,260254
20617,0.011085,172.31.40.0-255,66,155298,61,260254
20618,0.011107,74.125.130.0-255,2902,158200,61,260254
20619,0.011109,172.31.40.0-255,66,158266,61,260254
20620,0.013347,74.125.130.0-255,5738,164004,61,260254
20621,0.013355,172.31.40.0-255,66,164070,61,260254
20622,0.015611,74.125.130.0-255,5738,169808,61,260254
20623,0.01562,172.31.40.0-255,66,169874,61,260254
20624,0.017878,74.125.130.0-255,5738,175612,61,260254
20625,0.017885,172.31.40.0-255,66,175678,61,260254
20626,0.020138,74.125.130.0-255,5738,181416,61,260254
20627,0.020143,172.31.40.0-255,66,181482,61,260254
20628,0.022401,74.125.130.0-255,5738,187220,61,260254
20629,0.022408,172.31.40.0-255,66,187286,61,260254
20630,0.022786,172.31.40.0-255,167,187453,61,260254
20631,0.022818,172.31.40.0-255,1116,188569,61,260254
20632,0.022875,172.31.40.0-255,1514,190083,61,260254
20633,0.022877,172.31.40.0-255,325,190408,61,260254
20634,0.02438,104.244.42.0-255,66,190474,61,260254
20635,0.024415,104.244.42.0-255,66,190540,61,260254
20636,0.02444,104.244.42.0-255,66,190606,61,260254
20637,0.024651,74.125.130.0-255,5738,196344,61,260254
20638,0.024657,172.31.40.0-255,66,196410,61,260254
20639,0.026916,74.125.130.0-255,5738,202148,61,260254
20640,0.026923,172.31.40.0-255,66,202214,61,260254
20641,0.029198,74.125.130.0-255,5738,207952,61,260254
20642,0.029205,172.31.40.0-255,66,208018,61,260254
20643,0.031514,74.125.130.0-255,5738,213756,61,260254
20644,0.031521,172.31.40.0-255,66,213822,61,260254
20645,0.033786,74.125.130.0-255,5738,219560,61,260254
20646,0.033794,172.31.40.0-255,66,219626,61,260254
20647,0.036058,74.125.130.0-255,5738,225364,61,260254
20648,0.036065,172.31.40.0-255,66,225430,61,260254
20649,0.038325,74.125.130.0-255,5738,231168,61,260254
20650,0.038332,172.31.40.0-255,66,231234,61,260254
20651,0.040598,74.125.130.0-255,5738,236972,61,260254
20652,0.040604,172.31.40.0-255,66,237038,61,260254
20653,0.042855,74.125.130.0-255,5738,242776,61,260254
20654,0.042861,172.31.40.0-255,66,242842,61,260254
20655,0.045118,74.125.130.0-255,5738,248580,61,260254
20656,0.045125,172.31.40.0-255,66,248646,61,260254
20657,0.047382,74.125.130.0-255,5738,254384,61,260254
20658,0.04739,172.31.40.0-255,66,254450,61,260254
20659,0.049669,74.125.130.0-255,5738,260188,61,260254
20660,0.049687,172.31.40.0-255,66,260254,61,260254
20661,0.0,74.125.24.0-255,150,150,61,301624
20662,2.2e-05,172.31.40.0-255,66,216,61,301624
20663,2.9e-05,74.125.24.0-255,1484,1700,61,301624
20664,3.4e-05,172.31.40.0-255,66,1766,61,301624
20665,3.9e-05,74.125.24.0-255,2902,4668,61,301624
20666,4.2e-05,172.31.40.0-255,66,4734,61,301624
20667,6e-05,74.125.24.0-255,2902,7636,61,301624
20668,6.2e-05,172.31.40.0-255,66,7702,61,301624
20669,9.1e-05,74.125.24.0-255,4320,12022,61,301624
20670,9.4e-05,172.31.40.0-255,66,12088,61,301624
20671,9.8e-05,74.125.24.0-255,1983,14071,61,301624
20672,0.000101,172.31.40.0-255,66,14137,61,301624
20673,0.000171,74.125.24.0-255,1484,15621,61,301624
20674,0.000174,172.31.40.0-255,66,15687,61,301624
20675,0.00018,74.125.24.0-255,2902,18589,61,301624
20676,0.000182,172.31.40.0-255,66,18655,61,301624
20677,0.000189,74.125.24.0-255,5738,24393,61,301624
20678,0.000191,172.31.40.0-255,66,24459,61,301624
20679,0.000228,74.125.24.0-255,6797,31256,61,301624
20680,0.000231,172.31.40.0-255,66,31322,61,301624
20681,0.000287,74.125.24.0-255,1484,32806,61,301624
20682,0.00029,172.31.40.0-255,66,32872,61,301624
20683,0.000295,74.125.24.0-255,2902,35774,61,301624
20684,0.000298,172.31.40.0-255,66,35840,61,301624
20685,0.000324,74.125.24.0-255,5738,41578,61,301624
20686,0.000328,172.31.40.0-255,66,41644,61,301624
20687,0.000345,74.125.24.0-255,5738,47382,61,301624
20688,0.000348,172.31.40.0-255,66,47448,61,301624
20689,0.000352,74.125.24.0-255,2902,50350,61,301624
20690,0.000354,172.31.40.0-255,66,50416,61,301624
20691,0.000372,74.125.24.0-255,3961,54377,61,301624
20692,0.000375,172.31.40.0-255,66,54443,61,301624
20693,0.000378,74.125.24.0-255,1484,55927,61,301624
20694,0.000398,74.125.24.0-255,2902,58829,61,301624
20695,0.0004,172.31.40.0-255,66,58895,61,301624
20696,0.000435,74.125.24.0-255,4320,63215,61,301624
20697,0.000437,172.31.40.0-255,66,63281,61,301624
20698,0.000454,74.125.24.0-255,1484,64765,61,301624
20699,0.000456,74.125.24.0-255,1125,65890,61,301624
20700,0.000459,172.31.40.0-255,66,65956,61,301624
20701,0.000587,74.125.24.0-255,646,66602,61,301624
20702,0.000761,74.125.24.0-255,1484,68086,61,301624
20703,0.000765,172.31.40.0-255,66,68152,61,301624
20704,0.000771,74.125.24.0-255,2902,71054,61,301624
20705,0.000773,172.31.40.0-255,66,71120,61,301624
20706,0.000778,74.125.24.0-255,2902,74022,61,301624
20707,0.00078,172.31.40.0-255,66,74088,61,301624
20708,0.000808,74.125.24.0-255,2902,76990,61,301624
20709,0.000811,172.31.40.0-255,66,77056,61,301624
20710,0.000819,74.125.24.0-255,7156,84212,61,301624
20711,0.000821,172.31.40.0-255,66,84278,61,301624
20712,0.000824,74.125.24.0-255,1484,85762,61,301624
20713,0.000864,172.31.40.0-255,66,85828,61,301624
20714,0.000881,74.125.24.0-255,2184,88012,61,301624
20715,0.000883,172.31.40.0-255,66,88078,61,301624
20716,0.00092,74.125.24.0-255,1484,89562,61,301624
20717,0.00094,74.125.24.0-255,2902,92464,61,301624
20718,0.000944,172.31.40.0-255,66,92530,61,301624
20719,0.000949,74.125.24.0-255,4320,96850,61,301624
20720,0.000951,172.31.40.0-255,66,96916,61,301624
20721,0.000966,74.125.24.0-255,1484,98400,61,301624
20722,0.000987,172.31.40.0-255,66,98466,61,301624
20723,0.00101,74.125.24.0-255,4320,102786,61,301624
20724,0.001018,74.125.24.0-255,7156,109942,61,301624
20725,0.001022,172.31.40.0-255,66,110008,61,301624
20726,0.001026,172.31.40.0-255,66,110074,61,301624
20727,0.001043,74.125.24.0-255,3602,113676,61,301624
20728,0.001046,172.31.40.0-255,66,113742,61,301624
20729,0.00117,74.125.24.0-255,1484,115226,61,301624
20730,0.001196,74.125.24.0-255,2902,118128,61,301624
20731,0.001201,172.31.40.0-255,66,118194,61,301624
20732,0.001205,74.125.24.0-255,2902,121096,61,301624
20733,0.001207,172.31.40.0-255,66,121162,61,301624
20734,0.001226,74.125.24.0-255,7156,128318,61,301624
20735,0.001228,172.31.40.0-255,66,128384,61,301624
20736,0.001251,74.125.24.0-255,4320,132704,61,301624
20737,0.001254,172.31.40.0-255,66,132770,61,301624
20738,0.001284,172.31.40.0-255,66,132836,61,301624
20739,0.001289,74.125.24.0-255,3602,136438,61,301624
20740,0.001291,172.31.40.0-255,66,136504,61,301624
20741,0.00173,74.125.24.0-255,1484,137988,61,301624
20742,0.001738,74.125.24.0-255,2902,140890,61,301624
20743,0.001741,172.31.40.0-255,66,140956,61,301624
20744,0.001745,74.125.24.0-255,1484,142440,61,301624
20745,0.001762,74.125.24.0-255,4320,146760,61,301624
20746,0.001765,172.31.40.0-255,66,146826,61,301624
20747,0.001775,74.125.24.0-255,1484,148310,61,301624
20748,0.001793,74.125.24.0-255,4320,152630,61,301624
20749,0.001796,172.31.40.0-255,66,152696,61,301624
20750,0.001809,74.125.24.0-255,2902,155598,61,301624
20751,0.001811,172.31.40.0-255,66,155664,61,301624
20752,0.001837,172.31.40.0-255,66,155730,61,301624
20753,0.001843,74.125.24.0-255,5020,160750,61,301624
20754,0.001845,172.31.40.0-255,66,160816,61,301624
20755,0.002616,74.125.24.0-255,1484,162300,61,301624
20756,0.002639,74.125.24.0-255,2902,165202,61,301624
20757,0.002644,172.31.40.0-255,66,165268,61,301624
20758,0.002652,74.125.24.0-255,5738,171006,61,301624
20759,0.002655,172.31.40.0-255,66,171072,61,301624
20760,0.002684,74.125.24.0-255,5738,176810,61,301624
20761,0.002687,172.31.40.0-255,66,176876,61,301624
20762,0.00269,74.125.24.0-255,1484,178360,61,301624
20763,0.002706,74.125.24.0-255,2902,181262,61,301624
20764,0.002709,172.31.40.0-255,66,181328,61,301624
20765,0.002725,74.125.24.0-255,4320,185648,61,301624
20766,0.002728,172.31.40.0-255,66,185714,61,301624
20767,0.002736,74.125.24.0-255,7156,192870,61,301624
20768,0.002738,172.31.40.0-255,66,192936,61,301624
20769,0.002761,74.125.24.0-255,2184,195120,61,301624
20770,0.002763,172.31.40.0-255,66,195186,61,301624
20771,0.002927,74.125.24.0-255,1484,196670,61,301624
20772,0.002935,74.125.24.0-255,2902,199572,61,301624
20773,0.002939,172.31.40.0-255,66,199638,61,301624
20774,0.002943,74.125.24.0-255,1484,201122,61,301624
20775,0.002963,74.125.24.0-255,4320,205442,61,301624
20776,0.002965,172.31.40.0-255,66,205508,61,301624
20777,0.003003,74.125.24.0-255,7156,212664,61,301624
20778,0.003005,172.31.40.0-255,66,212730,61,301624
20779,0.003025,74.125.24.0-255,5738,218468,61,301624
20780,0.003027,172.31.40.0-255,66,218534,61,301624
20781,0.003037,172.31.40.0-255,66,218600,61,301624
20782,0.003057,172.31.40.0-255,66,218666,61,301624
20783,0.003082,74.125.24.0-255,3602,222268,61,301624
20784,0.003084,172.31.40.0-255,66,222334,61,301624
20785,0.003095,172.31.40.0-255,66,222400,61,301624
20786,0.003098,74.125.24.0-255,1484,223884,61,301624
20787,0.003101,74.125.24.0-255,766,224650,61,301624
20788,0.003103,172.31.40.0-255,66,224716,61,301624
20789,0.003106,74.125.24.0-255,1484,226200,61,301624
20790,0.003124,74.125.24.0-255,1484,227684,61,301624
20791,0.003127,172.31.40.0-255,66,227750,61,301624
20792,0.00313,74.125.24.0-255,1484,229234,61,301624
20793,0.003133,74.125.24.0-255,1484,230718,61,301624
20794,0.003135,172.31.40.0-255,66,230784,61,301624
20795,0.003138,74.125.24.0-255,1484,232268,61,301624
20796,0.003159,74.125.24.0-255,2902,235170,61,301624
20797,0.003161,172.31.40.0-255,66,235236,61,301624
20798,0.003178,74.125.24.0-255,2902,238138,61,301624
20799,0.003181,172.31.40.0-255,66,238204,61,301624
20800,0.003203,74.125.24.0-255,5738,243942,61,301624
20801,0.003206,172.31.40.0-255,66,244008,61,301624
20802,0.003209,74.125.24.0-255,1484,245492,61,301624
20803,0.003212,74.125.24.0-255,1484,246976,61,301624
20804,0.003214,172.31.40.0-255,66,247042,61,301624
20805,0.003227,172.31.40.0-255,66,247108,61,301624
20806,0.003246,74.125.24.0-255,2184,249292,61,301624
20807,0.003249,172.31.40.0-255,66,249358,61,301624
20808,0.003332,74.125.24.0-255,1484,250842,61,301624
20809,0.003337,74.125.24.0-255,1484,252326,61,301624
20810,0.003341,172.31.40.0-255,66,252392,61,301624
20811,0.003358,74.125.24.0-255,1484,253876,61,301624
20812,0.003365,74.125.24.0-255,5738,259614,61,301624
20813,0.003367,172.31.40.0-255,66,259680,61,301624
20814,0.003407,172.31.40.0-255,66,259746,61,301624
20815,0.00342,172.31.40.0-255,66,259812,61,301624
20816,0.003426,74.125.24.0-255,4320,264132,61,301624
20817,0.003428,172.31.40.0-255,66,264198,61,301624
20818,0.003449,74.125.24.0-255,7156,271354,61,301624
20819,0.003452,172.31.40.0-255,66,271420,61,301624
20820,0.003459,74.125.24.0-255,7156,278576,61,301624
20821,0.003461,172.31.40.0-255,66,278642,61,301624
20822,0.003502,172.31.40.0-255,66,278708,61,301624
20823,0.003553,74.125.24.0-255,1484,280192,61,301624
20824,0.003567,74.125.24.0-255,2902,283094,61,301624
20825,0.00357,172.31.40.0-255,66,283160,61,301624
20826,0.003577,74.125.24.0-255,5738,288898,61,301624
20827,0.003579,172.31.40.0-255,66,288964,61,301624
20828,0.003609,74.125.24.0-255,5738,294702,61,301624
20829,0.003612,172.31.40.0-255,66,294768,61,301624
20830,0.003629,74.125.24.0-255,2532,297300,61,301624
20831,0.003632,172.31.40.0-255,66,297366,61,301624
20832,0.003647,74.125.24.0-255,105,297471,61,301624
20833,0.003674,74.125.24.0-255,129,297600,61,301624
20834,0.013567,74.125.24.0-255,129,297729,61,301624
20835,0.01359,172.31.40.0-255,78,297807,61,301624
20836,0.017082,172.31.40.0-255,105,297912,61,301624
20837,0.017136,172.31.40.0-255,105,298017,61,301624
20838,0.01741,172.31.40.0-255,90,298107,61,301624
20839,0.017421,172.31.40.0-255,66,298173,61,301624
20840,0.019399,74.125.24.0-255,66,298239,61,301624
20841,0.019411,74.125.24.0-255,66,298305,61,301624
20842,0.019736,74.125.24.0-255,66,298371,61,301624
20843,0.019764,74.125.24.0-255,66,298437,61,301624
20844,0.01977,172.31.40.0-255,66,298503,61,301624
20845,0.049036,172.31.40.0-255,166,298669,61,301624
20846,0.049088,172.31.40.0-255,1140,299809,61,301624
20847,0.049157,172.31.40.0-255,1514,301323,61,301624
20848,0.049159,172.31.40.0-255,301,301624,61,301624
20849,0.0,74.125.68.0-255,151,151,61,308320
20850,1.2e-05,172.31.40.0-255,66,217,61,308320
20851,1.8e-05,74.125.68.0-255,1484,1701,61,308320
20852,2.3e-05,172.31.40.0-255,66,1767,61,308320
20853,3e-05,74.125.68.0-255,2902,4669,61,308320
20854,3.4e-05,172.31.40.0-255,66,4735,61,308320
20855,3.7e-05,74.125.68.0-255,1484,6219,61,308320
20856,4e-05,172.31.40.0-255,66,6285,61,308320
20857,4.6e-05,74.125.68.0-255,2902,9187,61,308320
20858,4.8e-05,172.31.40.0-255,66,9253,61,308320
20859,7.4e-05,74.125.68.0-255,2902,12155,61,308320
20860,7.6e-05,172.31.40.0-255,66,12221,61,308320
20861,9.9e-05,74.125.68.0-255,3417,15638,61,308320
20862,0.000103,172.31.40.0-255,66,15704,61,308320
20863,0.000106,74.125.68.0-255,1484,17188,61,308320
20864,0.000108,172.31.40.0-255,66,17254,61,308320
20865,0.000112,74.125.68.0-255,2902,20156,61,308320
20866,0.000115,172.31.40.0-255,66,20222,61,308320
20867,0.000145,74.125.68.0-255,5738,25960,61,308320
20868,0.000147,172.31.40.0-255,66,26026,61,308320
20869,0.000162,74.125.68.0-255,2902,28928,61,308320
20870,0.000164,172.31.40.0-255,66,28994,61,308320
20871,0.000182,74.125.68.0-255,2543,31537,61,308320
20872,0.000184,172.31.40.0-255,66,31603,61,308320
20873,0.00026,74.125.68.0-255,1484,33087,61,308320
20874,0.000264,172.31.40.0-255,66,33153,61,308320
20875,0.000268,74.125.68.0-255,1484,34637,61,308320
20876,0.000271,172.31.40.0-255,66,34703,61,308320
20877,0.000285,74.125.68.0-255,1484,36187,61,308320
20878,0.000287,172.31.40.0-255,66,36253,61,308320
20879,0.000291,74.125.68.0-255,1484,37737,61,308320
20880,0.000294,172.31.40.0-255,66,37803,61,308320
20881,0.000319,74.125.68.0-255,2902,40705,61,308320
20882,0.000326,74.125.68.0-255,5738,46443,61,308320
20883,0.00033,74.125.68.0-255,2543,48986,61,308320
20884,0.000362,74.125.68.0-255,2902,51888,61,308320
20885,0.00039,74.125.68.0-255,2902,54790,61,308320
20886,0.000412,74.125.68.0-255,4320,59110,61,308320
20887,0.000444,74.125.68.0-255,7109,66219,61,308320
20888,0.000447,74.125.68.0-255,108,66327,61,308320
20889,0.000514,172.31.40.0-255,66,66393,61,308320
20890,0.000552,74.125.68.0-255,1484,67877,61,308320
20891,0.000569,74.125.68.0-255,2902,70779,61,308320
20892,0.000583,74.125.68.0-255,1484,72263,61,308320
20893,0.00059,172.31.40.0-255,66,72329,61,308320
20894,0.0006,74.125.68.0-255,2902,75231,61,308320
20895,0.000617,74.125.68.0-255,5738,80969,61,308320
20896,0.00062,172.31.40.0-255,66,81035,61,308320
20897,0.000652,74.125.68.0-255,2902,83937,61,308320
20898,0.00066,172.31.40.0-255,66,84003,61,308320
20899,0.000673,74.125.68.0-255,4320,88323,61,308320
20900,0.00068,74.125.68.0-255,5738,94061,61,308320
20901,0.000697,74.125.68.0-255,2902,96963,61,308320
20902,0.000702,74.125.68.0-255,3602,100565,61,308320
20903,0.000712,74.125.68.0-255,331,100896,61,308320
20904,0.000722,172.31.40.0-255,66,100962,61,308320
20905,0.001161,74.125.68.0-255,1484,102446,61,308320
20906,0.001167,74.125.68.0-255,2902,105348,61,308320
20907,0.001171,172.31.40.0-255,66,105414,61,308320
20908,0.001204,74.125.68.0-255,5738,111152,61,308320
20909,0.001218,74.125.68.0-255,1484,112636,61,308320
20910,0.001228,172.31.40.0-255,66,112702,61,308320
20911,0.001236,74.125.68.0-255,1484,114186,61,308320
20912,0.001241,74.125.68.0-255,4320,118506,61,308320
20913,0.00125,172.31.40.0-255,66,118572,61,308320
20914,0.001279,74.125.68.0-255,1484,120056,61,308320
20915,0.001305,74.125.68.0-255,4320,124376,61,308320
20916,0.00131,172.31.40.0-255,66,124442,61,308320
20917,0.001329,74.125.68.0-255,2902,127344,61,308320
20918,0.001333,74.125.68.0-255,2902,130246,61,308320
20919,0.001343,172.31.40.0-255,66,130312,61,308320
20920,0.001347,74.125.68.0-255,1484,131796,61,308320
20921,0.001383,74.125.68.0-255,3054,134850,61,308320
20922,0.001396,172.31.40.0-255,66,134916,61,308320
20923,0.001444,74.125.68.0-255,1484,136400,61,308320
20924,0.001446,74.125.68.0-255,1484,137884,61,308320
20925,0.001461,74.125.68.0-255,1484,139368,61,308320
20926,0.001464,74.125.68.0-255,1484,140852,61,308320
20927,0.001469,172.31.40.0-255,66,140918,61,308320
20928,0.001488,74.125.68.0-255,4320,145238,61,308320
20929,0.001492,74.125.68.0-255,4320,149558,61,308320
20930,0.001497,172.31.40.0-255,66,149624,61,308320
20931,0.001522,74.125.68.0-255,5738,155362,61,308320
20932,0.001538,74.125.68.0-255,1484,156846,61,308320
20933,0.001546,172.31.40.0-255,66,156912,61,308320
20934,0.001556,74.125.68.0-255,1484,158396,61,308320
20935,0.001577,74.125.68.0-255,5738,164134,61,308320
20936,0.001585,172.31.40.0-255,66,164200,61,308320
20937,0.001593,74.125.68.0-255,1484,165684,61,308320
20938,0.001614,74.125.68.0-255,3602,169286,61,308320
20939,0.001623,172.31.40.0-255,66,169352,61,308320
20940,0.002098,74.125.68.0-255,1484,170836,61,308320
20941,0.002111,74.125.68.0-255,2902,173738,61,308320
20942,0.002115,172.31.40.0-255,66,173804,61,308320
20943,0.00214,74.125.68.0-255,5738,179542,61,308320
20944,0.002166,74.125.68.0-255,4320,183862,61,308320
20945,0.002169,172.31.40.0-255,66,183928,61,308320
20946,0.002176,172.31.40.0-255,66,183994,61,308320
20947,0.002187,74.125.68.0-255,4320,188314,61,308320
20948,0.00219,74.125.68.0-255,1484,189798,61,308320
20949,0.002215,74.125.68.0-255,4320,194118,61,308320
20950,0.002255,74.125.68.0-255,766,194884,61,308320
20951,0.002258,172.31.40.0-255,66,194950,61,308320
20952,0.002311,172.31.40.0-255,101,195051,61,308320
20953,0.004556,74.125.68.0-255,4320,199371,61,308320
20954,0.004569,172.31.40.0-255,66,199437,61,308320
20955,0.004591,74.125.68.0-255,1484,200921,61,308320
20956,0.006843,74.125.68.0-255,4320,205241,61,308320
20957,0.008823,172.31.40.0-255,66,205307,61,308320
20958,0.011117,74.125.68.0-255,5738,211045,61,308320
20959,0.01113,172.31.40.0-255,66,211111,61,308320
20960,0.013434,74.125.68.0-255,5738,216849,61,308320
20961,0.01443,172.31.40.0-255,66,216915,61,308320
20962,0.016736,74.125.68.0-255,5738,222653,61,308320
20963,0.016752,172.31.40.0-255,66,222719,61,308320
20964,0.019053,74.125.68.0-255,5738,228457,61,308320
20965,0.019067,172.31.40.0-255,66,228523,61,308320
20966,0.021393,74.125.68.0-255,5738,234261,61,308320
20967,0.021407,172.31.40.0-255,66,234327,61,308320
20968,0.023705,74.125.68.0-255,5738,240065,61,308320
20969,0.023714,172.31.40.0-255,66,240131,61,308320
20970,0.026006,74.125.68.0-255,5738,245869,61,308320
20971,0.026017,172.31.40.0-255,66,245935,61,308320
20972,0.02831,74.125.68.0-255,5738,251673,61,308320
20973,0.028318,172.31.40.0-255,66,251739,61,308320
20974,0.030606,74.125.68.0-255,5738,257477,61,308320
20975,0.030615,172.31.40.0-255,66,257543,61,308320
20976,0.032416,172.31.40.0-255,172,257715,61,308320
20977,0.032446,172.31.40.0-255,1119,258834,61,308320
20978,0.032508,172.31.40.0-255,1514,260348,61,308320
20979,0.032511,172.31.40.0-255,1276,261624,61,308320
20980,0.032884,74.125.68.0-255,1484,263108,61,308320
20981,0.032904,74.125.68.0-255,4320,267428,61,308320
20982,0.032909,172.31.40.0-255,66,267494,61,308320
20983,0.033965,104.244.42.0-255,66,267560,61,308320
20984,0.034001,104.244.42.0-255,66,267626,61,308320
20985,0.034052,104.244.42.0-255,66,267692,61,308320
20986,0.035177,74.125.68.0-255,5738,273430,61,308320
20987,0.035183,172.31.40.0-255,66,273496,61,308320
20988,0.037461,74.125.68.0-255,5738,279234,61,308320
20989,0.037467,172.31.40.0-255,66,279300,61,308320
20990,0.039755,74.125.68.0-255,5738,285038,61,308320
20991,0.039762,172.31.40.0-255,66,285104,61,308320
20992,0.042072,74.125.68.0-255,5738,290842,61,308320
20993,0.042082,172.31.40.0-255,66,290908,61,308320
20994,0.044357,74.125.68.0-255,5738,296646,61,308320
20995,0.044365,172.31.40.0-255,66,296712,61,308320
20996,0.046653,74.125.68.0-255,5738,302450,61,308320
20997,0.046658,172.31.40.0-255,66,302516,61,308320
20998,0.048949,74.125.68.0-255,5738,308254,61,308320
20999,0.048955,172.31.40.0-255,66,308320,61,308320
21000,0.0,172.217.26.0-255,153,153,61,230932
21001,2.2e-05,172.31.40.0-255,66,219,61,230932
21002,2.9e-05,172.217.26.0-255,1484,1703,61,230932
21003,3.4e-05,172.31.40.0-255,66,1769,61,230932
21004,4.8e-05,172.217.26.0-255,2902,4671,61,230932
21005,5.1e-05,172.31.40.0-255,66,4737,61,230932
21006,5.9e-05,172.217.26.0-255,7156,11893,61,230932
21007,6.4e-05,172.31.40.0-255,66,11959,61,230932
21008,0.000105,172.217.26.0-255,2030,13989,61,230932
21009,0.000108,172.31.40.0-255,66,14055,61,230932
21010,0.000125,172.217.26.0-255,2902,16957,61,230932
21011,0.000128,172.31.40.0-255,66,17023,61,230932
21012,0.000133,172.217.26.0-255,4320,21343,61,230932
21013,0.000136,172.31.40.0-255,66,21409,61,230932
21014,0.00017,172.217.26.0-255,5738,27147,61,230932
21015,0.000173,172.31.40.0-255,66,27213,61,230932
21016,0.000208,172.31.40.0-255,66,27279,61,230932
21017,0.000247,172.217.26.0-255,5738,33017,61,230932
21018,0.000249,172.31.40.0-255,66,33083,61,230932
21019,0.000274,172.217.26.0-255,3961,37044,61,230932
21020,0.000277,172.31.40.0-255,66,37110,61,230932
21021,0.000298,172.217.26.0-255,1484,38594,61,230932
21022,0.000301,172.31.40.0-255,66,38660,61,230932
21023,0.000305,172.217.26.0-255,2902,41562,61,230932
21024,0.000308,172.31.40.0-255,66,41628,61,230932
21025,0.000311,172.217.26.0-255,1484,43112,61,230932
21026,0.000313,172.31.40.0-255,66,43178,61,230932
21027,0.000346,172.217.26.0-255,4320,47498,61,230932
21028,0.000349,172.31.40.0-255,66,47564,61,230932
21029,0.000352,172.217.26.0-255,1484,49048,61,230932
21030,0.000365,172.31.40.0-255,66,49114,61,230932
21031,0.000393,172.217.26.0-255,5379,54493,61,230932
21032,0.000396,172.31.40.0-255,66,54559,61,230932
21033,0.000399,172.217.26.0-255,393,54952,61,230932
21034,0.001078,172.31.40.0-255,66,55018,61,230932
21035,0.001152,172.217.26.0-255,114,55132,61,230932
21036,0.001189,172.217.26.0-255,332,55464,61,230932
21037,0.001396,172.217.26.0-255,1484,56948,61,230932
21038,0.001402,172.31.40.0-255,66,57014,61,230932
21039,0.001409,172.217.26.0-255,2902,59916,61,230932
21040,0.001411,172.31.40.0-255,66,59982,61,230932
21041,0.001422,172.217.26.0-255,4320,64302,61,230932
21042,0.001424,172.31.40.0-255,66,64368,61,230932
21043,0.001456,172.217.26.0-255,4320,68688,61,230932
21044,0.001458,172.31.40.0-255,66,68754,61,230932
21045,0.001486,172.217.26.0-255,3961,72715,61,230932
21046,0.001489,172.31.40.0-255,66,72781,61,230932
21047,0.001496,172.217.26.0-255,7156,79937,61,230932
21048,0.001498,172.31.40.0-255,66,80003,61,230932
21049,0.001529,172.217.26.0-255,1484,81487,61,230932
21050,0.001541,172.31.40.0-255,66,81553,61,230932
21051,0.003431,172.217.26.0-255,5738,87291,61,230932
21052,0.00344,172.31.40.0-255,66,87357,61,230932
21053,0.005337,172.217.26.0-255,5738,93095,61,230932
21054,0.005344,172.31.40.0-255,66,93161,61,230932
21055,0.007243,172.217.26.0-255,5738,98899,61,230932
21056,0.007247,172.31.40.0-255,66,98965,61,230932
21057,0.009149,172.217.26.0-255,5738,104703,61,230932
21058,0.009157,172.31.40.0-255,66,104769,61,230932
21059,0.011067,172.217.26.0-255,5738,110507,61,230932
21060,0.011075,172.31.40.0-255,66,110573,61,230932
21061,0.012975,172.217.26.0-255,5738,116311,61,230932
21062,0.012983,172.31.40.0-255,66,116377,61,230932
21063,0.014909,172.217.26.0-255,5738,122115,61,230932
21064,0.014916,172.31.40.0-255,66,122181,61,230932
21065,0.016813,172.217.26.0-255,5738,127919,61,230932
21066,0.016819,172.31.40.0-255,66,127985,61,230932
21067,0.018725,172.217.26.0-255,5738,133723,61,230932
21068,0.018732,172.31.40.0-255,66,133789,61,230932
21069,0.020629,172.217.26.0-255,5738,139527,61,230932
21070,0.020637,172.31.40.0-255,66,139593,61,230932
21071,0.022539,172.217.26.0-255,5738,145331,61,230932
21072,0.022549,172.31.40.0-255,66,145397,61,230932
21073,0.024449,172.217.26.0-255,5738,151135,61,230932
21074,0.024457,172.31.40.0-255,66,151201,61,230932
21075,0.026361,172.217.26.0-255,5738,156939,61,230932
21076,0.02637,172.31.40.0-255,66,157005,61,230932
21077,0.028267,172.217.26.0-255,5738,162743,61,230932
21078,0.028275,172.31.40.0-255,66,162809,61,230932
21079,0.030185,172.217.26.0-255,5738,168547,61,230932
21080,0.030192,172.31.40.0-255,66,168613,61,230932
21081,0.032108,172.217.26.0-255,5738,174351,61,230932
21082,0.032117,172.31.40.0-255,66,174417,61,230932
21083,0.034054,172.217.26.0-255,5738,180155,61,230932
21084,0.034061,172.31.40.0-255,66,180221,61,230932
21085,0.035949,172.217.26.0-255,5738,185959,61,230932
21086,0.035957,172.31.40.0-255,66,186025,61,230932
21087,0.036904,172.31.40.0-255,172,186197,61,230932
21088,0.036936,172.31.40.0-255,1120,187317,61,230932
21089,0.036995,172.31.40.0-255,1514,188831,61,230932
21090,0.036997,172.31.40.0-255,1275,190106,61,230932
21091,0.037865,172.217.26.0-255,5738,195844,61,230932
21092,0.037872,172.31.40.0-255,66,195910,61,230932
21093,0.038437,104.244.42.0-255,66,195976,61,230932
21094,0.038503,104.244.42.0-255,66,196042,61,230932
21095,0.038555,104.244.42.0-255,66,196108,61,230932
21096,0.039776,172.217.26.0-255,5738,201846,61,230932
21097,0.039782,172.31.40.0-255,66,201912,61,230932
21098,0.041688,172.217.26.0-255,5738,207650,61,230932
21099,0.041697,172.31.40.0-255,66,207716,61,230932
21100,0.043601,172.217.26.0-255,5738,213454,61,230932
21101,0.043608,172.31.40.0-255,66,213520,61,230932
21102,0.045514,172.217.26.0-255,5738,219258,61,230932
21103,0.045521,172.31.40.0-255,66,219324,61,230932
21104,0.047428,172.217.26.0-255,5738,225062,61,230932
21105,0.047435,172.31.40.0-255,66,225128,61,230932
21106,0.049372,172.217.26.0-255,5738,230866,61,230932
21107,0.049379,172.31.40.0-255,66,230932,61,230932
21108,0.0,172.217.194.0-255,145,145,61,239220
21109,1.6e-05,172.31.40.0-255,66,211,61,239220
21110,2.3e-05,172.217.194.0-255,1484,1695,61,239220
21111,2.7e-05,172.31.40.0-255,66,1761,61,239220
21112,3.3e-05,172.217.194.0-255,2902,4663,61,239220
21113,3.8e-05,172.31.40.0-255,66,4729,61,239220
21114,6.8e-05,172.217.194.0-255,7156,11885,61,239220
21115,7.1e-05,172.31.40.0-255,66,11951,61,239220
21116,7.6e-05,172.217.194.0-255,2036,13987,61,239220
21117,7.8e-05,172.31.40.0-255,66,14053,61,239220
21118,8.1e-05,172.217.194.0-255,1484,15537,61,239220
21119,8.3e-05,172.31.40.0-255,66,15603,61,239220
21120,0.00011,172.31.40.0-255,66,15669,61,239220
21121,0.000133,172.217.194.0-255,1484,17153,61,239220
21122,0.000136,172.31.40.0-255,66,17219,61,239220
21123,0.000164,172.31.40.0-255,66,17285,61,239220
21124,0.00019,172.31.40.0-255,66,17351,61,239220
21125,0.000206,172.217.194.0-255,4320,21671,61,239220
21126,0.000209,172.31.40.0-255,66,21737,61,239220
21127,0.000248,172.31.40.0-255,66,21803,61,239220
21128,0.000279,172.217.194.0-255,1484,23287,61,239220
21129,0.000282,172.31.40.0-255,66,23353,61,239220
21130,0.000286,172.217.194.0-255,2902,26255,61,239220
21131,0.000288,172.31.40.0-255,66,26321,61,239220
21132,0.000315,172.217.194.0-255,5738,32059,61,239220
21133,0.000319,172.31.40.0-255,66,32125,61,239220
21134,0.000326,172.217.194.0-255,5738,37863,61,239220
21135,0.000328,172.31.40.0-255,66,37929,61,239220
21136,0.000344,172.217.194.0-255,5738,43667,61,239220
21137,0.000347,172.31.40.0-255,66,43733,61,239220
21138,0.000366,172.217.194.0-255,2902,46635,61,239220
21139,0.000369,172.31.40.0-255,66,46701,61,239220
21140,0.000389,172.217.194.0-255,5738,52439,61,239220
21141,0.000391,172.31.40.0-255,66,52505,61,239220
21142,0.000414,172.217.194.0-255,3602,56107,61,239220
21143,0.000416,172.31.40.0-255,66,56173,61,239220
21144,0.000431,172.217.194.0-255,1484,57657,61,239220
21145,0.000435,172.217.194.0-255,2902,60559,61,239220
21146,0.000437,172.31.40.0-255,66,60625,61,239220
21147,0.000477,172.217.194.0-255,5738,66363,61,239220
21148,0.00048,172.31.40.0-255,66,66429,61,239220
21149,0.000491,172.31.40.0-255,66,66495,61,239220
21150,0.000509,172.217.194.0-255,1484,67979,61,239220
21151,0.000556,172.31.40.0-255,66,68045,61,239220
21152,0.000564,172.217.194.0-255,7156,75201,61,239220
21153,0.000566,172.31.40.0-255,66,75267,61,239220
21154,0.000591,172.217.194.0-255,5738,81005,61,239220
21155,0.000594,172.31.40.0-255,66,81071,61,239220
21156,0.000605,172.31.40.0-255,66,81137,61,239220
21157,0.00064,172.31.40.0-255,66,81203,61,239220
21158,0.000793,172.217.194.0-255,1484,82687,61,239220
21159,0.000796,172.217.194.0-255,1484,84171,61,239220
21160,0.000807,172.31.40.0-255,66,84237,61,239220
21161,0.000811,172.217.194.0-255,1484,85721,61,239220
21162,0.000815,172.217.194.0-255,1484,87205,61,239220
21163,0.000817,172.31.40.0-255,66,87271,61,239220
21164,0.000832,172.217.194.0-255,4320,91591,61,239220
21165,0.000835,172.31.40.0-255,66,91657,61,239220
21166,0.00084,172.217.194.0-255,2902,94559,61,239220
21167,0.000842,172.31.40.0-255,66,94625,61,239220
21168,0.000862,172.217.194.0-255,1484,96109,61,239220
21169,0.000865,172.217.194.0-255,1484,97593,61,239220
21170,0.000867,172.31.40.0-255,66,97659,61,239220
21171,0.000899,172.31.40.0-255,66,97725,61,239220
21172,0.000908,172.31.40.0-255,66,97791,61,239220
21173,0.00123,172.217.194.0-255,1484,99275,61,239220
21174,0.001236,172.217.194.0-255,2902,102177,61,239220
21175,0.00124,172.31.40.0-255,66,102243,61,239220
21176,0.001256,172.217.194.0-255,1484,103727,61,239220
21177,0.00127,172.217.194.0-255,4320,108047,61,239220
21178,0.001274,172.31.40.0-255,66,108113,61,239220
21179,0.001292,172.217.194.0-255,7156,115269,61,239220
21180,0.001295,172.31.40.0-255,66,115335,61,239220
21181,0.001312,172.217.194.0-255,5738,121073,61,239220
21182,0.001315,172.31.40.0-255,66,121139,61,239220
21183,0.001323,172.217.194.0-255,7156,128295,61,239220
21184,0.001325,172.31.40.0-255,66,128361,61,239220
21185,0.001343,172.217.194.0-255,3602,131963,61,239220
21186,0.001346,172.31.40.0-255,66,132029,61,239220
21187,0.001391,172.217.194.0-255,1484,133513,61,239220
21188,0.001396,172.217.194.0-255,2902,136415,61,239220
21189,0.001398,172.31.40.0-255,66,136481,61,239220
21190,0.001421,172.217.194.0-255,1484,137965,61,239220
21191,0.001435,172.217.194.0-255,4320,142285,61,239220
21192,0.001437,172.31.40.0-255,66,142351,61,239220
21193,0.001454,172.217.194.0-255,1484,143835,61,239220
21194,0.001492,172.31.40.0-255,66,143901,61,239220
21195,0.001505,172.31.40.0-255,66,143967,61,239220
21196,0.001511,172.217.194.0-255,5738,149705,61,239220
21197,0.001514,172.31.40.0-255,66,149771,61,239220
21198,0.001596,172.31.40.0-255,66,149837,61,239220
21199,0.001619,172.217.194.0-255,4320,154157,61,239220
21200,0.001623,172.31.40.0-255,66,154223,61,239220
21201,0.001634,172.217.194.0-255,1484,155707,61,239220
21202,0.001637,172.217.194.0-255,2902,158609,61,239220
21203,0.001643,172.217.194.0-255,5738,164347,61,239220
21204,0.001657,172.217.194.0-255,1484,165831,61,239220
21205,0.001681,172.31.40.0-255,66,165897,61,239220
21206,0.001708,172.217.194.0-255,1484,167381,61,239220
21207,0.001713,172.217.194.0-255,2902,170283,61,239220
21208,0.001722,172.31.40.0-255,66,170349,61,239220
21209,0.001732,172.217.194.0-255,5738,176087,61,239220
21210,0.001738,172.217.194.0-255,4320,180407,61,239220
21211,0.001744,172.31.40.0-255,66,180473,61,239220
21212,0.001756,172.217.194.0-255,1484,181957,61,239220
21213,0.001763,172.217.194.0-255,5738,187695,61,239220
21214,0.001779,172.217.194.0-255,7156,194851,61,239220
21215,0.001791,172.217.194.0-255,1484,196335,61,239220
21216,0.001794,172.31.40.0-255,66,196401,61,239220
21217,0.001807,172.217.194.0-255,3602,200003,61,239220
21218,0.001837,172.31.40.0-255,66,200069,61,239220
21219,0.001883,172.217.194.0-255,1484,201553,61,239220
21220,0.001902,172.217.194.0-255,2902,204455,61,239220
21221,0.001908,172.217.194.0-255,5738,210193,61,239220
21222,0.001919,172.217.194.0-255,1484,211677,61,239220
21223,0.001937,172.31.40.0-255,66,211743,61,239220
21224,0.001954,172.217.194.0-255,7156,218899,61,239220
21225,0.001961,172.31.40.0-255,66,218965,61,239220
21226,0.001971,172.217.194.0-255,3602,222567,61,239220
21227,0.002003,172.217.194.0-255,7156,229723,61,239220
21228,0.002006,172.31.40.0-255,66,229789,61,239220
21229,0.002011,172.31.40.0-255,66,229855,61,239220
21230,0.002035,172.217.194.0-255,105,229960,61,239220
21231,0.002055,172.31.40.0-255,66,230026,61,239220
21232,0.004603,172.31.40.0-255,105,230131,61,239220
21233,0.006879,172.217.194.0-255,66,230197,61,239220
21234,0.038771,172.31.40.0-255,172,230369,61,239220
21235,0.038798,172.31.40.0-255,1119,231488,61,239220
21236,0.038867,172.31.40.0-255,1514,233002,61,239220
21237,0.038868,172.31.40.0-255,1514,234516,61,239220
21238,0.03888,172.31.40.0-255,1514,236030,61,239220
21239,0.038886,172.31.40.0-255,1514,237544,61,239220
21240,0.038887,172.31.40.0-255,1478,239022,61,239220
21241,0.040358,104.244.42.0-255,66,239088,61,239220
21242,0.040368,104.244.42.0-255,66,239154,61,239220
21243,0.040491,104.244.42.0-255,66,239220,61,239220
21244,0.0,172.31.40.0-255,66,66,61,66
21245,0.0,172.31.40.0-255,105,105,61,276
21246,0.001882,157.240.13.0-255,105,210,61,276
21247,0.001895,172.31.40.0-255,66,276,61,276
21248,0.0,74.125.24.0-255,290,290,61,257789
21249,2.1e-05,172.31.40.0-255,66,356,61,257789
21250,2.7e-05,74.125.24.0-255,1484,1840,61,257789
21251,3.1e-05,172.31.40.0-255,66,1906,61,257789
21252,3.8e-05,74.125.24.0-255,4320,6226,61,257789
21253,4.1e-05,172.31.40.0-255,66,6292,61,257789
21254,4.8e-05,74.125.24.0-255,5738,12030,61,257789
21255,5e-05,172.31.40.0-255,66,12096,61,257789
21256,9e-05,172.31.40.0-255,66,12162,61,257789
21257,0.000125,74.125.24.0-255,6797,18959,61,257789
21258,0.000128,172.31.40.0-255,66,19025,61,257789
21259,0.000495,74.125.24.0-255,1484,20509,61,257789
21260,0.000502,172.31.40.0-255,66,20575,61,257789
21261,0.000508,74.125.24.0-255,2902,23477,61,257789
21262,0.00051,172.31.40.0-255,66,23543,61,257789
21263,0.000515,74.125.24.0-255,4320,27863,61,257789
21264,0.000517,172.31.40.0-255,66,27929,61,257789
21265,0.000545,74.125.24.0-255,1484,29413,61,257789
21266,0.000548,172.31.40.0-255,66,29479,61,257789
21267,0.000552,74.125.24.0-255,1484,30963,61,257789
21268,0.000554,172.31.40.0-255,66,31029,61,257789
21269,0.000565,172.31.40.0-255,66,31095,61,257789
21270,0.000598,172.31.40.0-255,66,31161,61,257789
21271,0.000766,74.125.24.0-255,380,31541,61,257789
21272,0.000771,172.31.40.0-255,66,31607,61,257789
21273,0.000803,74.125.24.0-255,1484,33091,61,257789
21274,0.000805,172.31.40.0-255,66,33157,61,257789
21275,0.000828,74.125.24.0-255,4320,37477,61,257789
21276,0.000831,172.31.40.0-255,66,37543,61,257789
21277,0.000835,74.125.24.0-255,2902,40445,61,257789
21278,0.000837,172.31.40.0-255,66,40511,61,257789
21279,0.000854,74.125.24.0-255,4320,44831,61,257789
21280,0.000857,172.31.40.0-255,66,44897,61,257789
21281,0.000872,74.125.24.0-255,5738,50635,61,257789
21282,0.000874,172.31.40.0-255,66,50701,61,257789
21283,0.000908,172.31.40.0-255,66,50767,61,257789
21284,0.000914,74.125.24.0-255,5020,55787,61,257789
21285,0.000916,172.31.40.0-255,66,55853,61,257789
21286,0.001522,74.125.24.0-255,1484,57337,61,257789
21287,0.001532,74.125.24.0-255,2902,60239,61,257789
21288,0.001537,172.31.40.0-255,66,60305,61,257789
21289,0.001541,74.125.24.0-255,1484,61789,61,257789
21290,0.001558,74.125.24.0-255,4320,66109,61,257789
21291,0.001561,172.31.40.0-255,66,66175,61,257789
21292,0.001589,172.31.40.0-255,66,66241,61,257789
21293,0.001616,74.125.24.0-255,2902,69143,61,257789
21294,0.001619,172.31.40.0-255,66,69209,61,257789
21295,0.001631,172.31.40.0-255,66,69275,61,257789
21296,0.001758,74.125.24.0-255,1484,70759,61,257789
21297,0.001765,74.125.24.0-255,2902,73661,61,257789
21298,0.001768,172.31.40.0-255,66,73727,61,257789
21299,0.001772,74.125.24.0-255,1484,75211,61,257789
21300,0.001787,74.125.24.0-255,4320,79531,61,257789
21301,0.00179,172.31.40.0-255,66,79597,61,257789
21302,0.001801,172.31.40.0-255,66,79663,61,257789
21303,0.001806,74.125.24.0-255,2902,82565,61,257789
21304,0.001808,172.31.40.0-255,66,82631,61,257789
21305,0.001831,74.125.24.0-255,7156,89787,61,257789
21306,0.001833,172.31.40.0-255,66,89853,61,257789
21307,0.001853,74.125.24.0-255,5738,95591,61,257789
21308,0.001856,172.31.40.0-255,66,95657,61,257789
21309,0.001891,172.31.40.0-255,66,95723,61,257789
21310,0.001907,172.31.40.0-255,66,95789,61,257789
21311,0.001913,74.125.24.0-255,5738,101527,61,257789
21312,0.001915,172.31.40.0-255,66,101593,61,257789
21313,0.001936,74.125.24.0-255,2184,103777,61,257789
21314,0.001939,172.31.40.0-255,66,103843,61,257789
21315,0.001957,74.125.24.0-255,1484,105327,61,257789
21316,0.001976,74.125.24.0-255,2902,108229,61,257789
21317,0.00198,172.31.40.0-255,66,108295,61,257789
21318,0.001987,74.125.24.0-255,5738,114033,61,257789
21319,0.001989,172.31.40.0-255,66,114099,61,257789
21320,0.001994,74.125.24.0-255,4320,118419,61,257789
21321,0.001996,172.31.40.0-255,66,118485,61,257789
21322,0.002078,172.31.40.0-255,66,118551,61,257789
21323,0.002088,172.31.40.0-255,66,118617,61,257789
21324,0.00211,74.125.24.0-255,1484,120101,61,257789
21325,0.002114,74.125.24.0-255,2902,123003,61,257789
21326,0.002117,172.31.40.0-255,66,123069,61,257789
21327,0.002137,74.125.24.0-255,5738,128807,61,257789
21328,0.002139,172.31.40.0-255,66,128873,61,257789
21329,0.002143,74.125.24.0-255,2902,131775,61,257789
21330,0.002145,172.31.40.0-255,66,131841,61,257789
21331,0.002159,74.125.24.0-255,1484,133325,61,257789
21332,0.00218,74.125.24.0-255,2902,136227,61,257789
21333,0.002183,172.31.40.0-255,66,136293,61,257789
21334,0.002208,172.31.40.0-255,66,136359,61,257789
21335,0.002219,172.31.40.0-255,66,136425,61,257789
21336,0.002229,172.31.40.0-255,66,136491,61,257789
21337,0.002255,74.125.24.0-255,7156,143647,61,257789
21338,0.002258,172.31.40.0-255,66,143713,61,257789
21339,0.002275,74.125.24.0-255,7156,150869,61,257789
21340,0.002278,172.31.40.0-255,66,150935,61,257789
21341,0.002295,74.125.24.0-255,4320,155255,61,257789
21342,0.002297,172.31.40.0-255,66,155321,61,257789
21343,0.002314,74.125.24.0-255,6438,161759,61,257789
21344,0.002352,74.125.24.0-255,1484,163243,61,257789
21345,0.002356,74.125.24.0-255,1484,164727,61,257789
21346,0.002367,74.125.24.0-255,1484,166211,61,257789
21347,0.002371,74.125.24.0-255,1484,167695,61,257789
21348,0.002389,74.125.24.0-255,4320,172015,61,257789
21349,0.002404,74.125.24.0-255,5738,177753,61,257789
21350,0.002417,74.125.24.0-255,2902,180655,61,257789
21351,0.002451,74.125.24.0-255,1484,182139,61,257789
21352,0.013322,74.125.24.0-255,1484,183623,61,257789
21353,0.014118,172.31.40.0-255,66,183689,61,257789
21354,0.016691,74.125.24.0-255,5738,189427,61,257789
21355,0.016699,172.31.40.0-255,66,189493,61,257789
21356,0.019254,74.125.24.0-255,5738,195231,61,257789
21357,0.019269,172.31.40.0-255,66,195297,61,257789
21358,0.021837,74.125.24.0-255,4320,199617,61,257789
21359,0.021846,172.31.40.0-255,66,199683,61,257789
21360,0.021864,74.125.24.0-255,1484,201167,61,257789
21361,0.024394,74.125.24.0-255,4320,205487,61,257789
21362,0.024404,172.31.40.0-255,66,205553,61,257789
21363,0.026952,74.125.24.0-255,5738,211291,61,257789
21364,0.026959,172.31.40.0-255,66,211357,61,257789
21365,0.029505,74.125.24.0-255,5738,217095,61,257789
21366,0.029514,172.31.40.0-255,66,217161,61,257789
21367,0.032125,74.125.24.0-255,5738,222899,61,257789
21368,0.032144,172.31.40.0-255,66,222965,61,257789
21369,0.034672,74.125.24.0-255,5738,228703,61,257789
21370,0.03468,172.31.40.0-255,66,228769,61,257789
21371,0.03725,74.125.24.0-255,5738,234507,61,257789
21372,0.037259,172.31.40.0-255,66,234573,61,257789
21373,0.03985,74.125.24.0-255,5738,240311,61,257789
21374,0.039868,172.31.40.0-255,66,240377,61,257789
21375,0.042477,74.125.24.0-255,5738,246115,61,257789
21376,0.042488,172.31.40.0-255,66,246181,61,257789
21377,0.045004,74.125.24.0-255,5738,251919,61,257789
21378,0.04501,172.31.40.0-255,66,251985,61,257789
21379,0.047569,74.125.24.0-255,5738,257723,61,257789
21380,0.047581,172.31.40.0-255,66,257789,61,257789
21381,0.0,172.31.40.0-255,180,180,61,950
21382,3.8e-05,172.31.40.0-255,638,818,61,950
21383,0.001606,104.244.42.0-255,66,884,61,950
21384,0.001619,104.244.42.0-255,66,950,61,950
21385,0.0,74.125.200.0-255,152,152,61,313994
21386,2.4e-05,172.31.40.0-255,66,218,61,313994
21387,3.1e-05,74.125.200.0-255,1484,1702,61,313994
21388,3.7e-05,172.31.40.0-255,66,1768,61,313994
21389,4.3e-05,74.125.200.0-255,2902,4670,61,313994
21390,5.6e-05,172.31.40.0-255,66,4736,61,313994
21391,6.2e-05,74.125.200.0-255,5738,10474,61,313994
21392,6.6e-05,172.31.40.0-255,66,10540,61,313994
21393,9.9e-05,74.125.200.0-255,3418,13958,61,313994
21394,0.000102,172.31.40.0-255,66,14024,61,313994
21395,0.000108,74.125.200.0-255,4320,18344,61,313994
21396,0.000112,172.31.40.0-255,66,18410,61,313994
21397,0.00015,172.31.40.0-255,66,18476,61,313994
21398,0.000188,74.125.200.0-255,2543,21019,61,313994
21399,0.00019,172.31.40.0-255,66,21085,61,313994
21400,0.000217,74.125.200.0-255,2902,23987,61,313994
21401,0.000221,172.31.40.0-255,66,24053,61,313994
21402,0.000248,74.125.200.0-255,7156,31209,61,313994
21403,0.000251,172.31.40.0-255,66,31275,61,313994
21404,0.000298,74.125.200.0-255,6797,38072,61,313994
21405,0.000302,172.31.40.0-255,66,38138,61,313994
21406,0.000365,74.125.200.0-255,1484,39622,61,313994
21407,0.000368,172.31.40.0-255,66,39688,61,313994
21408,0.000374,74.125.200.0-255,2902,42590,61,313994
21409,0.000376,172.31.40.0-255,66,42656,61,313994
21410,0.000399,74.125.200.0-255,4320,46976,61,313994
21411,0.000402,172.31.40.0-255,66,47042,61,313994
21412,0.000413,74.125.200.0-255,5738,52780,61,313994
21413,0.000416,172.31.40.0-255,66,52846,61,313994
21414,0.000442,74.125.200.0-255,1484,54330,61,313994
21415,0.000444,172.31.40.0-255,66,54396,61,313994
21416,0.000456,74.125.200.0-255,1459,55855,61,313994
21417,0.000464,74.125.200.0-255,376,56231,61,313994
21418,0.000467,172.31.40.0-255,66,56297,61,313994
21419,0.00061,74.125.200.0-255,1484,57781,61,313994
21420,0.000616,74.125.200.0-255,2902,60683,61,313994
21421,0.00062,172.31.40.0-255,66,60749,61,313994
21422,0.00065,74.125.200.0-255,5738,66487,61,313994
21423,0.000653,172.31.40.0-255,66,66553,61,313994
21424,0.000657,74.125.200.0-255,2902,69455,61,313994
21425,0.00066,172.31.40.0-255,66,69521,61,313994
21426,0.00067,74.125.200.0-255,4320,73841,61,313994
21427,0.000672,172.31.40.0-255,66,73907,61,313994
21428,0.000683,172.31.40.0-255,66,73973,61,313994
21429,0.000686,74.125.200.0-255,1484,75457,61,313994
21430,0.000725,74.125.200.0-255,6438,81895,61,313994
21431,0.000729,172.31.40.0-255,66,81961,61,313994
21432,0.001202,74.125.200.0-255,1484,83445,61,313994
21433,0.001207,74.125.200.0-255,1484,84929,61,313994
21434,0.00121,172.31.40.0-255,66,84995,61,313994
21435,0.001236,74.125.200.0-255,1484,86479,61,313994
21436,0.001243,74.125.200.0-255,5738,92217,61,313994
21437,0.001245,172.31.40.0-255,66,92283,61,313994
21438,0.001277,172.31.40.0-255,66,92349,61,313994
21439,0.001316,172.31.40.0-255,66,92415,61,313994
21440,0.001341,74.125.200.0-255,2902,95317,61,313994
21441,0.001343,172.31.40.0-255,66,95383,61,313994
21442,0.001351,74.125.200.0-255,4469,99852,61,313994
21443,0.001353,172.31.40.0-255,66,99918,61,313994
21444,0.001359,74.125.200.0-255,5738,105656,61,313994
21445,0.001361,172.31.40.0-255,66,105722,61,313994
21446,0.001376,172.31.40.0-255,66,105788,61,313994
21447,0.001382,74.125.200.0-255,5738,111526,61,313994
21448,0.001384,172.31.40.0-255,66,111592,61,313994
21449,0.001413,74.125.200.0-255,6438,118030,61,313994
21450,0.001415,172.31.40.0-255,66,118096,61,313994
21451,0.001682,74.125.200.0-255,1484,119580,61,313994
21452,0.001701,74.125.200.0-255,2902,122482,61,313994
21453,0.001705,172.31.40.0-255,66,122548,61,313994
21454,0.001709,74.125.200.0-255,1484,124032,61,313994
21455,0.001713,74.125.200.0-255,2902,126934,61,313994
21456,0.001715,172.31.40.0-255,66,127000,61,313994
21457,0.001726,74.125.200.0-255,4320,131320,61,313994
21458,0.001728,172.31.40.0-255,66,131386,61,313994
21459,0.001751,74.125.200.0-255,1484,132870,61,313994
21460,0.001797,172.31.40.0-255,66,132936,61,313994
21461,0.001839,172.31.40.0-255,66,133002,61,313994
21462,0.001845,74.125.200.0-255,5738,138740,61,313994
21463,0.001848,172.31.40.0-255,66,138806,61,313994
21464,0.001882,74.125.200.0-255,7156,145962,61,313994
21465,0.001885,172.31.40.0-255,66,146028,61,313994
21466,0.001912,172.31.40.0-255,66,146094,61,313994
21467,0.001937,74.125.200.0-255,2184,148278,61,313994
21468,0.00194,172.31.40.0-255,66,148344,61,313994
21469,0.001984,74.125.200.0-255,1484,149828,61,313994
21470,0.001989,74.125.200.0-255,2902,152730,61,313994
21471,0.001992,172.31.40.0-255,66,152796,61,313994
21472,0.001996,74.125.200.0-255,1484,154280,61,313994
21473,0.002,74.125.200.0-255,2902,157182,61,313994
21474,0.002002,172.31.40.0-255,66,157248,61,313994
21475,0.002013,74.125.200.0-255,5738,162986,61,313994
21476,0.002015,172.31.40.0-255,66,163052,61,313994
21477,0.002061,74.125.200.0-255,7156,170208,61,313994
21478,0.002064,172.31.40.0-255,66,170274,61,313994
21479,0.002076,172.31.40.0-255,66,170340,61,313994
21480,0.002082,74.125.200.0-255,3602,173942,61,313994
21481,0.002084,172.31.40.0-255,66,174008,61,313994
21482,0.002239,74.125.200.0-255,1484,175492,61,313994
21483,0.002245,74.125.200.0-255,2902,178394,61,313994
21484,0.002248,172.31.40.0-255,66,178460,61,313994
21485,0.002279,74.125.200.0-255,5738,184198,61,313994
21486,0.002283,172.31.40.0-255,66,184264,61,313994
21487,0.004532,74.125.200.0-255,5738,190002,61,313994
21488,0.004541,172.31.40.0-255,66,190068,61,313994
21489,0.006759,74.125.200.0-255,1484,191552,61,313994
21490,0.006776,74.125.200.0-255,4320,195872,61,313994
21491,0.006779,172.31.40.0-255,66,195938,61,313994
21492,0.009025,74.125.200.0-255,5738,201676,61,313994
21493,0.009041,172.31.40.0-255,66,201742,61,313994
21494,0.011279,74.125.200.0-255,5738,207480,61,313994
21495,0.011288,172.31.40.0-255,66,207546,61,313994
21496,0.013554,74.125.200.0-255,5738,213284,61,313994
21497,0.013571,172.31.40.0-255,66,213350,61,313994
21498,0.015879,74.125.200.0-255,5738,219088,61,313994
21499,0.015895,172.31.40.0-255,66,219154,61,313994
21500,0.018135,74.125.200.0-255,5738,224892,61,313994
21501,0.018144,172.31.40.0-255,66,224958,61,313994
21502,0.020391,74.125.200.0-255,5738,230696,61,313994
21503,0.020408,172.31.40.0-255,66,230762,61,313994
21504,0.022654,74.125.200.0-255,5738,236500,61,313994
21505,0.022667,172.31.40.0-255,66,236566,61,313994
21506,0.02492,74.125.200.0-255,5738,242304,61,313994
21507,0.024937,172.31.40.0-255,66,242370,61,313994
21508,0.027185,74.125.200.0-255,5738,248108,61,313994
21509,0.027199,172.31.40.0-255,66,248174,61,313994
21510,0.029462,74.125.200.0-255,5738,253912,61,313994
21511,0.029481,172.31.40.0-255,66,253978,61,313994
21512,0.031746,74.125.200.0-255,5738,259716,61,313994
21513,0.031761,172.31.40.0-255,66,259782,61,313994
21514,0.034032,74.125.200.0-255,5738,265520,61,313994
21515,0.034046,172.31.40.0-255,66,265586,61,313994
21516,0.036322,74.125.200.0-255,5738,271324,61,313994
21517,0.03634,172.31.40.0-255,66,271390,61,313994
21518,0.038585,74.125.200.0-255,5738,277128,61,313994
21519,0.038597,172.31.40.0-255,66,277194,61,313994
21520,0.040839,74.125.200.0-255,5738,282932,61,313994
21521,0.040848,172.31.40.0-255,66,282998,61,313994
21522,0.043095,74.125.200.0-255,5738,288736,61,313994
21523,0.043103,172.31.40.0-255,66,288802,61,313994
21524,0.045407,74.125.200.0-255,5738,294540,61,313994
21525,0.04542,172.31.40.0-255,66,294606,61,313994
21526,0.04679,172.31.40.0-255,172,294778,61,313994
21527,0.046824,172.31.40.0-255,1116,295894,61,313994
21528,0.046893,172.31.40.0-255,1514,297408,61,313994
21529,0.046895,172.31.40.0-255,1514,298922,61,313994
21530,0.046897,172.31.40.0-255,1514,300436,61,313994
21531,0.046902,172.31.40.0-255,1514,301950,61,313994
21532,0.046903,172.31.40.0-255,1514,303464,61,313994
21533,0.046904,172.31.40.0-255,208,303672,61,313994
21534,0.04766,74.125.200.0-255,4320,307992,61,313994
21535,0.047668,172.31.40.0-255,66,308058,61,313994
21536,0.047697,74.125.200.0-255,1484,309542,61,313994
21537,0.048957,104.244.42.0-255,66,309608,61,313994
21538,0.049907,74.125.200.0-255,4320,313928,61,313994
21539,0.04992,172.31.40.0-255,66,313994,61,313994
21540,0.0,172.31.40.0-255,105,105,61,105
21541,0.0,74.125.24.0-255,152,152,61,249890
21542,2.5e-05,172.31.40.0-255,66,218,61,249890
21543,3.3e-05,74.125.24.0-255,1484,1702,61,249890
21544,3.7e-05,172.31.40.0-255,66,1768,61,249890
21545,4.3e-05,74.125.24.0-255,2902,4670,61,249890
21546,4.7e-05,172.31.40.0-255,66,4736,61,249890
21547,5.5e-05,74.125.24.0-255,7156,11892,61,249890
21548,5.9e-05,172.31.40.0-255,66,11958,61,249890
21549,6.3e-05,74.125.24.0-255,2099,14057,61,249890
21550,6.6e-05,172.31.40.0-255,66,14123,61,249890
21551,0.000112,74.125.24.0-255,7156,21279,61,249890
21552,0.000115,172.31.40.0-255,66,21345,61,249890
21553,0.000131,74.125.24.0-255,4320,25665,61,249890
21554,0.000134,172.31.40.0-255,66,25731,61,249890
21555,0.000142,74.125.24.0-255,7156,32887,61,249890
21556,0.000145,172.31.40.0-255,66,32953,61,249890
21557,0.000182,172.31.40.0-255,66,33019,61,249890
21558,0.000334,74.125.24.0-255,1484,34503,61,249890
21559,0.000339,172.31.40.0-255,66,34569,61,249890
21560,0.000344,74.125.24.0-255,2902,37471,61,249890
21561,0.000346,172.31.40.0-255,66,37537,61,249890
21562,0.000351,74.125.24.0-255,2902,40439,61,249890
21563,0.000353,172.31.40.0-255,66,40505,61,249890
21564,0.000382,74.125.24.0-255,2902,43407,61,249890
21565,0.000385,172.31.40.0-255,66,43473,61,249890
21566,0.000393,74.125.24.0-255,7109,50582,61,249890
21567,0.000396,172.31.40.0-255,66,50648,61,249890
21568,0.000398,74.125.24.0-255,110,50758,61,249890
21569,0.0004,172.31.40.0-255,66,50824,61,249890
21570,0.000525,74.125.24.0-255,1484,52308,61,249890
21571,0.00053,172.31.40.0-255,66,52374,61,249890
21572,0.000536,74.125.24.0-255,2902,55276,61,249890
21573,0.000544,74.125.24.0-255,4320,59596,61,249890
21574,0.000567,74.125.24.0-255,1484,61080,61,249890
21575,0.000572,74.125.24.0-255,4320,65400,61,249890
21576,0.000577,74.125.24.0-255,2902,68302,61,249890
21577,0.000919,172.31.40.0-255,66,68368,61,249890
21578,0.001322,74.125.24.0-255,1484,69852,61,249890
21579,0.00134,74.125.24.0-255,2902,72754,61,249890
21580,0.001343,74.125.24.0-255,1484,74238,61,249890
21581,0.00135,172.31.40.0-255,66,74304,61,249890
21582,0.001367,74.125.24.0-255,4320,78624,61,249890
21583,0.001407,172.31.40.0-255,66,78690,61,249890
21584,0.001423,74.125.24.0-255,1484,80174,61,249890
21585,0.001427,74.125.24.0-255,2184,82358,61,249890
21586,0.001445,172.31.40.0-255,66,82424,61,249890
21587,0.001651,74.125.24.0-255,1484,83908,61,249890
21588,0.001657,74.125.24.0-255,2902,86810,61,249890
21589,0.001662,74.125.24.0-255,4320,91130,61,249890
21590,0.001677,74.125.24.0-255,1484,92614,61,249890
21591,0.001684,172.31.40.0-255,66,92680,61,249890
21592,0.001853,74.125.24.0-255,1484,94164,61,249890
21593,0.001872,74.125.24.0-255,2902,97066,61,249890
21594,0.001887,74.125.24.0-255,2902,99968,61,249890
21595,0.001903,74.125.24.0-255,2902,102870,61,249890
21596,0.001928,74.125.24.0-255,5738,108608,61,249890
21597,0.001956,74.125.24.0-255,7156,115764,61,249890
21598,0.001977,74.125.24.0-255,1484,117248,61,249890
21599,0.002037,74.125.24.0-255,5738,122986,61,249890
21600,0.002087,74.125.24.0-255,7156,130142,61,249890
21601,0.002091,74.125.24.0-255,2902,133044,61,249890
21602,0.002128,74.125.24.0-255,4320,137364,61,249890
21603,0.002147,74.125.24.0-255,2184,139548,61,249890
21604,0.002247,74.125.24.0-255,1484,141032,61,249890
21605,0.002264,74.125.24.0-255,2902,143934,61,249890
21606,0.002271,74.125.24.0-255,5738,149672,61,249890
21607,0.002283,74.125.24.0-255,2902,152574,61,249890
21608,0.002286,74.125.24.0-255,1484,154058,61,249890
21609,0.002303,74.125.24.0-255,2902,156960,61,249890
21610,0.008041,172.31.40.0-255,66,157026,61,249890
21611,0.010322,74.125.24.0-255,5738,162764,61,249890
21612,0.010334,172.31.40.0-255,66,162830,61,249890
21613,0.012591,74.125.24.0-255,5738,168568,61,249890
21614,0.016691,172.31.40.0-255,66,168634,61,249890
21615,0.018969,74.125.24.0-255,5738,174372,61,249890
21616,0.018988,172.31.40.0-255,66,174438,61,249890
21617,0.02125,74.125.24.0-255,5738,180176,61,249890
21618,0.021261,172.31.40.0-255,66,180242,61,249890
21619,0.023499,74.125.24.0-255,5738,185980,61,249890
21620,0.023508,172.31.40.0-255,66,186046,61,249890
21621,0.025773,74.125.24.0-255,5738,191784,61,249890
21622,0.025816,172.31.40.0-255,66,191850,61,249890
21623,0.028058,74.125.24.0-255,5738,197588,61,249890
21624,0.028066,172.31.40.0-255,66,197654,61,249890
21625,0.030335,74.125.24.0-255,5738,203392,61,249890
21626,0.030346,172.31.40.0-255,66,203458,61,249890
21627,0.032618,74.125.24.0-255,5738,209196,61,249890
21628,0.032636,172.31.40.0-255,66,209262,61,249890
21629,0.034907,74.125.24.0-255,5738,215000,61,249890
21630,0.034915,172.31.40.0-255,66,215066,61,249890
21631,0.037164,74.125.24.0-255,5738,220804,61,249890
21632,0.037172,172.31.40.0-255,66,220870,61,249890
21633,0.039464,74.125.24.0-255,5738,226608,61,249890
21634,0.039481,172.31.40.0-255,66,226674,61,249890
21635,0.041753,74.125.24.0-255,5738,232412,61,249890
21636,0.041763,172.31.40.0-255,66,232478,61,249890
21637,0.044012,74.125.24.0-255,5738,238216,61,249890
21638,0.044024,172.31.40.0-255,66,238282,61,249890
21639,0.046295,74.125.24.0-255,5738,244020,61,249890
21640,0.046313,172.31.40.0-255,66,244086,61,249890
21641,0.048582,74.125.24.0-255,5738,249824,61,249890
21642,0.048591,172.31.40.0-255,66,249890,61,249890
21643,0.0,74.125.130.0-255,290,290,61,262024
21644,2.5e-05,172.31.40.0-255,66,356,61,262024
21645,3.1e-05,74.125.130.0-255,1484,1840,61,262024
21646,3.6e-05,172.31.40.0-255,66,1906,61,262024
21647,4.3e-05,74.125.130.0-255,4320,6226,61,262024
21648,4.6e-05,172.31.40.0-255,66,6292,61,262024
21649,5.1e-05,74.125.130.0-255,4320,10612,61,262024
21650,5.5e-05,172.31.40.0-255,66,10678,61,262024
21651,6.9e-05,74.125.130.0-255,4320,14998,61,262024
21652,7.2e-05,172.31.40.0-255,66,15064,61,262024
21653,9.6e-05,74.125.130.0-255,415,15479,61,262024
21654,0.0001,172.31.40.0-255,66,15545,61,262024
21655,0.000116,172.31.40.0-255,66,15611,61,262024
21656,0.000152,74.125.130.0-255,4320,19931,61,262024
21657,0.000154,172.31.40.0-255,66,19997,61,262024
21658,0.000177,74.125.130.0-255,2543,22540,61,262024
21659,0.000179,172.31.40.0-255,66,22606,61,262024
21660,0.000527,74.125.130.0-255,1484,24090,61,262024
21661,0.000533,172.31.40.0-255,66,24156,61,262024
21662,0.000539,74.125.130.0-255,2902,27058,61,262024
21663,0.000542,172.31.40.0-255,66,27124,61,262024
21664,0.000571,74.125.130.0-255,4320,31444,61,262024
21665,0.000574,172.31.40.0-255,66,31510,61,262024
21666,0.000608,74.125.130.0-255,7156,38666,61,262024
21667,0.000612,172.31.40.0-255,66,38732,61,262024
21668,0.000624,74.125.130.0-255,2543,41275,61,262024
21669,0.000627,172.31.40.0-255,66,41341,61,262024
21670,0.000636,74.125.130.0-255,2902,44243,61,262024
21671,0.000638,172.31.40.0-255,66,44309,61,262024
21672,0.000672,172.31.40.0-255,66,44375,61,262024
21673,0.000675,74.125.130.0-255,405,44780,61,262024
21674,0.000677,172.31.40.0-255,66,44846,61,262024
21675,0.00097,74.125.130.0-255,1484,46330,61,262024
21676,0.000975,172.31.40.0-255,66,46396,61,262024
21677,0.000981,74.125.130.0-255,2902,49298,61,262024
21678,0.000983,172.31.40.0-255,66,49364,61,262024
21679,0.000994,74.125.130.0-255,5738,55102,61,262024
21680,0.000996,172.31.40.0-255,66,55168,61,262024
21681,0.001031,74.125.130.0-255,7156,62324,61,262024
21682,0.001034,172.31.40.0-255,66,62390,61,262024
21683,0.001058,74.125.130.0-255,2902,65292,61,262024
21684,0.00106,172.31.40.0-255,66,65358,61,262024
21685,0.001095,74.125.130.0-255,5738,71096,61,262024
21686,0.001098,172.31.40.0-255,66,71162,61,262024
21687,0.001102,74.125.130.0-255,2902,74064,61,262024
21688,0.001103,172.31.40.0-255,66,74130,61,262024
21689,0.001134,74.125.130.0-255,4320,78450,61,262024
21690,0.001136,172.31.40.0-255,66,78516,61,262024
21691,0.001158,74.125.130.0-255,1635,80151,61,262024
21692,0.00116,172.31.40.0-255,66,80217,61,262024
21693,0.001167,74.125.130.0-255,7156,87373,61,262024
21694,0.001169,172.31.40.0-255,66,87439,61,262024
21695,0.001174,74.125.130.0-255,2902,90341,61,262024
21696,0.001176,172.31.40.0-255,66,90407,61,262024
21697,0.00118,74.125.130.0-255,2902,93309,61,262024
21698,0.001181,172.31.40.0-255,66,93375,61,262024
21699,0.00121,74.125.130.0-255,1484,94859,61,262024
21700,0.001213,172.31.40.0-255,66,94925,61,262024
21701,0.001216,74.125.130.0-255,1125,96050,61,262024
21702,0.001218,172.31.40.0-255,66,96116,61,262024
21703,0.001509,74.125.130.0-255,1484,97600,61,262024
21704,0.001513,172.31.40.0-255,66,97666,61,262024
21705,0.001516,74.125.130.0-255,1484,99150,61,262024
21706,0.001518,172.31.40.0-255,66,99216,61,262024
21707,0.00155,74.125.130.0-255,2902,102118,61,262024
21708,0.001557,74.125.130.0-255,5738,107856,61,262024
21709,0.001576,172.31.40.0-255,66,107922,61,262024
21710,0.001585,74.125.130.0-255,4320,112242,61,262024
21711,0.00159,172.31.40.0-255,66,112308,61,262024
21712,0.001616,74.125.130.0-255,4320,116628,61,262024
21713,0.001627,74.125.130.0-255,1484,118112,61,262024
21714,0.001647,74.125.130.0-255,2184,120296,61,262024
21715,0.001654,172.31.40.0-255,66,120362,61,262024
21716,0.001938,74.125.130.0-255,1484,121846,61,262024
21717,0.001942,172.31.40.0-255,66,121912,61,262024
21718,0.001946,74.125.130.0-255,1484,123396,61,262024
21719,0.001948,172.31.40.0-255,66,123462,61,262024
21720,0.001967,74.125.130.0-255,1484,124946,61,262024
21721,0.001969,74.125.130.0-255,1484,126430,61,262024
21722,0.001973,172.31.40.0-255,66,126496,61,262024
21723,0.001984,172.31.40.0-255,66,126562,61,262024
21724,0.00201,74.125.130.0-255,2902,129464,61,262024
21725,0.002032,172.31.40.0-255,66,129530,61,262024
21726,0.00204,74.125.130.0-255,2902,132432,61,262024
21727,0.002054,172.31.40.0-255,66,132498,61,262024
21728,0.004045,74.125.130.0-255,2902,135400,61,262024
21729,0.00405,172.31.40.0-255,66,135466,61,262024
21730,0.004075,74.125.130.0-255,2902,138368,61,262024
21731,0.004078,172.31.40.0-255,66,138434,61,262024
21732,0.006063,74.125.130.0-255,2902,141336,61,262024
21733,0.006067,172.31.40.0-255,66,141402,61,262024
21734,0.006087,74.125.130.0-255,2902,144304,61,262024
21735,0.006089,172.31.40.0-255,66,144370,61,262024
21736,0.008098,74.125.130.0-255,4320,148690,61,262024
21737,0.008104,172.31.40.0-255,66,148756,61,262024
21738,0.008117,74.125.130.0-255,1484,150240,61,262024
21739,0.010134,74.125.130.0-255,4320,154560,61,262024
21740,0.012109,172.31.40.0-255,66,154626,61,262024
21741,0.014139,74.125.130.0-255,5738,160364,61,262024
21742,0.01415,172.31.40.0-255,66,160430,61,262024
21743,0.016171,74.125.130.0-255,5738,166168,61,262024
21744,0.01618,172.31.40.0-255,66,166234,61,262024
21745,0.018199,74.125.130.0-255,5738,171972,61,262024
21746,0.018207,172.31.40.0-255,66,172038,61,262024
21747,0.020227,74.125.130.0-255,5738,177776,61,262024
21748,0.020235,172.31.40.0-255,66,177842,61,262024
21749,0.022263,74.125.130.0-255,5738,183580,61,262024
21750,0.022268,172.31.40.0-255,66,183646,61,262024
21751,0.024287,74.125.130.0-255,5738,189384,61,262024
21752,0.024293,172.31.40.0-255,66,189450,61,262024
21753,0.026339,74.125.130.0-255,5738,195188,61,262024
21754,0.026346,172.31.40.0-255,66,195254,61,262024
21755,0.027882,172.31.40.0-255,171,195425,61,262024
21756,0.028021,172.31.40.0-255,1144,196569,61,262024
21757,0.028095,172.31.40.0-255,1514,198083,61,262024
21758,0.028097,172.31.40.0-255,1251,199334,61,262024
21759,0.028379,74.125.130.0-255,5738,205072,61,262024
21760,0.028386,172.31.40.0-255,66,205138,61,262024
21761,0.029441,104.244.42.0-255,66,205204,61,262024
21762,0.029576,104.244.42.0-255,66,205270,61,262024
21763,0.029675,104.244.42.0-255,66,205336,61,262024
21764,0.030415,74.125.130.0-255,4320,209656,61,262024
21765,0.030423,172.31.40.0-255,66,209722,61,262024
21766,0.030447,74.125.130.0-255,1484,211206,61,262024
21767,0.032436,74.125.130.0-255,4320,215526,61,262024
21768,0.032444,172.31.40.0-255,66,215592,61,262024
21769,0.034486,74.125.130.0-255,5738,221330,61,262024
21770,0.034916,172.31.40.0-255,66,221396,61,262024
21771,0.036996,74.125.130.0-255,5738,227134,61,262024
21772,0.037003,172.31.40.0-255,66,227200,61,262024
21773,0.039022,74.125.130.0-255,5738,232938,61,262024
21774,0.039027,172.31.40.0-255,66,233004,61,262024
21775,0.041059,74.125.130.0-255,5738,238742,61,262024
21776,0.041065,172.31.40.0-255,66,238808,61,262024
21777,0.043097,74.125.130.0-255,5738,244546,61,262024
21778,0.043104,172.31.40.0-255,66,244612,61,262024
21779,0.045114,74.125.130.0-255,5738,250350,61,262024
21780,0.045121,172.31.40.0-255,66,250416,61,262024
21781,0.04714,74.125.130.0-255,5738,256154,61,262024
21782,0.047148,172.31.40.0-255,66,256220,61,262024
21783,0.049168,74.125.130.0-255,5738,261958,61,262024
21784,0.049175,172.31.40.0-255,66,262024,61,262024
21785,0.0,172.217.194.0-255,146,146,61,213666
21786,1.7e-05,172.31.40.0-255,66,212,61,213666
21787,2.3e-05,172.217.194.0-255,1484,1696,61,213666
21788,2.7e-05,172.31.40.0-255,66,1762,61,213666
21789,3.3e-05,172.217.194.0-255,2902,4664,61,213666
21790,4.6e-05,172.31.40.0-255,66,4730,61,213666
21791,5.4e-05,172.217.194.0-255,7156,11886,61,213666
21792,5.7e-05,172.31.40.0-255,66,11952,61,213666
21793,6e-05,172.217.194.0-255,2068,14020,61,213666
21794,6.3e-05,172.31.40.0-255,66,14086,61,213666
21795,0.000162,172.217.194.0-255,1484,15570,61,213666
21796,0.000166,172.31.40.0-255,66,15636,61,213666
21797,0.000172,172.217.194.0-255,2902,18538,61,213666
21798,0.000175,172.31.40.0-255,66,18604,61,213666
21799,0.000187,172.217.194.0-255,5738,24342,61,213666
21800,0.00019,172.31.40.0-255,66,24408,61,213666
21801,0.00022,172.217.194.0-255,4320,28728,61,213666
21802,0.000223,172.31.40.0-255,66,28794,61,213666
21803,0.000252,172.217.194.0-255,2543,31337,61,213666
21804,0.000254,172.31.40.0-255,66,31403,61,213666
21805,0.000331,172.217.194.0-255,1484,32887,61,213666
21806,0.000334,172.31.40.0-255,66,32953,61,213666
21807,0.000339,172.217.194.0-255,2902,35855,61,213666
21808,0.000342,172.31.40.0-255,66,35921,61,213666
21809,0.000352,172.217.194.0-255,5738,41659,61,213666
21810,0.000355,172.31.40.0-255,66,41725,61,213666
21811,0.0004,172.31.40.0-255,66,41791,61,213666
21812,0.00041,172.31.40.0-255,66,41857,61,213666
21813,0.000439,172.217.194.0-255,1484,43341,61,213666
21814,0.000441,172.31.40.0-255,66,43407,61,213666
21815,0.000472,172.217.194.0-255,5651,49058,61,213666
21816,0.000476,172.31.40.0-255,66,49124,61,213666
21817,0.000479,172.217.194.0-255,121,49245,61,213666
21818,0.000525,172.217.194.0-255,381,49626,61,213666
21819,0.000933,172.217.194.0-255,1484,51110,61,213666
21820,0.000938,172.31.40.0-255,66,51176,61,213666
21821,0.000944,172.217.194.0-255,2902,54078,61,213666
21822,0.000947,172.31.40.0-255,66,54144,61,213666
21823,0.000959,172.217.194.0-255,5738,59882,61,213666
21824,0.000961,172.31.40.0-255,66,59948,61,213666
21825,0.001003,172.31.40.0-255,66,60014,61,213666
21826,0.001013,172.31.40.0-255,66,60080,61,213666
21827,0.001041,172.217.194.0-255,2184,62264,61,213666
21828,0.001048,172.31.40.0-255,66,62330,61,213666
21829,0.001789,172.217.194.0-255,1484,63814,61,213666
21830,0.001799,172.217.194.0-255,2902,66716,61,213666
21831,0.001804,172.31.40.0-255,66,66782,61,213666
21832,0.001813,172.217.194.0-255,5738,72520,61,213666
21833,0.001815,172.31.40.0-255,66,72586,61,213666
21834,0.001851,172.31.40.0-255,66,72652,61,213666
21835,0.001863,172.31.40.0-255,66,72718,61,213666
21836,0.001894,172.217.194.0-255,2184,74902,61,213666
21837,0.001897,172.31.40.0-255,66,74968,61,213666
21838,0.003863,172.217.194.0-255,2902,77870,61,213666
21839,0.003871,172.31.40.0-255,66,77936,61,213666
21840,0.00391,172.217.194.0-255,2902,80838,61,213666
21841,0.003912,172.31.40.0-255,66,80904,61,213666
21842,0.005927,172.217.194.0-255,5738,86642,61,213666
21843,0.005933,172.31.40.0-255,66,86708,61,213666
21844,0.007995,172.217.194.0-255,5738,92446,61,213666
21845,0.008003,172.31.40.0-255,66,92512,61,213666
21846,0.010047,172.217.194.0-255,5738,98250,61,213666
21847,0.010055,172.31.40.0-255,66,98316,61,213666
21848,0.012065,172.217.194.0-255,5738,104054,61,213666
21849,0.012074,172.31.40.0-255,66,104120,61,213666
21850,0.014135,172.217.194.0-255,5738,109858,61,213666
21851,0.014145,172.31.40.0-255,66,109924,61,213666
21852,0.016203,172.217.194.0-255,5738,115662,61,213666
21853,0.016212,172.31.40.0-255,66,115728,61,213666
21854,0.018245,172.217.194.0-255,5738,121466,61,213666
21855,0.018253,172.31.40.0-255,66,121532,61,213666
21856,0.020263,172.217.194.0-255,5738,127270,61,213666
21857,0.020271,172.31.40.0-255,66,127336,61,213666
21858,0.0223,172.217.194.0-255,5738,133074,61,213666
21859,0.022307,172.31.40.0-255,66,133140,61,213666
21860,0.024371,172.217.194.0-255,5738,138878,61,213666
21861,0.024378,172.31.40.0-255,66,138944,61,213666
21862,0.024738,172.31.40.0-255,172,139116,61,213666
21863,0.024768,172.31.40.0-255,1120,140236,61,213666
21864,0.024824,172.31.40.0-255,1514,141750,61,213666
21865,0.024826,172.31.40.0-255,1514,143264,61,213666
21866,0.024827,172.31.40.0-255,316,143580,61,213666
21867,0.026276,104.244.42.0-255,66,143646,61,213666
21868,0.026333,104.244.42.0-255,66,143712,61,213666
21869,0.026337,104.244.42.0-255,66,143778,61,213666
21870,0.026341,104.244.42.0-255,66,143844,61,213666
21871,0.026427,172.217.194.0-255,5738,149582,61,213666
21872,0.026433,172.31.40.0-255,66,149648,61,213666
21873,0.0276,104.244.42.0-255,108,149756,61,213666
21874,0.027609,172.31.40.0-255,66,149822,61,213666
21875,0.028476,172.217.194.0-255,5738,155560,61,213666
21876,0.02848,172.31.40.0-255,66,155626,61,213666
21877,0.030494,172.217.194.0-255,5738,161364,61,213666
21878,0.0305,172.31.40.0-255,66,161430,61,213666
21879,0.032501,172.217.194.0-255,5738,167168,61,213666
21880,0.032507,172.31.40.0-255,66,167234,61,213666
21881,0.034561,172.217.194.0-255,5738,172972,61,213666
21882,0.034566,172.31.40.0-255,66,173038,61,213666
21883,0.036672,172.217.194.0-255,5738,178776,61,213666
21884,0.036678,172.31.40.0-255,66,178842,61,213666
21885,0.03872,172.217.194.0-255,5738,184580,61,213666
21886,0.038728,172.31.40.0-255,66,184646,61,213666
21887,0.04075,172.217.194.0-255,5738,190384,61,213666
21888,0.040757,172.31.40.0-255,66,190450,61,213666
21889,0.042795,172.217.194.0-255,5738,196188,61,213666
21890,0.042801,172.31.40.0-255,66,196254,61,213666
21891,0.044856,172.217.194.0-255,5738,201992,61,213666
21892,0.044876,172.31.40.0-255,66,202058,61,213666
21893,0.046915,172.217.194.0-255,5738,207796,61,213666
21894,0.046926,172.31.40.0-255,66,207862,61,213666
21895,0.048957,172.217.194.0-255,5738,213600,61,213666
21896,0.048973,172.31.40.0-255,66,213666,61,213666
21897,0.0,172.217.24.0-255,152,152,61,232345
21898,1.3e-05,172.31.40.0-255,66,218,61,232345
21899,1.9e-05,172.217.24.0-255,1484,1702,61,232345
21900,2.4e-05,172.31.40.0-255,66,1768,61,232345
21901,3e-05,172.217.24.0-255,2902,4670,61,232345
21902,4e-05,172.31.40.0-255,66,4736,61,232345
21903,4.8e-05,172.217.24.0-255,5738,10474,61,232345
21904,5.2e-05,172.31.40.0-255,66,10540,61,232345
21905,7.4e-05,172.217.24.0-255,4320,14860,61,232345
21906,8.1e-05,172.31.40.0-255,66,14926,61,232345
21907,0.000114,172.31.40.0-255,66,14992,61,232345
21908,0.000118,172.217.24.0-255,1484,16476,61,232345
21909,0.000119,172.31.40.0-255,66,16542,61,232345
21910,0.000156,172.217.24.0-255,6797,23339,61,232345
21911,0.000158,172.31.40.0-255,66,23405,61,232345
21912,0.000216,172.217.24.0-255,1484,24889,61,232345
21913,0.000219,172.31.40.0-255,66,24955,61,232345
21914,0.000223,172.217.24.0-255,1484,26439,61,232345
21915,0.000225,172.31.40.0-255,66,26505,61,232345
21916,0.00023,172.217.24.0-255,2902,29407,61,232345
21917,0.000232,172.31.40.0-255,66,29473,61,232345
21918,0.000244,172.217.24.0-255,5738,35211,61,232345
21919,0.000246,172.31.40.0-255,66,35277,61,232345
21920,0.000284,172.31.40.0-255,66,35343,61,232345
21921,0.000312,172.217.24.0-255,3961,39304,61,232345
21922,0.000314,172.31.40.0-255,66,39370,61,232345
21923,0.000346,172.31.40.0-255,66,39436,61,232345
21924,0.001409,172.217.24.0-255,387,39823,61,232345
21925,0.001417,172.31.40.0-255,66,39889,61,232345
21926,0.001491,172.217.24.0-255,1484,41373,61,232345
21927,0.001498,172.217.24.0-255,2902,44275,61,232345
21928,0.001501,172.31.40.0-255,66,44341,61,232345
21929,0.00153,172.217.24.0-255,5738,50079,61,232345
21930,0.001532,172.31.40.0-255,66,50145,61,232345
21931,0.001538,172.217.24.0-255,2902,53047,61,232345
21932,0.00154,172.31.40.0-255,66,53113,61,232345
21933,0.001571,172.217.24.0-255,3961,57074,61,232345
21934,0.001574,172.31.40.0-255,66,57140,61,232345
21935,0.001601,172.217.24.0-255,2902,60042,61,232345
21936,0.001604,172.31.40.0-255,66,60108,61,232345
21937,0.00161,172.217.24.0-255,4320,64428,61,232345
21938,0.001612,172.31.40.0-255,66,64494,61,232345
21939,0.001639,172.217.24.0-255,4320,68814,61,232345
21940,0.001641,172.31.40.0-255,66,68880,61,232345
21941,0.001669,172.217.24.0-255,4320,73200,61,232345
21942,0.001672,172.31.40.0-255,66,73266,61,232345
21943,0.001675,172.217.24.0-255,1125,74391,61,232345
21944,0.001875,172.217.24.0-255,1484,75875,61,232345
21945,0.001881,172.31.40.0-255,66,75941,61,232345
21946,0.001888,172.217.24.0-255,2902,78843,61,232345
21947,0.00189,172.31.40.0-255,66,78909,61,232345
21948,0.001901,172.217.24.0-255,4320,83229,61,232345
21949,0.001903,172.31.40.0-255,66,83295,61,232345
21950,0.00191,172.217.24.0-255,5738,89033,61,232345
21951,0.001912,172.31.40.0-255,66,89099,61,232345
21952,0.00195,172.31.40.0-255,66,89165,61,232345
21953,0.001967,172.31.40.0-255,66,89231,61,232345
21954,0.003902,172.217.24.0-255,5738,94969,61,232345
21955,0.003906,172.31.40.0-255,66,95035,61,232345
21956,0.005836,172.217.24.0-255,5738,100773,61,232345
21957,0.005841,172.31.40.0-255,66,100839,61,232345
21958,0.00778,172.217.24.0-255,5738,106577,61,232345
21959,0.007786,172.31.40.0-255,66,106643,61,232345
21960,0.009738,172.217.24.0-255,5738,112381,61,232345
21961,0.009745,172.31.40.0-255,66,112447,61,232345
21962,0.011692,172.217.24.0-255,5738,118185,61,232345
21963,0.011701,172.31.40.0-255,66,118251,61,232345
21964,0.013646,172.217.24.0-255,4320,122571,61,232345
21965,0.013653,172.31.40.0-255,66,122637,61,232345
21966,0.013691,172.217.24.0-255,1484,124121,61,232345
21967,0.01559,172.217.24.0-255,4320,128441,61,232345
21968,0.0156,172.31.40.0-255,66,128507,61,232345
21969,0.017548,172.217.24.0-255,5738,134245,61,232345
21970,0.017556,172.31.40.0-255,66,134311,61,232345
21971,0.019491,172.217.24.0-255,5738,140049,61,232345
21972,0.019498,172.31.40.0-255,66,140115,61,232345
21973,0.021433,172.217.24.0-255,5738,145853,61,232345
21974,0.021439,172.31.40.0-255,66,145919,61,232345
21975,0.023381,172.217.24.0-255,5738,151657,61,232345
21976,0.023389,172.31.40.0-255,66,151723,61,232345
21977,0.025323,172.217.24.0-255,5738,157461,61,232345
21978,0.025329,172.31.40.0-255,66,157527,61,232345
21979,0.0269,172.31.40.0-255,172,157699,61,232345
21980,0.026928,172.31.40.0-255,1120,158819,61,232345
21981,0.026988,172.31.40.0-255,1514,160333,61,232345
21982,0.02699,172.31.40.0-255,1514,161847,61,232345
21983,0.027013,172.31.40.0-255,586,162433,61,232345
21984,0.027269,172.217.24.0-255,5738,168171,61,232345
21985,0.027277,172.31.40.0-255,66,168237,61,232345
21986,0.028453,104.244.42.0-255,66,168303,61,232345
21987,0.02868,104.244.42.0-255,66,168369,61,232345
21988,0.028696,104.244.42.0-255,66,168435,61,232345
21989,0.028712,104.244.42.0-255,66,168501,61,232345
21990,0.029219,172.217.24.0-255,5738,174239,61,232345
21991,0.029223,172.31.40.0-255,66,174305,61,232345
21992,0.031168,172.217.24.0-255,5738,180043,61,232345
21993,0.031175,172.31.40.0-255,66,180109,61,232345
21994,0.033129,172.217.24.0-255,5738,185847,61,232345
21995,0.033136,172.31.40.0-255,66,185913,61,232345
21996,0.035078,172.217.24.0-255,5738,191651,61,232345
21997,0.035085,172.31.40.0-255,66,191717,61,232345
21998,0.037034,172.217.24.0-255,5738,197455,61,232345
21999,0.037041,172.31.40.0-255,66,197521,61,232345
22000,0.038982,172.217.24.0-255,5738,203259,61,232345
22001,0.038988,172.31.40.0-255,66,203325,61,232345
22002,0.040957,172.217.24.0-255,5738,209063,61,232345
22003,0.040964,172.31.40.0-255,66,209129,61,232345
22004,0.042914,172.217.24.0-255,5738,214867,61,232345
22005,0.042922,172.31.40.0-255,66,214933,61,232345
22006,0.044881,172.217.24.0-255,5738,220671,61,232345
22007,0.044888,172.31.40.0-255,66,220737,61,232345
22008,0.046833,172.217.24.0-255,5738,226475,61,232345
22009,0.04684,172.31.40.0-255,66,226541,61,232345
22010,0.048835,172.217.24.0-255,5738,232279,61,232345
22011,0.048841,172.31.40.0-255,66,232345,61,232345
22012,0.0,172.217.194.0-255,152,152,61,160088
22013,2.2e-05,172.31.40.0-255,66,218,61,160088
22014,2.9e-05,172.217.194.0-255,1484,1702,61,160088
22015,3.2e-05,172.31.40.0-255,66,1768,61,160088
22016,3.9e-05,172.217.194.0-255,2902,4670,61,160088
22017,4.2e-05,172.31.40.0-255,66,4736,61,160088
22018,5e-05,172.217.194.0-255,7156,11892,61,160088
22019,5.3e-05,172.31.40.0-255,66,11958,61,160088
22020,9.2e-05,172.31.40.0-255,66,12024,61,160088
22021,9.9e-05,172.217.194.0-255,5738,17762,61,160088
22022,0.000101,172.31.40.0-255,66,17828,61,160088
22023,0.000125,172.217.194.0-255,2902,20730,61,160088
22024,0.000127,172.31.40.0-255,66,20796,61,160088
22025,0.000139,172.31.40.0-255,66,20862,61,160088
22026,0.000164,172.217.194.0-255,7156,28018,61,160088
22027,0.000166,172.31.40.0-255,66,28084,61,160088
22028,0.00017,172.217.194.0-255,2184,30268,61,160088
22029,0.000172,172.31.40.0-255,66,30334,61,160088
22030,0.002108,172.217.194.0-255,1484,31818,61,160088
22031,0.002117,172.31.40.0-255,66,31884,61,160088
22032,0.002128,172.217.194.0-255,2902,34786,61,160088
22033,0.00213,172.31.40.0-255,66,34852,61,160088
22034,0.00216,172.217.194.0-255,5738,40590,61,160088
22035,0.002162,172.31.40.0-255,66,40656,61,160088
22036,0.002171,172.217.194.0-255,7120,47776,61,160088
22037,0.002173,172.31.40.0-255,66,47842,61,160088
22038,0.005096,172.217.194.0-255,1484,49326,61,160088
22039,0.005099,172.31.40.0-255,66,49392,61,160088
22040,0.005104,172.217.194.0-255,2902,52294,61,160088
22041,0.005106,172.31.40.0-255,66,52360,61,160088
22042,0.005127,172.217.194.0-255,1484,53844,61,160088
22043,0.007443,172.217.194.0-255,1484,55328,61,160088
22044,0.00745,172.31.40.0-255,66,55394,61,160088
22045,0.007468,172.217.194.0-255,2902,58296,61,160088
22046,0.007471,172.31.40.0-255,66,58362,61,160088
22047,0.009799,172.217.194.0-255,2902,61264,61,160088
22048,0.009807,172.31.40.0-255,66,61330,61,160088
22049,0.009829,172.217.194.0-255,2902,64232,61,160088
22050,0.009831,172.31.40.0-255,66,64298,61,160088
22051,0.012193,172.217.194.0-255,5738,70036,61,160088
22052,0.0122,172.31.40.0-255,66,70102,61,160088
22053,0.014584,172.217.194.0-255,5738,75840,61,160088
22054,0.014592,172.31.40.0-255,66,75906,61,160088
22055,0.016958,172.217.194.0-255,5738,81644,61,160088
22056,0.016968,172.31.40.0-255,66,81710,61,160088
22057,0.019352,172.217.194.0-255,5738,87448,61,160088
22058,0.019363,172.31.40.0-255,66,87514,61,160088
22059,0.02175,172.217.194.0-255,5738,93252,61,160088
22060,0.021758,172.31.40.0-255,66,93318,61,160088
22061,0.02414,172.217.194.0-255,5738,99056,61,160088
22062,0.024149,172.31.40.0-255,66,99122,61,160088
22063,0.026527,172.217.194.0-255,5738,104860,61,160088
22064,0.026535,172.31.40.0-255,66,104926,61,160088
22065,0.027676,172.31.40.0-255,171,105097,61,160088
22066,0.027709,172.31.40.0-255,1144,106241,61,160088
22067,0.027768,172.31.40.0-255,1514,107755,61,160088
22068,0.027769,172.31.40.0-255,1251,109006,61,160088
22069,0.028899,172.217.194.0-255,5738,114744,61,160088
22070,0.028906,172.31.40.0-255,66,114810,61,160088
22071,0.029223,104.244.42.0-255,66,114876,61,160088
22072,0.029275,104.244.42.0-255,66,114942,61,160088
22073,0.029324,104.244.42.0-255,66,115008,61,160088
22074,0.031262,172.217.194.0-255,5738,120746,61,160088
22075,0.031269,172.31.40.0-255,66,120812,61,160088
22076,0.033654,172.217.194.0-255,5738,126550,61,160088
22077,0.033661,172.31.40.0-255,66,126616,61,160088
22078,0.036063,172.217.194.0-255,5738,132354,61,160088
22079,0.03607,172.31.40.0-255,66,132420,61,160088
22080,0.038465,172.217.194.0-255,5738,138158,61,160088
22081,0.038472,172.31.40.0-255,66,138224,61,160088
22082,0.040868,172.217.194.0-255,5738,143962,61,160088
22083,0.040875,172.31.40.0-255,66,144028,61,160088
22084,0.043238,172.217.194.0-255,5738,149766,61,160088
22085,0.043245,172.31.40.0-255,66,149832,61,160088
22086,0.045607,172.217.194.0-255,4320,154152,61,160088
22087,0.045613,172.31.40.0-255,66,154218,61,160088
22088,0.045633,172.217.194.0-255,1484,155702,61,160088
22089,0.047988,172.217.194.0-255,4320,160022,61,160088
22090,0.04801,172.31.40.0-255,66,160088,61,160088
22091,0.0,172.217.194.0-255,297,297,61,276282
22092,2.2e-05,172.31.40.0-255,66,363,61,276282
22093,2.9e-05,172.217.194.0-255,1484,1847,61,276282
22094,3.3e-05,172.31.40.0-255,66,1913,61,276282
22095,4e-05,172.217.194.0-255,4320,6233,61,276282
22096,5e-05,172.31.40.0-255,66,6299,61,276282
22097,6.3e-05,172.31.40.0-255,66,6365,61,276282
22098,0.000109,172.31.40.0-255,66,6431,61,276282
22099,0.00012,172.31.40.0-255,66,6497,61,276282
22100,0.000178,172.217.194.0-255,1484,7981,61,276282
22101,0.00018,172.31.40.0-255,66,8047,61,276282
22102,0.00021,172.217.194.0-255,2902,10949,61,276282
22103,0.000212,172.31.40.0-255,66,11015,61,276282
22104,0.000219,172.217.194.0-255,4320,15335,61,276282
22105,0.000221,172.31.40.0-255,66,15401,61,276282
22106,0.000224,172.217.194.0-255,1484,16885,61,276282
22107,0.000226,172.31.40.0-255,66,16951,61,276282
22108,0.000256,172.217.194.0-255,7156,24107,61,276282
22109,0.000259,172.31.40.0-255,66,24173,61,276282
22110,0.000275,172.31.40.0-255,66,24239,61,276282
22111,0.00031,172.217.194.0-255,6438,30677,61,276282
22112,0.000313,172.31.40.0-255,66,30743,61,276282
22113,0.000337,172.217.194.0-255,341,31084,61,276282
22114,0.000339,172.31.40.0-255,66,31150,61,276282
22115,0.000377,172.217.194.0-255,119,31269,61,276282
22116,0.00038,172.31.40.0-255,66,31335,61,276282
22117,0.000398,172.217.194.0-255,380,31715,61,276282
22118,0.000401,172.31.40.0-255,66,31781,61,276282
22119,0.000508,172.217.194.0-255,1484,33265,61,276282
22120,0.000526,172.217.194.0-255,2902,36167,61,276282
22121,0.00055,172.217.194.0-255,5738,41905,61,276282
22122,0.000567,172.217.194.0-255,5738,47643,61,276282
22123,0.000579,172.217.194.0-255,4320,51963,61,276282
22124,0.000616,172.217.194.0-255,2902,54865,61,276282
22125,0.000652,172.31.40.0-255,66,54931,61,276282
22126,0.001497,172.217.194.0-255,1484,56415,61,276282
22127,0.001504,172.217.194.0-255,2902,59317,61,276282
22128,0.001508,172.31.40.0-255,66,59383,61,276282
22129,0.001512,172.217.194.0-255,1484,60867,61,276282
22130,0.001544,172.217.194.0-255,4320,65187,61,276282
22131,0.001547,172.31.40.0-255,66,65253,61,276282
22132,0.001555,172.217.194.0-255,7156,72409,61,276282
22133,0.001558,172.31.40.0-255,66,72475,61,276282
22134,0.001585,172.217.194.0-255,5738,78213,61,276282
22135,0.001587,172.31.40.0-255,66,78279,61,276282
22136,0.001599,172.31.40.0-255,66,78345,61,276282
22137,0.001645,172.217.194.0-255,1484,79829,61,276282
22138,0.00165,172.217.194.0-255,2902,82731,61,276282
22139,0.001653,172.31.40.0-255,66,82797,61,276282
22140,0.001669,172.217.194.0-255,2902,85699,61,276282
22141,0.001675,172.31.40.0-255,66,85765,61,276282
22142,0.001703,172.217.194.0-255,2902,88667,61,276282
22143,0.001709,172.217.194.0-255,7156,95823,61,276282
22144,0.001747,172.31.40.0-255,66,95889,61,276282
22145,0.001766,172.217.194.0-255,4320,100209,61,276282
22146,0.001779,172.31.40.0-255,66,100275,61,276282
22147,0.001788,172.217.194.0-255,6438,106713,61,276282
22148,0.001791,172.217.194.0-255,2902,109615,61,276282
22149,0.001809,172.217.194.0-255,1484,111099,61,276282
22150,0.001824,172.217.194.0-255,5738,116837,61,276282
22151,0.001837,172.31.40.0-255,66,116903,61,276282
22152,0.001856,172.217.194.0-255,7156,124059,61,276282
22153,0.001863,172.31.40.0-255,66,124125,61,276282
22154,0.001895,172.217.194.0-255,3602,127727,61,276282
22155,0.001909,172.217.194.0-255,1484,129211,61,276282
22156,0.001927,172.31.40.0-255,66,129277,61,276282
22157,0.001932,172.217.194.0-255,2902,132179,61,276282
22158,0.001937,172.31.40.0-255,66,132245,61,276282
22159,0.001957,172.217.194.0-255,5738,137983,61,276282
22160,0.002002,172.217.194.0-255,5738,143721,61,276282
22161,0.002004,172.31.40.0-255,66,143787,61,276282
22162,0.00201,172.31.40.0-255,66,143853,61,276282
22163,0.002053,172.217.194.0-255,7156,151009,61,276282
22164,0.002058,172.31.40.0-255,66,151075,61,276282
22165,0.002075,172.31.40.0-255,66,151141,61,276282
22166,0.00219,172.217.194.0-255,4320,155461,61,276282
22167,0.002215,172.217.194.0-255,6438,161899,61,276282
22168,0.002261,172.217.194.0-255,1484,163383,61,276282
22169,0.002266,172.217.194.0-255,2902,166285,61,276282
22170,0.00229,172.217.194.0-255,5738,172023,61,276282
22171,0.00232,172.217.194.0-255,4320,176343,61,276282
22172,0.002345,172.217.194.0-255,2902,179245,61,276282
22173,0.002368,172.217.194.0-255,5738,184983,61,276282
22174,0.002424,172.217.194.0-255,2184,187167,61,276282
22175,0.002474,172.217.194.0-255,1484,188651,61,276282
22176,0.002488,172.217.194.0-255,2902,191553,61,276282
22177,0.002511,172.217.194.0-255,5738,197291,61,276282
22178,0.002535,172.217.194.0-255,7156,204447,61,276282
22179,0.002551,172.217.194.0-255,5738,210185,61,276282
22180,0.002557,172.217.194.0-255,5738,215923,61,276282
22181,0.002591,172.217.194.0-255,5020,220943,61,276282
22182,0.007804,172.31.40.0-255,66,221009,61,276282
22183,0.010401,172.217.194.0-255,5738,226747,61,276282
22184,0.010409,172.31.40.0-255,66,226813,61,276282
22185,0.013008,172.217.194.0-255,5738,232551,61,276282
22186,0.013015,172.31.40.0-255,66,232617,61,276282
22187,0.015612,172.217.194.0-255,5738,238355,61,276282
22188,0.015621,172.31.40.0-255,66,238421,61,276282
22189,0.018219,172.217.194.0-255,5738,244159,61,276282
22190,0.018226,172.31.40.0-255,66,244225,61,276282
22191,0.020817,172.217.194.0-255,5738,249963,61,276282
22192,0.020823,172.31.40.0-255,66,250029,61,276282
22193,0.023419,172.217.194.0-255,5738,255767,61,276282
22194,0.023428,172.31.40.0-255,66,255833,61,276282
22195,0.026017,172.217.194.0-255,5738,261571,61,276282
22196,0.026027,172.31.40.0-255,66,261637,61,276282
22197,0.028626,172.217.194.0-255,5738,267375,61,276282
22198,0.028635,172.31.40.0-255,66,267441,61,276282
22199,0.031225,172.217.194.0-255,5738,273179,61,276282
22200,0.031233,172.31.40.0-255,66,273245,61,276282
22201,0.033838,172.217.194.0-255,2800,276045,61,276282
22202,0.033857,172.31.40.0-255,66,276111,61,276282
22203,0.035704,172.31.40.0-255,105,276216,61,276282
22204,0.038277,172.217.194.0-255,66,276282,61,276282
22205,0.0,74.125.24.0-255,153,153,61,252464
22206,1.5e-05,172.31.40.0-255,66,219,61,252464
22207,2.3e-05,74.125.24.0-255,1484,1703,61,252464
22208,2.7e-05,172.31.40.0-255,66,1769,61,252464
22209,3.4e-05,74.125.24.0-255,2902,4671,61,252464
22210,4.5e-05,172.31.40.0-255,66,4737,61,252464
22211,5.4e-05,74.125.24.0-255,7156,11893,61,252464
22212,5.7e-05,172.31.40.0-255,66,11959,61,252464
22213,6.1e-05,74.125.24.0-255,2001,13960,61,252464
22214,6.4e-05,172.31.40.0-255,66,14026,61,252464
22215,0.000246,74.125.24.0-255,1484,15510,61,252464
22216,0.000251,172.31.40.0-255,66,15576,61,252464
22217,0.000258,74.125.24.0-255,2902,18478,61,252464
22218,0.000261,172.31.40.0-255,66,18544,61,252464
22219,0.000293,74.125.24.0-255,5738,24282,61,252464
22220,0.000296,172.31.40.0-255,66,24348,61,252464
22221,0.000303,74.125.24.0-255,6797,31145,61,252464
22222,0.000305,172.31.40.0-255,66,31211,61,252464
22223,0.000477,74.125.24.0-255,1484,32695,61,252464
22224,0.000483,74.125.24.0-255,2902,35597,61,252464
22225,0.000488,172.31.40.0-255,66,35663,61,252464
22226,0.000496,172.31.40.0-255,66,35729,61,252464
22227,0.000526,74.125.24.0-255,5738,41467,61,252464
22228,0.00053,172.31.40.0-255,66,41533,61,252464
22229,0.000534,74.125.24.0-255,1484,43017,61,252464
22230,0.000536,172.31.40.0-255,66,43083,61,252464
22231,0.000555,74.125.24.0-255,1484,44567,61,252464
22232,0.000558,172.31.40.0-255,66,44633,61,252464
22233,0.000563,74.125.24.0-255,2902,47535,61,252464
22234,0.000565,172.31.40.0-255,66,47601,61,252464
22235,0.000593,74.125.24.0-255,1125,48726,61,252464
22236,0.000595,172.31.40.0-255,66,48792,61,252464
22237,0.000668,74.125.24.0-255,1484,50276,61,252464
22238,0.000672,74.125.24.0-255,1484,51760,61,252464
22239,0.000677,172.31.40.0-255,66,51826,61,252464
22240,0.000686,74.125.24.0-255,1484,53310,61,252464
22241,0.00069,74.125.24.0-255,2902,56212,61,252464
22242,0.000695,172.31.40.0-255,66,56278,61,252464
22243,0.000715,74.125.24.0-255,2902,59180,61,252464
22244,0.000718,172.31.40.0-255,66,59246,61,252464
22245,0.00073,74.125.24.0-255,7147,66393,61,252464
22246,0.000732,172.31.40.0-255,66,66459,61,252464
22247,0.000755,74.125.24.0-255,329,66788,61,252464
22248,0.000847,74.125.24.0-255,1484,68272,61,252464
22249,0.00085,172.31.40.0-255,66,68338,61,252464
22250,0.000856,74.125.24.0-255,2902,71240,61,252464
22251,0.000859,172.31.40.0-255,66,71306,61,252464
22252,0.000869,74.125.24.0-255,4320,75626,61,252464
22253,0.000871,172.31.40.0-255,66,75692,61,252464
22254,0.000899,74.125.24.0-255,1484,77176,61,252464
22255,0.000912,172.31.40.0-255,66,77242,61,252464
22256,0.000948,74.125.24.0-255,3961,81203,61,252464
22257,0.000951,172.31.40.0-255,66,81269,61,252464
22258,0.000959,74.125.24.0-255,7156,88425,61,252464
22259,0.000961,172.31.40.0-255,66,88491,61,252464
22260,0.000969,74.125.24.0-255,1992,90483,61,252464
22261,0.000971,172.31.40.0-255,66,90549,61,252464
22262,0.001145,74.125.24.0-255,1484,92033,61,252464
22263,0.00115,74.125.24.0-255,1484,93517,61,252464
22264,0.001153,172.31.40.0-255,66,93583,61,252464
22265,0.001182,74.125.24.0-255,1484,95067,61,252464
22266,0.001189,74.125.24.0-255,5738,100805,61,252464
22267,0.001192,172.31.40.0-255,66,100871,61,252464
22268,0.001266,74.125.24.0-255,4320,105191,61,252464
22269,0.00127,172.31.40.0-255,66,105257,61,252464
22270,0.001331,172.31.40.0-255,66,105323,61,252464
22271,0.001339,74.125.24.0-255,7156,112479,61,252464
22272,0.001342,172.31.40.0-255,66,112545,61,252464
22273,0.001347,74.125.24.0-255,3602,116147,61,252464
22274,0.001349,172.31.40.0-255,66,116213,61,252464
22275,0.001778,74.125.24.0-255,1484,117697,61,252464
22276,0.001786,74.125.24.0-255,2902,120599,61,252464
22277,0.001791,172.31.40.0-255,66,120665,61,252464
22278,0.001797,74.125.24.0-255,2902,123567,61,252464
22279,0.0018,172.31.40.0-255,66,123633,61,252464
22280,0.001837,74.125.24.0-255,2902,126535,61,252464
22281,0.00184,172.31.40.0-255,66,126601,61,252464
22282,0.001847,74.125.24.0-255,7156,133757,61,252464
22283,0.00185,172.31.40.0-255,66,133823,61,252464
22284,0.001864,172.31.40.0-255,66,133889,61,252464
22285,0.001889,74.125.24.0-255,1484,135373,61,252464
22286,0.001893,74.125.24.0-255,2184,137557,61,252464
22287,0.004173,74.125.24.0-255,1484,139041,61,252464
22288,0.00581,172.31.40.0-255,66,139107,61,252464
22289,0.008097,74.125.24.0-255,5738,144845,61,252464
22290,0.008103,172.31.40.0-255,66,144911,61,252464
22291,0.010449,74.125.24.0-255,5738,150649,61,252464
22292,0.010456,172.31.40.0-255,66,150715,61,252464
22293,0.012741,74.125.24.0-255,5738,156453,61,252464
22294,0.012749,172.31.40.0-255,66,156519,61,252464
22295,0.015028,74.125.24.0-255,5738,162257,61,252464
22296,0.015037,172.31.40.0-255,66,162323,61,252464
22297,0.017379,74.125.24.0-255,5738,168061,61,252464
22298,0.017387,172.31.40.0-255,66,168127,61,252464
22299,0.019673,74.125.24.0-255,5738,173865,61,252464
22300,0.019682,172.31.40.0-255,66,173931,61,252464
22301,0.022009,74.125.24.0-255,5738,179669,61,252464
22302,0.022016,172.31.40.0-255,66,179735,61,252464
22303,0.024347,74.125.24.0-255,5738,185473,61,252464
22304,0.024354,172.31.40.0-255,66,185539,61,252464
22305,0.024497,172.31.40.0-255,172,185711,61,252464
22306,0.024526,172.31.40.0-255,1116,186827,61,252464
22307,0.024589,172.31.40.0-255,1514,188341,61,252464
22308,0.024591,172.31.40.0-255,213,188554,61,252464
22309,0.026676,74.125.24.0-255,5738,194292,61,252464
22310,0.026684,172.31.40.0-255,66,194358,61,252464
22311,0.026745,104.244.42.0-255,66,194424,61,252464
22312,0.028991,74.125.24.0-255,5738,200162,61,252464
22313,0.028998,172.31.40.0-255,66,200228,61,252464
22314,0.031284,74.125.24.0-255,5738,205966,61,252464
22315,0.031291,172.31.40.0-255,66,206032,61,252464
22316,0.033584,74.125.24.0-255,5738,211770,61,252464
22317,0.033592,172.31.40.0-255,66,211836,61,252464
22318,0.035904,74.125.24.0-255,5738,217574,61,252464
22319,0.035911,172.31.40.0-255,66,217640,61,252464
22320,0.038243,74.125.24.0-255,5738,223378,61,252464
22321,0.03825,172.31.40.0-255,66,223444,61,252464
22322,0.040555,74.125.24.0-255,5738,229182,61,252464
22323,0.040574,172.31.40.0-255,66,229248,61,252464
22324,0.042861,74.125.24.0-255,5738,234986,61,252464
22325,0.042875,172.31.40.0-255,66,235052,61,252464
22326,0.045204,74.125.24.0-255,5738,240790,61,252464
22327,0.045221,172.31.40.0-255,66,240856,61,252464
22328,0.04753,74.125.24.0-255,5738,246594,61,252464
22329,0.047548,172.31.40.0-255,66,246660,61,252464
22330,0.049871,74.125.24.0-255,5738,252398,61,252464
22331,0.049883,172.31.40.0-255,66,252464,61,252464
22332,0.0,74.125.24.0-255,146,146,61,207899
22333,2.3e-05,172.31.40.0-255,66,212,61,207899
22334,3e-05,74.125.24.0-255,1484,1696,61,207899
22335,3.5e-05,172.31.40.0-255,66,1762,61,207899
22336,4.1e-05,74.125.24.0-255,2902,4664,61,207899
22337,4.5e-05,172.31.40.0-255,66,4730,61,207899
22338,5.2e-05,74.125.24.0-255,5738,10468,61,207899
22339,5.5e-05,172.31.40.0-255,66,10534,61,207899
22340,7.9e-05,74.125.24.0-255,1484,12018,61,207899
22341,8.2e-05,172.31.40.0-255,66,12084,61,207899
22342,0.000169,74.125.24.0-255,2156,14240,61,207899
22343,0.000172,172.31.40.0-255,66,14306,61,207899
22344,0.000228,172.31.40.0-255,66,14372,61,207899
22345,0.000248,74.125.24.0-255,2902,17274,61,207899
22346,0.000251,172.31.40.0-255,66,17340,61,207899
22347,0.000392,74.125.24.0-255,5379,22719,61,207899
22348,0.000397,172.31.40.0-255,66,22785,61,207899
22349,0.00049,74.125.24.0-255,1484,24269,61,207899
22350,0.000494,172.31.40.0-255,66,24335,61,207899
22351,0.0005,74.125.24.0-255,2902,27237,61,207899
22352,0.000502,172.31.40.0-255,66,27303,61,207899
22353,0.00055,74.125.24.0-255,4320,31623,61,207899
22354,0.00056,172.31.40.0-255,66,31689,61,207899
22355,0.000611,74.125.24.0-255,5738,37427,61,207899
22356,0.000614,172.31.40.0-255,66,37493,61,207899
22357,0.000634,74.125.24.0-255,3961,41454,61,207899
22358,0.000638,172.31.40.0-255,66,41520,61,207899
22359,0.00077,74.125.24.0-255,4320,45840,61,207899
22360,0.000774,172.31.40.0-255,66,45906,61,207899
22361,0.000797,74.125.24.0-255,7156,53062,61,207899
22362,0.0008,172.31.40.0-255,66,53128,61,207899
22363,0.00096,74.125.24.0-255,4233,57361,61,207899
22364,0.000964,172.31.40.0-255,66,57427,61,207899
22365,0.000997,74.125.24.0-255,130,57557,61,207899
22366,0.001029,74.125.24.0-255,5738,63295,61,207899
22367,0.001037,172.31.40.0-255,66,63361,61,207899
22368,0.00112,74.125.24.0-255,5738,69099,61,207899
22369,0.001133,172.31.40.0-255,66,69165,61,207899
22370,0.001146,74.125.24.0-255,7156,76321,61,207899
22371,0.001155,172.31.40.0-255,66,76387,61,207899
22372,0.001336,172.31.40.0-255,66,76453,61,207899
22373,0.001359,74.125.24.0-255,6438,82891,61,207899
22374,0.001367,172.31.40.0-255,66,82957,61,207899
22375,0.001545,74.125.24.0-255,349,83306,61,207899
22376,0.001565,74.125.24.0-255,1484,84790,61,207899
22377,0.001568,172.31.40.0-255,66,84856,61,207899
22378,0.001586,74.125.24.0-255,1484,86340,61,207899
22379,0.001607,74.125.24.0-255,2902,89242,61,207899
22380,0.001623,172.31.40.0-255,66,89308,61,207899
22381,0.00168,74.125.24.0-255,1484,90792,61,207899
22382,0.001688,172.31.40.0-255,66,90858,61,207899
22383,0.001828,74.125.24.0-255,4320,95178,61,207899
22384,0.001832,172.31.40.0-255,66,95244,61,207899
22385,0.002195,74.125.24.0-255,1484,96728,61,207899
22386,0.002597,74.125.24.0-255,3602,100330,61,207899
22387,0.002654,74.125.24.0-255,7156,107486,61,207899
22388,0.002712,74.125.24.0-255,2184,109670,61,207899
22389,0.003196,74.125.24.0-255,5738,115408,61,207899
22390,0.007475,172.31.40.0-255,66,115474,61,207899
22391,0.009769,74.125.24.0-255,5738,121212,61,207899
22392,0.009777,172.31.40.0-255,66,121278,61,207899
22393,0.012047,74.125.24.0-255,5738,127016,61,207899
22394,0.015123,172.31.40.0-255,66,127082,61,207899
22395,0.017397,74.125.24.0-255,5738,132820,61,207899
22396,0.017407,172.31.40.0-255,66,132886,61,207899
22397,0.01968,74.125.24.0-255,5738,138624,61,207899
22398,0.019688,172.31.40.0-255,66,138690,61,207899
22399,0.021942,74.125.24.0-255,5738,144428,61,207899
22400,0.022084,172.31.40.0-255,66,144494,61,207899
22401,0.024344,74.125.24.0-255,5738,150232,61,207899
22402,0.024353,172.31.40.0-255,66,150298,61,207899
22403,0.026646,74.125.24.0-255,5738,156036,61,207899
22404,0.026653,172.31.40.0-255,66,156102,61,207899
22405,0.028932,74.125.24.0-255,5738,161840,61,207899
22406,0.028939,172.31.40.0-255,66,161906,61,207899
22407,0.031212,74.125.24.0-255,5738,167644,61,207899
22408,0.03404,172.31.40.0-255,66,167710,61,207899
22409,0.036304,74.125.24.0-255,5738,173448,61,207899
22410,0.036314,172.31.40.0-255,66,173514,61,207899
22411,0.037587,172.31.40.0-255,172,173686,61,207899
22412,0.037619,172.31.40.0-255,1115,174801,61,207899
22413,0.037684,172.31.40.0-255,1514,176315,61,207899
22414,0.037686,172.31.40.0-255,1514,177829,61,207899
22415,0.037687,172.31.40.0-255,1514,179343,61,207899
22416,0.037688,172.31.40.0-255,1514,180857,61,207899
22417,0.03769,172.31.40.0-255,528,181385,61,207899
22418,0.038591,74.125.24.0-255,4320,185705,61,207899
22419,0.038598,172.31.40.0-255,66,185771,61,207899
22420,0.038615,74.125.24.0-255,1484,187255,61,207899
22421,0.039139,104.244.42.0-255,66,187321,61,207899
22422,0.039146,104.244.42.0-255,66,187387,61,207899
22423,0.039231,104.244.42.0-255,66,187453,61,207899
22424,0.039235,104.244.42.0-255,66,187519,61,207899
22425,0.040897,74.125.24.0-255,2902,190421,61,207899
22426,0.040904,172.31.40.0-255,66,190487,61,207899
22427,0.043159,74.125.24.0-255,5738,196225,61,207899
22428,0.043209,172.31.40.0-255,66,196291,61,207899
22429,0.045464,74.125.24.0-255,5738,202029,61,207899
22430,0.045471,172.31.40.0-255,66,202095,61,207899
22431,0.047729,74.125.24.0-255,5738,207833,61,207899
22432,0.047736,172.31.40.0-255,66,207899,61,207899
22433,0.0,172.217.194.0-255,290,290,61,257500
22434,2.5e-05,172.31.40.0-255,66,356,61,257500
22435,3.1e-05,172.217.194.0-255,1484,1840,61,257500
22436,3.5e-05,172.31.40.0-255,66,1906,61,257500
22437,4.2e-05,172.217.194.0-255,4320,6226,61,257500
22438,5.5e-05,172.31.40.0-255,66,6292,61,257500
22439,6.9e-05,172.31.40.0-255,66,6358,61,257500
22440,8.1e-05,172.31.40.0-255,66,6424,61,257500
22441,9.4e-05,172.31.40.0-255,66,6490,61,257500
22442,0.000142,172.217.194.0-255,4320,10810,61,257500
22443,0.000145,172.31.40.0-255,66,10876,61,257500
22444,0.000151,172.217.194.0-255,2902,13778,61,257500
22445,0.000153,172.31.40.0-255,66,13844,61,257500
22446,0.000186,172.217.194.0-255,2902,16746,61,257500
22447,0.000189,172.31.40.0-255,66,16812,61,257500
22448,0.000196,172.217.194.0-255,6797,23609,61,257500
22449,0.000198,172.31.40.0-255,66,23675,61,257500
22450,0.000201,172.217.194.0-255,1484,25159,61,257500
22451,0.000208,172.31.40.0-255,66,25225,61,257500
22452,0.000244,172.217.194.0-255,5738,30963,61,257500
22453,0.000247,172.31.40.0-255,66,31029,61,257500
22454,0.000259,172.31.40.0-255,66,31095,61,257500
22455,0.000289,172.217.194.0-255,368,31463,61,257500
22456,0.000291,172.31.40.0-255,66,31529,61,257500
22457,0.000536,172.217.194.0-255,374,31903,61,257500
22458,0.000541,172.31.40.0-255,66,31969,61,257500
22459,0.000609,172.217.194.0-255,1484,33453,61,257500
22460,0.000613,172.31.40.0-255,66,33519,61,257500
22461,0.000618,172.217.194.0-255,2902,36421,61,257500
22462,0.000621,172.31.40.0-255,66,36487,61,257500
22463,0.000626,172.217.194.0-255,4320,40807,61,257500
22464,0.000633,172.31.40.0-255,66,40873,61,257500
22465,0.000654,172.217.194.0-255,1484,42357,61,257500
22466,0.000668,172.217.194.0-255,6797,49154,61,257500
22467,0.000671,172.31.40.0-255,66,49220,61,257500
22468,0.000709,172.31.40.0-255,66,49286,61,257500
22469,0.000737,172.217.194.0-255,4320,53606,61,257500
22470,0.000739,172.31.40.0-255,66,53672,61,257500
22471,0.000743,172.217.194.0-255,2543,56215,61,257500
22472,0.000745,172.31.40.0-255,66,56281,61,257500
22473,0.001454,172.217.194.0-255,1484,57765,61,257500
22474,0.00146,172.217.194.0-255,1484,59249,61,257500
22475,0.001463,172.31.40.0-255,66,59315,61,257500
22476,0.001492,172.217.194.0-255,1484,60799,61,257500
22477,0.0015,172.217.194.0-255,5738,66537,61,257500
22478,0.001502,172.31.40.0-255,66,66603,61,257500
22479,0.001544,172.217.194.0-255,5738,72341,61,257500
22480,0.001547,172.31.40.0-255,66,72407,61,257500
22481,0.001575,172.217.194.0-255,7156,79563,61,257500
22482,0.001578,172.31.40.0-255,66,79629,61,257500
22483,0.001595,172.31.40.0-255,66,79695,61,257500
22484,0.001598,172.217.194.0-255,1484,81179,61,257500
22485,0.001603,172.217.194.0-255,2902,84081,61,257500
22486,0.001605,172.31.40.0-255,66,84147,61,257500
22487,0.00161,172.217.194.0-255,4320,88467,61,257500
22488,0.001612,172.31.40.0-255,66,88533,61,257500
22489,0.001644,172.217.194.0-255,1484,90017,61,257500
22490,0.001652,172.217.194.0-255,7156,97173,61,257500
22491,0.001655,172.31.40.0-255,66,97239,61,257500
22492,0.001678,172.31.40.0-255,66,97305,61,257500
22493,0.001689,172.31.40.0-255,66,97371,61,257500
22494,0.001696,172.217.194.0-255,7156,104527,61,257500
22495,0.001699,172.31.40.0-255,66,104593,61,257500
22496,0.00172,172.217.194.0-255,1484,106077,61,257500
22497,0.001726,172.217.194.0-255,4320,110397,61,257500
22498,0.001728,172.31.40.0-255,66,110463,61,257500
22499,0.001775,172.31.40.0-255,66,110529,61,257500
22500,0.001779,172.217.194.0-255,766,111295,61,257500
22501,0.001792,172.217.194.0-255,1484,112779,61,257500
22502,0.001794,172.31.40.0-255,66,112845,61,257500
22503,0.001803,172.217.194.0-255,2902,115747,61,257500
22504,0.001805,172.31.40.0-255,66,115813,61,257500
22505,0.001827,172.217.194.0-255,5738,121551,61,257500
22506,0.001829,172.31.40.0-255,66,121617,61,257500
22507,0.00184,172.217.194.0-255,5738,127355,61,257500
22508,0.001843,172.31.40.0-255,66,127421,61,257500
22509,0.001897,172.31.40.0-255,66,127487,61,257500
22510,0.001903,172.217.194.0-255,5020,132507,61,257500
22511,0.001905,172.31.40.0-255,66,132573,61,257500
22512,0.004259,172.217.194.0-255,5738,138311,61,257500
22513,0.004267,172.31.40.0-255,66,138377,61,257500
22514,0.006626,172.217.194.0-255,5738,144115,61,257500
22515,0.00663,172.31.40.0-255,66,144181,61,257500
22516,0.009009,172.217.194.0-255,5738,149919,61,257500
22517,0.009024,172.31.40.0-255,66,149985,61,257500
22518,0.011407,172.217.194.0-255,5738,155723,61,257500
22519,0.011413,172.31.40.0-255,66,155789,61,257500
22520,0.013797,172.217.194.0-255,5738,161527,61,257500
22521,0.013808,172.31.40.0-255,66,161593,61,257500
22522,0.016184,172.217.194.0-255,5738,167331,61,257500
22523,0.016192,172.31.40.0-255,66,167397,61,257500
22524,0.018593,172.217.194.0-255,5738,173135,61,257500
22525,0.018605,172.31.40.0-255,66,173201,61,257500
22526,0.02097,172.217.194.0-255,5738,178939,61,257500
22527,0.020984,172.31.40.0-255,66,179005,61,257500
22528,0.023348,172.217.194.0-255,5738,184743,61,257500
22529,0.02336,172.31.40.0-255,66,184809,61,257500
22530,0.025743,172.217.194.0-255,5738,190547,61,257500
22531,0.025754,172.31.40.0-255,66,190613,61,257500
22532,0.028165,172.217.194.0-255,5738,196351,61,257500
22533,0.028177,172.31.40.0-255,66,196417,61,257500
22534,0.030559,172.217.194.0-255,5738,202155,61,257500
22535,0.030563,172.31.40.0-255,66,202221,61,257500
22536,0.032926,172.217.194.0-255,5738,207959,61,257500
22537,0.032929,172.31.40.0-255,66,208025,61,257500
22538,0.035312,172.217.194.0-255,5738,213763,61,257500
22539,0.035319,172.31.40.0-255,66,213829,61,257500
22540,0.037686,172.217.194.0-255,5738,219567,61,257500
22541,0.037696,172.31.40.0-255,66,219633,61,257500
22542,0.04008,172.217.194.0-255,5738,225371,61,257500
22543,0.040096,172.31.40.0-255,66,225437,61,257500
22544,0.042474,172.217.194.0-255,5738,231175,61,257500
22545,0.042488,172.31.40.0-255,66,231241,61,257500
22546,0.044848,172.217.194.0-255,5738,236979,61,257500
22547,0.044856,172.31.40.0-255,66,237045,61,257500
22548,0.047207,172.217.194.0-255,5738,242783,61,257500
22549,0.047221,172.31.40.0-255,66,242849,61,257500
22550,0.048778,172.31.40.0-255,193,243042,61,257500
22551,0.048813,172.31.40.0-255,1120,244162,61,257500
22552,0.048878,172.31.40.0-255,1514,245676,61,257500
22553,0.048901,172.31.40.0-255,1514,247190,61,257500
22554,0.048906,172.31.40.0-255,1514,248704,61,257500
22555,0.048922,172.31.40.0-255,1514,250218,61,257500
22556,0.048924,172.31.40.0-255,1478,251696,61,257500
22557,0.049617,172.217.194.0-255,5738,257434,61,257500
22558,0.049626,172.31.40.0-255,66,257500,61,257500
22559,0.0,172.217.194.0-255,292,292,61,317514
22560,2.6e-05,172.31.40.0-255,66,358,61,317514
22561,3.3e-05,172.217.194.0-255,1484,1842,61,317514
22562,3.9e-05,172.31.40.0-255,66,1908,61,317514
22563,4.7e-05,172.217.194.0-255,4320,6228,61,317514
22564,5.1e-05,172.31.40.0-255,66,6294,61,317514
22565,9e-05,172.31.40.0-255,66,6360,61,317514
22566,9.3e-05,172.217.194.0-255,1484,7844,61,317514
22567,9.6e-05,172.31.40.0-255,66,7910,61,317514
22568,0.000101,172.217.194.0-255,2902,10812,61,317514
22569,0.000104,172.31.40.0-255,66,10878,61,317514
22570,0.000136,172.217.194.0-255,5738,16616,61,317514
22571,0.000139,172.31.40.0-255,66,16682,61,317514
22572,0.000159,172.217.194.0-255,1484,18166,61,317514
22573,0.000162,172.31.40.0-255,66,18232,61,317514
22574,0.000184,172.217.194.0-255,5379,23611,61,317514
22575,0.000188,172.31.40.0-255,66,23677,61,317514
22576,0.000195,172.217.194.0-255,7156,30833,61,317514
22577,0.000197,172.31.40.0-255,66,30899,61,317514
22578,0.000205,172.217.194.0-255,4320,35219,61,317514
22579,0.000208,172.31.40.0-255,66,35285,61,317514
22580,0.000229,172.217.194.0-255,2902,38187,61,317514
22581,0.000232,172.31.40.0-255,66,38253,61,317514
22582,0.000262,172.217.194.0-255,4320,42573,61,317514
22583,0.000265,172.31.40.0-255,66,42639,61,317514
22584,0.000299,172.31.40.0-255,66,42705,61,317514
22585,0.000304,172.217.194.0-255,2543,45248,61,317514
22586,0.000306,172.31.40.0-255,66,45314,61,317514
22587,0.000355,172.217.194.0-255,395,45709,61,317514
22588,0.000358,172.31.40.0-255,66,45775,61,317514
22589,0.000492,172.217.194.0-255,379,46154,61,317514
22590,0.000691,172.217.194.0-255,1484,47638,61,317514
22591,0.000697,172.31.40.0-255,66,47704,61,317514
22592,0.000702,172.217.194.0-255,2902,50606,61,317514
22593,0.000705,172.31.40.0-255,66,50672,61,317514
22594,0.000711,172.217.194.0-255,4320,54992,61,317514
22595,0.000714,172.31.40.0-255,66,55058,61,317514
22596,0.000735,172.217.194.0-255,1484,56542,61,317514
22597,0.000773,172.217.194.0-255,6797,63339,61,317514
22598,0.000777,172.31.40.0-255,66,63405,61,317514
22599,0.00082,172.217.194.0-255,5738,69143,61,317514
22600,0.000823,172.31.40.0-255,66,69209,61,317514
22601,0.000846,172.217.194.0-255,1484,70693,61,317514
22602,0.000858,172.31.40.0-255,66,70759,61,317514
22603,0.000862,172.217.194.0-255,1125,71884,61,317514
22604,0.001086,172.217.194.0-255,1484,73368,61,317514
22605,0.001091,172.31.40.0-255,66,73434,61,317514
22606,0.001096,172.217.194.0-255,2902,76336,61,317514
22607,0.001098,172.31.40.0-255,66,76402,61,317514
22608,0.001127,172.217.194.0-255,5738,82140,61,317514
22609,0.00113,172.31.40.0-255,66,82206,61,317514
22610,0.001135,172.217.194.0-255,2902,85108,61,317514
22611,0.001137,172.31.40.0-255,66,85174,61,317514
22612,0.001151,172.217.194.0-255,4320,89494,61,317514
22613,0.001154,172.31.40.0-255,66,89560,61,317514
22614,0.001159,172.217.194.0-255,4320,93880,61,317514
22615,0.001162,172.31.40.0-255,66,93946,61,317514
22616,0.001187,172.217.194.0-255,4320,98266,61,317514
22617,0.00119,172.31.40.0-255,66,98332,61,317514
22618,0.001212,172.217.194.0-255,5738,104070,61,317514
22619,0.001216,172.217.194.0-255,2184,106254,61,317514
22620,0.001221,172.31.40.0-255,66,106320,61,317514
22621,0.001228,172.31.40.0-255,66,106386,61,317514
22622,0.001243,172.217.194.0-255,4320,110706,61,317514
22623,0.001246,172.31.40.0-255,66,110772,61,317514
22624,0.001288,172.31.40.0-255,66,110838,61,317514
22625,0.001302,172.31.40.0-255,66,110904,61,317514
22626,0.001306,172.217.194.0-255,2184,113088,61,317514
22627,0.001309,172.31.40.0-255,66,113154,61,317514
22628,0.001333,172.217.194.0-255,1484,114638,61,317514
22629,0.001352,172.217.194.0-255,2902,117540,61,317514
22630,0.001356,172.31.40.0-255,66,117606,61,317514
22631,0.001378,172.217.194.0-255,2902,120508,61,317514
22632,0.00138,172.31.40.0-255,66,120574,61,317514
22633,0.001407,172.217.194.0-255,2902,123476,61,317514
22634,0.00141,172.31.40.0-255,66,123542,61,317514
22635,0.001425,172.31.40.0-255,66,123608,61,317514
22636,0.001432,172.217.194.0-255,7156,130764,61,317514
22637,0.001434,172.31.40.0-255,66,130830,61,317514
22638,0.001451,172.217.194.0-255,2902,133732,61,317514
22639,0.001454,172.31.40.0-255,66,133798,61,317514
22640,0.001456,172.217.194.0-255,766,134564,61,317514
22641,0.001501,172.217.194.0-255,1484,136048,61,317514
22642,0.001505,172.31.40.0-255,66,136114,61,317514
22643,0.00151,172.217.194.0-255,4320,140434,61,317514
22644,0.001513,172.31.40.0-255,66,140500,61,317514
22645,0.00153,172.217.194.0-255,4320,144820,61,317514
22646,0.001533,172.31.40.0-255,66,144886,61,317514
22647,0.001554,172.217.194.0-255,2902,147788,61,317514
22648,0.001557,172.31.40.0-255,66,147854,61,317514
22649,0.001576,172.217.194.0-255,1484,149338,61,317514
22650,0.001613,172.31.40.0-255,66,149404,61,317514
22651,0.001619,172.217.194.0-255,5020,154424,61,317514
22652,0.001621,172.31.40.0-255,66,154490,61,317514
22653,0.001678,172.217.194.0-255,1484,155974,61,317514
22654,0.001691,172.217.194.0-255,2902,158876,61,317514
22655,0.001694,172.31.40.0-255,66,158942,61,317514
22656,0.001718,172.217.194.0-255,5738,164680,61,317514
22657,0.001721,172.31.40.0-255,66,164746,61,317514
22658,0.00176,172.217.194.0-255,2902,167648,61,317514
22659,0.001762,172.31.40.0-255,66,167714,61,317514
22660,0.001803,172.31.40.0-255,66,167780,61,317514
22661,0.001816,172.31.40.0-255,66,167846,61,317514
22662,0.001819,172.217.194.0-255,1484,169330,61,317514
22663,0.001822,172.217.194.0-255,1484,170814,61,317514
22664,0.001824,172.31.40.0-255,66,170880,61,317514
22665,0.001846,172.217.194.0-255,1484,172364,61,317514
22666,0.001852,172.217.194.0-255,5738,178102,61,317514
22667,0.001855,172.31.40.0-255,66,178168,61,317514
22668,0.001858,172.217.194.0-255,1484,179652,61,317514
22669,0.001874,172.217.194.0-255,4320,183972,61,317514
22670,0.001877,172.31.40.0-255,66,184038,61,317514
22671,0.001913,172.217.194.0-255,7156,191194,61,317514
22672,0.001916,172.31.40.0-255,66,191260,61,317514
22673,0.001927,172.31.40.0-255,66,191326,61,317514
22674,0.00195,172.217.194.0-255,2184,193510,61,317514
22675,0.001953,172.31.40.0-255,66,193576,61,317514
22676,0.003922,172.217.194.0-255,2902,196478,61,317514
22677,0.00393,172.31.40.0-255,66,196544,61,317514
22678,0.003946,172.217.194.0-255,1484,198028,61,317514
22679,0.003957,172.217.194.0-255,1484,199512,61,317514
22680,0.003959,172.31.40.0-255,66,199578,61,317514
22681,0.00593,172.217.194.0-255,2902,202480,61,317514
22682,0.005939,172.31.40.0-255,66,202546,61,317514
22683,0.005965,172.217.194.0-255,2902,205448,61,317514
22684,0.005967,172.31.40.0-255,66,205514,61,317514
22685,0.007929,172.217.194.0-255,2902,208416,61,317514
22686,0.007939,172.31.40.0-255,66,208482,61,317514
22687,0.007964,172.217.194.0-255,2902,211384,61,317514
22688,0.007966,172.31.40.0-255,66,211450,61,317514
22689,0.009905,172.217.194.0-255,2902,214352,61,317514
22690,0.009908,172.31.40.0-255,66,214418,61,317514
22691,0.009941,172.217.194.0-255,2902,217320,61,317514
22692,0.009944,172.31.40.0-255,66,217386,61,317514
22693,0.011913,172.217.194.0-255,2902,220288,61,317514
22694,0.011921,172.31.40.0-255,66,220354,61,317514
22695,0.011944,172.217.194.0-255,2902,223256,61,317514
22696,0.011947,172.31.40.0-255,66,223322,61,317514
22697,0.013917,172.217.194.0-255,2902,226224,61,317514
22698,0.013934,172.31.40.0-255,66,226290,61,317514
22699,0.013956,172.217.194.0-255,2902,229192,61,317514
22700,0.013959,172.31.40.0-255,66,229258,61,317514
22701,0.01591,172.217.194.0-255,2902,232160,61,317514
22702,0.015925,172.31.40.0-255,66,232226,61,317514
22703,0.015952,172.217.194.0-255,2902,235128,61,317514
22704,0.015974,172.31.40.0-255,66,235194,61,317514
22705,0.017924,172.217.194.0-255,2902,238096,61,317514
22706,0.017938,172.31.40.0-255,66,238162,61,317514
22707,0.017957,172.217.194.0-255,2902,241064,61,317514
22708,0.01796,172.31.40.0-255,66,241130,61,317514
22709,0.019928,172.217.194.0-255,5738,246868,61,317514
22710,0.019941,172.31.40.0-255,66,246934,61,317514
22711,0.021954,172.217.194.0-255,5738,252672,61,317514
22712,0.02197,172.31.40.0-255,66,252738,61,317514
22713,0.02397,172.217.194.0-255,5738,258476,61,317514
22714,0.023985,172.31.40.0-255,66,258542,61,317514
22715,0.025999,172.217.194.0-255,5738,264280,61,317514
22716,0.026012,172.31.40.0-255,66,264346,61,317514
22717,0.028003,172.217.194.0-255,5738,270084,61,317514
22718,0.028021,172.31.40.0-255,66,270150,61,317514
22719,0.030035,172.217.194.0-255,5738,275888,61,317514
22720,0.030045,172.31.40.0-255,66,275954,61,317514
22721,0.032023,172.217.194.0-255,5738,281692,61,317514
22722,0.032033,172.31.40.0-255,66,281758,61,317514
22723,0.034032,172.217.194.0-255,5738,287496,61,317514
22724,0.034048,172.31.40.0-255,66,287562,61,317514
22725,0.036051,172.217.194.0-255,5738,293300,61,317514
22726,0.03607,172.31.40.0-255,66,293366,61,317514
22727,0.038072,172.217.194.0-255,5738,299104,61,317514
22728,0.038084,172.31.40.0-255,66,299170,61,317514
22729,0.040096,172.217.194.0-255,5738,304908,61,317514
22730,0.040115,172.31.40.0-255,66,304974,61,317514
22731,0.042109,172.217.194.0-255,5738,310712,61,317514
22732,0.042122,172.31.40.0-255,66,310778,61,317514
22733,0.044121,172.217.194.0-255,5738,316516,61,317514
22734,0.044144,172.31.40.0-255,66,316582,61,317514
22735,0.046108,172.217.194.0-255,695,317277,61,317514
22736,0.04624,172.31.40.0-255,66,317343,61,317514
22737,0.046282,172.31.40.0-255,105,317448,61,317514
22738,0.048251,172.217.194.0-255,66,317514,61,317514
22739,0.0,172.217.194.0-255,146,146,61,209949
22740,1.7e-05,172.31.40.0-255,66,212,61,209949
22741,2.3e-05,172.217.194.0-255,1484,1696,61,209949
22742,2.8e-05,172.31.40.0-255,66,1762,61,209949
22743,3.4e-05,172.217.194.0-255,2902,4664,61,209949
22744,3.7e-05,172.31.40.0-255,66,4730,61,209949
22745,4.1e-05,172.217.194.0-255,1484,6214,61,209949
22746,4.3e-05,172.31.40.0-255,66,6280,61,209949
22747,7.3e-05,172.217.194.0-255,5738,12018,61,209949
22748,7.6e-05,172.31.40.0-255,66,12084,61,209949
22749,8e-05,172.217.194.0-255,2031,14115,61,209949
22750,8.2e-05,172.31.40.0-255,66,14181,61,209949
22751,0.000118,172.217.194.0-255,2902,17083,61,209949
22752,0.000121,172.31.40.0-255,66,17149,61,209949
22753,0.000147,172.217.194.0-255,5738,22887,61,209949
22754,0.00015,172.31.40.0-255,66,22953,61,209949
22755,0.000164,172.217.194.0-255,2902,25855,61,209949
22756,0.000167,172.31.40.0-255,66,25921,61,209949
22757,0.000198,172.31.40.0-255,66,25987,61,209949
22758,0.000228,172.31.40.0-255,66,26053,61,209949
22759,0.00025,172.217.194.0-255,2543,28596,61,209949
22760,0.000252,172.31.40.0-255,66,28662,61,209949
22761,0.000255,172.217.194.0-255,1484,30146,61,209949
22762,0.000257,172.31.40.0-255,66,30212,61,209949
22763,0.000261,172.217.194.0-255,2902,33114,61,209949
22764,0.000264,172.31.40.0-255,66,33180,61,209949
22765,0.00027,172.217.194.0-255,5738,38918,61,209949
22766,0.000273,172.31.40.0-255,66,38984,61,209949
22767,0.000291,172.217.194.0-255,4320,43304,61,209949
22768,0.000293,172.31.40.0-255,66,43370,61,209949
22769,0.000306,172.217.194.0-255,3154,46524,61,209949
22770,0.000308,172.31.40.0-255,66,46590,61,209949
22771,0.000438,172.217.194.0-255,1484,48074,61,209949
22772,0.000445,172.217.194.0-255,2902,50976,61,209949
22773,0.000449,172.31.40.0-255,66,51042,61,209949
22774,0.000453,172.217.194.0-255,1484,52526,61,209949
22775,0.000466,172.217.194.0-255,4320,56846,61,209949
22776,0.000469,172.31.40.0-255,66,56912,61,209949
22777,0.00049,172.217.194.0-255,5738,62650,61,209949
22778,0.000493,172.31.40.0-255,66,62716,61,209949
22779,0.00051,172.217.194.0-255,7156,69872,61,209949
22780,0.000512,172.31.40.0-255,66,69938,61,209949
22781,0.000515,172.217.194.0-255,1484,71422,61,209949
22782,0.000541,172.217.194.0-255,5738,77160,61,209949
22783,0.000544,172.31.40.0-255,66,77226,61,209949
22784,0.000563,172.217.194.0-255,3602,80828,61,209949
22785,0.000565,172.31.40.0-255,66,80894,61,209949
22786,0.000704,172.217.194.0-255,1484,82378,61,209949
22787,0.000711,172.217.194.0-255,2902,85280,61,209949
22788,0.000715,172.31.40.0-255,66,85346,61,209949
22789,0.000718,172.217.194.0-255,1484,86830,61,209949
22790,0.000739,172.217.194.0-255,4320,91150,61,209949
22791,0.000742,172.31.40.0-255,66,91216,61,209949
22792,0.000756,172.31.40.0-255,66,91282,61,209949
22793,0.000799,172.217.194.0-255,4320,95602,61,209949
22794,0.000803,172.31.40.0-255,66,95668,61,209949
22795,0.000829,172.217.194.0-255,5889,101557,61,209949
22796,0.000833,172.31.40.0-255,66,101623,61,209949
22797,0.000846,172.31.40.0-255,66,101689,61,209949
22798,0.000852,172.217.194.0-255,4320,106009,61,209949
22799,0.000854,172.31.40.0-255,66,106075,61,209949
22800,0.0009,172.31.40.0-255,66,106141,61,209949
22801,0.00107,172.217.194.0-255,1484,107625,61,209949
22802,0.001076,172.217.194.0-255,2902,110527,61,209949
22803,0.001079,172.31.40.0-255,66,110593,61,209949
22804,0.001098,172.217.194.0-255,5738,116331,61,209949
22805,0.0011,172.217.194.0-255,1484,117815,61,209949
22806,0.001104,172.31.40.0-255,66,117881,61,209949
22807,0.001135,172.31.40.0-255,66,117947,61,209949
22808,0.001156,172.217.194.0-255,2902,120849,61,209949
22809,0.001159,172.31.40.0-255,66,120915,61,209949
22810,0.001171,172.31.40.0-255,66,120981,61,209949
22811,0.001204,172.217.194.0-255,1484,122465,61,209949
22812,0.001217,172.217.194.0-255,2902,125367,61,209949
22813,0.00122,172.31.40.0-255,66,125433,61,209949
22814,0.001245,172.217.194.0-255,5738,131171,61,209949
22815,0.001248,172.31.40.0-255,66,131237,61,209949
22816,0.001255,172.217.194.0-255,5738,136975,61,209949
22817,0.001257,172.31.40.0-255,66,137041,61,209949
22818,0.001269,172.217.194.0-255,2902,139943,61,209949
22819,0.001271,172.31.40.0-255,66,140009,61,209949
22820,0.001304,172.217.194.0-255,4320,144329,61,209949
22821,0.001307,172.31.40.0-255,66,144395,61,209949
22822,0.001339,172.31.40.0-255,66,144461,61,209949
22823,0.00142,172.217.194.0-255,1484,145945,61,209949
22824,0.001426,172.217.194.0-255,2902,148847,61,209949
22825,0.001428,172.31.40.0-255,66,148913,61,209949
22826,0.001434,172.217.194.0-255,2902,151815,61,209949
22827,0.001436,172.31.40.0-255,66,151881,61,209949
22828,0.00146,172.217.194.0-255,2902,154783,61,209949
22829,0.001464,172.31.40.0-255,66,154849,61,209949
22830,0.001476,172.217.194.0-255,7156,162005,61,209949
22831,0.001478,172.31.40.0-255,66,162071,61,209949
22832,0.001492,172.31.40.0-255,66,162137,61,209949
22833,0.001496,172.217.194.0-255,2184,164321,61,209949
22834,0.001498,172.31.40.0-255,66,164387,61,209949
22835,0.001521,172.217.194.0-255,2902,167289,61,209949
22836,0.001524,172.31.40.0-255,66,167355,61,209949
22837,0.001531,172.217.194.0-255,5738,173093,61,209949
22838,0.001533,172.31.40.0-255,66,173159,61,209949
22839,0.001545,172.217.194.0-255,1484,174643,61,209949
22840,0.001579,172.31.40.0-255,66,174709,61,209949
22841,0.001607,172.217.194.0-255,4320,179029,61,209949
22842,0.00161,172.31.40.0-255,66,179095,61,209949
22843,0.001626,172.217.194.0-255,5020,184115,61,209949
22844,0.001629,172.31.40.0-255,66,184181,61,209949
22845,0.001677,172.217.194.0-255,1484,185665,61,209949
22846,0.001681,172.217.194.0-255,1484,187149,61,209949
22847,0.001683,172.31.40.0-255,66,187215,61,209949
22848,0.001706,172.217.194.0-255,1484,188699,61,209949
22849,0.001713,172.217.194.0-255,5738,194437,61,209949
22850,0.001716,172.31.40.0-255,66,194503,61,209949
22851,0.00172,172.217.194.0-255,2902,197405,61,209949
22852,0.001722,172.31.40.0-255,66,197471,61,209949
22853,0.001747,172.31.40.0-255,66,197537,61,209949
22854,0.001769,172.31.40.0-255,66,197603,61,209949
22855,0.001807,172.217.194.0-255,7156,204759,61,209949
22856,0.00181,172.31.40.0-255,66,204825,61,209949
22857,0.001837,172.217.194.0-255,4320,209145,61,209949
22858,0.00184,172.31.40.0-255,66,209211,61,209949
22859,0.001851,172.31.40.0-255,66,209277,61,209949
22860,0.001873,172.31.40.0-255,66,209343,61,209949
22861,0.001897,172.31.40.0-255,66,209409,61,209949
22862,0.001914,172.31.40.0-255,66,209475,61,209949
22863,0.001957,172.31.40.0-255,66,209541,61,209949
22864,0.001994,172.31.40.0-255,66,209607,61,209949
22865,0.001997,172.217.194.0-255,105,209712,61,209949
22866,0.017975,172.31.40.0-255,66,209778,61,209949
22867,0.018029,172.31.40.0-255,105,209883,61,209949
22868,0.02032,172.217.194.0-255,66,209949,61,209949
22869,0.0,74.125.68.0-255,153,153,61,312989
22870,2.3e-05,172.31.40.0-255,66,219,61,312989
22871,3.1e-05,74.125.68.0-255,1484,1703,61,312989
22872,3.6e-05,172.31.40.0-255,66,1769,61,312989
22873,5e-05,74.125.68.0-255,2902,4671,61,312989
22874,5.3e-05,172.31.40.0-255,66,4737,61,312989
22875,5.9e-05,74.125.68.0-255,4320,9057,61,312989
22876,6.3e-05,172.31.40.0-255,66,9123,61,312989
22877,9.8e-05,74.125.68.0-255,2902,12025,61,312989
22878,0.0001,172.31.40.0-255,66,12091,61,312989
22879,0.000132,74.125.68.0-255,3544,15635,61,312989
22880,0.000135,172.31.40.0-255,66,15701,61,312989
22881,0.000142,74.125.68.0-255,7156,22857,61,312989
22882,0.000145,172.31.40.0-255,66,22923,61,312989
22883,0.000156,74.125.68.0-255,4320,27243,61,312989
22884,0.000158,172.31.40.0-255,66,27309,61,312989
22885,0.000192,172.31.40.0-255,66,27375,61,312989
22886,0.000224,172.31.40.0-255,66,27441,61,312989
22887,0.000371,74.125.68.0-255,1484,28925,61,312989
22888,0.000375,172.31.40.0-255,66,28991,61,312989
22889,0.000379,74.125.68.0-255,1484,30475,61,312989
22890,0.000381,172.31.40.0-255,66,30541,61,312989
22891,0.000402,74.125.68.0-255,1484,32025,61,312989
22892,0.000405,172.31.40.0-255,66,32091,61,312989
22893,0.000415,74.125.68.0-255,5738,37829,61,312989
22894,0.000418,172.31.40.0-255,66,37895,61,312989
22895,0.000424,74.125.68.0-255,5738,43633,61,312989
22896,0.000427,172.31.40.0-255,66,43699,61,312989
22897,0.000456,74.125.68.0-255,1403,45102,61,312989
22898,0.000459,172.31.40.0-255,66,45168,61,312989
22899,0.000462,74.125.68.0-255,131,45299,61,312989
22900,0.000721,74.125.68.0-255,1484,46783,61,312989
22901,0.000725,172.31.40.0-255,66,46849,61,312989
22902,0.000754,74.125.68.0-255,2902,49751,61,312989
22903,0.000757,172.31.40.0-255,66,49817,61,312989
22904,0.000761,74.125.68.0-255,1484,51301,61,312989
22905,0.000783,74.125.68.0-255,2902,54203,61,312989
22906,0.000786,172.31.40.0-255,66,54269,61,312989
22907,0.000789,74.125.68.0-255,1484,55753,61,312989
22908,0.000815,74.125.68.0-255,4320,60073,61,312989
22909,0.000818,172.31.40.0-255,66,60139,61,312989
22910,0.000821,74.125.68.0-255,1484,61623,61,312989
22911,0.000825,74.125.68.0-255,2902,64525,61,312989
22912,0.000828,172.31.40.0-255,66,64591,61,312989
22913,0.000885,74.125.68.0-255,5738,70329,61,312989
22914,0.000889,172.31.40.0-255,66,70395,61,312989
22915,0.000893,74.125.68.0-255,4320,74715,61,312989
22916,0.000896,172.31.40.0-255,66,74781,61,312989
22917,0.000902,74.125.68.0-255,5020,79801,61,312989
22918,0.000904,172.31.40.0-255,66,79867,61,312989
22919,0.001251,74.125.68.0-255,1484,81351,61,312989
22920,0.001268,74.125.68.0-255,2902,84253,61,312989
22921,0.001273,172.31.40.0-255,66,84319,61,312989
22922,0.001279,74.125.68.0-255,4320,88639,61,312989
22923,0.001282,172.31.40.0-255,66,88705,61,312989
22924,0.001299,74.125.68.0-255,1484,90189,61,312989
22925,0.001328,74.125.68.0-255,7156,97345,61,312989
22926,0.001331,172.31.40.0-255,66,97411,61,312989
22927,0.001335,74.125.68.0-255,2902,100313,61,312989
22928,0.001338,172.31.40.0-255,66,100379,61,312989
22929,0.001372,172.31.40.0-255,66,100445,61,312989
22930,0.001399,74.125.68.0-255,4320,104765,61,312989
22931,0.001402,172.31.40.0-255,66,104831,61,312989
22932,0.001405,74.125.68.0-255,766,105597,61,312989
22933,0.00145,172.31.40.0-255,66,105663,61,312989
22934,0.001474,74.125.68.0-255,1484,107147,61,312989
22935,0.001481,74.125.68.0-255,5738,112885,61,312989
22936,0.001484,172.31.40.0-255,66,112951,61,312989
22937,0.001521,172.31.40.0-255,66,113017,61,312989
22938,0.001523,74.125.68.0-255,766,113783,61,312989
22939,0.001768,74.125.68.0-255,1484,115267,61,312989
22940,0.001772,172.31.40.0-255,66,115333,61,312989
22941,0.001778,74.125.68.0-255,2902,118235,61,312989
22942,0.00178,172.31.40.0-255,66,118301,61,312989
22943,0.001789,74.125.68.0-255,2902,121203,61,312989
22944,0.001792,172.31.40.0-255,66,121269,61,312989
22945,0.001827,74.125.68.0-255,4320,125589,61,312989
22946,0.00184,172.31.40.0-255,66,125655,61,312989
22947,0.001848,172.31.40.0-255,66,125721,61,312989
22948,0.001853,74.125.68.0-255,2902,128623,61,312989
22949,0.001856,172.31.40.0-255,66,128689,61,312989
22950,0.00189,74.125.68.0-255,5738,134427,61,312989
22951,0.001893,172.31.40.0-255,66,134493,61,312989
22952,0.0019,74.125.68.0-255,5020,139513,61,312989
22953,0.001902,172.31.40.0-255,66,139579,61,312989
22954,0.002277,74.125.68.0-255,1484,141063,61,312989
22955,0.002284,74.125.68.0-255,2902,143965,61,312989
22956,0.002287,172.31.40.0-255,66,144031,61,312989
22957,0.002294,74.125.68.0-255,5738,149769,61,312989
22958,0.002296,172.31.40.0-255,66,149835,61,312989
22959,0.002306,74.125.68.0-255,2902,152737,61,312989
22960,0.002309,172.31.40.0-255,66,152803,61,312989
22961,0.002314,74.125.68.0-255,4320,157123,61,312989
22962,0.002316,172.31.40.0-255,66,157189,61,312989
22963,0.002347,74.125.68.0-255,5738,162927,61,312989
22964,0.00235,172.31.40.0-255,66,162993,61,312989
22965,0.002358,74.125.68.0-255,7156,170149,61,312989
22966,0.00236,172.31.40.0-255,66,170215,61,312989
22967,0.002386,74.125.68.0-255,3602,173817,61,312989
22968,0.002389,172.31.40.0-255,66,173883,61,312989
22969,0.002396,74.125.68.0-255,5738,179621,61,312989
22970,0.002398,172.31.40.0-255,66,179687,61,312989
22971,0.002432,74.125.68.0-255,5738,185425,61,312989
22972,0.002443,74.125.68.0-255,4320,189745,61,312989
22973,0.002447,74.125.68.0-255,2902,192647,61,312989
22974,0.002453,172.31.40.0-255,66,192713,61,312989
22975,0.002461,172.31.40.0-255,66,192779,61,312989
22976,0.002463,172.31.40.0-255,66,192845,61,312989
22977,0.002484,172.31.40.0-255,66,192911,61,312989
22978,0.002486,74.125.68.0-255,766,193677,61,312989
22979,0.002535,74.125.68.0-255,1484,195161,61,312989
22980,0.002538,172.31.40.0-255,66,195227,61,312989
22981,0.002564,74.125.68.0-255,2902,198129,61,312989
22982,0.002567,172.31.40.0-255,66,198195,61,312989
22983,0.00257,74.125.68.0-255,1484,199679,61,312989
22984,0.002595,74.125.68.0-255,2902,202581,61,312989
22985,0.002598,172.31.40.0-255,66,202647,61,312989
22986,0.002604,74.125.68.0-255,5738,208385,61,312989
22987,0.002606,172.31.40.0-255,66,208451,61,312989
22988,0.002609,74.125.68.0-255,1484,209935,61,312989
22989,0.005195,74.125.68.0-255,4320,214255,61,312989
22990,0.005203,172.31.40.0-255,66,214321,61,312989
22991,0.007817,74.125.68.0-255,5738,220059,61,312989
22992,0.00782,172.31.40.0-255,66,220125,61,312989
22993,0.010433,74.125.68.0-255,5738,225863,61,312989
22994,0.010453,172.31.40.0-255,66,225929,61,312989
22995,0.013074,74.125.68.0-255,5738,231667,61,312989
22996,0.013094,172.31.40.0-255,66,231733,61,312989
22997,0.015719,74.125.68.0-255,5738,237471,61,312989
22998,0.015733,172.31.40.0-255,66,237537,61,312989
22999,0.018332,74.125.68.0-255,5738,243275,61,312989
23000,0.018342,172.31.40.0-255,66,243341,61,312989
23001,0.020954,74.125.68.0-255,5738,249079,61,312989
23002,0.020966,172.31.40.0-255,66,249145,61,312989
23003,0.023563,74.125.68.0-255,5738,254883,61,312989
23004,0.023574,172.31.40.0-255,66,254949,61,312989
23005,0.026175,74.125.68.0-255,5738,260687,61,312989
23006,0.026189,172.31.40.0-255,66,260753,61,312989
23007,0.028793,74.125.68.0-255,5738,266491,61,312989
23008,0.028803,172.31.40.0-255,66,266557,61,312989
23009,0.031387,74.125.68.0-255,5738,272295,61,312989
23010,0.031396,172.31.40.0-255,66,272361,61,312989
23011,0.034002,74.125.68.0-255,5738,278099,61,312989
23012,0.03402,172.31.40.0-255,66,278165,61,312989
23013,0.036614,74.125.68.0-255,5738,283903,61,312989
23014,0.036623,172.31.40.0-255,66,283969,61,312989
23015,0.039213,74.125.68.0-255,5738,289707,61,312989
23016,0.039226,172.31.40.0-255,66,289773,61,312989
23017,0.041826,74.125.68.0-255,5738,295511,61,312989
23018,0.041841,172.31.40.0-255,66,295577,61,312989
23019,0.044451,74.125.68.0-255,5738,301315,61,312989
23020,0.04447,172.31.40.0-255,66,301381,61,312989
23021,0.047061,74.125.68.0-255,5738,307119,61,312989
23022,0.047069,172.31.40.0-255,66,307185,61,312989
23023,0.049685,74.125.68.0-255,5738,312923,61,312989
23024,0.049702,172.31.40.0-255,66,312989,61,312989
23025,0.0,74.125.24.0-255,161,161,61,180455
23026,2.2e-05,172.31.40.0-255,66,227,61,180455
23027,3e-05,74.125.24.0-255,1484,1711,61,180455
23028,3.4e-05,172.31.40.0-255,66,1777,61,180455
23029,4e-05,74.125.24.0-255,2902,4679,61,180455
23030,4.4e-05,172.31.40.0-255,66,4745,61,180455
23031,5.7e-05,74.125.24.0-255,4320,9065,61,180455
23032,6e-05,172.31.40.0-255,66,9131,61,180455
23033,7.4e-05,172.31.40.0-255,66,9197,61,180455
23034,8.7e-05,172.31.40.0-255,66,9263,61,180455
23035,0.000153,74.125.24.0-255,1484,10747,61,180455
23036,0.000158,172.31.40.0-255,66,10813,61,180455
23037,0.000164,74.125.24.0-255,2902,13715,61,180455
23038,0.000166,172.31.40.0-255,66,13781,61,180455
23039,0.000176,74.125.24.0-255,4320,18101,61,180455
23040,0.000179,172.31.40.0-255,66,18167,61,180455
23041,0.000184,74.125.24.0-255,4320,22487,61,180455
23042,0.000187,172.31.40.0-255,66,22553,61,180455
23043,0.000221,74.125.24.0-255,4320,26873,61,180455
23044,0.000224,172.31.40.0-255,66,26939,61,180455
23045,0.000228,74.125.24.0-255,1484,28423,61,180455
23046,0.000229,172.31.40.0-255,66,28489,61,180455
23047,0.000251,172.31.40.0-255,66,28555,61,180455
23048,0.000286,74.125.24.0-255,6438,34993,61,180455
23049,0.000289,172.31.40.0-255,66,35059,61,180455
23050,0.000291,74.125.24.0-255,430,35489,61,180455
23051,0.000293,172.31.40.0-255,66,35555,61,180455
23052,0.000429,74.125.24.0-255,1484,37039,61,180455
23053,0.000434,172.31.40.0-255,66,37105,61,180455
23054,0.000462,74.125.24.0-255,2902,40007,61,180455
23055,0.000465,172.31.40.0-255,66,40073,61,180455
23056,0.000482,74.125.24.0-255,1484,41557,61,180455
23057,0.000512,74.125.24.0-255,4320,45877,61,180455
23058,0.000515,172.31.40.0-255,66,45943,61,180455
23059,0.000526,172.31.40.0-255,66,46009,61,180455
23060,0.000569,172.31.40.0-255,66,46075,61,180455
23061,0.000571,74.125.24.0-255,343,46418,61,180455
23062,0.000806,74.125.24.0-255,1484,47902,61,180455
23063,0.000811,172.31.40.0-255,66,47968,61,180455
23064,0.000817,74.125.24.0-255,2902,50870,61,180455
23065,0.000819,172.31.40.0-255,66,50936,61,180455
23066,0.000823,74.125.24.0-255,1484,52420,61,180455
23067,0.000857,74.125.24.0-255,4320,56740,61,180455
23068,0.00086,172.31.40.0-255,66,56806,61,180455
23069,0.000868,74.125.24.0-255,7156,63962,61,180455
23070,0.00087,172.31.40.0-255,66,64028,61,180455
23071,0.000881,74.125.24.0-255,1484,65512,61,180455
23072,0.000915,172.31.40.0-255,66,65578,61,180455
23073,0.00094,74.125.24.0-255,1484,67062,61,180455
23074,0.000944,74.125.24.0-255,2184,69246,61,180455
23075,0.000946,172.31.40.0-255,66,69312,61,180455
23076,0.000965,74.125.24.0-255,1484,70796,61,180455
23077,0.00097,74.125.24.0-255,2902,73698,61,180455
23078,0.000972,172.31.40.0-255,66,73764,61,180455
23079,0.001005,74.125.24.0-255,5738,79502,61,180455
23080,0.001013,172.31.40.0-255,66,79568,61,180455
23081,0.001038,74.125.24.0-255,2902,82470,61,180455
23082,0.001041,172.31.40.0-255,66,82536,61,180455
23083,0.001061,74.125.24.0-255,4320,86856,61,180455
23084,0.001063,172.31.40.0-255,66,86922,61,180455
23085,0.001134,172.31.40.0-255,66,86988,61,180455
23086,0.001138,74.125.24.0-255,2184,89172,61,180455
23087,0.00114,172.31.40.0-255,66,89238,61,180455
23088,0.001143,74.125.24.0-255,1484,90722,61,180455
23089,0.001148,74.125.24.0-255,2902,93624,61,180455
23090,0.00115,172.31.40.0-255,66,93690,61,180455
23091,0.001174,74.125.24.0-255,2902,96592,61,180455
23092,0.001179,172.31.40.0-255,66,96658,61,180455
23093,0.001195,74.125.24.0-255,2902,99560,61,180455
23094,0.001197,172.31.40.0-255,66,99626,61,180455
23095,0.001233,172.31.40.0-255,66,99692,61,180455
23096,0.001245,172.31.40.0-255,66,99758,61,180455
23097,0.001248,74.125.24.0-255,766,100524,61,180455
23098,0.001252,74.125.24.0-255,1484,102008,61,180455
23099,0.001254,172.31.40.0-255,66,102074,61,180455
23100,0.00128,74.125.24.0-255,4320,106394,61,180455
23101,0.001283,172.31.40.0-255,66,106460,61,180455
23102,0.001287,74.125.24.0-255,2902,109362,61,180455
23103,0.001289,172.31.40.0-255,66,109428,61,180455
23104,0.001297,74.125.24.0-255,5738,115166,61,180455
23105,0.001299,172.31.40.0-255,66,115232,61,180455
23106,0.001321,74.125.24.0-255,2902,118134,61,180455
23107,0.001324,172.31.40.0-255,66,118200,61,180455
23108,0.001329,74.125.24.0-255,4320,122520,61,180455
23109,0.001331,172.31.40.0-255,66,122586,61,180455
23110,0.001375,172.31.40.0-255,66,122652,61,180455
23111,0.001429,74.125.24.0-255,1484,124136,61,180455
23112,0.001434,74.125.24.0-255,2902,127038,61,180455
23113,0.001437,172.31.40.0-255,66,127104,61,180455
23114,0.001444,74.125.24.0-255,5738,132842,61,180455
23115,0.001447,172.31.40.0-255,66,132908,61,180455
23116,0.001452,74.125.24.0-255,4320,137228,61,180455
23117,0.00146,172.31.40.0-255,66,137294,61,180455
23118,0.001509,172.31.40.0-255,66,137360,61,180455
23119,0.00152,172.31.40.0-255,66,137426,61,180455
23120,0.001525,74.125.24.0-255,2184,139610,61,180455
23121,0.001527,172.31.40.0-255,66,139676,61,180455
23122,0.001756,74.125.24.0-255,1484,141160,61,180455
23123,0.00176,74.125.24.0-255,1484,142644,61,180455
23124,0.001764,172.31.40.0-255,66,142710,61,180455
23125,0.001801,74.125.24.0-255,1484,144194,61,180455
23126,0.001808,74.125.24.0-255,5738,149932,61,180455
23127,0.00181,172.31.40.0-255,66,149998,61,180455
23128,0.001824,172.31.40.0-255,66,150064,61,180455
23129,0.001843,172.31.40.0-255,66,150130,61,180455
23130,0.001847,74.125.24.0-255,2902,153032,61,180455
23131,0.001849,172.31.40.0-255,66,153098,61,180455
23132,0.001884,172.31.40.0-255,66,153164,61,180455
23133,0.001892,74.125.24.0-255,7156,160320,61,180455
23134,0.001894,172.31.40.0-255,66,160386,61,180455
23135,0.001921,74.125.24.0-255,4320,164706,61,180455
23136,0.001924,172.31.40.0-255,66,164772,61,180455
23137,0.001943,74.125.24.0-255,4320,169092,61,180455
23138,0.001948,172.31.40.0-255,66,169158,61,180455
23139,0.002028,172.31.40.0-255,66,169224,61,180455
23140,0.002056,74.125.24.0-255,5020,174244,61,180455
23141,0.00206,172.31.40.0-255,66,174310,61,180455
23142,0.002083,172.31.40.0-255,66,174376,61,180455
23143,0.0021,172.31.40.0-255,66,174442,61,180455
23144,0.002129,172.31.40.0-255,66,174508,61,180455
23145,0.002147,172.31.40.0-255,66,174574,61,180455
23146,0.00215,74.125.24.0-255,105,174679,61,180455
23147,0.004592,172.31.40.0-255,66,174745,61,180455
23148,0.004629,172.31.40.0-255,105,174850,61,180455
23149,0.006929,74.125.24.0-255,66,174916,61,180455
23150,0.034791,172.31.40.0-255,172,175088,61,180455
23151,0.034823,172.31.40.0-255,1119,176207,61,180455
23152,0.034884,172.31.40.0-255,1514,177721,61,180455
23153,0.034886,172.31.40.0-255,1514,179235,61,180455
23154,0.03491,172.31.40.0-255,956,180191,61,180455
23155,0.036362,104.244.42.0-255,66,180257,61,180455
23156,0.036392,104.244.42.0-255,66,180323,61,180455
23157,0.036474,104.244.42.0-255,66,180389,61,180455
23158,0.036487,104.244.42.0-255,66,180455,61,180455
23159,0.0,74.125.24.0-255,739,739,61,111929
23160,1.6e-05,74.125.24.0-255,1484,2223,61,111929
23161,2.4e-05,172.31.40.0-255,66,2289,61,111929
23162,3.2e-05,74.125.24.0-255,4320,6609,61,111929
23163,3.5e-05,172.31.40.0-255,66,6675,61,111929
23164,0.000213,172.31.40.0-255,66,6741,61,111929
23165,0.000665,74.125.24.0-255,7156,13897,61,111929
23166,0.000672,172.31.40.0-255,66,13963,61,111929
23167,0.000992,74.125.24.0-255,5738,19701,61,111929
23168,0.000999,172.31.40.0-255,66,19767,61,111929
23169,0.002617,74.125.24.0-255,5738,25505,61,111929
23170,0.002741,74.125.24.0-255,4320,29825,61,111929
23171,0.003306,74.125.24.0-255,5738,35563,61,111929
23172,0.004158,74.125.24.0-255,7156,42719,61,111929
23173,0.004901,74.125.24.0-255,7156,49875,61,111929
23174,0.005641,172.31.40.0-255,66,49941,61,111929
23175,0.006179,172.31.40.0-255,66,50007,61,111929
23176,0.008237,172.31.40.0-255,66,50073,61,111929
23177,0.008266,74.125.24.0-255,2902,52975,61,111929
23178,0.008757,172.31.40.0-255,66,53041,61,111929
23179,0.008825,74.125.24.0-255,2902,55943,61,111929
23180,0.008831,172.31.40.0-255,66,56009,61,111929
23181,0.008844,74.125.24.0-255,2140,58149,61,111929
23182,0.00885,172.31.40.0-255,66,58215,61,111929
23183,0.008956,74.125.24.0-255,2902,61117,61,111929
23184,0.008961,172.31.40.0-255,66,61183,61,111929
23185,0.008996,172.31.40.0-255,66,61249,61,111929
23186,0.009318,74.125.24.0-255,7156,68405,61,111929
23187,0.009323,172.31.40.0-255,66,68471,61,111929
23188,0.009361,172.31.40.0-255,66,68537,61,111929
23189,0.009811,172.31.40.0-255,66,68603,61,111929
23190,0.009848,74.125.24.0-255,5738,74341,61,111929
23191,0.009851,172.31.40.0-255,66,74407,61,111929
23192,0.010281,74.125.24.0-255,5866,80273,61,111929
23193,0.010288,172.31.40.0-255,66,80339,61,111929
23194,0.010811,74.125.24.0-255,2902,83241,61,111929
23195,0.010815,172.31.40.0-255,66,83307,61,111929
23196,0.010849,172.31.40.0-255,66,83373,61,111929
23197,0.011433,172.31.40.0-255,66,83439,61,111929
23198,0.011507,172.31.40.0-255,66,83505,61,111929
23199,0.011935,172.31.40.0-255,66,83571,61,111929
23200,0.011986,172.31.40.0-255,66,83637,61,111929
23201,0.012866,74.125.24.0-255,7156,90793,61,111929
23202,0.012872,172.31.40.0-255,66,90859,61,111929
23203,0.013032,172.31.40.0-255,66,90925,61,111929
23204,0.013093,172.31.40.0-255,66,90991,61,111929
23205,0.013123,74.125.24.0-255,7156,98147,61,111929
23206,0.013159,172.31.40.0-255,66,98213,61,111929
23207,0.013957,172.31.40.0-255,66,98279,61,111929
23208,0.014011,172.31.40.0-255,66,98345,61,111929
23209,0.014814,74.125.24.0-255,5738,104083,61,111929
23210,0.01482,172.31.40.0-255,66,104149,61,111929
23211,0.014903,172.31.40.0-255,66,104215,61,111929
23212,0.014932,74.125.24.0-255,2312,106527,61,111929
23213,0.015379,172.31.40.0-255,66,106593,61,111929
23214,0.015812,172.31.40.0-255,105,106698,61,111929
23215,0.018355,74.125.24.0-255,66,106764,61,111929
23216,0.038388,172.31.40.0-255,167,106931,61,111929
23217,0.03844,172.31.40.0-255,1153,108084,61,111929
23218,0.038505,172.31.40.0-255,1514,109598,61,111929
23219,0.038507,172.31.40.0-255,1514,111112,61,111929
23220,0.038532,172.31.40.0-255,553,111665,61,111929
23221,0.040097,104.244.42.0-255,66,111731,61,111929
23222,0.040108,104.244.42.0-255,66,111797,61,111929
23223,0.040112,104.244.42.0-255,66,111863,61,111929
23224,0.040115,104.244.42.0-255,66,111929,61,111929
23225,0.0,172.217.194.0-255,146,146,61,278762
23226,2.3e-05,172.31.40.0-255,66,212,61,278762
23227,3e-05,172.217.194.0-255,1484,1696,61,278762
23228,3.5e-05,172.31.40.0-255,66,1762,61,278762
23229,4.8e-05,172.217.194.0-255,2902,4664,61,278762
23230,5.2e-05,172.31.40.0-255,66,4730,61,278762
23231,5.7e-05,172.217.194.0-255,4320,9050,61,278762
23232,6e-05,172.31.40.0-255,66,9116,61,278762
23233,8.7e-05,172.217.194.0-255,4987,14103,61,278762
23234,9.4e-05,172.31.40.0-255,66,14169,61,278762
23235,0.000131,172.217.194.0-255,5738,19907,61,278762
23236,0.000134,172.31.40.0-255,66,19973,61,278762
23237,0.000142,172.217.194.0-255,7156,27129,61,278762
23238,0.000145,172.31.40.0-255,66,27195,61,278762
23239,0.00018,172.217.194.0-255,5738,32933,61,278762
23240,0.000183,172.31.40.0-255,66,32999,61,278762
23241,0.000219,172.31.40.0-255,66,33065,61,278762
23242,0.000259,172.217.194.0-255,5379,38444,61,278762
23243,0.000262,172.31.40.0-255,66,38510,61,278762
23244,0.000658,172.217.194.0-255,1484,39994,61,278762
23245,0.000663,172.31.40.0-255,66,40060,61,278762
23246,0.000669,172.217.194.0-255,2902,42962,61,278762
23247,0.000671,172.31.40.0-255,66,43028,61,278762
23248,0.000677,172.217.194.0-255,5738,48766,61,278762
23249,0.000685,172.31.40.0-255,66,48832,61,278762
23250,0.000734,172.217.194.0-255,6797,55629,61,278762
23251,0.000737,172.31.40.0-255,66,55695,61,278762
23252,0.000761,172.217.194.0-255,1484,57179,61,278762
23253,0.000764,172.31.40.0-255,66,57245,61,278762
23254,0.000791,172.217.194.0-255,2902,60147,61,278762
23255,0.000793,172.31.40.0-255,66,60213,61,278762
23256,0.0008,172.217.194.0-255,5738,65951,61,278762
23257,0.000803,172.31.40.0-255,66,66017,61,278762
23258,0.000808,172.217.194.0-255,2902,68919,61,278762
23259,0.00081,172.31.40.0-255,66,68985,61,278762
23260,0.000842,172.217.194.0-255,4540,73525,61,278762
23261,0.000849,172.31.40.0-255,66,73591,61,278762
23262,0.000861,172.217.194.0-255,5738,79329,61,278762
23263,0.000868,172.31.40.0-255,66,79395,61,278762
23264,0.000889,172.217.194.0-255,2902,82297,61,278762
23265,0.000892,172.31.40.0-255,66,82363,61,278762
23266,0.000917,172.217.194.0-255,2902,85265,61,278762
23267,0.00092,172.31.40.0-255,66,85331,61,278762
23268,0.000948,172.217.194.0-255,5379,90710,61,278762
23269,0.000951,172.31.40.0-255,66,90776,61,278762
23270,0.001542,172.217.194.0-255,1484,92260,61,278762
23271,0.00155,172.217.194.0-255,2902,95162,61,278762
23272,0.001555,172.31.40.0-255,66,95228,61,278762
23273,0.001562,172.217.194.0-255,5738,100966,61,278762
23274,0.001564,172.31.40.0-255,66,101032,61,278762
23275,0.0016,172.217.194.0-255,4320,105352,61,278762
23276,0.001602,172.31.40.0-255,66,105418,61,278762
23277,0.00161,172.217.194.0-255,7156,112574,61,278762
23278,0.001612,172.31.40.0-255,66,112640,61,278762
23279,0.001632,172.217.194.0-255,4320,116960,61,278762
23280,0.001635,172.31.40.0-255,66,117026,61,278762
23281,0.001654,172.217.194.0-255,2902,119928,61,278762
23282,0.00166,172.31.40.0-255,66,119994,61,278762
23283,0.001688,172.217.194.0-255,5020,125014,61,278762
23284,0.001691,172.31.40.0-255,66,125080,61,278762
23285,0.00184,172.217.194.0-255,1484,126564,61,278762
23286,0.001846,172.217.194.0-255,2902,129466,61,278762
23287,0.001849,172.31.40.0-255,66,129532,61,278762
23288,0.001855,172.217.194.0-255,5738,135270,61,278762
23289,0.001857,172.31.40.0-255,66,135336,61,278762
23290,0.001901,172.31.40.0-255,66,135402,61,278762
23291,0.001949,172.217.194.0-255,5738,141140,61,278762
23292,0.001952,172.31.40.0-255,66,141206,61,278762
23293,0.001979,172.217.194.0-255,5020,146226,61,278762
23294,0.001982,172.31.40.0-255,66,146292,61,278762
23295,0.002929,172.217.194.0-255,1484,147776,61,278762
23296,0.002943,172.217.194.0-255,2902,150678,61,278762
23297,0.002948,172.31.40.0-255,66,150744,61,278762
23298,0.002955,172.217.194.0-255,4320,155064,61,278762
23299,0.002957,172.31.40.0-255,66,155130,61,278762
23300,0.002993,172.217.194.0-255,1484,156614,61,278762
23301,0.003,172.217.194.0-255,4320,160934,61,278762
23302,0.003002,172.31.40.0-255,66,161000,61,278762
23303,0.003005,172.217.194.0-255,1484,162484,61,278762
23304,0.003016,172.31.40.0-255,66,162550,61,278762
23305,0.003058,172.217.194.0-255,4320,166870,61,278762
23306,0.003061,172.31.40.0-255,66,166936,61,278762
23307,0.003086,172.217.194.0-255,3602,170538,61,278762
23308,0.003088,172.31.40.0-255,66,170604,61,278762
23309,0.003626,172.217.194.0-255,1484,172088,61,278762
23310,0.003635,172.217.194.0-255,2902,174990,61,278762
23311,0.00364,172.31.40.0-255,66,175056,61,278762
23312,0.003645,172.217.194.0-255,1484,176540,61,278762
23313,0.003669,172.217.194.0-255,4320,180860,61,278762
23314,0.003671,172.31.40.0-255,66,180926,61,278762
23315,0.003678,172.217.194.0-255,5738,186664,61,278762
23316,0.00368,172.31.40.0-255,66,186730,61,278762
23317,0.003699,172.217.194.0-255,2902,189632,61,278762
23318,0.003702,172.31.40.0-255,66,189698,61,278762
23319,0.003737,172.31.40.0-255,66,189764,61,278762
23320,0.00377,172.217.194.0-255,6438,196202,61,278762
23321,0.003772,172.31.40.0-255,66,196268,61,278762
23322,0.003828,172.217.194.0-255,1484,197752,61,278762
23323,0.003831,172.217.194.0-255,1484,199236,61,278762
23324,0.003833,172.31.40.0-255,66,199302,61,278762
23325,0.003854,172.217.194.0-255,1484,200786,61,278762
23326,0.003893,172.217.194.0-255,1484,202270,61,278762
23327,0.003895,172.31.40.0-255,66,202336,61,278762
23328,0.003928,172.217.194.0-255,4320,206656,61,278762
23329,0.00393,172.31.40.0-255,66,206722,61,278762
23330,0.003937,172.217.194.0-255,4320,211042,61,278762
23331,0.003939,172.31.40.0-255,66,211108,61,278762
23332,0.003965,172.31.40.0-255,66,211174,61,278762
23333,0.003977,172.31.40.0-255,66,211240,61,278762
23334,0.004131,172.217.194.0-255,1484,212724,61,278762
23335,0.004143,172.217.194.0-255,2902,215626,61,278762
23336,0.004146,172.31.40.0-255,66,215692,61,278762
23337,0.004173,172.217.194.0-255,5738,221430,61,278762
23338,0.004176,172.31.40.0-255,66,221496,61,278762
23339,0.004182,172.217.194.0-255,4320,225816,61,278762
23340,0.004185,172.31.40.0-255,66,225882,61,278762
23341,0.004219,172.31.40.0-255,66,225948,61,278762
23342,0.004263,172.217.194.0-255,5738,231686,61,278762
23343,0.004265,172.31.40.0-255,66,231752,61,278762
23344,0.00429,172.217.194.0-255,2184,233936,61,278762
23345,0.004293,172.31.40.0-255,66,234002,61,278762
23346,0.004299,172.217.194.0-255,5738,239740,61,278762
23347,0.004302,172.31.40.0-255,66,239806,61,278762
23348,0.004329,172.217.194.0-255,2902,242708,61,278762
23349,0.004331,172.31.40.0-255,66,242774,61,278762
23350,0.00435,172.217.194.0-255,4320,247094,61,278762
23351,0.004353,172.31.40.0-255,66,247160,61,278762
23352,0.004381,172.31.40.0-255,66,247226,61,278762
23353,0.00448,172.217.194.0-255,7156,254382,61,278762
23354,0.004482,172.31.40.0-255,66,254448,61,278762
23355,0.004508,172.217.194.0-255,2184,256632,61,278762
23356,0.00451,172.31.40.0-255,66,256698,61,278762
23357,0.004514,172.217.194.0-255,2902,259600,61,278762
23358,0.004516,172.31.40.0-255,66,259666,61,278762
23359,0.004542,172.31.40.0-255,66,259732,61,278762
23360,0.004658,172.217.194.0-255,2902,262634,61,278762
23361,0.00466,172.31.40.0-255,66,262700,61,278762
23362,0.004711,172.31.40.0-255,66,262766,61,278762
23363,0.004744,172.31.40.0-255,66,262832,61,278762
23364,0.004886,172.217.194.0-255,5738,268570,61,278762
23365,0.004889,172.31.40.0-255,66,268636,61,278762
23366,0.004911,172.217.194.0-255,1583,270219,61,278762
23367,0.004913,172.31.40.0-255,66,270285,61,278762
23368,0.004916,172.217.194.0-255,105,270390,61,278762
23369,0.017867,172.31.40.0-255,66,270456,61,278762
23370,0.017921,172.31.40.0-255,105,270561,61,278762
23371,0.02022,172.217.194.0-255,66,270627,61,278762
23372,0.035442,172.31.40.0-255,172,270799,61,278762
23373,0.035479,172.31.40.0-255,1115,271914,61,278762
23374,0.035553,172.31.40.0-255,1514,273428,61,278762
23375,0.035555,172.31.40.0-255,1514,274942,61,278762
23376,0.035556,172.31.40.0-255,1514,276456,61,278762
23377,0.035557,172.31.40.0-255,1514,277970,61,278762
23378,0.035558,172.31.40.0-255,528,278498,61,278762
23379,0.036998,104.244.42.0-255,66,278564,61,278762
23380,0.03703,104.244.42.0-255,66,278630,61,278762
23381,0.037127,104.244.42.0-255,66,278696,61,278762
23382,0.037149,104.244.42.0-255,66,278762,61,278762
23383,0.0,172.217.194.0-255,152,152,61,251040
23384,1.8e-05,172.31.40.0-255,66,218,61,251040
23385,2.4e-05,172.217.194.0-255,1484,1702,61,251040
23386,2.8e-05,172.31.40.0-255,66,1768,61,251040
23387,3.4e-05,172.217.194.0-255,2902,4670,61,251040
23388,3.7e-05,172.31.40.0-255,66,4736,61,251040
23389,4.4e-05,172.217.194.0-255,7156,11892,61,251040
23390,4.7e-05,172.31.40.0-255,66,11958,61,251040
23391,5.1e-05,172.217.194.0-255,2102,14060,61,251040
23392,5.3e-05,172.31.40.0-255,66,14126,61,251040
23393,5.8e-05,172.217.194.0-255,2902,17028,61,251040
23394,6.1e-05,172.31.40.0-255,66,17094,61,251040
23395,9.9e-05,172.31.40.0-255,66,17160,61,251040
23396,0.000105,172.217.194.0-255,5379,22539,61,251040
23397,0.000107,172.31.40.0-255,66,22605,61,251040
23398,0.000371,172.217.194.0-255,1484,24089,61,251040
23399,0.000376,172.31.40.0-255,66,24155,61,251040
23400,0.000393,172.217.194.0-255,2902,27057,61,251040
23401,0.000395,172.31.40.0-255,66,27123,61,251040
23402,0.000402,172.217.194.0-255,5738,32861,61,251040
23403,0.000404,172.31.40.0-255,66,32927,61,251040
23404,0.000423,172.217.194.0-255,1484,34411,61,251040
23405,0.000426,172.31.40.0-255,66,34477,61,251040
23406,0.000465,172.31.40.0-255,66,34543,61,251040
23407,0.000475,172.31.40.0-255,66,34609,61,251040
23408,0.00048,172.217.194.0-255,4271,38880,61,251040
23409,0.000482,172.31.40.0-255,66,38946,61,251040
23410,0.000522,172.217.194.0-255,367,39313,61,251040
23411,0.000525,172.31.40.0-255,66,39379,61,251040
23412,0.000574,172.217.194.0-255,1484,40863,61,251040
23413,0.000595,172.217.194.0-255,2902,43765,61,251040
23414,0.000599,172.31.40.0-255,66,43831,61,251040
23415,0.000605,172.217.194.0-255,5738,49569,61,251040
23416,0.000608,172.31.40.0-255,66,49635,61,251040
23417,0.000648,172.31.40.0-255,66,49701,61,251040
23418,0.000671,172.217.194.0-255,1484,51185,61,251040
23419,0.000708,172.31.40.0-255,66,51251,61,251040
23420,0.001192,172.217.194.0-255,1484,52735,61,251040
23421,0.001197,172.217.194.0-255,1484,54219,61,251040
23422,0.0012,172.31.40.0-255,66,54285,61,251040
23423,0.001211,172.217.194.0-255,1484,55769,61,251040
23424,0.001228,172.217.194.0-255,5738,61507,61,251040
23425,0.00123,172.31.40.0-255,66,61573,61,251040
23426,0.001244,172.217.194.0-255,1484,63057,61,251040
23427,0.00126,172.217.194.0-255,7156,70213,61,251040
23428,0.001262,172.31.40.0-255,66,70279,61,251040
23429,0.001282,172.217.194.0-255,4320,74599,61,251040
23430,0.001285,172.31.40.0-255,66,74665,61,251040
23431,0.001292,172.217.194.0-255,7156,81821,61,251040
23432,0.001294,172.31.40.0-255,66,81887,61,251040
23433,0.001307,172.217.194.0-255,2902,84789,61,251040
23434,0.001309,172.31.40.0-255,66,84855,61,251040
23435,0.001312,172.217.194.0-255,766,85621,61,251040
23436,0.001457,172.217.194.0-255,1484,87105,61,251040
23437,0.001461,172.31.40.0-255,66,87171,61,251040
23438,0.001465,172.217.194.0-255,1484,88655,61,251040
23439,0.00148,172.217.194.0-255,1484,90139,61,251040
23440,0.001482,172.31.40.0-255,66,90205,61,251040
23441,0.001489,172.217.194.0-255,5738,95943,61,251040
23442,0.001491,172.31.40.0-255,66,96009,61,251040
23443,0.001494,172.217.194.0-255,1484,97493,61,251040
23444,0.001517,172.31.40.0-255,66,97559,61,251040
23445,0.001543,172.217.194.0-255,1484,99043,61,251040
23446,0.001556,172.31.40.0-255,66,99109,61,251040
23447,0.002043,172.217.194.0-255,1484,100593,61,251040
23448,0.002049,172.217.194.0-255,2902,103495,61,251040
23449,0.002052,172.31.40.0-255,66,103561,61,251040
23450,0.00206,172.217.194.0-255,5738,109299,61,251040
23451,0.002061,172.31.40.0-255,66,109365,61,251040
23452,0.002093,172.217.194.0-255,5738,115103,61,251040
23453,0.002095,172.31.40.0-255,66,115169,61,251040
23454,0.002131,172.31.40.0-255,66,115235,61,251040
23455,0.002134,172.217.194.0-255,766,116001,61,251040
23456,0.002255,172.217.194.0-255,1484,117485,61,251040
23457,0.002259,172.31.40.0-255,66,117551,61,251040
23458,0.002265,172.217.194.0-255,2902,120453,61,251040
23459,0.002266,172.31.40.0-255,66,120519,61,251040
23460,0.002271,172.217.194.0-255,2902,123421,61,251040
23461,0.002273,172.31.40.0-255,66,123487,61,251040
23462,0.002286,172.217.194.0-255,2902,126389,61,251040
23463,0.002288,172.31.40.0-255,66,126455,61,251040
23464,0.002291,172.217.194.0-255,1484,127939,61,251040
23465,0.002324,172.31.40.0-255,66,128005,61,251040
23466,0.002335,172.31.40.0-255,66,128071,61,251040
23467,0.004615,172.217.194.0-255,5738,133809,61,251040
23468,0.004622,172.31.40.0-255,66,133875,61,251040
23469,0.006915,172.217.194.0-255,5738,139613,61,251040
23470,0.006918,172.31.40.0-255,66,139679,61,251040
23471,0.009199,172.217.194.0-255,5738,145417,61,251040
23472,0.009206,172.31.40.0-255,66,145483,61,251040
23473,0.011507,172.217.194.0-255,5738,151221,61,251040
23474,0.011526,172.31.40.0-255,66,151287,61,251040
23475,0.013811,172.217.194.0-255,5738,157025,61,251040
23476,0.013822,172.31.40.0-255,66,157091,61,251040
23477,0.016138,172.217.194.0-255,5738,162829,61,251040
23478,0.016146,172.31.40.0-255,66,162895,61,251040
23479,0.018423,172.217.194.0-255,5738,168633,61,251040
23480,0.018437,172.31.40.0-255,66,168699,61,251040
23481,0.020752,172.217.194.0-255,5738,174437,61,251040
23482,0.020768,172.31.40.0-255,66,174503,61,251040
23483,0.02306,172.217.194.0-255,5738,180241,61,251040
23484,0.023074,172.31.40.0-255,66,180307,61,251040
23485,0.025361,172.217.194.0-255,5738,186045,61,251040
23486,0.025375,172.31.40.0-255,66,186111,61,251040
23487,0.02766,172.217.194.0-255,5738,191849,61,251040
23488,0.027668,172.31.40.0-255,66,191915,61,251040
23489,0.029984,172.217.194.0-255,5738,197653,61,251040
23490,0.029996,172.31.40.0-255,66,197719,61,251040
23491,0.032277,172.217.194.0-255,5738,203457,61,251040
23492,0.032288,172.31.40.0-255,66,203523,61,251040
23493,0.03458,172.217.194.0-255,5738,209261,61,251040
23494,0.03459,172.31.40.0-255,66,209327,61,251040
23495,0.036898,172.217.194.0-255,5738,215065,61,251040
23496,0.036906,172.31.40.0-255,66,215131,61,251040
23497,0.039223,172.217.194.0-255,5738,220869,61,251040
23498,0.039232,172.31.40.0-255,66,220935,61,251040
23499,0.041529,172.217.194.0-255,5738,226673,61,251040
23500,0.041543,172.31.40.0-255,66,226739,61,251040
23501,0.043843,172.217.194.0-255,5738,232477,61,251040
23502,0.04386,172.31.40.0-255,66,232543,61,251040
23503,0.04618,172.217.194.0-255,5738,238281,61,251040
23504,0.046186,172.31.40.0-255,66,238347,61,251040
23505,0.048496,172.217.194.0-255,5738,244085,61,251040
23506,0.048511,172.31.40.0-255,66,244151,61,251040
23507,0.04874,172.31.40.0-255,172,244323,61,251040
23508,0.048769,172.31.40.0-255,1121,245444,61,251040
23509,0.048831,172.31.40.0-255,1514,246958,61,251040
23510,0.048833,172.31.40.0-255,1514,248472,61,251040
23511,0.048837,172.31.40.0-255,1514,249986,61,251040
23512,0.048839,172.31.40.0-255,1054,251040,61,251040
23513,0.0,74.125.24.0-255,150,150,61,219804
23514,1.3e-05,172.31.40.0-255,66,216,61,219804
23515,1.9e-05,74.125.24.0-255,1484,1700,61,219804
23516,2.3e-05,172.31.40.0-255,66,1766,61,219804
23517,2.9e-05,74.125.24.0-255,2902,4668,61,219804
23518,3.7e-05,172.31.40.0-255,66,4734,61,219804
23519,4.5e-05,74.125.24.0-255,7156,11890,61,219804
23520,4.8e-05,172.31.40.0-255,66,11956,61,219804
23521,5.4e-05,74.125.24.0-255,2156,14112,61,219804
23522,5.7e-05,172.31.40.0-255,66,14178,61,219804
23523,9.5e-05,74.125.24.0-255,4320,18498,61,219804
23524,9.9e-05,172.31.40.0-255,66,18564,61,219804
23525,0.000102,74.125.24.0-255,1484,20048,61,219804
23526,0.000104,172.31.40.0-255,66,20114,61,219804
23527,0.000142,74.125.24.0-255,4320,24434,61,219804
23528,0.000145,172.31.40.0-255,66,24500,61,219804
23529,0.000151,74.125.24.0-255,5738,30238,61,219804
23530,0.000153,172.31.40.0-255,66,30304,61,219804
23531,0.000172,74.125.24.0-255,1125,31429,61,219804
23532,0.000174,172.31.40.0-255,66,31495,61,219804
23533,0.000206,74.125.24.0-255,1484,32979,61,219804
23534,0.000208,172.31.40.0-255,66,33045,61,219804
23535,0.000213,74.125.24.0-255,2902,35947,61,219804
23536,0.000215,172.31.40.0-255,66,36013,61,219804
23537,0.000226,74.125.24.0-255,5738,41751,61,219804
23538,0.000229,172.31.40.0-255,66,41817,61,219804
23539,0.000271,172.31.40.0-255,66,41883,61,219804
23540,0.000281,172.31.40.0-255,66,41949,61,219804
23541,0.00031,74.125.24.0-255,1398,43347,61,219804
23542,0.000312,172.31.40.0-255,66,43413,61,219804
23543,0.000395,74.125.24.0-255,128,43541,61,219804
23544,0.00082,74.125.24.0-255,351,43892,61,219804
23545,0.000986,172.31.40.0-255,66,43958,61,219804
23546,0.001085,74.125.24.0-255,1484,45442,61,219804
23547,0.001093,74.125.24.0-255,2902,48344,61,219804
23548,0.001096,172.31.40.0-255,66,48410,61,219804
23549,0.001104,74.125.24.0-255,5738,54148,61,219804
23550,0.001106,172.31.40.0-255,66,54214,61,219804
23551,0.001131,74.125.24.0-255,7156,61370,61,219804
23552,0.001134,172.31.40.0-255,66,61436,61,219804
23553,0.001173,74.125.24.0-255,5738,67174,61,219804
23554,0.001176,172.31.40.0-255,66,67240,61,219804
23555,0.001188,172.31.40.0-255,66,67306,61,219804
23556,0.001196,74.125.24.0-255,1484,68790,61,219804
23557,0.0012,74.125.24.0-255,2902,71692,61,219804
23558,0.001203,172.31.40.0-255,66,71758,61,219804
23559,0.001206,74.125.24.0-255,1484,73242,61,219804
23560,0.001237,74.125.24.0-255,4320,77562,61,219804
23561,0.00124,172.31.40.0-255,66,77628,61,219804
23562,0.001254,172.31.40.0-255,66,77694,61,219804
23563,0.001265,74.125.24.0-255,7156,84850,61,219804
23564,0.001268,172.31.40.0-255,66,84916,61,219804
23565,0.001312,74.125.24.0-255,3602,88518,61,219804
23566,0.001315,172.31.40.0-255,66,88584,61,219804
23567,0.001321,74.125.24.0-255,4320,92904,61,219804
23568,0.001324,172.31.40.0-255,66,92970,61,219804
23569,0.001373,172.31.40.0-255,66,93036,61,219804
23570,0.001389,172.31.40.0-255,66,93102,61,219804
23571,0.001393,74.125.24.0-255,1484,94586,61,219804
23572,0.00142,74.125.24.0-255,6438,101024,61,219804
23573,0.001423,172.31.40.0-255,66,101090,61,219804
23574,0.001543,74.125.24.0-255,1484,102574,61,219804
23575,0.001549,74.125.24.0-255,2902,105476,61,219804
23576,0.001552,172.31.40.0-255,66,105542,61,219804
23577,0.001557,74.125.24.0-255,2902,108444,61,219804
23578,0.00156,172.31.40.0-255,66,108510,61,219804
23579,0.001582,74.125.24.0-255,2902,111412,61,219804
23580,0.001585,172.31.40.0-255,66,111478,61,219804
23581,0.001592,74.125.24.0-255,7156,118634,61,219804
23582,0.001594,172.31.40.0-255,66,118700,61,219804
23583,0.001636,74.125.24.0-255,5738,124438,61,219804
23584,0.001639,172.31.40.0-255,66,124504,61,219804
23585,0.001646,74.125.24.0-255,7156,131660,61,219804
23586,0.001648,172.31.40.0-255,66,131726,61,219804
23587,0.001657,74.125.24.0-255,3602,135328,61,219804
23588,0.00166,172.31.40.0-255,66,135394,61,219804
23589,0.001705,74.125.24.0-255,1484,136878,61,219804
23590,0.001711,74.125.24.0-255,2902,139780,61,219804
23591,0.001714,172.31.40.0-255,66,139846,61,219804
23592,0.00172,74.125.24.0-255,4320,144166,61,219804
23593,0.001722,172.31.40.0-255,66,144232,61,219804
23594,0.001751,74.125.24.0-255,1484,145716,61,219804
23595,0.001765,172.31.40.0-255,66,145782,61,219804
23596,0.00178,172.31.40.0-255,66,145848,61,219804
23597,0.001808,74.125.24.0-255,2184,148032,61,219804
23598,0.00181,172.31.40.0-255,66,148098,61,219804
23599,0.0019,74.125.24.0-255,1484,149582,61,219804
23600,0.001907,74.125.24.0-255,2902,152484,61,219804
23601,0.00191,172.31.40.0-255,66,152550,61,219804
23602,0.001943,74.125.24.0-255,5738,158288,61,219804
23603,0.001946,172.31.40.0-255,66,158354,61,219804
23604,0.001951,74.125.24.0-255,4320,162674,61,219804
23605,0.001954,172.31.40.0-255,66,162740,61,219804
23606,0.001999,172.31.40.0-255,66,162806,61,219804
23607,0.002002,74.125.24.0-255,1484,164290,61,219804
23608,0.002028,172.31.40.0-255,66,164356,61,219804
23609,0.002099,74.125.24.0-255,1484,165840,61,219804
23610,0.002105,74.125.24.0-255,2902,168742,61,219804
23611,0.002107,172.31.40.0-255,66,168808,61,219804
23612,0.002112,74.125.24.0-255,2902,171710,61,219804
23613,0.002115,172.31.40.0-255,66,171776,61,219804
23614,0.002134,74.125.24.0-255,2902,174678,61,219804
23615,0.002137,172.31.40.0-255,66,174744,61,219804
23616,0.00215,74.125.24.0-255,7156,181900,61,219804
23617,0.002152,172.31.40.0-255,66,181966,61,219804
23618,0.002175,74.125.24.0-255,5738,187704,61,219804
23619,0.002183,172.31.40.0-255,66,187770,61,219804
23620,0.002195,172.31.40.0-255,66,187836,61,219804
23621,0.002209,74.125.24.0-255,5738,193574,61,219804
23622,0.002212,172.31.40.0-255,66,193640,61,219804
23623,0.002216,74.125.24.0-255,2902,196542,61,219804
23624,0.002219,172.31.40.0-255,66,196608,61,219804
23625,0.002252,74.125.24.0-255,4320,200928,61,219804
23626,0.002255,172.31.40.0-255,66,200994,61,219804
23627,0.002275,172.31.40.0-255,66,201060,61,219804
23628,0.002283,74.125.24.0-255,6438,207498,61,219804
23629,0.002285,172.31.40.0-255,66,207564,61,219804
23630,0.00229,74.125.24.0-255,2902,210466,61,219804
23631,0.002292,172.31.40.0-255,66,210532,61,219804
23632,0.002342,172.31.40.0-255,66,210598,61,219804
23633,0.002355,172.31.40.0-255,66,210664,61,219804
23634,0.002437,172.31.40.0-255,66,210730,61,219804
23635,0.002441,74.125.24.0-255,105,210835,61,219804
23636,0.002443,74.125.24.0-255,129,210964,61,219804
23637,0.012166,172.31.40.0-255,105,211069,61,219804
23638,0.012208,172.31.40.0-255,105,211174,61,219804
23639,0.012457,172.31.40.0-255,90,211264,61,219804
23640,0.012467,172.31.40.0-255,66,211330,61,219804
23641,0.013472,74.125.24.0-255,129,211459,61,219804
23642,0.013485,172.31.40.0-255,78,211537,61,219804
23643,0.014734,74.125.24.0-255,66,211603,61,219804
23644,0.01479,74.125.24.0-255,66,211669,61,219804
23645,0.015024,74.125.24.0-255,66,211735,61,219804
23646,0.015076,74.125.24.0-255,66,211801,61,219804
23647,0.015083,172.31.40.0-255,66,211867,61,219804
23648,0.030441,172.31.40.0-255,172,212039,61,219804
23649,0.030495,172.31.40.0-255,1115,213154,61,219804
23650,0.030558,172.31.40.0-255,1514,214668,61,219804
23651,0.03056,172.31.40.0-255,1514,216182,61,219804
23652,0.030562,172.31.40.0-255,1514,217696,61,219804
23653,0.030563,172.31.40.0-255,1514,219210,61,219804
23654,0.030588,172.31.40.0-255,528,219738,61,219804
23655,0.032762,104.244.42.0-255,66,219804,61,219804
23656,0.0,172.217.194.0-255,146,146,61,259842
23657,2.3e-05,172.31.40.0-255,66,212,61,259842
23658,3e-05,172.217.194.0-255,1484,1696,61,259842
23659,3.4e-05,172.31.40.0-255,66,1762,61,259842
23660,4e-05,172.217.194.0-255,2902,4664,61,259842
23661,5e-05,172.31.40.0-255,66,4730,61,259842
23662,5.5e-05,172.217.194.0-255,2902,7632,61,259842
23663,5.7e-05,172.31.40.0-255,66,7698,61,259842
23664,8e-05,172.217.194.0-255,4320,12018,61,259842
23665,8.3e-05,172.31.40.0-255,66,12084,61,259842
23666,0.000106,172.217.194.0-255,2062,14146,61,259842
23667,0.000108,172.31.40.0-255,66,14212,61,259842
23668,0.000314,172.217.194.0-255,1484,15696,61,259842
23669,0.000319,172.31.40.0-255,66,15762,61,259842
23670,0.000325,172.217.194.0-255,2902,18664,61,259842
23671,0.000329,172.31.40.0-255,66,18730,61,259842
23672,0.000332,172.217.194.0-255,1484,20214,61,259842
23673,0.000333,172.31.40.0-255,66,20280,61,259842
23674,0.000376,172.217.194.0-255,2902,23182,61,259842
23675,0.000379,172.31.40.0-255,66,23248,61,259842
23676,0.000386,172.217.194.0-255,5738,28986,61,259842
23677,0.000388,172.31.40.0-255,66,29052,61,259842
23678,0.000394,172.217.194.0-255,5738,34790,61,259842
23679,0.000401,172.31.40.0-255,66,34856,61,259842
23680,0.000428,172.217.194.0-255,3961,38817,61,259842
23681,0.00043,172.31.40.0-255,66,38883,61,259842
23682,0.000435,172.217.194.0-255,2902,41785,61,259842
23683,0.000437,172.31.40.0-255,66,41851,61,259842
23684,0.000472,172.217.194.0-255,6797,48648,61,259842
23685,0.000475,172.31.40.0-255,66,48714,61,259842
23686,0.000486,172.31.40.0-255,66,48780,61,259842
23687,0.000511,172.217.194.0-255,1484,50264,61,259842
23688,0.00052,172.217.194.0-255,6797,57061,61,259842
23689,0.000523,172.31.40.0-255,66,57127,61,259842
23690,0.000542,172.217.194.0-255,363,57490,61,259842
23691,0.00057,172.217.194.0-255,1484,58974,61,259842
23692,0.000573,172.31.40.0-255,66,59040,61,259842
23693,0.000593,172.217.194.0-255,2902,61942,61,259842
23694,0.000595,172.31.40.0-255,66,62008,61,259842
23695,0.000602,172.217.194.0-255,5738,67746,61,259842
23696,0.000604,172.31.40.0-255,66,67812,61,259842
23697,0.000645,172.217.194.0-255,5738,73550,61,259842
23698,0.000648,172.31.40.0-255,66,73616,61,259842
23699,0.000672,172.217.194.0-255,1125,74741,61,259842
23700,0.000706,172.217.194.0-255,4320,79061,61,259842
23701,0.000708,172.31.40.0-255,66,79127,61,259842
23702,0.000735,172.217.194.0-255,2902,82029,61,259842
23703,0.000738,172.31.40.0-255,66,82095,61,259842
23704,0.000744,172.217.194.0-255,5738,87833,61,259842
23705,0.000747,172.31.40.0-255,66,87899,61,259842
23706,0.000752,172.217.194.0-255,3961,91860,61,259842
23707,0.000755,172.31.40.0-255,66,91926,61,259842
23708,0.001166,172.217.194.0-255,379,92305,61,259842
23709,0.00132,172.217.194.0-255,1484,93789,61,259842
23710,0.001325,172.31.40.0-255,66,93855,61,259842
23711,0.00133,172.217.194.0-255,2902,96757,61,259842
23712,0.001333,172.31.40.0-255,66,96823,61,259842
23713,0.001339,172.217.194.0-255,4320,101143,61,259842
23714,0.00134,172.31.40.0-255,66,101209,61,259842
23715,0.001369,172.217.194.0-255,1484,102693,61,259842
23716,0.001375,172.217.194.0-255,4320,107013,61,259842
23717,0.001378,172.31.40.0-255,66,107079,61,259842
23718,0.001391,172.31.40.0-255,66,107145,61,259842
23719,0.001434,172.31.40.0-255,66,107211,61,259842
23720,0.001705,172.217.194.0-255,1484,108695,61,259842
23721,0.001723,172.217.194.0-255,2902,111597,61,259842
23722,0.001726,172.31.40.0-255,66,111663,61,259842
23723,0.001732,172.217.194.0-255,4320,115983,61,259842
23724,0.001734,172.31.40.0-255,66,116049,61,259842
23725,0.001752,172.217.194.0-255,1484,117533,61,259842
23726,0.001758,172.217.194.0-255,4320,121853,61,259842
23727,0.00176,172.31.40.0-255,66,121919,61,259842
23728,0.001797,172.31.40.0-255,66,121985,61,259842
23729,0.001809,172.31.40.0-255,66,122051,61,259842
23730,0.003874,172.217.194.0-255,5738,127789,61,259842
23731,0.003881,172.31.40.0-255,66,127855,61,259842
23732,0.005961,172.217.194.0-255,5738,133593,61,259842
23733,0.005966,172.31.40.0-255,66,133659,61,259842
23734,0.008019,172.217.194.0-255,5738,139397,61,259842
23735,0.008025,172.31.40.0-255,66,139463,61,259842
23736,0.010073,172.217.194.0-255,5738,145201,61,259842
23737,0.01008,172.31.40.0-255,66,145267,61,259842
23738,0.012149,172.217.194.0-255,5738,151005,61,259842
23739,0.012156,172.31.40.0-255,66,151071,61,259842
23740,0.014239,172.217.194.0-255,5738,156809,61,259842
23741,0.014246,172.31.40.0-255,66,156875,61,259842
23742,0.016334,172.217.194.0-255,5738,162613,61,259842
23743,0.016342,172.31.40.0-255,66,162679,61,259842
23744,0.018416,172.217.194.0-255,5738,168417,61,259842
23745,0.018422,172.31.40.0-255,66,168483,61,259842
23746,0.0205,172.217.194.0-255,5738,174221,61,259842
23747,0.020506,172.31.40.0-255,66,174287,61,259842
23748,0.02259,172.217.194.0-255,5738,180025,61,259842
23749,0.022597,172.31.40.0-255,66,180091,61,259842
23750,0.024675,172.217.194.0-255,5738,185829,61,259842
23751,0.024683,172.31.40.0-255,66,185895,61,259842
23752,0.026743,172.217.194.0-255,5738,191633,61,259842
23753,0.02675,172.31.40.0-255,66,191699,61,259842
23754,0.028821,172.217.194.0-255,5738,197437,61,259842
23755,0.028828,172.31.40.0-255,66,197503,61,259842
23756,0.029719,172.31.40.0-255,192,197695,61,259842
23757,0.02975,172.31.40.0-255,1120,198815,61,259842
23758,0.029811,172.31.40.0-255,1514,200329,61,259842
23759,0.029813,172.31.40.0-255,1275,201604,61,259842
23760,0.030923,172.217.194.0-255,5738,207342,61,259842
23761,0.030929,172.31.40.0-255,66,207408,61,259842
23762,0.031285,104.244.42.0-255,66,207474,61,259842
23763,0.03133,104.244.42.0-255,66,207540,61,259842
23764,0.031398,104.244.42.0-255,66,207606,61,259842
23765,0.032991,172.217.194.0-255,5738,213344,61,259842
23766,0.033,172.31.40.0-255,66,213410,61,259842
23767,0.03508,172.217.194.0-255,5738,219148,61,259842
23768,0.035096,172.31.40.0-255,66,219214,61,259842
23769,0.037213,172.217.194.0-255,5738,224952,61,259842
23770,0.037227,172.31.40.0-255,66,225018,61,259842
23771,0.03932,172.217.194.0-255,5738,230756,61,259842
23772,0.039333,172.31.40.0-255,66,230822,61,259842
23773,0.041408,172.217.194.0-255,5738,236560,61,259842
23774,0.04143,172.31.40.0-255,66,236626,61,259842
23775,0.043503,172.217.194.0-255,5738,242364,61,259842
23776,0.043516,172.31.40.0-255,66,242430,61,259842
23777,0.045581,172.217.194.0-255,5738,248168,61,259842
23778,0.045595,172.31.40.0-255,66,248234,61,259842
23779,0.047683,172.217.194.0-255,5738,253972,61,259842
23780,0.04769,172.31.40.0-255,66,254038,61,259842
23781,0.049781,172.217.194.0-255,5738,259776,61,259842
23782,0.049797,172.31.40.0-255,66,259842,61,259842
23783,0.0,172.31.40.0-255,105,105,61,459
23784,0.000351,172.31.40.0-255,90,195,61,459
23785,0.000363,172.31.40.0-255,66,261,61,459
23786,0.002929,74.125.130.0-255,66,327,61,459
23787,0.002968,74.125.130.0-255,66,393,61,459
23788,0.002995,172.31.40.0-255,66,459,61,459
23789,0.0,74.125.200.0-255,150,150,61,370821
23790,2.2e-05,172.31.40.0-255,66,216,61,370821
23791,2.9e-05,74.125.200.0-255,1484,1700,61,370821
23792,3.3e-05,172.31.40.0-255,66,1766,61,370821
23793,3.9e-05,74.125.200.0-255,2902,4668,61,370821
23794,4.2e-05,172.31.40.0-255,66,4734,61,370821
23795,4.9e-05,74.125.200.0-255,5738,10472,61,370821
23796,5.3e-05,172.31.40.0-255,66,10538,61,370821
23797,5.7e-05,74.125.200.0-255,1484,12022,61,370821
23798,5.9e-05,172.31.40.0-255,66,12088,61,370821
23799,7.9e-05,74.125.200.0-255,2071,14159,61,370821
23800,8.2e-05,172.31.40.0-255,66,14225,61,370821
23801,0.000113,74.125.200.0-255,1484,15709,61,370821
23802,0.000116,172.31.40.0-255,66,15775,61,370821
23803,0.000121,74.125.200.0-255,2902,18677,61,370821
23804,0.000123,172.31.40.0-255,66,18743,61,370821
23805,0.000145,74.125.200.0-255,4320,23063,61,370821
23806,0.000148,172.31.40.0-255,66,23129,61,370821
23807,0.000162,74.125.200.0-255,1484,24613,61,370821
23808,0.000164,172.31.40.0-255,66,24679,61,370821
23809,0.000168,74.125.200.0-255,1484,26163,61,370821
23810,0.00017,172.31.40.0-255,66,26229,61,370821
23811,0.000205,74.125.200.0-255,4320,30549,61,370821
23812,0.000208,172.31.40.0-255,66,30615,61,370821
23813,0.000223,74.125.200.0-255,3961,34576,61,370821
23814,0.000227,74.125.200.0-255,2902,37478,61,370821
23815,0.000231,172.31.40.0-255,66,37544,61,370821
23816,0.00025,172.31.40.0-255,66,37610,61,370821
23817,0.000258,74.125.200.0-255,5738,43348,61,370821
23818,0.000261,172.31.40.0-255,66,43414,61,370821
23819,0.000269,74.125.200.0-255,5379,48793,61,370821
23820,0.000271,172.31.40.0-255,66,48859,61,370821
23821,0.000505,74.125.200.0-255,1484,50343,61,370821
23822,0.000513,74.125.200.0-255,2902,53245,61,370821
23823,0.000517,172.31.40.0-255,66,53311,61,370821
23824,0.000522,74.125.200.0-255,1484,54795,61,370821
23825,0.00054,74.125.200.0-255,4320,59115,61,370821
23826,0.000542,172.31.40.0-255,66,59181,61,370821
23827,0.00056,74.125.200.0-255,6797,65978,61,370821
23828,0.000563,172.31.40.0-255,66,66044,61,370821
23829,0.000593,74.125.200.0-255,7156,73200,61,370821
23830,0.000596,172.31.40.0-255,66,73266,61,370821
23831,0.000601,74.125.200.0-255,2902,76168,61,370821
23832,0.000603,172.31.40.0-255,66,76234,61,370821
23833,0.000628,172.31.40.0-255,66,76300,61,370821
23834,0.000631,74.125.200.0-255,1484,77784,61,370821
23835,0.000661,172.31.40.0-255,66,77850,61,370821
23836,0.000665,74.125.200.0-255,2184,80034,61,370821
23837,0.000668,172.31.40.0-255,66,80100,61,370821
23838,0.000709,74.125.200.0-255,646,80746,61,370821
23839,0.000712,74.125.200.0-255,1484,82230,61,370821
23840,0.000714,172.31.40.0-255,66,82296,61,370821
23841,0.000719,74.125.200.0-255,2902,85198,61,370821
23842,0.000721,172.31.40.0-255,66,85264,61,370821
23843,0.000744,74.125.200.0-255,1484,86748,61,370821
23844,0.00075,74.125.200.0-255,4320,91068,61,370821
23845,0.000753,172.31.40.0-255,66,91134,61,370821
23846,0.000775,74.125.200.0-255,5738,96872,61,370821
23847,0.000779,172.31.40.0-255,66,96938,61,370821
23848,0.000781,74.125.200.0-255,461,97399,61,370821
23849,0.000881,74.125.200.0-255,1484,98883,61,370821
23850,0.000884,172.31.40.0-255,66,98949,61,370821
23851,0.00089,74.125.200.0-255,2902,101851,61,370821
23852,0.000894,172.31.40.0-255,66,101917,61,370821
23853,0.000921,74.125.200.0-255,4320,106237,61,370821
23854,0.000925,172.31.40.0-255,66,106303,61,370821
23855,0.000931,74.125.200.0-255,5738,112041,61,370821
23856,0.000933,172.31.40.0-255,66,112107,61,370821
23857,0.000963,172.31.40.0-255,66,112173,61,370821
23858,0.000968,74.125.200.0-255,4320,116493,61,370821
23859,0.00097,172.31.40.0-255,66,116559,61,370821
23860,0.001014,74.125.200.0-255,3602,120161,61,370821
23861,0.001017,172.31.40.0-255,66,120227,61,370821
23862,0.001043,74.125.200.0-255,1484,121711,61,370821
23863,0.001058,74.125.200.0-255,2902,124613,61,370821
23864,0.001061,172.31.40.0-255,66,124679,61,370821
23865,0.001067,74.125.200.0-255,4320,128999,61,370821
23866,0.001069,172.31.40.0-255,66,129065,61,370821
23867,0.001074,74.125.200.0-255,4320,133385,61,370821
23868,0.001076,172.31.40.0-255,66,133451,61,370821
23869,0.00109,74.125.200.0-255,1484,134935,61,370821
23870,0.001093,74.125.200.0-255,1484,136419,61,370821
23871,0.001095,172.31.40.0-255,66,136485,61,370821
23872,0.001135,172.31.40.0-255,66,136551,61,370821
23873,0.00114,74.125.200.0-255,4320,140871,61,370821
23874,0.001142,172.31.40.0-255,66,140937,61,370821
23875,0.00116,74.125.200.0-255,1484,142421,61,370821
23876,0.001186,74.125.200.0-255,7156,149577,61,370821
23877,0.00119,172.31.40.0-255,66,149643,61,370821
23878,0.001212,74.125.200.0-255,2184,151827,61,370821
23879,0.001214,172.31.40.0-255,66,151893,61,370821
23880,0.001222,74.125.200.0-255,7156,159049,61,370821
23881,0.001225,172.31.40.0-255,66,159115,61,370821
23882,0.001239,74.125.200.0-255,4320,163435,61,370821
23883,0.001241,172.31.40.0-255,66,163501,61,370821
23884,0.001248,74.125.200.0-255,5738,169239,61,370821
23885,0.00125,172.31.40.0-255,66,169305,61,370821
23886,0.001273,74.125.200.0-255,4320,173625,61,370821
23887,0.001276,172.31.40.0-255,66,173691,61,370821
23888,0.001283,74.125.200.0-255,5020,178711,61,370821
23889,0.001285,172.31.40.0-255,66,178777,61,370821
23890,0.001348,74.125.200.0-255,1484,180261,61,370821
23891,0.001364,74.125.200.0-255,2902,183163,61,370821
23892,0.001372,172.31.40.0-255,66,183229,61,370821
23893,0.001384,74.125.200.0-255,1484,184713,61,370821
23894,0.001411,74.125.200.0-255,2902,187615,61,370821
23895,0.001414,172.31.40.0-255,66,187681,61,370821
23896,0.001421,74.125.200.0-255,5738,193419,61,370821
23897,0.001424,172.31.40.0-255,66,193485,61,370821
23898,0.001435,172.31.40.0-255,66,193551,61,370821
23899,0.001472,172.31.40.0-255,66,193617,61,370821
23900,0.001494,74.125.200.0-255,1484,195101,61,370821
23901,0.0015,74.125.200.0-255,4320,199421,61,370821
23902,0.001502,172.31.40.0-255,66,199487,61,370821
23903,0.001508,74.125.200.0-255,5738,205225,61,370821
23904,0.00151,172.31.40.0-255,66,205291,61,370821
23905,0.001528,74.125.200.0-255,4320,209611,61,370821
23906,0.001531,172.31.40.0-255,66,209677,61,370821
23907,0.001556,74.125.200.0-255,3602,213279,61,370821
23908,0.001559,172.31.40.0-255,66,213345,61,370821
23909,0.00169,74.125.200.0-255,1484,214829,61,370821
23910,0.00171,74.125.200.0-255,2902,217731,61,370821
23911,0.001713,172.31.40.0-255,66,217797,61,370821
23912,0.001717,74.125.200.0-255,1484,219281,61,370821
23913,0.001734,74.125.200.0-255,1484,220765,61,370821
23914,0.001736,172.31.40.0-255,66,220831,61,370821
23915,0.001748,74.125.200.0-255,1484,222315,61,370821
23916,0.001764,74.125.200.0-255,5738,228053,61,370821
23917,0.001766,172.31.40.0-255,66,228119,61,370821
23918,0.00177,74.125.200.0-255,1484,229603,61,370821
23919,0.001821,74.125.200.0-255,2902,232505,61,370821
23920,0.001824,172.31.40.0-255,66,232571,61,370821
23921,0.001831,74.125.200.0-255,5738,238309,61,370821
23922,0.001833,172.31.40.0-255,66,238375,61,370821
23923,0.00184,74.125.200.0-255,5738,244113,61,370821
23924,0.001842,172.31.40.0-255,66,244179,61,370821
23925,0.001868,74.125.200.0-255,3602,247781,61,370821
23926,0.001871,172.31.40.0-255,66,247847,61,370821
23927,0.001943,74.125.200.0-255,1484,249331,61,370821
23928,0.001963,74.125.200.0-255,2902,252233,61,370821
23929,0.001967,172.31.40.0-255,66,252299,61,370821
23930,0.001971,74.125.200.0-255,1484,253783,61,370821
23931,0.00199,74.125.200.0-255,1484,255267,61,370821
23932,0.001993,172.31.40.0-255,66,255333,61,370821
23933,0.002011,74.125.200.0-255,1484,256817,61,370821
23934,0.002027,74.125.200.0-255,5738,262555,61,370821
23935,0.00203,74.125.200.0-255,1484,264039,61,370821
23936,0.002034,74.125.200.0-255,2902,266941,61,370821
23937,0.002038,172.31.40.0-255,66,267007,61,370821
23938,0.002042,172.31.40.0-255,66,267073,61,370821
23939,0.002083,74.125.200.0-255,4320,271393,61,370821
23940,0.002086,172.31.40.0-255,66,271459,61,370821
23941,0.002089,74.125.200.0-255,1484,272943,61,370821
23942,0.004122,74.125.200.0-255,4320,277263,61,370821
23943,0.004129,172.31.40.0-255,66,277329,61,370821
23944,0.006173,74.125.200.0-255,5738,283067,61,370821
23945,0.00618,172.31.40.0-255,66,283133,61,370821
23946,0.008199,74.125.200.0-255,4320,287453,61,370821
23947,0.008202,172.31.40.0-255,66,287519,61,370821
23948,0.008216,74.125.200.0-255,1484,289003,61,370821
23949,0.010249,74.125.200.0-255,4320,293323,61,370821
23950,0.010256,172.31.40.0-255,66,293389,61,370821
23951,0.012291,74.125.200.0-255,5738,299127,61,370821
23952,0.0123,172.31.40.0-255,66,299193,61,370821
23953,0.014343,74.125.200.0-255,5738,304931,61,370821
23954,0.014352,172.31.40.0-255,66,304997,61,370821
23955,0.01639,74.125.200.0-255,5738,310735,61,370821
23956,0.016398,172.31.40.0-255,66,310801,61,370821
23957,0.018452,74.125.200.0-255,5738,316539,61,370821
23958,0.018462,172.31.40.0-255,66,316605,61,370821
23959,0.020504,74.125.200.0-255,5738,322343,61,370821
23960,0.020514,172.31.40.0-255,66,322409,61,370821
23961,0.022561,74.125.200.0-255,5738,328147,61,370821
23962,0.022573,172.31.40.0-255,66,328213,61,370821
23963,0.024632,74.125.200.0-255,5738,333951,61,370821
23964,0.02465,172.31.40.0-255,66,334017,61,370821
23965,0.026687,74.125.200.0-255,5738,339755,61,370821
23966,0.026695,172.31.40.0-255,66,339821,61,370821
23967,0.028732,74.125.200.0-255,4320,344141,61,370821
23968,0.028738,172.31.40.0-255,66,344207,61,370821
23969,0.028757,74.125.200.0-255,1484,345691,61,370821
23970,0.030794,74.125.200.0-255,4320,350011,61,370821
23971,0.030801,172.31.40.0-255,66,350077,61,370821
23972,0.032845,74.125.200.0-255,5738,355815,61,370821
23973,0.032852,172.31.40.0-255,66,355881,61,370821
23974,0.034917,74.125.200.0-255,5738,361619,61,370821
23975,0.034936,172.31.40.0-255,66,361685,61,370821
23976,0.036975,74.125.200.0-255,5738,367423,61,370821
23977,0.036983,172.31.40.0-255,66,367489,61,370821
23978,0.039017,74.125.200.0-255,3095,370584,61,370821
23979,0.03903,172.31.40.0-255,66,370650,61,370821
23980,0.039246,172.31.40.0-255,105,370755,61,370821
23981,0.041243,74.125.200.0-255,66,370821,61,370821
23982,0.0,74.125.200.0-255,153,153,61,279549
23983,1.5e-05,172.31.40.0-255,66,219,61,279549
23984,2.2e-05,74.125.200.0-255,1484,1703,61,279549
23985,2.6e-05,172.31.40.0-255,66,1769,61,279549
23986,4e-05,74.125.200.0-255,2902,4671,61,279549
23987,4.4e-05,172.31.40.0-255,66,4737,61,279549
23988,5.1e-05,74.125.200.0-255,5738,10475,61,279549
23989,5.5e-05,172.31.40.0-255,66,10541,61,279549
23990,0.000102,172.31.40.0-255,66,10607,61,279549
23991,0.000114,172.31.40.0-255,66,10673,61,279549
23992,0.000117,74.125.200.0-255,1484,12157,61,279549
23993,0.000119,172.31.40.0-255,66,12223,61,279549
23994,0.000149,74.125.200.0-255,2543,14766,61,279549
23995,0.000151,172.31.40.0-255,66,14832,61,279549
23996,0.000259,74.125.200.0-255,1484,16316,61,279549
23997,0.000263,172.31.40.0-255,66,16382,61,279549
23998,0.000266,74.125.200.0-255,1484,17866,61,279549
23999,0.000268,172.31.40.0-255,66,17932,61,279549
24000,0.000298,74.125.200.0-255,2902,20834,61,279549
24001,0.000302,172.31.40.0-255,66,20900,61,279549
24002,0.000331,74.125.200.0-255,5738,26638,61,279549
24003,0.000334,172.31.40.0-255,66,26704,61,279549
24004,0.000337,74.125.200.0-255,1484,28188,61,279549
24005,0.000339,172.31.40.0-255,66,28254,61,279549
24006,0.000343,74.125.200.0-255,2902,31156,61,279549
24007,0.000346,172.31.40.0-255,66,31222,61,279549
24008,0.000392,74.125.200.0-255,5379,36601,61,279549
24009,0.000395,172.31.40.0-255,66,36667,61,279549
24010,0.000425,74.125.200.0-255,5738,42405,61,279549
24011,0.000428,172.31.40.0-255,66,42471,61,279549
24012,0.000434,74.125.200.0-255,4320,46791,61,279549
24013,0.000436,172.31.40.0-255,66,46857,61,279549
24014,0.000463,74.125.200.0-255,2848,49705,61,279549
24015,0.000466,172.31.40.0-255,66,49771,61,279549
24016,0.000469,74.125.200.0-255,115,49886,61,279549
24017,0.000556,74.125.200.0-255,1484,51370,61,279549
24018,0.000559,172.31.40.0-255,66,51436,61,279549
24019,0.000564,74.125.200.0-255,2902,54338,61,279549
24020,0.000566,172.31.40.0-255,66,54404,61,279549
24021,0.000569,74.125.200.0-255,1484,55888,61,279549
24022,0.000583,74.125.200.0-255,1484,57372,61,279549
24023,0.000586,172.31.40.0-255,66,57438,61,279549
24024,0.000595,74.125.200.0-255,4320,61758,61,279549
24025,0.000598,172.31.40.0-255,66,61824,61,279549
24026,0.000603,74.125.200.0-255,4320,66144,61,279549
24027,0.000609,172.31.40.0-255,66,66210,61,279549
24028,0.000627,74.125.200.0-255,4320,70530,61,279549
24029,0.00063,172.31.40.0-255,66,70596,61,279549
24030,0.000637,74.125.200.0-255,5738,76334,61,279549
24031,0.000641,172.31.40.0-255,66,76400,61,279549
24032,0.00065,74.125.200.0-255,2902,79302,61,279549
24033,0.000653,172.31.40.0-255,66,79368,61,279549
24034,0.000684,74.125.200.0-255,5287,84655,61,279549
24035,0.000687,172.31.40.0-255,66,84721,61,279549
24036,0.001059,74.125.200.0-255,1484,86205,61,279549
24037,0.001074,74.125.200.0-255,2902,89107,61,279549
24038,0.001078,172.31.40.0-255,66,89173,61,279549
24039,0.001082,74.125.200.0-255,1484,90657,61,279549
24040,0.001111,74.125.200.0-255,2902,93559,61,279549
24041,0.001114,172.31.40.0-255,66,93625,61,279549
24042,0.001118,74.125.200.0-255,2902,96527,61,279549
24043,0.00112,172.31.40.0-255,66,96593,61,279549
24044,0.001152,74.125.200.0-255,2902,99495,61,279549
24045,0.001154,172.31.40.0-255,66,99561,61,279549
24046,0.001157,74.125.200.0-255,1484,101045,61,279549
24047,0.001162,74.125.200.0-255,2902,103947,61,279549
24048,0.001165,172.31.40.0-255,66,104013,61,279549
24049,0.001168,74.125.200.0-255,1484,105497,61,279549
24050,0.001181,74.125.200.0-255,4320,109817,61,279549
24051,0.001183,172.31.40.0-255,66,109883,61,279549
24052,0.001191,74.125.200.0-255,1484,111367,61,279549
24053,0.001243,74.125.200.0-255,1484,112851,61,279549
24054,0.001247,172.31.40.0-255,66,112917,61,279549
24055,0.00128,74.125.200.0-255,6438,119355,61,279549
24056,0.001283,172.31.40.0-255,66,119421,61,279549
24057,0.001527,74.125.200.0-255,1484,120905,61,279549
24058,0.001534,74.125.200.0-255,2902,123807,61,279549
24059,0.001551,172.31.40.0-255,66,123873,61,279549
24060,0.001556,74.125.200.0-255,2902,126775,61,279549
24061,0.001559,172.31.40.0-255,66,126841,61,279549
24062,0.001595,74.125.200.0-255,1484,128325,61,279549
24063,0.001608,172.31.40.0-255,66,128391,61,279549
24064,0.001619,172.31.40.0-255,66,128457,61,279549
24065,0.001682,74.125.200.0-255,5738,134195,61,279549
24066,0.001684,172.31.40.0-255,66,134261,61,279549
24067,0.001709,74.125.200.0-255,2184,136445,61,279549
24068,0.001711,172.31.40.0-255,66,136511,61,279549
24069,0.001778,74.125.200.0-255,1484,137995,61,279549
24070,0.001798,74.125.200.0-255,2902,140897,61,279549
24071,0.001802,172.31.40.0-255,66,140963,61,279549
24072,0.001806,74.125.200.0-255,1484,142447,61,279549
24073,0.001837,74.125.200.0-255,4320,146767,61,279549
24074,0.001839,172.31.40.0-255,66,146833,61,279549
24075,0.001851,172.31.40.0-255,66,146899,61,279549
24076,0.001879,74.125.200.0-255,2902,149801,61,279549
24077,0.001881,172.31.40.0-255,66,149867,61,279549
24078,0.001887,74.125.200.0-255,4320,154187,61,279549
24079,0.00189,172.31.40.0-255,66,154253,61,279549
24080,0.00193,172.31.40.0-255,66,154319,61,279549
24081,0.001965,74.125.200.0-255,2184,156503,61,279549
24082,0.001968,172.31.40.0-255,66,156569,61,279549
24083,0.001989,172.31.40.0-255,66,156635,61,279549
24084,0.001994,74.125.200.0-255,5738,162373,61,279549
24085,0.001997,172.31.40.0-255,66,162439,61,279549
24086,0.002025,74.125.200.0-255,3602,166041,61,279549
24087,0.002029,172.31.40.0-255,66,166107,61,279549
24088,0.004346,74.125.200.0-255,1484,167591,61,279549
24089,0.004387,74.125.200.0-255,4320,171911,61,279549
24090,0.004392,172.31.40.0-255,66,171977,61,279549
24091,0.006738,74.125.200.0-255,4320,176297,61,279549
24092,0.006744,172.31.40.0-255,66,176363,61,279549
24093,0.006772,74.125.200.0-255,1484,177847,61,279549
24094,0.009088,74.125.200.0-255,4320,182167,61,279549
24095,0.009095,172.31.40.0-255,66,182233,61,279549
24096,0.01147,74.125.200.0-255,5738,187971,61,279549
24097,0.01149,172.31.40.0-255,66,188037,61,279549
24098,0.013846,74.125.200.0-255,5738,193775,61,279549
24099,0.013862,172.31.40.0-255,66,193841,61,279549
24100,0.01621,74.125.200.0-255,5738,199579,61,279549
24101,0.016225,172.31.40.0-255,66,199645,61,279549
24102,0.018573,74.125.200.0-255,5738,205383,61,279549
24103,0.018582,172.31.40.0-255,66,205449,61,279549
24104,0.020912,74.125.200.0-255,5738,211187,61,279549
24105,0.020921,172.31.40.0-255,66,211253,61,279549
24106,0.023266,74.125.200.0-255,4320,215573,61,279549
24107,0.023275,172.31.40.0-255,66,215639,61,279549
24108,0.023305,74.125.200.0-255,1484,217123,61,279549
24109,0.025624,74.125.200.0-255,4320,221443,61,279549
24110,0.025636,172.31.40.0-255,66,221509,61,279549
24111,0.027981,74.125.200.0-255,5738,227247,61,279549
24112,0.027993,172.31.40.0-255,66,227313,61,279549
24113,0.030336,74.125.200.0-255,5738,233051,61,279549
24114,0.030354,172.31.40.0-255,66,233117,61,279549
24115,0.032687,74.125.200.0-255,5738,238855,61,279549
24116,0.032695,172.31.40.0-255,66,238921,61,279549
24117,0.035028,74.125.200.0-255,5738,244659,61,279549
24118,0.035036,172.31.40.0-255,66,244725,61,279549
24119,0.037395,74.125.200.0-255,5738,250463,61,279549
24120,0.037412,172.31.40.0-255,66,250529,61,279549
24121,0.039759,74.125.200.0-255,5738,256267,61,279549
24122,0.039768,172.31.40.0-255,66,256333,61,279549
24123,0.042104,74.125.200.0-255,5738,262071,61,279549
24124,0.042115,172.31.40.0-255,66,262137,61,279549
24125,0.044477,74.125.200.0-255,5738,267875,61,279549
24126,0.04449,172.31.40.0-255,66,267941,61,279549
24127,0.046833,74.125.200.0-255,5738,273679,61,279549
24128,0.046848,172.31.40.0-255,66,273745,61,279549
24129,0.049177,74.125.200.0-255,5738,279483,61,279549
24130,0.049184,172.31.40.0-255,66,279549,61,279549
24131,0.0,172.217.194.0-255,145,145,61,154921
24132,2.1e-05,172.31.40.0-255,66,211,61,154921
24133,2.9e-05,172.217.194.0-255,1484,1695,61,154921
24134,3.3e-05,172.31.40.0-255,66,1761,61,154921
24135,4.6e-05,172.217.194.0-255,2902,4663,61,154921
24136,5e-05,172.31.40.0-255,66,4729,61,154921
24137,5.7e-05,172.217.194.0-255,5738,10467,61,154921
24138,5.9e-05,172.31.40.0-255,66,10533,61,154921
24139,7.2e-05,172.31.40.0-255,66,10599,61,154921
24140,0.000114,172.31.40.0-255,66,10665,61,154921
24141,0.000158,172.217.194.0-255,1484,12149,61,154921
24142,0.000162,172.31.40.0-255,66,12215,61,154921
24143,0.000167,172.217.194.0-255,2902,15117,61,154921
24144,0.000169,172.31.40.0-255,66,15183,61,154921
24145,0.00019,172.217.194.0-255,5738,20921,61,154921
24146,0.000193,172.31.40.0-255,66,20987,61,154921
24147,0.00023,172.31.40.0-255,66,21053,61,154921
24148,0.000265,172.31.40.0-255,66,21119,61,154921
24149,0.000314,172.217.194.0-255,99,21218,61,154921
24150,0.000317,172.31.40.0-255,66,21284,61,154921
24151,0.00034,172.217.194.0-255,361,21645,61,154921
24152,0.000342,172.31.40.0-255,66,21711,61,154921
24153,0.000541,172.217.194.0-255,1484,23195,61,154921
24154,0.000547,172.31.40.0-255,66,23261,61,154921
24155,0.000553,172.217.194.0-255,2902,26163,61,154921
24156,0.000557,172.31.40.0-255,66,26229,61,154921
24157,0.000568,172.217.194.0-255,5738,31967,61,154921
24158,0.000571,172.31.40.0-255,66,32033,61,154921
24159,0.000576,172.217.194.0-255,2902,34935,61,154921
24160,0.000578,172.31.40.0-255,66,35001,61,154921
24161,0.000616,172.31.40.0-255,66,35067,61,154921
24162,0.000633,172.31.40.0-255,66,35133,61,154921
24163,0.000673,172.31.40.0-255,66,35199,61,154921
24164,0.000711,172.217.194.0-255,2902,38101,61,154921
24165,0.000713,172.31.40.0-255,66,38167,61,154921
24166,0.000754,172.31.40.0-255,66,38233,61,154921
24167,0.000757,172.217.194.0-255,766,38999,61,154921
24168,0.000762,172.217.194.0-255,2902,41901,61,154921
24169,0.000764,172.31.40.0-255,66,41967,61,154921
24170,0.000774,172.217.194.0-255,4320,46287,61,154921
24171,0.000777,172.31.40.0-255,66,46353,61,154921
24172,0.000787,172.31.40.0-255,66,46419,61,154921
24173,0.00084,172.31.40.0-255,66,46485,61,154921
24174,0.001212,172.217.194.0-255,1484,47969,61,154921
24175,0.00122,172.217.194.0-255,2902,50871,61,154921
24176,0.001223,172.31.40.0-255,66,50937,61,154921
24177,0.001255,172.217.194.0-255,5738,56675,61,154921
24178,0.001258,172.31.40.0-255,66,56741,61,154921
24179,0.001276,172.31.40.0-255,66,56807,61,154921
24180,0.001292,172.217.194.0-255,1484,58291,61,154921
24181,0.001309,172.217.194.0-255,4320,62611,61,154921
24182,0.001313,172.31.40.0-255,66,62677,61,154921
24183,0.001345,172.217.194.0-255,6438,69115,61,154921
24184,0.001348,172.31.40.0-255,66,69181,61,154921
24185,0.001352,172.217.194.0-255,2902,72083,61,154921
24186,0.001354,172.31.40.0-255,66,72149,61,154921
24187,0.001365,172.217.194.0-255,4320,76469,61,154921
24188,0.001367,172.31.40.0-255,66,76535,61,154921
24189,0.001372,172.217.194.0-255,4320,80855,61,154921
24190,0.001375,172.31.40.0-255,66,80921,61,154921
24191,0.001408,172.217.194.0-255,4320,85241,61,154921
24192,0.001411,172.31.40.0-255,66,85307,61,154921
24193,0.001418,172.217.194.0-255,5738,91045,61,154921
24194,0.00142,172.31.40.0-255,66,91111,61,154921
24195,0.001458,172.31.40.0-255,66,91177,61,154921
24196,0.001463,172.217.194.0-255,4320,95497,61,154921
24197,0.001465,172.31.40.0-255,66,95563,61,154921
24198,0.001489,172.217.194.0-255,7156,102719,61,154921
24199,0.001491,172.31.40.0-255,66,102785,61,154921
24200,0.001515,172.31.40.0-255,66,102851,61,154921
24201,0.00152,172.217.194.0-255,2902,105753,61,154921
24202,0.001522,172.31.40.0-255,66,105819,61,154921
24203,0.001574,172.31.40.0-255,66,105885,61,154921
24204,0.001599,172.217.194.0-255,766,106651,61,154921
24205,0.001643,172.31.40.0-255,66,106717,61,154921
24206,0.001723,172.217.194.0-255,4320,111037,61,154921
24207,0.001735,172.31.40.0-255,66,111103,61,154921
24208,0.001741,172.217.194.0-255,3602,114705,61,154921
24209,0.001752,172.31.40.0-255,66,114771,61,154921
24210,0.001845,172.217.194.0-255,1484,116255,61,154921
24211,0.001851,172.217.194.0-255,2902,119157,61,154921
24212,0.001874,172.217.194.0-255,5738,124895,61,154921
24213,0.00188,172.217.194.0-255,5738,130633,61,154921
24214,0.001882,172.31.40.0-255,66,130699,61,154921
24215,0.001893,172.217.194.0-255,1484,132183,61,154921
24216,0.001902,172.217.194.0-255,4320,136503,61,154921
24217,0.001906,172.31.40.0-255,66,136569,61,154921
24218,0.001943,172.217.194.0-255,2184,138753,61,154921
24219,0.001947,172.217.194.0-255,2902,141655,61,154921
24220,0.001954,172.217.194.0-255,7156,148811,61,154921
24221,0.001958,172.31.40.0-255,66,148877,61,154921
24222,0.002004,172.217.194.0-255,97,148974,61,154921
24223,0.002013,172.31.40.0-255,66,149040,61,154921
24224,0.002038,172.217.194.0-255,105,149145,61,154921
24225,0.010353,172.31.40.0-255,66,149211,61,154921
24226,0.010388,172.31.40.0-255,105,149316,61,154921
24227,0.012645,172.217.194.0-255,66,149382,61,154921
24228,0.035534,172.31.40.0-255,172,149554,61,154921
24229,0.03557,172.31.40.0-255,1121,150675,61,154921
24230,0.035635,172.31.40.0-255,1514,152189,61,154921
24231,0.035637,172.31.40.0-255,1514,153703,61,154921
24232,0.035661,172.31.40.0-255,954,154657,61,154921
24233,0.037091,104.244.42.0-255,66,154723,61,154921
24234,0.037135,104.244.42.0-255,66,154789,61,154921
24235,0.03718,104.244.42.0-255,66,154855,61,154921
24236,0.037225,104.244.42.0-255,66,154921,61,154921
24237,0.0,74.125.24.0-255,152,152,61,281520
24238,3.1e-05,172.31.40.0-255,66,218,61,281520
24239,3.7e-05,74.125.24.0-255,1484,1702,61,281520
24240,4.2e-05,172.31.40.0-255,66,1768,61,281520
24241,4.6e-05,74.125.24.0-255,2902,4670,61,281520
24242,4.8e-05,172.31.40.0-255,66,4736,61,281520
24243,5.4e-05,74.125.24.0-255,7156,11892,61,281520
24244,5.7e-05,172.31.40.0-255,66,11958,61,281520
24245,9.6e-05,74.125.24.0-255,2068,14026,61,281520
24246,0.0001,172.31.40.0-255,66,14092,61,281520
24247,0.00012,74.125.24.0-255,1484,15576,61,281520
24248,0.000121,172.31.40.0-255,66,15642,61,281520
24249,0.000133,74.125.24.0-255,1484,17126,61,281520
24250,0.000135,172.31.40.0-255,66,17192,61,281520
24251,0.00014,74.125.24.0-255,4320,21512,61,281520
24252,0.000141,172.31.40.0-255,66,21578,61,281520
24253,0.000152,74.125.24.0-255,2902,24480,61,281520
24254,0.000154,172.31.40.0-255,66,24546,61,281520
24255,0.000183,74.125.24.0-255,5738,30284,61,281520
24256,0.000185,172.31.40.0-255,66,30350,61,281520
24257,0.000203,74.125.24.0-255,3961,34311,61,281520
24258,0.000206,172.31.40.0-255,66,34377,61,281520
24259,0.000212,74.125.24.0-255,4320,38697,61,281520
24260,0.000214,172.31.40.0-255,66,38763,61,281520
24261,0.000216,74.125.24.0-255,1484,40247,61,281520
24262,0.000218,172.31.40.0-255,66,40313,61,281520
24263,0.000248,172.31.40.0-255,66,40379,61,281520
24264,0.000448,74.125.24.0-255,1484,41863,61,281520
24265,0.000451,172.31.40.0-255,66,41929,61,281520
24266,0.00047,74.125.24.0-255,2902,44831,61,281520
24267,0.000473,172.31.40.0-255,66,44897,61,281520
24268,0.00048,74.125.24.0-255,5738,50635,61,281520
24269,0.000481,172.31.40.0-255,66,50701,61,281520
24270,0.000484,74.125.24.0-255,1484,52185,61,281520
24271,0.000485,172.31.40.0-255,66,52251,61,281520
24272,0.000507,74.125.24.0-255,5379,57630,61,281520
24273,0.000509,74.125.24.0-255,646,58276,61,281520
24274,0.000511,172.31.40.0-255,66,58342,61,281520
24275,0.000515,172.31.40.0-255,66,58408,61,281520
24276,0.000565,74.125.24.0-255,1484,59892,61,281520
24277,0.000568,172.31.40.0-255,66,59958,61,281520
24278,0.00058,74.125.24.0-255,1484,61442,61,281520
24279,0.000583,172.31.40.0-255,66,61508,61,281520
24280,0.000606,74.125.24.0-255,4320,65828,61,281520
24281,0.00061,172.31.40.0-255,66,65894,61,281520
24282,0.000613,74.125.24.0-255,1484,67378,61,281520
24283,0.000615,172.31.40.0-255,66,67444,61,281520
24284,0.000638,172.31.40.0-255,66,67510,61,281520
24285,0.000649,172.31.40.0-255,66,67576,61,281520
24286,0.000691,74.125.24.0-255,5738,73314,61,281520
24287,0.000696,172.31.40.0-255,66,73380,61,281520
24288,0.000711,74.125.24.0-255,2184,75564,61,281520
24289,0.000714,172.31.40.0-255,66,75630,61,281520
24290,0.000735,74.125.24.0-255,7156,82786,61,281520
24291,0.000738,172.31.40.0-255,66,82852,61,281520
24292,0.000756,74.125.24.0-255,1484,84336,61,281520
24293,0.000758,172.31.40.0-255,66,84402,61,281520
24294,0.000765,74.125.24.0-255,5738,90140,61,281520
24295,0.000767,172.31.40.0-255,66,90206,61,281520
24296,0.000797,74.125.24.0-255,1876,92082,61,281520
24297,0.0008,172.31.40.0-255,66,92148,61,281520
24298,0.000859,74.125.24.0-255,1484,93632,61,281520
24299,0.000862,172.31.40.0-255,66,93698,61,281520
24300,0.000878,74.125.24.0-255,2902,96600,61,281520
24301,0.000881,172.31.40.0-255,66,96666,61,281520
24302,0.000888,74.125.24.0-255,5738,102404,61,281520
24303,0.00089,172.31.40.0-255,66,102470,61,281520
24304,0.000894,74.125.24.0-255,2902,105372,61,281520
24305,0.000896,172.31.40.0-255,66,105438,61,281520
24306,0.000921,74.125.24.0-255,2902,108340,61,281520
24307,0.000923,172.31.40.0-255,66,108406,61,281520
24308,0.000928,74.125.24.0-255,2902,111308,61,281520
24309,0.00093,172.31.40.0-255,66,111374,61,281520
24310,0.000952,172.31.40.0-255,66,111440,61,281520
24311,0.000962,172.31.40.0-255,66,111506,61,281520
24312,0.001002,74.125.24.0-255,1484,112990,61,281520
24313,0.001005,172.31.40.0-255,66,113056,61,281520
24314,0.001041,172.31.40.0-255,66,113122,61,281520
24315,0.001418,74.125.24.0-255,1484,114606,61,281520
24316,0.001423,172.31.40.0-255,66,114672,61,281520
24317,0.001442,74.125.24.0-255,2902,117574,61,281520
24318,0.001448,172.31.40.0-255,66,117640,61,281520
24319,0.001458,74.125.24.0-255,1484,119124,61,281520
24320,0.001461,172.31.40.0-255,66,119190,61,281520
24321,0.001461,74.125.24.0-255,2902,122092,61,281520
24322,0.001464,172.31.40.0-255,66,122158,61,281520
24323,0.00151,74.125.24.0-255,4320,126478,61,281520
24324,0.001514,172.31.40.0-255,66,126544,61,281520
24325,0.001519,74.125.24.0-255,4320,130864,61,281520
24326,0.001522,172.31.40.0-255,66,130930,61,281520
24327,0.001534,74.125.24.0-255,1484,132414,61,281520
24328,0.001537,172.31.40.0-255,66,132480,61,281520
24329,0.00161,74.125.24.0-255,5738,138218,61,281520
24330,0.001614,172.31.40.0-255,66,138284,61,281520
24331,0.001634,74.125.24.0-255,4320,142604,61,281520
24332,0.001637,172.31.40.0-255,66,142670,61,281520
24333,0.001643,74.125.24.0-255,5020,147690,61,281520
24334,0.001645,172.31.40.0-255,66,147756,61,281520
24335,0.001784,74.125.24.0-255,1484,149240,61,281520
24336,0.001791,74.125.24.0-255,2902,152142,61,281520
24337,0.001794,172.31.40.0-255,66,152208,61,281520
24338,0.001833,74.125.24.0-255,5738,157946,61,281520
24339,0.001836,172.31.40.0-255,66,158012,61,281520
24340,0.001857,74.125.24.0-255,4320,162332,61,281520
24341,0.001878,172.31.40.0-255,66,162398,61,281520
24342,0.001897,74.125.24.0-255,2902,165300,61,281520
24343,0.001901,172.31.40.0-255,66,165366,61,281520
24344,0.001912,172.31.40.0-255,66,165432,61,281520
24345,0.001922,172.31.40.0-255,66,165498,61,281520
24346,0.002137,74.125.24.0-255,1484,166982,61,281520
24347,0.002149,74.125.24.0-255,2902,169884,61,281520
24348,0.002152,172.31.40.0-255,66,169950,61,281520
24349,0.002157,74.125.24.0-255,1484,171434,61,281520
24350,0.002178,74.125.24.0-255,4320,175754,61,281520
24351,0.002181,172.31.40.0-255,66,175820,61,281520
24352,0.002189,74.125.24.0-255,2902,178722,61,281520
24353,0.002191,172.31.40.0-255,66,178788,61,281520
24354,0.002215,172.31.40.0-255,66,178854,61,281520
24355,0.002226,172.31.40.0-255,66,178920,61,281520
24356,0.002242,74.125.24.0-255,766,179686,61,281520
24357,0.002287,74.125.24.0-255,1484,181170,61,281520
24358,0.002291,172.31.40.0-255,66,181236,61,281520
24359,0.002306,74.125.24.0-255,4320,185556,61,281520
24360,0.002309,172.31.40.0-255,66,185622,61,281520
24361,0.002333,74.125.24.0-255,7156,192778,61,281520
24362,0.002336,74.125.24.0-255,1484,194262,61,281520
24363,0.012599,74.125.24.0-255,1484,195746,61,281520
24364,0.014605,172.31.40.0-255,66,195812,61,281520
24365,0.016916,74.125.24.0-255,5738,201550,61,281520
24366,0.01693,172.31.40.0-255,66,201616,61,281520
24367,0.019256,74.125.24.0-255,5738,207354,61,281520
24368,0.019269,172.31.40.0-255,66,207420,61,281520
24369,0.021577,74.125.24.0-255,4320,211740,61,281520
24370,0.021584,172.31.40.0-255,66,211806,61,281520
24371,0.021607,74.125.24.0-255,1484,213290,61,281520
24372,0.023881,74.125.24.0-255,4320,217610,61,281520
24373,0.023889,172.31.40.0-255,66,217676,61,281520
24374,0.026215,74.125.24.0-255,5738,223414,61,281520
24375,0.026229,172.31.40.0-255,66,223480,61,281520
24376,0.028578,74.125.24.0-255,5738,229218,61,281520
24377,0.02859,172.31.40.0-255,66,229284,61,281520
24378,0.030905,74.125.24.0-255,5738,235022,61,281520
24379,0.030912,172.31.40.0-255,66,235088,61,281520
24380,0.033213,74.125.24.0-255,5738,240826,61,281520
24381,0.033221,172.31.40.0-255,66,240892,61,281520
24382,0.035518,74.125.24.0-255,5738,246630,61,281520
24383,0.035526,172.31.40.0-255,66,246696,61,281520
24384,0.037833,74.125.24.0-255,5738,252434,61,281520
24385,0.037842,172.31.40.0-255,66,252500,61,281520
24386,0.040175,74.125.24.0-255,5738,258238,61,281520
24387,0.040195,172.31.40.0-255,66,258304,61,281520
24388,0.042511,74.125.24.0-255,5738,264042,61,281520
24389,0.04252,172.31.40.0-255,66,264108,61,281520
24390,0.04483,74.125.24.0-255,5738,269846,61,281520
24391,0.044839,172.31.40.0-255,66,269912,61,281520
24392,0.047173,74.125.24.0-255,5738,275650,61,281520
24393,0.047191,172.31.40.0-255,66,275716,61,281520
24394,0.049488,74.125.24.0-255,5738,281454,61,281520
24395,0.049495,172.31.40.0-255,66,281520,61,281520
24396,0.0,172.217.194.0-255,291,291,61,210413
24397,2.4e-05,172.31.40.0-255,66,357,61,210413
24398,3e-05,172.217.194.0-255,1484,1841,61,210413
24399,3.4e-05,172.31.40.0-255,66,1907,61,210413
24400,4.1e-05,172.217.194.0-255,4320,6227,61,210413
24401,4.3e-05,172.31.40.0-255,66,6293,61,210413
24402,7.2e-05,172.31.40.0-255,66,6359,61,210413
24403,8.5e-05,172.31.40.0-255,66,6425,61,210413
24404,0.000116,172.217.194.0-255,6797,13222,61,210413
24405,0.000119,172.31.40.0-255,66,13288,61,210413
24406,0.000157,172.217.194.0-255,7156,20444,61,210413
24407,0.00016,172.31.40.0-255,66,20510,61,210413
24408,0.000167,172.217.194.0-255,5738,26248,61,210413
24409,0.000169,172.31.40.0-255,66,26314,61,210413
24410,0.000193,172.217.194.0-255,4320,30634,61,210413
24411,0.000196,172.31.40.0-255,66,30700,61,210413
24412,0.000217,172.31.40.0-255,66,30766,61,210413
24413,0.000234,172.217.194.0-255,2902,33668,61,210413
24414,0.000236,172.31.40.0-255,66,33734,61,210413
24415,0.000254,172.217.194.0-255,2543,36277,61,210413
24416,0.000257,172.31.40.0-255,66,36343,61,210413
24417,0.00026,172.217.194.0-255,382,36725,61,210413
24418,0.000262,172.31.40.0-255,66,36791,61,210413
24419,0.000295,172.217.194.0-255,98,36889,61,210413
24420,0.000298,172.31.40.0-255,66,36955,61,210413
24421,0.000802,172.217.194.0-255,363,37318,61,210413
24422,0.000807,172.31.40.0-255,66,37384,61,210413
24423,0.000921,172.217.194.0-255,1484,38868,61,210413
24424,0.000925,172.31.40.0-255,66,38934,61,210413
24425,0.00093,172.217.194.0-255,2902,41836,61,210413
24426,0.000933,172.31.40.0-255,66,41902,61,210413
24427,0.00095,172.217.194.0-255,5738,47640,61,210413
24428,0.000953,172.31.40.0-255,66,47706,61,210413
24429,0.000978,172.217.194.0-255,2902,50608,61,210413
24430,0.00098,172.31.40.0-255,66,50674,61,210413
24431,0.000995,172.217.194.0-255,3961,54635,61,210413
24432,0.000997,172.31.40.0-255,66,54701,61,210413
24433,0.001013,172.217.194.0-255,4320,59021,61,210413
24434,0.001016,172.31.40.0-255,66,59087,61,210413
24435,0.001037,172.217.194.0-255,2902,61989,61,210413
24436,0.00104,172.31.40.0-255,66,62055,61,210413
24437,0.001052,172.31.40.0-255,66,62121,61,210413
24438,0.001555,172.217.194.0-255,1484,63605,61,210413
24439,0.001564,172.217.194.0-255,2902,66507,61,210413
24440,0.001568,172.31.40.0-255,66,66573,61,210413
24441,0.001619,172.217.194.0-255,5738,72311,61,210413
24442,0.001622,172.31.40.0-255,66,72377,61,210413
24443,0.001629,172.217.194.0-255,5738,78115,61,210413
24444,0.001631,172.31.40.0-255,66,78181,61,210413
24445,0.001649,172.217.194.0-255,4320,82501,61,210413
24446,0.001652,172.31.40.0-255,66,82567,61,210413
24447,0.001669,172.31.40.0-255,66,82633,61,210413
24448,0.002337,172.217.194.0-255,1484,84117,61,210413
24449,0.002357,172.217.194.0-255,2902,87019,61,210413
24450,0.002362,172.31.40.0-255,66,87085,61,210413
24451,0.002366,172.217.194.0-255,2902,89987,61,210413
24452,0.002368,172.31.40.0-255,66,90053,61,210413
24453,0.004696,172.217.194.0-255,5738,95791,61,210413
24454,0.004704,172.31.40.0-255,66,95857,61,210413
24455,0.007024,172.217.194.0-255,5738,101595,61,210413
24456,0.007031,172.31.40.0-255,66,101661,61,210413
24457,0.009349,172.217.194.0-255,5738,107399,61,210413
24458,0.009356,172.31.40.0-255,66,107465,61,210413
24459,0.011725,172.217.194.0-255,5738,113203,61,210413
24460,0.011735,172.31.40.0-255,66,113269,61,210413
24461,0.014072,172.217.194.0-255,5738,119007,61,210413
24462,0.01408,172.31.40.0-255,66,119073,61,210413
24463,0.016421,172.217.194.0-255,5738,124811,61,210413
24464,0.01643,172.31.40.0-255,66,124877,61,210413
24465,0.018774,172.217.194.0-255,5738,130615,61,210413
24466,0.018786,172.31.40.0-255,66,130681,61,210413
24467,0.021133,172.217.194.0-255,5738,136419,61,210413
24468,0.02114,172.31.40.0-255,66,136485,61,210413
24469,0.023487,172.217.194.0-255,5738,142223,61,210413
24470,0.023493,172.31.40.0-255,66,142289,61,210413
24471,0.025828,172.217.194.0-255,5738,148027,61,210413
24472,0.025835,172.31.40.0-255,66,148093,61,210413
24473,0.02816,172.217.194.0-255,5738,153831,61,210413
24474,0.028167,172.31.40.0-255,66,153897,61,210413
24475,0.029585,172.31.40.0-255,172,154069,61,210413
24476,0.029616,172.31.40.0-255,1119,155188,61,210413
24477,0.029676,172.31.40.0-255,1514,156702,61,210413
24478,0.029679,172.31.40.0-255,1277,157979,61,210413
24479,0.030525,172.217.194.0-255,5738,163717,61,210413
24480,0.030532,172.31.40.0-255,66,163783,61,210413
24481,0.031148,104.244.42.0-255,66,163849,61,210413
24482,0.031183,104.244.42.0-255,66,163915,61,210413
24483,0.031227,104.244.42.0-255,66,163981,61,210413
24484,0.032876,172.217.194.0-255,5738,169719,61,210413
24485,0.032882,172.31.40.0-255,66,169785,61,210413
24486,0.035228,172.217.194.0-255,5738,175523,61,210413
24487,0.035235,172.31.40.0-255,66,175589,61,210413
24488,0.037574,172.217.194.0-255,5738,181327,61,210413
24489,0.037581,172.31.40.0-255,66,181393,61,210413
24490,0.039923,172.217.194.0-255,5738,187131,61,210413
24491,0.039936,172.31.40.0-255,66,187197,61,210413
24492,0.042257,172.217.194.0-255,5738,192935,61,210413
24493,0.042263,172.31.40.0-255,66,193001,61,210413
24494,0.044594,172.217.194.0-255,5738,198739,61,210413
24495,0.044599,172.31.40.0-255,66,198805,61,210413
24496,0.046944,172.217.194.0-255,5738,204543,61,210413
24497,0.046951,172.31.40.0-255,66,204609,61,210413
24498,0.049315,172.217.194.0-255,5738,210347,61,210413
24499,0.049337,172.31.40.0-255,66,210413,61,210413
24500,0.0,74.125.24.0-255,148,148,61,225781
24501,1.9e-05,172.31.40.0-255,66,214,61,225781
24502,2.6e-05,74.125.24.0-255,1484,1698,61,225781
24503,3.1e-05,172.31.40.0-255,66,1764,61,225781
24504,3.5e-05,74.125.24.0-255,1484,3248,61,225781
24505,4.4e-05,172.31.40.0-255,66,3314,61,225781
24506,6.7e-05,74.125.24.0-255,1484,4798,61,225781
24507,7e-05,172.31.40.0-255,66,4864,61,225781
24508,7.9e-05,74.125.24.0-255,7156,12020,61,225781
24509,8.1e-05,172.31.40.0-255,66,12086,61,225781
24510,0.000126,172.31.40.0-255,66,12152,61,225781
24511,0.000143,172.31.40.0-255,66,12218,61,225781
24512,0.000175,172.31.40.0-255,66,12284,61,225781
24513,0.000204,74.125.24.0-255,5020,17304,61,225781
24514,0.000206,172.31.40.0-255,66,17370,61,225781
24515,0.000213,74.125.24.0-255,5738,23108,61,225781
24516,0.000216,172.31.40.0-255,66,23174,61,225781
24517,0.000251,74.125.24.0-255,5649,28823,61,225781
24518,0.000255,172.31.40.0-255,66,28889,61,225781
24519,0.000258,74.125.24.0-255,384,29273,61,225781
24520,0.00026,172.31.40.0-255,66,29339,61,225781
24521,0.000303,74.125.24.0-255,1484,30823,61,225781
24522,0.000305,172.31.40.0-255,66,30889,61,225781
24523,0.00031,74.125.24.0-255,2902,33791,61,225781
24524,0.000314,172.31.40.0-255,66,33857,61,225781
24525,0.000317,74.125.24.0-255,1484,35341,61,225781
24526,0.000323,172.31.40.0-255,66,35407,61,225781
24527,0.000349,74.125.24.0-255,4320,39727,61,225781
24528,0.000352,172.31.40.0-255,66,39793,61,225781
24529,0.000367,172.31.40.0-255,66,39859,61,225781
24530,0.000374,74.125.24.0-255,7156,47015,61,225781
24531,0.000377,172.31.40.0-255,66,47081,61,225781
24532,0.000398,74.125.24.0-255,1484,48565,61,225781
24533,0.000418,74.125.24.0-255,2184,50749,61,225781
24534,0.000421,172.31.40.0-255,66,50815,61,225781
24535,0.000764,74.125.24.0-255,1484,52299,61,225781
24536,0.000772,74.125.24.0-255,2902,55201,61,225781
24537,0.000776,172.31.40.0-255,66,55267,61,225781
24538,0.000783,74.125.24.0-255,4320,59587,61,225781
24539,0.000785,172.31.40.0-255,66,59653,61,225781
24540,0.000819,74.125.24.0-255,1484,61137,61,225781
24541,0.000834,172.31.40.0-255,66,61203,61,225781
24542,0.000846,172.31.40.0-255,66,61269,61,225781
24543,0.000971,74.125.24.0-255,1484,62753,61,225781
24544,0.000989,74.125.24.0-255,2902,65655,61,225781
24545,0.000993,172.31.40.0-255,66,65721,61,225781
24546,0.001,74.125.24.0-255,5738,71459,61,225781
24547,0.001002,172.31.40.0-255,66,71525,61,225781
24548,0.001047,172.31.40.0-255,66,71591,61,225781
24549,0.001084,172.31.40.0-255,66,71657,61,225781
24550,0.001107,74.125.24.0-255,1484,73141,61,225781
24551,0.001119,172.31.40.0-255,66,73207,61,225781
24552,0.00113,172.31.40.0-255,66,73273,61,225781
24553,0.001143,172.31.40.0-255,66,73339,61,225781
24554,0.001174,74.125.24.0-255,5020,78359,61,225781
24555,0.001177,172.31.40.0-255,66,78425,61,225781
24556,0.001206,172.31.40.0-255,66,78491,61,225781
24557,0.001226,74.125.24.0-255,7156,85647,61,225781
24558,0.001229,172.31.40.0-255,66,85713,61,225781
24559,0.001239,74.125.24.0-255,1484,87197,61,225781
24560,0.001256,74.125.24.0-255,5738,92935,61,225781
24561,0.001258,172.31.40.0-255,66,93001,61,225781
24562,0.0013,172.31.40.0-255,66,93067,61,225781
24563,0.001314,172.31.40.0-255,66,93133,61,225781
24564,0.001334,74.125.24.0-255,1484,94617,61,225781
24565,0.001358,172.31.40.0-255,66,94683,61,225781
24566,0.001363,74.125.24.0-255,2184,96867,61,225781
24567,0.001365,172.31.40.0-255,66,96933,61,225781
24568,0.001443,74.125.24.0-255,1484,98417,61,225781
24569,0.001463,74.125.24.0-255,2902,101319,61,225781
24570,0.001466,172.31.40.0-255,66,101385,61,225781
24571,0.001479,74.125.24.0-255,1484,102869,61,225781
24572,0.001498,74.125.24.0-255,4320,107189,61,225781
24573,0.001509,172.31.40.0-255,66,107255,61,225781
24574,0.001612,74.125.24.0-255,1484,108739,61,225781
24575,0.001618,172.31.40.0-255,66,108805,61,225781
24576,0.001628,74.125.24.0-255,2902,111707,61,225781
24577,0.001632,172.31.40.0-255,66,111773,61,225781
24578,0.001647,74.125.24.0-255,2902,114675,61,225781
24579,0.001672,74.125.24.0-255,2902,117577,61,225781
24580,0.001683,74.125.24.0-255,1484,119061,61,225781
24581,0.001686,74.125.24.0-255,1484,120545,61,225781
24582,0.001693,172.31.40.0-255,66,120611,61,225781
24583,0.001705,74.125.24.0-255,1484,122095,61,225781
24584,0.001714,74.125.24.0-255,2902,124997,61,225781
24585,0.00172,74.125.24.0-255,4320,129317,61,225781
24586,0.001742,74.125.24.0-255,1484,130801,61,225781
24587,0.001744,172.31.40.0-255,66,130867,61,225781
24588,0.001767,74.125.24.0-255,7156,138023,61,225781
24589,0.001772,74.125.24.0-255,2902,140925,61,225781
24590,0.001791,74.125.24.0-255,766,141691,61,225781
24591,0.0018,172.31.40.0-255,66,141757,61,225781
24592,0.00186,74.125.24.0-255,1484,143241,61,225781
24593,0.001876,74.125.24.0-255,2902,146143,61,225781
24594,0.001882,172.31.40.0-255,66,146209,61,225781
24595,0.001908,74.125.24.0-255,5738,151947,61,225781
24596,0.001918,172.31.40.0-255,66,152013,61,225781
24597,0.001929,74.125.24.0-255,5738,157751,61,225781
24598,0.001934,172.31.40.0-255,66,157817,61,225781
24599,0.001947,74.125.24.0-255,2902,160719,61,225781
24600,0.00197,74.125.24.0-255,2902,163621,61,225781
24601,0.001983,172.31.40.0-255,66,163687,61,225781
24602,0.00201,172.31.40.0-255,66,163753,61,225781
24603,0.002037,74.125.24.0-255,1484,165237,61,225781
24604,0.002042,74.125.24.0-255,2902,168139,61,225781
24605,0.002053,172.31.40.0-255,66,168205,61,225781
24606,0.002066,74.125.24.0-255,5738,173943,61,225781
24607,0.002074,74.125.24.0-255,2902,176845,61,225781
24608,0.002101,172.31.40.0-255,66,176911,61,225781
24609,0.004129,74.125.24.0-255,5738,182649,61,225781
24610,0.004134,172.31.40.0-255,66,182715,61,225781
24611,0.006161,74.125.24.0-255,5738,188453,61,225781
24612,0.006169,172.31.40.0-255,66,188519,61,225781
24613,0.008202,74.125.24.0-255,2902,191421,61,225781
24614,0.008206,172.31.40.0-255,66,191487,61,225781
24615,0.00823,74.125.24.0-255,2902,194389,61,225781
24616,0.008232,172.31.40.0-255,66,194455,61,225781
24617,0.010234,74.125.24.0-255,2902,197357,61,225781
24618,0.01024,172.31.40.0-255,66,197423,61,225781
24619,0.010268,74.125.24.0-255,2902,200325,61,225781
24620,0.010271,172.31.40.0-255,66,200391,61,225781
24621,0.012294,74.125.24.0-255,5738,206129,61,225781
24622,0.0123,172.31.40.0-255,66,206195,61,225781
24623,0.014327,74.125.24.0-255,5738,211933,61,225781
24624,0.014334,172.31.40.0-255,66,211999,61,225781
24625,0.016355,74.125.24.0-255,5738,217737,61,225781
24626,0.016362,172.31.40.0-255,66,217803,61,225781
24627,0.018377,74.125.24.0-255,2202,220005,61,225781
24628,0.018386,172.31.40.0-255,66,220071,61,225781
24629,0.021401,172.31.40.0-255,105,220176,61,225781
24630,0.023428,74.125.24.0-255,66,220242,61,225781
24631,0.031016,172.31.40.0-255,172,220414,61,225781
24632,0.031046,172.31.40.0-255,1119,221533,61,225781
24633,0.031102,172.31.40.0-255,1514,223047,61,225781
24634,0.031123,172.31.40.0-255,1514,224561,61,225781
24635,0.031126,172.31.40.0-255,956,225517,61,225781
24636,0.032536,104.244.42.0-255,66,225583,61,225781
24637,0.032576,104.244.42.0-255,66,225649,61,225781
24638,0.032706,104.244.42.0-255,66,225715,61,225781
24639,0.03271,104.244.42.0-255,66,225781,61,225781
24640,0.0,172.217.194.0-255,153,153,61,251366
24641,2.4e-05,172.31.40.0-255,66,219,61,251366
24642,3.2e-05,172.217.194.0-255,1484,1703,61,251366
24643,3.7e-05,172.31.40.0-255,66,1769,61,251366
24644,4.4e-05,172.217.194.0-255,2902,4671,61,251366
24645,4.8e-05,172.31.40.0-255,66,4737,61,251366
24646,5.5e-05,172.217.194.0-255,5738,10475,61,251366
24647,5.8e-05,172.31.40.0-255,66,10541,61,251366
24648,9.4e-05,172.31.40.0-255,66,10607,61,251366
24649,0.000106,172.31.40.0-255,66,10673,61,251366
24650,0.000109,172.217.194.0-255,1125,11798,61,251366
24651,0.000111,172.31.40.0-255,66,11864,61,251366
24652,0.000169,172.217.194.0-255,1484,13348,61,251366
24653,0.000172,172.31.40.0-255,66,13414,61,251366
24654,0.000178,172.217.194.0-255,2902,16316,61,251366
24655,0.000181,172.31.40.0-255,66,16382,61,251366
24656,0.000184,172.217.194.0-255,1484,17866,61,251366
24657,0.000186,172.31.40.0-255,66,17932,61,251366
24658,0.000216,172.217.194.0-255,4320,22252,61,251366
24659,0.00022,172.31.40.0-255,66,22318,61,251366
24660,0.000233,172.31.40.0-255,66,22384,61,251366
24661,0.000237,172.217.194.0-255,2902,25286,61,251366
24662,0.000239,172.31.40.0-255,66,25352,61,251366
24663,0.00026,172.217.194.0-255,7156,32508,61,251366
24664,0.000263,172.31.40.0-255,66,32574,61,251366
24665,0.000278,172.217.194.0-255,1092,33666,61,251366
24666,0.00028,172.31.40.0-255,66,33732,61,251366
24667,0.000332,172.217.194.0-255,1484,35216,61,251366
24668,0.000335,172.31.40.0-255,66,35282,61,251366
24669,0.000341,172.217.194.0-255,2902,38184,61,251366
24670,0.000344,172.31.40.0-255,66,38250,61,251366
24671,0.000361,172.217.194.0-255,5738,43988,61,251366
24672,0.000364,172.31.40.0-255,66,44054,61,251366
24673,0.000388,172.217.194.0-255,6533,50587,61,251366
24674,0.00039,172.31.40.0-255,66,50653,61,251366
24675,0.000607,172.217.194.0-255,1484,52137,61,251366
24676,0.000615,172.217.194.0-255,2902,55039,61,251366
24677,0.000618,172.31.40.0-255,66,55105,61,251366
24678,0.000639,172.217.194.0-255,4320,59425,61,251366
24679,0.000642,172.31.40.0-255,66,59491,61,251366
24680,0.000656,172.217.194.0-255,1484,60975,61,251366
24681,0.00067,172.31.40.0-255,66,61041,61,251366
24682,0.000696,172.217.194.0-255,1484,62525,61,251366
24683,0.00071,172.31.40.0-255,66,62591,61,251366
24684,0.001589,172.217.194.0-255,1484,64075,61,251366
24685,0.001598,172.217.194.0-255,2902,66977,61,251366
24686,0.001602,172.31.40.0-255,66,67043,61,251366
24687,0.001608,172.217.194.0-255,2902,69945,61,251366
24688,0.00161,172.31.40.0-255,66,70011,61,251366
24689,0.001625,172.217.194.0-255,2902,72913,61,251366
24690,0.001627,172.31.40.0-255,66,72979,61,251366
24691,0.001645,172.217.194.0-255,4320,77299,61,251366
24692,0.001647,172.31.40.0-255,66,77365,61,251366
24693,0.001673,172.31.40.0-255,66,77431,61,251366
24694,0.001702,172.31.40.0-255,66,77497,61,251366
24695,0.0019,172.217.194.0-255,1484,78981,61,251366
24696,0.001923,172.217.194.0-255,2902,81883,61,251366
24697,0.001927,172.31.40.0-255,66,81949,61,251366
24698,0.001935,172.217.194.0-255,5738,87687,61,251366
24699,0.001938,172.31.40.0-255,66,87753,61,251366
24700,0.001966,172.31.40.0-255,66,87819,61,251366
24701,0.002012,172.217.194.0-255,2902,90721,61,251366
24702,0.002014,172.31.40.0-255,66,90787,61,251366
24703,0.002033,172.217.194.0-255,7156,97943,61,251366
24704,0.002035,172.31.40.0-255,66,98009,61,251366
24705,0.002057,172.217.194.0-255,2184,100193,61,251366
24706,0.002059,172.31.40.0-255,66,100259,61,251366
24707,0.002066,172.217.194.0-255,7156,107415,61,251366
24708,0.002068,172.31.40.0-255,66,107481,61,251366
24709,0.002096,172.217.194.0-255,4320,111801,61,251366
24710,0.002099,172.31.40.0-255,66,111867,61,251366
24711,0.002113,172.31.40.0-255,66,111933,61,251366
24712,0.002125,172.31.40.0-255,66,111999,61,251366
24713,0.002191,172.217.194.0-255,4320,116319,61,251366
24714,0.002196,172.31.40.0-255,66,116385,61,251366
24715,0.002213,172.217.194.0-255,5738,122123,61,251366
24716,0.002215,172.31.40.0-255,66,122189,61,251366
24717,0.002229,172.31.40.0-255,66,122255,61,251366
24718,0.002237,172.217.194.0-255,7156,129411,61,251366
24719,0.002239,172.31.40.0-255,66,129477,61,251366
24720,0.002275,172.217.194.0-255,5020,134497,61,251366
24721,0.002279,172.31.40.0-255,66,134563,61,251366
24722,0.002287,172.217.194.0-255,2902,137465,61,251366
24723,0.00229,172.31.40.0-255,66,137531,61,251366
24724,0.002294,172.217.194.0-255,4320,141851,61,251366
24725,0.002297,172.31.40.0-255,66,141917,61,251366
24726,0.002307,172.31.40.0-255,66,141983,61,251366
24727,0.002323,172.31.40.0-255,66,142049,61,251366
24728,0.002339,172.217.194.0-255,2902,144951,61,251366
24729,0.002341,172.217.194.0-255,766,145717,61,251366
24730,0.002344,172.31.40.0-255,66,145783,61,251366
24731,0.00349,172.31.40.0-255,66,145849,61,251366
24732,0.004938,172.217.194.0-255,1484,147333,61,251366
24733,0.004964,172.217.194.0-255,2902,150235,61,251366
24734,0.00497,172.31.40.0-255,66,150301,61,251366
24735,0.00611,172.217.194.0-255,1484,151785,61,251366
24736,0.007639,172.217.194.0-255,4320,156105,61,251366
24737,0.007643,172.31.40.0-255,66,156171,61,251366
24738,0.010277,172.217.194.0-255,5738,161909,61,251366
24739,0.010284,172.31.40.0-255,66,161975,61,251366
24740,0.012977,172.217.194.0-255,5738,167713,61,251366
24741,0.012996,172.31.40.0-255,66,167779,61,251366
24742,0.01563,172.217.194.0-255,5738,173517,61,251366
24743,0.015639,172.31.40.0-255,66,173583,61,251366
24744,0.018262,172.217.194.0-255,5738,179321,61,251366
24745,0.018272,172.31.40.0-255,66,179387,61,251366
24746,0.020953,172.217.194.0-255,5738,185125,61,251366
24747,0.020962,172.31.40.0-255,66,185191,61,251366
24748,0.023612,172.217.194.0-255,5738,190929,61,251366
24749,0.02363,172.31.40.0-255,66,190995,61,251366
24750,0.026247,172.217.194.0-255,5738,196733,61,251366
24751,0.026256,172.31.40.0-255,66,196799,61,251366
24752,0.028886,172.217.194.0-255,5738,202537,61,251366
24753,0.028894,172.31.40.0-255,66,202603,61,251366
24754,0.031563,172.217.194.0-255,5738,208341,61,251366
24755,0.031581,172.31.40.0-255,66,208407,61,251366
24756,0.034201,172.217.194.0-255,5738,214145,61,251366
24757,0.034214,172.31.40.0-255,66,214211,61,251366
24758,0.036897,172.217.194.0-255,5738,219949,61,251366
24759,0.036907,172.31.40.0-255,66,220015,61,251366
24760,0.039585,172.217.194.0-255,5738,225753,61,251366
24761,0.039603,172.31.40.0-255,66,225819,61,251366
24762,0.042245,172.217.194.0-255,5738,231557,61,251366
24763,0.042252,172.31.40.0-255,66,231623,61,251366
24764,0.042727,172.31.40.0-255,172,231795,61,251366
24765,0.042759,172.31.40.0-255,1121,232916,61,251366
24766,0.042827,172.31.40.0-255,1514,234430,61,251366
24767,0.042829,172.31.40.0-255,1514,235944,61,251366
24768,0.04283,172.31.40.0-255,1514,237458,61,251366
24769,0.042863,172.31.40.0-255,1514,238972,61,251366
24770,0.042865,172.31.40.0-255,522,239494,61,251366
24771,0.044271,104.244.42.0-255,66,239560,61,251366
24772,0.044344,104.244.42.0-255,66,239626,61,251366
24773,0.044385,104.244.42.0-255,66,239692,61,251366
24774,0.044436,104.244.42.0-255,66,239758,61,251366
24775,0.044929,172.217.194.0-255,5738,245496,61,251366
24776,0.044938,172.31.40.0-255,66,245562,61,251366
24777,0.047592,172.217.194.0-255,5738,251300,61,251366
24778,0.047618,172.31.40.0-255,66,251366,61,251366
24779,0.0,74.125.130.0-255,153,153,61,331941
24780,1.9e-05,172.31.40.0-255,66,219,61,331941
24781,2.6e-05,74.125.130.0-255,1484,1703,61,331941
24782,3e-05,172.31.40.0-255,66,1769,61,331941
24783,3.5e-05,74.125.130.0-255,2902,4671,61,331941
24784,3.7e-05,172.31.40.0-255,66,4737,61,331941
24785,7.9e-05,74.125.130.0-255,7156,11893,61,331941
24786,8.3e-05,172.31.40.0-255,66,11959,61,331941
24787,0.00011,74.125.130.0-255,2029,13988,61,331941
24788,0.000112,172.31.40.0-255,66,14054,61,331941
24789,0.00023,74.125.130.0-255,1484,15538,61,331941
24790,0.000233,172.31.40.0-255,66,15604,61,331941
24791,0.000238,74.125.130.0-255,2902,18506,61,331941
24792,0.000241,172.31.40.0-255,66,18572,61,331941
24793,0.000268,74.125.130.0-255,5738,24310,61,331941
24794,0.000271,172.31.40.0-255,66,24376,61,331941
24795,0.000273,74.125.130.0-255,1484,25860,61,331941
24796,0.000275,172.31.40.0-255,66,25926,61,331941
24797,0.000302,74.125.130.0-255,5379,31305,61,331941
24798,0.000305,172.31.40.0-255,66,31371,61,331941
24799,0.00031,74.125.130.0-255,4320,35691,61,331941
24800,0.000313,172.31.40.0-255,66,35757,61,331941
24801,0.000337,74.125.130.0-255,2902,38659,61,331941
24802,0.000339,172.31.40.0-255,66,38725,61,331941
24803,0.00035,172.31.40.0-255,66,38791,61,331941
24804,0.000353,74.125.130.0-255,1484,40275,61,331941
24805,0.000354,172.31.40.0-255,66,40341,61,331941
24806,0.000376,74.125.130.0-255,7156,47497,61,331941
24807,0.000378,172.31.40.0-255,66,47563,61,331941
24808,0.000421,172.31.40.0-255,66,47629,61,331941
24809,0.000423,74.125.130.0-255,378,48007,61,331941
24810,0.000474,74.125.130.0-255,365,48372,61,331941
24811,0.000673,74.125.130.0-255,1484,49856,61,331941
24812,0.000677,172.31.40.0-255,66,49922,61,331941
24813,0.000694,74.125.130.0-255,2902,52824,61,331941
24814,0.000697,172.31.40.0-255,66,52890,61,331941
24815,0.000712,74.125.130.0-255,5738,58628,61,331941
24816,0.000717,74.125.130.0-255,1484,60112,61,331941
24817,0.000722,172.31.40.0-255,66,60178,61,331941
24818,0.000749,74.125.130.0-255,2902,63080,61,331941
24819,0.000752,172.31.40.0-255,66,63146,61,331941
24820,0.000757,74.125.130.0-255,5738,68884,61,331941
24821,0.000759,172.31.40.0-255,66,68950,61,331941
24822,0.000762,74.125.130.0-255,1484,70434,61,331941
24823,0.000795,74.125.130.0-255,4320,74754,61,331941
24824,0.000798,172.31.40.0-255,66,74820,61,331941
24825,0.000805,74.125.130.0-255,7156,81976,61,331941
24826,0.000807,172.31.40.0-255,66,82042,61,331941
24827,0.000809,74.125.130.0-255,766,82808,61,331941
24828,0.001161,74.125.130.0-255,1484,84292,61,331941
24829,0.001165,172.31.40.0-255,66,84358,61,331941
24830,0.001171,74.125.130.0-255,2902,87260,61,331941
24831,0.001172,172.31.40.0-255,66,87326,61,331941
24832,0.00119,74.125.130.0-255,4320,91646,61,331941
24833,0.001192,172.31.40.0-255,66,91712,61,331941
24834,0.001227,172.31.40.0-255,66,91778,61,331941
24835,0.001232,74.125.130.0-255,4320,96098,61,331941
24836,0.001234,172.31.40.0-255,66,96164,61,331941
24837,0.001237,74.125.130.0-255,1484,97648,61,331941
24838,0.001267,74.125.130.0-255,4320,101968,61,331941
24839,0.00127,172.31.40.0-255,66,102034,61,331941
24840,0.001299,74.125.130.0-255,6438,108472,61,331941
24841,0.001301,172.31.40.0-255,66,108538,61,331941
24842,0.001405,74.125.130.0-255,1484,110022,61,331941
24843,0.00141,74.125.130.0-255,2902,112924,61,331941
24844,0.001412,172.31.40.0-255,66,112990,61,331941
24845,0.001442,74.125.130.0-255,2902,115892,61,331941
24846,0.001445,172.31.40.0-255,66,115958,61,331941
24847,0.001449,74.125.130.0-255,2902,118860,61,331941
24848,0.00145,172.31.40.0-255,66,118926,61,331941
24849,0.001476,74.125.130.0-255,1484,120410,61,331941
24850,0.001486,172.31.40.0-255,66,120476,61,331941
24851,0.001491,74.125.130.0-255,4320,124796,61,331941
24852,0.001493,172.31.40.0-255,66,124862,61,331941
24853,0.001525,74.125.130.0-255,5738,130600,61,331941
24854,0.001527,172.31.40.0-255,66,130666,61,331941
24855,0.001553,74.125.130.0-255,3602,134268,61,331941
24856,0.001555,172.31.40.0-255,66,134334,61,331941
24857,0.001793,74.125.130.0-255,1484,135818,61,331941
24858,0.001798,74.125.130.0-255,2902,138720,61,331941
24859,0.001801,172.31.40.0-255,66,138786,61,331941
24860,0.001836,74.125.130.0-255,5738,144524,61,331941
24861,0.001839,172.31.40.0-255,66,144590,61,331941
24862,0.001843,74.125.130.0-255,2902,147492,61,331941
24863,0.001844,172.31.40.0-255,66,147558,61,331941
24864,0.00185,74.125.130.0-255,4320,151878,61,331941
24865,0.001851,172.31.40.0-255,66,151944,61,331941
24866,0.001862,74.125.130.0-255,1484,153428,61,331941
24867,0.001887,74.125.130.0-255,7156,160584,61,331941
24868,0.001889,172.31.40.0-255,66,160650,61,331941
24869,0.001894,74.125.130.0-255,4320,164970,61,331941
24870,0.001896,172.31.40.0-255,66,165036,61,331941
24871,0.001911,74.125.130.0-255,1484,166520,61,331941
24872,0.001935,74.125.130.0-255,2184,168704,61,331941
24873,0.001938,172.31.40.0-255,66,168770,61,331941
24874,0.002126,74.125.130.0-255,1484,170254,61,331941
24875,0.00213,74.125.130.0-255,1484,171738,61,331941
24876,0.002133,172.31.40.0-255,66,171804,61,331941
24877,0.002148,74.125.130.0-255,1484,173288,61,331941
24878,0.002161,74.125.130.0-255,1484,174772,61,331941
24879,0.002163,172.31.40.0-255,66,174838,61,331941
24880,0.002188,74.125.130.0-255,4320,179158,61,331941
24881,0.00219,172.31.40.0-255,66,179224,61,331941
24882,0.002197,74.125.130.0-255,7156,186380,61,331941
24883,0.002198,172.31.40.0-255,66,186446,61,331941
24884,0.00222,74.125.130.0-255,4320,190766,61,331941
24885,0.002223,172.31.40.0-255,66,190832,61,331941
24886,0.002232,74.125.130.0-255,7156,197988,61,331941
24887,0.002235,172.31.40.0-255,66,198054,61,331941
24888,0.002263,74.125.130.0-255,5020,203074,61,331941
24889,0.002266,172.31.40.0-255,66,203140,61,331941
24890,0.002268,74.125.130.0-255,1484,204624,61,331941
24891,0.002272,74.125.130.0-255,2902,207526,61,331941
24892,0.002274,172.31.40.0-255,66,207592,61,331941
24893,0.002279,74.125.130.0-255,5738,213330,61,331941
24894,0.002281,172.31.40.0-255,66,213396,61,331941
24895,0.002306,74.125.130.0-255,1484,214880,61,331941
24896,0.002339,74.125.130.0-255,5738,220618,61,331941
24897,0.002342,172.31.40.0-255,66,220684,61,331941
24898,0.002351,172.31.40.0-255,66,220750,61,331941
24899,0.00236,172.31.40.0-255,66,220816,61,331941
24900,0.0024,172.31.40.0-255,66,220882,61,331941
24901,0.002403,74.125.130.0-255,2902,223784,61,331941
24902,0.002405,172.31.40.0-255,66,223850,61,331941
24903,0.002444,172.31.40.0-255,66,223916,61,331941
24904,0.002449,74.125.130.0-255,4320,228236,61,331941
24905,0.002451,172.31.40.0-255,66,228302,61,331941
24906,0.002472,74.125.130.0-255,2902,231204,61,331941
24907,0.002474,172.31.40.0-255,66,231270,61,331941
24908,0.002481,74.125.130.0-255,2902,234172,61,331941
24909,0.002483,172.31.40.0-255,66,234238,61,331941
24910,0.002503,74.125.130.0-255,5020,239258,61,331941
24911,0.002505,172.31.40.0-255,66,239324,61,331941
24912,0.00251,74.125.130.0-255,1484,240808,61,331941
24913,0.002513,74.125.130.0-255,1484,242292,61,331941
24914,0.002515,172.31.40.0-255,66,242358,61,331941
24915,0.002537,74.125.130.0-255,4320,246678,61,331941
24916,0.002539,172.31.40.0-255,66,246744,61,331941
24917,0.004999,74.125.130.0-255,1484,248228,61,331941
24918,0.005031,74.125.130.0-255,4320,252548,61,331941
24919,0.005036,172.31.40.0-255,66,252614,61,331941
24920,0.007545,74.125.130.0-255,5738,258352,61,331941
24921,0.007553,172.31.40.0-255,66,258418,61,331941
24922,0.010081,74.125.130.0-255,5738,264156,61,331941
24923,0.010098,172.31.40.0-255,66,264222,61,331941
24924,0.012624,74.125.130.0-255,5738,269960,61,331941
24925,0.012639,172.31.40.0-255,66,270026,61,331941
24926,0.015153,74.125.130.0-255,5738,275764,61,331941
24927,0.015165,172.31.40.0-255,66,275830,61,331941
24928,0.017691,74.125.130.0-255,5738,281568,61,331941
24929,0.017708,172.31.40.0-255,66,281634,61,331941
24930,0.020223,74.125.130.0-255,5738,287372,61,331941
24931,0.020231,172.31.40.0-255,66,287438,61,331941
24932,0.022756,74.125.130.0-255,5738,293176,61,331941
24933,0.022764,172.31.40.0-255,66,293242,61,331941
24934,0.025273,74.125.130.0-255,5738,298980,61,331941
24935,0.025281,172.31.40.0-255,66,299046,61,331941
24936,0.027784,74.125.130.0-255,5738,304784,61,331941
24937,0.02779,172.31.40.0-255,66,304850,61,331941
24938,0.030295,74.125.130.0-255,5738,310588,61,331941
24939,0.030303,172.31.40.0-255,66,310654,61,331941
24940,0.032816,74.125.130.0-255,5738,316392,61,331941
24941,0.032826,172.31.40.0-255,66,316458,61,331941
24942,0.035336,74.125.130.0-255,5738,322196,61,331941
24943,0.035345,172.31.40.0-255,66,322262,61,331941
24944,0.037878,74.125.130.0-255,5738,328000,61,331941
24945,0.037894,172.31.40.0-255,66,328066,61,331941
24946,0.040397,74.125.130.0-255,3638,331704,61,331941
24947,0.04041,172.31.40.0-255,66,331770,61,331941
24948,0.044003,172.31.40.0-255,105,331875,61,331941
24949,0.04648,74.125.130.0-255,66,331941,61,331941
24950,0.0,74.125.24.0-255,146,146,61,241924
24951,1.6e-05,172.31.40.0-255,66,212,61,241924
24952,2.3e-05,74.125.24.0-255,1484,1696,61,241924
24953,2.8e-05,172.31.40.0-255,66,1762,61,241924
24954,4.1e-05,74.125.24.0-255,2902,4664,61,241924
24955,4.4e-05,172.31.40.0-255,66,4730,61,241924
24956,4.7e-05,74.125.24.0-255,1484,6214,61,241924
24957,5e-05,172.31.40.0-255,66,6280,61,241924
24958,8.8e-05,74.125.24.0-255,5738,12018,61,241924
24959,9.1e-05,172.31.40.0-255,66,12084,61,241924
24960,9.6e-05,74.125.24.0-255,2035,14119,61,241924
24961,9.7e-05,172.31.40.0-255,66,14185,61,241924
24962,0.000111,172.31.40.0-255,66,14251,61,241924
24963,0.000123,74.125.24.0-255,5379,19630,61,241924
24964,0.000126,172.31.40.0-255,66,19696,61,241924
24965,0.000182,74.125.24.0-255,1484,21180,61,241924
24966,0.000185,172.31.40.0-255,66,21246,61,241924
24967,0.00019,74.125.24.0-255,2902,24148,61,241924
24968,0.000192,172.31.40.0-255,66,24214,61,241924
24969,0.000203,74.125.24.0-255,5738,29952,61,241924
24970,0.000205,172.31.40.0-255,66,30018,61,241924
24971,0.00024,172.31.40.0-255,66,30084,61,241924
24972,0.000252,172.31.40.0-255,66,30150,61,241924
24973,0.000257,74.125.24.0-255,2902,33052,61,241924
24974,0.000258,172.31.40.0-255,66,33118,61,241924
24975,0.000293,74.125.24.0-255,4239,37357,61,241924
24976,0.000297,172.31.40.0-255,66,37423,61,241924
24977,0.000392,74.125.24.0-255,132,37555,61,241924
24978,0.000395,172.31.40.0-255,66,37621,61,241924
24979,0.000407,74.125.24.0-255,343,37964,61,241924
24980,0.000534,74.125.24.0-255,1484,39448,61,241924
24981,0.00054,74.125.24.0-255,2902,42350,61,241924
24982,0.000555,74.125.24.0-255,2902,45252,61,241924
24983,0.000575,74.125.24.0-255,2902,48154,61,241924
24984,0.000583,74.125.24.0-255,7156,55310,61,241924
24985,0.000607,74.125.24.0-255,5738,61048,61,241924
24986,0.000611,74.125.24.0-255,1484,62532,61,241924
24987,0.000625,74.125.24.0-255,4320,66852,61,241924
24988,0.000639,74.125.24.0-255,5020,71872,61,241924
24989,0.000747,172.31.40.0-255,66,71938,61,241924
24990,0.001377,74.125.24.0-255,1484,73422,61,241924
24991,0.001396,74.125.24.0-255,2902,76324,61,241924
24992,0.001401,172.31.40.0-255,66,76390,61,241924
24993,0.001405,74.125.24.0-255,1484,77874,61,241924
24994,0.001437,74.125.24.0-255,4320,82194,61,241924
24995,0.001445,74.125.24.0-255,7156,89350,61,241924
24996,0.001469,74.125.24.0-255,1484,90834,61,241924
24997,0.001472,172.31.40.0-255,66,90900,61,241924
24998,0.001513,74.125.24.0-255,2184,93084,61,241924
24999,0.001522,172.31.40.0-255,66,93150,61,241924
25000,0.001568,74.125.24.0-255,5738,98888,61,241924
25001,0.001575,74.125.24.0-255,7156,106044,61,241924
25002,0.001608,74.125.24.0-255,3602,109646,61,241924
25003,0.001612,172.31.40.0-255,66,109712,61,241924
25004,0.00168,172.31.40.0-255,66,109778,61,241924
25005,0.00169,74.125.24.0-255,2902,112680,61,241924
25006,0.001717,74.125.24.0-255,2184,114864,61,241924
25007,0.001731,172.31.40.0-255,66,114930,61,241924
25008,0.001743,74.125.24.0-255,1484,116414,61,241924
25009,0.001839,74.125.24.0-255,2184,118598,61,241924
25010,0.001845,172.31.40.0-255,66,118664,61,241924
25011,0.001947,74.125.24.0-255,1484,120148,61,241924
25012,0.001951,74.125.24.0-255,1484,121632,61,241924
25013,0.001964,172.31.40.0-255,66,121698,61,241924
25014,0.001968,74.125.24.0-255,1484,123182,61,241924
25015,0.001974,74.125.24.0-255,5738,128920,61,241924
25016,0.001994,172.31.40.0-255,66,128986,61,241924
25017,0.002001,74.125.24.0-255,5738,134724,61,241924
25018,0.00203,74.125.24.0-255,7156,141880,61,241924
25019,0.002053,172.31.40.0-255,66,141946,61,241924
25020,0.002063,74.125.24.0-255,2902,144848,61,241924
25021,0.002069,172.31.40.0-255,66,144914,61,241924
25022,0.00211,172.31.40.0-255,66,144980,61,241924
25023,0.002185,74.125.24.0-255,1484,146464,61,241924
25024,0.002198,74.125.24.0-255,2902,149366,61,241924
25025,0.00221,74.125.24.0-255,1484,150850,61,241924
25026,0.002234,74.125.24.0-255,4320,155170,61,241924
25027,0.002242,172.31.40.0-255,66,155236,61,241924
25028,0.002261,172.31.40.0-255,66,155302,61,241924
25029,0.00228,74.125.24.0-255,4320,159622,61,241924
25030,0.002309,74.125.24.0-255,2902,162524,61,241924
25031,0.002324,74.125.24.0-255,4320,166844,61,241924
25032,0.002343,172.31.40.0-255,66,166910,61,241924
25033,0.002355,74.125.24.0-255,4320,171230,61,241924
25034,0.002398,74.125.24.0-255,2902,174132,61,241924
25035,0.002401,172.31.40.0-255,66,174198,61,241924
25036,0.002406,172.31.40.0-255,66,174264,61,241924
25037,0.002453,74.125.24.0-255,5738,180002,61,241924
25038,0.002474,172.31.40.0-255,66,180068,61,241924
25039,0.004876,74.125.24.0-255,5738,185806,61,241924
25040,0.004883,172.31.40.0-255,66,185872,61,241924
25041,0.007286,74.125.24.0-255,4320,190192,61,241924
25042,0.007298,74.125.24.0-255,1484,191676,61,241924
25043,0.009039,172.31.40.0-255,66,191742,61,241924
25044,0.011516,74.125.24.0-255,5738,197480,61,241924
25045,0.011523,172.31.40.0-255,66,197546,61,241924
25046,0.013915,74.125.24.0-255,5738,203284,61,241924
25047,0.013923,172.31.40.0-255,66,203350,61,241924
25048,0.016325,74.125.24.0-255,5738,209088,61,241924
25049,0.016333,172.31.40.0-255,66,209154,61,241924
25050,0.018833,74.125.24.0-255,5738,214892,61,241924
25051,0.018841,172.31.40.0-255,66,214958,61,241924
25052,0.021274,74.125.24.0-255,5738,220696,61,241924
25053,0.021283,172.31.40.0-255,66,220762,61,241924
25054,0.023685,74.125.24.0-255,5738,226500,61,241924
25055,0.023692,172.31.40.0-255,66,226566,61,241924
25056,0.026088,74.125.24.0-255,5738,232304,61,241924
25057,0.026095,172.31.40.0-255,66,232370,61,241924
25058,0.028497,74.125.24.0-255,5149,237519,61,241924
25059,0.028505,172.31.40.0-255,66,237585,61,241924
25060,0.028695,172.31.40.0-255,105,237690,61,241924
25061,0.031016,74.125.24.0-255,66,237756,61,241924
25062,0.045785,172.31.40.0-255,172,237928,61,241924
25063,0.045814,172.31.40.0-255,1119,239047,61,241924
25064,0.045873,172.31.40.0-255,1514,240561,61,241924
25065,0.045874,172.31.40.0-255,1165,241726,61,241924
25066,0.047334,104.244.42.0-255,66,241792,61,241924
25067,0.047366,104.244.42.0-255,66,241858,61,241924
25068,0.047431,104.244.42.0-255,66,241924,61,241924
25069,0.0,172.217.194.0-255,146,146,61,230593
25070,2.3e-05,172.31.40.0-255,66,212,61,230593
25071,3.1e-05,172.217.194.0-255,1484,1696,61,230593
25072,3.6e-05,172.31.40.0-255,66,1762,61,230593
25073,5e-05,172.217.194.0-255,2902,4664,61,230593
25074,5.3e-05,172.31.40.0-255,66,4730,61,230593
25075,6.1e-05,172.217.194.0-255,7156,11886,61,230593
25076,6.4e-05,172.31.40.0-255,66,11952,61,230593
25077,6.8e-05,172.217.194.0-255,2137,14089,61,230593
25078,7.1e-05,172.31.40.0-255,66,14155,61,230593
25079,9.7e-05,172.217.194.0-255,2902,17057,61,230593
25080,0.0001,172.31.40.0-255,66,17123,61,230593
25081,0.000105,172.217.194.0-255,4320,21443,61,230593
25082,0.000107,172.31.40.0-255,66,21509,61,230593
25083,0.00012,172.217.194.0-255,5738,27247,61,230593
25084,0.000122,172.31.40.0-255,66,27313,61,230593
25085,0.000157,172.31.40.0-255,66,27379,61,230593
25086,0.000163,172.217.194.0-255,5738,33117,61,230593
25087,0.000166,172.31.40.0-255,66,33183,61,230593
25088,0.00019,172.217.194.0-255,2902,36085,61,230593
25089,0.000193,172.31.40.0-255,66,36151,61,230593
25090,0.000198,172.217.194.0-255,3961,40112,61,230593
25091,0.000201,172.31.40.0-255,66,40178,61,230593
25092,0.000317,172.217.194.0-255,1484,41662,61,230593
25093,0.000321,172.31.40.0-255,66,41728,61,230593
25094,0.000327,172.217.194.0-255,2902,44630,61,230593
25095,0.000329,172.31.40.0-255,66,44696,61,230593
25096,0.000358,172.217.194.0-255,5738,50434,61,230593
25097,0.000361,172.31.40.0-255,66,50500,61,230593
25098,0.000368,172.217.194.0-255,6797,57297,61,230593
25099,0.000371,172.31.40.0-255,66,57363,61,230593
25100,0.000373,172.217.194.0-255,364,57727,61,230593
25101,0.000774,172.217.194.0-255,380,58107,61,230593
25102,0.000928,172.217.194.0-255,1484,59591,61,230593
25103,0.000933,172.31.40.0-255,66,59657,61,230593
25104,0.000938,172.217.194.0-255,2902,62559,61,230593
25105,0.000941,172.31.40.0-255,66,62625,61,230593
25106,0.000945,172.217.194.0-255,2902,65527,61,230593
25107,0.000947,172.31.40.0-255,66,65593,61,230593
25108,0.000976,172.217.194.0-255,2902,68495,61,230593
25109,0.000978,172.31.40.0-255,66,68561,61,230593
25110,0.000986,172.217.194.0-255,6797,75358,61,230593
25111,0.000988,172.31.40.0-255,66,75424,61,230593
25112,0.001011,172.217.194.0-255,1484,76908,61,230593
25113,0.001046,172.31.40.0-255,66,76974,61,230593
25114,0.001073,172.217.194.0-255,2543,79517,61,230593
25115,0.001076,172.31.40.0-255,66,79583,61,230593
25116,0.002011,172.217.194.0-255,1484,81067,61,230593
25117,0.002021,172.217.194.0-255,2902,83969,61,230593
25118,0.002025,172.31.40.0-255,66,84035,61,230593
25119,0.00203,172.217.194.0-255,2902,86937,61,230593
25120,0.002032,172.31.40.0-255,66,87003,61,230593
25121,0.002058,172.217.194.0-255,1484,88487,61,230593
25122,0.002068,172.31.40.0-255,66,88553,61,230593
25123,0.002093,172.217.194.0-255,7156,95709,61,230593
25124,0.002095,172.31.40.0-255,66,95775,61,230593
25125,0.002126,172.31.40.0-255,66,95841,61,230593
25126,0.002129,172.217.194.0-255,1484,97325,61,230593
25127,0.002132,172.217.194.0-255,2902,100227,61,230593
25128,0.002134,172.31.40.0-255,66,100293,61,230593
25129,0.002158,172.217.194.0-255,5738,106031,61,230593
25130,0.00216,172.31.40.0-255,66,106097,61,230593
25131,0.002193,172.217.194.0-255,4320,110417,61,230593
25132,0.002195,172.31.40.0-255,66,110483,61,230593
25133,0.002232,172.31.40.0-255,66,110549,61,230593
25134,0.002244,172.31.40.0-255,66,110615,61,230593
25135,0.002282,172.31.40.0-255,66,110681,61,230593
25136,0.002283,172.31.40.0-255,66,110747,61,230593
25137,0.002326,172.31.40.0-255,66,110813,61,230593
25138,0.002342,172.31.40.0-255,66,110879,61,230593
25139,0.002347,172.217.194.0-255,3602,114481,61,230593
25140,0.002349,172.31.40.0-255,66,114547,61,230593
25141,0.0024,172.217.194.0-255,4320,118867,61,230593
25142,0.002403,172.31.40.0-255,66,118933,61,230593
25143,0.002439,172.31.40.0-255,66,118999,61,230593
25144,0.002453,172.31.40.0-255,66,119065,61,230593
25145,0.002491,172.31.40.0-255,66,119131,61,230593
25146,0.002505,172.31.40.0-255,66,119197,61,230593
25147,0.002537,172.217.194.0-255,6438,125635,61,230593
25148,0.00254,172.31.40.0-255,66,125701,61,230593
25149,0.002548,172.217.194.0-255,7156,132857,61,230593
25150,0.002551,172.31.40.0-255,66,132923,61,230593
25151,0.002601,172.31.40.0-255,66,132989,61,230593
25152,0.002604,172.217.194.0-255,1484,134473,61,230593
25153,0.005185,172.217.194.0-255,4320,138793,61,230593
25154,0.00519,172.31.40.0-255,66,138859,61,230593
25155,0.007769,172.217.194.0-255,5738,144597,61,230593
25156,0.007779,172.31.40.0-255,66,144663,61,230593
25157,0.01036,172.217.194.0-255,5738,150401,61,230593
25158,0.010378,172.31.40.0-255,66,150467,61,230593
25159,0.012948,172.217.194.0-255,5738,156205,61,230593
25160,0.012963,172.31.40.0-255,66,156271,61,230593
25161,0.015526,172.217.194.0-255,5738,162009,61,230593
25162,0.015537,172.31.40.0-255,66,162075,61,230593
25163,0.01812,172.217.194.0-255,5738,167813,61,230593
25164,0.018139,172.31.40.0-255,66,167879,61,230593
25165,0.020716,172.217.194.0-255,5738,173617,61,230593
25166,0.020722,172.31.40.0-255,66,173683,61,230593
25167,0.023283,172.217.194.0-255,5738,179421,61,230593
25168,0.023294,172.31.40.0-255,66,179487,61,230593
25169,0.025858,172.217.194.0-255,5738,185225,61,230593
25170,0.025866,172.31.40.0-255,66,185291,61,230593
25171,0.028445,172.217.194.0-255,5738,191029,61,230593
25172,0.028453,172.31.40.0-255,66,191095,61,230593
25173,0.031018,172.217.194.0-255,5738,196833,61,230593
25174,0.031029,172.31.40.0-255,66,196899,61,230593
25175,0.033571,172.217.194.0-255,5738,202637,61,230593
25176,0.03358,172.31.40.0-255,66,202703,61,230593
25177,0.036131,172.217.194.0-255,5738,208441,61,230593
25178,0.036139,172.31.40.0-255,66,208507,61,230593
25179,0.038697,172.217.194.0-255,5738,214245,61,230593
25180,0.038714,172.31.40.0-255,66,214311,61,230593
25181,0.041261,172.217.194.0-255,5738,220049,61,230593
25182,0.041276,172.31.40.0-255,66,220115,61,230593
25183,0.043823,172.217.194.0-255,5738,225853,61,230593
25184,0.043831,172.31.40.0-255,66,225919,61,230593
25185,0.046401,172.217.194.0-255,4437,230356,61,230593
25186,0.046418,172.31.40.0-255,66,230422,61,230593
25187,0.046677,172.31.40.0-255,105,230527,61,230593
25188,0.049217,172.217.194.0-255,66,230593,61,230593
25189,0.0,74.125.24.0-255,146,146,61,282064
25190,1.5e-05,172.31.40.0-255,66,212,61,282064
25191,3.4e-05,74.125.24.0-255,1484,1696,61,282064
25192,3.7e-05,172.31.40.0-255,66,1762,61,282064
25193,4e-05,74.125.24.0-255,1484,3246,61,282064
25194,4.4e-05,172.31.40.0-255,66,3312,61,282064
25195,6.9e-05,74.125.24.0-255,1484,4796,61,282064
25196,7.2e-05,172.31.40.0-255,66,4862,61,282064
25197,7.8e-05,74.125.24.0-255,5738,10600,61,282064
25198,8e-05,172.31.40.0-255,66,10666,61,282064
25199,0.000101,74.125.24.0-255,1484,12150,61,282064
25200,0.000102,172.31.40.0-255,66,12216,61,282064
25201,0.000132,172.31.40.0-255,66,12282,61,282064
25202,0.000147,74.125.24.0-255,4320,16602,61,282064
25203,0.00015,172.31.40.0-255,66,16668,61,282064
25204,0.000172,74.125.24.0-255,3961,20629,61,282064
25205,0.000174,172.31.40.0-255,66,20695,61,282064
25206,0.000258,74.125.24.0-255,1484,22179,61,282064
25207,0.000261,172.31.40.0-255,66,22245,61,282064
25208,0.000274,74.125.24.0-255,2902,25147,61,282064
25209,0.000276,172.31.40.0-255,66,25213,61,282064
25210,0.000278,74.125.24.0-255,1484,26697,61,282064
25211,0.00028,172.31.40.0-255,66,26763,61,282064
25212,0.000295,74.125.24.0-255,4320,31083,61,282064
25213,0.000297,172.31.40.0-255,66,31149,61,282064
25214,0.000301,74.125.24.0-255,4320,35469,61,282064
25215,0.000303,172.31.40.0-255,66,35535,61,282064
25216,0.000325,74.125.24.0-255,1484,37019,61,282064
25217,0.000327,172.31.40.0-255,66,37085,61,282064
25218,0.000334,74.125.24.0-255,7156,44241,61,282064
25219,0.000336,172.31.40.0-255,66,44307,61,282064
25220,0.000356,74.125.24.0-255,2902,47209,61,282064
25221,0.000358,172.31.40.0-255,66,47275,61,282064
25222,0.000386,172.31.40.0-255,66,47341,61,282064
25223,0.000396,74.125.24.0-255,402,47743,61,282064
25224,0.000462,74.125.24.0-255,108,47851,61,282064
25225,0.000923,172.31.40.0-255,66,47917,61,282064
25226,0.001196,74.125.24.0-255,1484,49401,61,282064
25227,0.001204,74.125.24.0-255,2902,52303,61,282064
25228,0.001207,172.31.40.0-255,66,52369,61,282064
25229,0.001213,74.125.24.0-255,2902,55271,61,282064
25230,0.001214,172.31.40.0-255,66,55337,61,282064
25231,0.00123,74.125.24.0-255,2902,58239,61,282064
25232,0.001232,172.31.40.0-255,66,58305,61,282064
25233,0.001236,74.125.24.0-255,2902,61207,61,282064
25234,0.001238,172.31.40.0-255,66,61273,61,282064
25235,0.001261,172.31.40.0-255,66,61339,61,282064
25236,0.001266,74.125.24.0-255,4320,65659,61,282064
25237,0.001268,172.31.40.0-255,66,65725,61,282064
25238,0.001298,74.125.24.0-255,6438,72163,61,282064
25239,0.001301,172.31.40.0-255,66,72229,61,282064
25240,0.001444,74.125.24.0-255,1484,73713,61,282064
25241,0.001463,74.125.24.0-255,2902,76615,61,282064
25242,0.001467,172.31.40.0-255,66,76681,61,282064
25243,0.001474,74.125.24.0-255,5738,82419,61,282064
25244,0.001475,172.31.40.0-255,66,82485,61,282064
25245,0.001535,172.31.40.0-255,66,82551,61,282064
25246,0.001547,172.31.40.0-255,66,82617,61,282064
25247,0.001586,172.31.40.0-255,66,82683,61,282064
25248,0.001608,172.31.40.0-255,66,82749,61,282064
25249,0.001612,74.125.24.0-255,2902,85651,61,282064
25250,0.001614,172.31.40.0-255,66,85717,61,282064
25251,0.001619,74.125.24.0-255,5020,90737,61,282064
25252,0.001622,172.31.40.0-255,66,90803,61,282064
25253,0.001642,74.125.24.0-255,5738,96541,61,282064
25254,0.001644,172.31.40.0-255,66,96607,61,282064
25255,0.001667,74.125.24.0-255,5738,102345,61,282064
25256,0.001669,172.31.40.0-255,66,102411,61,282064
25257,0.001691,74.125.24.0-255,7156,109567,61,282064
25258,0.001693,172.31.40.0-255,66,109633,61,282064
25259,0.001698,74.125.24.0-255,2902,112535,61,282064
25260,0.0017,172.31.40.0-255,66,112601,61,282064
25261,0.001721,172.31.40.0-255,66,112667,61,282064
25262,0.001753,74.125.24.0-255,1484,114151,61,282064
25263,0.001758,74.125.24.0-255,2184,116335,61,282064
25264,0.00176,172.31.40.0-255,66,116401,61,282064
25265,0.001771,74.125.24.0-255,2902,119303,61,282064
25266,0.001774,172.31.40.0-255,66,119369,61,282064
25267,0.001777,74.125.24.0-255,2902,122271,61,282064
25268,0.00178,172.31.40.0-255,66,122337,61,282064
25269,0.001808,74.125.24.0-255,4320,126657,61,282064
25270,0.001811,172.31.40.0-255,66,126723,61,282064
25271,0.001824,172.31.40.0-255,66,126789,61,282064
25272,0.001835,172.31.40.0-255,66,126855,61,282064
25273,0.001864,74.125.24.0-255,5020,131875,61,282064
25274,0.001866,172.31.40.0-255,66,131941,61,282064
25275,0.001884,172.31.40.0-255,66,132007,61,282064
25276,0.001912,74.125.24.0-255,2902,134909,61,282064
25277,0.001915,172.31.40.0-255,66,134975,61,282064
25278,0.001925,172.31.40.0-255,66,135041,61,282064
25279,0.001927,74.125.24.0-255,331,135372,61,282064
25280,0.001948,74.125.24.0-255,1484,136856,61,282064
25281,0.00195,172.31.40.0-255,66,136922,61,282064
25282,0.00197,74.125.24.0-255,4320,141242,61,282064
25283,0.001972,172.31.40.0-255,66,141308,61,282064
25284,0.001975,74.125.24.0-255,1484,142792,61,282064
25285,0.001996,74.125.24.0-255,7156,149948,61,282064
25286,0.001998,172.31.40.0-255,66,150014,61,282064
25287,0.002063,172.31.40.0-255,66,150080,61,282064
25288,0.002079,74.125.24.0-255,2902,152982,61,282064
25289,0.002081,172.31.40.0-255,66,153048,61,282064
25290,0.002083,74.125.24.0-255,766,153814,61,282064
25291,0.002129,74.125.24.0-255,1484,155298,61,282064
25292,0.002132,172.31.40.0-255,66,155364,61,282064
25293,0.00414,74.125.24.0-255,2902,158266,61,282064
25294,0.004147,172.31.40.0-255,66,158332,61,282064
25295,0.004222,74.125.24.0-255,2902,161234,61,282064
25296,0.004225,172.31.40.0-255,66,161300,61,282064
25297,0.006226,74.125.24.0-255,2902,164202,61,282064
25298,0.006233,172.31.40.0-255,66,164268,61,282064
25299,0.006308,74.125.24.0-255,2902,167170,61,282064
25300,0.006313,172.31.40.0-255,66,167236,61,282064
25301,0.008333,74.125.24.0-255,2902,170138,61,282064
25302,0.008338,172.31.40.0-255,66,170204,61,282064
25303,0.008402,74.125.24.0-255,2902,173106,61,282064
25304,0.008405,172.31.40.0-255,66,173172,61,282064
25305,0.010422,74.125.24.0-255,2902,176074,61,282064
25306,0.010429,172.31.40.0-255,66,176140,61,282064
25307,0.010499,74.125.24.0-255,2902,179042,61,282064
25308,0.010503,172.31.40.0-255,66,179108,61,282064
25309,0.012516,74.125.24.0-255,2902,182010,61,282064
25310,0.012523,172.31.40.0-255,66,182076,61,282064
25311,0.012591,74.125.24.0-255,1484,183560,61,282064
25312,0.012609,74.125.24.0-255,1484,185044,61,282064
25313,0.012612,172.31.40.0-255,66,185110,61,282064
25314,0.014617,74.125.24.0-255,2902,188012,61,282064
25315,0.014626,172.31.40.0-255,66,188078,61,282064
25316,0.014675,74.125.24.0-255,2902,190980,61,282064
25317,0.014679,172.31.40.0-255,66,191046,61,282064
25318,0.01671,74.125.24.0-255,2902,193948,61,282064
25319,0.016718,172.31.40.0-255,66,194014,61,282064
25320,0.016758,74.125.24.0-255,2902,196916,61,282064
25321,0.016761,172.31.40.0-255,66,196982,61,282064
25322,0.01881,74.125.24.0-255,2902,199884,61,282064
25323,0.018818,172.31.40.0-255,66,199950,61,282064
25324,0.018858,74.125.24.0-255,2902,202852,61,282064
25325,0.01886,172.31.40.0-255,66,202918,61,282064
25326,0.020924,74.125.24.0-255,2902,205820,61,282064
25327,0.020932,172.31.40.0-255,66,205886,61,282064
25328,0.020954,74.125.24.0-255,2902,208788,61,282064
25329,0.020957,172.31.40.0-255,66,208854,61,282064
25330,0.022999,74.125.24.0-255,2902,211756,61,282064
25331,0.023007,172.31.40.0-255,66,211822,61,282064
25332,0.023032,74.125.24.0-255,2902,214724,61,282064
25333,0.023035,172.31.40.0-255,66,214790,61,282064
25334,0.025123,74.125.24.0-255,5738,220528,61,282064
25335,0.02513,172.31.40.0-255,66,220594,61,282064
25336,0.027221,74.125.24.0-255,5738,226332,61,282064
25337,0.027227,172.31.40.0-255,66,226398,61,282064
25338,0.029363,74.125.24.0-255,5738,232136,61,282064
25339,0.029372,172.31.40.0-255,66,232202,61,282064
25340,0.03147,74.125.24.0-255,5738,237940,61,282064
25341,0.031477,172.31.40.0-255,66,238006,61,282064
25342,0.033578,74.125.24.0-255,5738,243744,61,282064
25343,0.033584,172.31.40.0-255,66,243810,61,282064
25344,0.035709,74.125.24.0-255,5738,249548,61,282064
25345,0.035718,172.31.40.0-255,66,249614,61,282064
25346,0.037812,74.125.24.0-255,5738,255352,61,282064
25347,0.03782,172.31.40.0-255,66,255418,61,282064
25348,0.039912,74.125.24.0-255,5738,261156,61,282064
25349,0.039919,172.31.40.0-255,66,261222,61,282064
25350,0.040911,172.31.40.0-255,172,261394,61,282064
25351,0.040944,172.31.40.0-255,1119,262513,61,282064
25352,0.041003,172.31.40.0-255,1514,264027,61,282064
25353,0.041005,172.31.40.0-255,1276,265303,61,282064
25354,0.042034,74.125.24.0-255,5738,271041,61,282064
25355,0.042041,172.31.40.0-255,66,271107,61,282064
25356,0.042482,104.244.42.0-255,66,271173,61,282064
25357,0.042513,104.244.42.0-255,66,271239,61,282064
25358,0.042544,104.244.42.0-255,66,271305,61,282064
25359,0.044138,74.125.24.0-255,5738,277043,61,282064
25360,0.044143,172.31.40.0-255,66,277109,61,282064
25361,0.046217,74.125.24.0-255,4718,281827,61,282064
25362,0.046222,172.31.40.0-255,66,281893,61,282064
25363,0.046387,172.31.40.0-255,105,281998,61,282064
25364,0.048442,74.125.24.0-255,66,282064,61,282064
25365,0.0,74.125.68.0-255,152,152,61,373215
25366,2.4e-05,172.31.40.0-255,66,218,61,373215
25367,3.1e-05,74.125.68.0-255,1484,1702,61,373215
25368,3.5e-05,172.31.40.0-255,66,1768,61,373215
25369,4.1e-05,74.125.68.0-255,2902,4670,61,373215
25370,4.4e-05,172.31.40.0-255,66,4736,61,373215
25371,5.3e-05,74.125.68.0-255,7156,11892,61,373215
25372,5.7e-05,172.31.40.0-255,66,11958,61,373215
25373,7.6e-05,74.125.68.0-255,1484,13442,61,373215
25374,7.8e-05,172.31.40.0-255,66,13508,61,373215
25375,0.0001,74.125.68.0-255,6414,19922,61,373215
25376,0.000103,172.31.40.0-255,66,19988,61,373215
25377,0.00011,74.125.68.0-255,7156,27144,61,373215
25378,0.000113,172.31.40.0-255,66,27210,61,373215
25379,0.000151,74.125.68.0-255,3961,31171,61,373215
25380,0.000154,172.31.40.0-255,66,31237,61,373215
25381,0.000245,74.125.68.0-255,1484,32721,61,373215
25382,0.000249,172.31.40.0-255,66,32787,61,373215
25383,0.000253,74.125.68.0-255,1484,34271,61,373215
25384,0.000255,172.31.40.0-255,66,34337,61,373215
25385,0.000275,74.125.68.0-255,2902,37239,61,373215
25386,0.000277,172.31.40.0-255,66,37305,61,373215
25387,0.000282,74.125.68.0-255,4320,41625,61,373215
25388,0.000285,172.31.40.0-255,66,41691,61,373215
25389,0.000301,74.125.68.0-255,1484,43175,61,373215
25390,0.000303,172.31.40.0-255,66,43241,61,373215
25391,0.000326,74.125.68.0-255,5379,48620,61,373215
25392,0.000329,172.31.40.0-255,66,48686,61,373215
25393,0.000335,74.125.68.0-255,5738,54424,61,373215
25394,0.000337,172.31.40.0-255,66,54490,61,373215
25395,0.000363,74.125.68.0-255,4320,58810,61,373215
25396,0.000366,172.31.40.0-255,66,58876,61,373215
25397,0.000389,74.125.68.0-255,7074,65950,61,373215
25398,0.000391,172.31.40.0-255,66,66016,61,373215
25399,0.000394,74.125.68.0-255,127,66143,61,373215
25400,0.000575,74.125.68.0-255,1484,67627,61,373215
25401,0.00058,172.31.40.0-255,66,67693,61,373215
25402,0.000585,74.125.68.0-255,2902,70595,61,373215
25403,0.000588,172.31.40.0-255,66,70661,61,373215
25404,0.000613,74.125.68.0-255,4320,74981,61,373215
25405,0.000617,172.31.40.0-255,66,75047,61,373215
25406,0.000632,74.125.68.0-255,1484,76531,61,373215
25407,0.000639,74.125.68.0-255,5738,82269,61,373215
25408,0.000641,172.31.40.0-255,66,82335,61,373215
25409,0.000664,74.125.68.0-255,2902,85237,61,373215
25410,0.000667,172.31.40.0-255,66,85303,61,373215
25411,0.000682,74.125.68.0-255,3961,89264,61,373215
25412,0.000685,172.31.40.0-255,66,89330,61,373215
25413,0.00069,74.125.68.0-255,4320,93650,61,373215
25414,0.000693,172.31.40.0-255,66,93716,61,373215
25415,0.000711,74.125.68.0-255,2902,96618,61,373215
25416,0.000714,172.31.40.0-255,66,96684,61,373215
25417,0.000719,74.125.68.0-255,3961,100645,61,373215
25418,0.000721,172.31.40.0-255,66,100711,61,373215
25419,0.000796,74.125.68.0-255,1484,102195,61,373215
25420,0.0008,74.125.68.0-255,1484,103679,61,373215
25421,0.000803,172.31.40.0-255,66,103745,61,373215
25422,0.000822,74.125.68.0-255,1484,105229,61,373215
25423,0.000825,74.125.68.0-255,1484,106713,61,373215
25424,0.000827,172.31.40.0-255,66,106779,61,373215
25425,0.000832,74.125.68.0-255,2902,109681,61,373215
25426,0.000834,172.31.40.0-255,66,109747,61,373215
25427,0.000837,74.125.68.0-255,1484,111231,61,373215
25428,0.000863,74.125.68.0-255,4320,115551,61,373215
25429,0.000866,172.31.40.0-255,66,115617,61,373215
25430,0.000873,74.125.68.0-255,5738,121355,61,373215
25431,0.000875,172.31.40.0-255,66,121421,61,373215
25432,0.000905,74.125.68.0-255,7156,128577,61,373215
25433,0.000909,172.31.40.0-255,66,128643,61,373215
25434,0.000957,74.125.68.0-255,6438,135081,61,373215
25435,0.00096,172.31.40.0-255,66,135147,61,373215
25436,0.000963,74.125.68.0-255,1484,136631,61,373215
25437,0.000983,74.125.68.0-255,5738,142369,61,373215
25438,0.000986,172.31.40.0-255,66,142435,61,373215
25439,0.00099,74.125.68.0-255,2902,145337,61,373215
25440,0.000993,172.31.40.0-255,66,145403,61,373215
25441,0.001008,74.125.68.0-255,5738,151141,61,373215
25442,0.001011,172.31.40.0-255,66,151207,61,373215
25443,0.001013,74.125.68.0-255,827,152034,61,373215
25444,0.001274,74.125.68.0-255,1484,153518,61,373215
25445,0.00128,172.31.40.0-255,66,153584,61,373215
25446,0.0013,74.125.68.0-255,2902,156486,61,373215
25447,0.001303,172.31.40.0-255,66,156552,61,373215
25448,0.00132,74.125.68.0-255,1484,158036,61,373215
25449,0.00134,74.125.68.0-255,2902,160938,61,373215
25450,0.001343,172.31.40.0-255,66,161004,61,373215
25451,0.001346,74.125.68.0-255,1484,162488,61,373215
25452,0.001366,74.125.68.0-255,4320,166808,61,373215
25453,0.001368,172.31.40.0-255,66,166874,61,373215
25454,0.001383,74.125.68.0-255,4320,171194,61,373215
25455,0.001385,172.31.40.0-255,66,171260,61,373215
25456,0.001406,74.125.68.0-255,1484,172744,61,373215
25457,0.001422,74.125.68.0-255,4320,177064,61,373215
25458,0.001425,172.31.40.0-255,66,177130,61,373215
25459,0.001445,74.125.68.0-255,2902,180032,61,373215
25460,0.001448,172.31.40.0-255,66,180098,61,373215
25461,0.001452,74.125.68.0-255,2902,183000,61,373215
25462,0.001454,172.31.40.0-255,66,183066,61,373215
25463,0.001479,74.125.68.0-255,1484,184550,61,373215
25464,0.001495,74.125.68.0-255,2184,186734,61,373215
25465,0.001498,172.31.40.0-255,66,186800,61,373215
25466,0.001628,74.125.68.0-255,1484,188284,61,373215
25467,0.001643,74.125.68.0-255,2902,191186,61,373215
25468,0.001646,172.31.40.0-255,66,191252,61,373215
25469,0.001666,74.125.68.0-255,4320,195572,61,373215
25470,0.001669,172.31.40.0-255,66,195638,61,373215
25471,0.001682,74.125.68.0-255,1484,197122,61,373215
25472,0.001695,74.125.68.0-255,4320,201442,61,373215
25473,0.001697,172.31.40.0-255,66,201508,61,373215
25474,0.001711,74.125.68.0-255,1484,202992,61,373215
25475,0.001731,74.125.68.0-255,4320,207312,61,373215
25476,0.001733,172.31.40.0-255,66,207378,61,373215
25477,0.001752,74.125.68.0-255,1484,208862,61,373215
25478,0.001756,74.125.68.0-255,2902,211764,61,373215
25479,0.00176,172.31.40.0-255,66,211830,61,373215
25480,0.00178,74.125.68.0-255,4320,216150,61,373215
25481,0.001783,172.31.40.0-255,66,216216,61,373215
25482,0.00179,74.125.68.0-255,5020,221236,61,373215
25483,0.001792,172.31.40.0-255,66,221302,61,373215
25484,0.001837,74.125.68.0-255,1484,222786,61,373215
25485,0.001871,74.125.68.0-255,2902,225688,61,373215
25486,0.001874,172.31.40.0-255,66,225754,61,373215
25487,0.001891,74.125.68.0-255,2902,228656,61,373215
25488,0.001895,172.31.40.0-255,66,228722,61,373215
25489,0.001916,74.125.68.0-255,4320,233042,61,373215
25490,0.001919,172.31.40.0-255,66,233108,61,373215
25491,0.001931,172.31.40.0-255,66,233174,61,373215
25492,0.001974,172.31.40.0-255,66,233240,61,373215
25493,0.002,74.125.68.0-255,4320,237560,61,373215
25494,0.002007,172.31.40.0-255,66,237626,61,373215
25495,0.002015,74.125.68.0-255,766,238392,61,373215
25496,0.002077,74.125.68.0-255,1484,239876,61,373215
25497,0.002094,172.31.40.0-255,66,239942,61,373215
25498,0.0021,74.125.68.0-255,2902,242844,61,373215
25499,0.002103,74.125.68.0-255,1484,244328,61,373215
25500,0.002114,74.125.68.0-255,2902,247230,61,373215
25501,0.002117,172.31.40.0-255,66,247296,61,373215
25502,0.002145,74.125.68.0-255,1484,248780,61,373215
25503,0.002149,74.125.68.0-255,2902,251682,61,373215
25504,0.002181,74.125.68.0-255,5738,257420,61,373215
25505,0.002186,172.31.40.0-255,66,257486,61,373215
25506,0.002203,74.125.68.0-255,6438,263924,61,373215
25507,0.002302,74.125.68.0-255,1484,265408,61,373215
25508,0.002319,74.125.68.0-255,2902,268310,61,373215
25509,0.002322,74.125.68.0-255,1484,269794,61,373215
25510,0.002335,74.125.68.0-255,4320,274114,61,373215
25511,0.002357,74.125.68.0-255,4320,278434,61,373215
25512,0.002378,74.125.68.0-255,5738,284172,61,373215
25513,0.00244,74.125.68.0-255,5738,289910,61,373215
25514,0.002464,74.125.68.0-255,5738,295648,61,373215
25515,0.002467,74.125.68.0-255,2184,297832,61,373215
25516,0.002518,74.125.68.0-255,4320,302152,61,373215
25517,0.00252,74.125.68.0-255,766,302918,61,373215
25518,0.002545,74.125.68.0-255,2902,305820,61,373215
25519,0.002561,74.125.68.0-255,7156,312976,61,373215
25520,0.002564,74.125.68.0-255,1484,314460,61,373215
25521,0.002579,74.125.68.0-255,1484,315944,61,373215
25522,0.002607,74.125.68.0-255,1484,317428,61,373215
25523,0.002613,74.125.68.0-255,4320,321748,61,373215
25524,0.002615,74.125.68.0-255,1484,323232,61,373215
25525,0.002635,74.125.68.0-255,2902,326134,61,373215
25526,0.002644,74.125.68.0-255,1484,327618,61,373215
25527,0.002672,74.125.68.0-255,766,328384,61,373215
25528,0.002738,74.125.68.0-255,1484,329868,61,373215
25529,0.002755,74.125.68.0-255,1484,331352,61,373215
25530,0.002757,74.125.68.0-255,1484,332836,61,373215
25531,0.002772,74.125.68.0-255,1484,334320,61,373215
25532,0.002775,74.125.68.0-255,1484,335804,61,373215
25533,0.002789,74.125.68.0-255,1484,337288,61,373215
25534,0.002801,74.125.68.0-255,2902,340190,61,373215
25535,0.002803,74.125.68.0-255,1484,341674,61,373215
25536,0.00282,74.125.68.0-255,2902,344576,61,373215
25537,0.002825,74.125.68.0-255,2902,347478,61,373215
25538,0.002827,74.125.68.0-255,1484,348962,61,373215
25539,0.002856,74.125.68.0-255,4320,353282,61,373215
25540,0.002879,74.125.68.0-255,1484,354766,61,373215
25541,0.0029,74.125.68.0-255,2902,357668,61,373215
25542,0.002906,74.125.68.0-255,5020,362688,61,373215
25543,0.002909,74.125.68.0-255,2018,364706,61,373215
25544,0.002911,74.125.68.0-255,97,364803,61,373215
25545,0.002971,74.125.68.0-255,105,364908,61,373215
25546,0.011009,172.31.40.0-255,66,364974,61,373215
25547,0.013589,172.31.40.0-255,105,365079,61,373215
25548,0.016078,74.125.68.0-255,66,365145,61,373215
25549,0.036903,172.31.40.0-255,172,365317,61,373215
25550,0.03694,172.31.40.0-255,1115,366432,61,373215
25551,0.037013,172.31.40.0-255,1514,367946,61,373215
25552,0.037015,172.31.40.0-255,1514,369460,61,373215
25553,0.03702,172.31.40.0-255,1514,370974,61,373215
25554,0.037021,172.31.40.0-255,1514,372488,61,373215
25555,0.03704,172.31.40.0-255,529,373017,61,373215
25556,0.038439,104.244.42.0-255,66,373083,61,373215
25557,0.038492,104.244.42.0-255,66,373149,61,373215
25558,0.038643,104.244.42.0-255,66,373215,61,373215
25559,0.0,172.217.194.0-255,153,153,61,233605
25560,2.3e-05,172.31.40.0-255,66,219,61,233605
25561,3e-05,172.217.194.0-255,1484,1703,61,233605
25562,3.4e-05,172.31.40.0-255,66,1769,61,233605
25563,4e-05,172.217.194.0-255,2902,4671,61,233605
25564,5.1e-05,172.31.40.0-255,66,4737,61,233605
25565,5.9e-05,172.217.194.0-255,7156,11893,61,233605
25566,6.3e-05,172.31.40.0-255,66,11959,61,233605
25567,6.6e-05,172.217.194.0-255,1484,13443,61,233605
25568,6.9e-05,172.31.40.0-255,66,13509,61,233605
25569,0.000125,172.31.40.0-255,66,13575,61,233605
25570,0.000129,172.217.194.0-255,2543,16118,61,233605
25571,0.000131,172.31.40.0-255,66,16184,61,233605
25572,0.000135,172.217.194.0-255,2902,19086,61,233605
25573,0.000137,172.31.40.0-255,66,19152,61,233605
25574,0.00018,172.217.194.0-255,7156,26308,61,233605
25575,0.000183,172.31.40.0-255,66,26374,61,233605
25576,0.00019,172.217.194.0-255,6797,33171,61,233605
25577,0.000192,172.31.40.0-255,66,33237,61,233605
25578,0.000244,172.31.40.0-255,66,33303,61,233605
25579,0.000247,172.217.194.0-255,1413,34716,61,233605
25580,0.000249,172.31.40.0-255,66,34782,61,233605
25581,0.000276,172.217.194.0-255,366,35148,61,233605
25582,0.000279,172.31.40.0-255,66,35214,61,233605
25583,0.00035,172.217.194.0-255,1484,36698,61,233605
25584,0.000353,172.31.40.0-255,66,36764,61,233605
25585,0.00037,172.217.194.0-255,2902,39666,61,233605
25586,0.000377,172.31.40.0-255,66,39732,61,233605
25587,0.000384,172.217.194.0-255,5738,45470,61,233605
25588,0.000386,172.31.40.0-255,66,45536,61,233605
25589,0.000421,172.217.194.0-255,7156,52692,61,233605
25590,0.000446,172.217.194.0-255,6797,59489,61,233605
25591,0.000616,172.31.40.0-255,66,59555,61,233605
25592,0.001785,172.217.194.0-255,1484,61039,61,233605
25593,0.001794,172.217.194.0-255,2902,63941,61,233605
25594,0.001798,172.31.40.0-255,66,64007,61,233605
25595,0.001807,172.217.194.0-255,5738,69745,61,233605
25596,0.001809,172.31.40.0-255,66,69811,61,233605
25597,0.001816,172.217.194.0-255,6797,76608,61,233605
25598,0.001817,172.31.40.0-255,66,76674,61,233605
25599,0.001824,172.217.194.0-255,7156,83830,61,233605
25600,0.001826,172.31.40.0-255,66,83896,61,233605
25601,0.001877,172.217.194.0-255,1484,85380,61,233605
25602,0.001896,172.217.194.0-255,2902,88282,61,233605
25603,0.0019,172.217.194.0-255,1484,89766,61,233605
25604,0.001923,172.217.194.0-255,4320,94086,61,233605
25605,0.001946,172.217.194.0-255,2902,96988,61,233605
25606,0.001975,172.217.194.0-255,4320,101308,61,233605
25607,0.00199,172.217.194.0-255,5738,107046,61,233605
25608,0.002019,172.217.194.0-255,2902,109948,61,233605
25609,0.002052,172.217.194.0-255,1484,111432,61,233605
25610,0.002062,172.217.194.0-255,1484,112916,61,233605
25611,0.002104,172.217.194.0-255,1484,114400,61,233605
25612,0.007199,172.31.40.0-255,66,114466,61,233605
25613,0.009298,172.217.194.0-255,5738,120204,61,233605
25614,0.009304,172.31.40.0-255,66,120270,61,233605
25615,0.011395,172.217.194.0-255,5738,126008,61,233605
25616,0.011401,172.31.40.0-255,66,126074,61,233605
25617,0.013745,172.217.194.0-255,5738,131812,61,233605
25618,0.013753,172.31.40.0-255,66,131878,61,233605
25619,0.015845,172.217.194.0-255,5738,137616,61,233605
25620,0.015853,172.31.40.0-255,66,137682,61,233605
25621,0.017938,172.217.194.0-255,5738,143420,61,233605
25622,0.017945,172.31.40.0-255,66,143486,61,233605
25623,0.020028,172.217.194.0-255,5738,149224,61,233605
25624,0.020035,172.31.40.0-255,66,149290,61,233605
25625,0.022128,172.217.194.0-255,5738,155028,61,233605
25626,0.022134,172.31.40.0-255,66,155094,61,233605
25627,0.024222,172.217.194.0-255,5738,160832,61,233605
25628,0.024229,172.31.40.0-255,66,160898,61,233605
25629,0.026309,172.217.194.0-255,5738,166636,61,233605
25630,0.026316,172.31.40.0-255,66,166702,61,233605
25631,0.028406,172.217.194.0-255,5738,172440,61,233605
25632,0.028414,172.31.40.0-255,66,172506,61,233605
25633,0.030231,172.31.40.0-255,172,172678,61,233605
25634,0.030265,172.31.40.0-255,1120,173798,61,233605
25635,0.030319,172.31.40.0-255,1514,175312,61,233605
25636,0.030321,172.31.40.0-255,1275,176587,61,233605
25637,0.030486,172.217.194.0-255,5738,182325,61,233605
25638,0.030493,172.31.40.0-255,66,182391,61,233605
25639,0.031777,104.244.42.0-255,66,182457,61,233605
25640,0.031824,104.244.42.0-255,66,182523,61,233605
25641,0.031866,104.244.42.0-255,66,182589,61,233605
25642,0.032568,172.217.194.0-255,2902,185491,61,233605
25643,0.032572,172.31.40.0-255,66,185557,61,233605
25644,0.032591,172.217.194.0-255,2902,188459,61,233605
25645,0.032593,172.31.40.0-255,66,188525,61,233605
25646,0.034656,172.217.194.0-255,5738,194263,61,233605
25647,0.034662,172.31.40.0-255,66,194329,61,233605
25648,0.036715,172.217.194.0-255,4320,198649,61,233605
25649,0.036721,172.31.40.0-255,66,198715,61,233605
25650,0.03675,172.217.194.0-255,1484,200199,61,233605
25651,0.038776,172.217.194.0-255,4320,204519,61,233605
25652,0.038781,172.31.40.0-255,66,204585,61,233605
25653,0.040871,172.217.194.0-255,5738,210323,61,233605
25654,0.040878,172.31.40.0-255,66,210389,61,233605
25655,0.042964,172.217.194.0-255,5738,216127,61,233605
25656,0.042971,172.31.40.0-255,66,216193,61,233605
25657,0.045053,172.217.194.0-255,5738,221931,61,233605
25658,0.04506,172.31.40.0-255,66,221997,61,233605
25659,0.047142,172.217.194.0-255,5738,227735,61,233605
25660,0.047149,172.31.40.0-255,66,227801,61,233605
25661,0.049274,172.217.194.0-255,5738,233539,61,233605
25662,0.049281,172.31.40.0-255,66,233605,61,233605
25663,0.0,74.125.24.0-255,146,146,61,231805
25664,2e-05,172.31.40.0-255,66,212,61,231805
25665,2.6e-05,74.125.24.0-255,1484,1696,61,231805
25666,3e-05,172.31.40.0-255,66,1762,61,231805
25667,4.4e-05,74.125.24.0-255,2902,4664,61,231805
25668,4.8e-05,172.31.40.0-255,66,4730,61,231805
25669,5.3e-05,74.125.24.0-255,4320,9050,61,231805
25670,5.6e-05,172.31.40.0-255,66,9116,61,231805
25671,8.2e-05,172.31.40.0-255,66,9182,61,231805
25672,8.9e-05,74.125.24.0-255,7156,16338,61,231805
25673,9.2e-05,172.31.40.0-255,66,16404,61,231805
25674,9.7e-05,74.125.24.0-255,4320,20724,61,231805
25675,0.0001,172.31.40.0-255,66,20790,61,231805
25676,0.00015,172.31.40.0-255,66,20856,61,231805
25677,0.000155,74.125.24.0-255,3602,24458,61,231805
25678,0.000157,172.31.40.0-255,66,24524,61,231805
25679,0.00018,74.125.24.0-255,5738,30262,61,231805
25680,0.000184,172.31.40.0-255,66,30328,61,231805
25681,0.000224,172.31.40.0-255,66,30394,61,231805
25682,0.000229,74.125.24.0-255,2896,33290,61,231805
25683,0.000232,172.31.40.0-255,66,33356,61,231805
25684,0.000321,74.125.24.0-255,1484,34840,61,231805
25685,0.000324,172.31.40.0-255,66,34906,61,231805
25686,0.000329,74.125.24.0-255,2902,37808,61,231805
25687,0.000332,172.31.40.0-255,66,37874,61,231805
25688,0.000336,74.125.24.0-255,2902,40776,61,231805
25689,0.000343,172.31.40.0-255,66,40842,61,231805
25690,0.000372,74.125.24.0-255,2902,43744,61,231805
25691,0.000375,172.31.40.0-255,66,43810,61,231805
25692,0.000383,74.125.24.0-255,7156,50966,61,231805
25693,0.000385,172.31.40.0-255,66,51032,61,231805
25694,0.000413,74.125.24.0-255,4320,55352,61,231805
25695,0.000417,172.31.40.0-255,66,55418,61,231805
25696,0.000431,172.31.40.0-255,66,55484,61,231805
25697,0.000433,74.125.24.0-255,334,55818,61,231805
25698,0.000617,74.125.24.0-255,1484,57302,61,231805
25699,0.000621,172.31.40.0-255,66,57368,61,231805
25700,0.000628,74.125.24.0-255,2902,60270,61,231805
25701,0.000631,172.31.40.0-255,66,60336,61,231805
25702,0.000642,74.125.24.0-255,5738,66074,61,231805
25703,0.000645,172.31.40.0-255,66,66140,61,231805
25704,0.000711,172.31.40.0-255,66,66206,61,231805
25705,0.000723,172.31.40.0-255,66,66272,61,231805
25706,0.000727,74.125.24.0-255,2184,68456,61,231805
25707,0.000729,172.31.40.0-255,66,68522,61,231805
25708,0.000789,74.125.24.0-255,1484,70006,61,231805
25709,0.000804,74.125.24.0-255,2902,72908,61,231805
25710,0.000807,172.31.40.0-255,66,72974,61,231805
25711,0.000814,74.125.24.0-255,5738,78712,61,231805
25712,0.000816,172.31.40.0-255,66,78778,61,231805
25713,0.000821,74.125.24.0-255,2902,81680,61,231805
25714,0.000823,172.31.40.0-255,66,81746,61,231805
25715,0.000832,74.125.24.0-255,4320,86066,61,231805
25716,0.000835,172.31.40.0-255,66,86132,61,231805
25717,0.000839,74.125.24.0-255,2902,89034,61,231805
25718,0.000841,172.31.40.0-255,66,89100,61,231805
25719,0.000878,74.125.24.0-255,5738,94838,61,231805
25720,0.000882,172.31.40.0-255,66,94904,61,231805
25721,0.000892,172.31.40.0-255,66,94970,61,231805
25722,0.001352,74.125.24.0-255,1484,96454,61,231805
25723,0.001358,74.125.24.0-255,2902,99356,61,231805
25724,0.001361,172.31.40.0-255,66,99422,61,231805
25725,0.001399,74.125.24.0-255,5738,105160,61,231805
25726,0.001402,172.31.40.0-255,66,105226,61,231805
25727,0.001418,172.31.40.0-255,66,105292,61,231805
25728,0.001453,172.31.40.0-255,66,105358,61,231805
25729,0.001728,74.125.24.0-255,1484,106842,61,231805
25730,0.001744,74.125.24.0-255,2902,109744,61,231805
25731,0.001747,172.31.40.0-255,66,109810,61,231805
25732,0.001782,74.125.24.0-255,5738,115548,61,231805
25733,0.001786,74.125.24.0-255,2902,118450,61,231805
25734,0.00179,172.31.40.0-255,66,118516,61,231805
25735,0.001793,172.31.40.0-255,66,118582,61,231805
25736,0.001823,172.31.40.0-255,66,118648,61,231805
25737,0.001835,172.31.40.0-255,66,118714,61,231805
25738,0.00186,74.125.24.0-255,766,119480,61,231805
25739,0.002081,74.125.24.0-255,1484,120964,61,231805
25740,0.002085,172.31.40.0-255,66,121030,61,231805
25741,0.00209,74.125.24.0-255,2902,123932,61,231805
25742,0.002092,172.31.40.0-255,66,123998,61,231805
25743,0.002104,74.125.24.0-255,5738,129736,61,231805
25744,0.002106,172.31.40.0-255,66,129802,61,231805
25745,0.002154,172.31.40.0-255,66,129868,61,231805
25746,0.002165,172.31.40.0-255,66,129934,61,231805
25747,0.002206,172.31.40.0-255,66,130000,61,231805
25748,0.002242,172.31.40.0-255,66,130066,61,231805
25749,0.002257,172.31.40.0-255,66,130132,61,231805
25750,0.00231,74.125.24.0-255,1484,131616,61,231805
25751,0.002315,74.125.24.0-255,2902,134518,61,231805
25752,0.002317,172.31.40.0-255,66,134584,61,231805
25753,0.002323,74.125.24.0-255,5738,140322,61,231805
25754,0.002326,172.31.40.0-255,66,140388,61,231805
25755,0.002331,74.125.24.0-255,4320,144708,61,231805
25756,0.002332,172.31.40.0-255,66,144774,61,231805
25757,0.002373,172.31.40.0-255,66,144840,61,231805
25758,0.002383,172.31.40.0-255,66,144906,61,231805
25759,0.002409,74.125.24.0-255,2902,147808,61,231805
25760,0.002411,172.31.40.0-255,66,147874,61,231805
25761,0.002415,74.125.24.0-255,2902,150776,61,231805
25762,0.002417,172.31.40.0-255,66,150842,61,231805
25763,0.004786,74.125.24.0-255,5738,156580,61,231805
25764,0.004795,172.31.40.0-255,66,156646,61,231805
25765,0.0072,74.125.24.0-255,5738,162384,61,231805
25766,0.007204,172.31.40.0-255,66,162450,61,231805
25767,0.009646,74.125.24.0-255,5738,168188,61,231805
25768,0.009665,172.31.40.0-255,66,168254,61,231805
25769,0.012083,74.125.24.0-255,5738,173992,61,231805
25770,0.012098,172.31.40.0-255,66,174058,61,231805
25771,0.014481,74.125.24.0-255,5738,179796,61,231805
25772,0.014489,172.31.40.0-255,66,179862,61,231805
25773,0.016928,74.125.24.0-255,5738,185600,61,231805
25774,0.016945,172.31.40.0-255,66,185666,61,231805
25775,0.019348,74.125.24.0-255,5738,191404,61,231805
25776,0.019362,172.31.40.0-255,66,191470,61,231805
25777,0.021742,74.125.24.0-255,5738,197208,61,231805
25778,0.021753,172.31.40.0-255,66,197274,61,231805
25779,0.024133,74.125.24.0-255,5738,203012,61,231805
25780,0.024141,172.31.40.0-255,66,203078,61,231805
25781,0.026536,74.125.24.0-255,5738,208816,61,231805
25782,0.026543,172.31.40.0-255,66,208882,61,231805
25783,0.028911,74.125.24.0-255,5738,214620,61,231805
25784,0.02892,172.31.40.0-255,66,214686,61,231805
25785,0.031303,74.125.24.0-255,5738,220424,61,231805
25786,0.03131,172.31.40.0-255,66,220490,61,231805
25787,0.033715,74.125.24.0-255,5738,226228,61,231805
25788,0.033722,172.31.40.0-255,66,226294,61,231805
25789,0.036175,74.125.24.0-255,5274,231568,61,231805
25790,0.036183,172.31.40.0-255,66,231634,61,231805
25791,0.03643,172.31.40.0-255,105,231739,61,231805
25792,0.038807,74.125.24.0-255,66,231805,61,231805
25793,0.0,172.31.40.0-255,74,74,61,6348
25794,0.002285,74.125.200.0-255,74,148,61,6348
25795,0.002316,172.31.40.0-255,66,214,61,6348
25796,0.003909,172.31.40.0-255,583,797,61,6348
25797,0.006198,74.125.200.0-255,66,863,61,6348
25798,0.006697,74.125.200.0-255,3845,4708,61,6348
25799,0.006712,172.31.40.0-255,66,4774,61,6348
25800,0.01616,172.31.40.0-255,130,4904,61,6348
25801,0.016592,172.31.40.0-255,236,5140,61,6348
25802,0.016621,172.31.40.0-255,318,5458,61,6348
25803,0.018773,74.125.200.0-255,630,6088,61,6348
25804,0.018895,74.125.200.0-255,97,6185,61,6348
25805,0.018994,172.31.40.0-255,97,6282,61,6348
25806,0.025457,74.125.200.0-255,66,6348,61,6348
25807,0.0,74.125.130.0-255,296,296,61,274576
25808,2.1e-05,172.31.40.0-255,66,362,61,274576
25809,2.7e-05,74.125.130.0-255,1484,1846,61,274576
25810,3.2e-05,172.31.40.0-255,66,1912,61,274576
25811,3.6e-05,74.125.130.0-255,1484,3396,61,274576
25812,4.6e-05,172.31.40.0-255,66,3462,61,274576
25813,5.2e-05,74.125.130.0-255,2902,6364,61,274576
25814,5.5e-05,172.31.40.0-255,66,6430,61,274576
25815,6.2e-05,74.125.130.0-255,5738,12168,61,274576
25816,6.5e-05,172.31.40.0-255,66,12234,61,274576
25817,7e-05,74.125.130.0-255,3348,15582,61,274576
25818,7.3e-05,172.31.40.0-255,66,15648,61,274576
25819,7.8e-05,74.125.130.0-255,4320,19968,61,274576
25820,8.1e-05,172.31.40.0-255,66,20034,61,274576
25821,9.3e-05,172.31.40.0-255,66,20100,61,274576
25822,9.5e-05,74.125.130.0-255,1125,21225,61,274576
25823,9.8e-05,172.31.40.0-255,66,21291,61,274576
25824,0.000711,74.125.130.0-255,1484,22775,61,274576
25825,0.000719,172.31.40.0-255,66,22841,61,274576
25826,0.000725,74.125.130.0-255,2902,25743,61,274576
25827,0.000727,172.31.40.0-255,66,25809,61,274576
25828,0.000758,74.125.130.0-255,5738,31547,61,274576
25829,0.000761,172.31.40.0-255,66,31613,61,274576
25830,0.000782,74.125.130.0-255,6797,38410,61,274576
25831,0.000784,172.31.40.0-255,66,38476,61,274576
25832,0.000787,74.125.130.0-255,1484,39960,61,274576
25833,0.000789,172.31.40.0-255,66,40026,61,274576
25834,0.000821,74.125.130.0-255,1484,41510,61,274576
25835,0.000824,172.31.40.0-255,66,41576,61,274576
25836,0.000829,74.125.130.0-255,4320,45896,61,274576
25837,0.000831,172.31.40.0-255,66,45962,61,274576
25838,0.000842,172.31.40.0-255,66,46028,61,274576
25839,0.000845,74.125.130.0-255,1414,47442,61,274576
25840,0.000884,74.125.130.0-255,102,47544,61,274576
25841,0.001314,74.125.130.0-255,1484,49028,61,274576
25842,0.001319,172.31.40.0-255,66,49094,61,274576
25843,0.001325,74.125.130.0-255,2902,51996,61,274576
25844,0.001328,172.31.40.0-255,66,52062,61,274576
25845,0.001356,74.125.130.0-255,5738,57800,61,274576
25846,0.001359,172.31.40.0-255,66,57866,61,274576
25847,0.001363,74.125.130.0-255,2902,60768,61,274576
25848,0.001365,172.31.40.0-255,66,60834,61,274576
25849,0.00137,74.125.130.0-255,4320,65154,61,274576
25850,0.001372,172.31.40.0-255,66,65220,61,274576
25851,0.001425,172.31.40.0-255,66,65286,61,274576
25852,0.001456,74.125.130.0-255,2902,68188,61,274576
25853,0.001459,172.31.40.0-255,66,68254,61,274576
25854,0.001492,74.125.130.0-255,5020,73274,61,274576
25855,0.001495,172.31.40.0-255,66,73340,61,274576
25856,0.001649,74.125.130.0-255,1484,74824,61,274576
25857,0.001664,74.125.130.0-255,2902,77726,61,274576
25858,0.001668,172.31.40.0-255,66,77792,61,274576
25859,0.001702,74.125.130.0-255,5738,83530,61,274576
25860,0.001705,172.31.40.0-255,66,83596,61,274576
25861,0.00171,74.125.130.0-255,4320,87916,61,274576
25862,0.001713,172.31.40.0-255,66,87982,61,274576
25863,0.00174,74.125.130.0-255,7156,95138,61,274576
25864,0.001742,172.31.40.0-255,66,95204,61,274576
25865,0.00176,172.31.40.0-255,66,95270,61,274576
25866,0.001763,74.125.130.0-255,1484,96754,61,274576
25867,0.001767,74.125.130.0-255,2902,99656,61,274576
25868,0.00177,172.31.40.0-255,66,99722,61,274576
25869,0.001821,74.125.130.0-255,5738,105460,61,274576
25870,0.001824,172.31.40.0-255,66,105526,61,274576
25871,0.001831,74.125.130.0-255,7156,112682,61,274576
25872,0.001833,172.31.40.0-255,66,112748,61,274576
25873,0.001876,172.31.40.0-255,66,112814,61,274576
25874,0.00188,74.125.130.0-255,2902,115716,61,274576
25875,0.001882,172.31.40.0-255,66,115782,61,274576
25876,0.001918,74.125.130.0-255,5020,120802,61,274576
25877,0.001921,172.31.40.0-255,66,120868,61,274576
25878,0.002038,74.125.130.0-255,1484,122352,61,274576
25879,0.002054,74.125.130.0-255,2902,125254,61,274576
25880,0.002057,172.31.40.0-255,66,125320,61,274576
25881,0.00208,74.125.130.0-255,1484,126804,61,274576
25882,0.002085,74.125.130.0-255,2902,129706,61,274576
25883,0.002088,172.31.40.0-255,66,129772,61,274576
25884,0.002114,74.125.130.0-255,5738,135510,61,274576
25885,0.002117,172.31.40.0-255,66,135576,61,274576
25886,0.00212,74.125.130.0-255,1484,137060,61,274576
25887,0.002145,74.125.130.0-255,4320,141380,61,274576
25888,0.002148,172.31.40.0-255,66,141446,61,274576
25889,0.002156,74.125.130.0-255,7156,148602,61,274576
25890,0.002158,172.31.40.0-255,66,148668,61,274576
25891,0.002196,74.125.130.0-255,6438,155106,61,274576
25892,0.0022,172.31.40.0-255,66,155172,61,274576
25893,0.00446,74.125.130.0-255,5738,160910,61,274576
25894,0.004466,172.31.40.0-255,66,160976,61,274576
25895,0.00682,74.125.130.0-255,5738,166714,61,274576
25896,0.006825,172.31.40.0-255,66,166780,61,274576
25897,0.009086,74.125.130.0-255,5738,172518,61,274576
25898,0.009092,172.31.40.0-255,66,172584,61,274576
25899,0.01136,74.125.130.0-255,5738,178322,61,274576
25900,0.011367,172.31.40.0-255,66,178388,61,274576
25901,0.013619,74.125.130.0-255,5738,184126,61,274576
25902,0.013626,172.31.40.0-255,66,184192,61,274576
25903,0.015882,74.125.130.0-255,5738,189930,61,274576
25904,0.015889,172.31.40.0-255,66,189996,61,274576
25905,0.018155,74.125.130.0-255,5738,195734,61,274576
25906,0.018163,172.31.40.0-255,66,195800,61,274576
25907,0.020419,74.125.130.0-255,5738,201538,61,274576
25908,0.020426,172.31.40.0-255,66,201604,61,274576
25909,0.022687,74.125.130.0-255,5738,207342,61,274576
25910,0.022693,172.31.40.0-255,66,207408,61,274576
25911,0.02495,74.125.130.0-255,5738,213146,61,274576
25912,0.024959,172.31.40.0-255,66,213212,61,274576
25913,0.027221,74.125.130.0-255,5738,218950,61,274576
25914,0.027229,172.31.40.0-255,66,219016,61,274576
25915,0.029493,74.125.130.0-255,5738,224754,61,274576
25916,0.0295,172.31.40.0-255,66,224820,61,274576
25917,0.03176,74.125.130.0-255,5738,230558,61,274576
25918,0.031767,172.31.40.0-255,66,230624,61,274576
25919,0.034044,74.125.130.0-255,5738,236362,61,274576
25920,0.034051,172.31.40.0-255,66,236428,61,274576
25921,0.036305,74.125.130.0-255,5738,242166,61,274576
25922,0.036312,172.31.40.0-255,66,242232,61,274576
25923,0.038568,74.125.130.0-255,5738,247970,61,274576
25924,0.038575,172.31.40.0-255,66,248036,61,274576
25925,0.038676,172.31.40.0-255,171,248207,61,274576
25926,0.038703,172.31.40.0-255,1139,249346,61,274576
25927,0.038761,172.31.40.0-255,1514,250860,61,274576
25928,0.038762,172.31.40.0-255,302,251162,61,274576
25929,0.040232,104.244.42.0-255,66,251228,61,274576
25930,0.04026,104.244.42.0-255,66,251294,61,274576
25931,0.040319,104.244.42.0-255,66,251360,61,274576
25932,0.040829,74.125.130.0-255,5738,257098,61,274576
25933,0.040835,172.31.40.0-255,66,257164,61,274576
25934,0.043098,74.125.130.0-255,5738,262902,61,274576
25935,0.043105,172.31.40.0-255,66,262968,61,274576
25936,0.045395,74.125.130.0-255,5738,268706,61,274576
25937,0.045403,172.31.40.0-255,66,268772,61,274576
25938,0.047671,74.125.130.0-255,5738,274510,61,274576
25939,0.047679,172.31.40.0-255,66,274576,61,274576
25940,0.0,74.125.24.0-255,152,152,61,256453
25941,1.5e-05,172.31.40.0-255,66,218,61,256453
25942,2.3e-05,74.125.24.0-255,1484,1702,61,256453
25943,2.8e-05,172.31.40.0-255,66,1768,61,256453
25944,4.4e-05,74.125.24.0-255,2902,4670,61,256453
25945,4.9e-05,172.31.40.0-255,66,4736,61,256453
25946,5.7e-05,74.125.24.0-255,7156,11892,61,256453
25947,6e-05,172.31.40.0-255,66,11958,61,256453
25948,6.6e-05,74.125.24.0-255,4320,16278,61,256453
25949,6.9e-05,172.31.40.0-255,66,16344,61,256453
25950,0.000113,172.31.40.0-255,66,16410,61,256453
25951,0.00012,74.125.24.0-255,6797,23207,61,256453
25952,0.000123,172.31.40.0-255,66,23273,61,256453
25953,0.000587,74.125.24.0-255,1484,24757,61,256453
25954,0.000593,172.31.40.0-255,66,24823,61,256453
25955,0.000613,74.125.24.0-255,2902,27725,61,256453
25956,0.000615,172.31.40.0-255,66,27791,61,256453
25957,0.000622,74.125.24.0-255,5738,33529,61,256453
25958,0.000624,172.31.40.0-255,66,33595,61,256453
25959,0.000665,74.125.24.0-255,6797,40392,61,256453
25960,0.000668,172.31.40.0-255,66,40458,61,256453
25961,0.000676,74.125.24.0-255,7156,47614,61,256453
25962,0.000678,172.31.40.0-255,66,47680,61,256453
25963,0.000706,74.125.24.0-255,5738,53418,61,256453
25964,0.00071,172.31.40.0-255,66,53484,61,256453
25965,0.000738,74.125.24.0-255,3961,57445,61,256453
25966,0.00074,172.31.40.0-255,66,57511,61,256453
25967,0.001399,74.125.24.0-255,646,58157,61,256453
25968,0.001406,172.31.40.0-255,66,58223,61,256453
25969,0.001551,74.125.24.0-255,1484,59707,61,256453
25970,0.001556,172.31.40.0-255,66,59773,61,256453
25971,0.001563,74.125.24.0-255,2902,62675,61,256453
25972,0.001565,172.31.40.0-255,66,62741,61,256453
25973,0.001575,74.125.24.0-255,2902,65643,61,256453
25974,0.001577,172.31.40.0-255,66,65709,61,256453
25975,0.001613,74.125.24.0-255,2902,68611,61,256453
25976,0.001616,172.31.40.0-255,66,68677,61,256453
25977,0.001621,74.125.24.0-255,4320,72997,61,256453
25978,0.001624,172.31.40.0-255,66,73063,61,256453
25979,0.001642,172.31.40.0-255,66,73129,61,256453
25980,0.001653,172.31.40.0-255,66,73195,61,256453
25981,0.002142,74.125.24.0-255,1484,74679,61,256453
25982,0.002148,74.125.24.0-255,1484,76163,61,256453
25983,0.002152,172.31.40.0-255,66,76229,61,256453
25984,0.002176,74.125.24.0-255,1484,77713,61,256453
25985,0.002184,74.125.24.0-255,5738,83451,61,256453
25986,0.002187,172.31.40.0-255,66,83517,61,256453
25987,0.002192,74.125.24.0-255,4320,87837,61,256453
25988,0.002195,172.31.40.0-255,66,87903,61,256453
25989,0.002212,74.125.24.0-255,1484,89387,61,256453
25990,0.002245,172.31.40.0-255,66,89453,61,256453
25991,0.002251,74.125.24.0-255,5738,95191,61,256453
25992,0.002253,172.31.40.0-255,66,95257,61,256453
25993,0.002282,74.125.24.0-255,2184,97441,61,256453
25994,0.002284,172.31.40.0-255,66,97507,61,256453
25995,0.002349,74.125.24.0-255,1484,98991,61,256453
25996,0.00236,74.125.24.0-255,1484,100475,61,256453
25997,0.002363,172.31.40.0-255,66,100541,61,256453
25998,0.002386,74.125.24.0-255,1484,102025,61,256453
25999,0.002392,74.125.24.0-255,5738,107763,61,256453
26000,0.002395,172.31.40.0-255,66,107829,61,256453
26001,0.002402,74.125.24.0-255,7156,114985,61,256453
26002,0.002405,172.31.40.0-255,66,115051,61,256453
26003,0.002426,74.125.24.0-255,2902,117953,61,256453
26004,0.002427,172.31.40.0-255,66,118019,61,256453
26005,0.002435,74.125.24.0-255,1484,119503,61,256453
26006,0.002468,172.31.40.0-255,66,119569,61,256453
26007,0.002492,74.125.24.0-255,1484,121053,61,256453
26008,0.002505,74.125.24.0-255,2902,123955,61,256453
26009,0.002507,172.31.40.0-255,66,124021,61,256453
26010,0.002512,74.125.24.0-255,2902,126923,61,256453
26011,0.002515,172.31.40.0-255,66,126989,61,256453
26012,0.002544,74.125.24.0-255,2902,129891,61,256453
26013,0.002547,172.31.40.0-255,66,129957,61,256453
26014,0.002552,74.125.24.0-255,4320,134277,61,256453
26015,0.002554,172.31.40.0-255,66,134343,61,256453
26016,0.002587,74.125.24.0-255,7156,141499,61,256453
26017,0.00259,172.31.40.0-255,66,141565,61,256453
26018,0.002595,74.125.24.0-255,4320,145885,61,256453
26019,0.002597,172.31.40.0-255,66,145951,61,256453
26020,0.002637,172.31.40.0-255,66,146017,61,256453
26021,0.002643,74.125.24.0-255,5738,151755,61,256453
26022,0.002645,172.31.40.0-255,66,151821,61,256453
26023,0.002648,74.125.24.0-255,1484,153305,61,256453
26024,0.002656,74.125.24.0-255,2902,156207,61,256453
26025,0.002659,172.31.40.0-255,66,156273,61,256453
26026,0.002673,172.31.40.0-255,66,156339,61,256453
26027,0.002677,74.125.24.0-255,2902,159241,61,256453
26028,0.00268,172.31.40.0-255,66,159307,61,256453
26029,0.002684,74.125.24.0-255,2902,162209,61,256453
26030,0.002686,172.31.40.0-255,66,162275,61,256453
26031,0.002718,74.125.24.0-255,4320,166595,61,256453
26032,0.002721,172.31.40.0-255,66,166661,61,256453
26033,0.002723,74.125.24.0-255,766,167427,61,256453
26034,0.00322,74.125.24.0-255,1484,168911,61,256453
26035,0.003222,172.31.40.0-255,66,168977,61,256453
26036,0.003235,74.125.24.0-255,2902,171879,61,256453
26037,0.003241,172.31.40.0-255,66,171945,61,256453
26038,0.003252,74.125.24.0-255,1484,173429,61,256453
26039,0.003264,74.125.24.0-255,1484,174913,61,256453
26040,0.003267,172.31.40.0-255,66,174979,61,256453
26041,0.003271,74.125.24.0-255,4320,179299,61,256453
26042,0.003273,172.31.40.0-255,66,179365,61,256453
26043,0.0033,74.125.24.0-255,2902,182267,61,256453
26044,0.003302,172.31.40.0-255,66,182333,61,256453
26045,0.003309,74.125.24.0-255,1484,183817,61,256453
26046,0.003317,74.125.24.0-255,2902,186719,61,256453
26047,0.003319,172.31.40.0-255,66,186785,61,256453
26048,0.003325,74.125.24.0-255,5738,192523,61,256453
26049,0.003327,172.31.40.0-255,66,192589,61,256453
26050,0.00338,172.31.40.0-255,66,192655,61,256453
26051,0.003392,74.125.24.0-255,766,193421,61,256453
26052,0.003533,74.125.24.0-255,1484,194905,61,256453
26053,0.003537,172.31.40.0-255,66,194971,61,256453
26054,0.003542,74.125.24.0-255,2902,197873,61,256453
26055,0.003544,172.31.40.0-255,66,197939,61,256453
26056,0.003576,74.125.24.0-255,5738,203677,61,256453
26057,0.003579,172.31.40.0-255,66,203743,61,256453
26058,0.003595,172.31.40.0-255,66,203809,61,256453
26059,0.003673,172.31.40.0-255,66,203875,61,256453
26060,0.003682,172.31.40.0-255,66,203941,61,256453
26061,0.003722,172.31.40.0-255,66,204007,61,256453
26062,0.003727,74.125.24.0-255,5020,209027,61,256453
26063,0.00373,172.31.40.0-255,66,209093,61,256453
26064,0.003736,74.125.24.0-255,5738,214831,61,256453
26065,0.003742,172.31.40.0-255,66,214897,61,256453
26066,0.003764,172.31.40.0-255,66,214963,61,256453
26067,0.003788,74.125.24.0-255,5738,220701,61,256453
26068,0.003794,172.31.40.0-255,66,220767,61,256453
26069,0.003797,74.125.24.0-255,1484,222251,61,256453
26070,0.003802,74.125.24.0-255,5020,227271,61,256453
26071,0.003805,172.31.40.0-255,66,227337,61,256453
26072,0.003843,74.125.24.0-255,5738,233075,61,256453
26073,0.003846,172.31.40.0-255,66,233141,61,256453
26074,0.003852,74.125.24.0-255,5738,238879,61,256453
26075,0.003854,172.31.40.0-255,66,238945,61,256453
26076,0.00387,172.31.40.0-255,66,239011,61,256453
26077,0.003898,74.125.24.0-255,5738,244749,61,256453
26078,0.0039,172.31.40.0-255,66,244815,61,256453
26079,0.003938,172.31.40.0-255,66,244881,61,256453
26080,0.003954,172.31.40.0-255,66,244947,61,256453
26081,0.003957,74.125.24.0-255,2014,246961,61,256453
26082,0.003959,172.31.40.0-255,66,247027,61,256453
26083,0.003962,74.125.24.0-255,105,247132,61,256453
26084,0.006624,172.31.40.0-255,66,247198,61,256453
26085,0.006656,172.31.40.0-255,105,247303,61,256453
26086,0.00923,74.125.24.0-255,66,247369,61,256453
26087,0.036562,172.31.40.0-255,167,247536,61,256453
26088,0.036594,172.31.40.0-255,1119,248655,61,256453
26089,0.03666,172.31.40.0-255,1514,250169,61,256453
26090,0.036662,172.31.40.0-255,1514,251683,61,256453
26091,0.036663,172.31.40.0-255,1514,253197,61,256453
26092,0.036664,172.31.40.0-255,1514,254711,61,256453
26093,0.036694,172.31.40.0-255,1478,256189,61,256453
26094,0.038131,104.244.42.0-255,66,256255,61,256453
26095,0.038169,104.244.42.0-255,66,256321,61,256453
26096,0.038222,104.244.42.0-255,66,256387,61,256453
26097,0.03826,104.244.42.0-255,66,256453,61,256453
26098,0.0,172.31.40.0-255,296,296,61,346932
26099,0.001553,104.244.42.0-255,66,362,61,346932
26100,0.009973,74.125.68.0-255,148,510,61,346932
26101,0.009992,172.31.40.0-255,66,576,61,346932
26102,0.01,74.125.68.0-255,1484,2060,61,346932
26103,0.010004,172.31.40.0-255,66,2126,61,346932
26104,0.010018,74.125.68.0-255,2902,5028,61,346932
26105,0.010023,172.31.40.0-255,66,5094,61,346932
26106,0.010029,74.125.68.0-255,4320,9414,61,346932
26107,0.010032,172.31.40.0-255,66,9480,61,346932
26108,0.010038,74.125.68.0-255,4859,14339,61,346932
26109,0.010041,172.31.40.0-255,66,14405,61,346932
26110,0.010078,74.125.68.0-255,7156,21561,61,346932
26111,0.010082,172.31.40.0-255,66,21627,61,346932
26112,0.010101,74.125.68.0-255,4320,25947,61,346932
26113,0.010104,172.31.40.0-255,66,26013,61,346932
26114,0.010131,74.125.68.0-255,1484,27497,61,346932
26115,0.010133,172.31.40.0-255,66,27563,61,346932
26116,0.010151,74.125.68.0-255,3961,31524,61,346932
26117,0.010154,172.31.40.0-255,66,31590,61,346932
26118,0.010224,74.125.68.0-255,1484,33074,61,346932
26119,0.010227,172.31.40.0-255,66,33140,61,346932
26120,0.010232,74.125.68.0-255,2902,36042,61,346932
26121,0.010234,172.31.40.0-255,66,36108,61,346932
26122,0.010243,74.125.68.0-255,2902,39010,61,346932
26123,0.010245,172.31.40.0-255,66,39076,61,346932
26124,0.010251,74.125.68.0-255,4320,43396,61,346932
26125,0.010253,172.31.40.0-255,66,43462,61,346932
26126,0.010282,74.125.68.0-255,6797,50259,61,346932
26127,0.010285,172.31.40.0-255,66,50325,61,346932
26128,0.010318,74.125.68.0-255,7156,57481,61,346932
26129,0.010321,172.31.40.0-255,66,57547,61,346932
26130,0.010377,172.31.40.0-255,66,57613,61,346932
26131,0.010487,74.125.68.0-255,127,57740,61,346932
26132,0.010532,74.125.68.0-255,353,58093,61,346932
26133,0.010842,74.125.68.0-255,1484,59577,61,346932
26134,0.010849,172.31.40.0-255,66,59643,61,346932
26135,0.010856,74.125.68.0-255,2902,62545,61,346932
26136,0.010858,172.31.40.0-255,66,62611,61,346932
26137,0.010885,74.125.68.0-255,5738,68349,61,346932
26138,0.010888,172.31.40.0-255,66,68415,61,346932
26139,0.010893,74.125.68.0-255,4320,72735,61,346932
26140,0.010895,172.31.40.0-255,66,72801,61,346932
26141,0.010933,74.125.68.0-255,1484,74285,61,346932
26142,0.010942,74.125.68.0-255,7156,81441,61,346932
26143,0.010945,172.31.40.0-255,66,81507,61,346932
26144,0.010949,74.125.68.0-255,2902,84409,61,346932
26145,0.010951,172.31.40.0-255,66,84475,61,346932
26146,0.010988,172.31.40.0-255,66,84541,61,346932
26147,0.011027,74.125.68.0-255,1484,86025,61,346932
26148,0.011044,74.125.68.0-255,2902,88927,61,346932
26149,0.011047,172.31.40.0-255,66,88993,61,346932
26150,0.011052,74.125.68.0-255,2902,91895,61,346932
26151,0.011054,172.31.40.0-255,66,91961,61,346932
26152,0.011072,74.125.68.0-255,1484,93445,61,346932
26153,0.011076,74.125.68.0-255,2902,96347,61,346932
26154,0.011079,172.31.40.0-255,66,96413,61,346932
26155,0.011104,74.125.68.0-255,5738,102151,61,346932
26156,0.011106,172.31.40.0-255,66,102217,61,346932
26157,0.011114,74.125.68.0-255,7156,109373,61,346932
26158,0.011116,172.31.40.0-255,66,109439,61,346932
26159,0.011121,74.125.68.0-255,4320,113759,61,346932
26160,0.011124,172.31.40.0-255,66,113825,61,346932
26161,0.011155,74.125.68.0-255,4320,118145,61,346932
26162,0.011159,172.31.40.0-255,66,118211,61,346932
26163,0.011161,74.125.68.0-255,218,118429,61,346932
26164,0.011207,74.125.68.0-255,1484,119913,61,346932
26165,0.01121,172.31.40.0-255,66,119979,61,346932
26166,0.011239,74.125.68.0-255,2902,122881,61,346932
26167,0.011243,172.31.40.0-255,66,122947,61,346932
26168,0.011249,74.125.68.0-255,5738,128685,61,346932
26169,0.011252,172.31.40.0-255,66,128751,61,346932
26170,0.011258,74.125.68.0-255,5738,134489,61,346932
26171,0.01126,172.31.40.0-255,66,134555,61,346932
26172,0.011267,74.125.68.0-255,7156,141711,61,346932
26173,0.011269,172.31.40.0-255,66,141777,61,346932
26174,0.0113,74.125.68.0-255,5738,147515,61,346932
26175,0.011303,172.31.40.0-255,66,147581,61,346932
26176,0.011328,74.125.68.0-255,5020,152601,61,346932
26177,0.01133,172.31.40.0-255,66,152667,61,346932
26178,0.011346,74.125.68.0-255,1484,154151,61,346932
26179,0.011358,74.125.68.0-255,2902,157053,61,346932
26180,0.01136,172.31.40.0-255,66,157119,61,346932
26181,0.011387,74.125.68.0-255,5738,162857,61,346932
26182,0.01139,172.31.40.0-255,66,162923,61,346932
26183,0.011421,74.125.68.0-255,5738,168661,61,346932
26184,0.011424,172.31.40.0-255,66,168727,61,346932
26185,0.01143,74.125.68.0-255,7156,175883,61,346932
26186,0.011432,172.31.40.0-255,66,175949,61,346932
26187,0.01147,172.31.40.0-255,66,176015,61,346932
26188,0.011507,74.125.68.0-255,1484,177499,61,346932
26189,0.011512,74.125.68.0-255,2902,180401,61,346932
26190,0.011515,172.31.40.0-255,66,180467,61,346932
26191,0.011533,74.125.68.0-255,5738,186205,61,346932
26192,0.011536,172.31.40.0-255,66,186271,61,346932
26193,0.011539,74.125.68.0-255,1484,187755,61,346932
26194,0.011562,74.125.68.0-255,4320,192075,61,346932
26195,0.011564,172.31.40.0-255,66,192141,61,346932
26196,0.011569,74.125.68.0-255,4320,196461,61,346932
26197,0.011571,172.31.40.0-255,66,196527,61,346932
26198,0.011593,74.125.68.0-255,2902,199429,61,346932
26199,0.011595,172.31.40.0-255,66,199495,61,346932
26200,0.011601,74.125.68.0-255,1484,200979,61,346932
26201,0.011628,172.31.40.0-255,66,201045,61,346932
26202,0.011631,74.125.68.0-255,766,201811,61,346932
26203,0.011707,74.125.68.0-255,1484,203295,61,346932
26204,0.01171,172.31.40.0-255,66,203361,61,346932
26205,0.011762,74.125.68.0-255,2902,206263,61,346932
26206,0.011764,172.31.40.0-255,66,206329,61,346932
26207,0.01177,74.125.68.0-255,5738,212067,61,346932
26208,0.011772,172.31.40.0-255,66,212133,61,346932
26209,0.011775,74.125.68.0-255,2902,215035,61,346932
26210,0.011777,172.31.40.0-255,66,215101,61,346932
26211,0.011816,74.125.68.0-255,4320,219421,61,346932
26212,0.011818,172.31.40.0-255,66,219487,61,346932
26213,0.011828,172.31.40.0-255,66,219553,61,346932
26214,0.011839,172.31.40.0-255,66,219619,61,346932
26215,0.011857,74.125.68.0-255,7156,226775,61,346932
26216,0.01186,172.31.40.0-255,66,226841,61,346932
26217,0.011883,74.125.68.0-255,1484,228325,61,346932
26218,0.011891,74.125.68.0-255,7156,235481,61,346932
26219,0.011893,172.31.40.0-255,66,235547,61,346932
26220,0.011919,74.125.68.0-255,2902,238449,61,346932
26221,0.011921,172.31.40.0-255,66,238515,61,346932
26222,0.011932,172.31.40.0-255,66,238581,61,346932
26223,0.011948,74.125.68.0-255,1484,240065,61,346932
26224,0.011969,74.125.68.0-255,3602,243667,61,346932
26225,0.011971,172.31.40.0-255,66,243733,61,346932
26226,0.014041,74.125.68.0-255,5738,249471,61,346932
26227,0.014049,172.31.40.0-255,66,249537,61,346932
26228,0.016127,74.125.68.0-255,5738,255275,61,346932
26229,0.016141,172.31.40.0-255,66,255341,61,346932
26230,0.018189,74.125.68.0-255,5738,261079,61,346932
26231,0.018195,172.31.40.0-255,66,261145,61,346932
26232,0.020258,74.125.68.0-255,5738,266883,61,346932
26233,0.020265,172.31.40.0-255,66,266949,61,346932
26234,0.022323,74.125.68.0-255,5738,272687,61,346932
26235,0.022331,172.31.40.0-255,66,272753,61,346932
26236,0.024396,74.125.68.0-255,5738,278491,61,346932
26237,0.024402,172.31.40.0-255,66,278557,61,346932
26238,0.026475,74.125.68.0-255,5738,284295,61,346932
26239,0.026484,172.31.40.0-255,66,284361,61,346932
26240,0.028536,74.125.68.0-255,4320,288681,61,346932
26241,0.028543,172.31.40.0-255,66,288747,61,346932
26242,0.02857,74.125.68.0-255,1484,290231,61,346932
26243,0.030596,74.125.68.0-255,4320,294551,61,346932
26244,0.030605,172.31.40.0-255,66,294617,61,346932
26245,0.032649,74.125.68.0-255,1484,296101,61,346932
26246,0.032669,74.125.68.0-255,4320,300421,61,346932
26247,0.032674,172.31.40.0-255,66,300487,61,346932
26248,0.034756,74.125.68.0-255,5738,306225,61,346932
26249,0.034763,172.31.40.0-255,66,306291,61,346932
26250,0.036809,74.125.68.0-255,4320,310611,61,346932
26251,0.036815,172.31.40.0-255,66,310677,61,346932
26252,0.03684,74.125.68.0-255,1484,312161,61,346932
26253,0.038864,74.125.68.0-255,4320,316481,61,346932
26254,0.038871,172.31.40.0-255,66,316547,61,346932
26255,0.040936,74.125.68.0-255,5738,322285,61,346932
26256,0.040943,172.31.40.0-255,66,322351,61,346932
26257,0.043006,74.125.68.0-255,5738,328089,61,346932
26258,0.043014,172.31.40.0-255,66,328155,61,346932
26259,0.043968,172.31.40.0-255,167,328322,61,346932
26260,0.043997,172.31.40.0-255,1066,329388,61,346932
26261,0.045083,74.125.68.0-255,5738,335126,61,346932
26262,0.04509,172.31.40.0-255,66,335192,61,346932
26263,0.045483,104.244.42.0-255,66,335258,61,346932
26264,0.045542,104.244.42.0-255,66,335324,61,346932
26265,0.047154,74.125.68.0-255,5738,341062,61,346932
26266,0.04716,172.31.40.0-255,66,341128,61,346932
26267,0.049222,74.125.68.0-255,5738,346866,61,346932
26268,0.049231,172.31.40.0-255,66,346932,61,346932
26269,0.0,172.217.194.0-255,153,153,61,207419
26270,1.3e-05,172.31.40.0-255,66,219,61,207419
26271,1.9e-05,172.217.194.0-255,1484,1703,61,207419
26272,2.2e-05,172.31.40.0-255,66,1769,61,207419
26273,2.7e-05,172.217.194.0-255,2902,4671,61,207419
26274,2.9e-05,172.31.40.0-255,66,4737,61,207419
26275,4.3e-05,172.217.194.0-255,7156,11893,61,207419
26276,4.5e-05,172.31.40.0-255,66,11959,61,207419
26277,0.000113,172.31.40.0-255,66,12025,61,207419
26278,0.00014,172.217.194.0-255,621,12646,61,207419
26279,0.000142,172.31.40.0-255,66,12712,61,207419
26280,0.000146,172.217.194.0-255,2543,15255,61,207419
26281,0.000148,172.31.40.0-255,66,15321,61,207419
26282,0.00015,172.217.194.0-255,1484,16805,61,207419
26283,0.000152,172.31.40.0-255,66,16871,61,207419
26284,0.000156,172.217.194.0-255,2902,19773,61,207419
26285,0.000158,172.31.40.0-255,66,19839,61,207419
26286,0.000163,172.217.194.0-255,5738,25577,61,207419
26287,0.00017,172.31.40.0-255,66,25643,61,207419
26288,0.00018,172.217.194.0-255,1484,27127,61,207419
26289,0.000182,172.31.40.0-255,66,27193,61,207419
26290,0.000232,172.31.40.0-255,66,27259,61,207419
26291,0.000243,172.31.40.0-255,66,27325,61,207419
26292,0.000245,172.217.194.0-255,398,27723,61,207419
26293,0.000247,172.31.40.0-255,66,27789,61,207419
26294,0.000371,172.217.194.0-255,1484,29273,61,207419
26295,0.000375,172.31.40.0-255,66,29339,61,207419
26296,0.000381,172.217.194.0-255,2902,32241,61,207419
26297,0.000383,172.31.40.0-255,66,32307,61,207419
26298,0.000388,172.217.194.0-255,4320,36627,61,207419
26299,0.000409,172.31.40.0-255,66,36693,61,207419
26300,0.000438,172.217.194.0-255,1484,38177,61,207419
26301,0.000445,172.217.194.0-255,5738,43915,61,207419
26302,0.000447,172.31.40.0-255,66,43981,61,207419
26303,0.00046,172.31.40.0-255,66,44047,61,207419
26304,0.000465,172.217.194.0-255,5020,49067,61,207419
26305,0.000467,172.31.40.0-255,66,49133,61,207419
26306,0.000654,172.217.194.0-255,1484,50617,61,207419
26307,0.000659,172.217.194.0-255,2902,53519,61,207419
26308,0.000662,172.31.40.0-255,66,53585,61,207419
26309,0.000666,172.217.194.0-255,1484,55069,61,207419
26310,0.000693,172.217.194.0-255,4320,59389,61,207419
26311,0.000696,172.31.40.0-255,66,59455,61,207419
26312,0.000707,172.31.40.0-255,66,59521,61,207419
26313,0.000743,172.217.194.0-255,2902,62423,61,207419
26314,0.000746,172.31.40.0-255,66,62489,61,207419
26315,0.000757,172.31.40.0-255,66,62555,61,207419
26316,0.000783,172.217.194.0-255,1484,64039,61,207419
26317,0.000786,172.217.194.0-255,1484,65523,61,207419
26318,0.000788,172.31.40.0-255,66,65589,61,207419
26319,0.000811,172.217.194.0-255,1484,67073,61,207419
26320,0.000818,172.217.194.0-255,5738,72811,61,207419
26321,0.00082,172.31.40.0-255,66,72877,61,207419
26322,0.000826,172.217.194.0-255,5738,78615,61,207419
26323,0.000828,172.31.40.0-255,66,78681,61,207419
26324,0.000854,172.217.194.0-255,7156,85837,61,207419
26325,0.000871,172.31.40.0-255,66,85903,61,207419
26326,0.000874,172.31.40.0-255,66,85969,61,207419
26327,0.001128,172.217.194.0-255,1484,87453,61,207419
26328,0.001132,172.217.194.0-255,1484,88937,61,207419
26329,0.001135,172.31.40.0-255,66,89003,61,207419
26330,0.001161,172.217.194.0-255,1484,90487,61,207419
26331,0.001167,172.217.194.0-255,5738,96225,61,207419
26332,0.001169,172.31.40.0-255,66,96291,61,207419
26333,0.001174,172.217.194.0-255,5738,102029,61,207419
26334,0.001176,172.31.40.0-255,66,102095,61,207419
26335,0.001181,172.217.194.0-255,5738,107833,61,207419
26336,0.001185,172.31.40.0-255,66,107899,61,207419
26337,0.001211,172.217.194.0-255,7156,115055,61,207419
26338,0.001213,172.31.40.0-255,66,115121,61,207419
26339,0.001218,172.217.194.0-255,5020,120141,61,207419
26340,0.001222,172.31.40.0-255,66,120207,61,207419
26341,0.001419,172.217.194.0-255,1484,121691,61,207419
26342,0.001424,172.217.194.0-255,2902,124593,61,207419
26343,0.001427,172.31.40.0-255,66,124659,61,207419
26344,0.00143,172.217.194.0-255,1484,126143,61,207419
26345,0.00146,172.217.194.0-255,4320,130463,61,207419
26346,0.001462,172.31.40.0-255,66,130529,61,207419
26347,0.001471,172.31.40.0-255,66,130595,61,207419
26348,0.001511,172.217.194.0-255,1484,132079,61,207419
26349,0.001538,172.31.40.0-255,66,132145,61,207419
26350,0.001542,172.217.194.0-255,2184,134329,61,207419
26351,0.001543,172.31.40.0-255,66,134395,61,207419
26352,0.001574,172.217.194.0-255,2902,137297,61,207419
26353,0.001576,172.31.40.0-255,66,137363,61,207419
26354,0.001582,172.217.194.0-255,5738,143101,61,207419
26355,0.001584,172.31.40.0-255,66,143167,61,207419
26356,0.001599,172.31.40.0-255,66,143233,61,207419
26357,0.001625,172.217.194.0-255,4320,147553,61,207419
26358,0.00163,172.31.40.0-255,66,147619,61,207419
26359,0.00166,172.31.40.0-255,66,147685,61,207419
26360,0.001995,172.217.194.0-255,1484,149169,61,207419
26361,0.002014,172.217.194.0-255,2902,152071,61,207419
26362,0.002016,172.31.40.0-255,66,152137,61,207419
26363,0.00202,172.217.194.0-255,1484,153621,61,207419
26364,0.002042,172.217.194.0-255,2902,156523,61,207419
26365,0.002064,172.31.40.0-255,66,156589,61,207419
26366,0.00207,172.31.40.0-255,66,156655,61,207419
26367,0.002078,172.217.194.0-255,7156,163811,61,207419
26368,0.002079,172.31.40.0-255,66,163877,61,207419
26369,0.002104,172.217.194.0-255,4320,168197,61,207419
26370,0.002105,172.31.40.0-255,66,168263,61,207419
26371,0.002119,172.217.194.0-255,2902,171165,61,207419
26372,0.002121,172.31.40.0-255,66,171231,61,207419
26373,0.002143,172.217.194.0-255,2184,173415,61,207419
26374,0.002145,172.31.40.0-255,66,173481,61,207419
26375,0.002171,172.217.194.0-255,5738,179219,61,207419
26376,0.002173,172.31.40.0-255,66,179285,61,207419
26377,0.002178,172.217.194.0-255,4320,183605,61,207419
26378,0.00218,172.31.40.0-255,66,183671,61,207419
26379,0.002208,172.217.194.0-255,2902,186573,61,207419
26380,0.002211,172.31.40.0-255,66,186639,61,207419
26381,0.002224,172.31.40.0-255,66,186705,61,207419
26382,0.002233,172.31.40.0-255,66,186771,61,207419
26383,0.002259,172.217.194.0-255,2184,188955,61,207419
26384,0.002262,172.31.40.0-255,66,189021,61,207419
26385,0.002268,172.217.194.0-255,7156,196177,61,207419
26386,0.00227,172.31.40.0-255,66,196243,61,207419
26387,0.002309,172.31.40.0-255,66,196309,61,207419
26388,0.002319,172.31.40.0-255,66,196375,61,207419
26389,0.002337,172.217.194.0-255,1484,197859,61,207419
26390,0.002374,172.31.40.0-255,66,197925,61,207419
26391,0.002414,172.31.40.0-255,66,197991,61,207419
26392,0.002426,172.31.40.0-255,66,198057,61,207419
26393,0.002432,172.217.194.0-255,105,198162,61,207419
26394,0.009188,172.31.40.0-255,66,198228,61,207419
26395,0.009228,172.31.40.0-255,105,198333,61,207419
26396,0.011742,172.217.194.0-255,66,198399,61,207419
26397,0.034601,172.31.40.0-255,167,198566,61,207419
26398,0.034631,172.31.40.0-255,1120,199686,61,207419
26399,0.034696,172.31.40.0-255,1514,201200,61,207419
26400,0.034698,172.31.40.0-255,1514,202714,61,207419
26401,0.034703,172.31.40.0-255,1514,204228,61,207419
26402,0.034704,172.31.40.0-255,1514,205742,61,207419
26403,0.034722,172.31.40.0-255,1479,207221,61,207419
26404,0.036085,104.244.42.0-255,66,207287,61,207419
26405,0.036117,104.244.42.0-255,66,207353,61,207419
26406,0.036227,104.244.42.0-255,66,207419,61,207419
26407,0.0,172.217.194.0-255,146,146,61,232171
26408,2.3e-05,172.31.40.0-255,66,212,61,232171
26409,3.1e-05,172.217.194.0-255,1484,1696,61,232171
26410,3.6e-05,172.31.40.0-255,66,1762,61,232171
26411,4.1e-05,172.217.194.0-255,2902,4664,61,232171
26412,4.5e-05,172.31.40.0-255,66,4730,61,232171
26413,5.3e-05,172.217.194.0-255,7156,11886,61,232171
26414,5.6e-05,172.31.40.0-255,66,11952,61,232171
26415,7.1e-05,172.31.40.0-255,66,12018,61,232171
26416,0.000105,172.217.194.0-255,6797,18815,61,232171
26417,0.000109,172.31.40.0-255,66,18881,61,232171
26418,0.00019,172.217.194.0-255,1484,20365,61,232171
26419,0.000194,172.31.40.0-255,66,20431,61,232171
26420,0.000211,172.217.194.0-255,2902,23333,61,232171
26421,0.000213,172.31.40.0-255,66,23399,61,232171
26422,0.00022,172.217.194.0-255,5738,29137,61,232171
26423,0.000223,172.31.40.0-255,66,29203,61,232171
26424,0.000234,172.31.40.0-255,66,29269,61,232171
26425,0.000255,172.217.194.0-255,5379,34648,61,232171
26426,0.000257,172.31.40.0-255,66,34714,61,232171
26427,0.000269,172.31.40.0-255,66,34780,61,232171
26428,0.00029,172.217.194.0-255,1125,35905,61,232171
26429,0.000292,172.31.40.0-255,66,35971,61,232171
26430,0.000295,172.217.194.0-255,395,36366,61,232171
26431,0.000297,172.31.40.0-255,66,36432,61,232171
26432,0.000992,172.217.194.0-255,379,36811,61,232171
26433,0.000998,172.31.40.0-255,66,36877,61,232171
26434,0.001294,172.217.194.0-255,1484,38361,61,232171
26435,0.0013,172.31.40.0-255,66,38427,61,232171
26436,0.001309,172.217.194.0-255,2902,41329,61,232171
26437,0.001312,172.31.40.0-255,66,41395,61,232171
26438,0.00132,172.217.194.0-255,5738,47133,61,232171
26439,0.001322,172.31.40.0-255,66,47199,61,232171
26440,0.001357,172.217.194.0-255,5738,52937,61,232171
26441,0.00136,172.31.40.0-255,66,53003,61,232171
26442,0.001385,172.217.194.0-255,7156,60159,61,232171
26443,0.001388,172.31.40.0-255,66,60225,61,232171
26444,0.001395,172.217.194.0-255,7156,67381,61,232171
26445,0.001397,172.31.40.0-255,66,67447,61,232171
26446,0.001401,172.217.194.0-255,2902,70349,61,232171
26447,0.001403,172.31.40.0-255,66,70415,61,232171
26448,0.001422,172.217.194.0-255,766,71181,61,232171
26449,0.001649,172.217.194.0-255,1484,72665,61,232171
26450,0.001655,172.31.40.0-255,66,72731,61,232171
26451,0.001678,172.217.194.0-255,2902,75633,61,232171
26452,0.00168,172.31.40.0-255,66,75699,61,232171
26453,0.001687,172.217.194.0-255,5738,81437,61,232171
26454,0.001689,172.31.40.0-255,66,81503,61,232171
26455,0.00173,172.31.40.0-255,66,81569,61,232171
26456,0.00176,172.217.194.0-255,4320,85889,61,232171
26457,0.001763,172.31.40.0-255,66,85955,61,232171
26458,0.001775,172.31.40.0-255,66,86021,61,232171
26459,0.001792,172.31.40.0-255,66,86087,61,232171
26460,0.001817,172.31.40.0-255,66,86153,61,232171
26461,0.001827,172.31.40.0-255,66,86219,61,232171
26462,0.001952,172.217.194.0-255,1484,87703,61,232171
26463,0.001958,172.217.194.0-255,2902,90605,61,232171
26464,0.001963,172.31.40.0-255,66,90671,61,232171
26465,0.001969,172.217.194.0-255,5738,96409,61,232171
26466,0.001972,172.31.40.0-255,66,96475,61,232171
26467,0.001997,172.217.194.0-255,7156,103631,61,232171
26468,0.002,172.31.40.0-255,66,103697,61,232171
26469,0.002029,172.31.40.0-255,66,103763,61,232171
26470,0.002033,172.217.194.0-255,2184,105947,61,232171
26471,0.002035,172.31.40.0-255,66,106013,61,232171
26472,0.004256,172.217.194.0-255,5738,111751,61,232171
26473,0.004264,172.31.40.0-255,66,111817,61,232171
26474,0.006501,172.217.194.0-255,5738,117555,61,232171
26475,0.006507,172.31.40.0-255,66,117621,61,232171
26476,0.008732,172.217.194.0-255,5738,123359,61,232171
26477,0.008738,172.31.40.0-255,66,123425,61,232171
26478,0.010963,172.217.194.0-255,5738,129163,61,232171
26479,0.010975,172.31.40.0-255,66,129229,61,232171
26480,0.013202,172.217.194.0-255,5738,134967,61,232171
26481,0.013214,172.31.40.0-255,66,135033,61,232171
26482,0.015492,172.217.194.0-255,5738,140771,61,232171
26483,0.015503,172.31.40.0-255,66,140837,61,232171
26484,0.017755,172.217.194.0-255,5738,146575,61,232171
26485,0.01777,172.31.40.0-255,66,146641,61,232171
26486,0.020012,172.217.194.0-255,5738,152379,61,232171
26487,0.020026,172.31.40.0-255,66,152445,61,232171
26488,0.022284,172.217.194.0-255,5738,158183,61,232171
26489,0.0223,172.31.40.0-255,66,158249,61,232171
26490,0.024584,172.217.194.0-255,5738,163987,61,232171
26491,0.024604,172.31.40.0-255,66,164053,61,232171
26492,0.026853,172.217.194.0-255,5738,169791,61,232171
26493,0.026872,172.31.40.0-255,66,169857,61,232171
26494,0.029133,172.217.194.0-255,5738,175595,61,232171
26495,0.029142,172.31.40.0-255,66,175661,61,232171
26496,0.031369,172.217.194.0-255,5738,181399,61,232171
26497,0.031389,172.31.40.0-255,66,181465,61,232171
26498,0.033625,172.217.194.0-255,5738,187203,61,232171
26499,0.033638,172.31.40.0-255,66,187269,61,232171
26500,0.035855,172.217.194.0-255,5738,193007,61,232171
26501,0.03587,172.31.40.0-255,66,193073,61,232171
26502,0.038107,172.217.194.0-255,5738,198811,61,232171
26503,0.038126,172.31.40.0-255,66,198877,61,232171
26504,0.040359,172.217.194.0-255,5738,204615,61,232171
26505,0.040374,172.31.40.0-255,66,204681,61,232171
26506,0.042705,172.217.194.0-255,5738,210419,61,232171
26507,0.042723,172.31.40.0-255,66,210485,61,232171
26508,0.044373,172.31.40.0-255,167,210652,61,232171
26509,0.044409,172.31.40.0-255,1120,211772,61,232171
26510,0.044466,172.31.40.0-255,1514,213286,61,232171
26511,0.044467,172.31.40.0-255,1275,214561,61,232171
26512,0.04495,172.217.194.0-255,5738,220299,61,232171
26513,0.044959,172.31.40.0-255,66,220365,61,232171
26514,0.045932,104.244.42.0-255,66,220431,61,232171
26515,0.045977,104.244.42.0-255,66,220497,61,232171
26516,0.046025,104.244.42.0-255,66,220563,61,232171
26517,0.047165,172.217.194.0-255,5738,226301,61,232171
26518,0.047181,172.31.40.0-255,66,226367,61,232171
26519,0.049428,172.217.194.0-255,5738,232105,61,232171
26520,0.049449,172.31.40.0-255,66,232171,61,232171
26521,0.0,74.125.200.0-255,153,153,61,315700
26522,2.2e-05,172.31.40.0-255,66,219,61,315700
26523,2.9e-05,74.125.200.0-255,1484,1703,61,315700
26524,3.4e-05,172.31.40.0-255,66,1769,61,315700
26525,4.6e-05,74.125.200.0-255,2902,4671,61,315700
26526,5e-05,172.31.40.0-255,66,4737,61,315700
26527,5.7e-05,74.125.200.0-255,7156,11893,61,315700
26528,6e-05,172.31.40.0-255,66,11959,61,315700
26529,6.4e-05,74.125.200.0-255,2031,13990,61,315700
26530,6.8e-05,172.31.40.0-255,66,14056,61,315700
26531,0.000255,74.125.200.0-255,1484,15540,61,315700
26532,0.00026,172.31.40.0-255,66,15606,61,315700
26533,0.000266,74.125.200.0-255,2902,18508,61,315700
26534,0.000269,172.31.40.0-255,66,18574,61,315700
26535,0.000302,74.125.200.0-255,4320,22894,61,315700
26536,0.000305,172.31.40.0-255,66,22960,61,315700
26537,0.000312,74.125.200.0-255,5738,28698,61,315700
26538,0.000314,172.31.40.0-255,66,28764,61,315700
26539,0.000346,74.125.200.0-255,5738,34502,61,315700
26540,0.000349,172.31.40.0-255,66,34568,61,315700
26541,0.000378,74.125.200.0-255,3961,38529,61,315700
26542,0.00038,172.31.40.0-255,66,38595,61,315700
26543,0.000393,172.31.40.0-255,66,38661,61,315700
26544,0.000432,172.31.40.0-255,66,38727,61,315700
26545,0.000462,74.125.200.0-255,6438,45165,61,315700
26546,0.000465,172.31.40.0-255,66,45231,61,315700
26547,0.000506,74.125.200.0-255,362,45593,61,315700
26548,0.000509,172.31.40.0-255,66,45659,61,315700
26549,0.000512,74.125.200.0-255,128,45787,61,315700
26550,0.000514,172.31.40.0-255,66,45853,61,315700
26551,0.000667,74.125.200.0-255,1484,47337,61,315700
26552,0.000685,74.125.200.0-255,2902,50239,61,315700
26553,0.000689,172.31.40.0-255,66,50305,61,315700
26554,0.000695,74.125.200.0-255,4320,54625,61,315700
26555,0.000698,172.31.40.0-255,66,54691,61,315700
26556,0.000714,74.125.200.0-255,1484,56175,61,315700
26557,0.000719,74.125.200.0-255,2902,59077,61,315700
26558,0.000725,172.31.40.0-255,66,59143,61,315700
26559,0.000751,74.125.200.0-255,4320,63463,61,315700
26560,0.000754,172.31.40.0-255,66,63529,61,315700
26561,0.000766,172.31.40.0-255,66,63595,61,315700
26562,0.00077,74.125.200.0-255,2902,66497,61,315700
26563,0.000776,172.31.40.0-255,66,66563,61,315700
26564,0.000802,74.125.200.0-255,5020,71583,61,315700
26565,0.000806,172.31.40.0-255,66,71649,61,315700
26566,0.000943,74.125.200.0-255,1484,73133,61,315700
26567,0.000948,74.125.200.0-255,1484,74617,61,315700
26568,0.000951,172.31.40.0-255,66,74683,61,315700
26569,0.000978,74.125.200.0-255,1484,76167,61,315700
26570,0.000982,74.125.200.0-255,1484,77651,61,315700
26571,0.000984,172.31.40.0-255,66,77717,61,315700
26572,0.000989,74.125.200.0-255,2902,80619,61,315700
26573,0.000991,172.31.40.0-255,66,80685,61,315700
26574,0.001002,74.125.200.0-255,5738,86423,61,315700
26575,0.001004,172.31.40.0-255,66,86489,61,315700
26576,0.001064,172.31.40.0-255,66,86555,61,315700
26577,0.001076,74.125.200.0-255,1484,88039,61,315700
26578,0.001102,172.31.40.0-255,66,88105,61,315700
26579,0.001116,74.125.200.0-255,2902,91007,61,315700
26580,0.001118,172.31.40.0-255,66,91073,61,315700
26581,0.001146,172.31.40.0-255,66,91139,61,315700
26582,0.001152,74.125.200.0-255,4320,95459,61,315700
26583,0.001154,172.31.40.0-255,66,95525,61,315700
26584,0.001199,172.31.40.0-255,66,95591,61,315700
26585,0.001425,74.125.200.0-255,1484,97075,61,315700
26586,0.001445,74.125.200.0-255,2902,99977,61,315700
26587,0.001449,172.31.40.0-255,66,100043,61,315700
26588,0.001456,74.125.200.0-255,4320,104363,61,315700
26589,0.001458,172.31.40.0-255,66,104429,61,315700
26590,0.001495,74.125.200.0-255,1484,105913,61,315700
26591,0.001502,74.125.200.0-255,4320,110233,61,315700
26592,0.001505,172.31.40.0-255,66,110299,61,315700
26593,0.001511,74.125.200.0-255,5738,116037,61,315700
26594,0.001513,172.31.40.0-255,66,116103,61,315700
26595,0.001524,74.125.200.0-255,5738,121841,61,315700
26596,0.001527,172.31.40.0-255,66,121907,61,315700
26597,0.001555,74.125.200.0-255,5738,127645,61,315700
26598,0.001563,172.31.40.0-255,66,127711,61,315700
26599,0.001566,74.125.200.0-255,2184,129895,61,315700
26600,0.001568,172.31.40.0-255,66,129961,61,315700
26601,0.001624,74.125.200.0-255,1484,131445,61,315700
26602,0.00163,74.125.200.0-255,2902,134347,61,315700
26603,0.001633,172.31.40.0-255,66,134413,61,315700
26604,0.001637,74.125.200.0-255,1484,135897,61,315700
26605,0.001665,74.125.200.0-255,5738,141635,61,315700
26606,0.001668,172.31.40.0-255,66,141701,61,315700
26607,0.001705,172.31.40.0-255,66,141767,61,315700
26608,0.001718,172.31.40.0-255,66,141833,61,315700
26609,0.00174,74.125.200.0-255,1484,143317,61,315700
26610,0.001744,74.125.200.0-255,766,144083,61,315700
26611,0.00175,172.31.40.0-255,66,144149,61,315700
26612,0.001753,74.125.200.0-255,1484,145633,61,315700
26613,0.001756,74.125.200.0-255,1484,147117,61,315700
26614,0.001758,172.31.40.0-255,66,147183,61,315700
26615,0.001787,74.125.200.0-255,2902,150085,61,315700
26616,0.00179,172.31.40.0-255,66,150151,61,315700
26617,0.001796,74.125.200.0-255,5738,155889,61,315700
26618,0.001798,172.31.40.0-255,66,155955,61,315700
26619,0.001809,74.125.200.0-255,7156,163111,61,315700
26620,0.001812,172.31.40.0-255,66,163177,61,315700
26621,0.001865,172.31.40.0-255,66,163243,61,315700
26622,0.001868,74.125.200.0-255,766,164009,61,315700
26623,0.001915,74.125.200.0-255,1484,165493,61,315700
26624,0.001919,172.31.40.0-255,66,165559,61,315700
26625,0.001955,74.125.200.0-255,1484,167043,61,315700
26626,0.003775,74.125.200.0-255,1484,168527,61,315700
26627,0.003781,172.31.40.0-255,66,168593,61,315700
26628,0.003815,74.125.200.0-255,2902,171495,61,315700
26629,0.003819,172.31.40.0-255,66,171561,61,315700
26630,0.005686,74.125.200.0-255,2902,174463,61,315700
26631,0.005693,172.31.40.0-255,66,174529,61,315700
26632,0.005723,74.125.200.0-255,2902,177431,61,315700
26633,0.005725,172.31.40.0-255,66,177497,61,315700
26634,0.007594,74.125.200.0-255,2902,180399,61,315700
26635,0.007597,172.31.40.0-255,66,180465,61,315700
26636,0.007624,74.125.200.0-255,2902,183367,61,315700
26637,0.007626,172.31.40.0-255,66,183433,61,315700
26638,0.009536,74.125.200.0-255,5738,189171,61,315700
26639,0.009543,172.31.40.0-255,66,189237,61,315700
26640,0.011488,74.125.200.0-255,5738,194975,61,315700
26641,0.011495,172.31.40.0-255,66,195041,61,315700
26642,0.01341,74.125.200.0-255,5738,200779,61,315700
26643,0.01342,172.31.40.0-255,66,200845,61,315700
26644,0.01534,74.125.200.0-255,5738,206583,61,315700
26645,0.015348,172.31.40.0-255,66,206649,61,315700
26646,0.017272,74.125.200.0-255,5738,212387,61,315700
26647,0.01728,172.31.40.0-255,66,212453,61,315700
26648,0.019192,74.125.200.0-255,5738,218191,61,315700
26649,0.019201,172.31.40.0-255,66,218257,61,315700
26650,0.021115,74.125.200.0-255,5738,223995,61,315700
26651,0.021123,172.31.40.0-255,66,224061,61,315700
26652,0.023046,74.125.200.0-255,5738,229799,61,315700
26653,0.023054,172.31.40.0-255,66,229865,61,315700
26654,0.024969,74.125.200.0-255,1484,231349,61,315700
26655,0.024998,74.125.200.0-255,4320,235669,61,315700
26656,0.025002,172.31.40.0-255,66,235735,61,315700
26657,0.026911,74.125.200.0-255,5738,241473,61,315700
26658,0.026918,172.31.40.0-255,66,241539,61,315700
26659,0.028837,74.125.200.0-255,5738,247277,61,315700
26660,0.028844,172.31.40.0-255,66,247343,61,315700
26661,0.02992,172.31.40.0-255,166,247509,61,315700
26662,0.029946,172.31.40.0-255,1144,248653,61,315700
26663,0.030013,172.31.40.0-255,1514,250167,61,315700
26664,0.030036,172.31.40.0-255,1251,251418,61,315700
26665,0.030764,74.125.200.0-255,5738,257156,61,315700
26666,0.03077,172.31.40.0-255,66,257222,61,315700
26667,0.031465,104.244.42.0-255,66,257288,61,315700
26668,0.031514,104.244.42.0-255,66,257354,61,315700
26669,0.031602,104.244.42.0-255,66,257420,61,315700
26670,0.031613,104.244.42.0-255,66,257486,61,315700
26671,0.032679,74.125.200.0-255,5738,263224,61,315700
26672,0.032685,172.31.40.0-255,66,263290,61,315700
26673,0.032778,104.244.42.0-255,108,263398,61,315700
26674,0.032784,172.31.40.0-255,66,263464,61,315700
26675,0.034598,74.125.200.0-255,5738,269202,61,315700
26676,0.034604,172.31.40.0-255,66,269268,61,315700
26677,0.036509,74.125.200.0-255,5738,275006,61,315700
26678,0.036514,172.31.40.0-255,66,275072,61,315700
26679,0.038427,74.125.200.0-255,5738,280810,61,315700
26680,0.038434,172.31.40.0-255,66,280876,61,315700
26681,0.040359,74.125.200.0-255,5738,286614,61,315700
26682,0.040366,172.31.40.0-255,66,286680,61,315700
26683,0.042287,74.125.200.0-255,5738,292418,61,315700
26684,0.042294,172.31.40.0-255,66,292484,61,315700
26685,0.044211,74.125.200.0-255,5738,298222,61,315700
26686,0.044217,172.31.40.0-255,66,298288,61,315700
26687,0.046125,74.125.200.0-255,5738,304026,61,315700
26688,0.046132,172.31.40.0-255,66,304092,61,315700
26689,0.048054,74.125.200.0-255,5738,309830,61,315700
26690,0.048059,172.31.40.0-255,66,309896,61,315700
26691,0.04997,74.125.200.0-255,5738,315634,61,315700
26692,0.049976,172.31.40.0-255,66,315700,61,315700
26693,0.0,172.217.194.0-255,150,150,61,171954
26694,1.6e-05,172.31.40.0-255,66,216,61,171954
26695,2.2e-05,172.217.194.0-255,1484,1700,61,171954
26696,2.7e-05,172.31.40.0-255,66,1766,61,171954
26697,3.2e-05,172.217.194.0-255,2902,4668,61,171954
26698,4.2e-05,172.31.40.0-255,66,4734,61,171954
26699,4.8e-05,172.217.194.0-255,4320,9054,61,171954
26700,5.1e-05,172.31.40.0-255,66,9120,61,171954
26701,8.7e-05,172.217.194.0-255,2902,12022,61,171954
26702,8.9e-05,172.31.40.0-255,66,12088,61,171954
26703,0.000107,172.31.40.0-255,66,12154,61,171954
26704,0.000139,172.217.194.0-255,2543,14697,61,171954
26705,0.000141,172.31.40.0-255,66,14763,61,171954
26706,0.000312,172.217.194.0-255,1484,16247,61,171954
26707,0.000318,172.31.40.0-255,66,16313,61,171954
26708,0.000324,172.217.194.0-255,2902,19215,61,171954
26709,0.000326,172.31.40.0-255,66,19281,61,171954
26710,0.000358,172.217.194.0-255,2902,22183,61,171954
26711,0.000364,172.31.40.0-255,66,22249,61,171954
26712,0.000389,172.217.194.0-255,1484,23733,61,171954
26713,0.000392,172.31.40.0-255,66,23799,61,171954
26714,0.000399,172.217.194.0-255,4320,28119,61,171954
26715,0.000401,172.31.40.0-255,66,28185,61,171954
26716,0.000443,172.217.194.0-255,5379,33564,61,171954
26717,0.000446,172.31.40.0-255,66,33630,61,171954
26718,0.000457,172.31.40.0-255,66,33696,61,171954
26719,0.000459,172.217.194.0-255,1484,35180,61,171954
26720,0.000461,172.31.40.0-255,66,35246,61,171954
26721,0.000465,172.217.194.0-255,2902,38148,61,171954
26722,0.000468,172.31.40.0-255,66,38214,61,171954
26723,0.000471,172.217.194.0-255,1377,39591,61,171954
26724,0.000505,172.217.194.0-255,116,39707,61,171954
26725,0.000793,172.217.194.0-255,1484,41191,61,171954
26726,0.000798,172.31.40.0-255,66,41257,61,171954
26727,0.000803,172.217.194.0-255,2902,44159,61,171954
26728,0.000805,172.31.40.0-255,66,44225,61,171954
26729,0.000838,172.217.194.0-255,5738,49963,61,171954
26730,0.000841,172.31.40.0-255,66,50029,61,171954
26731,0.000851,172.31.40.0-255,66,50095,61,171954
26732,0.000899,172.217.194.0-255,5738,55833,61,171954
26733,0.000902,172.31.40.0-255,66,55899,61,171954
26734,0.000944,172.31.40.0-255,66,55965,61,171954
26735,0.000953,172.31.40.0-255,66,56031,61,171954
26736,0.00101,172.31.40.0-255,66,56097,61,171954
26737,0.001046,172.31.40.0-255,66,56163,61,171954
26738,0.001065,172.31.40.0-255,66,56229,61,171954
26739,0.001118,172.217.194.0-255,5738,61967,61,171954
26740,0.001121,172.31.40.0-255,66,62033,61,171954
26741,0.001173,172.31.40.0-255,66,62099,61,171954
26742,0.001183,172.31.40.0-255,66,62165,61,171954
26743,0.001197,172.31.40.0-255,66,62231,61,171954
26744,0.001249,172.31.40.0-255,66,62297,61,171954
26745,0.001253,172.217.194.0-255,2902,65199,61,171954
26746,0.001259,172.217.194.0-255,4320,69519,61,171954
26747,0.001319,172.31.40.0-255,66,69585,61,171954
26748,0.001321,172.31.40.0-255,66,69651,61,171954
26749,0.001322,172.31.40.0-255,66,69717,61,171954
26750,0.001323,172.31.40.0-255,66,69783,61,171954
26751,0.001339,172.217.194.0-255,2184,71967,61,171954
26752,0.001344,172.31.40.0-255,66,72033,61,171954
26753,0.001689,172.217.194.0-255,1484,73517,61,171954
26754,0.001695,172.217.194.0-255,2902,76419,61,171954
26755,0.001698,172.31.40.0-255,66,76485,61,171954
26756,0.001705,172.217.194.0-255,5738,82223,61,171954
26757,0.001707,172.31.40.0-255,66,82289,61,171954
26758,0.001728,172.217.194.0-255,7156,89445,61,171954
26759,0.00173,172.31.40.0-255,66,89511,61,171954
26760,0.001757,172.31.40.0-255,66,89577,61,171954
26761,0.001781,172.31.40.0-255,66,89643,61,171954
26762,0.002189,172.217.194.0-255,1484,91127,61,171954
26763,0.002207,172.217.194.0-255,2902,94029,61,171954
26764,0.00221,172.31.40.0-255,66,94095,61,171954
26765,0.002214,172.217.194.0-255,1484,95579,61,171954
26766,0.002237,172.217.194.0-255,4320,99899,61,171954
26767,0.002239,172.31.40.0-255,66,99965,61,171954
26768,0.002242,172.217.194.0-255,1484,101449,61,171954
26769,0.00227,172.217.194.0-255,7156,108605,61,171954
26770,0.002272,172.31.40.0-255,66,108671,61,171954
26771,0.002285,172.217.194.0-255,4320,112991,61,171954
26772,0.002291,172.31.40.0-255,66,113057,61,171954
26773,0.002294,172.217.194.0-255,1484,114541,61,171954
26774,0.002329,172.217.194.0-255,7156,121697,61,171954
26775,0.002331,172.31.40.0-255,66,121763,61,171954
26776,0.002335,172.217.194.0-255,2184,123947,61,171954
26777,0.002337,172.31.40.0-255,66,124013,61,171954
26778,0.002375,172.217.194.0-255,1484,125497,61,171954
26779,0.00238,172.217.194.0-255,2902,128399,61,171954
26780,0.002382,172.31.40.0-255,66,128465,61,171954
26781,0.002387,172.217.194.0-255,5738,134203,61,171954
26782,0.002389,172.31.40.0-255,66,134269,61,171954
26783,0.002401,172.31.40.0-255,66,134335,61,171954
26784,0.002434,172.217.194.0-255,5738,140073,61,171954
26785,0.002436,172.31.40.0-255,66,140139,61,171954
26786,0.002457,172.217.194.0-255,5020,145159,61,171954
26787,0.002459,172.31.40.0-255,66,145225,61,171954
26788,0.002493,172.217.194.0-255,4320,149545,61,171954
26789,0.002496,172.31.40.0-255,66,149611,61,171954
26790,0.00254,172.31.40.0-255,66,149677,61,171954
26791,0.002545,172.217.194.0-255,2902,152579,61,171954
26792,0.002547,172.31.40.0-255,66,152645,61,171954
26793,0.002572,172.217.194.0-255,5020,157665,61,171954
26794,0.002579,172.31.40.0-255,66,157731,61,171954
26795,0.002645,172.217.194.0-255,5738,163469,61,171954
26796,0.00265,172.31.40.0-255,66,163535,61,171954
26797,0.002696,172.31.40.0-255,66,163601,61,171954
26798,0.002699,172.217.194.0-255,97,163698,61,171954
26799,0.002702,172.217.194.0-255,105,163803,61,171954
26800,0.002704,172.217.194.0-255,129,163932,61,171954
26801,0.010261,172.31.40.0-255,105,164037,61,171954
26802,0.0103,172.31.40.0-255,105,164142,61,171954
26803,0.010634,172.31.40.0-255,90,164232,61,171954
26804,0.010645,172.31.40.0-255,66,164298,61,171954
26805,0.012861,172.217.194.0-255,66,164364,61,171954
26806,0.012883,172.217.194.0-255,66,164430,61,171954
26807,0.013226,172.217.194.0-255,66,164496,61,171954
26808,0.013259,172.217.194.0-255,66,164562,61,171954
26809,0.013267,172.31.40.0-255,66,164628,61,171954
26810,0.035063,172.31.40.0-255,171,164799,61,171954
26811,0.035093,172.31.40.0-255,1143,165942,61,171954
26812,0.035157,172.31.40.0-255,1514,167456,61,171954
26813,0.03516,172.31.40.0-255,1514,168970,61,171954
26814,0.035164,172.31.40.0-255,1514,170484,61,171954
26815,0.035165,172.31.40.0-255,1032,171516,61,171954
26816,0.036665,104.244.42.0-255,66,171582,61,171954
26817,0.036697,104.244.42.0-255,66,171648,61,171954
26818,0.036745,104.244.42.0-255,66,171714,61,171954
26819,0.036765,104.244.42.0-255,66,171780,61,171954
26820,0.037377,104.244.42.0-255,108,171888,61,171954
26821,0.037384,172.31.40.0-255,66,171954,61,171954
26822,0.0,172.217.194.0-255,153,153,61,238045
26823,1.4e-05,172.31.40.0-255,66,219,61,238045
26824,2.2e-05,172.217.194.0-255,1484,1703,61,238045
26825,2.6e-05,172.31.40.0-255,66,1769,61,238045
26826,2.9e-05,172.217.194.0-255,1484,3253,61,238045
26827,3.2e-05,172.31.40.0-255,66,3319,61,238045
26828,3.6e-05,172.217.194.0-255,1484,4803,61,238045
26829,3.9e-05,172.31.40.0-255,66,4869,61,238045
26830,7e-05,172.217.194.0-255,2902,7771,61,238045
26831,7.3e-05,172.31.40.0-255,66,7837,61,238045
26832,8.7e-05,172.31.40.0-255,66,7903,61,238045
26833,0.000105,172.31.40.0-255,66,7969,61,238045
26834,0.000136,172.217.194.0-255,2543,10512,61,238045
26835,0.000138,172.31.40.0-255,66,10578,61,238045
26836,0.000218,172.217.194.0-255,1484,12062,61,238045
26837,0.000222,172.31.40.0-255,66,12128,61,238045
26838,0.000227,172.217.194.0-255,2902,15030,61,238045
26839,0.00023,172.31.40.0-255,66,15096,61,238045
26840,0.000262,172.217.194.0-255,5738,20834,61,238045
26841,0.000265,172.31.40.0-255,66,20900,61,238045
26842,0.000298,172.31.40.0-255,66,20966,61,238045
26843,0.000327,172.217.194.0-255,2543,23509,61,238045
26844,0.00033,172.31.40.0-255,66,23575,61,238045
26845,0.000343,172.31.40.0-255,66,23641,61,238045
26846,0.000345,172.217.194.0-255,646,24287,61,238045
26847,0.000347,172.31.40.0-255,66,24353,61,238045
26848,0.000537,172.217.194.0-255,1484,25837,61,238045
26849,0.000542,172.31.40.0-255,66,25903,61,238045
26850,0.000547,172.217.194.0-255,1484,27387,61,238045
26851,0.00057,172.217.194.0-255,1484,28871,61,238045
26852,0.000577,172.217.194.0-255,5738,34609,61,238045
26853,0.000621,172.217.194.0-255,4320,38929,61,238045
26854,0.000645,172.217.194.0-255,2902,41831,61,238045
26855,0.000662,172.217.194.0-255,3602,45433,61,238045
26856,0.000719,172.31.40.0-255,66,45499,61,238045
26857,0.000829,172.217.194.0-255,1484,46983,61,238045
26858,0.000834,172.217.194.0-255,1484,48467,61,238045
26859,0.000845,172.217.194.0-255,1484,49951,61,238045
26860,0.000861,172.217.194.0-255,5738,55689,61,238045
26861,0.000866,172.31.40.0-255,66,55755,61,238045
26862,0.000878,172.31.40.0-255,66,55821,61,238045
26863,0.000896,172.217.194.0-255,2902,58723,61,238045
26864,0.000943,172.31.40.0-255,66,58789,61,238045
26865,0.000967,172.217.194.0-255,2902,61691,61,238045
26866,0.000978,172.31.40.0-255,66,61757,61,238045
26867,0.000999,172.217.194.0-255,5020,66777,61,238045
26868,0.001042,172.31.40.0-255,66,66843,61,238045
26869,0.001072,172.217.194.0-255,3602,70445,61,238045
26870,0.001093,172.31.40.0-255,66,70511,61,238045
26871,0.001141,172.217.194.0-255,1484,71995,61,238045
26872,0.001153,172.217.194.0-255,2902,74897,61,238045
26873,0.001164,172.31.40.0-255,66,74963,61,238045
26874,0.001187,172.217.194.0-255,5738,80701,61,238045
26875,0.001195,172.217.194.0-255,7156,87857,61,238045
26876,0.001206,172.31.40.0-255,66,87923,61,238045
26877,0.001215,172.217.194.0-255,2902,90825,61,238045
26878,0.00122,172.31.40.0-255,66,90891,61,238045
26879,0.001238,172.217.194.0-255,5738,96629,61,238045
26880,0.001263,172.217.194.0-255,7156,103785,61,238045
26881,0.001265,172.217.194.0-255,766,104551,61,238045
26882,0.001279,172.31.40.0-255,66,104617,61,238045
26883,0.001376,172.217.194.0-255,1484,106101,61,238045
26884,0.001381,172.217.194.0-255,1484,107585,61,238045
26885,0.001392,172.217.194.0-255,1484,109069,61,238045
26886,0.001399,172.217.194.0-255,5738,114807,61,238045
26887,0.001418,172.31.40.0-255,66,114873,61,238045
26888,0.001423,172.217.194.0-255,2902,117775,61,238045
26889,0.001435,172.31.40.0-255,66,117841,61,238045
26890,0.001454,172.217.194.0-255,1484,119325,61,238045
26891,0.001525,172.31.40.0-255,66,119391,61,238045
26892,0.001556,172.217.194.0-255,1484,120875,61,238045
26893,0.001561,172.217.194.0-255,2902,123777,61,238045
26894,0.001567,172.31.40.0-255,66,123843,61,238045
26895,0.001596,172.217.194.0-255,5738,129581,61,238045
26896,0.001605,172.217.194.0-255,7156,136737,61,238045
26897,0.001686,172.217.194.0-255,2184,138921,61,238045
26898,0.001692,172.31.40.0-255,66,138987,61,238045
26899,0.001753,172.217.194.0-255,1484,140471,61,238045
26900,0.00177,172.217.194.0-255,2902,143373,61,238045
26901,0.001774,172.217.194.0-255,2902,146275,61,238045
26902,0.001791,172.217.194.0-255,7156,153431,61,238045
26903,0.0018,172.31.40.0-255,66,153497,61,238045
26904,0.001834,172.217.194.0-255,5738,159235,61,238045
26905,0.001844,172.31.40.0-255,66,159301,61,238045
26906,0.001881,172.217.194.0-255,3602,162903,61,238045
26907,0.001891,172.31.40.0-255,66,162969,61,238045
26908,0.002073,172.217.194.0-255,1484,164453,61,238045
26909,0.00208,172.217.194.0-255,2902,167355,61,238045
26910,0.002098,172.31.40.0-255,66,167421,61,238045
26911,0.002112,172.217.194.0-255,4320,171741,61,238045
26912,0.002127,172.217.194.0-255,1484,173225,61,238045
26913,0.002133,172.217.194.0-255,4320,177545,61,238045
26914,0.002148,172.217.194.0-255,1484,179029,61,238045
26915,0.002151,172.31.40.0-255,66,179095,61,238045
26916,0.002161,172.217.194.0-255,1484,180579,61,238045
26917,0.002168,172.217.194.0-255,1484,182063,61,238045
26918,0.002187,172.217.194.0-255,1484,183547,61,238045
26919,0.002194,172.31.40.0-255,66,183613,61,238045
26920,0.002226,172.217.194.0-255,2902,186515,61,238045
26921,0.00223,172.217.194.0-255,2902,189417,61,238045
26922,0.002232,172.217.194.0-255,1484,190901,61,238045
26923,0.002253,172.31.40.0-255,66,190967,61,238045
26924,0.002266,172.217.194.0-255,5738,196705,61,238045
26925,0.002273,172.217.194.0-255,766,197471,61,238045
26926,0.002298,172.31.40.0-255,66,197537,61,238045
26927,0.002353,172.217.194.0-255,1484,199021,61,238045
26928,0.002357,172.217.194.0-255,1484,200505,61,238045
26929,0.002373,172.31.40.0-255,66,200571,61,238045
26930,0.002376,172.217.194.0-255,1484,202055,61,238045
26931,0.002383,172.217.194.0-255,5738,207793,61,238045
26932,0.002389,172.31.40.0-255,66,207859,61,238045
26933,0.002432,172.217.194.0-255,4320,212179,61,238045
26934,0.002446,172.217.194.0-255,4320,216499,61,238045
26935,0.002449,172.31.40.0-255,66,216565,61,238045
26936,0.002461,172.217.194.0-255,5020,221585,61,238045
26937,0.002465,172.31.40.0-255,66,221651,61,238045
26938,0.002501,172.217.194.0-255,7156,228807,61,238045
26939,0.002514,172.217.194.0-255,2902,231709,61,238045
26940,0.00254,172.31.40.0-255,66,231775,61,238045
26941,0.002599,172.217.194.0-255,3602,235377,61,238045
26942,0.002614,172.31.40.0-255,66,235443,61,238045
26943,0.002625,172.217.194.0-255,2260,237703,61,238045
26944,0.002632,172.217.194.0-255,105,237808,61,238045
26945,0.002653,172.31.40.0-255,66,237874,61,238045
26946,0.017789,172.31.40.0-255,105,237979,61,238045
26947,0.019887,172.217.194.0-255,66,238045,61,238045
26948,0.0,74.125.24.0-255,146,146,61,250349
26949,1.6e-05,172.31.40.0-255,66,212,61,250349
26950,5.7e-05,74.125.24.0-255,1484,1696,61,250349
26951,6.1e-05,172.31.40.0-255,66,1762,61,250349
26952,6.8e-05,74.125.24.0-255,2902,4664,61,250349
26953,7e-05,172.31.40.0-255,66,4730,61,250349
26954,8.2e-05,74.125.24.0-255,5738,10468,61,250349
26955,8.6e-05,172.31.40.0-255,66,10534,61,250349
26956,9.1e-05,74.125.24.0-255,3440,13974,61,250349
26957,9.5e-05,172.31.40.0-255,66,14040,61,250349
26958,0.000101,74.125.24.0-255,4320,18360,61,250349
26959,0.000103,172.31.40.0-255,66,18426,61,250349
26960,0.000145,74.125.24.0-255,5738,24164,61,250349
26961,0.000148,172.31.40.0-255,66,24230,61,250349
26962,0.000175,74.125.24.0-255,2902,27132,61,250349
26963,0.000177,172.31.40.0-255,66,27198,61,250349
26964,0.000183,74.125.24.0-255,3961,31159,61,250349
26965,0.000186,172.31.40.0-255,66,31225,61,250349
26966,0.000252,74.125.24.0-255,1484,32709,61,250349
26967,0.000255,172.31.40.0-255,66,32775,61,250349
26968,0.00026,74.125.24.0-255,2902,35677,61,250349
26969,0.000263,172.31.40.0-255,66,35743,61,250349
26970,0.000297,74.125.24.0-255,2902,38645,61,250349
26971,0.0003,172.31.40.0-255,66,38711,61,250349
26972,0.000306,74.125.24.0-255,4320,43031,61,250349
26973,0.000308,172.31.40.0-255,66,43097,61,250349
26974,0.000334,74.125.24.0-255,4320,47417,61,250349
26975,0.000336,172.31.40.0-255,66,47483,61,250349
26976,0.000379,74.125.24.0-255,1484,48967,61,250349
26977,0.000387,172.31.40.0-255,66,49033,61,250349
26978,0.000395,74.125.24.0-255,7156,56189,61,250349
26979,0.000398,172.31.40.0-255,66,56255,61,250349
26980,0.00041,74.125.24.0-255,357,56612,61,250349
26981,0.000465,74.125.24.0-255,135,56747,61,250349
26982,0.000607,172.31.40.0-255,66,56813,61,250349
26983,0.000612,74.125.24.0-255,1484,58297,61,250349
26984,0.000617,74.125.24.0-255,2902,61199,61,250349
26985,0.000657,172.31.40.0-255,66,61265,61,250349
26986,0.000663,74.125.24.0-255,4320,65585,61,250349
26987,0.000669,74.125.24.0-255,5738,71323,61,250349
26988,0.000694,74.125.24.0-255,4320,75643,61,250349
26989,0.00071,74.125.24.0-255,1484,77127,61,250349
26990,0.000722,74.125.24.0-255,2902,80029,61,250349
26991,0.000741,74.125.24.0-255,4320,84349,61,250349
26992,0.000746,172.31.40.0-255,66,84415,61,250349
26993,0.000774,74.125.24.0-255,5738,90153,61,250349
26994,0.000794,172.31.40.0-255,66,90219,61,250349
26995,0.000801,74.125.24.0-255,766,90985,61,250349
26996,0.00097,74.125.24.0-255,1484,92469,61,250349
26997,0.000975,74.125.24.0-255,1484,93953,61,250349
26998,0.00099,74.125.24.0-255,1484,95437,61,250349
26999,0.000994,172.31.40.0-255,66,95503,61,250349
27000,0.001015,74.125.24.0-255,4320,99823,61,250349
27001,0.001032,74.125.24.0-255,5738,105561,61,250349
27002,0.00105,74.125.24.0-255,2902,108463,61,250349
27003,0.001056,74.125.24.0-255,4320,112783,61,250349
27004,0.00106,172.31.40.0-255,66,112849,61,250349
27005,0.001069,172.31.40.0-255,66,112915,61,250349
27006,0.001077,74.125.24.0-255,2902,115817,61,250349
27007,0.001105,74.125.24.0-255,4320,120137,61,250349
27008,0.001111,172.31.40.0-255,66,120203,61,250349
27009,0.001141,74.125.24.0-255,5020,125223,61,250349
27010,0.001153,172.31.40.0-255,66,125289,61,250349
27011,0.001204,74.125.24.0-255,2902,128191,61,250349
27012,0.001212,172.31.40.0-255,66,128257,61,250349
27013,0.001252,74.125.24.0-255,1484,129741,61,250349
27014,0.001256,172.31.40.0-255,66,129807,61,250349
27015,0.001282,74.125.24.0-255,2902,132709,61,250349
27016,0.001289,74.125.24.0-255,5738,138447,61,250349
27017,0.001309,74.125.24.0-255,2902,141349,61,250349
27018,0.001322,172.31.40.0-255,66,141415,61,250349
27019,0.001326,74.125.24.0-255,1484,142899,61,250349
27020,0.001383,172.31.40.0-255,66,142965,61,250349
27021,0.001415,74.125.24.0-255,4320,147285,61,250349
27022,0.001463,172.31.40.0-255,66,147351,61,250349
27023,0.001488,74.125.24.0-255,1484,148835,61,250349
27024,0.001493,74.125.24.0-255,2902,151737,61,250349
27025,0.001499,74.125.24.0-255,4320,156057,61,250349
27026,0.001514,172.31.40.0-255,66,156123,61,250349
27027,0.001517,74.125.24.0-255,1484,157607,61,250349
27028,0.001522,74.125.24.0-255,4320,161927,61,250349
27029,0.001528,172.31.40.0-255,66,161993,61,250349
27030,0.001622,172.31.40.0-255,66,162059,61,250349
27031,0.001685,74.125.24.0-255,1484,163543,61,250349
27032,0.00169,74.125.24.0-255,2902,166445,61,250349
27033,0.001693,74.125.24.0-255,1484,167929,61,250349
27034,0.001701,172.31.40.0-255,66,167995,61,250349
27035,0.001712,74.125.24.0-255,4320,172315,61,250349
27036,0.001723,172.31.40.0-255,66,172381,61,250349
27037,0.001764,172.31.40.0-255,66,172447,61,250349
27038,0.001767,74.125.24.0-255,1484,173931,61,250349
27039,0.001769,74.125.24.0-255,1484,175415,61,250349
27040,0.001774,172.31.40.0-255,66,175481,61,250349
27041,0.001818,172.31.40.0-255,66,175547,61,250349
27042,0.001961,74.125.24.0-255,1484,177031,61,250349
27043,0.001985,74.125.24.0-255,2902,179933,61,250349
27044,0.00199,74.125.24.0-255,2902,182835,61,250349
27045,0.00201,74.125.24.0-255,2902,185737,61,250349
27046,0.002013,172.31.40.0-255,66,185803,61,250349
27047,0.002018,172.31.40.0-255,66,185869,61,250349
27048,0.002063,74.125.24.0-255,5738,191607,61,250349
27049,0.002072,172.31.40.0-255,66,191673,61,250349
27050,0.002118,74.125.24.0-255,2902,194575,61,250349
27051,0.002132,74.125.24.0-255,4320,198895,61,250349
27052,0.002143,74.125.24.0-255,2902,201797,61,250349
27053,0.002157,74.125.24.0-255,5738,207535,61,250349
27054,0.002175,74.125.24.0-255,3602,211137,61,250349
27055,0.002192,172.31.40.0-255,66,211203,61,250349
27056,0.002209,74.125.24.0-255,2902,214105,61,250349
27057,0.00224,172.31.40.0-255,66,214171,61,250349
27058,0.002252,74.125.24.0-255,5020,219191,61,250349
27059,0.002268,74.125.24.0-255,1484,220675,61,250349
27060,0.002284,74.125.24.0-255,5738,226413,61,250349
27061,0.002293,172.31.40.0-255,66,226479,61,250349
27062,0.002363,172.31.40.0-255,66,226545,61,250349
27063,0.002387,172.31.40.0-255,66,226611,61,250349
27064,0.004677,74.125.24.0-255,5738,232349,61,250349
27065,0.004684,172.31.40.0-255,66,232415,61,250349
27066,0.006987,74.125.24.0-255,5738,238153,61,250349
27067,0.011099,172.31.40.0-255,66,238219,61,250349
27068,0.013347,74.125.24.0-255,1432,239651,61,250349
27069,0.018719,172.31.40.0-255,66,239717,61,250349
27070,0.018766,172.31.40.0-255,105,239822,61,250349
27071,0.021012,74.125.24.0-255,66,239888,61,250349
27072,0.04025,172.31.40.0-255,176,240064,61,250349
27073,0.040282,172.31.40.0-255,1119,241183,61,250349
27074,0.040366,172.31.40.0-255,1514,242697,61,250349
27075,0.040368,172.31.40.0-255,1514,244211,61,250349
27076,0.040369,172.31.40.0-255,1514,245725,61,250349
27077,0.04038,172.31.40.0-255,1514,247239,61,250349
27078,0.040382,172.31.40.0-255,1514,248753,61,250349
27079,0.040383,172.31.40.0-255,1158,249911,61,250349
27080,0.0418,104.244.42.0-255,66,249977,61,250349
27081,0.041811,104.244.42.0-255,66,250043,61,250349
27082,0.041978,104.244.42.0-255,66,250109,61,250349
27083,0.041983,104.244.42.0-255,66,250175,61,250349
27084,0.046006,172.31.40.0-255,108,250283,61,250349
27085,0.047566,104.244.42.0-255,66,250349,61,250349
27086,0.0,74.125.68.0-255,150,150,61,317685
27087,2e-05,172.31.40.0-255,66,216,61,317685
27088,4.6e-05,74.125.68.0-255,1484,1700,61,317685
27089,5.1e-05,172.31.40.0-255,66,1766,61,317685
27090,6.5e-05,74.125.68.0-255,1484,3250,61,317685
27091,6.9e-05,172.31.40.0-255,66,3316,61,317685
27092,7.5e-05,74.125.68.0-255,2902,6218,61,317685
27093,7.9e-05,172.31.40.0-255,66,6284,61,317685
27094,8.3e-05,74.125.68.0-255,2902,9186,61,317685
27095,8.6e-05,172.31.40.0-255,66,9252,61,317685
27096,0.000112,74.125.68.0-255,2902,12154,61,317685
27097,0.000114,172.31.40.0-255,66,12220,61,317685
27098,0.000118,74.125.68.0-255,2138,14358,61,317685
27099,0.00012,172.31.40.0-255,66,14424,61,317685
27100,0.000124,74.125.68.0-255,2902,17326,61,317685
27101,0.000127,172.31.40.0-255,66,17392,61,317685
27102,0.000148,74.125.68.0-255,7156,24548,61,317685
27103,0.000151,172.31.40.0-255,66,24614,61,317685
27104,0.000156,74.125.68.0-255,4320,28934,61,317685
27105,0.000157,172.31.40.0-255,66,29000,61,317685
27106,0.00019,74.125.68.0-255,1484,30484,61,317685
27107,0.000193,172.31.40.0-255,66,30550,61,317685
27108,0.00021,74.125.68.0-255,1125,31675,61,317685
27109,0.000212,172.31.40.0-255,66,31741,61,317685
27110,0.000278,74.125.68.0-255,1484,33225,61,317685
27111,0.000282,172.31.40.0-255,66,33291,61,317685
27112,0.000286,74.125.68.0-255,2902,36193,61,317685
27113,0.000289,172.31.40.0-255,66,36259,61,317685
27114,0.000314,74.125.68.0-255,5738,41997,61,317685
27115,0.000317,172.31.40.0-255,66,42063,61,317685
27116,0.00032,74.125.68.0-255,1484,43547,61,317685
27117,0.000321,172.31.40.0-255,66,43613,61,317685
27118,0.000326,74.125.68.0-255,2902,46515,61,317685
27119,0.000329,172.31.40.0-255,66,46581,61,317685
27120,0.000362,74.125.68.0-255,6797,53378,61,317685
27121,0.000366,172.31.40.0-255,66,53444,61,317685
27122,0.000369,74.125.68.0-255,1484,54928,61,317685
27123,0.000374,74.125.68.0-255,2902,57830,61,317685
27124,0.000376,172.31.40.0-255,66,57896,61,317685
27125,0.000398,74.125.68.0-255,5738,63634,61,317685
27126,0.000401,172.31.40.0-255,66,63700,61,317685
27127,0.000405,74.125.68.0-255,2815,66515,61,317685
27128,0.000407,172.31.40.0-255,66,66581,61,317685
27129,0.000433,74.125.68.0-255,133,66714,61,317685
27130,0.00054,74.125.68.0-255,1484,68198,61,317685
27131,0.000545,172.31.40.0-255,66,68264,61,317685
27132,0.00055,74.125.68.0-255,2902,71166,61,317685
27133,0.000552,172.31.40.0-255,66,71232,61,317685
27134,0.000556,74.125.68.0-255,1484,72716,61,317685
27135,0.000577,74.125.68.0-255,2902,75618,61,317685
27136,0.000579,172.31.40.0-255,66,75684,61,317685
27137,0.000587,74.125.68.0-255,5738,81422,61,317685
27138,0.000589,172.31.40.0-255,66,81488,61,317685
27139,0.000612,74.125.68.0-255,2803,84291,61,317685
27140,0.000615,172.31.40.0-255,66,84357,61,317685
27141,0.000649,74.125.68.0-255,2902,87259,61,317685
27142,0.000652,172.31.40.0-255,66,87325,61,317685
27143,0.000657,74.125.68.0-255,2902,90227,61,317685
27144,0.000659,172.31.40.0-255,66,90293,61,317685
27145,0.000662,74.125.68.0-255,1484,91777,61,317685
27146,0.000677,74.125.68.0-255,2902,94679,61,317685
27147,0.00068,172.31.40.0-255,66,94745,61,317685
27148,0.000717,74.125.68.0-255,6797,101542,61,317685
27149,0.00072,172.31.40.0-255,66,101608,61,317685
27150,0.001016,74.125.68.0-255,1484,103092,61,317685
27151,0.001068,74.125.68.0-255,2902,105994,61,317685
27152,0.001072,172.31.40.0-255,66,106060,61,317685
27153,0.001078,74.125.68.0-255,2902,108962,61,317685
27154,0.00108,172.31.40.0-255,66,109028,61,317685
27155,0.001103,74.125.68.0-255,1484,110512,61,317685
27156,0.001128,172.31.40.0-255,66,110578,61,317685
27157,0.001132,74.125.68.0-255,2902,113480,61,317685
27158,0.001134,172.31.40.0-255,66,113546,61,317685
27159,0.001145,74.125.68.0-255,1484,115030,61,317685
27160,0.001167,172.31.40.0-255,66,115096,61,317685
27161,0.00117,74.125.68.0-255,766,115862,61,317685
27162,0.001274,74.125.68.0-255,1484,117346,61,317685
27163,0.001278,172.31.40.0-255,66,117412,61,317685
27164,0.001282,74.125.68.0-255,1484,118896,61,317685
27165,0.001296,74.125.68.0-255,1484,120380,61,317685
27166,0.001298,172.31.40.0-255,66,120446,61,317685
27167,0.001304,74.125.68.0-255,4320,124766,61,317685
27168,0.001306,172.31.40.0-255,66,124832,61,317685
27169,0.001325,74.125.68.0-255,1484,126316,61,317685
27170,0.00133,74.125.68.0-255,2902,129218,61,317685
27171,0.00134,172.31.40.0-255,66,129284,61,317685
27172,0.001349,74.125.68.0-255,2902,132186,61,317685
27173,0.001359,172.31.40.0-255,66,132252,61,317685
27174,0.001364,74.125.68.0-255,2902,135154,61,317685
27175,0.001384,172.31.40.0-255,66,135220,61,317685
27176,0.001391,74.125.68.0-255,4320,139540,61,317685
27177,0.001397,74.125.68.0-255,7156,146696,61,317685
27178,0.001403,172.31.40.0-255,66,146762,61,317685
27179,0.001438,74.125.68.0-255,3602,150364,61,317685
27180,0.001454,172.31.40.0-255,66,150430,61,317685
27181,0.001502,74.125.68.0-255,1484,151914,61,317685
27182,0.001521,74.125.68.0-255,2902,154816,61,317685
27183,0.001524,172.31.40.0-255,66,154882,61,317685
27184,0.001528,74.125.68.0-255,1484,156366,61,317685
27185,0.001532,74.125.68.0-255,2902,159268,61,317685
27186,0.001556,74.125.68.0-255,5738,165006,61,317685
27187,0.001576,172.31.40.0-255,66,165072,61,317685
27188,0.001581,74.125.68.0-255,4320,169392,61,317685
27189,0.00159,172.31.40.0-255,66,169458,61,317685
27190,0.001597,74.125.68.0-255,7156,176614,61,317685
27191,0.001639,172.31.40.0-255,66,176680,61,317685
27192,0.001645,172.31.40.0-255,66,176746,61,317685
27193,0.002018,74.125.68.0-255,1484,178230,61,317685
27194,0.002031,74.125.68.0-255,2902,181132,61,317685
27195,0.002036,172.31.40.0-255,66,181198,61,317685
27196,0.002043,74.125.68.0-255,1484,182682,61,317685
27197,0.004096,74.125.68.0-255,4320,187002,61,317685
27198,0.004103,172.31.40.0-255,66,187068,61,317685
27199,0.006122,74.125.68.0-255,5738,192806,61,317685
27200,0.006125,172.31.40.0-255,66,192872,61,317685
27201,0.008146,74.125.68.0-255,5738,198610,61,317685
27202,0.008152,172.31.40.0-255,66,198676,61,317685
27203,0.010179,74.125.68.0-255,5738,204414,61,317685
27204,0.010187,172.31.40.0-255,66,204480,61,317685
27205,0.012229,74.125.68.0-255,5738,210218,61,317685
27206,0.012237,172.31.40.0-255,66,210284,61,317685
27207,0.014273,74.125.68.0-255,5738,216022,61,317685
27208,0.014281,172.31.40.0-255,66,216088,61,317685
27209,0.016312,74.125.68.0-255,5738,221826,61,317685
27210,0.016323,172.31.40.0-255,66,221892,61,317685
27211,0.01836,74.125.68.0-255,5738,227630,61,317685
27212,0.018371,172.31.40.0-255,66,227696,61,317685
27213,0.020404,74.125.68.0-255,5738,233434,61,317685
27214,0.020422,172.31.40.0-255,66,233500,61,317685
27215,0.022471,74.125.68.0-255,5738,239238,61,317685
27216,0.022485,172.31.40.0-255,66,239304,61,317685
27217,0.024528,74.125.68.0-255,5738,245042,61,317685
27218,0.024542,172.31.40.0-255,66,245108,61,317685
27219,0.026584,74.125.68.0-255,5738,250846,61,317685
27220,0.0266,172.31.40.0-255,66,250912,61,317685
27221,0.028642,74.125.68.0-255,5738,256650,61,317685
27222,0.028655,172.31.40.0-255,66,256716,61,317685
27223,0.030694,74.125.68.0-255,5738,262454,61,317685
27224,0.030702,172.31.40.0-255,66,262520,61,317685
27225,0.032728,74.125.68.0-255,4320,266840,61,317685
27226,0.032736,172.31.40.0-255,66,266906,61,317685
27227,0.032753,74.125.68.0-255,1484,268390,61,317685
27228,0.034772,74.125.68.0-255,4320,272710,61,317685
27229,0.034781,172.31.40.0-255,66,272776,61,317685
27230,0.036815,74.125.68.0-255,5738,278514,61,317685
27231,0.036828,172.31.40.0-255,66,278580,61,317685
27232,0.038858,74.125.68.0-255,5738,284318,61,317685
27233,0.038866,172.31.40.0-255,66,284384,61,317685
27234,0.040908,74.125.68.0-255,5738,290122,61,317685
27235,0.040923,172.31.40.0-255,66,290188,61,317685
27236,0.042952,74.125.68.0-255,5738,295926,61,317685
27237,0.04296,172.31.40.0-255,66,295992,61,317685
27238,0.04501,74.125.68.0-255,5738,301730,61,317685
27239,0.045019,172.31.40.0-255,66,301796,61,317685
27240,0.045073,172.31.40.0-255,172,301968,61,317685
27241,0.045101,172.31.40.0-255,1121,303089,61,317685
27242,0.04522,172.31.40.0-255,1514,304603,61,317685
27243,0.045222,172.31.40.0-255,1276,305879,61,317685
27244,0.046601,104.244.42.0-255,66,305945,61,317685
27245,0.046735,104.244.42.0-255,66,306011,61,317685
27246,0.046786,104.244.42.0-255,66,306077,61,317685
27247,0.047034,74.125.68.0-255,5738,311815,61,317685
27248,0.047045,172.31.40.0-255,66,311881,61,317685
27249,0.049079,74.125.68.0-255,5738,317619,61,317685
27250,0.049085,172.31.40.0-255,66,317685,61,317685
27251,0.0,172.31.40.0-255,296,296,61,362
27252,0.001557,104.244.42.0-255,66,362,61,362
27253,0.0,74.125.68.0-255,292,292,61,290394
27254,2.1e-05,172.31.40.0-255,66,358,61,290394
27255,2.7e-05,74.125.68.0-255,1484,1842,61,290394
27256,3.1e-05,172.31.40.0-255,66,1908,61,290394
27257,3.8e-05,74.125.68.0-255,4320,6228,61,290394
27258,4.2e-05,172.31.40.0-255,66,6294,61,290394
27259,4.9e-05,74.125.68.0-255,5738,12032,61,290394
27260,5.3e-05,172.31.40.0-255,66,12098,61,290394
27261,9.4e-05,74.125.68.0-255,2126,14224,61,290394
27262,9.7e-05,172.31.40.0-255,66,14290,61,290394
27263,0.000198,74.125.68.0-255,1484,15774,61,290394
27264,0.000201,172.31.40.0-255,66,15840,61,290394
27265,0.000207,74.125.68.0-255,2902,18742,61,290394
27266,0.000209,172.31.40.0-255,66,18808,61,290394
27267,0.000248,74.125.68.0-255,5738,24546,61,290394
27268,0.000251,172.31.40.0-255,66,24612,61,290394
27269,0.000253,74.125.68.0-255,1484,26096,61,290394
27270,0.000255,172.31.40.0-255,66,26162,61,290394
27271,0.00026,74.125.68.0-255,2902,29064,61,290394
27272,0.000263,172.31.40.0-255,66,29130,61,290394
27273,0.000294,74.125.68.0-255,4320,33450,61,290394
27274,0.000297,172.31.40.0-255,66,33516,61,290394
27275,0.000317,74.125.68.0-255,2543,36059,61,290394
27276,0.00032,172.31.40.0-255,66,36125,61,290394
27277,0.000327,74.125.68.0-255,7156,43281,61,290394
27278,0.000329,172.31.40.0-255,66,43347,61,290394
27279,0.000364,172.31.40.0-255,66,43413,61,290394
27280,0.000396,74.125.68.0-255,1484,44897,61,290394
27281,0.000398,172.31.40.0-255,66,44963,61,290394
27282,0.000423,172.31.40.0-255,66,45029,61,290394
27283,0.000425,74.125.68.0-255,400,45429,61,290394
27284,0.00047,74.125.68.0-255,344,45773,61,290394
27285,0.000646,74.125.68.0-255,1484,47257,61,290394
27286,0.000651,172.31.40.0-255,66,47323,61,290394
27287,0.000657,74.125.68.0-255,2902,50225,61,290394
27288,0.000659,172.31.40.0-255,66,50291,61,290394
27289,0.000674,74.125.68.0-255,4320,54611,61,290394
27290,0.000677,172.31.40.0-255,66,54677,61,290394
27291,0.0007,74.125.68.0-255,1484,56161,61,290394
27292,0.000713,172.31.40.0-255,66,56227,61,290394
27293,0.000716,74.125.68.0-255,1484,57711,61,290394
27294,0.000744,172.31.40.0-255,66,57777,61,290394
27295,0.000785,74.125.68.0-255,2184,59961,61,290394
27296,0.000788,172.31.40.0-255,66,60027,61,290394
27297,0.001371,74.125.68.0-255,1484,61511,61,290394
27298,0.001391,74.125.68.0-255,2902,64413,61,290394
27299,0.001395,172.31.40.0-255,66,64479,61,290394
27300,0.001421,74.125.68.0-255,5738,70217,61,290394
27301,0.001424,172.31.40.0-255,66,70283,61,290394
27302,0.001431,74.125.68.0-255,7156,77439,61,290394
27303,0.001433,172.31.40.0-255,66,77505,61,290394
27304,0.001465,74.125.68.0-255,2902,80407,61,290394
27305,0.001468,172.31.40.0-255,66,80473,61,290394
27306,0.001495,172.31.40.0-255,66,80539,61,290394
27307,0.001514,74.125.68.0-255,3602,84141,61,290394
27308,0.001516,172.31.40.0-255,66,84207,61,290394
27309,0.001822,74.125.68.0-255,1484,85691,61,290394
27310,0.00183,74.125.68.0-255,2902,88593,61,290394
27311,0.001834,172.31.40.0-255,66,88659,61,290394
27312,0.001842,74.125.68.0-255,5738,94397,61,290394
27313,0.001844,172.31.40.0-255,66,94463,61,290394
27314,0.001879,172.31.40.0-255,66,94529,61,290394
27315,0.001926,74.125.68.0-255,7156,101685,61,290394
27316,0.001929,172.31.40.0-255,66,101751,61,290394
27317,0.001948,74.125.68.0-255,3602,105353,61,290394
27318,0.00195,172.31.40.0-255,66,105419,61,290394
27319,0.001957,74.125.68.0-255,4320,109739,61,290394
27320,0.00196,172.31.40.0-255,66,109805,61,290394
27321,0.001992,74.125.68.0-255,7156,116961,61,290394
27322,0.001995,172.31.40.0-255,66,117027,61,290394
27323,0.002,74.125.68.0-255,4320,121347,61,290394
27324,0.002003,172.31.40.0-255,66,121413,61,290394
27325,0.002022,74.125.68.0-255,5738,127151,61,290394
27326,0.002025,172.31.40.0-255,66,127217,61,290394
27327,0.002051,172.31.40.0-255,66,127283,61,290394
27328,0.002053,74.125.68.0-255,766,128049,61,290394
27329,0.002111,74.125.68.0-255,2902,130951,61,290394
27330,0.002114,172.31.40.0-255,66,131017,61,290394
27331,0.002194,74.125.68.0-255,4320,135337,61,290394
27332,0.002198,172.31.40.0-255,66,135403,61,290394
27333,0.00221,172.31.40.0-255,66,135469,61,290394
27334,0.002216,74.125.68.0-255,5738,141207,61,290394
27335,0.002218,172.31.40.0-255,66,141273,61,290394
27336,0.002226,74.125.68.0-255,7156,148429,61,290394
27337,0.002229,172.31.40.0-255,66,148495,61,290394
27338,0.002235,74.125.68.0-255,5020,153515,61,290394
27339,0.002238,172.31.40.0-255,66,153581,61,290394
27340,0.002244,74.125.68.0-255,5738,159319,61,290394
27341,0.002246,172.31.40.0-255,66,159385,61,290394
27342,0.00228,74.125.68.0-255,7156,166541,61,290394
27343,0.002283,172.31.40.0-255,66,166607,61,290394
27344,0.002285,74.125.68.0-255,1484,168091,61,290394
27345,0.004536,74.125.68.0-255,4320,172411,61,290394
27346,0.004542,172.31.40.0-255,66,172477,61,290394
27347,0.006809,74.125.68.0-255,5738,178215,61,290394
27348,0.00682,172.31.40.0-255,66,178281,61,290394
27349,0.009074,74.125.68.0-255,5738,184019,61,290394
27350,0.00908,172.31.40.0-255,66,184085,61,290394
27351,0.011336,74.125.68.0-255,5738,189823,61,290394
27352,0.011343,172.31.40.0-255,66,189889,61,290394
27353,0.013605,74.125.68.0-255,5738,195627,61,290394
27354,0.013613,172.31.40.0-255,66,195693,61,290394
27355,0.015862,74.125.68.0-255,5738,201431,61,290394
27356,0.01587,172.31.40.0-255,66,201497,61,290394
27357,0.018139,74.125.68.0-255,5738,207235,61,290394
27358,0.018147,172.31.40.0-255,66,207301,61,290394
27359,0.020416,74.125.68.0-255,5738,213039,61,290394
27360,0.020423,172.31.40.0-255,66,213105,61,290394
27361,0.022679,74.125.68.0-255,5738,218843,61,290394
27362,0.022686,172.31.40.0-255,66,218909,61,290394
27363,0.024949,74.125.68.0-255,5738,224647,61,290394
27364,0.024957,172.31.40.0-255,66,224713,61,290394
27365,0.027203,74.125.68.0-255,5738,230451,61,290394
27366,0.02721,172.31.40.0-255,66,230517,61,290394
27367,0.028057,172.31.40.0-255,166,230683,61,290394
27368,0.028088,172.31.40.0-255,1139,231822,61,290394
27369,0.028149,172.31.40.0-255,1514,233336,61,290394
27370,0.028151,172.31.40.0-255,304,233640,61,290394
27371,0.029472,74.125.68.0-255,4320,237960,61,290394
27372,0.029479,172.31.40.0-255,66,238026,61,290394
27373,0.029498,74.125.68.0-255,1484,239510,61,290394
27374,0.030223,104.244.42.0-255,66,239576,61,290394
27375,0.03174,74.125.68.0-255,4320,243896,61,290394
27376,0.031744,172.31.40.0-255,66,243962,61,290394
27377,0.034017,74.125.68.0-255,5738,249700,61,290394
27378,0.034024,172.31.40.0-255,66,249766,61,290394
27379,0.036287,74.125.68.0-255,5738,255504,61,290394
27380,0.036294,172.31.40.0-255,66,255570,61,290394
27381,0.038548,74.125.68.0-255,5738,261308,61,290394
27382,0.038555,172.31.40.0-255,66,261374,61,290394
27383,0.040813,74.125.68.0-255,5738,267112,61,290394
27384,0.04082,172.31.40.0-255,66,267178,61,290394
27385,0.043076,74.125.68.0-255,5738,272916,61,290394
27386,0.043082,172.31.40.0-255,66,272982,61,290394
27387,0.045335,74.125.68.0-255,5738,278720,61,290394
27388,0.045342,172.31.40.0-255,66,278786,61,290394
27389,0.047618,74.125.68.0-255,5738,284524,61,290394
27390,0.047625,172.31.40.0-255,66,284590,61,290394
27391,0.049892,74.125.68.0-255,5738,290328,61,290394
27392,0.049899,172.31.40.0-255,66,290394,61,290394
27393,0.0,172.217.194.0-255,146,146,61,205172
27394,1.5e-05,172.31.40.0-255,66,212,61,205172
27395,2.2e-05,172.217.194.0-255,1484,1696,61,205172
27396,2.7e-05,172.31.40.0-255,66,1762,61,205172
27397,4.1e-05,172.217.194.0-255,2902,4664,61,205172
27398,4.4e-05,172.31.40.0-255,66,4730,61,205172
27399,5.3e-05,172.217.194.0-255,7156,11886,61,205172
27400,5.7e-05,172.31.40.0-255,66,11952,61,205172
27401,9.3e-05,172.217.194.0-255,2137,14089,61,205172
27402,9.6e-05,172.31.40.0-255,66,14155,61,205172
27403,0.000266,172.217.194.0-255,1484,15639,61,205172
27404,0.00027,172.31.40.0-255,66,15705,61,205172
27405,0.000277,172.217.194.0-255,2902,18607,61,205172
27406,0.00028,172.31.40.0-255,66,18673,61,205172
27407,0.000291,172.217.194.0-255,5738,24411,61,205172
27408,0.000293,172.31.40.0-255,66,24477,61,205172
27409,0.000296,172.217.194.0-255,1484,25961,61,205172
27410,0.000298,172.31.40.0-255,66,26027,61,205172
27411,0.000347,172.217.194.0-255,5379,31406,61,205172
27412,0.00035,172.31.40.0-255,66,31472,61,205172
27413,0.000415,172.217.194.0-255,1484,32956,61,205172
27414,0.000418,172.31.40.0-255,66,33022,61,205172
27415,0.000442,172.217.194.0-255,2902,35924,61,205172
27416,0.000445,172.31.40.0-255,66,35990,61,205172
27417,0.000448,172.217.194.0-255,1484,37474,61,205172
27418,0.00045,172.31.40.0-255,66,37540,61,205172
27419,0.000485,172.217.194.0-255,5738,43278,61,205172
27420,0.000488,172.31.40.0-255,66,43344,61,205172
27421,0.000492,172.217.194.0-255,2902,46246,61,205172
27422,0.000494,172.31.40.0-255,66,46312,61,205172
27423,0.000526,172.217.194.0-255,5379,51691,61,205172
27424,0.000528,172.31.40.0-255,66,51757,61,205172
27425,0.000545,172.31.40.0-255,66,51823,61,205172
27426,0.000551,172.217.194.0-255,5654,57477,61,205172
27427,0.000553,172.31.40.0-255,66,57543,61,205172
27428,0.00058,172.217.194.0-255,433,57976,61,205172
27429,0.000752,172.217.194.0-255,1484,59460,61,205172
27430,0.000757,172.31.40.0-255,66,59526,61,205172
27431,0.000763,172.217.194.0-255,2902,62428,61,205172
27432,0.000766,172.31.40.0-255,66,62494,61,205172
27433,0.000794,172.217.194.0-255,5738,68232,61,205172
27434,0.000797,172.31.40.0-255,66,68298,61,205172
27435,0.000821,172.217.194.0-255,1484,69782,61,205172
27436,0.000838,172.217.194.0-255,5379,75161,61,205172
27437,0.00084,172.31.40.0-255,66,75227,61,205172
27438,0.00086,172.217.194.0-255,7156,82383,61,205172
27439,0.000863,172.31.40.0-255,66,82449,61,205172
27440,0.000872,172.217.194.0-255,4320,86769,61,205172
27441,0.000875,172.31.40.0-255,66,86835,61,205172
27442,0.000906,172.217.194.0-255,5379,92214,61,205172
27443,0.00091,172.31.40.0-255,66,92280,61,205172
27444,0.001128,172.217.194.0-255,1484,93764,61,205172
27445,0.001132,172.217.194.0-255,1484,95248,61,205172
27446,0.001136,172.31.40.0-255,66,95314,61,205172
27447,0.001166,172.217.194.0-255,1484,96798,61,205172
27448,0.001174,172.217.194.0-255,5738,102536,61,205172
27449,0.001177,172.31.40.0-255,66,102602,61,205172
27450,0.001221,172.31.40.0-255,66,102668,61,205172
27451,0.001231,172.217.194.0-255,1484,104152,61,205172
27452,0.001249,172.31.40.0-255,66,104218,61,205172
27453,0.001333,172.217.194.0-255,1484,105702,61,205172
27454,0.001337,172.217.194.0-255,1484,107186,61,205172
27455,0.001341,172.31.40.0-255,66,107252,61,205172
27456,0.001369,172.217.194.0-255,1484,108736,61,205172
27457,0.001377,172.217.194.0-255,5738,114474,61,205172
27458,0.001379,172.31.40.0-255,66,114540,61,205172
27459,0.001406,172.31.40.0-255,66,114606,61,205172
27460,0.00143,172.217.194.0-255,2902,117508,61,205172
27461,0.001433,172.31.40.0-255,66,117574,61,205172
27462,0.001448,172.31.40.0-255,66,117640,61,205172
27463,0.001452,172.217.194.0-255,2184,119824,61,205172
27464,0.001454,172.31.40.0-255,66,119890,61,205172
27465,0.001488,172.217.194.0-255,2902,122792,61,205172
27466,0.001492,172.31.40.0-255,66,122858,61,205172
27467,0.0015,172.217.194.0-255,7156,130014,61,205172
27468,0.001507,172.31.40.0-255,66,130080,61,205172
27469,0.001514,172.217.194.0-255,5738,135818,61,205172
27470,0.001516,172.31.40.0-255,66,135884,61,205172
27471,0.001543,172.217.194.0-255,1484,137368,61,205172
27472,0.00156,172.31.40.0-255,66,137434,61,205172
27473,0.00157,172.31.40.0-255,66,137500,61,205172
27474,0.001696,172.217.194.0-255,1484,138984,61,205172
27475,0.001702,172.217.194.0-255,2902,141886,61,205172
27476,0.001705,172.31.40.0-255,66,141952,61,205172
27477,0.001711,172.217.194.0-255,2902,144854,61,205172
27478,0.001713,172.31.40.0-255,66,144920,61,205172
27479,0.00175,172.217.194.0-255,4320,149240,61,205172
27480,0.001753,172.31.40.0-255,66,149306,61,205172
27481,0.001769,172.31.40.0-255,66,149372,61,205172
27482,0.001773,172.217.194.0-255,2902,152274,61,205172
27483,0.001776,172.31.40.0-255,66,152340,61,205172
27484,0.00181,172.217.194.0-255,5738,158078,61,205172
27485,0.001812,172.31.40.0-255,66,158144,61,205172
27486,0.001831,172.217.194.0-255,5020,163164,61,205172
27487,0.001834,172.31.40.0-255,66,163230,61,205172
27488,0.002071,172.217.194.0-255,1484,164714,61,205172
27489,0.002089,172.217.194.0-255,2902,167616,61,205172
27490,0.002092,172.31.40.0-255,66,167682,61,205172
27491,0.0021,172.217.194.0-255,5738,173420,61,205172
27492,0.002102,172.31.40.0-255,66,173486,61,205172
27493,0.002111,172.217.194.0-255,2902,176388,61,205172
27494,0.002114,172.31.40.0-255,66,176454,61,205172
27495,0.00217,172.31.40.0-255,66,176520,61,205172
27496,0.002178,172.217.194.0-255,7156,183676,61,205172
27497,0.002185,172.31.40.0-255,66,183742,61,205172
27498,0.002196,172.31.40.0-255,66,183808,61,205172
27499,0.002224,172.31.40.0-255,66,183874,61,205172
27500,0.002245,172.31.40.0-255,66,183940,61,205172
27501,0.002248,172.217.194.0-255,766,184706,61,205172
27502,0.002326,172.31.40.0-255,66,184772,61,205172
27503,0.00233,172.217.194.0-255,2902,187674,61,205172
27504,0.002332,172.31.40.0-255,66,187740,61,205172
27505,0.002357,172.217.194.0-255,2902,190642,61,205172
27506,0.002359,172.31.40.0-255,66,190708,61,205172
27507,0.002401,172.31.40.0-255,66,190774,61,205172
27508,0.002412,172.31.40.0-255,66,190840,61,205172
27509,0.002448,172.31.40.0-255,66,190906,61,205172
27510,0.002456,172.217.194.0-255,6438,197344,61,205172
27511,0.002458,172.31.40.0-255,66,197410,61,205172
27512,0.00247,172.217.194.0-255,7156,204566,61,205172
27513,0.002472,172.31.40.0-255,66,204632,61,205172
27514,0.002525,172.31.40.0-255,66,204698,61,205172
27515,0.002536,172.31.40.0-255,66,204764,61,205172
27516,0.002555,172.31.40.0-255,66,204830,61,205172
27517,0.002581,172.217.194.0-255,105,204935,61,205172
27518,0.0209,172.31.40.0-255,66,205001,61,205172
27519,0.020958,172.31.40.0-255,105,205106,61,205172
27520,0.023527,172.217.194.0-255,66,205172,61,205172
27521,0.0,172.217.160.0-255,146,146,61,210446
27522,2e-05,172.31.40.0-255,66,212,61,210446
27523,2.8e-05,172.217.160.0-255,1484,1696,61,210446
27524,3.2e-05,172.31.40.0-255,66,1762,61,210446
27525,3.8e-05,172.217.160.0-255,2902,4664,61,210446
27526,5e-05,172.31.40.0-255,66,4730,61,210446
27527,7.2e-05,172.217.160.0-255,1484,6214,61,210446
27528,7.9e-05,172.31.40.0-255,66,6280,61,210446
27529,0.000107,172.217.160.0-255,2902,9182,61,210446
27530,0.000111,172.31.40.0-255,66,9248,61,210446
27531,0.000172,172.217.160.0-255,4880,14128,61,210446
27532,0.000175,172.31.40.0-255,66,14194,61,210446
27533,0.000274,172.217.160.0-255,5738,19932,61,210446
27534,0.000279,172.31.40.0-255,66,19998,61,210446
27535,0.000307,172.217.160.0-255,4320,24318,61,210446
27536,0.000309,172.31.40.0-255,66,24384,61,210446
27537,0.000507,172.217.160.0-255,6797,31181,61,210446
27538,0.000512,172.31.40.0-255,66,31247,61,210446
27539,0.000661,172.217.160.0-255,7156,38403,61,210446
27540,0.000666,172.31.40.0-255,66,38469,61,210446
27541,0.000818,172.217.160.0-255,7156,45625,61,210446
27542,0.000822,172.31.40.0-255,66,45691,61,210446
27543,0.000862,172.31.40.0-255,66,45757,61,210446
27544,0.00118,172.31.40.0-255,66,45823,61,210446
27545,0.001437,172.217.160.0-255,343,46166,61,210446
27546,0.001443,172.31.40.0-255,66,46232,61,210446
27547,0.00145,172.217.160.0-255,2902,49134,61,210446
27548,0.001452,172.31.40.0-255,66,49200,61,210446
27549,0.00148,172.31.40.0-255,66,49266,61,210446
27550,0.001503,172.217.160.0-255,1534,50800,61,210446
27551,0.001763,172.217.160.0-255,2184,52984,61,210446
27552,0.002353,172.31.40.0-255,66,53050,61,210446
27553,0.004003,172.217.160.0-255,1484,54534,61,210446
27554,0.004022,172.217.160.0-255,4320,58854,61,210446
27555,0.004026,172.31.40.0-255,66,58920,61,210446
27556,0.005665,172.217.160.0-255,5738,64658,61,210446
27557,0.00567,172.31.40.0-255,66,64724,61,210446
27558,0.007314,172.217.160.0-255,5738,70462,61,210446
27559,0.007321,172.31.40.0-255,66,70528,61,210446
27560,0.008969,172.217.160.0-255,5738,76266,61,210446
27561,0.008976,172.31.40.0-255,66,76332,61,210446
27562,0.010615,172.217.160.0-255,5738,82070,61,210446
27563,0.011781,172.31.40.0-255,66,82136,61,210446
27564,0.013423,172.217.160.0-255,4320,86456,61,210446
27565,0.01343,172.31.40.0-255,66,86522,61,210446
27566,0.013455,172.217.160.0-255,1484,88006,61,210446
27567,0.015073,172.217.160.0-255,4320,92326,61,210446
27568,0.01508,172.31.40.0-255,66,92392,61,210446
27569,0.016731,172.217.160.0-255,5738,98130,61,210446
27570,0.01677,172.31.40.0-255,66,98196,61,210446
27571,0.018416,172.217.160.0-255,5738,103934,61,210446
27572,0.018421,172.31.40.0-255,66,104000,61,210446
27573,0.020069,172.217.160.0-255,5738,109738,61,210446
27574,0.020075,172.31.40.0-255,66,109804,61,210446
27575,0.02056,172.31.40.0-255,172,109976,61,210446
27576,0.020599,172.31.40.0-255,1116,111092,61,210446
27577,0.020648,172.31.40.0-255,1514,112606,61,210446
27578,0.02065,172.31.40.0-255,326,112932,61,210446
27579,0.021727,172.217.160.0-255,5738,118670,61,210446
27580,0.021734,172.31.40.0-255,66,118736,61,210446
27581,0.022061,104.244.42.0-255,66,118802,61,210446
27582,0.02226,104.244.42.0-255,66,118868,61,210446
27583,0.022281,104.244.42.0-255,66,118934,61,210446
27584,0.023379,172.217.160.0-255,4320,123254,61,210446
27585,0.023384,172.31.40.0-255,66,123320,61,210446
27586,0.02341,172.217.160.0-255,1484,124804,61,210446
27587,0.02504,172.217.160.0-255,4320,129124,61,210446
27588,0.025047,172.31.40.0-255,66,129190,61,210446
27589,0.026725,172.217.160.0-255,5738,134928,61,210446
27590,0.027537,172.31.40.0-255,66,134994,61,210446
27591,0.029184,172.217.160.0-255,5738,140732,61,210446
27592,0.029192,172.31.40.0-255,66,140798,61,210446
27593,0.030842,172.217.160.0-255,5738,146536,61,210446
27594,0.030848,172.31.40.0-255,66,146602,61,210446
27595,0.032491,172.217.160.0-255,5738,152340,61,210446
27596,0.032497,172.31.40.0-255,66,152406,61,210446
27597,0.034159,172.217.160.0-255,5738,158144,61,210446
27598,0.034165,172.31.40.0-255,66,158210,61,210446
27599,0.035816,172.217.160.0-255,5738,163948,61,210446
27600,0.035822,172.31.40.0-255,66,164014,61,210446
27601,0.037464,172.217.160.0-255,5738,169752,61,210446
27602,0.037471,172.31.40.0-255,66,169818,61,210446
27603,0.039116,172.217.160.0-255,5738,175556,61,210446
27604,0.039123,172.31.40.0-255,66,175622,61,210446
27605,0.040774,172.217.160.0-255,5738,181360,61,210446
27606,0.040781,172.31.40.0-255,66,181426,61,210446
27607,0.042431,172.217.160.0-255,5738,187164,61,210446
27608,0.042437,172.31.40.0-255,66,187230,61,210446
27609,0.044091,172.217.160.0-255,5738,192968,61,210446
27610,0.044098,172.31.40.0-255,66,193034,61,210446
27611,0.045754,172.217.160.0-255,5738,198772,61,210446
27612,0.045762,172.31.40.0-255,66,198838,61,210446
27613,0.047411,172.217.160.0-255,5738,204576,61,210446
27614,0.047418,172.31.40.0-255,66,204642,61,210446
27615,0.049076,172.217.160.0-255,5738,210380,61,210446
27616,0.049083,172.31.40.0-255,66,210446,61,210446
27617,0.0,74.125.68.0-255,167,167,61,294999
27618,1.4e-05,172.31.40.0-255,66,233,61,294999
27619,2e-05,74.125.68.0-255,1484,1717,61,294999
27620,2.5e-05,172.31.40.0-255,66,1783,61,294999
27621,4.7e-05,74.125.68.0-255,2902,4685,61,294999
27622,5e-05,172.31.40.0-255,66,4751,61,294999
27623,5.4e-05,74.125.68.0-255,1484,6235,61,294999
27624,5.6e-05,172.31.40.0-255,66,6301,61,294999
27625,6.2e-05,74.125.68.0-255,2902,9203,61,294999
27626,6.5e-05,172.31.40.0-255,66,9269,61,294999
27627,0.000103,74.125.68.0-255,4850,14119,61,294999
27628,0.000105,172.31.40.0-255,66,14185,61,294999
27629,0.000141,74.125.68.0-255,2902,17087,61,294999
27630,0.000144,172.31.40.0-255,66,17153,61,294999
27631,0.000163,74.125.68.0-255,2902,20055,61,294999
27632,0.000166,74.125.68.0-255,1484,21539,61,294999
27633,0.000169,172.31.40.0-255,66,21605,61,294999
27634,0.000172,172.31.40.0-255,66,21671,61,294999
27635,0.000199,172.31.40.0-255,66,21737,61,294999
27636,0.000201,74.125.68.0-255,1125,22862,61,294999
27637,0.000204,172.31.40.0-255,66,22928,61,294999
27638,0.000296,74.125.68.0-255,1484,24412,61,294999
27639,0.0003,172.31.40.0-255,66,24478,61,294999
27640,0.000304,74.125.68.0-255,1484,25962,61,294999
27641,0.000306,172.31.40.0-255,66,26028,61,294999
27642,0.00032,74.125.68.0-255,1484,27512,61,294999
27643,0.000322,172.31.40.0-255,66,27578,61,294999
27644,0.000328,74.125.68.0-255,4320,31898,61,294999
27645,0.00033,172.31.40.0-255,66,31964,61,294999
27646,0.000355,74.125.68.0-255,1484,33448,61,294999
27647,0.000358,172.31.40.0-255,66,33514,61,294999
27648,0.000365,74.125.68.0-255,6797,40311,61,294999
27649,0.000367,172.31.40.0-255,66,40377,61,294999
27650,0.000371,74.125.68.0-255,2902,43279,61,294999
27651,0.000374,172.31.40.0-255,66,43345,61,294999
27652,0.000399,74.125.68.0-255,4320,47665,61,294999
27653,0.000402,172.31.40.0-255,66,47731,61,294999
27654,0.000444,74.125.68.0-255,2902,50633,61,294999
27655,0.000446,172.31.40.0-255,66,50699,61,294999
27656,0.00047,74.125.68.0-255,6797,57496,61,294999
27657,0.000473,172.31.40.0-255,66,57562,61,294999
27658,0.000475,74.125.68.0-255,410,57972,61,294999
27659,0.00049,74.125.68.0-255,335,58307,61,294999
27660,0.000653,74.125.68.0-255,1484,59791,61,294999
27661,0.000658,172.31.40.0-255,66,59857,61,294999
27662,0.000664,74.125.68.0-255,2902,62759,61,294999
27663,0.000666,172.31.40.0-255,66,62825,61,294999
27664,0.000669,74.125.68.0-255,1484,64309,61,294999
27665,0.000686,74.125.68.0-255,4320,68629,61,294999
27666,0.000689,172.31.40.0-255,66,68695,61,294999
27667,0.000705,74.125.68.0-255,4320,73015,61,294999
27668,0.000708,172.31.40.0-255,66,73081,61,294999
27669,0.000735,172.31.40.0-255,66,73147,61,294999
27670,0.000759,74.125.68.0-255,1484,74631,61,294999
27671,0.000773,74.125.68.0-255,2902,77533,61,294999
27672,0.000776,172.31.40.0-255,66,77599,61,294999
27673,0.0008,74.125.68.0-255,6438,84037,61,294999
27674,0.000803,172.31.40.0-255,66,84103,61,294999
27675,0.001019,74.125.68.0-255,1484,85587,61,294999
27676,0.001034,74.125.68.0-255,1484,87071,61,294999
27677,0.001037,172.31.40.0-255,66,87137,61,294999
27678,0.001049,74.125.68.0-255,1484,88621,61,294999
27679,0.001056,74.125.68.0-255,5738,94359,61,294999
27680,0.001058,172.31.40.0-255,66,94425,61,294999
27681,0.001081,74.125.68.0-255,2902,97327,61,294999
27682,0.001085,172.31.40.0-255,66,97393,61,294999
27683,0.001111,172.31.40.0-255,66,97459,61,294999
27684,0.001151,172.31.40.0-255,66,97525,61,294999
27685,0.001662,74.125.68.0-255,1484,99009,61,294999
27686,0.001667,74.125.68.0-255,1484,100493,61,294999
27687,0.00167,172.31.40.0-255,66,100559,61,294999
27688,0.001692,74.125.68.0-255,1484,102043,61,294999
27689,0.001699,74.125.68.0-255,5738,107781,61,294999
27690,0.001701,172.31.40.0-255,66,107847,61,294999
27691,0.001705,74.125.68.0-255,2902,110749,61,294999
27692,0.001707,172.31.40.0-255,66,110815,61,294999
27693,0.001742,172.31.40.0-255,66,110881,61,294999
27694,0.001773,172.31.40.0-255,66,110947,61,294999
27695,0.001825,74.125.68.0-255,1484,112431,61,294999
27696,0.001831,74.125.68.0-255,2902,115333,61,294999
27697,0.001833,172.31.40.0-255,66,115399,61,294999
27698,0.001854,74.125.68.0-255,2902,118301,61,294999
27699,0.001857,172.31.40.0-255,66,118367,61,294999
27700,0.001863,74.125.68.0-255,4320,122687,61,294999
27701,0.001865,172.31.40.0-255,66,122753,61,294999
27702,0.001881,74.125.68.0-255,1484,124237,61,294999
27703,0.001903,74.125.68.0-255,7156,131393,61,294999
27704,0.001906,172.31.40.0-255,66,131459,61,294999
27705,0.001912,74.125.68.0-255,4320,135779,61,294999
27706,0.001915,172.31.40.0-255,66,135845,61,294999
27707,0.001921,74.125.68.0-255,5738,141583,61,294999
27708,0.001923,172.31.40.0-255,66,141649,61,294999
27709,0.00196,74.125.68.0-255,3602,145251,61,294999
27710,0.001963,172.31.40.0-255,66,145317,61,294999
27711,0.002026,74.125.68.0-255,1484,146801,61,294999
27712,0.002042,74.125.68.0-255,2902,149703,61,294999
27713,0.002045,172.31.40.0-255,66,149769,61,294999
27714,0.002049,74.125.68.0-255,1484,151253,61,294999
27715,0.002063,74.125.68.0-255,1484,152737,61,294999
27716,0.002065,172.31.40.0-255,66,152803,61,294999
27717,0.00207,74.125.68.0-255,2902,155705,61,294999
27718,0.002072,172.31.40.0-255,66,155771,61,294999
27719,0.002088,74.125.68.0-255,1484,157255,61,294999
27720,0.002099,172.31.40.0-255,66,157321,61,294999
27721,0.002106,74.125.68.0-255,5738,163059,61,294999
27722,0.002108,172.31.40.0-255,66,163125,61,294999
27723,0.002112,74.125.68.0-255,1484,164609,61,294999
27724,0.002139,74.125.68.0-255,5738,170347,61,294999
27725,0.002142,172.31.40.0-255,66,170413,61,294999
27726,0.002145,74.125.68.0-255,766,171179,61,294999
27727,0.002968,172.31.40.0-255,66,171245,61,294999
27728,0.00441,74.125.68.0-255,4320,175565,61,294999
27729,0.004418,172.31.40.0-255,66,175631,61,294999
27730,0.005193,74.125.68.0-255,1484,177115,61,294999
27731,0.006647,74.125.68.0-255,4320,181435,61,294999
27732,0.006654,172.31.40.0-255,66,181501,61,294999
27733,0.008899,74.125.68.0-255,5738,187239,61,294999
27734,0.008905,172.31.40.0-255,66,187305,61,294999
27735,0.011168,74.125.68.0-255,5738,193043,61,294999
27736,0.011186,172.31.40.0-255,66,193109,61,294999
27737,0.013445,74.125.68.0-255,5738,198847,61,294999
27738,0.013459,172.31.40.0-255,66,198913,61,294999
27739,0.01572,74.125.68.0-255,5738,204651,61,294999
27740,0.015736,172.31.40.0-255,66,204717,61,294999
27741,0.017997,74.125.68.0-255,5738,210455,61,294999
27742,0.018012,172.31.40.0-255,66,210521,61,294999
27743,0.020276,74.125.68.0-255,5738,216259,61,294999
27744,0.020285,172.31.40.0-255,66,216325,61,294999
27745,0.022523,74.125.68.0-255,5738,222063,61,294999
27746,0.022531,172.31.40.0-255,66,222129,61,294999
27747,0.024769,74.125.68.0-255,5738,227867,61,294999
27748,0.024776,172.31.40.0-255,66,227933,61,294999
27749,0.027029,74.125.68.0-255,5738,233671,61,294999
27750,0.027042,172.31.40.0-255,66,233737,61,294999
27751,0.029274,74.125.68.0-255,5738,239475,61,294999
27752,0.029281,172.31.40.0-255,66,239541,61,294999
27753,0.031548,74.125.68.0-255,5738,245279,61,294999
27754,0.031564,172.31.40.0-255,66,245345,61,294999
27755,0.033805,74.125.68.0-255,5738,251083,61,294999
27756,0.033811,172.31.40.0-255,66,251149,61,294999
27757,0.036074,74.125.68.0-255,5738,256887,61,294999
27758,0.036091,172.31.40.0-255,66,256953,61,294999
27759,0.038334,74.125.68.0-255,5738,262691,61,294999
27760,0.038341,172.31.40.0-255,66,262757,61,294999
27761,0.040583,74.125.68.0-255,5738,268495,61,294999
27762,0.040594,172.31.40.0-255,66,268561,61,294999
27763,0.042857,74.125.68.0-255,5738,274299,61,294999
27764,0.042874,172.31.40.0-255,66,274365,61,294999
27765,0.045125,74.125.68.0-255,5738,280103,61,294999
27766,0.045141,172.31.40.0-255,66,280169,61,294999
27767,0.045867,172.31.40.0-255,199,280368,61,294999
27768,0.045904,172.31.40.0-255,1116,281484,61,294999
27769,0.045964,172.31.40.0-255,1514,282998,61,294999
27770,0.045966,172.31.40.0-255,327,283325,61,294999
27771,0.047441,74.125.68.0-255,5738,289063,61,294999
27772,0.047456,172.31.40.0-255,66,289129,61,294999
27773,0.048159,104.244.42.0-255,66,289195,61,294999
27774,0.04972,74.125.68.0-255,5738,294933,61,294999
27775,0.049739,172.31.40.0-255,66,294999,61,294999
27776,0.0,172.217.194.0-255,153,153,61,225524
27777,2.1e-05,172.31.40.0-255,66,219,61,225524
27778,4.4e-05,172.217.194.0-255,1484,1703,61,225524
27779,4.8e-05,172.31.40.0-255,66,1769,61,225524
27780,5.3e-05,172.217.194.0-255,2902,4671,61,225524
27781,5.6e-05,172.31.40.0-255,66,4737,61,225524
27782,6.3e-05,172.217.194.0-255,7156,11893,61,225524
27783,6.6e-05,172.31.40.0-255,66,11959,61,225524
27784,7.1e-05,172.217.194.0-255,4947,16906,61,225524
27785,7.4e-05,172.31.40.0-255,66,16972,61,225524
27786,8.4e-05,172.31.40.0-255,66,17038,61,225524
27787,0.000109,172.217.194.0-255,3961,20999,61,225524
27788,0.000112,172.31.40.0-255,66,21065,61,225524
27789,0.000156,172.217.194.0-255,1484,22549,61,225524
27790,0.000159,172.31.40.0-255,66,22615,61,225524
27791,0.000189,172.217.194.0-255,2902,25517,61,225524
27792,0.000193,172.31.40.0-255,66,25583,61,225524
27793,0.000207,172.217.194.0-255,1484,27067,61,225524
27794,0.00021,172.31.40.0-255,66,27133,61,225524
27795,0.000222,172.217.194.0-255,1484,28617,61,225524
27796,0.000224,172.31.40.0-255,66,28683,61,225524
27797,0.00023,172.217.194.0-255,4320,33003,61,225524
27798,0.000232,172.31.40.0-255,66,33069,61,225524
27799,0.000268,172.31.40.0-255,66,33135,61,225524
27800,0.000315,172.217.194.0-255,377,33512,61,225524
27801,0.000317,172.31.40.0-255,66,33578,61,225524
27802,0.000321,172.31.40.0-255,66,33644,61,225524
27803,0.000344,172.217.194.0-255,99,33743,61,225524
27804,0.000346,172.31.40.0-255,66,33809,61,225524
27805,0.000414,172.217.194.0-255,1484,35293,61,225524
27806,0.000431,172.217.194.0-255,2902,38195,61,225524
27807,0.000435,172.31.40.0-255,66,38261,61,225524
27808,0.000455,172.217.194.0-255,2902,41163,61,225524
27809,0.000458,172.31.40.0-255,66,41229,61,225524
27810,0.000476,172.217.194.0-255,2902,44131,61,225524
27811,0.000479,172.31.40.0-255,66,44197,61,225524
27812,0.000521,172.31.40.0-255,66,44263,61,225524
27813,0.000533,172.31.40.0-255,66,44329,61,225524
27814,0.000536,172.217.194.0-255,365,44694,61,225524
27815,0.001009,172.31.40.0-255,66,44760,61,225524
27816,0.001275,172.217.194.0-255,1484,46244,61,225524
27817,0.001283,172.217.194.0-255,2902,49146,61,225524
27818,0.001288,172.31.40.0-255,66,49212,61,225524
27819,0.001305,172.217.194.0-255,4320,53532,61,225524
27820,0.001307,172.31.40.0-255,66,53598,61,225524
27821,0.00132,172.217.194.0-255,1484,55082,61,225524
27822,0.001327,172.217.194.0-255,5738,60820,61,225524
27823,0.001329,172.31.40.0-255,66,60886,61,225524
27824,0.001368,172.217.194.0-255,7156,68042,61,225524
27825,0.001372,172.31.40.0-255,66,68108,61,225524
27826,0.001406,172.31.40.0-255,66,68174,61,225524
27827,0.001411,172.217.194.0-255,2184,70358,61,225524
27828,0.001414,172.31.40.0-255,66,70424,61,225524
27829,0.001483,172.217.194.0-255,1484,71908,61,225524
27830,0.001488,172.217.194.0-255,1484,73392,61,225524
27831,0.001491,172.31.40.0-255,66,73458,61,225524
27832,0.001514,172.217.194.0-255,1484,74942,61,225524
27833,0.001521,172.217.194.0-255,5738,80680,61,225524
27834,0.001523,172.31.40.0-255,66,80746,61,225524
27835,0.001554,172.31.40.0-255,66,80812,61,225524
27836,0.001559,172.217.194.0-255,2902,83714,61,225524
27837,0.001561,172.31.40.0-255,66,83780,61,225524
27838,0.001576,172.217.194.0-255,5738,89518,61,225524
27839,0.001578,172.31.40.0-255,66,89584,61,225524
27840,0.001616,172.217.194.0-255,2184,91768,61,225524
27841,0.001619,172.31.40.0-255,66,91834,61,225524
27842,0.003585,172.217.194.0-255,1484,93318,61,225524
27843,0.003605,172.217.194.0-255,1484,94802,61,225524
27844,0.00361,172.31.40.0-255,66,94868,61,225524
27845,0.003648,172.217.194.0-255,2902,97770,61,225524
27846,0.00365,172.31.40.0-255,66,97836,61,225524
27847,0.005884,172.217.194.0-255,5738,103574,61,225524
27848,0.005892,172.31.40.0-255,66,103640,61,225524
27849,0.007915,172.217.194.0-255,5738,109378,61,225524
27850,0.007923,172.31.40.0-255,66,109444,61,225524
27851,0.009952,172.217.194.0-255,5738,115182,61,225524
27852,0.00996,172.31.40.0-255,66,115248,61,225524
27853,0.011985,172.217.194.0-255,5738,120986,61,225524
27854,0.011997,172.31.40.0-255,66,121052,61,225524
27855,0.014022,172.217.194.0-255,5738,126790,61,225524
27856,0.014033,172.31.40.0-255,66,126856,61,225524
27857,0.016077,172.217.194.0-255,5738,132594,61,225524
27858,0.016091,172.31.40.0-255,66,132660,61,225524
27859,0.018105,172.217.194.0-255,5738,138398,61,225524
27860,0.018119,172.31.40.0-255,66,138464,61,225524
27861,0.020131,172.217.194.0-255,5738,144202,61,225524
27862,0.02014,172.31.40.0-255,66,144268,61,225524
27863,0.022149,172.217.194.0-255,5738,150006,61,225524
27864,0.022162,172.31.40.0-255,66,150072,61,225524
27865,0.024196,172.217.194.0-255,5738,155810,61,225524
27866,0.024207,172.31.40.0-255,66,155876,61,225524
27867,0.026233,172.217.194.0-255,5738,161614,61,225524
27868,0.026244,172.31.40.0-255,66,161680,61,225524
27869,0.028279,172.217.194.0-255,5738,167418,61,225524
27870,0.028291,172.31.40.0-255,66,167484,61,225524
27871,0.030321,172.217.194.0-255,5738,173222,61,225524
27872,0.030339,172.31.40.0-255,66,173288,61,225524
27873,0.032366,172.217.194.0-255,5738,179026,61,225524
27874,0.032379,172.31.40.0-255,66,179092,61,225524
27875,0.034385,172.217.194.0-255,5738,184830,61,225524
27876,0.034405,172.31.40.0-255,66,184896,61,225524
27877,0.03642,172.217.194.0-255,5738,190634,61,225524
27878,0.036436,172.31.40.0-255,66,190700,61,225524
27879,0.038487,172.217.194.0-255,5738,196438,61,225524
27880,0.038502,172.31.40.0-255,66,196504,61,225524
27881,0.040539,172.217.194.0-255,5738,202242,61,225524
27882,0.040559,172.31.40.0-255,66,202308,61,225524
27883,0.042624,172.217.194.0-255,5738,208046,61,225524
27884,0.042669,172.31.40.0-255,66,208112,61,225524
27885,0.044703,172.217.194.0-255,5738,213850,61,225524
27886,0.044718,172.31.40.0-255,66,213916,61,225524
27887,0.046776,172.217.194.0-255,5738,219654,61,225524
27888,0.046795,172.31.40.0-255,66,219720,61,225524
27889,0.04883,172.217.194.0-255,5738,225458,61,225524
27890,0.048844,172.31.40.0-255,66,225524,61,225524
27891,0.0,74.125.130.0-255,152,152,61,248227
27892,2e-05,172.31.40.0-255,66,218,61,248227
27893,2.7e-05,74.125.130.0-255,1484,1702,61,248227
27894,3.1e-05,172.31.40.0-255,66,1768,61,248227
27895,3.4e-05,74.125.130.0-255,1484,3252,61,248227
27896,3.6e-05,172.31.40.0-255,66,3318,61,248227
27897,6.4e-05,74.125.130.0-255,1484,4802,61,248227
27898,6.6e-05,172.31.40.0-255,66,4868,61,248227
27899,7.3e-05,74.125.130.0-255,4320,9188,61,248227
27900,7.6e-05,172.31.40.0-255,66,9254,61,248227
27901,8e-05,74.125.130.0-255,2902,12156,61,248227
27902,8.3e-05,172.31.40.0-255,66,12222,61,248227
27903,0.000112,74.125.130.0-255,2039,14261,61,248227
27904,0.000115,172.31.40.0-255,66,14327,61,248227
27905,0.000201,74.125.130.0-255,1484,15811,61,248227
27906,0.000204,172.31.40.0-255,66,15877,61,248227
27907,0.000209,74.125.130.0-255,2902,18779,61,248227
27908,0.000211,172.31.40.0-255,66,18845,61,248227
27909,0.000245,74.125.130.0-255,5738,24583,61,248227
27910,0.000247,172.31.40.0-255,66,24649,61,248227
27911,0.000253,74.125.130.0-255,5738,30387,61,248227
27912,0.000255,172.31.40.0-255,66,30453,61,248227
27913,0.000278,74.125.130.0-255,2902,33355,61,248227
27914,0.00028,172.31.40.0-255,66,33421,61,248227
27915,0.000308,74.125.130.0-255,3961,37382,61,248227
27916,0.00031,172.31.40.0-255,66,37448,61,248227
27917,0.000313,74.125.130.0-255,1484,38932,61,248227
27918,0.000315,172.31.40.0-255,66,38998,61,248227
27919,0.000346,74.125.130.0-255,5738,44736,61,248227
27920,0.000352,172.31.40.0-255,66,44802,61,248227
27921,0.00037,74.125.130.0-255,3961,48763,61,248227
27922,0.000373,172.31.40.0-255,66,48829,61,248227
27923,0.00114,74.125.130.0-255,1484,50313,61,248227
27924,0.001149,74.125.130.0-255,2902,53215,61,248227
27925,0.001153,172.31.40.0-255,66,53281,61,248227
27926,0.001186,74.125.130.0-255,2902,56183,61,248227
27927,0.001188,172.31.40.0-255,66,56249,61,248227
27928,0.001211,74.125.130.0-255,2902,59151,61,248227
27929,0.001213,172.31.40.0-255,66,59217,61,248227
27930,0.001219,74.125.130.0-255,4320,63537,61,248227
27931,0.001221,172.31.40.0-255,66,63603,61,248227
27932,0.001227,74.125.130.0-255,5379,68982,61,248227
27933,0.001228,172.31.40.0-255,66,69048,61,248227
27934,0.001273,172.31.40.0-255,66,69114,61,248227
27935,0.001306,74.125.130.0-255,3122,72236,61,248227
27936,0.001308,172.31.40.0-255,66,72302,61,248227
27937,0.001328,74.125.130.0-255,4320,76622,61,248227
27938,0.00133,172.31.40.0-255,66,76688,61,248227
27939,0.00135,74.125.130.0-255,2902,79590,61,248227
27940,0.001351,172.31.40.0-255,66,79656,61,248227
27941,0.001364,74.125.130.0-255,4320,83976,61,248227
27942,0.001365,172.31.40.0-255,66,84042,61,248227
27943,0.001387,74.125.130.0-255,2902,86944,61,248227
27944,0.001392,172.31.40.0-255,66,87010,61,248227
27945,0.001417,74.125.130.0-255,2543,89553,61,248227
27946,0.00142,172.31.40.0-255,66,89619,61,248227
27947,0.001663,74.125.130.0-255,1484,91103,61,248227
27948,0.001671,74.125.130.0-255,2902,94005,61,248227
27949,0.001676,172.31.40.0-255,66,94071,61,248227
27950,0.001681,74.125.130.0-255,2902,96973,61,248227
27951,0.001683,172.31.40.0-255,66,97039,61,248227
27952,0.001703,74.125.130.0-255,1484,98523,61,248227
27953,0.001715,172.31.40.0-255,66,98589,61,248227
27954,0.001739,74.125.130.0-255,1484,100073,61,248227
27955,0.001782,172.31.40.0-255,66,100139,61,248227
27956,0.002035,74.125.130.0-255,1484,101623,61,248227
27957,0.002043,74.125.130.0-255,2902,104525,61,248227
27958,0.002048,172.31.40.0-255,66,104591,61,248227
27959,0.002055,74.125.130.0-255,5738,110329,61,248227
27960,0.002058,172.31.40.0-255,66,110395,61,248227
27961,0.002092,172.31.40.0-255,66,110461,61,248227
27962,0.004125,74.125.130.0-255,5738,116199,61,248227
27963,0.004132,172.31.40.0-255,66,116265,61,248227
27964,0.006167,74.125.130.0-255,5738,122003,61,248227
27965,0.006171,172.31.40.0-255,66,122069,61,248227
27966,0.00823,74.125.130.0-255,5738,127807,61,248227
27967,0.008237,172.31.40.0-255,66,127873,61,248227
27968,0.010293,74.125.130.0-255,5738,133611,61,248227
27969,0.010301,172.31.40.0-255,66,133677,61,248227
27970,0.012359,74.125.130.0-255,5738,139415,61,248227
27971,0.012368,172.31.40.0-255,66,139481,61,248227
27972,0.014421,74.125.130.0-255,5738,145219,61,248227
27973,0.014428,172.31.40.0-255,66,145285,61,248227
27974,0.016491,74.125.130.0-255,5738,151023,61,248227
27975,0.0165,172.31.40.0-255,66,151089,61,248227
27976,0.018548,74.125.130.0-255,5738,156827,61,248227
27977,0.018556,172.31.40.0-255,66,156893,61,248227
27978,0.020607,74.125.130.0-255,5738,162631,61,248227
27979,0.020613,172.31.40.0-255,66,162697,61,248227
27980,0.022659,74.125.130.0-255,5738,168435,61,248227
27981,0.022665,172.31.40.0-255,66,168501,61,248227
27982,0.024717,74.125.130.0-255,5738,174239,61,248227
27983,0.024724,172.31.40.0-255,66,174305,61,248227
27984,0.026766,74.125.130.0-255,5738,180043,61,248227
27985,0.026772,172.31.40.0-255,66,180109,61,248227
27986,0.028273,172.31.40.0-255,167,180276,61,248227
27987,0.028302,172.31.40.0-255,1120,181396,61,248227
27988,0.028351,172.31.40.0-255,1514,182910,61,248227
27989,0.028353,172.31.40.0-255,1275,184185,61,248227
27990,0.028837,74.125.130.0-255,5738,189923,61,248227
27991,0.028844,172.31.40.0-255,66,189989,61,248227
27992,0.029836,104.244.42.0-255,66,190055,61,248227
27993,0.029843,104.244.42.0-255,66,190121,61,248227
27994,0.029923,104.244.42.0-255,66,190187,61,248227
27995,0.030894,74.125.130.0-255,5738,195925,61,248227
27996,0.0309,172.31.40.0-255,66,195991,61,248227
27997,0.033011,74.125.130.0-255,5738,201729,61,248227
27998,0.033019,172.31.40.0-255,66,201795,61,248227
27999,0.035078,74.125.130.0-255,5738,207533,61,248227
28000,0.035089,172.31.40.0-255,66,207599,61,248227
28001,0.03714,74.125.130.0-255,5738,213337,61,248227
28002,0.037147,172.31.40.0-255,66,213403,61,248227
28003,0.039196,74.125.130.0-255,5738,219141,61,248227
28004,0.039204,172.31.40.0-255,66,219207,61,248227
28005,0.041246,74.125.130.0-255,5738,224945,61,248227
28006,0.041251,172.31.40.0-255,66,225011,61,248227
28007,0.043316,74.125.130.0-255,5738,230749,61,248227
28008,0.043322,172.31.40.0-255,66,230815,61,248227
28009,0.045381,74.125.130.0-255,5738,236553,61,248227
28010,0.045386,172.31.40.0-255,66,236619,61,248227
28011,0.047441,74.125.130.0-255,5738,242357,61,248227
28012,0.047446,172.31.40.0-255,66,242423,61,248227
28013,0.049493,74.125.130.0-255,5738,248161,61,248227
28014,0.0495,172.31.40.0-255,66,248227,61,248227
28015,0.0,172.217.194.0-255,296,296,61,235890
28016,1.6e-05,172.31.40.0-255,66,362,61,235890
28017,2.2e-05,172.217.194.0-255,1484,1846,61,235890
28018,2.8e-05,172.31.40.0-255,66,1912,61,235890
28019,3.5e-05,172.217.194.0-255,4320,6232,61,235890
28020,3.8e-05,172.31.40.0-255,66,6298,61,235890
28021,6.2e-05,172.217.194.0-255,4320,10618,61,235890
28022,6.5e-05,172.31.40.0-255,66,10684,61,235890
28023,8.4e-05,172.217.194.0-255,3288,13972,61,235890
28024,8.7e-05,172.31.40.0-255,66,14038,61,235890
28025,0.000365,172.217.194.0-255,1484,15522,61,235890
28026,0.000372,172.31.40.0-255,66,15588,61,235890
28027,0.000378,172.217.194.0-255,2902,18490,61,235890
28028,0.00038,172.31.40.0-255,66,18556,61,235890
28029,0.000399,172.217.194.0-255,5738,24294,61,235890
28030,0.000402,172.31.40.0-255,66,24360,61,235890
28031,0.000459,172.217.194.0-255,5738,30098,61,235890
28032,0.000463,172.31.40.0-255,66,30164,61,235890
28033,0.00048,172.217.194.0-255,1125,31289,61,235890
28034,0.000482,172.31.40.0-255,66,31355,61,235890
28035,0.00054,172.217.194.0-255,7156,38511,61,235890
28036,0.000544,172.31.40.0-255,66,38577,61,235890
28037,0.000568,172.217.194.0-255,7156,45733,61,235890
28038,0.000571,172.31.40.0-255,66,45799,61,235890
28039,0.000688,172.217.194.0-255,2543,48342,61,235890
28040,0.000693,172.31.40.0-255,66,48408,61,235890
28041,0.001245,172.217.194.0-255,1484,49892,61,235890
28042,0.001252,172.31.40.0-255,66,49958,61,235890
28043,0.001259,172.217.194.0-255,1484,51442,61,235890
28044,0.001262,172.31.40.0-255,66,51508,61,235890
28045,0.001277,172.217.194.0-255,1484,52992,61,235890
28046,0.001279,172.31.40.0-255,66,53058,61,235890
28047,0.001301,172.217.194.0-255,1484,54542,61,235890
28048,0.001309,172.217.194.0-255,5738,60280,61,235890
28049,0.001366,172.217.194.0-255,5379,65659,61,235890
28050,0.00142,172.217.194.0-255,5738,71397,61,235890
28051,0.001515,172.217.194.0-255,3961,75358,61,235890
28052,0.001646,172.217.194.0-255,1484,76842,61,235890
28053,0.001697,172.31.40.0-255,66,76908,61,235890
28054,0.001733,172.217.194.0-255,4320,81228,61,235890
28055,0.001751,172.31.40.0-255,66,81294,61,235890
28056,0.001799,172.31.40.0-255,66,81360,61,235890
28057,0.00198,172.217.194.0-255,1484,82844,61,235890
28058,0.002001,172.217.194.0-255,2902,85746,61,235890
28059,0.002005,172.31.40.0-255,66,85812,61,235890
28060,0.002029,172.217.194.0-255,5738,91550,61,235890
28061,0.002044,172.31.40.0-255,66,91616,61,235890
28062,0.002086,172.217.194.0-255,5738,97354,61,235890
28063,0.002097,172.31.40.0-255,66,97420,61,235890
28064,0.00212,172.217.194.0-255,7156,104576,61,235890
28065,0.002124,172.31.40.0-255,66,104642,61,235890
28066,0.00223,172.217.194.0-255,4320,108962,61,235890
28067,0.002249,172.217.194.0-255,6438,115400,61,235890
28068,0.002253,172.31.40.0-255,66,115466,61,235890
28069,0.002264,172.31.40.0-255,66,115532,61,235890
28070,0.004516,172.217.194.0-255,5738,121270,61,235890
28071,0.004533,172.31.40.0-255,66,121336,61,235890
28072,0.006817,172.217.194.0-255,5738,127074,61,235890
28073,0.006832,172.31.40.0-255,66,127140,61,235890
28074,0.009093,172.217.194.0-255,5738,132878,61,235890
28075,0.009104,172.31.40.0-255,66,132944,61,235890
28076,0.011353,172.217.194.0-255,5738,138682,61,235890
28077,0.011363,172.31.40.0-255,66,138748,61,235890
28078,0.013643,172.217.194.0-255,5738,144486,61,235890
28079,0.01366,172.31.40.0-255,66,144552,61,235890
28080,0.01591,172.217.194.0-255,5738,150290,61,235890
28081,0.015927,172.31.40.0-255,66,150356,61,235890
28082,0.018192,172.217.194.0-255,5738,156094,61,235890
28083,0.018209,172.31.40.0-255,66,156160,61,235890
28084,0.02049,172.217.194.0-255,5738,161898,61,235890
28085,0.020509,172.31.40.0-255,66,161964,61,235890
28086,0.022833,172.217.194.0-255,5738,167702,61,235890
28087,0.022852,172.31.40.0-255,66,167768,61,235890
28088,0.025146,172.217.194.0-255,5738,173506,61,235890
28089,0.025166,172.31.40.0-255,66,173572,61,235890
28090,0.027455,172.217.194.0-255,5738,179310,61,235890
28091,0.027471,172.31.40.0-255,66,179376,61,235890
28092,0.029791,172.217.194.0-255,5738,185114,61,235890
28093,0.029809,172.31.40.0-255,66,185180,61,235890
28094,0.032068,172.217.194.0-255,5738,190918,61,235890
28095,0.032085,172.31.40.0-255,66,190984,61,235890
28096,0.034363,172.217.194.0-255,5738,196722,61,235890
28097,0.034381,172.31.40.0-255,66,196788,61,235890
28098,0.036665,172.217.194.0-255,5738,202526,61,235890
28099,0.036681,172.31.40.0-255,66,202592,61,235890
28100,0.038297,172.31.40.0-255,171,202763,61,235890
28101,0.038337,172.31.40.0-255,1120,203883,61,235890
28102,0.038418,172.31.40.0-255,1514,205397,61,235890
28103,0.03842,172.31.40.0-255,1275,206672,61,235890
28104,0.038955,172.217.194.0-255,5738,212410,61,235890
28105,0.038965,172.31.40.0-255,66,212476,61,235890
28106,0.039851,104.244.42.0-255,66,212542,61,235890
28107,0.039863,104.244.42.0-255,66,212608,61,235890
28108,0.039984,104.244.42.0-255,66,212674,61,235890
28109,0.041225,172.217.194.0-255,5738,218412,61,235890
28110,0.041244,172.31.40.0-255,66,218478,61,235890
28111,0.04353,172.217.194.0-255,5738,224216,61,235890
28112,0.043548,172.31.40.0-255,66,224282,61,235890
28113,0.045856,172.217.194.0-255,5738,230020,61,235890
28114,0.047319,172.31.40.0-255,66,230086,61,235890
28115,0.049631,172.217.194.0-255,5738,235824,61,235890
28116,0.04965,172.31.40.0-255,66,235890,61,235890
28117,0.0,172.217.194.0-255,205,205,61,281665
28118,1.5e-05,172.31.40.0-255,66,271,61,281665
28119,2.1e-05,172.217.194.0-255,1484,1755,61,281665
28120,2.5e-05,172.31.40.0-255,66,1821,61,281665
28121,3.1e-05,172.217.194.0-255,2902,4723,61,281665
28122,3.5e-05,172.31.40.0-255,66,4789,61,281665
28123,4e-05,172.217.194.0-255,2902,7691,61,281665
28124,4.2e-05,172.31.40.0-255,66,7757,61,281665
28125,6.6e-05,172.217.194.0-255,2902,10659,61,281665
28126,6.9e-05,172.31.40.0-255,66,10725,61,281665
28127,9e-05,172.217.194.0-255,3575,14300,61,281665
28128,9.3e-05,172.31.40.0-255,66,14366,61,281665
28129,0.000366,172.217.194.0-255,1484,15850,61,281665
28130,0.000372,172.217.194.0-255,2902,18752,61,281665
28131,0.000377,172.31.40.0-255,66,18818,61,281665
28132,0.000382,172.31.40.0-255,66,18884,61,281665
28133,0.000398,172.217.194.0-255,5738,24622,61,281665
28134,0.000401,172.31.40.0-255,66,24688,61,281665
28135,0.000437,172.217.194.0-255,6797,31485,61,281665
28136,0.00044,172.31.40.0-255,66,31551,61,281665
28137,0.000498,172.217.194.0-255,1484,33035,61,281665
28138,0.000501,172.31.40.0-255,66,33101,61,281665
28139,0.000507,172.217.194.0-255,2902,36003,61,281665
28140,0.000509,172.31.40.0-255,66,36069,61,281665
28141,0.000523,172.217.194.0-255,4320,40389,61,281665
28142,0.000526,172.31.40.0-255,66,40455,61,281665
28143,0.000541,172.217.194.0-255,1484,41939,61,281665
28144,0.000544,172.31.40.0-255,66,42005,61,281665
28145,0.00057,172.217.194.0-255,2902,44907,61,281665
28146,0.000573,172.31.40.0-255,66,44973,61,281665
28147,0.000601,172.31.40.0-255,66,45039,61,281665
28148,0.000607,172.217.194.0-255,5738,50777,61,281665
28149,0.000628,172.31.40.0-255,66,50843,61,281665
28150,0.000643,172.217.194.0-255,5738,56581,61,281665
28151,0.000661,172.217.194.0-255,1427,58008,61,281665
28152,0.000667,172.31.40.0-255,66,58074,61,281665
28153,0.000778,172.217.194.0-255,383,58457,61,281665
28154,0.001073,172.31.40.0-255,66,58523,61,281665
28155,0.001146,172.217.194.0-255,1484,60007,61,281665
28156,0.001163,172.217.194.0-255,2902,62909,61,281665
28157,0.001178,172.217.194.0-255,4320,67229,61,281665
28158,0.001189,172.217.194.0-255,1484,68713,61,281665
28159,0.001196,172.217.194.0-255,7156,75869,61,281665
28160,0.001223,172.217.194.0-255,5738,81607,61,281665
28161,0.001252,172.217.194.0-255,1636,83243,61,281665
28162,0.001342,172.217.194.0-255,1484,84727,61,281665
28163,0.001348,172.217.194.0-255,2902,87629,61,281665
28164,0.001371,172.217.194.0-255,5738,93367,61,281665
28165,0.001393,172.217.194.0-255,2902,96269,61,281665
28166,0.00141,172.217.194.0-255,7156,103425,61,281665
28167,0.001452,172.217.194.0-255,2902,106327,61,281665
28168,0.001456,172.217.194.0-255,2184,108511,61,281665
28169,0.001928,172.217.194.0-255,1484,109995,61,281665
28170,0.001937,172.217.194.0-255,2902,112897,61,281665
28171,0.001945,172.217.194.0-255,5738,118635,61,281665
28172,0.001969,172.217.194.0-255,4320,122955,61,281665
28173,0.002158,172.217.194.0-255,1484,124439,61,281665
28174,0.002169,172.217.194.0-255,2902,127341,61,281665
28175,0.002172,172.217.194.0-255,1484,128825,61,281665
28176,0.002188,172.217.194.0-255,4320,133145,61,281665
28177,0.002202,172.217.194.0-255,4320,137465,61,281665
28178,0.002218,172.217.194.0-255,5738,143203,61,281665
28179,0.002229,172.217.194.0-255,2902,146105,61,281665
28180,0.002234,172.217.194.0-255,2902,149007,61,281665
28181,0.002255,172.217.194.0-255,7156,156163,61,281665
28182,0.002277,172.217.194.0-255,7156,163319,61,281665
28183,0.002363,172.217.194.0-255,1484,164803,61,281665
28184,0.002381,172.217.194.0-255,2902,167705,61,281665
28185,0.002387,172.217.194.0-255,5738,173443,61,281665
28186,0.002428,172.217.194.0-255,1484,174927,61,281665
28187,0.002486,172.217.194.0-255,7156,182083,61,281665
28188,0.0025,172.217.194.0-255,4320,186403,61,281665
28189,0.005573,172.31.40.0-255,66,186469,61,281665
28190,0.008066,172.217.194.0-255,5738,192207,61,281665
28191,0.008076,172.31.40.0-255,66,192273,61,281665
28192,0.010559,172.217.194.0-255,5738,198011,61,281665
28193,0.011191,172.31.40.0-255,66,198077,61,281665
28194,0.013672,172.217.194.0-255,5738,203815,61,281665
28195,0.01368,172.31.40.0-255,66,203881,61,281665
28196,0.016181,172.217.194.0-255,5738,209619,61,281665
28197,0.02028,172.31.40.0-255,66,209685,61,281665
28198,0.022764,172.217.194.0-255,5738,215423,61,281665
28199,0.022775,172.31.40.0-255,66,215489,61,281665
28200,0.025254,172.217.194.0-255,5738,221227,61,281665
28201,0.02526,172.31.40.0-255,66,221293,61,281665
28202,0.02775,172.217.194.0-255,5738,227031,61,281665
28203,0.027756,172.31.40.0-255,66,227097,61,281665
28204,0.028729,172.31.40.0-255,172,227269,61,281665
28205,0.028762,172.31.40.0-255,1115,228384,61,281665
28206,0.028827,172.31.40.0-255,1514,229898,61,281665
28207,0.028829,172.31.40.0-255,1514,231412,61,281665
28208,0.02883,172.31.40.0-255,1514,232926,61,281665
28209,0.028831,172.31.40.0-255,1514,234440,61,281665
28210,0.028832,172.31.40.0-255,529,234969,61,281665
28211,0.0303,172.217.194.0-255,5738,240707,61,281665
28212,0.030307,172.31.40.0-255,66,240773,61,281665
28213,0.030318,104.244.42.0-255,66,240839,61,281665
28214,0.030351,104.244.42.0-255,66,240905,61,281665
28215,0.030417,104.244.42.0-255,66,240971,61,281665
28216,0.030422,104.244.42.0-255,66,241037,61,281665
28217,0.032819,172.217.194.0-255,5738,246775,61,281665
28218,0.032825,172.31.40.0-255,66,246841,61,281665
28219,0.035318,172.217.194.0-255,5738,252579,61,281665
28220,0.035324,172.31.40.0-255,66,252645,61,281665
28221,0.037809,172.217.194.0-255,5738,258383,61,281665
28222,0.037815,172.31.40.0-255,66,258449,61,281665
28223,0.04032,172.217.194.0-255,5738,264187,61,281665
28224,0.040327,172.31.40.0-255,66,264253,61,281665
28225,0.042809,172.217.194.0-255,5738,269991,61,281665
28226,0.042816,172.31.40.0-255,66,270057,61,281665
28227,0.045324,172.217.194.0-255,5738,275795,61,281665
28228,0.045331,172.31.40.0-255,66,275861,61,281665
28229,0.047847,172.217.194.0-255,5738,281599,61,281665
28230,0.047854,172.31.40.0-255,66,281665,61,281665
28231,0.0,172.217.194.0-255,152,152,61,216920
28232,1.4e-05,172.31.40.0-255,66,218,61,216920
28233,2.1e-05,172.217.194.0-255,1484,1702,61,216920
28234,2.5e-05,172.31.40.0-255,66,1768,61,216920
28235,3.1e-05,172.217.194.0-255,2902,4670,61,216920
28236,3.5e-05,172.31.40.0-255,66,4736,61,216920
28237,4.1e-05,172.217.194.0-255,4320,9056,61,216920
28238,4.4e-05,172.31.40.0-255,66,9122,61,216920
28239,4.9e-05,172.217.194.0-255,4320,13442,61,216920
28240,5.2e-05,172.31.40.0-255,66,13508,61,216920
28241,7.8e-05,172.217.194.0-255,4934,18442,61,216920
28242,8.1e-05,172.31.40.0-255,66,18508,61,216920
28243,9.7e-05,172.217.194.0-255,2902,21410,61,216920
28244,0.0001,172.31.40.0-255,66,21476,61,216920
28245,0.000128,172.31.40.0-255,66,21542,61,216920
28246,0.000277,172.217.194.0-255,1484,23026,61,216920
28247,0.000281,172.31.40.0-255,66,23092,61,216920
28248,0.000286,172.217.194.0-255,2902,25994,61,216920
28249,0.000289,172.31.40.0-255,66,26060,61,216920
28250,0.000318,172.217.194.0-255,5738,31798,61,216920
28251,0.000321,172.31.40.0-255,66,31864,61,216920
28252,0.000343,172.217.194.0-255,5738,37602,61,216920
28253,0.000346,172.31.40.0-255,66,37668,61,216920
28254,0.000377,172.217.194.0-255,7156,44824,61,216920
28255,0.00038,172.31.40.0-255,66,44890,61,216920
28256,0.000391,172.31.40.0-255,66,44956,61,216920
28257,0.00041,172.217.194.0-255,2184,47140,61,216920
28258,0.000413,172.31.40.0-255,66,47206,61,216920
28259,0.000415,172.217.194.0-255,413,47619,61,216920
28260,0.000417,172.31.40.0-255,66,47685,61,216920
28261,0.000506,172.217.194.0-255,1484,49169,61,216920
28262,0.00051,172.217.194.0-255,2902,52071,61,216920
28263,0.000522,172.31.40.0-255,66,52137,61,216920
28264,0.000528,172.217.194.0-255,5738,57875,61,216920
28265,0.000531,172.31.40.0-255,66,57941,61,216920
28266,0.000534,172.217.194.0-255,1484,59425,61,216920
28267,0.000561,172.217.194.0-255,7156,66581,61,216920
28268,0.000564,172.31.40.0-255,66,66647,61,216920
28269,0.000601,172.217.194.0-255,7156,73803,61,216920
28270,0.000605,172.31.40.0-255,66,73869,61,216920
28271,0.000646,172.31.40.0-255,66,73935,61,216920
28272,0.000714,172.217.194.0-255,1484,75419,61,216920
28273,0.000719,172.217.194.0-255,2902,78321,61,216920
28274,0.000722,172.217.194.0-255,1484,79805,61,216920
28275,0.000737,172.217.194.0-255,4320,84125,61,216920
28276,0.000741,172.31.40.0-255,66,84191,61,216920
28277,0.000746,172.31.40.0-255,66,84257,61,216920
28278,0.000767,172.217.194.0-255,5738,89995,61,216920
28279,0.00077,172.217.194.0-255,1484,91479,61,216920
28280,0.00078,172.31.40.0-255,66,91545,61,216920
28281,0.000821,172.217.194.0-255,5020,96565,61,216920
28282,0.000826,172.31.40.0-255,66,96631,61,216920
28283,0.000846,172.217.194.0-255,5738,102369,61,216920
28284,0.000864,172.217.194.0-255,7156,109525,61,216920
28285,0.000881,172.217.194.0-255,2902,112427,61,216920
28286,0.000906,172.31.40.0-255,66,112493,61,216920
28287,0.000922,172.217.194.0-255,6438,118931,61,216920
28288,0.000936,172.31.40.0-255,66,118997,61,216920
28289,0.000947,172.217.194.0-255,2902,121899,61,216920
28290,0.000973,172.31.40.0-255,66,121965,61,216920
28291,0.000979,172.217.194.0-255,4320,126285,61,216920
28292,0.000989,172.31.40.0-255,66,126351,61,216920
28293,0.000997,172.217.194.0-255,7156,133507,61,216920
28294,0.001012,172.217.194.0-255,1484,134991,61,216920
28295,0.001048,172.31.40.0-255,66,135057,61,216920
28296,0.001054,172.217.194.0-255,5738,140795,61,216920
28297,0.001059,172.31.40.0-255,66,140861,61,216920
28298,0.001069,172.217.194.0-255,2184,143045,61,216920
28299,0.001099,172.217.194.0-255,7156,150201,61,216920
28300,0.001104,172.31.40.0-255,66,150267,61,216920
28301,0.001111,172.217.194.0-255,1484,151751,61,216920
28302,0.0012,172.31.40.0-255,66,151817,61,216920
28303,0.001221,172.217.194.0-255,7156,158973,61,216920
28304,0.001253,172.31.40.0-255,66,159039,61,216920
28305,0.001258,172.31.40.0-255,66,159105,61,216920
28306,0.001285,172.217.194.0-255,1484,160589,61,216920
28307,0.001311,172.217.194.0-255,5738,166327,61,216920
28308,0.001323,172.217.194.0-255,5738,172065,61,216920
28309,0.001331,172.31.40.0-255,66,172131,61,216920
28310,0.001345,172.217.194.0-255,2184,174315,61,216920
28311,0.001365,172.31.40.0-255,66,174381,61,216920
28312,0.001378,172.217.194.0-255,5738,180119,61,216920
28313,0.001428,172.217.194.0-255,4320,184439,61,216920
28314,0.001482,172.217.194.0-255,3602,188041,61,216920
28315,0.001493,172.31.40.0-255,66,188107,61,216920
28316,0.001516,172.217.194.0-255,4320,192427,61,216920
28317,0.001544,172.217.194.0-255,2902,195329,61,216920
28318,0.001554,172.217.194.0-255,1484,196813,61,216920
28319,0.001557,172.217.194.0-255,1484,198297,61,216920
28320,0.001612,172.217.194.0-255,5738,204035,61,216920
28321,0.001682,172.217.194.0-255,4320,208355,61,216920
28322,0.001703,172.217.194.0-255,3945,212300,61,216920
28323,0.001745,172.217.194.0-255,105,212405,61,216920
28324,0.009507,172.31.40.0-255,66,212471,61,216920
28325,0.012811,172.31.40.0-255,105,212576,61,216920
28326,0.015388,172.217.194.0-255,66,212642,61,216920
28327,0.040925,172.31.40.0-255,171,212813,61,216920
28328,0.040959,172.31.40.0-255,1145,213958,61,216920
28329,0.041038,172.31.40.0-255,1514,215472,61,216920
28330,0.04104,172.31.40.0-255,1250,216722,61,216920
28331,0.042492,104.244.42.0-255,66,216788,61,216920
28332,0.042503,104.244.42.0-255,66,216854,61,216920
28333,0.042579,104.244.42.0-255,66,216920,61,216920
28334,0.0,172.217.194.0-255,150,150,61,288254
28335,2.3e-05,172.31.40.0-255,66,216,61,288254
28336,3e-05,172.217.194.0-255,1484,1700,61,288254
28337,3.5e-05,172.31.40.0-255,66,1766,61,288254
28338,4e-05,172.217.194.0-255,2902,4668,61,288254
28339,4.3e-05,172.31.40.0-255,66,4734,61,288254
28340,5.1e-05,172.217.194.0-255,7156,11890,61,288254
28341,5.5e-05,172.31.40.0-255,66,11956,61,288254
28342,6.1e-05,172.217.194.0-255,6257,18213,61,288254
28343,6.4e-05,172.31.40.0-255,66,18279,61,288254
28344,9.5e-05,172.217.194.0-255,1484,19763,61,288254
28345,9.8e-05,172.31.40.0-255,66,19829,61,288254
28346,0.000127,172.31.40.0-255,66,19895,61,288254
28347,0.00019,172.217.194.0-255,1484,21379,61,288254
28348,0.000193,172.31.40.0-255,66,21445,61,288254
28349,0.000198,172.217.194.0-255,2902,24347,61,288254
28350,0.0002,172.31.40.0-255,66,24413,61,288254
28351,0.000207,172.217.194.0-255,5738,30151,61,288254
28352,0.000209,172.31.40.0-255,66,30217,61,288254
28353,0.000246,172.217.194.0-255,7156,37373,61,288254
28354,0.000249,172.31.40.0-255,66,37439,61,288254
28355,0.000267,172.217.194.0-255,6797,44236,61,288254
28356,0.00027,172.31.40.0-255,66,44302,61,288254
28357,0.000281,172.31.40.0-255,66,44368,61,288254
28358,0.000284,172.217.194.0-255,366,44734,61,288254
28359,0.000286,172.31.40.0-255,66,44800,61,288254
28360,0.00036,172.217.194.0-255,1484,46284,61,288254
28361,0.000363,172.31.40.0-255,66,46350,61,288254
28362,0.000369,172.217.194.0-255,2902,49252,61,288254
28363,0.000371,172.31.40.0-255,66,49318,61,288254
28364,0.000375,172.217.194.0-255,2902,52220,61,288254
28365,0.000378,172.31.40.0-255,66,52286,61,288254
28366,0.000394,172.217.194.0-255,2902,55188,61,288254
28367,0.000397,172.31.40.0-255,66,55254,61,288254
28368,0.000427,172.31.40.0-255,66,55320,61,288254
28369,0.000448,172.217.194.0-255,1484,56804,61,288254
28370,0.000464,172.217.194.0-255,7156,63960,61,288254
28371,0.000467,172.31.40.0-255,66,64026,61,288254
28372,0.000498,172.31.40.0-255,66,64092,61,288254
28373,0.000503,172.217.194.0-255,6247,70339,61,288254
28374,0.000505,172.31.40.0-255,66,70405,61,288254
28375,0.000734,172.217.194.0-255,1484,71889,61,288254
28376,0.000754,172.217.194.0-255,2902,74791,61,288254
28377,0.000758,172.31.40.0-255,66,74857,61,288254
28378,0.000764,172.217.194.0-255,5738,80595,61,288254
28379,0.000766,172.31.40.0-255,66,80661,61,288254
28380,0.000797,172.31.40.0-255,66,80727,61,288254
28381,0.000811,172.217.194.0-255,1484,82211,61,288254
28382,0.000824,172.217.194.0-255,5738,87949,61,288254
28383,0.000826,172.31.40.0-255,66,88015,61,288254
28384,0.000846,172.31.40.0-255,66,88081,61,288254
28385,0.000971,172.217.194.0-255,1484,89565,61,288254
28386,0.000976,172.217.194.0-255,2902,92467,61,288254
28387,0.000978,172.31.40.0-255,66,92533,61,288254
28388,0.001002,172.217.194.0-255,5738,98271,61,288254
28389,0.001005,172.31.40.0-255,66,98337,61,288254
28390,0.001022,172.217.194.0-255,6797,105134,61,288254
28391,0.001025,172.31.40.0-255,66,105200,61,288254
28392,0.001065,172.217.194.0-255,4320,109520,61,288254
28393,0.001068,172.31.40.0-255,66,109586,61,288254
28394,0.001091,172.217.194.0-255,5738,115324,61,288254
28395,0.001093,172.31.40.0-255,66,115390,61,288254
28396,0.001098,172.217.194.0-255,4320,119710,61,288254
28397,0.001099,172.31.40.0-255,66,119776,61,288254
28398,0.001125,172.217.194.0-255,7156,126932,61,288254
28399,0.001128,172.31.40.0-255,66,126998,61,288254
28400,0.00114,172.31.40.0-255,66,127064,61,288254
28401,0.001776,172.217.194.0-255,1484,128548,61,288254
28402,0.001785,172.217.194.0-255,2902,131450,61,288254
28403,0.001789,172.31.40.0-255,66,131516,61,288254
28404,0.001795,172.217.194.0-255,4320,135836,61,288254
28405,0.001797,172.31.40.0-255,66,135902,61,288254
28406,0.00181,172.217.194.0-255,1484,137386,61,288254
28407,0.001818,172.217.194.0-255,7156,144542,61,288254
28408,0.00182,172.31.40.0-255,66,144608,61,288254
28409,0.001841,172.217.194.0-255,5738,150346,61,288254
28410,0.001843,172.31.40.0-255,66,150412,61,288254
28411,0.001853,172.31.40.0-255,66,150478,61,288254
28412,0.001872,172.217.194.0-255,2184,152662,61,288254
28413,0.001874,172.31.40.0-255,66,152728,61,288254
28414,0.003877,172.217.194.0-255,2902,155630,61,288254
28415,0.003882,172.31.40.0-255,66,155696,61,288254
28416,0.003933,172.217.194.0-255,2902,158598,61,288254
28417,0.003936,172.31.40.0-255,66,158664,61,288254
28418,0.005929,172.217.194.0-255,2902,161566,61,288254
28419,0.005933,172.31.40.0-255,66,161632,61,288254
28420,0.005975,172.217.194.0-255,2902,164534,61,288254
28421,0.005977,172.31.40.0-255,66,164600,61,288254
28422,0.007962,172.217.194.0-255,2902,167502,61,288254
28423,0.007969,172.31.40.0-255,66,167568,61,288254
28424,0.008031,172.217.194.0-255,2902,170470,61,288254
28425,0.008035,172.31.40.0-255,66,170536,61,288254
28426,0.010011,172.217.194.0-255,2902,173438,61,288254
28427,0.010019,172.31.40.0-255,66,173504,61,288254
28428,0.010075,172.217.194.0-255,2902,176406,61,288254
28429,0.010079,172.31.40.0-255,66,176472,61,288254
28430,0.012063,172.217.194.0-255,2902,179374,61,288254
28431,0.012069,172.31.40.0-255,66,179440,61,288254
28432,0.012101,172.217.194.0-255,2902,182342,61,288254
28433,0.012103,172.31.40.0-255,66,182408,61,288254
28434,0.014135,172.217.194.0-255,5738,188146,61,288254
28435,0.014142,172.31.40.0-255,66,188212,61,288254
28436,0.016193,172.217.194.0-255,5738,193950,61,288254
28437,0.0162,172.31.40.0-255,66,194016,61,288254
28438,0.018247,172.217.194.0-255,5738,199754,61,288254
28439,0.018255,172.31.40.0-255,66,199820,61,288254
28440,0.020295,172.217.194.0-255,5738,205558,61,288254
28441,0.020302,172.31.40.0-255,66,205624,61,288254
28442,0.022377,172.217.194.0-255,5738,211362,61,288254
28443,0.022384,172.31.40.0-255,66,211428,61,288254
28444,0.024446,172.217.194.0-255,5738,217166,61,288254
28445,0.024455,172.31.40.0-255,66,217232,61,288254
28446,0.0265,172.217.194.0-255,5738,222970,61,288254
28447,0.026507,172.31.40.0-255,66,223036,61,288254
28448,0.028556,172.217.194.0-255,5738,228774,61,288254
28449,0.028564,172.31.40.0-255,66,228840,61,288254
28450,0.030628,172.217.194.0-255,5738,234578,61,288254
28451,0.030634,172.31.40.0-255,66,234644,61,288254
28452,0.032707,172.217.194.0-255,5738,240382,61,288254
28453,0.032718,172.31.40.0-255,66,240448,61,288254
28454,0.034775,172.217.194.0-255,5738,246186,61,288254
28455,0.034783,172.31.40.0-255,66,246252,61,288254
28456,0.036825,172.217.194.0-255,5738,251990,61,288254
28457,0.036834,172.31.40.0-255,66,252056,61,288254
28458,0.03886,172.217.194.0-255,5738,257794,61,288254
28459,0.038869,172.31.40.0-255,66,257860,61,288254
28460,0.040909,172.217.194.0-255,5738,263598,61,288254
28461,0.040917,172.31.40.0-255,66,263664,61,288254
28462,0.042966,172.217.194.0-255,5738,269402,61,288254
28463,0.042973,172.31.40.0-255,66,269468,61,288254
28464,0.045026,172.217.194.0-255,5738,275206,61,288254
28465,0.045036,172.31.40.0-255,66,275272,61,288254
28466,0.047096,172.217.194.0-255,5738,281010,61,288254
28467,0.047105,172.31.40.0-255,66,281076,61,288254
28468,0.047959,172.31.40.0-255,176,281252,61,288254
28469,0.047989,172.31.40.0-255,1066,282318,61,288254
28470,0.049123,172.217.194.0-255,5738,288056,61,288254
28471,0.04913,172.31.40.0-255,66,288122,61,288254
28472,0.049477,104.244.42.0-255,66,288188,61,288254
28473,0.049521,104.244.42.0-255,66,288254,61,288254
28474,0.0,74.125.24.0-255,152,152,61,188431
28475,1.7e-05,172.31.40.0-255,66,218,61,188431
28476,2.4e-05,74.125.24.0-255,1484,1702,61,188431
28477,2.8e-05,172.31.40.0-255,66,1768,61,188431
28478,3.9e-05,74.125.24.0-255,2902,4670,61,188431
28479,4.3e-05,172.31.40.0-255,66,4736,61,188431
28480,6.2e-05,74.125.24.0-255,5738,10474,61,188431
28481,6.9e-05,172.31.40.0-255,66,10540,61,188431
28482,0.0001,74.125.24.0-255,3347,13887,61,188431
28483,0.000103,172.31.40.0-255,66,13953,61,188431
28484,0.000444,74.125.24.0-255,1484,15437,61,188431
28485,0.000451,172.31.40.0-255,66,15503,61,188431
28486,0.000457,74.125.24.0-255,2902,18405,61,188431
28487,0.000459,172.31.40.0-255,66,18471,61,188431
28488,0.000471,74.125.24.0-255,5738,24209,61,188431
28489,0.000473,172.31.40.0-255,66,24275,61,188431
28490,0.000512,172.31.40.0-255,66,24341,61,188431
28491,0.000524,172.31.40.0-255,66,24407,61,188431
28492,0.000568,74.125.24.0-255,7156,31563,61,188431
28493,0.000572,172.31.40.0-255,66,31629,61,188431
28494,0.000604,74.125.24.0-255,3961,35590,61,188431
28495,0.000608,172.31.40.0-255,66,35656,61,188431
28496,0.000613,74.125.24.0-255,2902,38558,61,188431
28497,0.000615,172.31.40.0-255,66,38624,61,188431
28498,0.00064,74.125.24.0-255,5690,44314,61,188431
28499,0.000643,172.31.40.0-255,66,44380,61,188431
28500,0.000651,74.125.24.0-255,113,44493,61,188431
28501,0.000653,172.31.40.0-255,66,44559,61,188431
28502,0.000656,74.125.24.0-255,330,44889,61,188431
28503,0.000658,172.31.40.0-255,66,44955,61,188431
28504,0.001137,74.125.24.0-255,1484,46439,61,188431
28505,0.001144,74.125.24.0-255,2902,49341,61,188431
28506,0.001147,172.31.40.0-255,66,49407,61,188431
28507,0.001151,74.125.24.0-255,1484,50891,61,188431
28508,0.001179,74.125.24.0-255,4320,55211,61,188431
28509,0.001182,172.31.40.0-255,66,55277,61,188431
28510,0.001201,172.31.40.0-255,66,55343,61,188431
28511,0.001204,74.125.24.0-255,1484,56827,61,188431
28512,0.001226,74.125.24.0-255,7156,63983,61,188431
28513,0.001229,172.31.40.0-255,66,64049,61,188431
28514,0.001243,74.125.24.0-255,2184,66233,61,188431
28515,0.001251,172.31.40.0-255,66,66299,61,188431
28516,0.001999,74.125.24.0-255,1484,67783,61,188431
28517,0.002011,74.125.24.0-255,2902,70685,61,188431
28518,0.002016,172.31.40.0-255,66,70751,61,188431
28519,0.002024,74.125.24.0-255,5738,76489,61,188431
28520,0.002026,172.31.40.0-255,66,76555,61,188431
28521,0.002029,74.125.24.0-255,1484,78039,61,188431
28522,0.002076,172.31.40.0-255,66,78105,61,188431
28523,0.002093,172.31.40.0-255,66,78171,61,188431
28524,0.002359,74.125.24.0-255,1484,79655,61,188431
28525,0.002404,74.125.24.0-255,1484,81139,61,188431
28526,0.002408,172.31.40.0-255,66,81205,61,188431
28527,0.002415,74.125.24.0-255,4320,85525,61,188431
28528,0.002417,172.31.40.0-255,66,85591,61,188431
28529,0.002429,74.125.24.0-255,7156,92747,61,188431
28530,0.002431,172.31.40.0-255,66,92813,61,188431
28531,0.002442,172.31.40.0-255,66,92879,61,188431
28532,0.002481,74.125.24.0-255,1484,94363,61,188431
28533,0.002486,74.125.24.0-255,2902,97265,61,188431
28534,0.002488,172.31.40.0-255,66,97331,61,188431
28535,0.002493,74.125.24.0-255,2902,100233,61,188431
28536,0.002495,172.31.40.0-255,66,100299,61,188431
28537,0.002504,74.125.24.0-255,3602,103901,61,188431
28538,0.002506,172.31.40.0-255,66,103967,61,188431
28539,0.002641,74.125.24.0-255,1484,105451,61,188431
28540,0.002654,74.125.24.0-255,2902,108353,61,188431
28541,0.002657,172.31.40.0-255,66,108419,61,188431
28542,0.002662,74.125.24.0-255,4320,112739,61,188431
28543,0.002665,172.31.40.0-255,66,112805,61,188431
28544,0.002681,74.125.24.0-255,1484,114289,61,188431
28545,0.002702,74.125.24.0-255,2902,117191,61,188431
28546,0.002704,172.31.40.0-255,66,117257,61,188431
28547,0.002737,172.31.40.0-255,66,117323,61,188431
28548,0.002742,74.125.24.0-255,4320,121643,61,188431
28549,0.002744,172.31.40.0-255,66,121709,61,188431
28550,0.002776,74.125.24.0-255,6438,128147,61,188431
28551,0.00278,172.31.40.0-255,66,128213,61,188431
28552,0.002903,74.125.24.0-255,1484,129697,61,188431
28553,0.002908,74.125.24.0-255,2902,132599,61,188431
28554,0.00291,172.31.40.0-255,66,132665,61,188431
28555,0.002914,74.125.24.0-255,1484,134149,61,188431
28556,0.002933,74.125.24.0-255,2902,137051,61,188431
28557,0.002935,172.31.40.0-255,66,137117,61,188431
28558,0.002967,74.125.24.0-255,5738,142855,61,188431
28559,0.00297,172.31.40.0-255,66,142921,61,188431
28560,0.002975,74.125.24.0-255,4320,147241,61,188431
28561,0.002977,172.31.40.0-255,66,147307,61,188431
28562,0.003019,172.31.40.0-255,66,147373,61,188431
28563,0.003022,74.125.24.0-255,766,148139,61,188431
28564,0.003026,74.125.24.0-255,1484,149623,61,188431
28565,0.003028,172.31.40.0-255,66,149689,61,188431
28566,0.003032,74.125.24.0-255,2902,152591,61,188431
28567,0.003034,172.31.40.0-255,66,152657,61,188431
28568,0.003039,74.125.24.0-255,5738,158395,61,188431
28569,0.003042,172.31.40.0-255,66,158461,61,188431
28570,0.0031,172.31.40.0-255,66,158527,61,188431
28571,0.003107,74.125.24.0-255,7156,165683,61,188431
28572,0.003109,172.31.40.0-255,66,165749,61,188431
28573,0.003159,172.31.40.0-255,66,165815,61,188431
28574,0.003179,172.31.40.0-255,66,165881,61,188431
28575,0.003208,74.125.24.0-255,766,166647,61,188431
28576,0.003235,172.31.40.0-255,66,166713,61,188431
28577,0.003248,172.31.40.0-255,66,166779,61,188431
28578,0.003294,74.125.24.0-255,4320,171099,61,188431
28579,0.003297,172.31.40.0-255,66,171165,61,188431
28580,0.003327,74.125.24.0-255,5738,176903,61,188431
28581,0.003329,172.31.40.0-255,66,176969,61,188431
28582,0.003345,172.31.40.0-255,66,177035,61,188431
28583,0.003361,172.31.40.0-255,66,177101,61,188431
28584,0.003375,172.31.40.0-255,66,177167,61,188431
28585,0.003414,172.31.40.0-255,66,177233,61,188431
28586,0.003425,172.31.40.0-255,66,177299,61,188431
28587,0.003431,74.125.24.0-255,4320,181619,61,188431
28588,0.003437,172.31.40.0-255,66,181685,61,188431
28589,0.003467,74.125.24.0-255,6338,188023,61,188431
28590,0.00347,172.31.40.0-255,66,188089,61,188431
28591,0.003493,74.125.24.0-255,105,188194,61,188431
28592,0.0159,172.31.40.0-255,66,188260,61,188431
28593,0.015953,172.31.40.0-255,105,188365,61,188431
28594,0.018207,74.125.24.0-255,66,188431,61,188431
28595,0.0,74.125.200.0-255,291,291,61,249045
28596,2.2e-05,172.31.40.0-255,66,357,61,249045
28597,2.8e-05,74.125.200.0-255,1484,1841,61,249045
28598,3.2e-05,172.31.40.0-255,66,1907,61,249045
28599,3.9e-05,74.125.200.0-255,4320,6227,61,249045
28600,4.2e-05,172.31.40.0-255,66,6293,61,249045
28601,4.5e-05,74.125.200.0-255,1484,7777,61,249045
28602,4.7e-05,172.31.40.0-255,66,7843,61,249045
28603,7.2e-05,74.125.200.0-255,4320,12163,61,249045
28604,7.5e-05,172.31.40.0-255,66,12229,61,249045
28605,7.9e-05,74.125.200.0-255,1804,14033,61,249045
28606,8.1e-05,172.31.40.0-255,66,14099,61,249045
28607,0.000122,74.125.200.0-255,1484,15583,61,249045
28608,0.000125,172.31.40.0-255,66,15649,61,249045
28609,0.000142,74.125.200.0-255,2902,18551,61,249045
28610,0.000144,172.31.40.0-255,66,18617,61,249045
28611,0.000162,74.125.200.0-255,2902,21519,61,249045
28612,0.000166,172.31.40.0-255,66,21585,61,249045
28613,0.000189,74.125.200.0-255,2902,24487,61,249045
28614,0.000193,172.31.40.0-255,66,24553,61,249045
28615,0.0002,74.125.200.0-255,6797,31350,61,249045
28616,0.000202,172.31.40.0-255,66,31416,61,249045
28617,0.00042,74.125.200.0-255,1484,32900,61,249045
28618,0.000425,172.31.40.0-255,66,32966,61,249045
28619,0.000431,74.125.200.0-255,2902,35868,61,249045
28620,0.000433,172.31.40.0-255,66,35934,61,249045
28621,0.000456,74.125.200.0-255,5738,41672,61,249045
28622,0.000459,172.31.40.0-255,66,41738,61,249045
28623,0.000486,172.31.40.0-255,66,41804,61,249045
28624,0.000551,74.125.200.0-255,5738,47542,61,249045
28625,0.000555,172.31.40.0-255,66,47608,61,249045
28626,0.000577,74.125.200.0-255,2902,50510,61,249045
28627,0.00058,172.31.40.0-255,66,50576,61,249045
28628,0.000625,74.125.200.0-255,6797,57373,61,249045
28629,0.000628,172.31.40.0-255,66,57439,61,249045
28630,0.000772,74.125.200.0-255,646,58085,61,249045
28631,0.001023,74.125.200.0-255,1484,59569,61,249045
28632,0.001027,172.31.40.0-255,66,59635,61,249045
28633,0.001033,74.125.200.0-255,2902,62537,61,249045
28634,0.001035,172.31.40.0-255,66,62603,61,249045
28635,0.001048,74.125.200.0-255,1484,64087,61,249045
28636,0.001053,74.125.200.0-255,2902,66989,61,249045
28637,0.001059,74.125.200.0-255,4320,71309,61,249045
28638,0.001064,172.31.40.0-255,66,71375,61,249045
28639,0.001066,172.31.40.0-255,66,71441,61,249045
28640,0.001081,74.125.200.0-255,1484,72925,61,249045
28641,0.001096,74.125.200.0-255,4320,77245,61,249045
28642,0.0011,172.31.40.0-255,66,77311,61,249045
28643,0.001123,74.125.200.0-255,5738,83049,61,249045
28644,0.001126,172.31.40.0-255,66,83115,61,249045
28645,0.001178,74.125.200.0-255,7156,90271,61,249045
28646,0.001181,172.31.40.0-255,66,90337,61,249045
28647,0.001197,74.125.200.0-255,2184,92521,61,249045
28648,0.001199,172.31.40.0-255,66,92587,61,249045
28649,0.002941,74.125.200.0-255,1484,94071,61,249045
28650,0.002952,74.125.200.0-255,2902,96973,61,249045
28651,0.002958,172.31.40.0-255,66,97039,61,249045
28652,0.003005,74.125.200.0-255,5738,102777,61,249045
28653,0.003009,172.31.40.0-255,66,102843,61,249045
28654,0.003017,74.125.200.0-255,7156,109999,61,249045
28655,0.003019,172.31.40.0-255,66,110065,61,249045
28656,0.003047,172.31.40.0-255,66,110131,61,249045
28657,0.003066,74.125.200.0-255,2902,113033,61,249045
28658,0.003069,172.31.40.0-255,66,113099,61,249045
28659,0.003131,74.125.200.0-255,5020,118119,61,249045
28660,0.003135,172.31.40.0-255,66,118185,61,249045
28661,0.003348,74.125.200.0-255,1484,119669,61,249045
28662,0.003369,74.125.200.0-255,1484,121153,61,249045
28663,0.003373,172.31.40.0-255,66,121219,61,249045
28664,0.003379,74.125.200.0-255,4320,125539,61,249045
28665,0.003381,172.31.40.0-255,66,125605,61,249045
28666,0.003384,74.125.200.0-255,1484,127089,61,249045
28667,0.003444,74.125.200.0-255,7156,134245,61,249045
28668,0.003447,172.31.40.0-255,66,134311,61,249045
28669,0.003467,74.125.200.0-255,1484,135795,61,249045
28670,0.003471,74.125.200.0-255,1484,137279,61,249045
28671,0.003473,172.31.40.0-255,66,137345,61,249045
28672,0.003486,172.31.40.0-255,66,137411,61,249045
28673,0.003547,74.125.200.0-255,1484,138895,61,249045
28674,0.00357,74.125.200.0-255,2184,141079,61,249045
28675,0.003573,172.31.40.0-255,66,141145,61,249045
28676,0.003594,74.125.200.0-255,2902,144047,61,249045
28677,0.003598,172.31.40.0-255,66,144113,61,249045
28678,0.003602,74.125.200.0-255,2902,147015,61,249045
28679,0.003604,172.31.40.0-255,66,147081,61,249045
28680,0.003624,74.125.200.0-255,4320,151401,61,249045
28681,0.003626,172.31.40.0-255,66,151467,61,249045
28682,0.003644,74.125.200.0-255,2902,154369,61,249045
28683,0.003646,172.31.40.0-255,66,154435,61,249045
28684,0.003668,74.125.200.0-255,2902,157337,61,249045
28685,0.003671,172.31.40.0-255,66,157403,61,249045
28686,0.003689,74.125.200.0-255,1484,158887,61,249045
28687,0.003705,74.125.200.0-255,1484,160371,61,249045
28688,0.003707,172.31.40.0-255,66,160437,61,249045
28689,0.003732,74.125.200.0-255,4320,164757,61,249045
28690,0.003735,172.31.40.0-255,66,164823,61,249045
28691,0.00377,74.125.200.0-255,5738,170561,61,249045
28692,0.003773,172.31.40.0-255,66,170627,61,249045
28693,0.0038,74.125.200.0-255,5020,175647,61,249045
28694,0.003803,172.31.40.0-255,66,175713,61,249045
28695,0.003842,74.125.200.0-255,1484,177197,61,249045
28696,0.003858,74.125.200.0-255,2902,180099,61,249045
28697,0.00386,172.31.40.0-255,66,180165,61,249045
28698,0.003864,74.125.200.0-255,1484,181649,61,249045
28699,0.003882,74.125.200.0-255,2902,184551,61,249045
28700,0.003884,172.31.40.0-255,66,184617,61,249045
28701,0.003904,74.125.200.0-255,5738,190355,61,249045
28702,0.003907,172.31.40.0-255,66,190421,61,249045
28703,0.003933,74.125.200.0-255,1484,191905,61,249045
28704,0.003961,172.31.40.0-255,66,191971,61,249045
28705,0.004017,74.125.200.0-255,4320,196291,61,249045
28706,0.00402,172.31.40.0-255,66,196357,61,249045
28707,0.00404,74.125.200.0-255,3602,199959,61,249045
28708,0.004042,172.31.40.0-255,66,200025,61,249045
28709,0.004115,74.125.200.0-255,1484,201509,61,249045
28710,0.00412,74.125.200.0-255,2902,204411,61,249045
28711,0.004122,172.31.40.0-255,66,204477,61,249045
28712,0.004128,74.125.200.0-255,4320,208797,61,249045
28713,0.00413,172.31.40.0-255,66,208863,61,249045
28714,0.004142,74.125.200.0-255,1484,210347,61,249045
28715,0.004161,74.125.200.0-255,2902,213249,61,249045
28716,0.004165,172.31.40.0-255,66,213315,61,249045
28717,0.004191,74.125.200.0-255,4320,217635,61,249045
28718,0.004196,172.31.40.0-255,66,217701,61,249045
28719,0.004224,172.31.40.0-255,66,217767,61,249045
28720,0.004275,74.125.200.0-255,2902,220669,61,249045
28721,0.004279,172.31.40.0-255,66,220735,61,249045
28722,0.0043,74.125.200.0-255,1484,222219,61,249045
28723,0.004318,172.31.40.0-255,66,222285,61,249045
28724,0.004464,172.31.40.0-255,66,222351,61,249045
28725,0.004493,172.31.40.0-255,66,222417,61,249045
28726,0.004563,74.125.200.0-255,5738,228155,61,249045
28727,0.004567,172.31.40.0-255,66,228221,61,249045
28728,0.004609,172.31.40.0-255,66,228287,61,249045
28729,0.004623,74.125.200.0-255,3602,231889,61,249045
28730,0.004628,172.31.40.0-255,66,231955,61,249045
28731,0.004755,74.125.200.0-255,4320,236275,61,249045
28732,0.004759,172.31.40.0-255,66,236341,61,249045
28733,0.004811,172.31.40.0-255,66,236407,61,249045
28734,0.005032,74.125.200.0-255,2902,239309,61,249045
28735,0.005036,172.31.40.0-255,66,239375,61,249045
28736,0.005084,172.31.40.0-255,66,239441,61,249045
28737,0.005344,74.125.200.0-255,5738,245179,61,249045
28738,0.005348,172.31.40.0-255,66,245245,61,249045
28739,0.005381,172.31.40.0-255,66,245311,61,249045
28740,0.005399,74.125.200.0-255,3497,248808,61,249045
28741,0.005401,172.31.40.0-255,66,248874,61,249045
28742,0.023246,172.31.40.0-255,105,248979,61,249045
28743,0.025494,74.125.200.0-255,66,249045,61,249045
28744,0.0,172.217.194.0-255,148,148,61,188639
28745,1.6e-05,172.31.40.0-255,66,214,61,188639
28746,2.3e-05,172.217.194.0-255,1484,1698,61,188639
28747,2.7e-05,172.31.40.0-255,66,1764,61,188639
28748,5.3e-05,172.217.194.0-255,2902,4666,61,188639
28749,6.1e-05,172.31.40.0-255,66,4732,61,188639
28750,6.6e-05,172.217.194.0-255,2902,7634,61,188639
28751,6.9e-05,172.31.40.0-255,66,7700,61,188639
28752,0.000104,172.217.194.0-255,2902,10602,61,188639
28753,0.000107,172.31.40.0-255,66,10668,61,188639
28754,0.000112,172.217.194.0-255,3457,14125,61,188639
28755,0.000114,172.31.40.0-255,66,14191,61,188639
28756,0.000124,172.217.194.0-255,4320,18511,61,188639
28757,0.000128,172.31.40.0-255,66,18577,61,188639
28758,0.00014,172.31.40.0-255,66,18643,61,188639
28759,0.000144,172.217.194.0-255,2543,21186,61,188639
28760,0.000148,172.31.40.0-255,66,21252,61,188639
28761,0.000219,172.217.194.0-255,1484,22736,61,188639
28762,0.000222,172.31.40.0-255,66,22802,61,188639
28763,0.000227,172.217.194.0-255,2902,25704,61,188639
28764,0.000229,172.31.40.0-255,66,25770,61,188639
28765,0.000235,172.217.194.0-255,4320,30090,61,188639
28766,0.000242,172.31.40.0-255,66,30156,61,188639
28767,0.000271,172.217.194.0-255,1484,31640,61,188639
28768,0.000274,172.31.40.0-255,66,31706,61,188639
28769,0.00028,172.217.194.0-255,5738,37444,61,188639
28770,0.000283,172.31.40.0-255,66,37510,61,188639
28771,0.000317,172.31.40.0-255,66,37576,61,188639
28772,0.00034,172.217.194.0-255,1125,38701,61,188639
28773,0.000342,172.31.40.0-255,66,38767,61,188639
28774,0.000348,172.217.194.0-255,4217,42984,61,188639
28775,0.000383,172.217.194.0-255,118,43102,61,188639
28776,0.000393,172.217.194.0-255,379,43481,61,188639
28777,0.000529,172.31.40.0-255,66,43547,61,188639
28778,0.000586,172.217.194.0-255,1484,45031,61,188639
28779,0.000592,172.217.194.0-255,2902,47933,61,188639
28780,0.000616,172.217.194.0-255,5738,53671,61,188639
28781,0.000619,172.31.40.0-255,66,53737,61,188639
28782,0.000625,172.31.40.0-255,66,53803,61,188639
28783,0.000641,172.217.194.0-255,7156,60959,61,188639
28784,0.000663,172.217.194.0-255,5738,66697,61,188639
28785,0.000696,172.31.40.0-255,66,66763,61,188639
28786,0.001015,172.217.194.0-255,1484,68247,61,188639
28787,0.00102,172.217.194.0-255,2902,71149,61,188639
28788,0.001026,172.31.40.0-255,66,71215,61,188639
28789,0.001046,172.217.194.0-255,5738,76953,61,188639
28790,0.001056,172.217.194.0-255,1484,78437,61,188639
28791,0.001072,172.217.194.0-255,5738,84175,61,188639
28792,0.001079,172.31.40.0-255,66,84241,61,188639
28793,0.001109,172.217.194.0-255,5738,89979,61,188639
28794,0.00113,172.217.194.0-255,2184,92163,61,188639
28795,0.001134,172.31.40.0-255,66,92229,61,188639
28796,0.001329,172.217.194.0-255,1484,93713,61,188639
28797,0.001335,172.217.194.0-255,2902,96615,61,188639
28798,0.001338,172.31.40.0-255,66,96681,61,188639
28799,0.001342,172.217.194.0-255,1484,98165,61,188639
28800,0.00137,172.217.194.0-255,4320,102485,61,188639
28801,0.001404,172.31.40.0-255,66,102551,61,188639
28802,0.001449,172.217.194.0-255,3602,106153,61,188639
28803,0.001453,172.31.40.0-255,66,106219,61,188639
28804,0.001458,172.31.40.0-255,66,106285,61,188639
28805,0.001473,172.217.194.0-255,4320,110605,61,188639
28806,0.001487,172.31.40.0-255,66,110671,61,188639
28807,0.001513,172.217.194.0-255,4320,114991,61,188639
28808,0.001597,172.217.194.0-255,3602,118593,61,188639
28809,0.001628,172.217.194.0-255,4320,122913,61,188639
28810,0.001638,172.31.40.0-255,66,122979,61,188639
28811,0.001644,172.217.194.0-255,4320,127299,61,188639
28812,0.001648,172.31.40.0-255,66,127365,61,188639
28813,0.001663,172.217.194.0-255,1484,128849,61,188639
28814,0.001668,172.217.194.0-255,2902,131751,61,188639
28815,0.001691,172.217.194.0-255,2902,134653,61,188639
28816,0.001704,172.217.194.0-255,7156,141809,61,188639
28817,0.001716,172.31.40.0-255,66,141875,61,188639
28818,0.001751,172.217.194.0-255,2184,144059,61,188639
28819,0.001764,172.31.40.0-255,66,144125,61,188639
28820,0.00187,172.217.194.0-255,1484,145609,61,188639
28821,0.001875,172.217.194.0-255,2902,148511,61,188639
28822,0.001882,172.31.40.0-255,66,148577,61,188639
28823,0.001898,172.217.194.0-255,5738,154315,61,188639
28824,0.001922,172.217.194.0-255,4320,158635,61,188639
28825,0.001927,172.31.40.0-255,66,158701,61,188639
28826,0.00196,172.217.194.0-255,766,159467,61,188639
28827,0.00198,172.31.40.0-255,66,159533,61,188639
28828,0.002024,172.217.194.0-255,1484,161017,61,188639
28829,0.00203,172.217.194.0-255,2902,163919,61,188639
28830,0.002044,172.31.40.0-255,66,163985,61,188639
28831,0.002053,172.217.194.0-255,2902,166887,61,188639
28832,0.002075,172.217.194.0-255,2902,169789,61,188639
28833,0.002113,172.217.194.0-255,766,170555,61,188639
28834,0.002128,172.31.40.0-255,66,170621,61,188639
28835,0.002267,172.217.194.0-255,1484,172105,61,188639
28836,0.002288,172.217.194.0-255,2902,175007,61,188639
28837,0.002291,172.217.194.0-255,1484,176491,61,188639
28838,0.00231,172.217.194.0-255,4320,180811,61,188639
28839,0.002312,172.31.40.0-255,66,180877,61,188639
28840,0.002322,172.31.40.0-255,66,180943,61,188639
28841,0.002327,172.217.194.0-255,4320,185263,61,188639
28842,0.002388,172.31.40.0-255,66,185329,61,188639
28843,0.002401,172.217.194.0-255,2902,188231,61,188639
28844,0.002489,172.31.40.0-255,66,188297,61,188639
28845,0.002536,172.217.194.0-255,105,188402,61,188639
28846,0.002562,172.31.40.0-255,66,188468,61,188639
28847,0.01361,172.31.40.0-255,105,188573,61,188639
28848,0.016134,172.217.194.0-255,66,188639,61,188639
28849,0.0,172.217.194.0-255,152,152,61,331896
28850,2.1e-05,172.31.40.0-255,66,218,61,331896
28851,2.7e-05,172.217.194.0-255,1484,1702,61,331896
28852,3.1e-05,172.31.40.0-255,66,1768,61,331896
28853,3.7e-05,172.217.194.0-255,2902,4670,61,331896
28854,4e-05,172.31.40.0-255,66,4736,61,331896
28855,4.5e-05,172.217.194.0-255,4320,9056,61,331896
28856,4.8e-05,172.31.40.0-255,66,9122,61,331896
28857,7.9e-05,172.217.194.0-255,4320,13442,61,331896
28858,8.2e-05,172.31.40.0-255,66,13508,61,331896
28859,9.3e-05,172.217.194.0-255,646,14154,61,331896
28860,9.5e-05,172.31.40.0-255,66,14220,61,331896
28861,0.000136,172.217.194.0-255,5738,19958,61,331896
28862,0.000138,172.31.40.0-255,66,20024,61,331896
28863,0.000145,172.217.194.0-255,5738,25762,61,331896
28864,0.000147,172.31.40.0-255,66,25828,61,331896
28865,0.000186,172.217.194.0-255,5379,31207,61,331896
28866,0.000188,172.31.40.0-255,66,31273,61,331896
28867,0.00021,172.217.194.0-255,5738,37011,61,331896
28868,0.000212,172.31.40.0-255,66,37077,61,331896
28869,0.000241,172.217.194.0-255,5738,42815,61,331896
28870,0.000243,172.31.40.0-255,66,42881,61,331896
28871,0.000259,172.217.194.0-255,5379,48260,61,331896
28872,0.000261,172.31.40.0-255,66,48326,61,331896
28873,0.00028,172.217.194.0-255,1484,49810,61,331896
28874,0.000282,172.31.40.0-255,66,49876,61,331896
28875,0.000311,172.31.40.0-255,66,49942,61,331896
28876,0.00036,172.217.194.0-255,5679,55621,61,331896
28877,0.000362,172.31.40.0-255,66,55687,61,331896
28878,0.000436,172.217.194.0-255,377,56064,61,331896
28879,0.000439,172.31.40.0-255,66,56130,61,331896
28880,0.000702,172.217.194.0-255,1484,57614,61,331896
28881,0.000708,172.217.194.0-255,2902,60516,61,331896
28882,0.000711,172.31.40.0-255,66,60582,61,331896
28883,0.000718,172.217.194.0-255,5738,66320,61,331896
28884,0.00072,172.31.40.0-255,66,66386,61,331896
28885,0.000733,172.217.194.0-255,1484,67870,61,331896
28886,0.000769,172.31.40.0-255,66,67936,61,331896
28887,0.000781,172.31.40.0-255,66,68002,61,331896
28888,0.001092,172.217.194.0-255,1484,69486,61,331896
28889,0.001112,172.217.194.0-255,2902,72388,61,331896
28890,0.001115,172.31.40.0-255,66,72454,61,331896
28891,0.001135,172.217.194.0-255,1484,73938,61,331896
28892,0.001159,172.217.194.0-255,4320,78258,61,331896
28893,0.001162,172.31.40.0-255,66,78324,61,331896
28894,0.001174,172.31.40.0-255,66,78390,61,331896
28895,0.001177,172.217.194.0-255,1484,79874,61,331896
28896,0.001213,172.31.40.0-255,66,79940,61,331896
28897,0.001272,172.217.194.0-255,1484,81424,61,331896
28898,0.001293,172.217.194.0-255,2902,84326,61,331896
28899,0.001296,172.31.40.0-255,66,84392,61,331896
28900,0.0013,172.217.194.0-255,2902,87294,61,331896
28901,0.001302,172.31.40.0-255,66,87360,61,331896
28902,0.001318,172.217.194.0-255,5738,93098,61,331896
28903,0.00132,172.31.40.0-255,66,93164,61,331896
28904,0.001344,172.217.194.0-255,1484,94648,61,331896
28905,0.001358,172.31.40.0-255,66,94714,61,331896
28906,0.001362,172.217.194.0-255,3602,98316,61,331896
28907,0.001364,172.31.40.0-255,66,98382,61,331896
28908,0.0014,172.217.194.0-255,1484,99866,61,331896
28909,0.001415,172.217.194.0-255,2902,102768,61,331896
28910,0.001418,172.31.40.0-255,66,102834,61,331896
28911,0.001423,172.217.194.0-255,4320,107154,61,331896
28912,0.001425,172.31.40.0-255,66,107220,61,331896
28913,0.001437,172.217.194.0-255,1484,108704,61,331896
28914,0.001445,172.217.194.0-255,7156,115860,61,331896
28915,0.001447,172.31.40.0-255,66,115926,61,331896
28916,0.001471,172.217.194.0-255,5738,121664,61,331896
28917,0.001474,172.31.40.0-255,66,121730,61,331896
28918,0.00148,172.217.194.0-255,7156,128886,61,331896
28919,0.001482,172.31.40.0-255,66,128952,61,331896
28920,0.001495,172.217.194.0-255,3602,132554,61,331896
28921,0.001497,172.31.40.0-255,66,132620,61,331896
28922,0.001552,172.217.194.0-255,1484,134104,61,331896
28923,0.001556,172.217.194.0-255,2902,137006,61,331896
28924,0.001559,172.31.40.0-255,66,137072,61,331896
28925,0.001565,172.217.194.0-255,5738,142810,61,331896
28926,0.001566,172.31.40.0-255,66,142876,61,331896
28927,0.001572,172.217.194.0-255,5738,148614,61,331896
28928,0.001574,172.31.40.0-255,66,148680,61,331896
28929,0.001576,172.217.194.0-255,1484,150164,61,331896
28930,0.00161,172.31.40.0-255,66,150230,61,331896
28931,0.001616,172.217.194.0-255,5020,155250,61,331896
28932,0.001617,172.31.40.0-255,66,155316,61,331896
28933,0.00167,172.217.194.0-255,2902,158218,61,331896
28934,0.001673,172.31.40.0-255,66,158284,61,331896
28935,0.001677,172.217.194.0-255,2902,161186,61,331896
28936,0.001679,172.31.40.0-255,66,161252,61,331896
28937,0.001696,172.217.194.0-255,1484,162736,61,331896
28938,0.001699,172.217.194.0-255,1484,164220,61,331896
28939,0.001701,172.31.40.0-255,66,164286,61,331896
28940,0.001731,172.217.194.0-255,7156,171442,61,331896
28941,0.001734,172.31.40.0-255,66,171508,61,331896
28942,0.001744,172.217.194.0-255,7156,178664,61,331896
28943,0.001746,172.31.40.0-255,66,178730,61,331896
28944,0.001773,172.217.194.0-255,7156,185886,61,331896
28945,0.001775,172.31.40.0-255,66,185952,61,331896
28946,0.001787,172.217.194.0-255,3602,189554,61,331896
28947,0.001789,172.31.40.0-255,66,189620,61,331896
28948,0.001834,172.217.194.0-255,1484,191104,61,331896
28949,0.001863,172.217.194.0-255,2902,194006,61,331896
28950,0.001866,172.31.40.0-255,66,194072,61,331896
28951,0.001873,172.217.194.0-255,5738,199810,61,331896
28952,0.001875,172.31.40.0-255,66,199876,61,331896
28953,0.001895,172.31.40.0-255,66,199942,61,331896
28954,0.001923,172.217.194.0-255,4320,204262,61,331896
28955,0.001926,172.31.40.0-255,66,204328,61,331896
28956,0.00195,172.31.40.0-255,66,204394,61,331896
28957,0.003992,172.217.194.0-255,5738,210132,61,331896
28958,0.004,172.31.40.0-255,66,210198,61,331896
28959,0.006055,172.217.194.0-255,5738,215936,61,331896
28960,0.006062,172.31.40.0-255,66,216002,61,331896
28961,0.008129,172.217.194.0-255,5738,221740,61,331896
28962,0.008146,172.31.40.0-255,66,221806,61,331896
28963,0.010185,172.217.194.0-255,5738,227544,61,331896
28964,0.010198,172.31.40.0-255,66,227610,61,331896
28965,0.012252,172.217.194.0-255,5738,233348,61,331896
28966,0.012263,172.31.40.0-255,66,233414,61,331896
28967,0.014304,172.217.194.0-255,5738,239152,61,331896
28968,0.01431,172.31.40.0-255,66,239218,61,331896
28969,0.016373,172.217.194.0-255,5738,244956,61,331896
28970,0.016387,172.31.40.0-255,66,245022,61,331896
28971,0.018438,172.217.194.0-255,5738,250760,61,331896
28972,0.018444,172.31.40.0-255,66,250826,61,331896
28973,0.020538,172.217.194.0-255,5738,256564,61,331896
28974,0.020547,172.31.40.0-255,66,256630,61,331896
28975,0.022597,172.217.194.0-255,4320,260950,61,331896
28976,0.022606,172.31.40.0-255,66,261016,61,331896
28977,0.022628,172.217.194.0-255,1484,262500,61,331896
28978,0.024645,172.217.194.0-255,4320,266820,61,331896
28979,0.024654,172.31.40.0-255,66,266886,61,331896
28980,0.026713,172.217.194.0-255,5738,272624,61,331896
28981,0.026727,172.31.40.0-255,66,272690,61,331896
28982,0.028784,172.217.194.0-255,5738,278428,61,331896
28983,0.028792,172.31.40.0-255,66,278494,61,331896
28984,0.03085,172.217.194.0-255,5738,284232,61,331896
28985,0.030856,172.31.40.0-255,66,284298,61,331896
28986,0.032911,172.217.194.0-255,5738,290036,61,331896
28987,0.032919,172.31.40.0-255,66,290102,61,331896
28988,0.034993,172.217.194.0-255,5738,295840,61,331896
28989,0.03501,172.31.40.0-255,66,295906,61,331896
28990,0.037072,172.217.194.0-255,5738,301644,61,331896
28991,0.03708,172.31.40.0-255,66,301710,61,331896
28992,0.039148,172.217.194.0-255,5738,307448,61,331896
28993,0.039156,172.31.40.0-255,66,307514,61,331896
28994,0.041207,172.217.194.0-255,5738,313252,61,331896
28995,0.041217,172.31.40.0-255,66,313318,61,331896
28996,0.043278,172.217.194.0-255,5738,319056,61,331896
28997,0.043294,172.31.40.0-255,66,319122,61,331896
28998,0.045338,172.217.194.0-255,5738,324860,61,331896
28999,0.045344,172.31.40.0-255,66,324926,61,331896
29000,0.047391,172.217.194.0-255,2459,327385,61,331896
29001,0.047398,172.31.40.0-255,66,327451,61,331896
29002,0.047574,172.31.40.0-255,105,327556,61,331896
29003,0.048285,172.31.40.0-255,167,327723,61,331896
29004,0.048313,172.31.40.0-255,1120,328843,61,331896
29005,0.048361,172.31.40.0-255,1514,330357,61,331896
29006,0.048363,172.31.40.0-255,1275,331632,61,331896
29007,0.049598,172.217.194.0-255,66,331698,61,331896
29008,0.049801,104.244.42.0-255,66,331764,61,331896
29009,0.04988,104.244.42.0-255,66,331830,61,331896
29010,0.04992,104.244.42.0-255,66,331896,61,331896
29011,0.0,172.217.194.0-255,295,295,61,253205
29012,3.1e-05,172.31.40.0-255,66,361,61,253205
29013,3.8e-05,172.217.194.0-255,1484,1845,61,253205
29014,4.3e-05,172.31.40.0-255,66,1911,61,253205
29015,5.1e-05,172.217.194.0-255,4320,6231,61,253205
29016,5.5e-05,172.31.40.0-255,66,6297,61,253205
29017,6.7e-05,172.31.40.0-255,66,6363,61,253205
29018,7e-05,172.217.194.0-255,1484,7847,61,253205
29019,7.3e-05,172.31.40.0-255,66,7913,61,253205
29020,0.00012,172.31.40.0-255,66,7979,61,253205
29021,0.000124,172.217.194.0-255,2543,10522,61,253205
29022,0.000126,172.31.40.0-255,66,10588,61,253205
29023,0.000196,172.217.194.0-255,1484,12072,61,253205
29024,0.000199,172.31.40.0-255,66,12138,61,253205
29025,0.000213,172.217.194.0-255,2902,15040,61,253205
29026,0.000216,172.31.40.0-255,66,15106,61,253205
29027,0.000219,172.217.194.0-255,1484,16590,61,253205
29028,0.000221,172.31.40.0-255,66,16656,61,253205
29029,0.000243,172.217.194.0-255,4320,20976,61,253205
29030,0.000245,172.31.40.0-255,66,21042,61,253205
29031,0.000251,172.217.194.0-255,5738,26780,61,253205
29032,0.000254,172.31.40.0-255,66,26846,61,253205
29033,0.00033,172.31.40.0-255,66,26912,61,253205
29034,0.000335,172.217.194.0-255,4215,31127,61,253205
29035,0.000337,172.31.40.0-255,66,31193,61,253205
29036,0.000341,172.217.194.0-255,114,31307,61,253205
29037,0.000343,172.31.40.0-255,66,31373,61,253205
29038,0.000346,172.217.194.0-255,385,31758,61,253205
29039,0.000348,172.31.40.0-255,66,31824,61,253205
29040,0.000905,172.217.194.0-255,1484,33308,61,253205
29041,0.000913,172.217.194.0-255,2902,36210,61,253205
29042,0.000916,172.31.40.0-255,66,36276,61,253205
29043,0.000924,172.217.194.0-255,5738,42014,61,253205
29044,0.000948,172.217.194.0-255,5738,47752,61,253205
29045,0.000966,172.217.194.0-255,7156,54908,61,253205
29046,0.000984,172.31.40.0-255,66,54974,61,253205
29047,0.001014,172.217.194.0-255,2184,57158,61,253205
29048,0.00102,172.31.40.0-255,66,57224,61,253205
29049,0.001141,172.217.194.0-255,1484,58708,61,253205
29050,0.001169,172.217.194.0-255,2902,61610,61,253205
29051,0.001176,172.217.194.0-255,5738,67348,61,253205
29052,0.001183,172.217.194.0-255,5738,73086,61,253205
29053,0.00119,172.31.40.0-255,66,73152,61,253205
29054,0.001207,172.217.194.0-255,7156,80308,61,253205
29055,0.001213,172.217.194.0-255,4320,84628,61,253205
29056,0.001235,172.217.194.0-255,6438,91066,61,253205
29057,0.001239,172.31.40.0-255,66,91132,61,253205
29058,0.001244,172.31.40.0-255,66,91198,61,253205
29059,0.001295,172.217.194.0-255,1484,92682,61,253205
29060,0.00131,172.217.194.0-255,2902,95584,61,253205
29061,0.001317,172.31.40.0-255,66,95650,61,253205
29062,0.001326,172.217.194.0-255,1484,97134,61,253205
29063,0.00134,172.217.194.0-255,4320,101454,61,253205
29064,0.001357,172.31.40.0-255,66,101520,61,253205
29065,0.001364,172.217.194.0-255,7156,108676,61,253205
29066,0.00137,172.31.40.0-255,66,108742,61,253205
29067,0.001381,172.217.194.0-255,5738,114480,61,253205
29068,0.001387,172.217.194.0-255,5738,120218,61,253205
29069,0.001427,172.217.194.0-255,5020,125238,61,253205
29070,0.001434,172.31.40.0-255,66,125304,61,253205
29071,0.001492,172.217.194.0-255,1484,126788,61,253205
29072,0.001505,172.217.194.0-255,2902,129690,61,253205
29073,0.001511,172.31.40.0-255,66,129756,61,253205
29074,0.00153,172.217.194.0-255,5738,135494,61,253205
29075,0.001555,172.217.194.0-255,5738,141232,61,253205
29076,0.001569,172.31.40.0-255,66,141298,61,253205
29077,0.001575,172.217.194.0-255,4320,145618,61,253205
29078,0.001577,172.217.194.0-255,1484,147102,61,253205
29079,0.001582,172.31.40.0-255,66,147168,61,253205
29080,0.001618,172.31.40.0-255,66,147234,61,253205
29081,0.001635,172.217.194.0-255,7156,154390,61,253205
29082,0.001648,172.217.194.0-255,2184,156574,61,253205
29083,0.001661,172.217.194.0-255,2902,159476,61,253205
29084,0.001664,172.31.40.0-255,66,159542,61,253205
29085,0.001669,172.31.40.0-255,66,159608,61,253205
29086,0.00169,172.217.194.0-255,7156,166764,61,253205
29087,0.001693,172.217.194.0-255,1484,168248,61,253205
29088,0.0017,172.31.40.0-255,66,168314,61,253205
29089,0.001761,172.31.40.0-255,66,168380,61,253205
29090,0.001769,172.217.194.0-255,6438,174818,61,253205
29091,0.001776,172.217.194.0-255,7156,181974,61,253205
29092,0.001797,172.31.40.0-255,66,182040,61,253205
29093,0.001822,172.217.194.0-255,4320,186360,61,253205
29094,0.001855,172.31.40.0-255,66,186426,61,253205
29095,0.001858,172.217.194.0-255,1484,187910,61,253205
29096,0.001872,172.217.194.0-255,1484,189394,61,253205
29097,0.00188,172.31.40.0-255,66,189460,61,253205
29098,0.001901,172.217.194.0-255,1484,190944,61,253205
29099,0.001907,172.217.194.0-255,4320,195264,61,253205
29100,0.001921,172.31.40.0-255,66,195330,61,253205
29101,0.001942,172.217.194.0-255,5738,201068,61,253205
29102,0.001974,172.31.40.0-255,66,201134,61,253205
29103,0.001979,172.31.40.0-255,66,201200,61,253205
29104,0.001988,172.217.194.0-255,1484,202684,61,253205
29105,0.002005,172.217.194.0-255,2902,205586,61,253205
29106,0.002009,172.217.194.0-255,2902,208488,61,253205
29107,0.002018,172.31.40.0-255,66,208554,61,253205
29108,0.002027,172.217.194.0-255,2902,211456,61,253205
29109,0.002029,172.217.194.0-255,1484,212940,61,253205
29110,0.002034,172.31.40.0-255,66,213006,61,253205
29111,0.002071,172.31.40.0-255,66,213072,61,253205
29112,0.002091,172.217.194.0-255,2902,215974,61,253205
29113,0.002097,172.31.40.0-255,66,216040,61,253205
29114,0.002144,172.217.194.0-255,1484,217524,61,253205
29115,0.002151,172.31.40.0-255,66,217590,61,253205
29116,0.002163,172.217.194.0-255,2902,220492,61,253205
29117,0.002166,172.217.194.0-255,1484,221976,61,253205
29118,0.002179,172.217.194.0-255,4320,226296,61,253205
29119,0.002194,172.31.40.0-255,66,226362,61,253205
29120,0.002208,172.217.194.0-255,4320,230682,61,253205
29121,0.00222,172.31.40.0-255,66,230748,61,253205
29122,0.002254,172.217.194.0-255,5738,236486,61,253205
29123,0.002266,172.217.194.0-255,4320,240806,61,253205
29124,0.002269,172.31.40.0-255,66,240872,61,253205
29125,0.002273,172.31.40.0-255,66,240938,61,253205
29126,0.002315,172.31.40.0-255,66,241004,61,253205
29127,0.002324,172.217.194.0-255,2902,243906,61,253205
29128,0.002333,172.31.40.0-255,66,243972,61,253205
29129,0.002368,172.31.40.0-255,66,244038,61,253205
29130,0.002403,172.217.194.0-255,3548,247586,61,253205
29131,0.002405,172.217.194.0-255,105,247691,61,253205
29132,0.00246,172.31.40.0-255,66,247757,61,253205
29133,0.013919,172.31.40.0-255,105,247862,61,253205
29134,0.016507,172.217.194.0-255,66,247928,61,253205
29135,0.048847,172.31.40.0-255,172,248100,61,253205
29136,0.048897,172.31.40.0-255,1120,249220,61,253205
29137,0.048964,172.31.40.0-255,1514,250734,61,253205
29138,0.048966,172.31.40.0-255,1514,252248,61,253205
29139,0.04899,172.31.40.0-255,957,253205,61,253205
29140,0.0,172.217.160.0-255,152,152,61,316725
29141,2.8e-05,172.31.40.0-255,66,218,61,316725
29142,3.5e-05,172.217.160.0-255,1484,1702,61,316725
29143,4.2e-05,172.31.40.0-255,66,1768,61,316725
29144,4.9e-05,172.217.160.0-255,2902,4670,61,316725
29145,5.2e-05,172.31.40.0-255,66,4736,61,316725
29146,5.7e-05,172.217.160.0-255,2902,7638,61,316725
29147,6e-05,172.31.40.0-255,66,7704,61,316725
29148,7.5e-05,172.31.40.0-255,66,7770,61,316725
29149,8e-05,172.217.160.0-255,2902,10672,61,316725
29150,8.3e-05,172.31.40.0-255,66,10738,61,316725
29151,0.000126,172.31.40.0-255,66,10804,61,316725
29152,0.000143,172.217.160.0-255,1484,12288,61,316725
29153,0.000145,172.31.40.0-255,66,12354,61,316725
29154,0.000149,172.217.160.0-255,1484,13838,61,316725
29155,0.000152,172.31.40.0-255,66,13904,61,316725
29156,0.000163,172.217.160.0-255,1484,15388,61,316725
29157,0.000165,172.31.40.0-255,66,15454,61,316725
29158,0.000173,172.217.160.0-255,5738,21192,61,316725
29159,0.000176,172.31.40.0-255,66,21258,61,316725
29160,0.00018,172.217.160.0-255,2902,24160,61,316725
29161,0.000182,172.31.40.0-255,66,24226,61,316725
29162,0.000246,172.217.160.0-255,3961,28187,61,316725
29163,0.000249,172.31.40.0-255,66,28253,61,316725
29164,0.000321,172.217.160.0-255,1484,29737,61,316725
29165,0.000324,172.31.40.0-255,66,29803,61,316725
29166,0.000341,172.217.160.0-255,2902,32705,61,316725
29167,0.000343,172.31.40.0-255,66,32771,61,316725
29168,0.000348,172.217.160.0-255,2902,35673,61,316725
29169,0.00035,172.31.40.0-255,66,35739,61,316725
29170,0.000368,172.217.160.0-255,2902,38641,61,316725
29171,0.000371,172.31.40.0-255,66,38707,61,316725
29172,0.000399,172.217.160.0-255,7108,45815,61,316725
29173,0.000402,172.31.40.0-255,66,45881,61,316725
29174,0.000582,172.217.160.0-255,99,45980,61,316725
29175,0.000665,172.217.160.0-255,1484,47464,61,316725
29176,0.00067,172.31.40.0-255,66,47530,61,316725
29177,0.000676,172.217.160.0-255,2902,50432,61,316725
29178,0.000679,172.31.40.0-255,66,50498,61,316725
29179,0.000687,172.217.160.0-255,5738,56236,61,316725
29180,0.000689,172.31.40.0-255,66,56302,61,316725
29181,0.000747,172.31.40.0-255,66,56368,61,316725
29182,0.000762,172.217.160.0-255,2543,58911,61,316725
29183,0.000765,172.31.40.0-255,66,58977,61,316725
29184,0.000813,172.31.40.0-255,66,59043,61,316725
29185,0.001042,172.217.160.0-255,1484,60527,61,316725
29186,0.001049,172.217.160.0-255,2902,63429,61,316725
29187,0.001052,172.31.40.0-255,66,63495,61,316725
29188,0.001059,172.217.160.0-255,5738,69233,61,316725
29189,0.001061,172.31.40.0-255,66,69299,61,316725
29190,0.001092,172.31.40.0-255,66,69365,61,316725
29191,0.00111,172.217.160.0-255,2902,72267,61,316725
29192,0.001112,172.31.40.0-255,66,72333,61,316725
29193,0.001115,172.217.160.0-255,1484,73817,61,316725
29194,0.001132,172.217.160.0-255,2902,76719,61,316725
29195,0.001136,172.31.40.0-255,66,76785,61,316725
29196,0.001159,172.217.160.0-255,6438,83223,61,316725
29197,0.001161,172.31.40.0-255,66,83289,61,316725
29198,0.001198,172.217.160.0-255,4320,87609,61,316725
29199,0.001201,172.31.40.0-255,66,87675,61,316725
29200,0.001204,172.217.160.0-255,1484,89159,61,316725
29201,0.001223,172.217.160.0-255,4320,93479,61,316725
29202,0.001226,172.31.40.0-255,66,93545,61,316725
29203,0.001274,172.31.40.0-255,66,93611,61,316725
29204,0.001298,172.217.160.0-255,1484,95095,61,316725
29205,0.00131,172.31.40.0-255,66,95161,61,316725
29206,0.001315,172.217.160.0-255,3602,98763,61,316725
29207,0.001318,172.31.40.0-255,66,98829,61,316725
29208,0.001324,172.217.160.0-255,4320,103149,61,316725
29209,0.001326,172.31.40.0-255,66,103215,61,316725
29210,0.001334,172.217.160.0-255,7156,110371,61,316725
29211,0.001337,172.31.40.0-255,66,110437,61,316725
29212,0.001353,172.217.160.0-255,2902,113339,61,316725
29213,0.001355,172.31.40.0-255,66,113405,61,316725
29214,0.001361,172.217.160.0-255,4320,117725,61,316725
29215,0.001363,172.31.40.0-255,66,117791,61,316725
29216,0.001417,172.31.40.0-255,66,117857,61,316725
29217,0.001433,172.217.160.0-255,5020,122877,61,316725
29218,0.001437,172.31.40.0-255,66,122943,61,316725
29219,0.001448,172.217.160.0-255,1484,124427,61,316725
29220,0.001452,172.217.160.0-255,2902,127329,61,316725
29221,0.001457,172.31.40.0-255,66,127395,61,316725
29222,0.001481,172.217.160.0-255,5738,133133,61,316725
29223,0.001484,172.31.40.0-255,66,133199,61,316725
29224,0.001509,172.31.40.0-255,66,133265,61,316725
29225,0.001526,172.217.160.0-255,4320,137585,61,316725
29226,0.001529,172.31.40.0-255,66,137651,61,316725
29227,0.001555,172.217.160.0-255,5738,143389,61,316725
29228,0.001558,172.31.40.0-255,66,143455,61,316725
29229,0.001577,172.217.160.0-255,5020,148475,61,316725
29230,0.001579,172.31.40.0-255,66,148541,61,316725
29231,0.001608,172.217.160.0-255,1484,150025,61,316725
29232,0.001613,172.217.160.0-255,2902,152927,61,316725
29233,0.001616,172.31.40.0-255,66,152993,61,316725
29234,0.001619,172.217.160.0-255,1484,154477,61,316725
29235,0.001636,172.217.160.0-255,4320,158797,61,316725
29236,0.001638,172.31.40.0-255,66,158863,61,316725
29237,0.00165,172.217.160.0-255,1484,160347,61,316725
29238,0.001684,172.31.40.0-255,66,160413,61,316725
29239,0.001697,172.31.40.0-255,66,160479,61,316725
29240,0.003355,172.217.160.0-255,5738,166217,61,316725
29241,0.003363,172.31.40.0-255,66,166283,61,316725
29242,0.005032,172.217.160.0-255,5738,172021,61,316725
29243,0.00505,172.31.40.0-255,66,172087,61,316725
29244,0.006696,172.217.160.0-255,5738,177825,61,316725
29245,0.006704,172.31.40.0-255,66,177891,61,316725
29246,0.00837,172.217.160.0-255,5738,183629,61,316725
29247,0.008391,172.31.40.0-255,66,183695,61,316725
29248,0.010077,172.217.160.0-255,5738,189433,61,316725
29249,0.010096,172.31.40.0-255,66,189499,61,316725
29250,0.011776,172.217.160.0-255,5738,195237,61,316725
29251,0.011823,172.31.40.0-255,66,195303,61,316725
29252,0.013468,172.217.160.0-255,5738,201041,61,316725
29253,0.013475,172.31.40.0-255,66,201107,61,316725
29254,0.015148,172.217.160.0-255,5738,206845,61,316725
29255,0.015173,172.31.40.0-255,66,206911,61,316725
29256,0.01685,172.217.160.0-255,5738,212649,61,316725
29257,0.016869,172.31.40.0-255,66,212715,61,316725
29258,0.018529,172.217.160.0-255,5738,218453,61,316725
29259,0.018546,172.31.40.0-255,66,218519,61,316725
29260,0.020207,172.217.160.0-255,5738,224257,61,316725
29261,0.020221,172.31.40.0-255,66,224323,61,316725
29262,0.021924,172.217.160.0-255,5738,230061,61,316725
29263,0.02194,172.31.40.0-255,66,230127,61,316725
29264,0.023607,172.217.160.0-255,5738,235865,61,316725
29265,0.023626,172.31.40.0-255,66,235931,61,316725
29266,0.025288,172.217.160.0-255,5738,241669,61,316725
29267,0.025307,172.31.40.0-255,66,241735,61,316725
29268,0.02698,172.217.160.0-255,5738,247473,61,316725
29269,0.026998,172.31.40.0-255,66,247539,61,316725
29270,0.028666,172.217.160.0-255,5738,253277,61,316725
29271,0.028686,172.31.40.0-255,66,253343,61,316725
29272,0.030351,172.217.160.0-255,5738,259081,61,316725
29273,0.030367,172.31.40.0-255,66,259147,61,316725
29274,0.032027,172.217.160.0-255,5738,264885,61,316725
29275,0.032048,172.31.40.0-255,66,264951,61,316725
29276,0.033715,172.217.160.0-255,5738,270689,61,316725
29277,0.033733,172.31.40.0-255,66,270755,61,316725
29278,0.035399,172.217.160.0-255,5738,276493,61,316725
29279,0.035421,172.31.40.0-255,66,276559,61,316725
29280,0.037079,172.217.160.0-255,5738,282297,61,316725
29281,0.037095,172.31.40.0-255,66,282363,61,316725
29282,0.038753,172.217.160.0-255,5738,288101,61,316725
29283,0.03877,172.31.40.0-255,66,288167,61,316725
29284,0.040435,172.217.160.0-255,5738,293905,61,316725
29285,0.040458,172.31.40.0-255,66,293971,61,316725
29286,0.042135,172.217.160.0-255,5738,299709,61,316725
29287,0.042154,172.31.40.0-255,66,299775,61,316725
29288,0.04384,172.217.160.0-255,5738,305513,61,316725
29289,0.043859,172.31.40.0-255,66,305579,61,316725
29290,0.045528,172.217.160.0-255,5738,311317,61,316725
29291,0.045546,172.31.40.0-255,66,311383,61,316725
29292,0.047217,172.217.160.0-255,5105,316488,61,316725
29293,0.047235,172.31.40.0-255,66,316554,61,316725
29294,0.047567,172.31.40.0-255,105,316659,61,316725
29295,0.049209,172.217.160.0-255,66,316725,61,316725
29296,0.0,172.217.194.0-255,296,296,61,283458
29297,2.5e-05,172.31.40.0-255,66,362,61,283458
29298,3.2e-05,172.217.194.0-255,1484,1846,61,283458
29299,3.6e-05,172.31.40.0-255,66,1912,61,283458
29300,4.4e-05,172.217.194.0-255,4320,6232,61,283458
29301,4.8e-05,172.31.40.0-255,66,6298,61,283458
29302,5.2e-05,172.217.194.0-255,2902,9200,61,283458
29303,5.5e-05,172.31.40.0-255,66,9266,61,283458
29304,8.2e-05,172.217.194.0-255,1484,10750,61,283458
29305,8.6e-05,172.31.40.0-255,66,10816,61,283458
29306,0.000103,172.217.194.0-255,3286,14102,61,283458
29307,0.000106,172.31.40.0-255,66,14168,61,283458
29308,0.000151,172.217.194.0-255,1484,15652,61,283458
29309,0.000154,172.31.40.0-255,66,15718,61,283458
29310,0.000159,172.217.194.0-255,2902,18620,61,283458
29311,0.000161,172.31.40.0-255,66,18686,61,283458
29312,0.000181,172.217.194.0-255,5738,24424,61,283458
29313,0.000183,172.31.40.0-255,66,24490,61,283458
29314,0.00019,172.217.194.0-255,5738,30228,61,283458
29315,0.000192,172.31.40.0-255,66,30294,61,283458
29316,0.000231,172.217.194.0-255,7156,37450,61,283458
29317,0.000234,172.31.40.0-255,66,37516,61,283458
29318,0.000257,172.217.194.0-255,6797,44313,61,283458
29319,0.000259,172.31.40.0-255,66,44379,61,283458
29320,0.00027,172.31.40.0-255,66,44445,61,283458
29321,0.000292,172.217.194.0-255,5738,50183,61,283458
29322,0.000294,172.31.40.0-255,66,50249,61,283458
29323,0.000297,172.217.194.0-255,1484,51733,61,283458
29324,0.000299,172.31.40.0-255,66,51799,61,283458
29325,0.000321,172.217.194.0-255,3878,55677,61,283458
29326,0.000323,172.31.40.0-255,66,55743,61,283458
29327,0.000326,172.217.194.0-255,115,55858,61,283458
29328,0.000331,172.217.194.0-255,384,56242,61,283458
29329,0.000402,172.217.194.0-255,1484,57726,61,283458
29330,0.000405,172.31.40.0-255,66,57792,61,283458
29331,0.00043,172.217.194.0-255,2902,60694,61,283458
29332,0.000432,172.31.40.0-255,66,60760,61,283458
29333,0.000439,172.217.194.0-255,5738,66498,61,283458
29334,0.000441,172.31.40.0-255,66,66564,61,283458
29335,0.000447,172.217.194.0-255,4320,70884,61,283458
29336,0.000449,172.31.40.0-255,66,70950,61,283458
29337,0.000463,172.217.194.0-255,2543,73493,61,283458
29338,0.000465,172.31.40.0-255,66,73559,61,283458
29339,0.000548,172.217.194.0-255,1484,75043,61,283458
29340,0.000567,172.217.194.0-255,2902,77945,61,283458
29341,0.00057,172.31.40.0-255,66,78011,61,283458
29342,0.000576,172.217.194.0-255,5738,83749,61,283458
29343,0.000579,172.31.40.0-255,66,83815,61,283458
29344,0.000591,172.217.194.0-255,2902,86717,61,283458
29345,0.000594,172.31.40.0-255,66,86783,61,283458
29346,0.000613,172.217.194.0-255,3961,90744,61,283458
29347,0.000616,172.31.40.0-255,66,90810,61,283458
29348,0.001112,172.217.194.0-255,1484,92294,61,283458
29349,0.001129,172.217.194.0-255,2902,95196,61,283458
29350,0.001132,172.31.40.0-255,66,95262,61,283458
29351,0.001162,172.217.194.0-255,4320,99582,61,283458
29352,0.001164,172.31.40.0-255,66,99648,61,283458
29353,0.001194,172.217.194.0-255,1484,101132,61,283458
29354,0.001199,172.217.194.0-255,4320,105452,61,283458
29355,0.001201,172.31.40.0-255,66,105518,61,283458
29356,0.001212,172.31.40.0-255,66,105584,61,283458
29357,0.001221,172.31.40.0-255,66,105650,61,283458
29358,0.001255,172.217.194.0-255,1484,107134,61,283458
29359,0.001259,172.217.194.0-255,2902,110036,61,283458
29360,0.001262,172.31.40.0-255,66,110102,61,283458
29361,0.001265,172.217.194.0-255,1484,111586,61,283458
29362,0.001283,172.217.194.0-255,4320,115906,61,283458
29363,0.001287,172.31.40.0-255,66,115972,61,283458
29364,0.001299,172.217.194.0-255,4320,120292,61,283458
29365,0.001301,172.31.40.0-255,66,120358,61,283458
29366,0.001323,172.31.40.0-255,66,120424,61,283458
29367,0.001333,172.31.40.0-255,66,120490,61,283458
29368,0.001359,172.217.194.0-255,1484,121974,61,283458
29369,0.001379,172.217.194.0-255,6438,128412,61,283458
29370,0.001381,172.31.40.0-255,66,128478,61,283458
29371,0.001392,172.31.40.0-255,66,128544,61,283458
29372,0.001406,172.217.194.0-255,1484,130028,61,283458
29373,0.001445,172.217.194.0-255,766,130794,61,283458
29374,0.001462,172.31.40.0-255,66,130860,61,283458
29375,0.001475,172.217.194.0-255,5738,136598,61,283458
29376,0.00149,172.217.194.0-255,5738,142336,61,283458
29377,0.001507,172.31.40.0-255,66,142402,61,283458
29378,0.001521,172.217.194.0-255,4320,146722,61,283458
29379,0.001525,172.217.194.0-255,2902,149624,61,283458
29380,0.001537,172.31.40.0-255,66,149690,61,283458
29381,0.001556,172.217.194.0-255,6438,156128,61,283458
29382,0.001576,172.31.40.0-255,66,156194,61,283458
29383,0.001584,172.217.194.0-255,1484,157678,61,283458
29384,0.001588,172.217.194.0-255,2902,160580,61,283458
29385,0.001592,172.31.40.0-255,66,160646,61,283458
29386,0.001611,172.217.194.0-255,5738,166384,61,283458
29387,0.001619,172.31.40.0-255,66,166450,61,283458
29388,0.00166,172.217.194.0-255,4320,170770,61,283458
29389,0.001663,172.217.194.0-255,1484,172254,61,283458
29390,0.001675,172.31.40.0-255,66,172320,61,283458
29391,0.001682,172.217.194.0-255,5738,178058,61,283458
29392,0.001687,172.31.40.0-255,66,178124,61,283458
29393,0.001697,172.217.194.0-255,2902,181026,61,283458
29394,0.0017,172.217.194.0-255,766,181792,61,283458
29395,0.001719,172.31.40.0-255,66,181858,61,283458
29396,0.00191,172.217.194.0-255,1484,183342,61,283458
29397,0.001916,172.217.194.0-255,2902,186244,61,283458
29398,0.001919,172.31.40.0-255,66,186310,61,283458
29399,0.001924,172.217.194.0-255,2902,189212,61,283458
29400,0.00194,172.217.194.0-255,2902,192114,61,283458
29401,0.001942,172.217.194.0-255,1484,193598,61,283458
29402,0.001948,172.217.194.0-255,5738,199336,61,283458
29403,0.001956,172.31.40.0-255,66,199402,61,283458
29404,0.001968,172.217.194.0-255,2902,202304,61,283458
29405,0.001972,172.31.40.0-255,66,202370,61,283458
29406,0.002048,172.217.194.0-255,5738,208108,61,283458
29407,0.002074,172.217.194.0-255,1484,209592,61,283458
29408,0.002097,172.217.194.0-255,2902,212494,61,283458
29409,0.002116,172.217.194.0-255,5738,218232,61,283458
29410,0.002122,172.217.194.0-255,4320,222552,61,283458
29411,0.002161,172.217.194.0-255,766,223318,61,283458
29412,0.002594,172.217.194.0-255,1484,224802,61,283458
29413,0.002602,172.217.194.0-255,2902,227704,61,283458
29414,0.002608,172.217.194.0-255,2902,230606,61,283458
29415,0.00263,172.217.194.0-255,2902,233508,61,283458
29416,0.002677,172.217.194.0-255,766,234274,61,283458
29417,0.002708,172.217.194.0-255,1484,235758,61,283458
29418,0.002714,172.217.194.0-255,4320,240078,61,283458
29419,0.002742,172.217.194.0-255,7156,247234,61,283458
29420,0.002755,172.217.194.0-255,2902,250136,61,283458
29421,0.00276,172.217.194.0-255,2902,253038,61,283458
29422,0.002781,172.217.194.0-255,5738,258776,61,283458
29423,0.002785,172.217.194.0-255,1484,260260,61,283458
29424,0.002791,172.217.194.0-255,5738,265998,61,283458
29425,0.002814,172.217.194.0-255,2184,268182,61,283458
29426,0.002818,172.217.194.0-255,2902,271084,61,283458
29427,0.002835,172.217.194.0-255,5738,276822,61,283458
29428,0.002848,172.217.194.0-255,2902,279724,61,283458
29429,0.002861,172.217.194.0-255,1984,281708,61,283458
29430,0.002903,172.217.194.0-255,105,281813,61,283458
29431,0.007894,172.31.40.0-255,66,281879,61,283458
29432,0.010358,172.31.40.0-255,105,281984,61,283458
29433,0.012692,172.217.194.0-255,66,282050,61,283458
29434,0.045634,172.31.40.0-255,210,282260,61,283458
29435,0.04567,172.31.40.0-255,1066,283326,61,283458
29436,0.047195,104.244.42.0-255,66,283392,61,283458
29437,0.047216,104.244.42.0-255,66,283458,61,283458
29438,0.0,172.217.194.0-255,153,153,61,224242
29439,2.4e-05,172.31.40.0-255,66,219,61,224242
29440,3.1e-05,172.217.194.0-255,1484,1703,61,224242
29441,3.6e-05,172.31.40.0-255,66,1769,61,224242
29442,4.2e-05,172.217.194.0-255,2902,4671,61,224242
29443,4.6e-05,172.31.40.0-255,66,4737,61,224242
29444,5.6e-05,172.217.194.0-255,7156,11893,61,224242
29445,6e-05,172.31.40.0-255,66,11959,61,224242
29446,6.4e-05,172.217.194.0-255,1990,13949,61,224242
29447,6.7e-05,172.31.40.0-255,66,14015,61,224242
29448,0.000253,172.217.194.0-255,1484,15499,61,224242
29449,0.000258,172.31.40.0-255,66,15565,61,224242
29450,0.000264,172.217.194.0-255,2902,18467,61,224242
29451,0.000267,172.31.40.0-255,66,18533,61,224242
29452,0.000273,172.217.194.0-255,5738,24271,61,224242
29453,0.000275,172.31.40.0-255,66,24337,61,224242
29454,0.00031,172.217.194.0-255,1484,25821,61,224242
29455,0.000314,172.31.40.0-255,66,25887,61,224242
29456,0.000328,172.217.194.0-255,5379,31266,61,224242
29457,0.000331,172.31.40.0-255,66,31332,61,224242
29458,0.000381,172.217.194.0-255,1484,32816,61,224242
29459,0.000383,172.31.40.0-255,66,32882,61,224242
29460,0.000388,172.217.194.0-255,2902,35784,61,224242
29461,0.00039,172.31.40.0-255,66,35850,61,224242
29462,0.000422,172.217.194.0-255,5738,41588,61,224242
29463,0.000425,172.31.40.0-255,66,41654,61,224242
29464,0.00043,172.217.194.0-255,4320,45974,61,224242
29465,0.000432,172.31.40.0-255,66,46040,61,224242
29466,0.000467,172.217.194.0-255,2543,48583,61,224242
29467,0.000471,172.31.40.0-255,66,48649,61,224242
29468,0.001786,172.217.194.0-255,1484,50133,61,224242
29469,0.001793,172.31.40.0-255,66,50199,61,224242
29470,0.001803,172.217.194.0-255,2902,53101,61,224242
29471,0.001806,172.31.40.0-255,66,53167,61,224242
29472,0.001812,172.217.194.0-255,5738,58905,61,224242
29473,0.001814,172.31.40.0-255,66,58971,61,224242
29474,0.001846,172.217.194.0-255,6797,65768,61,224242
29475,0.001849,172.31.40.0-255,66,65834,61,224242
29476,0.001921,172.217.194.0-255,1484,67318,61,224242
29477,0.001941,172.217.194.0-255,2902,70220,61,224242
29478,0.001944,172.31.40.0-255,66,70286,61,224242
29479,0.00195,172.217.194.0-255,5738,76024,61,224242
29480,0.001952,172.31.40.0-255,66,76090,61,224242
29481,0.002002,172.217.194.0-255,5738,81828,61,224242
29482,0.002005,172.31.40.0-255,66,81894,61,224242
29483,0.002024,172.217.194.0-255,1707,83601,61,224242
29484,0.002026,172.31.40.0-255,66,83667,61,224242
29485,0.002076,172.217.194.0-255,1484,85151,61,224242
29486,0.002095,172.217.194.0-255,2902,88053,61,224242
29487,0.002097,172.31.40.0-255,66,88119,61,224242
29488,0.002121,172.217.194.0-255,5738,93857,61,224242
29489,0.002123,172.31.40.0-255,66,93923,61,224242
29490,0.002157,172.217.194.0-255,5738,99661,61,224242
29491,0.00216,172.31.40.0-255,66,99727,61,224242
29492,0.002177,172.217.194.0-255,1125,100852,61,224242
29493,0.004405,172.217.194.0-255,4320,105172,61,224242
29494,0.004409,172.31.40.0-255,66,105238,61,224242
29495,0.006654,172.217.194.0-255,4320,109558,61,224242
29496,0.006659,172.31.40.0-255,66,109624,61,224242
29497,0.006678,172.217.194.0-255,1484,111108,61,224242
29498,0.00891,172.217.194.0-255,4320,115428,61,224242
29499,0.008917,172.31.40.0-255,66,115494,61,224242
29500,0.011148,172.217.194.0-255,5738,121232,61,224242
29501,0.011156,172.31.40.0-255,66,121298,61,224242
29502,0.013424,172.217.194.0-255,5738,127036,61,224242
29503,0.013433,172.31.40.0-255,66,127102,61,224242
29504,0.015681,172.217.194.0-255,5738,132840,61,224242
29505,0.015691,172.31.40.0-255,66,132906,61,224242
29506,0.017963,172.217.194.0-255,5738,138644,61,224242
29507,0.01797,172.31.40.0-255,66,138710,61,224242
29508,0.020216,172.217.194.0-255,5738,144448,61,224242
29509,0.020222,172.31.40.0-255,66,144514,61,224242
29510,0.022565,172.217.194.0-255,5738,150252,61,224242
29511,0.022573,172.31.40.0-255,66,150318,61,224242
29512,0.024865,172.217.194.0-255,5738,156056,61,224242
29513,0.024874,172.31.40.0-255,66,156122,61,224242
29514,0.02713,172.217.194.0-255,5738,161860,61,224242
29515,0.027137,172.31.40.0-255,66,161926,61,224242
29516,0.028364,172.31.40.0-255,167,162093,61,224242
29517,0.028393,172.31.40.0-255,1119,163212,61,224242
29518,0.028461,172.31.40.0-255,1514,164726,61,224242
29519,0.028462,172.31.40.0-255,1278,166004,61,224242
29520,0.029378,172.217.194.0-255,5738,171742,61,224242
29521,0.029384,172.31.40.0-255,66,171808,61,224242
29522,0.029846,104.244.42.0-255,66,171874,61,224242
29523,0.029882,104.244.42.0-255,66,171940,61,224242
29524,0.029954,104.244.42.0-255,66,172006,61,224242
29525,0.031647,172.217.194.0-255,5738,177744,61,224242
29526,0.031652,172.31.40.0-255,66,177810,61,224242
29527,0.033906,172.217.194.0-255,5738,183548,61,224242
29528,0.033912,172.31.40.0-255,66,183614,61,224242
29529,0.036196,172.217.194.0-255,5738,189352,61,224242
29530,0.036202,172.31.40.0-255,66,189418,61,224242
29531,0.038471,172.217.194.0-255,5738,195156,61,224242
29532,0.038478,172.31.40.0-255,66,195222,61,224242
29533,0.040711,172.217.194.0-255,5738,200960,61,224242
29534,0.040718,172.31.40.0-255,66,201026,61,224242
29535,0.04298,172.217.194.0-255,5738,206764,61,224242
29536,0.042988,172.31.40.0-255,66,206830,61,224242
29537,0.045249,172.217.194.0-255,5738,212568,61,224242
29538,0.045255,172.31.40.0-255,66,212634,61,224242
29539,0.047541,172.217.194.0-255,5738,218372,61,224242
29540,0.047552,172.31.40.0-255,66,218438,61,224242
29541,0.049835,172.217.194.0-255,5738,224176,61,224242
29542,0.049842,172.31.40.0-255,66,224242,61,224242
29543,0.0,74.125.24.0-255,152,152,61,256297
29544,1.4e-05,172.31.40.0-255,66,218,61,256297
29545,2.1e-05,74.125.24.0-255,1484,1702,61,256297
29546,2.5e-05,172.31.40.0-255,66,1768,61,256297
29547,3.2e-05,74.125.24.0-255,2902,4670,61,256297
29548,3.5e-05,172.31.40.0-255,66,4736,61,256297
29549,6.2e-05,74.125.24.0-255,4320,9056,61,256297
29550,6.6e-05,172.31.40.0-255,66,9122,61,256297
29551,0.000115,172.31.40.0-255,66,9188,61,256297
29552,0.000211,74.125.24.0-255,2902,12090,61,256297
29553,0.000216,172.31.40.0-255,66,12156,61,256297
29554,0.000231,74.125.24.0-255,5738,17894,61,256297
29555,0.000234,172.31.40.0-255,66,17960,61,256297
29556,0.00025,74.125.24.0-255,3961,21921,61,256297
29557,0.000253,172.31.40.0-255,66,21987,61,256297
29558,0.000369,74.125.24.0-255,1484,23471,61,256297
29559,0.000374,172.31.40.0-255,66,23537,61,256297
29560,0.000378,74.125.24.0-255,1484,25021,61,256297
29561,0.00038,172.31.40.0-255,66,25087,61,256297
29562,0.000392,74.125.24.0-255,1484,26571,61,256297
29563,0.000395,172.31.40.0-255,66,26637,61,256297
29564,0.00042,74.125.24.0-255,4320,30957,61,256297
29565,0.000422,172.31.40.0-255,66,31023,61,256297
29566,0.000434,74.125.24.0-255,1484,32507,61,256297
29567,0.000436,172.31.40.0-255,66,32573,61,256297
29568,0.00049,74.125.24.0-255,7156,39729,61,256297
29569,0.000494,172.31.40.0-255,66,39795,61,256297
29570,0.000514,74.125.24.0-255,6797,46592,61,256297
29571,0.000517,172.31.40.0-255,66,46658,61,256297
29572,0.000663,74.125.24.0-255,7156,53814,61,256297
29573,0.000668,172.31.40.0-255,66,53880,61,256297
29574,0.00068,74.125.24.0-255,2811,56691,61,256297
29575,0.000683,172.31.40.0-255,66,56757,61,256297
29576,0.000764,74.125.24.0-255,136,56893,61,256297
29577,0.00079,172.31.40.0-255,66,56959,61,256297
29578,0.000811,74.125.24.0-255,2902,59861,61,256297
29579,0.000814,172.31.40.0-255,66,59927,61,256297
29580,0.000937,74.125.24.0-255,5738,65665,61,256297
29581,0.000941,172.31.40.0-255,66,65731,61,256297
29582,0.000984,172.31.40.0-255,66,65797,61,256297
29583,0.001206,74.125.24.0-255,1484,67281,61,256297
29584,0.00121,74.125.24.0-255,1484,68765,61,256297
29585,0.001213,172.31.40.0-255,66,68831,61,256297
29586,0.00123,74.125.24.0-255,1484,70315,61,256297
29587,0.001258,74.125.24.0-255,4320,74635,61,256297
29588,0.001261,172.31.40.0-255,66,74701,61,256297
29589,0.001275,74.125.24.0-255,1484,76185,61,256297
29590,0.001363,74.125.24.0-255,5738,81923,61,256297
29591,0.001367,172.31.40.0-255,66,81989,61,256297
29592,0.001391,74.125.24.0-255,7156,89145,61,256297
29593,0.001393,172.31.40.0-255,66,89211,61,256297
29594,0.001494,74.125.24.0-255,4320,93531,61,256297
29595,0.001498,172.31.40.0-255,66,93597,61,256297
29596,0.001532,172.31.40.0-255,66,93663,61,256297
29597,0.001554,74.125.24.0-255,6438,100101,61,256297
29598,0.001557,172.31.40.0-255,66,100167,61,256297
29599,0.001848,172.31.40.0-255,66,100233,61,256297
29600,0.001869,74.125.24.0-255,6438,106671,61,256297
29601,0.001872,172.31.40.0-255,66,106737,61,256297
29602,0.002041,74.125.24.0-255,7156,113893,61,256297
29603,0.002045,172.31.40.0-255,66,113959,61,256297
29604,0.002091,172.31.40.0-255,66,114025,61,256297
29605,0.002375,74.125.24.0-255,6438,120463,61,256297
29606,0.002379,172.31.40.0-255,66,120529,61,256297
29607,0.002461,74.125.24.0-255,7156,127685,61,256297
29608,0.002466,172.31.40.0-255,66,127751,61,256297
29609,0.002509,172.31.40.0-255,66,127817,61,256297
29610,0.00458,74.125.24.0-255,2902,130719,61,256297
29611,0.004587,172.31.40.0-255,66,130785,61,256297
29612,0.004608,74.125.24.0-255,2902,133687,61,256297
29613,0.00461,172.31.40.0-255,66,133753,61,256297
29614,0.006623,74.125.24.0-255,2902,136655,61,256297
29615,0.00663,172.31.40.0-255,66,136721,61,256297
29616,0.006652,74.125.24.0-255,1484,138205,61,256297
29617,0.006669,74.125.24.0-255,1484,139689,61,256297
29618,0.006672,172.31.40.0-255,66,139755,61,256297
29619,0.008681,74.125.24.0-255,2902,142657,61,256297
29620,0.008686,172.31.40.0-255,66,142723,61,256297
29621,0.00873,74.125.24.0-255,1484,144207,61,256297
29622,0.008744,74.125.24.0-255,1484,145691,61,256297
29623,0.008747,172.31.40.0-255,66,145757,61,256297
29624,0.010752,74.125.24.0-255,2902,148659,61,256297
29625,0.010759,172.31.40.0-255,66,148725,61,256297
29626,0.010807,74.125.24.0-255,2902,151627,61,256297
29627,0.01081,172.31.40.0-255,66,151693,61,256297
29628,0.012815,74.125.24.0-255,2902,154595,61,256297
29629,0.012827,172.31.40.0-255,66,154661,61,256297
29630,0.012853,74.125.24.0-255,2902,157563,61,256297
29631,0.012856,172.31.40.0-255,66,157629,61,256297
29632,0.014917,74.125.24.0-255,5738,163367,61,256297
29633,0.014928,172.31.40.0-255,66,163433,61,256297
29634,0.016996,74.125.24.0-255,5738,169171,61,256297
29635,0.017007,172.31.40.0-255,66,169237,61,256297
29636,0.019086,74.125.24.0-255,5738,174975,61,256297
29637,0.019095,172.31.40.0-255,66,175041,61,256297
29638,0.021172,74.125.24.0-255,5738,180779,61,256297
29639,0.021186,172.31.40.0-255,66,180845,61,256297
29640,0.023238,74.125.24.0-255,5738,186583,61,256297
29641,0.023246,172.31.40.0-255,66,186649,61,256297
29642,0.025355,74.125.24.0-255,5738,192387,61,256297
29643,0.02537,172.31.40.0-255,66,192453,61,256297
29644,0.027439,74.125.24.0-255,5738,198191,61,256297
29645,0.027445,172.31.40.0-255,66,198257,61,256297
29646,0.029507,74.125.24.0-255,5738,203995,61,256297
29647,0.029514,172.31.40.0-255,66,204061,61,256297
29648,0.031577,74.125.24.0-255,5738,209799,61,256297
29649,0.031586,172.31.40.0-255,66,209865,61,256297
29650,0.033651,74.125.24.0-255,5738,215603,61,256297
29651,0.033668,172.31.40.0-255,66,215669,61,256297
29652,0.035725,74.125.24.0-255,5738,221407,61,256297
29653,0.035733,172.31.40.0-255,66,221473,61,256297
29654,0.037779,74.125.24.0-255,5738,227211,61,256297
29655,0.037787,172.31.40.0-255,66,227277,61,256297
29656,0.039851,74.125.24.0-255,5738,233015,61,256297
29657,0.039868,172.31.40.0-255,66,233081,61,256297
29658,0.041906,74.125.24.0-255,5738,238819,61,256297
29659,0.041914,172.31.40.0-255,66,238885,61,256297
29660,0.043982,74.125.24.0-255,5738,244623,61,256297
29661,0.043998,172.31.40.0-255,66,244689,61,256297
29662,0.046064,74.125.24.0-255,5738,250427,61,256297
29663,0.046071,172.31.40.0-255,66,250493,61,256297
29664,0.04815,74.125.24.0-255,5738,256231,61,256297
29665,0.048168,172.31.40.0-255,66,256297,61,256297
29666,0.0,172.217.194.0-255,142,142,61,208346
29667,2.3e-05,172.31.40.0-255,66,208,61,208346
29668,2.9e-05,172.217.194.0-255,1484,1692,61,208346
29669,3.3e-05,172.31.40.0-255,66,1758,61,208346
29670,3.7e-05,172.217.194.0-255,2902,4660,61,208346
29671,3.9e-05,172.31.40.0-255,66,4726,61,208346
29672,5.2e-05,172.217.194.0-255,7156,11882,61,208346
29673,5.4e-05,172.31.40.0-255,66,11948,61,208346
29674,5.7e-05,172.217.194.0-255,2038,13986,61,208346
29675,5.9e-05,172.31.40.0-255,66,14052,61,208346
29676,0.000106,172.217.194.0-255,7156,21208,61,208346
29677,0.000109,172.31.40.0-255,66,21274,61,208346
29678,0.000141,172.217.194.0-255,4320,25594,61,208346
29679,0.000144,172.31.40.0-255,66,25660,61,208346
29680,0.000176,172.217.194.0-255,5379,31039,61,208346
29681,0.000179,172.31.40.0-255,66,31105,61,208346
29682,0.000294,172.217.194.0-255,1484,32589,61,208346
29683,0.000298,172.31.40.0-255,66,32655,61,208346
29684,0.000304,172.217.194.0-255,2902,35557,61,208346
29685,0.000306,172.31.40.0-255,66,35623,61,208346
29686,0.000309,172.217.194.0-255,1484,37107,61,208346
29687,0.000318,172.31.40.0-255,66,37173,61,208346
29688,0.000325,172.217.194.0-255,5738,42911,61,208346
29689,0.000328,172.31.40.0-255,66,42977,61,208346
29690,0.000372,172.31.40.0-255,66,43043,61,208346
29691,0.000376,172.31.40.0-255,66,43109,61,208346
29692,0.000408,172.217.194.0-255,376,43485,61,208346
29693,0.000412,172.31.40.0-255,66,43551,61,208346
29694,0.000442,172.217.194.0-255,100,43651,61,208346
29695,0.000445,172.31.40.0-255,66,43717,61,208346
29696,0.000644,172.217.194.0-255,364,44081,61,208346
29697,0.000815,172.31.40.0-255,66,44147,61,208346
29698,0.000888,172.217.194.0-255,1484,45631,61,208346
29699,0.000896,172.217.194.0-255,2902,48533,61,208346
29700,0.000899,172.31.40.0-255,66,48599,61,208346
29701,0.000907,172.217.194.0-255,5738,54337,61,208346
29702,0.00091,172.31.40.0-255,66,54403,61,208346
29703,0.000919,172.217.194.0-255,1484,55887,61,208346
29704,0.000946,172.217.194.0-255,4320,60207,61,208346
29705,0.000954,172.31.40.0-255,66,60273,61,208346
29706,0.000968,172.31.40.0-255,66,60339,61,208346
29707,0.000973,172.217.194.0-255,4320,64659,61,208346
29708,0.000976,172.31.40.0-255,66,64725,61,208346
29709,0.001002,172.217.194.0-255,766,65491,61,208346
29710,0.001323,172.31.40.0-255,66,65557,61,208346
29711,0.00137,172.217.194.0-255,1484,67041,61,208346
29712,0.001376,172.217.194.0-255,2902,69943,61,208346
29713,0.00138,172.31.40.0-255,66,70009,61,208346
29714,0.001384,172.217.194.0-255,1484,71493,61,208346
29715,0.001407,172.217.194.0-255,4320,75813,61,208346
29716,0.001409,172.31.40.0-255,66,75879,61,208346
29717,0.001418,172.31.40.0-255,66,75945,61,208346
29718,0.001442,172.217.194.0-255,4320,80265,61,208346
29719,0.001446,172.31.40.0-255,66,80331,61,208346
29720,0.001456,172.31.40.0-255,66,80397,61,208346
29721,0.003674,172.217.194.0-255,5738,86135,61,208346
29722,0.003678,172.31.40.0-255,66,86201,61,208346
29723,0.005891,172.217.194.0-255,5738,91939,61,208346
29724,0.005897,172.31.40.0-255,66,92005,61,208346
29725,0.008129,172.217.194.0-255,5738,97743,61,208346
29726,0.008135,172.31.40.0-255,66,97809,61,208346
29727,0.010383,172.217.194.0-255,5738,103547,61,208346
29728,0.01039,172.31.40.0-255,66,103613,61,208346
29729,0.012647,172.217.194.0-255,5738,109351,61,208346
29730,0.012656,172.31.40.0-255,66,109417,61,208346
29731,0.014962,172.217.194.0-255,5738,115155,61,208346
29732,0.01497,172.31.40.0-255,66,115221,61,208346
29733,0.017183,172.217.194.0-255,5738,120959,61,208346
29734,0.017189,172.31.40.0-255,66,121025,61,208346
29735,0.019428,172.217.194.0-255,5738,126763,61,208346
29736,0.019434,172.31.40.0-255,66,126829,61,208346
29737,0.021703,172.217.194.0-255,5738,132567,61,208346
29738,0.021712,172.31.40.0-255,66,132633,61,208346
29739,0.023939,172.217.194.0-255,5738,138371,61,208346
29740,0.023944,172.31.40.0-255,66,138437,61,208346
29741,0.024024,172.31.40.0-255,172,138609,61,208346
29742,0.024047,172.31.40.0-255,1120,139729,61,208346
29743,0.024082,172.31.40.0-255,1514,141243,61,208346
29744,0.024084,172.31.40.0-255,1514,142757,61,208346
29745,0.024089,172.31.40.0-255,1514,144271,61,208346
29746,0.024091,172.31.40.0-255,1055,145326,61,208346
29747,0.025572,104.244.42.0-255,66,145392,61,208346
29748,0.025614,104.244.42.0-255,66,145458,61,208346
29749,0.025658,104.244.42.0-255,66,145524,61,208346
29750,0.025662,104.244.42.0-255,66,145590,61,208346
29751,0.026203,172.217.194.0-255,5738,151328,61,208346
29752,0.026208,172.31.40.0-255,66,151394,61,208346
29753,0.028489,172.217.194.0-255,5738,157132,61,208346
29754,0.028493,172.31.40.0-255,66,157198,61,208346
29755,0.030713,172.217.194.0-255,5738,162936,61,208346
29756,0.030718,172.31.40.0-255,66,163002,61,208346
29757,0.032928,172.217.194.0-255,5738,168740,61,208346
29758,0.032933,172.31.40.0-255,66,168806,61,208346
29759,0.035145,172.217.194.0-255,4320,173126,61,208346
29760,0.03515,172.31.40.0-255,66,173192,61,208346
29761,0.035181,172.217.194.0-255,1484,174676,61,208346
29762,0.037393,172.217.194.0-255,4320,178996,61,208346
29763,0.037399,172.31.40.0-255,66,179062,61,208346
29764,0.039655,172.217.194.0-255,5738,184800,61,208346
29765,0.03966,172.31.40.0-255,66,184866,61,208346
29766,0.041864,172.217.194.0-255,5738,190604,61,208346
29767,0.041869,172.31.40.0-255,66,190670,61,208346
29768,0.044122,172.217.194.0-255,2902,193572,61,208346
29769,0.044127,172.31.40.0-255,66,193638,61,208346
29770,0.044161,172.217.194.0-255,2902,196540,61,208346
29771,0.044164,172.31.40.0-255,66,196606,61,208346
29772,0.046334,172.217.194.0-255,2902,199508,61,208346
29773,0.046339,172.31.40.0-255,66,199574,61,208346
29774,0.046385,172.217.194.0-255,2902,202476,61,208346
29775,0.046389,172.31.40.0-255,66,202542,61,208346
29776,0.048604,172.217.194.0-255,5738,208280,61,208346
29777,0.04861,172.31.40.0-255,66,208346,61,208346
29778,0.0,74.125.24.0-255,147,147,61,225712
29779,1.8e-05,172.31.40.0-255,66,213,61,225712
29780,3.9e-05,74.125.24.0-255,1484,1697,61,225712
29781,4.4e-05,172.31.40.0-255,66,1763,61,225712
29782,5.1e-05,74.125.24.0-255,2902,4665,61,225712
29783,5.4e-05,172.31.40.0-255,66,4731,61,225712
29784,6.1e-05,74.125.24.0-255,7156,11887,61,225712
29785,6.4e-05,172.31.40.0-255,66,11953,61,225712
29786,6.8e-05,74.125.24.0-255,2119,14072,61,225712
29787,7e-05,172.31.40.0-255,66,14138,61,225712
29788,0.00016,74.125.24.0-255,1484,15622,61,225712
29789,0.000164,172.31.40.0-255,66,15688,61,225712
29790,0.000169,74.125.24.0-255,2902,18590,61,225712
29791,0.000171,172.31.40.0-255,66,18656,61,225712
29792,0.00019,74.125.24.0-255,5738,24394,61,225712
29793,0.000193,172.31.40.0-255,66,24460,61,225712
29794,0.000215,74.125.24.0-255,6797,31257,61,225712
29795,0.000218,172.31.40.0-255,66,31323,61,225712
29796,0.00035,74.125.24.0-255,1484,32807,61,225712
29797,0.000353,172.31.40.0-255,66,32873,61,225712
29798,0.000358,74.125.24.0-255,2902,35775,61,225712
29799,0.000359,172.31.40.0-255,66,35841,61,225712
29800,0.000388,74.125.24.0-255,5738,41579,61,225712
29801,0.000391,172.31.40.0-255,66,41645,61,225712
29802,0.000428,74.125.24.0-255,6797,48442,61,225712
29803,0.00043,172.31.40.0-255,66,48508,61,225712
29804,0.00047,74.125.24.0-255,5738,54246,61,225712
29805,0.000473,172.31.40.0-255,66,54312,61,225712
29806,0.000489,74.125.24.0-255,1484,55796,61,225712
29807,0.000491,172.31.40.0-255,66,55862,61,225712
29808,0.000501,172.31.40.0-255,66,55928,61,225712
29809,0.000513,74.125.24.0-255,1454,57382,61,225712
29810,0.000588,74.125.24.0-255,110,57492,61,225712
29811,0.000592,172.31.40.0-255,66,57558,61,225712
29812,0.000619,74.125.24.0-255,334,57892,61,225712
29813,0.000931,172.31.40.0-255,66,57958,61,225712
29814,0.001012,74.125.24.0-255,1484,59442,61,225712
29815,0.001019,74.125.24.0-255,2902,62344,61,225712
29816,0.001023,172.31.40.0-255,66,62410,61,225712
29817,0.00104,74.125.24.0-255,5738,68148,61,225712
29818,0.001042,172.31.40.0-255,66,68214,61,225712
29819,0.001076,172.31.40.0-255,66,68280,61,225712
29820,0.001081,74.125.24.0-255,4320,72600,61,225712
29821,0.001082,172.31.40.0-255,66,72666,61,225712
29822,0.001098,74.125.24.0-255,6438,79104,61,225712
29823,0.0011,172.31.40.0-255,66,79170,61,225712
29824,0.002265,74.125.24.0-255,1484,80654,61,225712
29825,0.002274,74.125.24.0-255,2902,83556,61,225712
29826,0.002278,172.31.40.0-255,66,83622,61,225712
29827,0.002283,74.125.24.0-255,1484,85106,61,225712
29828,0.002298,74.125.24.0-255,4320,89426,61,225712
29829,0.0023,172.31.40.0-255,66,89492,61,225712
29830,0.002303,74.125.24.0-255,1484,90976,61,225712
29831,0.002324,74.125.24.0-255,2902,93878,61,225712
29832,0.002326,172.31.40.0-255,66,93944,61,225712
29833,0.002334,74.125.24.0-255,7156,101100,61,225712
29834,0.002336,172.31.40.0-255,66,101166,61,225712
29835,0.002351,74.125.24.0-255,2902,104068,61,225712
29836,0.002353,172.31.40.0-255,66,104134,61,225712
29837,0.004618,74.125.24.0-255,2902,107036,61,225712
29838,0.004624,172.31.40.0-255,66,107102,61,225712
29839,0.004659,74.125.24.0-255,2902,110004,61,225712
29840,0.004661,172.31.40.0-255,66,110070,61,225712
29841,0.006925,74.125.24.0-255,4320,114390,61,225712
29842,0.006931,172.31.40.0-255,66,114456,61,225712
29843,0.006951,74.125.24.0-255,1484,115940,61,225712
29844,0.009236,74.125.24.0-255,4320,120260,61,225712
29845,0.009246,172.31.40.0-255,66,120326,61,225712
29846,0.011545,74.125.24.0-255,5738,126064,61,225712
29847,0.011552,172.31.40.0-255,66,126130,61,225712
29848,0.013883,74.125.24.0-255,5738,131868,61,225712
29849,0.013891,172.31.40.0-255,66,131934,61,225712
29850,0.016217,74.125.24.0-255,5738,137672,61,225712
29851,0.016226,172.31.40.0-255,66,137738,61,225712
29852,0.018507,74.125.24.0-255,1484,139222,61,225712
29853,0.018534,74.125.24.0-255,4320,143542,61,225712
29854,0.01854,172.31.40.0-255,66,143608,61,225712
29855,0.020817,74.125.24.0-255,5738,149346,61,225712
29856,0.020823,172.31.40.0-255,66,149412,61,225712
29857,0.023139,74.125.24.0-255,4320,153732,61,225712
29858,0.023147,172.31.40.0-255,66,153798,61,225712
29859,0.023166,74.125.24.0-255,1484,155282,61,225712
29860,0.025261,172.31.40.0-255,172,155454,61,225712
29861,0.025292,172.31.40.0-255,1115,156569,61,225712
29862,0.025358,172.31.40.0-255,1514,158083,61,225712
29863,0.02536,172.31.40.0-255,1514,159597,61,225712
29864,0.025361,172.31.40.0-255,1514,161111,61,225712
29865,0.025362,172.31.40.0-255,1514,162625,61,225712
29866,0.025363,172.31.40.0-255,529,163154,61,225712
29867,0.025465,74.125.24.0-255,4320,167474,61,225712
29868,0.02547,172.31.40.0-255,66,167540,61,225712
29869,0.026945,104.244.42.0-255,66,167606,61,225712
29870,0.027744,74.125.24.0-255,5738,173344,61,225712
29871,0.027751,172.31.40.0-255,66,173410,61,225712
29872,0.030077,74.125.24.0-255,5738,179148,61,225712
29873,0.030084,172.31.40.0-255,66,179214,61,225712
29874,0.032364,74.125.24.0-255,5738,184952,61,225712
29875,0.032382,172.31.40.0-255,66,185018,61,225712
29876,0.034722,74.125.24.0-255,5738,190756,61,225712
29877,0.034729,172.31.40.0-255,66,190822,61,225712
29878,0.037043,74.125.24.0-255,5738,196560,61,225712
29879,0.03705,172.31.40.0-255,66,196626,61,225712
29880,0.039348,74.125.24.0-255,5738,202364,61,225712
29881,0.039355,172.31.40.0-255,66,202430,61,225712
29882,0.041668,74.125.24.0-255,5738,208168,61,225712
29883,0.041674,172.31.40.0-255,66,208234,61,225712
29884,0.043993,74.125.24.0-255,5738,213972,61,225712
29885,0.044,172.31.40.0-255,66,214038,61,225712
29886,0.046315,74.125.24.0-255,5738,219776,61,225712
29887,0.046322,172.31.40.0-255,66,219842,61,225712
29888,0.048632,74.125.24.0-255,4320,224162,61,225712
29889,0.048638,172.31.40.0-255,66,224228,61,225712
29890,0.048656,74.125.24.0-255,1484,225712,61,225712
29891,0.0,74.125.24.0-255,152,152,61,184520
29892,1.8e-05,172.31.40.0-255,66,218,61,184520
29893,2.5e-05,74.125.24.0-255,1484,1702,61,184520
29894,2.9e-05,172.31.40.0-255,66,1768,61,184520
29895,3.5e-05,74.125.24.0-255,2902,4670,61,184520
29896,4.5e-05,172.31.40.0-255,66,4736,61,184520
29897,8.6e-05,74.125.24.0-255,7156,11892,61,184520
29898,9e-05,172.31.40.0-255,66,11958,61,184520
29899,0.000171,74.125.24.0-255,2061,14019,61,184520
29900,0.000174,172.31.40.0-255,66,14085,61,184520
29901,0.000211,74.125.24.0-255,2902,16987,61,184520
29902,0.000214,172.31.40.0-255,66,17053,61,184520
29903,0.000262,74.125.24.0-255,4320,21373,61,184520
29904,0.000265,172.31.40.0-255,66,21439,61,184520
29905,0.000292,74.125.24.0-255,2902,24341,61,184520
29906,0.000295,172.31.40.0-255,66,24407,61,184520
29907,0.000378,74.125.24.0-255,7156,31563,61,184520
29908,0.000382,172.31.40.0-255,66,31629,61,184520
29909,0.000409,74.125.24.0-255,2543,34172,61,184520
29910,0.000412,172.31.40.0-255,66,34238,61,184520
29911,0.000536,172.31.40.0-255,66,34304,61,184520
29912,0.000577,74.125.24.0-255,5379,39683,61,184520
29913,0.000581,172.31.40.0-255,66,39749,61,184520
29914,0.000748,74.125.24.0-255,1484,41233,61,184520
29915,0.000752,172.31.40.0-255,66,41299,61,184520
29916,0.000781,74.125.24.0-255,2902,44201,61,184520
29917,0.000784,172.31.40.0-255,66,44267,61,184520
29918,0.000812,74.125.24.0-255,2902,47169,61,184520
29919,0.000815,172.31.40.0-255,66,47235,61,184520
29920,0.000835,74.125.24.0-255,2902,50137,61,184520
29921,0.000838,172.31.40.0-255,66,50203,61,184520
29922,0.000916,74.125.24.0-255,5738,55941,61,184520
29923,0.000931,74.125.24.0-255,1704,57645,61,184520
29924,0.000943,172.31.40.0-255,66,57711,61,184520
29925,0.001025,74.125.24.0-255,1484,59195,61,184520
29926,0.001057,172.31.40.0-255,66,59261,61,184520
29927,0.001184,74.125.24.0-255,5738,64999,61,184520
29928,0.001188,172.31.40.0-255,66,65065,61,184520
29929,0.001225,172.31.40.0-255,66,65131,61,184520
29930,0.001504,74.125.24.0-255,3961,69092,61,184520
29931,0.001508,172.31.40.0-255,66,69158,61,184520
29932,0.001567,74.125.24.0-255,4320,73478,61,184520
29933,0.001589,74.125.24.0-255,5738,79216,61,184520
29934,0.001595,172.31.40.0-255,66,79282,61,184520
29935,0.001725,74.125.24.0-255,4320,83602,61,184520
29936,0.001728,172.31.40.0-255,66,83668,61,184520
29937,0.001788,172.31.40.0-255,66,83734,61,184520
29938,0.002118,172.31.40.0-255,66,83800,61,184520
29939,0.002501,74.125.24.0-255,7156,90956,61,184520
29940,0.002517,74.125.24.0-255,2184,93140,61,184520
29941,0.002641,74.125.24.0-255,4320,97460,61,184520
29942,0.002667,74.125.24.0-255,5738,103198,61,184520
29943,0.010653,172.31.40.0-255,66,103264,61,184520
29944,0.01308,74.125.24.0-255,5738,109002,61,184520
29945,0.013096,172.31.40.0-255,66,109068,61,184520
29946,0.01552,74.125.24.0-255,5738,114806,61,184520
29947,0.015528,172.31.40.0-255,66,114872,61,184520
29948,0.017953,74.125.24.0-255,5738,120610,61,184520
29949,0.017967,172.31.40.0-255,66,120676,61,184520
29950,0.020402,74.125.24.0-255,5738,126414,61,184520
29951,0.02041,172.31.40.0-255,66,126480,61,184520
29952,0.022794,74.125.24.0-255,5738,132218,61,184520
29953,0.022801,172.31.40.0-255,66,132284,61,184520
29954,0.025198,74.125.24.0-255,5738,138022,61,184520
29955,0.025206,172.31.40.0-255,66,138088,61,184520
29956,0.027596,74.125.24.0-255,5738,143826,61,184520
29957,0.027607,172.31.40.0-255,66,143892,61,184520
29958,0.029988,74.125.24.0-255,5738,149630,61,184520
29959,0.029995,172.31.40.0-255,66,149696,61,184520
29960,0.032376,74.125.24.0-255,5738,155434,61,184520
29961,0.032384,172.31.40.0-255,66,155500,61,184520
29962,0.034764,74.125.24.0-255,5738,161238,61,184520
29963,0.034774,172.31.40.0-255,66,161304,61,184520
29964,0.037182,74.125.24.0-255,5738,167042,61,184520
29965,0.037192,172.31.40.0-255,66,167108,61,184520
29966,0.039606,74.125.24.0-255,5738,172846,61,184520
29967,0.039626,172.31.40.0-255,66,172912,61,184520
29968,0.042025,74.125.24.0-255,5738,178650,61,184520
29969,0.042038,172.31.40.0-255,66,178716,61,184520
29970,0.044454,74.125.24.0-255,5738,184454,61,184520
29971,0.048916,172.31.40.0-255,66,184520,61,184520
29972,0.0,74.125.24.0-255,146,146,61,226742
29973,3.2e-05,172.31.40.0-255,66,212,61,226742
29974,3.9e-05,74.125.24.0-255,1484,1696,61,226742
29975,4.4e-05,172.31.40.0-255,66,1762,61,226742
29976,4.8e-05,74.125.24.0-255,2902,4664,61,226742
29977,5e-05,172.31.40.0-255,66,4730,61,226742
29978,5.7e-05,74.125.24.0-255,7156,11886,61,226742
29979,6e-05,172.31.40.0-255,66,11952,61,226742
29980,0.000103,172.31.40.0-255,66,12018,61,226742
29981,0.000122,74.125.24.0-255,4766,16784,61,226742
29982,0.000125,172.31.40.0-255,66,16850,61,226742
29983,0.000129,74.125.24.0-255,2543,19393,61,226742
29984,0.000131,172.31.40.0-255,66,19459,61,226742
29985,0.000186,74.125.24.0-255,1484,20943,61,226742
29986,0.000188,172.31.40.0-255,66,21009,61,226742
29987,0.000202,74.125.24.0-255,2902,23911,61,226742
29988,0.000205,172.31.40.0-255,66,23977,61,226742
29989,0.00021,74.125.24.0-255,5738,29715,61,226742
29990,0.000212,172.31.40.0-255,66,29781,61,226742
29991,0.000226,74.125.24.0-255,1484,31265,61,226742
29992,0.000228,172.31.40.0-255,66,31331,61,226742
29993,0.000253,74.125.24.0-255,6797,38128,61,226742
29994,0.000257,172.31.40.0-255,66,38194,61,226742
29995,0.000266,172.31.40.0-255,66,38260,61,226742
29996,0.000293,74.125.24.0-255,7108,45368,61,226742
29997,0.000296,172.31.40.0-255,66,45434,61,226742
29998,0.000313,74.125.24.0-255,379,45813,61,226742
29999,0.000316,172.31.40.0-255,66,45879,61,226742
30000,0.000576,74.125.24.0-255,1484,47363,61,226742
30001,0.00058,172.31.40.0-255,66,47429,61,226742
30002,0.000584,74.125.24.0-255,2902,50331,61,226742
30003,0.000594,172.31.40.0-255,66,50397,61,226742
30004,0.0006,74.125.24.0-255,5738,56135,61,226742
30005,0.000603,74.125.24.0-255,1484,57619,61,226742
30006,0.000607,172.31.40.0-255,66,57685,61,226742
30007,0.00062,74.125.24.0-255,4320,62005,61,226742
30008,0.000625,74.125.24.0-255,5738,67743,61,226742
30009,0.000629,172.31.40.0-255,66,67809,61,226742
30010,0.000653,74.125.24.0-255,7156,74965,61,226742
30011,0.000657,172.31.40.0-255,66,75031,61,226742
30012,0.000658,74.125.24.0-255,5020,80051,61,226742
30013,0.00066,172.31.40.0-255,66,80117,61,226742
30014,0.000892,74.125.24.0-255,1484,81601,61,226742
30015,0.000896,74.125.24.0-255,2902,84503,61,226742
30016,0.0009,172.31.40.0-255,66,84569,61,226742
30017,0.000907,74.125.24.0-255,1484,86053,61,226742
30018,0.000924,74.125.24.0-255,4320,90373,61,226742
30019,0.00093,172.31.40.0-255,66,90439,61,226742
30020,0.000937,74.125.24.0-255,1484,91923,61,226742
30021,0.000949,74.125.24.0-255,2902,94825,61,226742
30022,0.000953,172.31.40.0-255,66,94891,61,226742
30023,0.000986,172.31.40.0-255,66,94957,61,226742
30024,0.00099,172.31.40.0-255,66,95023,61,226742
30025,0.001004,74.125.24.0-255,1631,96654,61,226742
30026,0.001013,172.31.40.0-255,66,96720,61,226742
30027,0.00104,74.125.24.0-255,1484,98204,61,226742
30028,0.001059,74.125.24.0-255,2902,101106,61,226742
30029,0.001062,172.31.40.0-255,66,101172,61,226742
30030,0.001081,74.125.24.0-255,5738,106910,61,226742
30031,0.001085,172.31.40.0-255,66,106976,61,226742
30032,0.001114,172.31.40.0-255,66,107042,61,226742
30033,0.001122,74.125.24.0-255,4320,111362,61,226742
30034,0.001128,172.31.40.0-255,66,111428,61,226742
30035,0.001129,74.125.24.0-255,7156,118584,61,226742
30036,0.001139,172.31.40.0-255,66,118650,61,226742
30037,0.001167,74.125.24.0-255,3602,122252,61,226742
30038,0.001175,172.31.40.0-255,66,122318,61,226742
30039,0.001186,74.125.24.0-255,1484,123802,61,226742
30040,0.001197,74.125.24.0-255,2902,126704,61,226742
30041,0.0012,172.31.40.0-255,66,126770,61,226742
30042,0.001229,172.31.40.0-255,66,126836,61,226742
30043,0.001234,74.125.24.0-255,1484,128320,61,226742
30044,0.001268,74.125.24.0-255,6438,134758,61,226742
30045,0.001267,172.31.40.0-255,66,134824,61,226742
30046,0.001271,172.31.40.0-255,66,134890,61,226742
30047,0.001516,74.125.24.0-255,1484,136374,61,226742
30048,0.001532,74.125.24.0-255,2902,139276,61,226742
30049,0.001535,172.31.40.0-255,66,139342,61,226742
30050,0.001541,74.125.24.0-255,5738,145080,61,226742
30051,0.001549,172.31.40.0-255,66,145146,61,226742
30052,0.001603,74.125.24.0-255,7156,152302,61,226742
30053,0.001604,172.31.40.0-255,66,152368,61,226742
30054,0.001607,172.31.40.0-255,66,152434,61,226742
30055,0.001622,74.125.24.0-255,3602,156036,61,226742
30056,0.001625,74.125.24.0-255,1484,157520,61,226742
30057,0.001629,172.31.40.0-255,66,157586,61,226742
30058,0.001647,74.125.24.0-255,2902,160488,61,226742
30059,0.00165,172.31.40.0-255,66,160554,61,226742
30060,0.001671,172.31.40.0-255,66,160620,61,226742
30061,0.001679,74.125.24.0-255,4320,164940,61,226742
30062,0.001684,172.31.40.0-255,66,165006,61,226742
30063,0.001709,172.31.40.0-255,66,165072,61,226742
30064,0.001713,74.125.24.0-255,1484,166556,61,226742
30065,0.001725,74.125.24.0-255,766,167322,61,226742
30066,0.001732,172.31.40.0-255,66,167388,61,226742
30067,0.001782,74.125.24.0-255,1484,168872,61,226742
30068,0.001786,74.125.24.0-255,2902,171774,61,226742
30069,0.001796,172.31.40.0-255,66,171840,61,226742
30070,0.001803,74.125.24.0-255,5738,177578,61,226742
30071,0.00181,172.31.40.0-255,66,177644,61,226742
30072,0.001816,74.125.24.0-255,2902,180546,61,226742
30073,0.001828,172.31.40.0-255,66,180612,61,226742
30074,0.001846,74.125.24.0-255,1484,182096,61,226742
30075,0.001847,172.31.40.0-255,66,182162,61,226742
30076,0.001873,74.125.24.0-255,4320,186482,61,226742
30077,0.001882,172.31.40.0-255,66,186548,61,226742
30078,0.001898,74.125.24.0-255,5020,191568,61,226742
30079,0.001909,172.31.40.0-255,66,191634,61,226742
30080,0.001943,74.125.24.0-255,1484,193118,61,226742
30081,0.001948,74.125.24.0-255,2902,196020,61,226742
30082,0.001952,172.31.40.0-255,66,196086,61,226742
30083,0.001972,74.125.24.0-255,5738,201824,61,226742
30084,0.001975,172.31.40.0-255,66,201890,61,226742
30085,0.001982,74.125.24.0-255,5738,207628,61,226742
30086,0.001987,74.125.24.0-255,2902,210530,61,226742
30087,0.001987,172.31.40.0-255,66,210596,61,226742
30088,0.001991,172.31.40.0-255,66,210662,61,226742
30089,0.002009,74.125.24.0-255,4320,214982,61,226742
30090,0.002014,172.31.40.0-255,66,215048,61,226742
30091,0.002038,172.31.40.0-255,66,215114,61,226742
30092,0.002049,74.125.24.0-255,2184,217298,61,226742
30093,0.002052,172.31.40.0-255,66,217364,61,226742
30094,0.002102,172.31.40.0-255,66,217430,61,226742
30095,0.002109,172.31.40.0-255,66,217496,61,226742
30096,0.002127,74.125.24.0-255,2902,220398,61,226742
30097,0.002131,172.31.40.0-255,66,220464,61,226742
30098,0.002172,172.31.40.0-255,66,220530,61,226742
30099,0.002218,172.31.40.0-255,66,220596,61,226742
30100,0.002253,74.125.24.0-255,5738,226334,61,226742
30101,0.002262,172.31.40.0-255,66,226400,61,226742
30102,0.002278,74.125.24.0-255,105,226505,61,226742
30103,0.002287,172.31.40.0-255,66,226571,61,226742
30104,0.003516,172.31.40.0-255,105,226676,61,226742
30105,0.005778,74.125.24.0-255,66,226742,61,226742
30106,0.0,74.125.68.0-255,152,152,61,262705
30107,1.6e-05,172.31.40.0-255,66,218,61,262705
30108,2.2e-05,74.125.68.0-255,1484,1702,61,262705
30109,2.7e-05,172.31.40.0-255,66,1768,61,262705
30110,5.3e-05,74.125.68.0-255,2902,4670,61,262705
30111,5.7e-05,172.31.40.0-255,66,4736,61,262705
30112,8.9e-05,74.125.68.0-255,2902,7638,61,262705
30113,9.1e-05,172.31.40.0-255,66,7704,61,262705
30114,9.8e-05,74.125.68.0-255,4320,12024,61,262705
30115,0.0001,172.31.40.0-255,66,12090,61,262705
30116,0.000129,74.125.68.0-255,2030,14120,61,262705
30117,0.000132,172.31.40.0-255,66,14186,61,262705
30118,0.000255,74.125.68.0-255,1484,15670,61,262705
30119,0.00026,172.31.40.0-255,66,15736,61,262705
30120,0.000266,74.125.68.0-255,2902,18638,61,262705
30121,0.000269,172.31.40.0-255,66,18704,61,262705
30122,0.000277,74.125.68.0-255,1484,20188,61,262705
30123,0.000279,172.31.40.0-255,66,20254,61,262705
30124,0.000304,74.125.68.0-255,2902,23156,61,262705
30125,0.000306,172.31.40.0-255,66,23222,61,262705
30126,0.000335,74.125.68.0-255,1484,24706,61,262705
30127,0.000337,172.31.40.0-255,66,24772,61,262705
30128,0.000367,74.125.68.0-255,6797,31569,61,262705
30129,0.00037,172.31.40.0-255,66,31635,61,262705
30130,0.000384,74.125.68.0-255,2902,34537,61,262705
30131,0.000391,172.31.40.0-255,66,34603,61,262705
30132,0.000425,74.125.68.0-255,5738,40341,61,262705
30133,0.000429,172.31.40.0-255,66,40407,61,262705
30134,0.000436,74.125.68.0-255,5738,46145,61,262705
30135,0.000438,172.31.40.0-255,66,46211,61,262705
30136,0.000445,74.125.68.0-255,7156,53367,61,262705
30137,0.000451,172.31.40.0-255,66,53433,61,262705
30138,0.000465,172.31.40.0-255,66,53499,61,262705
30139,0.000468,74.125.68.0-255,399,53898,61,262705
30140,0.00078,74.125.68.0-255,109,54007,61,262705
30141,0.000839,74.125.68.0-255,1484,55491,61,262705
30142,0.000844,172.31.40.0-255,66,55557,61,262705
30143,0.00085,74.125.68.0-255,2902,58459,61,262705
30144,0.000852,172.31.40.0-255,66,58525,61,262705
30145,0.000863,74.125.68.0-255,5738,64263,61,262705
30146,0.000865,172.31.40.0-255,66,64329,61,262705
30147,0.000893,74.125.68.0-255,7156,71485,61,262705
30148,0.000895,172.31.40.0-255,66,71551,61,262705
30149,0.000928,74.125.68.0-255,5738,77289,61,262705
30150,0.000931,172.31.40.0-255,66,77355,61,262705
30151,0.000947,74.125.68.0-255,4320,81675,61,262705
30152,0.00095,172.31.40.0-255,66,81741,61,262705
30153,0.000972,74.125.68.0-255,5738,87479,61,262705
30154,0.000975,172.31.40.0-255,66,87545,61,262705
30155,0.000978,74.125.68.0-255,766,88311,61,262705
30156,0.001044,74.125.68.0-255,331,88642,61,262705
30157,0.001063,74.125.68.0-255,1484,90126,61,262705
30158,0.001066,172.31.40.0-255,66,90192,61,262705
30159,0.001073,74.125.68.0-255,4320,94512,61,262705
30160,0.001075,172.31.40.0-255,66,94578,61,262705
30161,0.001104,74.125.68.0-255,5738,100316,61,262705
30162,0.001106,172.31.40.0-255,66,100382,61,262705
30163,0.001113,74.125.68.0-255,5738,106120,61,262705
30164,0.001116,172.31.40.0-255,66,106186,61,262705
30165,0.001142,74.125.68.0-255,1484,107670,61,262705
30166,0.001149,74.125.68.0-255,7156,114826,61,262705
30167,0.001155,172.31.40.0-255,66,114892,61,262705
30168,0.001183,74.125.68.0-255,4320,119212,61,262705
30169,0.00119,172.31.40.0-255,66,119278,61,262705
30170,0.001209,74.125.68.0-255,3602,122880,61,262705
30171,0.001212,172.31.40.0-255,66,122946,61,262705
30172,0.003181,74.125.68.0-255,1484,124430,61,262705
30173,0.00321,74.125.68.0-255,4320,128750,61,262705
30174,0.003216,172.31.40.0-255,66,128816,61,262705
30175,0.005202,74.125.68.0-255,4320,133136,61,262705
30176,0.005207,172.31.40.0-255,66,133202,61,262705
30177,0.005231,74.125.68.0-255,1484,134686,61,262705
30178,0.007193,74.125.68.0-255,4320,139006,61,262705
30179,0.007199,172.31.40.0-255,66,139072,61,262705
30180,0.009209,74.125.68.0-255,5738,144810,61,262705
30181,0.009221,172.31.40.0-255,66,144876,61,262705
30182,0.011228,74.125.68.0-255,5738,150614,61,262705
30183,0.011245,172.31.40.0-255,66,150680,61,262705
30184,0.013245,74.125.68.0-255,5738,156418,61,262705
30185,0.013255,172.31.40.0-255,66,156484,61,262705
30186,0.015259,74.125.68.0-255,5738,162222,61,262705
30187,0.015268,172.31.40.0-255,66,162288,61,262705
30188,0.017265,74.125.68.0-255,5738,168026,61,262705
30189,0.017274,172.31.40.0-255,66,168092,61,262705
30190,0.019286,74.125.68.0-255,5738,173830,61,262705
30191,0.019293,172.31.40.0-255,66,173896,61,262705
30192,0.021292,74.125.68.0-255,5738,179634,61,262705
30193,0.021299,172.31.40.0-255,66,179700,61,262705
30194,0.023293,74.125.68.0-255,5738,185438,61,262705
30195,0.0233,172.31.40.0-255,66,185504,61,262705
30196,0.025294,74.125.68.0-255,5738,191242,61,262705
30197,0.025302,172.31.40.0-255,66,191308,61,262705
30198,0.027307,74.125.68.0-255,4320,195628,61,262705
30199,0.027312,172.31.40.0-255,66,195694,61,262705
30200,0.027339,74.125.68.0-255,1484,197178,61,262705
30201,0.028092,172.31.40.0-255,172,197350,61,262705
30202,0.028118,172.31.40.0-255,1120,198470,61,262705
30203,0.028165,172.31.40.0-255,1514,199984,61,262705
30204,0.028167,172.31.40.0-255,1275,201259,61,262705
30205,0.02932,74.125.68.0-255,4320,205579,61,262705
30206,0.029327,172.31.40.0-255,66,205645,61,262705
30207,0.029659,104.244.42.0-255,66,205711,61,262705
30208,0.029668,104.244.42.0-255,66,205777,61,262705
30209,0.029754,104.244.42.0-255,66,205843,61,262705
30210,0.031291,104.244.42.0-255,108,205951,61,262705
30211,0.031299,172.31.40.0-255,66,206017,61,262705
30212,0.031317,74.125.68.0-255,4320,210337,61,262705
30213,0.031321,172.31.40.0-255,66,210403,61,262705
30214,0.031347,74.125.68.0-255,1484,211887,61,262705
30215,0.033321,74.125.68.0-255,4320,216207,61,262705
30216,0.033328,172.31.40.0-255,66,216273,61,262705
30217,0.035329,74.125.68.0-255,5738,222011,61,262705
30218,0.035336,172.31.40.0-255,66,222077,61,262705
30219,0.03735,74.125.68.0-255,5738,227815,61,262705
30220,0.037356,172.31.40.0-255,66,227881,61,262705
30221,0.03935,74.125.68.0-255,5738,233619,61,262705
30222,0.039357,172.31.40.0-255,66,233685,61,262705
30223,0.041348,74.125.68.0-255,5738,239423,61,262705
30224,0.041357,172.31.40.0-255,66,239489,61,262705
30225,0.043428,74.125.68.0-255,5738,245227,61,262705
30226,0.043435,172.31.40.0-255,66,245293,61,262705
30227,0.045439,74.125.68.0-255,5738,251031,61,262705
30228,0.045446,172.31.40.0-255,66,251097,61,262705
30229,0.047454,74.125.68.0-255,5738,256835,61,262705
30230,0.04746,172.31.40.0-255,66,256901,61,262705
30231,0.049467,74.125.68.0-255,5738,262639,61,262705
30232,0.049474,172.31.40.0-255,66,262705,61,262705
30233,0.0,74.125.68.0-255,153,153,61,273706
30234,2.3e-05,172.31.40.0-255,66,219,61,273706
30235,3.1e-05,74.125.68.0-255,1484,1703,61,273706
30236,3.5e-05,172.31.40.0-255,66,1769,61,273706
30237,4.1e-05,74.125.68.0-255,2902,4671,61,273706
30238,4.4e-05,172.31.40.0-255,66,4737,61,273706
30239,5.2e-05,74.125.68.0-255,7156,11893,61,273706
30240,5.6e-05,172.31.40.0-255,66,11959,61,273706
30241,6.1e-05,74.125.68.0-255,2137,14096,61,273706
30242,6.4e-05,172.31.40.0-255,66,14162,61,273706
30243,0.000393,74.125.68.0-255,1484,15646,61,273706
30244,0.000399,172.31.40.0-255,66,15712,61,273706
30245,0.000405,74.125.68.0-255,2902,18614,61,273706
30246,0.000409,172.31.40.0-255,66,18680,61,273706
30247,0.000436,74.125.68.0-255,4320,23000,61,273706
30248,0.000439,172.31.40.0-255,66,23066,61,273706
30249,0.000474,172.31.40.0-255,66,23132,61,273706
30250,0.000646,74.125.68.0-255,1484,24616,61,273706
30251,0.000651,172.31.40.0-255,66,24682,61,273706
30252,0.000657,74.125.68.0-255,2902,27584,61,273706
30253,0.00066,172.31.40.0-255,66,27650,61,273706
30254,0.000663,74.125.68.0-255,1484,29134,61,273706
30255,0.000666,172.31.40.0-255,66,29200,61,273706
30256,0.00069,74.125.68.0-255,2902,32102,61,273706
30257,0.000694,172.31.40.0-255,66,32168,61,273706
30258,0.000714,74.125.68.0-255,4320,36488,61,273706
30259,0.000717,172.31.40.0-255,66,36554,61,273706
30260,0.000747,74.125.68.0-255,5379,41933,61,273706
30261,0.00075,172.31.40.0-255,66,41999,61,273706
30262,0.000757,74.125.68.0-255,4320,46319,61,273706
30263,0.00076,172.31.40.0-255,66,46385,61,273706
30264,0.000781,74.125.68.0-255,2902,49287,61,273706
30265,0.000784,172.31.40.0-255,66,49353,61,273706
30266,0.00081,172.31.40.0-255,66,49419,61,273706
30267,0.000883,74.125.68.0-255,646,50065,61,273706
30268,0.001141,74.125.68.0-255,1484,51549,61,273706
30269,0.001147,74.125.68.0-255,2902,54451,61,273706
30270,0.001152,172.31.40.0-255,66,54517,61,273706
30271,0.001156,172.31.40.0-255,66,54583,61,273706
30272,0.001179,74.125.68.0-255,5738,60321,61,273706
30273,0.001182,172.31.40.0-255,66,60387,61,273706
30274,0.001188,74.125.68.0-255,5738,66125,61,273706
30275,0.00119,172.31.40.0-255,66,66191,61,273706
30276,0.001218,74.125.68.0-255,7156,73347,61,273706
30277,0.001221,172.31.40.0-255,66,73413,61,273706
30278,0.001243,74.125.68.0-255,5738,79151,61,273706
30279,0.001245,172.31.40.0-255,66,79217,61,273706
30280,0.001262,74.125.68.0-255,5020,84237,61,273706
30281,0.001265,172.31.40.0-255,66,84303,61,273706
30282,0.001301,74.125.68.0-255,1484,85787,61,273706
30283,0.001329,74.125.68.0-255,1484,87271,61,273706
30284,0.001332,172.31.40.0-255,66,87337,61,273706
30285,0.001349,74.125.68.0-255,1484,88821,61,273706
30286,0.001355,74.125.68.0-255,4320,93141,61,273706
30287,0.001358,172.31.40.0-255,66,93207,61,273706
30288,0.001395,74.125.68.0-255,4320,97527,61,273706
30289,0.001398,172.31.40.0-255,66,97593,61,273706
30290,0.001418,74.125.68.0-255,2902,100495,61,273706
30291,0.00142,172.31.40.0-255,66,100561,61,273706
30292,0.001426,74.125.68.0-255,4320,104881,61,273706
30293,0.001428,172.31.40.0-255,66,104947,61,273706
30294,0.001455,74.125.68.0-255,4320,109267,61,273706
30295,0.001458,172.31.40.0-255,66,109333,61,273706
30296,0.001462,74.125.68.0-255,2902,112235,61,273706
30297,0.001464,172.31.40.0-255,66,112301,61,273706
30298,0.001469,74.125.68.0-255,4320,116621,61,273706
30299,0.001472,172.31.40.0-255,66,116687,61,273706
30300,0.001492,74.125.68.0-255,1484,118171,61,273706
30301,0.001502,74.125.68.0-255,766,118937,61,273706
30302,0.001505,172.31.40.0-255,66,119003,61,273706
30303,0.001906,74.125.68.0-255,1484,120487,61,273706
30304,0.001925,74.125.68.0-255,2902,123389,61,273706
30305,0.001929,172.31.40.0-255,66,123455,61,273706
30306,0.001934,74.125.68.0-255,2902,126357,61,273706
30307,0.001936,172.31.40.0-255,66,126423,61,273706
30308,0.001941,74.125.68.0-255,2902,129325,61,273706
30309,0.001942,172.31.40.0-255,66,129391,61,273706
30310,0.001962,74.125.68.0-255,1484,130875,61,273706
30311,0.001996,172.31.40.0-255,66,130941,61,273706
30312,0.002002,74.125.68.0-255,5738,136679,61,273706
30313,0.002004,172.31.40.0-255,66,136745,61,273706
30314,0.00201,74.125.68.0-255,4320,141065,61,273706
30315,0.002012,172.31.40.0-255,66,141131,61,273706
30316,0.002034,74.125.68.0-255,2902,144033,61,273706
30317,0.002037,172.31.40.0-255,66,144099,61,273706
30318,0.00204,74.125.68.0-255,766,144865,61,273706
30319,0.002297,172.31.40.0-255,66,144931,61,273706
30320,0.002311,74.125.68.0-255,1484,146415,61,273706
30321,0.002326,74.125.68.0-255,2902,149317,61,273706
30322,0.002329,74.125.68.0-255,1484,150801,61,273706
30323,0.002332,172.31.40.0-255,66,150867,61,273706
30324,0.00235,74.125.68.0-255,2902,153769,61,273706
30325,0.002352,172.31.40.0-255,66,153835,61,273706
30326,0.002376,172.31.40.0-255,66,153901,61,273706
30327,0.002383,74.125.68.0-255,5738,159639,61,273706
30328,0.002385,172.31.40.0-255,66,159705,61,273706
30329,0.002417,74.125.68.0-255,7156,166861,61,273706
30330,0.002419,172.31.40.0-255,66,166927,61,273706
30331,0.002459,74.125.68.0-255,3602,170529,61,273706
30332,0.002462,172.31.40.0-255,66,170595,61,273706
30333,0.005025,74.125.68.0-255,1484,172079,61,273706
30334,0.005084,74.125.68.0-255,4320,176399,61,273706
30335,0.005091,172.31.40.0-255,66,176465,61,273706
30336,0.007718,74.125.68.0-255,5738,182203,61,273706
30337,0.007722,172.31.40.0-255,66,182269,61,273706
30338,0.010365,74.125.68.0-255,5738,188007,61,273706
30339,0.010377,172.31.40.0-255,66,188073,61,273706
30340,0.013012,74.125.68.0-255,5738,193811,61,273706
30341,0.013027,172.31.40.0-255,66,193877,61,273706
30342,0.015682,74.125.68.0-255,5738,199615,61,273706
30343,0.015694,172.31.40.0-255,66,199681,61,273706
30344,0.018325,74.125.68.0-255,5738,205419,61,273706
30345,0.01834,172.31.40.0-255,66,205485,61,273706
30346,0.020977,74.125.68.0-255,5738,211223,61,273706
30347,0.020988,172.31.40.0-255,66,211289,61,273706
30348,0.023623,74.125.68.0-255,5738,217027,61,273706
30349,0.023635,172.31.40.0-255,66,217093,61,273706
30350,0.026275,74.125.68.0-255,5738,222831,61,273706
30351,0.02629,172.31.40.0-255,66,222897,61,273706
30352,0.028927,74.125.68.0-255,5738,228635,61,273706
30353,0.028945,172.31.40.0-255,66,228701,61,273706
30354,0.031578,74.125.68.0-255,5738,234439,61,273706
30355,0.031593,172.31.40.0-255,66,234505,61,273706
30356,0.034248,74.125.68.0-255,5738,240243,61,273706
30357,0.034265,172.31.40.0-255,66,240309,61,273706
30358,0.036907,74.125.68.0-255,5738,246047,61,273706
30359,0.036924,172.31.40.0-255,66,246113,61,273706
30360,0.039577,74.125.68.0-255,5738,251851,61,273706
30361,0.039594,172.31.40.0-255,66,251917,61,273706
30362,0.042293,74.125.68.0-255,5738,257655,61,273706
30363,0.042306,172.31.40.0-255,66,257721,61,273706
30364,0.044939,74.125.68.0-255,5738,263459,61,273706
30365,0.044953,172.31.40.0-255,66,263525,61,273706
30366,0.047612,74.125.68.0-255,5738,269263,61,273706
30367,0.047632,172.31.40.0-255,66,269329,61,273706
30368,0.048162,172.31.40.0-255,270,269599,61,273706
30369,0.048197,172.31.40.0-255,1121,270720,61,273706
30370,0.048256,172.31.40.0-255,1514,272234,61,273706
30371,0.048258,172.31.40.0-255,1274,273508,61,273706
30372,0.049681,104.244.42.0-255,66,273574,61,273706
30373,0.049703,104.244.42.0-255,66,273640,61,273706
30374,0.049795,104.244.42.0-255,66,273706,61,273706
30375,0.0,172.253.118.0-255,153,153,61,283501
30376,2.3e-05,172.31.40.0-255,66,219,61,283501
30377,3.1e-05,172.253.118.0-255,1484,1703,61,283501
30378,3.5e-05,172.31.40.0-255,66,1769,61,283501
30379,4.1e-05,172.253.118.0-255,2902,4671,61,283501
30380,4.4e-05,172.31.40.0-255,66,4737,61,283501
30381,6.7e-05,172.253.118.0-255,7156,11893,61,283501
30382,7e-05,172.31.40.0-255,66,11959,61,283501
30383,8.8e-05,172.253.118.0-255,3403,15362,61,283501
30384,9.1e-05,172.31.40.0-255,66,15428,61,283501
30385,9.7e-05,172.253.118.0-255,4320,19748,61,283501
30386,0.0001,172.31.40.0-255,66,19814,61,283501
30387,0.000124,172.253.118.0-255,4320,24134,61,283501
30388,0.000127,172.31.40.0-255,66,24200,61,283501
30389,0.000147,172.253.118.0-255,5738,29938,61,283501
30390,0.000149,172.31.40.0-255,66,30004,61,283501
30391,0.000153,172.253.118.0-255,1125,31129,61,283501
30392,0.000155,172.31.40.0-255,66,31195,61,283501
30393,0.00024,172.253.118.0-255,1484,32679,61,283501
30394,0.000244,172.31.40.0-255,66,32745,61,283501
30395,0.00025,172.253.118.0-255,2902,35647,61,283501
30396,0.000252,172.31.40.0-255,66,35713,61,283501
30397,0.000268,172.253.118.0-255,5738,41451,61,283501
30398,0.00027,172.31.40.0-255,66,41517,61,283501
30399,0.000299,172.253.118.0-255,6797,48314,61,283501
30400,0.000302,172.31.40.0-255,66,48380,61,283501
30401,0.000307,172.253.118.0-255,4320,52700,61,283501
30402,0.000311,172.31.40.0-255,66,52766,61,283501
30403,0.000334,172.253.118.0-255,2902,55668,61,283501
30404,0.000339,172.31.40.0-255,66,55734,61,283501
30405,0.000356,172.253.118.0-255,7156,62890,61,283501
30406,0.000358,172.31.40.0-255,66,62956,61,283501
30407,0.000379,172.253.118.0-255,2856,65812,61,283501
30408,0.000382,172.31.40.0-255,66,65878,61,283501
30409,0.000385,172.253.118.0-255,110,65988,61,283501
30410,0.000483,172.253.118.0-255,1484,67472,61,283501
30411,0.000488,172.31.40.0-255,66,67538,61,283501
30412,0.000509,172.253.118.0-255,2902,70440,61,283501
30413,0.000511,172.31.40.0-255,66,70506,61,283501
30414,0.000516,172.253.118.0-255,4320,74826,61,283501
30415,0.000519,172.31.40.0-255,66,74892,61,283501
30416,0.000537,172.253.118.0-255,1484,76376,61,283501
30417,0.000541,172.253.118.0-255,1484,77860,61,283501
30418,0.000543,172.31.40.0-255,66,77926,61,283501
30419,0.000574,172.31.40.0-255,66,77992,61,283501
30420,0.000587,172.31.40.0-255,66,78058,61,283501
30421,0.00059,172.253.118.0-255,1389,79447,61,283501
30422,0.000821,172.253.118.0-255,1484,80931,61,283501
30423,0.000827,172.31.40.0-255,66,80997,61,283501
30424,0.000834,172.253.118.0-255,2902,83899,61,283501
30425,0.000837,172.31.40.0-255,66,83965,61,283501
30426,0.000843,172.253.118.0-255,5738,89703,61,283501
30427,0.000846,172.31.40.0-255,66,89769,61,283501
30428,0.000848,172.253.118.0-255,1484,91253,61,283501
30429,0.000899,172.31.40.0-255,66,91319,61,283501
30430,0.000906,172.253.118.0-255,7156,98475,61,283501
30431,0.000909,172.31.40.0-255,66,98541,61,283501
30432,0.000961,172.253.118.0-255,6438,104979,61,283501
30433,0.000964,172.31.40.0-255,66,105045,61,283501
30434,0.000998,172.253.118.0-255,4320,109365,61,283501
30435,0.001,172.31.40.0-255,66,109431,61,283501
30436,0.001022,172.253.118.0-255,5738,115169,61,283501
30437,0.00104,172.253.118.0-255,7156,122325,61,283501
30438,0.001054,172.253.118.0-255,4320,126645,61,283501
30439,0.001058,172.253.118.0-255,1484,128129,61,283501
30440,0.001091,172.31.40.0-255,66,128195,61,283501
30441,0.001113,172.253.118.0-255,5738,133933,61,283501
30442,0.001131,172.253.118.0-255,5020,138953,61,283501
30443,0.001145,172.31.40.0-255,66,139019,61,283501
30444,0.001175,172.253.118.0-255,1484,140503,61,283501
30445,0.001178,172.253.118.0-255,1484,141987,61,283501
30446,0.001201,172.253.118.0-255,1484,143471,61,283501
30447,0.001208,172.253.118.0-255,5738,149209,61,283501
30448,0.001216,172.31.40.0-255,66,149275,61,283501
30449,0.001246,172.253.118.0-255,1484,150759,61,283501
30450,0.001254,172.31.40.0-255,66,150825,61,283501
30451,0.001288,172.31.40.0-255,66,150891,61,283501
30452,0.001318,172.253.118.0-255,1484,152375,61,283501
30453,0.001321,172.253.118.0-255,1484,153859,61,283501
30454,0.001332,172.253.118.0-255,1484,155343,61,283501
30455,0.001337,172.253.118.0-255,2902,158245,61,283501
30456,0.001341,172.31.40.0-255,66,158311,61,283501
30457,0.001361,172.253.118.0-255,2902,161213,61,283501
30458,0.001366,172.253.118.0-255,4320,165533,61,283501
30459,0.001381,172.253.118.0-255,5738,171271,61,283501
30460,0.001385,172.31.40.0-255,66,171337,61,283501
30461,0.001407,172.253.118.0-255,5738,177075,61,283501
30462,0.001421,172.31.40.0-255,66,177141,61,283501
30463,0.001458,172.253.118.0-255,1484,178625,61,283501
30464,0.001462,172.253.118.0-255,1484,180109,61,283501
30465,0.001474,172.253.118.0-255,1484,181593,61,283501
30466,0.001481,172.253.118.0-255,5738,187331,61,283501
30467,0.001496,172.31.40.0-255,66,187397,61,283501
30468,0.001525,172.253.118.0-255,5738,193135,61,283501
30469,0.001532,172.31.40.0-255,66,193201,61,283501
30470,0.001564,172.253.118.0-255,7156,200357,61,283501
30471,0.00159,172.31.40.0-255,66,200423,61,283501
30472,0.00164,172.253.118.0-255,1484,201907,61,283501
30473,0.001658,172.253.118.0-255,2902,204809,61,283501
30474,0.001664,172.253.118.0-255,5738,210547,61,283501
30475,0.001683,172.31.40.0-255,66,210613,61,283501
30476,0.001714,172.253.118.0-255,4320,214933,61,283501
30477,0.001717,172.253.118.0-255,1484,216417,61,283501
30478,0.001736,172.253.118.0-255,4320,220737,61,283501
30479,0.001743,172.31.40.0-255,66,220803,61,283501
30480,0.001811,172.31.40.0-255,66,220869,61,283501
30481,0.001825,172.253.118.0-255,5020,225889,61,283501
30482,0.001829,172.31.40.0-255,66,225955,61,283501
30483,0.001892,172.253.118.0-255,1484,227439,61,283501
30484,0.001897,172.253.118.0-255,2902,230341,61,283501
30485,0.0019,172.253.118.0-255,1484,231825,61,283501
30486,0.001911,172.31.40.0-255,66,231891,61,283501
30487,0.001921,172.253.118.0-255,4320,236211,61,283501
30488,0.001924,172.253.118.0-255,1484,237695,61,283501
30489,0.001933,172.31.40.0-255,66,237761,61,283501
30490,0.001955,172.253.118.0-255,1484,239245,61,283501
30491,0.001959,172.253.118.0-255,2902,242147,61,283501
30492,0.001985,172.31.40.0-255,66,242213,61,283501
30493,0.001989,172.31.40.0-255,66,242279,61,283501
30494,0.002051,172.253.118.0-255,1484,243763,61,283501
30495,0.002055,172.253.118.0-255,2902,246665,61,283501
30496,0.00206,172.31.40.0-255,66,246731,61,283501
30497,0.002073,172.253.118.0-255,5738,252469,61,283501
30498,0.002094,172.253.118.0-255,4320,256789,61,283501
30499,0.002104,172.31.40.0-255,66,256855,61,283501
30500,0.002116,172.31.40.0-255,66,256921,61,283501
30501,0.002154,172.31.40.0-255,66,256987,61,283501
30502,0.002167,172.253.118.0-255,1484,258471,61,283501
30503,0.002217,172.31.40.0-255,66,258537,61,283501
30504,0.002237,172.31.40.0-255,66,258603,61,283501
30505,0.002244,172.253.118.0-255,5020,263623,61,283501
30506,0.002279,172.31.40.0-255,66,263689,61,283501
30507,0.002284,172.31.40.0-255,66,263755,61,283501
30508,0.002301,172.253.118.0-255,5738,269493,61,283501
30509,0.002315,172.253.118.0-255,2902,272395,61,283501
30510,0.002317,172.31.40.0-255,66,272461,61,283501
30511,0.002321,172.31.40.0-255,66,272527,61,283501
30512,0.002329,172.253.118.0-255,1914,274441,61,283501
30513,0.002344,172.253.118.0-255,105,274546,61,283501
30514,0.002349,172.31.40.0-255,66,274612,61,283501
30515,0.009184,172.31.40.0-255,101,274713,61,283501
30516,0.010747,172.31.40.0-255,105,274818,61,283501
30517,0.011702,172.253.118.0-255,66,274884,61,283501
30518,0.013252,172.253.118.0-255,66,274950,61,283501
30519,0.043793,172.31.40.0-255,172,275122,61,283501
30520,0.044268,172.31.40.0-255,1120,276242,61,283501
30521,0.044336,172.31.40.0-255,1514,277756,61,283501
30522,0.044338,172.31.40.0-255,1514,279270,61,283501
30523,0.044343,172.31.40.0-255,1514,280784,61,283501
30524,0.044344,172.31.40.0-255,1514,282298,61,283501
30525,0.044362,172.31.40.0-255,939,283237,61,283501
30526,0.045282,104.244.42.0-255,66,283303,61,283501
30527,0.045764,104.244.42.0-255,66,283369,61,283501
30528,0.045846,104.244.42.0-255,66,283435,61,283501
30529,0.04585,104.244.42.0-255,66,283501,61,283501
30530,0.0,74.125.24.0-255,152,152,61,251841
30531,2e-05,172.31.40.0-255,66,218,61,251841
30532,2.7e-05,74.125.24.0-255,1484,1702,61,251841
30533,3.1e-05,172.31.40.0-255,66,1768,61,251841
30534,3.6e-05,74.125.24.0-255,2902,4670,61,251841
30535,4e-05,172.31.40.0-255,66,4736,61,251841
30536,4.8e-05,74.125.24.0-255,7156,11892,61,251841
30537,5.1e-05,172.31.40.0-255,66,11958,61,251841
30538,0.0001,172.31.40.0-255,66,12024,61,251841
30539,0.000122,74.125.24.0-255,5738,17762,61,251841
30540,0.000124,172.31.40.0-255,66,17828,61,251841
30541,0.000141,74.125.24.0-255,1125,18953,61,251841
30542,0.000144,172.31.40.0-255,66,19019,61,251841
30543,0.000178,74.125.24.0-255,1484,20503,61,251841
30544,0.00018,172.31.40.0-255,66,20569,61,251841
30545,0.000193,74.125.24.0-255,2902,23471,61,251841
30546,0.000196,172.31.40.0-255,66,23537,61,251841
30547,0.000199,74.125.24.0-255,1484,25021,61,251841
30548,0.000201,172.31.40.0-255,66,25087,61,251841
30549,0.000228,74.125.24.0-255,4320,29407,61,251841
30550,0.00023,172.31.40.0-255,66,29473,61,251841
30551,0.000237,74.125.24.0-255,6797,36270,61,251841
30552,0.000239,172.31.40.0-255,66,36336,61,251841
30553,0.000243,74.125.24.0-255,2902,39238,61,251841
30554,0.000245,172.31.40.0-255,66,39304,61,251841
30555,0.000276,172.31.40.0-255,66,39370,61,251841
30556,0.000281,74.125.24.0-255,2838,42208,61,251841
30557,0.000284,172.31.40.0-255,66,42274,61,251841
30558,0.000396,74.125.24.0-255,133,42407,61,251841
30559,0.000401,172.31.40.0-255,66,42473,61,251841
30560,0.000405,74.125.24.0-255,346,42819,61,251841
30561,0.000759,74.125.24.0-255,1484,44303,61,251841
30562,0.000764,172.31.40.0-255,66,44369,61,251841
30563,0.000772,74.125.24.0-255,2902,47271,61,251841
30564,0.000774,172.31.40.0-255,66,47337,61,251841
30565,0.000781,74.125.24.0-255,4320,51657,61,251841
30566,0.000783,172.31.40.0-255,66,51723,61,251841
30567,0.000814,74.125.24.0-255,1484,53207,61,251841
30568,0.000829,172.31.40.0-255,66,53273,61,251841
30569,0.000842,172.31.40.0-255,66,53339,61,251841
30570,0.001292,74.125.24.0-255,1484,54823,61,251841
30571,0.001299,74.125.24.0-255,2902,57725,61,251841
30572,0.001303,172.31.40.0-255,66,57791,61,251841
30573,0.00131,74.125.24.0-255,5738,63529,61,251841
30574,0.001312,172.31.40.0-255,66,63595,61,251841
30575,0.001352,172.31.40.0-255,66,63661,61,251841
30576,0.001394,172.31.40.0-255,66,63727,61,251841
30577,0.001416,74.125.24.0-255,5020,68747,61,251841
30578,0.001419,172.31.40.0-255,66,68813,61,251841
30579,0.001503,74.125.24.0-255,1484,70297,61,251841
30580,0.001509,74.125.24.0-255,2902,73199,61,251841
30581,0.001512,172.31.40.0-255,66,73265,61,251841
30582,0.001528,74.125.24.0-255,5738,79003,61,251841
30583,0.00153,172.31.40.0-255,66,79069,61,251841
30584,0.001568,172.31.40.0-255,66,79135,61,251841
30585,0.001586,74.125.24.0-255,2902,82037,61,251841
30586,0.001588,172.31.40.0-255,66,82103,61,251841
30587,0.001625,172.31.40.0-255,66,82169,61,251841
30588,0.00173,74.125.24.0-255,1484,83653,61,251841
30589,0.001737,74.125.24.0-255,2902,86555,61,251841
30590,0.001741,172.31.40.0-255,66,86621,61,251841
30591,0.001748,74.125.24.0-255,5738,92359,61,251841
30592,0.00175,172.31.40.0-255,66,92425,61,251841
30593,0.001796,172.31.40.0-255,66,92491,61,251841
30594,0.001814,74.125.24.0-255,1484,93975,61,251841
30595,0.001828,172.31.40.0-255,66,94041,61,251841
30596,0.002203,74.125.24.0-255,1484,95525,61,251841
30597,0.00221,74.125.24.0-255,2902,98427,61,251841
30598,0.002216,172.31.40.0-255,66,98493,61,251841
30599,0.002223,74.125.24.0-255,5738,104231,61,251841
30600,0.002226,172.31.40.0-255,66,104297,61,251841
30601,0.002254,172.31.40.0-255,66,104363,61,251841
30602,0.002296,74.125.24.0-255,5738,110101,61,251841
30603,0.002299,172.31.40.0-255,66,110167,61,251841
30604,0.002326,172.31.40.0-255,66,110233,61,251841
30605,0.00236,74.125.24.0-255,1484,111717,61,251841
30606,0.002376,74.125.24.0-255,2902,114619,61,251841
30607,0.002379,172.31.40.0-255,66,114685,61,251841
30608,0.002419,74.125.24.0-255,4320,119005,61,251841
30609,0.002423,172.31.40.0-255,66,119071,61,251841
30610,0.002458,74.125.24.0-255,1484,120555,61,251841
30611,0.002478,74.125.24.0-255,2902,123457,61,251841
30612,0.002482,172.31.40.0-255,66,123523,61,251841
30613,0.002493,74.125.24.0-255,4320,127843,61,251841
30614,0.002496,172.31.40.0-255,66,127909,61,251841
30615,0.002502,74.125.24.0-255,5738,133647,61,251841
30616,0.002504,172.31.40.0-255,66,133713,61,251841
30617,0.002542,74.125.24.0-255,5738,139451,61,251841
30618,0.002545,172.31.40.0-255,66,139517,61,251841
30619,0.002559,74.125.24.0-255,5020,144537,61,251841
30620,0.002562,172.31.40.0-255,66,144603,61,251841
30621,0.005093,74.125.24.0-255,4320,148923,61,251841
30622,0.005099,172.31.40.0-255,66,148989,61,251841
30623,0.005112,74.125.24.0-255,1484,150473,61,251841
30624,0.007707,74.125.24.0-255,4320,154793,61,251841
30625,0.007719,172.31.40.0-255,66,154859,61,251841
30626,0.010271,74.125.24.0-255,5738,160597,61,251841
30627,0.010287,172.31.40.0-255,66,160663,61,251841
30628,0.011752,172.31.40.0-255,101,160764,61,251841
30629,0.012837,74.125.24.0-255,5738,166502,61,251841
30630,0.012843,172.31.40.0-255,66,166568,61,251841
30631,0.014263,74.125.24.0-255,66,166634,61,251841
30632,0.01541,74.125.24.0-255,5738,172372,61,251841
30633,0.015417,172.31.40.0-255,66,172438,61,251841
30634,0.017955,74.125.24.0-255,5738,178176,61,251841
30635,0.017963,172.31.40.0-255,66,178242,61,251841
30636,0.020501,74.125.24.0-255,5738,183980,61,251841
30637,0.020509,172.31.40.0-255,66,184046,61,251841
30638,0.023065,74.125.24.0-255,5738,189784,61,251841
30639,0.023072,172.31.40.0-255,66,189850,61,251841
30640,0.025621,74.125.24.0-255,5738,195588,61,251841
30641,0.025629,172.31.40.0-255,66,195654,61,251841
30642,0.028174,74.125.24.0-255,5738,201392,61,251841
30643,0.028181,172.31.40.0-255,66,201458,61,251841
30644,0.030719,74.125.24.0-255,5738,207196,61,251841
30645,0.030727,172.31.40.0-255,66,207262,61,251841
30646,0.033285,74.125.24.0-255,5738,213000,61,251841
30647,0.033294,172.31.40.0-255,66,213066,61,251841
30648,0.035856,74.125.24.0-255,5738,218804,61,251841
30649,0.035863,172.31.40.0-255,66,218870,61,251841
30650,0.038416,74.125.24.0-255,5738,224608,61,251841
30651,0.038423,172.31.40.0-255,66,224674,61,251841
30652,0.040966,74.125.24.0-255,5738,230412,61,251841
30653,0.040973,172.31.40.0-255,66,230478,61,251841
30654,0.04351,74.125.24.0-255,5738,236216,61,251841
30655,0.04352,172.31.40.0-255,66,236282,61,251841
30656,0.044342,172.31.40.0-255,171,236453,61,251841
30657,0.044375,172.31.40.0-255,1139,237592,61,251841
30658,0.044436,172.31.40.0-255,1514,239106,61,251841
30659,0.04444,172.31.40.0-255,1061,240167,61,251841
30660,0.046025,104.244.42.0-255,66,240233,61,251841
30661,0.046055,74.125.24.0-255,5738,245971,61,251841
30662,0.04606,172.31.40.0-255,66,246037,61,251841
30663,0.048643,74.125.24.0-255,5738,251775,61,251841
30664,0.04865,172.31.40.0-255,66,251841,61,251841
30665,0.0,74.125.200.0-255,150,150,61,263063
30666,2.4e-05,172.31.40.0-255,66,216,61,263063
30667,3.1e-05,74.125.200.0-255,1484,1700,61,263063
30668,3.6e-05,172.31.40.0-255,66,1766,61,263063
30669,4.1e-05,74.125.200.0-255,2902,4668,61,263063
30670,4.4e-05,172.31.40.0-255,66,4734,61,263063
30671,5e-05,74.125.200.0-255,2902,7636,61,263063
30672,5.3e-05,172.31.40.0-255,66,7702,61,263063
30673,7.5e-05,74.125.200.0-255,4320,12022,61,263063
30674,8e-05,172.31.40.0-255,66,12088,61,263063
30675,8.4e-05,74.125.200.0-255,1999,14087,61,263063
30676,8.6e-05,172.31.40.0-255,66,14153,61,263063
30677,0.000112,74.125.200.0-255,2902,17055,61,263063
30678,0.000114,172.31.40.0-255,66,17121,61,263063
30679,0.000146,74.125.200.0-255,4320,21441,61,263063
30680,0.000149,172.31.40.0-255,66,21507,61,263063
30681,0.000166,74.125.200.0-255,5738,27245,61,263063
30682,0.000168,172.31.40.0-255,66,27311,61,263063
30683,0.000185,74.125.200.0-255,2902,30213,61,263063
30684,0.000187,172.31.40.0-255,66,30279,61,263063
30685,0.00019,74.125.200.0-255,1125,31404,61,263063
30686,0.000193,172.31.40.0-255,66,31470,61,263063
30687,0.000265,74.125.200.0-255,1484,32954,61,263063
30688,0.000269,172.31.40.0-255,66,33020,61,263063
30689,0.000275,74.125.200.0-255,2902,35922,61,263063
30690,0.000277,172.31.40.0-255,66,35988,61,263063
30691,0.000307,74.125.200.0-255,5738,41726,61,263063
30692,0.00031,172.31.40.0-255,66,41792,61,263063
30693,0.000314,74.125.200.0-255,2902,44694,61,263063
30694,0.000316,172.31.40.0-255,66,44760,61,263063
30695,0.000332,74.125.200.0-255,3961,48721,61,263063
30696,0.000335,172.31.40.0-255,66,48787,61,263063
30697,0.000355,74.125.200.0-255,7156,55943,61,263063
30698,0.000358,172.31.40.0-255,66,56009,61,263063
30699,0.000392,172.31.40.0-255,66,56075,61,263063
30700,0.000437,74.125.200.0-255,413,56488,61,263063
30701,0.000468,74.125.200.0-255,330,56818,61,263063
30702,0.000725,74.125.200.0-255,1484,58302,61,263063
30703,0.000731,172.31.40.0-255,66,58368,61,263063
30704,0.000735,74.125.200.0-255,1484,59852,61,263063
30705,0.000751,74.125.200.0-255,1484,61336,61,263063
30706,0.000754,172.31.40.0-255,66,61402,61,263063
30707,0.000761,74.125.200.0-255,5738,67140,61,263063
30708,0.000764,172.31.40.0-255,66,67206,61,263063
30709,0.000796,172.31.40.0-255,66,67272,61,263063
30710,0.000803,74.125.200.0-255,7156,74428,61,263063
30711,0.000805,172.31.40.0-255,66,74494,61,263063
30712,0.000817,74.125.200.0-255,2902,77396,61,263063
30713,0.00082,172.31.40.0-255,66,77462,61,263063
30714,0.000847,74.125.200.0-255,5020,82482,61,263063
30715,0.000849,172.31.40.0-255,66,82548,61,263063
30716,0.001581,74.125.200.0-255,1484,84032,61,263063
30717,0.001588,74.125.200.0-255,2902,86934,61,263063
30718,0.001592,172.31.40.0-255,66,87000,61,263063
30719,0.001608,74.125.200.0-255,5738,92738,61,263063
30720,0.00161,172.31.40.0-255,66,92804,61,263063
30721,0.001632,74.125.200.0-255,4320,97124,61,263063
30722,0.001635,172.31.40.0-255,66,97190,61,263063
30723,0.001655,74.125.200.0-255,5738,102928,61,263063
30724,0.001657,172.31.40.0-255,66,102994,61,263063
30725,0.001691,74.125.200.0-255,4320,107314,61,263063
30726,0.001693,172.31.40.0-255,66,107380,61,263063
30727,0.001727,74.125.200.0-255,5738,113118,61,263063
30728,0.00173,172.31.40.0-255,66,113184,61,263063
30729,0.001735,74.125.200.0-255,2902,116086,61,263063
30730,0.001737,172.31.40.0-255,66,116152,61,263063
30731,0.00177,74.125.200.0-255,766,116918,61,263063
30732,0.00208,172.31.40.0-255,66,116984,61,263063
30733,0.003677,74.125.200.0-255,4320,121304,61,263063
30734,0.003684,172.31.40.0-255,66,121370,61,263063
30735,0.00402,74.125.200.0-255,1484,122854,61,263063
30736,0.005623,74.125.200.0-255,4320,127174,61,263063
30737,0.005626,172.31.40.0-255,66,127240,61,263063
30738,0.00758,74.125.200.0-255,5738,132978,61,263063
30739,0.007586,172.31.40.0-255,66,133044,61,263063
30740,0.009529,74.125.200.0-255,5738,138782,61,263063
30741,0.009537,172.31.40.0-255,66,138848,61,263063
30742,0.011484,74.125.200.0-255,5738,144586,61,263063
30743,0.011491,172.31.40.0-255,66,144652,61,263063
30744,0.013442,74.125.200.0-255,5738,150390,61,263063
30745,0.013449,172.31.40.0-255,66,150456,61,263063
30746,0.015395,74.125.200.0-255,5738,156194,61,263063
30747,0.015402,172.31.40.0-255,66,156260,61,263063
30748,0.017351,74.125.200.0-255,5738,161998,61,263063
30749,0.01736,172.31.40.0-255,66,162064,61,263063
30750,0.019304,74.125.200.0-255,5738,167802,61,263063
30751,0.019311,172.31.40.0-255,66,167868,61,263063
30752,0.021258,74.125.200.0-255,5738,173606,61,263063
30753,0.021266,172.31.40.0-255,66,173672,61,263063
30754,0.023225,74.125.200.0-255,5738,179410,61,263063
30755,0.023232,172.31.40.0-255,66,179476,61,263063
30756,0.025182,74.125.200.0-255,5738,185214,61,263063
30757,0.025192,172.31.40.0-255,66,185280,61,263063
30758,0.027141,74.125.200.0-255,5738,191018,61,263063
30759,0.02715,172.31.40.0-255,66,191084,61,263063
30760,0.029129,74.125.200.0-255,5738,196822,61,263063
30761,0.029136,172.31.40.0-255,66,196888,61,263063
30762,0.031077,74.125.200.0-255,5738,202626,61,263063
30763,0.031084,172.31.40.0-255,66,202692,61,263063
30764,0.032432,172.31.40.0-255,172,202864,61,263063
30765,0.032464,172.31.40.0-255,1116,203980,61,263063
30766,0.032535,172.31.40.0-255,1514,205494,61,263063
30767,0.032537,172.31.40.0-255,1514,207008,61,263063
30768,0.032538,172.31.40.0-255,1514,208522,61,263063
30769,0.03254,172.31.40.0-255,1514,210036,61,263063
30770,0.032567,172.31.40.0-255,527,210563,61,263063
30771,0.033034,74.125.200.0-255,5738,216301,61,263063
30772,0.03304,172.31.40.0-255,66,216367,61,263063
30773,0.03397,104.244.42.0-255,66,216433,61,263063
30774,0.034014,104.244.42.0-255,66,216499,61,263063
30775,0.034115,104.244.42.0-255,66,216565,61,263063
30776,0.034121,104.244.42.0-255,66,216631,61,263063
30777,0.035003,74.125.200.0-255,5738,222369,61,263063
30778,0.03501,172.31.40.0-255,66,222435,61,263063
30779,0.036982,74.125.200.0-255,5738,228173,61,263063
30780,0.036993,172.31.40.0-255,66,228239,61,263063
30781,0.038953,74.125.200.0-255,5738,233977,61,263063
30782,0.03896,172.31.40.0-255,66,234043,61,263063
30783,0.040941,74.125.200.0-255,5738,239781,61,263063
30784,0.040957,172.31.40.0-255,66,239847,61,263063
30785,0.042904,74.125.200.0-255,5738,245585,61,263063
30786,0.042915,172.31.40.0-255,66,245651,61,263063
30787,0.044865,74.125.200.0-255,5738,251389,61,263063
30788,0.044875,172.31.40.0-255,66,251455,61,263063
30789,0.046829,74.125.200.0-255,5738,257193,61,263063
30790,0.046843,172.31.40.0-255,66,257259,61,263063
30791,0.048818,74.125.200.0-255,5738,262997,61,263063
30792,0.048834,172.31.40.0-255,66,263063,61,263063
30793,0.0,216.58.221.0-255,146,146,61,244836
30794,3.3e-05,172.31.40.0-255,66,212,61,244836
30795,4.1e-05,216.58.221.0-255,1484,1696,61,244836
30796,4.6e-05,172.31.40.0-255,66,1762,61,244836
30797,5.1e-05,216.58.221.0-255,2902,4664,61,244836
30798,6.4e-05,172.31.40.0-255,66,4730,61,244836
30799,7.2e-05,216.58.221.0-255,7156,11886,61,244836
30800,7.5e-05,172.31.40.0-255,66,11952,61,244836
30801,7.9e-05,216.58.221.0-255,2170,14122,61,244836
30802,8.1e-05,172.31.40.0-255,66,14188,61,244836
30803,0.00012,216.58.221.0-255,1484,15672,61,244836
30804,0.000122,172.31.40.0-255,66,15738,61,244836
30805,0.000128,216.58.221.0-255,2902,18640,61,244836
30806,0.00013,172.31.40.0-255,66,18706,61,244836
30807,0.000142,216.58.221.0-255,5738,24444,61,244836
30808,0.000145,172.31.40.0-255,66,24510,61,244836
30809,0.000151,216.58.221.0-255,4320,28830,61,244836
30810,0.000153,172.31.40.0-255,66,28896,61,244836
30811,0.000199,216.58.221.0-255,2543,31439,61,244836
30812,0.000202,172.31.40.0-255,66,31505,61,244836
30813,0.000316,216.58.221.0-255,1484,32989,61,244836
30814,0.00032,172.31.40.0-255,66,33055,61,244836
30815,0.000324,216.58.221.0-255,2902,35957,61,244836
30816,0.000327,172.31.40.0-255,66,36023,61,244836
30817,0.000334,216.58.221.0-255,5738,41761,61,244836
30818,0.000342,172.31.40.0-255,66,41827,61,244836
30819,0.000347,216.58.221.0-255,4320,46147,61,244836
30820,0.000349,172.31.40.0-255,66,46213,61,244836
30821,0.0004,216.58.221.0-255,2543,48756,61,244836
30822,0.000403,172.31.40.0-255,66,48822,61,244836
30823,0.00059,216.58.221.0-255,1484,50306,61,244836
30824,0.000596,172.31.40.0-255,66,50372,61,244836
30825,0.0006,216.58.221.0-255,1484,51856,61,244836
30826,0.000608,216.58.221.0-255,2902,54758,61,244836
30827,0.00061,172.31.40.0-255,66,54824,61,244836
30828,0.000622,216.58.221.0-255,5738,60562,61,244836
30829,0.000624,172.31.40.0-255,66,60628,61,244836
30830,0.000652,216.58.221.0-255,2902,63530,61,244836
30831,0.000655,172.31.40.0-255,66,63596,61,244836
30832,0.000684,216.58.221.0-255,2834,66430,61,244836
30833,0.000687,172.31.40.0-255,66,66496,61,244836
30834,0.001096,216.58.221.0-255,135,66631,61,244836
30835,0.001206,216.58.221.0-255,1484,68115,61,244836
30836,0.001211,172.31.40.0-255,66,68181,61,244836
30837,0.001216,216.58.221.0-255,2902,71083,61,244836
30838,0.001218,172.31.40.0-255,66,71149,61,244836
30839,0.001225,216.58.221.0-255,5738,76887,61,244836
30840,0.001227,172.31.40.0-255,66,76953,61,244836
30841,0.00128,216.58.221.0-255,6797,83750,61,244836
30842,0.001284,172.31.40.0-255,66,83816,61,244836
30843,0.001309,216.58.221.0-255,2902,86718,61,244836
30844,0.001311,172.31.40.0-255,66,86784,61,244836
30845,0.001317,216.58.221.0-255,4320,91104,61,244836
30846,0.001319,172.31.40.0-255,66,91170,61,244836
30847,0.001358,172.31.40.0-255,66,91236,61,244836
30848,0.001361,216.58.221.0-255,1125,92361,61,244836
30849,0.001547,216.58.221.0-255,1484,93845,61,244836
30850,0.001552,172.31.40.0-255,66,93911,61,244836
30851,0.001585,216.58.221.0-255,2902,96813,61,244836
30852,0.001589,172.31.40.0-255,66,96879,61,244836
30853,0.001595,216.58.221.0-255,4320,101199,61,244836
30854,0.001597,172.31.40.0-255,66,101265,61,244836
30855,0.001613,172.31.40.0-255,66,101331,61,244836
30856,0.001619,216.58.221.0-255,5738,107069,61,244836
30857,0.001621,172.31.40.0-255,66,107135,61,244836
30858,0.001669,172.31.40.0-255,66,107201,61,244836
30859,0.001682,216.58.221.0-255,1484,108685,61,244836
30860,0.00169,216.58.221.0-255,2902,111587,61,244836
30861,0.001692,172.31.40.0-255,66,111653,61,244836
30862,0.001696,216.58.221.0-255,2902,114555,61,244836
30863,0.001698,172.31.40.0-255,66,114621,61,244836
30864,0.001733,216.58.221.0-255,2902,117523,61,244836
30865,0.001736,172.31.40.0-255,66,117589,61,244836
30866,0.00174,216.58.221.0-255,2902,120491,61,244836
30867,0.001742,172.31.40.0-255,66,120557,61,244836
30868,0.001748,216.58.221.0-255,4320,124877,61,244836
30869,0.001749,172.31.40.0-255,66,124943,61,244836
30870,0.001765,172.31.40.0-255,66,125009,61,244836
30871,0.001776,172.31.40.0-255,66,125075,61,244836
30872,0.001927,216.58.221.0-255,1484,126559,61,244836
30873,0.001933,216.58.221.0-255,2902,129461,61,244836
30874,0.001936,172.31.40.0-255,66,129527,61,244836
30875,0.001967,216.58.221.0-255,5738,135265,61,244836
30876,0.001972,172.31.40.0-255,66,135331,61,244836
30877,0.001989,172.31.40.0-255,66,135397,61,244836
30878,0.002004,216.58.221.0-255,4320,139717,61,244836
30879,0.00201,172.31.40.0-255,66,139783,61,244836
30880,0.002015,216.58.221.0-255,2902,142685,61,244836
30881,0.002017,172.31.40.0-255,66,142751,61,244836
30882,0.00202,216.58.221.0-255,1484,144235,61,244836
30883,0.002023,216.58.221.0-255,1484,145719,61,244836
30884,0.002025,172.31.40.0-255,66,145785,61,244836
30885,0.00203,216.58.221.0-255,2902,148687,61,244836
30886,0.002032,172.31.40.0-255,66,148753,61,244836
30887,0.002067,216.58.221.0-255,2184,150937,61,244836
30888,0.00207,172.31.40.0-255,66,151003,61,244836
30889,0.002374,216.58.221.0-255,1484,152487,61,244836
30890,0.002394,216.58.221.0-255,2902,155389,61,244836
30891,0.002398,172.31.40.0-255,66,155455,61,244836
30892,0.002406,216.58.221.0-255,5738,161193,61,244836
30893,0.002408,172.31.40.0-255,66,161259,61,244836
30894,0.002481,172.31.40.0-255,66,161325,61,244836
30895,0.002499,172.31.40.0-255,66,161391,61,244836
30896,0.002504,216.58.221.0-255,5020,166411,61,244836
30897,0.002506,172.31.40.0-255,66,166477,61,244836
30898,0.002637,216.58.221.0-255,1484,167961,61,244836
30899,0.002641,216.58.221.0-255,1484,169445,61,244836
30900,0.002644,172.31.40.0-255,66,169511,61,244836
30901,0.002656,216.58.221.0-255,1484,170995,61,244836
30902,0.002668,216.58.221.0-255,5738,176733,61,244836
30903,0.002671,172.31.40.0-255,66,176799,61,244836
30904,0.002682,216.58.221.0-255,5738,182537,61,244836
30905,0.002684,172.31.40.0-255,66,182603,61,244836
30906,0.002689,216.58.221.0-255,4320,186923,61,244836
30907,0.002692,172.31.40.0-255,66,186989,61,244836
30908,0.002722,216.58.221.0-255,2902,189891,61,244836
30909,0.002729,172.31.40.0-255,66,189957,61,244836
30910,0.00274,172.31.40.0-255,66,190023,61,244836
30911,0.002777,216.58.221.0-255,2184,192207,61,244836
30912,0.00278,172.31.40.0-255,66,192273,61,244836
30913,0.002793,172.31.40.0-255,66,192339,61,244836
30914,0.002819,172.31.40.0-255,66,192405,61,244836
30915,0.002938,216.58.221.0-255,1484,193889,61,244836
30916,0.002944,216.58.221.0-255,2902,196791,61,244836
30917,0.002947,172.31.40.0-255,66,196857,61,244836
30918,0.002951,216.58.221.0-255,1484,198341,61,244836
30919,0.002994,216.58.221.0-255,4320,202661,61,244836
30920,0.002997,172.31.40.0-255,66,202727,61,244836
30921,0.003008,172.31.40.0-255,66,202793,61,244836
30922,0.003025,172.31.40.0-255,66,202859,61,244836
30923,0.003029,216.58.221.0-255,2902,205761,61,244836
30924,0.003032,172.31.40.0-255,66,205827,61,244836
30925,0.003086,172.31.40.0-255,66,205893,61,244836
30926,0.003105,172.31.40.0-255,66,205959,61,244836
30927,0.003121,172.31.40.0-255,66,206025,61,244836
30928,0.00316,216.58.221.0-255,1484,207509,61,244836
30929,0.003166,216.58.221.0-255,2902,210411,61,244836
30930,0.003168,172.31.40.0-255,66,210477,61,244836
30931,0.003195,216.58.221.0-255,4320,214797,61,244836
30932,0.003198,172.31.40.0-255,66,214863,61,244836
30933,0.003205,216.58.221.0-255,4320,219183,61,244836
30934,0.003207,172.31.40.0-255,66,219249,61,244836
30935,0.003229,216.58.221.0-255,4320,223569,61,244836
30936,0.003233,172.31.40.0-255,66,223635,61,244836
30937,0.00324,216.58.221.0-255,1484,225119,61,244836
30938,0.003251,172.31.40.0-255,66,225185,61,244836
30939,0.003293,216.58.221.0-255,1484,226669,61,244836
30940,0.003323,172.31.40.0-255,66,226735,61,244836
30941,0.003326,216.58.221.0-255,1484,228219,61,244836
30942,0.003329,216.58.221.0-255,1484,229703,61,244836
30943,0.003331,172.31.40.0-255,66,229769,61,244836
30944,0.00334,216.58.221.0-255,2902,232671,61,244836
30945,0.003342,172.31.40.0-255,66,232737,61,244836
30946,0.003349,216.58.221.0-255,5738,238475,61,244836
30947,0.003351,172.31.40.0-255,66,238541,61,244836
30948,0.003355,216.58.221.0-255,2692,241233,61,244836
30949,0.003357,172.31.40.0-255,66,241299,61,244836
30950,0.003359,216.58.221.0-255,105,241404,61,244836
30951,0.009101,172.31.40.0-255,66,241470,61,244836
30952,0.009142,172.31.40.0-255,105,241575,61,244836
30953,0.011041,216.58.221.0-255,66,241641,61,244836
30954,0.04791,172.31.40.0-255,172,241813,61,244836
30955,0.047947,172.31.40.0-255,1121,242934,61,244836
30956,0.048007,172.31.40.0-255,1514,244448,61,244836
30957,0.048009,172.31.40.0-255,322,244770,61,244836
30958,0.049805,104.244.42.0-255,66,244836,61,244836
30959,0.0,74.125.200.0-255,146,146,61,313300
30960,2.3e-05,172.31.40.0-255,66,212,61,313300
30961,3e-05,74.125.200.0-255,1484,1696,61,313300
30962,3.5e-05,172.31.40.0-255,66,1762,61,313300
30963,4.3e-05,74.125.200.0-255,2902,4664,61,313300
30964,4.7e-05,172.31.40.0-255,66,4730,61,313300
30965,5.5e-05,74.125.200.0-255,7156,11886,61,313300
30966,5.8e-05,172.31.40.0-255,66,11952,61,313300
30967,6.2e-05,74.125.200.0-255,2152,14104,61,313300
30968,6.5e-05,172.31.40.0-255,66,14170,61,313300
30969,0.000185,74.125.200.0-255,1484,15654,61,313300
30970,0.000189,172.31.40.0-255,66,15720,61,313300
30971,0.000195,74.125.200.0-255,2902,18622,61,313300
30972,0.000198,172.31.40.0-255,66,18688,61,313300
30973,0.000201,74.125.200.0-255,1484,20172,61,313300
30974,0.000203,172.31.40.0-255,66,20238,61,313300
30975,0.000208,74.125.200.0-255,2902,23140,61,313300
30976,0.00021,172.31.40.0-255,66,23206,61,313300
30977,0.000233,74.125.200.0-255,5738,28944,61,313300
30978,0.000236,172.31.40.0-255,66,29010,61,313300
30979,0.00025,74.125.200.0-255,2543,31553,61,313300
30980,0.000253,172.31.40.0-255,66,31619,61,313300
30981,0.000276,74.125.200.0-255,2902,34521,61,313300
30982,0.000279,172.31.40.0-255,66,34587,61,313300
30983,0.000304,74.125.200.0-255,7156,41743,61,313300
30984,0.000307,172.31.40.0-255,66,41809,61,313300
30985,0.000337,172.31.40.0-255,66,41875,61,313300
30986,0.000342,74.125.200.0-255,4320,46195,61,313300
30987,0.000345,172.31.40.0-255,66,46261,61,313300
30988,0.000365,74.125.200.0-255,5738,51999,61,313300
30989,0.000367,172.31.40.0-255,66,52065,61,313300
30990,0.000372,74.125.200.0-255,2902,54967,61,313300
30991,0.000375,172.31.40.0-255,66,55033,61,313300
30992,0.000392,74.125.200.0-255,2184,57217,61,313300
30993,0.000394,172.31.40.0-255,66,57283,61,313300
30994,0.000409,74.125.200.0-255,395,57678,61,313300
30995,0.000482,74.125.200.0-255,1484,59162,61,313300
30996,0.000486,172.31.40.0-255,66,59228,61,313300
30997,0.000491,74.125.200.0-255,2902,62130,61,313300
30998,0.000494,172.31.40.0-255,66,62196,61,313300
30999,0.000522,74.125.200.0-255,4320,66516,61,313300
31000,0.000525,172.31.40.0-255,66,66582,61,313300
31001,0.000531,74.125.200.0-255,5738,72320,61,313300
31002,0.000533,172.31.40.0-255,66,72386,61,313300
31003,0.000572,172.31.40.0-255,66,72452,61,313300
31004,0.000626,172.31.40.0-255,66,72518,61,313300
31005,0.000629,74.125.200.0-255,766,73284,61,313300
31006,0.000632,74.125.200.0-255,348,73632,61,313300
31007,0.00067,74.125.200.0-255,1484,75116,61,313300
31008,0.000673,172.31.40.0-255,66,75182,61,313300
31009,0.000687,74.125.200.0-255,4320,79502,61,313300
31010,0.000738,74.125.200.0-255,4320,83822,61,313300
31011,0.000762,74.125.200.0-255,5738,89560,61,313300
31012,0.000933,172.31.40.0-255,66,89626,61,313300
31013,0.000945,74.125.200.0-255,1484,91110,61,313300
31014,0.000963,74.125.200.0-255,2902,94012,61,313300
31015,0.000966,74.125.200.0-255,1484,95496,61,313300
31016,0.00099,74.125.200.0-255,4320,99816,61,313300
31017,0.000998,74.125.200.0-255,7156,106972,61,313300
31018,0.001011,74.125.200.0-255,1484,108456,61,313300
31019,0.00105,172.31.40.0-255,66,108522,61,313300
31020,0.001061,74.125.200.0-255,2184,110706,61,313300
31021,0.001085,172.31.40.0-255,66,110772,61,313300
31022,0.00152,74.125.200.0-255,1484,112256,61,313300
31023,0.001525,74.125.200.0-255,1484,113740,61,313300
31024,0.001529,172.31.40.0-255,66,113806,61,313300
31025,0.001541,74.125.200.0-255,1484,115290,61,313300
31026,0.001548,74.125.200.0-255,5738,121028,61,313300
31027,0.001561,172.31.40.0-255,66,121094,61,313300
31028,0.001564,74.125.200.0-255,1484,122578,61,313300
31029,0.001584,74.125.200.0-255,7156,129734,61,313300
31030,0.001587,74.125.200.0-255,1484,131218,61,313300
31031,0.001611,172.31.40.0-255,66,131284,61,313300
31032,0.001621,74.125.200.0-255,4320,135604,61,313300
31033,0.001632,172.31.40.0-255,66,135670,61,313300
31034,0.001649,74.125.200.0-255,766,136436,61,313300
31035,0.001758,74.125.200.0-255,1484,137920,61,313300
31036,0.001762,172.31.40.0-255,66,137986,61,313300
31037,0.001768,74.125.200.0-255,2902,140888,61,313300
31038,0.001783,74.125.200.0-255,5738,146626,61,313300
31039,0.001796,172.31.40.0-255,66,146692,61,313300
31040,0.001815,74.125.200.0-255,2902,149594,61,313300
31041,0.001827,172.31.40.0-255,66,149660,61,313300
31042,0.001832,74.125.200.0-255,4320,153980,61,313300
31043,0.001837,172.31.40.0-255,66,154046,61,313300
31044,0.001857,74.125.200.0-255,5738,159784,61,313300
31045,0.001868,74.125.200.0-255,2902,162686,61,313300
31046,0.001873,74.125.200.0-255,4320,167006,61,313300
31047,0.00188,172.31.40.0-255,66,167072,61,313300
31048,0.001894,74.125.200.0-255,3602,170674,61,313300
31049,0.001927,172.31.40.0-255,66,170740,61,313300
31050,0.002042,74.125.200.0-255,1484,172224,61,313300
31051,0.002055,74.125.200.0-255,2902,175126,61,313300
31052,0.002058,172.31.40.0-255,66,175192,61,313300
31053,0.00208,74.125.200.0-255,5738,180930,61,313300
31054,0.002087,172.31.40.0-255,66,180996,61,313300
31055,0.002115,74.125.200.0-255,7156,188152,61,313300
31056,0.002128,74.125.200.0-255,2902,191054,61,313300
31057,0.002133,172.31.40.0-255,66,191120,61,313300
31058,0.002176,172.31.40.0-255,66,191186,61,313300
31059,0.002264,74.125.200.0-255,2184,193370,61,313300
31060,0.002268,74.125.200.0-255,2902,196272,61,313300
31061,0.002272,74.125.200.0-255,2902,199174,61,313300
31062,0.002277,74.125.200.0-255,4320,203494,61,313300
31063,0.00228,74.125.200.0-255,1484,204978,61,313300
31064,0.002332,172.31.40.0-255,66,205044,61,313300
31065,0.004571,74.125.200.0-255,5738,210782,61,313300
31066,0.00458,172.31.40.0-255,66,210848,61,313300
31067,0.006835,74.125.200.0-255,5738,216586,61,313300
31068,0.01258,172.31.40.0-255,66,216652,61,313300
31069,0.013467,74.125.200.0-255,1484,218136,61,313300
31070,0.014822,74.125.200.0-255,4320,222456,61,313300
31071,0.01483,172.31.40.0-255,66,222522,61,313300
31072,0.017079,74.125.200.0-255,5738,228260,61,313300
31073,0.017087,172.31.40.0-255,66,228326,61,313300
31074,0.019364,74.125.200.0-255,2902,231228,61,313300
31075,0.019371,172.31.40.0-255,66,231294,61,313300
31076,0.019395,74.125.200.0-255,2902,234196,61,313300
31077,0.019397,172.31.40.0-255,66,234262,61,313300
31078,0.021608,74.125.200.0-255,2902,237164,61,313300
31079,0.021615,172.31.40.0-255,66,237230,61,313300
31080,0.021635,74.125.200.0-255,2902,240132,61,313300
31081,0.021638,172.31.40.0-255,66,240198,61,313300
31082,0.023855,74.125.200.0-255,2902,243100,61,313300
31083,0.023862,172.31.40.0-255,66,243166,61,313300
31084,0.023871,74.125.200.0-255,2902,246068,61,313300
31085,0.023873,172.31.40.0-255,66,246134,61,313300
31086,0.026101,74.125.200.0-255,5738,251872,61,313300
31087,0.026108,172.31.40.0-255,66,251938,61,313300
31088,0.02835,74.125.200.0-255,5738,257676,61,313300
31089,0.028357,172.31.40.0-255,66,257742,61,313300
31090,0.030597,74.125.200.0-255,5738,263480,61,313300
31091,0.030605,172.31.40.0-255,66,263546,61,313300
31092,0.032852,74.125.200.0-255,5738,269284,61,313300
31093,0.03286,172.31.40.0-255,66,269350,61,313300
31094,0.035103,74.125.200.0-255,5738,275088,61,313300
31095,0.035109,172.31.40.0-255,66,275154,61,313300
31096,0.037342,74.125.200.0-255,5738,280892,61,313300
31097,0.037347,172.31.40.0-255,66,280958,61,313300
31098,0.038062,172.31.40.0-255,167,281125,61,313300
31099,0.03809,172.31.40.0-255,1115,282240,61,313300
31100,0.03815,172.31.40.0-255,1514,283754,61,313300
31101,0.038152,172.31.40.0-255,328,284082,61,313300
31102,0.039577,104.244.42.0-255,66,284148,61,313300
31103,0.039589,74.125.200.0-255,5738,289886,61,313300
31104,0.039594,172.31.40.0-255,66,289952,61,313300
31105,0.039766,104.244.42.0-255,66,290018,61,313300
31106,0.039795,104.244.42.0-255,66,290084,61,313300
31107,0.041823,74.125.200.0-255,5738,295822,61,313300
31108,0.04183,172.31.40.0-255,66,295888,61,313300
31109,0.044064,74.125.200.0-255,5738,301626,61,313300
31110,0.044071,172.31.40.0-255,66,301692,61,313300
31111,0.046308,74.125.200.0-255,5738,307430,61,313300
31112,0.046315,172.31.40.0-255,66,307496,61,313300
31113,0.048554,74.125.200.0-255,5738,313234,61,313300
31114,0.048563,172.31.40.0-255,66,313300,61,313300
31115,0.0,216.58.203.0-255,152,152,61,239888
31116,2.2e-05,172.31.40.0-255,66,218,61,239888
31117,2.9e-05,216.58.203.0-255,1484,1702,61,239888
31118,3.5e-05,172.31.40.0-255,66,1768,61,239888
31119,3.8e-05,216.58.203.0-255,1484,3252,61,239888
31120,4.2e-05,172.31.40.0-255,66,3318,61,239888
31121,4.8e-05,216.58.203.0-255,2902,6220,61,239888
31122,5.2e-05,172.31.40.0-255,66,6286,61,239888
31123,5.9e-05,216.58.203.0-255,5738,12024,61,239888
31124,6.2e-05,172.31.40.0-255,66,12090,61,239888
31125,6.5e-05,216.58.203.0-255,2039,14129,61,239888
31126,6.9e-05,172.31.40.0-255,66,14195,61,239888
31127,0.000134,216.58.203.0-255,1484,15679,61,239888
31128,0.000138,172.31.40.0-255,66,15745,61,239888
31129,0.000141,216.58.203.0-255,1484,17229,61,239888
31130,0.000143,172.31.40.0-255,66,17295,61,239888
31131,0.000161,216.58.203.0-255,1484,18779,61,239888
31132,0.000164,172.31.40.0-255,66,18845,61,239888
31133,0.000171,216.58.203.0-255,5738,24583,61,239888
31134,0.000174,172.31.40.0-255,66,24649,61,239888
31135,0.00018,216.58.203.0-255,5738,30387,61,239888
31136,0.000182,172.31.40.0-255,66,30453,61,239888
31137,0.000221,216.58.203.0-255,1125,31578,61,239888
31138,0.000224,172.31.40.0-255,66,31644,61,239888
31139,0.000227,216.58.203.0-255,1484,33128,61,239888
31140,0.000229,172.31.40.0-255,66,33194,61,239888
31141,0.000246,216.58.203.0-255,4320,37514,61,239888
31142,0.000248,172.31.40.0-255,66,37580,61,239888
31143,0.000293,172.31.40.0-255,66,37646,61,239888
31144,0.000296,216.58.203.0-255,1125,38771,61,239888
31145,0.000298,172.31.40.0-255,66,38837,61,239888
31146,0.000922,216.58.203.0-255,1484,40321,61,239888
31147,0.000932,216.58.203.0-255,2902,43223,61,239888
31148,0.000937,172.31.40.0-255,66,43289,61,239888
31149,0.000943,216.58.203.0-255,2902,46191,61,239888
31150,0.000945,172.31.40.0-255,66,46257,61,239888
31151,0.000948,216.58.203.0-255,1484,47741,61,239888
31152,0.000965,216.58.203.0-255,2902,50643,61,239888
31153,0.000967,172.31.40.0-255,66,50709,61,239888
31154,0.000974,216.58.203.0-255,7156,57865,61,239888
31155,0.000976,172.31.40.0-255,66,57931,61,239888
31156,0.000995,216.58.203.0-255,2543,60474,61,239888
31157,0.000997,172.31.40.0-255,66,60540,61,239888
31158,0.001008,172.31.40.0-255,66,60606,61,239888
31159,0.001031,216.58.203.0-255,1484,62090,61,239888
31160,0.001065,172.31.40.0-255,66,62156,61,239888
31161,0.001078,172.31.40.0-255,66,62222,61,239888
31162,0.001081,216.58.203.0-255,1125,63347,61,239888
31163,0.002709,216.58.203.0-255,4320,67667,61,239888
31164,0.002718,172.31.40.0-255,66,67733,61,239888
31165,0.004351,216.58.203.0-255,5738,73471,61,239888
31166,0.004357,172.31.40.0-255,66,73537,61,239888
31167,0.005986,216.58.203.0-255,5738,79275,61,239888
31168,0.005993,172.31.40.0-255,66,79341,61,239888
31169,0.007625,216.58.203.0-255,5738,85079,61,239888
31170,0.007631,172.31.40.0-255,66,85145,61,239888
31171,0.009256,216.58.203.0-255,5738,90883,61,239888
31172,0.009262,172.31.40.0-255,66,90949,61,239888
31173,0.010895,216.58.203.0-255,5738,96687,61,239888
31174,0.010903,172.31.40.0-255,66,96753,61,239888
31175,0.012537,216.58.203.0-255,5738,102491,61,239888
31176,0.012545,172.31.40.0-255,66,102557,61,239888
31177,0.014182,216.58.203.0-255,5738,108295,61,239888
31178,0.014192,172.31.40.0-255,66,108361,61,239888
31179,0.015828,216.58.203.0-255,5738,114099,61,239888
31180,0.015837,172.31.40.0-255,66,114165,61,239888
31181,0.017472,216.58.203.0-255,5738,119903,61,239888
31182,0.01748,172.31.40.0-255,66,119969,61,239888
31183,0.019108,216.58.203.0-255,5738,125707,61,239888
31184,0.019114,172.31.40.0-255,66,125773,61,239888
31185,0.020741,216.58.203.0-255,5738,131511,61,239888
31186,0.020749,172.31.40.0-255,66,131577,61,239888
31187,0.02238,216.58.203.0-255,5738,137315,61,239888
31188,0.022386,172.31.40.0-255,66,137381,61,239888
31189,0.024037,216.58.203.0-255,5738,143119,61,239888
31190,0.024045,172.31.40.0-255,66,143185,61,239888
31191,0.02569,216.58.203.0-255,5738,148923,61,239888
31192,0.025697,172.31.40.0-255,66,148989,61,239888
31193,0.027342,216.58.203.0-255,5738,154727,61,239888
31194,0.02735,172.31.40.0-255,66,154793,61,239888
31195,0.028983,216.58.203.0-255,5738,160531,61,239888
31196,0.028991,172.31.40.0-255,66,160597,61,239888
31197,0.03067,216.58.203.0-255,5738,166335,61,239888
31198,0.030678,172.31.40.0-255,66,166401,61,239888
31199,0.032315,216.58.203.0-255,5738,172139,61,239888
31200,0.032322,172.31.40.0-255,66,172205,61,239888
31201,0.033964,216.58.203.0-255,5738,177943,61,239888
31202,0.033971,172.31.40.0-255,66,178009,61,239888
31203,0.03398,172.31.40.0-255,172,178181,61,239888
31204,0.034025,172.31.40.0-255,1120,179301,61,239888
31205,0.034088,172.31.40.0-255,1514,180815,61,239888
31206,0.03409,172.31.40.0-255,1514,182329,61,239888
31207,0.034095,172.31.40.0-255,1514,183843,61,239888
31208,0.034097,172.31.40.0-255,1514,185357,61,239888
31209,0.034115,172.31.40.0-255,1514,186871,61,239888
31210,0.034117,172.31.40.0-255,517,187388,61,239888
31211,0.03555,104.244.42.0-255,66,187454,61,239888
31212,0.035594,104.244.42.0-255,66,187520,61,239888
31213,0.0356,216.58.203.0-255,5738,193258,61,239888
31214,0.035605,172.31.40.0-255,66,193324,61,239888
31215,0.035642,104.244.42.0-255,66,193390,61,239888
31216,0.0357,104.244.42.0-255,66,193456,61,239888
31217,0.037245,216.58.203.0-255,5738,199194,61,239888
31218,0.037251,172.31.40.0-255,66,199260,61,239888
31219,0.038892,216.58.203.0-255,5738,204998,61,239888
31220,0.038899,172.31.40.0-255,66,205064,61,239888
31221,0.040549,216.58.203.0-255,5738,210802,61,239888
31222,0.040554,172.31.40.0-255,66,210868,61,239888
31223,0.042205,216.58.203.0-255,5738,216606,61,239888
31224,0.042214,172.31.40.0-255,66,216672,61,239888
31225,0.043861,216.58.203.0-255,5738,222410,61,239888
31226,0.043867,172.31.40.0-255,66,222476,61,239888
31227,0.045519,216.58.203.0-255,5738,228214,61,239888
31228,0.045526,172.31.40.0-255,66,228280,61,239888
31229,0.047175,216.58.203.0-255,5738,234018,61,239888
31230,0.047182,172.31.40.0-255,66,234084,61,239888
31231,0.048821,216.58.203.0-255,5738,239822,61,239888
31232,0.048828,172.31.40.0-255,66,239888,61,239888
31233,0.0,172.253.118.0-255,153,153,61,287026
31234,2.3e-05,172.31.40.0-255,66,219,61,287026
31235,3.1e-05,172.253.118.0-255,1484,1703,61,287026
31236,3.6e-05,172.31.40.0-255,66,1769,61,287026
31237,4.2e-05,172.253.118.0-255,2902,4671,61,287026
31238,5.5e-05,172.31.40.0-255,66,4737,61,287026
31239,6.2e-05,172.253.118.0-255,5738,10475,61,287026
31240,6.5e-05,172.31.40.0-255,66,10541,61,287026
31241,9.3e-05,172.253.118.0-255,3422,13963,61,287026
31242,9.6e-05,172.31.40.0-255,66,14029,61,287026
31243,0.000159,172.253.118.0-255,1484,15513,61,287026
31244,0.000163,172.31.40.0-255,66,15579,61,287026
31245,0.000176,172.253.118.0-255,2902,18481,61,287026
31246,0.000213,172.253.118.0-255,1484,19965,61,287026
31247,0.000218,172.31.40.0-255,66,20031,61,287026
31248,0.000221,172.31.40.0-255,66,20097,61,287026
31249,0.000245,172.253.118.0-255,4320,24417,61,287026
31250,0.000248,172.31.40.0-255,66,24483,61,287026
31251,0.000255,172.253.118.0-255,6797,31280,61,287026
31252,0.000257,172.31.40.0-255,66,31346,61,287026
31253,0.000405,172.253.118.0-255,1484,32830,61,287026
31254,0.000411,172.31.40.0-255,66,32896,61,287026
31255,0.000417,172.253.118.0-255,2902,35798,61,287026
31256,0.000419,172.31.40.0-255,66,35864,61,287026
31257,0.000426,172.253.118.0-255,5738,41602,61,287026
31258,0.000433,172.31.40.0-255,66,41668,61,287026
31259,0.000439,172.253.118.0-255,2902,44570,61,287026
31260,0.000441,172.31.40.0-255,66,44636,61,287026
31261,0.000468,172.253.118.0-255,1484,46120,61,287026
31262,0.00047,172.31.40.0-255,66,46186,61,287026
31263,0.000475,172.253.118.0-255,2902,49088,61,287026
31264,0.000477,172.31.40.0-255,66,49154,61,287026
31265,0.000511,172.31.40.0-255,66,49220,61,287026
31266,0.000519,172.253.118.0-255,6797,56017,61,287026
31267,0.000521,172.31.40.0-255,66,56083,61,287026
31268,0.000556,172.253.118.0-255,647,56730,61,287026
31269,0.000704,172.253.118.0-255,1484,58214,61,287026
31270,0.000708,172.31.40.0-255,66,58280,61,287026
31271,0.000712,172.253.118.0-255,1484,59764,61,287026
31272,0.000731,172.253.118.0-255,1484,61248,61,287026
31273,0.000734,172.31.40.0-255,66,61314,61,287026
31274,0.00074,172.253.118.0-255,4320,65634,61,287026
31275,0.000743,172.31.40.0-255,66,65700,61,287026
31276,0.000771,172.253.118.0-255,1484,67184,61,287026
31277,0.000787,172.253.118.0-255,4320,71504,61,287026
31278,0.000789,172.31.40.0-255,66,71570,61,287026
31279,0.000819,172.253.118.0-255,6797,78367,61,287026
31280,0.000822,172.31.40.0-255,66,78433,61,287026
31281,0.00083,172.253.118.0-255,5738,84171,61,287026
31282,0.000832,172.31.40.0-255,66,84237,61,287026
31283,0.000867,172.253.118.0-255,5738,89975,61,287026
31284,0.00087,172.31.40.0-255,66,90041,61,287026
31285,0.000873,172.253.118.0-255,1125,91166,61,287026
31286,0.001479,172.253.118.0-255,1484,92650,61,287026
31287,0.001483,172.31.40.0-255,66,92716,61,287026
31288,0.001514,172.253.118.0-255,2902,95618,61,287026
31289,0.001517,172.31.40.0-255,66,95684,61,287026
31290,0.001523,172.253.118.0-255,4320,100004,61,287026
31291,0.001525,172.31.40.0-255,66,100070,61,287026
31292,0.001553,172.253.118.0-255,1484,101554,61,287026
31293,0.00156,172.253.118.0-255,7156,108710,61,287026
31294,0.001563,172.31.40.0-255,66,108776,61,287026
31295,0.00159,172.253.118.0-255,2902,111678,61,287026
31296,0.001592,172.31.40.0-255,66,111744,61,287026
31297,0.001607,172.31.40.0-255,66,111810,61,287026
31298,0.001675,172.253.118.0-255,1484,113294,61,287026
31299,0.00168,172.253.118.0-255,2902,116196,61,287026
31300,0.001683,172.31.40.0-255,66,116262,61,287026
31301,0.001689,172.253.118.0-255,5738,122000,61,287026
31302,0.001691,172.31.40.0-255,66,122066,61,287026
31303,0.001695,172.253.118.0-255,1484,123550,61,287026
31304,0.001731,172.31.40.0-255,66,123616,61,287026
31305,0.001756,172.253.118.0-255,5738,129354,61,287026
31306,0.00176,172.31.40.0-255,66,129420,61,287026
31307,0.001783,172.253.118.0-255,5020,134440,61,287026
31308,0.001785,172.31.40.0-255,66,134506,61,287026
31309,0.001811,172.253.118.0-255,1484,135990,61,287026
31310,0.001825,172.253.118.0-255,2902,138892,61,287026
31311,0.001827,172.31.40.0-255,66,138958,61,287026
31312,0.00183,172.253.118.0-255,1484,140442,61,287026
31313,0.001861,172.253.118.0-255,4320,144762,61,287026
31314,0.001864,172.31.40.0-255,66,144828,61,287026
31315,0.001899,172.253.118.0-255,7156,151984,61,287026
31316,0.001902,172.31.40.0-255,66,152050,61,287026
31317,0.001931,172.253.118.0-255,1484,153534,61,287026
31318,0.00195,172.31.40.0-255,66,153600,61,287026
31319,0.001954,172.253.118.0-255,2902,156502,61,287026
31320,0.001956,172.31.40.0-255,66,156568,61,287026
31321,0.001994,172.253.118.0-255,2184,158752,61,287026
31322,0.001996,172.31.40.0-255,66,158818,61,287026
31323,0.004154,172.253.118.0-255,2902,161720,61,287026
31324,0.004161,172.31.40.0-255,66,161786,61,287026
31325,0.004193,172.253.118.0-255,2902,164688,61,287026
31326,0.004196,172.31.40.0-255,66,164754,61,287026
31327,0.006222,172.253.118.0-255,2902,167656,61,287026
31328,0.006226,172.31.40.0-255,66,167722,61,287026
31329,0.006268,172.253.118.0-255,2902,170624,61,287026
31330,0.00627,172.31.40.0-255,66,170690,61,287026
31331,0.008456,172.253.118.0-255,2902,173592,61,287026
31332,0.008463,172.31.40.0-255,66,173658,61,287026
31333,0.00849,172.253.118.0-255,1484,175142,61,287026
31334,0.00851,172.253.118.0-255,1484,176626,61,287026
31335,0.008512,172.31.40.0-255,66,176692,61,287026
31336,0.010549,172.253.118.0-255,2902,179594,61,287026
31337,0.010559,172.31.40.0-255,66,179660,61,287026
31338,0.010592,172.253.118.0-255,2902,182562,61,287026
31339,0.010595,172.31.40.0-255,66,182628,61,287026
31340,0.012647,172.253.118.0-255,2902,185530,61,287026
31341,0.012657,172.31.40.0-255,66,185596,61,287026
31342,0.012678,172.253.118.0-255,2902,188498,61,287026
31343,0.012681,172.31.40.0-255,66,188564,61,287026
31344,0.014761,172.253.118.0-255,2902,191466,61,287026
31345,0.014775,172.31.40.0-255,66,191532,61,287026
31346,0.014805,172.253.118.0-255,2902,194434,61,287026
31347,0.014808,172.31.40.0-255,66,194500,61,287026
31348,0.016868,172.253.118.0-255,4320,198820,61,287026
31349,0.016881,172.31.40.0-255,66,198886,61,287026
31350,0.016912,172.253.118.0-255,1484,200370,61,287026
31351,0.018965,172.253.118.0-255,4320,204690,61,287026
31352,0.018973,172.31.40.0-255,66,204756,61,287026
31353,0.021075,172.253.118.0-255,5738,210494,61,287026
31354,0.021087,172.31.40.0-255,66,210560,61,287026
31355,0.023192,172.253.118.0-255,5738,216298,61,287026
31356,0.023207,172.31.40.0-255,66,216364,61,287026
31357,0.025296,172.253.118.0-255,5738,222102,61,287026
31358,0.025306,172.31.40.0-255,66,222168,61,287026
31359,0.027382,172.253.118.0-255,5738,227906,61,287026
31360,0.027391,172.31.40.0-255,66,227972,61,287026
31361,0.029455,172.253.118.0-255,5738,233710,61,287026
31362,0.029462,172.31.40.0-255,66,233776,61,287026
31363,0.031557,172.253.118.0-255,5738,239514,61,287026
31364,0.03157,172.31.40.0-255,66,239580,61,287026
31365,0.033657,172.253.118.0-255,5738,245318,61,287026
31366,0.033668,172.31.40.0-255,66,245384,61,287026
31367,0.036485,172.253.118.0-255,5738,251122,61,287026
31368,0.036504,172.31.40.0-255,66,251188,61,287026
31369,0.038727,172.253.118.0-255,5738,256926,61,287026
31370,0.038735,172.31.40.0-255,66,256992,61,287026
31371,0.040439,172.31.40.0-255,167,257159,61,287026
31372,0.04047,172.31.40.0-255,614,257773,61,287026
31373,0.04083,172.253.118.0-255,5738,263511,61,287026
31374,0.040839,172.31.40.0-255,66,263577,61,287026
31375,0.042949,172.253.118.0-255,5738,269315,61,287026
31376,0.042964,172.31.40.0-255,66,269381,61,287026
31377,0.043307,104.244.42.0-255,66,269447,61,287026
31378,0.045085,172.253.118.0-255,5738,275185,61,287026
31379,0.045101,172.31.40.0-255,66,275251,61,287026
31380,0.047477,172.253.118.0-255,5738,280989,61,287026
31381,0.047495,172.31.40.0-255,66,281055,61,287026
31382,0.047697,172.31.40.0-255,101,281156,61,287026
31383,0.049797,172.253.118.0-255,5738,286894,61,287026
31384,0.049815,172.31.40.0-255,66,286960,61,287026
31385,0.049899,172.253.118.0-255,66,287026,61,287026
31386,0.0,74.125.24.0-255,152,152,61,250646
31387,2.2e-05,172.31.40.0-255,66,218,61,250646
31388,3e-05,74.125.24.0-255,1484,1702,61,250646
31389,3.4e-05,172.31.40.0-255,66,1768,61,250646
31390,4.7e-05,74.125.24.0-255,2902,4670,61,250646
31391,4.9e-05,172.31.40.0-255,66,4736,61,250646
31392,5.7e-05,74.125.24.0-255,7156,11892,61,250646
31393,6e-05,172.31.40.0-255,66,11958,61,250646
31394,6.4e-05,74.125.24.0-255,2159,14117,61,250646
31395,6.7e-05,172.31.40.0-255,66,14183,61,250646
31396,8.1e-05,172.31.40.0-255,66,14249,61,250646
31397,8.8e-05,74.125.24.0-255,5379,19628,61,250646
31398,9e-05,172.31.40.0-255,66,19694,61,250646
31399,0.000207,74.125.24.0-255,1484,21178,61,250646
31400,0.000211,172.31.40.0-255,66,21244,61,250646
31401,0.000218,74.125.24.0-255,2902,24146,61,250646
31402,0.00022,172.31.40.0-255,66,24212,61,250646
31403,0.000231,74.125.24.0-255,5738,29950,61,250646
31404,0.000234,172.31.40.0-255,66,30016,61,250646
31405,0.000237,74.125.24.0-255,1484,31500,61,250646
31406,0.000239,172.31.40.0-255,66,31566,61,250646
31407,0.000281,74.125.24.0-255,5379,36945,61,250646
31408,0.000284,172.31.40.0-255,66,37011,61,250646
31409,0.000304,172.31.40.0-255,66,37077,61,250646
31410,0.000308,74.125.24.0-255,2809,39886,61,250646
31411,0.000311,172.31.40.0-255,66,39952,61,250646
31412,0.000557,74.125.24.0-255,390,40342,61,250646
31413,0.000562,172.31.40.0-255,66,40408,61,250646
31414,0.000616,74.125.24.0-255,1484,41892,61,250646
31415,0.00062,172.31.40.0-255,66,41958,61,250646
31416,0.000626,74.125.24.0-255,2902,44860,61,250646
31417,0.000628,172.31.40.0-255,66,44926,61,250646
31418,0.000657,74.125.24.0-255,4320,49246,61,250646
31419,0.00066,172.31.40.0-255,66,49312,61,250646
31420,0.000685,74.125.24.0-255,1484,50796,61,250646
31421,0.000692,74.125.24.0-255,4320,55116,61,250646
31422,0.000694,172.31.40.0-255,66,55182,61,250646
31423,0.000703,74.125.24.0-255,2543,57725,61,250646
31424,0.000706,172.31.40.0-255,66,57791,61,250646
31425,0.00071,74.125.24.0-255,2902,60693,61,250646
31426,0.000712,172.31.40.0-255,66,60759,61,250646
31427,0.000719,74.125.24.0-255,5738,66497,61,250646
31428,0.000721,172.31.40.0-255,66,66563,61,250646
31429,0.000748,74.125.24.0-255,1484,68047,61,250646
31430,0.00076,74.125.24.0-255,6797,74844,61,250646
31431,0.000763,172.31.40.0-255,66,74910,61,250646
31432,0.001567,74.125.24.0-255,1484,76394,61,250646
31433,0.001578,74.125.24.0-255,2902,79296,61,250646
31434,0.001582,172.31.40.0-255,66,79362,61,250646
31435,0.00159,74.125.24.0-255,4320,83682,61,250646
31436,0.001592,172.31.40.0-255,66,83748,61,250646
31437,0.001621,74.125.24.0-255,1484,85232,61,250646
31438,0.001632,172.31.40.0-255,66,85298,61,250646
31439,0.001647,172.31.40.0-255,66,85364,61,250646
31440,0.00165,74.125.24.0-255,1484,86848,61,250646
31441,0.001695,172.31.40.0-255,66,86914,61,250646
31442,0.001702,74.125.24.0-255,5020,91934,61,250646
31443,0.001705,172.31.40.0-255,66,92000,61,250646
31444,0.002164,74.125.24.0-255,1484,93484,61,250646
31445,0.002173,74.125.24.0-255,2902,96386,61,250646
31446,0.002178,172.31.40.0-255,66,96452,61,250646
31447,0.002185,74.125.24.0-255,4320,100772,61,250646
31448,0.002187,172.31.40.0-255,66,100838,61,250646
31449,0.002209,74.125.24.0-255,1484,102322,61,250646
31450,0.00222,172.31.40.0-255,66,102388,61,250646
31451,0.002242,74.125.24.0-255,4320,106708,61,250646
31452,0.002248,172.31.40.0-255,66,106774,61,250646
31453,0.002255,74.125.24.0-255,5738,112512,61,250646
31454,0.002257,172.31.40.0-255,66,112578,61,250646
31455,0.002282,74.125.24.0-255,5020,117598,61,250646
31456,0.002288,172.31.40.0-255,66,117664,61,250646
31457,0.002321,74.125.24.0-255,1484,119148,61,250646
31458,0.002324,74.125.24.0-255,1484,120632,61,250646
31459,0.002326,172.31.40.0-255,66,120698,61,250646
31460,0.002353,74.125.24.0-255,1484,122182,61,250646
31461,0.002361,74.125.24.0-255,5738,127920,61,250646
31462,0.002364,172.31.40.0-255,66,127986,61,250646
31463,0.002375,172.31.40.0-255,66,128052,61,250646
31464,0.002399,74.125.24.0-255,4320,132372,61,250646
31465,0.002402,172.31.40.0-255,66,132438,61,250646
31466,0.002413,172.31.40.0-255,66,132504,61,250646
31467,0.002442,74.125.24.0-255,2184,134688,61,250646
31468,0.002445,172.31.40.0-255,66,134754,61,250646
31469,0.002481,74.125.24.0-255,2902,137656,61,250646
31470,0.002484,172.31.40.0-255,66,137722,61,250646
31471,0.002489,74.125.24.0-255,4320,142042,61,250646
31472,0.002492,172.31.40.0-255,66,142108,61,250646
31473,0.002529,172.31.40.0-255,66,142174,61,250646
31474,0.002532,74.125.24.0-255,1484,143658,61,250646
31475,0.002579,172.31.40.0-255,66,143724,61,250646
31476,0.005254,74.125.24.0-255,5738,149462,61,250646
31477,0.005268,172.31.40.0-255,66,149528,61,250646
31478,0.006552,172.31.40.0-255,101,149629,61,250646
31479,0.007894,74.125.24.0-255,5738,155367,61,250646
31480,0.0079,172.31.40.0-255,66,155433,61,250646
31481,0.009179,74.125.24.0-255,66,155499,61,250646
31482,0.010484,74.125.24.0-255,5738,161237,61,250646
31483,0.010489,172.31.40.0-255,66,161303,61,250646
31484,0.013182,74.125.24.0-255,5738,167041,61,250646
31485,0.01319,172.31.40.0-255,66,167107,61,250646
31486,0.015801,74.125.24.0-255,5738,172845,61,250646
31487,0.015808,172.31.40.0-255,66,172911,61,250646
31488,0.01847,74.125.24.0-255,5738,178649,61,250646
31489,0.018478,172.31.40.0-255,66,178715,61,250646
31490,0.021096,74.125.24.0-255,5738,184453,61,250646
31491,0.021107,172.31.40.0-255,66,184519,61,250646
31492,0.023761,74.125.24.0-255,5738,190257,61,250646
31493,0.02377,172.31.40.0-255,66,190323,61,250646
31494,0.026431,74.125.24.0-255,5738,196061,61,250646
31495,0.026437,172.31.40.0-255,66,196127,61,250646
31496,0.028822,172.31.40.0-255,190,196317,61,250646
31497,0.028856,172.31.40.0-255,1115,197432,61,250646
31498,0.028923,172.31.40.0-255,1514,198946,61,250646
31499,0.028925,172.31.40.0-255,1514,200460,61,250646
31500,0.028926,172.31.40.0-255,1514,201974,61,250646
31501,0.028927,172.31.40.0-255,1514,203488,61,250646
31502,0.028954,172.31.40.0-255,528,204016,61,250646
31503,0.029039,74.125.24.0-255,5738,209754,61,250646
31504,0.029044,172.31.40.0-255,66,209820,61,250646
31505,0.030401,104.244.42.0-255,66,209886,61,250646
31506,0.030431,104.244.42.0-255,66,209952,61,250646
31507,0.030483,104.244.42.0-255,66,210018,61,250646
31508,0.031638,74.125.24.0-255,5738,215756,61,250646
31509,0.031646,172.31.40.0-255,66,215822,61,250646
31510,0.034284,74.125.24.0-255,5738,221560,61,250646
31511,0.034292,172.31.40.0-255,66,221626,61,250646
31512,0.036927,74.125.24.0-255,5738,227364,61,250646
31513,0.036935,172.31.40.0-255,66,227430,61,250646
31514,0.039526,74.125.24.0-255,5738,233168,61,250646
31515,0.039536,172.31.40.0-255,66,233234,61,250646
31516,0.042188,74.125.24.0-255,5738,238972,61,250646
31517,0.042195,172.31.40.0-255,66,239038,61,250646
31518,0.04487,74.125.24.0-255,5738,244776,61,250646
31519,0.044877,172.31.40.0-255,66,244842,61,250646
31520,0.047566,74.125.24.0-255,5738,250580,61,250646
31521,0.047573,172.31.40.0-255,66,250646,61,250646
31522,0.0,74.125.24.0-255,146,146,61,277701
31523,1.7e-05,172.31.40.0-255,66,212,61,277701
31524,2.3e-05,74.125.24.0-255,1484,1696,61,277701
31525,2.7e-05,172.31.40.0-255,66,1762,61,277701
31526,3.2e-05,74.125.24.0-255,2902,4664,61,277701
31527,3.5e-05,172.31.40.0-255,66,4730,61,277701
31528,3.9e-05,74.125.24.0-255,2902,7632,61,277701
31529,4.2e-05,172.31.40.0-255,66,7698,61,277701
31530,6.3e-05,74.125.24.0-255,4320,12018,61,277701
31531,6.6e-05,172.31.40.0-255,66,12084,61,277701
31532,7.2e-05,74.125.24.0-255,4875,16959,61,277701
31533,7.4e-05,172.31.40.0-255,66,17025,61,277701
31534,9.7e-05,74.125.24.0-255,2902,19927,61,277701
31535,9.9e-05,172.31.40.0-255,66,19993,61,277701
31536,0.000126,172.31.40.0-255,66,20059,61,277701
31537,0.000181,74.125.24.0-255,1484,21543,61,277701
31538,0.000184,172.31.40.0-255,66,21609,61,277701
31539,0.000188,74.125.24.0-255,2902,24511,61,277701
31540,0.00019,172.31.40.0-255,66,24577,61,277701
31541,0.000193,74.125.24.0-255,1484,26061,61,277701
31542,0.000194,172.31.40.0-255,66,26127,61,277701
31543,0.00021,74.125.24.0-255,4320,30447,61,277701
31544,0.000212,172.31.40.0-255,66,30513,61,277701
31545,0.000215,74.125.24.0-255,1484,31997,61,277701
31546,0.000216,172.31.40.0-255,66,32063,61,277701
31547,0.00024,74.125.24.0-255,6797,38860,61,277701
31548,0.000243,172.31.40.0-255,66,38926,61,277701
31549,0.000252,172.31.40.0-255,66,38992,61,277701
31550,0.000271,74.125.24.0-255,5738,44730,61,277701
31551,0.000273,172.31.40.0-255,66,44796,61,277701
31552,0.000288,74.125.24.0-255,1435,46231,61,277701
31553,0.000291,74.125.24.0-255,376,46607,61,277701
31554,0.000293,172.31.40.0-255,66,46673,61,277701
31555,0.000574,74.125.24.0-255,1484,48157,61,277701
31556,0.00058,74.125.24.0-255,2902,51059,61,277701
31557,0.000584,172.31.40.0-255,66,51125,61,277701
31558,0.000589,74.125.24.0-255,2902,54027,61,277701
31559,0.000592,172.31.40.0-255,66,54093,61,277701
31560,0.000604,74.125.24.0-255,2902,56995,61,277701
31561,0.000607,172.31.40.0-255,66,57061,61,277701
31562,0.000613,74.125.24.0-255,5738,62799,61,277701
31563,0.000615,172.31.40.0-255,66,62865,61,277701
31564,0.000642,74.125.24.0-255,1484,64349,61,277701
31565,0.000657,172.31.40.0-255,66,64415,61,277701
31566,0.000661,74.125.24.0-255,2184,66599,61,277701
31567,0.000664,172.31.40.0-255,66,66665,61,277701
31568,0.000975,74.125.24.0-255,1484,68149,61,277701
31569,0.000982,74.125.24.0-255,2902,71051,61,277701
31570,0.000985,172.31.40.0-255,66,71117,61,277701
31571,0.000988,74.125.24.0-255,1484,72601,61,277701
31572,0.001004,74.125.24.0-255,4320,76921,61,277701
31573,0.001007,172.31.40.0-255,66,76987,61,277701
31574,0.001055,172.31.40.0-255,66,77053,61,277701
31575,0.001059,74.125.24.0-255,2902,79955,61,277701
31576,0.001061,172.31.40.0-255,66,80021,61,277701
31577,0.001096,172.31.40.0-255,66,80087,61,277701
31578,0.001124,172.31.40.0-255,66,80153,61,277701
31579,0.001148,74.125.24.0-255,5738,85891,61,277701
31580,0.001151,172.31.40.0-255,66,85957,61,277701
31581,0.001182,74.125.24.0-255,7156,93113,61,277701
31582,0.001185,172.31.40.0-255,66,93179,61,277701
31583,0.001217,172.31.40.0-255,66,93245,61,277701
31584,0.001283,172.31.40.0-255,66,93311,61,277701
31585,0.001295,172.31.40.0-255,66,93377,61,277701
31586,0.001308,74.125.24.0-255,5738,99115,61,277701
31587,0.001311,172.31.40.0-255,66,99181,61,277701
31588,0.001328,74.125.24.0-255,5020,104201,61,277701
31589,0.001331,172.31.40.0-255,66,104267,61,277701
31590,0.001496,74.125.24.0-255,1484,105751,61,277701
31591,0.001502,74.125.24.0-255,2902,108653,61,277701
31592,0.001505,172.31.40.0-255,66,108719,61,277701
31593,0.001519,74.125.24.0-255,2902,111621,61,277701
31594,0.001521,172.31.40.0-255,66,111687,61,277701
31595,0.001537,74.125.24.0-255,2902,114589,61,277701
31596,0.00154,172.31.40.0-255,66,114655,61,277701
31597,0.001543,74.125.24.0-255,1484,116139,61,277701
31598,0.001594,172.31.40.0-255,66,116205,61,277701
31599,0.001605,172.31.40.0-255,66,116271,61,277701
31600,0.001608,74.125.24.0-255,766,117037,61,277701
31601,0.00232,74.125.24.0-255,1484,118521,61,277701
31602,0.002327,172.31.40.0-255,66,118587,61,277701
31603,0.002333,74.125.24.0-255,2902,121489,61,277701
31604,0.002335,172.31.40.0-255,66,121555,61,277701
31605,0.002341,74.125.24.0-255,4320,125875,61,277701
31606,0.002343,172.31.40.0-255,66,125941,61,277701
31607,0.002358,74.125.24.0-255,1484,127425,61,277701
31608,0.002365,74.125.24.0-255,5738,133163,61,277701
31609,0.002367,172.31.40.0-255,66,133229,61,277701
31610,0.002402,74.125.24.0-255,7156,140385,61,277701
31611,0.002406,172.31.40.0-255,66,140451,61,277701
31612,0.002417,172.31.40.0-255,66,140517,61,277701
31613,0.00242,74.125.24.0-255,766,141283,61,277701
31614,0.002438,74.125.24.0-255,1484,142767,61,277701
31615,0.00244,172.31.40.0-255,66,142833,61,277701
31616,0.002462,74.125.24.0-255,4320,147153,61,277701
31617,0.002464,172.31.40.0-255,66,147219,61,277701
31618,0.002475,172.31.40.0-255,66,147285,61,277701
31619,0.002506,74.125.24.0-255,7156,154441,61,277701
31620,0.002509,172.31.40.0-255,66,154507,61,277701
31621,0.00253,74.125.24.0-255,4320,158827,61,277701
31622,0.002532,172.31.40.0-255,66,158893,61,277701
31623,0.002535,74.125.24.0-255,1484,160377,61,277701
31624,0.002555,74.125.24.0-255,5020,165397,61,277701
31625,0.002557,172.31.40.0-255,66,165463,61,277701
31626,0.002604,74.125.24.0-255,1484,166947,61,277701
31627,0.005136,74.125.24.0-255,4320,171267,61,277701
31628,0.005144,172.31.40.0-255,66,171333,61,277701
31629,0.007732,74.125.24.0-255,5738,177071,61,277701
31630,0.007738,172.31.40.0-255,66,177137,61,277701
31631,0.010335,74.125.24.0-255,5738,182875,61,277701
31632,0.010342,172.31.40.0-255,66,182941,61,277701
31633,0.012922,74.125.24.0-255,5738,188679,61,277701
31634,0.012929,172.31.40.0-255,66,188745,61,277701
31635,0.015503,74.125.24.0-255,5738,194483,61,277701
31636,0.015512,172.31.40.0-255,66,194549,61,277701
31637,0.018111,74.125.24.0-255,5738,200287,61,277701
31638,0.018121,172.31.40.0-255,66,200353,61,277701
31639,0.020705,74.125.24.0-255,5738,206091,61,277701
31640,0.020714,172.31.40.0-255,66,206157,61,277701
31641,0.023311,74.125.24.0-255,4320,210477,61,277701
31642,0.023321,172.31.40.0-255,66,210543,61,277701
31643,0.023343,74.125.24.0-255,1484,212027,61,277701
31644,0.025929,74.125.24.0-255,4320,216347,61,277701
31645,0.025936,172.31.40.0-255,66,216413,61,277701
31646,0.028529,74.125.24.0-255,5738,222151,61,277701
31647,0.02854,172.31.40.0-255,66,222217,61,277701
31648,0.031107,74.125.24.0-255,5738,227955,61,277701
31649,0.031113,172.31.40.0-255,66,228021,61,277701
31650,0.033667,74.125.24.0-255,5738,233759,61,277701
31651,0.033677,172.31.40.0-255,66,233825,61,277701
31652,0.036241,74.125.24.0-255,5738,239563,61,277701
31653,0.036253,172.31.40.0-255,66,239629,61,277701
31654,0.03883,74.125.24.0-255,5738,245367,61,277701
31655,0.038841,172.31.40.0-255,66,245433,61,277701
31656,0.041408,74.125.24.0-255,5738,251171,61,277701
31657,0.041415,172.31.40.0-255,66,251237,61,277701
31658,0.043881,172.31.40.0-255,199,251436,61,277701
31659,0.04391,172.31.40.0-255,1120,252556,61,277701
31660,0.043966,172.31.40.0-255,1514,254070,61,277701
31661,0.043968,172.31.40.0-255,1514,255584,61,277701
31662,0.043969,172.31.40.0-255,1514,257098,61,277701
31663,0.04397,172.31.40.0-255,1514,258612,61,277701
31664,0.043971,172.31.40.0-255,1479,260091,61,277701
31665,0.044034,74.125.24.0-255,5738,265829,61,277701
31666,0.044039,172.31.40.0-255,66,265895,61,277701
31667,0.045426,104.244.42.0-255,66,265961,61,277701
31668,0.045462,104.244.42.0-255,66,266027,61,277701
31669,0.045607,104.244.42.0-255,66,266093,61,277701
31670,0.046614,74.125.24.0-255,5738,271831,61,277701
31671,0.046621,172.31.40.0-255,66,271897,61,277701
31672,0.049203,74.125.24.0-255,5738,277635,61,277701
31673,0.049209,172.31.40.0-255,66,277701,61,277701
31674,0.0,74.125.24.0-255,146,146,61,258171
31675,2.3e-05,172.31.40.0-255,66,212,61,258171
31676,3e-05,74.125.24.0-255,1484,1696,61,258171
31677,3.5e-05,172.31.40.0-255,66,1762,61,258171
31678,4e-05,74.125.24.0-255,2902,4664,61,258171
31679,5.3e-05,172.31.40.0-255,66,4730,61,258171
31680,6.1e-05,74.125.24.0-255,7156,11886,61,258171
31681,6.4e-05,172.31.40.0-255,66,11952,61,258171
31682,6.9e-05,74.125.24.0-255,1985,13937,61,258171
31683,7.2e-05,172.31.40.0-255,66,14003,61,258171
31684,0.000222,74.125.24.0-255,1484,15487,61,258171
31685,0.000227,172.31.40.0-255,66,15553,61,258171
31686,0.000233,74.125.24.0-255,2902,18455,61,258171
31687,0.000236,172.31.40.0-255,66,18521,61,258171
31688,0.000267,74.125.24.0-255,5738,24259,61,258171
31689,0.000271,172.31.40.0-255,66,24325,61,258171
31690,0.000278,74.125.24.0-255,5738,30063,61,258171
31691,0.00028,172.31.40.0-255,66,30129,61,258171
31692,0.000319,74.125.24.0-255,2902,33031,61,258171
31693,0.000322,172.31.40.0-255,66,33097,61,258171
31694,0.000353,172.31.40.0-255,66,33163,61,258171
31695,0.000381,74.125.24.0-255,3961,37124,61,258171
31696,0.000384,172.31.40.0-255,66,37190,61,258171
31697,0.000556,74.125.24.0-255,1484,38674,61,258171
31698,0.000561,172.31.40.0-255,66,38740,61,258171
31699,0.000579,74.125.24.0-255,2902,41642,61,258171
31700,0.000582,172.31.40.0-255,66,41708,61,258171
31701,0.00059,74.125.24.0-255,5738,47446,61,258171
31702,0.000592,172.31.40.0-255,66,47512,61,258171
31703,0.000623,74.125.24.0-255,4320,51832,61,258171
31704,0.000627,172.31.40.0-255,66,51898,61,258171
31705,0.000669,74.125.24.0-255,3122,55020,61,258171
31706,0.000672,172.31.40.0-255,66,55086,61,258171
31707,0.000698,74.125.24.0-255,4320,59406,61,258171
31708,0.000701,172.31.40.0-255,66,59472,61,258171
31709,0.000739,172.31.40.0-255,66,59538,61,258171
31710,0.000742,74.125.24.0-255,1484,61022,61,258171
31711,0.000783,74.125.24.0-255,7156,68178,61,258171
31712,0.000792,172.31.40.0-255,66,68244,61,258171
31713,0.00083,172.31.40.0-255,66,68310,61,258171
31714,0.001293,74.125.24.0-255,1484,69794,61,258171
31715,0.001299,74.125.24.0-255,1484,71278,61,258171
31716,0.001302,172.31.40.0-255,66,71344,61,258171
31717,0.001334,74.125.24.0-255,1484,72828,61,258171
31718,0.001341,74.125.24.0-255,5738,78566,61,258171
31719,0.001344,172.31.40.0-255,66,78632,61,258171
31720,0.001348,74.125.24.0-255,1484,80116,61,258171
31721,0.001352,74.125.24.0-255,2902,83018,61,258171
31722,0.001384,74.125.24.0-255,4320,87338,61,258171
31723,0.001402,74.125.24.0-255,1484,88822,61,258171
31724,0.001416,74.125.24.0-255,766,89588,61,258171
31725,0.001429,74.125.24.0-255,2902,92490,61,258171
31726,0.001444,74.125.24.0-255,4320,96810,61,258171
31727,0.001452,172.31.40.0-255,66,96876,61,258171
31728,0.001485,74.125.24.0-255,4320,101196,61,258171
31729,0.001493,172.31.40.0-255,66,101262,61,258171
31730,0.001581,74.125.24.0-255,4320,105582,61,258171
31731,0.001597,172.31.40.0-255,66,105648,61,258171
31732,0.001625,172.31.40.0-255,66,105714,61,258171
31733,0.002248,74.125.24.0-255,1484,107198,61,258171
31734,0.002253,172.31.40.0-255,66,107264,61,258171
31735,0.002259,74.125.24.0-255,2902,110166,61,258171
31736,0.002261,172.31.40.0-255,66,110232,61,258171
31737,0.002288,74.125.24.0-255,2902,113134,61,258171
31738,0.00229,172.31.40.0-255,66,113200,61,258171
31739,0.002322,74.125.24.0-255,2902,116102,61,258171
31740,0.002325,172.31.40.0-255,66,116168,61,258171
31741,0.002349,74.125.24.0-255,7156,123324,61,258171
31742,0.002351,74.125.24.0-255,1484,124808,61,258171
31743,0.002355,74.125.24.0-255,2184,126992,61,258171
31744,0.002405,74.125.24.0-255,2902,129894,61,258171
31745,0.002411,172.31.40.0-255,66,129960,61,258171
31746,0.002444,74.125.24.0-255,4320,134280,61,258171
31747,0.002469,172.31.40.0-255,66,134346,61,258171
31748,0.002476,74.125.24.0-255,5738,140084,61,258171
31749,0.002481,172.31.40.0-255,66,140150,61,258171
31750,0.002536,74.125.24.0-255,2902,143052,61,258171
31751,0.00254,172.31.40.0-255,66,143118,61,258171
31752,0.002574,74.125.24.0-255,7156,150274,61,258171
31753,0.002582,74.125.24.0-255,5738,156012,61,258171
31754,0.002593,74.125.24.0-255,766,156778,61,258171
31755,0.002645,74.125.24.0-255,1484,158262,61,258171
31756,0.002651,74.125.24.0-255,2902,161164,61,258171
31757,0.002668,74.125.24.0-255,1484,162648,61,258171
31758,0.002671,74.125.24.0-255,1484,164132,61,258171
31759,0.00274,74.125.24.0-255,4320,168452,61,258171
31760,0.002851,74.125.24.0-255,1484,169936,61,258171
31761,0.002856,74.125.24.0-255,1484,171420,61,258171
31762,0.002868,74.125.24.0-255,1484,172904,61,258171
31763,0.002873,74.125.24.0-255,2902,175806,61,258171
31764,0.00289,74.125.24.0-255,2902,178708,61,258171
31765,0.002895,74.125.24.0-255,2902,181610,61,258171
31766,0.002914,74.125.24.0-255,5738,187348,61,258171
31767,0.002952,74.125.24.0-255,4320,191668,61,258171
31768,0.002956,74.125.24.0-255,2184,193852,61,258171
31769,0.003002,74.125.24.0-255,1484,195336,61,258171
31770,0.003006,74.125.24.0-255,1484,196820,61,258171
31771,0.003025,74.125.24.0-255,1484,198304,61,258171
31772,0.003032,74.125.24.0-255,5738,204042,61,258171
31773,0.003054,74.125.24.0-255,5738,209780,61,258171
31774,0.00308,74.125.24.0-255,7156,216936,61,258171
31775,0.003087,74.125.24.0-255,7156,224092,61,258171
31776,0.003093,74.125.24.0-255,3602,227694,61,258171
31777,0.003095,74.125.24.0-255,1484,229178,61,258171
31778,0.003149,74.125.24.0-255,2902,232080,61,258171
31779,0.003152,74.125.24.0-255,1484,233564,61,258171
31780,0.003156,74.125.24.0-255,2902,236466,61,258171
31781,0.003188,74.125.24.0-255,5020,241486,61,258171
31782,0.003235,74.125.24.0-255,7156,248642,61,258171
31783,0.003273,74.125.24.0-255,97,248739,61,258171
31784,0.003275,74.125.24.0-255,105,248844,61,258171
31785,0.009089,172.31.40.0-255,66,248910,61,258171
31786,0.011032,172.31.40.0-255,105,249015,61,258171
31787,0.013294,74.125.24.0-255,66,249081,61,258171
31788,0.045194,172.31.40.0-255,172,249253,61,258171
31789,0.045229,172.31.40.0-255,1120,250373,61,258171
31790,0.045298,172.31.40.0-255,1514,251887,61,258171
31791,0.0453,172.31.40.0-255,1514,253401,61,258171
31792,0.045305,172.31.40.0-255,1514,254915,61,258171
31793,0.045306,172.31.40.0-255,1514,256429,61,258171
31794,0.045329,172.31.40.0-255,1478,257907,61,258171
31795,0.046783,104.244.42.0-255,66,257973,61,258171
31796,0.046829,104.244.42.0-255,66,258039,61,258171
31797,0.046871,104.244.42.0-255,66,258105,61,258171
31798,0.046968,104.244.42.0-255,66,258171,61,258171
31799,0.0,172.217.194.0-255,146,146,61,283250
31800,2.3e-05,172.31.40.0-255,66,212,61,283250
31801,3e-05,172.217.194.0-255,1484,1696,61,283250
31802,3.5e-05,172.31.40.0-255,66,1762,61,283250
31803,4e-05,172.217.194.0-255,2902,4664,61,283250
31804,4.3e-05,172.31.40.0-255,66,4730,61,283250
31805,5e-05,172.217.194.0-255,5738,10468,61,283250
31806,5.2e-05,172.31.40.0-255,66,10534,61,283250
31807,8.1e-05,172.217.194.0-255,4945,15479,61,283250
31808,8.4e-05,172.31.40.0-255,66,15545,61,283250
31809,9e-05,172.217.194.0-255,5738,21283,61,283250
31810,9.2e-05,172.31.40.0-255,66,21349,61,283250
31811,0.000132,172.31.40.0-255,66,21415,61,283250
31812,0.000161,172.217.194.0-255,5738,27153,61,283250
31813,0.000164,172.31.40.0-255,66,27219,61,283250
31814,0.000184,172.217.194.0-255,2902,30121,61,283250
31815,0.000187,172.31.40.0-255,66,30187,61,283250
31816,0.000193,172.217.194.0-255,5020,35207,61,283250
31817,0.000195,172.31.40.0-255,66,35273,61,283250
31818,0.000215,172.217.194.0-255,5738,41011,61,283250
31819,0.000217,172.31.40.0-255,66,41077,61,283250
31820,0.000238,172.217.194.0-255,5738,46815,61,283250
31821,0.000241,172.31.40.0-255,66,46881,61,283250
31822,0.000262,172.217.194.0-255,2902,49783,61,283250
31823,0.000264,172.31.40.0-255,66,49849,61,283250
31824,0.000281,172.217.194.0-255,3123,52972,61,283250
31825,0.000284,172.31.40.0-255,66,53038,61,283250
31826,0.000332,172.217.194.0-255,1484,54522,61,283250
31827,0.000335,172.31.40.0-255,66,54588,61,283250
31828,0.000339,172.217.194.0-255,1484,56072,61,283250
31829,0.000341,172.31.40.0-255,66,56138,61,283250
31830,0.000355,172.217.194.0-255,1484,57622,61,283250
31831,0.000363,172.217.194.0-255,5738,63360,61,283250
31832,0.000377,172.217.194.0-255,1484,64844,61,283250
31833,0.000395,172.217.194.0-255,5738,70582,61,283250
31834,0.000433,172.217.194.0-255,7156,77738,61,283250
31835,0.000452,172.217.194.0-255,7156,84894,61,283250
31836,0.000456,172.217.194.0-255,2184,87078,61,283250
31837,0.000562,172.31.40.0-255,66,87144,61,283250
31838,0.000759,172.217.194.0-255,1484,88628,61,283250
31839,0.000765,172.217.194.0-255,2902,91530,61,283250
31840,0.000783,172.217.194.0-255,5738,97268,61,283250
31841,0.000787,172.31.40.0-255,66,97334,61,283250
31842,0.000791,172.31.40.0-255,66,97400,61,283250
31843,0.000817,172.217.194.0-255,7156,104556,61,283250
31844,0.000834,172.217.194.0-255,5738,110294,61,283250
31845,0.000838,172.31.40.0-255,66,110360,61,283250
31846,0.000867,172.217.194.0-255,2184,112544,61,283250
31847,0.000876,172.31.40.0-255,66,112610,61,283250
31848,0.001444,172.217.194.0-255,1484,114094,61,283250
31849,0.001486,172.217.194.0-255,1484,115578,61,283250
31850,0.001491,172.31.40.0-255,66,115644,61,283250
31851,0.001512,172.217.194.0-255,2902,118546,61,283250
31852,0.001517,172.31.40.0-255,66,118612,61,283250
31853,0.001538,172.217.194.0-255,4320,122932,61,283250
31854,0.001547,172.217.194.0-255,1484,124416,61,283250
31855,0.001554,172.31.40.0-255,66,124482,61,283250
31856,0.001567,172.217.194.0-255,7156,131638,61,283250
31857,0.001601,172.31.40.0-255,66,131704,61,283250
31858,0.001632,172.217.194.0-255,766,132470,61,283250
31859,0.001638,172.31.40.0-255,66,132536,61,283250
31860,0.001649,172.217.194.0-255,4320,136856,61,283250
31861,0.001655,172.31.40.0-255,66,136922,61,283250
31862,0.00169,172.31.40.0-255,66,136988,61,283250
31863,0.001706,172.217.194.0-255,7156,144144,61,283250
31864,0.00172,172.31.40.0-255,66,144210,61,283250
31865,0.001756,172.31.40.0-255,66,144276,61,283250
31866,0.001929,172.217.194.0-255,1484,145760,61,283250
31867,0.001934,172.217.194.0-255,2902,148662,61,283250
31868,0.001938,172.31.40.0-255,66,148728,61,283250
31869,0.001944,172.217.194.0-255,4320,153048,61,283250
31870,0.001956,172.217.194.0-255,1484,154532,61,283250
31871,0.001959,172.217.194.0-255,1484,156016,61,283250
31872,0.001982,172.217.194.0-255,7156,163172,61,283250
31873,0.001995,172.31.40.0-255,66,163238,61,283250
31874,0.001998,172.217.194.0-255,1484,164722,61,283250
31875,0.002001,172.217.194.0-255,1484,166206,61,283250
31876,0.002006,172.31.40.0-255,66,166272,61,283250
31877,0.002043,172.31.40.0-255,66,166338,61,283250
31878,0.00207,172.31.40.0-255,66,166404,61,283250
31879,0.002087,172.217.194.0-255,5738,172142,61,283250
31880,0.00211,172.217.194.0-255,2902,175044,61,283250
31881,0.002128,172.217.194.0-255,3602,178646,61,283250
31882,0.010549,172.31.40.0-255,66,178712,61,283250
31883,0.011449,172.217.194.0-255,1484,180196,61,283250
31884,0.01262,172.217.194.0-255,4320,184516,61,283250
31885,0.012626,172.31.40.0-255,66,184582,61,283250
31886,0.014703,172.217.194.0-255,5738,190320,61,283250
31887,0.014713,172.31.40.0-255,66,190386,61,283250
31888,0.016838,172.217.194.0-255,5738,196124,61,283250
31889,0.016852,172.31.40.0-255,66,196190,61,283250
31890,0.019014,172.217.194.0-255,5738,201928,61,283250
31891,0.019029,172.31.40.0-255,66,201994,61,283250
31892,0.021124,172.217.194.0-255,5738,207732,61,283250
31893,0.021133,172.31.40.0-255,66,207798,61,283250
31894,0.023226,172.217.194.0-255,5738,213536,61,283250
31895,0.023234,172.31.40.0-255,66,213602,61,283250
31896,0.025322,172.217.194.0-255,5738,219340,61,283250
31897,0.025329,172.31.40.0-255,66,219406,61,283250
31898,0.027417,172.217.194.0-255,5738,225144,61,283250
31899,0.027425,172.31.40.0-255,66,225210,61,283250
31900,0.029515,172.217.194.0-255,5738,230948,61,283250
31901,0.029525,172.31.40.0-255,66,231014,61,283250
31902,0.03165,172.217.194.0-255,5738,236752,61,283250
31903,0.031657,172.31.40.0-255,66,236818,61,283250
31904,0.033758,172.217.194.0-255,5738,242556,61,283250
31905,0.033765,172.31.40.0-255,66,242622,61,283250
31906,0.035893,172.217.194.0-255,5738,248360,61,283250
31907,0.035899,172.31.40.0-255,66,248426,61,283250
31908,0.037995,172.217.194.0-255,5738,254164,61,283250
31909,0.038002,172.31.40.0-255,66,254230,61,283250
31910,0.040095,172.217.194.0-255,5738,259968,61,283250
31911,0.040101,172.31.40.0-255,66,260034,61,283250
31912,0.042207,172.217.194.0-255,5738,265772,61,283250
31913,0.042223,172.31.40.0-255,66,265838,61,283250
31914,0.044292,172.217.194.0-255,5738,271576,61,283250
31915,0.0443,172.31.40.0-255,66,271642,61,283250
31916,0.046423,172.217.194.0-255,5738,277380,61,283250
31917,0.046433,172.31.40.0-255,66,277446,61,283250
31918,0.048565,172.217.194.0-255,5738,283184,61,283250
31919,0.048582,172.31.40.0-255,66,283250,61,283250
31920,0.0,74.125.24.0-255,150,150,61,185958
31921,2.2e-05,172.31.40.0-255,66,216,61,185958
31922,2.9e-05,74.125.24.0-255,1484,1700,61,185958
31923,3.4e-05,172.31.40.0-255,66,1766,61,185958
31924,4e-05,74.125.24.0-255,2902,4668,61,185958
31925,4.3e-05,172.31.40.0-255,66,4734,61,185958
31926,8.4e-05,74.125.24.0-255,2902,7636,61,185958
31927,8.7e-05,172.31.40.0-255,66,7702,61,185958
31928,0.000146,74.125.24.0-255,6367,14069,61,185958
31929,0.000151,172.31.40.0-255,66,14135,61,185958
31930,0.000288,74.125.24.0-255,5738,19873,61,185958
31931,0.000294,172.31.40.0-255,66,19939,61,185958
31932,0.000312,74.125.24.0-255,5738,25677,61,185958
31933,0.000314,172.31.40.0-255,66,25743,61,185958
31934,0.00054,74.125.24.0-255,5379,31122,61,185958
31935,0.000545,172.31.40.0-255,66,31188,61,185958
31936,0.00066,74.125.24.0-255,2902,34090,61,185958
31937,0.000664,172.31.40.0-255,66,34156,61,185958
31938,0.000699,172.31.40.0-255,66,34222,61,185958
31939,0.001155,74.125.24.0-255,1484,35706,61,185958
31940,0.001161,172.31.40.0-255,66,35772,61,185958
31941,0.00117,74.125.24.0-255,2902,38674,61,185958
31942,0.001172,172.31.40.0-255,66,38740,61,185958
31943,0.001219,74.125.24.0-255,4320,43060,61,185958
31944,0.001222,172.31.40.0-255,66,43126,61,185958
31945,0.001238,74.125.24.0-255,1484,44610,61,185958
31946,0.00124,172.31.40.0-255,66,44676,61,185958
31947,0.001349,74.125.24.0-255,4320,48996,61,185958
31948,0.001354,172.31.40.0-255,66,49062,61,185958
31949,0.001374,74.125.24.0-255,2543,51605,61,185958
31950,0.001376,172.31.40.0-255,66,51671,61,185958
31951,0.001508,74.125.24.0-255,5738,57409,61,185958
31952,0.001621,74.125.24.0-255,1484,58893,61,185958
31953,0.001937,74.125.24.0-255,1484,60377,61,185958
31954,0.002242,74.125.24.0-255,4320,64697,61,185958
31955,0.002565,74.125.24.0-255,5738,70435,61,185958
31956,0.003253,74.125.24.0-255,5738,76173,61,185958
31957,0.003294,74.125.24.0-255,2184,78357,61,185958
31958,0.006728,172.31.40.0-255,66,78423,61,185958
31959,0.009072,74.125.24.0-255,5738,84161,61,185958
31960,0.009079,172.31.40.0-255,66,84227,61,185958
31961,0.011444,74.125.24.0-255,5738,89965,61,185958
31962,0.011453,172.31.40.0-255,66,90031,61,185958
31963,0.013778,74.125.24.0-255,5738,95769,61,185958
31964,0.013786,172.31.40.0-255,66,95835,61,185958
31965,0.016122,74.125.24.0-255,5738,101573,61,185958
31966,0.01613,172.31.40.0-255,66,101639,61,185958
31967,0.018435,74.125.24.0-255,5738,107377,61,185958
31968,0.018444,172.31.40.0-255,66,107443,61,185958
31969,0.020892,74.125.24.0-255,5738,113181,61,185958
31970,0.020904,172.31.40.0-255,66,113247,61,185958
31971,0.023229,74.125.24.0-255,2902,116149,61,185958
31972,0.023236,172.31.40.0-255,66,116215,61,185958
31973,0.023256,74.125.24.0-255,2902,119117,61,185958
31974,0.023298,172.31.40.0-255,66,119183,61,185958
31975,0.025556,74.125.24.0-255,2902,122085,61,185958
31976,0.025563,172.31.40.0-255,66,122151,61,185958
31977,0.025636,74.125.24.0-255,2902,125053,61,185958
31978,0.025665,172.31.40.0-255,66,125119,61,185958
31979,0.027875,74.125.24.0-255,2902,128021,61,185958
31980,0.027885,172.31.40.0-255,66,128087,61,185958
31981,0.027972,74.125.24.0-255,2902,130989,61,185958
31982,0.027989,172.31.40.0-255,66,131055,61,185958
31983,0.0302,74.125.24.0-255,2902,133957,61,185958
31984,0.030206,172.31.40.0-255,66,134023,61,185958
31985,0.030341,74.125.24.0-255,2902,136925,61,185958
31986,0.030413,172.31.40.0-255,66,136991,61,185958
31987,0.03132,172.31.40.0-255,229,137220,61,185958
31988,0.031353,172.31.40.0-255,1120,138340,61,185958
31989,0.031422,172.31.40.0-255,1514,139854,61,185958
31990,0.031424,172.31.40.0-255,1514,141368,61,185958
31991,0.031425,172.31.40.0-255,1514,142882,61,185958
31992,0.031427,172.31.40.0-255,1514,144396,61,185958
31993,0.031453,172.31.40.0-255,1514,145910,61,185958
31994,0.031454,172.31.40.0-255,1158,147068,61,185958
31995,0.03254,74.125.24.0-255,2902,149970,61,185958
31996,0.032548,172.31.40.0-255,66,150036,61,185958
31997,0.032733,74.125.24.0-255,2902,152938,61,185958
31998,0.032738,172.31.40.0-255,66,153004,61,185958
31999,0.032886,104.244.42.0-255,66,153070,61,185958
32000,0.032932,104.244.42.0-255,66,153136,61,185958
32001,0.032985,104.244.42.0-255,66,153202,61,185958
32002,0.03299,104.244.42.0-255,66,153268,61,185958
32003,0.033032,104.244.42.0-255,66,153334,61,185958
32004,0.034821,104.244.42.0-255,108,153442,61,185958
32005,0.034833,172.31.40.0-255,66,153508,61,185958
32006,0.034867,74.125.24.0-255,2902,156410,61,185958
32007,0.03487,172.31.40.0-255,66,156476,61,185958
32008,0.035064,74.125.24.0-255,2902,159378,61,185958
32009,0.035069,172.31.40.0-255,66,159444,61,185958
32010,0.037165,74.125.24.0-255,2902,162346,61,185958
32011,0.037173,172.31.40.0-255,66,162412,61,185958
32012,0.037377,74.125.24.0-255,2902,165314,61,185958
32013,0.037383,172.31.40.0-255,66,165380,61,185958
32014,0.039489,74.125.24.0-255,2902,168282,61,185958
32015,0.0395,172.31.40.0-255,66,168348,61,185958
32016,0.039672,74.125.24.0-255,2902,171250,61,185958
32017,0.039972,172.31.40.0-255,66,171316,61,185958
32018,0.041838,74.125.24.0-255,2902,174218,61,185958
32019,0.041855,172.31.40.0-255,66,174284,61,185958
32020,0.042281,74.125.24.0-255,2902,177186,61,185958
32021,0.044192,74.125.24.0-255,2902,180088,61,185958
32022,0.045722,172.31.40.0-255,66,180154,61,185958
32023,0.048055,74.125.24.0-255,5738,185892,61,185958
32024,0.048071,172.31.40.0-255,66,185958,61,185958
32025,0.0,74.125.24.0-255,296,296,61,283514
32026,2.4e-05,172.31.40.0-255,66,362,61,283514
32027,3e-05,74.125.24.0-255,1484,1846,61,283514
32028,3.6e-05,172.31.40.0-255,66,1912,61,283514
32029,4.3e-05,74.125.24.0-255,4320,6232,61,283514
32030,4.6e-05,172.31.40.0-255,66,6298,61,283514
32031,4.9e-05,74.125.24.0-255,1484,7782,61,283514
32032,5.2e-05,172.31.40.0-255,66,7848,61,283514
32033,5.6e-05,74.125.24.0-255,1484,9332,61,283514
32034,5.9e-05,172.31.40.0-255,66,9398,61,283514
32035,8.9e-05,74.125.24.0-255,6190,15588,61,283514
32036,9.3e-05,172.31.40.0-255,66,15654,61,283514
32037,0.0001,74.125.24.0-255,7156,22810,61,283514
32038,0.000103,172.31.40.0-255,66,22876,61,283514
32039,0.000136,74.125.24.0-255,2902,25778,61,283514
32040,0.000138,172.31.40.0-255,66,25844,61,283514
32041,0.0002,74.125.24.0-255,4320,30164,61,283514
32042,0.000203,172.31.40.0-255,66,30230,61,283514
32043,0.000234,74.125.24.0-255,1125,31355,61,283514
32044,0.000236,172.31.40.0-255,66,31421,61,283514
32045,0.000317,74.125.24.0-255,1484,32905,61,283514
32046,0.000321,172.31.40.0-255,66,32971,61,283514
32047,0.000326,74.125.24.0-255,2902,35873,61,283514
32048,0.000329,172.31.40.0-255,66,35939,61,283514
32049,0.000335,74.125.24.0-255,5738,41677,61,283514
32050,0.000337,172.31.40.0-255,66,41743,61,283514
32051,0.00036,74.125.24.0-255,4320,46063,61,283514
32052,0.000362,172.31.40.0-255,66,46129,61,283514
32053,0.000386,172.31.40.0-255,66,46195,61,283514
32054,0.00041,172.31.40.0-255,66,46261,61,283514
32055,0.000626,74.125.24.0-255,134,46395,61,283514
32056,0.000632,74.125.24.0-255,344,46739,61,283514
32057,0.000832,74.125.24.0-255,1484,48223,61,283514
32058,0.00084,172.31.40.0-255,66,48289,61,283514
32059,0.00085,74.125.24.0-255,2902,51191,61,283514
32060,0.000853,172.31.40.0-255,66,51257,61,283514
32061,0.00086,74.125.24.0-255,5738,56995,61,283514
32062,0.000863,172.31.40.0-255,66,57061,61,283514
32063,0.000878,74.125.24.0-255,1484,58545,61,283514
32064,0.000898,74.125.24.0-255,7156,65701,61,283514
32065,0.000901,172.31.40.0-255,66,65767,61,283514
32066,0.000914,74.125.24.0-255,4320,70087,61,283514
32067,0.000917,172.31.40.0-255,66,70153,61,283514
32068,0.000923,74.125.24.0-255,4320,74473,61,283514
32069,0.000925,172.31.40.0-255,66,74539,61,283514
32070,0.000946,74.125.24.0-255,6438,80977,61,283514
32071,0.00095,172.31.40.0-255,66,81043,61,283514
32072,0.001219,74.125.24.0-255,1484,82527,61,283514
32073,0.001238,74.125.24.0-255,2902,85429,61,283514
32074,0.001242,172.31.40.0-255,66,85495,61,283514
32075,0.001245,74.125.24.0-255,1484,86979,61,283514
32076,0.00126,74.125.24.0-255,4320,91299,61,283514
32077,0.001262,172.31.40.0-255,66,91365,61,283514
32078,0.001283,74.125.24.0-255,1484,92849,61,283514
32079,0.001299,74.125.24.0-255,1484,94333,61,283514
32080,0.001302,172.31.40.0-255,66,94399,61,283514
32081,0.001326,74.125.24.0-255,7156,101555,61,283514
32082,0.001329,172.31.40.0-255,66,101621,61,283514
32083,0.001341,172.31.40.0-255,66,101687,61,283514
32084,0.001366,74.125.24.0-255,3602,105289,61,283514
32085,0.001369,172.31.40.0-255,66,105355,61,283514
32086,0.001576,74.125.24.0-255,1484,106839,61,283514
32087,0.001581,74.125.24.0-255,1484,108323,61,283514
32088,0.001584,172.31.40.0-255,66,108389,61,283514
32089,0.001604,74.125.24.0-255,1484,109873,61,283514
32090,0.001611,74.125.24.0-255,5738,115611,61,283514
32091,0.001614,172.31.40.0-255,66,115677,61,283514
32092,0.001661,74.125.24.0-255,1484,117161,61,283514
32093,0.001665,172.31.40.0-255,66,117227,61,283514
32094,0.001722,74.125.24.0-255,4320,121547,61,283514
32095,0.001725,172.31.40.0-255,66,121613,61,283514
32096,0.001755,172.31.40.0-255,66,121679,61,283514
32097,0.00177,172.31.40.0-255,66,121745,61,283514
32098,0.001781,172.31.40.0-255,66,121811,61,283514
32099,0.001806,74.125.24.0-255,2902,124713,61,283514
32100,0.001808,172.31.40.0-255,66,124779,61,283514
32101,0.001827,74.125.24.0-255,2184,126963,61,283514
32102,0.00183,172.31.40.0-255,66,127029,61,283514
32103,0.002032,74.125.24.0-255,1484,128513,61,283514
32104,0.002048,74.125.24.0-255,2902,131415,61,283514
32105,0.002051,172.31.40.0-255,66,131481,61,283514
32106,0.002069,74.125.24.0-255,5738,137219,61,283514
32107,0.002072,172.31.40.0-255,66,137285,61,283514
32108,0.002124,74.125.24.0-255,7156,144441,61,283514
32109,0.002126,172.31.40.0-255,66,144507,61,283514
32110,0.002152,172.31.40.0-255,66,144573,61,283514
32111,0.002168,74.125.24.0-255,1484,146057,61,283514
32112,0.002187,74.125.24.0-255,6438,152495,61,283514
32113,0.00219,172.31.40.0-255,66,152561,61,283514
32114,0.002309,74.125.24.0-255,1484,154045,61,283514
32115,0.002322,74.125.24.0-255,2902,156947,61,283514
32116,0.002324,172.31.40.0-255,66,157013,61,283514
32117,0.002331,74.125.24.0-255,5738,162751,61,283514
32118,0.002333,172.31.40.0-255,66,162817,61,283514
32119,0.002381,172.31.40.0-255,66,162883,61,283514
32120,0.002388,74.125.24.0-255,7156,170039,61,283514
32121,0.002391,172.31.40.0-255,66,170105,61,283514
32122,0.002413,74.125.24.0-255,2902,173007,61,283514
32123,0.002415,172.31.40.0-255,66,173073,61,283514
32124,0.002437,74.125.24.0-255,3602,176675,61,283514
32125,0.00244,172.31.40.0-255,66,176741,61,283514
32126,0.002448,74.125.24.0-255,7156,183897,61,283514
32127,0.00245,172.31.40.0-255,66,183963,61,283514
32128,0.002457,74.125.24.0-255,5738,189701,61,283514
32129,0.002459,172.31.40.0-255,66,189767,61,283514
32130,0.002499,172.31.40.0-255,66,189833,61,283514
32131,0.002509,172.31.40.0-255,66,189899,61,283514
32132,0.002529,74.125.24.0-255,5738,195637,61,283514
32133,0.002531,172.31.40.0-255,66,195703,61,283514
32134,0.002573,172.31.40.0-255,66,195769,61,283514
32135,0.002586,172.31.40.0-255,66,195835,61,283514
32136,0.002589,74.125.24.0-255,1484,197319,61,283514
32137,0.005111,74.125.24.0-255,4320,201639,61,283514
32138,0.005129,172.31.40.0-255,66,201705,61,283514
32139,0.007659,74.125.24.0-255,5738,207443,61,283514
32140,0.007677,172.31.40.0-255,66,207509,61,283514
32141,0.010195,74.125.24.0-255,5738,213247,61,283514
32142,0.010207,172.31.40.0-255,66,213313,61,283514
32143,0.012722,74.125.24.0-255,5738,219051,61,283514
32144,0.012729,172.31.40.0-255,66,219117,61,283514
32145,0.015247,74.125.24.0-255,5738,224855,61,283514
32146,0.015254,172.31.40.0-255,66,224921,61,283514
32147,0.01781,74.125.24.0-255,5738,230659,61,283514
32148,0.017828,172.31.40.0-255,66,230725,61,283514
32149,0.020383,74.125.24.0-255,5738,236463,61,283514
32150,0.020425,172.31.40.0-255,66,236529,61,283514
32151,0.022964,74.125.24.0-255,5738,242267,61,283514
32152,0.022972,172.31.40.0-255,66,242333,61,283514
32153,0.02551,74.125.24.0-255,5738,248071,61,283514
32154,0.025521,172.31.40.0-255,66,248137,61,283514
32155,0.0281,74.125.24.0-255,5738,253875,61,283514
32156,0.028114,172.31.40.0-255,66,253941,61,283514
32157,0.030649,74.125.24.0-255,5738,259679,61,283514
32158,0.03066,172.31.40.0-255,66,259745,61,283514
32159,0.03318,74.125.24.0-255,5738,265483,61,283514
32160,0.033189,172.31.40.0-255,66,265549,61,283514
32161,0.035723,74.125.24.0-255,5738,271287,61,283514
32162,0.03573,172.31.40.0-255,66,271353,61,283514
32163,0.03827,74.125.24.0-255,5738,277091,61,283514
32164,0.038277,172.31.40.0-255,66,277157,61,283514
32165,0.040836,74.125.24.0-255,5738,282895,61,283514
32166,0.04086,172.31.40.0-255,66,282961,61,283514
32167,0.043362,74.125.24.0-255,316,283277,61,283514
32168,0.043499,172.31.40.0-255,66,283343,61,283514
32169,0.043539,172.31.40.0-255,105,283448,61,283514
32170,0.04604,74.125.24.0-255,66,283514,61,283514
32171,0.0,172.217.194.0-255,153,153,61,333051
32172,2.2e-05,172.31.40.0-255,66,219,61,333051
32173,2.9e-05,172.217.194.0-255,1484,1703,61,333051
32174,3.3e-05,172.31.40.0-255,66,1769,61,333051
32175,3.8e-05,172.217.194.0-255,2902,4671,61,333051
32176,4e-05,172.31.40.0-255,66,4737,61,333051
32177,4.7e-05,172.217.194.0-255,7156,11893,61,333051
32178,5e-05,172.31.40.0-255,66,11959,61,333051
32179,5.3e-05,172.217.194.0-255,1910,13869,61,333051
32180,5.6e-05,172.31.40.0-255,66,13935,61,333051
32181,6.1e-05,172.217.194.0-255,2902,16837,61,333051
32182,6.3e-05,172.31.40.0-255,66,16903,61,333051
32183,8.7e-05,172.217.194.0-255,7156,24059,61,333051
32184,9.1e-05,172.31.40.0-255,66,24125,61,333051
32185,0.000111,172.217.194.0-255,2902,27027,61,333051
32186,0.000112,172.31.40.0-255,66,27093,61,333051
32187,0.000132,172.217.194.0-255,3961,31054,61,333051
32188,0.000135,172.31.40.0-255,66,31120,61,333051
32189,0.000148,172.217.194.0-255,2902,34022,61,333051
32190,0.00015,172.31.40.0-255,66,34088,61,333051
32191,0.000167,172.217.194.0-255,4320,38408,61,333051
32192,0.000169,172.31.40.0-255,66,38474,61,333051
32193,0.000176,172.217.194.0-255,7156,45630,61,333051
32194,0.000178,172.31.40.0-255,66,45696,61,333051
32195,0.000212,172.217.194.0-255,2543,48239,61,333051
32196,0.000215,172.31.40.0-255,66,48305,61,333051
32197,0.000218,172.217.194.0-255,2902,51207,61,333051
32198,0.00022,172.31.40.0-255,66,51273,61,333051
32199,0.000254,172.217.194.0-255,7156,58429,61,333051
32200,0.000257,172.31.40.0-255,66,58495,61,333051
32201,0.00026,172.217.194.0-255,2902,61397,61,333051
32202,0.000262,172.31.40.0-255,66,61463,61,333051
32203,0.000278,172.217.194.0-255,3961,65424,61,333051
32204,0.000281,172.31.40.0-255,66,65490,61,333051
32205,0.000293,172.217.194.0-255,647,66137,61,333051
32206,0.000389,172.217.194.0-255,1484,67621,61,333051
32207,0.000393,172.31.40.0-255,66,67687,61,333051
32208,0.000397,172.217.194.0-255,2902,70589,61,333051
32209,0.000399,172.31.40.0-255,66,70655,61,333051
32210,0.000404,172.217.194.0-255,4320,74975,61,333051
32211,0.000406,172.31.40.0-255,66,75041,61,333051
32212,0.000433,172.217.194.0-255,1484,76525,61,333051
32213,0.000438,172.217.194.0-255,5738,82263,61,333051
32214,0.00044,172.31.40.0-255,66,82329,61,333051
32215,0.000456,172.217.194.0-255,1484,83813,61,333051
32216,0.000483,172.31.40.0-255,66,83879,61,333051
32217,0.000489,172.217.194.0-255,3961,87840,61,333051
32218,0.000491,172.31.40.0-255,66,87906,61,333051
32219,0.000685,172.217.194.0-255,1484,89390,61,333051
32220,0.00069,172.217.194.0-255,1484,90874,61,333051
32221,0.000694,172.31.40.0-255,66,90940,61,333051
32222,0.000717,172.217.194.0-255,1484,92424,61,333051
32223,0.000724,172.217.194.0-255,5738,98162,61,333051
32224,0.000727,172.31.40.0-255,66,98228,61,333051
32225,0.000732,172.217.194.0-255,2902,101130,61,333051
32226,0.000735,172.31.40.0-255,66,101196,61,333051
32227,0.00076,172.31.40.0-255,66,101262,61,333051
32228,0.000795,172.217.194.0-255,4320,105582,61,333051
32229,0.000798,172.31.40.0-255,66,105648,61,333051
32230,0.000821,172.217.194.0-255,6438,112086,61,333051
32231,0.000824,172.31.40.0-255,66,112152,61,333051
32232,0.00141,172.217.194.0-255,1484,113636,61,333051
32233,0.001416,172.217.194.0-255,2902,116538,61,333051
32234,0.00142,172.31.40.0-255,66,116604,61,333051
32235,0.001444,172.217.194.0-255,5738,122342,61,333051
32236,0.001447,172.31.40.0-255,66,122408,61,333051
32237,0.001453,172.217.194.0-255,5738,128146,61,333051
32238,0.001455,172.31.40.0-255,66,128212,61,333051
32239,0.001493,172.31.40.0-255,66,128278,61,333051
32240,0.0015,172.217.194.0-255,5020,133298,61,333051
32241,0.001502,172.31.40.0-255,66,133364,61,333051
32242,0.001562,172.217.194.0-255,5738,139102,61,333051
32243,0.001565,172.31.40.0-255,66,139168,61,333051
32244,0.001578,172.31.40.0-255,66,139234,61,333051
32245,0.001589,172.31.40.0-255,66,139300,61,333051
32246,0.001594,172.217.194.0-255,2902,142202,61,333051
32247,0.001596,172.31.40.0-255,66,142268,61,333051
32248,0.001619,172.217.194.0-255,2184,144452,61,333051
32249,0.001623,172.31.40.0-255,66,144518,61,333051
32250,0.001735,172.217.194.0-255,1484,146002,61,333051
32251,0.001753,172.217.194.0-255,2902,148904,61,333051
32252,0.001756,172.31.40.0-255,66,148970,61,333051
32253,0.001761,172.217.194.0-255,2902,151872,61,333051
32254,0.001763,172.31.40.0-255,66,151938,61,333051
32255,0.001777,172.217.194.0-255,2902,154840,61,333051
32256,0.001779,172.31.40.0-255,66,154906,61,333051
32257,0.001782,172.217.194.0-255,1484,156390,61,333051
32258,0.001828,172.31.40.0-255,66,156456,61,333051
32259,0.001831,172.31.40.0-255,66,156522,61,333051
32260,0.001867,172.217.194.0-255,1484,158006,61,333051
32261,0.001873,172.217.194.0-255,2902,160908,61,333051
32262,0.001875,172.31.40.0-255,66,160974,61,333051
32263,0.001891,172.217.194.0-255,4320,165294,61,333051
32264,0.001895,172.31.40.0-255,66,165360,61,333051
32265,0.00192,172.217.194.0-255,1484,166844,61,333051
32266,0.001927,172.217.194.0-255,5738,172582,61,333051
32267,0.00193,172.31.40.0-255,66,172648,61,333051
32268,0.001954,172.217.194.0-255,7156,179804,61,333051
32269,0.001958,172.31.40.0-255,66,179870,61,333051
32270,0.001982,172.217.194.0-255,5738,185608,61,333051
32271,0.001986,172.31.40.0-255,66,185674,61,333051
32272,0.001991,172.217.194.0-255,5020,190694,61,333051
32273,0.001994,172.31.40.0-255,66,190760,61,333051
32274,0.002091,172.217.194.0-255,1484,192244,61,333051
32275,0.002097,172.217.194.0-255,2902,195146,61,333051
32276,0.0021,172.31.40.0-255,66,195212,61,333051
32277,0.002104,172.217.194.0-255,1484,196696,61,333051
32278,0.004146,172.217.194.0-255,4320,201016,61,333051
32279,0.004153,172.31.40.0-255,66,201082,61,333051
32280,0.006191,172.217.194.0-255,5738,206820,61,333051
32281,0.006196,172.31.40.0-255,66,206886,61,333051
32282,0.008257,172.217.194.0-255,5738,212624,61,333051
32283,0.008263,172.31.40.0-255,66,212690,61,333051
32284,0.010328,172.217.194.0-255,5738,218428,61,333051
32285,0.010334,172.31.40.0-255,66,218494,61,333051
32286,0.012407,172.217.194.0-255,5738,224232,61,333051
32287,0.012416,172.31.40.0-255,66,224298,61,333051
32288,0.014476,172.217.194.0-255,5738,230036,61,333051
32289,0.014482,172.31.40.0-255,66,230102,61,333051
32290,0.016554,172.217.194.0-255,5738,235840,61,333051
32291,0.016561,172.31.40.0-255,66,235906,61,333051
32292,0.018624,172.217.194.0-255,5738,241644,61,333051
32293,0.018633,172.31.40.0-255,66,241710,61,333051
32294,0.020693,172.217.194.0-255,5738,247448,61,333051
32295,0.020704,172.31.40.0-255,66,247514,61,333051
32296,0.022766,172.217.194.0-255,5738,253252,61,333051
32297,0.022777,172.31.40.0-255,66,253318,61,333051
32298,0.024834,172.217.194.0-255,5738,259056,61,333051
32299,0.024842,172.31.40.0-255,66,259122,61,333051
32300,0.026943,172.217.194.0-255,5738,264860,61,333051
32301,0.026959,172.31.40.0-255,66,264926,61,333051
32302,0.029006,172.217.194.0-255,5738,270664,61,333051
32303,0.029013,172.31.40.0-255,66,270730,61,333051
32304,0.031125,172.217.194.0-255,5738,276468,61,333051
32305,0.031138,172.31.40.0-255,66,276534,61,333051
32306,0.033204,172.217.194.0-255,5738,282272,61,333051
32307,0.033212,172.31.40.0-255,66,282338,61,333051
32308,0.035296,172.217.194.0-255,5738,288076,61,333051
32309,0.035307,172.31.40.0-255,66,288142,61,333051
32310,0.037408,172.217.194.0-255,5738,293880,61,333051
32311,0.037415,172.31.40.0-255,66,293946,61,333051
32312,0.039485,172.217.194.0-255,5738,299684,61,333051
32313,0.039497,172.31.40.0-255,66,299750,61,333051
32314,0.041557,172.217.194.0-255,5738,305488,61,333051
32315,0.041563,172.31.40.0-255,66,305554,61,333051
32316,0.04306,172.31.40.0-255,172,305726,61,333051
32317,0.043092,172.31.40.0-255,1119,306845,61,333051
32318,0.043151,172.31.40.0-255,1514,308359,61,333051
32319,0.043152,172.31.40.0-255,1278,309637,61,333051
32320,0.043633,172.217.194.0-255,5738,315375,61,333051
32321,0.043641,172.31.40.0-255,66,315441,61,333051
32322,0.044569,104.244.42.0-255,66,315507,61,333051
32323,0.044607,104.244.42.0-255,66,315573,61,333051
32324,0.044727,104.244.42.0-255,66,315639,61,333051
32325,0.045704,172.217.194.0-255,5738,321377,61,333051
32326,0.045714,172.31.40.0-255,66,321443,61,333051
32327,0.047776,172.217.194.0-255,5738,327181,61,333051
32328,0.04779,172.31.40.0-255,66,327247,61,333051
32329,0.049865,172.217.194.0-255,5738,332985,61,333051
32330,0.04988,172.31.40.0-255,66,333051,61,333051
32331,0.0,74.125.68.0-255,146,146,61,187366
32332,2.2e-05,172.31.40.0-255,66,212,61,187366
32333,3e-05,74.125.68.0-255,1484,1696,61,187366
32334,3.5e-05,172.31.40.0-255,66,1762,61,187366
32335,4.1e-05,74.125.68.0-255,2902,4664,61,187366
32336,4.4e-05,172.31.40.0-255,66,4730,61,187366
32337,5.1e-05,74.125.68.0-255,5738,10468,61,187366
32338,5.4e-05,172.31.40.0-255,66,10534,61,187366
32339,8e-05,74.125.68.0-255,1484,12018,61,187366
32340,8.3e-05,172.31.40.0-255,66,12084,61,187366
32341,0.000108,74.125.68.0-255,2134,14218,61,187366
32342,0.00011,172.31.40.0-255,66,14284,61,187366
32343,0.000418,74.125.68.0-255,1484,15768,61,187366
32344,0.000425,172.31.40.0-255,66,15834,61,187366
32345,0.000431,74.125.68.0-255,2902,18736,61,187366
32346,0.000434,172.31.40.0-255,66,18802,61,187366
32347,0.000437,74.125.68.0-255,1484,20286,61,187366
32348,0.000439,172.31.40.0-255,66,20352,61,187366
32349,0.000468,74.125.68.0-255,2902,23254,61,187366
32350,0.000471,172.31.40.0-255,66,23320,61,187366
32351,0.000478,74.125.68.0-255,5738,29058,61,187366
32352,0.00048,172.31.40.0-255,66,29124,61,187366
32353,0.000484,74.125.68.0-255,2543,31667,61,187366
32354,0.000487,172.31.40.0-255,66,31733,61,187366
32355,0.00058,74.125.68.0-255,1484,33217,61,187366
32356,0.000584,172.31.40.0-255,66,33283,61,187366
32357,0.000589,74.125.68.0-255,2902,36185,61,187366
32358,0.000592,172.31.40.0-255,66,36251,61,187366
32359,0.000643,74.125.68.0-255,5738,41989,61,187366
32360,0.000647,172.31.40.0-255,66,42055,61,187366
32361,0.000655,74.125.68.0-255,6797,48852,61,187366
32362,0.000658,172.31.40.0-255,66,48918,61,187366
32363,0.001655,74.125.68.0-255,1484,50402,61,187366
32364,0.001666,74.125.68.0-255,2902,53304,61,187366
32365,0.001671,172.31.40.0-255,66,53370,61,187366
32366,0.00168,74.125.68.0-255,4320,57690,61,187366
32367,0.001682,172.31.40.0-255,66,57756,61,187366
32368,0.001708,74.125.68.0-255,5738,63494,61,187366
32369,0.001711,172.31.40.0-255,66,63560,61,187366
32370,0.001738,74.125.68.0-255,3124,66684,61,187366
32371,0.001741,172.31.40.0-255,66,66750,61,187366
32372,0.003969,74.125.68.0-255,1484,68234,61,187366
32373,0.004015,74.125.68.0-255,2902,71136,61,187366
32374,0.004019,172.31.40.0-255,66,71202,61,187366
32375,0.004031,74.125.68.0-255,1484,72686,61,187366
32376,0.006303,74.125.68.0-255,4320,77006,61,187366
32377,0.006311,172.31.40.0-255,66,77072,61,187366
32378,0.008581,74.125.68.0-255,5738,82810,61,187366
32379,0.008587,172.31.40.0-255,66,82876,61,187366
32380,0.010865,74.125.68.0-255,5738,88614,61,187366
32381,0.010874,172.31.40.0-255,66,88680,61,187366
32382,0.013152,74.125.68.0-255,5738,94418,61,187366
32383,0.01316,172.31.40.0-255,66,94484,61,187366
32384,0.015445,74.125.68.0-255,5738,100222,61,187366
32385,0.015456,172.31.40.0-255,66,100288,61,187366
32386,0.017749,74.125.68.0-255,5738,106026,61,187366
32387,0.017757,172.31.40.0-255,66,106092,61,187366
32388,0.02003,74.125.68.0-255,5738,111830,61,187366
32389,0.020038,172.31.40.0-255,66,111896,61,187366
32390,0.022321,74.125.68.0-255,5738,117634,61,187366
32391,0.022328,172.31.40.0-255,66,117700,61,187366
32392,0.024602,74.125.68.0-255,4320,122020,61,187366
32393,0.024609,172.31.40.0-255,66,122086,61,187366
32394,0.024627,74.125.68.0-255,1484,123570,61,187366
32395,0.026892,74.125.68.0-255,4320,127890,61,187366
32396,0.026901,172.31.40.0-255,66,127956,61,187366
32397,0.027608,172.31.40.0-255,172,128128,61,187366
32398,0.027638,172.31.40.0-255,1066,129194,61,187366
32399,0.029172,104.244.42.0-255,66,129260,61,187366
32400,0.029181,104.244.42.0-255,66,129326,61,187366
32401,0.029186,74.125.68.0-255,5738,135064,61,187366
32402,0.029191,172.31.40.0-255,66,135130,61,187366
32403,0.031464,74.125.68.0-255,5738,140868,61,187366
32404,0.03147,172.31.40.0-255,66,140934,61,187366
32405,0.033759,74.125.68.0-255,5738,146672,61,187366
32406,0.033765,172.31.40.0-255,66,146738,61,187366
32407,0.036054,74.125.68.0-255,5738,152476,61,187366
32408,0.036061,172.31.40.0-255,66,152542,61,187366
32409,0.038361,74.125.68.0-255,5738,158280,61,187366
32410,0.038367,172.31.40.0-255,66,158346,61,187366
32411,0.040654,74.125.68.0-255,5738,164084,61,187366
32412,0.04066,172.31.40.0-255,66,164150,61,187366
32413,0.042951,74.125.68.0-255,5738,169888,61,187366
32414,0.042957,172.31.40.0-255,66,169954,61,187366
32415,0.045237,74.125.68.0-255,5738,175692,61,187366
32416,0.045244,172.31.40.0-255,66,175758,61,187366
32417,0.047522,74.125.68.0-255,5738,181496,61,187366
32418,0.047527,172.31.40.0-255,66,181562,61,187366
32419,0.049819,74.125.68.0-255,5738,187300,61,187366
32420,0.049826,172.31.40.0-255,66,187366,61,187366
32421,0.0,74.125.24.0-255,146,146,61,214872
32422,2.2e-05,172.31.40.0-255,66,212,61,214872
32423,2.9e-05,74.125.24.0-255,1484,1696,61,214872
32424,3.4e-05,172.31.40.0-255,66,1762,61,214872
32425,3.9e-05,74.125.24.0-255,2902,4664,61,214872
32426,4.2e-05,172.31.40.0-255,66,4730,61,214872
32427,5e-05,74.125.24.0-255,7156,11886,61,214872
32428,5.3e-05,172.31.40.0-255,66,11952,61,214872
32429,8e-05,74.125.24.0-255,2037,13989,61,214872
32430,8.3e-05,172.31.40.0-255,66,14055,61,214872
32431,0.0002,74.125.24.0-255,1484,15539,61,214872
32432,0.000204,172.31.40.0-255,66,15605,61,214872
32433,0.00021,74.125.24.0-255,2902,18507,61,214872
32434,0.000213,172.31.40.0-255,66,18573,61,214872
32435,0.000217,74.125.24.0-255,2902,21475,61,214872
32436,0.000219,172.31.40.0-255,66,21541,61,214872
32437,0.000245,74.125.24.0-255,2902,24443,61,214872
32438,0.000248,172.31.40.0-255,66,24509,61,214872
32439,0.00026,74.125.24.0-255,1484,25993,61,214872
32440,0.000262,172.31.40.0-255,66,26059,61,214872
32441,0.000285,74.125.24.0-255,5379,31438,61,214872
32442,0.000288,172.31.40.0-255,66,31504,61,214872
32443,0.000463,74.125.24.0-255,1484,32988,61,214872
32444,0.00047,74.125.24.0-255,2902,35890,61,214872
32445,0.000475,172.31.40.0-255,66,35956,61,214872
32446,0.000483,172.31.40.0-255,66,36022,61,214872
32447,0.000489,74.125.24.0-255,5738,41760,61,214872
32448,0.000492,172.31.40.0-255,66,41826,61,214872
32449,0.000508,74.125.24.0-255,1484,43310,61,214872
32450,0.00051,172.31.40.0-255,66,43376,61,214872
32451,0.000535,74.125.24.0-255,5379,48755,61,214872
32452,0.000538,172.31.40.0-255,66,48821,61,214872
32453,0.000541,74.125.24.0-255,1484,50305,61,214872
32454,0.000567,74.125.24.0-255,5738,56043,61,214872
32455,0.000571,172.31.40.0-255,66,56109,61,214872
32456,0.000625,74.125.24.0-255,7156,63265,61,214872
32457,0.000629,172.31.40.0-255,66,63331,61,214872
32458,0.000648,74.125.24.0-255,2543,65874,61,214872
32459,0.00065,172.31.40.0-255,66,65940,61,214872
32460,0.00079,74.125.24.0-255,412,66352,61,214872
32461,0.001072,172.31.40.0-255,66,66418,61,214872
32462,0.001113,74.125.24.0-255,330,66748,61,214872
32463,0.001148,172.31.40.0-255,66,66814,61,214872
32464,0.002426,74.125.24.0-255,1484,68298,61,214872
32465,0.002437,74.125.24.0-255,2902,71200,61,214872
32466,0.002442,172.31.40.0-255,66,71266,61,214872
32467,0.00245,74.125.24.0-255,5738,77004,61,214872
32468,0.002452,172.31.40.0-255,66,77070,61,214872
32469,0.002476,74.125.24.0-255,7156,84226,61,214872
32470,0.002479,172.31.40.0-255,66,84292,61,214872
32471,0.002509,74.125.24.0-255,7156,91448,61,214872
32472,0.002511,172.31.40.0-255,66,91514,61,214872
32473,0.002531,74.125.24.0-255,7156,98670,61,214872
32474,0.002533,172.31.40.0-255,66,98736,61,214872
32475,0.002538,74.125.24.0-255,2184,100920,61,214872
32476,0.00254,172.31.40.0-255,66,100986,61,214872
32477,0.005052,74.125.24.0-255,2902,103888,61,214872
32478,0.005058,172.31.40.0-255,66,103954,61,214872
32479,0.005095,74.125.24.0-255,2902,106856,61,214872
32480,0.005098,172.31.40.0-255,66,106922,61,214872
32481,0.007589,74.125.24.0-255,2902,109824,61,214872
32482,0.007593,172.31.40.0-255,66,109890,61,214872
32483,0.007626,74.125.24.0-255,2902,112792,61,214872
32484,0.007628,172.31.40.0-255,66,112858,61,214872
32485,0.010115,74.125.24.0-255,2902,115760,61,214872
32486,0.010122,172.31.40.0-255,66,115826,61,214872
32487,0.010146,74.125.24.0-255,2902,118728,61,214872
32488,0.010148,172.31.40.0-255,66,118794,61,214872
32489,0.012678,74.125.24.0-255,5738,124532,61,214872
32490,0.012686,172.31.40.0-255,66,124598,61,214872
32491,0.015245,74.125.24.0-255,5738,130336,61,214872
32492,0.015253,172.31.40.0-255,66,130402,61,214872
32493,0.01781,74.125.24.0-255,5738,136140,61,214872
32494,0.017821,172.31.40.0-255,66,136206,61,214872
32495,0.020362,74.125.24.0-255,5738,141944,61,214872
32496,0.020369,172.31.40.0-255,66,142010,61,214872
32497,0.022948,74.125.24.0-255,5738,147748,61,214872
32498,0.022956,172.31.40.0-255,66,147814,61,214872
32499,0.025496,74.125.24.0-255,5738,153552,61,214872
32500,0.025504,172.31.40.0-255,66,153618,61,214872
32501,0.028051,74.125.24.0-255,5738,159356,61,214872
32502,0.028059,172.31.40.0-255,66,159422,61,214872
32503,0.030632,74.125.24.0-255,5738,165160,61,214872
32504,0.030639,172.31.40.0-255,66,165226,61,214872
32505,0.031675,172.31.40.0-255,167,165393,61,214872
32506,0.031707,172.31.40.0-255,1120,166513,61,214872
32507,0.031781,172.31.40.0-255,1514,168027,61,214872
32508,0.031783,172.31.40.0-255,1514,169541,61,214872
32509,0.031785,172.31.40.0-255,1514,171055,61,214872
32510,0.031786,172.31.40.0-255,1514,172569,61,214872
32511,0.031816,172.31.40.0-255,1477,174046,61,214872
32512,0.033193,74.125.24.0-255,5738,179784,61,214872
32513,0.033201,172.31.40.0-255,66,179850,61,214872
32514,0.033232,104.244.42.0-255,66,179916,61,214872
32515,0.03327,104.244.42.0-255,66,179982,61,214872
32516,0.033347,104.244.42.0-255,66,180048,61,214872
32517,0.035737,74.125.24.0-255,5738,185786,61,214872
32518,0.035742,172.31.40.0-255,66,185852,61,214872
32519,0.038324,74.125.24.0-255,5738,191590,61,214872
32520,0.038332,172.31.40.0-255,66,191656,61,214872
32521,0.04088,74.125.24.0-255,5738,197394,61,214872
32522,0.040885,172.31.40.0-255,66,197460,61,214872
32523,0.043414,74.125.24.0-255,5738,203198,61,214872
32524,0.043423,172.31.40.0-255,66,203264,61,214872
32525,0.045965,74.125.24.0-255,5738,209002,61,214872
32526,0.045991,172.31.40.0-255,66,209068,61,214872
32527,0.048549,74.125.24.0-255,5738,214806,61,214872
32528,0.048556,172.31.40.0-255,66,214872,61,214872
32529,0.0,172.31.40.0-255,130,130,61,1756
32530,0.001678,172.31.40.0-255,236,366,61,1756
32531,0.001712,172.31.40.0-255,368,734,61,1756
32532,0.003327,172.217.194.0-255,630,1364,61,1756
32533,0.004018,172.217.194.0-255,97,1461,61,1756
32534,0.004029,172.31.40.0-255,66,1527,61,1756
32535,0.008281,172.217.194.0-255,66,1593,61,1756
32536,0.017265,172.31.40.0-255,97,1690,61,1756
32537,0.019566,172.217.194.0-255,66,1756,61,1756
32538,0.0,172.217.194.0-255,150,150,61,157728
32539,2.4e-05,172.31.40.0-255,66,216,61,157728
32540,3.2e-05,172.217.194.0-255,1484,1700,61,157728
32541,3.7e-05,172.31.40.0-255,66,1766,61,157728
32542,4.3e-05,172.217.194.0-255,2902,4668,61,157728
32543,4.7e-05,172.31.40.0-255,66,4734,61,157728
32544,6.3e-05,172.217.194.0-255,7156,11890,61,157728
32545,6.6e-05,172.31.40.0-255,66,11956,61,157728
32546,6.9e-05,172.217.194.0-255,1484,13440,61,157728
32547,7.2e-05,172.31.40.0-255,66,13506,61,157728
32548,0.000124,172.217.194.0-255,673,14179,61,157728
32549,0.000126,172.31.40.0-255,66,14245,61,157728
32550,0.00013,172.217.194.0-255,1484,15729,61,157728
32551,0.000132,172.31.40.0-255,66,15795,61,157728
32552,0.000138,172.217.194.0-255,4320,20115,61,157728
32553,0.000141,172.31.40.0-255,66,20181,61,157728
32554,0.000153,172.31.40.0-255,66,20247,61,157728
32555,0.000156,172.217.194.0-255,1125,21372,61,157728
32556,0.000158,172.31.40.0-255,66,21438,61,157728
32557,0.000203,172.31.40.0-255,66,21504,61,157728
32558,0.000209,172.217.194.0-255,3961,25465,61,157728
32559,0.000211,172.31.40.0-255,66,25531,61,157728
32560,0.000257,172.217.194.0-255,5738,31269,61,157728
32561,0.00026,172.31.40.0-255,66,31335,61,157728
32562,0.00029,172.31.40.0-255,66,31401,61,157728
32563,0.000292,172.217.194.0-255,678,32079,61,157728
32564,0.000294,172.31.40.0-255,66,32145,61,157728
32565,0.000409,172.217.194.0-255,1484,33629,61,157728
32566,0.000413,172.31.40.0-255,66,33695,61,157728
32567,0.000418,172.217.194.0-255,2902,36597,61,157728
32568,0.00042,172.31.40.0-255,66,36663,61,157728
32569,0.000425,172.217.194.0-255,2902,39565,61,157728
32570,0.000427,172.31.40.0-255,66,39631,61,157728
32571,0.000462,172.217.194.0-255,2902,42533,61,157728
32572,0.000465,172.31.40.0-255,66,42599,61,157728
32573,0.000476,172.31.40.0-255,66,42665,61,157728
32574,0.000492,172.31.40.0-255,66,42731,61,157728
32575,0.000525,172.217.194.0-255,6797,49528,61,157728
32576,0.000528,172.31.40.0-255,66,49594,61,157728
32577,0.000794,172.217.194.0-255,1484,51078,61,157728
32578,0.000802,172.217.194.0-255,2902,53980,61,157728
32579,0.000805,172.31.40.0-255,66,54046,61,157728
32580,0.000813,172.217.194.0-255,5738,59784,61,157728
32581,0.000816,172.31.40.0-255,66,59850,61,157728
32582,0.000849,172.31.40.0-255,66,59916,61,157728
32583,0.000864,172.31.40.0-255,66,59982,61,157728
32584,0.000886,172.217.194.0-255,2184,62166,61,157728
32585,0.000888,172.31.40.0-255,66,62232,61,157728
32586,0.000949,172.217.194.0-255,1484,63716,61,157728
32587,0.000952,172.217.194.0-255,1484,65200,61,157728
32588,0.000962,172.31.40.0-255,66,65266,61,157728
32589,0.000966,172.217.194.0-255,1484,66750,61,157728
32590,0.000969,172.217.194.0-255,1484,68234,61,157728
32591,0.000971,172.31.40.0-255,66,68300,61,157728
32592,0.000998,172.217.194.0-255,4320,72620,61,157728
32593,0.001001,172.31.40.0-255,66,72686,61,157728
32594,0.001013,172.31.40.0-255,66,72752,61,157728
32595,0.001041,172.217.194.0-255,2902,75654,61,157728
32596,0.001044,172.31.40.0-255,66,75720,61,157728
32597,0.001061,172.31.40.0-255,66,75786,61,157728
32598,0.001063,172.217.194.0-255,766,76552,61,157728
32599,0.001205,172.217.194.0-255,1484,78036,61,157728
32600,0.00121,172.31.40.0-255,66,78102,61,157728
32601,0.001215,172.217.194.0-255,2902,81004,61,157728
32602,0.001218,172.31.40.0-255,66,81070,61,157728
32603,0.001251,172.217.194.0-255,5738,86808,61,157728
32604,0.001254,172.31.40.0-255,66,86874,61,157728
32605,0.001269,172.31.40.0-255,66,86940,61,157728
32606,0.001319,172.217.194.0-255,5738,92678,61,157728
32607,0.001321,172.31.40.0-255,66,92744,61,157728
32608,0.001352,172.217.194.0-255,5020,97764,61,157728
32609,0.001355,172.31.40.0-255,66,97830,61,157728
32610,0.001417,172.217.194.0-255,1484,99314,61,157728
32611,0.001423,172.217.194.0-255,2902,102216,61,157728
32612,0.001426,172.31.40.0-255,66,102282,61,157728
32613,0.001457,172.217.194.0-255,5738,108020,61,157728
32614,0.00146,172.31.40.0-255,66,108086,61,157728
32615,0.001464,172.217.194.0-255,2902,110988,61,157728
32616,0.001466,172.31.40.0-255,66,111054,61,157728
32617,0.00151,172.31.40.0-255,66,111120,61,157728
32618,0.001526,172.31.40.0-255,66,111186,61,157728
32619,0.001529,172.217.194.0-255,766,111952,61,157728
32620,0.001663,172.217.194.0-255,1484,113436,61,157728
32621,0.001668,172.31.40.0-255,66,113502,61,157728
32622,0.001691,172.217.194.0-255,2902,116404,61,157728
32623,0.001694,172.31.40.0-255,66,116470,61,157728
32624,0.0017,172.217.194.0-255,5738,122208,61,157728
32625,0.001703,172.31.40.0-255,66,122274,61,157728
32626,0.001745,172.31.40.0-255,66,122340,61,157728
32627,0.001759,172.31.40.0-255,66,122406,61,157728
32628,0.001809,172.31.40.0-255,66,122472,61,157728
32629,0.001857,172.31.40.0-255,66,122538,61,157728
32630,0.00186,172.31.40.0-255,66,122604,61,157728
32631,0.001867,172.217.194.0-255,7156,129760,61,157728
32632,0.00187,172.31.40.0-255,66,129826,61,157728
32633,0.001926,172.217.194.0-255,2902,132728,61,157728
32634,0.00193,172.31.40.0-255,66,132794,61,157728
32635,0.001933,172.31.40.0-255,66,132860,61,157728
32636,0.001962,172.217.194.0-255,4320,137180,61,157728
32637,0.001965,172.31.40.0-255,66,137246,61,157728
32638,0.001976,172.217.194.0-255,7156,144402,61,157728
32639,0.001979,172.31.40.0-255,66,144468,61,157728
32640,0.00201,172.217.194.0-255,1484,145952,61,157728
32641,0.002022,172.31.40.0-255,66,146018,61,157728
32642,0.002054,172.217.194.0-255,7156,153174,61,157728
32643,0.002057,172.31.40.0-255,66,153240,61,157728
32644,0.00211,172.31.40.0-255,66,153306,61,157728
32645,0.002131,172.217.194.0-255,3602,156908,61,157728
32646,0.002134,172.31.40.0-255,66,156974,61,157728
32647,0.00215,172.31.40.0-255,66,157040,61,157728
32648,0.002162,172.31.40.0-255,66,157106,61,157728
32649,0.002176,172.31.40.0-255,66,157172,61,157728
32650,0.002178,172.217.194.0-255,97,157269,61,157728
32651,0.002181,172.217.194.0-255,105,157374,61,157728
32652,0.011606,172.217.194.0-255,105,157479,61,157728
32653,0.011626,172.31.40.0-255,78,157557,61,157728
32654,0.017063,172.31.40.0-255,105,157662,61,157728
32655,0.019371,172.217.194.0-255,66,157728,61,157728
32656,0.0,74.125.130.0-255,289,289,61,265936
32657,3.1e-05,172.31.40.0-255,66,355,61,265936
32658,3.9e-05,74.125.130.0-255,1484,1839,61,265936
32659,4.3e-05,172.31.40.0-255,66,1905,61,265936
32660,5e-05,74.125.130.0-255,4320,6225,61,265936
32661,5.4e-05,172.31.40.0-255,66,6291,61,265936
32662,5.9e-05,74.125.130.0-255,4320,10611,61,265936
32663,6.4e-05,172.31.40.0-255,66,10677,61,265936
32664,7.1e-05,74.125.130.0-255,4549,15226,61,265936
32665,7.4e-05,172.31.40.0-255,66,15292,61,265936
32666,0.000106,74.125.130.0-255,7156,22448,61,265936
32667,0.000109,172.31.40.0-255,66,22514,61,265936
32668,0.00014,172.31.40.0-255,66,22580,61,265936
32669,0.000259,74.125.130.0-255,1484,24064,61,265936
32670,0.000263,172.31.40.0-255,66,24130,61,265936
32671,0.000267,74.125.130.0-255,1484,25614,61,265936
32672,0.000269,172.31.40.0-255,66,25680,61,265936
32673,0.000291,74.125.130.0-255,1484,27164,61,265936
32674,0.000294,172.31.40.0-255,66,27230,61,265936
32675,0.0003,74.125.130.0-255,4320,31550,61,265936
32676,0.000302,172.31.40.0-255,66,31616,61,265936
32677,0.000308,74.125.130.0-255,5738,37354,61,265936
32678,0.000312,172.31.40.0-255,66,37420,61,265936
32679,0.000364,172.31.40.0-255,66,37486,61,265936
32680,0.0004,74.125.130.0-255,7156,44642,61,265936
32681,0.000404,172.31.40.0-255,66,44708,61,265936
32682,0.000424,74.125.130.0-255,2543,47251,61,265936
32683,0.000426,172.31.40.0-255,66,47317,61,265936
32684,0.000429,74.125.130.0-255,647,47964,61,265936
32685,0.000455,172.31.40.0-255,66,48030,61,265936
32686,0.000596,74.125.130.0-255,1484,49514,61,265936
32687,0.000603,74.125.130.0-255,1484,50998,61,265936
32688,0.000619,74.125.130.0-255,1484,52482,61,265936
32689,0.000637,74.125.130.0-255,2902,55384,61,265936
32690,0.000653,74.125.130.0-255,2902,58286,61,265936
32691,0.000674,74.125.130.0-255,6797,65083,61,265936
32692,0.000693,74.125.130.0-255,1484,66567,61,265936
32693,0.000712,74.125.130.0-255,2902,69469,61,265936
32694,0.000749,74.125.130.0-255,5738,75207,61,265936
32695,0.000753,74.125.130.0-255,1484,76691,61,265936
32696,0.000769,74.125.130.0-255,2902,79593,61,265936
32697,0.000796,74.125.130.0-255,2543,82136,61,265936
32698,0.001359,74.125.130.0-255,1484,83620,61,265936
32699,0.001368,74.125.130.0-255,2902,86522,61,265936
32700,0.001395,74.125.130.0-255,5738,92260,61,265936
32701,0.001467,74.125.130.0-255,5020,97280,61,265936
32702,0.001631,74.125.130.0-255,1484,98764,61,265936
32703,0.001637,74.125.130.0-255,2902,101666,61,265936
32704,0.001658,74.125.130.0-255,5738,107404,61,265936
32705,0.001678,74.125.130.0-255,7156,114560,61,265936
32706,0.001711,74.125.130.0-255,4320,118880,61,265936
32707,0.001763,74.125.130.0-255,2902,121782,61,265936
32708,0.001777,74.125.130.0-255,766,122548,61,265936
32709,0.002001,172.31.40.0-255,66,122614,61,265936
32710,0.00208,74.125.130.0-255,1484,124098,61,265936
32711,0.002102,74.125.130.0-255,2902,127000,61,265936
32712,0.002106,74.125.130.0-255,1484,128484,61,265936
32713,0.002128,172.31.40.0-255,66,128550,61,265936
32714,0.002135,74.125.130.0-255,2902,131452,61,265936
32715,0.002145,172.31.40.0-255,66,131518,61,265936
32716,0.002171,74.125.130.0-255,5738,137256,61,265936
32717,0.002178,172.31.40.0-255,66,137322,61,265936
32718,0.002187,74.125.130.0-255,2902,140224,61,265936
32719,0.002192,172.31.40.0-255,66,140290,61,265936
32720,0.002205,74.125.130.0-255,4320,144610,61,265936
32721,0.002223,74.125.130.0-255,2902,147512,61,265936
32722,0.002228,74.125.130.0-255,4320,151832,61,265936
32723,0.002238,172.31.40.0-255,66,151898,61,265936
32724,0.002269,74.125.130.0-255,5020,156918,61,265936
32725,0.00229,172.31.40.0-255,66,156984,61,265936
32726,0.004806,74.125.130.0-255,5738,162722,61,265936
32727,0.004815,172.31.40.0-255,66,162788,61,265936
32728,0.007324,74.125.130.0-255,5738,168526,61,265936
32729,0.010649,172.31.40.0-255,66,168592,61,265936
32730,0.013178,74.125.130.0-255,5738,174330,61,265936
32731,0.013197,172.31.40.0-255,66,174396,61,265936
32732,0.015725,74.125.130.0-255,5738,180134,61,265936
32733,0.015734,172.31.40.0-255,66,180200,61,265936
32734,0.018253,74.125.130.0-255,5738,185938,61,265936
32735,0.018261,172.31.40.0-255,66,186004,61,265936
32736,0.020786,74.125.130.0-255,5738,191742,61,265936
32737,0.020797,172.31.40.0-255,66,191808,61,265936
32738,0.023311,74.125.130.0-255,5738,197546,61,265936
32739,0.02332,172.31.40.0-255,66,197612,61,265936
32740,0.025839,74.125.130.0-255,5738,203350,61,265936
32741,0.025847,172.31.40.0-255,66,203416,61,265936
32742,0.028395,74.125.130.0-255,5738,209154,61,265936
32743,0.028415,172.31.40.0-255,66,209220,61,265936
32744,0.030942,74.125.130.0-255,5738,214958,61,265936
32745,0.030952,172.31.40.0-255,66,215024,61,265936
32746,0.033479,74.125.130.0-255,5738,220762,61,265936
32747,0.033496,172.31.40.0-255,66,220828,61,265936
32748,0.036039,74.125.130.0-255,5738,226566,61,265936
32749,0.036059,172.31.40.0-255,66,226632,61,265936
32750,0.038604,74.125.130.0-255,5738,232370,61,265936
32751,0.038625,172.31.40.0-255,66,232436,61,265936
32752,0.041156,74.125.130.0-255,5738,238174,61,265936
32753,0.041171,172.31.40.0-255,66,238240,61,265936
32754,0.043698,74.125.130.0-255,5738,243978,61,265936
32755,0.043714,172.31.40.0-255,66,244044,61,265936
32756,0.044778,172.31.40.0-255,172,244216,61,265936
32757,0.044817,172.31.40.0-255,1119,245335,61,265936
32758,0.044994,172.31.40.0-255,1514,246849,61,265936
32759,0.044997,172.31.40.0-255,1514,248363,61,265936
32760,0.045003,172.31.40.0-255,1514,249877,61,265936
32761,0.045004,172.31.40.0-255,1514,251391,61,265936
32762,0.045025,172.31.40.0-255,1514,252905,61,265936
32763,0.045031,172.31.40.0-255,1159,254064,61,265936
32764,0.046286,74.125.130.0-255,5738,259802,61,265936
32765,0.046301,172.31.40.0-255,66,259868,61,265936
32766,0.046329,104.244.42.0-255,66,259934,61,265936
32767,0.046452,104.244.42.0-255,66,260000,61,265936
32768,0.046546,104.244.42.0-255,66,260066,61,265936
32769,0.046586,104.244.42.0-255,66,260132,61,265936
32770,0.048839,74.125.130.0-255,5738,265870,61,265936
32771,0.04886,172.31.40.0-255,66,265936,61,265936
32772,0.0,172.217.194.0-255,148,148,61,214552
32773,2.3e-05,172.31.40.0-255,66,214,61,214552
32774,3e-05,172.217.194.0-255,1484,1698,61,214552
32775,3.4e-05,172.31.40.0-255,66,1764,61,214552
32776,4e-05,172.217.194.0-255,2902,4666,61,214552
32777,4.3e-05,172.31.40.0-255,66,4732,61,214552
32778,5.9e-05,172.217.194.0-255,7156,11888,61,214552
32779,6.2e-05,172.31.40.0-255,66,11954,61,214552
32780,0.000131,172.217.194.0-255,2067,14021,61,214552
32781,0.000134,172.31.40.0-255,66,14087,61,214552
32782,0.000171,172.31.40.0-255,66,14153,61,214552
32783,0.000302,172.217.194.0-255,5379,19532,61,214552
32784,0.000306,172.31.40.0-255,66,19598,61,214552
32785,0.000355,172.217.194.0-255,4320,23918,61,214552
32786,0.000357,172.31.40.0-255,66,23984,61,214552
32787,0.000403,172.31.40.0-255,66,24050,61,214552
32788,0.000612,172.217.194.0-255,5738,29788,61,214552
32789,0.000617,172.31.40.0-255,66,29854,61,214552
32790,0.000647,172.217.194.0-255,6438,36292,61,214552
32791,0.00065,172.31.40.0-255,66,36358,61,214552
32792,0.000732,172.217.194.0-255,392,36750,61,214552
32793,0.000735,172.31.40.0-255,66,36816,61,214552
32794,0.000752,172.217.194.0-255,7156,43972,61,214552
32795,0.000755,172.31.40.0-255,66,44038,61,214552
32796,0.000794,172.31.40.0-255,66,44104,61,214552
32797,0.000956,172.217.194.0-255,5738,49842,61,214552
32798,0.000961,172.31.40.0-255,66,49908,61,214552
32799,0.000989,172.31.40.0-255,66,49974,61,214552
32800,0.001155,172.217.194.0-255,5738,55712,61,214552
32801,0.001159,172.31.40.0-255,66,55778,61,214552
32802,0.001196,172.31.40.0-255,66,55844,61,214552
32803,0.001356,172.217.194.0-255,7156,63000,61,214552
32804,0.001418,172.31.40.0-255,66,63066,61,214552
32805,0.002269,172.217.194.0-255,1484,64550,61,214552
32806,0.002286,172.217.194.0-255,2902,67452,61,214552
32807,0.002289,172.31.40.0-255,66,67518,61,214552
32808,0.002317,172.217.194.0-255,5738,73256,61,214552
32809,0.002319,172.31.40.0-255,66,73322,61,214552
32810,0.002368,172.217.194.0-255,4320,77642,61,214552
32811,0.00237,172.31.40.0-255,66,77708,61,214552
32812,0.00242,172.217.194.0-255,4320,82028,61,214552
32813,0.002422,172.31.40.0-255,66,82094,61,214552
32814,0.002455,172.217.194.0-255,7156,89250,61,214552
32815,0.002457,172.31.40.0-255,66,89316,61,214552
32816,0.002559,172.31.40.0-255,66,89382,61,214552
32817,0.00491,172.217.194.0-255,5738,95120,61,214552
32818,0.004917,172.31.40.0-255,66,95186,61,214552
32819,0.007255,172.217.194.0-255,5738,100924,61,214552
32820,0.007258,172.31.40.0-255,66,100990,61,214552
32821,0.009621,172.217.194.0-255,5738,106728,61,214552
32822,0.009628,172.31.40.0-255,66,106794,61,214552
32823,0.012013,172.217.194.0-255,5738,112532,61,214552
32824,0.012022,172.31.40.0-255,66,112598,61,214552
32825,0.014393,172.217.194.0-255,5738,118336,61,214552
32826,0.0144,172.31.40.0-255,66,118402,61,214552
32827,0.016761,172.217.194.0-255,5738,124140,61,214552
32828,0.01677,172.31.40.0-255,66,124206,61,214552
32829,0.019102,172.217.194.0-255,5738,129944,61,214552
32830,0.019112,172.31.40.0-255,66,130010,61,214552
32831,0.021432,172.217.194.0-255,5738,135748,61,214552
32832,0.021438,172.31.40.0-255,66,135814,61,214552
32833,0.023792,172.217.194.0-255,5738,141552,61,214552
32834,0.0238,172.31.40.0-255,66,141618,61,214552
32835,0.026113,172.217.194.0-255,5738,147356,61,214552
32836,0.026124,172.31.40.0-255,66,147422,61,214552
32837,0.02848,172.217.194.0-255,5738,153160,61,214552
32838,0.02849,172.31.40.0-255,66,153226,61,214552
32839,0.030861,172.217.194.0-255,5738,158964,61,214552
32840,0.030869,172.31.40.0-255,66,159030,61,214552
32841,0.033239,172.217.194.0-255,5738,164768,61,214552
32842,0.033247,172.31.40.0-255,66,164834,61,214552
32843,0.035557,172.217.194.0-255,5738,170572,61,214552
32844,0.035564,172.31.40.0-255,66,170638,61,214552
32845,0.037917,172.217.194.0-255,5738,176376,61,214552
32846,0.037924,172.31.40.0-255,66,176442,61,214552
32847,0.040274,172.217.194.0-255,5738,182180,61,214552
32848,0.040281,172.31.40.0-255,66,182246,61,214552
32849,0.040315,172.31.40.0-255,172,182418,61,214552
32850,0.040341,172.31.40.0-255,1120,183538,61,214552
32851,0.040404,172.31.40.0-255,1514,185052,61,214552
32852,0.040406,172.31.40.0-255,1514,186566,61,214552
32853,0.040411,172.31.40.0-255,1514,188080,61,214552
32854,0.040412,172.31.40.0-255,1514,189594,61,214552
32855,0.040433,172.31.40.0-255,1478,191072,61,214552
32856,0.04187,104.244.42.0-255,66,191138,61,214552
32857,0.041881,104.244.42.0-255,66,191204,61,214552
32858,0.041998,104.244.42.0-255,66,191270,61,214552
32859,0.042004,104.244.42.0-255,66,191336,61,214552
32860,0.042653,172.217.194.0-255,5738,197074,61,214552
32861,0.042671,172.31.40.0-255,66,197140,61,214552
32862,0.045015,172.217.194.0-255,5738,202878,61,214552
32863,0.04503,172.31.40.0-255,66,202944,61,214552
32864,0.047381,172.217.194.0-255,5738,208682,61,214552
32865,0.047399,172.31.40.0-255,66,208748,61,214552
32866,0.049837,172.217.194.0-255,5738,214486,61,214552
32867,0.049854,172.31.40.0-255,66,214552,61,214552
32868,0.0,172.253.118.0-255,152,152,61,294998
32869,1.2e-05,172.31.40.0-255,66,218,61,294998
32870,3.6e-05,172.253.118.0-255,1484,1702,61,294998
32871,4e-05,172.31.40.0-255,66,1768,61,294998
32872,4.6e-05,172.253.118.0-255,2902,4670,61,294998
32873,5e-05,172.31.40.0-255,66,4736,61,294998
32874,5.8e-05,172.253.118.0-255,7156,11892,61,294998
32875,6.1e-05,172.31.40.0-255,66,11958,61,294998
32876,0.0001,172.253.118.0-255,1984,13942,61,294998
32877,0.000103,172.31.40.0-255,66,14008,61,294998
32878,0.000127,172.253.118.0-255,2902,16910,61,294998
32879,0.000129,172.31.40.0-255,66,16976,61,294998
32880,0.000135,172.253.118.0-255,5738,22714,61,294998
32881,0.000138,172.31.40.0-255,66,22780,61,294998
32882,0.000154,172.253.118.0-255,1484,24264,61,294998
32883,0.000161,172.253.118.0-255,6797,31061,61,294998
32884,0.000165,172.31.40.0-255,66,31127,61,294998
32885,0.000168,172.31.40.0-255,66,31193,61,294998
32886,0.000206,172.253.118.0-255,1484,32677,61,294998
32887,0.000209,172.31.40.0-255,66,32743,61,294998
32888,0.000214,172.253.118.0-255,2902,35645,61,294998
32889,0.000216,172.31.40.0-255,66,35711,61,294998
32890,0.000221,172.253.118.0-255,2902,38613,61,294998
32891,0.000223,172.31.40.0-255,66,38679,61,294998
32892,0.000248,172.253.118.0-255,2902,41581,61,294998
32893,0.000251,172.31.40.0-255,66,41647,61,294998
32894,0.000258,172.253.118.0-255,6797,48444,61,294998
32895,0.000261,172.31.40.0-255,66,48510,61,294998
32896,0.000312,172.253.118.0-255,1484,49994,61,294998
32897,0.000315,172.31.40.0-255,66,50060,61,294998
32898,0.00032,172.253.118.0-255,2902,52962,61,294998
32899,0.000323,172.31.40.0-255,66,53028,61,294998
32900,0.000352,172.253.118.0-255,5738,58766,61,294998
32901,0.000355,172.31.40.0-255,66,58832,61,294998
32902,0.000362,172.253.118.0-255,7145,65977,61,294998
32903,0.000365,172.31.40.0-255,66,66043,61,294998
32904,0.000386,172.253.118.0-255,329,66372,61,294998
32905,0.000506,172.253.118.0-255,1484,67856,61,294998
32906,0.000512,172.253.118.0-255,2902,70758,61,294998
32907,0.000514,172.253.118.0-255,1484,72242,61,294998
32908,0.000519,172.31.40.0-255,66,72308,61,294998
32909,0.000527,172.31.40.0-255,66,72374,61,294998
32910,0.000534,172.253.118.0-255,4320,76694,61,294998
32911,0.000537,172.31.40.0-255,66,76760,61,294998
32912,0.000552,172.253.118.0-255,1484,78244,61,294998
32913,0.000575,172.253.118.0-255,5379,83623,61,294998
32914,0.000578,172.31.40.0-255,66,83689,61,294998
32915,0.000694,172.253.118.0-255,1484,85173,61,294998
32916,0.000699,172.253.118.0-255,2902,88075,61,294998
32917,0.000703,172.31.40.0-255,66,88141,61,294998
32918,0.000723,172.253.118.0-255,5738,93879,61,294998
32919,0.000725,172.31.40.0-255,66,93945,61,294998
32920,0.000763,172.253.118.0-255,6797,100742,61,294998
32921,0.000766,172.31.40.0-255,66,100808,61,294998
32922,0.001133,172.253.118.0-255,1484,102292,61,294998
32923,0.001139,172.253.118.0-255,2902,105194,61,294998
32924,0.001143,172.31.40.0-255,66,105260,61,294998
32925,0.001169,172.253.118.0-255,5738,110998,61,294998
32926,0.001172,172.31.40.0-255,66,111064,61,294998
32927,0.001179,172.253.118.0-255,7156,118220,61,294998
32928,0.001182,172.31.40.0-255,66,118286,61,294998
32929,0.001228,172.253.118.0-255,2184,120470,61,294998
32930,0.001259,172.31.40.0-255,66,120536,61,294998
32931,0.001266,172.31.40.0-255,66,120602,61,294998
32932,0.001663,172.253.118.0-255,1484,122086,61,294998
32933,0.001669,172.253.118.0-255,2902,124988,61,294998
32934,0.001673,172.31.40.0-255,66,125054,61,294998
32935,0.001678,172.253.118.0-255,2902,127956,61,294998
32936,0.00168,172.31.40.0-255,66,128022,61,294998
32937,0.001697,172.253.118.0-255,2902,130924,61,294998
32938,0.001699,172.31.40.0-255,66,130990,61,294998
32939,0.001707,172.253.118.0-255,7156,138146,61,294998
32940,0.001709,172.31.40.0-255,66,138212,61,294998
32941,0.001732,172.253.118.0-255,5738,143950,61,294998
32942,0.001734,172.31.40.0-255,66,144016,61,294998
32943,0.001742,172.253.118.0-255,7156,151172,61,294998
32944,0.001744,172.31.40.0-255,66,151238,61,294998
32945,0.001768,172.253.118.0-255,3602,154840,61,294998
32946,0.001771,172.31.40.0-255,66,154906,61,294998
32947,0.00189,172.253.118.0-255,1484,156390,61,294998
32948,0.001895,172.253.118.0-255,2902,159292,61,294998
32949,0.001899,172.31.40.0-255,66,159358,61,294998
32950,0.001905,172.253.118.0-255,4320,163678,61,294998
32951,0.001907,172.31.40.0-255,66,163744,61,294998
32952,0.001921,172.253.118.0-255,1484,165228,61,294998
32953,0.001926,172.253.118.0-255,4320,169548,61,294998
32954,0.001928,172.31.40.0-255,66,169614,61,294998
32955,0.001962,172.31.40.0-255,66,169680,61,294998
32956,0.00198,172.253.118.0-255,7156,176836,61,294998
32957,0.001982,172.31.40.0-255,66,176902,61,294998
32958,0.002003,172.253.118.0-255,766,177668,61,294998
32959,0.002198,172.253.118.0-255,1484,179152,61,294998
32960,0.002202,172.31.40.0-255,66,179218,61,294998
32961,0.002207,172.253.118.0-255,2902,182120,61,294998
32962,0.002209,172.31.40.0-255,66,182186,61,294998
32963,0.002215,172.253.118.0-255,4320,186506,61,294998
32964,0.002217,172.31.40.0-255,66,186572,61,294998
32965,0.00224,172.253.118.0-255,1484,188056,61,294998
32966,0.002247,172.253.118.0-255,4320,192376,61,294998
32967,0.002249,172.31.40.0-255,66,192442,61,294998
32968,0.002261,172.31.40.0-255,66,192508,61,294998
32969,0.00229,172.31.40.0-255,66,192574,61,294998
32970,0.002338,172.253.118.0-255,1484,194058,61,294998
32971,0.002351,172.253.118.0-255,2902,196960,61,294998
32972,0.002354,172.31.40.0-255,66,197026,61,294998
32973,0.002361,172.253.118.0-255,5738,202764,61,294998
32974,0.002363,172.31.40.0-255,66,202830,61,294998
32975,0.00238,172.253.118.0-255,1484,204314,61,294998
32976,0.002427,172.31.40.0-255,66,204380,61,294998
32977,0.00251,172.253.118.0-255,1484,205864,61,294998
32978,0.002515,172.253.118.0-255,2902,208766,61,294998
32979,0.00253,172.253.118.0-255,4320,213086,61,294998
32980,0.002533,172.253.118.0-255,1484,214570,61,294998
32981,0.002556,172.253.118.0-255,4320,218890,61,294998
32982,0.002558,172.253.118.0-255,1484,220374,61,294998
32983,0.002561,172.253.118.0-255,1484,221858,61,294998
32984,0.002584,172.253.118.0-255,4320,226178,61,294998
32985,0.002587,172.253.118.0-255,1484,227662,61,294998
32986,0.002603,172.253.118.0-255,4320,231982,61,294998
32987,0.002605,172.253.118.0-255,1484,233466,61,294998
32988,0.002625,172.253.118.0-255,5020,238486,61,294998
32989,0.002734,172.253.118.0-255,1484,239970,61,294998
32990,0.002739,172.253.118.0-255,2902,242872,61,294998
32991,0.002765,172.253.118.0-255,5738,248610,61,294998
32992,0.002823,172.253.118.0-255,7156,255766,61,294998
32993,0.002838,172.253.118.0-255,2902,258668,61,294998
32994,0.002854,172.253.118.0-255,5020,263688,61,294998
32995,0.002857,172.253.118.0-255,1484,265172,61,294998
32996,0.002868,172.253.118.0-255,1484,266656,61,294998
32997,0.00289,172.253.118.0-255,7156,273812,61,294998
32998,0.002896,172.253.118.0-255,5738,279550,61,294998
32999,0.002926,172.253.118.0-255,4320,283870,61,294998
33000,0.003071,172.253.118.0-255,105,283975,61,294998
33001,0.007381,172.31.40.0-255,66,284041,61,294998
33002,0.007389,172.31.40.0-255,66,284107,61,294998
33003,0.007392,172.31.40.0-255,66,284173,61,294998
33004,0.007395,172.31.40.0-255,66,284239,61,294998
33005,0.007405,172.31.40.0-255,66,284305,61,294998
33006,0.007408,172.31.40.0-255,66,284371,61,294998
33007,0.007412,172.31.40.0-255,66,284437,61,294998
33008,0.007416,172.31.40.0-255,66,284503,61,294998
33009,0.007419,172.31.40.0-255,66,284569,61,294998
33010,0.007422,172.31.40.0-255,66,284635,61,294998
33011,0.007424,172.31.40.0-255,66,284701,61,294998
33012,0.007478,172.31.40.0-255,66,284767,61,294998
33013,0.009507,172.31.40.0-255,105,284872,61,294998
33014,0.011984,172.253.118.0-255,66,284938,61,294998
33015,0.039077,172.31.40.0-255,172,285110,61,294998
33016,0.039111,172.31.40.0-255,1120,286230,61,294998
33017,0.039181,172.31.40.0-255,1514,287744,61,294998
33018,0.039183,172.31.40.0-255,1514,289258,61,294998
33019,0.039185,172.31.40.0-255,1514,290772,61,294998
33020,0.039186,172.31.40.0-255,1514,292286,61,294998
33021,0.039224,172.31.40.0-255,1514,293800,61,294998
33022,0.039225,172.31.40.0-255,760,294560,61,294998
33023,0.040612,104.244.42.0-255,66,294626,61,294998
33024,0.040651,104.244.42.0-255,66,294692,61,294998
33025,0.040818,104.244.42.0-255,66,294758,61,294998
33026,0.040852,104.244.42.0-255,66,294824,61,294998
33027,0.041729,104.244.42.0-255,108,294932,61,294998
33028,0.041739,172.31.40.0-255,66,294998,61,294998
33029,0.0,172.31.40.0-255,295,295,61,361
33030,0.001574,104.244.42.0-255,66,361,61,361
33031,0.0,172.217.160.0-255,291,291,61,278778
33032,1.5e-05,172.31.40.0-255,66,357,61,278778
33033,2.1e-05,172.217.160.0-255,1484,1841,61,278778
33034,2.4e-05,172.31.40.0-255,66,1907,61,278778
33035,5.3e-05,172.217.160.0-255,4320,6227,61,278778
33036,5.5e-05,172.31.40.0-255,66,6293,61,278778
33037,6.9e-05,172.31.40.0-255,66,6359,61,278778
33038,0.000112,172.217.160.0-255,4320,10679,61,278778
33039,0.000114,172.31.40.0-255,66,10745,61,278778
33040,0.000139,172.217.160.0-255,4320,15065,61,278778
33041,0.000141,172.31.40.0-255,66,15131,61,278778
33042,0.000172,172.31.40.0-255,66,15197,61,278778
33043,0.00021,172.217.160.0-255,4320,19517,61,278778
33044,0.000212,172.31.40.0-255,66,19583,61,278778
33045,0.000234,172.217.160.0-255,4320,23903,61,278778
33046,0.000238,172.31.40.0-255,66,23969,61,278778
33047,0.000244,172.217.160.0-255,5738,29707,61,278778
33048,0.000246,172.31.40.0-255,66,29773,61,278778
33049,0.000271,172.217.160.0-255,2543,32316,61,278778
33050,0.000274,172.31.40.0-255,66,32382,61,278778
33051,0.000463,172.217.160.0-255,1484,33866,61,278778
33052,0.000468,172.31.40.0-255,66,33932,61,278778
33053,0.000496,172.217.160.0-255,2902,36834,61,278778
33054,0.000499,172.31.40.0-255,66,36900,61,278778
33055,0.000504,172.217.160.0-255,5738,42638,61,278778
33056,0.000506,172.31.40.0-255,66,42704,61,278778
33057,0.000556,172.217.160.0-255,7066,49770,61,278778
33058,0.000558,172.31.40.0-255,66,49836,61,278778
33059,0.000978,172.217.160.0-255,408,50244,61,278778
33060,0.000983,172.31.40.0-255,66,50310,61,278778
33061,0.001061,172.217.160.0-255,1484,51794,61,278778
33062,0.001066,172.217.160.0-255,1484,53278,61,278778
33063,0.001068,172.31.40.0-255,66,53344,61,278778
33064,0.001094,172.217.160.0-255,1484,54828,61,278778
33065,0.001101,172.217.160.0-255,5738,60566,61,278778
33066,0.001103,172.31.40.0-255,66,60632,61,278778
33067,0.001129,172.217.160.0-255,6797,67429,61,278778
33068,0.001131,172.31.40.0-255,66,67495,61,278778
33069,0.001134,172.217.160.0-255,1484,68979,61,278778
33070,0.001164,172.217.160.0-255,5738,74717,61,278778
33071,0.001166,172.31.40.0-255,66,74783,61,278778
33072,0.001192,172.217.160.0-255,2902,77685,61,278778
33073,0.001195,172.31.40.0-255,66,77751,61,278778
33074,0.001215,172.217.160.0-255,6797,84548,61,278778
33075,0.001218,172.31.40.0-255,66,84614,61,278778
33076,0.001353,172.217.160.0-255,1484,86098,61,278778
33077,0.001357,172.217.160.0-255,1484,87582,61,278778
33078,0.001361,172.31.40.0-255,66,87648,61,278778
33079,0.001373,172.217.160.0-255,1484,89132,61,278778
33080,0.001383,172.217.160.0-255,5738,94870,61,278778
33081,0.001385,172.31.40.0-255,66,94936,61,278778
33082,0.001391,172.217.160.0-255,4320,99256,61,278778
33083,0.001393,172.31.40.0-255,66,99322,61,278778
33084,0.001445,172.31.40.0-255,66,99388,61,278778
33085,0.001456,172.31.40.0-255,66,99454,61,278778
33086,0.00148,172.217.160.0-255,1484,100938,61,278778
33087,0.001485,172.217.160.0-255,2902,103840,61,278778
33088,0.001487,172.31.40.0-255,66,103906,61,278778
33089,0.001519,172.217.160.0-255,5738,109644,61,278778
33090,0.001522,172.31.40.0-255,66,109710,61,278778
33091,0.001534,172.31.40.0-255,66,109776,61,278778
33092,0.001569,172.217.160.0-255,4320,114096,61,278778
33093,0.001572,172.31.40.0-255,66,114162,61,278778
33094,0.00159,172.31.40.0-255,66,114228,61,278778
33095,0.001718,172.217.160.0-255,1484,115712,61,278778
33096,0.001722,172.217.160.0-255,1484,117196,61,278778
33097,0.001725,172.31.40.0-255,66,117262,61,278778
33098,0.001738,172.217.160.0-255,1484,118746,61,278778
33099,0.001745,172.217.160.0-255,1484,120230,61,278778
33100,0.001748,172.31.40.0-255,66,120296,61,278778
33101,0.00178,172.217.160.0-255,4320,124616,61,278778
33102,0.001783,172.31.40.0-255,66,124682,61,278778
33103,0.001789,172.217.160.0-255,4320,129002,61,278778
33104,0.001791,172.31.40.0-255,66,129068,61,278778
33105,0.001808,172.31.40.0-255,66,129134,61,278778
33106,0.001819,172.31.40.0-255,66,129200,61,278778
33107,0.001939,172.217.160.0-255,1484,130684,61,278778
33108,0.001959,172.217.160.0-255,2902,133586,61,278778
33109,0.001963,172.31.40.0-255,66,133652,61,278778
33110,0.00197,172.217.160.0-255,4320,137972,61,278778
33111,0.001972,172.31.40.0-255,66,138038,61,278778
33112,0.002011,172.31.40.0-255,66,138104,61,278778
33113,0.002017,172.217.160.0-255,5738,143842,61,278778
33114,0.002019,172.31.40.0-255,66,143908,61,278778
33115,0.004003,172.217.160.0-255,5738,149646,61,278778
33116,0.00401,172.31.40.0-255,66,149712,61,278778
33117,0.005994,172.217.160.0-255,4320,154032,61,278778
33118,0.006001,172.31.40.0-255,66,154098,61,278778
33119,0.006031,172.217.160.0-255,1484,155582,61,278778
33120,0.008043,172.217.160.0-255,4320,159902,61,278778
33121,0.00805,172.31.40.0-255,66,159968,61,278778
33122,0.010023,172.217.160.0-255,5738,165706,61,278778
33123,0.010029,172.31.40.0-255,66,165772,61,278778
33124,0.012027,172.217.160.0-255,5738,171510,61,278778
33125,0.012034,172.31.40.0-255,66,171576,61,278778
33126,0.014031,172.217.160.0-255,5738,177314,61,278778
33127,0.014046,172.31.40.0-255,66,177380,61,278778
33128,0.01604,172.217.160.0-255,5738,183118,61,278778
33129,0.016053,172.31.40.0-255,66,183184,61,278778
33130,0.01812,172.217.160.0-255,5738,188922,61,278778
33131,0.018134,172.31.40.0-255,66,188988,61,278778
33132,0.020133,172.217.160.0-255,5738,194726,61,278778
33133,0.020148,172.31.40.0-255,66,194792,61,278778
33134,0.022128,172.217.160.0-255,5738,200530,61,278778
33135,0.022136,172.31.40.0-255,66,200596,61,278778
33136,0.024135,172.217.160.0-255,5738,206334,61,278778
33137,0.024143,172.31.40.0-255,66,206400,61,278778
33138,0.026119,172.217.160.0-255,5738,212138,61,278778
33139,0.026127,172.31.40.0-255,66,212204,61,278778
33140,0.02812,172.217.160.0-255,5738,217942,61,278778
33141,0.028129,172.31.40.0-255,66,218008,61,278778
33142,0.030101,172.217.160.0-255,5738,223746,61,278778
33143,0.030108,172.31.40.0-255,66,223812,61,278778
33144,0.032105,172.217.160.0-255,4320,228132,61,278778
33145,0.032112,172.31.40.0-255,66,228198,61,278778
33146,0.032137,172.217.160.0-255,1484,229682,61,278778
33147,0.034105,172.217.160.0-255,4320,234002,61,278778
33148,0.034122,172.31.40.0-255,66,234068,61,278778
33149,0.036106,172.217.160.0-255,5738,239806,61,278778
33150,0.036115,172.31.40.0-255,66,239872,61,278778
33151,0.038094,172.217.160.0-255,5738,245610,61,278778
33152,0.0381,172.31.40.0-255,66,245676,61,278778
33153,0.040087,172.217.160.0-255,5738,251414,61,278778
33154,0.040101,172.31.40.0-255,66,251480,61,278778
33155,0.042081,172.217.160.0-255,5738,257218,61,278778
33156,0.042089,172.31.40.0-255,66,257284,61,278778
33157,0.044085,172.217.160.0-255,5738,263022,61,278778
33158,0.044101,172.31.40.0-255,66,263088,61,278778
33159,0.046097,172.217.160.0-255,5738,268826,61,278778
33160,0.046105,172.31.40.0-255,66,268892,61,278778
33161,0.0481,172.217.160.0-255,5738,274630,61,278778
33162,0.048107,172.31.40.0-255,66,274696,61,278778
33163,0.049064,172.31.40.0-255,172,274868,61,278778
33164,0.049098,172.31.40.0-255,1119,275987,61,278778
33165,0.049157,172.31.40.0-255,1514,277501,61,278778
33166,0.049159,172.31.40.0-255,1277,278778,61,278778
33167,0.0,172.217.194.0-255,150,150,61,256806
33168,2.1e-05,172.31.40.0-255,66,216,61,256806
33169,2.8e-05,172.217.194.0-255,1484,1700,61,256806
33170,3.2e-05,172.31.40.0-255,66,1766,61,256806
33171,3.8e-05,172.217.194.0-255,2902,4668,61,256806
33172,4.1e-05,172.31.40.0-255,66,4734,61,256806
33173,4.8e-05,172.217.194.0-255,7156,11890,61,256806
33174,5e-05,172.31.40.0-255,66,11956,61,256806
33175,5.4e-05,172.217.194.0-255,2032,13988,61,256806
33176,5.7e-05,172.31.40.0-255,66,14054,61,256806
33177,8.3e-05,172.217.194.0-255,7156,21210,61,256806
33178,8.7e-05,172.31.40.0-255,66,21276,61,256806
33179,9.3e-05,172.217.194.0-255,4320,25596,61,256806
33180,9.5e-05,172.31.40.0-255,66,25662,61,256806
33181,0.000123,172.217.194.0-255,4320,29982,61,256806
33182,0.000126,172.31.40.0-255,66,30048,61,256806
33183,0.000129,172.217.194.0-255,1125,31173,61,256806
33184,0.000131,172.31.40.0-255,66,31239,61,256806
33185,0.000189,172.217.194.0-255,1484,32723,61,256806
33186,0.000192,172.31.40.0-255,66,32789,61,256806
33187,0.000196,172.217.194.0-255,2902,35691,61,256806
33188,0.000198,172.31.40.0-255,66,35757,61,256806
33189,0.000201,172.217.194.0-255,1484,37241,61,256806
33190,0.000203,172.31.40.0-255,66,37307,61,256806
33191,0.000224,172.217.194.0-255,4320,41627,61,256806
33192,0.000226,172.31.40.0-255,66,41693,61,256806
33193,0.00023,172.217.194.0-255,2902,44595,61,256806
33194,0.000233,172.31.40.0-255,66,44661,61,256806
33195,0.000296,172.217.194.0-255,3961,48622,61,256806
33196,0.000299,172.31.40.0-255,66,48688,61,256806
33197,0.000638,172.217.194.0-255,1484,50172,61,256806
33198,0.000642,172.31.40.0-255,66,50238,61,256806
33199,0.000648,172.217.194.0-255,2902,53140,61,256806
33200,0.000649,172.31.40.0-255,66,53206,61,256806
33201,0.000653,172.217.194.0-255,2902,56108,61,256806
33202,0.000654,172.31.40.0-255,66,56174,61,256806
33203,0.000678,172.217.194.0-255,1484,57658,61,256806
33204,0.00069,172.217.194.0-255,2902,60560,61,256806
33205,0.000692,172.31.40.0-255,66,60626,61,256806
33206,0.000709,172.217.194.0-255,1484,62110,61,256806
33207,0.000725,172.217.194.0-255,3961,66071,61,256806
33208,0.000728,172.31.40.0-255,66,66137,61,256806
33209,0.001139,172.217.194.0-255,646,66783,61,256806
33210,0.001855,172.217.194.0-255,1484,68267,61,256806
33211,0.001861,172.31.40.0-255,66,68333,61,256806
33212,0.001867,172.217.194.0-255,2902,71235,61,256806
33213,0.001869,172.31.40.0-255,66,71301,61,256806
33214,0.001873,172.217.194.0-255,2902,74203,61,256806
33215,0.001874,172.31.40.0-255,66,74269,61,256806
33216,0.001894,172.217.194.0-255,2902,77171,61,256806
33217,0.001896,172.31.40.0-255,66,77237,61,256806
33218,0.001901,172.217.194.0-255,5738,82975,61,256806
33219,0.001903,172.31.40.0-255,66,83041,61,256806
33220,0.00193,172.31.40.0-255,66,83107,61,256806
33221,0.001954,172.217.194.0-255,4320,87427,61,256806
33222,0.001956,172.31.40.0-255,66,87493,61,256806
33223,0.001962,172.217.194.0-255,5020,92513,61,256806
33224,0.001963,172.31.40.0-255,66,92579,61,256806
33225,0.00207,172.217.194.0-255,1484,94063,61,256806
33226,0.002081,172.217.194.0-255,2902,96965,61,256806
33227,0.002083,172.31.40.0-255,66,97031,61,256806
33228,0.002109,172.217.194.0-255,5738,102769,61,256806
33229,0.002111,172.31.40.0-255,66,102835,61,256806
33230,0.002128,172.217.194.0-255,2902,105737,61,256806
33231,0.00213,172.31.40.0-255,66,105803,61,256806
33232,0.002159,172.31.40.0-255,66,105869,61,256806
33233,0.002164,172.217.194.0-255,5738,111607,61,256806
33234,0.002166,172.31.40.0-255,66,111673,61,256806
33235,0.002195,172.217.194.0-255,2902,114575,61,256806
33236,0.002198,172.31.40.0-255,66,114641,61,256806
33237,0.002216,172.217.194.0-255,2184,116825,61,256806
33238,0.002218,172.31.40.0-255,66,116891,61,256806
33239,0.002254,172.217.194.0-255,1484,118375,61,256806
33240,0.002267,172.217.194.0-255,2902,121277,61,256806
33241,0.002269,172.31.40.0-255,66,121343,61,256806
33242,0.002273,172.217.194.0-255,2902,124245,61,256806
33243,0.002274,172.31.40.0-255,66,124311,61,256806
33244,0.002289,172.217.194.0-255,2902,127213,61,256806
33245,0.002291,172.31.40.0-255,66,127279,61,256806
33246,0.002312,172.217.194.0-255,1484,128763,61,256806
33247,0.002398,172.217.194.0-255,5738,134501,61,256806
33248,0.0024,172.31.40.0-255,66,134567,61,256806
33249,0.00241,172.31.40.0-255,66,134633,61,256806
33250,0.002419,172.31.40.0-255,66,134699,61,256806
33251,0.002464,172.217.194.0-255,1484,136183,61,256806
33252,0.002468,172.217.194.0-255,2902,139085,61,256806
33253,0.00247,172.31.40.0-255,66,139151,61,256806
33254,0.002491,172.217.194.0-255,5738,144889,61,256806
33255,0.002493,172.31.40.0-255,66,144955,61,256806
33256,0.00252,172.31.40.0-255,66,145021,61,256806
33257,0.002555,172.217.194.0-255,2902,147923,61,256806
33258,0.002557,172.31.40.0-255,66,147989,61,256806
33259,0.002585,172.31.40.0-255,66,148055,61,256806
33260,0.005123,172.217.194.0-255,5738,153793,61,256806
33261,0.005128,172.31.40.0-255,66,153859,61,256806
33262,0.00767,172.217.194.0-255,5738,159597,61,256806
33263,0.007676,172.31.40.0-255,66,159663,61,256806
33264,0.010208,172.217.194.0-255,5738,165401,61,256806
33265,0.010217,172.31.40.0-255,66,165467,61,256806
33266,0.012791,172.217.194.0-255,5738,171205,61,256806
33267,0.012801,172.31.40.0-255,66,171271,61,256806
33268,0.015355,172.217.194.0-255,5738,177009,61,256806
33269,0.015366,172.31.40.0-255,66,177075,61,256806
33270,0.017952,172.217.194.0-255,5738,182813,61,256806
33271,0.017962,172.31.40.0-255,66,182879,61,256806
33272,0.020501,172.217.194.0-255,5738,188617,61,256806
33273,0.020509,172.31.40.0-255,66,188683,61,256806
33274,0.023066,172.217.194.0-255,5738,194421,61,256806
33275,0.023074,172.31.40.0-255,66,194487,61,256806
33276,0.025616,172.217.194.0-255,5738,200225,61,256806
33277,0.025629,172.31.40.0-255,66,200291,61,256806
33278,0.028186,172.217.194.0-255,5738,206029,61,256806
33279,0.028194,172.31.40.0-255,66,206095,61,256806
33280,0.029905,172.31.40.0-255,172,206267,61,256806
33281,0.029933,172.31.40.0-255,1120,207387,61,256806
33282,0.029982,172.31.40.0-255,1514,208901,61,256806
33283,0.029984,172.31.40.0-255,1275,210176,61,256806
33284,0.030723,172.217.194.0-255,5738,215914,61,256806
33285,0.030728,172.31.40.0-255,66,215980,61,256806
33286,0.031463,104.244.42.0-255,66,216046,61,256806
33287,0.031502,104.244.42.0-255,66,216112,61,256806
33288,0.03155,104.244.42.0-255,66,216178,61,256806
33289,0.033252,172.217.194.0-255,5738,221916,61,256806
33290,0.033258,172.31.40.0-255,66,221982,61,256806
33291,0.035857,172.217.194.0-255,5738,227720,61,256806
33292,0.035864,172.31.40.0-255,66,227786,61,256806
33293,0.038378,172.217.194.0-255,5738,233524,61,256806
33294,0.038384,172.31.40.0-255,66,233590,61,256806
33295,0.040957,172.217.194.0-255,5738,239328,61,256806
33296,0.040967,172.31.40.0-255,66,239394,61,256806
33297,0.043548,172.217.194.0-255,5738,245132,61,256806
33298,0.043554,172.31.40.0-255,66,245198,61,256806
33299,0.046122,172.217.194.0-255,5738,250936,61,256806
33300,0.046128,172.31.40.0-255,66,251002,61,256806
33301,0.048672,172.217.194.0-255,5738,256740,61,256806
33302,0.048678,172.31.40.0-255,66,256806,61,256806
33303,0.0,74.125.68.0-255,152,152,61,312361
33304,2.3e-05,172.31.40.0-255,66,218,61,312361
33305,3e-05,74.125.68.0-255,1484,1702,61,312361
33306,3.4e-05,172.31.40.0-255,66,1768,61,312361
33307,4e-05,74.125.68.0-255,2902,4670,61,312361
33308,4.3e-05,172.31.40.0-255,66,4736,61,312361
33309,7.1e-05,74.125.68.0-255,4320,9056,61,312361
33310,7.4e-05,172.31.40.0-255,66,9122,61,312361
33311,7.8e-05,74.125.68.0-255,2902,12024,61,312361
33312,8e-05,172.31.40.0-255,66,12090,61,312361
33313,9.6e-05,74.125.68.0-255,2137,14227,61,312361
33314,9.8e-05,172.31.40.0-255,66,14293,61,312361
33315,0.000188,74.125.68.0-255,1484,15777,61,312361
33316,0.000191,172.31.40.0-255,66,15843,61,312361
33317,0.000195,74.125.68.0-255,1484,17327,61,312361
33318,0.000197,172.31.40.0-255,66,17393,61,312361
33319,0.000211,74.125.68.0-255,1484,18877,61,312361
33320,0.000213,172.31.40.0-255,66,18943,61,312361
33321,0.000218,74.125.68.0-255,4320,23263,61,312361
33322,0.000221,172.31.40.0-255,66,23329,61,312361
33323,0.000257,74.125.68.0-255,2902,26231,61,312361
33324,0.000259,172.31.40.0-255,66,26297,61,312361
33325,0.000281,74.125.68.0-255,5379,31676,61,312361
33326,0.000284,172.31.40.0-255,66,31742,61,312361
33327,0.000294,172.31.40.0-255,66,31808,61,312361
33328,0.000312,74.125.68.0-255,2902,34710,61,312361
33329,0.000314,172.31.40.0-255,66,34776,61,312361
33330,0.00033,74.125.68.0-255,5379,40155,61,312361
33331,0.000333,172.31.40.0-255,66,40221,61,312361
33332,0.000413,74.125.68.0-255,1484,41705,61,312361
33333,0.000416,172.31.40.0-255,66,41771,61,312361
33334,0.000421,74.125.68.0-255,2902,44673,61,312361
33335,0.000424,172.31.40.0-255,66,44739,61,312361
33336,0.000436,74.125.68.0-255,1484,46223,61,312361
33337,0.000451,74.125.68.0-255,4320,50543,61,312361
33338,0.000453,172.31.40.0-255,66,50609,61,312361
33339,0.000457,74.125.68.0-255,2902,53511,61,312361
33340,0.000459,172.31.40.0-255,66,53577,61,312361
33341,0.00047,74.125.68.0-255,1484,55061,61,312361
33342,0.000499,74.125.68.0-255,2543,57604,61,312361
33343,0.000501,172.31.40.0-255,66,57670,61,312361
33344,0.000593,74.125.68.0-255,1484,59154,61,312361
33345,0.000608,74.125.68.0-255,2902,62056,61,312361
33346,0.000611,172.31.40.0-255,66,62122,61,312361
33347,0.000616,74.125.68.0-255,2902,65024,61,312361
33348,0.000618,172.31.40.0-255,66,65090,61,312361
33349,0.00063,74.125.68.0-255,1484,66574,61,312361
33350,0.000643,74.125.68.0-255,2902,69476,61,312361
33351,0.000646,172.31.40.0-255,66,69542,61,312361
33352,0.000675,74.125.68.0-255,5682,75224,61,312361
33353,0.000678,172.31.40.0-255,66,75290,61,312361
33354,0.000681,74.125.68.0-255,2902,78192,61,312361
33355,0.000683,172.31.40.0-255,66,78258,61,312361
33356,0.000688,74.125.68.0-255,4320,82578,61,312361
33357,0.00069,172.31.40.0-255,66,82644,61,312361
33358,0.000719,74.125.68.0-255,4320,86964,61,312361
33359,0.000722,172.31.40.0-255,66,87030,61,312361
33360,0.000745,74.125.68.0-255,4320,91350,61,312361
33361,0.000748,172.31.40.0-255,66,91416,61,312361
33362,0.00075,74.125.68.0-255,831,92247,61,312361
33363,0.000819,74.125.68.0-255,1484,93731,61,312361
33364,0.000822,172.31.40.0-255,66,93797,61,312361
33365,0.000835,74.125.68.0-255,2902,96699,61,312361
33366,0.000837,172.31.40.0-255,66,96765,61,312361
33367,0.000873,74.125.68.0-255,5738,102503,61,312361
33368,0.000876,172.31.40.0-255,66,102569,61,312361
33369,0.00088,74.125.68.0-255,2902,105471,61,312361
33370,0.000881,172.31.40.0-255,66,105537,61,312361
33371,0.000927,172.31.40.0-255,66,105603,61,312361
33372,0.000931,74.125.68.0-255,4320,109923,61,312361
33373,0.000933,172.31.40.0-255,66,109989,61,312361
33374,0.000939,74.125.68.0-255,5738,115727,61,312361
33375,0.000941,172.31.40.0-255,66,115793,61,312361
33376,0.000943,74.125.68.0-255,766,116559,61,312361
33377,0.001237,74.125.68.0-255,1484,118043,61,312361
33378,0.001244,172.31.40.0-255,66,118109,61,312361
33379,0.00125,74.125.68.0-255,2902,121011,61,312361
33380,0.001253,172.31.40.0-255,66,121077,61,312361
33381,0.001256,74.125.68.0-255,1484,122561,61,312361
33382,0.001282,74.125.68.0-255,4320,126881,61,312361
33383,0.001285,172.31.40.0-255,66,126947,61,312361
33384,0.001288,74.125.68.0-255,1484,128431,61,312361
33385,0.001306,74.125.68.0-255,2902,131333,61,312361
33386,0.001309,172.31.40.0-255,66,131399,61,312361
33387,0.001315,74.125.68.0-255,5738,137137,61,312361
33388,0.001317,172.31.40.0-255,66,137203,61,312361
33389,0.001321,74.125.68.0-255,2902,140105,61,312361
33390,0.001324,172.31.40.0-255,66,140171,61,312361
33391,0.001362,74.125.68.0-255,5738,145909,61,312361
33392,0.001365,172.31.40.0-255,66,145975,61,312361
33393,0.001385,74.125.68.0-255,4320,150295,61,312361
33394,0.001387,172.31.40.0-255,66,150361,61,312361
33395,0.00139,74.125.68.0-255,766,151127,61,312361
33396,0.001518,74.125.68.0-255,1484,152611,61,312361
33397,0.001522,172.31.40.0-255,66,152677,61,312361
33398,0.001543,74.125.68.0-255,2902,155579,61,312361
33399,0.001547,172.31.40.0-255,66,155645,61,312361
33400,0.001554,74.125.68.0-255,5738,161383,61,312361
33401,0.001556,172.31.40.0-255,66,161449,61,312361
33402,0.001581,74.125.68.0-255,1484,162933,61,312361
33403,0.001585,74.125.68.0-255,2902,165835,61,312361
33404,0.001588,172.31.40.0-255,66,165901,61,312361
33405,0.001609,74.125.68.0-255,2902,168803,61,312361
33406,0.001612,172.31.40.0-255,66,168869,61,312361
33407,0.001626,74.125.68.0-255,2902,171771,61,312361
33408,0.001629,172.31.40.0-255,66,171837,61,312361
33409,0.001633,74.125.68.0-255,2902,174739,61,312361
33410,0.001636,172.31.40.0-255,66,174805,61,312361
33411,0.001642,74.125.68.0-255,4320,179125,61,312361
33412,0.001644,172.31.40.0-255,66,179191,61,312361
33413,0.001685,74.125.68.0-255,6438,185629,61,312361
33414,0.001689,172.31.40.0-255,66,185695,61,312361
33415,0.002175,74.125.68.0-255,1484,187179,61,312361
33416,0.00218,74.125.68.0-255,1484,188663,61,312361
33417,0.002183,172.31.40.0-255,66,188729,61,312361
33418,0.002194,74.125.68.0-255,1484,190213,61,312361
33419,0.002221,74.125.68.0-255,1484,191697,61,312361
33420,0.002224,172.31.40.0-255,66,191763,61,312361
33421,0.00224,74.125.68.0-255,4320,196083,61,312361
33422,0.002243,172.31.40.0-255,66,196149,61,312361
33423,0.002274,172.31.40.0-255,66,196215,61,312361
33424,0.002311,172.31.40.0-255,66,196281,61,312361
33425,0.004634,74.125.68.0-255,5738,202019,61,312361
33426,0.004642,172.31.40.0-255,66,202085,61,312361
33427,0.006955,74.125.68.0-255,5738,207823,61,312361
33428,0.006958,172.31.40.0-255,66,207889,61,312361
33429,0.009292,74.125.68.0-255,5738,213627,61,312361
33430,0.009299,172.31.40.0-255,66,213693,61,312361
33431,0.011645,74.125.68.0-255,5738,219431,61,312361
33432,0.011664,172.31.40.0-255,66,219497,61,312361
33433,0.01402,74.125.68.0-255,5738,225235,61,312361
33434,0.014036,172.31.40.0-255,66,225301,61,312361
33435,0.016372,74.125.68.0-255,5738,231039,61,312361
33436,0.016385,172.31.40.0-255,66,231105,61,312361
33437,0.018734,74.125.68.0-255,5738,236843,61,312361
33438,0.018752,172.31.40.0-255,66,236909,61,312361
33439,0.021125,74.125.68.0-255,5738,242647,61,312361
33440,0.021136,172.31.40.0-255,66,242713,61,312361
33441,0.023465,74.125.68.0-255,5738,248451,61,312361
33442,0.023476,172.31.40.0-255,66,248517,61,312361
33443,0.025808,74.125.68.0-255,5738,254255,61,312361
33444,0.025817,172.31.40.0-255,66,254321,61,312361
33445,0.028152,74.125.68.0-255,5738,260059,61,312361
33446,0.028163,172.31.40.0-255,66,260125,61,312361
33447,0.030491,74.125.68.0-255,5738,265863,61,312361
33448,0.030498,172.31.40.0-255,66,265929,61,312361
33449,0.032829,74.125.68.0-255,5738,271667,61,312361
33450,0.03284,172.31.40.0-255,66,271733,61,312361
33451,0.035183,74.125.68.0-255,5738,277471,61,312361
33452,0.035201,172.31.40.0-255,66,277537,61,312361
33453,0.037528,74.125.68.0-255,5738,283275,61,312361
33454,0.037532,172.31.40.0-255,66,283341,61,312361
33455,0.039882,74.125.68.0-255,5738,289079,61,312361
33456,0.039897,172.31.40.0-255,66,289145,61,312361
33457,0.042234,74.125.68.0-255,5738,294883,61,312361
33458,0.042248,172.31.40.0-255,66,294949,61,312361
33459,0.044576,74.125.68.0-255,5738,300687,61,312361
33460,0.044585,172.31.40.0-255,66,300753,61,312361
33461,0.046985,74.125.68.0-255,5738,306491,61,312361
33462,0.047005,172.31.40.0-255,66,306557,61,312361
33463,0.049335,74.125.68.0-255,5738,312295,61,312361
33464,0.049345,172.31.40.0-255,66,312361,61,312361
33465,0.0,172.253.118.0-255,152,152,61,327959
33466,2.3e-05,172.31.40.0-255,66,218,61,327959
33467,3e-05,172.253.118.0-255,1484,1702,61,327959
33468,3.4e-05,172.31.40.0-255,66,1768,61,327959
33469,4e-05,172.253.118.0-255,2902,4670,61,327959
33470,4.2e-05,172.31.40.0-255,66,4736,61,327959
33471,5.1e-05,172.253.118.0-255,7156,11892,61,327959
33472,5.4e-05,172.31.40.0-255,66,11958,61,327959
33473,7.3e-05,172.253.118.0-255,1484,13442,61,327959
33474,7.5e-05,172.31.40.0-255,66,13508,61,327959
33475,9.3e-05,172.253.118.0-255,730,14238,61,327959
33476,9.5e-05,172.31.40.0-255,66,14304,61,327959
33477,0.000125,172.253.118.0-255,1484,15788,61,327959
33478,0.000127,172.31.40.0-255,66,15854,61,327959
33479,0.00014,172.253.118.0-255,2902,18756,61,327959
33480,0.000142,172.31.40.0-255,66,18822,61,327959
33481,0.000145,172.253.118.0-255,1484,20306,61,327959
33482,0.000147,172.31.40.0-255,66,20372,61,327959
33483,0.000174,172.253.118.0-255,4320,24692,61,327959
33484,0.000176,172.31.40.0-255,66,24758,61,327959
33485,0.000193,172.253.118.0-255,4320,29078,61,327959
33486,0.000195,172.31.40.0-255,66,29144,61,327959
33487,0.000218,172.253.118.0-255,2543,31687,61,327959
33488,0.000221,172.31.40.0-255,66,31753,61,327959
33489,0.000247,172.253.118.0-255,2902,34655,61,327959
33490,0.00025,172.31.40.0-255,66,34721,61,327959
33491,0.000267,172.253.118.0-255,4320,39041,61,327959
33492,0.000269,172.31.40.0-255,66,39107,61,327959
33493,0.000294,172.253.118.0-255,2902,42009,61,327959
33494,0.000297,172.31.40.0-255,66,42075,61,327959
33495,0.000324,172.253.118.0-255,5738,47813,61,327959
33496,0.000327,172.31.40.0-255,66,47879,61,327959
33497,0.000365,172.253.118.0-255,1125,49004,61,327959
33498,0.000369,172.253.118.0-255,1484,50488,61,327959
33499,0.000371,172.31.40.0-255,66,50554,61,327959
33500,0.000376,172.253.118.0-255,4320,54874,61,327959
33501,0.000378,172.31.40.0-255,66,54940,61,327959
33502,0.000404,172.253.118.0-255,7156,62096,61,327959
33503,0.000407,172.31.40.0-255,66,62162,61,327959
33504,0.000445,172.253.118.0-255,2902,65064,61,327959
33505,0.000448,172.31.40.0-255,66,65130,61,327959
33506,0.000469,172.253.118.0-255,1767,66897,61,327959
33507,0.000471,172.31.40.0-255,66,66963,61,327959
33508,0.000726,172.253.118.0-255,1484,68447,61,327959
33509,0.000733,172.253.118.0-255,2902,71349,61,327959
33510,0.000737,172.31.40.0-255,66,71415,61,327959
33511,0.000765,172.253.118.0-255,5738,77153,61,327959
33512,0.000767,172.31.40.0-255,66,77219,61,327959
33513,0.000771,172.253.118.0-255,1484,78703,61,327959
33514,0.000799,172.31.40.0-255,66,78769,61,327959
33515,0.000888,172.253.118.0-255,5738,84507,61,327959
33516,0.000892,172.31.40.0-255,66,84573,61,327959
33517,0.00091,172.253.118.0-255,5020,89593,61,327959
33518,0.000912,172.31.40.0-255,66,89659,61,327959
33519,0.001113,172.253.118.0-255,1484,91143,61,327959
33520,0.001126,172.253.118.0-255,1484,92627,61,327959
33521,0.001129,172.31.40.0-255,66,92693,61,327959
33522,0.001149,172.253.118.0-255,1484,94177,61,327959
33523,0.001154,172.253.118.0-255,2902,97079,61,327959
33524,0.001158,172.31.40.0-255,66,97145,61,327959
33525,0.001184,172.253.118.0-255,2902,100047,61,327959
33526,0.001187,172.31.40.0-255,66,100113,61,327959
33527,0.001193,172.253.118.0-255,4320,104433,61,327959
33528,0.001194,172.31.40.0-255,66,104499,61,327959
33529,0.001222,172.253.118.0-255,5738,110237,61,327959
33530,0.00123,172.31.40.0-255,66,110303,61,327959
33531,0.00125,172.253.118.0-255,1484,111787,61,327959
33532,0.001274,172.31.40.0-255,66,111853,61,327959
33533,0.001356,172.253.118.0-255,2184,114037,61,327959
33534,0.001359,172.31.40.0-255,66,114103,61,327959
33535,0.001374,172.253.118.0-255,1484,115587,61,327959
33536,0.001403,172.31.40.0-255,66,115653,61,327959
33537,0.001424,172.253.118.0-255,2902,118555,61,327959
33538,0.001426,172.31.40.0-255,66,118621,61,327959
33539,0.001513,172.253.118.0-255,2902,121523,61,327959
33540,0.001517,172.31.40.0-255,66,121589,61,327959
33541,0.00153,172.253.118.0-255,1484,123073,61,327959
33542,0.001553,172.253.118.0-255,4320,127393,61,327959
33543,0.001557,172.31.40.0-255,66,127459,61,327959
33544,0.001606,172.253.118.0-255,2902,130361,61,327959
33545,0.00161,172.31.40.0-255,66,130427,61,327959
33546,0.001629,172.253.118.0-255,1484,131911,61,327959
33547,0.001647,172.253.118.0-255,5020,136931,61,327959
33548,0.00165,172.31.40.0-255,66,136997,61,327959
33549,0.001678,172.253.118.0-255,1484,138481,61,327959
33550,0.001681,172.253.118.0-255,1484,139965,61,327959
33551,0.001684,172.31.40.0-255,66,140031,61,327959
33552,0.001701,172.253.118.0-255,1484,141515,61,327959
33553,0.001707,172.253.118.0-255,5738,147253,61,327959
33554,0.00171,172.31.40.0-255,66,147319,61,327959
33555,0.001738,172.253.118.0-255,1484,148803,61,327959
33556,0.001765,172.31.40.0-255,66,148869,61,327959
33557,0.001838,172.253.118.0-255,4320,153189,61,327959
33558,0.001842,172.31.40.0-255,66,153255,61,327959
33559,0.001871,172.253.118.0-255,4320,157575,61,327959
33560,0.001874,172.31.40.0-255,66,157641,61,327959
33561,0.001899,172.253.118.0-255,2184,159825,61,327959
33562,0.001901,172.31.40.0-255,66,159891,61,327959
33563,0.001952,172.253.118.0-255,1484,161375,61,327959
33564,0.001957,172.253.118.0-255,1484,162859,61,327959
33565,0.001959,172.31.40.0-255,66,162925,61,327959
33566,0.00197,172.253.118.0-255,1484,164409,61,327959
33567,0.001983,172.253.118.0-255,2902,167311,61,327959
33568,0.001986,172.31.40.0-255,66,167377,61,327959
33569,0.002009,172.253.118.0-255,2902,170279,61,327959
33570,0.002012,172.31.40.0-255,66,170345,61,327959
33571,0.002017,172.253.118.0-255,4320,174665,61,327959
33572,0.002019,172.31.40.0-255,66,174731,61,327959
33573,0.002027,172.253.118.0-255,7156,181887,61,327959
33574,0.002029,172.31.40.0-255,66,181953,61,327959
33575,0.00205,172.253.118.0-255,4320,186273,61,327959
33576,0.002054,172.31.40.0-255,66,186339,61,327959
33577,0.002105,172.253.118.0-255,4320,190659,61,327959
33578,0.002108,172.31.40.0-255,66,190725,61,327959
33579,0.002156,172.253.118.0-255,3602,194327,61,327959
33580,0.00216,172.31.40.0-255,66,194393,61,327959
33581,0.002227,172.253.118.0-255,1484,195877,61,327959
33582,0.002232,172.253.118.0-255,2902,198779,61,327959
33583,0.002235,172.31.40.0-255,66,198845,61,327959
33584,0.00226,172.253.118.0-255,1484,200329,61,327959
33585,0.002264,172.253.118.0-255,2902,203231,61,327959
33586,0.002266,172.31.40.0-255,66,203297,61,327959
33587,0.002296,172.253.118.0-255,5738,209035,61,327959
33588,0.002298,172.31.40.0-255,66,209101,61,327959
33589,0.002349,172.31.40.0-255,66,209167,61,327959
33590,0.002417,172.253.118.0-255,1484,210651,61,327959
33591,0.002434,172.253.118.0-255,2902,213553,61,327959
33592,0.002437,172.31.40.0-255,66,213619,61,327959
33593,0.002455,172.253.118.0-255,1484,215103,61,327959
33594,0.002458,172.253.118.0-255,766,215869,61,327959
33595,0.00246,172.31.40.0-255,66,215935,61,327959
33596,0.002563,172.253.118.0-255,1484,217419,61,327959
33597,0.002567,172.253.118.0-255,1484,218903,61,327959
33598,0.00257,172.31.40.0-255,66,218969,61,327959
33599,0.002585,172.253.118.0-255,1484,220453,61,327959
33600,0.002613,172.253.118.0-255,2902,223355,61,327959
33601,0.002617,172.31.40.0-255,66,223421,61,327959
33602,0.005148,172.253.118.0-255,1484,224905,61,327959
33603,0.005203,172.253.118.0-255,4320,229225,61,327959
33604,0.005213,172.31.40.0-255,66,229291,61,327959
33605,0.007809,172.253.118.0-255,5738,235029,61,327959
33606,0.007826,172.31.40.0-255,66,235095,61,327959
33607,0.010411,172.253.118.0-255,5738,240833,61,327959
33608,0.010421,172.31.40.0-255,66,240899,61,327959
33609,0.01301,172.253.118.0-255,5738,246637,61,327959
33610,0.013017,172.31.40.0-255,66,246703,61,327959
33611,0.015651,172.253.118.0-255,5738,252441,61,327959
33612,0.015659,172.31.40.0-255,66,252507,61,327959
33613,0.018238,172.253.118.0-255,5738,258245,61,327959
33614,0.018256,172.31.40.0-255,66,258311,61,327959
33615,0.020832,172.253.118.0-255,5738,264049,61,327959
33616,0.020839,172.31.40.0-255,66,264115,61,327959
33617,0.023428,172.253.118.0-255,5738,269853,61,327959
33618,0.023437,172.31.40.0-255,66,269919,61,327959
33619,0.026011,172.253.118.0-255,5738,275657,61,327959
33620,0.02602,172.31.40.0-255,66,275723,61,327959
33621,0.028606,172.253.118.0-255,5738,281461,61,327959
33622,0.028619,172.31.40.0-255,66,281527,61,327959
33623,0.031197,172.253.118.0-255,5738,287265,61,327959
33624,0.031207,172.31.40.0-255,66,287331,61,327959
33625,0.0338,172.253.118.0-255,5738,293069,61,327959
33626,0.033808,172.31.40.0-255,66,293135,61,327959
33627,0.03639,172.253.118.0-255,5738,298873,61,327959
33628,0.036397,172.31.40.0-255,66,298939,61,327959
33629,0.038995,172.253.118.0-255,5738,304677,61,327959
33630,0.03901,172.31.40.0-255,66,304743,61,327959
33631,0.041603,172.253.118.0-255,5738,310481,61,327959
33632,0.04162,172.31.40.0-255,66,310547,61,327959
33633,0.044204,172.253.118.0-255,5738,316285,61,327959
33634,0.044216,172.31.40.0-255,66,316351,61,327959
33635,0.046807,172.253.118.0-255,5738,322089,61,327959
33636,0.046817,172.31.40.0-255,66,322155,61,327959
33637,0.049409,172.253.118.0-255,5738,327893,61,327959
33638,0.049427,172.31.40.0-255,66,327959,61,327959
33639,0.0,172.217.194.0-255,289,289,61,211273
33640,2.1e-05,172.31.40.0-255,66,355,61,211273
33641,2.6e-05,172.217.194.0-255,1484,1839,61,211273
33642,3e-05,172.31.40.0-255,66,1905,61,211273
33643,3.6e-05,172.217.194.0-255,4320,6225,61,211273
33644,6.2e-05,172.31.40.0-255,66,6291,61,211273
33645,6.9e-05,172.217.194.0-255,7156,13447,61,211273
33646,7.4e-05,172.31.40.0-255,66,13513,61,211273
33647,8.8e-05,172.31.40.0-255,66,13579,61,211273
33648,9.3e-05,172.217.194.0-255,3961,17540,61,211273
33649,9.6e-05,172.31.40.0-255,66,17606,61,211273
33650,0.000143,172.217.194.0-255,1484,19090,61,211273
33651,0.000146,172.31.40.0-255,66,19156,61,211273
33652,0.00015,172.217.194.0-255,2902,22058,61,211273
33653,0.000152,172.31.40.0-255,66,22124,61,211273
33654,0.000158,172.217.194.0-255,5738,27862,61,211273
33655,0.00016,172.31.40.0-255,66,27928,61,211273
33656,0.000186,172.217.194.0-255,5738,33666,61,211273
33657,0.000188,172.31.40.0-255,66,33732,61,211273
33658,0.000227,172.31.40.0-255,66,33798,61,211273
33659,0.000237,172.31.40.0-255,66,33864,61,211273
33660,0.000338,172.217.194.0-255,366,34230,61,211273
33661,0.000342,172.31.40.0-255,66,34296,61,211273
33662,0.000453,172.217.194.0-255,1484,35780,61,211273
33663,0.000456,172.31.40.0-255,66,35846,61,211273
33664,0.000462,172.217.194.0-255,2902,38748,61,211273
33665,0.000463,172.31.40.0-255,66,38814,61,211273
33666,0.000483,172.217.194.0-255,5738,44552,61,211273
33667,0.000485,172.31.40.0-255,66,44618,61,211273
33668,0.000515,172.217.194.0-255,6797,51415,61,211273
33669,0.000517,172.31.40.0-255,66,51481,61,211273
33670,0.000547,172.31.40.0-255,66,51547,61,211273
33671,0.00055,172.217.194.0-255,2543,54090,61,211273
33672,0.000552,172.31.40.0-255,66,54156,61,211273
33673,0.00068,172.217.194.0-255,1484,55640,61,211273
33674,0.000684,172.217.194.0-255,1484,57124,61,211273
33675,0.000686,172.31.40.0-255,66,57190,61,211273
33676,0.000697,172.217.194.0-255,1484,58674,61,211273
33677,0.000706,172.217.194.0-255,4320,62994,61,211273
33678,0.000708,172.31.40.0-255,66,63060,61,211273
33679,0.000733,172.217.194.0-255,1484,64544,61,211273
33680,0.000746,172.31.40.0-255,66,64610,61,211273
33681,0.000755,172.31.40.0-255,66,64676,61,211273
33682,0.000783,172.217.194.0-255,2184,66860,61,211273
33683,0.000786,172.31.40.0-255,66,66926,61,211273
33684,0.000817,172.31.40.0-255,66,66992,61,211273
33685,0.000849,172.31.40.0-255,66,67058,61,211273
33686,0.000919,172.217.194.0-255,5738,72796,61,211273
33687,0.000922,172.31.40.0-255,66,72862,61,211273
33688,0.000961,172.31.40.0-255,66,72928,61,211273
33689,0.001075,172.217.194.0-255,1484,74412,61,211273
33690,0.001096,172.217.194.0-255,2902,77314,61,211273
33691,0.001099,172.31.40.0-255,66,77380,61,211273
33692,0.001105,172.217.194.0-255,5738,83118,61,211273
33693,0.001107,172.31.40.0-255,66,83184,61,211273
33694,0.001136,172.31.40.0-255,66,83250,61,211273
33695,0.001152,172.217.194.0-255,2902,86152,61,211273
33696,0.001154,172.31.40.0-255,66,86218,61,211273
33697,0.001185,172.31.40.0-255,66,86284,61,211273
33698,0.001211,172.217.194.0-255,766,87050,61,211273
33699,0.001287,172.217.194.0-255,1484,88534,61,211273
33700,0.00129,172.217.194.0-255,1484,90018,61,211273
33701,0.001294,172.31.40.0-255,66,90084,61,211273
33702,0.001302,172.217.194.0-255,1484,91568,61,211273
33703,0.001304,172.31.40.0-255,66,91634,61,211273
33704,0.00131,172.217.194.0-255,5738,97372,61,211273
33705,0.001312,172.31.40.0-255,66,97438,61,211273
33706,0.001344,172.217.194.0-255,7156,104594,61,211273
33707,0.001347,172.31.40.0-255,66,104660,61,211273
33708,0.001354,172.217.194.0-255,7156,111816,61,211273
33709,0.001357,172.31.40.0-255,66,111882,61,211273
33710,0.001388,172.217.194.0-255,7156,119038,61,211273
33711,0.001397,172.217.194.0-255,2184,121222,61,211273
33712,0.001421,172.31.40.0-255,66,121288,61,211273
33713,0.00192,172.217.194.0-255,1484,122772,61,211273
33714,0.001927,172.217.194.0-255,2902,125674,61,211273
33715,0.00193,172.31.40.0-255,66,125740,61,211273
33716,0.001938,172.217.194.0-255,5738,131478,61,211273
33717,0.00194,172.31.40.0-255,66,131544,61,211273
33718,0.001996,172.31.40.0-255,66,131610,61,211273
33719,0.002009,172.31.40.0-255,66,131676,61,211273
33720,0.002019,172.217.194.0-255,5020,136696,61,211273
33721,0.002021,172.31.40.0-255,66,136762,61,211273
33722,0.002043,172.217.194.0-255,1484,138246,61,211273
33723,0.002067,172.217.194.0-255,4320,142566,61,211273
33724,0.00207,172.31.40.0-255,66,142632,61,211273
33725,0.002073,172.217.194.0-255,1484,144116,61,211273
33726,0.002105,172.31.40.0-255,66,144182,61,211273
33727,0.00212,172.31.40.0-255,66,144248,61,211273
33728,0.002123,172.217.194.0-255,766,145014,61,211273
33729,0.0022,172.217.194.0-255,5738,150752,61,211273
33730,0.002207,172.31.40.0-255,66,150818,61,211273
33731,0.002258,172.31.40.0-255,66,150884,61,211273
33732,0.002327,172.217.194.0-255,1484,152368,61,211273
33733,0.00233,172.217.194.0-255,1484,153852,61,211273
33734,0.002334,172.31.40.0-255,78,153930,61,211273
33735,0.002354,172.217.194.0-255,2184,156114,61,211273
33736,0.002364,172.31.40.0-255,66,156180,61,211273
33737,0.004672,172.217.194.0-255,5738,161918,61,211273
33738,0.00468,172.31.40.0-255,66,161984,61,211273
33739,0.006954,172.217.194.0-255,5738,167722,61,211273
33740,0.006964,172.31.40.0-255,66,167788,61,211273
33741,0.009251,172.217.194.0-255,5738,173526,61,211273
33742,0.009264,172.31.40.0-255,66,173592,61,211273
33743,0.01154,172.217.194.0-255,5738,179330,61,211273
33744,0.011547,172.31.40.0-255,66,179396,61,211273
33745,0.013838,172.217.194.0-255,5738,185134,61,211273
33746,0.013845,172.31.40.0-255,66,185200,61,211273
33747,0.016169,172.217.194.0-255,5738,190938,61,211273
33748,0.016186,172.31.40.0-255,66,191004,61,211273
33749,0.01846,172.217.194.0-255,5738,196742,61,211273
33750,0.018469,172.31.40.0-255,66,196808,61,211273
33751,0.020802,172.217.194.0-255,5738,202546,61,211273
33752,0.02081,172.31.40.0-255,66,202612,61,211273
33753,0.023078,172.217.194.0-255,5738,208350,61,211273
33754,0.023089,172.31.40.0-255,66,208416,61,211273
33755,0.025417,172.217.194.0-255,2620,211036,61,211273
33756,0.025431,172.31.40.0-255,66,211102,61,211273
33757,0.025803,172.31.40.0-255,105,211207,61,211273
33758,0.028041,172.217.194.0-255,66,211273,61,211273
33759,0.0,74.125.68.0-255,150,150,61,276117
33760,2.3e-05,172.31.40.0-255,66,216,61,276117
33761,3.1e-05,74.125.68.0-255,1484,1700,61,276117
33762,3.5e-05,172.31.40.0-255,66,1766,61,276117
33763,4.2e-05,74.125.68.0-255,2902,4668,61,276117
33764,5.4e-05,172.31.40.0-255,66,4734,61,276117
33765,6e-05,74.125.68.0-255,4320,9054,61,276117
33766,6.3e-05,172.31.40.0-255,66,9120,61,276117
33767,0.000108,172.31.40.0-255,66,9186,61,276117
33768,0.000113,74.125.68.0-255,4320,13506,61,276117
33769,0.000116,172.31.40.0-255,66,13572,61,276117
33770,0.000146,74.125.68.0-255,2902,16474,61,276117
33771,0.000152,172.31.40.0-255,66,16540,61,276117
33772,0.000181,74.125.68.0-255,5379,21919,61,276117
33773,0.000184,172.31.40.0-255,66,21985,61,276117
33774,0.000253,74.125.68.0-255,1484,23469,61,276117
33775,0.000257,172.31.40.0-255,66,23535,61,276117
33776,0.000277,74.125.68.0-255,2902,26437,61,276117
33777,0.000279,172.31.40.0-255,66,26503,61,276117
33778,0.000285,74.125.68.0-255,4320,30823,61,276117
33779,0.000287,172.31.40.0-255,66,30889,61,276117
33780,0.000317,74.125.68.0-255,1484,32373,61,276117
33781,0.00032,172.31.40.0-255,66,32439,61,276117
33782,0.000323,74.125.68.0-255,1484,33923,61,276117
33783,0.000325,172.31.40.0-255,66,33989,61,276117
33784,0.00033,74.125.68.0-255,2902,36891,61,276117
33785,0.000332,172.31.40.0-255,66,36957,61,276117
33786,0.000343,74.125.68.0-255,5738,42695,61,276117
33787,0.000348,172.31.40.0-255,66,42761,61,276117
33788,0.000369,74.125.68.0-255,1125,43886,61,276117
33789,0.000371,172.31.40.0-255,66,43952,61,276117
33790,0.000376,74.125.68.0-255,2902,46854,61,276117
33791,0.00038,172.31.40.0-255,66,46920,61,276117
33792,0.000417,172.31.40.0-255,66,46986,61,276117
33793,0.00042,74.125.68.0-255,110,47096,61,276117
33794,0.000444,74.125.68.0-255,330,47426,61,276117
33795,0.000639,74.125.68.0-255,1484,48910,61,276117
33796,0.000644,172.31.40.0-255,66,48976,61,276117
33797,0.00065,74.125.68.0-255,2902,51878,61,276117
33798,0.000652,172.31.40.0-255,66,51944,61,276117
33799,0.000683,74.125.68.0-255,5738,57682,61,276117
33800,0.000686,172.31.40.0-255,66,57748,61,276117
33801,0.00069,74.125.68.0-255,2902,60650,61,276117
33802,0.000692,172.31.40.0-255,66,60716,61,276117
33803,0.000697,74.125.68.0-255,2902,63618,61,276117
33804,0.000699,172.31.40.0-255,66,63684,61,276117
33805,0.000737,74.125.68.0-255,7156,70840,61,276117
33806,0.00074,172.31.40.0-255,66,70906,61,276117
33807,0.000747,74.125.68.0-255,5738,76644,61,276117
33808,0.00075,172.31.40.0-255,66,76710,61,276117
33809,0.000783,74.125.68.0-255,5020,81730,61,276117
33810,0.00079,172.31.40.0-255,66,81796,61,276117
33811,0.001125,74.125.68.0-255,1484,83280,61,276117
33812,0.001148,74.125.68.0-255,2902,86182,61,276117
33813,0.001152,172.31.40.0-255,66,86248,61,276117
33814,0.00116,74.125.68.0-255,5738,91986,61,276117
33815,0.001162,172.31.40.0-255,66,92052,61,276117
33816,0.001199,74.125.68.0-255,7156,99208,61,276117
33817,0.001241,172.31.40.0-255,66,99274,61,276117
33818,0.001248,172.31.40.0-255,66,99340,61,276117
33819,0.001264,172.31.40.0-255,66,99406,61,276117
33820,0.001575,74.125.68.0-255,1484,100890,61,276117
33821,0.00159,74.125.68.0-255,2902,103792,61,276117
33822,0.001594,172.31.40.0-255,66,103858,61,276117
33823,0.001619,74.125.68.0-255,2902,106760,61,276117
33824,0.001621,172.31.40.0-255,66,106826,61,276117
33825,0.001651,74.125.68.0-255,2902,109728,61,276117
33826,0.001654,172.31.40.0-255,66,109794,61,276117
33827,0.001658,74.125.68.0-255,2902,112696,61,276117
33828,0.001661,172.31.40.0-255,66,112762,61,276117
33829,0.001666,74.125.68.0-255,4320,117082,61,276117
33830,0.001669,172.31.40.0-255,66,117148,61,276117
33831,0.001674,74.125.68.0-255,2902,120050,61,276117
33832,0.001676,172.31.40.0-255,66,120116,61,276117
33833,0.001713,74.125.68.0-255,5738,125854,61,276117
33834,0.001719,74.125.68.0-255,4320,130174,61,276117
33835,0.001725,172.31.40.0-255,66,130240,61,276117
33836,0.001728,172.31.40.0-255,66,130306,61,276117
33837,0.001751,74.125.68.0-255,3602,133908,61,276117
33838,0.001753,172.31.40.0-255,66,133974,61,276117
33839,0.001859,74.125.68.0-255,1484,135458,61,276117
33840,0.001879,74.125.68.0-255,2902,138360,61,276117
33841,0.001882,172.31.40.0-255,66,138426,61,276117
33842,0.001886,74.125.68.0-255,1484,139910,61,276117
33843,0.00189,74.125.68.0-255,2902,142812,61,276117
33844,0.001893,172.31.40.0-255,66,142878,61,276117
33845,0.001928,74.125.68.0-255,5738,148616,61,276117
33846,0.001931,172.31.40.0-255,66,148682,61,276117
33847,0.001982,172.31.40.0-255,66,148748,61,276117
33848,0.00199,74.125.68.0-255,5738,154486,61,276117
33849,0.001992,172.31.40.0-255,66,154552,61,276117
33850,0.002022,74.125.68.0-255,2184,156736,61,276117
33851,0.002025,172.31.40.0-255,66,156802,61,276117
33852,0.004297,74.125.68.0-255,2902,159704,61,276117
33853,0.004309,172.31.40.0-255,66,159770,61,276117
33854,0.004342,74.125.68.0-255,2902,162672,61,276117
33855,0.004346,172.31.40.0-255,66,162738,61,276117
33856,0.00661,74.125.68.0-255,2902,165640,61,276117
33857,0.006613,172.31.40.0-255,66,165706,61,276117
33858,0.006642,74.125.68.0-255,2902,168608,61,276117
33859,0.006644,172.31.40.0-255,66,168674,61,276117
33860,0.008924,74.125.68.0-255,2902,171576,61,276117
33861,0.008932,172.31.40.0-255,66,171642,61,276117
33862,0.008963,74.125.68.0-255,2902,174544,61,276117
33863,0.008966,172.31.40.0-255,66,174610,61,276117
33864,0.011249,74.125.68.0-255,4320,178930,61,276117
33865,0.011257,172.31.40.0-255,66,178996,61,276117
33866,0.011288,74.125.68.0-255,1484,180480,61,276117
33867,0.013583,74.125.68.0-255,4320,184800,61,276117
33868,0.013597,172.31.40.0-255,66,184866,61,276117
33869,0.015921,74.125.68.0-255,5738,190604,61,276117
33870,0.015935,172.31.40.0-255,66,190670,61,276117
33871,0.018247,74.125.68.0-255,5738,196408,61,276117
33872,0.018255,172.31.40.0-255,66,196474,61,276117
33873,0.020571,74.125.68.0-255,5738,202212,61,276117
33874,0.020583,172.31.40.0-255,66,202278,61,276117
33875,0.022908,74.125.68.0-255,5738,208016,61,276117
33876,0.022915,172.31.40.0-255,66,208082,61,276117
33877,0.025226,74.125.68.0-255,5738,213820,61,276117
33878,0.025234,172.31.40.0-255,66,213886,61,276117
33879,0.02757,74.125.68.0-255,5738,219624,61,276117
33880,0.02758,172.31.40.0-255,66,219690,61,276117
33881,0.029893,74.125.68.0-255,4320,224010,61,276117
33882,0.029901,172.31.40.0-255,66,224076,61,276117
33883,0.029921,74.125.68.0-255,1484,225560,61,276117
33884,0.030767,172.31.40.0-255,176,225736,61,276117
33885,0.030802,172.31.40.0-255,1120,226856,61,276117
33886,0.030863,172.31.40.0-255,1514,228370,61,276117
33887,0.030864,172.31.40.0-255,1514,229884,61,276117
33888,0.030888,172.31.40.0-255,955,230839,61,276117
33889,0.032223,74.125.68.0-255,4320,235159,61,276117
33890,0.032236,172.31.40.0-255,66,235225,61,276117
33891,0.032319,104.244.42.0-255,66,235291,61,276117
33892,0.032347,104.244.42.0-255,66,235357,61,276117
33893,0.032449,104.244.42.0-255,66,235423,61,276117
33894,0.032475,104.244.42.0-255,66,235489,61,276117
33895,0.034556,74.125.68.0-255,5738,241227,61,276117
33896,0.034562,172.31.40.0-255,66,241293,61,276117
33897,0.036885,74.125.68.0-255,5738,247031,61,276117
33898,0.036891,172.31.40.0-255,66,247097,61,276117
33899,0.039216,74.125.68.0-255,5738,252835,61,276117
33900,0.039223,172.31.40.0-255,66,252901,61,276117
33901,0.041535,74.125.68.0-255,5738,258639,61,276117
33902,0.041542,172.31.40.0-255,66,258705,61,276117
33903,0.043865,74.125.68.0-255,5738,264443,61,276117
33904,0.043872,172.31.40.0-255,66,264509,61,276117
33905,0.046193,74.125.68.0-255,5738,270247,61,276117
33906,0.046199,172.31.40.0-255,66,270313,61,276117
33907,0.04857,74.125.68.0-255,5738,276051,61,276117
33908,0.048588,172.31.40.0-255,66,276117,61,276117
33909,0.0,172.217.194.0-255,152,152,61,193533
33910,2.4e-05,172.31.40.0-255,66,218,61,193533
33911,3.2e-05,172.217.194.0-255,1484,1702,61,193533
33912,3.7e-05,172.31.40.0-255,66,1768,61,193533
33913,4.2e-05,172.217.194.0-255,2902,4670,61,193533
33914,4.5e-05,172.31.40.0-255,66,4736,61,193533
33915,5.2e-05,172.217.194.0-255,7156,11892,61,193533
33916,6.2e-05,172.31.40.0-255,66,11958,61,193533
33917,6.9e-05,172.217.194.0-255,4865,16823,61,193533
33918,7.3e-05,172.31.40.0-255,66,16889,61,193533
33919,7.6e-05,172.217.194.0-255,1484,18373,61,193533
33920,7.8e-05,172.31.40.0-255,66,18439,61,193533
33921,0.000129,172.31.40.0-255,66,18505,61,193533
33922,0.00017,172.217.194.0-255,1484,19989,61,193533
33923,0.000172,172.31.40.0-255,66,20055,61,193533
33924,0.000177,172.217.194.0-255,2902,22957,61,193533
33925,0.000179,172.31.40.0-255,66,23023,61,193533
33926,0.000204,172.217.194.0-255,5738,28761,61,193533
33927,0.000207,172.31.40.0-255,66,28827,61,193533
33928,0.000212,172.217.194.0-255,4320,33147,61,193533
33929,0.000214,172.31.40.0-255,66,33213,61,193533
33930,0.000238,172.217.194.0-255,1484,34697,61,193533
33931,0.00024,172.31.40.0-255,66,34763,61,193533
33932,0.00027,172.217.194.0-255,1125,35888,61,193533
33933,0.000272,172.31.40.0-255,66,35954,61,193533
33934,0.000277,172.217.194.0-255,2902,38856,61,193533
33935,0.000279,172.31.40.0-255,66,38922,61,193533
33936,0.000287,172.217.194.0-255,7156,46078,61,193533
33937,0.000289,172.31.40.0-255,66,46144,61,193533
33938,0.00031,172.217.194.0-255,1484,47628,61,193533
33939,0.000313,172.31.40.0-255,66,47694,61,193533
33940,0.000345,172.217.194.0-255,2902,50596,61,193533
33941,0.000347,172.31.40.0-255,66,50662,61,193533
33942,0.000352,172.217.194.0-255,2857,53519,61,193533
33943,0.000354,172.31.40.0-255,66,53585,61,193533
33944,0.000401,172.217.194.0-255,3200,56785,61,193533
33945,0.000404,172.31.40.0-255,66,56851,61,193533
33946,0.000409,172.217.194.0-255,4320,61171,61,193533
33947,0.000411,172.31.40.0-255,66,61237,61,193533
33948,0.000427,172.217.194.0-255,4320,65557,61,193533
33949,0.00043,172.31.40.0-255,66,65623,61,193533
33950,0.000455,172.217.194.0-255,5379,71002,61,193533
33951,0.000457,172.31.40.0-255,66,71068,61,193533
33952,0.000464,172.217.194.0-255,1484,72552,61,193533
33953,0.00047,172.217.194.0-255,2902,75454,61,193533
33954,0.000472,172.31.40.0-255,66,75520,61,193533
33955,0.000475,172.217.194.0-255,1484,77004,61,193533
33956,0.000506,172.217.194.0-255,4320,81324,61,193533
33957,0.000509,172.31.40.0-255,66,81390,61,193533
33958,0.000516,172.217.194.0-255,6797,88187,61,193533
33959,0.000518,172.31.40.0-255,66,88253,61,193533
33960,0.000617,172.217.194.0-255,1484,89737,61,193533
33961,0.000638,172.217.194.0-255,2902,92639,61,193533
33962,0.000641,172.31.40.0-255,66,92705,61,193533
33963,0.000648,172.217.194.0-255,5738,98443,61,193533
33964,0.00065,172.31.40.0-255,66,98509,61,193533
33965,0.000657,172.217.194.0-255,7156,105665,61,193533
33966,0.000663,172.31.40.0-255,66,105731,61,193533
33967,0.00071,172.31.40.0-255,66,105797,61,193533
33968,0.000715,172.217.194.0-255,1634,107431,61,193533
33969,0.000717,172.31.40.0-255,66,107497,61,193533
33970,0.000772,172.217.194.0-255,1484,108981,61,193533
33971,0.000785,172.217.194.0-255,2902,111883,61,193533
33972,0.000788,172.31.40.0-255,66,111949,61,193533
33973,0.000791,172.217.194.0-255,1484,113433,61,193533
33974,0.000823,172.217.194.0-255,4320,117753,61,193533
33975,0.000826,172.31.40.0-255,66,117819,61,193533
33976,0.000832,172.217.194.0-255,5738,123557,61,193533
33977,0.000834,172.31.40.0-255,66,123623,61,193533
33978,0.000848,172.31.40.0-255,66,123689,61,193533
33979,0.000872,172.217.194.0-255,5020,128709,61,193533
33980,0.000875,172.31.40.0-255,66,128775,61,193533
33981,0.0009,172.217.194.0-255,2902,131677,61,193533
33982,0.000903,172.31.40.0-255,66,131743,61,193533
33983,0.000921,172.217.194.0-255,2902,134645,61,193533
33984,0.000924,172.31.40.0-255,66,134711,61,193533
33985,0.000935,172.31.40.0-255,66,134777,61,193533
33986,0.000972,172.31.40.0-255,66,134843,61,193533
33987,0.000984,172.31.40.0-255,66,134909,61,193533
33988,0.001008,172.217.194.0-255,766,135675,61,193533
33989,0.001021,172.217.194.0-255,2902,138577,61,193533
33990,0.001023,172.31.40.0-255,66,138643,61,193533
33991,0.001091,172.31.40.0-255,66,138709,61,193533
33992,0.001102,172.31.40.0-255,66,138775,61,193533
33993,0.001118,172.31.40.0-255,66,138841,61,193533
33994,0.001123,172.217.194.0-255,4320,143161,61,193533
33995,0.001126,172.31.40.0-255,66,143227,61,193533
33996,0.001168,172.31.40.0-255,66,143293,61,193533
33997,0.001343,172.217.194.0-255,1484,144777,61,193533
33998,0.001365,172.217.194.0-255,2902,147679,61,193533
33999,0.001368,172.31.40.0-255,66,147745,61,193533
34000,0.001375,172.217.194.0-255,5738,153483,61,193533
34001,0.001377,172.31.40.0-255,66,153549,61,193533
34002,0.001407,172.31.40.0-255,66,153615,61,193533
34003,0.001483,172.31.40.0-255,66,153681,61,193533
34004,0.001554,172.217.194.0-255,1484,155165,61,193533
34005,0.001572,172.217.194.0-255,2902,158067,61,193533
34006,0.001574,172.31.40.0-255,66,158133,61,193533
34007,0.00158,172.217.194.0-255,4320,162453,61,193533
34008,0.001583,172.31.40.0-255,66,162519,61,193533
34009,0.001609,172.217.194.0-255,1484,164003,61,193533
34010,0.001616,172.217.194.0-255,5738,169741,61,193533
34011,0.001618,172.31.40.0-255,66,169807,61,193533
34012,0.00163,172.31.40.0-255,66,169873,61,193533
34013,0.001665,172.31.40.0-255,66,169939,61,193533
34014,0.001668,172.217.194.0-255,1484,171423,61,193533
34015,0.001701,172.31.40.0-255,66,171489,61,193533
34016,0.001712,172.31.40.0-255,66,171555,61,193533
34017,0.001761,172.31.40.0-255,66,171621,61,193533
34018,0.001801,172.31.40.0-255,66,171687,61,193533
34019,0.001807,172.217.194.0-255,6438,178125,61,193533
34020,0.001809,172.31.40.0-255,66,178191,61,193533
34021,0.00183,172.217.194.0-255,7156,185347,61,193533
34022,0.001832,172.31.40.0-255,66,185413,61,193533
34023,0.001868,172.31.40.0-255,66,185479,61,193533
34024,0.001872,172.217.194.0-255,3355,188834,61,193533
34025,0.001874,172.31.40.0-255,66,188900,61,193533
34026,0.001877,172.217.194.0-255,105,189005,61,193533
34027,0.004509,172.31.40.0-255,66,189071,61,193533
34028,0.004545,172.31.40.0-255,105,189176,61,193533
34029,0.006914,172.217.194.0-255,66,189242,61,193533
34030,0.03975,172.31.40.0-255,182,189424,61,193533
34031,0.039791,172.31.40.0-255,1120,190544,61,193533
34032,0.039841,172.31.40.0-255,1514,192058,61,193533
34033,0.039843,172.31.40.0-255,1277,193335,61,193533
34034,0.041275,104.244.42.0-255,66,193401,61,193533
34035,0.041324,104.244.42.0-255,66,193467,61,193533
34036,0.041368,104.244.42.0-255,66,193533,61,193533
34037,0.0,74.125.68.0-255,151,151,61,341797
34038,2.6e-05,172.31.40.0-255,66,217,61,341797
34039,3.3e-05,74.125.68.0-255,1484,1701,61,341797
34040,3.8e-05,172.31.40.0-255,66,1767,61,341797
34041,4.4e-05,74.125.68.0-255,2902,4669,61,341797
34042,4.8e-05,172.31.40.0-255,66,4735,61,341797
34043,5.5e-05,74.125.68.0-255,5738,10473,61,341797
34044,5.8e-05,172.31.40.0-255,66,10539,61,341797
34045,8.3e-05,74.125.68.0-255,1484,12023,61,341797
34046,8.6e-05,172.31.40.0-255,66,12089,61,341797
34047,0.00011,74.125.68.0-255,2001,14090,61,341797
34048,0.000112,172.31.40.0-255,66,14156,61,341797
34049,0.000116,74.125.68.0-255,2902,17058,61,341797
34050,0.000119,172.31.40.0-255,66,17124,61,341797
34051,0.000129,74.125.68.0-255,1484,18608,61,341797
34052,0.000131,172.31.40.0-255,66,18674,61,341797
34053,0.000137,74.125.68.0-255,4320,22994,61,341797
34054,0.00014,172.31.40.0-255,66,23060,61,341797
34055,0.000168,74.125.68.0-255,5738,28798,61,341797
34056,0.000171,172.31.40.0-255,66,28864,61,341797
34057,0.000189,74.125.68.0-255,2543,31407,61,341797
34058,0.000191,172.31.40.0-255,66,31473,61,341797
34059,0.000491,74.125.68.0-255,1484,32957,61,341797
34060,0.000498,172.31.40.0-255,66,33023,61,341797
34061,0.000504,74.125.68.0-255,2902,35925,61,341797
34062,0.000506,172.31.40.0-255,66,35991,61,341797
34063,0.000512,74.125.68.0-255,4320,40311,61,341797
34064,0.000515,172.31.40.0-255,66,40377,61,341797
34065,0.000531,74.125.68.0-255,1484,41861,61,341797
34066,0.000533,172.31.40.0-255,66,41927,61,341797
34067,0.000574,74.125.68.0-255,4320,46247,61,341797
34068,0.000577,172.31.40.0-255,66,46313,61,341797
34069,0.000589,74.125.68.0-255,2543,48856,61,341797
34070,0.000591,172.31.40.0-255,66,48922,61,341797
34071,0.00061,74.125.68.0-255,1484,50406,61,341797
34072,0.000639,74.125.68.0-255,2902,53308,61,341797
34073,0.000642,172.31.40.0-255,66,53374,61,341797
34074,0.000647,74.125.68.0-255,2902,56276,61,341797
34075,0.000649,172.31.40.0-255,66,56342,61,341797
34076,0.000654,74.125.68.0-255,4320,60662,61,341797
34077,0.000656,172.31.40.0-255,66,60728,61,341797
34078,0.000698,74.125.68.0-255,4320,65048,61,341797
34079,0.000703,172.31.40.0-255,66,65114,61,341797
34080,0.000711,74.125.68.0-255,1456,66570,61,341797
34081,0.000814,74.125.68.0-255,110,66680,61,341797
34082,0.00082,172.31.40.0-255,66,66746,61,341797
34083,0.000833,74.125.68.0-255,332,67078,61,341797
34084,0.00107,74.125.68.0-255,1484,68562,61,341797
34085,0.001074,172.31.40.0-255,66,68628,61,341797
34086,0.001079,74.125.68.0-255,1484,70112,61,341797
34087,0.001092,74.125.68.0-255,1484,71596,61,341797
34088,0.001094,172.31.40.0-255,66,71662,61,341797
34089,0.001101,74.125.68.0-255,4320,75982,61,341797
34090,0.001103,172.31.40.0-255,66,76048,61,341797
34091,0.00112,74.125.68.0-255,1484,77532,61,341797
34092,0.001128,74.125.68.0-255,5738,83270,61,341797
34093,0.00113,172.31.40.0-255,66,83336,61,341797
34094,0.00115,74.125.68.0-255,4320,87656,61,341797
34095,0.001153,172.31.40.0-255,66,87722,61,341797
34096,0.001159,74.125.68.0-255,5738,93460,61,341797
34097,0.001161,172.31.40.0-255,66,93526,61,341797
34098,0.001181,74.125.68.0-255,5738,99264,61,341797
34099,0.001184,172.31.40.0-255,66,99330,61,341797
34100,0.001188,74.125.68.0-255,2184,101514,61,341797
34101,0.00119,172.31.40.0-255,66,101580,61,341797
34102,0.001226,74.125.68.0-255,1484,103064,61,341797
34103,0.001239,74.125.68.0-255,1484,104548,61,341797
34104,0.001243,172.31.40.0-255,66,104614,61,341797
34105,0.001251,74.125.68.0-255,1484,106098,61,341797
34106,0.001257,74.125.68.0-255,5738,111836,61,341797
34107,0.00126,172.31.40.0-255,66,111902,61,341797
34108,0.001289,74.125.68.0-255,5738,117640,61,341797
34109,0.001293,172.31.40.0-255,66,117706,61,341797
34110,0.0013,74.125.68.0-255,5738,123444,61,341797
34111,0.001302,172.31.40.0-255,66,123510,61,341797
34112,0.001321,74.125.68.0-255,1484,124994,61,341797
34113,0.001329,74.125.68.0-255,7156,132150,61,341797
34114,0.001332,172.31.40.0-255,66,132216,61,341797
34115,0.001351,74.125.68.0-255,3602,135818,61,341797
34116,0.001355,172.31.40.0-255,66,135884,61,341797
34117,0.001739,74.125.68.0-255,1484,137368,61,341797
34118,0.001742,74.125.68.0-255,1484,138852,61,341797
34119,0.001754,172.31.40.0-255,66,138918,61,341797
34120,0.001758,74.125.68.0-255,1484,140402,61,341797
34121,0.00178,74.125.68.0-255,5738,146140,61,341797
34122,0.001783,172.31.40.0-255,66,146206,61,341797
34123,0.001788,74.125.68.0-255,4320,150526,61,341797
34124,0.00179,172.31.40.0-255,66,150592,61,341797
34125,0.001797,74.125.68.0-255,5738,156330,61,341797
34126,0.001798,172.31.40.0-255,66,156396,61,341797
34127,0.001824,74.125.68.0-255,5738,162134,61,341797
34128,0.001827,172.31.40.0-255,66,162200,61,341797
34129,0.001842,74.125.68.0-255,5738,167938,61,341797
34130,0.001844,172.31.40.0-255,66,168004,61,341797
34131,0.001849,74.125.68.0-255,2184,170188,61,341797
34132,0.001851,172.31.40.0-255,66,170254,61,341797
34133,0.00199,74.125.68.0-255,1484,171738,61,341797
34134,0.002003,74.125.68.0-255,2902,174640,61,341797
34135,0.002006,172.31.40.0-255,66,174706,61,341797
34136,0.002011,74.125.68.0-255,2902,177608,61,341797
34137,0.002013,172.31.40.0-255,66,177674,61,341797
34138,0.002028,74.125.68.0-255,2902,180576,61,341797
34139,0.00203,172.31.40.0-255,66,180642,61,341797
34140,0.002033,74.125.68.0-255,1484,182126,61,341797
34141,0.002056,74.125.68.0-255,2902,185028,61,341797
34142,0.002059,172.31.40.0-255,66,185094,61,341797
34143,0.002065,74.125.68.0-255,5738,190832,61,341797
34144,0.002067,172.31.40.0-255,66,190898,61,341797
34145,0.002097,74.125.68.0-255,7156,198054,61,341797
34146,0.0021,172.31.40.0-255,66,198120,61,341797
34147,0.002117,74.125.68.0-255,2902,201022,61,341797
34148,0.002119,172.31.40.0-255,66,201088,61,341797
34149,0.002122,74.125.68.0-255,1484,202572,61,341797
34150,0.002152,172.31.40.0-255,66,202638,61,341797
34151,0.002157,74.125.68.0-255,4320,206958,61,341797
34152,0.002159,172.31.40.0-255,66,207024,61,341797
34153,0.002185,74.125.68.0-255,5738,212762,61,341797
34154,0.002188,172.31.40.0-255,66,212828,61,341797
34155,0.002212,172.31.40.0-255,66,212894,61,341797
34156,0.002218,74.125.68.0-255,5020,217914,61,341797
34157,0.002221,172.31.40.0-255,66,217980,61,341797
34158,0.004497,74.125.68.0-255,5738,223718,61,341797
34159,0.004504,172.31.40.0-255,66,223784,61,341797
34160,0.006787,74.125.68.0-255,5738,229522,61,341797
34161,0.006791,172.31.40.0-255,66,229588,61,341797
34162,0.009081,74.125.68.0-255,5738,235326,61,341797
34163,0.009088,172.31.40.0-255,66,235392,61,341797
34164,0.011363,74.125.68.0-255,5738,241130,61,341797
34165,0.01137,172.31.40.0-255,66,241196,61,341797
34166,0.013653,74.125.68.0-255,5738,246934,61,341797
34167,0.013662,172.31.40.0-255,66,247000,61,341797
34168,0.015954,74.125.68.0-255,5738,252738,61,341797
34169,0.015968,172.31.40.0-255,66,252804,61,341797
34170,0.018252,74.125.68.0-255,5738,258542,61,341797
34171,0.01826,172.31.40.0-255,66,258608,61,341797
34172,0.020544,74.125.68.0-255,5738,264346,61,341797
34173,0.020555,172.31.40.0-255,66,264412,61,341797
34174,0.02283,74.125.68.0-255,5738,270150,61,341797
34175,0.022854,172.31.40.0-255,66,270216,61,341797
34176,0.025129,74.125.68.0-255,5738,275954,61,341797
34177,0.025137,172.31.40.0-255,66,276020,61,341797
34178,0.027411,74.125.68.0-255,5738,281758,61,341797
34179,0.027418,172.31.40.0-255,66,281824,61,341797
34180,0.029716,74.125.68.0-255,5738,287562,61,341797
34181,0.029724,172.31.40.0-255,66,287628,61,341797
34182,0.032004,74.125.68.0-255,4320,291948,61,341797
34183,0.032009,172.31.40.0-255,66,292014,61,341797
34184,0.032025,74.125.68.0-255,1484,293498,61,341797
34185,0.032656,172.31.40.0-255,172,293670,61,341797
34186,0.032687,172.31.40.0-255,1119,294789,61,341797
34187,0.032736,172.31.40.0-255,1514,296303,61,341797
34188,0.032738,172.31.40.0-255,1514,297817,61,341797
34189,0.032742,172.31.40.0-255,1514,299331,61,341797
34190,0.032743,172.31.40.0-255,1514,300845,61,341797
34191,0.032771,172.31.40.0-255,1478,302323,61,341797
34192,0.034251,104.244.42.0-255,66,302389,61,341797
34193,0.034283,104.244.42.0-255,66,302455,61,341797
34194,0.034303,104.244.42.0-255,66,302521,61,341797
34195,0.034313,74.125.68.0-255,4320,306841,61,341797
34196,0.034317,172.31.40.0-255,66,306907,61,341797
34197,0.03435,104.244.42.0-255,66,306973,61,341797
34198,0.036607,74.125.68.0-255,5738,312711,61,341797
34199,0.036613,172.31.40.0-255,66,312777,61,341797
34200,0.038895,74.125.68.0-255,5738,318515,61,341797
34201,0.038902,172.31.40.0-255,66,318581,61,341797
34202,0.041184,74.125.68.0-255,5738,324319,61,341797
34203,0.041191,172.31.40.0-255,66,324385,61,341797
34204,0.043476,74.125.68.0-255,5738,330123,61,341797
34205,0.043482,172.31.40.0-255,66,330189,61,341797
34206,0.045756,74.125.68.0-255,5738,335927,61,341797
34207,0.045761,172.31.40.0-255,66,335993,61,341797
34208,0.048055,74.125.68.0-255,5738,341731,61,341797
34209,0.048064,172.31.40.0-255,66,341797,61,341797
34210,0.0,74.125.200.0-255,152,152,61,295145
34211,1.9e-05,172.31.40.0-255,66,218,61,295145
34212,2.6e-05,74.125.200.0-255,1484,1702,61,295145
34213,3e-05,172.31.40.0-255,66,1768,61,295145
34214,3.3e-05,74.125.200.0-255,1484,3252,61,295145
34215,3.7e-05,172.31.40.0-255,66,3318,61,295145
34216,8e-05,74.125.200.0-255,1484,4802,61,295145
34217,8.4e-05,172.31.40.0-255,66,4868,61,295145
34218,9.2e-05,74.125.200.0-255,7156,12024,61,295145
34219,9.5e-05,172.31.40.0-255,66,12090,61,295145
34220,9.9e-05,74.125.200.0-255,2100,14190,61,295145
34221,0.000101,172.31.40.0-255,66,14256,61,295145
34222,0.000106,74.125.200.0-255,2902,17158,61,295145
34223,0.000109,172.31.40.0-255,66,17224,61,295145
34224,0.000116,74.125.200.0-255,7156,24380,61,295145
34225,0.000119,172.31.40.0-255,66,24446,61,295145
34226,0.000125,74.125.200.0-255,5738,30184,61,295145
34227,0.000127,172.31.40.0-255,66,30250,61,295145
34228,0.00015,74.125.200.0-255,1125,31375,61,295145
34229,0.000152,172.31.40.0-255,66,31441,61,295145
34230,0.000389,74.125.200.0-255,1484,32925,61,295145
34231,0.000394,172.31.40.0-255,66,32991,61,295145
34232,0.000424,74.125.200.0-255,2902,35893,61,295145
34233,0.000427,172.31.40.0-255,66,35959,61,295145
34234,0.00043,74.125.200.0-255,1484,37443,61,295145
34235,0.000432,172.31.40.0-255,66,37509,61,295145
34236,0.000437,74.125.200.0-255,2902,40411,61,295145
34237,0.00044,172.31.40.0-255,66,40477,61,295145
34238,0.000446,74.125.200.0-255,5738,46215,61,295145
34239,0.000449,172.31.40.0-255,66,46281,61,295145
34240,0.000472,74.125.200.0-255,1484,47765,61,295145
34241,0.000475,172.31.40.0-255,66,47831,61,295145
34242,0.000503,74.125.200.0-255,6797,54628,61,295145
34243,0.000506,172.31.40.0-255,66,54694,61,295145
34244,0.000517,172.31.40.0-255,66,54760,61,295145
34245,0.000521,74.125.200.0-255,2853,57613,61,295145
34246,0.000523,172.31.40.0-255,66,57679,61,295145
34247,0.000764,74.125.200.0-255,111,57790,61,295145
34248,0.000861,74.125.200.0-255,1484,59274,61,295145
34249,0.000866,172.31.40.0-255,66,59340,61,295145
34250,0.000884,74.125.200.0-255,2902,62242,61,295145
34251,0.000887,172.31.40.0-255,66,62308,61,295145
34252,0.000891,74.125.200.0-255,1484,63792,61,295145
34253,0.000917,74.125.200.0-255,2902,66694,61,295145
34254,0.00092,172.31.40.0-255,66,66760,61,295145
34255,0.000948,74.125.200.0-255,5738,72498,61,295145
34256,0.000952,172.31.40.0-255,66,72564,61,295145
34257,0.000955,74.125.200.0-255,1484,74048,61,295145
34258,0.00099,74.125.200.0-255,5738,79786,61,295145
34259,0.000993,172.31.40.0-255,66,79852,61,295145
34260,0.001,74.125.200.0-255,5738,85590,61,295145
34261,0.001002,172.31.40.0-255,66,85656,61,295145
34262,0.001016,74.125.200.0-255,6438,92094,61,295145
34263,0.001018,172.31.40.0-255,66,92160,61,295145
34264,0.00102,74.125.200.0-255,331,92491,61,295145
34265,0.001083,74.125.200.0-255,1484,93975,61,295145
34266,0.001088,172.31.40.0-255,66,94041,61,295145
34267,0.001098,74.125.200.0-255,2902,96943,61,295145
34268,0.0011,172.31.40.0-255,66,97009,61,295145
34269,0.001129,74.125.200.0-255,5738,102747,61,295145
34270,0.001133,172.31.40.0-255,66,102813,61,295145
34271,0.001143,172.31.40.0-255,66,102879,61,295145
34272,0.001162,74.125.200.0-255,1484,104363,61,295145
34273,0.001174,172.31.40.0-255,66,104429,61,295145
34274,0.001193,74.125.200.0-255,1484,105913,61,295145
34275,0.001197,74.125.200.0-255,2184,108097,61,295145
34276,0.001199,172.31.40.0-255,66,108163,61,295145
34277,0.001256,74.125.200.0-255,1484,109647,61,295145
34278,0.001261,74.125.200.0-255,2902,112549,61,295145
34279,0.001264,172.31.40.0-255,66,112615,61,295145
34280,0.001293,74.125.200.0-255,5738,118353,61,295145
34281,0.001295,172.31.40.0-255,66,118419,61,295145
34282,0.001302,74.125.200.0-255,5738,124157,61,295145
34283,0.001304,172.31.40.0-255,66,124223,61,295145
34284,0.001329,74.125.200.0-255,1484,125707,61,295145
34285,0.001333,74.125.200.0-255,1484,127191,61,295145
34286,0.001335,172.31.40.0-255,66,127257,61,295145
34287,0.001376,172.31.40.0-255,66,127323,61,295145
34288,0.001432,74.125.200.0-255,6438,133761,61,295145
34289,0.001435,172.31.40.0-255,66,133827,61,295145
34290,0.001586,74.125.200.0-255,1484,135311,61,295145
34291,0.0016,74.125.200.0-255,2902,138213,61,295145
34292,0.001604,172.31.40.0-255,66,138279,61,295145
34293,0.001609,74.125.200.0-255,2902,141181,61,295145
34294,0.001611,172.31.40.0-255,66,141247,61,295145
34295,0.001631,74.125.200.0-255,2902,144149,61,295145
34296,0.001634,172.31.40.0-255,66,144215,61,295145
34297,0.001637,74.125.200.0-255,1484,145699,61,295145
34298,0.001667,74.125.200.0-255,2902,148601,61,295145
34299,0.00167,172.31.40.0-255,66,148667,61,295145
34300,0.001676,74.125.200.0-255,5738,154405,61,295145
34301,0.001679,172.31.40.0-255,66,154471,61,295145
34302,0.00169,172.31.40.0-255,66,154537,61,295145
34303,0.001714,74.125.200.0-255,2902,157439,61,295145
34304,0.001717,172.31.40.0-255,66,157505,61,295145
34305,0.001721,74.125.200.0-255,2184,159689,61,295145
34306,0.001723,172.31.40.0-255,66,159755,61,295145
34307,0.00225,74.125.200.0-255,1484,161239,61,295145
34308,0.002266,74.125.200.0-255,1484,162723,61,295145
34309,0.002269,172.31.40.0-255,66,162789,61,295145
34310,0.0023,74.125.200.0-255,4320,167109,61,295145
34311,0.002302,172.31.40.0-255,66,167175,61,295145
34312,0.002308,74.125.200.0-255,4320,171495,61,295145
34313,0.00231,172.31.40.0-255,66,171561,61,295145
34314,0.002316,74.125.200.0-255,4320,175881,61,295145
34315,0.002317,172.31.40.0-255,66,175947,61,295145
34316,0.002347,74.125.200.0-255,1484,177431,61,295145
34317,0.00235,74.125.200.0-255,1484,178915,61,295145
34318,0.002353,172.31.40.0-255,66,178981,61,295145
34319,0.002358,74.125.200.0-255,2902,181883,61,295145
34320,0.00236,172.31.40.0-255,66,181949,61,295145
34321,0.002393,74.125.200.0-255,2902,184851,61,295145
34322,0.002395,172.31.40.0-255,66,184917,61,295145
34323,0.002402,74.125.200.0-255,5738,190655,61,295145
34324,0.002404,172.31.40.0-255,66,190721,61,295145
34325,0.002432,74.125.200.0-255,2902,193623,61,295145
34326,0.002435,172.31.40.0-255,66,193689,61,295145
34327,0.002478,172.31.40.0-255,66,193755,61,295145
34328,0.002488,74.125.200.0-255,4320,198075,61,295145
34329,0.002491,172.31.40.0-255,66,198141,61,295145
34330,0.002496,74.125.200.0-255,4320,202461,61,295145
34331,0.002498,172.31.40.0-255,66,202527,61,295145
34332,0.002539,172.31.40.0-255,66,202593,61,295145
34333,0.002546,74.125.200.0-255,5020,207613,61,295145
34334,0.002548,172.31.40.0-255,66,207679,61,295145
34335,0.002555,74.125.200.0-255,5738,213417,61,295145
34336,0.002557,172.31.40.0-255,66,213483,61,295145
34337,0.002562,74.125.200.0-255,2902,216385,61,295145
34338,0.002564,172.31.40.0-255,66,216451,61,295145
34339,0.002598,74.125.200.0-255,7156,223607,61,295145
34340,0.002601,172.31.40.0-255,66,223673,61,295145
34341,0.002614,172.31.40.0-255,66,223739,61,295145
34342,0.00262,74.125.200.0-255,4320,228059,61,295145
34343,0.002622,172.31.40.0-255,66,228125,61,295145
34344,0.002652,74.125.200.0-255,2184,230309,61,295145
34345,0.002655,172.31.40.0-255,66,230375,61,295145
34346,0.002662,74.125.200.0-255,7156,237531,61,295145
34347,0.002664,172.31.40.0-255,66,237597,61,295145
34348,0.002684,74.125.200.0-255,1484,239081,61,295145
34349,0.002704,74.125.200.0-255,2902,241983,61,295145
34350,0.002707,172.31.40.0-255,66,242049,61,295145
34351,0.00271,74.125.200.0-255,1484,243533,61,295145
34352,0.002738,74.125.200.0-255,2902,246435,61,295145
34353,0.002741,172.31.40.0-255,66,246501,61,295145
34354,0.002745,74.125.200.0-255,2902,249403,61,295145
34355,0.002747,172.31.40.0-255,66,249469,61,295145
34356,0.002764,74.125.200.0-255,1484,250953,61,295145
34357,0.002768,74.125.200.0-255,1484,252437,61,295145
34358,0.00277,172.31.40.0-255,66,252503,61,295145
34359,0.002774,74.125.200.0-255,2902,255405,61,295145
34360,0.002776,172.31.40.0-255,66,255471,61,295145
34361,0.002814,74.125.200.0-255,5738,261209,61,295145
34362,0.002817,172.31.40.0-255,66,261275,61,295145
34363,0.002822,74.125.200.0-255,3602,264877,61,295145
34364,0.002824,172.31.40.0-255,66,264943,61,295145
34365,0.002829,74.125.200.0-255,4320,269263,61,295145
34366,0.002831,172.31.40.0-255,66,269329,61,295145
34367,0.002897,74.125.200.0-255,7156,276485,61,295145
34368,0.0029,172.31.40.0-255,66,276551,61,295145
34369,0.002922,74.125.200.0-255,2902,279453,61,295145
34370,0.002925,172.31.40.0-255,66,279519,61,295145
34371,0.002931,74.125.200.0-255,4320,283839,61,295145
34372,0.002933,172.31.40.0-255,66,283905,61,295145
34373,0.002949,172.31.40.0-255,66,283971,61,295145
34374,0.002952,74.125.200.0-255,1484,285455,61,295145
34375,0.003,172.31.40.0-255,66,285521,61,295145
34376,0.003006,74.125.200.0-255,5738,291259,61,295145
34377,0.003008,172.31.40.0-255,66,291325,61,295145
34378,0.003037,74.125.200.0-255,2617,293942,61,295145
34379,0.003055,172.31.40.0-255,66,294008,61,295145
34380,0.003059,74.125.200.0-255,105,294113,61,295145
34381,0.003085,74.125.200.0-255,129,294242,61,295145
34382,0.012843,74.125.200.0-255,129,294371,61,295145
34383,0.012862,172.31.40.0-255,78,294449,61,295145
34384,0.013891,172.31.40.0-255,105,294554,61,295145
34385,0.013924,172.31.40.0-255,105,294659,61,295145
34386,0.014165,172.31.40.0-255,90,294749,61,295145
34387,0.014176,172.31.40.0-255,66,294815,61,295145
34388,0.016101,74.125.200.0-255,66,294881,61,295145
34389,0.016135,74.125.200.0-255,66,294947,61,295145
34390,0.016364,74.125.200.0-255,66,295013,61,295145
34391,0.016397,74.125.200.0-255,66,295079,61,295145
34392,0.016405,172.31.40.0-255,66,295145,61,295145
34393,0.0,74.125.200.0-255,150,150,61,242103
34394,1.9e-05,172.31.40.0-255,66,216,61,242103
34395,2.6e-05,74.125.200.0-255,1484,1700,61,242103
34396,3.1e-05,172.31.40.0-255,66,1766,61,242103
34397,3.4e-05,74.125.200.0-255,1484,3250,61,242103
34398,4.4e-05,172.31.40.0-255,66,3316,61,242103
34399,5e-05,74.125.200.0-255,2902,6218,61,242103
34400,5.4e-05,172.31.40.0-255,66,6284,61,242103
34401,6e-05,74.125.200.0-255,5738,12022,61,242103
34402,6.3e-05,172.31.40.0-255,66,12088,61,242103
34403,0.000104,74.125.200.0-255,6302,18390,61,242103
34404,0.000107,172.31.40.0-255,66,18456,61,242103
34405,0.000115,74.125.200.0-255,7156,25612,61,242103
34406,0.000118,172.31.40.0-255,66,25678,61,242103
34407,0.000148,74.125.200.0-255,5379,31057,61,242103
34408,0.000151,172.31.40.0-255,66,31123,61,242103
34409,0.000177,74.125.200.0-255,1484,32607,61,242103
34410,0.00018,172.31.40.0-255,66,32673,61,242103
34411,0.000203,74.125.200.0-255,2902,35575,61,242103
34412,0.000205,172.31.40.0-255,66,35641,61,242103
34413,0.000232,74.125.200.0-255,5738,41379,61,242103
34414,0.000234,172.31.40.0-255,66,41445,61,242103
34415,0.000238,74.125.200.0-255,1484,42929,61,242103
34416,0.000239,172.31.40.0-255,66,42995,61,242103
34417,0.000275,74.125.200.0-255,5379,48374,61,242103
34418,0.000277,172.31.40.0-255,66,48440,61,242103
34419,0.000545,74.125.200.0-255,1484,49924,61,242103
34420,0.00055,172.31.40.0-255,66,49990,61,242103
34421,0.000556,74.125.200.0-255,2902,52892,61,242103
34422,0.000557,172.31.40.0-255,66,52958,61,242103
34423,0.000564,74.125.200.0-255,4320,57278,61,242103
34424,0.000572,172.31.40.0-255,66,57344,61,242103
34425,0.0006,74.125.200.0-255,1484,58828,61,242103
34426,0.000608,74.125.200.0-255,6797,65625,61,242103
34427,0.000611,172.31.40.0-255,66,65691,61,242103
34428,0.000636,74.125.200.0-255,1484,67175,61,242103
34429,0.00064,74.125.200.0-255,2902,70077,61,242103
34430,0.000643,172.31.40.0-255,66,70143,61,242103
34431,0.000672,74.125.200.0-255,5738,75881,61,242103
34432,0.000674,172.31.40.0-255,66,75947,61,242103
34433,0.000679,74.125.200.0-255,2902,78849,61,242103
34434,0.000681,172.31.40.0-255,66,78915,61,242103
34435,0.000709,74.125.200.0-255,4541,83456,61,242103
34436,0.000714,172.31.40.0-255,66,83522,61,242103
34437,0.000741,74.125.200.0-255,5738,89260,61,242103
34438,0.000743,172.31.40.0-255,66,89326,61,242103
34439,0.000771,74.125.200.0-255,7156,96482,61,242103
34440,0.000775,172.31.40.0-255,66,96548,61,242103
34441,0.000803,74.125.200.0-255,3961,100509,61,242103
34442,0.000806,172.31.40.0-255,66,100575,61,242103
34443,0.002874,74.125.200.0-255,1484,102059,61,242103
34444,0.002886,74.125.200.0-255,2902,104961,61,242103
34445,0.002891,172.31.40.0-255,66,105027,61,242103
34446,0.002897,74.125.200.0-255,1484,106511,61,242103
34447,0.004883,74.125.200.0-255,4320,110831,61,242103
34448,0.004887,172.31.40.0-255,66,110897,61,242103
34449,0.006891,74.125.200.0-255,5738,116635,61,242103
34450,0.006898,172.31.40.0-255,66,116701,61,242103
34451,0.00888,74.125.200.0-255,5738,122439,61,242103
34452,0.008887,172.31.40.0-255,66,122505,61,242103
34453,0.010875,74.125.200.0-255,5738,128243,61,242103
34454,0.010883,172.31.40.0-255,66,128309,61,242103
34455,0.012871,74.125.200.0-255,5738,134047,61,242103
34456,0.012879,172.31.40.0-255,66,134113,61,242103
34457,0.014861,74.125.200.0-255,5738,139851,61,242103
34458,0.014867,172.31.40.0-255,66,139917,61,242103
34459,0.016862,74.125.200.0-255,5738,145655,61,242103
34460,0.016869,172.31.40.0-255,66,145721,61,242103
34461,0.018864,74.125.200.0-255,5738,151459,61,242103
34462,0.018871,172.31.40.0-255,66,151525,61,242103
34463,0.020853,74.125.200.0-255,5738,157263,61,242103
34464,0.020861,172.31.40.0-255,66,157329,61,242103
34465,0.022839,74.125.200.0-255,2902,160231,61,242103
34466,0.022845,172.31.40.0-255,66,160297,61,242103
34467,0.022874,74.125.200.0-255,2902,163199,61,242103
34468,0.022877,172.31.40.0-255,66,163265,61,242103
34469,0.023891,172.31.40.0-255,167,163432,61,242103
34470,0.023924,172.31.40.0-255,1116,164548,61,242103
34471,0.023981,172.31.40.0-255,1514,166062,61,242103
34472,0.023983,172.31.40.0-255,325,166387,61,242103
34473,0.024837,74.125.200.0-255,2902,169289,61,242103
34474,0.024844,172.31.40.0-255,66,169355,61,242103
34475,0.024873,74.125.200.0-255,2902,172257,61,242103
34476,0.024876,172.31.40.0-255,66,172323,61,242103
34477,0.026183,104.244.42.0-255,66,172389,61,242103
34478,0.026825,74.125.200.0-255,1484,173873,61,242103
34479,0.026863,74.125.200.0-255,4320,178193,61,242103
34480,0.026869,172.31.40.0-255,66,178259,61,242103
34481,0.028865,74.125.200.0-255,5738,183997,61,242103
34482,0.028871,172.31.40.0-255,66,184063,61,242103
34483,0.030866,74.125.200.0-255,5738,189801,61,242103
34484,0.030873,172.31.40.0-255,66,189867,61,242103
34485,0.032877,74.125.200.0-255,5738,195605,61,242103
34486,0.032884,172.31.40.0-255,66,195671,61,242103
34487,0.034872,74.125.200.0-255,5738,201409,61,242103
34488,0.034879,172.31.40.0-255,66,201475,61,242103
34489,0.036875,74.125.200.0-255,5738,207213,61,242103
34490,0.036881,172.31.40.0-255,66,207279,61,242103
34491,0.038878,74.125.200.0-255,5738,213017,61,242103
34492,0.038885,172.31.40.0-255,66,213083,61,242103
34493,0.040873,74.125.200.0-255,5738,218821,61,242103
34494,0.040879,172.31.40.0-255,66,218887,61,242103
34495,0.042872,74.125.200.0-255,5738,224625,61,242103
34496,0.042879,172.31.40.0-255,66,224691,61,242103
34497,0.044884,74.125.200.0-255,5738,230429,61,242103
34498,0.04489,172.31.40.0-255,66,230495,61,242103
34499,0.04689,74.125.200.0-255,5738,236233,61,242103
34500,0.046897,172.31.40.0-255,66,236299,61,242103
34501,0.048894,74.125.200.0-255,5738,242037,61,242103
34502,0.0489,172.31.40.0-255,66,242103,61,242103
34503,0.0,74.125.24.0-255,296,296,61,250105
34504,1.6e-05,172.31.40.0-255,66,362,61,250105
34505,2.2e-05,74.125.24.0-255,1484,1846,61,250105
34506,2.7e-05,172.31.40.0-255,66,1912,61,250105
34507,3.4e-05,74.125.24.0-255,4320,6232,61,250105
34508,3.8e-05,172.31.40.0-255,66,6298,61,250105
34509,6.2e-05,74.125.24.0-255,4320,10618,61,250105
34510,6.5e-05,172.31.40.0-255,66,10684,61,250105
34511,8.7e-05,74.125.24.0-255,3265,13949,61,250105
34512,8.9e-05,172.31.40.0-255,66,14015,61,250105
34513,0.000233,74.125.24.0-255,1484,15499,61,250105
34514,0.000238,172.31.40.0-255,66,15565,61,250105
34515,0.000244,74.125.24.0-255,2902,18467,61,250105
34516,0.000246,172.31.40.0-255,66,18533,61,250105
34517,0.000265,74.125.24.0-255,4320,22853,61,250105
34518,0.000268,172.31.40.0-255,66,22919,61,250105
34519,0.000289,74.125.24.0-255,1484,24403,61,250105
34520,0.000291,172.31.40.0-255,66,24469,61,250105
34521,0.000297,74.125.24.0-255,4320,28789,61,250105
34522,0.0003,172.31.40.0-255,66,28855,61,250105
34523,0.000303,74.125.24.0-255,1484,30339,61,250105
34524,0.000305,172.31.40.0-255,66,30405,61,250105
34525,0.00035,172.31.40.0-255,66,30471,61,250105
34526,0.000358,74.125.24.0-255,7156,37627,61,250105
34527,0.00036,172.31.40.0-255,66,37693,61,250105
34528,0.000363,74.125.24.0-255,1484,39177,61,250105
34529,0.000365,172.31.40.0-255,66,39243,61,250105
34530,0.000401,172.31.40.0-255,66,39309,61,250105
34531,0.000403,74.125.24.0-255,359,39668,61,250105
34532,0.000405,172.31.40.0-255,66,39734,61,250105
34533,0.000435,74.125.24.0-255,135,39869,61,250105
34534,0.000608,74.125.24.0-255,1484,41353,61,250105
34535,0.000613,172.31.40.0-255,66,41419,61,250105
34536,0.000619,74.125.24.0-255,2902,44321,61,250105
34537,0.000621,172.31.40.0-255,66,44387,61,250105
34538,0.000637,74.125.24.0-255,5738,50125,61,250105
34539,0.000639,172.31.40.0-255,66,50191,61,250105
34540,0.000663,74.125.24.0-255,4320,54511,61,250105
34541,0.000665,172.31.40.0-255,66,54577,61,250105
34542,0.000689,172.31.40.0-255,66,54643,61,250105
34543,0.000728,74.125.24.0-255,5738,60381,61,250105
34544,0.000731,172.31.40.0-255,66,60447,61,250105
34545,0.00075,74.125.24.0-255,5020,65467,61,250105
34546,0.000753,172.31.40.0-255,66,65533,61,250105
34547,0.000846,74.125.24.0-255,1484,67017,61,250105
34548,0.000867,74.125.24.0-255,2902,69919,61,250105
34549,0.00087,172.31.40.0-255,66,69985,61,250105
34550,0.000893,74.125.24.0-255,5738,75723,61,250105
34551,0.000896,172.31.40.0-255,66,75789,61,250105
34552,0.000914,74.125.24.0-255,4320,80109,61,250105
34553,0.000916,172.31.40.0-255,66,80175,61,250105
34554,0.000951,172.31.40.0-255,66,80241,61,250105
34555,0.000956,74.125.24.0-255,4320,84561,61,250105
34556,0.000958,172.31.40.0-255,66,84627,61,250105
34557,0.000997,74.125.24.0-255,4320,88947,61,250105
34558,0.001002,172.31.40.0-255,66,89013,61,250105
34559,0.00101,74.125.24.0-255,2184,91197,61,250105
34560,0.001012,172.31.40.0-255,66,91263,61,250105
34561,0.001112,74.125.24.0-255,1484,92747,61,250105
34562,0.001117,74.125.24.0-255,2902,95649,61,250105
34563,0.00112,172.31.40.0-255,66,95715,61,250105
34564,0.001124,74.125.24.0-255,1484,97199,61,250105
34565,0.001142,74.125.24.0-255,4320,101519,61,250105
34566,0.001144,172.31.40.0-255,66,101585,61,250105
34567,0.001149,74.125.24.0-255,2902,104487,61,250105
34568,0.001151,172.31.40.0-255,66,104553,61,250105
34569,0.001186,172.31.40.0-255,66,104619,61,250105
34570,0.0012,172.31.40.0-255,66,104685,61,250105
34571,0.00127,172.31.40.0-255,66,104751,61,250105
34572,0.001276,172.31.40.0-255,66,104817,61,250105
34573,0.00136,74.125.24.0-255,1484,106301,61,250105
34574,0.001431,74.125.24.0-255,2902,109203,61,250105
34575,0.001439,74.125.24.0-255,5738,114941,61,250105
34576,0.001467,172.31.40.0-255,66,115007,61,250105
34577,0.00147,74.125.24.0-255,1484,116491,61,250105
34578,0.001476,74.125.24.0-255,4320,120811,61,250105
34579,0.001486,172.31.40.0-255,66,120877,61,250105
34580,0.001491,74.125.24.0-255,2902,123779,61,250105
34581,0.001507,74.125.24.0-255,3602,127381,61,250105
34582,0.001528,172.31.40.0-255,66,127447,61,250105
34583,0.001596,74.125.24.0-255,1484,128931,61,250105
34584,0.001613,74.125.24.0-255,2902,131833,61,250105
34585,0.001616,172.31.40.0-255,66,131899,61,250105
34586,0.001623,74.125.24.0-255,5738,137637,61,250105
34587,0.001645,74.125.24.0-255,5738,143375,61,250105
34588,0.001663,74.125.24.0-255,2902,146277,61,250105
34589,0.001678,172.31.40.0-255,66,146343,61,250105
34590,0.001704,74.125.24.0-255,5020,151363,61,250105
34591,0.001707,74.125.24.0-255,1484,152847,61,250105
34592,0.001713,172.31.40.0-255,66,152913,61,250105
34593,0.001728,74.125.24.0-255,4320,157233,61,250105
34594,0.001743,74.125.24.0-255,4320,161553,61,250105
34595,0.001754,172.31.40.0-255,66,161619,61,250105
34596,0.001768,74.125.24.0-255,5738,167357,61,250105
34597,0.001777,74.125.24.0-255,7156,174513,61,250105
34598,0.001796,172.31.40.0-255,66,174579,61,250105
34599,0.001803,74.125.24.0-255,4320,178899,61,250105
34600,0.001808,74.125.24.0-255,5738,184637,61,250105
34601,0.001814,172.31.40.0-255,66,184703,61,250105
34602,0.001821,74.125.24.0-255,766,185469,61,250105
34603,0.001823,74.125.24.0-255,1484,186953,61,250105
34604,0.001839,74.125.24.0-255,4320,191273,61,250105
34605,0.001854,74.125.24.0-255,1484,192757,61,250105
34606,0.001861,74.125.24.0-255,7156,199913,61,250105
34607,0.001874,74.125.24.0-255,5738,205651,61,250105
34608,0.00188,74.125.24.0-255,7156,212807,61,250105
34609,0.001884,172.31.40.0-255,66,212873,61,250105
34610,0.001896,74.125.24.0-255,6438,219311,61,250105
34611,0.0019,74.125.24.0-255,4320,223631,61,250105
34612,0.001915,74.125.24.0-255,7156,230787,61,250105
34613,0.001918,172.31.40.0-255,66,230853,61,250105
34614,0.001929,74.125.24.0-255,5738,236591,61,250105
34615,0.001949,74.125.24.0-255,7156,243747,61,250105
34616,0.001961,74.125.24.0-255,1484,245231,61,250105
34617,0.002025,74.125.24.0-255,2902,248133,61,250105
34618,0.00203,172.31.40.0-255,66,248199,61,250105
34619,0.002086,172.31.40.0-255,66,248265,61,250105
34620,0.002101,74.125.24.0-255,1214,249479,61,250105
34621,0.004122,74.125.24.0-255,105,249584,61,250105
34622,0.011993,74.125.24.0-255,105,249689,61,250105
34623,0.012015,172.31.40.0-255,78,249767,61,250105
34624,0.017033,172.31.40.0-255,101,249868,61,250105
34625,0.019069,74.125.24.0-255,66,249934,61,250105
34626,0.019268,172.31.40.0-255,105,250039,61,250105
34627,0.021298,74.125.24.0-255,66,250105,61,250105
34628,0.0,74.125.200.0-255,153,153,61,286573
34629,2.2e-05,172.31.40.0-255,66,219,61,286573
34630,2.9e-05,74.125.200.0-255,1484,1703,61,286573
34631,3.4e-05,172.31.40.0-255,66,1769,61,286573
34632,4e-05,74.125.200.0-255,2902,4671,61,286573
34633,4.3e-05,172.31.40.0-255,66,4737,61,286573
34634,4.8e-05,74.125.200.0-255,2902,7639,61,286573
34635,5.1e-05,172.31.40.0-255,66,7705,61,286573
34636,5.7e-05,74.125.200.0-255,4320,12025,61,286573
34637,6e-05,172.31.40.0-255,66,12091,61,286573
34638,9.1e-05,74.125.200.0-255,1940,14031,61,286573
34639,9.3e-05,172.31.40.0-255,66,14097,61,286573
34640,0.000183,74.125.200.0-255,1484,15581,61,286573
34641,0.000186,172.31.40.0-255,66,15647,61,286573
34642,0.00019,74.125.200.0-255,1484,17131,61,286573
34643,0.000192,172.31.40.0-255,66,17197,61,286573
34644,0.000206,74.125.200.0-255,1484,18681,61,286573
34645,0.000209,172.31.40.0-255,66,18747,61,286573
34646,0.000216,74.125.200.0-255,5738,24485,61,286573
34647,0.000218,172.31.40.0-255,66,24551,61,286573
34648,0.00025,74.125.200.0-255,6797,31348,61,286573
34649,0.000253,172.31.40.0-255,66,31414,61,286573
34650,0.00028,74.125.200.0-255,7156,38570,61,286573
34651,0.000283,172.31.40.0-255,66,38636,61,286573
34652,0.000287,74.125.200.0-255,2902,41538,61,286573
34653,0.000289,172.31.40.0-255,66,41604,61,286573
34654,0.000339,74.125.200.0-255,4320,45924,61,286573
34655,0.000342,172.31.40.0-255,66,45990,61,286573
34656,0.000361,74.125.200.0-255,2543,48533,61,286573
34657,0.000363,172.31.40.0-255,66,48599,61,286573
34658,0.000368,74.125.200.0-255,2902,51501,61,286573
34659,0.000371,172.31.40.0-255,66,51567,61,286573
34660,0.000389,74.125.200.0-255,4320,55887,61,286573
34661,0.000392,172.31.40.0-255,66,55953,61,286573
34662,0.000397,74.125.200.0-255,4320,60273,61,286573
34663,0.000399,172.31.40.0-255,66,60339,61,286573
34664,0.000438,74.125.200.0-255,2902,63241,61,286573
34665,0.000441,172.31.40.0-255,66,63307,61,286573
34666,0.000459,74.125.200.0-255,2853,66160,61,286573
34667,0.000462,172.31.40.0-255,66,66226,61,286573
34668,0.000478,74.125.200.0-255,108,66334,61,286573
34669,0.000599,74.125.200.0-255,334,66668,61,286573
34670,0.000957,74.125.200.0-255,1484,68152,61,286573
34671,0.000965,172.31.40.0-255,66,68218,61,286573
34672,0.000971,74.125.200.0-255,2902,71120,61,286573
34673,0.000974,172.31.40.0-255,66,71186,61,286573
34674,0.000978,74.125.200.0-255,2902,74088,61,286573
34675,0.00098,172.31.40.0-255,66,74154,61,286573
34676,0.000986,74.125.200.0-255,4320,78474,61,286573
34677,0.000988,172.31.40.0-255,66,78540,61,286573
34678,0.000991,74.125.200.0-255,1484,80024,61,286573
34679,0.001023,74.125.200.0-255,7156,87180,61,286573
34680,0.001026,172.31.40.0-255,66,87246,61,286573
34681,0.001031,74.125.200.0-255,2902,90148,61,286573
34682,0.001033,172.31.40.0-255,66,90214,61,286573
34683,0.001055,74.125.200.0-255,7156,97370,61,286573
34684,0.001057,172.31.40.0-255,66,97436,61,286573
34685,0.001071,74.125.200.0-255,1484,98920,61,286573
34686,0.001083,74.125.200.0-255,2184,101104,61,286573
34687,0.001085,172.31.40.0-255,66,101170,61,286573
34688,0.001454,74.125.200.0-255,1484,102654,61,286573
34689,0.001475,74.125.200.0-255,2902,105556,61,286573
34690,0.00148,172.31.40.0-255,66,105622,61,286573
34691,0.001485,74.125.200.0-255,1484,107106,61,286573
34692,0.001506,74.125.200.0-255,4320,111426,61,286573
34693,0.00151,172.31.40.0-255,66,111492,61,286573
34694,0.001514,74.125.200.0-255,2902,114394,61,286573
34695,0.001516,172.31.40.0-255,66,114460,61,286573
34696,0.001522,74.125.200.0-255,5738,120198,61,286573
34697,0.001549,74.125.200.0-255,4320,124518,61,286573
34698,0.001745,74.125.200.0-255,1484,126002,61,286573
34699,0.001767,74.125.200.0-255,2902,128904,61,286573
34700,0.001785,74.125.200.0-255,1484,130388,61,286573
34701,0.001802,74.125.200.0-255,2902,133290,61,286573
34702,0.001805,74.125.200.0-255,1484,134774,61,286573
34703,0.001825,74.125.200.0-255,4320,139094,61,286573
34704,0.001841,74.125.200.0-255,7156,146250,61,286573
34705,0.001905,74.125.200.0-255,1484,147734,61,286573
34706,0.001932,74.125.200.0-255,2184,149918,61,286573
34707,0.002267,74.125.200.0-255,1484,151402,61,286573
34708,0.002275,74.125.200.0-255,2902,154304,61,286573
34709,0.002289,74.125.200.0-255,1484,155788,61,286573
34710,0.002293,172.31.40.0-255,66,155854,61,286573
34711,0.002308,74.125.200.0-255,1484,157338,61,286573
34712,0.002329,74.125.200.0-255,1484,158822,61,286573
34713,0.002336,74.125.200.0-255,5738,164560,61,286573
34714,0.002341,172.31.40.0-255,66,164626,61,286573
34715,0.002352,172.31.40.0-255,66,164692,61,286573
34716,0.004641,74.125.200.0-255,5738,170430,61,286573
34717,0.004648,172.31.40.0-255,66,170496,61,286573
34718,0.006926,74.125.200.0-255,5738,176234,61,286573
34719,0.006929,172.31.40.0-255,66,176300,61,286573
34720,0.009205,74.125.200.0-255,5738,182038,61,286573
34721,0.009212,172.31.40.0-255,66,182104,61,286573
34722,0.011496,74.125.200.0-255,5738,187842,61,286573
34723,0.011504,172.31.40.0-255,66,187908,61,286573
34724,0.013792,74.125.200.0-255,5738,193646,61,286573
34725,0.013801,172.31.40.0-255,66,193712,61,286573
34726,0.016094,74.125.200.0-255,5738,199450,61,286573
34727,0.016102,172.31.40.0-255,66,199516,61,286573
34728,0.018389,74.125.200.0-255,5738,205254,61,286573
34729,0.018398,172.31.40.0-255,66,205320,61,286573
34730,0.02067,74.125.200.0-255,4320,209640,61,286573
34731,0.020679,172.31.40.0-255,66,209706,61,286573
34732,0.020698,74.125.200.0-255,1484,211190,61,286573
34733,0.022973,74.125.200.0-255,4320,215510,61,286573
34734,0.022981,172.31.40.0-255,66,215576,61,286573
34735,0.025266,74.125.200.0-255,5738,221314,61,286573
34736,0.025272,172.31.40.0-255,66,221380,61,286573
34737,0.02755,74.125.200.0-255,5738,227118,61,286573
34738,0.027558,172.31.40.0-255,66,227184,61,286573
34739,0.029858,74.125.200.0-255,5738,232922,61,286573
34740,0.029865,172.31.40.0-255,66,232988,61,286573
34741,0.032165,74.125.200.0-255,5738,238726,61,286573
34742,0.032182,172.31.40.0-255,66,238792,61,286573
34743,0.034484,74.125.200.0-255,5738,244530,61,286573
34744,0.0345,172.31.40.0-255,66,244596,61,286573
34745,0.036787,74.125.200.0-255,5738,250334,61,286573
34746,0.036805,172.31.40.0-255,66,250400,61,286573
34747,0.039105,74.125.200.0-255,5738,256138,61,286573
34748,0.039135,172.31.40.0-255,66,256204,61,286573
34749,0.040763,172.31.40.0-255,172,256376,61,286573
34750,0.040809,172.31.40.0-255,1119,257495,61,286573
34751,0.041164,172.31.40.0-255,1514,259009,61,286573
34752,0.041167,172.31.40.0-255,1514,260523,61,286573
34753,0.041173,172.31.40.0-255,1514,262037,61,286573
34754,0.041174,172.31.40.0-255,1056,263093,61,286573
34755,0.041406,74.125.200.0-255,5738,268831,61,286573
34756,0.041415,172.31.40.0-255,66,268897,61,286573
34757,0.042351,104.244.42.0-255,66,268963,61,286573
34758,0.042473,104.244.42.0-255,66,269029,61,286573
34759,0.042729,104.244.42.0-255,66,269095,61,286573
34760,0.042736,104.244.42.0-255,66,269161,61,286573
34761,0.043703,74.125.200.0-255,5738,274899,61,286573
34762,0.043711,172.31.40.0-255,66,274965,61,286573
34763,0.046021,74.125.200.0-255,5738,280703,61,286573
34764,0.046038,172.31.40.0-255,66,280769,61,286573
34765,0.048334,74.125.200.0-255,5738,286507,61,286573
34766,0.048348,172.31.40.0-255,66,286573,61,286573
34767,0.0,74.125.200.0-255,146,146,61,324550
34768,2e-05,172.31.40.0-255,66,212,61,324550
34769,2.7e-05,74.125.200.0-255,1484,1696,61,324550
34770,3.1e-05,172.31.40.0-255,66,1762,61,324550
34771,3.6e-05,74.125.200.0-255,2902,4664,61,324550
34772,3.9e-05,172.31.40.0-255,66,4730,61,324550
34773,4.5e-05,74.125.200.0-255,4320,9050,61,324550
34774,4.7e-05,172.31.40.0-255,66,9116,61,324550
34775,8.1e-05,74.125.200.0-255,4904,14020,61,324550
34776,8.3e-05,172.31.40.0-255,66,14086,61,324550
34777,0.000107,74.125.200.0-255,2902,16988,61,324550
34778,0.000109,172.31.40.0-255,66,17054,61,324550
34779,0.000125,74.125.200.0-255,2902,19956,61,324550
34780,0.000127,172.31.40.0-255,66,20022,61,324550
34781,0.000129,74.125.200.0-255,1484,21506,61,324550
34782,0.000131,172.31.40.0-255,66,21572,61,324550
34783,0.000136,74.125.200.0-255,2902,24474,61,324550
34784,0.000138,172.31.40.0-255,66,24540,61,324550
34785,0.000165,74.125.200.0-255,5738,30278,61,324550
34786,0.000167,172.31.40.0-255,66,30344,61,324550
34787,0.00017,74.125.200.0-255,1125,31469,61,324550
34788,0.000171,172.31.40.0-255,66,31535,61,324550
34789,0.000318,74.125.200.0-255,1484,33019,61,324550
34790,0.000322,172.31.40.0-255,66,33085,61,324550
34791,0.000327,74.125.200.0-255,2902,35987,61,324550
34792,0.000329,172.31.40.0-255,66,36053,61,324550
34793,0.00035,74.125.200.0-255,5738,41791,61,324550
34794,0.000353,172.31.40.0-255,66,41857,61,324550
34795,0.000355,74.125.200.0-255,1484,43341,61,324550
34796,0.000357,172.31.40.0-255,66,43407,61,324550
34797,0.000396,74.125.200.0-255,2902,46309,61,324550
34798,0.000398,172.31.40.0-255,66,46375,61,324550
34799,0.000401,74.125.200.0-255,1484,47859,61,324550
34800,0.000418,74.125.200.0-255,1125,48984,61,324550
34801,0.000419,172.31.40.0-255,66,49050,61,324550
34802,0.000451,74.125.200.0-255,1484,50534,61,324550
34803,0.000466,74.125.200.0-255,2902,53436,61,324550
34804,0.000468,172.31.40.0-255,66,53502,61,324550
34805,0.000493,74.125.200.0-255,5738,59240,61,324550
34806,0.000496,172.31.40.0-255,66,59306,61,324550
34807,0.000508,74.125.200.0-255,4320,63626,61,324550
34808,0.000511,172.31.40.0-255,66,63692,61,324550
34809,0.000527,74.125.200.0-255,2543,66235,61,324550
34810,0.00053,172.31.40.0-255,66,66301,61,324550
34811,0.000619,74.125.200.0-255,645,66946,61,324550
34812,0.000788,74.125.200.0-255,1484,68430,61,324550
34813,0.000791,172.31.40.0-255,66,68496,61,324550
34814,0.000806,74.125.200.0-255,2902,71398,61,324550
34815,0.000808,172.31.40.0-255,66,71464,61,324550
34816,0.000834,74.125.200.0-255,4320,75784,61,324550
34817,0.000837,172.31.40.0-255,66,75850,61,324550
34818,0.000854,74.125.200.0-255,1484,77334,61,324550
34819,0.000873,74.125.200.0-255,6249,83583,61,324550
34820,0.000876,172.31.40.0-255,66,83649,61,324550
34821,0.000998,74.125.200.0-255,1484,85133,61,324550
34822,0.001002,74.125.200.0-255,1484,86617,61,324550
34823,0.001005,172.31.40.0-255,66,86683,61,324550
34824,0.001027,74.125.200.0-255,2902,89585,61,324550
34825,0.00103,172.31.40.0-255,66,89651,61,324550
34826,0.001037,74.125.200.0-255,5738,95389,61,324550
34827,0.001039,172.31.40.0-255,66,95455,61,324550
34828,0.00106,74.125.200.0-255,2902,98357,61,324550
34829,0.001063,172.31.40.0-255,66,98423,61,324550
34830,0.00108,74.125.200.0-255,3961,102384,61,324550
34831,0.001082,172.31.40.0-255,66,102450,61,324550
34832,0.001091,74.125.200.0-255,5738,108188,61,324550
34833,0.001093,172.31.40.0-255,66,108254,61,324550
34834,0.001112,74.125.200.0-255,1484,109738,61,324550
34835,0.001118,74.125.200.0-255,4320,114058,61,324550
34836,0.00112,172.31.40.0-255,66,114124,61,324550
34837,0.001145,74.125.200.0-255,2902,117026,61,324550
34838,0.001149,172.31.40.0-255,66,117092,61,324550
34839,0.001151,74.125.200.0-255,1125,118217,61,324550
34840,0.001185,74.125.200.0-255,1484,119701,61,324550
34841,0.001188,74.125.200.0-255,1484,121185,61,324550
34842,0.001191,172.31.40.0-255,66,121251,61,324550
34843,0.001221,74.125.200.0-255,2902,124153,61,324550
34844,0.001224,172.31.40.0-255,66,124219,61,324550
34845,0.00123,74.125.200.0-255,4320,128539,61,324550
34846,0.001232,172.31.40.0-255,66,128605,61,324550
34847,0.001238,74.125.200.0-255,5738,134343,61,324550
34848,0.00124,172.31.40.0-255,66,134409,61,324550
34849,0.001277,74.125.200.0-255,1125,135534,61,324550
34850,0.001512,74.125.200.0-255,1484,137018,61,324550
34851,0.001515,172.31.40.0-255,66,137084,61,324550
34852,0.001521,74.125.200.0-255,2902,139986,61,324550
34853,0.001523,172.31.40.0-255,66,140052,61,324550
34854,0.001556,74.125.200.0-255,5738,145790,61,324550
34855,0.001561,172.31.40.0-255,66,145856,61,324550
34856,0.001589,74.125.200.0-255,6797,152653,61,324550
34857,0.001591,172.31.40.0-255,66,152719,61,324550
34858,0.001626,74.125.200.0-255,4320,157039,61,324550
34859,0.001629,172.31.40.0-255,66,157105,61,324550
34860,0.001632,74.125.200.0-255,1484,158589,61,324550
34861,0.00165,74.125.200.0-255,4320,162909,61,324550
34862,0.001653,172.31.40.0-255,66,162975,61,324550
34863,0.001668,74.125.200.0-255,2902,165877,61,324550
34864,0.001671,172.31.40.0-255,66,165943,61,324550
34865,0.001687,74.125.200.0-255,3961,169904,61,324550
34866,0.001689,172.31.40.0-255,66,169970,61,324550
34867,0.001714,74.125.200.0-255,1484,171454,61,324550
34868,0.001729,74.125.200.0-255,5738,177192,61,324550
34869,0.001732,172.31.40.0-255,66,177258,61,324550
34870,0.001758,172.31.40.0-255,66,177324,61,324550
34871,0.001761,74.125.200.0-255,1125,178449,61,324550
34872,0.002037,74.125.200.0-255,1484,179933,61,324550
34873,0.002042,172.31.40.0-255,66,179999,61,324550
34874,0.002046,74.125.200.0-255,2902,182901,61,324550
34875,0.002049,172.31.40.0-255,66,182967,61,324550
34876,0.002054,74.125.200.0-255,2902,185869,61,324550
34877,0.002055,172.31.40.0-255,66,185935,61,324550
34878,0.00208,74.125.200.0-255,2902,188837,61,324550
34879,0.002084,172.31.40.0-255,66,188903,61,324550
34880,0.002102,74.125.200.0-255,6797,195700,61,324550
34881,0.002104,172.31.40.0-255,66,195766,61,324550
34882,0.002298,74.125.200.0-255,1484,197250,61,324550
34883,0.002311,74.125.200.0-255,2902,200152,61,324550
34884,0.002314,172.31.40.0-255,66,200218,61,324550
34885,0.002335,74.125.200.0-255,4320,204538,61,324550
34886,0.002338,172.31.40.0-255,66,204604,61,324550
34887,0.002353,74.125.200.0-255,1484,206088,61,324550
34888,0.002361,74.125.200.0-255,5738,211826,61,324550
34889,0.002363,172.31.40.0-255,66,211892,61,324550
34890,0.002388,74.125.200.0-255,1484,213376,61,324550
34891,0.002394,74.125.200.0-255,4320,217696,61,324550
34892,0.002396,172.31.40.0-255,66,217762,61,324550
34893,0.002435,172.31.40.0-255,66,217828,61,324550
34894,0.002439,74.125.200.0-255,2184,220012,61,324550
34895,0.002441,172.31.40.0-255,66,220078,61,324550
34896,0.005001,74.125.200.0-255,5738,225816,61,324550
34897,0.00501,172.31.40.0-255,66,225882,61,324550
34898,0.00758,74.125.200.0-255,5738,231620,61,324550
34899,0.007592,172.31.40.0-255,66,231686,61,324550
34900,0.010171,74.125.200.0-255,5738,237424,61,324550
34901,0.01019,172.31.40.0-255,66,237490,61,324550
34902,0.012773,74.125.200.0-255,5738,243228,61,324550
34903,0.012788,172.31.40.0-255,66,243294,61,324550
34904,0.015359,74.125.200.0-255,5738,249032,61,324550
34905,0.015368,172.31.40.0-255,66,249098,61,324550
34906,0.017965,74.125.200.0-255,5738,254836,61,324550
34907,0.017979,172.31.40.0-255,66,254902,61,324550
34908,0.020556,74.125.200.0-255,5738,260640,61,324550
34909,0.020567,172.31.40.0-255,66,260706,61,324550
34910,0.023138,74.125.200.0-255,5738,266444,61,324550
34911,0.023147,172.31.40.0-255,66,266510,61,324550
34912,0.025712,74.125.200.0-255,5738,272248,61,324550
34913,0.025721,172.31.40.0-255,66,272314,61,324550
34914,0.028284,74.125.200.0-255,5738,278052,61,324550
34915,0.028294,172.31.40.0-255,66,278118,61,324550
34916,0.030877,74.125.200.0-255,5738,283856,61,324550
34917,0.030898,172.31.40.0-255,66,283922,61,324550
34918,0.033469,74.125.200.0-255,5738,289660,61,324550
34919,0.033483,172.31.40.0-255,66,289726,61,324550
34920,0.036055,74.125.200.0-255,5738,295464,61,324550
34921,0.036065,172.31.40.0-255,66,295530,61,324550
34922,0.038646,74.125.200.0-255,5738,301268,61,324550
34923,0.038658,172.31.40.0-255,66,301334,61,324550
34924,0.041256,74.125.200.0-255,5738,307072,61,324550
34925,0.041275,172.31.40.0-255,66,307138,61,324550
34926,0.043842,74.125.200.0-255,5738,312876,61,324550
34927,0.04385,172.31.40.0-255,66,312942,61,324550
34928,0.046428,74.125.200.0-255,5738,318680,61,324550
34929,0.046442,172.31.40.0-255,66,318746,61,324550
34930,0.049035,74.125.200.0-255,5738,324484,61,324550
34931,0.049055,172.31.40.0-255,66,324550,61,324550
34932,0.0,172.217.26.0-255,153,153,61,244861
34933,1.6e-05,172.31.40.0-255,66,219,61,244861
34934,2.2e-05,172.217.26.0-255,1484,1703,61,244861
34935,2.6e-05,172.31.40.0-255,66,1769,61,244861
34936,3.1e-05,172.217.26.0-255,2902,4671,61,244861
34937,3.3e-05,172.31.40.0-255,66,4737,61,244861
34938,4.6e-05,172.217.26.0-255,7156,11893,61,244861
34939,4.9e-05,172.31.40.0-255,66,11959,61,244861
34940,8e-05,172.217.26.0-255,1938,13897,61,244861
34941,8.2e-05,172.31.40.0-255,66,13963,61,244861
34942,0.000199,172.217.26.0-255,1484,15447,61,244861
34943,0.000203,172.31.40.0-255,66,15513,61,244861
34944,0.000206,172.217.26.0-255,1484,16997,61,244861
34945,0.000209,172.31.40.0-255,66,17063,61,244861
34946,0.000229,172.217.26.0-255,1484,18547,61,244861
34947,0.000231,172.31.40.0-255,66,18613,61,244861
34948,0.000241,172.217.26.0-255,5738,24351,61,244861
34949,0.000243,172.31.40.0-255,66,24417,61,244861
34950,0.00025,172.217.26.0-255,6797,31214,61,244861
34951,0.000252,172.31.40.0-255,66,31280,61,244861
34952,0.0003,172.217.26.0-255,1484,32764,61,244861
34953,0.000302,172.31.40.0-255,66,32830,61,244861
34954,0.000307,172.217.26.0-255,2902,35732,61,244861
34955,0.000309,172.31.40.0-255,66,35798,61,244861
34956,0.000336,172.217.26.0-255,5738,41536,61,244861
34957,0.000338,172.31.40.0-255,66,41602,61,244861
34958,0.000364,172.217.26.0-255,6797,48399,61,244861
34959,0.000366,172.31.40.0-255,66,48465,61,244861
34960,0.001095,172.217.26.0-255,1484,49949,61,244861
34961,0.001101,172.31.40.0-255,66,50015,61,244861
34962,0.00111,172.217.26.0-255,2902,52917,61,244861
34963,0.001111,172.31.40.0-255,66,52983,61,244861
34964,0.001114,172.217.26.0-255,1484,54467,61,244861
34965,0.00114,172.217.26.0-255,4320,58787,61,244861
34966,0.001142,172.31.40.0-255,66,58853,61,244861
34967,0.001167,172.217.26.0-255,1484,60337,61,244861
34968,0.001194,172.217.26.0-255,5712,66049,61,244861
34969,0.001196,172.31.40.0-255,66,66115,61,244861
34970,0.001703,172.217.26.0-255,344,66459,61,244861
34971,0.001861,172.217.26.0-255,1484,67943,61,244861
34972,0.001865,172.31.40.0-255,66,68009,61,244861
34973,0.001869,172.217.26.0-255,2902,70911,61,244861
34974,0.001871,172.31.40.0-255,66,70977,61,244861
34975,0.001906,172.217.26.0-255,5738,76715,61,244861
34976,0.001908,172.31.40.0-255,66,76781,61,244861
34977,0.001915,172.217.26.0-255,6797,83578,61,244861
34978,0.001916,172.31.40.0-255,66,83644,61,244861
34979,0.001921,172.217.26.0-255,4320,87964,61,244861
34980,0.001927,172.31.40.0-255,66,88030,61,244861
34981,0.001957,172.217.26.0-255,2902,90932,61,244861
34982,0.001959,172.31.40.0-255,66,90998,61,244861
34983,0.001964,172.217.26.0-255,5738,96736,61,244861
34984,0.001966,172.31.40.0-255,66,96802,61,244861
34985,0.001987,172.217.26.0-255,3961,100763,61,244861
34986,0.001989,172.31.40.0-255,66,100829,61,244861
34987,0.003895,172.217.26.0-255,1484,102313,61,244861
34988,0.003921,172.217.26.0-255,4320,106633,61,244861
34989,0.003926,172.31.40.0-255,66,106699,61,244861
34990,0.00586,172.217.26.0-255,5738,112437,61,244861
34991,0.005864,172.31.40.0-255,66,112503,61,244861
34992,0.007814,172.217.26.0-255,5738,118241,61,244861
34993,0.007821,172.31.40.0-255,66,118307,61,244861
34994,0.00979,172.217.26.0-255,5738,124045,61,244861
34995,0.009797,172.31.40.0-255,66,124111,61,244861
34996,0.011751,172.217.26.0-255,5738,129849,61,244861
34997,0.011758,172.31.40.0-255,66,129915,61,244861
34998,0.013704,172.217.26.0-255,5738,135653,61,244861
34999,0.013711,172.31.40.0-255,66,135719,61,244861
35000,0.015659,172.217.26.0-255,5738,141457,61,244861
35001,0.015666,172.31.40.0-255,66,141523,61,244861
35002,0.017611,172.217.26.0-255,5738,147261,61,244861
35003,0.01762,172.31.40.0-255,66,147327,61,244861
35004,0.019562,172.217.26.0-255,5738,153065,61,244861
35005,0.019569,172.31.40.0-255,66,153131,61,244861
35006,0.021514,172.217.26.0-255,5738,158869,61,244861
35007,0.021521,172.31.40.0-255,66,158935,61,244861
35008,0.02347,172.217.26.0-255,5738,164673,61,244861
35009,0.023478,172.31.40.0-255,66,164739,61,244861
35010,0.025431,172.217.26.0-255,5738,170477,61,244861
35011,0.025439,172.31.40.0-255,66,170543,61,244861
35012,0.027393,172.217.26.0-255,5738,176281,61,244861
35013,0.027401,172.31.40.0-255,66,176347,61,244861
35014,0.029152,172.31.40.0-255,167,176514,61,244861
35015,0.02918,172.31.40.0-255,1119,177633,61,244861
35016,0.029229,172.31.40.0-255,1514,179147,61,244861
35017,0.029231,172.31.40.0-255,1276,180423,61,244861
35018,0.029341,172.217.26.0-255,5738,186161,61,244861
35019,0.029346,172.31.40.0-255,66,186227,61,244861
35020,0.030705,104.244.42.0-255,66,186293,61,244861
35021,0.030754,104.244.42.0-255,66,186359,61,244861
35022,0.030795,104.244.42.0-255,66,186425,61,244861
35023,0.031289,172.217.26.0-255,5738,192163,61,244861
35024,0.031294,172.31.40.0-255,66,192229,61,244861
35025,0.033234,172.217.26.0-255,5738,197967,61,244861
35026,0.033239,172.31.40.0-255,66,198033,61,244861
35027,0.035175,172.217.26.0-255,2902,200935,61,244861
35028,0.035181,172.31.40.0-255,66,201001,61,244861
35029,0.03521,172.217.26.0-255,2902,203903,61,244861
35030,0.035212,172.31.40.0-255,66,203969,61,244861
35031,0.037117,172.217.26.0-255,2902,206871,61,244861
35032,0.037124,172.31.40.0-255,66,206937,61,244861
35033,0.037151,172.217.26.0-255,2902,209839,61,244861
35034,0.037154,172.31.40.0-255,66,209905,61,244861
35035,0.039078,172.217.26.0-255,2902,212807,61,244861
35036,0.039084,172.31.40.0-255,66,212873,61,244861
35037,0.039112,172.217.26.0-255,2902,215775,61,244861
35038,0.039114,172.31.40.0-255,66,215841,61,244861
35039,0.041416,172.217.26.0-255,5738,221579,61,244861
35040,0.041422,172.31.40.0-255,66,221645,61,244861
35041,0.04336,172.217.26.0-255,5738,227383,61,244861
35042,0.043369,172.31.40.0-255,66,227449,61,244861
35043,0.045321,172.217.26.0-255,5738,233187,61,244861
35044,0.045328,172.31.40.0-255,66,233253,61,244861
35045,0.047282,172.217.26.0-255,5738,238991,61,244861
35046,0.0473,172.31.40.0-255,66,239057,61,244861
35047,0.049247,172.217.26.0-255,5738,244795,61,244861
35048,0.049252,172.31.40.0-255,66,244861,61,244861
35049,0.0,74.125.24.0-255,152,152,61,274246
35050,2.5e-05,172.31.40.0-255,66,218,61,274246
35051,3.1e-05,74.125.24.0-255,1484,1702,61,274246
35052,3.6e-05,172.31.40.0-255,66,1768,61,274246
35053,4.1e-05,74.125.24.0-255,2902,4670,61,274246
35054,5e-05,172.31.40.0-255,66,4736,61,274246
35055,5.8e-05,74.125.24.0-255,7156,11892,61,274246
35056,6.1e-05,172.31.40.0-255,66,11958,61,274246
35057,0.00012,172.31.40.0-255,66,12024,61,274246
35058,0.000125,74.125.24.0-255,2543,14567,61,274246
35059,0.000127,172.31.40.0-255,66,14633,61,274246
35060,0.000174,74.125.24.0-255,1484,16117,61,274246
35061,0.000176,172.31.40.0-255,66,16183,61,274246
35062,0.000207,74.125.24.0-255,2902,19085,61,274246
35063,0.00021,172.31.40.0-255,66,19151,61,274246
35064,0.000216,74.125.24.0-255,5738,24889,61,274246
35065,0.000219,172.31.40.0-255,66,24955,61,274246
35066,0.00025,172.31.40.0-255,66,25021,61,274246
35067,0.000256,74.125.24.0-255,5738,30759,61,274246
35068,0.000258,172.31.40.0-255,66,30825,61,274246
35069,0.000289,74.125.24.0-255,4320,35145,61,274246
35070,0.000291,172.31.40.0-255,66,35211,61,274246
35071,0.000297,74.125.24.0-255,4258,39469,61,274246
35072,0.000299,172.31.40.0-255,66,39535,61,274246
35073,0.000378,74.125.24.0-255,380,39915,61,274246
35074,0.000381,172.31.40.0-255,66,39981,61,274246
35075,0.000483,74.125.24.0-255,1484,41465,61,274246
35076,0.000487,172.31.40.0-255,66,41531,61,274246
35077,0.000492,74.125.24.0-255,2902,44433,61,274246
35078,0.000494,172.31.40.0-255,66,44499,61,274246
35079,0.000497,74.125.24.0-255,1484,45983,61,274246
35080,0.000522,74.125.24.0-255,4320,50303,61,274246
35081,0.000524,172.31.40.0-255,66,50369,61,274246
35082,0.000555,74.125.24.0-255,6797,57166,61,274246
35083,0.000557,172.31.40.0-255,66,57232,61,274246
35084,0.000809,74.125.24.0-255,1484,58716,61,274246
35085,0.000815,74.125.24.0-255,2902,61618,61,274246
35086,0.000817,74.125.24.0-255,1484,63102,61,274246
35087,0.000827,172.31.40.0-255,66,63168,61,274246
35088,0.000835,74.125.24.0-255,4320,67488,61,274246
35089,0.000838,172.31.40.0-255,66,67554,61,274246
35090,0.000849,74.125.24.0-255,5738,73292,61,274246
35091,0.000851,172.31.40.0-255,66,73358,61,274246
35092,0.000859,74.125.24.0-255,7156,80514,61,274246
35093,0.000862,172.31.40.0-255,66,80580,61,274246
35094,0.000911,172.31.40.0-255,66,80646,61,274246
35095,0.001071,74.125.24.0-255,1484,82130,61,274246
35096,0.001076,74.125.24.0-255,1484,83614,61,274246
35097,0.001078,172.31.40.0-255,66,83680,61,274246
35098,0.001105,74.125.24.0-255,1484,85164,61,274246
35099,0.001112,74.125.24.0-255,5738,90902,61,274246
35100,0.001115,172.31.40.0-255,66,90968,61,274246
35101,0.001144,172.31.40.0-255,66,91034,61,274246
35102,0.001167,74.125.24.0-255,2902,93936,61,274246
35103,0.001169,172.31.40.0-255,66,94002,61,274246
35104,0.001175,74.125.24.0-255,5738,99740,61,274246
35105,0.001177,172.31.40.0-255,66,99806,61,274246
35106,0.001205,74.125.24.0-255,5020,104826,61,274246
35107,0.001208,172.31.40.0-255,66,104892,61,274246
35108,0.001248,74.125.24.0-255,2902,107794,61,274246
35109,0.001251,172.31.40.0-255,66,107860,61,274246
35110,0.001257,74.125.24.0-255,4320,112180,61,274246
35111,0.001259,172.31.40.0-255,66,112246,61,274246
35112,0.001296,172.31.40.0-255,66,112312,61,274246
35113,0.001301,74.125.24.0-255,4320,116632,61,274246
35114,0.001303,172.31.40.0-255,66,116698,61,274246
35115,0.001315,74.125.24.0-255,5738,122436,61,274246
35116,0.001318,172.31.40.0-255,66,122502,61,274246
35117,0.001356,172.31.40.0-255,66,122568,61,274246
35118,0.001401,74.125.24.0-255,1484,124052,61,274246
35119,0.001423,74.125.24.0-255,2902,126954,61,274246
35120,0.001426,172.31.40.0-255,66,127020,61,274246
35121,0.001429,74.125.24.0-255,1484,128504,61,274246
35122,0.001456,74.125.24.0-255,4320,132824,61,274246
35123,0.001459,172.31.40.0-255,66,132890,61,274246
35124,0.001463,74.125.24.0-255,2902,135792,61,274246
35125,0.001465,172.31.40.0-255,66,135858,61,274246
35126,0.001508,172.31.40.0-255,66,135924,61,274246
35127,0.001525,172.31.40.0-255,66,135990,61,274246
35128,0.001599,74.125.24.0-255,1484,137474,61,274246
35129,0.001612,74.125.24.0-255,2902,140376,61,274246
35130,0.001614,172.31.40.0-255,66,140442,61,274246
35131,0.001643,74.125.24.0-255,5738,146180,61,274246
35132,0.001646,172.31.40.0-255,66,146246,61,274246
35133,0.001681,172.31.40.0-255,66,146312,61,274246
35134,0.00171,74.125.24.0-255,5738,152050,61,274246
35135,0.001714,172.31.40.0-255,66,152116,61,274246
35136,0.001756,172.31.40.0-255,66,152182,61,274246
35137,0.002057,74.125.24.0-255,1484,153666,61,274246
35138,0.002061,74.125.24.0-255,1484,155150,61,274246
35139,0.002064,172.31.40.0-255,66,155216,61,274246
35140,0.00209,74.125.24.0-255,1484,156700,61,274246
35141,0.002096,74.125.24.0-255,5738,162438,61,274246
35142,0.002099,172.31.40.0-255,66,162504,61,274246
35143,0.002131,74.125.24.0-255,7156,169660,61,274246
35144,0.002133,172.31.40.0-255,66,169726,61,274246
35145,0.002143,172.31.40.0-255,66,169792,61,274246
35146,0.00218,172.31.40.0-255,66,169858,61,274246
35147,0.002192,172.31.40.0-255,66,169924,61,274246
35148,0.002218,74.125.24.0-255,7156,177080,61,274246
35149,0.002221,172.31.40.0-255,66,177146,61,274246
35150,0.002247,172.31.40.0-255,66,177212,61,274246
35151,0.002299,74.125.24.0-255,1484,178696,61,274246
35152,0.002323,74.125.24.0-255,2902,181598,61,274246
35153,0.002326,172.31.40.0-255,66,181664,61,274246
35154,0.002333,74.125.24.0-255,5738,187402,61,274246
35155,0.002335,172.31.40.0-255,66,187468,61,274246
35156,0.002344,74.125.24.0-255,2902,190370,61,274246
35157,0.002346,172.31.40.0-255,66,190436,61,274246
35158,0.002389,172.31.40.0-255,66,190502,61,274246
35159,0.002393,74.125.24.0-255,2902,193404,61,274246
35160,0.002396,172.31.40.0-255,66,193470,61,274246
35161,0.00468,74.125.24.0-255,2902,196372,61,274246
35162,0.004688,172.31.40.0-255,66,196438,61,274246
35163,0.004719,74.125.24.0-255,2902,199340,61,274246
35164,0.004722,172.31.40.0-255,66,199406,61,274246
35165,0.006966,74.125.24.0-255,2902,202308,61,274246
35166,0.006974,172.31.40.0-255,66,202374,61,274246
35167,0.007019,74.125.24.0-255,2902,205276,61,274246
35168,0.007021,172.31.40.0-255,66,205342,61,274246
35169,0.009279,74.125.24.0-255,2902,208244,61,274246
35170,0.009285,172.31.40.0-255,66,208310,61,274246
35171,0.009324,74.125.24.0-255,1484,209794,61,274246
35172,0.009338,74.125.24.0-255,1484,211278,61,274246
35173,0.00934,172.31.40.0-255,66,211344,61,274246
35174,0.011601,74.125.24.0-255,2902,214246,61,274246
35175,0.011609,172.31.40.0-255,66,214312,61,274246
35176,0.011653,74.125.24.0-255,2902,217214,61,274246
35177,0.011656,172.31.40.0-255,66,217280,61,274246
35178,0.013912,74.125.24.0-255,2902,220182,61,274246
35179,0.013922,172.31.40.0-255,66,220248,61,274246
35180,0.013967,74.125.24.0-255,2902,223150,61,274246
35181,0.01397,172.31.40.0-255,66,223216,61,274246
35182,0.016238,74.125.24.0-255,2902,226118,61,274246
35183,0.016244,172.31.40.0-255,66,226184,61,274246
35184,0.016283,74.125.24.0-255,2902,229086,61,274246
35185,0.016285,172.31.40.0-255,66,229152,61,274246
35186,0.018558,74.125.24.0-255,2902,232054,61,274246
35187,0.018567,172.31.40.0-255,66,232120,61,274246
35188,0.018601,74.125.24.0-255,2902,235022,61,274246
35189,0.018603,172.31.40.0-255,66,235088,61,274246
35190,0.020884,74.125.24.0-255,5738,240826,61,274246
35191,0.020892,172.31.40.0-255,66,240892,61,274246
35192,0.023204,74.125.24.0-255,5738,246630,61,274246
35193,0.023211,172.31.40.0-255,66,246696,61,274246
35194,0.025562,74.125.24.0-255,5738,252434,61,274246
35195,0.025572,172.31.40.0-255,66,252500,61,274246
35196,0.027875,74.125.24.0-255,5738,258238,61,274246
35197,0.027889,172.31.40.0-255,66,258304,61,274246
35198,0.030209,74.125.24.0-255,5738,264042,61,274246
35199,0.030216,172.31.40.0-255,66,264108,61,274246
35200,0.032551,74.125.24.0-255,5738,269846,61,274246
35201,0.032558,172.31.40.0-255,66,269912,61,274246
35202,0.034877,74.125.24.0-255,4097,274009,61,274246
35203,0.034885,172.31.40.0-255,66,274075,61,274246
35204,0.035082,172.31.40.0-255,105,274180,61,274246
35205,0.03734,74.125.24.0-255,66,274246,61,274246
35206,0.0,172.31.40.0-255,105,105,61,276
35207,0.001803,157.240.13.0-255,105,210,61,276
35208,0.001826,172.31.40.0-255,66,276,61,276
35209,0.0,74.125.24.0-255,152,152,61,243063
35210,1.4e-05,172.31.40.0-255,66,218,61,243063
35211,2.1e-05,74.125.24.0-255,1484,1702,61,243063
35212,2.5e-05,172.31.40.0-255,66,1768,61,243063
35213,3.1e-05,74.125.24.0-255,2902,4670,61,243063
35214,3.3e-05,172.31.40.0-255,66,4736,61,243063
35215,4.8e-05,74.125.24.0-255,7156,11892,61,243063
35216,5.1e-05,172.31.40.0-255,66,11958,61,243063
35217,5.5e-05,74.125.24.0-255,2017,13975,61,243063
35218,5.9e-05,172.31.40.0-255,66,14041,61,243063
35219,6.5e-05,74.125.24.0-255,4320,18361,61,243063
35220,6.8e-05,172.31.40.0-255,66,18427,61,243063
35221,0.000101,74.125.24.0-255,7156,25583,61,243063
35222,0.000108,172.31.40.0-255,66,25649,61,243063
35223,0.000115,74.125.24.0-255,5379,31028,61,243063
35224,0.000118,172.31.40.0-255,66,31094,61,243063
35225,0.00014,74.125.24.0-255,1484,32578,61,243063
35226,0.000146,172.31.40.0-255,66,32644,61,243063
35227,0.000165,74.125.24.0-255,2902,35546,61,243063
35228,0.000168,172.31.40.0-255,66,35612,61,243063
35229,0.000174,74.125.24.0-255,5738,41350,61,243063
35230,0.000177,172.31.40.0-255,66,41416,61,243063
35231,0.00018,74.125.24.0-255,2902,44318,61,243063
35232,0.000182,172.31.40.0-255,66,44384,61,243063
35233,0.000211,74.125.24.0-255,1484,45868,61,243063
35234,0.000213,172.31.40.0-255,66,45934,61,243063
35235,0.00022,74.125.24.0-255,5738,51672,61,243063
35236,0.000223,172.31.40.0-255,66,51738,61,243063
35237,0.000259,74.125.24.0-255,5738,57476,61,243063
35238,0.000262,172.31.40.0-255,66,57542,61,243063
35239,0.000277,172.31.40.0-255,66,57608,61,243063
35240,0.00028,74.125.24.0-255,130,57738,61,243063
35241,0.000431,74.125.24.0-255,1484,59222,61,243063
35242,0.000436,172.31.40.0-255,66,59288,61,243063
35243,0.000442,74.125.24.0-255,2902,62190,61,243063
35244,0.000444,172.31.40.0-255,66,62256,61,243063
35245,0.000449,74.125.24.0-255,2902,65158,61,243063
35246,0.000451,172.31.40.0-255,66,65224,61,243063
35247,0.000483,74.125.24.0-255,2902,68126,61,243063
35248,0.000486,172.31.40.0-255,66,68192,61,243063
35249,0.0005,172.31.40.0-255,66,68258,61,243063
35250,0.000512,74.125.24.0-255,7156,75414,61,243063
35251,0.000514,172.31.40.0-255,66,75480,61,243063
35252,0.000559,74.125.24.0-255,3882,79362,61,243063
35253,0.000561,172.31.40.0-255,66,79428,61,243063
35254,0.000782,74.125.24.0-255,1484,80912,61,243063
35255,0.0008,74.125.24.0-255,2902,83814,61,243063
35256,0.000805,172.31.40.0-255,66,83880,61,243063
35257,0.000809,74.125.24.0-255,2902,86782,61,243063
35258,0.000812,172.31.40.0-255,66,86848,61,243063
35259,0.000843,74.125.24.0-255,2902,89750,61,243063
35260,0.000846,172.31.40.0-255,66,89816,61,243063
35261,0.000861,172.31.40.0-255,66,89882,61,243063
35262,0.000869,74.125.24.0-255,1484,91366,61,243063
35263,0.000911,74.125.24.0-255,7156,98522,61,243063
35264,0.000915,172.31.40.0-255,66,98588,61,243063
35265,0.000941,74.125.24.0-255,2184,100772,61,243063
35266,0.000943,172.31.40.0-255,66,100838,61,243063
35267,0.000959,74.125.24.0-255,5738,106576,61,243063
35268,0.000962,172.31.40.0-255,66,106642,61,243063
35269,0.000992,74.125.24.0-255,1484,108126,61,243063
35270,0.001004,172.31.40.0-255,66,108192,61,243063
35271,0.001026,172.31.40.0-255,66,108258,61,243063
35272,0.001028,74.125.24.0-255,766,109024,61,243063
35273,0.001161,74.125.24.0-255,1484,110508,61,243063
35274,0.001165,172.31.40.0-255,66,110574,61,243063
35275,0.00117,74.125.24.0-255,2902,113476,61,243063
35276,0.001173,172.31.40.0-255,66,113542,61,243063
35277,0.001194,74.125.24.0-255,2902,116444,61,243063
35278,0.001197,172.31.40.0-255,66,116510,61,243063
35279,0.001228,74.125.24.0-255,2902,119412,61,243063
35280,0.001232,172.31.40.0-255,66,119478,61,243063
35281,0.001238,74.125.24.0-255,5738,125216,61,243063
35282,0.00124,172.31.40.0-255,66,125282,61,243063
35283,0.001243,74.125.24.0-255,1484,126766,61,243063
35284,0.00128,172.31.40.0-255,66,126832,61,243063
35285,0.001287,74.125.24.0-255,5020,131852,61,243063
35286,0.001289,172.31.40.0-255,66,131918,61,243063
35287,0.001327,74.125.24.0-255,1484,133402,61,243063
35288,0.001332,74.125.24.0-255,2902,136304,61,243063
35289,0.001335,172.31.40.0-255,66,136370,61,243063
35290,0.001363,74.125.24.0-255,5738,142108,61,243063
35291,0.001366,172.31.40.0-255,66,142174,61,243063
35292,0.001372,74.125.24.0-255,5738,147912,61,243063
35293,0.001388,172.31.40.0-255,66,147978,61,243063
35294,0.001397,74.125.24.0-255,7156,155134,61,243063
35295,0.0014,172.31.40.0-255,66,155200,61,243063
35296,0.001432,74.125.24.0-255,5738,160938,61,243063
35297,0.001435,172.31.40.0-255,66,161004,61,243063
35298,0.001451,74.125.24.0-255,5020,166024,61,243063
35299,0.001453,172.31.40.0-255,66,166090,61,243063
35300,0.001563,74.125.24.0-255,1484,167574,61,243063
35301,0.00157,74.125.24.0-255,2902,170476,61,243063
35302,0.001574,172.31.40.0-255,66,170542,61,243063
35303,0.001581,74.125.24.0-255,5738,176280,61,243063
35304,0.001583,172.31.40.0-255,66,176346,61,243063
35305,0.001651,74.125.24.0-255,7156,183502,61,243063
35306,0.001655,172.31.40.0-255,66,183568,61,243063
35307,0.001682,74.125.24.0-255,5738,189306,61,243063
35308,0.001685,172.31.40.0-255,66,189372,61,243063
35309,0.001701,172.31.40.0-255,66,189438,61,243063
35310,0.001704,74.125.24.0-255,766,190204,61,243063
35311,0.001707,74.125.24.0-255,1484,191688,61,243063
35312,0.001709,172.31.40.0-255,66,191754,61,243063
35313,0.001713,74.125.24.0-255,2902,194656,61,243063
35314,0.001716,172.31.40.0-255,66,194722,61,243063
35315,0.001753,74.125.24.0-255,5738,200460,61,243063
35316,0.001757,172.31.40.0-255,66,200526,61,243063
35317,0.001771,172.31.40.0-255,66,200592,61,243063
35318,0.001777,74.125.24.0-255,7156,207748,61,243063
35319,0.001779,172.31.40.0-255,66,207814,61,243063
35320,0.001819,74.125.24.0-255,4320,212134,61,243063
35321,0.001821,172.31.40.0-255,66,212200,61,243063
35322,0.001872,172.31.40.0-255,66,212266,61,243063
35323,0.001879,74.125.24.0-255,7156,219422,61,243063
35324,0.001881,172.31.40.0-255,66,219488,61,243063
35325,0.001937,172.31.40.0-255,66,219554,61,243063
35326,0.001961,172.31.40.0-255,66,219620,61,243063
35327,0.001968,74.125.24.0-255,6438,226058,61,243063
35328,0.001971,172.31.40.0-255,66,226124,61,243063
35329,0.001985,172.31.40.0-255,66,226190,61,243063
35330,0.002036,172.31.40.0-255,66,226256,61,243063
35331,0.002042,74.125.24.0-255,5020,231276,61,243063
35332,0.002044,172.31.40.0-255,66,231342,61,243063
35333,0.002059,172.31.40.0-255,66,231408,61,243063
35334,0.002089,74.125.24.0-255,3310,234718,61,243063
35335,0.002091,172.31.40.0-255,66,234784,61,243063
35336,0.004015,74.125.24.0-255,105,234889,61,243063
35337,0.01408,172.31.40.0-255,66,234955,61,243063
35338,0.014129,172.31.40.0-255,105,235060,61,243063
35339,0.016082,74.125.24.0-255,66,235126,61,243063
35340,0.045719,172.31.40.0-255,172,235298,61,243063
35341,0.045751,172.31.40.0-255,1116,236414,61,243063
35342,0.045817,172.31.40.0-255,1514,237928,61,243063
35343,0.045819,172.31.40.0-255,1514,239442,61,243063
35344,0.04582,172.31.40.0-255,1514,240956,61,243063
35345,0.045821,172.31.40.0-255,1514,242470,61,243063
35346,0.045822,172.31.40.0-255,527,242997,61,243063
35347,0.047934,104.244.42.0-255,66,243063,61,243063
35348,0.0,172.31.40.0-255,66,66,61,66
35349,0.0,74.125.24.0-255,151,151,61,283183
35350,1.6e-05,172.31.40.0-255,66,217,61,283183
35351,2.3e-05,74.125.24.0-255,1484,1701,61,283183
35352,2.9e-05,172.31.40.0-255,66,1767,61,283183
35353,3.4e-05,74.125.24.0-255,2902,4669,61,283183
35354,3.8e-05,172.31.40.0-255,66,4735,61,283183
35355,4.6e-05,74.125.24.0-255,7156,11891,61,283183
35356,4.9e-05,172.31.40.0-255,66,11957,61,283183
35357,5.3e-05,74.125.24.0-255,2015,13972,61,283183
35358,5.6e-05,172.31.40.0-255,66,14038,61,283183
35359,0.000131,74.125.24.0-255,1484,15522,61,283183
35360,0.000134,172.31.40.0-255,66,15588,61,283183
35361,0.00014,74.125.24.0-255,2902,18490,61,283183
35362,0.000142,172.31.40.0-255,66,18556,61,283183
35363,0.000148,74.125.24.0-255,4320,22876,61,283183
35364,0.000151,172.31.40.0-255,66,22942,61,283183
35365,0.000174,74.125.24.0-255,1484,24426,61,283183
35366,0.000176,172.31.40.0-255,66,24492,61,283183
35367,0.000182,74.125.24.0-255,4320,28812,61,283183
35368,0.000184,172.31.40.0-255,66,28878,61,283183
35369,0.000203,74.125.24.0-255,1484,30362,61,283183
35370,0.000205,172.31.40.0-255,66,30428,61,283183
35371,0.000224,74.125.24.0-255,1125,31553,61,283183
35372,0.000227,172.31.40.0-255,66,31619,61,283183
35373,0.000261,74.125.24.0-255,2902,34521,61,283183
35374,0.000264,172.31.40.0-255,66,34587,61,283183
35375,0.000267,74.125.24.0-255,1484,36071,61,283183
35376,0.000269,172.31.40.0-255,66,36137,61,283183
35377,0.000276,74.125.24.0-255,5738,41875,61,283183
35378,0.000278,172.31.40.0-255,66,41941,61,283183
35379,0.00033,172.31.40.0-255,66,42007,61,283183
35380,0.000335,74.125.24.0-255,2902,44909,61,283183
35381,0.000337,172.31.40.0-255,66,44975,61,283183
35382,0.000358,74.125.24.0-255,7072,52047,61,283183
35383,0.000361,172.31.40.0-255,66,52113,61,283183
35384,0.000465,74.125.24.0-255,135,52248,61,283183
35385,0.000582,74.125.24.0-255,1484,53732,61,283183
35386,0.000588,172.31.40.0-255,66,53798,61,283183
35387,0.000593,74.125.24.0-255,2902,56700,61,283183
35388,0.000595,172.31.40.0-255,66,56766,61,283183
35389,0.000598,74.125.24.0-255,1484,58250,61,283183
35390,0.000614,74.125.24.0-255,4320,62570,61,283183
35391,0.000617,172.31.40.0-255,66,62636,61,283183
35392,0.000624,74.125.24.0-255,6797,69433,61,283183
35393,0.000627,172.31.40.0-255,66,69499,61,283183
35394,0.000644,74.125.24.0-255,2902,72401,61,283183
35395,0.000646,172.31.40.0-255,66,72467,61,283183
35396,0.000667,172.31.40.0-255,66,72533,61,283183
35397,0.000671,74.125.24.0-255,2796,75329,61,283183
35398,0.000675,172.31.40.0-255,66,75395,61,283183
35399,0.000947,74.125.24.0-255,1484,76879,61,283183
35400,0.000954,74.125.24.0-255,2902,79781,61,283183
35401,0.000957,172.31.40.0-255,66,79847,61,283183
35402,0.000995,74.125.24.0-255,5738,85585,61,283183
35403,0.001002,74.125.24.0-255,7156,92741,61,283183
35404,0.001013,172.31.40.0-255,66,92807,61,283183
35405,0.001016,172.31.40.0-255,66,92873,61,283183
35406,0.001023,74.125.24.0-255,4320,97193,61,283183
35407,0.001025,172.31.40.0-255,66,97259,61,283183
35408,0.001054,172.31.40.0-255,66,97325,61,283183
35409,0.00106,74.125.24.0-255,2184,99509,61,283183
35410,0.001078,172.31.40.0-255,66,99575,61,283183
35411,0.001293,74.125.24.0-255,1484,101059,61,283183
35412,0.001301,74.125.24.0-255,2902,103961,61,283183
35413,0.001305,172.31.40.0-255,66,104027,61,283183
35414,0.001312,74.125.24.0-255,5738,109765,61,283183
35415,0.001315,172.31.40.0-255,66,109831,61,283183
35416,0.001318,74.125.24.0-255,1484,111315,61,283183
35417,0.001339,74.125.24.0-255,7156,118471,61,283183
35418,0.001342,172.31.40.0-255,66,118537,61,283183
35419,0.001379,74.125.24.0-255,4320,122857,61,283183
35420,0.001382,172.31.40.0-255,66,122923,61,283183
35421,0.001419,172.31.40.0-255,66,122989,61,283183
35422,0.001606,74.125.24.0-255,1484,124473,61,283183
35423,0.001614,74.125.24.0-255,2902,127375,61,283183
35424,0.001619,172.31.40.0-255,66,127441,61,283183
35425,0.001625,74.125.24.0-255,4320,131761,61,283183
35426,0.001628,172.31.40.0-255,66,131827,61,283183
35427,0.001642,74.125.24.0-255,1484,133311,61,283183
35428,0.001645,74.125.24.0-255,1484,134795,61,283183
35429,0.001647,172.31.40.0-255,66,134861,61,283183
35430,0.001658,172.31.40.0-255,66,134927,61,283183
35431,0.001686,74.125.24.0-255,2902,137829,61,283183
35432,0.00169,172.31.40.0-255,66,137895,61,283183
35433,0.001724,172.31.40.0-255,66,137961,61,283183
35434,0.001811,74.125.24.0-255,1484,139445,61,283183
35435,0.001817,74.125.24.0-255,2902,142347,61,283183
35436,0.00182,172.31.40.0-255,66,142413,61,283183
35437,0.001838,74.125.24.0-255,4320,146733,61,283183
35438,0.001841,172.31.40.0-255,66,146799,61,283183
35439,0.001866,74.125.24.0-255,1484,148283,61,283183
35440,0.001874,74.125.24.0-255,7156,155439,61,283183
35441,0.001877,172.31.40.0-255,66,155505,61,283183
35442,0.001891,172.31.40.0-255,66,155571,61,283183
35443,0.001895,74.125.24.0-255,2184,157755,61,283183
35444,0.001897,172.31.40.0-255,66,157821,61,283183
35445,0.004207,74.125.24.0-255,5738,163559,61,283183
35446,0.004214,172.31.40.0-255,66,163625,61,283183
35447,0.006547,74.125.24.0-255,5738,169363,61,283183
35448,0.006553,172.31.40.0-255,66,169429,61,283183
35449,0.008879,74.125.24.0-255,5738,175167,61,283183
35450,0.008886,172.31.40.0-255,66,175233,61,283183
35451,0.01122,74.125.24.0-255,5738,180971,61,283183
35452,0.011228,172.31.40.0-255,66,181037,61,283183
35453,0.013551,74.125.24.0-255,5738,186775,61,283183
35454,0.013558,172.31.40.0-255,66,186841,61,283183
35455,0.015903,74.125.24.0-255,5738,192579,61,283183
35456,0.015912,172.31.40.0-255,66,192645,61,283183
35457,0.018248,74.125.24.0-255,5738,198383,61,283183
35458,0.018257,172.31.40.0-255,66,198449,61,283183
35459,0.020602,74.125.24.0-255,5738,204187,61,283183
35460,0.020611,172.31.40.0-255,66,204253,61,283183
35461,0.022914,74.125.24.0-255,5738,209991,61,283183
35462,0.022921,172.31.40.0-255,66,210057,61,283183
35463,0.025292,74.125.24.0-255,5738,215795,61,283183
35464,0.025298,172.31.40.0-255,66,215861,61,283183
35465,0.027611,74.125.24.0-255,5738,221599,61,283183
35466,0.027621,172.31.40.0-255,66,221665,61,283183
35467,0.029925,74.125.24.0-255,2902,224567,61,283183
35468,0.029932,172.31.40.0-255,66,224633,61,283183
35469,0.02994,74.125.24.0-255,2902,227535,61,283183
35470,0.029943,172.31.40.0-255,66,227601,61,283183
35471,0.032252,74.125.24.0-255,2902,230503,61,283183
35472,0.03226,172.31.40.0-255,66,230569,61,283183
35473,0.032284,74.125.24.0-255,2902,233471,61,283183
35474,0.032287,172.31.40.0-255,66,233537,61,283183
35475,0.034596,74.125.24.0-255,5738,239275,61,283183
35476,0.034602,172.31.40.0-255,66,239341,61,283183
35477,0.036926,74.125.24.0-255,5738,245079,61,283183
35478,0.036932,172.31.40.0-255,66,245145,61,283183
35479,0.039263,74.125.24.0-255,5738,250883,61,283183
35480,0.039271,172.31.40.0-255,66,250949,61,283183
35481,0.041555,172.31.40.0-255,167,251116,61,283183
35482,0.041597,74.125.24.0-255,5738,256854,61,283183
35483,0.041603,172.31.40.0-255,66,256920,61,283183
35484,0.04162,172.31.40.0-255,1119,258039,61,283183
35485,0.041697,172.31.40.0-255,1514,259553,61,283183
35486,0.041698,172.31.40.0-255,1514,261067,61,283183
35487,0.0417,172.31.40.0-255,1514,262581,61,283183
35488,0.041705,172.31.40.0-255,1514,264095,61,283183
35489,0.041706,172.31.40.0-255,1478,265573,61,283183
35490,0.043092,104.244.42.0-255,66,265639,61,283183
35491,0.043189,104.244.42.0-255,66,265705,61,283183
35492,0.043335,104.244.42.0-255,66,265771,61,283183
35493,0.043952,74.125.24.0-255,5738,271509,61,283183
35494,0.043957,172.31.40.0-255,66,271575,61,283183
35495,0.046312,74.125.24.0-255,5738,277313,61,283183
35496,0.046319,172.31.40.0-255,66,277379,61,283183
35497,0.04866,74.125.24.0-255,5738,283117,61,283183
35498,0.048667,172.31.40.0-255,66,283183,61,283183
35499,0.0,74.125.24.0-255,153,153,61,276647
35500,1.7e-05,172.31.40.0-255,66,219,61,276647
35501,2.4e-05,74.125.24.0-255,1484,1703,61,276647
35502,2.8e-05,172.31.40.0-255,66,1769,61,276647
35503,3.3e-05,74.125.24.0-255,2902,4671,61,276647
35504,3.6e-05,172.31.40.0-255,66,4737,61,276647
35505,4.4e-05,74.125.24.0-255,7156,11893,61,276647
35506,4.7e-05,172.31.40.0-255,66,11959,61,276647
35507,5.1e-05,74.125.24.0-255,2115,14074,61,276647
35508,5.5e-05,172.31.40.0-255,66,14140,61,276647
35509,9.6e-05,74.125.24.0-255,1484,15624,61,276647
35510,9.8e-05,172.31.40.0-255,66,15690,61,276647
35511,0.000103,74.125.24.0-255,2902,18592,61,276647
35512,0.000105,172.31.40.0-255,66,18658,61,276647
35513,0.000111,74.125.24.0-255,4320,22978,61,276647
35514,0.000114,172.31.40.0-255,66,23044,61,276647
35515,0.000135,74.125.24.0-255,1484,24528,61,276647
35516,0.000138,172.31.40.0-255,66,24594,61,276647
35517,0.000142,74.125.24.0-255,2902,27496,61,276647
35518,0.000144,172.31.40.0-255,66,27562,61,276647
35519,0.00016,74.125.24.0-255,3961,31523,61,276647
35520,0.000175,172.31.40.0-255,66,31589,61,276647
35521,0.000198,74.125.24.0-255,1484,33073,61,276647
35522,0.000201,172.31.40.0-255,66,33139,61,276647
35523,0.000205,74.125.24.0-255,2902,36041,61,276647
35524,0.000207,172.31.40.0-255,66,36107,61,276647
35525,0.000215,74.125.24.0-255,5738,41845,61,276647
35526,0.000218,172.31.40.0-255,66,41911,61,276647
35527,0.00024,74.125.24.0-255,4320,46231,61,276647
35528,0.000242,172.31.40.0-255,66,46297,61,276647
35529,0.000261,74.125.24.0-255,2543,48840,61,276647
35530,0.000264,172.31.40.0-255,66,48906,61,276647
35531,0.000421,74.125.24.0-255,1484,50390,61,276647
35532,0.000429,74.125.24.0-255,2902,53292,61,276647
35533,0.000433,172.31.40.0-255,66,53358,61,276647
35534,0.000447,74.125.24.0-255,4320,57678,61,276647
35535,0.000449,172.31.40.0-255,66,57744,61,276647
35536,0.000471,74.125.24.0-255,1484,59228,61,276647
35537,0.000491,74.125.24.0-255,2902,62130,61,276647
35538,0.000493,172.31.40.0-255,66,62196,61,276647
35539,0.000514,74.125.24.0-255,4542,66738,61,276647
35540,0.000516,172.31.40.0-255,66,66804,61,276647
35541,0.000535,74.125.24.0-255,7156,73960,61,276647
35542,0.000537,172.31.40.0-255,66,74026,61,276647
35543,0.000554,74.125.24.0-255,1484,75510,61,276647
35544,0.000565,172.31.40.0-255,66,75576,61,276647
35545,0.00059,74.125.24.0-255,1484,77060,61,276647
35546,0.00061,172.31.40.0-255,66,77126,61,276647
35547,0.000631,74.125.24.0-255,5379,82505,61,276647
35548,0.000634,172.31.40.0-255,66,82571,61,276647
35549,0.000942,74.125.24.0-255,1484,84055,61,276647
35550,0.000969,74.125.24.0-255,2902,86957,61,276647
35551,0.000973,172.31.40.0-255,66,87023,61,276647
35552,0.00098,74.125.24.0-255,5738,92761,61,276647
35553,0.000983,172.31.40.0-255,66,92827,61,276647
35554,0.001023,172.31.40.0-255,66,92893,61,276647
35555,0.001044,74.125.24.0-255,4320,97213,61,276647
35556,0.001047,172.31.40.0-255,66,97279,61,276647
35557,0.001059,172.31.40.0-255,66,97345,61,276647
35558,0.001061,74.125.24.0-255,766,98111,61,276647
35559,0.001227,74.125.24.0-255,1484,99595,61,276647
35560,0.001232,172.31.40.0-255,66,99661,61,276647
35561,0.001238,74.125.24.0-255,2902,102563,61,276647
35562,0.00124,172.31.40.0-255,66,102629,61,276647
35563,0.001244,74.125.24.0-255,2902,105531,61,276647
35564,0.001246,172.31.40.0-255,66,105597,61,276647
35565,0.001266,74.125.24.0-255,2902,108499,61,276647
35566,0.001268,172.31.40.0-255,66,108565,61,276647
35567,0.001282,172.31.40.0-255,66,108631,61,276647
35568,0.001309,74.125.24.0-255,7156,115787,61,276647
35569,0.001312,172.31.40.0-255,66,115853,61,276647
35570,0.001332,74.125.24.0-255,3602,119455,61,276647
35571,0.001334,172.31.40.0-255,66,119521,61,276647
35572,0.001367,74.125.24.0-255,1484,121005,61,276647
35573,0.001384,74.125.24.0-255,2902,123907,61,276647
35574,0.001388,172.31.40.0-255,66,123973,61,276647
35575,0.001394,74.125.24.0-255,5738,129711,61,276647
35576,0.001396,172.31.40.0-255,66,129777,61,276647
35577,0.001401,74.125.24.0-255,4320,134097,61,276647
35578,0.001403,172.31.40.0-255,66,134163,61,276647
35579,0.001429,74.125.24.0-255,4320,138483,61,276647
35580,0.001432,172.31.40.0-255,66,138549,61,276647
35581,0.001458,74.125.24.0-255,2902,141451,61,276647
35582,0.001461,172.31.40.0-255,66,141517,61,276647
35583,0.001487,172.31.40.0-255,66,141583,61,276647
35584,0.001639,74.125.24.0-255,1484,143067,61,276647
35585,0.001646,74.125.24.0-255,2902,145969,61,276647
35586,0.001649,172.31.40.0-255,66,146035,61,276647
35587,0.001656,74.125.24.0-255,5738,151773,61,276647
35588,0.001658,172.31.40.0-255,66,151839,61,276647
35589,0.001694,172.31.40.0-255,66,151905,61,276647
35590,0.001712,74.125.24.0-255,2902,154807,61,276647
35591,0.001715,172.31.40.0-255,66,154873,61,276647
35592,0.001737,172.31.40.0-255,66,154939,61,276647
35593,0.001813,74.125.24.0-255,1484,156423,61,276647
35594,0.001838,74.125.24.0-255,2902,159325,61,276647
35595,0.001841,172.31.40.0-255,66,159391,61,276647
35596,0.001848,74.125.24.0-255,5738,165129,61,276647
35597,0.001851,172.31.40.0-255,66,165195,61,276647
35598,0.001892,172.31.40.0-255,66,165261,61,276647
35599,0.0019,74.125.24.0-255,1484,166745,61,276647
35600,0.001924,74.125.24.0-255,7156,173901,61,276647
35601,0.001941,74.125.24.0-255,3602,177503,61,276647
35602,0.001953,172.31.40.0-255,66,177569,61,276647
35603,0.002025,74.125.24.0-255,1484,179053,61,276647
35604,0.002029,74.125.24.0-255,1484,180537,61,276647
35605,0.002032,172.31.40.0-255,66,180603,61,276647
35606,0.002052,74.125.24.0-255,1484,182087,61,276647
35607,0.002059,74.125.24.0-255,5738,187825,61,276647
35608,0.002074,172.31.40.0-255,66,187891,61,276647
35609,0.002095,172.31.40.0-255,66,187957,61,276647
35610,0.002121,74.125.24.0-255,5738,193695,61,276647
35611,0.002136,74.125.24.0-255,5020,198715,61,276647
35612,0.002172,172.31.40.0-255,66,198781,61,276647
35613,0.002177,172.31.40.0-255,66,198847,61,276647
35614,0.002212,74.125.24.0-255,1484,200331,61,276647
35615,0.002241,74.125.24.0-255,4320,204651,61,276647
35616,0.002254,74.125.24.0-255,5738,210389,61,276647
35617,0.002257,172.31.40.0-255,66,210455,61,276647
35618,0.002262,172.31.40.0-255,66,210521,61,276647
35619,0.002303,172.31.40.0-255,66,210587,61,276647
35620,0.002322,74.125.24.0-255,7156,217743,61,276647
35621,0.002331,172.31.40.0-255,66,217809,61,276647
35622,0.002344,74.125.24.0-255,3602,221411,61,276647
35623,0.002347,74.125.24.0-255,1484,222895,61,276647
35624,0.002365,74.125.24.0-255,1484,224379,61,276647
35625,0.002368,172.31.40.0-255,66,224445,61,276647
35626,0.004637,74.125.24.0-255,4320,228765,61,276647
35627,0.004646,172.31.40.0-255,66,228831,61,276647
35628,0.006958,74.125.24.0-255,5738,234569,61,276647
35629,0.006961,172.31.40.0-255,66,234635,61,276647
35630,0.009273,74.125.24.0-255,5738,240373,61,276647
35631,0.009281,172.31.40.0-255,66,240439,61,276647
35632,0.011596,74.125.24.0-255,5738,246177,61,276647
35633,0.011611,172.31.40.0-255,66,246243,61,276647
35634,0.013936,74.125.24.0-255,5738,251981,61,276647
35635,0.013947,172.31.40.0-255,66,252047,61,276647
35636,0.016267,74.125.24.0-255,5738,257785,61,276647
35637,0.016275,172.31.40.0-255,66,257851,61,276647
35638,0.018625,74.125.24.0-255,5738,263589,61,276647
35639,0.018634,172.31.40.0-255,66,263655,61,276647
35640,0.020974,74.125.24.0-255,5738,269393,61,276647
35641,0.020982,172.31.40.0-255,66,269459,61,276647
35642,0.023313,74.125.24.0-255,3703,273162,61,276647
35643,0.023321,172.31.40.0-255,66,273228,61,276647
35644,0.023509,172.31.40.0-255,105,273333,61,276647
35645,0.025786,74.125.24.0-255,66,273399,61,276647
35646,0.04054,172.31.40.0-255,225,273624,61,276647
35647,0.040573,172.31.40.0-255,1139,274763,61,276647
35648,0.040634,172.31.40.0-255,1514,276277,61,276647
35649,0.040636,172.31.40.0-255,304,276581,61,276647
35650,0.04263,104.244.42.0-255,66,276647,61,276647
35651,0.0,172.217.27.0-255,152,152,61,233302
35652,2.4e-05,172.31.40.0-255,66,218,61,233302
35653,3.2e-05,172.217.27.0-255,1484,1702,61,233302
35654,3.6e-05,172.31.40.0-255,66,1768,61,233302
35655,4.2e-05,172.217.27.0-255,2902,4670,61,233302
35656,4.6e-05,172.31.40.0-255,66,4736,61,233302
35657,6.2e-05,172.217.27.0-255,7156,11892,61,233302
35658,6.5e-05,172.31.40.0-255,66,11958,61,233302
35659,6.9e-05,172.217.27.0-255,2011,13969,61,233302
35660,7.2e-05,172.31.40.0-255,66,14035,61,233302
35661,0.000104,172.217.27.0-255,1484,15519,61,233302
35662,0.000107,172.31.40.0-255,66,15585,61,233302
35663,0.000112,172.217.27.0-255,2902,18487,61,233302
35664,0.000118,172.31.40.0-255,66,18553,61,233302
35665,0.000124,172.217.27.0-255,4320,22873,61,233302
35666,0.000127,172.31.40.0-255,66,22939,61,233302
35667,0.000151,172.217.27.0-255,1484,24423,61,233302
35668,0.000153,172.31.40.0-255,66,24489,61,233302
35669,0.000159,172.217.27.0-255,2902,27391,61,233302
35670,0.000161,172.31.40.0-255,66,27457,61,233302
35671,0.000193,172.217.27.0-255,3961,31418,61,233302
35672,0.000196,172.31.40.0-255,66,31484,61,233302
35673,0.000263,172.217.27.0-255,1484,32968,61,233302
35674,0.000266,172.31.40.0-255,66,33034,61,233302
35675,0.000271,172.217.27.0-255,1484,34518,61,233302
35676,0.000273,172.31.40.0-255,66,34584,61,233302
35677,0.000291,172.217.27.0-255,1484,36068,61,233302
35678,0.000293,172.31.40.0-255,66,36134,61,233302
35679,0.000304,172.217.27.0-255,5738,41872,61,233302
35680,0.000307,172.31.40.0-255,66,41938,61,233302
35681,0.000314,172.217.27.0-255,7156,49094,61,233302
35682,0.000317,172.31.40.0-255,66,49160,61,233302
35683,0.000352,172.217.27.0-255,2543,51703,61,233302
35684,0.000355,172.31.40.0-255,66,51769,61,233302
35685,0.000374,172.31.40.0-255,66,51835,61,233302
35686,0.000379,172.217.27.0-255,3961,55796,61,233302
35687,0.000381,172.31.40.0-255,66,55862,61,233302
35688,0.001995,172.217.27.0-255,1484,57346,61,233302
35689,0.002007,172.217.27.0-255,4320,61666,61,233302
35690,0.002013,172.31.40.0-255,66,61732,61,233302
35691,0.003636,172.217.27.0-255,1484,63216,61,233302
35692,0.003654,172.217.27.0-255,4320,67536,61,233302
35693,0.003657,172.31.40.0-255,66,67602,61,233302
35694,0.005286,172.217.27.0-255,5738,73340,61,233302
35695,0.005288,172.31.40.0-255,66,73406,61,233302
35696,0.006921,172.217.27.0-255,5738,79144,61,233302
35697,0.006928,172.31.40.0-255,66,79210,61,233302
35698,0.008565,172.217.27.0-255,5738,84948,61,233302
35699,0.008574,172.31.40.0-255,66,85014,61,233302
35700,0.010211,172.217.27.0-255,5738,90752,61,233302
35701,0.010218,172.31.40.0-255,66,90818,61,233302
35702,0.011855,172.217.27.0-255,5738,96556,61,233302
35703,0.011863,172.31.40.0-255,66,96622,61,233302
35704,0.013496,172.217.27.0-255,5738,102360,61,233302
35705,0.013504,172.31.40.0-255,66,102426,61,233302
35706,0.015136,172.217.27.0-255,5738,108164,61,233302
35707,0.015144,172.31.40.0-255,66,108230,61,233302
35708,0.016789,172.217.27.0-255,5738,113968,61,233302
35709,0.016796,172.31.40.0-255,66,114034,61,233302
35710,0.018446,172.217.27.0-255,5738,119772,61,233302
35711,0.018453,172.31.40.0-255,66,119838,61,233302
35712,0.020086,172.217.27.0-255,5738,125576,61,233302
35713,0.020094,172.31.40.0-255,66,125642,61,233302
35714,0.021748,172.217.27.0-255,5738,131380,61,233302
35715,0.021762,172.31.40.0-255,66,131446,61,233302
35716,0.023424,172.217.27.0-255,5738,137184,61,233302
35717,0.023442,172.31.40.0-255,66,137250,61,233302
35718,0.025106,172.217.27.0-255,5738,142988,61,233302
35719,0.02512,172.31.40.0-255,66,143054,61,233302
35720,0.02675,172.217.27.0-255,5738,148792,61,233302
35721,0.026761,172.31.40.0-255,66,148858,61,233302
35722,0.028416,172.217.27.0-255,5738,154596,61,233302
35723,0.028427,172.31.40.0-255,66,154662,61,233302
35724,0.030069,172.217.27.0-255,5738,160400,61,233302
35725,0.030079,172.31.40.0-255,66,160466,61,233302
35726,0.030511,172.31.40.0-255,167,160633,61,233302
35727,0.030544,172.31.40.0-255,1116,161749,61,233302
35728,0.030601,172.31.40.0-255,1514,163263,61,233302
35729,0.030602,172.31.40.0-255,325,163588,61,233302
35730,0.031723,172.217.27.0-255,5738,169326,61,233302
35731,0.031732,172.31.40.0-255,66,169392,61,233302
35732,0.032798,104.244.42.0-255,66,169458,61,233302
35733,0.033362,172.217.27.0-255,5738,175196,61,233302
35734,0.033368,172.31.40.0-255,66,175262,61,233302
35735,0.035001,172.217.27.0-255,5738,181000,61,233302
35736,0.035008,172.31.40.0-255,66,181066,61,233302
35737,0.03665,172.217.27.0-255,5738,186804,61,233302
35738,0.036658,172.31.40.0-255,66,186870,61,233302
35739,0.038338,172.217.27.0-255,5738,192608,61,233302
35740,0.038351,172.31.40.0-255,66,192674,61,233302
35741,0.039999,172.217.27.0-255,5738,198412,61,233302
35742,0.040008,172.31.40.0-255,66,198478,61,233302
35743,0.041655,172.217.27.0-255,5738,204216,61,233302
35744,0.041667,172.31.40.0-255,66,204282,61,233302
35745,0.043305,172.217.27.0-255,5738,210020,61,233302
35746,0.043317,172.31.40.0-255,66,210086,61,233302
35747,0.044959,172.217.27.0-255,5738,215824,61,233302
35748,0.044965,172.31.40.0-255,66,215890,61,233302
35749,0.046608,172.217.27.0-255,5738,221628,61,233302
35750,0.046615,172.31.40.0-255,66,221694,61,233302
35751,0.04825,172.217.27.0-255,5738,227432,61,233302
35752,0.048256,172.31.40.0-255,66,227498,61,233302
35753,0.049899,172.217.27.0-255,5738,233236,61,233302
35754,0.049906,172.31.40.0-255,66,233302,61,233302
35755,0.0,172.217.194.0-255,149,149,61,229083
35756,2.1e-05,172.31.40.0-255,66,215,61,229083
35757,2.8e-05,172.217.194.0-255,1484,1699,61,229083
35758,3.2e-05,172.31.40.0-255,66,1765,61,229083
35759,3.8e-05,172.217.194.0-255,2902,4667,61,229083
35760,4.1e-05,172.31.40.0-255,66,4733,61,229083
35761,5e-05,172.217.194.0-255,7156,11889,61,229083
35762,5.3e-05,172.31.40.0-255,66,11955,61,229083
35763,5.8e-05,172.217.194.0-255,2902,14857,61,229083
35764,6.1e-05,172.31.40.0-255,66,14923,61,229083
35765,0.000103,172.31.40.0-255,66,14989,61,229083
35766,0.00011,172.217.194.0-255,6797,21786,61,229083
35767,0.000112,172.31.40.0-255,66,21852,61,229083
35768,0.000186,172.217.194.0-255,1484,23336,61,229083
35769,0.00019,172.31.40.0-255,66,23402,61,229083
35770,0.000194,172.217.194.0-255,2902,26304,61,229083
35771,0.000196,172.31.40.0-255,66,26370,61,229083
35772,0.000199,172.217.194.0-255,1484,27854,61,229083
35773,0.000202,172.31.40.0-255,66,27920,61,229083
35774,0.00024,172.217.194.0-255,4320,32240,61,229083
35775,0.000243,172.31.40.0-255,66,32306,61,229083
35776,0.000257,172.31.40.0-255,66,32372,61,229083
35777,0.000269,172.31.40.0-255,66,32438,61,229083
35778,0.000272,172.217.194.0-255,339,32777,61,229083
35779,0.000274,172.31.40.0-255,66,32843,61,229083
35780,0.000319,172.217.194.0-255,122,32965,61,229083
35781,0.000322,172.31.40.0-255,66,33031,61,229083
35782,0.001199,172.217.194.0-255,1484,34515,61,229083
35783,0.001206,172.31.40.0-255,66,34581,61,229083
35784,0.001215,172.217.194.0-255,2902,37483,61,229083
35785,0.001217,172.31.40.0-255,66,37549,61,229083
35786,0.001223,172.217.194.0-255,5738,43287,61,229083
35787,0.001225,172.31.40.0-255,66,43353,61,229083
35788,0.001231,172.217.194.0-255,4320,47673,61,229083
35789,0.001233,172.31.40.0-255,66,47739,61,229083
35790,0.001285,172.31.40.0-255,66,47805,61,229083
35791,0.001292,172.217.194.0-255,7156,54961,61,229083
35792,0.001294,172.31.40.0-255,66,55027,61,229083
35793,0.001307,172.217.194.0-255,766,55793,61,229083
35794,0.001421,172.217.194.0-255,381,56174,61,229083
35795,0.001451,172.217.194.0-255,1484,57658,61,229083
35796,0.001455,172.31.40.0-255,66,57724,61,229083
35797,0.001461,172.217.194.0-255,2902,60626,61,229083
35798,0.001463,172.31.40.0-255,66,60692,61,229083
35799,0.001476,172.217.194.0-255,1484,62176,61,229083
35800,0.001484,172.217.194.0-255,7156,69332,61,229083
35801,0.001486,172.31.40.0-255,66,69398,61,229083
35802,0.001503,172.217.194.0-255,2902,72300,61,229083
35803,0.001506,172.31.40.0-255,66,72366,61,229083
35804,0.001512,172.217.194.0-255,5738,78104,61,229083
35805,0.001514,172.31.40.0-255,66,78170,61,229083
35806,0.001534,172.217.194.0-255,1484,79654,61,229083
35807,0.001554,172.31.40.0-255,66,79720,61,229083
35808,0.00157,172.217.194.0-255,2184,81904,61,229083
35809,0.001572,172.31.40.0-255,66,81970,61,229083
35810,0.001584,172.217.194.0-255,1484,83454,61,229083
35811,0.0016,172.217.194.0-255,2902,86356,61,229083
35812,0.001603,172.31.40.0-255,66,86422,61,229083
35813,0.001609,172.217.194.0-255,5738,92160,61,229083
35814,0.001611,172.31.40.0-255,66,92226,61,229083
35815,0.001626,172.217.194.0-255,1484,93710,61,229083
35816,0.00164,172.217.194.0-255,5738,99448,61,229083
35817,0.001644,172.31.40.0-255,66,99514,61,229083
35818,0.001672,172.217.194.0-255,5738,105252,61,229083
35819,0.001676,172.31.40.0-255,66,105318,61,229083
35820,0.001688,172.31.40.0-255,66,105384,61,229083
35821,0.002374,172.217.194.0-255,1484,106868,61,229083
35822,0.002381,172.217.194.0-255,2902,109770,61,229083
35823,0.002385,172.31.40.0-255,66,109836,61,229083
35824,0.002407,172.217.194.0-255,5738,115574,61,229083
35825,0.00241,172.31.40.0-255,66,115640,61,229083
35826,0.002413,172.217.194.0-255,1484,117124,61,229083
35827,0.004766,172.217.194.0-255,4320,121444,61,229083
35828,0.004775,172.31.40.0-255,66,121510,61,229083
35829,0.007139,172.217.194.0-255,5738,127248,61,229083
35830,0.007145,172.31.40.0-255,66,127314,61,229083
35831,0.009535,172.217.194.0-255,5738,133052,61,229083
35832,0.009543,172.31.40.0-255,66,133118,61,229083
35833,0.011915,172.217.194.0-255,5738,138856,61,229083
35834,0.011942,172.31.40.0-255,66,138922,61,229083
35835,0.01431,172.217.194.0-255,5738,144660,61,229083
35836,0.014317,172.31.40.0-255,66,144726,61,229083
35837,0.016683,172.217.194.0-255,5738,150464,61,229083
35838,0.016691,172.31.40.0-255,66,150530,61,229083
35839,0.019087,172.217.194.0-255,5738,156268,61,229083
35840,0.019097,172.31.40.0-255,66,156334,61,229083
35841,0.02149,172.217.194.0-255,5738,162072,61,229083
35842,0.021497,172.31.40.0-255,66,162138,61,229083
35843,0.023848,172.217.194.0-255,5738,167876,61,229083
35844,0.023855,172.31.40.0-255,66,167942,61,229083
35845,0.026238,172.217.194.0-255,5738,173680,61,229083
35846,0.026245,172.31.40.0-255,66,173746,61,229083
35847,0.026454,172.31.40.0-255,172,173918,61,229083
35848,0.026483,172.31.40.0-255,1115,175033,61,229083
35849,0.026611,172.31.40.0-255,1514,176547,61,229083
35850,0.026613,172.31.40.0-255,1454,178001,61,229083
35851,0.028025,104.244.42.0-255,66,178067,61,229083
35852,0.028031,104.244.42.0-255,66,178133,61,229083
35853,0.028207,104.244.42.0-255,66,178199,61,229083
35854,0.02861,172.217.194.0-255,4320,182519,61,229083
35855,0.028615,172.31.40.0-255,66,182585,61,229083
35856,0.028637,172.217.194.0-255,1484,184069,61,229083
35857,0.030986,172.217.194.0-255,4320,188389,61,229083
35858,0.030994,172.31.40.0-255,66,188455,61,229083
35859,0.033376,172.217.194.0-255,5738,194193,61,229083
35860,0.033386,172.31.40.0-255,66,194259,61,229083
35861,0.035766,172.217.194.0-255,5738,199997,61,229083
35862,0.035776,172.31.40.0-255,66,200063,61,229083
35863,0.038189,172.217.194.0-255,5738,205801,61,229083
35864,0.038198,172.31.40.0-255,66,205867,61,229083
35865,0.04058,172.217.194.0-255,5738,211605,61,229083
35866,0.040587,172.31.40.0-255,66,211671,61,229083
35867,0.042945,172.217.194.0-255,5738,217409,61,229083
35868,0.042951,172.31.40.0-255,66,217475,61,229083
35869,0.045295,172.217.194.0-255,5738,223213,61,229083
35870,0.045301,172.31.40.0-255,66,223279,61,229083
35871,0.047686,172.217.194.0-255,5738,229017,61,229083
35872,0.047693,172.31.40.0-255,66,229083,61,229083
35873,0.0,74.125.24.0-255,148,148,61,207555
35874,2.7e-05,172.31.40.0-255,66,214,61,207555
35875,3.7e-05,74.125.24.0-255,1484,1698,61,207555
35876,4.3e-05,172.31.40.0-255,66,1764,61,207555
35877,6.4e-05,74.125.24.0-255,2902,4666,61,207555
35878,7.1e-05,172.31.40.0-255,66,4732,61,207555
35879,8.9e-05,74.125.24.0-255,7156,11888,61,207555
35880,9.3e-05,172.31.40.0-255,66,11954,61,207555
35881,9.8e-05,74.125.24.0-255,2065,14019,61,207555
35882,0.000102,172.31.40.0-255,66,14085,61,207555
35883,0.000347,74.125.24.0-255,1484,15569,61,207555
35884,0.000353,172.31.40.0-255,66,15635,61,207555
35885,0.00036,74.125.24.0-255,2902,18537,61,207555
35886,0.000362,172.31.40.0-255,66,18603,61,207555
35887,0.000374,74.125.24.0-255,5738,24341,61,207555
35888,0.000377,172.31.40.0-255,66,24407,61,207555
35889,0.000379,74.125.24.0-255,1484,25891,61,207555
35890,0.000381,172.31.40.0-255,66,25957,61,207555
35891,0.000405,74.125.24.0-255,5379,31336,61,207555
35892,0.000408,172.31.40.0-255,66,31402,61,207555
35893,0.000548,74.125.24.0-255,1484,32886,61,207555
35894,0.000553,172.31.40.0-255,66,32952,61,207555
35895,0.000559,74.125.24.0-255,2902,35854,61,207555
35896,0.000561,172.31.40.0-255,66,35920,61,207555
35897,0.000574,74.125.24.0-255,5738,41658,61,207555
35898,0.000576,172.31.40.0-255,66,41724,61,207555
35899,0.000612,74.125.24.0-255,6797,48521,61,207555
35900,0.000622,172.31.40.0-255,66,48587,61,207555
35901,0.000734,74.125.24.0-255,1484,50071,61,207555
35902,0.000738,172.31.40.0-255,66,50137,61,207555
35903,0.000744,74.125.24.0-255,2902,53039,61,207555
35904,0.000746,172.31.40.0-255,66,53105,61,207555
35905,0.000749,74.125.24.0-255,1484,54589,61,207555
35906,0.000789,74.125.24.0-255,4320,58909,61,207555
35907,0.000794,172.31.40.0-255,66,58975,61,207555
35908,0.000799,74.125.24.0-255,4320,63295,61,207555
35909,0.000802,172.31.40.0-255,66,63361,61,207555
35910,0.000822,74.125.24.0-255,2543,65904,61,207555
35911,0.000825,172.31.40.0-255,66,65970,61,207555
35912,0.000911,74.125.24.0-255,646,66616,61,207555
35913,0.001244,172.31.40.0-255,66,66682,61,207555
35914,0.001589,74.125.24.0-255,1484,68166,61,207555
35915,0.001598,74.125.24.0-255,2902,71068,61,207555
35916,0.001601,172.31.40.0-255,66,71134,61,207555
35917,0.001607,74.125.24.0-255,2902,74036,61,207555
35918,0.001609,172.31.40.0-255,66,74102,61,207555
35919,0.00163,74.125.24.0-255,2902,77004,61,207555
35920,0.001632,172.31.40.0-255,66,77070,61,207555
35921,0.001641,172.31.40.0-255,66,77136,61,207555
35922,0.001667,74.125.24.0-255,4320,81456,61,207555
35923,0.00167,172.31.40.0-255,66,81522,61,207555
35924,0.00168,172.31.40.0-255,66,81588,61,207555
35925,0.003908,74.125.24.0-255,5738,87326,61,207555
35926,0.003914,172.31.40.0-255,66,87392,61,207555
35927,0.006168,74.125.24.0-255,5738,93130,61,207555
35928,0.006173,172.31.40.0-255,66,93196,61,207555
35929,0.008436,74.125.24.0-255,5738,98934,61,207555
35930,0.008443,172.31.40.0-255,66,99000,61,207555
35931,0.010714,74.125.24.0-255,5738,104738,61,207555
35932,0.010734,172.31.40.0-255,66,104804,61,207555
35933,0.013012,74.125.24.0-255,5738,110542,61,207555
35934,0.013028,172.31.40.0-255,66,110608,61,207555
35935,0.0153,74.125.24.0-255,5738,116346,61,207555
35936,0.015313,172.31.40.0-255,66,116412,61,207555
35937,0.017568,74.125.24.0-255,5738,122150,61,207555
35938,0.017582,172.31.40.0-255,66,122216,61,207555
35939,0.019831,74.125.24.0-255,5738,127954,61,207555
35940,0.019846,172.31.40.0-255,66,128020,61,207555
35941,0.022115,74.125.24.0-255,5738,133758,61,207555
35942,0.022129,172.31.40.0-255,66,133824,61,207555
35943,0.024382,74.125.24.0-255,5738,139562,61,207555
35944,0.024394,172.31.40.0-255,66,139628,61,207555
35945,0.02665,74.125.24.0-255,5738,145366,61,207555
35946,0.026665,172.31.40.0-255,66,145432,61,207555
35947,0.028917,74.125.24.0-255,5738,151170,61,207555
35948,0.028933,172.31.40.0-255,66,151236,61,207555
35949,0.031202,74.125.24.0-255,5738,156974,61,207555
35950,0.031216,172.31.40.0-255,66,157040,61,207555
35951,0.033458,74.125.24.0-255,5738,162778,61,207555
35952,0.033471,172.31.40.0-255,66,162844,61,207555
35953,0.03573,74.125.24.0-255,5738,168582,61,207555
35954,0.035744,172.31.40.0-255,66,168648,61,207555
35955,0.038021,74.125.24.0-255,5738,174386,61,207555
35956,0.038035,172.31.40.0-255,66,174452,61,207555
35957,0.040286,74.125.24.0-255,5738,180190,61,207555
35958,0.040297,172.31.40.0-255,66,180256,61,207555
35959,0.042568,74.125.24.0-255,5738,185994,61,207555
35960,0.042577,172.31.40.0-255,66,186060,61,207555
35961,0.04484,74.125.24.0-255,5738,191798,61,207555
35962,0.044864,172.31.40.0-255,66,191864,61,207555
35963,0.047131,74.125.24.0-255,5738,197602,61,207555
35964,0.047147,172.31.40.0-255,66,197668,61,207555
35965,0.049415,74.125.24.0-255,5738,203406,61,207555
35966,0.049428,172.31.40.0-255,66,203472,61,207555
35967,0.049871,172.31.40.0-255,172,203644,61,207555
35968,0.049911,172.31.40.0-255,1120,204764,61,207555
35969,0.049983,172.31.40.0-255,1514,206278,61,207555
35970,0.049986,172.31.40.0-255,1277,207555,61,207555
35971,0.0,172.217.194.0-255,150,150,61,231493
35972,1.6e-05,172.31.40.0-255,66,216,61,231493
35973,2.2e-05,172.217.194.0-255,1484,1700,61,231493
35974,2.7e-05,172.31.40.0-255,66,1766,61,231493
35975,3.2e-05,172.217.194.0-255,2902,4668,61,231493
35976,3.5e-05,172.31.40.0-255,66,4734,61,231493
35977,4.2e-05,172.217.194.0-255,7156,11890,61,231493
35978,4.4e-05,172.31.40.0-255,66,11956,61,231493
35979,8.5e-05,172.217.194.0-255,1983,13939,61,231493
35980,8.7e-05,172.31.40.0-255,66,14005,61,231493
35981,0.000127,172.217.194.0-255,1484,15489,61,231493
35982,0.000129,172.31.40.0-255,66,15555,61,231493
35983,0.000133,172.217.194.0-255,2902,18457,61,231493
35984,0.000135,172.31.40.0-255,66,18523,61,231493
35985,0.000147,172.217.194.0-255,1484,20007,61,231493
35986,0.000149,172.31.40.0-255,66,20073,61,231493
35987,0.000172,172.217.194.0-255,4320,24393,61,231493
35988,0.000174,172.31.40.0-255,66,24459,61,231493
35989,0.000187,172.217.194.0-255,1484,25943,61,231493
35990,0.000189,172.31.40.0-255,66,26009,61,231493
35991,0.000202,172.217.194.0-255,5379,31388,61,231493
35992,0.000204,172.31.40.0-255,66,31454,61,231493
35993,0.000361,172.217.194.0-255,1484,32938,61,231493
35994,0.000366,172.31.40.0-255,66,33004,61,231493
35995,0.000371,172.217.194.0-255,2902,35906,61,231493
35996,0.000374,172.31.40.0-255,66,35972,61,231493
35997,0.000416,172.217.194.0-255,5738,41710,61,231493
35998,0.000419,172.31.40.0-255,66,41776,61,231493
35999,0.000422,172.217.194.0-255,2902,44678,61,231493
36000,0.000424,172.31.40.0-255,66,44744,61,231493
36001,0.000439,172.217.194.0-255,3961,48705,61,231493
36002,0.000441,172.31.40.0-255,66,48771,61,231493
36003,0.000505,172.217.194.0-255,7156,55927,61,231493
36004,0.000526,172.31.40.0-255,66,55993,61,231493
36005,0.000548,172.217.194.0-255,7156,63149,61,231493
36006,0.000573,172.217.194.0-255,2543,65692,61,231493
36007,0.000581,172.31.40.0-255,66,65758,61,231493
36008,0.000601,172.217.194.0-255,378,66136,61,231493
36009,0.000647,172.217.194.0-255,365,66501,61,231493
36010,0.000849,172.217.194.0-255,1484,67985,61,231493
36011,0.000855,172.217.194.0-255,2902,70887,61,231493
36012,0.00087,172.217.194.0-255,4320,75207,61,231493
36013,0.000881,172.217.194.0-255,1484,76691,61,231493
36014,0.000891,172.31.40.0-255,66,76757,61,231493
36015,0.000912,172.217.194.0-255,1484,78241,61,231493
36016,0.000966,172.31.40.0-255,66,78307,61,231493
36017,0.001041,172.217.194.0-255,2902,81209,61,231493
36018,0.001075,172.31.40.0-255,66,81275,61,231493
36019,0.00108,172.31.40.0-255,66,81341,61,231493
36020,0.001123,172.217.194.0-255,1484,82825,61,231493
36021,0.001141,172.217.194.0-255,2902,85727,61,231493
36022,0.001144,172.31.40.0-255,66,85793,61,231493
36023,0.001149,172.217.194.0-255,4320,90113,61,231493
36024,0.001153,172.31.40.0-255,66,90179,61,231493
36025,0.001164,172.217.194.0-255,1484,91663,61,231493
36026,0.001191,172.217.194.0-255,4320,95983,61,231493
36027,0.001196,172.31.40.0-255,66,96049,61,231493
36028,0.001226,172.31.40.0-255,66,96115,61,231493
36029,0.001313,172.31.40.0-255,66,96181,61,231493
36030,0.002586,172.217.194.0-255,1484,97665,61,231493
36031,0.002593,172.217.194.0-255,1484,99149,61,231493
36032,0.002597,172.31.40.0-255,66,99215,61,231493
36033,0.002612,172.217.194.0-255,1484,100699,61,231493
36034,0.002617,172.217.194.0-255,5738,106437,61,231493
36035,0.002638,172.31.40.0-255,66,106503,61,231493
36036,0.002651,172.217.194.0-255,4320,110823,61,231493
36037,0.002685,172.31.40.0-255,66,110889,61,231493
36038,0.00269,172.31.40.0-255,66,110955,61,231493
36039,0.002749,172.217.194.0-255,2902,113857,61,231493
36040,0.002766,172.217.194.0-255,4320,118177,61,231493
36041,0.002774,172.31.40.0-255,66,118243,61,231493
36042,0.002807,172.217.194.0-255,3602,121845,61,231493
36043,0.002822,172.31.40.0-255,66,121911,61,231493
36044,0.00284,172.217.194.0-255,2902,124813,61,231493
36045,0.002848,172.31.40.0-255,66,124879,61,231493
36046,0.002884,172.31.40.0-255,66,124945,61,231493
36047,0.002937,172.217.194.0-255,5738,130683,61,231493
36048,0.00295,172.217.194.0-255,2902,133585,61,231493
36049,0.002962,172.31.40.0-255,66,133651,61,231493
36050,0.003007,172.217.194.0-255,2902,136553,61,231493
36051,0.00301,172.31.40.0-255,66,136619,61,231493
36052,0.00304,172.31.40.0-255,66,136685,61,231493
36053,0.003099,172.217.194.0-255,4320,141005,61,231493
36054,0.003106,172.31.40.0-255,66,141071,61,231493
36055,0.003124,172.217.194.0-255,1484,142555,61,231493
36056,0.003179,172.31.40.0-255,66,142621,61,231493
36057,0.003216,172.31.40.0-255,66,142687,61,231493
36058,0.00337,172.217.194.0-255,4320,147007,61,231493
36059,0.003373,172.31.40.0-255,66,147073,61,231493
36060,0.003396,172.217.194.0-255,7156,154229,61,231493
36061,0.003401,172.31.40.0-255,66,154295,61,231493
36062,0.003466,172.217.194.0-255,5738,160033,61,231493
36063,0.003468,172.31.40.0-255,66,160099,61,231493
36064,0.003526,172.217.194.0-255,3602,163701,61,231493
36065,0.003729,172.217.194.0-255,1484,165185,61,231493
36066,0.00375,172.217.194.0-255,7156,172341,61,231493
36067,0.003796,172.31.40.0-255,66,172407,61,231493
36068,0.003819,172.217.194.0-255,4320,176727,61,231493
36069,0.003834,172.217.194.0-255,4320,181047,61,231493
36070,0.003837,172.31.40.0-255,66,181113,61,231493
36071,0.003845,172.217.194.0-255,4320,185433,61,231493
36072,0.003853,172.31.40.0-255,66,185499,61,231493
36073,0.003858,172.217.194.0-255,5738,191237,61,231493
36074,0.003874,172.217.194.0-255,5020,196257,61,231493
36075,0.00388,172.31.40.0-255,66,196323,61,231493
36076,0.003985,172.217.194.0-255,4320,200643,61,231493
36077,0.003995,172.31.40.0-255,66,200709,61,231493
36078,0.004031,172.31.40.0-255,66,200775,61,231493
36079,0.004124,172.217.194.0-255,2902,203677,61,231493
36080,0.00414,172.31.40.0-255,66,203743,61,231493
36081,0.004153,172.31.40.0-255,66,203809,61,231493
36082,0.004163,172.217.194.0-255,5738,209547,61,231493
36083,0.004173,172.31.40.0-255,66,209613,61,231493
36084,0.004208,172.31.40.0-255,66,209679,61,231493
36085,0.004238,172.31.40.0-255,66,209745,61,231493
36086,0.00452,172.217.194.0-255,2902,212647,61,231493
36087,0.004524,172.31.40.0-255,66,212713,61,231493
36088,0.004546,172.31.40.0-255,66,212779,61,231493
36089,0.004556,172.217.194.0-255,7156,219935,61,231493
36090,0.00456,172.31.40.0-255,66,220001,61,231493
36091,0.004567,172.217.194.0-255,2902,222903,61,231493
36092,0.004578,172.31.40.0-255,66,222969,61,231493
36093,0.004634,172.31.40.0-255,66,223035,61,231493
36094,0.004646,172.217.194.0-255,6851,229886,61,231493
36095,0.004661,172.31.40.0-255,66,229952,61,231493
36096,0.005569,172.31.40.0-255,105,230057,61,231493
36097,0.007478,172.217.194.0-255,66,230123,61,231493
36098,0.033291,172.31.40.0-255,172,230295,61,231493
36099,0.033343,172.31.40.0-255,1066,231361,61,231493
36100,0.034859,104.244.42.0-255,66,231427,61,231493
36101,0.03488,104.244.42.0-255,66,231493,61,231493
36102,0.0,172.31.40.0-255,296,296,61,362
36103,0.001558,104.244.42.0-255,66,362,61,362
36104,0.0,172.217.24.0-255,149,149,61,242305
36105,2.2e-05,172.31.40.0-255,66,215,61,242305
36106,2.9e-05,172.217.24.0-255,1484,1699,61,242305
36107,3.3e-05,172.31.40.0-255,66,1765,61,242305
36108,3.8e-05,172.217.24.0-255,2902,4667,61,242305
36109,4.1e-05,172.31.40.0-255,66,4733,61,242305
36110,5e-05,172.217.24.0-255,7156,11889,61,242305
36111,5.3e-05,172.31.40.0-255,66,11955,61,242305
36112,5.7e-05,172.217.24.0-255,2072,14027,61,242305
36113,5.9e-05,172.31.40.0-255,66,14093,61,242305
36114,9.3e-05,172.217.24.0-255,2902,16995,61,242305
36115,9.6e-05,172.31.40.0-255,66,17061,61,242305
36116,0.00012,172.217.24.0-255,1484,18545,61,242305
36117,0.000122,172.31.40.0-255,66,18611,61,242305
36118,0.000126,172.217.24.0-255,1484,20095,61,242305
36119,0.000128,172.31.40.0-255,66,20161,61,242305
36120,0.000141,172.217.24.0-255,1484,21645,61,242305
36121,0.000144,172.31.40.0-255,66,21711,61,242305
36122,0.000149,172.217.24.0-255,4320,26031,61,242305
36123,0.000152,172.31.40.0-255,66,26097,61,242305
36124,0.000176,172.217.24.0-255,1484,27581,61,242305
36125,0.000179,172.31.40.0-255,66,27647,61,242305
36126,0.000184,172.217.24.0-255,2902,30549,61,242305
36127,0.000186,172.31.40.0-255,66,30615,61,242305
36128,0.000204,172.217.24.0-255,1125,31740,61,242305
36129,0.000206,172.31.40.0-255,66,31806,61,242305
36130,0.000236,172.217.24.0-255,1484,33290,61,242305
36131,0.000238,172.31.40.0-255,66,33356,61,242305
36132,0.000257,172.217.24.0-255,4320,37676,61,242305
36133,0.000259,172.31.40.0-255,66,37742,61,242305
36134,0.000266,172.217.24.0-255,5738,43480,61,242305
36135,0.000269,172.31.40.0-255,66,43546,61,242305
36136,0.000288,172.217.24.0-255,1484,45030,61,242305
36137,0.000295,172.217.24.0-255,3961,48991,61,242305
36138,0.000297,172.31.40.0-255,66,49057,61,242305
36139,0.000407,172.217.24.0-255,1484,50541,61,242305
36140,0.000435,172.217.24.0-255,1484,52025,61,242305
36141,0.000437,172.31.40.0-255,66,52091,61,242305
36142,0.000452,172.217.24.0-255,1484,53575,61,242305
36143,0.000459,172.217.24.0-255,5738,59313,61,242305
36144,0.000462,172.31.40.0-255,66,59379,61,242305
36145,0.000469,172.217.24.0-255,6797,66176,61,242305
36146,0.000472,172.31.40.0-255,66,66242,61,242305
36147,0.00056,172.217.24.0-255,397,66639,61,242305
36148,0.00109,172.31.40.0-255,66,66705,61,242305
36149,0.001125,172.217.24.0-255,113,66818,61,242305
36150,0.001174,172.31.40.0-255,66,66884,61,242305
36151,0.001249,172.217.24.0-255,1484,68368,61,242305
36152,0.00127,172.217.24.0-255,2902,71270,61,242305
36153,0.001274,172.31.40.0-255,66,71336,61,242305
36154,0.001294,172.217.24.0-255,4320,75656,61,242305
36155,0.001297,172.31.40.0-255,66,75722,61,242305
36156,0.001328,172.217.24.0-255,2902,78624,61,242305
36157,0.00133,172.31.40.0-255,66,78690,61,242305
36158,0.001355,172.217.24.0-255,5379,84069,61,242305
36159,0.001358,172.31.40.0-255,66,84135,61,242305
36160,0.001369,172.31.40.0-255,66,84201,61,242305
36161,0.001394,172.217.24.0-255,1484,85685,61,242305
36162,0.001415,172.217.24.0-255,6797,92482,61,242305
36163,0.001418,172.31.40.0-255,66,92548,61,242305
36164,0.003355,172.217.24.0-255,5738,98286,61,242305
36165,0.003362,172.31.40.0-255,66,98352,61,242305
36166,0.005289,172.217.24.0-255,5738,104090,61,242305
36167,0.005295,172.31.40.0-255,66,104156,61,242305
36168,0.007222,172.217.24.0-255,5738,109894,61,242305
36169,0.007227,172.31.40.0-255,66,109960,61,242305
36170,0.009156,172.217.24.0-255,5738,115698,61,242305
36171,0.009163,172.31.40.0-255,66,115764,61,242305
36172,0.011098,172.217.24.0-255,5738,121502,61,242305
36173,0.011108,172.31.40.0-255,66,121568,61,242305
36174,0.013036,172.217.24.0-255,5738,127306,61,242305
36175,0.013043,172.31.40.0-255,66,127372,61,242305
36176,0.014972,172.217.24.0-255,5738,133110,61,242305
36177,0.01498,172.31.40.0-255,66,133176,61,242305
36178,0.01692,172.217.24.0-255,5738,138914,61,242305
36179,0.016927,172.31.40.0-255,66,138980,61,242305
36180,0.018864,172.217.24.0-255,5738,144718,61,242305
36181,0.018871,172.31.40.0-255,66,144784,61,242305
36182,0.020797,172.217.24.0-255,5738,150522,61,242305
36183,0.020804,172.31.40.0-255,66,150588,61,242305
36184,0.022739,172.217.24.0-255,5738,156326,61,242305
36185,0.022747,172.31.40.0-255,66,156392,61,242305
36186,0.024704,172.217.24.0-255,5738,162130,61,242305
36187,0.024712,172.31.40.0-255,66,162196,61,242305
36188,0.026636,172.217.24.0-255,5738,167934,61,242305
36189,0.026643,172.31.40.0-255,66,168000,61,242305
36190,0.028576,172.217.24.0-255,5738,173738,61,242305
36191,0.028584,172.31.40.0-255,66,173804,61,242305
36192,0.030513,172.217.24.0-255,5738,179542,61,242305
36193,0.030521,172.31.40.0-255,66,179608,61,242305
36194,0.032459,172.217.24.0-255,5738,185346,61,242305
36195,0.032466,172.31.40.0-255,66,185412,61,242305
36196,0.03367,172.31.40.0-255,176,185588,61,242305
36197,0.033703,172.31.40.0-255,1120,186708,61,242305
36198,0.033773,172.31.40.0-255,1514,188222,61,242305
36199,0.033775,172.31.40.0-255,1514,189736,61,242305
36200,0.03378,172.31.40.0-255,1514,191250,61,242305
36201,0.033782,172.31.40.0-255,1514,192764,61,242305
36202,0.033801,172.31.40.0-255,1514,194278,61,242305
36203,0.033802,172.31.40.0-255,1157,195435,61,242305
36204,0.034396,172.217.24.0-255,5738,201173,61,242305
36205,0.034404,172.31.40.0-255,66,201239,61,242305
36206,0.035255,104.244.42.0-255,66,201305,61,242305
36207,0.035299,104.244.42.0-255,66,201371,61,242305
36208,0.035361,104.244.42.0-255,66,201437,61,242305
36209,0.035365,104.244.42.0-255,66,201503,61,242305
36210,0.035999,104.244.42.0-255,108,201611,61,242305
36211,0.036011,172.31.40.0-255,66,201677,61,242305
36212,0.036336,172.217.24.0-255,5738,207415,61,242305
36213,0.036342,172.31.40.0-255,66,207481,61,242305
36214,0.038281,172.217.24.0-255,5738,213219,61,242305
36215,0.038289,172.31.40.0-255,66,213285,61,242305
36216,0.040224,172.217.24.0-255,5738,219023,61,242305
36217,0.040232,172.31.40.0-255,66,219089,61,242305
36218,0.04217,172.217.24.0-255,5738,224827,61,242305
36219,0.042182,172.31.40.0-255,66,224893,61,242305
36220,0.044173,172.217.24.0-255,5738,230631,61,242305
36221,0.04418,172.31.40.0-255,66,230697,61,242305
36222,0.04611,172.217.24.0-255,5738,236435,61,242305
36223,0.046119,172.31.40.0-255,66,236501,61,242305
36224,0.048068,172.217.24.0-255,5738,242239,61,242305
36225,0.048077,172.31.40.0-255,66,242305,61,242305
36226,0.0,172.217.194.0-255,298,298,61,161024
36227,2.2e-05,172.31.40.0-255,66,364,61,161024
36228,2.8e-05,172.217.194.0-255,1484,1848,61,161024
36229,3.1e-05,172.31.40.0-255,66,1914,61,161024
36230,3.7e-05,172.217.194.0-255,4320,6234,61,161024
36231,3.9e-05,172.31.40.0-255,66,6300,61,161024
36232,5e-05,172.31.40.0-255,66,6366,61,161024
36233,7.1e-05,172.217.194.0-255,4320,10686,61,161024
36234,7.4e-05,172.31.40.0-255,66,10752,61,161024
36235,0.00011,172.31.40.0-255,66,10818,61,161024
36236,0.000112,172.217.194.0-255,1484,12302,61,161024
36237,0.000114,172.31.40.0-255,66,12368,61,161024
36238,0.000118,172.217.194.0-255,2902,15270,61,161024
36239,0.00012,172.31.40.0-255,66,15336,61,161024
36240,0.000141,172.217.194.0-255,5738,21074,61,161024
36241,0.000143,172.31.40.0-255,66,21140,61,161024
36242,0.000157,172.217.194.0-255,2902,24042,61,161024
36243,0.000159,172.31.40.0-255,66,24108,61,161024
36244,0.00018,172.31.40.0-255,66,24174,61,161024
36245,0.00019,172.31.40.0-255,66,24240,61,161024
36246,0.000222,172.217.194.0-255,1414,25654,61,161024
36247,0.000224,172.31.40.0-255,66,25720,61,161024
36248,0.000238,172.217.194.0-255,99,25819,61,161024
36249,0.000239,172.31.40.0-255,66,25885,61,161024
36250,0.000281,172.217.194.0-255,1484,27369,61,161024
36251,0.000284,172.31.40.0-255,66,27435,61,161024
36252,0.000308,172.217.194.0-255,2902,30337,61,161024
36253,0.000311,172.31.40.0-255,66,30403,61,161024
36254,0.000313,172.217.194.0-255,1484,31887,61,161024
36255,0.000318,172.217.194.0-255,2902,34789,61,161024
36256,0.00032,172.31.40.0-255,66,34855,61,161024
36257,0.000325,172.217.194.0-255,4320,39175,61,161024
36258,0.000327,172.31.40.0-255,66,39241,61,161024
36259,0.000344,172.217.194.0-255,1484,40725,61,161024
36260,0.000358,172.217.194.0-255,2261,42986,61,161024
36261,0.00036,172.31.40.0-255,66,43052,61,161024
36262,0.000518,172.217.194.0-255,1484,44536,61,161024
36263,0.000524,172.217.194.0-255,2902,47438,61,161024
36264,0.000527,172.31.40.0-255,66,47504,61,161024
36265,0.00053,172.217.194.0-255,1484,48988,61,161024
36266,0.000549,172.217.194.0-255,4320,53308,61,161024
36267,0.000551,172.31.40.0-255,66,53374,61,161024
36268,0.000556,172.217.194.0-255,2902,56276,61,161024
36269,0.000557,172.31.40.0-255,66,56342,61,161024
36270,0.000583,172.31.40.0-255,66,56408,61,161024
36271,0.000586,172.217.194.0-255,1484,57892,61,161024
36272,0.00061,172.217.194.0-255,1484,59376,61,161024
36273,0.000613,172.31.40.0-255,66,59442,61,161024
36274,0.000635,172.31.40.0-255,66,59508,61,161024
36275,0.000686,172.217.194.0-255,1484,60992,61,161024
36276,0.000691,172.217.194.0-255,2902,63894,61,161024
36277,0.000693,172.31.40.0-255,66,63960,61,161024
36278,0.000718,172.217.194.0-255,5738,69698,61,161024
36279,0.000721,172.31.40.0-255,66,69764,61,161024
36280,0.000725,172.217.194.0-255,4320,74084,61,161024
36281,0.000728,172.31.40.0-255,66,74150,61,161024
36282,0.000749,172.217.194.0-255,5738,79888,61,161024
36283,0.000752,172.31.40.0-255,66,79954,61,161024
36284,0.000803,172.31.40.0-255,66,80020,61,161024
36285,0.000825,172.217.194.0-255,5020,85040,61,161024
36286,0.000828,172.31.40.0-255,66,85106,61,161024
36287,0.00084,172.31.40.0-255,66,85172,61,161024
36288,0.000851,172.31.40.0-255,66,85238,61,161024
36289,0.000894,172.217.194.0-255,7156,92394,61,161024
36290,0.000898,172.31.40.0-255,66,92460,61,161024
36291,0.000921,172.217.194.0-255,766,93226,61,161024
36292,0.000925,172.217.194.0-255,1484,94710,61,161024
36293,0.000927,172.31.40.0-255,66,94776,61,161024
36294,0.000931,172.217.194.0-255,2902,97678,61,161024
36295,0.000933,172.31.40.0-255,66,97744,61,161024
36296,0.000938,172.217.194.0-255,5738,103482,61,161024
36297,0.00094,172.31.40.0-255,66,103548,61,161024
36298,0.000961,172.217.194.0-255,4320,107868,61,161024
36299,0.000964,172.31.40.0-255,66,107934,61,161024
36300,0.000992,172.31.40.0-255,66,108000,61,161024
36301,0.001003,172.31.40.0-255,66,108066,61,161024
36302,0.001032,172.217.194.0-255,4320,112386,61,161024
36303,0.001034,172.31.40.0-255,66,112452,61,161024
36304,0.00104,172.217.194.0-255,5738,118190,61,161024
36305,0.001042,172.31.40.0-255,66,118256,61,161024
36306,0.001048,172.217.194.0-255,5738,123994,61,161024
36307,0.001049,172.31.40.0-255,66,124060,61,161024
36308,0.001069,172.217.194.0-255,2902,126962,61,161024
36309,0.001073,172.31.40.0-255,66,127028,61,161024
36310,0.001084,172.217.194.0-255,2902,129930,61,161024
36311,0.001087,172.31.40.0-255,66,129996,61,161024
36312,0.001098,172.31.40.0-255,66,130062,61,161024
36313,0.001107,172.217.194.0-255,5738,135800,61,161024
36314,0.001109,172.31.40.0-255,66,135866,61,161024
36315,0.001134,172.217.194.0-255,7156,143022,61,161024
36316,0.001145,172.31.40.0-255,66,143088,61,161024
36317,0.001148,172.31.40.0-255,66,143154,61,161024
36318,0.001166,172.217.194.0-255,1484,144638,61,161024
36319,0.001199,172.31.40.0-255,66,144704,61,161024
36320,0.00121,172.31.40.0-255,66,144770,61,161024
36321,0.001252,172.217.194.0-255,2902,147672,61,161024
36322,0.001255,172.31.40.0-255,66,147738,61,161024
36323,0.001312,172.31.40.0-255,66,147804,61,161024
36324,0.00133,172.31.40.0-255,66,147870,61,161024
36325,0.001349,172.31.40.0-255,66,147936,61,161024
36326,0.00136,172.31.40.0-255,66,148002,61,161024
36327,0.001446,172.31.40.0-255,66,148068,61,161024
36328,0.001459,172.31.40.0-255,66,148134,61,161024
36329,0.001472,172.217.194.0-255,3391,151525,61,161024
36330,0.001474,172.31.40.0-255,66,151591,61,161024
36331,0.001477,172.217.194.0-255,105,151696,61,161024
36332,0.011605,172.31.40.0-255,66,151762,61,161024
36333,0.011656,172.31.40.0-255,105,151867,61,161024
36334,0.013915,172.217.194.0-255,66,151933,61,161024
36335,0.03675,172.31.40.0-255,172,152105,61,161024
36336,0.036785,172.31.40.0-255,1120,153225,61,161024
36337,0.03685,172.31.40.0-255,1514,154739,61,161024
36338,0.036852,172.31.40.0-255,1514,156253,61,161024
36339,0.036857,172.31.40.0-255,1514,157767,61,161024
36340,0.036858,172.31.40.0-255,1514,159281,61,161024
36341,0.036878,172.31.40.0-255,1479,160760,61,161024
36342,0.038232,104.244.42.0-255,66,160826,61,161024
36343,0.038351,104.244.42.0-255,66,160892,61,161024
36344,0.03837,104.244.42.0-255,66,160958,61,161024
36345,0.038481,104.244.42.0-255,66,161024,61,161024
36346,0.0,74.125.130.0-255,152,152,61,354453
36347,2.5e-05,172.31.40.0-255,66,218,61,354453
36348,3.3e-05,74.125.130.0-255,1484,1702,61,354453
36349,3.7e-05,172.31.40.0-255,66,1768,61,354453
36350,4e-05,74.125.130.0-255,1484,3252,61,354453
36351,4.3e-05,172.31.40.0-255,66,3318,61,354453
36352,4.8e-05,74.125.130.0-255,2902,6220,61,354453
36353,5.1e-05,172.31.40.0-255,66,6286,61,354453
36354,7.5e-05,74.125.130.0-255,2902,9188,61,354453
36355,7.8e-05,172.31.40.0-255,66,9254,61,354453
36356,9.8e-05,74.125.130.0-255,2902,12156,61,354453
36357,9.9e-05,172.31.40.0-255,66,12222,61,354453
36358,0.000136,74.125.130.0-255,4320,16542,61,354453
36359,0.000139,172.31.40.0-255,66,16608,61,354453
36360,0.000156,74.125.130.0-255,2098,18706,61,354453
36361,0.000159,172.31.40.0-255,66,18772,61,354453
36362,0.000184,74.125.130.0-255,7156,25928,61,354453
36363,0.000186,172.31.40.0-255,66,25994,61,354453
36364,0.00019,74.125.130.0-255,2902,28896,61,354453
36365,0.000192,172.31.40.0-255,66,28962,61,354453
36366,0.000232,74.125.130.0-255,2543,31505,61,354453
36367,0.000235,172.31.40.0-255,66,31571,61,354453
36368,0.000405,74.125.130.0-255,1484,33055,61,354453
36369,0.00041,172.31.40.0-255,66,33121,61,354453
36370,0.000428,74.125.130.0-255,2902,36023,61,354453
36371,0.000431,172.31.40.0-255,66,36089,61,354453
36372,0.000434,74.125.130.0-255,1484,37573,61,354453
36373,0.000436,172.31.40.0-255,66,37639,61,354453
36374,0.000465,74.125.130.0-255,2902,40541,61,354453
36375,0.000469,172.31.40.0-255,66,40607,61,354453
36376,0.000485,74.125.130.0-255,1484,42091,61,354453
36377,0.000487,172.31.40.0-255,66,42157,61,354453
36378,0.000506,74.125.130.0-255,4320,46477,61,354453
36379,0.000508,172.31.40.0-255,66,46543,61,354453
36380,0.000531,74.125.130.0-255,2902,49445,61,354453
36381,0.000533,172.31.40.0-255,66,49511,61,354453
36382,0.000557,74.125.130.0-255,3961,53472,61,354453
36383,0.00056,172.31.40.0-255,66,53538,61,354453
36384,0.000582,74.125.130.0-255,4320,57858,61,354453
36385,0.000585,172.31.40.0-255,66,57924,61,354453
36386,0.000605,74.125.130.0-255,2902,60826,61,354453
36387,0.000608,172.31.40.0-255,66,60892,61,354453
36388,0.000613,74.125.130.0-255,4320,65212,61,354453
36389,0.000615,172.31.40.0-255,66,65278,61,354453
36390,0.000631,74.125.130.0-255,1416,66694,61,354453
36391,0.000647,74.125.130.0-255,100,66794,61,354453
36392,0.001036,74.125.130.0-255,1484,68278,61,354453
36393,0.001041,172.31.40.0-255,66,68344,61,354453
36394,0.001046,74.125.130.0-255,2902,71246,61,354453
36395,0.001048,172.31.40.0-255,66,71312,61,354453
36396,0.001082,74.125.130.0-255,2902,74214,61,354453
36397,0.001085,172.31.40.0-255,66,74280,61,354453
36398,0.001094,74.125.130.0-255,2902,77182,61,354453
36399,0.001096,172.31.40.0-255,66,77248,61,354453
36400,0.001121,74.125.130.0-255,7156,84404,61,354453
36401,0.001125,172.31.40.0-255,66,84470,61,354453
36402,0.001142,74.125.130.0-255,4320,88790,61,354453
36403,0.001144,172.31.40.0-255,66,88856,61,354453
36404,0.001187,74.125.130.0-255,5738,94594,61,354453
36405,0.001191,172.31.40.0-255,66,94660,61,354453
36406,0.001196,74.125.130.0-255,2902,97562,61,354453
36407,0.001198,172.31.40.0-255,66,97628,61,354453
36408,0.001213,74.125.130.0-255,3602,101230,61,354453
36409,0.001215,172.31.40.0-255,66,101296,61,354453
36410,0.001291,74.125.130.0-255,1484,102780,61,354453
36411,0.001297,74.125.130.0-255,2902,105682,61,354453
36412,0.001299,172.31.40.0-255,66,105748,61,354453
36413,0.001324,74.125.130.0-255,5738,111486,61,354453
36414,0.001327,172.31.40.0-255,66,111552,61,354453
36415,0.001376,74.125.130.0-255,5738,117290,61,354453
36416,0.001379,172.31.40.0-255,66,117356,61,354453
36417,0.001383,74.125.130.0-255,2902,120258,61,354453
36418,0.001385,172.31.40.0-255,66,120324,61,354453
36419,0.001402,74.125.130.0-255,4320,124644,61,354453
36420,0.001405,172.31.40.0-255,66,124710,61,354453
36421,0.001408,74.125.130.0-255,2902,127612,61,354453
36422,0.001411,172.31.40.0-255,66,127678,61,354453
36423,0.001429,74.125.130.0-255,4320,131998,61,354453
36424,0.001431,172.31.40.0-255,66,132064,61,354453
36425,0.00146,74.125.130.0-255,3602,135666,61,354453
36426,0.001462,172.31.40.0-255,66,135732,61,354453
36427,0.00148,74.125.130.0-255,1484,137216,61,354453
36428,0.001498,74.125.130.0-255,2902,140118,61,354453
36429,0.001502,172.31.40.0-255,66,140184,61,354453
36430,0.001505,74.125.130.0-255,1484,141668,61,354453
36431,0.001517,74.125.130.0-255,1484,143152,61,354453
36432,0.00152,172.31.40.0-255,66,143218,61,354453
36433,0.001534,74.125.130.0-255,4320,147538,61,354453
36434,0.001537,172.31.40.0-255,66,147604,61,354453
36435,0.001553,74.125.130.0-255,1484,149088,61,354453
36436,0.001557,74.125.130.0-255,2902,151990,61,354453
36437,0.00156,172.31.40.0-255,66,152056,61,354453
36438,0.001582,74.125.130.0-255,5738,157794,61,354453
36439,0.001584,172.31.40.0-255,66,157860,61,354453
36440,0.001611,74.125.130.0-255,4320,162180,61,354453
36441,0.001614,172.31.40.0-255,66,162246,61,354453
36442,0.00163,74.125.130.0-255,2902,165148,61,354453
36443,0.001633,172.31.40.0-255,66,165214,61,354453
36444,0.001647,74.125.130.0-255,2902,168116,61,354453
36445,0.00165,172.31.40.0-255,66,168182,61,354453
36446,0.001654,74.125.130.0-255,2184,170366,61,354453
36447,0.001657,172.31.40.0-255,66,170432,61,354453
36448,0.001882,74.125.130.0-255,1484,171916,61,354453
36449,0.001902,74.125.130.0-255,2902,174818,61,354453
36450,0.001906,172.31.40.0-255,66,174884,61,354453
36451,0.001927,74.125.130.0-255,4320,179204,61,354453
36452,0.00193,172.31.40.0-255,66,179270,61,354453
36453,0.001957,74.125.130.0-255,4320,183590,61,354453
36454,0.00196,172.31.40.0-255,66,183656,61,354453
36455,0.001978,74.125.130.0-255,4320,187976,61,354453
36456,0.001981,172.31.40.0-255,66,188042,61,354453
36457,0.002003,74.125.130.0-255,1484,189526,61,354453
36458,0.00201,74.125.130.0-255,5738,195264,61,354453
36459,0.002012,172.31.40.0-255,66,195330,61,354453
36460,0.002033,74.125.130.0-255,7156,202486,61,354453
36461,0.002036,172.31.40.0-255,66,202552,61,354453
36462,0.002052,74.125.130.0-255,2184,204736,61,354453
36463,0.002055,172.31.40.0-255,66,204802,61,354453
36464,0.00229,74.125.130.0-255,1484,206286,61,354453
36465,0.002298,74.125.130.0-255,2902,209188,61,354453
36466,0.002303,172.31.40.0-255,66,209254,61,354453
36467,0.002307,74.125.130.0-255,1484,210738,61,354453
36468,0.002327,74.125.130.0-255,2902,213640,61,354453
36469,0.002329,172.31.40.0-255,66,213706,61,354453
36470,0.002356,172.31.40.0-255,66,213772,61,354453
36471,0.002362,74.125.130.0-255,4320,218092,61,354453
36472,0.002364,172.31.40.0-255,66,218158,61,354453
36473,0.002367,74.125.130.0-255,1484,219642,61,354453
36474,0.002383,74.125.130.0-255,4320,223962,61,354453
36475,0.002386,172.31.40.0-255,66,224028,61,354453
36476,0.002404,74.125.130.0-255,4320,228348,61,354453
36477,0.002406,172.31.40.0-255,66,228414,61,354453
36478,0.00242,74.125.130.0-255,2184,230598,61,354453
36479,0.002422,172.31.40.0-255,66,230664,61,354453
36480,0.002513,74.125.130.0-255,1484,232148,61,354453
36481,0.00253,74.125.130.0-255,2902,235050,61,354453
36482,0.002532,172.31.40.0-255,66,235116,61,354453
36483,0.002553,74.125.130.0-255,4320,239436,61,354453
36484,0.002555,172.31.40.0-255,66,239502,61,354453
36485,0.002573,74.125.130.0-255,1484,240986,61,354453
36486,0.002585,74.125.130.0-255,5738,246724,61,354453
36487,0.002588,172.31.40.0-255,66,246790,61,354453
36488,0.005119,74.125.130.0-255,2902,249692,61,354453
36489,0.005123,172.31.40.0-255,66,249758,61,354453
36490,0.005135,74.125.130.0-255,2902,252660,61,354453
36491,0.005138,172.31.40.0-255,66,252726,61,354453
36492,0.00769,74.125.130.0-255,5738,258464,61,354453
36493,0.007712,172.31.40.0-255,66,258530,61,354453
36494,0.01028,74.125.130.0-255,5738,264268,61,354453
36495,0.010294,172.31.40.0-255,66,264334,61,354453
36496,0.012846,74.125.130.0-255,5738,270072,61,354453
36497,0.012859,172.31.40.0-255,66,270138,61,354453
36498,0.015408,74.125.130.0-255,5738,275876,61,354453
36499,0.01543,172.31.40.0-255,66,275942,61,354453
36500,0.017979,74.125.130.0-255,5738,281680,61,354453
36501,0.017992,172.31.40.0-255,66,281746,61,354453
36502,0.020532,74.125.130.0-255,2902,284648,61,354453
36503,0.020541,172.31.40.0-255,66,284714,61,354453
36504,0.020564,74.125.130.0-255,2902,287616,61,354453
36505,0.020567,172.31.40.0-255,66,287682,61,354453
36506,0.023136,74.125.130.0-255,5738,293420,61,354453
36507,0.023146,172.31.40.0-255,66,293486,61,354453
36508,0.025695,74.125.130.0-255,5738,299224,61,354453
36509,0.025707,172.31.40.0-255,66,299290,61,354453
36510,0.028276,74.125.130.0-255,5738,305028,61,354453
36511,0.028293,172.31.40.0-255,66,305094,61,354453
36512,0.030838,74.125.130.0-255,5738,310832,61,354453
36513,0.030846,172.31.40.0-255,66,310898,61,354453
36514,0.033387,74.125.130.0-255,4320,315218,61,354453
36515,0.033397,172.31.40.0-255,66,315284,61,354453
36516,0.033419,74.125.130.0-255,1484,316768,61,354453
36517,0.035939,74.125.130.0-255,4320,321088,61,354453
36518,0.035946,172.31.40.0-255,66,321154,61,354453
36519,0.038513,74.125.130.0-255,5738,326892,61,354453
36520,0.03853,172.31.40.0-255,66,326958,61,354453
36521,0.04108,74.125.130.0-255,5738,332696,61,354453
36522,0.041089,172.31.40.0-255,66,332762,61,354453
36523,0.043648,74.125.130.0-255,5738,338500,61,354453
36524,0.043674,172.31.40.0-255,66,338566,61,354453
36525,0.046217,74.125.130.0-255,5738,344304,61,354453
36526,0.046224,172.31.40.0-255,66,344370,61,354453
36527,0.047143,172.31.40.0-255,172,344542,61,354453
36528,0.047171,172.31.40.0-255,1121,345663,61,354453
36529,0.047226,172.31.40.0-255,1514,347177,61,354453
36530,0.047228,172.31.40.0-255,1274,348451,61,354453
36531,0.048725,104.244.42.0-255,66,348517,61,354453
36532,0.048733,104.244.42.0-255,66,348583,61,354453
36533,0.048747,104.244.42.0-255,66,348649,61,354453
36534,0.048781,74.125.130.0-255,5738,354387,61,354453
36535,0.048786,172.31.40.0-255,66,354453,61,354453
36536,0.0,74.125.24.0-255,151,151,61,246091
36537,2e-05,172.31.40.0-255,66,217,61,246091
36538,2.7e-05,74.125.24.0-255,1484,1701,61,246091
36539,3.3e-05,172.31.40.0-255,66,1767,61,246091
36540,3.9e-05,74.125.24.0-255,2902,4669,61,246091
36541,4.2e-05,172.31.40.0-255,66,4735,61,246091
36542,4.8e-05,74.125.24.0-255,2902,7637,61,246091
36543,5.1e-05,172.31.40.0-255,66,7703,61,246091
36544,7.4e-05,74.125.24.0-255,4320,12023,61,246091
36545,7.8e-05,172.31.40.0-255,66,12089,61,246091
36546,9.2e-05,74.125.24.0-255,2004,14093,61,246091
36547,9.5e-05,172.31.40.0-255,66,14159,61,246091
36548,0.000328,74.125.24.0-255,1484,15643,61,246091
36549,0.000334,172.31.40.0-255,66,15709,61,246091
36550,0.00034,74.125.24.0-255,2902,18611,61,246091
36551,0.000343,172.31.40.0-255,66,18677,61,246091
36552,0.000346,74.125.24.0-255,1484,20161,61,246091
36553,0.000348,172.31.40.0-255,66,20227,61,246091
36554,0.000376,74.125.24.0-255,4320,24547,61,246091
36555,0.000379,172.31.40.0-255,66,24613,61,246091
36556,0.000385,74.125.24.0-255,4320,28933,61,246091
36557,0.000387,172.31.40.0-255,66,28999,61,246091
36558,0.000404,74.125.24.0-255,3961,32960,61,246091
36559,0.000406,172.31.40.0-255,66,33026,61,246091
36560,0.000418,172.31.40.0-255,66,33092,61,246091
36561,0.000421,74.125.24.0-255,1484,34576,61,246091
36562,0.000422,172.31.40.0-255,66,34642,61,246091
36563,0.000447,74.125.24.0-255,5379,40021,61,246091
36564,0.000475,172.31.40.0-255,66,40087,61,246091
36565,0.001109,74.125.24.0-255,1484,41571,61,246091
36566,0.001116,172.31.40.0-255,66,41637,61,246091
36567,0.001125,74.125.24.0-255,2902,44539,61,246091
36568,0.001128,172.31.40.0-255,66,44605,61,246091
36569,0.001135,74.125.24.0-255,5738,50343,61,246091
36570,0.001137,172.31.40.0-255,66,50409,61,246091
36571,0.00114,74.125.24.0-255,1484,51893,61,246091
36572,0.001161,74.125.24.0-255,5379,57272,61,246091
36573,0.001164,172.31.40.0-255,66,57338,61,246091
36574,0.001223,74.125.24.0-255,1484,58822,61,246091
36575,0.001228,74.125.24.0-255,1484,60306,61,246091
36576,0.001231,172.31.40.0-255,66,60372,61,246091
36577,0.001245,74.125.24.0-255,1484,61856,61,246091
36578,0.001251,74.125.24.0-255,4320,66176,61,246091
36579,0.001253,172.31.40.0-255,66,66242,61,246091
36580,0.001277,74.125.24.0-255,1484,67726,61,246091
36581,0.001291,172.31.40.0-255,66,67792,61,246091
36582,0.001295,74.125.24.0-255,2902,70694,61,246091
36583,0.001297,172.31.40.0-255,66,70760,61,246091
36584,0.001319,172.31.40.0-255,66,70826,61,246091
36585,0.001323,74.125.24.0-255,2902,73728,61,246091
36586,0.001325,172.31.40.0-255,66,73794,61,246091
36587,0.00136,172.31.40.0-255,66,73860,61,246091
36588,0.001366,74.125.24.0-255,5259,79119,61,246091
36589,0.001368,172.31.40.0-255,66,79185,61,246091
36590,0.00149,74.125.24.0-255,1484,80669,61,246091
36591,0.001498,74.125.24.0-255,2902,83571,61,246091
36592,0.001502,172.31.40.0-255,66,83637,61,246091
36593,0.001509,74.125.24.0-255,5738,89375,61,246091
36594,0.001511,172.31.40.0-255,66,89441,61,246091
36595,0.001562,172.31.40.0-255,66,89507,61,246091
36596,0.001586,74.125.24.0-255,1484,90991,61,246091
36597,0.001604,74.125.24.0-255,7156,98147,61,246091
36598,0.001607,172.31.40.0-255,66,98213,61,246091
36599,0.001613,74.125.24.0-255,5738,103951,61,246091
36600,0.001616,172.31.40.0-255,66,104017,61,246091
36601,0.001623,74.125.24.0-255,5738,109755,61,246091
36602,0.001625,172.31.40.0-255,66,109821,61,246091
36603,0.001646,172.31.40.0-255,66,109887,61,246091
36604,0.001651,74.125.24.0-255,3602,113489,61,246091
36605,0.001653,172.31.40.0-255,66,113555,61,246091
36606,0.002178,74.125.24.0-255,1484,115039,61,246091
36607,0.002187,74.125.24.0-255,2902,117941,61,246091
36608,0.002191,172.31.40.0-255,66,118007,61,246091
36609,0.002199,74.125.24.0-255,5738,123745,61,246091
36610,0.002202,172.31.40.0-255,66,123811,61,246091
36611,0.002208,74.125.24.0-255,4320,128131,61,246091
36612,0.002211,172.31.40.0-255,66,128197,61,246091
36613,0.002252,172.31.40.0-255,66,128263,61,246091
36614,0.002262,172.31.40.0-255,66,128329,61,246091
36615,0.002303,172.31.40.0-255,66,128395,61,246091
36616,0.00233,172.31.40.0-255,66,128461,61,246091
36617,0.002345,74.125.24.0-255,1484,129945,61,246091
36618,0.00237,172.31.40.0-255,66,130011,61,246091
36619,0.004749,74.125.24.0-255,5738,135749,61,246091
36620,0.004753,172.31.40.0-255,66,135815,61,246091
36621,0.007103,74.125.24.0-255,5738,141553,61,246091
36622,0.00711,172.31.40.0-255,66,141619,61,246091
36623,0.009469,74.125.24.0-255,5738,147357,61,246091
36624,0.009477,172.31.40.0-255,66,147423,61,246091
36625,0.011833,74.125.24.0-255,5738,153161,61,246091
36626,0.011843,172.31.40.0-255,66,153227,61,246091
36627,0.01421,74.125.24.0-255,5738,158965,61,246091
36628,0.014228,172.31.40.0-255,66,159031,61,246091
36629,0.016599,74.125.24.0-255,5738,164769,61,246091
36630,0.016615,172.31.40.0-255,66,164835,61,246091
36631,0.018965,74.125.24.0-255,5738,170573,61,246091
36632,0.01898,172.31.40.0-255,66,170639,61,246091
36633,0.021332,74.125.24.0-255,5738,176377,61,246091
36634,0.021341,172.31.40.0-255,66,176443,61,246091
36635,0.023696,74.125.24.0-255,5738,182181,61,246091
36636,0.023706,172.31.40.0-255,66,182247,61,246091
36637,0.026046,74.125.24.0-255,5738,187985,61,246091
36638,0.026056,172.31.40.0-255,66,188051,61,246091
36639,0.02839,74.125.24.0-255,5738,193789,61,246091
36640,0.028404,172.31.40.0-255,66,193855,61,246091
36641,0.03074,74.125.24.0-255,5738,199593,61,246091
36642,0.030747,172.31.40.0-255,66,199659,61,246091
36643,0.033097,74.125.24.0-255,5738,205397,61,246091
36644,0.033115,172.31.40.0-255,66,205463,61,246091
36645,0.035465,74.125.24.0-255,5738,211201,61,246091
36646,0.035483,172.31.40.0-255,66,211267,61,246091
36647,0.03784,74.125.24.0-255,5738,217005,61,246091
36648,0.037848,172.31.40.0-255,66,217071,61,246091
36649,0.04018,74.125.24.0-255,5738,222809,61,246091
36650,0.04019,172.31.40.0-255,66,222875,61,246091
36651,0.04256,74.125.24.0-255,5738,228613,61,246091
36652,0.04257,172.31.40.0-255,66,228679,61,246091
36653,0.044955,74.125.24.0-255,5738,234417,61,246091
36654,0.044971,172.31.40.0-255,66,234483,61,246091
36655,0.047296,74.125.24.0-255,5738,240221,61,246091
36656,0.047305,172.31.40.0-255,66,240287,61,246091
36657,0.049673,74.125.24.0-255,5738,246025,61,246091
36658,0.049692,172.31.40.0-255,66,246091,61,246091
36659,0.0,172.217.194.0-255,146,146,61,266874
36660,2.2e-05,172.31.40.0-255,66,212,61,266874
36661,3e-05,172.217.194.0-255,1484,1696,61,266874
36662,3.4e-05,172.31.40.0-255,66,1762,61,266874
36663,4e-05,172.217.194.0-255,2902,4664,61,266874
36664,4.4e-05,172.31.40.0-255,66,4730,61,266874
36665,5.1e-05,172.217.194.0-255,7156,11886,61,266874
36666,5.4e-05,172.31.40.0-255,66,11952,61,266874
36667,5.9e-05,172.217.194.0-255,2028,13980,61,266874
36668,6.1e-05,172.31.40.0-255,66,14046,61,266874
36669,0.000107,172.217.194.0-255,2902,16948,61,266874
36670,0.000112,172.31.40.0-255,66,17014,61,266874
36671,0.000118,172.217.194.0-255,4320,21334,61,266874
36672,0.00012,172.31.40.0-255,66,21400,61,266874
36673,0.00013,172.31.40.0-255,66,21466,61,266874
36674,0.000134,172.217.194.0-255,2902,24368,61,266874
36675,0.000136,172.31.40.0-255,66,24434,61,266874
36676,0.000163,172.217.194.0-255,6797,31231,61,266874
36677,0.000166,172.31.40.0-255,66,31297,61,266874
36678,0.000203,172.31.40.0-255,66,31363,61,266874
36679,0.000928,172.217.194.0-255,1484,32847,61,266874
36680,0.000933,172.31.40.0-255,66,32913,61,266874
36681,0.000941,172.217.194.0-255,2902,35815,61,266874
36682,0.000943,172.31.40.0-255,66,35881,61,266874
36683,0.000959,172.217.194.0-255,5738,41619,61,266874
36684,0.000961,172.31.40.0-255,66,41685,61,266874
36685,0.000999,172.217.194.0-255,5738,47423,61,266874
36686,0.001003,172.31.40.0-255,66,47489,61,266874
36687,0.001019,172.217.194.0-255,1125,48614,61,266874
36688,0.001022,172.31.40.0-255,66,48680,61,266874
36689,0.001038,172.217.194.0-255,1484,50164,61,266874
36690,0.00105,172.217.194.0-255,2902,53066,61,266874
36691,0.001052,172.31.40.0-255,66,53132,61,266874
36692,0.001076,172.217.194.0-255,5738,58870,61,266874
36693,0.001079,172.31.40.0-255,66,58936,61,266874
36694,0.001101,172.217.194.0-255,1484,60420,61,266874
36695,0.00112,172.217.194.0-255,5379,65799,61,266874
36696,0.001123,172.31.40.0-255,66,65865,61,266874
36697,0.00113,172.217.194.0-255,7156,73021,61,266874
36698,0.001132,172.31.40.0-255,66,73087,61,266874
36699,0.00115,172.217.194.0-255,5738,78825,61,266874
36700,0.001152,172.31.40.0-255,66,78891,61,266874
36701,0.001194,172.217.194.0-255,3961,82852,61,266874
36702,0.001197,172.31.40.0-255,66,82918,61,266874
36703,0.001696,172.217.194.0-255,1484,84402,61,266874
36704,0.001704,172.217.194.0-255,2902,87304,61,266874
36705,0.001708,172.31.40.0-255,66,87370,61,266874
36706,0.001713,172.217.194.0-255,2902,90272,61,266874
36707,0.001715,172.31.40.0-255,66,90338,61,266874
36708,0.001729,172.217.194.0-255,2902,93240,61,266874
36709,0.001731,172.31.40.0-255,66,93306,61,266874
36710,0.001757,172.31.40.0-255,66,93372,61,266874
36711,0.001791,172.217.194.0-255,2902,96274,61,266874
36712,0.001793,172.31.40.0-255,66,96340,61,266874
36713,0.001804,172.31.40.0-255,66,96406,61,266874
36714,0.001937,172.217.194.0-255,1484,97890,61,266874
36715,0.001951,172.217.194.0-255,2902,100792,61,266874
36716,0.001953,172.31.40.0-255,66,100858,61,266874
36717,0.001958,172.217.194.0-255,4320,105178,61,266874
36718,0.00196,172.31.40.0-255,66,105244,61,266874
36719,0.002,172.217.194.0-255,2902,108146,61,266874
36720,0.002002,172.31.40.0-255,66,108212,61,266874
36721,0.002029,172.217.194.0-255,5738,113950,61,266874
36722,0.002031,172.31.40.0-255,66,114016,61,266874
36723,0.002037,172.217.194.0-255,5738,119754,61,266874
36724,0.002039,172.31.40.0-255,66,119820,61,266874
36725,0.002091,172.31.40.0-255,66,119886,61,266874
36726,0.002151,172.217.194.0-255,1484,121370,61,266874
36727,0.002171,172.217.194.0-255,2902,124272,61,266874
36728,0.002173,172.31.40.0-255,66,124338,61,266874
36729,0.002179,172.217.194.0-255,5738,130076,61,266874
36730,0.002182,172.31.40.0-255,66,130142,61,266874
36731,0.002209,172.217.194.0-255,4320,134462,61,266874
36732,0.002211,172.31.40.0-255,66,134528,61,266874
36733,0.002239,172.31.40.0-255,66,134594,61,266874
36734,0.002242,172.217.194.0-255,2902,137496,61,266874
36735,0.002245,172.31.40.0-255,66,137562,61,266874
36736,0.00227,172.31.40.0-255,66,137628,61,266874
36737,0.002334,172.31.40.0-255,66,137694,61,266874
36738,0.00235,172.31.40.0-255,66,137760,61,266874
36739,0.002353,172.217.194.0-255,766,138526,61,266874
36740,0.002513,172.217.194.0-255,1484,140010,61,266874
36741,0.002515,172.31.40.0-255,66,140076,61,266874
36742,0.002518,172.217.194.0-255,1484,141560,61,266874
36743,0.002533,172.217.194.0-255,1484,143044,61,266874
36744,0.002535,172.31.40.0-255,66,143110,61,266874
36745,0.002542,172.217.194.0-255,2902,146012,61,266874
36746,0.002544,172.31.40.0-255,66,146078,61,266874
36747,0.002557,172.217.194.0-255,2902,148980,61,266874
36748,0.00256,172.31.40.0-255,66,149046,61,266874
36749,0.002566,172.217.194.0-255,4320,153366,61,266874
36750,0.002569,172.31.40.0-255,66,153432,61,266874
36751,0.002603,172.31.40.0-255,66,153498,61,266874
36752,0.002609,172.217.194.0-255,5738,159236,61,266874
36753,0.002611,172.31.40.0-255,66,159302,61,266874
36754,0.002616,172.217.194.0-255,2902,162204,61,266874
36755,0.002618,172.31.40.0-255,66,162270,61,266874
36756,0.005176,172.217.194.0-255,2902,165172,61,266874
36757,0.00518,172.31.40.0-255,66,165238,61,266874
36758,0.005199,172.217.194.0-255,2902,168140,61,266874
36759,0.0052,172.31.40.0-255,66,168206,61,266874
36760,0.007741,172.217.194.0-255,5738,173944,61,266874
36761,0.007751,172.31.40.0-255,66,174010,61,266874
36762,0.010327,172.217.194.0-255,5738,179748,61,266874
36763,0.010345,172.31.40.0-255,66,179814,61,266874
36764,0.012935,172.217.194.0-255,5738,185552,61,266874
36765,0.012945,172.31.40.0-255,66,185618,61,266874
36766,0.015522,172.217.194.0-255,5738,191356,61,266874
36767,0.015535,172.31.40.0-255,66,191422,61,266874
36768,0.018119,172.217.194.0-255,5738,197160,61,266874
36769,0.018128,172.31.40.0-255,66,197226,61,266874
36770,0.020679,172.217.194.0-255,5738,202964,61,266874
36771,0.020687,172.31.40.0-255,66,203030,61,266874
36772,0.023265,172.217.194.0-255,5738,208768,61,266874
36773,0.023277,172.31.40.0-255,66,208834,61,266874
36774,0.02588,172.217.194.0-255,5738,214572,61,266874
36775,0.025897,172.31.40.0-255,66,214638,61,266874
36776,0.028446,172.217.194.0-255,5738,220376,61,266874
36777,0.028453,172.31.40.0-255,66,220442,61,266874
36778,0.031037,172.217.194.0-255,5738,226180,61,266874
36779,0.031045,172.31.40.0-255,66,226246,61,266874
36780,0.033628,172.217.194.0-255,5738,231984,61,266874
36781,0.033635,172.31.40.0-255,66,232050,61,266874
36782,0.036243,172.217.194.0-255,5738,237788,61,266874
36783,0.036261,172.31.40.0-255,66,237854,61,266874
36784,0.038835,172.217.194.0-255,5738,243592,61,266874
36785,0.038841,172.31.40.0-255,66,243658,61,266874
36786,0.041395,172.217.194.0-255,5738,249396,61,266874
36787,0.041415,172.31.40.0-255,66,249462,61,266874
36788,0.044001,172.217.194.0-255,5738,255200,61,266874
36789,0.044016,172.31.40.0-255,66,255266,61,266874
36790,0.046618,172.217.194.0-255,5738,261004,61,266874
36791,0.046635,172.31.40.0-255,66,261070,61,266874
36792,0.049206,172.217.194.0-255,5738,266808,61,266874
36793,0.049214,172.31.40.0-255,66,266874,61,266874
36794,0.0,172.217.194.0-255,152,152,61,194747
36795,2.2e-05,172.31.40.0-255,66,218,61,194747
36796,3e-05,172.217.194.0-255,1484,1702,61,194747
36797,3.4e-05,172.31.40.0-255,66,1768,61,194747
36798,4.7e-05,172.217.194.0-255,2902,4670,61,194747
36799,5.1e-05,172.31.40.0-255,66,4736,61,194747
36800,5.9e-05,172.217.194.0-255,7156,11892,61,194747
36801,6.3e-05,172.31.40.0-255,66,11958,61,194747
36802,7.4e-05,172.31.40.0-255,66,12024,61,194747
36803,0.000122,172.31.40.0-255,66,12090,61,194747
36804,0.000148,172.217.194.0-255,1484,13574,61,194747
36805,0.000151,172.31.40.0-255,66,13640,61,194747
36806,0.000155,172.217.194.0-255,2902,16542,61,194747
36807,0.000157,172.31.40.0-255,66,16608,61,194747
36808,0.000163,172.217.194.0-255,2902,19510,61,194747
36809,0.000169,172.31.40.0-255,66,19576,61,194747
36810,0.000206,172.217.194.0-255,2902,22478,61,194747
36811,0.000208,172.31.40.0-255,66,22544,61,194747
36812,0.000216,172.217.194.0-255,7156,29700,61,194747
36813,0.000218,172.31.40.0-255,66,29766,61,194747
36814,0.000238,172.31.40.0-255,66,29832,61,194747
36815,0.000242,172.217.194.0-255,2496,32328,61,194747
36816,0.000244,172.31.40.0-255,66,32394,61,194747
36817,0.000275,172.217.194.0-255,365,32759,61,194747
36818,0.000277,172.31.40.0-255,66,32825,61,194747
36819,0.000547,172.217.194.0-255,1484,34309,61,194747
36820,0.000553,172.31.40.0-255,66,34375,61,194747
36821,0.000559,172.217.194.0-255,2902,37277,61,194747
36822,0.000562,172.31.40.0-255,66,37343,61,194747
36823,0.000593,172.217.194.0-255,5738,43081,61,194747
36824,0.000596,172.31.40.0-255,66,43147,61,194747
36825,0.000603,172.217.194.0-255,5738,48885,61,194747
36826,0.000605,172.31.40.0-255,66,48951,61,194747
36827,0.000646,172.31.40.0-255,66,49017,61,194747
36828,0.000652,172.217.194.0-255,5020,54037,61,194747
36829,0.000654,172.31.40.0-255,66,54103,61,194747
36830,0.000774,172.217.194.0-255,1484,55587,61,194747
36831,0.000781,172.217.194.0-255,2902,58489,61,194747
36832,0.000785,172.31.40.0-255,66,58555,61,194747
36833,0.000812,172.217.194.0-255,1484,60039,61,194747
36834,0.000825,172.217.194.0-255,2902,62941,61,194747
36835,0.000828,172.31.40.0-255,66,63007,61,194747
36836,0.000842,172.217.194.0-255,4320,67327,61,194747
36837,0.000848,172.31.40.0-255,66,67393,61,194747
36838,0.000875,172.217.194.0-255,1484,68877,61,194747
36839,0.000886,172.31.40.0-255,66,68943,61,194747
36840,0.000915,172.31.40.0-255,66,69009,61,194747
36841,0.001104,172.217.194.0-255,1484,70493,61,194747
36842,0.001108,172.217.194.0-255,1484,71977,61,194747
36843,0.001111,172.31.40.0-255,66,72043,61,194747
36844,0.001138,172.217.194.0-255,1484,73527,61,194747
36845,0.001145,172.217.194.0-255,5738,79265,61,194747
36846,0.001148,172.31.40.0-255,66,79331,61,194747
36847,0.001153,172.217.194.0-255,4320,83651,61,194747
36848,0.001155,172.31.40.0-255,66,83717,61,194747
36849,0.001174,172.217.194.0-255,2902,86619,61,194747
36850,0.001176,172.31.40.0-255,66,86685,61,194747
36851,0.001181,172.217.194.0-255,4320,91005,61,194747
36852,0.001184,172.31.40.0-255,66,91071,61,194747
36853,0.001217,172.31.40.0-255,66,91137,61,194747
36854,0.001221,172.217.194.0-255,2184,93321,61,194747
36855,0.001223,172.31.40.0-255,66,93387,61,194747
36856,0.001268,172.217.194.0-255,4320,97707,61,194747
36857,0.001272,172.31.40.0-255,66,97773,61,194747
36858,0.001278,172.217.194.0-255,5738,103511,61,194747
36859,0.00128,172.31.40.0-255,66,103577,61,194747
36860,0.001288,172.217.194.0-255,1484,105061,61,194747
36861,0.001322,172.31.40.0-255,66,105127,61,194747
36862,0.001329,172.217.194.0-255,5738,110865,61,194747
36863,0.001331,172.31.40.0-255,66,110931,61,194747
36864,0.001383,172.217.194.0-255,2902,113833,61,194747
36865,0.001387,172.31.40.0-255,66,113899,61,194747
36866,0.001415,172.217.194.0-255,3602,117501,61,194747
36867,0.001418,172.31.40.0-255,66,117567,61,194747
36868,0.001542,172.217.194.0-255,1484,119051,61,194747
36869,0.001549,172.217.194.0-255,2902,121953,61,194747
36870,0.001552,172.31.40.0-255,66,122019,61,194747
36871,0.001559,172.217.194.0-255,4320,126339,61,194747
36872,0.001561,172.31.40.0-255,66,126405,61,194747
36873,0.001591,172.217.194.0-255,1484,127889,61,194747
36874,0.001595,172.217.194.0-255,2902,130791,61,194747
36875,0.001598,172.31.40.0-255,66,130857,61,194747
36876,0.001647,172.31.40.0-255,66,130923,61,194747
36877,0.00165,172.217.194.0-255,1484,132407,61,194747
36878,0.001662,172.31.40.0-255,66,132473,61,194747
36879,0.001696,172.217.194.0-255,1484,133957,61,194747
36880,0.001717,172.217.194.0-255,2902,136859,61,194747
36881,0.001719,172.31.40.0-255,66,136925,61,194747
36882,0.001726,172.217.194.0-255,5738,142663,61,194747
36883,0.001728,172.31.40.0-255,66,142729,61,194747
36884,0.001774,172.31.40.0-255,66,142795,61,194747
36885,0.00178,172.217.194.0-255,4320,147115,61,194747
36886,0.001782,172.31.40.0-255,66,147181,61,194747
36887,0.001877,172.217.194.0-255,1484,148665,61,194747
36888,0.001894,172.217.194.0-255,5020,153685,61,194747
36889,0.001901,172.217.194.0-255,7156,160841,61,194747
36890,0.001936,172.217.194.0-255,4320,165161,61,194747
36891,0.001978,172.217.194.0-255,7156,172317,61,194747
36892,0.00203,172.217.194.0-255,5738,178055,61,194747
36893,0.002043,172.217.194.0-255,4320,182375,61,194747
36894,0.002149,172.217.194.0-255,3977,186352,61,194747
36895,0.002153,172.217.194.0-255,105,186457,61,194747
36896,0.011713,172.217.194.0-255,105,186562,61,194747
36897,0.011737,172.31.40.0-255,78,186640,61,194747
36898,0.017319,172.31.40.0-255,105,186745,61,194747
36899,0.019616,172.217.194.0-255,66,186811,61,194747
36900,0.043765,172.31.40.0-255,172,186983,61,194747
36901,0.043796,172.31.40.0-255,1116,188099,61,194747
36902,0.043865,172.31.40.0-255,1514,189613,61,194747
36903,0.043868,172.31.40.0-255,1514,191127,61,194747
36904,0.043869,172.31.40.0-255,1514,192641,61,194747
36905,0.04387,172.31.40.0-255,1514,194155,61,194747
36906,0.043871,172.31.40.0-255,526,194681,61,194747
36907,0.04595,104.244.42.0-255,66,194747,61,194747
36908,0.0,172.253.118.0-255,150,150,61,235829
36909,1.4e-05,172.31.40.0-255,66,216,61,235829
36910,2e-05,172.253.118.0-255,1484,1700,61,235829
36911,2.4e-05,172.31.40.0-255,66,1766,61,235829
36912,2.9e-05,172.253.118.0-255,2902,4668,61,235829
36913,3.9e-05,172.31.40.0-255,66,4734,61,235829
36914,7.7e-05,172.253.118.0-255,7156,11890,61,235829
36915,8e-05,172.31.40.0-255,66,11956,61,235829
36916,8.5e-05,172.253.118.0-255,2018,13974,61,235829
36917,8.7e-05,172.31.40.0-255,66,14040,61,235829
36918,0.000251,172.253.118.0-255,1484,15524,61,235829
36919,0.000256,172.31.40.0-255,66,15590,61,235829
36920,0.000262,172.253.118.0-255,2902,18492,61,235829
36921,0.000265,172.31.40.0-255,66,18558,61,235829
36922,0.000268,172.253.118.0-255,1484,20042,61,235829
36923,0.00027,172.31.40.0-255,66,20108,61,235829
36924,0.000306,172.253.118.0-255,4320,24428,61,235829
36925,0.000309,172.31.40.0-255,66,24494,61,235829
36926,0.000314,172.253.118.0-255,4320,28814,61,235829
36927,0.000316,172.31.40.0-255,66,28880,61,235829
36928,0.000354,172.31.40.0-255,66,28946,61,235829
36929,0.000374,172.253.118.0-255,1484,30430,61,235829
36930,0.000376,172.31.40.0-255,66,30496,61,235829
36931,0.000406,172.253.118.0-255,5379,35875,61,235829
36932,0.000409,172.31.40.0-255,66,35941,61,235829
36933,0.000956,172.253.118.0-255,1484,37425,61,235829
36934,0.000963,172.31.40.0-255,66,37491,61,235829
36935,0.000982,172.253.118.0-255,2902,40393,61,235829
36936,0.000985,172.31.40.0-255,66,40459,61,235829
36937,0.001006,172.253.118.0-255,5738,46197,61,235829
36938,0.00101,172.31.40.0-255,66,46263,61,235829
36939,0.001048,172.253.118.0-255,2902,49165,61,235829
36940,0.001053,172.31.40.0-255,66,49231,61,235829
36941,0.001071,172.253.118.0-255,3961,53192,61,235829
36942,0.001074,172.31.40.0-255,66,53258,61,235829
36943,0.001085,172.253.118.0-255,7156,60414,61,235829
36944,0.001088,172.31.40.0-255,66,60480,61,235829
36945,0.001092,172.253.118.0-255,2902,63382,61,235829
36946,0.001095,172.31.40.0-255,66,63448,61,235829
36947,0.001098,172.253.118.0-255,1484,64932,61,235829
36948,0.001139,172.253.118.0-255,2902,67834,61,235829
36949,0.001142,172.253.118.0-255,2902,70736,61,235829
36950,0.001147,172.31.40.0-255,66,70802,61,235829
36951,0.001155,172.31.40.0-255,66,70868,61,235829
36952,0.001157,172.31.40.0-255,66,70934,61,235829
36953,0.001161,172.253.118.0-255,1484,72418,61,235829
36954,0.00117,172.253.118.0-255,2902,75320,61,235829
36955,0.001172,172.31.40.0-255,66,75386,61,235829
36956,0.001199,172.253.118.0-255,2184,77570,61,235829
36957,0.001206,172.31.40.0-255,66,77636,61,235829
36958,0.001209,172.253.118.0-255,645,78281,61,235829
36959,0.00153,172.253.118.0-255,1484,79765,61,235829
36960,0.001535,172.31.40.0-255,66,79831,61,235829
36961,0.00154,172.253.118.0-255,1484,81315,61,235829
36962,0.001555,172.253.118.0-255,1484,82799,61,235829
36963,0.001558,172.31.40.0-255,66,82865,61,235829
36964,0.001564,172.253.118.0-255,4320,87185,61,235829
36965,0.001566,172.31.40.0-255,66,87251,61,235829
36966,0.001598,172.253.118.0-255,1484,88735,61,235829
36967,0.001613,172.31.40.0-255,66,88801,61,235829
36968,0.001627,172.31.40.0-255,66,88867,61,235829
36969,0.003626,172.253.118.0-255,5738,94605,61,235829
36970,0.003632,172.31.40.0-255,66,94671,61,235829
36971,0.00562,172.253.118.0-255,5738,100409,61,235829
36972,0.005623,172.31.40.0-255,66,100475,61,235829
36973,0.00759,172.253.118.0-255,5738,106213,61,235829
36974,0.007596,172.31.40.0-255,66,106279,61,235829
36975,0.009585,172.253.118.0-255,5738,112017,61,235829
36976,0.009592,172.31.40.0-255,66,112083,61,235829
36977,0.011573,172.253.118.0-255,5738,117821,61,235829
36978,0.011582,172.31.40.0-255,66,117887,61,235829
36979,0.013566,172.253.118.0-255,5738,123625,61,235829
36980,0.013575,172.31.40.0-255,66,123691,61,235829
36981,0.015557,172.253.118.0-255,5738,129429,61,235829
36982,0.015565,172.31.40.0-255,66,129495,61,235829
36983,0.017553,172.253.118.0-255,5738,135233,61,235829
36984,0.01756,172.31.40.0-255,66,135299,61,235829
36985,0.019556,172.253.118.0-255,5738,141037,61,235829
36986,0.019563,172.31.40.0-255,66,141103,61,235829
36987,0.021556,172.253.118.0-255,5738,146841,61,235829
36988,0.021563,172.31.40.0-255,66,146907,61,235829
36989,0.023535,172.253.118.0-255,5738,152645,61,235829
36990,0.023543,172.31.40.0-255,66,152711,61,235829
36991,0.02554,172.253.118.0-255,5738,158449,61,235829
36992,0.025549,172.31.40.0-255,66,158515,61,235829
36993,0.027544,172.253.118.0-255,5738,164253,61,235829
36994,0.027551,172.31.40.0-255,66,164319,61,235829
36995,0.029541,172.253.118.0-255,5738,170057,61,235829
36996,0.029548,172.31.40.0-255,66,170123,61,235829
36997,0.031527,172.253.118.0-255,5738,175861,61,235829
36998,0.031535,172.31.40.0-255,66,175927,61,235829
36999,0.03336,172.31.40.0-255,167,176094,61,235829
37000,0.03339,172.31.40.0-255,1119,177213,61,235829
37001,0.033456,172.31.40.0-255,1514,178727,61,235829
37002,0.033458,172.31.40.0-255,1514,180241,61,235829
37003,0.033463,172.31.40.0-255,1514,181755,61,235829
37004,0.033464,172.31.40.0-255,1514,183269,61,235829
37005,0.033483,172.31.40.0-255,1478,184747,61,235829
37006,0.033534,172.253.118.0-255,4320,189067,61,235829
37007,0.033539,172.31.40.0-255,66,189133,61,235829
37008,0.033564,172.253.118.0-255,1484,190617,61,235829
37009,0.034923,104.244.42.0-255,66,190683,61,235829
37010,0.034932,104.244.42.0-255,66,190749,61,235829
37011,0.035047,104.244.42.0-255,66,190815,61,235829
37012,0.035519,172.253.118.0-255,4320,195135,61,235829
37013,0.035526,172.31.40.0-255,66,195201,61,235829
37014,0.037514,172.253.118.0-255,5738,200939,61,235829
37015,0.037521,172.31.40.0-255,66,201005,61,235829
37016,0.039501,172.253.118.0-255,5738,206743,61,235829
37017,0.039507,172.31.40.0-255,66,206809,61,235829
37018,0.041492,172.253.118.0-255,5738,212547,61,235829
37019,0.041498,172.31.40.0-255,66,212613,61,235829
37020,0.043483,172.253.118.0-255,5738,218351,61,235829
37021,0.04349,172.31.40.0-255,66,218417,61,235829
37022,0.04549,172.253.118.0-255,5738,224155,61,235829
37023,0.045496,172.31.40.0-255,66,224221,61,235829
37024,0.047483,172.253.118.0-255,5738,229959,61,235829
37025,0.04749,172.31.40.0-255,66,230025,61,235829
37026,0.049481,172.253.118.0-255,5738,235763,61,235829
37027,0.049487,172.31.40.0-255,66,235829,61,235829
37028,0.0,172.217.194.0-255,153,153,61,265585
37029,3.7e-05,172.31.40.0-255,66,219,61,265585
37030,4.6e-05,172.217.194.0-255,1484,1703,61,265585
37031,5e-05,172.31.40.0-255,66,1769,61,265585
37032,5.7e-05,172.217.194.0-255,2902,4671,61,265585
37033,6.1e-05,172.31.40.0-255,66,4737,61,265585
37034,6.9e-05,172.217.194.0-255,5738,10475,61,265585
37035,7.2e-05,172.31.40.0-255,66,10541,61,265585
37036,8.9e-05,172.31.40.0-255,66,10607,61,265585
37037,0.000115,172.217.194.0-255,6797,17404,61,265585
37038,0.000117,172.31.40.0-255,66,17470,61,265585
37039,0.000157,172.217.194.0-255,1484,18954,61,265585
37040,0.00016,172.31.40.0-255,66,19020,61,265585
37041,0.000166,172.217.194.0-255,2902,21922,61,265585
37042,0.000168,172.31.40.0-255,66,21988,61,265585
37043,0.000171,172.217.194.0-255,1484,23472,61,265585
37044,0.000173,172.31.40.0-255,66,23538,61,265585
37045,0.000202,172.217.194.0-255,4320,27858,61,265585
37046,0.000205,172.31.40.0-255,66,27924,61,265585
37047,0.000208,172.217.194.0-255,1484,29408,61,265585
37048,0.00021,172.31.40.0-255,66,29474,61,265585
37049,0.000235,172.31.40.0-255,66,29540,61,265585
37050,0.000248,172.31.40.0-255,66,29606,61,265585
37051,0.000273,172.217.194.0-255,1761,31367,61,265585
37052,0.000275,172.31.40.0-255,66,31433,61,265585
37053,0.000279,172.217.194.0-255,2902,34335,61,265585
37054,0.000282,172.31.40.0-255,66,34401,61,265585
37055,0.00031,172.217.194.0-255,7156,41557,61,265585
37056,0.000313,172.31.40.0-255,66,41623,61,265585
37057,0.000319,172.217.194.0-255,5691,47314,61,265585
37058,0.000322,172.31.40.0-255,66,47380,61,265585
37059,0.000364,172.217.194.0-255,1484,48864,61,265585
37060,0.00037,172.217.194.0-255,2902,51766,61,265585
37061,0.000372,172.31.40.0-255,66,51832,61,265585
37062,0.000375,172.217.194.0-255,1484,53316,61,265585
37063,0.000394,172.217.194.0-255,4320,57636,61,265585
37064,0.000397,172.31.40.0-255,66,57702,61,265585
37065,0.000418,172.217.194.0-255,6797,64499,61,265585
37066,0.000421,172.31.40.0-255,66,64565,61,265585
37067,0.001396,172.217.194.0-255,1484,66049,61,265585
37068,0.001403,172.217.194.0-255,1484,67533,61,265585
37069,0.001408,172.31.40.0-255,66,67599,61,265585
37070,0.001428,172.217.194.0-255,1484,69083,61,265585
37071,0.001436,172.217.194.0-255,5738,74821,61,265585
37072,0.001438,172.31.40.0-255,66,74887,61,265585
37073,0.00149,172.31.40.0-255,66,74953,61,265585
37074,0.001504,172.31.40.0-255,66,75019,61,265585
37075,0.001661,172.217.194.0-255,1484,76503,61,265585
37076,0.001666,172.217.194.0-255,1484,77987,61,265585
37077,0.00167,172.31.40.0-255,66,78053,61,265585
37078,0.001691,172.217.194.0-255,1484,79537,61,265585
37079,0.001698,172.217.194.0-255,5738,85275,61,265585
37080,0.001701,172.31.40.0-255,66,85341,61,265585
37081,0.001712,172.31.40.0-255,66,85407,61,265585
37082,0.001764,172.31.40.0-255,66,85473,61,265585
37083,0.001784,172.217.194.0-255,5020,90493,61,265585
37084,0.001787,172.31.40.0-255,66,90559,61,265585
37085,0.002061,172.217.194.0-255,1484,92043,61,265585
37086,0.002067,172.217.194.0-255,2902,94945,61,265585
37087,0.00207,172.31.40.0-255,66,95011,61,265585
37088,0.002074,172.217.194.0-255,1484,96495,61,265585
37089,0.002092,172.217.194.0-255,4320,100815,61,265585
37090,0.002095,172.31.40.0-255,66,100881,61,265585
37091,0.002133,172.217.194.0-255,4320,105201,61,265585
37092,0.002135,172.31.40.0-255,66,105267,61,265585
37093,0.002163,172.31.40.0-255,66,105333,61,265585
37094,0.002177,172.31.40.0-255,66,105399,61,265585
37095,0.002233,172.217.194.0-255,1484,106883,61,265585
37096,0.002259,172.217.194.0-255,2902,109785,61,265585
37097,0.002262,172.31.40.0-255,66,109851,61,265585
37098,0.00227,172.217.194.0-255,5738,115589,61,265585
37099,0.002272,172.31.40.0-255,66,115655,61,265585
37100,0.002279,172.217.194.0-255,7156,122811,61,265585
37101,0.002282,172.31.40.0-255,66,122877,61,265585
37102,0.002317,172.31.40.0-255,66,122943,61,265585
37103,0.002353,172.217.194.0-255,2184,125127,61,265585
37104,0.002356,172.31.40.0-255,66,125193,61,265585
37105,0.00243,172.217.194.0-255,1484,126677,61,265585
37106,0.002443,172.217.194.0-255,2902,129579,61,265585
37107,0.002446,172.31.40.0-255,66,129645,61,265585
37108,0.002475,172.217.194.0-255,5738,135383,61,265585
37109,0.002478,172.31.40.0-255,66,135449,61,265585
37110,0.002483,172.217.194.0-255,2902,138351,61,265585
37111,0.002485,172.31.40.0-255,66,138417,61,265585
37112,0.002507,172.217.194.0-255,4320,142737,61,265585
37113,0.002509,172.31.40.0-255,66,142803,61,265585
37114,0.002516,172.217.194.0-255,5738,148541,61,265585
37115,0.002518,172.31.40.0-255,66,148607,61,265585
37116,0.002552,172.31.40.0-255,66,148673,61,265585
37117,0.002557,172.217.194.0-255,2184,150857,61,265585
37118,0.002559,172.31.40.0-255,66,150923,61,265585
37119,0.002563,172.217.194.0-255,2902,153825,61,265585
37120,0.002565,172.31.40.0-255,66,153891,61,265585
37121,0.002572,172.217.194.0-255,7156,161047,61,265585
37122,0.002575,172.31.40.0-255,66,161113,61,265585
37123,0.00511,172.217.194.0-255,5738,166851,61,265585
37124,0.005124,172.31.40.0-255,66,166917,61,265585
37125,0.007665,172.217.194.0-255,5738,172655,61,265585
37126,0.007671,172.31.40.0-255,66,172721,61,265585
37127,0.010191,172.217.194.0-255,5738,178459,61,265585
37128,0.010201,172.31.40.0-255,66,178525,61,265585
37129,0.01276,172.217.194.0-255,5738,184263,61,265585
37130,0.012775,172.31.40.0-255,66,184329,61,265585
37131,0.01532,172.217.194.0-255,5738,190067,61,265585
37132,0.015337,172.31.40.0-255,66,190133,61,265585
37133,0.017897,172.217.194.0-255,5738,195871,61,265585
37134,0.017915,172.31.40.0-255,66,195937,61,265585
37135,0.020456,172.217.194.0-255,5738,201675,61,265585
37136,0.020477,172.31.40.0-255,66,201741,61,265585
37137,0.023044,172.217.194.0-255,5738,207479,61,265585
37138,0.023057,172.31.40.0-255,66,207545,61,265585
37139,0.025614,172.217.194.0-255,5738,213283,61,265585
37140,0.025625,172.31.40.0-255,66,213349,61,265585
37141,0.028168,172.217.194.0-255,5738,219087,61,265585
37142,0.028185,172.31.40.0-255,66,219153,61,265585
37143,0.030749,172.217.194.0-255,5738,224891,61,265585
37144,0.030763,172.31.40.0-255,66,224957,61,265585
37145,0.033308,172.217.194.0-255,5738,230695,61,265585
37146,0.033319,172.31.40.0-255,66,230761,61,265585
37147,0.035863,172.217.194.0-255,5738,236499,61,265585
37148,0.035881,172.31.40.0-255,66,236565,61,265585
37149,0.038429,172.217.194.0-255,5738,242303,61,265585
37150,0.038445,172.31.40.0-255,66,242369,61,265585
37151,0.041035,172.217.194.0-255,5738,248107,61,265585
37152,0.041063,172.31.40.0-255,66,248173,61,265585
37153,0.043715,172.217.194.0-255,5738,253911,61,265585
37154,0.043731,172.31.40.0-255,66,253977,61,265585
37155,0.046296,172.217.194.0-255,5738,259715,61,265585
37156,0.046317,172.31.40.0-255,66,259781,61,265585
37157,0.048862,172.217.194.0-255,5738,265519,61,265585
37158,0.048874,172.31.40.0-255,66,265585,61,265585
37159,0.0,74.125.68.0-255,150,150,61,337069
37160,1.7e-05,172.31.40.0-255,66,216,61,337069
37161,2.4e-05,74.125.68.0-255,1484,1700,61,337069
37162,2.8e-05,172.31.40.0-255,66,1766,61,337069
37163,3.3e-05,74.125.68.0-255,2902,4668,61,337069
37164,3.7e-05,172.31.40.0-255,66,4734,61,337069
37165,4.3e-05,74.125.68.0-255,4320,9054,61,337069
37166,4.6e-05,172.31.40.0-255,66,9120,61,337069
37167,0.000111,172.31.40.0-255,66,9186,61,337069
37168,0.000122,172.31.40.0-255,66,9252,61,337069
37169,0.000126,74.125.68.0-255,2543,11795,61,337069
37170,0.000129,172.31.40.0-255,66,11861,61,337069
37171,0.000254,74.125.68.0-255,1484,13345,61,337069
37172,0.000258,172.31.40.0-255,66,13411,61,337069
37173,0.000263,74.125.68.0-255,2902,16313,61,337069
37174,0.000265,172.31.40.0-255,66,16379,61,337069
37175,0.000289,74.125.68.0-255,2902,19281,61,337069
37176,0.000292,172.31.40.0-255,66,19347,61,337069
37177,0.00031,74.125.68.0-255,2902,22249,61,337069
37178,0.000313,172.31.40.0-255,66,22315,61,337069
37179,0.000318,74.125.68.0-255,4320,26635,61,337069
37180,0.00032,172.31.40.0-255,66,26701,61,337069
37181,0.00036,172.31.40.0-255,66,26767,61,337069
37182,0.000386,74.125.68.0-255,6797,33564,61,337069
37183,0.000389,172.31.40.0-255,66,33630,61,337069
37184,0.000417,74.125.68.0-255,679,34309,61,337069
37185,0.00042,172.31.40.0-255,66,34375,61,337069
37186,0.000687,74.125.68.0-255,1484,35859,61,337069
37187,0.000691,172.31.40.0-255,66,35925,61,337069
37188,0.00071,74.125.68.0-255,1484,37409,61,337069
37189,0.000725,74.125.68.0-255,1484,38893,61,337069
37190,0.000728,172.31.40.0-255,66,38959,61,337069
37191,0.000755,74.125.68.0-255,2902,41861,61,337069
37192,0.000759,172.31.40.0-255,66,41927,61,337069
37193,0.000781,74.125.68.0-255,2902,44829,61,337069
37194,0.000784,172.31.40.0-255,66,44895,61,337069
37195,0.000792,74.125.68.0-255,7156,52051,61,337069
37196,0.000794,172.31.40.0-255,66,52117,61,337069
37197,0.000805,172.31.40.0-255,66,52183,61,337069
37198,0.000816,172.31.40.0-255,66,52249,61,337069
37199,0.000863,74.125.68.0-255,1484,53733,61,337069
37200,0.000869,74.125.68.0-255,2902,56635,61,337069
37201,0.000872,172.31.40.0-255,66,56701,61,337069
37202,0.000876,74.125.68.0-255,1484,58185,61,337069
37203,0.000899,74.125.68.0-255,4320,62505,61,337069
37204,0.000902,172.31.40.0-255,66,62571,61,337069
37205,0.000907,74.125.68.0-255,2902,65473,61,337069
37206,0.000908,172.31.40.0-255,66,65539,61,337069
37207,0.000924,74.125.68.0-255,1484,67023,61,337069
37208,0.000931,74.125.68.0-255,5738,72761,61,337069
37209,0.000934,172.31.40.0-255,66,72827,61,337069
37210,0.000978,74.125.68.0-255,5738,78565,61,337069
37211,0.000982,172.31.40.0-255,66,78631,61,337069
37212,0.001004,74.125.68.0-255,5738,84369,61,337069
37213,0.001007,172.31.40.0-255,66,84435,61,337069
37214,0.00101,74.125.68.0-255,2184,86619,61,337069
37215,0.001012,172.31.40.0-255,66,86685,61,337069
37216,0.001063,74.125.68.0-255,1484,88169,61,337069
37217,0.001082,74.125.68.0-255,2902,91071,61,337069
37218,0.001086,172.31.40.0-255,66,91137,61,337069
37219,0.001105,74.125.68.0-255,1484,92621,61,337069
37220,0.00111,74.125.68.0-255,2902,95523,61,337069
37221,0.001112,172.31.40.0-255,66,95589,61,337069
37222,0.001119,74.125.68.0-255,4320,99909,61,337069
37223,0.001121,172.31.40.0-255,66,99975,61,337069
37224,0.001141,74.125.68.0-255,1484,101459,61,337069
37225,0.001207,172.31.40.0-255,66,101525,61,337069
37226,0.001214,74.125.68.0-255,7156,108681,61,337069
37227,0.001217,172.31.40.0-255,66,108747,61,337069
37228,0.001235,74.125.68.0-255,2184,110931,61,337069
37229,0.001238,172.31.40.0-255,66,110997,61,337069
37230,0.001286,74.125.68.0-255,1484,112481,61,337069
37231,0.001301,74.125.68.0-255,1484,113965,61,337069
37232,0.001304,172.31.40.0-255,66,114031,61,337069
37233,0.001323,74.125.68.0-255,1484,115515,61,337069
37234,0.001328,74.125.68.0-255,4320,119835,61,337069
37235,0.001331,172.31.40.0-255,66,119901,61,337069
37236,0.001348,74.125.68.0-255,1484,121385,61,337069
37237,0.001354,74.125.68.0-255,4320,125705,61,337069
37238,0.001356,172.31.40.0-255,66,125771,61,337069
37239,0.001378,74.125.68.0-255,1484,127255,61,337069
37240,0.001396,74.125.68.0-255,4320,131575,61,337069
37241,0.001399,172.31.40.0-255,66,131641,61,337069
37242,0.001467,74.125.68.0-255,4320,135961,61,337069
37243,0.001471,172.31.40.0-255,66,136027,61,337069
37244,0.001489,74.125.68.0-255,2902,138929,61,337069
37245,0.001492,172.31.40.0-255,66,138995,61,337069
37246,0.001499,74.125.68.0-255,6438,145433,61,337069
37247,0.001501,172.31.40.0-255,66,145499,61,337069
37248,0.001509,74.125.68.0-255,7156,152655,61,337069
37249,0.001511,172.31.40.0-255,66,152721,61,337069
37250,0.001514,74.125.68.0-255,1484,154205,61,337069
37251,0.001518,74.125.68.0-255,2902,157107,61,337069
37252,0.001521,172.31.40.0-255,66,157173,61,337069
37253,0.001566,74.125.68.0-255,4320,161493,61,337069
37254,0.00157,172.31.40.0-255,66,161559,61,337069
37255,0.001585,74.125.68.0-255,1484,163043,61,337069
37256,0.001588,74.125.68.0-255,1484,164527,61,337069
37257,0.00159,172.31.40.0-255,66,164593,61,337069
37258,0.001616,172.31.40.0-255,66,164659,61,337069
37259,0.00162,74.125.68.0-255,2902,167561,61,337069
37260,0.001622,172.31.40.0-255,66,167627,61,337069
37261,0.001627,74.125.68.0-255,3602,171229,61,337069
37262,0.001629,172.31.40.0-255,66,171295,61,337069
37263,0.001985,74.125.68.0-255,1484,172779,61,337069
37264,0.002042,74.125.68.0-255,2902,175681,61,337069
37265,0.002046,172.31.40.0-255,66,175747,61,337069
37266,0.002049,74.125.68.0-255,1484,177231,61,337069
37267,0.002056,74.125.68.0-255,5738,182969,61,337069
37268,0.002058,172.31.40.0-255,66,183035,61,337069
37269,0.002067,74.125.68.0-255,2902,185937,61,337069
37270,0.002069,172.31.40.0-255,66,186003,61,337069
37271,0.00209,74.125.68.0-255,1484,187487,61,337069
37272,0.002097,74.125.68.0-255,5738,193225,61,337069
37273,0.002099,172.31.40.0-255,66,193291,61,337069
37274,0.002117,74.125.68.0-255,2902,196193,61,337069
37275,0.00212,172.31.40.0-255,66,196259,61,337069
37276,0.002142,74.125.68.0-255,2902,199161,61,337069
37277,0.002145,172.31.40.0-255,66,199227,61,337069
37278,0.002152,74.125.68.0-255,6438,205665,61,337069
37279,0.002154,172.31.40.0-255,66,205731,61,337069
37280,0.002247,74.125.68.0-255,1484,207215,61,337069
37281,0.00226,74.125.68.0-255,1484,208699,61,337069
37282,0.002263,172.31.40.0-255,66,208765,61,337069
37283,0.002267,74.125.68.0-255,1484,210249,61,337069
37284,0.002284,74.125.68.0-255,1484,211733,61,337069
37285,0.002287,172.31.40.0-255,66,211799,61,337069
37286,0.002309,74.125.68.0-255,5738,217537,61,337069
37287,0.002311,172.31.40.0-255,66,217603,61,337069
37288,0.002315,74.125.68.0-255,1484,219087,61,337069
37289,0.004613,74.125.68.0-255,4320,223407,61,337069
37290,0.004621,172.31.40.0-255,66,223473,61,337069
37291,0.006934,74.125.68.0-255,5738,229211,61,337069
37292,0.006941,172.31.40.0-255,66,229277,61,337069
37293,0.009253,74.125.68.0-255,5738,235015,61,337069
37294,0.009259,172.31.40.0-255,66,235081,61,337069
37295,0.011594,74.125.68.0-255,5738,240819,61,337069
37296,0.01161,172.31.40.0-255,66,240885,61,337069
37297,0.013925,74.125.68.0-255,5738,246623,61,337069
37298,0.013932,172.31.40.0-255,66,246689,61,337069
37299,0.016262,74.125.68.0-255,5738,252427,61,337069
37300,0.01627,172.31.40.0-255,66,252493,61,337069
37301,0.018585,74.125.68.0-255,5738,258231,61,337069
37302,0.018593,172.31.40.0-255,66,258297,61,337069
37303,0.020905,74.125.68.0-255,5738,264035,61,337069
37304,0.020914,172.31.40.0-255,66,264101,61,337069
37305,0.023218,74.125.68.0-255,5738,269839,61,337069
37306,0.023227,172.31.40.0-255,66,269905,61,337069
37307,0.025552,74.125.68.0-255,5738,275643,61,337069
37308,0.025567,172.31.40.0-255,66,275709,61,337069
37309,0.027876,74.125.68.0-255,5738,281447,61,337069
37310,0.027885,172.31.40.0-255,66,281513,61,337069
37311,0.030189,74.125.68.0-255,5738,287251,61,337069
37312,0.030201,172.31.40.0-255,66,287317,61,337069
37313,0.032525,74.125.68.0-255,5738,293055,61,337069
37314,0.032532,172.31.40.0-255,66,293121,61,337069
37315,0.03483,74.125.68.0-255,5738,298859,61,337069
37316,0.034836,172.31.40.0-255,66,298925,61,337069
37317,0.037152,74.125.68.0-255,5738,304663,61,337069
37318,0.037169,172.31.40.0-255,66,304729,61,337069
37319,0.039482,74.125.68.0-255,5738,310467,61,337069
37320,0.03949,172.31.40.0-255,66,310533,61,337069
37321,0.041854,74.125.68.0-255,5738,316271,61,337069
37322,0.041869,172.31.40.0-255,66,316337,61,337069
37323,0.044188,74.125.68.0-255,5738,322075,61,337069
37324,0.044196,172.31.40.0-255,66,322141,61,337069
37325,0.045374,172.31.40.0-255,167,322308,61,337069
37326,0.045407,172.31.40.0-255,1116,323424,61,337069
37327,0.045463,172.31.40.0-255,1514,324938,61,337069
37328,0.045464,172.31.40.0-255,325,325263,61,337069
37329,0.046497,74.125.68.0-255,5738,331001,61,337069
37330,0.046506,172.31.40.0-255,66,331067,61,337069
37331,0.046967,104.244.42.0-255,66,331133,61,337069
37332,0.046975,104.244.42.0-255,66,331199,61,337069
37333,0.047091,104.244.42.0-255,66,331265,61,337069
37334,0.048811,74.125.68.0-255,5738,337003,61,337069
37335,0.048818,172.31.40.0-255,66,337069,61,337069
37336,0.0,172.253.118.0-255,148,148,61,166443
37337,2.5e-05,172.31.40.0-255,66,214,61,166443
37338,3.3e-05,172.253.118.0-255,1484,1698,61,166443
37339,3.7e-05,172.31.40.0-255,66,1764,61,166443
37340,4.3e-05,172.253.118.0-255,2902,4666,61,166443
37341,5.4e-05,172.31.40.0-255,66,4732,61,166443
37342,6.1e-05,172.253.118.0-255,5738,10470,61,166443
37343,6.4e-05,172.31.40.0-255,66,10536,61,166443
37344,6.7e-05,172.253.118.0-255,1484,12020,61,166443
37345,7e-05,172.31.40.0-255,66,12086,61,166443
37346,0.000106,172.31.40.0-255,66,12152,61,166443
37347,0.000135,172.253.118.0-255,2111,14263,61,166443
37348,0.000137,172.31.40.0-255,66,14329,61,166443
37349,0.000148,172.31.40.0-255,66,14395,61,166443
37350,0.000202,172.253.118.0-255,1484,15879,61,166443
37351,0.000205,172.31.40.0-255,66,15945,61,166443
37352,0.00021,172.253.118.0-255,2902,18847,61,166443
37353,0.000212,172.31.40.0-255,66,18913,61,166443
37354,0.000235,172.253.118.0-255,2902,21815,61,166443
37355,0.000241,172.31.40.0-255,66,21881,61,166443
37356,0.000258,172.253.118.0-255,2902,24783,61,166443
37357,0.000261,172.31.40.0-255,66,24849,61,166443
37358,0.000291,172.31.40.0-255,66,24915,61,166443
37359,0.000331,172.253.118.0-255,4320,29235,61,166443
37360,0.000334,172.31.40.0-255,66,29301,61,166443
37361,0.000361,172.253.118.0-255,7073,36374,61,166443
37362,0.000363,172.31.40.0-255,66,36440,61,166443
37363,0.000366,172.253.118.0-255,125,36565,61,166443
37364,0.000369,172.31.40.0-255,66,36631,61,166443
37365,0.002947,172.253.118.0-255,1484,38115,61,166443
37366,0.00296,172.253.118.0-255,2902,41017,61,166443
37367,0.002965,172.31.40.0-255,66,41083,61,166443
37368,0.002971,172.253.118.0-255,1484,42567,61,166443
37369,0.005227,172.253.118.0-255,4320,46887,61,166443
37370,0.005235,172.31.40.0-255,66,46953,61,166443
37371,0.00749,172.253.118.0-255,4320,51273,61,166443
37372,0.007494,172.31.40.0-255,66,51339,61,166443
37373,0.007513,172.253.118.0-255,1484,52823,61,166443
37374,0.009742,172.253.118.0-255,4320,57143,61,166443
37375,0.009749,172.31.40.0-255,66,57209,61,166443
37376,0.012036,172.253.118.0-255,5738,62947,61,166443
37377,0.012045,172.31.40.0-255,66,63013,61,166443
37378,0.014304,172.253.118.0-255,5738,68751,61,166443
37379,0.014311,172.31.40.0-255,66,68817,61,166443
37380,0.016622,172.253.118.0-255,5738,74555,61,166443
37381,0.016632,172.31.40.0-255,66,74621,61,166443
37382,0.018918,172.253.118.0-255,5738,80359,61,166443
37383,0.018932,172.31.40.0-255,66,80425,61,166443
37384,0.021187,172.253.118.0-255,5738,86163,61,166443
37385,0.021196,172.31.40.0-255,66,86229,61,166443
37386,0.023473,172.253.118.0-255,5738,91967,61,166443
37387,0.023486,172.31.40.0-255,66,92033,61,166443
37388,0.025779,172.253.118.0-255,5738,97771,61,166443
37389,0.025797,172.31.40.0-255,66,97837,61,166443
37390,0.028075,172.253.118.0-255,5738,103575,61,166443
37391,0.028083,172.31.40.0-255,66,103641,61,166443
37392,0.028805,172.31.40.0-255,172,103813,61,166443
37393,0.028833,172.31.40.0-255,1120,104933,61,166443
37394,0.028897,172.31.40.0-255,1514,106447,61,166443
37395,0.028899,172.31.40.0-255,1514,107961,61,166443
37396,0.028905,172.31.40.0-255,1514,109475,61,166443
37397,0.028906,172.31.40.0-255,1514,110989,61,166443
37398,0.028925,172.31.40.0-255,1514,112503,61,166443
37399,0.02893,172.31.40.0-255,1158,113661,61,166443
37400,0.03034,104.244.42.0-255,66,113727,61,166443
37401,0.030372,172.253.118.0-255,5738,119465,61,166443
37402,0.030378,172.31.40.0-255,66,119531,61,166443
37403,0.030402,104.244.42.0-255,66,119597,61,166443
37404,0.030501,104.244.42.0-255,66,119663,61,166443
37405,0.030508,104.244.42.0-255,66,119729,61,166443
37406,0.031175,104.244.42.0-255,108,119837,61,166443
37407,0.031186,172.31.40.0-255,66,119903,61,166443
37408,0.032674,172.253.118.0-255,5738,125641,61,166443
37409,0.032682,172.31.40.0-255,66,125707,61,166443
37410,0.03493,172.253.118.0-255,5738,131445,61,166443
37411,0.034938,172.31.40.0-255,66,131511,61,166443
37412,0.037206,172.253.118.0-255,5738,137249,61,166443
37413,0.037214,172.31.40.0-255,66,137315,61,166443
37414,0.039482,172.253.118.0-255,5738,143053,61,166443
37415,0.039496,172.31.40.0-255,66,143119,61,166443
37416,0.041786,172.253.118.0-255,5738,148857,61,166443
37417,0.041797,172.31.40.0-255,66,148923,61,166443
37418,0.044074,172.253.118.0-255,5738,154661,61,166443
37419,0.044082,172.31.40.0-255,66,154727,61,166443
37420,0.046352,172.253.118.0-255,5738,160465,61,166443
37421,0.046369,172.31.40.0-255,66,160531,61,166443
37422,0.048641,172.253.118.0-255,5738,166269,61,166443
37423,0.048666,172.31.40.0-255,66,166335,61,166443
37424,0.049759,172.31.40.0-255,108,166443,61,166443
37425,0.0,172.217.194.0-255,152,152,61,236984
37426,2.2e-05,172.31.40.0-255,66,218,61,236984
37427,2.9e-05,172.217.194.0-255,1484,1702,61,236984
37428,3.4e-05,172.31.40.0-255,66,1768,61,236984
37429,3.9e-05,172.217.194.0-255,2902,4670,61,236984
37430,5e-05,172.31.40.0-255,66,4736,61,236984
37431,5.8e-05,172.217.194.0-255,7156,11892,61,236984
37432,6e-05,172.31.40.0-255,66,11958,61,236984
37433,7.7e-05,172.31.40.0-255,66,12024,61,236984
37434,8e-05,172.217.194.0-255,1484,13508,61,236984
37435,8.3e-05,172.31.40.0-255,66,13574,61,236984
37436,0.000122,172.217.194.0-255,5379,18953,61,236984
37437,0.000126,172.31.40.0-255,66,19019,61,236984
37438,0.000128,172.217.194.0-255,1484,20503,61,236984
37439,0.00013,172.31.40.0-255,66,20569,61,236984
37440,0.000134,172.217.194.0-255,1484,22053,61,236984
37441,0.000136,172.31.40.0-255,66,22119,61,236984
37442,0.000171,172.217.194.0-255,1484,23603,61,236984
37443,0.000174,172.31.40.0-255,66,23669,61,236984
37444,0.00018,172.217.194.0-255,5738,29407,61,236984
37445,0.000182,172.31.40.0-255,66,29473,61,236984
37446,0.000194,172.217.194.0-255,6797,36270,61,236984
37447,0.000196,172.31.40.0-255,66,36336,61,236984
37448,0.000922,172.217.194.0-255,1484,37820,61,236984
37449,0.000928,172.31.40.0-255,66,37886,61,236984
37450,0.000937,172.217.194.0-255,2902,40788,61,236984
37451,0.000939,172.31.40.0-255,66,40854,61,236984
37452,0.00095,172.217.194.0-255,5738,46592,61,236984
37453,0.000952,172.31.40.0-255,66,46658,61,236984
37454,0.001004,172.217.194.0-255,6797,53455,61,236984
37455,0.001007,172.31.40.0-255,66,53521,61,236984
37456,0.001042,172.217.194.0-255,4320,57841,61,236984
37457,0.001045,172.31.40.0-255,66,57907,61,236984
37458,0.001081,172.217.194.0-255,4320,62227,61,236984
37459,0.001083,172.31.40.0-255,66,62293,61,236984
37460,0.001108,172.217.194.0-255,1484,63777,61,236984
37461,0.001116,172.217.194.0-255,6797,70574,61,236984
37462,0.001119,172.31.40.0-255,66,70640,61,236984
37463,0.001148,172.217.194.0-255,7156,77796,61,236984
37464,0.001151,172.31.40.0-255,66,77862,61,236984
37465,0.001156,172.217.194.0-255,4320,82182,61,236984
37466,0.001159,172.31.40.0-255,66,82248,61,236984
37467,0.001232,172.217.194.0-255,5959,88207,61,236984
37468,0.001237,172.31.40.0-255,66,88273,61,236984
37469,0.001541,172.217.194.0-255,1484,89757,61,236984
37470,0.001549,172.217.194.0-255,2902,92659,61,236984
37471,0.001554,172.31.40.0-255,66,92725,61,236984
37472,0.001575,172.217.194.0-255,5738,98463,61,236984
37473,0.001577,172.31.40.0-255,66,98529,61,236984
37474,0.001584,172.217.194.0-255,5738,104267,61,236984
37475,0.001587,172.31.40.0-255,66,104333,61,236984
37476,0.001622,172.217.194.0-255,7156,111489,61,236984
37477,0.001628,172.31.40.0-255,66,111555,61,236984
37478,0.001642,172.31.40.0-255,66,111621,61,236984
37479,0.002104,172.217.194.0-255,1484,113105,61,236984
37480,0.002126,172.217.194.0-255,2902,116007,61,236984
37481,0.00213,172.31.40.0-255,66,116073,61,236984
37482,0.002137,172.217.194.0-255,5738,121811,61,236984
37483,0.002141,172.31.40.0-255,66,121877,61,236984
37484,0.002157,172.31.40.0-255,66,121943,61,236984
37485,0.00217,172.217.194.0-255,2902,124845,61,236984
37486,0.002172,172.31.40.0-255,66,124911,61,236984
37487,0.002191,172.31.40.0-255,66,124977,61,236984
37488,0.002268,172.217.194.0-255,1484,126461,61,236984
37489,0.002286,172.217.194.0-255,2902,129363,61,236984
37490,0.002288,172.31.40.0-255,66,129429,61,236984
37491,0.002321,172.217.194.0-255,5738,135167,61,236984
37492,0.002324,172.31.40.0-255,66,135233,61,236984
37493,0.002337,172.31.40.0-255,66,135299,61,236984
37494,0.002349,172.31.40.0-255,66,135365,61,236984
37495,0.002352,172.217.194.0-255,766,136131,61,236984
37496,0.002385,172.217.194.0-255,1484,137615,61,236984
37497,0.002388,172.31.40.0-255,66,137681,61,236984
37498,0.00242,172.217.194.0-255,4320,142001,61,236984
37499,0.002423,172.31.40.0-255,66,142067,61,236984
37500,0.002438,172.31.40.0-255,66,142133,61,236984
37501,0.002446,172.217.194.0-255,7156,149289,61,236984
37502,0.002448,172.31.40.0-255,66,149355,61,236984
37503,0.002474,172.217.194.0-255,1484,150839,61,236984
37504,0.002502,172.31.40.0-255,66,150905,61,236984
37505,0.002505,172.217.194.0-255,1484,152389,61,236984
37506,0.002535,172.31.40.0-255,66,152455,61,236984
37507,0.002566,172.217.194.0-255,5738,158193,61,236984
37508,0.002569,172.31.40.0-255,66,158259,61,236984
37509,0.002676,172.217.194.0-255,1484,159743,61,236984
37510,0.002679,172.217.194.0-255,1484,161227,61,236984
37511,0.002748,172.217.194.0-255,1484,162711,61,236984
37512,0.002753,172.217.194.0-255,2902,165613,61,236984
37513,0.002768,172.217.194.0-255,5738,171351,61,236984
37514,0.002784,172.217.194.0-255,2902,174253,61,236984
37515,0.002807,172.217.194.0-255,4320,178573,61,236984
37516,0.002836,172.217.194.0-255,6438,185011,61,236984
37517,0.002883,172.217.194.0-255,1484,186495,61,236984
37518,0.002887,172.217.194.0-255,2902,189397,61,236984
37519,0.002906,172.217.194.0-255,5738,195135,61,236984
37520,0.002919,172.217.194.0-255,1484,196619,61,236984
37521,0.002985,172.217.194.0-255,2184,198803,61,236984
37522,0.00302,172.217.194.0-255,1484,200287,61,236984
37523,0.00304,172.217.194.0-255,2902,203189,61,236984
37524,0.003047,172.217.194.0-255,5738,208927,61,236984
37525,0.00305,172.217.194.0-255,1484,210411,61,236984
37526,0.003064,172.217.194.0-255,4320,214731,61,236984
37527,0.003079,172.217.194.0-255,2902,217633,61,236984
37528,0.003132,172.217.194.0-255,3602,221235,61,236984
37529,0.003153,172.217.194.0-255,1484,222719,61,236984
37530,0.003169,172.217.194.0-255,5820,228539,61,236984
37531,0.003172,172.217.194.0-255,105,228644,61,236984
37532,0.007735,172.31.40.0-255,66,228710,61,236984
37533,0.009527,172.31.40.0-255,101,228811,61,236984
37534,0.010848,172.31.40.0-255,105,228916,61,236984
37535,0.01188,172.217.194.0-255,66,228982,61,236984
37536,0.013199,172.217.194.0-255,66,229048,61,236984
37537,0.044204,172.31.40.0-255,172,229220,61,236984
37538,0.044239,172.31.40.0-255,1116,230336,61,236984
37539,0.044311,172.31.40.0-255,1514,231850,61,236984
37540,0.044313,172.31.40.0-255,1514,233364,61,236984
37541,0.044315,172.31.40.0-255,1514,234878,61,236984
37542,0.044315,172.31.40.0-255,1514,236392,61,236984
37543,0.044317,172.31.40.0-255,526,236918,61,236984
37544,0.046426,104.244.42.0-255,66,236984,61,236984
37545,0.0,74.125.200.0-255,296,296,61,279044
37546,2.4e-05,172.31.40.0-255,66,362,61,279044
37547,3.1e-05,74.125.200.0-255,1484,1846,61,279044
37548,3.5e-05,172.31.40.0-255,66,1912,61,279044
37549,4.3e-05,74.125.200.0-255,4320,6232,61,279044
37550,4.6e-05,172.31.40.0-255,66,6298,61,279044
37551,5.1e-05,74.125.200.0-255,2902,9200,61,279044
37552,5.4e-05,172.31.40.0-255,66,9266,61,279044
37553,6.1e-05,74.125.200.0-255,4320,13586,61,279044
37554,6.3e-05,172.31.40.0-255,66,13652,61,279044
37555,9.7e-05,172.31.40.0-255,66,13718,61,279044
37556,0.000102,74.125.200.0-255,4320,18038,61,279044
37557,0.000104,172.31.40.0-255,66,18104,61,279044
37558,0.000129,74.125.200.0-255,1484,19588,61,279044
37559,0.000131,172.31.40.0-255,66,19654,61,279044
37560,0.00015,74.125.200.0-255,2543,22197,61,279044
37561,0.000152,172.31.40.0-255,66,22263,61,279044
37562,0.000196,74.125.200.0-255,1484,23747,61,279044
37563,0.000199,172.31.40.0-255,66,23813,61,279044
37564,0.000202,74.125.200.0-255,1484,25297,61,279044
37565,0.000204,172.31.40.0-255,66,25363,61,279044
37566,0.000217,74.125.200.0-255,1484,26847,61,279044
37567,0.000219,172.31.40.0-255,66,26913,61,279044
37568,0.000226,74.125.200.0-255,5738,32651,61,279044
37569,0.000229,172.31.40.0-255,66,32717,61,279044
37570,0.000246,74.125.200.0-255,4320,37037,61,279044
37571,0.000249,172.31.40.0-255,66,37103,61,279044
37572,0.000263,74.125.200.0-255,5738,42841,61,279044
37573,0.000265,172.31.40.0-255,66,42907,61,279044
37574,0.000293,74.125.200.0-255,2902,45809,61,279044
37575,0.000296,172.31.40.0-255,66,45875,61,279044
37576,0.000324,172.31.40.0-255,66,45941,61,279044
37577,0.000328,74.125.200.0-255,2475,48416,61,279044
37578,0.00033,172.31.40.0-255,66,48482,61,279044
37579,0.000669,74.125.200.0-255,134,48616,61,279044
37580,0.000846,74.125.200.0-255,1484,50100,61,279044
37581,0.000851,172.31.40.0-255,66,50166,61,279044
37582,0.000857,74.125.200.0-255,2902,53068,61,279044
37583,0.000859,172.31.40.0-255,66,53134,61,279044
37584,0.000889,74.125.200.0-255,5738,58872,61,279044
37585,0.000892,172.31.40.0-255,66,58938,61,279044
37586,0.000913,74.125.200.0-255,5738,64676,61,279044
37587,0.000915,172.31.40.0-255,66,64742,61,279044
37588,0.000945,74.125.200.0-255,7156,71898,61,279044
37589,0.000947,172.31.40.0-255,66,71964,61,279044
37590,0.000955,74.125.200.0-255,5738,77702,61,279044
37591,0.000957,172.31.40.0-255,66,77768,61,279044
37592,0.000961,74.125.200.0-255,2902,80670,61,279044
37593,0.000964,172.31.40.0-255,66,80736,61,279044
37594,0.00098,74.125.200.0-255,2184,82920,61,279044
37595,0.000983,172.31.40.0-255,66,82986,61,279044
37596,0.001084,74.125.200.0-255,1484,84470,61,279044
37597,0.001102,74.125.200.0-255,2902,87372,61,279044
37598,0.001104,74.125.200.0-255,1484,88856,61,279044
37599,0.001112,172.31.40.0-255,66,88922,61,279044
37600,0.001119,74.125.200.0-255,1484,90406,61,279044
37601,0.001121,172.31.40.0-255,66,90472,61,279044
37602,0.001127,74.125.200.0-255,4320,94792,61,279044
37603,0.001129,172.31.40.0-255,66,94858,61,279044
37604,0.001153,172.31.40.0-255,66,94924,61,279044
37605,0.001156,74.125.200.0-255,1484,96408,61,279044
37606,0.001181,74.125.200.0-255,7156,103564,61,279044
37607,0.001184,172.31.40.0-255,66,103630,61,279044
37608,0.001219,172.31.40.0-255,66,103696,61,279044
37609,0.001244,172.31.40.0-255,66,103762,61,279044
37610,0.001272,74.125.200.0-255,5738,109500,61,279044
37611,0.001274,172.31.40.0-255,66,109566,61,279044
37612,0.001305,172.31.40.0-255,66,109632,61,279044
37613,0.001322,74.125.200.0-255,5020,114652,61,279044
37614,0.001325,172.31.40.0-255,66,114718,61,279044
37615,0.001423,74.125.200.0-255,1484,116202,61,279044
37616,0.001443,74.125.200.0-255,2902,119104,61,279044
37617,0.001447,172.31.40.0-255,66,119170,61,279044
37618,0.001454,74.125.200.0-255,5738,124908,61,279044
37619,0.001456,172.31.40.0-255,66,124974,61,279044
37620,0.001488,74.125.200.0-255,5738,130712,61,279044
37621,0.001491,172.31.40.0-255,66,130778,61,279044
37622,0.001498,74.125.200.0-255,7156,137934,61,279044
37623,0.001501,172.31.40.0-255,66,138000,61,279044
37624,0.001526,74.125.200.0-255,2902,140902,61,279044
37625,0.001528,172.31.40.0-255,66,140968,61,279044
37626,0.001556,172.31.40.0-255,66,141034,61,279044
37627,0.00355,74.125.200.0-255,5738,146772,61,279044
37628,0.003558,172.31.40.0-255,66,146838,61,279044
37629,0.005549,74.125.200.0-255,4320,151158,61,279044
37630,0.005552,172.31.40.0-255,66,151224,61,279044
37631,0.005568,74.125.200.0-255,1484,152708,61,279044
37632,0.00755,74.125.200.0-255,4320,157028,61,279044
37633,0.007558,172.31.40.0-255,66,157094,61,279044
37634,0.009556,74.125.200.0-255,5738,162832,61,279044
37635,0.009563,172.31.40.0-255,66,162898,61,279044
37636,0.011554,74.125.200.0-255,5738,168636,61,279044
37637,0.011563,172.31.40.0-255,66,168702,61,279044
37638,0.013565,74.125.200.0-255,5738,174440,61,279044
37639,0.013576,172.31.40.0-255,66,174506,61,279044
37640,0.015608,74.125.200.0-255,5738,180244,61,279044
37641,0.015616,172.31.40.0-255,66,180310,61,279044
37642,0.017615,74.125.200.0-255,5738,186048,61,279044
37643,0.017623,172.31.40.0-255,66,186114,61,279044
37644,0.019625,74.125.200.0-255,5738,191852,61,279044
37645,0.019632,172.31.40.0-255,66,191918,61,279044
37646,0.02165,74.125.200.0-255,5738,197656,61,279044
37647,0.021666,172.31.40.0-255,66,197722,61,279044
37648,0.023666,74.125.200.0-255,5738,203460,61,279044
37649,0.02368,172.31.40.0-255,66,203526,61,279044
37650,0.025693,74.125.200.0-255,5738,209264,61,279044
37651,0.025706,172.31.40.0-255,66,209330,61,279044
37652,0.027713,74.125.200.0-255,5738,215068,61,279044
37653,0.027726,172.31.40.0-255,66,215134,61,279044
37654,0.029727,74.125.200.0-255,5738,220872,61,279044
37655,0.029736,172.31.40.0-255,66,220938,61,279044
37656,0.031743,74.125.200.0-255,5738,226676,61,279044
37657,0.031753,172.31.40.0-255,66,226742,61,279044
37658,0.033748,74.125.200.0-255,5738,232480,61,279044
37659,0.033753,172.31.40.0-255,66,232546,61,279044
37660,0.035758,74.125.200.0-255,5738,238284,61,279044
37661,0.035766,172.31.40.0-255,66,238350,61,279044
37662,0.037786,74.125.200.0-255,5738,244088,61,279044
37663,0.037801,172.31.40.0-255,66,244154,61,279044
37664,0.039797,74.125.200.0-255,5738,249892,61,279044
37665,0.039806,172.31.40.0-255,66,249958,61,279044
37666,0.041826,74.125.200.0-255,5738,255696,61,279044
37667,0.041843,172.31.40.0-255,66,255762,61,279044
37668,0.043844,74.125.200.0-255,5738,261500,61,279044
37669,0.043857,172.31.40.0-255,66,261566,61,279044
37670,0.045866,74.125.200.0-255,5738,267304,61,279044
37671,0.04588,172.31.40.0-255,66,267370,61,279044
37672,0.047868,74.125.200.0-255,1484,268854,61,279044
37673,0.047893,74.125.200.0-255,4320,273174,61,279044
37674,0.047899,172.31.40.0-255,66,273240,61,279044
37675,0.049909,74.125.200.0-255,5738,278978,61,279044
37676,0.049918,172.31.40.0-255,66,279044,61,279044
37677,0.0,172.217.194.0-255,153,153,61,269787
37678,1.7e-05,172.31.40.0-255,66,219,61,269787
37679,2.5e-05,172.217.194.0-255,1484,1703,61,269787
37680,3e-05,172.31.40.0-255,66,1769,61,269787
37681,3.6e-05,172.217.194.0-255,2902,4671,61,269787
37682,4e-05,172.31.40.0-255,66,4737,61,269787
37683,4.8e-05,172.217.194.0-255,5738,10475,61,269787
37684,5.2e-05,172.31.40.0-255,66,10541,61,269787
37685,7.4e-05,172.217.194.0-255,1484,12025,61,269787
37686,7.7e-05,172.31.40.0-255,66,12091,61,269787
37687,9e-05,172.31.40.0-255,66,12157,61,269787
37688,0.000105,172.217.194.0-255,1983,14140,61,269787
37689,0.000108,172.31.40.0-255,66,14206,61,269787
37690,0.000116,172.217.194.0-255,6797,21003,61,269787
37691,0.000118,172.31.40.0-255,66,21069,61,269787
37692,0.00015,172.217.194.0-255,1484,22553,61,269787
37693,0.000153,172.31.40.0-255,66,22619,61,269787
37694,0.000156,172.217.194.0-255,1484,24103,61,269787
37695,0.000158,172.31.40.0-255,66,24169,61,269787
37696,0.00018,172.217.194.0-255,1484,25653,61,269787
37697,0.000183,172.31.40.0-255,66,25719,61,269787
37698,0.000189,172.217.194.0-255,5738,31457,61,269787
37699,0.000192,172.31.40.0-255,66,31523,61,269787
37700,0.000194,172.217.194.0-255,1484,33007,61,269787
37701,0.000196,172.31.40.0-255,66,33073,61,269787
37702,0.000227,172.217.194.0-255,7156,40229,61,269787
37703,0.00023,172.31.40.0-255,66,40295,61,269787
37704,0.000266,172.217.194.0-255,2902,43197,61,269787
37705,0.000268,172.31.40.0-255,66,43263,61,269787
37706,0.000318,172.31.40.0-255,66,43329,61,269787
37707,0.00032,172.217.194.0-255,363,43692,61,269787
37708,0.000584,172.217.194.0-255,1484,45176,61,269787
37709,0.00059,172.31.40.0-255,66,45242,61,269787
37710,0.000596,172.217.194.0-255,2902,48144,61,269787
37711,0.000599,172.31.40.0-255,66,48210,61,269787
37712,0.000605,172.217.194.0-255,5738,53948,61,269787
37713,0.000608,172.31.40.0-255,66,54014,61,269787
37714,0.000615,172.217.194.0-255,7156,61170,61,269787
37715,0.000618,172.31.40.0-255,66,61236,61,269787
37716,0.000668,172.217.194.0-255,7156,68392,61,269787
37717,0.000672,172.31.40.0-255,66,68458,61,269787
37718,0.000701,172.31.40.0-255,66,68524,61,269787
37719,0.000832,172.217.194.0-255,1484,70008,61,269787
37720,0.000847,172.217.194.0-255,1484,71492,61,269787
37721,0.00085,172.31.40.0-255,66,71558,61,269787
37722,0.000874,172.217.194.0-255,1484,73042,61,269787
37723,0.000881,172.217.194.0-255,5738,78780,61,269787
37724,0.000884,172.31.40.0-255,66,78846,61,269787
37725,0.000897,172.31.40.0-255,66,78912,61,269787
37726,0.000926,172.31.40.0-255,66,78978,61,269787
37727,0.001761,172.217.194.0-255,1484,80462,61,269787
37728,0.001769,172.217.194.0-255,2902,83364,61,269787
37729,0.001773,172.31.40.0-255,66,83430,61,269787
37730,0.00178,172.217.194.0-255,5738,89168,61,269787
37731,0.001783,172.31.40.0-255,66,89234,61,269787
37732,0.001789,172.217.194.0-255,5738,94972,61,269787
37733,0.001791,172.31.40.0-255,66,95038,61,269787
37734,0.001826,172.31.40.0-255,66,95104,61,269787
37735,0.001832,172.217.194.0-255,5020,100124,61,269787
37736,0.001835,172.31.40.0-255,66,100190,61,269787
37737,0.00203,172.217.194.0-255,1484,101674,61,269787
37738,0.002036,172.217.194.0-255,2902,104576,61,269787
37739,0.00204,172.31.40.0-255,66,104642,61,269787
37740,0.002065,172.217.194.0-255,5738,110380,61,269787
37741,0.002068,172.31.40.0-255,66,110446,61,269787
37742,0.002108,172.217.194.0-255,7156,117602,61,269787
37743,0.00211,172.31.40.0-255,66,117668,61,269787
37744,0.002136,172.217.194.0-255,5738,123406,61,269787
37745,0.002138,172.31.40.0-255,66,123472,61,269787
37746,0.002149,172.31.40.0-255,66,123538,61,269787
37747,0.002159,172.31.40.0-255,66,123604,61,269787
37748,0.002171,172.31.40.0-255,66,123670,61,269787
37749,0.002204,172.31.40.0-255,66,123736,61,269787
37750,0.002226,172.217.194.0-255,6438,130174,61,269787
37751,0.002229,172.31.40.0-255,66,130240,61,269787
37752,0.002531,172.217.194.0-255,1484,131724,61,269787
37753,0.002541,172.217.194.0-255,2902,134626,61,269787
37754,0.002545,172.31.40.0-255,66,134692,61,269787
37755,0.002575,172.217.194.0-255,5738,140430,61,269787
37756,0.002578,172.31.40.0-255,66,140496,61,269787
37757,0.002585,172.217.194.0-255,7156,147652,61,269787
37758,0.002587,172.31.40.0-255,66,147718,61,269787
37759,0.002616,172.31.40.0-255,66,147784,61,269787
37760,0.002624,172.217.194.0-255,7156,154940,61,269787
37761,0.002626,172.31.40.0-255,66,155006,61,269787
37762,0.002648,172.217.194.0-255,766,155772,61,269787
37763,0.002677,172.217.194.0-255,1484,157256,61,269787
37764,0.002679,172.31.40.0-255,66,157322,61,269787
37765,0.005216,172.217.194.0-255,2902,160224,61,269787
37766,0.005221,172.31.40.0-255,66,160290,61,269787
37767,0.005265,172.217.194.0-255,2902,163192,61,269787
37768,0.005268,172.31.40.0-255,66,163258,61,269787
37769,0.007824,172.217.194.0-255,2902,166160,61,269787
37770,0.00783,172.31.40.0-255,66,166226,61,269787
37771,0.007853,172.217.194.0-255,2902,169128,61,269787
37772,0.007856,172.31.40.0-255,66,169194,61,269787
37773,0.01045,172.217.194.0-255,5738,174932,61,269787
37774,0.010456,172.31.40.0-255,66,174998,61,269787
37775,0.013088,172.217.194.0-255,5738,180736,61,269787
37776,0.013097,172.31.40.0-255,66,180802,61,269787
37777,0.015699,172.217.194.0-255,5738,186540,61,269787
37778,0.015707,172.31.40.0-255,66,186606,61,269787
37779,0.01832,172.217.194.0-255,5738,192344,61,269787
37780,0.018326,172.31.40.0-255,66,192410,61,269787
37781,0.020934,172.217.194.0-255,5738,198148,61,269787
37782,0.020944,172.31.40.0-255,66,198214,61,269787
37783,0.023562,172.217.194.0-255,5738,203952,61,269787
37784,0.023571,172.31.40.0-255,66,204018,61,269787
37785,0.026186,172.217.194.0-255,5738,209756,61,269787
37786,0.026194,172.31.40.0-255,66,209822,61,269787
37787,0.028852,172.217.194.0-255,5738,215560,61,269787
37788,0.02886,172.31.40.0-255,66,215626,61,269787
37789,0.031476,172.217.194.0-255,5738,221364,61,269787
37790,0.031484,172.31.40.0-255,66,221430,61,269787
37791,0.034073,172.217.194.0-255,5738,227168,61,269787
37792,0.03408,172.31.40.0-255,66,227234,61,269787
37793,0.035367,172.31.40.0-255,172,227406,61,269787
37794,0.035394,172.31.40.0-255,1119,228525,61,269787
37795,0.035456,172.31.40.0-255,1514,230039,61,269787
37796,0.035458,172.31.40.0-255,1514,231553,61,269787
37797,0.035465,172.31.40.0-255,1514,233067,61,269787
37798,0.035466,172.31.40.0-255,1514,234581,61,269787
37799,0.035495,172.31.40.0-255,1470,236051,61,269787
37800,0.036675,172.217.194.0-255,5738,241789,61,269787
37801,0.036681,172.31.40.0-255,66,241855,61,269787
37802,0.036921,104.244.42.0-255,66,241921,61,269787
37803,0.036929,104.244.42.0-255,66,241987,61,269787
37804,0.036985,104.244.42.0-255,66,242053,61,269787
37805,0.037059,104.244.42.0-255,66,242119,61,269787
37806,0.039286,172.217.194.0-255,4320,246439,61,269787
37807,0.039296,172.31.40.0-255,66,246505,61,269787
37808,0.039312,172.217.194.0-255,1484,247989,61,269787
37809,0.041901,172.217.194.0-255,4320,252309,61,269787
37810,0.041907,172.31.40.0-255,66,252375,61,269787
37811,0.044554,172.217.194.0-255,5738,258113,61,269787
37812,0.044561,172.31.40.0-255,66,258179,61,269787
37813,0.04715,172.217.194.0-255,5738,263917,61,269787
37814,0.047156,172.31.40.0-255,66,263983,61,269787
37815,0.049756,172.217.194.0-255,5738,269721,61,269787
37816,0.049763,172.31.40.0-255,66,269787,61,269787
37817,0.0,74.125.24.0-255,153,153,61,270897
37818,2.1e-05,172.31.40.0-255,66,219,61,270897
37819,2.8e-05,74.125.24.0-255,1484,1703,61,270897
37820,3.3e-05,172.31.40.0-255,66,1769,61,270897
37821,3.9e-05,74.125.24.0-255,2902,4671,61,270897
37822,5.1e-05,172.31.40.0-255,66,4737,61,270897
37823,5.8e-05,74.125.24.0-255,5738,10475,61,270897
37824,6e-05,172.31.40.0-255,66,10541,61,270897
37825,6.5e-05,74.125.24.0-255,2902,13443,61,270897
37826,6.8e-05,172.31.40.0-255,66,13509,61,270897
37827,0.000109,74.125.24.0-255,3405,16914,61,270897
37828,0.000113,172.31.40.0-255,66,16980,61,270897
37829,0.00012,74.125.24.0-255,7156,24136,61,270897
37830,0.000123,172.31.40.0-255,66,24202,61,270897
37831,0.000135,74.125.24.0-255,6797,30999,61,270897
37832,0.000138,172.31.40.0-255,66,31065,61,270897
37833,0.000178,74.125.24.0-255,1484,32549,61,270897
37834,0.000181,172.31.40.0-255,66,32615,61,270897
37835,0.000185,74.125.24.0-255,2902,35517,61,270897
37836,0.000187,172.31.40.0-255,66,35583,61,270897
37837,0.000222,74.125.24.0-255,5738,41321,61,270897
37838,0.000225,172.31.40.0-255,66,41387,61,270897
37839,0.000232,74.125.24.0-255,6797,48184,61,270897
37840,0.000235,172.31.40.0-255,66,48250,61,270897
37841,0.000243,74.125.24.0-255,1484,49734,61,270897
37842,0.000245,172.31.40.0-255,66,49800,61,270897
37843,0.000284,74.125.24.0-255,5738,55538,61,270897
37844,0.000287,172.31.40.0-255,66,55604,61,270897
37845,0.000304,172.31.40.0-255,66,55670,61,270897
37846,0.000307,74.125.24.0-255,128,55798,61,270897
37847,0.000309,172.31.40.0-255,66,55864,61,270897
37848,0.000312,74.125.24.0-255,349,56213,61,270897
37849,0.000437,74.125.24.0-255,1484,57697,61,270897
37850,0.000442,172.31.40.0-255,66,57763,61,270897
37851,0.000448,74.125.24.0-255,2902,60665,61,270897
37852,0.00045,172.31.40.0-255,66,60731,61,270897
37853,0.000455,74.125.24.0-255,2902,63633,61,270897
37854,0.000457,172.31.40.0-255,66,63699,61,270897
37855,0.00049,74.125.24.0-255,2902,66601,61,270897
37856,0.000497,172.31.40.0-255,66,66667,61,270897
37857,0.000505,74.125.24.0-255,6246,72913,61,270897
37858,0.000508,172.31.40.0-255,66,72979,61,270897
37859,0.00084,74.125.24.0-255,1484,74463,61,270897
37860,0.000848,74.125.24.0-255,2902,77365,61,270897
37861,0.000852,172.31.40.0-255,66,77431,61,270897
37862,0.000857,74.125.24.0-255,2902,80333,61,270897
37863,0.000859,172.31.40.0-255,66,80399,61,270897
37864,0.00088,74.125.24.0-255,2902,83301,61,270897
37865,0.000883,172.31.40.0-255,66,83367,61,270897
37866,0.000894,74.125.24.0-255,7156,90523,61,270897
37867,0.000897,172.31.40.0-255,66,90589,61,270897
37868,0.000908,172.31.40.0-255,66,90655,61,270897
37869,0.000947,74.125.24.0-255,5738,96393,61,270897
37870,0.000951,172.31.40.0-255,66,96459,61,270897
37871,0.000956,74.125.24.0-255,2184,98643,61,270897
37872,0.000958,172.31.40.0-255,66,98709,61,270897
37873,0.001572,74.125.24.0-255,1484,100193,61,270897
37874,0.001578,74.125.24.0-255,2902,103095,61,270897
37875,0.001582,172.31.40.0-255,66,103161,61,270897
37876,0.001587,74.125.24.0-255,2902,106063,61,270897
37877,0.001589,172.31.40.0-255,66,106129,61,270897
37878,0.001613,74.125.24.0-255,2902,109031,61,270897
37879,0.001616,172.31.40.0-255,66,109097,61,270897
37880,0.001634,172.31.40.0-255,66,109163,61,270897
37881,0.001646,172.31.40.0-255,66,109229,61,270897
37882,0.001898,74.125.24.0-255,1484,110713,61,270897
37883,0.001904,74.125.24.0-255,2902,113615,61,270897
37884,0.001908,172.31.40.0-255,66,113681,61,270897
37885,0.001912,74.125.24.0-255,1484,115165,61,270897
37886,0.001941,74.125.24.0-255,4320,119485,61,270897
37887,0.001944,172.31.40.0-255,66,119551,61,270897
37888,0.001955,172.31.40.0-255,66,119617,61,270897
37889,0.002012,74.125.24.0-255,4320,123937,61,270897
37890,0.002016,172.31.40.0-255,66,124003,61,270897
37891,0.002044,172.31.40.0-255,66,124069,61,270897
37892,0.002047,74.125.24.0-255,1484,125553,61,270897
37893,0.00209,74.125.24.0-255,1484,127037,61,270897
37894,0.002093,172.31.40.0-255,66,127103,61,270897
37895,0.002098,74.125.24.0-255,2902,130005,61,270897
37896,0.002101,172.31.40.0-255,66,130071,61,270897
37897,0.002129,74.125.24.0-255,5738,135809,61,270897
37898,0.002131,172.31.40.0-255,66,135875,61,270897
37899,0.002134,74.125.24.0-255,1484,137359,61,270897
37900,0.002137,172.31.40.0-255,78,137437,61,270897
37901,0.002143,74.125.24.0-255,5738,143175,61,270897
37902,0.00215,172.31.40.0-255,78,143253,61,270897
37903,0.002195,74.125.24.0-255,7156,150409,61,270897
37904,0.002199,172.31.40.0-255,66,150475,61,270897
37905,0.00221,172.31.40.0-255,66,150541,61,270897
37906,0.004487,74.125.24.0-255,5738,156279,61,270897
37907,0.004494,172.31.40.0-255,66,156345,61,270897
37908,0.006764,74.125.24.0-255,5738,162083,61,270897
37909,0.006768,172.31.40.0-255,66,162149,61,270897
37910,0.009035,74.125.24.0-255,5738,167887,61,270897
37911,0.009041,172.31.40.0-255,66,167953,61,270897
37912,0.011303,74.125.24.0-255,5738,173691,61,270897
37913,0.011311,172.31.40.0-255,66,173757,61,270897
37914,0.013578,74.125.24.0-255,5738,179495,61,270897
37915,0.013586,172.31.40.0-255,66,179561,61,270897
37916,0.015856,74.125.24.0-255,5738,185299,61,270897
37917,0.015866,172.31.40.0-255,66,185365,61,270897
37918,0.018164,74.125.24.0-255,5738,191103,61,270897
37919,0.01818,172.31.40.0-255,66,191169,61,270897
37920,0.020455,74.125.24.0-255,5738,196907,61,270897
37921,0.020464,172.31.40.0-255,66,196973,61,270897
37922,0.022736,74.125.24.0-255,5738,202711,61,270897
37923,0.022748,172.31.40.0-255,66,202777,61,270897
37924,0.025015,74.125.24.0-255,5738,208515,61,270897
37925,0.025021,172.31.40.0-255,66,208581,61,270897
37926,0.027315,74.125.24.0-255,5738,214319,61,270897
37927,0.027331,172.31.40.0-255,66,214385,61,270897
37928,0.029593,74.125.24.0-255,5738,220123,61,270897
37929,0.0296,172.31.40.0-255,66,220189,61,270897
37930,0.031893,74.125.24.0-255,5738,225927,61,270897
37931,0.031901,172.31.40.0-255,66,225993,61,270897
37932,0.034187,74.125.24.0-255,5738,231731,61,270897
37933,0.034204,172.31.40.0-255,66,231797,61,270897
37934,0.036496,74.125.24.0-255,5738,237535,61,270897
37935,0.036503,172.31.40.0-255,66,237601,61,270897
37936,0.037946,172.31.40.0-255,167,237768,61,270897
37937,0.037978,172.31.40.0-255,1119,238887,61,270897
37938,0.03804,172.31.40.0-255,1514,240401,61,270897
37939,0.038063,172.31.40.0-255,1278,241679,61,270897
37940,0.038769,74.125.24.0-255,5738,247417,61,270897
37941,0.038775,172.31.40.0-255,66,247483,61,270897
37942,0.039483,104.244.42.0-255,66,247549,61,270897
37943,0.039501,104.244.42.0-255,66,247615,61,270897
37944,0.03958,104.244.42.0-255,66,247681,61,270897
37945,0.041037,74.125.24.0-255,5738,253419,61,270897
37946,0.041059,172.31.40.0-255,66,253485,61,270897
37947,0.043346,74.125.24.0-255,5738,259223,61,270897
37948,0.043366,172.31.40.0-255,66,259289,61,270897
37949,0.045678,74.125.24.0-255,5738,265027,61,270897
37950,0.045696,172.31.40.0-255,66,265093,61,270897
37951,0.047989,74.125.24.0-255,5738,270831,61,270897
37952,0.048005,172.31.40.0-255,66,270897,61,270897
37953,0.0,74.125.24.0-255,152,152,61,194639
37954,1.9e-05,172.31.40.0-255,66,218,61,194639
37955,2.6e-05,74.125.24.0-255,1484,1702,61,194639
37956,3.1e-05,172.31.40.0-255,66,1768,61,194639
37957,3.6e-05,74.125.24.0-255,2902,4670,61,194639
37958,3.9e-05,172.31.40.0-255,66,4736,61,194639
37959,5.5e-05,74.125.24.0-255,7156,11892,61,194639
37960,5.8e-05,172.31.40.0-255,66,11958,61,194639
37961,6.2e-05,74.125.24.0-255,2028,13986,61,194639
37962,6.4e-05,172.31.40.0-255,66,14052,61,194639
37963,0.000124,74.125.24.0-255,1484,15536,61,194639
37964,0.000127,172.31.40.0-255,66,15602,61,194639
37965,0.00013,74.125.24.0-255,1484,17086,61,194639
37966,0.000132,172.31.40.0-255,66,17152,61,194639
37967,0.000152,74.125.24.0-255,1484,18636,61,194639
37968,0.000154,172.31.40.0-255,66,18702,61,194639
37969,0.000161,74.125.24.0-255,5738,24440,61,194639
37970,0.000164,172.31.40.0-255,66,24506,61,194639
37971,0.000203,74.125.24.0-255,1484,25990,61,194639
37972,0.000207,172.31.40.0-255,66,26056,61,194639
37973,0.000228,74.125.24.0-255,5379,31435,61,194639
37974,0.000231,172.31.40.0-255,66,31501,61,194639
37975,0.000531,74.125.24.0-255,1484,32985,61,194639
37976,0.000537,172.31.40.0-255,66,33051,61,194639
37977,0.000543,74.125.24.0-255,2902,35953,61,194639
37978,0.000546,172.31.40.0-255,66,36019,61,194639
37979,0.000578,74.125.24.0-255,5738,41757,61,194639
37980,0.000581,172.31.40.0-255,66,41823,61,194639
37981,0.000624,172.31.40.0-255,66,41889,61,194639
37982,0.000627,172.31.40.0-255,66,41955,61,194639
37983,0.000652,74.125.24.0-255,1438,43393,61,194639
37984,0.000676,74.125.24.0-255,111,43504,61,194639
37985,0.000807,74.125.24.0-255,1484,44988,61,194639
37986,0.000811,172.31.40.0-255,66,45054,61,194639
37987,0.000817,74.125.24.0-255,2902,47956,61,194639
37988,0.000819,172.31.40.0-255,66,48022,61,194639
37989,0.000849,74.125.24.0-255,5738,53760,61,194639
37990,0.000852,172.31.40.0-255,66,53826,61,194639
37991,0.000858,74.125.24.0-255,4320,58146,61,194639
37992,0.00086,172.31.40.0-255,66,58212,61,194639
37993,0.000889,74.125.24.0-255,3961,62173,61,194639
37994,0.000892,172.31.40.0-255,66,62239,61,194639
37995,0.000904,172.31.40.0-255,66,62305,61,194639
37996,0.00091,74.125.24.0-255,5738,68043,61,194639
37997,0.000912,172.31.40.0-255,66,68109,61,194639
37998,0.000935,74.125.24.0-255,807,68916,61,194639
37999,0.00097,74.125.24.0-255,1484,70400,61,194639
38000,0.000973,172.31.40.0-255,66,70466,61,194639
38001,0.000978,74.125.24.0-255,2902,73368,61,194639
38002,0.00098,172.31.40.0-255,66,73434,61,194639
38003,0.001013,74.125.24.0-255,1484,74918,61,194639
38004,0.001044,74.125.24.0-255,4320,79238,61,194639
38005,0.001047,172.31.40.0-255,66,79304,61,194639
38006,0.001058,172.31.40.0-255,66,79370,61,194639
38007,0.001069,172.31.40.0-255,66,79436,61,194639
38008,0.001075,74.125.24.0-255,5020,84456,61,194639
38009,0.001077,172.31.40.0-255,66,84522,61,194639
38010,0.001244,74.125.24.0-255,1484,86006,61,194639
38011,0.001249,74.125.24.0-255,1484,87490,61,194639
38012,0.001252,172.31.40.0-255,66,87556,61,194639
38013,0.001278,74.125.24.0-255,1484,89040,61,194639
38014,0.001285,74.125.24.0-255,5738,94778,61,194639
38015,0.001287,172.31.40.0-255,66,94844,61,194639
38016,0.001298,172.31.40.0-255,66,94910,61,194639
38017,0.001342,74.125.24.0-255,4320,99230,61,194639
38018,0.001345,172.31.40.0-255,66,99296,61,194639
38019,0.001358,172.31.40.0-255,66,99362,61,194639
38020,0.00167,74.125.24.0-255,1484,100846,61,194639
38021,0.001687,74.125.24.0-255,1484,102330,61,194639
38022,0.00169,172.31.40.0-255,66,102396,61,194639
38023,0.001719,74.125.24.0-255,1484,103880,61,194639
38024,0.001725,74.125.24.0-255,5738,109618,61,194639
38025,0.001728,172.31.40.0-255,66,109684,61,194639
38026,0.001733,74.125.24.0-255,4320,114004,61,194639
38027,0.001735,172.31.40.0-255,66,114070,61,194639
38028,0.001747,172.31.40.0-255,66,114136,61,194639
38029,0.00179,172.31.40.0-255,66,114202,61,194639
38030,0.001825,74.125.24.0-255,1484,115686,61,194639
38031,0.001831,74.125.24.0-255,2902,118588,61,194639
38032,0.001833,172.31.40.0-255,66,118654,61,194639
38033,0.001854,74.125.24.0-255,5738,124392,61,194639
38034,0.001857,172.31.40.0-255,66,124458,61,194639
38035,0.001894,172.31.40.0-255,66,124524,61,194639
38036,0.001906,172.31.40.0-255,66,124590,61,194639
38037,0.001925,74.125.24.0-255,766,125356,61,194639
38038,0.002018,74.125.24.0-255,1484,126840,61,194639
38039,0.002022,172.31.40.0-255,66,126906,61,194639
38040,0.002027,74.125.24.0-255,2902,129808,61,194639
38041,0.002028,172.31.40.0-255,66,129874,61,194639
38042,0.002032,74.125.24.0-255,1484,131358,61,194639
38043,0.002058,74.125.24.0-255,4320,135678,61,194639
38044,0.002061,172.31.40.0-255,66,135744,61,194639
38045,0.002084,172.31.40.0-255,66,135810,61,194639
38046,0.002092,74.125.24.0-255,7156,142966,61,194639
38047,0.002095,172.31.40.0-255,66,143032,61,194639
38048,0.002138,74.125.24.0-255,3602,146634,61,194639
38049,0.002141,172.31.40.0-255,66,146700,61,194639
38050,0.002154,74.125.24.0-255,1484,148184,61,194639
38051,0.002172,74.125.24.0-255,2902,151086,61,194639
38052,0.002174,172.31.40.0-255,66,151152,61,194639
38053,0.002182,74.125.24.0-255,7156,158308,61,194639
38054,0.002184,172.31.40.0-255,66,158374,61,194639
38055,0.002246,172.31.40.0-255,66,158440,61,194639
38056,0.002276,74.125.24.0-255,2902,161342,61,194639
38057,0.002312,172.31.40.0-255,66,161408,61,194639
38058,0.002315,172.31.40.0-255,66,161474,61,194639
38059,0.002318,172.31.40.0-255,66,161540,61,194639
38060,0.002325,172.31.40.0-255,66,161606,61,194639
38061,0.002328,74.125.24.0-255,1484,163090,61,194639
38062,0.002349,172.31.40.0-255,66,163156,61,194639
38063,0.002379,74.125.24.0-255,2184,165340,61,194639
38064,0.002381,172.31.40.0-255,66,165406,61,194639
38065,0.002396,172.31.40.0-255,66,165472,61,194639
38066,0.0024,74.125.24.0-255,2902,168374,61,194639
38067,0.002402,172.31.40.0-255,66,168440,61,194639
38068,0.002453,172.31.40.0-255,66,168506,61,194639
38069,0.002457,74.125.24.0-255,2902,171408,61,194639
38070,0.00246,172.31.40.0-255,66,171474,61,194639
38071,0.00249,172.31.40.0-255,66,171540,61,194639
38072,0.002517,172.31.40.0-255,66,171606,61,194639
38073,0.002523,74.125.24.0-255,5738,177344,61,194639
38074,0.002525,172.31.40.0-255,66,177410,61,194639
38075,0.002551,74.125.24.0-255,2902,180312,61,194639
38076,0.002554,172.31.40.0-255,66,180378,61,194639
38077,0.002562,74.125.24.0-255,7156,187534,61,194639
38078,0.002564,172.31.40.0-255,66,187600,61,194639
38079,0.002583,74.125.24.0-255,2348,189948,61,194639
38080,0.002585,172.31.40.0-255,66,190014,61,194639
38081,0.005074,74.125.24.0-255,105,190119,61,194639
38082,0.010301,172.31.40.0-255,66,190185,61,194639
38083,0.01037,172.31.40.0-255,105,190290,61,194639
38084,0.012854,74.125.24.0-255,66,190356,61,194639
38085,0.045149,172.31.40.0-255,176,190532,61,194639
38086,0.045185,172.31.40.0-255,1120,191652,61,194639
38087,0.045265,172.31.40.0-255,1514,193166,61,194639
38088,0.045267,172.31.40.0-255,1275,194441,61,194639
38089,0.046722,104.244.42.0-255,66,194507,61,194639
38090,0.046732,104.244.42.0-255,66,194573,61,194639
38091,0.046801,104.244.42.0-255,66,194639,61,194639
38092,0.0,216.58.221.0-255,146,146,61,234997
38093,1.1e-05,172.31.40.0-255,66,212,61,234997
38094,3.3e-05,216.58.221.0-255,1484,1696,61,234997
38095,3.7e-05,172.31.40.0-255,66,1762,61,234997
38096,4.3e-05,216.58.221.0-255,2902,4664,61,234997
38097,4.6e-05,172.31.40.0-255,66,4730,61,234997
38098,7e-05,216.58.221.0-255,5738,10468,61,234997
38099,7.3e-05,172.31.40.0-255,66,10534,61,234997
38100,8.1e-05,216.58.221.0-255,6253,16787,61,234997
38101,8.4e-05,172.31.40.0-255,66,16853,61,234997
38102,0.000126,172.31.40.0-255,66,16919,61,234997
38103,0.000294,216.58.221.0-255,1484,18403,61,234997
38104,0.000298,172.31.40.0-255,66,18469,61,234997
38105,0.000303,216.58.221.0-255,2902,21371,61,234997
38106,0.000306,172.31.40.0-255,66,21437,61,234997
38107,0.000311,216.58.221.0-255,2902,24339,61,234997
38108,0.000314,172.31.40.0-255,66,24405,61,234997
38109,0.000319,216.58.221.0-255,2902,27307,61,234997
38110,0.000323,172.31.40.0-255,66,27373,61,234997
38111,0.00034,216.58.221.0-255,1484,28857,61,234997
38112,0.000342,172.31.40.0-255,66,28923,61,234997
38113,0.000361,216.58.221.0-255,5379,34302,61,234997
38114,0.000364,172.31.40.0-255,66,34368,61,234997
38115,0.000558,216.58.221.0-255,1484,35852,61,234997
38116,0.000563,172.31.40.0-255,66,35918,61,234997
38117,0.000569,216.58.221.0-255,2902,38820,61,234997
38118,0.000572,172.31.40.0-255,66,38886,61,234997
38119,0.000576,216.58.221.0-255,2902,41788,61,234997
38120,0.000579,172.31.40.0-255,66,41854,61,234997
38121,0.000606,216.58.221.0-255,2902,44756,61,234997
38122,0.000608,172.31.40.0-255,66,44822,61,234997
38123,0.000613,216.58.221.0-255,2902,47724,61,234997
38124,0.000615,172.31.40.0-255,66,47790,61,234997
38125,0.000632,216.58.221.0-255,3961,51751,61,234997
38126,0.000635,172.31.40.0-255,66,51817,61,234997
38127,0.00074,216.58.221.0-255,398,52215,61,234997
38128,0.000967,216.58.221.0-255,345,52560,61,234997
38129,0.001214,172.31.40.0-255,66,52626,61,234997
38130,0.001236,216.58.221.0-255,1484,54110,61,234997
38131,0.001255,216.58.221.0-255,1484,55594,61,234997
38132,0.001258,172.31.40.0-255,66,55660,61,234997
38133,0.001279,216.58.221.0-255,1484,57144,61,234997
38134,0.001286,216.58.221.0-255,5738,62882,61,234997
38135,0.001288,172.31.40.0-255,66,62948,61,234997
38136,0.001294,216.58.221.0-255,4320,67268,61,234997
38137,0.001296,172.31.40.0-255,66,67334,61,234997
38138,0.001318,216.58.221.0-255,1484,68818,61,234997
38139,0.001336,216.58.221.0-255,3961,72779,61,234997
38140,0.001339,172.31.40.0-255,66,72845,61,234997
38141,0.001345,216.58.221.0-255,5738,78583,61,234997
38142,0.001348,172.31.40.0-255,66,78649,61,234997
38143,0.001375,216.58.221.0-255,2902,81551,61,234997
38144,0.001378,172.31.40.0-255,66,81617,61,234997
38145,0.001393,216.58.221.0-255,5379,86996,61,234997
38146,0.001396,172.31.40.0-255,66,87062,61,234997
38147,0.00334,216.58.221.0-255,5738,92800,61,234997
38148,0.003348,172.31.40.0-255,66,92866,61,234997
38149,0.005237,216.58.221.0-255,5738,98604,61,234997
38150,0.005244,172.31.40.0-255,66,98670,61,234997
38151,0.007126,216.58.221.0-255,4320,102990,61,234997
38152,0.007129,172.31.40.0-255,66,103056,61,234997
38153,0.007146,216.58.221.0-255,1484,104540,61,234997
38154,0.009021,216.58.221.0-255,4320,108860,61,234997
38155,0.009028,172.31.40.0-255,66,108926,61,234997
38156,0.010927,216.58.221.0-255,5738,114664,61,234997
38157,0.010935,172.31.40.0-255,66,114730,61,234997
38158,0.012828,216.58.221.0-255,5738,120468,61,234997
38159,0.012835,172.31.40.0-255,66,120534,61,234997
38160,0.014748,216.58.221.0-255,5738,126272,61,234997
38161,0.014758,172.31.40.0-255,66,126338,61,234997
38162,0.016654,216.58.221.0-255,5738,132076,61,234997
38163,0.016661,172.31.40.0-255,66,132142,61,234997
38164,0.018558,216.58.221.0-255,5738,137880,61,234997
38165,0.018564,172.31.40.0-255,66,137946,61,234997
38166,0.020455,216.58.221.0-255,5738,143684,61,234997
38167,0.020463,172.31.40.0-255,66,143750,61,234997
38168,0.022358,216.58.221.0-255,5738,149488,61,234997
38169,0.022367,172.31.40.0-255,66,149554,61,234997
38170,0.024264,216.58.221.0-255,5738,155292,61,234997
38171,0.024273,172.31.40.0-255,66,155358,61,234997
38172,0.026171,216.58.221.0-255,5738,161096,61,234997
38173,0.026179,172.31.40.0-255,66,161162,61,234997
38174,0.028085,216.58.221.0-255,5738,166900,61,234997
38175,0.02809,172.31.40.0-255,66,166966,61,234997
38176,0.029738,172.31.40.0-255,172,167138,61,234997
38177,0.02977,172.31.40.0-255,1119,168257,61,234997
38178,0.029833,172.31.40.0-255,1514,169771,61,234997
38179,0.029835,172.31.40.0-255,1514,171285,61,234997
38180,0.02986,172.31.40.0-255,956,172241,61,234997
38181,0.029974,216.58.221.0-255,4320,176561,61,234997
38182,0.02998,172.31.40.0-255,66,176627,61,234997
38183,0.029996,216.58.221.0-255,1484,178111,61,234997
38184,0.0313,104.244.42.0-255,66,178177,61,234997
38185,0.031329,104.244.42.0-255,66,178243,61,234997
38186,0.031387,104.244.42.0-255,66,178309,61,234997
38187,0.0314,104.244.42.0-255,66,178375,61,234997
38188,0.03187,216.58.221.0-255,4320,182695,61,234997
38189,0.031876,172.31.40.0-255,66,182761,61,234997
38190,0.033782,216.58.221.0-255,5738,188499,61,234997
38191,0.033789,172.31.40.0-255,66,188565,61,234997
38192,0.035688,216.58.221.0-255,5738,194303,61,234997
38193,0.035695,172.31.40.0-255,66,194369,61,234997
38194,0.037584,216.58.221.0-255,5738,200107,61,234997
38195,0.03759,172.31.40.0-255,66,200173,61,234997
38196,0.039483,216.58.221.0-255,5738,205911,61,234997
38197,0.039489,172.31.40.0-255,66,205977,61,234997
38198,0.041375,216.58.221.0-255,5738,211715,61,234997
38199,0.041381,172.31.40.0-255,66,211781,61,234997
38200,0.043268,216.58.221.0-255,5738,217519,61,234997
38201,0.043274,172.31.40.0-255,66,217585,61,234997
38202,0.045164,216.58.221.0-255,5738,223323,61,234997
38203,0.045171,172.31.40.0-255,66,223389,61,234997
38204,0.047075,216.58.221.0-255,5738,229127,61,234997
38205,0.047082,172.31.40.0-255,66,229193,61,234997
38206,0.048974,216.58.221.0-255,5738,234931,61,234997
38207,0.04898,172.31.40.0-255,66,234997,61,234997
38208,0.0,172.31.40.0-255,130,130,61,1771
38209,0.000506,172.31.40.0-255,236,366,61,1771
38210,0.000534,172.31.40.0-255,383,749,61,1771
38211,0.002451,74.125.24.0-255,630,1379,61,1771
38212,0.002615,172.31.40.0-255,97,1476,61,1771
38213,0.002706,74.125.24.0-255,66,1542,61,1771
38214,0.003486,74.125.24.0-255,97,1639,61,1771
38215,0.009149,74.125.24.0-255,66,1705,61,1771
38216,0.04284,172.31.40.0-255,66,1771,61,1771
38217,0.0,172.217.194.0-255,153,153,61,326622
38218,2e-05,172.31.40.0-255,66,219,61,326622
38219,2.8e-05,172.217.194.0-255,1484,1703,61,326622
38220,3.1e-05,172.31.40.0-255,66,1769,61,326622
38221,3.5e-05,172.217.194.0-255,1484,3253,61,326622
38222,3.7e-05,172.31.40.0-255,66,3319,61,326622
38223,5.2e-05,172.217.194.0-255,4320,7639,61,326622
38224,5.5e-05,172.31.40.0-255,66,7705,61,326622
38225,9e-05,172.217.194.0-255,6372,14077,61,326622
38226,9.3e-05,172.31.40.0-255,66,14143,61,326622
38227,0.000129,172.217.194.0-255,4320,18463,61,326622
38228,0.000132,172.31.40.0-255,66,18529,61,326622
38229,0.000158,172.217.194.0-255,2902,21431,61,326622
38230,0.000161,172.31.40.0-255,66,21497,61,326622
38231,0.000165,172.217.194.0-255,2902,24399,61,326622
38232,0.000168,172.31.40.0-255,66,24465,61,326622
38233,0.000196,172.31.40.0-255,66,24531,61,326622
38234,0.000241,172.31.40.0-255,66,24597,61,326622
38235,0.000245,172.217.194.0-255,2184,26781,61,326622
38236,0.000247,172.31.40.0-255,66,26847,61,326622
38237,0.000303,172.217.194.0-255,1484,28331,61,326622
38238,0.000306,172.31.40.0-255,66,28397,61,326622
38239,0.000311,172.217.194.0-255,2902,31299,61,326622
38240,0.000313,172.31.40.0-255,66,31365,61,326622
38241,0.000348,172.217.194.0-255,4320,35685,61,326622
38242,0.000352,172.31.40.0-255,66,35751,61,326622
38243,0.000385,172.31.40.0-255,66,35817,61,326622
38244,0.000458,172.217.194.0-255,1484,37301,61,326622
38245,0.00046,172.31.40.0-255,66,37367,61,326622
38246,0.000486,172.217.194.0-255,2902,40269,61,326622
38247,0.000489,172.31.40.0-255,66,40335,61,326622
38248,0.000494,172.217.194.0-255,4320,44655,61,326622
38249,0.000496,172.31.40.0-255,66,44721,61,326622
38250,0.000506,172.217.194.0-255,4320,49041,61,326622
38251,0.000509,172.31.40.0-255,66,49107,61,326622
38252,0.000547,172.217.194.0-255,4238,53345,61,326622
38253,0.00055,172.31.40.0-255,66,53411,61,326622
38254,0.000558,172.217.194.0-255,7156,60567,61,326622
38255,0.00056,172.31.40.0-255,66,60633,61,326622
38256,0.000565,172.217.194.0-255,2902,63535,61,326622
38257,0.000567,172.31.40.0-255,66,63601,61,326622
38258,0.0006,172.217.194.0-255,5738,69339,61,326622
38259,0.000603,172.31.40.0-255,66,69405,61,326622
38260,0.000606,172.217.194.0-255,1125,70530,61,326622
38261,0.000735,172.217.194.0-255,1484,72014,61,326622
38262,0.000739,172.31.40.0-255,66,72080,61,326622
38263,0.000759,172.217.194.0-255,2902,74982,61,326622
38264,0.000762,172.31.40.0-255,66,75048,61,326622
38265,0.000789,172.217.194.0-255,5738,80786,61,326622
38266,0.000792,172.31.40.0-255,66,80852,61,326622
38267,0.000798,172.217.194.0-255,2902,83754,61,326622
38268,0.0008,172.31.40.0-255,66,83820,61,326622
38269,0.000844,172.217.194.0-255,4320,88140,61,326622
38270,0.000847,172.31.40.0-255,66,88206,61,326622
38271,0.000869,172.217.194.0-255,5738,93944,61,326622
38272,0.000872,172.31.40.0-255,66,94010,61,326622
38273,0.000909,172.31.40.0-255,66,94076,61,326622
38274,0.000935,172.217.194.0-255,1484,95560,61,326622
38275,0.000947,172.217.194.0-255,2902,98462,61,326622
38276,0.00095,172.31.40.0-255,66,98528,61,326622
38277,0.000979,172.217.194.0-255,5738,104266,61,326622
38278,0.000985,172.31.40.0-255,66,104332,61,326622
38279,0.001011,172.31.40.0-255,66,104398,61,326622
38280,0.001062,172.217.194.0-255,2902,107300,61,326622
38281,0.001064,172.31.40.0-255,66,107366,61,326622
38282,0.001096,172.31.40.0-255,66,107432,61,326622
38283,0.001336,172.217.194.0-255,1484,108916,61,326622
38284,0.001352,172.217.194.0-255,2902,111818,61,326622
38285,0.001356,172.31.40.0-255,66,111884,61,326622
38286,0.001361,172.217.194.0-255,2902,114786,61,326622
38287,0.001363,172.31.40.0-255,66,114852,61,326622
38288,0.001387,172.217.194.0-255,2902,117754,61,326622
38289,0.00139,172.31.40.0-255,66,117820,61,326622
38290,0.0014,172.217.194.0-255,5738,123558,61,326622
38291,0.001402,172.31.40.0-255,66,123624,61,326622
38292,0.001431,172.217.194.0-255,7156,130780,61,326622
38293,0.001434,172.31.40.0-255,66,130846,61,326622
38294,0.00144,172.217.194.0-255,5738,136584,61,326622
38295,0.001444,172.31.40.0-255,66,136650,61,326622
38296,0.001471,172.217.194.0-255,5020,141670,61,326622
38297,0.001474,172.31.40.0-255,66,141736,61,326622
38298,0.001758,172.217.194.0-255,1484,143220,61,326622
38299,0.001763,172.217.194.0-255,1484,144704,61,326622
38300,0.001766,172.31.40.0-255,66,144770,61,326622
38301,0.001792,172.217.194.0-255,1484,146254,61,326622
38302,0.001799,172.217.194.0-255,5738,151992,61,326622
38303,0.001802,172.31.40.0-255,66,152058,61,326622
38304,0.001831,172.217.194.0-255,5738,157796,61,326622
38305,0.001833,172.31.40.0-255,66,157862,61,326622
38306,0.001855,172.217.194.0-255,5738,163600,61,326622
38307,0.001857,172.31.40.0-255,66,163666,61,326622
38308,0.001862,172.217.194.0-255,2902,166568,61,326622
38309,0.001864,172.31.40.0-255,66,166634,61,326622
38310,0.001907,172.31.40.0-255,66,166700,61,326622
38311,0.001935,172.217.194.0-255,7156,173856,61,326622
38312,0.001938,172.31.40.0-255,66,173922,61,326622
38313,0.001943,172.217.194.0-255,2902,176824,61,326622
38314,0.001945,172.31.40.0-255,66,176890,61,326622
38315,0.001986,172.217.194.0-255,5738,182628,61,326622
38316,0.001989,172.31.40.0-255,66,182694,61,326622
38317,0.002003,172.31.40.0-255,66,182760,61,326622
38318,0.002028,172.217.194.0-255,5020,187780,61,326622
38319,0.002032,172.31.40.0-255,66,187846,61,326622
38320,0.002171,172.217.194.0-255,1484,189330,61,326622
38321,0.002177,172.217.194.0-255,2902,192232,61,326622
38322,0.00218,172.31.40.0-255,66,192298,61,326622
38323,0.002214,172.217.194.0-255,5738,198036,61,326622
38324,0.002219,172.217.194.0-255,4320,202356,61,326622
38325,0.002224,172.31.40.0-255,66,202422,61,326622
38326,0.002227,172.31.40.0-255,66,202488,61,326622
38327,0.002247,172.217.194.0-255,2902,205390,61,326622
38328,0.00225,172.31.40.0-255,66,205456,61,326622
38329,0.002292,172.31.40.0-255,66,205522,61,326622
38330,0.002297,172.217.194.0-255,2184,207706,61,326622
38331,0.002299,172.31.40.0-255,66,207772,61,326622
38332,0.004576,172.217.194.0-255,5738,213510,61,326622
38333,0.004584,172.31.40.0-255,66,213576,61,326622
38334,0.006845,172.217.194.0-255,5738,219314,61,326622
38335,0.006849,172.31.40.0-255,66,219380,61,326622
38336,0.009116,172.217.194.0-255,5738,225118,61,326622
38337,0.009119,172.31.40.0-255,66,225184,61,326622
38338,0.011411,172.217.194.0-255,5738,230922,61,326622
38339,0.011429,172.31.40.0-255,66,230988,61,326622
38340,0.013714,172.217.194.0-255,5738,236726,61,326622
38341,0.013727,172.31.40.0-255,66,236792,61,326622
38342,0.016062,172.217.194.0-255,5738,242530,61,326622
38343,0.016072,172.31.40.0-255,66,242596,61,326622
38344,0.018379,172.217.194.0-255,5738,248334,61,326622
38345,0.018387,172.31.40.0-255,66,248400,61,326622
38346,0.020655,172.217.194.0-255,5738,254138,61,326622
38347,0.020663,172.31.40.0-255,66,254204,61,326622
38348,0.022948,172.217.194.0-255,5738,259942,61,326622
38349,0.022958,172.31.40.0-255,66,260008,61,326622
38350,0.025232,172.217.194.0-255,5738,265746,61,326622
38351,0.025239,172.31.40.0-255,66,265812,61,326622
38352,0.027475,172.217.194.0-255,5738,271550,61,326622
38353,0.027482,172.31.40.0-255,66,271616,61,326622
38354,0.029779,172.217.194.0-255,4320,275936,61,326622
38355,0.029787,172.31.40.0-255,66,276002,61,326622
38356,0.029814,172.217.194.0-255,1484,277486,61,326622
38357,0.03208,172.217.194.0-255,4320,281806,61,326622
38358,0.032086,172.31.40.0-255,66,281872,61,326622
38359,0.032197,172.31.40.0-255,172,282044,61,326622
38360,0.032224,172.31.40.0-255,1115,283159,61,326622
38361,0.032296,172.31.40.0-255,1514,284673,61,326622
38362,0.032298,172.31.40.0-255,1255,285928,61,326622
38363,0.034334,104.244.42.0-255,66,285994,61,326622
38364,0.034344,172.217.194.0-255,5738,291732,61,326622
38365,0.03435,172.31.40.0-255,66,291798,61,326622
38366,0.036621,172.217.194.0-255,5738,297536,61,326622
38367,0.036628,172.31.40.0-255,66,297602,61,326622
38368,0.0389,172.217.194.0-255,5738,303340,61,326622
38369,0.038909,172.31.40.0-255,66,303406,61,326622
38370,0.041192,172.217.194.0-255,5738,309144,61,326622
38371,0.0412,172.31.40.0-255,66,309210,61,326622
38372,0.043462,172.217.194.0-255,5738,314948,61,326622
38373,0.043469,172.31.40.0-255,66,315014,61,326622
38374,0.045748,172.217.194.0-255,5738,320752,61,326622
38375,0.045754,172.31.40.0-255,66,320818,61,326622
38376,0.048036,172.217.194.0-255,5738,326556,61,326622
38377,0.048042,172.31.40.0-255,66,326622,61,326622
38378,0.0,172.217.194.0-255,146,146,61,219118
38379,2.1e-05,172.31.40.0-255,66,212,61,219118
38380,2.8e-05,172.217.194.0-255,1484,1696,61,219118
38381,3.3e-05,172.31.40.0-255,66,1762,61,219118
38382,3.8e-05,172.217.194.0-255,2902,4664,61,219118
38383,5.9e-05,172.31.40.0-255,66,4730,61,219118
38384,6.6e-05,172.217.194.0-255,5738,10468,61,219118
38385,6.9e-05,172.31.40.0-255,66,10534,61,219118
38386,9.9e-05,172.217.194.0-255,3429,13963,61,219118
38387,0.000101,172.31.40.0-255,66,14029,61,219118
38388,0.000489,172.217.194.0-255,1484,15513,61,219118
38389,0.000494,172.31.40.0-255,66,15579,61,219118
38390,0.000501,172.217.194.0-255,2902,18481,61,219118
38391,0.000503,172.31.40.0-255,66,18547,61,219118
38392,0.000509,172.217.194.0-255,4320,22867,61,219118
38393,0.000512,172.31.40.0-255,66,22933,61,219118
38394,0.000536,172.217.194.0-255,1484,24417,61,219118
38395,0.000538,172.31.40.0-255,66,24483,61,219118
38396,0.000556,172.217.194.0-255,7156,31639,61,219118
38397,0.00056,172.31.40.0-255,66,31705,61,219118
38398,0.000584,172.217.194.0-255,6797,38502,61,219118
38399,0.000587,172.31.40.0-255,66,38568,61,219118
38400,0.000601,172.31.40.0-255,66,38634,61,219118
38401,0.000626,172.217.194.0-255,1484,40118,61,219118
38402,0.000628,172.31.40.0-255,66,40184,61,219118
38403,0.000641,172.31.40.0-255,66,40250,61,219118
38404,0.000646,172.217.194.0-255,2184,42434,61,219118
38405,0.000648,172.31.40.0-255,66,42500,61,219118
38406,0.000732,172.217.194.0-255,647,43147,61,219118
38407,0.000736,172.31.40.0-255,66,43213,61,219118
38408,0.000857,172.217.194.0-255,1484,44697,61,219118
38409,0.000862,172.217.194.0-255,1484,46181,61,219118
38410,0.000865,172.31.40.0-255,66,46247,61,219118
38411,0.000883,172.217.194.0-255,1484,47731,61,219118
38412,0.000891,172.217.194.0-255,5738,53469,61,219118
38413,0.000893,172.31.40.0-255,66,53535,61,219118
38414,0.000906,172.31.40.0-255,66,53601,61,219118
38415,0.000949,172.217.194.0-255,4320,57921,61,219118
38416,0.000952,172.31.40.0-255,66,57987,61,219118
38417,0.00098,172.31.40.0-255,66,58053,61,219118
38418,0.001256,172.217.194.0-255,1484,59537,61,219118
38419,0.001262,172.217.194.0-255,2902,62439,61,219118
38420,0.001266,172.31.40.0-255,66,62505,61,219118
38421,0.001289,172.217.194.0-255,5738,68243,61,219118
38422,0.001292,172.31.40.0-255,66,68309,61,219118
38423,0.001295,172.217.194.0-255,1484,69793,61,219118
38424,0.001322,172.31.40.0-255,66,69859,61,219118
38425,0.00137,172.31.40.0-255,66,69925,61,219118
38426,0.001387,172.217.194.0-255,766,70691,61,219118
38427,0.00148,172.217.194.0-255,1484,72175,61,219118
38428,0.001485,172.31.40.0-255,66,72241,61,219118
38429,0.001501,172.217.194.0-255,2902,75143,61,219118
38430,0.001503,172.31.40.0-255,66,75209,61,219118
38431,0.00151,172.217.194.0-255,5738,80947,61,219118
38432,0.001513,172.31.40.0-255,66,81013,61,219118
38433,0.001549,172.217.194.0-255,1484,82497,61,219118
38434,0.001575,172.31.40.0-255,66,82563,61,219118
38435,0.001597,172.217.194.0-255,1484,84047,61,219118
38436,0.00161,172.31.40.0-255,66,84113,61,219118
38437,0.001613,172.217.194.0-255,766,84879,61,219118
38438,0.002128,172.31.40.0-255,66,84945,61,219118
38439,0.002273,172.217.194.0-255,1484,86429,61,219118
38440,0.002293,172.217.194.0-255,2902,89331,61,219118
38441,0.002297,172.31.40.0-255,66,89397,61,219118
38442,0.002323,172.217.194.0-255,5738,95135,61,219118
38443,0.002326,172.31.40.0-255,66,95201,61,219118
38444,0.002343,172.217.194.0-255,4320,99521,61,219118
38445,0.002345,172.31.40.0-255,66,99587,61,219118
38446,0.00238,172.31.40.0-255,66,99653,61,219118
38447,0.002394,172.31.40.0-255,66,99719,61,219118
38448,0.004733,172.217.194.0-255,5738,105457,61,219118
38449,0.00474,172.31.40.0-255,66,105523,61,219118
38450,0.007071,172.217.194.0-255,5738,111261,61,219118
38451,0.007075,172.31.40.0-255,66,111327,61,219118
38452,0.009783,172.217.194.0-255,5738,117065,61,219118
38453,0.009791,172.31.40.0-255,66,117131,61,219118
38454,0.012137,172.217.194.0-255,5738,122869,61,219118
38455,0.012148,172.31.40.0-255,66,122935,61,219118
38456,0.014507,172.217.194.0-255,5738,128673,61,219118
38457,0.014516,172.31.40.0-255,66,128739,61,219118
38458,0.016865,172.217.194.0-255,5738,134477,61,219118
38459,0.016873,172.31.40.0-255,66,134543,61,219118
38460,0.019219,172.217.194.0-255,5738,140281,61,219118
38461,0.019227,172.31.40.0-255,66,140347,61,219118
38462,0.021558,172.217.194.0-255,5738,146085,61,219118
38463,0.021565,172.31.40.0-255,66,146151,61,219118
38464,0.022321,172.31.40.0-255,166,146317,61,219118
38465,0.022356,172.31.40.0-255,1140,147457,61,219118
38466,0.022413,172.31.40.0-255,1514,148971,61,219118
38467,0.022415,172.31.40.0-255,301,149272,61,219118
38468,0.023865,104.244.42.0-255,66,149338,61,219118
38469,0.023903,172.217.194.0-255,5738,155076,61,219118
38470,0.023908,172.31.40.0-255,66,155142,61,219118
38471,0.023926,104.244.42.0-255,66,155208,61,219118
38472,0.023967,104.244.42.0-255,66,155274,61,219118
38473,0.02623,172.217.194.0-255,5738,161012,61,219118
38474,0.02625,172.31.40.0-255,66,161078,61,219118
38475,0.028619,172.217.194.0-255,5738,166816,61,219118
38476,0.028629,172.31.40.0-255,66,166882,61,219118
38477,0.031012,172.217.194.0-255,5738,172620,61,219118
38478,0.031029,172.31.40.0-255,66,172686,61,219118
38479,0.033351,172.217.194.0-255,5738,178424,61,219118
38480,0.033363,172.31.40.0-255,66,178490,61,219118
38481,0.03571,172.217.194.0-255,5738,184228,61,219118
38482,0.03573,172.31.40.0-255,66,184294,61,219118
38483,0.038078,172.217.194.0-255,5738,190032,61,219118
38484,0.038095,172.31.40.0-255,66,190098,61,219118
38485,0.040419,172.217.194.0-255,5738,195836,61,219118
38486,0.04044,172.31.40.0-255,66,195902,61,219118
38487,0.042796,172.217.194.0-255,5738,201640,61,219118
38488,0.042816,172.31.40.0-255,66,201706,61,219118
38489,0.045139,172.217.194.0-255,5738,207444,61,219118
38490,0.045155,172.31.40.0-255,66,207510,61,219118
38491,0.047516,172.217.194.0-255,5738,213248,61,219118
38492,0.047535,172.31.40.0-255,66,213314,61,219118
38493,0.049879,172.217.194.0-255,5738,219052,61,219118
38494,0.049899,172.31.40.0-255,66,219118,61,219118
38495,0.0,74.125.24.0-255,152,152,61,138555
38496,2e-05,172.31.40.0-255,66,218,61,138555
38497,2.7e-05,74.125.24.0-255,1484,1702,61,138555
38498,3.2e-05,172.31.40.0-255,66,1768,61,138555
38499,4.4e-05,74.125.24.0-255,2902,4670,61,138555
38500,4.7e-05,172.31.40.0-255,66,4736,61,138555
38501,5.3e-05,74.125.24.0-255,4320,9056,61,138555
38502,5.6e-05,172.31.40.0-255,66,9122,61,138555
38503,8.9e-05,74.125.24.0-255,5738,14860,61,138555
38504,9.3e-05,172.31.40.0-255,66,14926,61,138555
38505,0.000118,74.125.24.0-255,3482,18408,61,138555
38506,0.000121,172.31.40.0-255,66,18474,61,138555
38507,0.000213,74.125.24.0-255,5738,24212,61,138555
38508,0.000216,172.31.40.0-255,66,24278,61,138555
38509,0.000245,74.125.24.0-255,4320,28598,61,138555
38510,0.000248,172.31.40.0-255,66,28664,61,138555
38511,0.000276,74.125.24.0-255,5738,34402,61,138555
38512,0.000278,172.31.40.0-255,66,34468,61,138555
38513,0.000319,172.31.40.0-255,66,34534,61,138555
38514,0.000582,74.125.24.0-255,1484,36018,61,138555
38515,0.000587,172.31.40.0-255,66,36084,61,138555
38516,0.000594,74.125.24.0-255,2902,38986,61,138555
38517,0.000596,172.31.40.0-255,66,39052,61,138555
38518,0.000629,74.125.24.0-255,5738,44790,61,138555
38519,0.000633,172.31.40.0-255,66,44856,61,138555
38520,0.000672,74.125.24.0-255,6797,51653,61,138555
38521,0.000676,172.31.40.0-255,66,51719,61,138555
38522,0.000721,74.125.24.0-255,647,52366,61,138555
38523,0.000725,172.31.40.0-255,66,52432,61,138555
38524,0.000939,74.125.24.0-255,1484,53916,61,138555
38525,0.000943,172.31.40.0-255,66,53982,61,138555
38526,0.000948,74.125.24.0-255,1484,55466,61,138555
38527,0.00097,74.125.24.0-255,1484,56950,61,138555
38528,0.000973,172.31.40.0-255,66,57016,61,138555
38529,0.00098,74.125.24.0-255,5738,62754,61,138555
38530,0.000982,172.31.40.0-255,66,62820,61,138555
38531,0.001037,74.125.24.0-255,6247,69067,61,138555
38532,0.00104,172.31.40.0-255,66,69133,61,138555
38533,0.001175,74.125.24.0-255,1484,70617,61,138555
38534,0.001181,74.125.24.0-255,2902,73519,61,138555
38535,0.001184,172.31.40.0-255,66,73585,61,138555
38536,0.00121,74.125.24.0-255,5738,79323,61,138555
38537,0.001212,172.31.40.0-255,66,79389,61,138555
38538,0.00127,74.125.24.0-255,4320,83709,61,138555
38539,0.001273,172.31.40.0-255,66,83775,61,138555
38540,0.001307,74.125.24.0-255,2902,86677,61,138555
38541,0.001311,172.31.40.0-255,66,86743,61,138555
38542,0.001348,172.31.40.0-255,66,86809,61,138555
38543,0.001424,74.125.24.0-255,2902,89711,61,138555
38544,0.001427,172.31.40.0-255,66,89777,61,138555
38545,0.001455,74.125.24.0-255,5020,94797,61,138555
38546,0.001458,172.31.40.0-255,66,94863,61,138555
38547,0.001503,74.125.24.0-255,5738,100601,61,138555
38548,0.001507,172.31.40.0-255,66,100667,61,138555
38549,0.001533,74.125.24.0-255,2902,103569,61,138555
38550,0.001536,172.31.40.0-255,66,103635,61,138555
38551,0.00158,74.125.24.0-255,4320,107955,61,138555
38552,0.001584,172.31.40.0-255,66,108021,61,138555
38553,0.001623,172.31.40.0-255,66,108087,61,138555
38554,0.001781,74.125.24.0-255,6438,114525,61,138555
38555,0.001786,172.31.40.0-255,66,114591,61,138555
38556,0.001849,74.125.24.0-255,4320,118911,61,138555
38557,0.001852,172.31.40.0-255,66,118977,61,138555
38558,0.001898,172.31.40.0-255,66,119043,61,138555
38559,0.001932,172.31.40.0-255,66,119109,61,138555
38560,0.00218,74.125.24.0-255,1484,120593,61,138555
38561,0.002199,74.125.24.0-255,7156,127749,61,138555
38562,0.002202,172.31.40.0-255,66,127815,61,138555
38563,0.002255,172.31.40.0-255,66,127881,61,138555
38564,0.002538,172.31.40.0-255,66,127947,61,138555
38565,0.002591,172.31.40.0-255,66,128013,61,138555
38566,0.00262,172.31.40.0-255,66,128079,61,138555
38567,0.003028,74.125.24.0-255,2902,130981,61,138555
38568,0.003034,172.31.40.0-255,66,131047,61,138555
38569,0.003072,172.31.40.0-255,66,131113,61,138555
38570,0.003221,172.31.40.0-255,66,131179,61,138555
38571,0.003253,172.31.40.0-255,66,131245,61,138555
38572,0.003307,172.31.40.0-255,66,131311,61,138555
38573,0.003352,172.31.40.0-255,66,131377,61,138555
38574,0.003894,172.31.40.0-255,66,131443,61,138555
38575,0.004549,74.125.24.0-255,6875,138318,61,138555
38576,0.011783,172.31.40.0-255,66,138384,61,138555
38577,0.013659,172.31.40.0-255,105,138489,61,138555
38578,0.015742,74.125.24.0-255,66,138555,61,138555
38579,0.0,172.217.194.0-255,146,146,61,242236
38580,2.4e-05,172.31.40.0-255,66,212,61,242236
38581,3.2e-05,172.217.194.0-255,1484,1696,61,242236
38582,3.6e-05,172.31.40.0-255,66,1762,61,242236
38583,4.2e-05,172.217.194.0-255,2902,4664,61,242236
38584,4.6e-05,172.31.40.0-255,66,4730,61,242236
38585,5.4e-05,172.217.194.0-255,7156,11886,61,242236
38586,5.7e-05,172.31.40.0-255,66,11952,61,242236
38587,7.6e-05,172.31.40.0-255,66,12018,61,242236
38588,8e-05,172.217.194.0-255,2543,14561,61,242236
38589,8.4e-05,172.31.40.0-255,66,14627,61,242236
38590,0.000149,172.217.194.0-255,1484,16111,61,242236
38591,0.000152,172.31.40.0-255,66,16177,61,242236
38592,0.000158,172.217.194.0-255,2902,19079,61,242236
38593,0.000161,172.31.40.0-255,66,19145,61,242236
38594,0.000179,172.217.194.0-255,5738,24883,61,242236
38595,0.000182,172.31.40.0-255,66,24949,61,242236
38596,0.000188,172.217.194.0-255,5738,30687,61,242236
38597,0.00019,172.31.40.0-255,66,30753,61,242236
38598,0.00022,172.217.194.0-255,2902,33655,61,242236
38599,0.000223,172.31.40.0-255,66,33721,61,242236
38600,0.000251,172.31.40.0-255,66,33787,61,242236
38601,0.000257,172.217.194.0-255,4253,38040,61,242236
38602,0.000259,172.31.40.0-255,66,38106,61,242236
38603,0.000262,172.217.194.0-255,364,38470,61,242236
38604,0.000264,172.31.40.0-255,66,38536,61,242236
38605,0.000366,172.217.194.0-255,1484,40020,61,242236
38606,0.00037,172.31.40.0-255,66,40086,61,242236
38607,0.000375,172.217.194.0-255,2902,42988,61,242236
38608,0.000377,172.31.40.0-255,66,43054,61,242236
38609,0.00038,172.217.194.0-255,1484,44538,61,242236
38610,0.000404,172.217.194.0-255,4320,48858,61,242236
38611,0.000439,172.217.194.0-255,7156,56014,61,242236
38612,0.000466,172.217.194.0-255,5738,61752,61,242236
38613,0.000644,172.31.40.0-255,66,61818,61,242236
38614,0.000867,172.217.194.0-255,1484,63302,61,242236
38615,0.000875,172.217.194.0-255,2902,66204,61,242236
38616,0.000886,172.31.40.0-255,66,66270,61,242236
38617,0.000899,172.217.194.0-255,5738,72008,61,242236
38618,0.000905,172.217.194.0-255,5738,77746,61,242236
38619,0.000911,172.31.40.0-255,66,77812,61,242236
38620,0.000944,172.217.194.0-255,2902,80714,61,242236
38621,0.000954,172.31.40.0-255,66,80780,61,242236
38622,0.000958,172.217.194.0-255,2184,82964,61,242236
38623,0.000963,172.31.40.0-255,66,83030,61,242236
38624,0.00102,172.217.194.0-255,1484,84514,61,242236
38625,0.001033,172.217.194.0-255,2902,87416,61,242236
38626,0.001057,172.217.194.0-255,5738,93154,61,242236
38627,0.001065,172.217.194.0-255,7156,100310,61,242236
38628,0.001068,172.31.40.0-255,66,100376,61,242236
38629,0.001074,172.31.40.0-255,66,100442,61,242236
38630,0.001093,172.217.194.0-255,5738,106180,61,242236
38631,0.001098,172.217.194.0-255,2902,109082,61,242236
38632,0.001111,172.31.40.0-255,66,109148,61,242236
38633,0.001147,172.217.194.0-255,5738,114886,61,242236
38634,0.001155,172.31.40.0-255,66,114952,61,242236
38635,0.001171,172.217.194.0-255,5738,120690,61,242236
38636,0.0012,172.217.194.0-255,2902,123592,61,242236
38637,0.001221,172.217.194.0-255,6438,130030,61,242236
38638,0.001229,172.31.40.0-255,66,130096,61,242236
38639,0.001245,172.217.194.0-255,2902,132998,61,242236
38640,0.001255,172.31.40.0-255,66,133064,61,242236
38641,0.001266,172.217.194.0-255,7156,140220,61,242236
38642,0.001271,172.217.194.0-255,2902,143122,61,242236
38643,0.001276,172.31.40.0-255,66,143188,61,242236
38644,0.001333,172.217.194.0-255,3602,146790,61,242236
38645,0.001339,172.31.40.0-255,66,146856,61,242236
38646,0.001348,172.217.194.0-255,2902,149758,61,242236
38647,0.00136,172.31.40.0-255,66,149824,61,242236
38648,0.001389,172.217.194.0-255,1484,151308,61,242236
38649,0.001414,172.217.194.0-255,6438,157746,61,242236
38650,0.001462,172.31.40.0-255,66,157812,61,242236
38651,0.001475,172.217.194.0-255,7156,164968,61,242236
38652,0.001496,172.217.194.0-255,1484,166452,61,242236
38653,0.001503,172.31.40.0-255,66,166518,61,242236
38654,0.001517,172.217.194.0-255,3602,170120,61,242236
38655,0.001522,172.217.194.0-255,2902,173022,61,242236
38656,0.00154,172.31.40.0-255,66,173088,61,242236
38657,0.001544,172.217.194.0-255,2902,175990,61,242236
38658,0.001548,172.217.194.0-255,2902,178892,61,242236
38659,0.001559,172.31.40.0-255,66,178958,61,242236
38660,0.001573,172.217.194.0-255,4320,183278,61,242236
38661,0.001589,172.217.194.0-255,5738,189016,61,242236
38662,0.001611,172.31.40.0-255,66,189082,61,242236
38663,0.001618,172.217.194.0-255,6438,195520,61,242236
38664,0.001622,172.217.194.0-255,2902,198422,61,242236
38665,0.001634,172.217.194.0-255,4320,202742,61,242236
38666,0.001637,172.31.40.0-255,66,202808,61,242236
38667,0.001648,172.217.194.0-255,4320,207128,61,242236
38668,0.001688,172.31.40.0-255,66,207194,61,242236
38669,0.00173,172.217.194.0-255,1484,208678,61,242236
38670,0.001736,172.217.194.0-255,2902,211580,61,242236
38671,0.001742,172.217.194.0-255,5738,217318,61,242236
38672,0.001754,172.31.40.0-255,66,217384,61,242236
38673,0.001778,172.217.194.0-255,4320,221704,61,242236
38674,0.001797,172.217.194.0-255,4320,226024,61,242236
38675,0.001812,172.31.40.0-255,66,226090,61,242236
38676,0.001833,172.217.194.0-255,7156,233246,61,242236
38677,0.001844,172.31.40.0-255,66,233312,61,242236
38678,0.001873,172.217.194.0-255,3616,236928,61,242236
38679,0.001878,172.31.40.0-255,66,236994,61,242236
38680,0.001898,172.217.194.0-255,105,237099,61,242236
38681,0.001907,172.31.40.0-255,66,237165,61,242236
38682,0.004673,172.31.40.0-255,105,237270,61,242236
38683,0.006906,172.217.194.0-255,66,237336,61,242236
38684,0.040192,172.31.40.0-255,172,237508,61,242236
38685,0.04023,172.31.40.0-255,1121,238629,61,242236
38686,0.04032,172.31.40.0-255,1514,240143,61,242236
38687,0.040322,172.31.40.0-255,1514,241657,61,242236
38688,0.040351,172.31.40.0-255,315,241972,61,242236
38689,0.041682,104.244.42.0-255,66,242038,61,242236
38690,0.041745,104.244.42.0-255,66,242104,61,242236
38691,0.041817,104.244.42.0-255,66,242170,61,242236
38692,0.041821,104.244.42.0-255,66,242236,61,242236
38693,0.0,172.217.27.0-255,152,152,61,257815
38694,1.3e-05,172.31.40.0-255,66,218,61,257815
38695,1.7e-05,172.217.27.0-255,1484,1702,61,257815
38696,2.1e-05,172.31.40.0-255,66,1768,61,257815
38697,2.4e-05,172.217.27.0-255,1484,3252,61,257815
38698,2.6e-05,172.31.40.0-255,66,3318,61,257815
38699,5.8e-05,172.217.27.0-255,2902,6220,61,257815
38700,6.1e-05,172.31.40.0-255,66,6286,61,257815
38701,6.7e-05,172.217.27.0-255,5738,12024,61,257815
38702,6.9e-05,172.31.40.0-255,66,12090,61,257815
38703,9.3e-05,172.31.40.0-255,66,12156,61,257815
38704,0.000106,172.217.27.0-255,2037,14193,61,257815
38705,0.000108,172.31.40.0-255,66,14259,61,257815
38706,0.00013,172.217.27.0-255,5379,19638,61,257815
38707,0.000132,172.31.40.0-255,66,19704,61,257815
38708,0.000205,172.217.27.0-255,1484,21188,61,257815
38709,0.000209,172.31.40.0-255,66,21254,61,257815
38710,0.000215,172.217.27.0-255,2902,24156,61,257815
38711,0.000217,172.31.40.0-255,66,24222,61,257815
38712,0.000222,172.217.27.0-255,4320,28542,61,257815
38713,0.000224,172.31.40.0-255,66,28608,61,257815
38714,0.000245,172.217.27.0-255,1484,30092,61,257815
38715,0.000247,172.31.40.0-255,66,30158,61,257815
38716,0.000252,172.217.27.0-255,4320,34478,61,257815
38717,0.000254,172.31.40.0-255,66,34544,61,257815
38718,0.00026,172.217.27.0-255,5379,39923,61,257815
38719,0.000262,172.31.40.0-255,66,39989,61,257815
38720,0.000276,172.217.27.0-255,4320,44309,61,257815
38721,0.000278,172.31.40.0-255,66,44375,61,257815
38722,0.000297,172.217.27.0-255,7156,51531,61,257815
38723,0.000299,172.31.40.0-255,66,51597,61,257815
38724,0.000303,172.217.27.0-255,2813,54410,61,257815
38725,0.000304,172.31.40.0-255,66,54476,61,257815
38726,0.000615,172.217.27.0-255,137,54613,61,257815
38727,0.000762,172.217.27.0-255,1484,56097,61,257815
38728,0.000766,172.31.40.0-255,66,56163,61,257815
38729,0.000771,172.217.27.0-255,2902,59065,61,257815
38730,0.000773,172.31.40.0-255,66,59131,61,257815
38731,0.000801,172.217.27.0-255,5738,64869,61,257815
38732,0.000803,172.31.40.0-255,66,64935,61,257815
38733,0.000807,172.217.27.0-255,2902,67837,61,257815
38734,0.000809,172.31.40.0-255,66,67903,61,257815
38735,0.000814,172.217.27.0-255,3961,71864,61,257815
38736,0.000816,172.31.40.0-255,66,71930,61,257815
38737,0.000821,172.217.27.0-255,4320,76250,61,257815
38738,0.000823,172.31.40.0-255,66,76316,61,257815
38739,0.000847,172.217.27.0-255,4320,80636,61,257815
38740,0.00085,172.31.40.0-255,66,80702,61,257815
38741,0.000859,172.31.40.0-255,66,80768,61,257815
38742,0.002486,172.217.27.0-255,5738,86506,61,257815
38743,0.002492,172.31.40.0-255,66,86572,61,257815
38744,0.004115,172.217.27.0-255,5738,92310,61,257815
38745,0.004118,172.31.40.0-255,66,92376,61,257815
38746,0.005724,172.217.27.0-255,4320,96696,61,257815
38747,0.005727,172.31.40.0-255,66,96762,61,257815
38748,0.005741,172.217.27.0-255,1484,98246,61,257815
38749,0.007338,172.217.27.0-255,4320,102566,61,257815
38750,0.007343,172.31.40.0-255,66,102632,61,257815
38751,0.008965,172.217.27.0-255,5738,108370,61,257815
38752,0.008973,172.31.40.0-255,66,108436,61,257815
38753,0.01061,172.217.27.0-255,5738,114174,61,257815
38754,0.010617,172.31.40.0-255,66,114240,61,257815
38755,0.012236,172.217.27.0-255,5738,119978,61,257815
38756,0.012243,172.31.40.0-255,66,120044,61,257815
38757,0.013864,172.217.27.0-255,5738,125782,61,257815
38758,0.013892,172.31.40.0-255,66,125848,61,257815
38759,0.015545,172.217.27.0-255,5738,131586,61,257815
38760,0.015572,172.31.40.0-255,66,131652,61,257815
38761,0.017195,172.217.27.0-255,5738,137390,61,257815
38762,0.017202,172.31.40.0-255,66,137456,61,257815
38763,0.018821,172.217.27.0-255,5738,143194,61,257815
38764,0.018827,172.31.40.0-255,66,143260,61,257815
38765,0.020441,172.217.27.0-255,5738,148998,61,257815
38766,0.020447,172.31.40.0-255,66,149064,61,257815
38767,0.022068,172.217.27.0-255,5738,154802,61,257815
38768,0.022076,172.31.40.0-255,66,154868,61,257815
38769,0.0237,172.217.27.0-255,5738,160606,61,257815
38770,0.023707,172.31.40.0-255,66,160672,61,257815
38771,0.024852,172.31.40.0-255,172,160844,61,257815
38772,0.024885,172.31.40.0-255,1119,161963,61,257815
38773,0.024946,172.31.40.0-255,1514,163477,61,257815
38774,0.024947,172.31.40.0-255,1276,164753,61,257815
38775,0.025329,172.217.27.0-255,5738,170491,61,257815
38776,0.025336,172.31.40.0-255,66,170557,61,257815
38777,0.026338,104.244.42.0-255,66,170623,61,257815
38778,0.026363,104.244.42.0-255,66,170689,61,257815
38779,0.026486,104.244.42.0-255,66,170755,61,257815
38780,0.026952,172.217.27.0-255,5738,176493,61,257815
38781,0.026958,172.31.40.0-255,66,176559,61,257815
38782,0.028578,172.217.27.0-255,5738,182297,61,257815
38783,0.028585,172.31.40.0-255,66,182363,61,257815
38784,0.030209,172.217.27.0-255,5738,188101,61,257815
38785,0.030215,172.31.40.0-255,66,188167,61,257815
38786,0.031846,172.217.27.0-255,5738,193905,61,257815
38787,0.031854,172.31.40.0-255,66,193971,61,257815
38788,0.033486,172.217.27.0-255,5738,199709,61,257815
38789,0.033493,172.31.40.0-255,66,199775,61,257815
38790,0.035118,172.217.27.0-255,5738,205513,61,257815
38791,0.035123,172.31.40.0-255,66,205579,61,257815
38792,0.036756,172.217.27.0-255,5738,211317,61,257815
38793,0.036763,172.31.40.0-255,66,211383,61,257815
38794,0.03839,172.217.27.0-255,5738,217121,61,257815
38795,0.038397,172.31.40.0-255,66,217187,61,257815
38796,0.040029,172.217.27.0-255,5738,222925,61,257815
38797,0.040035,172.31.40.0-255,66,222991,61,257815
38798,0.041652,172.217.27.0-255,5738,228729,61,257815
38799,0.041659,172.31.40.0-255,66,228795,61,257815
38800,0.043291,172.217.27.0-255,5738,234533,61,257815
38801,0.043298,172.31.40.0-255,66,234599,61,257815
38802,0.044924,172.217.27.0-255,5738,240337,61,257815
38803,0.044931,172.31.40.0-255,66,240403,61,257815
38804,0.046557,172.217.27.0-255,5738,246141,61,257815
38805,0.046562,172.31.40.0-255,66,246207,61,257815
38806,0.048195,172.217.27.0-255,5738,251945,61,257815
38807,0.048203,172.31.40.0-255,66,252011,61,257815
38808,0.049829,172.217.27.0-255,5738,257749,61,257815
38809,0.049836,172.31.40.0-255,66,257815,61,257815
38810,0.0,172.31.40.0-255,105,105,61,276
38811,0.001493,157.240.13.0-255,105,210,61,276
38812,0.001503,172.31.40.0-255,66,276,61,276
38813,0.0,74.125.68.0-255,153,153,61,372637
38814,2.1e-05,172.31.40.0-255,66,219,61,372637
38815,2.8e-05,74.125.68.0-255,1484,1703,61,372637
38816,3.2e-05,172.31.40.0-255,66,1769,61,372637
38817,3.8e-05,74.125.68.0-255,2902,4671,61,372637
38818,4.1e-05,172.31.40.0-255,66,4737,61,372637
38819,6.8e-05,74.125.68.0-255,5738,10475,61,372637
38820,7.2e-05,172.31.40.0-255,66,10541,61,372637
38821,7.5e-05,74.125.68.0-255,1484,12025,61,372637
38822,7.7e-05,172.31.40.0-255,66,12091,61,372637
38823,9.1e-05,74.125.68.0-255,1930,14021,61,372637
38824,9.3e-05,172.31.40.0-255,66,14087,61,372637
38825,0.000119,74.125.68.0-255,4320,18407,61,372637
38826,0.000123,172.31.40.0-255,66,18473,61,372637
38827,0.000128,74.125.68.0-255,4320,22793,61,372637
38828,0.00013,172.31.40.0-255,66,22859,61,372637
38829,0.000147,74.125.68.0-255,5738,28597,61,372637
38830,0.00015,172.31.40.0-255,66,28663,61,372637
38831,0.000154,74.125.68.0-255,2543,31206,61,372637
38832,0.000156,172.31.40.0-255,66,31272,61,372637
38833,0.000274,74.125.68.0-255,1484,32756,61,372637
38834,0.000279,172.31.40.0-255,66,32822,61,372637
38835,0.0003,74.125.68.0-255,2902,35724,61,372637
38836,0.000304,172.31.40.0-255,66,35790,61,372637
38837,0.00031,74.125.68.0-255,4320,40110,61,372637
38838,0.000313,172.31.40.0-255,66,40176,61,372637
38839,0.000353,74.125.68.0-255,7156,47332,61,372637
38840,0.000357,172.31.40.0-255,66,47398,61,372637
38841,0.000372,74.125.68.0-255,7156,54554,61,372637
38842,0.000375,172.31.40.0-255,66,54620,61,372637
38843,0.000402,74.125.68.0-255,1484,56104,61,372637
38844,0.000404,172.31.40.0-255,66,56170,61,372637
38845,0.000417,172.31.40.0-255,66,56236,61,372637
38846,0.000466,74.125.68.0-255,399,56635,61,372637
38847,0.000513,74.125.68.0-255,114,56749,61,372637
38848,0.000557,74.125.68.0-255,1484,58233,61,372637
38849,0.000561,172.31.40.0-255,66,58299,61,372637
38850,0.000582,74.125.68.0-255,2902,61201,61,372637
38851,0.000585,172.31.40.0-255,66,61267,61,372637
38852,0.000602,74.125.68.0-255,1484,62751,61,372637
38853,0.000615,74.125.68.0-255,2902,65653,61,372637
38854,0.000618,172.31.40.0-255,66,65719,61,372637
38855,0.000638,74.125.68.0-255,5738,71457,61,372637
38856,0.000641,172.31.40.0-255,66,71523,61,372637
38857,0.000665,74.125.68.0-255,2902,74425,61,372637
38858,0.000667,172.31.40.0-255,66,74491,61,372637
38859,0.000674,74.125.68.0-255,5738,80229,61,372637
38860,0.000677,172.31.40.0-255,66,80295,61,372637
38861,0.000683,74.125.68.0-255,5738,86033,61,372637
38862,0.000686,172.31.40.0-255,66,86099,61,372637
38863,0.000711,74.125.68.0-255,1484,87583,61,372637
38864,0.000717,74.125.68.0-255,3866,91449,61,372637
38865,0.00072,172.31.40.0-255,66,91515,61,372637
38866,0.0011,74.125.68.0-255,1484,92999,61,372637
38867,0.001128,74.125.68.0-255,2902,95901,61,372637
38868,0.001133,172.31.40.0-255,66,95967,61,372637
38869,0.001181,74.125.68.0-255,5738,101705,61,372637
38870,0.001185,172.31.40.0-255,66,101771,61,372637
38871,0.001192,74.125.68.0-255,7156,108927,61,372637
38872,0.001194,172.31.40.0-255,66,108993,61,372637
38873,0.001212,74.125.68.0-255,2902,111895,61,372637
38874,0.001214,172.31.40.0-255,66,111961,61,372637
38875,0.001241,74.125.68.0-255,5738,117699,61,372637
38876,0.001244,172.31.40.0-255,66,117765,61,372637
38877,0.001261,74.125.68.0-255,4320,122085,61,372637
38878,0.001263,172.31.40.0-255,66,122151,61,372637
38879,0.001285,74.125.68.0-255,3602,125753,61,372637
38880,0.001288,172.31.40.0-255,66,125819,61,372637
38881,0.001342,74.125.68.0-255,1484,127303,61,372637
38882,0.001359,74.125.68.0-255,2902,130205,61,372637
38883,0.001362,172.31.40.0-255,66,130271,61,372637
38884,0.001367,74.125.68.0-255,2902,133173,61,372637
38885,0.00137,172.31.40.0-255,66,133239,61,372637
38886,0.001383,74.125.68.0-255,1484,134723,61,372637
38887,0.001415,74.125.68.0-255,4320,139043,61,372637
38888,0.001419,172.31.40.0-255,66,139109,61,372637
38889,0.001422,172.31.40.0-255,66,139175,61,372637
38890,0.001474,74.125.68.0-255,5738,144913,61,372637
38891,0.001477,172.31.40.0-255,66,144979,61,372637
38892,0.0015,74.125.68.0-255,6438,151417,61,372637
38893,0.001503,172.31.40.0-255,66,151483,61,372637
38894,0.001555,74.125.68.0-255,1484,152967,61,372637
38895,0.001567,74.125.68.0-255,1484,154451,61,372637
38896,0.00157,172.31.40.0-255,66,154517,61,372637
38897,0.001582,74.125.68.0-255,1484,156001,61,372637
38898,0.00161,74.125.68.0-255,2902,158903,61,372637
38899,0.001613,172.31.40.0-255,66,158969,61,372637
38900,0.001631,74.125.68.0-255,1484,160453,61,372637
38901,0.001634,74.125.68.0-255,1484,161937,61,372637
38902,0.001638,172.31.40.0-255,66,162003,61,372637
38903,0.001658,74.125.68.0-255,4320,166323,61,372637
38904,0.00166,172.31.40.0-255,66,166389,61,372637
38905,0.001666,74.125.68.0-255,4320,170709,61,372637
38906,0.001668,172.31.40.0-255,66,170775,61,372637
38907,0.001697,74.125.68.0-255,5738,176513,61,372637
38908,0.0017,172.31.40.0-255,66,176579,61,372637
38909,0.00172,74.125.68.0-255,4320,180899,61,372637
38910,0.001722,172.31.40.0-255,66,180965,61,372637
38911,0.001748,74.125.68.0-255,5020,185985,61,372637
38912,0.001751,172.31.40.0-255,66,186051,61,372637
38913,0.001769,74.125.68.0-255,1484,187535,61,372637
38914,0.00178,74.125.68.0-255,1484,189019,61,372637
38915,0.001783,172.31.40.0-255,66,189085,61,372637
38916,0.001801,74.125.68.0-255,1484,190569,61,372637
38917,0.001808,74.125.68.0-255,5738,196307,61,372637
38918,0.00181,172.31.40.0-255,66,196373,61,372637
38919,0.001814,74.125.68.0-255,2902,199275,61,372637
38920,0.001817,172.31.40.0-255,66,199341,61,372637
38921,0.00184,74.125.68.0-255,2902,202243,61,372637
38922,0.001842,172.31.40.0-255,66,202309,61,372637
38923,0.001855,74.125.68.0-255,1484,203793,61,372637
38924,0.001861,74.125.68.0-255,4320,208113,61,372637
38925,0.001864,172.31.40.0-255,66,208179,61,372637
38926,0.001889,74.125.68.0-255,4320,212499,61,372637
38927,0.001892,172.31.40.0-255,66,212565,61,372637
38928,0.001895,74.125.68.0-255,1484,214049,61,372637
38929,0.001926,172.31.40.0-255,66,214115,61,372637
38930,0.001932,74.125.68.0-255,4320,218435,61,372637
38931,0.001935,172.31.40.0-255,66,218501,61,372637
38932,0.001941,74.125.68.0-255,5738,224239,61,372637
38933,0.001943,172.31.40.0-255,66,224305,61,372637
38934,0.001967,74.125.68.0-255,1484,225789,61,372637
38935,0.001981,74.125.68.0-255,2902,228691,61,372637
38936,0.001984,172.31.40.0-255,66,228757,61,372637
38937,0.00199,74.125.68.0-255,4320,233077,61,372637
38938,0.001993,172.31.40.0-255,66,233143,61,372637
38939,0.002006,74.125.68.0-255,1484,234627,61,372637
38940,0.002028,74.125.68.0-255,7156,241783,61,372637
38941,0.002031,172.31.40.0-255,66,241849,61,372637
38942,0.004045,74.125.68.0-255,5738,247587,61,372637
38943,0.004052,172.31.40.0-255,66,247653,61,372637
38944,0.006088,74.125.68.0-255,5738,253391,61,372637
38945,0.006109,172.31.40.0-255,66,253457,61,372637
38946,0.00814,74.125.68.0-255,5738,259195,61,372637
38947,0.008155,172.31.40.0-255,66,259261,61,372637
38948,0.010228,74.125.68.0-255,5738,264999,61,372637
38949,0.010242,172.31.40.0-255,66,265065,61,372637
38950,0.012258,74.125.68.0-255,5738,270803,61,372637
38951,0.012268,172.31.40.0-255,66,270869,61,372637
38952,0.014291,74.125.68.0-255,5738,276607,61,372637
38953,0.014297,172.31.40.0-255,66,276673,61,372637
38954,0.01631,74.125.68.0-255,5738,282411,61,372637
38955,0.016316,172.31.40.0-255,66,282477,61,372637
38956,0.01834,74.125.68.0-255,4320,286797,61,372637
38957,0.018348,172.31.40.0-255,66,286863,61,372637
38958,0.018369,74.125.68.0-255,1484,288347,61,372637
38959,0.020394,74.125.68.0-255,4320,292667,61,372637
38960,0.020401,172.31.40.0-255,66,292733,61,372637
38961,0.022434,74.125.68.0-255,5738,298471,61,372637
38962,0.022456,172.31.40.0-255,66,298537,61,372637
38963,0.024477,74.125.68.0-255,5738,304275,61,372637
38964,0.024486,172.31.40.0-255,66,304341,61,372637
38965,0.026515,74.125.68.0-255,5738,310079,61,372637
38966,0.026525,172.31.40.0-255,66,310145,61,372637
38967,0.028539,74.125.68.0-255,5738,315883,61,372637
38968,0.028551,172.31.40.0-255,66,315949,61,372637
38969,0.030564,74.125.68.0-255,5738,321687,61,372637
38970,0.030571,172.31.40.0-255,66,321753,61,372637
38971,0.032593,74.125.68.0-255,5738,327491,61,372637
38972,0.03261,172.31.40.0-255,66,327557,61,372637
38973,0.034634,74.125.68.0-255,5738,333295,61,372637
38974,0.034643,172.31.40.0-255,66,333361,61,372637
38975,0.036662,74.125.68.0-255,5738,339099,61,372637
38976,0.03667,172.31.40.0-255,66,339165,61,372637
38977,0.03869,74.125.68.0-255,5738,344903,61,372637
38978,0.038701,172.31.40.0-255,66,344969,61,372637
38979,0.040715,74.125.68.0-255,4320,349289,61,372637
38980,0.040723,172.31.40.0-255,66,349355,61,372637
38981,0.040741,74.125.68.0-255,1484,350839,61,372637
38982,0.042752,74.125.68.0-255,4320,355159,61,372637
38983,0.042762,172.31.40.0-255,66,355225,61,372637
38984,0.04478,74.125.68.0-255,5738,360963,61,372637
38985,0.044789,172.31.40.0-255,66,361029,61,372637
38986,0.046801,74.125.68.0-255,5738,366767,61,372637
38987,0.046808,172.31.40.0-255,66,366833,61,372637
38988,0.048839,74.125.68.0-255,5738,372571,61,372637
38989,0.048854,172.31.40.0-255,66,372637,61,372637
38990,0.0,74.125.68.0-255,146,146,61,280255
38991,2.3e-05,172.31.40.0-255,66,212,61,280255
38992,3e-05,74.125.68.0-255,1484,1696,61,280255
38993,3.4e-05,172.31.40.0-255,66,1762,61,280255
38994,6.9e-05,74.125.68.0-255,2902,4664,61,280255
38995,7.3e-05,172.31.40.0-255,66,4730,61,280255
38996,7.7e-05,74.125.68.0-255,2902,7632,61,280255
38997,8e-05,172.31.40.0-255,66,7698,61,280255
38998,0.000104,74.125.68.0-255,2902,10600,61,280255
38999,0.000107,172.31.40.0-255,66,10666,61,280255
39000,0.000133,74.125.68.0-255,3517,14183,61,280255
39001,0.000136,172.31.40.0-255,66,14249,61,280255
39002,0.00016,74.125.68.0-255,2902,17151,61,280255
39003,0.000162,172.31.40.0-255,66,17217,61,280255
39004,0.000186,74.125.68.0-255,1484,18701,61,280255
39005,0.000188,172.31.40.0-255,66,18767,61,280255
39006,0.000193,74.125.68.0-255,2902,21669,61,280255
39007,0.000195,172.31.40.0-255,66,21735,61,280255
39008,0.000199,74.125.68.0-255,2902,24637,61,280255
39009,0.000205,172.31.40.0-255,66,24703,61,280255
39010,0.000229,74.125.68.0-255,1484,26187,61,280255
39011,0.000232,172.31.40.0-255,66,26253,61,280255
39012,0.000238,74.125.68.0-255,4320,30573,61,280255
39013,0.000245,172.31.40.0-255,66,30639,61,280255
39014,0.000263,74.125.68.0-255,1125,31764,61,280255
39015,0.000266,172.31.40.0-255,66,31830,61,280255
39016,0.000357,74.125.68.0-255,1484,33314,61,280255
39017,0.000361,172.31.40.0-255,66,33380,61,280255
39018,0.000366,74.125.68.0-255,2902,36282,61,280255
39019,0.000368,172.31.40.0-255,66,36348,61,280255
39020,0.000396,74.125.68.0-255,2902,39250,61,280255
39021,0.000399,172.31.40.0-255,66,39316,61,280255
39022,0.000404,74.125.68.0-255,4320,43636,61,280255
39023,0.000406,172.31.40.0-255,66,43702,61,280255
39024,0.000443,74.125.68.0-255,4320,48022,61,280255
39025,0.000445,172.31.40.0-255,66,48088,61,280255
39026,0.00047,74.125.68.0-255,1125,49213,61,280255
39027,0.000477,74.125.68.0-255,5738,54951,61,280255
39028,0.00048,172.31.40.0-255,66,55017,61,280255
39029,0.000484,74.125.68.0-255,2902,57919,61,280255
39030,0.000487,172.31.40.0-255,66,57985,61,280255
39031,0.000515,74.125.68.0-255,7156,65141,61,280255
39032,0.000518,172.31.40.0-255,66,65207,61,280255
39033,0.000551,74.125.68.0-255,1482,66689,61,280255
39034,0.000573,74.125.68.0-255,330,67019,61,280255
39035,0.000577,172.31.40.0-255,66,67085,61,280255
39036,0.000843,74.125.68.0-255,1484,68569,61,280255
39037,0.00085,74.125.68.0-255,2902,71471,61,280255
39038,0.000854,172.31.40.0-255,66,71537,61,280255
39039,0.000892,74.125.68.0-255,5738,77275,61,280255
39040,0.000896,172.31.40.0-255,66,77341,61,280255
39041,0.000903,74.125.68.0-255,7156,84497,61,280255
39042,0.000921,74.125.68.0-255,2902,87399,61,280255
39043,0.000936,74.125.68.0-255,7156,94555,61,280255
39044,0.000949,172.31.40.0-255,66,94621,61,280255
39045,0.000973,74.125.68.0-255,4320,98941,61,280255
39046,0.000981,172.31.40.0-255,66,99007,61,280255
39047,0.000991,74.125.68.0-255,2184,101191,61,280255
39048,0.001,172.31.40.0-255,66,101257,61,280255
39049,0.001455,74.125.68.0-255,1484,102741,61,280255
39050,0.001462,74.125.68.0-255,2902,105643,61,280255
39051,0.001465,172.31.40.0-255,66,105709,61,280255
39052,0.001495,74.125.68.0-255,5738,111447,61,280255
39053,0.001497,172.31.40.0-255,66,111513,61,280255
39054,0.001527,74.125.68.0-255,7156,118669,61,280255
39055,0.001531,172.31.40.0-255,66,118735,61,280255
39056,0.001538,74.125.68.0-255,7156,125891,61,280255
39057,0.00154,172.31.40.0-255,66,125957,61,280255
39058,0.001555,74.125.68.0-255,1484,127441,61,280255
39059,0.001577,74.125.68.0-255,5738,133179,61,280255
39060,0.00158,172.31.40.0-255,66,133245,61,280255
39061,0.001604,74.125.68.0-255,2184,135429,61,280255
39062,0.001606,172.31.40.0-255,66,135495,61,280255
39063,0.003511,74.125.68.0-255,2902,138397,61,280255
39064,0.003518,172.31.40.0-255,66,138463,61,280255
39065,0.003548,74.125.68.0-255,2902,141365,61,280255
39066,0.003551,172.31.40.0-255,66,141431,61,280255
39067,0.005451,74.125.68.0-255,2902,144333,61,280255
39068,0.005459,172.31.40.0-255,66,144399,61,280255
39069,0.005504,74.125.68.0-255,2902,147301,61,280255
39070,0.005506,172.31.40.0-255,66,147367,61,280255
39071,0.007386,74.125.68.0-255,2902,150269,61,280255
39072,0.007388,172.31.40.0-255,66,150335,61,280255
39073,0.007442,74.125.68.0-255,2902,153237,61,280255
39074,0.007445,172.31.40.0-255,66,153303,61,280255
39075,0.009325,74.125.68.0-255,2902,156205,61,280255
39076,0.009333,172.31.40.0-255,66,156271,61,280255
39077,0.009362,74.125.68.0-255,2902,159173,61,280255
39078,0.009365,172.31.40.0-255,66,159239,61,280255
39079,0.011271,74.125.68.0-255,2902,162141,61,280255
39080,0.011278,172.31.40.0-255,66,162207,61,280255
39081,0.01131,74.125.68.0-255,2902,165109,61,280255
39082,0.011313,172.31.40.0-255,66,165175,61,280255
39083,0.013209,74.125.68.0-255,2902,168077,61,280255
39084,0.013217,172.31.40.0-255,66,168143,61,280255
39085,0.013249,74.125.68.0-255,2902,171045,61,280255
39086,0.013252,172.31.40.0-255,66,171111,61,280255
39087,0.015151,74.125.68.0-255,2902,174013,61,280255
39088,0.015159,172.31.40.0-255,66,174079,61,280255
39089,0.015191,74.125.68.0-255,2902,176981,61,280255
39090,0.015195,172.31.40.0-255,66,177047,61,280255
39091,0.017088,74.125.68.0-255,2902,179949,61,280255
39092,0.017096,172.31.40.0-255,66,180015,61,280255
39093,0.017126,74.125.68.0-255,2902,182917,61,280255
39094,0.017129,172.31.40.0-255,66,182983,61,280255
39095,0.019034,74.125.68.0-255,2902,185885,61,280255
39096,0.019043,172.31.40.0-255,66,185951,61,280255
39097,0.019078,74.125.68.0-255,2902,188853,61,280255
39098,0.019081,172.31.40.0-255,66,188919,61,280255
39099,0.020995,74.125.68.0-255,5738,194657,61,280255
39100,0.021004,172.31.40.0-255,66,194723,61,280255
39101,0.022943,74.125.68.0-255,5738,200461,61,280255
39102,0.02295,172.31.40.0-255,66,200527,61,280255
39103,0.024898,74.125.68.0-255,5738,206265,61,280255
39104,0.024906,172.31.40.0-255,66,206331,61,280255
39105,0.026846,74.125.68.0-255,5738,212069,61,280255
39106,0.026854,172.31.40.0-255,66,212135,61,280255
39107,0.028794,74.125.68.0-255,5738,217873,61,280255
39108,0.028802,172.31.40.0-255,66,217939,61,280255
39109,0.030735,74.125.68.0-255,5738,223677,61,280255
39110,0.030743,172.31.40.0-255,66,223743,61,280255
39111,0.032189,172.31.40.0-255,167,223910,61,280255
39112,0.032222,172.31.40.0-255,1121,225031,61,280255
39113,0.032277,172.31.40.0-255,1514,226545,61,280255
39114,0.032278,172.31.40.0-255,1276,227821,61,280255
39115,0.032687,74.125.68.0-255,5738,233559,61,280255
39116,0.032695,172.31.40.0-255,66,233625,61,280255
39117,0.033692,104.244.42.0-255,66,233691,61,280255
39118,0.033728,104.244.42.0-255,66,233757,61,280255
39119,0.033773,104.244.42.0-255,66,233823,61,280255
39120,0.034632,74.125.68.0-255,5738,239561,61,280255
39121,0.034637,172.31.40.0-255,66,239627,61,280255
39122,0.036574,74.125.68.0-255,5738,245365,61,280255
39123,0.036581,172.31.40.0-255,66,245431,61,280255
39124,0.038532,74.125.68.0-255,5738,251169,61,280255
39125,0.038539,172.31.40.0-255,66,251235,61,280255
39126,0.040487,74.125.68.0-255,5738,256973,61,280255
39127,0.040502,172.31.40.0-255,66,257039,61,280255
39128,0.042469,74.125.68.0-255,5738,262777,61,280255
39129,0.042485,172.31.40.0-255,66,262843,61,280255
39130,0.044434,74.125.68.0-255,5738,268581,61,280255
39131,0.04445,172.31.40.0-255,66,268647,61,280255
39132,0.046406,74.125.68.0-255,5738,274385,61,280255
39133,0.046421,172.31.40.0-255,66,274451,61,280255
39134,0.048367,74.125.68.0-255,5738,280189,61,280255
39135,0.04838,172.31.40.0-255,66,280255,61,280255
39136,0.0,74.125.68.0-255,146,146,61,369648
39137,2.3e-05,172.31.40.0-255,66,212,61,369648
39138,3.1e-05,74.125.68.0-255,1484,1696,61,369648
39139,3.6e-05,172.31.40.0-255,66,1762,61,369648
39140,4.2e-05,74.125.68.0-255,2902,4664,61,369648
39141,4.5e-05,172.31.40.0-255,66,4730,61,369648
39142,8.1e-05,74.125.68.0-255,5738,10468,61,369648
39143,8.4e-05,172.31.40.0-255,66,10534,61,369648
39144,0.000117,74.125.68.0-255,3449,13983,61,369648
39145,0.000119,172.31.40.0-255,66,14049,61,369648
39146,0.000175,74.125.68.0-255,1484,15533,61,369648
39147,0.000178,172.31.40.0-255,66,15599,61,369648
39148,0.000194,74.125.68.0-255,1484,17083,61,369648
39149,0.000196,172.31.40.0-255,66,17149,61,369648
39150,0.000201,74.125.68.0-255,2902,20051,61,369648
39151,0.000203,172.31.40.0-255,66,20117,61,369648
39152,0.00023,74.125.68.0-255,1484,21601,61,369648
39153,0.000232,172.31.40.0-255,66,21667,61,369648
39154,0.000246,172.31.40.0-255,66,21733,61,369648
39155,0.000249,74.125.68.0-255,1125,22858,61,369648
39156,0.000251,172.31.40.0-255,66,22924,61,369648
39157,0.000254,74.125.68.0-255,1484,24408,61,369648
39158,0.000256,172.31.40.0-255,66,24474,61,369648
39159,0.000261,74.125.68.0-255,4320,28794,61,369648
39160,0.000264,172.31.40.0-255,66,28860,61,369648
39161,0.000269,74.125.68.0-255,4320,33180,61,369648
39162,0.000272,172.31.40.0-255,66,33246,61,369648
39163,0.000276,74.125.68.0-255,2902,36148,61,369648
39164,0.000278,172.31.40.0-255,66,36214,61,369648
39165,0.000299,74.125.68.0-255,2902,39116,61,369648
39166,0.000302,172.31.40.0-255,66,39182,61,369648
39167,0.000304,74.125.68.0-255,1125,40307,61,369648
39168,0.000342,74.125.68.0-255,1484,41791,61,369648
39169,0.000345,172.31.40.0-255,66,41857,61,369648
39170,0.000349,74.125.68.0-255,1484,43341,61,369648
39171,0.000365,74.125.68.0-255,1484,44825,61,369648
39172,0.000367,172.31.40.0-255,66,44891,61,369648
39173,0.000373,74.125.68.0-255,4320,49211,61,369648
39174,0.000375,172.31.40.0-255,66,49277,61,369648
39175,0.000415,74.125.68.0-255,4320,53597,61,369648
39176,0.000418,172.31.40.0-255,66,53663,61,369648
39177,0.000438,74.125.68.0-255,3961,57624,61,369648
39178,0.00044,172.31.40.0-255,66,57690,61,369648
39179,0.000443,74.125.68.0-255,676,58366,61,369648
39180,0.00061,74.125.68.0-255,1484,59850,61,369648
39181,0.000614,172.31.40.0-255,66,59916,61,369648
39182,0.00062,74.125.68.0-255,2902,62818,61,369648
39183,0.000623,172.31.40.0-255,66,62884,61,369648
39184,0.000648,74.125.68.0-255,5738,68622,61,369648
39185,0.000651,172.31.40.0-255,66,68688,61,369648
39186,0.000669,74.125.68.0-255,1484,70172,61,369648
39187,0.000691,74.125.68.0-255,5379,75551,61,369648
39188,0.000694,172.31.40.0-255,66,75617,61,369648
39189,0.000734,74.125.68.0-255,7156,82773,61,369648
39190,0.000738,172.31.40.0-255,66,82839,61,369648
39191,0.000743,74.125.68.0-255,2902,85741,61,369648
39192,0.000745,172.31.40.0-255,66,85807,61,369648
39193,0.000767,74.125.68.0-255,5738,91545,61,369648
39194,0.00077,172.31.40.0-255,66,91611,61,369648
39195,0.000773,74.125.68.0-255,1125,92736,61,369648
39196,0.000833,74.125.68.0-255,1484,94220,61,369648
39197,0.000838,172.31.40.0-255,66,94286,61,369648
39198,0.000852,74.125.68.0-255,2902,97188,61,369648
39199,0.000855,172.31.40.0-255,66,97254,61,369648
39200,0.000861,74.125.68.0-255,5738,102992,61,369648
39201,0.000863,172.31.40.0-255,66,103058,61,369648
39202,0.000887,74.125.68.0-255,2902,105960,61,369648
39203,0.000889,172.31.40.0-255,66,106026,61,369648
39204,0.000895,74.125.68.0-255,4320,110346,61,369648
39205,0.000897,172.31.40.0-255,66,110412,61,369648
39206,0.000923,74.125.68.0-255,4320,114732,61,369648
39207,0.000925,172.31.40.0-255,66,114798,61,369648
39208,0.000928,74.125.68.0-255,1484,116282,61,369648
39209,0.000948,74.125.68.0-255,4320,120602,61,369648
39210,0.00095,172.31.40.0-255,66,120668,61,369648
39211,0.000968,74.125.68.0-255,1484,122152,61,369648
39212,0.000985,74.125.68.0-255,1484,123636,61,369648
39213,0.000987,172.31.40.0-255,66,123702,61,369648
39214,0.001005,74.125.68.0-255,1484,125186,61,369648
39215,0.001024,74.125.68.0-255,2184,127370,61,369648
39216,0.001026,172.31.40.0-255,66,127436,61,369648
39217,0.001096,74.125.68.0-255,1484,128920,61,369648
39218,0.001113,74.125.68.0-255,2902,131822,61,369648
39219,0.001116,172.31.40.0-255,66,131888,61,369648
39220,0.001119,74.125.68.0-255,1484,133372,61,369648
39221,0.001135,74.125.68.0-255,2902,136274,61,369648
39222,0.001137,172.31.40.0-255,66,136340,61,369648
39223,0.001141,74.125.68.0-255,1484,137824,61,369648
39224,0.001163,74.125.68.0-255,4320,142144,61,369648
39225,0.001165,172.31.40.0-255,66,142210,61,369648
39226,0.00117,74.125.68.0-255,2902,145112,61,369648
39227,0.001172,172.31.40.0-255,66,145178,61,369648
39228,0.001214,74.125.68.0-255,7156,152334,61,369648
39229,0.001218,172.31.40.0-255,66,152400,61,369648
39230,0.001253,74.125.68.0-255,1484,153884,61,369648
39231,0.001281,172.31.40.0-255,66,153950,61,369648
39232,0.001725,74.125.68.0-255,1484,155434,61,369648
39233,0.00173,74.125.68.0-255,1484,156918,61,369648
39234,0.001734,172.31.40.0-255,66,156984,61,369648
39235,0.001763,74.125.68.0-255,1484,158468,61,369648
39236,0.00177,74.125.68.0-255,5738,164206,61,369648
39237,0.001772,172.31.40.0-255,66,164272,61,369648
39238,0.001779,74.125.68.0-255,5738,170010,61,369648
39239,0.001782,172.31.40.0-255,66,170076,61,369648
39240,0.001797,74.125.68.0-255,1484,171560,61,369648
39241,0.0018,74.125.68.0-255,1484,173044,61,369648
39242,0.001802,172.31.40.0-255,66,173110,61,369648
39243,0.00182,74.125.68.0-255,7156,180266,61,369648
39244,0.001823,172.31.40.0-255,66,180332,61,369648
39245,0.001858,172.31.40.0-255,66,180398,61,369648
39246,0.002362,74.125.68.0-255,1484,181882,61,369648
39247,0.002384,74.125.68.0-255,2902,184784,61,369648
39248,0.002388,172.31.40.0-255,66,184850,61,369648
39249,0.002392,74.125.68.0-255,1484,186334,61,369648
39250,0.002394,74.125.68.0-255,1484,187818,61,369648
39251,0.002396,172.31.40.0-255,66,187884,61,369648
39252,0.002409,74.125.68.0-255,1484,189368,61,369648
39253,0.002424,74.125.68.0-255,5738,195106,61,369648
39254,0.002427,172.31.40.0-255,66,195172,61,369648
39255,0.00243,74.125.68.0-255,1484,196656,61,369648
39256,0.002432,74.125.68.0-255,1484,198140,61,369648
39257,0.002434,172.31.40.0-255,66,198206,61,369648
39258,0.002465,74.125.68.0-255,1484,199690,61,369648
39259,0.002497,74.125.68.0-255,7156,206846,61,369648
39260,0.002501,172.31.40.0-255,66,206912,61,369648
39261,0.002506,74.125.68.0-255,2902,209814,61,369648
39262,0.002508,172.31.40.0-255,66,209880,61,369648
39263,0.002511,74.125.68.0-255,1484,211364,61,369648
39264,0.002539,74.125.68.0-255,2902,214266,61,369648
39265,0.002542,172.31.40.0-255,66,214332,61,369648
39266,0.002545,74.125.68.0-255,766,215098,61,369648
39267,0.002637,74.125.68.0-255,1484,216582,61,369648
39268,0.002642,74.125.68.0-255,2902,219484,61,369648
39269,0.002647,172.31.40.0-255,66,219550,61,369648
39270,0.002654,172.31.40.0-255,66,219616,61,369648
39271,0.002713,74.125.68.0-255,2902,222518,61,369648
39272,0.002716,172.31.40.0-255,66,222584,61,369648
39273,0.002735,74.125.68.0-255,1484,224068,61,369648
39274,0.002743,74.125.68.0-255,1484,225552,61,369648
39275,0.002746,172.31.40.0-255,66,225618,61,369648
39276,0.002766,74.125.68.0-255,1484,227102,61,369648
39277,0.002769,74.125.68.0-255,1484,228586,61,369648
39278,0.002771,172.31.40.0-255,66,228652,61,369648
39279,0.002774,74.125.68.0-255,1484,230136,61,369648
39280,0.002786,74.125.68.0-255,1484,231620,61,369648
39281,0.002788,172.31.40.0-255,66,231686,61,369648
39282,0.002808,74.125.68.0-255,1484,233170,61,369648
39283,0.002848,74.125.68.0-255,2902,236072,61,369648
39284,0.002851,172.31.40.0-255,66,236138,61,369648
39285,0.002867,74.125.68.0-255,1484,237622,61,369648
39286,0.002883,74.125.68.0-255,2902,240524,61,369648
39287,0.002886,172.31.40.0-255,66,240590,61,369648
39288,0.002889,74.125.68.0-255,1484,242074,61,369648
39289,0.002911,74.125.68.0-255,4320,246394,61,369648
39290,0.002913,172.31.40.0-255,66,246460,61,369648
39291,0.002945,74.125.68.0-255,3602,250062,61,369648
39292,0.002948,172.31.40.0-255,66,250128,61,369648
39293,0.003043,74.125.68.0-255,1484,251612,61,369648
39294,0.003059,74.125.68.0-255,2902,254514,61,369648
39295,0.003062,172.31.40.0-255,66,254580,61,369648
39296,0.003089,74.125.68.0-255,5738,260318,61,369648
39297,0.003092,172.31.40.0-255,66,260384,61,369648
39298,0.003095,74.125.68.0-255,1484,261868,61,369648
39299,0.003099,74.125.68.0-255,2902,264770,61,369648
39300,0.003101,172.31.40.0-255,66,264836,61,369648
39301,0.003106,74.125.68.0-255,2902,267738,61,369648
39302,0.003108,172.31.40.0-255,66,267804,61,369648
39303,0.003136,74.125.68.0-255,1484,269288,61,369648
39304,0.003163,74.125.68.0-255,7156,276444,61,369648
39305,0.003165,172.31.40.0-255,66,276510,61,369648
39306,0.003183,74.125.68.0-255,1484,277994,61,369648
39307,0.003188,74.125.68.0-255,4320,282314,61,369648
39308,0.003191,172.31.40.0-255,66,282380,61,369648
39309,0.003195,74.125.68.0-255,2184,284564,61,369648
39310,0.003197,172.31.40.0-255,66,284630,61,369648
39311,0.003279,74.125.68.0-255,1484,286114,61,369648
39312,0.003332,74.125.68.0-255,2902,289016,61,369648
39313,0.003337,172.31.40.0-255,66,289082,61,369648
39314,0.003343,74.125.68.0-255,4320,293402,61,369648
39315,0.003345,172.31.40.0-255,66,293468,61,369648
39316,0.003352,74.125.68.0-255,5738,299206,61,369648
39317,0.003354,172.31.40.0-255,66,299272,61,369648
39318,0.00336,74.125.68.0-255,4320,303592,61,369648
39319,0.003363,172.31.40.0-255,66,303658,61,369648
39320,0.003393,74.125.68.0-255,5738,309396,61,369648
39321,0.003396,172.31.40.0-255,66,309462,61,369648
39322,0.003401,74.125.68.0-255,4320,313782,61,369648
39323,0.003404,172.31.40.0-255,66,313848,61,369648
39324,0.003406,74.125.68.0-255,1484,315332,61,369648
39325,0.003412,74.125.68.0-255,3602,318934,61,369648
39326,0.003415,172.31.40.0-255,66,319000,61,369648
39327,0.003436,74.125.68.0-255,4320,323320,61,369648
39328,0.003439,172.31.40.0-255,66,323386,61,369648
39329,0.003487,172.31.40.0-255,66,323452,61,369648
39330,0.003499,172.31.40.0-255,66,323518,61,369648
39331,0.003503,74.125.68.0-255,2902,326420,61,369648
39332,0.003505,172.31.40.0-255,66,326486,61,369648
39333,0.003535,74.125.68.0-255,4320,330806,61,369648
39334,0.003538,172.31.40.0-255,66,330872,61,369648
39335,0.003541,74.125.68.0-255,766,331638,61,369648
39336,0.003554,74.125.68.0-255,1484,333122,61,369648
39337,0.003557,172.31.40.0-255,66,333188,61,369648
39338,0.003573,74.125.68.0-255,1484,334672,61,369648
39339,0.003591,74.125.68.0-255,1484,336156,61,369648
39340,0.003594,172.31.40.0-255,66,336222,61,369648
39341,0.00361,74.125.68.0-255,1484,337706,61,369648
39342,0.003627,74.125.68.0-255,4320,342026,61,369648
39343,0.003631,172.31.40.0-255,66,342092,61,369648
39344,0.003633,74.125.68.0-255,1484,343576,61,369648
39345,0.003657,74.125.68.0-255,5738,349314,61,369648
39346,0.00366,172.31.40.0-255,66,349380,61,369648
39347,0.003662,74.125.68.0-255,1484,350864,61,369648
39348,0.003674,172.31.40.0-255,66,350930,61,369648
39349,0.00368,74.125.68.0-255,5020,355950,61,369648
39350,0.003683,172.31.40.0-255,66,356016,61,369648
39351,0.00372,74.125.68.0-255,5738,361754,61,369648
39352,0.003723,172.31.40.0-255,66,361820,61,369648
39353,0.003728,74.125.68.0-255,4320,366140,61,369648
39354,0.00373,172.31.40.0-255,66,366206,61,369648
39355,0.003744,74.125.68.0-255,1484,367690,61,369648
39356,0.003755,74.125.68.0-255,1484,369174,61,369648
39357,0.003757,172.31.40.0-255,66,369240,61,369648
39358,0.003789,172.31.40.0-255,66,369306,61,369648
39359,0.003807,74.125.68.0-255,105,369411,61,369648
39360,0.013773,172.31.40.0-255,66,369477,61,369648
39361,0.013825,172.31.40.0-255,105,369582,61,369648
39362,0.016163,74.125.68.0-255,66,369648,61,369648
39363,0.0,172.217.194.0-255,146,146,61,302804
39364,3.4e-05,172.31.40.0-255,66,212,61,302804
39365,4.2e-05,172.217.194.0-255,1484,1696,61,302804
39366,4.6e-05,172.31.40.0-255,66,1762,61,302804
39367,5.1e-05,172.217.194.0-255,2902,4664,61,302804
39368,5.4e-05,172.31.40.0-255,66,4730,61,302804
39369,6.1e-05,172.217.194.0-255,5738,10468,61,302804
39370,6.4e-05,172.31.40.0-255,66,10534,61,302804
39371,0.000113,172.217.194.0-255,3466,14000,61,302804
39372,0.000117,172.31.40.0-255,66,14066,61,302804
39373,0.000123,172.217.194.0-255,4320,18386,61,302804
39374,0.000125,172.31.40.0-255,66,18452,61,302804
39375,0.000148,172.217.194.0-255,5738,24190,61,302804
39376,0.000151,172.31.40.0-255,66,24256,61,302804
39377,0.000174,172.217.194.0-255,4320,28576,61,302804
39378,0.000177,172.31.40.0-255,66,28642,61,302804
39379,0.000181,172.217.194.0-255,2543,31185,61,302804
39380,0.000183,172.31.40.0-255,66,31251,61,302804
39381,0.000281,172.217.194.0-255,1484,32735,61,302804
39382,0.000284,172.31.40.0-255,66,32801,61,302804
39383,0.000297,172.217.194.0-255,1484,34285,61,302804
39384,0.0003,172.31.40.0-255,66,34351,61,302804
39385,0.000326,172.217.194.0-255,1484,35835,61,302804
39386,0.000329,172.31.40.0-255,66,35901,61,302804
39387,0.000336,172.217.194.0-255,5738,41639,61,302804
39388,0.000338,172.31.40.0-255,66,41705,61,302804
39389,0.000377,172.217.194.0-255,6797,48502,61,302804
39390,0.000383,172.31.40.0-255,66,48568,61,302804
39391,0.000975,172.217.194.0-255,1484,50052,61,302804
39392,0.00098,172.31.40.0-255,66,50118,61,302804
39393,0.00099,172.217.194.0-255,2902,53020,61,302804
39394,0.000993,172.31.40.0-255,66,53086,61,302804
39395,0.001,172.217.194.0-255,5738,58824,61,302804
39396,0.001021,172.217.194.0-255,2902,61726,61,302804
39397,0.001044,172.217.194.0-255,4543,66269,61,302804
39398,0.001201,172.217.194.0-255,1484,67753,61,302804
39399,0.001208,172.217.194.0-255,2902,70655,61,302804
39400,0.001221,172.217.194.0-255,2902,73557,61,302804
39401,0.001239,172.217.194.0-255,1484,75041,61,302804
39402,0.001245,172.217.194.0-255,5738,80779,61,302804
39403,0.001267,172.217.194.0-255,2902,83681,61,302804
39404,0.001279,172.217.194.0-255,2902,86583,61,302804
39405,0.00173,172.217.194.0-255,1484,88067,61,302804
39406,0.001746,172.217.194.0-255,2902,90969,61,302804
39407,0.001756,172.217.194.0-255,2902,93871,61,302804
39408,0.001769,172.217.194.0-255,2902,96773,61,302804
39409,0.001785,172.217.194.0-255,2902,99675,61,302804
39410,0.001808,172.217.194.0-255,4320,103995,61,302804
39411,0.001889,172.217.194.0-255,1484,105479,61,302804
39412,0.001892,172.217.194.0-255,1484,106963,61,302804
39413,0.001905,172.217.194.0-255,1484,108447,61,302804
39414,0.001916,172.217.194.0-255,2902,111349,61,302804
39415,0.001936,172.217.194.0-255,2902,114251,61,302804
39416,0.001941,172.217.194.0-255,5738,119989,61,302804
39417,0.00196,172.217.194.0-255,1484,121473,61,302804
39418,0.001978,172.217.194.0-255,5738,127211,61,302804
39419,0.001991,172.217.194.0-255,5738,132949,61,302804
39420,0.001997,172.217.194.0-255,5020,137969,61,302804
39421,0.002081,172.217.194.0-255,1484,139453,61,302804
39422,0.002094,172.217.194.0-255,2902,142355,61,302804
39423,0.002109,172.217.194.0-255,1484,143839,61,302804
39424,0.002118,172.217.194.0-255,1484,145323,61,302804
39425,0.002135,172.217.194.0-255,2902,148225,61,302804
39426,0.002164,172.217.194.0-255,5738,153963,61,302804
39427,0.002184,172.217.194.0-255,5020,158983,61,302804
39428,0.002202,172.217.194.0-255,4320,163303,61,302804
39429,0.002217,172.217.194.0-255,4320,167623,61,302804
39430,0.002238,172.217.194.0-255,1484,169107,61,302804
39431,0.002313,172.217.194.0-255,5020,174127,61,302804
39432,0.002316,172.217.194.0-255,1484,175611,61,302804
39433,0.00233,172.217.194.0-255,2902,178513,61,302804
39434,0.002342,172.217.194.0-255,5738,184251,61,302804
39435,0.002354,172.217.194.0-255,2902,187153,61,302804
39436,0.002365,172.217.194.0-255,2902,190055,61,302804
39437,0.002367,172.217.194.0-255,1484,191539,61,302804
39438,0.002407,172.217.194.0-255,5020,196559,61,302804
39439,0.007052,172.31.40.0-255,66,196625,61,302804
39440,0.009464,172.217.194.0-255,5738,202363,61,302804
39441,0.009473,172.31.40.0-255,66,202429,61,302804
39442,0.011845,172.217.194.0-255,5738,208167,61,302804
39443,0.01186,172.31.40.0-255,66,208233,61,302804
39444,0.014313,172.217.194.0-255,5738,213971,61,302804
39445,0.014334,172.31.40.0-255,66,214037,61,302804
39446,0.016718,172.217.194.0-255,5738,219775,61,302804
39447,0.016736,172.31.40.0-255,66,219841,61,302804
39448,0.019077,172.217.194.0-255,5738,225579,61,302804
39449,0.019089,172.31.40.0-255,66,225645,61,302804
39450,0.021492,172.217.194.0-255,5738,231383,61,302804
39451,0.021514,172.31.40.0-255,66,231449,61,302804
39452,0.023892,172.217.194.0-255,5738,237187,61,302804
39453,0.023908,172.31.40.0-255,66,237253,61,302804
39454,0.026288,172.217.194.0-255,5738,242991,61,302804
39455,0.026311,172.31.40.0-255,66,243057,61,302804
39456,0.028726,172.217.194.0-255,5738,248795,61,302804
39457,0.028746,172.31.40.0-255,66,248861,61,302804
39458,0.031143,172.217.194.0-255,5738,254599,61,302804
39459,0.031166,172.31.40.0-255,66,254665,61,302804
39460,0.033551,172.217.194.0-255,5738,260403,61,302804
39461,0.03356,172.31.40.0-255,66,260469,61,302804
39462,0.035924,172.217.194.0-255,5738,266207,61,302804
39463,0.036839,172.31.40.0-255,66,266273,61,302804
39464,0.039228,172.217.194.0-255,5738,272011,61,302804
39465,0.039247,172.31.40.0-255,66,272077,61,302804
39466,0.041619,172.217.194.0-255,5738,277815,61,302804
39467,0.041628,172.31.40.0-255,66,277881,61,302804
39468,0.044015,172.217.194.0-255,5738,283619,61,302804
39469,0.044032,172.31.40.0-255,66,283685,61,302804
39470,0.046263,172.31.40.0-255,172,283857,61,302804
39471,0.046301,172.31.40.0-255,1116,284973,61,302804
39472,0.046334,172.31.40.0-255,1514,286487,61,302804
39473,0.046336,172.31.40.0-255,1514,288001,61,302804
39474,0.046337,172.31.40.0-255,1514,289515,61,302804
39475,0.046338,172.31.40.0-255,1483,290998,61,302804
39476,0.046398,172.217.194.0-255,5738,296736,61,302804
39477,0.046404,172.31.40.0-255,66,296802,61,302804
39478,0.047856,104.244.42.0-255,66,296868,61,302804
39479,0.047904,104.244.42.0-255,66,296934,61,302804
39480,0.047965,104.244.42.0-255,66,297000,61,302804
39481,0.048758,172.217.194.0-255,5738,302738,61,302804
39482,0.04877,172.31.40.0-255,66,302804,61,302804
39483,0.0,172.31.40.0-255,105,105,61,105
39484,0.0,172.217.27.0-255,146,146,61,275016
39485,2.3e-05,172.31.40.0-255,66,212,61,275016
39486,3e-05,172.217.27.0-255,1484,1696,61,275016
39487,3.5e-05,172.31.40.0-255,66,1762,61,275016
39488,4.7e-05,172.217.27.0-255,2902,4664,61,275016
39489,5.1e-05,172.31.40.0-255,66,4730,61,275016
39490,5.7e-05,172.217.27.0-255,5738,10468,61,275016
39491,6.1e-05,172.31.40.0-255,66,10534,61,275016
39492,9.4e-05,172.217.27.0-255,3569,14103,61,275016
39493,9.6e-05,172.31.40.0-255,66,14169,61,275016
39494,0.000136,172.217.27.0-255,2902,17071,61,275016
39495,0.000139,172.31.40.0-255,66,17137,61,275016
39496,0.000167,172.217.27.0-255,2902,20039,61,275016
39497,0.00017,172.31.40.0-255,66,20105,61,275016
39498,0.000194,172.217.27.0-255,1484,21589,61,275016
39499,0.000197,172.31.40.0-255,66,21655,61,275016
39500,0.000204,172.217.27.0-255,7156,28811,61,275016
39501,0.000207,172.31.40.0-255,66,28877,61,275016
39502,0.000231,172.217.27.0-255,1484,30361,61,275016
39503,0.000233,172.31.40.0-255,66,30427,61,275016
39504,0.000236,172.217.27.0-255,1125,31552,61,275016
39505,0.000238,172.31.40.0-255,66,31618,61,275016
39506,0.000289,172.217.27.0-255,1484,33102,61,275016
39507,0.000292,172.31.40.0-255,66,33168,61,275016
39508,0.000297,172.217.27.0-255,2902,36070,61,275016
39509,0.000299,172.31.40.0-255,66,36136,61,275016
39510,0.000325,172.217.27.0-255,5738,41874,61,275016
39511,0.000328,172.31.40.0-255,66,41940,61,275016
39512,0.000365,172.31.40.0-255,66,42006,61,275016
39513,0.000392,172.217.27.0-255,7156,49162,61,275016
39514,0.000395,172.31.40.0-255,66,49228,61,275016
39515,0.000425,172.217.27.0-255,4320,53548,61,275016
39516,0.000428,172.217.27.0-255,1125,54673,61,275016
39517,0.000431,172.217.27.0-255,363,55036,61,275016
39518,0.000569,172.31.40.0-255,66,55102,61,275016
39519,0.000736,172.217.27.0-255,136,55238,61,275016
39520,0.000865,172.217.27.0-255,1484,56722,61,275016
39521,0.00087,172.31.40.0-255,66,56788,61,275016
39522,0.000876,172.217.27.0-255,2902,59690,61,275016
39523,0.000882,172.217.27.0-255,5738,65428,61,275016
39524,0.000889,172.217.27.0-255,1484,66912,61,275016
39525,0.000904,172.217.27.0-255,2902,69814,61,275016
39526,0.000911,172.31.40.0-255,66,69880,61,275016
39527,0.000943,172.217.27.0-255,1484,71364,61,275016
39528,0.000963,172.217.27.0-255,2543,73907,61,275016
39529,0.000968,172.217.27.0-255,4320,78227,61,275016
39530,0.000975,172.31.40.0-255,66,78293,61,275016
39531,0.001011,172.217.27.0-255,1401,79694,61,275016
39532,0.00103,172.31.40.0-255,66,79760,61,275016
39533,0.001301,172.217.27.0-255,1484,81244,61,275016
39534,0.001321,172.217.27.0-255,2902,84146,61,275016
39535,0.001325,172.31.40.0-255,66,84212,61,275016
39536,0.001331,172.217.27.0-255,4320,88532,61,275016
39537,0.001333,172.31.40.0-255,66,88598,61,275016
39538,0.001357,172.217.27.0-255,1484,90082,61,275016
39539,0.001376,172.31.40.0-255,66,90148,61,275016
39540,0.001386,172.217.27.0-255,1484,91632,61,275016
39541,0.001405,172.217.27.0-255,1484,93116,61,275016
39542,0.001407,172.217.27.0-255,766,93882,61,275016
39543,0.001429,172.31.40.0-255,66,93948,61,275016
39544,0.001557,172.217.27.0-255,1484,95432,61,275016
39545,0.001563,172.217.27.0-255,2902,98334,61,275016
39546,0.001565,172.31.40.0-255,66,98400,61,275016
39547,0.001594,172.217.27.0-255,5738,104138,61,275016
39548,0.001607,172.31.40.0-255,66,104204,61,275016
39549,0.001649,172.217.27.0-255,4320,108524,61,275016
39550,0.001655,172.31.40.0-255,66,108590,61,275016
39551,0.001698,172.31.40.0-255,66,108656,61,275016
39552,0.003353,172.217.27.0-255,2902,111558,61,275016
39553,0.00336,172.31.40.0-255,66,111624,61,275016
39554,0.00339,172.217.27.0-255,2902,114526,61,275016
39555,0.003393,172.31.40.0-255,66,114592,61,275016
39556,0.005013,172.217.27.0-255,2902,117494,61,275016
39557,0.005016,172.31.40.0-255,66,117560,61,275016
39558,0.005039,172.217.27.0-255,2902,120462,61,275016
39559,0.005041,172.31.40.0-255,66,120528,61,275016
39560,0.00666,172.217.27.0-255,2902,123430,61,275016
39561,0.006664,172.31.40.0-255,66,123496,61,275016
39562,0.006692,172.217.27.0-255,2902,126398,61,275016
39563,0.006695,172.31.40.0-255,66,126464,61,275016
39564,0.008328,172.217.27.0-255,2902,129366,61,275016
39565,0.008334,172.31.40.0-255,66,129432,61,275016
39566,0.008355,172.217.27.0-255,2902,132334,61,275016
39567,0.008357,172.31.40.0-255,66,132400,61,275016
39568,0.009997,172.217.27.0-255,5738,138138,61,275016
39569,0.010004,172.31.40.0-255,66,138204,61,275016
39570,0.011664,172.217.27.0-255,5738,143942,61,275016
39571,0.011671,172.31.40.0-255,66,144008,61,275016
39572,0.013333,172.217.27.0-255,5738,149746,61,275016
39573,0.01334,172.31.40.0-255,66,149812,61,275016
39574,0.014996,172.217.27.0-255,5738,155550,61,275016
39575,0.015004,172.31.40.0-255,66,155616,61,275016
39576,0.016661,172.217.27.0-255,5738,161354,61,275016
39577,0.016669,172.31.40.0-255,66,161420,61,275016
39578,0.018322,172.217.27.0-255,5738,167158,61,275016
39579,0.018329,172.31.40.0-255,66,167224,61,275016
39580,0.019983,172.217.27.0-255,5738,172962,61,275016
39581,0.019989,172.31.40.0-255,66,173028,61,275016
39582,0.021669,172.217.27.0-255,5738,178766,61,275016
39583,0.021676,172.31.40.0-255,66,178832,61,275016
39584,0.023338,172.217.27.0-255,5738,184570,61,275016
39585,0.023345,172.31.40.0-255,66,184636,61,275016
39586,0.025019,172.217.27.0-255,5738,190374,61,275016
39587,0.025025,172.31.40.0-255,66,190440,61,275016
39588,0.026706,172.217.27.0-255,5738,196178,61,275016
39589,0.026714,172.31.40.0-255,66,196244,61,275016
39590,0.028373,172.217.27.0-255,5738,201982,61,275016
39591,0.028383,172.31.40.0-255,66,202048,61,275016
39592,0.030054,172.217.27.0-255,5738,207786,61,275016
39593,0.030066,172.31.40.0-255,66,207852,61,275016
39594,0.03176,172.217.27.0-255,5738,213590,61,275016
39595,0.031776,172.31.40.0-255,66,213656,61,275016
39596,0.033434,172.217.27.0-255,5738,219394,61,275016
39597,0.033441,172.31.40.0-255,66,219460,61,275016
39598,0.034356,172.31.40.0-255,167,219627,61,275016
39599,0.034391,172.31.40.0-255,1115,220742,61,275016
39600,0.034449,172.31.40.0-255,1514,222256,61,275016
39601,0.034451,172.31.40.0-255,326,222582,61,275016
39602,0.035105,172.217.27.0-255,5738,228320,61,275016
39603,0.035112,172.31.40.0-255,66,228386,61,275016
39604,0.035892,104.244.42.0-255,66,228452,61,275016
39605,0.03595,104.244.42.0-255,66,228518,61,275016
39606,0.036046,104.244.42.0-255,66,228584,61,275016
39607,0.036828,172.217.27.0-255,5738,234322,61,275016
39608,0.036834,172.31.40.0-255,66,234388,61,275016
39609,0.038516,172.217.27.0-255,5738,240126,61,275016
39610,0.038524,172.31.40.0-255,66,240192,61,275016
39611,0.040189,172.217.27.0-255,5738,245930,61,275016
39612,0.040199,172.31.40.0-255,66,245996,61,275016
39613,0.04187,172.217.27.0-255,5738,251734,61,275016
39614,0.041877,172.31.40.0-255,66,251800,61,275016
39615,0.043593,172.217.27.0-255,5738,257538,61,275016
39616,0.0436,172.31.40.0-255,66,257604,61,275016
39617,0.045264,172.217.27.0-255,5738,263342,61,275016
39618,0.045271,172.31.40.0-255,66,263408,61,275016
39619,0.04693,172.217.27.0-255,5738,269146,61,275016
39620,0.046937,172.31.40.0-255,66,269212,61,275016
39621,0.048604,172.217.27.0-255,5738,274950,61,275016
39622,0.048611,172.31.40.0-255,66,275016,61,275016
39623,0.0,172.217.194.0-255,147,147,61,241152
39624,2.4e-05,172.31.40.0-255,66,213,61,241152
39625,3.1e-05,172.217.194.0-255,1484,1697,61,241152
39626,3.6e-05,172.31.40.0-255,66,1763,61,241152
39627,4.9e-05,172.217.194.0-255,2902,4665,61,241152
39628,5.3e-05,172.31.40.0-255,66,4731,61,241152
39629,6e-05,172.217.194.0-255,7156,11887,61,241152
39630,6.4e-05,172.31.40.0-255,66,11953,61,241152
39631,6.8e-05,172.217.194.0-255,1983,13936,61,241152
39632,7e-05,172.31.40.0-255,66,14002,61,241152
39633,0.000128,172.217.194.0-255,1484,15486,61,241152
39634,0.000131,172.31.40.0-255,66,15552,61,241152
39635,0.000144,172.217.194.0-255,2902,18454,61,241152
39636,0.000151,172.31.40.0-255,66,18520,61,241152
39637,0.000156,172.217.194.0-255,2902,21422,61,241152
39638,0.000158,172.31.40.0-255,66,21488,61,241152
39639,0.000188,172.217.194.0-255,1484,22972,61,241152
39640,0.00019,172.31.40.0-255,66,23038,61,241152
39641,0.000222,172.31.40.0-255,66,23104,61,241152
39642,0.00026,172.31.40.0-255,66,23170,61,241152
39643,0.00027,172.31.40.0-255,66,23236,61,241152
39644,0.000442,172.217.194.0-255,1484,24720,61,241152
39645,0.000447,172.31.40.0-255,66,24786,61,241152
39646,0.000454,172.217.194.0-255,2902,27688,61,241152
39647,0.000456,172.31.40.0-255,66,27754,61,241152
39648,0.000467,172.217.194.0-255,5738,33492,61,241152
39649,0.00047,172.31.40.0-255,66,33558,61,241152
39650,0.000472,172.217.194.0-255,1484,35042,61,241152
39651,0.000474,172.31.40.0-255,66,35108,61,241152
39652,0.000508,172.217.194.0-255,5379,40487,61,241152
39653,0.00051,172.31.40.0-255,66,40553,61,241152
39654,0.000513,172.217.194.0-255,1484,42037,61,241152
39655,0.000534,172.217.194.0-255,2902,44939,61,241152
39656,0.000536,172.31.40.0-255,66,45005,61,241152
39657,0.00054,172.217.194.0-255,2902,47907,61,241152
39658,0.000542,172.31.40.0-255,66,47973,61,241152
39659,0.000575,172.217.194.0-255,2902,50875,61,241152
39660,0.000577,172.31.40.0-255,66,50941,61,241152
39661,0.000582,172.217.194.0-255,4320,55261,61,241152
39662,0.000584,172.31.40.0-255,66,55327,61,241152
39663,0.000613,172.217.194.0-255,2543,57870,61,241152
39664,0.000615,172.31.40.0-255,66,57936,61,241152
39665,0.000945,172.217.194.0-255,1484,59420,61,241152
39666,0.000951,172.217.194.0-255,2902,62322,61,241152
39667,0.000954,172.31.40.0-255,66,62388,61,241152
39668,0.000981,172.217.194.0-255,5738,68126,61,241152
39669,0.000984,172.31.40.0-255,66,68192,61,241152
39670,0.000991,172.217.194.0-255,6797,74989,61,241152
39671,0.000992,172.31.40.0-255,66,75055,61,241152
39672,0.001315,172.217.194.0-255,1484,76539,61,241152
39673,0.001319,172.217.194.0-255,1484,78023,61,241152
39674,0.001322,172.31.40.0-255,66,78089,61,241152
39675,0.001349,172.217.194.0-255,1484,79573,61,241152
39676,0.001355,172.217.194.0-255,5738,85311,61,241152
39677,0.001357,172.31.40.0-255,66,85377,61,241152
39678,0.001397,172.31.40.0-255,66,85443,61,241152
39679,0.001412,172.31.40.0-255,66,85509,61,241152
39680,0.001952,172.217.194.0-255,1484,86993,61,241152
39681,0.001962,172.217.194.0-255,2902,89895,61,241152
39682,0.001967,172.31.40.0-255,66,89961,61,241152
39683,0.001975,172.217.194.0-255,5738,95699,61,241152
39684,0.001977,172.31.40.0-255,66,95765,61,241152
39685,0.002015,172.31.40.0-255,66,95831,61,241152
39686,0.002027,172.31.40.0-255,66,95897,61,241152
39687,0.002155,172.217.194.0-255,1484,97381,61,241152
39688,0.002162,172.217.194.0-255,2902,100283,61,241152
39689,0.002165,172.31.40.0-255,66,100349,61,241152
39690,0.00217,172.217.194.0-255,2902,103251,61,241152
39691,0.002172,172.31.40.0-255,66,103317,61,241152
39692,0.002194,172.217.194.0-255,2902,106219,61,241152
39693,0.002196,172.31.40.0-255,66,106285,61,241152
39694,0.002209,172.31.40.0-255,66,106351,61,241152
39695,0.00224,172.217.194.0-255,1484,107835,61,241152
39696,0.002254,172.31.40.0-255,66,107901,61,241152
39697,0.00229,172.31.40.0-255,66,107967,61,241152
39698,0.00232,172.217.194.0-255,7156,115123,61,241152
39699,0.002324,172.31.40.0-255,66,115189,61,241152
39700,0.004592,172.217.194.0-255,5738,120927,61,241152
39701,0.004599,172.31.40.0-255,66,120993,61,241152
39702,0.006853,172.217.194.0-255,5738,126731,61,241152
39703,0.006859,172.31.40.0-255,66,126797,61,241152
39704,0.009096,172.217.194.0-255,5738,132535,61,241152
39705,0.009103,172.31.40.0-255,66,132601,61,241152
39706,0.011367,172.217.194.0-255,5738,138339,61,241152
39707,0.011376,172.31.40.0-255,66,138405,61,241152
39708,0.013624,172.217.194.0-255,5738,144143,61,241152
39709,0.01363,172.31.40.0-255,66,144209,61,241152
39710,0.015874,172.217.194.0-255,5738,149947,61,241152
39711,0.015882,172.31.40.0-255,66,150013,61,241152
39712,0.018124,172.217.194.0-255,5738,155751,61,241152
39713,0.018135,172.31.40.0-255,66,155817,61,241152
39714,0.020398,172.217.194.0-255,5738,161555,61,241152
39715,0.020403,172.31.40.0-255,66,161621,61,241152
39716,0.022677,172.217.194.0-255,5738,167359,61,241152
39717,0.022686,172.31.40.0-255,66,167425,61,241152
39718,0.02499,172.217.194.0-255,5738,173163,61,241152
39719,0.024997,172.31.40.0-255,66,173229,61,241152
39720,0.027258,172.217.194.0-255,5738,178967,61,241152
39721,0.027265,172.31.40.0-255,66,179033,61,241152
39722,0.029541,172.217.194.0-255,5738,184771,61,241152
39723,0.029549,172.31.40.0-255,66,184837,61,241152
39724,0.031791,172.217.194.0-255,5738,190575,61,241152
39725,0.031799,172.31.40.0-255,66,190641,61,241152
39726,0.034045,172.217.194.0-255,5738,196379,61,241152
39727,0.034055,172.31.40.0-255,66,196445,61,241152
39728,0.036336,172.217.194.0-255,5738,202183,61,241152
39729,0.036345,172.31.40.0-255,66,202249,61,241152
39730,0.03857,172.217.194.0-255,5738,207987,61,241152
39731,0.038578,172.31.40.0-255,66,208053,61,241152
39732,0.03922,172.31.40.0-255,172,208225,61,241152
39733,0.039252,172.31.40.0-255,1120,209345,61,241152
39734,0.039318,172.31.40.0-255,1514,210859,61,241152
39735,0.03932,172.31.40.0-255,1514,212373,61,241152
39736,0.039321,172.31.40.0-255,1514,213887,61,241152
39737,0.039322,172.31.40.0-255,1514,215401,61,241152
39738,0.03935,172.31.40.0-255,1514,216915,61,241152
39739,0.039353,172.31.40.0-255,517,217432,61,241152
39740,0.040772,104.244.42.0-255,66,217498,61,241152
39741,0.040817,104.244.42.0-255,66,217564,61,241152
39742,0.040851,172.217.194.0-255,1484,219048,61,241152
39743,0.040878,172.217.194.0-255,4320,223368,61,241152
39744,0.040885,172.31.40.0-255,66,223434,61,241152
39745,0.040901,104.244.42.0-255,66,223500,61,241152
39746,0.040905,104.244.42.0-255,66,223566,61,241152
39747,0.041519,104.244.42.0-255,108,223674,61,241152
39748,0.041528,172.31.40.0-255,66,223740,61,241152
39749,0.043175,172.217.194.0-255,5738,229478,61,241152
39750,0.04318,172.31.40.0-255,66,229544,61,241152
39751,0.04547,172.217.194.0-255,5738,235282,61,241152
39752,0.045477,172.31.40.0-255,66,235348,61,241152
39753,0.047773,172.217.194.0-255,5738,241086,61,241152
39754,0.047779,172.31.40.0-255,66,241152,61,241152
39755,0.0,74.125.200.0-255,153,153,61,349239
39756,2.4e-05,172.31.40.0-255,66,219,61,349239
39757,3.1e-05,74.125.200.0-255,1484,1703,61,349239
39758,3.6e-05,172.31.40.0-255,66,1769,61,349239
39759,4.1e-05,74.125.200.0-255,2902,4671,61,349239
39760,4.5e-05,172.31.40.0-255,66,4737,61,349239
39761,4.9e-05,74.125.200.0-255,2902,7639,61,349239
39762,5.2e-05,172.31.40.0-255,66,7705,61,349239
39763,6.6e-05,74.125.200.0-255,4320,12025,61,349239
39764,6.9e-05,172.31.40.0-255,66,12091,61,349239
39765,0.000104,74.125.200.0-255,2030,14121,61,349239
39766,0.000111,172.31.40.0-255,66,14187,61,349239
39767,0.000133,74.125.200.0-255,2902,17089,61,349239
39768,0.000135,172.31.40.0-255,66,17155,61,349239
39769,0.000138,74.125.200.0-255,1484,18639,61,349239
39770,0.000141,172.31.40.0-255,66,18705,61,349239
39771,0.000165,74.125.200.0-255,2902,21607,61,349239
39772,0.000168,172.31.40.0-255,66,21673,61,349239
39773,0.000174,74.125.200.0-255,5738,27411,61,349239
39774,0.000177,172.31.40.0-255,66,27477,61,349239
39775,0.000208,74.125.200.0-255,2902,30379,61,349239
39776,0.000211,172.31.40.0-255,66,30445,61,349239
39777,0.000213,74.125.200.0-255,1125,31570,61,349239
39778,0.000215,172.31.40.0-255,66,31636,61,349239
39779,0.000219,74.125.200.0-255,1484,33120,61,349239
39780,0.000221,172.31.40.0-255,66,33186,61,349239
39781,0.000227,74.125.200.0-255,4320,37506,61,349239
39782,0.000229,172.31.40.0-255,66,37572,61,349239
39783,0.000266,74.125.200.0-255,7156,44728,61,349239
39784,0.000269,172.31.40.0-255,66,44794,61,349239
39785,0.000291,74.125.200.0-255,3961,48755,61,349239
39786,0.000293,172.31.40.0-255,66,48821,61,349239
39787,0.000316,74.125.200.0-255,4320,53141,61,349239
39788,0.000319,172.31.40.0-255,66,53207,61,349239
39789,0.000357,172.31.40.0-255,66,53273,61,349239
39790,0.000393,74.125.200.0-255,1484,54757,61,349239
39791,0.000403,74.125.200.0-255,1454,56211,61,349239
39792,0.000405,172.31.40.0-255,66,56277,61,349239
39793,0.000408,74.125.200.0-255,348,56625,61,349239
39794,0.000691,74.125.200.0-255,1484,58109,61,349239
39795,0.000696,172.31.40.0-255,66,58175,61,349239
39796,0.000702,74.125.200.0-255,2902,61077,61,349239
39797,0.000705,172.31.40.0-255,66,61143,61,349239
39798,0.000707,74.125.200.0-255,1484,62627,61,349239
39799,0.000732,74.125.200.0-255,4320,66947,61,349239
39800,0.000739,172.31.40.0-255,66,67013,61,349239
39801,0.000744,74.125.200.0-255,2902,69915,61,349239
39802,0.000746,172.31.40.0-255,66,69981,61,349239
39803,0.000783,74.125.200.0-255,2902,72883,61,349239
39804,0.000789,74.125.200.0-255,7156,80039,61,349239
39805,0.000793,74.125.200.0-255,2902,82941,61,349239
39806,0.000798,172.31.40.0-255,66,83007,61,349239
39807,0.000801,172.31.40.0-255,66,83073,61,349239
39808,0.000803,172.31.40.0-255,66,83139,61,349239
39809,0.000836,172.31.40.0-255,66,83205,61,349239
39810,0.001077,74.125.200.0-255,1484,84689,61,349239
39811,0.001083,74.125.200.0-255,2902,87591,61,349239
39812,0.001085,172.31.40.0-255,66,87657,61,349239
39813,0.001121,74.125.200.0-255,5738,93395,61,349239
39814,0.001124,172.31.40.0-255,66,93461,61,349239
39815,0.001128,74.125.200.0-255,1484,94945,61,349239
39816,0.001146,74.125.200.0-255,7156,102101,61,349239
39817,0.001148,172.31.40.0-255,66,102167,61,349239
39818,0.001173,74.125.200.0-255,2902,105069,61,349239
39819,0.001175,172.31.40.0-255,66,105135,61,349239
39820,0.001187,172.31.40.0-255,66,105201,61,349239
39821,0.001339,74.125.200.0-255,1484,106685,61,349239
39822,0.001343,74.125.200.0-255,1484,108169,61,349239
39823,0.001346,172.31.40.0-255,66,108235,61,349239
39824,0.001374,74.125.200.0-255,1484,109719,61,349239
39825,0.00138,74.125.200.0-255,5738,115457,61,349239
39826,0.001383,172.31.40.0-255,66,115523,61,349239
39827,0.001392,172.31.40.0-255,66,115589,61,349239
39828,0.001409,74.125.200.0-255,2902,118491,61,349239
39829,0.001411,172.31.40.0-255,66,118557,61,349239
39830,0.001414,74.125.200.0-255,1484,120041,61,349239
39831,0.001445,172.31.40.0-255,66,120107,61,349239
39832,0.001486,74.125.200.0-255,1484,121591,61,349239
39833,0.001497,74.125.200.0-255,1484,123075,61,349239
39834,0.0015,172.31.40.0-255,66,123141,61,349239
39835,0.001537,74.125.200.0-255,1484,124625,61,349239
39836,0.001544,74.125.200.0-255,5738,130363,61,349239
39837,0.001547,172.31.40.0-255,66,130429,61,349239
39838,0.001552,74.125.200.0-255,5738,136167,61,349239
39839,0.001554,172.31.40.0-255,66,136233,61,349239
39840,0.001557,74.125.200.0-255,1484,137717,61,349239
39841,0.001583,74.125.200.0-255,5738,143455,61,349239
39842,0.001585,172.31.40.0-255,66,143521,61,349239
39843,0.001617,74.125.200.0-255,2902,146423,61,349239
39844,0.001619,172.31.40.0-255,66,146489,61,349239
39845,0.001644,172.31.40.0-255,66,146555,61,349239
39846,0.001647,74.125.200.0-255,1484,148039,61,349239
39847,0.001649,74.125.200.0-255,1484,149523,61,349239
39848,0.001651,172.31.40.0-255,66,149589,61,349239
39849,0.001684,74.125.200.0-255,1484,151073,61,349239
39850,0.001689,74.125.200.0-255,5738,156811,61,349239
39851,0.001692,172.31.40.0-255,66,156877,61,349239
39852,0.001696,74.125.200.0-255,4320,161197,61,349239
39853,0.001698,172.31.40.0-255,66,161263,61,349239
39854,0.001704,74.125.200.0-255,5738,167001,61,349239
39855,0.001706,172.31.40.0-255,66,167067,61,349239
39856,0.001739,74.125.200.0-255,7156,174223,61,349239
39857,0.001741,172.31.40.0-255,66,174289,61,349239
39858,0.001768,74.125.200.0-255,4320,178609,61,349239
39859,0.00177,172.31.40.0-255,66,178675,61,349239
39860,0.001774,74.125.200.0-255,2184,180859,61,349239
39861,0.001776,172.31.40.0-255,66,180925,61,349239
39862,0.001881,74.125.200.0-255,1484,182409,61,349239
39863,0.001885,74.125.200.0-255,1484,183893,61,349239
39864,0.001888,172.31.40.0-255,66,183959,61,349239
39865,0.001912,74.125.200.0-255,1484,185443,61,349239
39866,0.001915,74.125.200.0-255,1484,186927,61,349239
39867,0.001917,172.31.40.0-255,66,186993,61,349239
39868,0.001921,74.125.200.0-255,2902,189895,61,349239
39869,0.001923,172.31.40.0-255,66,189961,61,349239
39870,0.00195,74.125.200.0-255,5738,195699,61,349239
39871,0.001953,172.31.40.0-255,66,195765,61,349239
39872,0.001955,74.125.200.0-255,1484,197249,61,349239
39873,0.002013,74.125.200.0-255,2902,200151,61,349239
39874,0.002017,172.31.40.0-255,66,200217,61,349239
39875,0.002026,74.125.200.0-255,5738,205955,61,349239
39876,0.002028,172.31.40.0-255,66,206021,61,349239
39877,0.002032,74.125.200.0-255,2902,208923,61,349239
39878,0.002034,172.31.40.0-255,66,208989,61,349239
39879,0.002039,74.125.200.0-255,4320,213309,61,349239
39880,0.002044,74.125.200.0-255,2184,215493,61,349239
39881,0.002048,172.31.40.0-255,66,215559,61,349239
39882,0.00205,172.31.40.0-255,66,215625,61,349239
39883,0.004125,74.125.200.0-255,4320,219945,61,349239
39884,0.004133,172.31.40.0-255,66,220011,61,349239
39885,0.004162,74.125.200.0-255,1484,221495,61,349239
39886,0.006212,74.125.200.0-255,4320,225815,61,349239
39887,0.006217,172.31.40.0-255,66,225881,61,349239
39888,0.008298,74.125.200.0-255,5738,231619,61,349239
39889,0.008305,172.31.40.0-255,66,231685,61,349239
39890,0.010393,74.125.200.0-255,5738,237423,61,349239
39891,0.0104,172.31.40.0-255,66,237489,61,349239
39892,0.01248,74.125.200.0-255,5738,243227,61,349239
39893,0.012487,172.31.40.0-255,66,243293,61,349239
39894,0.014581,74.125.200.0-255,5738,249031,61,349239
39895,0.014591,172.31.40.0-255,66,249097,61,349239
39896,0.016678,74.125.200.0-255,5738,254835,61,349239
39897,0.016686,172.31.40.0-255,66,254901,61,349239
39898,0.018771,74.125.200.0-255,4320,259221,61,349239
39899,0.018778,172.31.40.0-255,66,259287,61,349239
39900,0.018805,74.125.200.0-255,1484,260771,61,349239
39901,0.020867,74.125.200.0-255,4320,265091,61,349239
39902,0.020873,172.31.40.0-255,66,265157,61,349239
39903,0.022957,74.125.200.0-255,5738,270895,61,349239
39904,0.022965,172.31.40.0-255,66,270961,61,349239
39905,0.025051,74.125.200.0-255,5738,276699,61,349239
39906,0.025059,172.31.40.0-255,66,276765,61,349239
39907,0.027136,74.125.200.0-255,5738,282503,61,349239
39908,0.027143,172.31.40.0-255,66,282569,61,349239
39909,0.029226,74.125.200.0-255,5738,288307,61,349239
39910,0.029234,172.31.40.0-255,66,288373,61,349239
39911,0.031316,74.125.200.0-255,5738,294111,61,349239
39912,0.031324,172.31.40.0-255,66,294177,61,349239
39913,0.033407,74.125.200.0-255,5738,299915,61,349239
39914,0.033415,172.31.40.0-255,66,299981,61,349239
39915,0.035488,74.125.200.0-255,5738,305719,61,349239
39916,0.035494,172.31.40.0-255,66,305785,61,349239
39917,0.037569,74.125.200.0-255,1484,307269,61,349239
39918,0.037593,74.125.200.0-255,4320,311589,61,349239
39919,0.037597,172.31.40.0-255,66,311655,61,349239
39920,0.039687,74.125.200.0-255,5738,317393,61,349239
39921,0.039696,172.31.40.0-255,66,317459,61,349239
39922,0.041771,74.125.200.0-255,5738,323197,61,349239
39923,0.041779,172.31.40.0-255,66,323263,61,349239
39924,0.043056,172.31.40.0-255,172,323435,61,349239
39925,0.043087,172.31.40.0-255,1120,324555,61,349239
39926,0.04317,172.31.40.0-255,1514,326069,61,349239
39927,0.043172,172.31.40.0-255,1514,327583,61,349239
39928,0.043178,172.31.40.0-255,1514,329097,61,349239
39929,0.043179,172.31.40.0-255,1514,330611,61,349239
39930,0.043199,172.31.40.0-255,952,331563,61,349239
39931,0.043897,74.125.200.0-255,5738,337301,61,349239
39932,0.043904,172.31.40.0-255,66,337367,61,349239
39933,0.044616,104.244.42.0-255,66,337433,61,349239
39934,0.044662,104.244.42.0-255,66,337499,61,349239
39935,0.044715,104.244.42.0-255,66,337565,61,349239
39936,0.044733,104.244.42.0-255,66,337631,61,349239
39937,0.045986,74.125.200.0-255,5738,343369,61,349239
39938,0.045992,172.31.40.0-255,66,343435,61,349239
39939,0.04808,74.125.200.0-255,5738,349173,61,349239
39940,0.048086,172.31.40.0-255,66,349239,61,349239
39941,0.0,172.217.24.0-255,153,153,61,212564
39942,1.8e-05,172.31.40.0-255,66,219,61,212564
39943,2.5e-05,172.217.24.0-255,1484,1703,61,212564
39944,2.8e-05,172.31.40.0-255,66,1769,61,212564
39945,3.4e-05,172.217.24.0-255,2902,4671,61,212564
39946,4.6e-05,172.31.40.0-255,66,4737,61,212564
39947,5.3e-05,172.217.24.0-255,5738,10475,61,212564
39948,5.6e-05,172.31.40.0-255,66,10541,61,212564
39949,0.000106,172.217.24.0-255,3454,13995,61,212564
39950,0.000109,172.31.40.0-255,66,14061,61,212564
39951,0.000114,172.217.24.0-255,4320,18381,61,212564
39952,0.000116,172.31.40.0-255,66,18447,61,212564
39953,0.00012,172.217.24.0-255,4320,22767,61,212564
39954,0.000123,172.31.40.0-255,66,22833,61,212564
39955,0.000128,172.217.24.0-255,5738,28571,61,212564
39956,0.00013,172.31.40.0-255,66,28637,61,212564
39957,0.000158,172.217.24.0-255,2543,31180,61,212564
39958,0.000161,172.31.40.0-255,66,31246,61,212564
39959,0.000237,172.217.24.0-255,1484,32730,61,212564
39960,0.00024,172.31.40.0-255,66,32796,61,212564
39961,0.000244,172.217.24.0-255,2902,35698,61,212564
39962,0.000246,172.31.40.0-255,66,35764,61,212564
39963,0.000249,172.217.24.0-255,1484,37248,61,212564
39964,0.00025,172.31.40.0-255,66,37314,61,212564
39965,0.000288,172.217.24.0-255,2902,40216,61,212564
39966,0.000291,172.31.40.0-255,66,40282,61,212564
39967,0.000296,172.217.24.0-255,5738,46020,61,212564
39968,0.000298,172.31.40.0-255,66,46086,61,212564
39969,0.000304,172.217.24.0-255,7156,53242,61,212564
39970,0.000306,172.31.40.0-255,66,53308,61,212564
39971,0.000321,172.217.24.0-255,5379,58687,61,212564
39972,0.000326,172.31.40.0-255,66,58753,61,212564
39973,0.000333,172.217.24.0-255,7068,65821,61,212564
39974,0.000467,172.31.40.0-255,66,65887,61,212564
39975,0.001289,172.217.24.0-255,134,66021,61,212564
39976,0.001467,172.217.24.0-255,1484,67505,61,212564
39977,0.001474,172.31.40.0-255,66,67571,61,212564
39978,0.001481,172.217.24.0-255,2902,70473,61,212564
39979,0.001487,172.217.24.0-255,5738,76211,61,212564
39980,0.001525,172.217.24.0-255,4320,80531,61,212564
39981,0.004131,172.31.40.0-255,66,80597,61,212564
39982,0.006077,172.217.24.0-255,5738,86335,61,212564
39983,0.006083,172.31.40.0-255,66,86401,61,212564
39984,0.008021,172.217.24.0-255,5738,92139,61,212564
39985,0.008027,172.31.40.0-255,66,92205,61,212564
39986,0.009964,172.217.24.0-255,5738,97943,61,212564
39987,0.00997,172.31.40.0-255,66,98009,61,212564
39988,0.011915,172.217.24.0-255,5738,103747,61,212564
39989,0.013468,172.31.40.0-255,66,103813,61,212564
39990,0.015413,172.217.24.0-255,5738,109551,61,212564
39991,0.015423,172.31.40.0-255,66,109617,61,212564
39992,0.017359,172.217.24.0-255,5738,115355,61,212564
39993,0.017364,172.31.40.0-255,66,115421,61,212564
39994,0.019325,172.217.24.0-255,5738,121159,61,212564
39995,0.019332,172.31.40.0-255,66,121225,61,212564
39996,0.021301,172.217.24.0-255,5738,126963,61,212564
39997,0.021308,172.31.40.0-255,66,127029,61,212564
39998,0.023256,172.217.24.0-255,5738,132767,61,212564
39999,0.023264,172.31.40.0-255,66,132833,61,212564
40000,0.025215,172.217.24.0-255,5738,138571,61,212564
40001,0.025224,172.31.40.0-255,66,138637,61,212564
40002,0.027179,172.217.24.0-255,5738,144375,61,212564
40003,0.027188,172.31.40.0-255,66,144441,61,212564
40004,0.028858,172.31.40.0-255,172,144613,61,212564
40005,0.028891,172.31.40.0-255,1119,145732,61,212564
40006,0.028948,172.31.40.0-255,1514,147246,61,212564
40007,0.02895,172.31.40.0-255,1276,148522,61,212564
40008,0.029133,172.217.24.0-255,5738,154260,61,212564
40009,0.029139,172.31.40.0-255,66,154326,61,212564
40010,0.030446,104.244.42.0-255,66,154392,61,212564
40011,0.030474,104.244.42.0-255,66,154458,61,212564
40012,0.030524,104.244.42.0-255,66,154524,61,212564
40013,0.031082,172.217.24.0-255,5738,160262,61,212564
40014,0.031087,172.31.40.0-255,66,160328,61,212564
40015,0.033034,172.217.24.0-255,5738,166066,61,212564
40016,0.03304,172.31.40.0-255,66,166132,61,212564
40017,0.034999,172.217.24.0-255,5738,171870,61,212564
40018,0.035005,172.31.40.0-255,66,171936,61,212564
40019,0.036981,172.217.24.0-255,5738,177674,61,212564
40020,0.036988,172.31.40.0-255,66,177740,61,212564
40021,0.038944,172.217.24.0-255,5738,183478,61,212564
40022,0.038951,172.31.40.0-255,66,183544,61,212564
40023,0.040906,172.217.24.0-255,5738,189282,61,212564
40024,0.040912,172.31.40.0-255,66,189348,61,212564
40025,0.042868,172.217.24.0-255,5738,195086,61,212564
40026,0.042876,172.31.40.0-255,66,195152,61,212564
40027,0.044831,172.217.24.0-255,5738,200890,61,212564
40028,0.044837,172.31.40.0-255,66,200956,61,212564
40029,0.046777,172.217.24.0-255,5738,206694,61,212564
40030,0.046784,172.31.40.0-255,66,206760,61,212564
40031,0.048733,172.217.24.0-255,5738,212498,61,212564
40032,0.04874,172.31.40.0-255,66,212564,61,212564
40033,0.0,74.125.68.0-255,146,146,61,266141
40034,2.3e-05,172.31.40.0-255,66,212,61,266141
40035,3.1e-05,74.125.68.0-255,1484,1696,61,266141
40036,3.6e-05,172.31.40.0-255,66,1762,61,266141
40037,9.4e-05,74.125.68.0-255,2902,4664,61,266141
40038,9.8e-05,172.31.40.0-255,66,4730,61,266141
40039,0.000102,74.125.68.0-255,1484,6214,61,266141
40040,0.000104,172.31.40.0-255,66,6280,61,266141
40041,0.000127,74.125.68.0-255,2902,9182,61,266141
40042,0.000133,172.31.40.0-255,66,9248,61,266141
40043,0.000136,74.125.68.0-255,1484,10732,61,266141
40044,0.000138,172.31.40.0-255,66,10798,61,266141
40045,0.000143,74.125.68.0-255,2902,13700,61,266141
40046,0.000146,172.31.40.0-255,66,13766,61,266141
40047,0.000176,74.125.68.0-255,6264,20030,61,266141
40048,0.000179,172.31.40.0-255,66,20096,61,266141
40049,0.000207,74.125.68.0-255,2902,22998,61,266141
40050,0.000209,172.31.40.0-255,66,23064,61,266141
40051,0.000215,74.125.68.0-255,4320,27384,61,266141
40052,0.000217,172.31.40.0-255,66,27450,61,266141
40053,0.000248,74.125.68.0-255,2902,30352,61,266141
40054,0.000253,172.31.40.0-255,66,30418,61,266141
40055,0.000276,74.125.68.0-255,1125,31543,61,266141
40056,0.000279,172.31.40.0-255,66,31609,61,266141
40057,0.00037,74.125.68.0-255,1484,33093,61,266141
40058,0.000373,172.31.40.0-255,66,33159,61,266141
40059,0.000379,74.125.68.0-255,2902,36061,61,266141
40060,0.000382,172.31.40.0-255,66,36127,61,266141
40061,0.00042,74.125.68.0-255,4320,40447,61,266141
40062,0.000423,172.31.40.0-255,66,40513,61,266141
40063,0.000449,74.125.68.0-255,5738,46251,61,266141
40064,0.000453,172.31.40.0-255,66,46317,61,266141
40065,0.000478,74.125.68.0-255,3961,50278,61,266141
40066,0.00048,172.31.40.0-255,66,50344,61,266141
40067,0.000505,74.125.68.0-255,2902,53246,61,266141
40068,0.000508,172.31.40.0-255,66,53312,61,266141
40069,0.000511,74.125.68.0-255,1484,54796,61,266141
40070,0.000536,74.125.68.0-255,2902,57698,61,266141
40071,0.000539,172.31.40.0-255,66,57764,61,266141
40072,0.000542,74.125.68.0-255,1484,59248,61,266141
40073,0.000567,74.125.68.0-255,7110,66358,61,266141
40074,0.000571,172.31.40.0-255,66,66424,61,266141
40075,0.00073,74.125.68.0-255,107,66531,61,266141
40076,0.000882,74.125.68.0-255,1484,68015,61,266141
40077,0.000887,172.31.40.0-255,66,68081,61,266141
40078,0.000907,74.125.68.0-255,2902,70983,61,266141
40079,0.000909,172.31.40.0-255,66,71049,61,266141
40080,0.000936,74.125.68.0-255,5738,76787,61,266141
40081,0.000939,172.31.40.0-255,66,76853,61,266141
40082,0.000943,74.125.68.0-255,2902,79755,61,266141
40083,0.000946,172.31.40.0-255,66,79821,61,266141
40084,0.000982,172.31.40.0-255,66,79887,61,266141
40085,0.000995,172.31.40.0-255,66,79953,61,266141
40086,0.000998,74.125.68.0-255,333,80286,61,266141
40087,0.001096,74.125.68.0-255,1484,81770,61,266141
40088,0.0011,172.31.40.0-255,66,81836,61,266141
40089,0.001119,74.125.68.0-255,2902,84738,61,266141
40090,0.001122,172.31.40.0-255,66,84804,61,266141
40091,0.001128,74.125.68.0-255,4320,89124,61,266141
40092,0.00113,172.31.40.0-255,66,89190,61,266141
40093,0.001157,74.125.68.0-255,5738,94928,61,266141
40094,0.001159,172.31.40.0-255,66,94994,61,266141
40095,0.001186,74.125.68.0-255,5738,100732,61,266141
40096,0.001189,172.31.40.0-255,66,100798,61,266141
40097,0.001204,74.125.68.0-255,5738,106536,61,266141
40098,0.001211,172.31.40.0-255,66,106602,61,266141
40099,0.001223,172.31.40.0-255,66,106668,61,266141
40100,0.001552,74.125.68.0-255,1484,108152,61,266141
40101,0.001558,74.125.68.0-255,2902,111054,61,266141
40102,0.001562,172.31.40.0-255,66,111120,61,266141
40103,0.001593,74.125.68.0-255,5738,116858,61,266141
40104,0.001596,172.31.40.0-255,66,116924,61,266141
40105,0.001604,74.125.68.0-255,7156,124080,61,266141
40106,0.001606,172.31.40.0-255,66,124146,61,266141
40107,0.001636,172.31.40.0-255,66,124212,61,266141
40108,0.001672,172.31.40.0-255,66,124278,61,266141
40109,0.001998,74.125.68.0-255,1484,125762,61,266141
40110,0.002003,74.125.68.0-255,1484,127246,61,266141
40111,0.002005,172.31.40.0-255,66,127312,61,266141
40112,0.002032,74.125.68.0-255,1484,128796,61,266141
40113,0.002069,74.125.68.0-255,4320,133116,61,266141
40114,0.002072,172.31.40.0-255,66,133182,61,266141
40115,0.002101,74.125.68.0-255,1484,134666,61,266141
40116,0.002108,74.125.68.0-255,5738,140404,61,266141
40117,0.00211,172.31.40.0-255,66,140470,61,266141
40118,0.002117,74.125.68.0-255,7156,147626,61,266141
40119,0.002119,172.31.40.0-255,66,147692,61,266141
40120,0.002136,172.31.40.0-255,66,147758,61,266141
40121,0.004423,74.125.68.0-255,5738,153496,61,266141
40122,0.00443,172.31.40.0-255,66,153562,61,266141
40123,0.006718,74.125.68.0-255,2902,156464,61,266141
40124,0.006722,172.31.40.0-255,66,156530,61,266141
40125,0.006746,74.125.68.0-255,2902,159432,61,266141
40126,0.006748,172.31.40.0-255,66,159498,61,266141
40127,0.009007,74.125.68.0-255,2902,162400,61,266141
40128,0.009014,172.31.40.0-255,66,162466,61,266141
40129,0.009042,74.125.68.0-255,2902,165368,61,266141
40130,0.009044,172.31.40.0-255,66,165434,61,266141
40131,0.0113,74.125.68.0-255,2902,168336,61,266141
40132,0.011308,172.31.40.0-255,66,168402,61,266141
40133,0.011339,74.125.68.0-255,2902,171304,61,266141
40134,0.011342,172.31.40.0-255,66,171370,61,266141
40135,0.013603,74.125.68.0-255,4320,175690,61,266141
40136,0.013611,172.31.40.0-255,66,175756,61,266141
40137,0.013632,74.125.68.0-255,1484,177240,61,266141
40138,0.015901,74.125.68.0-255,4320,181560,61,266141
40139,0.015909,172.31.40.0-255,66,181626,61,266141
40140,0.018202,74.125.68.0-255,5738,187364,61,266141
40141,0.018211,172.31.40.0-255,66,187430,61,266141
40142,0.020494,74.125.68.0-255,5738,193168,61,266141
40143,0.020502,172.31.40.0-255,66,193234,61,266141
40144,0.022801,74.125.68.0-255,5738,198972,61,266141
40145,0.022809,172.31.40.0-255,66,199038,61,266141
40146,0.025118,74.125.68.0-255,5738,204776,61,266141
40147,0.025136,172.31.40.0-255,66,204842,61,266141
40148,0.027424,74.125.68.0-255,5738,210580,61,266141
40149,0.027434,172.31.40.0-255,66,210646,61,266141
40150,0.029734,74.125.68.0-255,5738,216384,61,266141
40151,0.029749,172.31.40.0-255,66,216450,61,266141
40152,0.032046,74.125.68.0-255,5738,222188,61,266141
40153,0.032061,172.31.40.0-255,66,222254,61,266141
40154,0.034341,74.125.68.0-255,5738,227992,61,266141
40155,0.034348,172.31.40.0-255,66,228058,61,266141
40156,0.03666,74.125.68.0-255,5738,233796,61,266141
40157,0.036671,172.31.40.0-255,66,233862,61,266141
40158,0.038978,74.125.68.0-255,5738,239600,61,266141
40159,0.038994,172.31.40.0-255,66,239666,61,266141
40160,0.041297,74.125.68.0-255,1484,241150,61,266141
40161,0.041319,74.125.68.0-255,4320,245470,61,266141
40162,0.041325,172.31.40.0-255,66,245536,61,266141
40163,0.043462,172.31.40.0-255,172,245708,61,266141
40164,0.043494,172.31.40.0-255,1116,246824,61,266141
40165,0.043583,172.31.40.0-255,1514,248338,61,266141
40166,0.043585,172.31.40.0-255,325,248663,61,266141
40167,0.043621,74.125.68.0-255,5738,254401,61,266141
40168,0.043626,172.31.40.0-255,66,254467,61,266141
40169,0.045301,104.244.42.0-255,66,254533,61,266141
40170,0.04592,74.125.68.0-255,5738,260271,61,266141
40171,0.04593,172.31.40.0-255,66,260337,61,266141
40172,0.048233,74.125.68.0-255,5738,266075,61,266141
40173,0.048244,172.31.40.0-255,66,266141,61,266141
40174,0.0,74.125.200.0-255,153,153,61,372583
40175,1.5e-05,172.31.40.0-255,66,219,61,372583
40176,2.2e-05,74.125.200.0-255,1484,1703,61,372583
40177,2.6e-05,172.31.40.0-255,66,1769,61,372583
40178,3.1e-05,74.125.200.0-255,2902,4671,61,372583
40179,4e-05,172.31.40.0-255,66,4737,61,372583
40180,4.4e-05,74.125.200.0-255,1484,6221,61,372583
40181,4.6e-05,172.31.40.0-255,66,6287,61,372583
40182,5.2e-05,74.125.200.0-255,2902,9189,61,372583
40183,5.4e-05,172.31.40.0-255,66,9255,61,372583
40184,7.3e-05,74.125.200.0-255,1484,10739,61,372583
40185,7.5e-05,172.31.40.0-255,66,10805,61,372583
40186,0.000103,74.125.200.0-255,4911,15716,61,372583
40187,0.00011,172.31.40.0-255,66,15782,61,372583
40188,0.000116,74.125.200.0-255,5738,21520,61,372583
40189,0.000118,172.31.40.0-255,66,21586,61,372583
40190,0.000123,74.125.200.0-255,4320,25906,61,372583
40191,0.000124,172.31.40.0-255,66,25972,61,372583
40192,0.000156,74.125.200.0-255,2902,28874,61,372583
40193,0.000158,172.31.40.0-255,66,28940,61,372583
40194,0.000162,74.125.200.0-255,2543,31483,61,372583
40195,0.000163,172.31.40.0-255,66,31549,61,372583
40196,0.000571,74.125.200.0-255,1484,33033,61,372583
40197,0.000576,172.31.40.0-255,66,33099,61,372583
40198,0.00058,74.125.200.0-255,1484,34583,61,372583
40199,0.000581,172.31.40.0-255,66,34649,61,372583
40200,0.000612,74.125.200.0-255,1484,36133,61,372583
40201,0.000614,172.31.40.0-255,66,36199,61,372583
40202,0.00062,74.125.200.0-255,5738,41937,61,372583
40203,0.000622,172.31.40.0-255,66,42003,61,372583
40204,0.000649,74.125.200.0-255,4320,46323,61,372583
40205,0.00065,172.31.40.0-255,66,46389,61,372583
40206,0.000669,74.125.200.0-255,2543,48932,61,372583
40207,0.000675,172.31.40.0-255,66,48998,61,372583
40208,0.000677,74.125.200.0-255,1484,50482,61,372583
40209,0.000681,74.125.200.0-255,2902,53384,61,372583
40210,0.000683,172.31.40.0-255,66,53450,61,372583
40211,0.000687,74.125.200.0-255,4320,57770,61,372583
40212,0.000689,172.31.40.0-255,66,57836,61,372583
40213,0.00071,74.125.200.0-255,1484,59320,61,372583
40214,0.000713,74.125.200.0-255,1484,60804,61,372583
40215,0.000715,172.31.40.0-255,66,60870,61,372583
40216,0.000717,74.125.200.0-255,1484,62354,61,372583
40217,0.000735,74.125.200.0-255,1484,63838,61,372583
40218,0.000737,172.31.40.0-255,66,63904,61,372583
40219,0.000761,74.125.200.0-255,2816,66720,61,372583
40220,0.000763,172.31.40.0-255,66,66786,61,372583
40221,0.000786,74.125.200.0-255,131,66917,61,372583
40222,0.000999,74.125.200.0-255,1484,68401,61,372583
40223,0.001003,172.31.40.0-255,66,68467,61,372583
40224,0.001007,74.125.200.0-255,1484,69951,61,372583
40225,0.001031,74.125.200.0-255,1484,71435,61,372583
40226,0.001033,172.31.40.0-255,66,71501,61,372583
40227,0.001039,74.125.200.0-255,5738,77239,61,372583
40228,0.001041,172.31.40.0-255,66,77305,61,372583
40229,0.001077,172.31.40.0-255,66,77371,61,372583
40230,0.001103,74.125.200.0-255,5738,83109,61,372583
40231,0.001106,172.31.40.0-255,66,83175,61,372583
40232,0.001133,74.125.200.0-255,5738,88913,61,372583
40233,0.001136,172.31.40.0-255,66,88979,61,372583
40234,0.001139,74.125.200.0-255,2184,91163,61,372583
40235,0.001141,172.31.40.0-255,66,91229,61,372583
40236,0.001295,74.125.200.0-255,1484,92713,61,372583
40237,0.001315,74.125.200.0-255,1484,94197,61,372583
40238,0.001318,172.31.40.0-255,66,94263,61,372583
40239,0.001323,74.125.200.0-255,1484,95747,61,372583
40240,0.001349,74.125.200.0-255,1484,97231,61,372583
40241,0.001351,172.31.40.0-255,66,97297,61,372583
40242,0.001358,74.125.200.0-255,5738,103035,61,372583
40243,0.00136,172.31.40.0-255,66,103101,61,372583
40244,0.001369,74.125.200.0-255,1484,104585,61,372583
40245,0.001399,74.125.200.0-255,4320,108905,61,372583
40246,0.001402,172.31.40.0-255,66,108971,61,372583
40247,0.001421,74.125.200.0-255,4320,113291,61,372583
40248,0.001424,172.31.40.0-255,66,113357,61,372583
40249,0.001429,74.125.200.0-255,4320,117677,61,372583
40250,0.001432,172.31.40.0-255,66,117743,61,372583
40251,0.001437,74.125.200.0-255,2902,120645,61,372583
40252,0.001439,172.31.40.0-255,66,120711,61,372583
40253,0.001469,74.125.200.0-255,2902,123613,61,372583
40254,0.001472,172.31.40.0-255,66,123679,61,372583
40255,0.001476,74.125.200.0-255,2184,125863,61,372583
40256,0.001478,172.31.40.0-255,66,125929,61,372583
40257,0.001487,74.125.200.0-255,2902,128831,61,372583
40258,0.001489,172.31.40.0-255,66,128897,61,372583
40259,0.001523,74.125.200.0-255,7156,136053,61,372583
40260,0.001527,172.31.40.0-255,66,136119,61,372583
40261,0.00153,74.125.200.0-255,1484,137603,61,372583
40262,0.001554,74.125.200.0-255,7156,144759,61,372583
40263,0.001556,172.31.40.0-255,66,144825,61,372583
40264,0.001593,172.31.40.0-255,66,144891,61,372583
40265,0.001661,74.125.200.0-255,1484,146375,61,372583
40266,0.001679,74.125.200.0-255,2902,149277,61,372583
40267,0.001682,172.31.40.0-255,66,149343,61,372583
40268,0.00171,74.125.200.0-255,5738,155081,61,372583
40269,0.001713,172.31.40.0-255,66,155147,61,372583
40270,0.001716,74.125.200.0-255,2902,158049,61,372583
40271,0.001719,172.31.40.0-255,66,158115,61,372583
40272,0.001723,74.125.200.0-255,4320,162435,61,372583
40273,0.001725,172.31.40.0-255,66,162501,61,372583
40274,0.001766,172.31.40.0-255,66,162567,61,372583
40275,0.001769,74.125.200.0-255,2902,165469,61,372583
40276,0.001771,172.31.40.0-255,66,165535,61,372583
40277,0.001799,74.125.200.0-255,4320,169855,61,372583
40278,0.001801,172.31.40.0-255,66,169921,61,372583
40279,0.001804,74.125.200.0-255,766,170687,61,372583
40280,0.002021,74.125.200.0-255,1484,172171,61,372583
40281,0.002025,172.31.40.0-255,66,172237,61,372583
40282,0.002041,74.125.200.0-255,1484,173721,61,372583
40283,0.002051,74.125.200.0-255,1484,175205,61,372583
40284,0.002053,172.31.40.0-255,66,175271,61,372583
40285,0.002084,74.125.200.0-255,1484,176755,61,372583
40286,0.002103,74.125.200.0-255,2902,179657,61,372583
40287,0.002106,172.31.40.0-255,66,179723,61,372583
40288,0.002111,74.125.200.0-255,2902,182625,61,372583
40289,0.002112,172.31.40.0-255,66,182691,61,372583
40290,0.002131,74.125.200.0-255,2902,185593,61,372583
40291,0.002133,172.31.40.0-255,66,185659,61,372583
40292,0.002159,74.125.200.0-255,5738,191397,61,372583
40293,0.002161,172.31.40.0-255,66,191463,61,372583
40294,0.002185,74.125.200.0-255,1484,192947,61,372583
40295,0.002195,172.31.40.0-255,66,193013,61,372583
40296,0.0022,74.125.200.0-255,3602,196615,61,372583
40297,0.002202,172.31.40.0-255,66,196681,61,372583
40298,0.002206,74.125.200.0-255,4320,201001,61,372583
40299,0.002208,172.31.40.0-255,66,201067,61,372583
40300,0.00227,74.125.200.0-255,7156,208223,61,372583
40301,0.002273,172.31.40.0-255,66,208289,61,372583
40302,0.002288,172.31.40.0-255,66,208355,61,372583
40303,0.002304,172.31.40.0-255,66,208421,61,372583
40304,0.002306,74.125.200.0-255,766,209187,61,372583
40305,0.002332,74.125.200.0-255,347,209534,61,372583
40306,0.002376,74.125.200.0-255,1484,211018,61,372583
40307,0.002378,172.31.40.0-255,66,211084,61,372583
40308,0.002383,74.125.200.0-255,2902,213986,61,372583
40309,0.002385,172.31.40.0-255,66,214052,61,372583
40310,0.002407,74.125.200.0-255,5738,219790,61,372583
40311,0.00241,172.31.40.0-255,66,219856,61,372583
40312,0.002434,74.125.200.0-255,4320,224176,61,372583
40313,0.00244,172.31.40.0-255,66,224242,61,372583
40314,0.002462,74.125.200.0-255,1484,225726,61,372583
40315,0.002465,172.31.40.0-255,78,225804,61,372583
40316,0.002467,74.125.200.0-255,1484,227288,61,372583
40317,0.00247,172.31.40.0-255,66,227354,61,372583
40318,0.002472,74.125.200.0-255,1484,228838,61,372583
40319,0.002485,74.125.200.0-255,5738,234576,61,372583
40320,0.002487,172.31.40.0-255,66,234642,61,372583
40321,0.002494,74.125.200.0-255,5738,240380,61,372583
40322,0.002496,172.31.40.0-255,66,240446,61,372583
40323,0.00253,74.125.200.0-255,1484,241930,61,372583
40324,0.002534,74.125.200.0-255,1484,243414,61,372583
40325,0.002537,172.31.40.0-255,66,243480,61,372583
40326,0.00254,74.125.200.0-255,766,244246,61,372583
40327,0.002628,74.125.200.0-255,1484,245730,61,372583
40328,0.002631,172.31.40.0-255,66,245796,61,372583
40329,0.002657,74.125.200.0-255,2902,248698,61,372583
40330,0.00266,172.31.40.0-255,66,248764,61,372583
40331,0.002685,74.125.200.0-255,2902,251666,61,372583
40332,0.002688,172.31.40.0-255,66,251732,61,372583
40333,0.002711,74.125.200.0-255,4320,256052,61,372583
40334,0.002713,172.31.40.0-255,66,256118,61,372583
40335,0.002742,74.125.200.0-255,4320,260438,61,372583
40336,0.002745,172.31.40.0-255,66,260504,61,372583
40337,0.002751,74.125.200.0-255,5738,266242,61,372583
40338,0.002754,172.31.40.0-255,66,266308,61,372583
40339,0.002773,74.125.200.0-255,1484,267792,61,372583
40340,0.002807,74.125.200.0-255,7156,274948,61,372583
40341,0.00281,172.31.40.0-255,66,275014,61,372583
40342,0.002825,74.125.200.0-255,3602,278616,61,372583
40343,0.002827,172.31.40.0-255,66,278682,61,372583
40344,0.002872,74.125.200.0-255,4320,283002,61,372583
40345,0.002875,172.31.40.0-255,66,283068,61,372583
40346,0.002878,74.125.200.0-255,1484,284552,61,372583
40347,0.002883,74.125.200.0-255,2902,287454,61,372583
40348,0.002885,172.31.40.0-255,66,287520,61,372583
40349,0.002901,74.125.200.0-255,1484,289004,61,372583
40350,0.002926,74.125.200.0-255,4320,293324,61,372583
40351,0.002929,172.31.40.0-255,66,293390,61,372583
40352,0.002936,74.125.200.0-255,5738,299128,61,372583
40353,0.002958,74.125.200.0-255,1484,300612,61,372583
40354,0.002961,74.125.200.0-255,1484,302096,61,372583
40355,0.002967,74.125.200.0-255,5738,307834,61,372583
40356,0.003012,74.125.200.0-255,1484,309318,61,372583
40357,0.003015,74.125.200.0-255,1484,310802,61,372583
40358,0.003018,74.125.200.0-255,1484,312286,61,372583
40359,0.00302,74.125.200.0-255,766,313052,61,372583
40360,0.003024,74.125.200.0-255,2902,315954,61,372583
40361,0.003027,74.125.200.0-255,1484,317438,61,372583
40362,0.003042,74.125.200.0-255,2902,320340,61,372583
40363,0.003058,74.125.200.0-255,5738,326078,61,372583
40364,0.003061,74.125.200.0-255,1484,327562,61,372583
40365,0.003078,74.125.200.0-255,4320,331882,61,372583
40366,0.003082,74.125.200.0-255,2902,334784,61,372583
40367,0.003112,74.125.200.0-255,4320,339104,61,372583
40368,0.003132,74.125.200.0-255,5738,344842,61,372583
40369,0.003136,74.125.200.0-255,2184,347026,61,372583
40370,0.003172,74.125.200.0-255,2902,349928,61,372583
40371,0.003179,74.125.200.0-255,4320,354248,61,372583
40372,0.003193,74.125.200.0-255,2902,357150,61,372583
40373,0.003231,74.125.200.0-255,5738,362888,61,372583
40374,0.003242,74.125.200.0-255,2902,365790,61,372583
40375,0.003246,74.125.200.0-255,2172,367962,61,372583
40376,0.003282,74.125.200.0-255,105,368067,61,372583
40377,0.007775,172.31.40.0-255,66,368133,61,372583
40378,0.010183,172.31.40.0-255,105,368238,61,372583
40379,0.012482,74.125.200.0-255,66,368304,61,372583
40380,0.030321,172.31.40.0-255,172,368476,61,372583
40381,0.030349,172.31.40.0-255,1120,369596,61,372583
40382,0.030401,172.31.40.0-255,1514,371110,61,372583
40383,0.030403,172.31.40.0-255,1275,372385,61,372583
40384,0.031888,104.244.42.0-255,66,372451,61,372583
40385,0.031924,104.244.42.0-255,66,372517,61,372583
40386,0.031968,104.244.42.0-255,66,372583,61,372583
40387,0.0,74.125.68.0-255,152,152,61,305066
40388,2.2e-05,172.31.40.0-255,66,218,61,305066
40389,2.9e-05,74.125.68.0-255,1484,1702,61,305066
40390,3.3e-05,172.31.40.0-255,66,1768,61,305066
40391,3.9e-05,74.125.68.0-255,2902,4670,61,305066
40392,4.2e-05,172.31.40.0-255,66,4736,61,305066
40393,4.5e-05,74.125.68.0-255,1484,6220,61,305066
40394,4.8e-05,172.31.40.0-255,66,6286,61,305066
40395,8.1e-05,74.125.68.0-255,5738,12024,61,305066
40396,8.4e-05,172.31.40.0-255,66,12090,61,305066
40397,8.8e-05,74.125.68.0-255,1994,14084,61,305066
40398,9e-05,172.31.40.0-255,66,14150,61,305066
40399,9.5e-05,74.125.68.0-255,2902,17052,61,305066
40400,9.7e-05,172.31.40.0-255,66,17118,61,305066
40401,0.000101,74.125.68.0-255,2902,20020,61,305066
40402,0.000104,172.31.40.0-255,66,20086,61,305066
40403,0.000134,74.125.68.0-255,4320,24406,61,305066
40404,0.000136,172.31.40.0-255,66,24472,61,305066
40405,0.000144,74.125.68.0-255,6797,31269,61,305066
40406,0.000146,172.31.40.0-255,66,31335,61,305066
40407,0.000547,74.125.68.0-255,1484,32819,61,305066
40408,0.000552,172.31.40.0-255,66,32885,61,305066
40409,0.000558,74.125.68.0-255,2902,35787,61,305066
40410,0.000559,172.31.40.0-255,66,35853,61,305066
40411,0.000575,74.125.68.0-255,2902,38755,61,305066
40412,0.000576,172.31.40.0-255,66,38821,61,305066
40413,0.00058,74.125.68.0-255,1484,40305,61,305066
40414,0.000581,172.31.40.0-255,66,40371,61,305066
40415,0.000602,74.125.68.0-255,2902,43273,61,305066
40416,0.000604,172.31.40.0-255,66,43339,61,305066
40417,0.00061,74.125.68.0-255,5738,49077,61,305066
40418,0.000611,172.31.40.0-255,66,49143,61,305066
40419,0.000639,74.125.68.0-255,2902,52045,61,305066
40420,0.000641,172.31.40.0-255,66,52111,61,305066
40421,0.000647,74.125.68.0-255,5738,57849,61,305066
40422,0.000649,172.31.40.0-255,66,57915,61,305066
40423,0.000656,74.125.68.0-255,7156,65071,61,305066
40424,0.000658,172.31.40.0-255,66,65137,61,305066
40425,0.00066,74.125.68.0-255,766,65903,61,305066
40426,0.000705,74.125.68.0-255,444,66347,61,305066
40427,0.000786,74.125.68.0-255,1484,67831,61,305066
40428,0.000789,172.31.40.0-255,66,67897,61,305066
40429,0.000793,74.125.68.0-255,1484,69381,61,305066
40430,0.000805,74.125.68.0-255,1484,70865,61,305066
40431,0.000808,172.31.40.0-255,66,70931,61,305066
40432,0.000812,74.125.68.0-255,2902,73833,61,305066
40433,0.000813,172.31.40.0-255,66,73899,61,305066
40434,0.000837,74.125.68.0-255,2902,76801,61,305066
40435,0.000839,172.31.40.0-255,66,76867,61,305066
40436,0.000844,74.125.68.0-255,2902,79769,61,305066
40437,0.000846,172.31.40.0-255,66,79835,61,305066
40438,0.00085,74.125.68.0-255,4203,84038,61,305066
40439,0.000852,172.31.40.0-255,66,84104,61,305066
40440,0.000879,172.31.40.0-255,66,84170,61,305066
40441,0.000882,74.125.68.0-255,2902,87072,61,305066
40442,0.000884,172.31.40.0-255,66,87138,61,305066
40443,0.000935,74.125.68.0-255,5379,92517,61,305066
40444,0.000942,172.31.40.0-255,66,92583,61,305066
40445,0.001374,74.125.68.0-255,1484,94067,61,305066
40446,0.001383,74.125.68.0-255,2902,96969,61,305066
40447,0.001387,172.31.40.0-255,66,97035,61,305066
40448,0.001407,74.125.68.0-255,5738,102773,61,305066
40449,0.001409,172.31.40.0-255,66,102839,61,305066
40450,0.001414,74.125.68.0-255,4320,107159,61,305066
40451,0.001416,172.31.40.0-255,66,107225,61,305066
40452,0.00144,74.125.68.0-255,1484,108709,61,305066
40453,0.001447,74.125.68.0-255,7156,115865,61,305066
40454,0.001449,172.31.40.0-255,66,115931,61,305066
40455,0.00149,172.31.40.0-255,66,115997,61,305066
40456,0.001866,74.125.68.0-255,1484,117481,61,305066
40457,0.001872,74.125.68.0-255,1484,118965,61,305066
40458,0.001876,172.31.40.0-255,66,119031,61,305066
40459,0.001896,74.125.68.0-255,1484,120515,61,305066
40460,0.001899,74.125.68.0-255,1484,121999,61,305066
40461,0.001901,172.31.40.0-255,66,122065,61,305066
40462,0.001915,74.125.68.0-255,2902,124967,61,305066
40463,0.001918,172.31.40.0-255,66,125033,61,305066
40464,0.00194,74.125.68.0-255,4320,129353,61,305066
40465,0.001942,172.31.40.0-255,66,129419,61,305066
40466,0.001961,74.125.68.0-255,1484,130903,61,305066
40467,0.001964,74.125.68.0-255,1484,132387,61,305066
40468,0.001966,172.31.40.0-255,66,132453,61,305066
40469,0.001971,74.125.68.0-255,2902,135355,61,305066
40470,0.001973,172.31.40.0-255,66,135421,61,305066
40471,0.00198,74.125.68.0-255,5738,141159,61,305066
40472,0.001982,172.31.40.0-255,66,141225,61,305066
40473,0.002031,74.125.68.0-255,2902,144127,61,305066
40474,0.002034,172.31.40.0-255,66,144193,61,305066
40475,0.002039,74.125.68.0-255,4320,148513,61,305066
40476,0.00204,172.31.40.0-255,66,148579,61,305066
40477,0.002044,74.125.68.0-255,2184,150763,61,305066
40478,0.002047,172.31.40.0-255,66,150829,61,305066
40479,0.002187,74.125.68.0-255,1484,152313,61,305066
40480,0.002192,74.125.68.0-255,2902,155215,61,305066
40481,0.002195,172.31.40.0-255,66,155281,61,305066
40482,0.002226,74.125.68.0-255,5738,161019,61,305066
40483,0.002229,172.31.40.0-255,66,161085,61,305066
40484,0.00225,74.125.68.0-255,7156,168241,61,305066
40485,0.002253,172.31.40.0-255,66,168307,61,305066
40486,0.00227,74.125.68.0-255,1484,169791,61,305066
40487,0.002291,74.125.68.0-255,7156,176947,61,305066
40488,0.002294,172.31.40.0-255,66,177013,61,305066
40489,0.002299,74.125.68.0-255,5738,182751,61,305066
40490,0.002301,172.31.40.0-255,66,182817,61,305066
40491,0.002337,74.125.68.0-255,2184,185001,61,305066
40492,0.00234,172.31.40.0-255,66,185067,61,305066
40493,0.004608,74.125.68.0-255,2902,187969,61,305066
40494,0.004614,172.31.40.0-255,66,188035,61,305066
40495,0.004639,74.125.68.0-255,1484,189519,61,305066
40496,0.004651,74.125.68.0-255,1484,191003,61,305066
40497,0.004654,172.31.40.0-255,66,191069,61,305066
40498,0.006938,74.125.68.0-255,2902,193971,61,305066
40499,0.006945,172.31.40.0-255,66,194037,61,305066
40500,0.006967,74.125.68.0-255,2902,196939,61,305066
40501,0.00697,172.31.40.0-255,66,197005,61,305066
40502,0.009271,74.125.68.0-255,2902,199907,61,305066
40503,0.009276,172.31.40.0-255,66,199973,61,305066
40504,0.009299,74.125.68.0-255,2902,202875,61,305066
40505,0.009301,172.31.40.0-255,66,202941,61,305066
40506,0.0116,74.125.68.0-255,2902,205843,61,305066
40507,0.011608,172.31.40.0-255,66,205909,61,305066
40508,0.011639,74.125.68.0-255,2902,208811,61,305066
40509,0.011642,172.31.40.0-255,66,208877,61,305066
40510,0.013928,74.125.68.0-255,2902,211779,61,305066
40511,0.013934,172.31.40.0-255,66,211845,61,305066
40512,0.013956,74.125.68.0-255,2902,214747,61,305066
40513,0.013958,172.31.40.0-255,66,214813,61,305066
40514,0.016253,74.125.68.0-255,2902,217715,61,305066
40515,0.016261,172.31.40.0-255,66,217781,61,305066
40516,0.016281,74.125.68.0-255,2902,220683,61,305066
40517,0.016283,172.31.40.0-255,66,220749,61,305066
40518,0.018582,74.125.68.0-255,2902,223651,61,305066
40519,0.018589,172.31.40.0-255,66,223717,61,305066
40520,0.018604,74.125.68.0-255,2902,226619,61,305066
40521,0.018607,172.31.40.0-255,66,226685,61,305066
40522,0.020956,74.125.68.0-255,5738,232423,61,305066
40523,0.020964,172.31.40.0-255,66,232489,61,305066
40524,0.0233,74.125.68.0-255,5738,238227,61,305066
40525,0.023307,172.31.40.0-255,66,238293,61,305066
40526,0.025654,74.125.68.0-255,5738,244031,61,305066
40527,0.025668,172.31.40.0-255,66,244097,61,305066
40528,0.027996,74.125.68.0-255,5738,249835,61,305066
40529,0.028006,172.31.40.0-255,66,249901,61,305066
40530,0.030335,74.125.68.0-255,5738,255639,61,305066
40531,0.030342,172.31.40.0-255,66,255705,61,305066
40532,0.030943,172.31.40.0-255,172,255877,61,305066
40533,0.030976,172.31.40.0-255,1120,256997,61,305066
40534,0.031046,172.31.40.0-255,1514,258511,61,305066
40535,0.031048,172.31.40.0-255,1277,259788,61,305066
40536,0.032476,104.244.42.0-255,66,259854,61,305066
40537,0.032526,104.244.42.0-255,66,259920,61,305066
40538,0.03262,104.244.42.0-255,66,259986,61,305066
40539,0.032658,74.125.68.0-255,5738,265724,61,305066
40540,0.032663,172.31.40.0-255,66,265790,61,305066
40541,0.035,74.125.68.0-255,5738,271528,61,305066
40542,0.035006,172.31.40.0-255,66,271594,61,305066
40543,0.037335,74.125.68.0-255,5738,277332,61,305066
40544,0.037342,172.31.40.0-255,66,277398,61,305066
40545,0.039664,74.125.68.0-255,4320,281718,61,305066
40546,0.039671,172.31.40.0-255,66,281784,61,305066
40547,0.039691,74.125.68.0-255,1484,283268,61,305066
40548,0.041993,74.125.68.0-255,4320,287588,61,305066
40549,0.042001,172.31.40.0-255,66,287654,61,305066
40550,0.044332,74.125.68.0-255,5738,293392,61,305066
40551,0.044338,172.31.40.0-255,66,293458,61,305066
40552,0.046675,74.125.68.0-255,5738,299196,61,305066
40553,0.046684,172.31.40.0-255,66,299262,61,305066
40554,0.049019,74.125.68.0-255,5738,305000,61,305066
40555,0.049026,172.31.40.0-255,66,305066,61,305066
40556,0.0,172.217.194.0-255,299,299,61,164355
40557,2e-05,172.31.40.0-255,66,365,61,164355
40558,2.6e-05,172.217.194.0-255,1484,1849,61,164355
40559,3e-05,172.31.40.0-255,66,1915,61,164355
40560,3.7e-05,172.217.194.0-255,4320,6235,61,164355
40561,4.8e-05,172.31.40.0-255,66,6301,61,164355
40562,6.1e-05,172.31.40.0-255,66,6367,61,164355
40563,0.000116,172.31.40.0-255,66,6433,61,164355
40564,0.00012,172.217.194.0-255,2902,9335,61,164355
40565,0.000123,172.31.40.0-255,66,9401,61,164355
40566,0.000134,172.217.194.0-255,4320,13721,61,164355
40567,0.000136,172.31.40.0-255,66,13787,61,164355
40568,0.000143,172.217.194.0-255,5738,19525,61,164355
40569,0.000145,172.31.40.0-255,66,19591,61,164355
40570,0.000171,172.217.194.0-255,2902,22493,61,164355
40571,0.000177,172.31.40.0-255,66,22559,61,164355
40572,0.000181,172.217.194.0-255,1125,23684,61,164355
40573,0.000183,172.31.40.0-255,66,23750,61,164355
40574,0.000284,172.217.194.0-255,1484,25234,61,164355
40575,0.000288,172.31.40.0-255,66,25300,61,164355
40576,0.000293,172.217.194.0-255,2902,28202,61,164355
40577,0.000296,172.31.40.0-255,66,28268,61,164355
40578,0.000323,172.217.194.0-255,5738,34006,61,164355
40579,0.000325,172.31.40.0-255,66,34072,61,164355
40580,0.000355,172.217.194.0-255,6797,40869,61,164355
40581,0.000358,172.31.40.0-255,66,40935,61,164355
40582,0.000361,172.217.194.0-255,381,41316,61,164355
40583,0.000363,172.31.40.0-255,66,41382,61,164355
40584,0.000774,172.217.194.0-255,363,41745,61,164355
40585,0.000779,172.31.40.0-255,66,41811,61,164355
40586,0.000947,172.217.194.0-255,1484,43295,61,164355
40587,0.000963,172.217.194.0-255,2902,46197,61,164355
40588,0.000967,172.31.40.0-255,66,46263,61,164355
40589,0.000971,172.217.194.0-255,1484,47747,61,164355
40590,0.001003,172.217.194.0-255,4320,52067,61,164355
40591,0.001006,172.31.40.0-255,66,52133,61,164355
40592,0.001014,172.217.194.0-255,7156,59289,61,164355
40593,0.001016,172.31.40.0-255,66,59355,61,164355
40594,0.001056,172.217.194.0-255,4320,63675,61,164355
40595,0.001058,172.31.40.0-255,66,63741,61,164355
40596,0.001099,172.31.40.0-255,66,63807,61,164355
40597,0.001103,172.217.194.0-255,2184,65991,61,164355
40598,0.001105,172.31.40.0-255,66,66057,61,164355
40599,0.001838,172.217.194.0-255,1484,67541,61,164355
40600,0.001849,172.217.194.0-255,2902,70443,61,164355
40601,0.001853,172.31.40.0-255,66,70509,61,164355
40602,0.001861,172.217.194.0-255,5738,76247,61,164355
40603,0.001863,172.31.40.0-255,66,76313,61,164355
40604,0.001904,172.31.40.0-255,66,76379,61,164355
40605,0.001908,172.217.194.0-255,2902,79281,61,164355
40606,0.00191,172.31.40.0-255,66,79347,61,164355
40607,0.001943,172.31.40.0-255,66,79413,61,164355
40608,0.001967,172.217.194.0-255,1484,80897,61,164355
40609,0.001971,172.217.194.0-255,2902,83799,61,164355
40610,0.001973,172.31.40.0-255,66,83865,61,164355
40611,0.002001,172.217.194.0-255,5738,89603,61,164355
40612,0.002003,172.31.40.0-255,66,89669,61,164355
40613,0.002034,172.217.194.0-255,7156,96825,61,164355
40614,0.002036,172.31.40.0-255,66,96891,61,164355
40615,0.002072,172.31.40.0-255,66,96957,61,164355
40616,0.002077,172.217.194.0-255,2184,99141,61,164355
40617,0.002078,172.31.40.0-255,66,99207,61,164355
40618,0.002115,172.217.194.0-255,4320,103527,61,164355
40619,0.002118,172.31.40.0-255,66,103593,61,164355
40620,0.002152,172.31.40.0-255,66,103659,61,164355
40621,0.002179,172.31.40.0-255,66,103725,61,164355
40622,0.002205,172.217.194.0-255,3602,107327,61,164355
40623,0.002208,172.31.40.0-255,66,107393,61,164355
40624,0.002215,172.217.194.0-255,5738,113131,61,164355
40625,0.002218,172.31.40.0-255,66,113197,61,164355
40626,0.002263,172.31.40.0-255,66,113263,61,164355
40627,0.00228,172.31.40.0-255,66,113329,61,164355
40628,0.002286,172.217.194.0-255,4320,117649,61,164355
40629,0.002289,172.31.40.0-255,66,117715,61,164355
40630,0.002322,172.217.194.0-255,2184,119899,61,164355
40631,0.002325,172.31.40.0-255,66,119965,61,164355
40632,0.002727,172.217.194.0-255,1484,121449,61,164355
40633,0.002735,172.217.194.0-255,2902,124351,61,164355
40634,0.00274,172.31.40.0-255,66,124417,61,164355
40635,0.002747,172.217.194.0-255,4320,128737,61,164355
40636,0.00275,172.31.40.0-255,66,128803,61,164355
40637,0.002768,172.217.194.0-255,1484,130287,61,164355
40638,0.002771,172.217.194.0-255,1484,131771,61,164355
40639,0.002773,172.31.40.0-255,66,131837,61,164355
40640,0.002813,172.31.40.0-255,66,131903,61,164355
40641,0.002835,172.31.40.0-255,66,131969,61,164355
40642,0.003066,172.217.194.0-255,1484,133453,61,164355
40643,0.003073,172.217.194.0-255,2902,136355,61,164355
40644,0.003078,172.31.40.0-255,66,136421,61,164355
40645,0.003084,172.217.194.0-255,4320,140741,61,164355
40646,0.003087,172.31.40.0-255,66,140807,61,164355
40647,0.003111,172.217.194.0-255,1484,142291,61,164355
40648,0.003119,172.217.194.0-255,7156,149447,61,164355
40649,0.003122,172.31.40.0-255,66,149513,61,164355
40650,0.003157,172.217.194.0-255,5738,155251,61,164355
40651,0.003161,172.31.40.0-255,66,155317,61,164355
40652,0.003177,172.31.40.0-255,66,155383,61,164355
40653,0.003214,172.31.40.0-255,66,155449,61,164355
40654,0.003255,172.31.40.0-255,66,155515,61,164355
40655,0.003293,172.31.40.0-255,66,155581,61,164355
40656,0.003331,172.31.40.0-255,66,155647,61,164355
40657,0.003383,172.31.40.0-255,66,155713,61,164355
40658,0.003424,172.217.194.0-255,2902,158615,61,164355
40659,0.003427,172.31.40.0-255,66,158681,61,164355
40660,0.003463,172.31.40.0-255,66,158747,61,164355
40661,0.003507,172.31.40.0-255,66,158813,61,164355
40662,0.003542,172.31.40.0-255,66,158879,61,164355
40663,0.003571,172.217.194.0-255,5068,163947,61,164355
40664,0.003574,172.31.40.0-255,66,164013,61,164355
40665,0.003578,172.217.194.0-255,105,164118,61,164355
40666,0.013738,172.31.40.0-255,66,164184,61,164355
40667,0.013792,172.31.40.0-255,105,164289,61,164355
40668,0.016334,172.217.194.0-255,66,164355,61,164355
40669,0.0,172.217.194.0-255,146,146,61,207973
40670,2.5e-05,172.31.40.0-255,66,212,61,207973
40671,3.2e-05,172.217.194.0-255,1484,1696,61,207973
40672,3.7e-05,172.31.40.0-255,66,1762,61,207973
40673,4.4e-05,172.217.194.0-255,2902,4664,61,207973
40674,5.5e-05,172.31.40.0-255,66,4730,61,207973
40675,6.4e-05,172.217.194.0-255,7156,11886,61,207973
40676,6.8e-05,172.31.40.0-255,66,11952,61,207973
40677,7.2e-05,172.217.194.0-255,1993,13945,61,207973
40678,7.4e-05,172.31.40.0-255,66,14011,61,207973
40679,0.000141,172.217.194.0-255,1484,15495,61,207973
40680,0.000143,172.31.40.0-255,66,15561,61,207973
40681,0.000147,172.217.194.0-255,1484,17045,61,207973
40682,0.000149,172.31.40.0-255,66,17111,61,207973
40683,0.00018,172.217.194.0-255,1484,18595,61,207973
40684,0.000182,172.31.40.0-255,66,18661,61,207973
40685,0.000186,172.217.194.0-255,1484,20145,61,207973
40686,0.000188,172.31.40.0-255,66,20211,61,207973
40687,0.0002,172.217.194.0-255,5738,25949,61,207973
40688,0.000202,172.31.40.0-255,66,26015,61,207973
40689,0.000206,172.217.194.0-255,2902,28917,61,207973
40690,0.000209,172.31.40.0-255,66,28983,61,207973
40691,0.000255,172.31.40.0-255,66,29049,61,207973
40692,0.000269,172.31.40.0-255,66,29115,61,207973
40693,0.000277,172.217.194.0-255,7156,36271,61,207973
40694,0.000279,172.31.40.0-255,66,36337,61,207973
40695,0.000305,172.217.194.0-255,5630,41967,61,207973
40696,0.000308,172.31.40.0-255,66,42033,61,207973
40697,0.000408,172.217.194.0-255,1484,43517,61,207973
40698,0.000412,172.31.40.0-255,66,43583,61,207973
40699,0.000419,172.217.194.0-255,2902,46485,61,207973
40700,0.000421,172.31.40.0-255,66,46551,61,207973
40701,0.000433,172.217.194.0-255,5738,52289,61,207973
40702,0.000436,172.31.40.0-255,66,52355,61,207973
40703,0.00046,172.217.194.0-255,4320,56675,61,207973
40704,0.000466,172.31.40.0-255,66,56741,61,207973
40705,0.000506,172.31.40.0-255,66,56807,61,207973
40706,0.000524,172.31.40.0-255,66,56873,61,207973
40707,0.00109,172.217.194.0-255,1484,58357,61,207973
40708,0.001098,172.217.194.0-255,2902,61259,61,207973
40709,0.001101,172.31.40.0-255,66,61325,61,207973
40710,0.001132,172.217.194.0-255,5738,67063,61,207973
40711,0.001135,172.217.194.0-255,1484,68547,61,207973
40712,0.00114,172.31.40.0-255,66,68613,61,207973
40713,0.001166,172.217.194.0-255,5738,74351,61,207973
40714,0.001169,172.31.40.0-255,66,74417,61,207973
40715,0.00118,172.31.40.0-255,66,74483,61,207973
40716,0.001215,172.31.40.0-255,66,74549,61,207973
40717,0.002582,172.217.194.0-255,1484,76033,61,207973
40718,0.002595,172.217.194.0-255,2902,78935,61,207973
40719,0.0026,172.31.40.0-255,66,79001,61,207973
40720,0.002609,172.217.194.0-255,5738,84739,61,207973
40721,0.002612,172.31.40.0-255,66,84805,61,207973
40722,0.002618,172.217.194.0-255,5738,90543,61,207973
40723,0.002628,172.31.40.0-255,66,90609,61,207973
40724,0.002654,172.31.40.0-255,66,90675,61,207973
40725,0.002682,172.217.194.0-255,4320,94995,61,207973
40726,0.002685,172.31.40.0-255,66,95061,61,207973
40727,0.002691,172.217.194.0-255,5020,100081,61,207973
40728,0.002693,172.31.40.0-255,66,100147,61,207973
40729,0.005322,172.217.194.0-255,5738,105885,61,207973
40730,0.005329,172.31.40.0-255,66,105951,61,207973
40731,0.007967,172.217.194.0-255,5738,111689,61,207973
40732,0.007972,172.31.40.0-255,66,111755,61,207973
40733,0.010608,172.217.194.0-255,5738,117493,61,207973
40734,0.010616,172.31.40.0-255,66,117559,61,207973
40735,0.013285,172.217.194.0-255,5738,123297,61,207973
40736,0.013294,172.31.40.0-255,66,123363,61,207973
40737,0.015905,172.217.194.0-255,5738,129101,61,207973
40738,0.015912,172.31.40.0-255,66,129167,61,207973
40739,0.018543,172.217.194.0-255,5738,134905,61,207973
40740,0.018557,172.31.40.0-255,66,134971,61,207973
40741,0.021189,172.217.194.0-255,5738,140709,61,207973
40742,0.021197,172.31.40.0-255,66,140775,61,207973
40743,0.02385,172.217.194.0-255,5738,146513,61,207973
40744,0.023861,172.31.40.0-255,66,146579,61,207973
40745,0.026512,172.217.194.0-255,5738,152317,61,207973
40746,0.026521,172.31.40.0-255,66,152383,61,207973
40747,0.029147,172.217.194.0-255,5738,158121,61,207973
40748,0.029154,172.31.40.0-255,66,158187,61,207973
40749,0.031787,172.217.194.0-255,5738,163925,61,207973
40750,0.031793,172.31.40.0-255,66,163991,61,207973
40751,0.034434,172.217.194.0-255,5738,169729,61,207973
40752,0.034443,172.31.40.0-255,66,169795,61,207973
40753,0.036315,172.31.40.0-255,172,169967,61,207973
40754,0.036346,172.31.40.0-255,1120,171087,61,207973
40755,0.036413,172.31.40.0-255,1514,172601,61,207973
40756,0.036415,172.31.40.0-255,1514,174115,61,207973
40757,0.03642,172.31.40.0-255,1514,175629,61,207973
40758,0.036421,172.31.40.0-255,1514,177143,61,207973
40759,0.036446,172.31.40.0-255,1480,178623,61,207973
40760,0.037068,172.217.194.0-255,5738,184361,61,207973
40761,0.037074,172.31.40.0-255,66,184427,61,207973
40762,0.037863,104.244.42.0-255,66,184493,61,207973
40763,0.03792,104.244.42.0-255,66,184559,61,207973
40764,0.038028,104.244.42.0-255,66,184625,61,207973
40765,0.039722,172.217.194.0-255,5738,190363,61,207973
40766,0.039729,172.31.40.0-255,66,190429,61,207973
40767,0.04233,172.217.194.0-255,2902,193331,61,207973
40768,0.04234,172.31.40.0-255,66,193397,61,207973
40769,0.042353,172.217.194.0-255,2902,196299,61,207973
40770,0.042363,172.31.40.0-255,66,196365,61,207973
40771,0.044987,172.217.194.0-255,5738,202103,61,207973
40772,0.044997,172.31.40.0-255,66,202169,61,207973
40773,0.047649,172.217.194.0-255,5738,207907,61,207973
40774,0.04766,172.31.40.0-255,66,207973,61,207973
40775,0.0,172.31.40.0-255,105,105,61,105
40776,0.0,172.217.194.0-255,153,153,61,229385
40777,2.1e-05,172.31.40.0-255,66,219,61,229385
40778,2.7e-05,172.217.194.0-255,1484,1703,61,229385
40779,3.1e-05,172.31.40.0-255,66,1769,61,229385
40780,3.6e-05,172.217.194.0-255,2902,4671,61,229385
40781,4.6e-05,172.31.40.0-255,66,4737,61,229385
40782,5.4e-05,172.217.194.0-255,7156,11893,61,229385
40783,5.6e-05,172.31.40.0-255,66,11959,61,229385
40784,7.5e-05,172.217.194.0-255,2126,14085,61,229385
40785,8.1e-05,172.31.40.0-255,66,14151,61,229385
40786,0.000157,172.217.194.0-255,1484,15635,61,229385
40787,0.00016,172.31.40.0-255,66,15701,61,229385
40788,0.000165,172.217.194.0-255,2902,18603,61,229385
40789,0.000167,172.31.40.0-255,66,18669,61,229385
40790,0.000193,172.217.194.0-255,5738,24407,61,229385
40791,0.000196,172.31.40.0-255,66,24473,61,229385
40792,0.000225,172.217.194.0-255,6797,31270,61,229385
40793,0.000228,172.31.40.0-255,66,31336,61,229385
40794,0.000234,172.217.194.0-255,7156,38492,61,229385
40795,0.000236,172.31.40.0-255,66,38558,61,229385
40796,0.000275,172.31.40.0-255,66,38624,61,229385
40797,0.000302,172.217.194.0-255,5738,44362,61,229385
40798,0.000304,172.31.40.0-255,66,44428,61,229385
40799,0.000342,172.31.40.0-255,66,44494,61,229385
40800,0.000489,172.217.194.0-255,377,44871,61,229385
40801,0.000493,172.31.40.0-255,66,44937,61,229385
40802,0.000544,172.217.194.0-255,100,45037,61,229385
40803,0.000546,172.31.40.0-255,66,45103,61,229385
40804,0.00059,172.217.194.0-255,1484,46587,61,229385
40805,0.000593,172.217.194.0-255,1484,48071,61,229385
40806,0.000596,172.31.40.0-255,66,48137,61,229385
40807,0.000604,172.217.194.0-255,1484,49621,61,229385
40808,0.000608,172.31.40.0-255,66,49687,61,229385
40809,0.000622,172.217.194.0-255,7156,56843,61,229385
40810,0.000625,172.31.40.0-255,66,56909,61,229385
40811,0.000633,172.217.194.0-255,4320,61229,61,229385
40812,0.000636,172.31.40.0-255,66,61295,61,229385
40813,0.000664,172.217.194.0-255,4320,65615,61,229385
40814,0.000666,172.31.40.0-255,66,65681,61,229385
40815,0.000669,172.217.194.0-255,1484,67165,61,229385
40816,0.000699,172.31.40.0-255,66,67231,61,229385
40817,0.000701,172.217.194.0-255,364,67595,61,229385
40818,0.000877,172.217.194.0-255,1484,69079,61,229385
40819,0.000881,172.31.40.0-255,66,69145,61,229385
40820,0.000907,172.217.194.0-255,2902,72047,61,229385
40821,0.00091,172.31.40.0-255,66,72113,61,229385
40822,0.000917,172.217.194.0-255,5738,77851,61,229385
40823,0.000919,172.31.40.0-255,66,77917,61,229385
40824,0.000922,172.217.194.0-255,1484,79401,61,229385
40825,0.00097,172.31.40.0-255,66,79467,61,229385
40826,0.000988,172.31.40.0-255,66,79533,61,229385
40827,0.001049,172.217.194.0-255,1484,81017,61,229385
40828,0.001054,172.217.194.0-255,2902,83919,61,229385
40829,0.001057,172.31.40.0-255,66,83985,61,229385
40830,0.001085,172.217.194.0-255,5738,89723,61,229385
40831,0.001088,172.31.40.0-255,66,89789,61,229385
40832,0.001129,172.31.40.0-255,66,89855,61,229385
40833,0.001158,172.217.194.0-255,5738,95593,61,229385
40834,0.001162,172.31.40.0-255,66,95659,61,229385
40835,0.001188,172.217.194.0-255,5020,100679,61,229385
40836,0.001191,172.31.40.0-255,66,100745,61,229385
40837,0.00121,172.217.194.0-255,5738,106483,61,229385
40838,0.001213,172.31.40.0-255,66,106549,61,229385
40839,0.001243,172.217.194.0-255,5738,112287,61,229385
40840,0.001258,172.31.40.0-255,66,112353,61,229385
40841,0.001261,172.31.40.0-255,66,112419,61,229385
40842,0.001303,172.31.40.0-255,66,112485,61,229385
40843,0.001342,172.217.194.0-255,1484,113969,61,229385
40844,0.001354,172.217.194.0-255,2902,116871,61,229385
40845,0.001357,172.31.40.0-255,66,116937,61,229385
40846,0.001362,172.217.194.0-255,2902,119839,61,229385
40847,0.001364,172.31.40.0-255,66,119905,61,229385
40848,0.001384,172.217.194.0-255,2902,122807,61,229385
40849,0.001394,172.31.40.0-255,66,122873,61,229385
40850,0.001402,172.217.194.0-255,7156,130029,61,229385
40851,0.001405,172.31.40.0-255,66,130095,61,229385
40852,0.001442,172.217.194.0-255,5738,135833,61,229385
40853,0.001445,172.31.40.0-255,66,135899,61,229385
40854,0.00146,172.31.40.0-255,66,135965,61,229385
40855,0.001504,172.217.194.0-255,2184,138149,61,229385
40856,0.001507,172.31.40.0-255,66,138215,61,229385
40857,0.001666,172.217.194.0-255,1484,139699,61,229385
40858,0.001673,172.217.194.0-255,2902,142601,61,229385
40859,0.001676,172.31.40.0-255,66,142667,61,229385
40860,0.001704,172.217.194.0-255,5738,148405,61,229385
40861,0.001708,172.31.40.0-255,66,148471,61,229385
40862,0.001739,172.217.194.0-255,5738,154209,61,229385
40863,0.001742,172.31.40.0-255,66,154275,61,229385
40864,0.001758,172.217.194.0-255,7156,161431,61,229385
40865,0.001761,172.31.40.0-255,66,161497,61,229385
40866,0.001768,172.217.194.0-255,5738,167235,61,229385
40867,0.001771,172.31.40.0-255,66,167301,61,229385
40868,0.001794,172.217.194.0-255,5020,172321,61,229385
40869,0.001802,172.31.40.0-255,66,172387,61,229385
40870,0.001829,172.217.194.0-255,1484,173871,61,229385
40871,0.001832,172.217.194.0-255,1484,175355,61,229385
40872,0.001834,172.31.40.0-255,66,175421,61,229385
40873,0.001861,172.217.194.0-255,1484,176905,61,229385
40874,0.001868,172.217.194.0-255,5738,182643,61,229385
40875,0.001871,172.31.40.0-255,66,182709,61,229385
40876,0.001913,172.217.194.0-255,2902,185611,61,229385
40877,0.001916,172.31.40.0-255,66,185677,61,229385
40878,0.001947,172.31.40.0-255,66,185743,61,229385
40879,0.001967,172.31.40.0-255,66,185809,61,229385
40880,0.001981,172.31.40.0-255,66,185875,61,229385
40881,0.002029,172.31.40.0-255,66,185941,61,229385
40882,0.002067,172.31.40.0-255,66,186007,61,229385
40883,0.002092,172.31.40.0-255,66,186073,61,229385
40884,0.002135,172.217.194.0-255,2184,188257,61,229385
40885,0.002141,172.217.194.0-255,5738,193995,61,229385
40886,0.002147,172.31.40.0-255,66,194061,61,229385
40887,0.003944,172.31.40.0-255,101,194162,61,229385
40888,0.004148,172.217.194.0-255,2902,197064,61,229385
40889,0.004153,172.31.40.0-255,66,197130,61,229385
40890,0.004184,172.217.194.0-255,2902,200032,61,229385
40891,0.004186,172.31.40.0-255,66,200098,61,229385
40892,0.005932,172.217.194.0-255,66,200164,61,229385
40893,0.006163,172.217.194.0-255,2902,203066,61,229385
40894,0.006169,172.31.40.0-255,66,203132,61,229385
40895,0.006195,172.217.194.0-255,2902,206034,61,229385
40896,0.006197,172.31.40.0-255,66,206100,61,229385
40897,0.008186,172.217.194.0-255,2902,209002,61,229385
40898,0.008193,172.31.40.0-255,66,209068,61,229385
40899,0.008227,172.217.194.0-255,2902,211970,61,229385
40900,0.00823,172.31.40.0-255,66,212036,61,229385
40901,0.010203,172.217.194.0-255,2902,214938,61,229385
40902,0.01021,172.31.40.0-255,66,215004,61,229385
40903,0.010242,172.217.194.0-255,2902,217906,61,229385
40904,0.010245,172.31.40.0-255,66,217972,61,229385
40905,0.012255,172.217.194.0-255,5738,223710,61,229385
40906,0.012258,172.31.40.0-255,66,223776,61,229385
40907,0.014236,172.217.194.0-255,985,224761,61,229385
40908,0.020721,172.31.40.0-255,105,224866,61,229385
40909,0.027124,172.217.194.0-255,66,224932,61,229385
40910,0.037,172.31.40.0-255,172,225104,61,229385
40911,0.037031,172.31.40.0-255,1115,226219,61,229385
40912,0.037092,172.31.40.0-255,1514,227733,61,229385
40913,0.037094,172.31.40.0-255,1454,229187,61,229385
40914,0.038554,104.244.42.0-255,66,229253,61,229385
40915,0.038592,104.244.42.0-255,66,229319,61,229385
40916,0.03869,104.244.42.0-255,66,229385,61,229385
40917,0.0,172.31.40.0-255,296,296,61,362
40918,0.001564,104.244.42.0-255,66,362,61,362
40919,0.0,172.217.194.0-255,152,152,61,192154
40920,2.5e-05,172.31.40.0-255,66,218,61,192154
40921,3.2e-05,172.217.194.0-255,1484,1702,61,192154
40922,3.6e-05,172.31.40.0-255,66,1768,61,192154
40923,4.2e-05,172.217.194.0-255,2902,4670,61,192154
40924,5.4e-05,172.31.40.0-255,66,4736,61,192154
40925,6.1e-05,172.217.194.0-255,5738,10474,61,192154
40926,6.4e-05,172.31.40.0-255,66,10540,61,192154
40927,0.000104,172.217.194.0-255,6372,16912,61,192154
40928,0.000108,172.31.40.0-255,66,16978,61,192154
40929,0.000114,172.217.194.0-255,5738,22716,61,192154
40930,0.000117,172.31.40.0-255,66,22782,61,192154
40931,0.000125,172.217.194.0-255,7156,29938,61,192154
40932,0.000127,172.31.40.0-255,66,30004,61,192154
40933,0.000143,172.217.194.0-255,7156,37160,61,192154
40934,0.000147,172.31.40.0-255,66,37226,61,192154
40935,0.000164,172.31.40.0-255,66,37292,61,192154
40936,0.000211,172.217.194.0-255,1484,38776,61,192154
40937,0.000213,172.31.40.0-255,66,38842,61,192154
40938,0.000242,172.217.194.0-255,2902,41744,61,192154
40939,0.000245,172.31.40.0-255,66,41810,61,192154
40940,0.000251,172.217.194.0-255,5738,47548,61,192154
40941,0.000254,172.31.40.0-255,66,47614,61,192154
40942,0.00026,172.217.194.0-255,5738,53352,61,192154
40943,0.000262,172.31.40.0-255,66,53418,61,192154
40944,0.000286,172.217.194.0-255,1416,54834,61,192154
40945,0.000289,172.31.40.0-255,66,54900,61,192154
40946,0.000333,172.217.194.0-255,365,55265,61,192154
40947,0.000336,172.31.40.0-255,66,55331,61,192154
40948,0.000543,172.217.194.0-255,1484,56815,61,192154
40949,0.000548,172.217.194.0-255,2902,59717,61,192154
40950,0.000554,172.31.40.0-255,66,59783,61,192154
40951,0.000559,172.31.40.0-255,66,59849,61,192154
40952,0.000585,172.217.194.0-255,5738,65587,61,192154
40953,0.000588,172.31.40.0-255,66,65653,61,192154
40954,0.000593,172.217.194.0-255,2902,68555,61,192154
40955,0.000595,172.31.40.0-255,66,68621,61,192154
40956,0.000614,172.31.40.0-255,66,68687,61,192154
40957,0.000625,172.217.194.0-255,5738,74425,61,192154
40958,0.000627,172.31.40.0-255,66,74491,61,192154
40959,0.000658,172.217.194.0-255,6438,80929,61,192154
40960,0.000661,172.31.40.0-255,66,80995,61,192154
40961,0.00116,172.217.194.0-255,1484,82479,61,192154
40962,0.001167,172.217.194.0-255,2902,85381,61,192154
40963,0.001171,172.31.40.0-255,66,85447,61,192154
40964,0.001177,172.217.194.0-255,4320,89767,61,192154
40965,0.00118,172.31.40.0-255,66,89833,61,192154
40966,0.001198,172.217.194.0-255,1484,91317,61,192154
40967,0.001207,172.217.194.0-255,7156,98473,61,192154
40968,0.00121,172.31.40.0-255,66,98539,61,192154
40969,0.001235,172.217.194.0-255,5738,104277,61,192154
40970,0.001238,172.31.40.0-255,66,104343,61,192154
40971,0.001294,172.31.40.0-255,66,104409,61,192154
40972,0.001307,172.31.40.0-255,66,104475,61,192154
40973,0.001318,172.31.40.0-255,66,104541,61,192154
40974,0.001351,172.217.194.0-255,4320,108861,61,192154
40975,0.001354,172.31.40.0-255,66,108927,61,192154
40976,0.001362,172.217.194.0-255,5738,114665,61,192154
40977,0.001364,172.31.40.0-255,66,114731,61,192154
40978,0.001388,172.217.194.0-255,3602,118333,61,192154
40979,0.001391,172.31.40.0-255,66,118399,61,192154
40980,0.001431,172.31.40.0-255,66,118465,61,192154
40981,0.001441,172.31.40.0-255,66,118531,61,192154
40982,0.001475,172.217.194.0-255,4320,122851,61,192154
40983,0.001482,172.31.40.0-255,66,122917,61,192154
40984,0.001517,172.31.40.0-255,66,122983,61,192154
40985,0.001594,172.217.194.0-255,1484,124467,61,192154
40986,0.0016,172.217.194.0-255,2902,127369,61,192154
40987,0.001603,172.31.40.0-255,66,127435,61,192154
40988,0.001607,172.217.194.0-255,2902,130337,61,192154
40989,0.001609,172.31.40.0-255,66,130403,61,192154
40990,0.001642,172.217.194.0-255,2902,133305,61,192154
40991,0.001645,172.31.40.0-255,66,133371,61,192154
40992,0.001656,172.31.40.0-255,66,133437,61,192154
40993,0.00168,172.217.194.0-255,7156,140593,61,192154
40994,0.001684,172.31.40.0-255,66,140659,61,192154
40995,0.001711,172.217.194.0-255,6438,147097,61,192154
40996,0.001715,172.31.40.0-255,66,147163,61,192154
40997,0.001729,172.31.40.0-255,66,147229,61,192154
40998,0.001746,172.31.40.0-255,66,147295,61,192154
40999,0.001774,172.217.194.0-255,1484,148779,61,192154
41000,0.001778,172.217.194.0-255,1484,150263,61,192154
41001,0.00178,172.31.40.0-255,66,150329,61,192154
41002,0.001814,172.31.40.0-255,66,150395,61,192154
41003,0.001911,172.217.194.0-255,1484,151879,61,192154
41004,0.001931,172.217.194.0-255,2902,154781,61,192154
41005,0.001935,172.31.40.0-255,66,154847,61,192154
41006,0.001941,172.217.194.0-255,5738,160585,61,192154
41007,0.001944,172.31.40.0-255,66,160651,61,192154
41008,0.00198,172.31.40.0-255,66,160717,61,192154
41009,0.002007,172.217.194.0-255,4320,165037,61,192154
41010,0.002022,172.31.40.0-255,66,165103,61,192154
41011,0.00203,172.31.40.0-255,66,165169,61,192154
41012,0.002047,172.217.194.0-255,1484,166653,61,192154
41013,0.002052,172.217.194.0-255,2902,169555,61,192154
41014,0.002058,172.31.40.0-255,66,169621,61,192154
41015,0.002094,172.217.194.0-255,1484,171105,61,192154
41016,0.00212,172.217.194.0-255,4320,175425,61,192154
41017,0.002123,172.31.40.0-255,66,175491,61,192154
41018,0.002135,172.31.40.0-255,66,175557,61,192154
41019,0.00214,172.217.194.0-255,4320,179877,61,192154
41020,0.00218,172.217.194.0-255,3602,183479,61,192154
41021,0.002208,172.31.40.0-255,66,183545,61,192154
41022,0.002224,172.31.40.0-255,66,183611,61,192154
41023,0.002298,172.217.194.0-255,105,183716,61,192154
41024,0.002301,172.31.40.0-255,66,183782,61,192154
41025,0.012886,172.31.40.0-255,66,183848,61,192154
41026,0.012939,172.31.40.0-255,105,183953,61,192154
41027,0.015259,172.217.194.0-255,66,184019,61,192154
41028,0.031913,172.31.40.0-255,172,184191,61,192154
41029,0.031953,172.31.40.0-255,1115,185306,61,192154
41030,0.032023,172.31.40.0-255,1514,186820,61,192154
41031,0.032025,172.31.40.0-255,1514,188334,61,192154
41032,0.032026,172.31.40.0-255,1514,189848,61,192154
41033,0.032028,172.31.40.0-255,1514,191362,61,192154
41034,0.032028,172.31.40.0-255,528,191890,61,192154
41035,0.033464,104.244.42.0-255,66,191956,61,192154
41036,0.033519,104.244.42.0-255,66,192022,61,192154
41037,0.033605,104.244.42.0-255,66,192088,61,192154
41038,0.03361,104.244.42.0-255,66,192154,61,192154
41039,0.0,74.125.130.0-255,146,146,61,290020
41040,2.1e-05,172.31.40.0-255,66,212,61,290020
41041,2.9e-05,74.125.130.0-255,1484,1696,61,290020
41042,3.3e-05,172.31.40.0-255,66,1762,61,290020
41043,3.9e-05,74.125.130.0-255,2902,4664,61,290020
41044,4.9e-05,172.31.40.0-255,66,4730,61,290020
41045,5.3e-05,74.125.130.0-255,2902,7632,61,290020
41046,5.7e-05,172.31.40.0-255,66,7698,61,290020
41047,6.3e-05,74.125.130.0-255,4320,12018,61,290020
41048,6.6e-05,172.31.40.0-255,66,12084,61,290020
41049,9.4e-05,74.125.130.0-255,2039,14123,61,290020
41050,9.8e-05,172.31.40.0-255,66,14189,61,290020
41051,0.000155,74.125.130.0-255,1484,15673,61,290020
41052,0.000158,172.31.40.0-255,66,15739,61,290020
41053,0.000177,74.125.130.0-255,2902,18641,61,290020
41054,0.000179,172.31.40.0-255,66,18707,61,290020
41055,0.000183,74.125.130.0-255,2902,21609,61,290020
41056,0.000185,172.31.40.0-255,66,21675,61,290020
41057,0.000188,74.125.130.0-255,1484,23159,61,290020
41058,0.00019,172.31.40.0-255,66,23225,61,290020
41059,0.000217,74.125.130.0-255,2902,26127,61,290020
41060,0.000224,172.31.40.0-255,66,26193,61,290020
41061,0.000252,74.125.130.0-255,5379,31572,61,290020
41062,0.000255,172.31.40.0-255,66,31638,61,290020
41063,0.000418,74.125.130.0-255,1484,33122,61,290020
41064,0.000422,172.31.40.0-255,66,33188,61,290020
41065,0.000427,74.125.130.0-255,1484,34672,61,290020
41066,0.000429,172.31.40.0-255,66,34738,61,290020
41067,0.000453,74.125.130.0-255,1484,36222,61,290020
41068,0.000456,172.31.40.0-255,66,36288,61,290020
41069,0.000459,74.125.130.0-255,1484,37772,61,290020
41070,0.000462,172.31.40.0-255,66,37838,61,290020
41071,0.000466,74.125.130.0-255,2902,40740,61,290020
41072,0.000473,172.31.40.0-255,66,40806,61,290020
41073,0.00048,74.125.130.0-255,5738,46544,61,290020
41074,0.000483,172.31.40.0-255,66,46610,61,290020
41075,0.000516,74.125.130.0-255,6797,53407,61,290020
41076,0.000519,172.31.40.0-255,66,53473,61,290020
41077,0.00053,74.125.130.0-255,7156,60629,61,290020
41078,0.000533,172.31.40.0-255,66,60695,61,290020
41079,0.000569,74.125.130.0-255,5379,66074,61,290020
41080,0.000572,172.31.40.0-255,66,66140,61,290020
41081,0.000575,74.125.130.0-255,363,66503,61,290020
41082,0.000613,74.125.130.0-255,381,66884,61,290020
41083,0.000822,74.125.130.0-255,1484,68368,61,290020
41084,0.000827,172.31.40.0-255,66,68434,61,290020
41085,0.00085,74.125.130.0-255,1484,69918,61,290020
41086,0.000869,74.125.130.0-255,2902,72820,61,290020
41087,0.000871,172.31.40.0-255,66,72886,61,290020
41088,0.000879,74.125.130.0-255,5738,78624,61,290020
41089,0.000881,172.31.40.0-255,66,78690,61,290020
41090,0.000909,74.125.130.0-255,5738,84428,61,290020
41091,0.000911,172.31.40.0-255,66,84494,61,290020
41092,0.000918,74.125.130.0-255,7156,91650,61,290020
41093,0.00092,172.31.40.0-255,66,91716,61,290020
41094,0.000975,172.31.40.0-255,66,91782,61,290020
41095,0.001214,74.125.130.0-255,1484,93266,61,290020
41096,0.00122,74.125.130.0-255,2902,96168,61,290020
41097,0.001224,172.31.40.0-255,66,96234,61,290020
41098,0.001228,74.125.130.0-255,1484,97718,61,290020
41099,0.001254,74.125.130.0-255,4320,102038,61,290020
41100,0.001256,172.31.40.0-255,66,102104,61,290020
41101,0.001263,74.125.130.0-255,5738,107842,61,290020
41102,0.001265,172.31.40.0-255,66,107908,61,290020
41103,0.001284,74.125.130.0-255,1484,109392,61,290020
41104,0.001295,172.31.40.0-255,66,109458,61,290020
41105,0.001299,74.125.130.0-255,2902,112360,61,290020
41106,0.001302,172.31.40.0-255,66,112426,61,290020
41107,0.001329,74.125.130.0-255,4320,116746,61,290020
41108,0.001332,172.31.40.0-255,66,116812,61,290020
41109,0.001334,74.125.130.0-255,766,117578,61,290020
41110,0.001791,74.125.130.0-255,1484,119062,61,290020
41111,0.001796,172.31.40.0-255,66,119128,61,290020
41112,0.001822,74.125.130.0-255,1484,120612,61,290020
41113,0.001828,74.125.130.0-255,2902,123514,61,290020
41114,0.00183,172.31.40.0-255,66,123580,61,290020
41115,0.001862,74.125.130.0-255,5738,129318,61,290020
41116,0.001865,172.31.40.0-255,66,129384,61,290020
41117,0.001869,74.125.130.0-255,2902,132286,61,290020
41118,0.001871,172.31.40.0-255,66,132352,61,290020
41119,0.001881,74.125.130.0-255,4320,136672,61,290020
41120,0.001883,172.31.40.0-255,66,136738,61,290020
41121,0.001927,172.31.40.0-255,66,136804,61,290020
41122,0.001931,74.125.130.0-255,2902,139706,61,290020
41123,0.001933,172.31.40.0-255,66,139772,61,290020
41124,0.001938,74.125.130.0-255,3602,143374,61,290020
41125,0.001945,172.31.40.0-255,66,143440,61,290020
41126,0.002061,74.125.130.0-255,1484,144924,61,290020
41127,0.002066,74.125.130.0-255,1484,146408,61,290020
41128,0.002068,172.31.40.0-255,66,146474,61,290020
41129,0.002095,74.125.130.0-255,1484,147958,61,290020
41130,0.002103,74.125.130.0-255,5738,153696,61,290020
41131,0.002105,172.31.40.0-255,66,153762,61,290020
41132,0.002143,172.31.40.0-255,66,153828,61,290020
41133,0.002154,172.31.40.0-255,66,153894,61,290020
41134,0.002185,74.125.130.0-255,1484,155378,61,290020
41135,0.002191,74.125.130.0-255,5020,160398,61,290020
41136,0.002195,172.31.40.0-255,66,160464,61,290020
41137,0.004429,74.125.130.0-255,5738,166202,61,290020
41138,0.004436,172.31.40.0-255,66,166268,61,290020
41139,0.006669,74.125.130.0-255,5738,172006,61,290020
41140,0.006673,172.31.40.0-255,66,172072,61,290020
41141,0.00891,74.125.130.0-255,5738,177810,61,290020
41142,0.008916,172.31.40.0-255,66,177876,61,290020
41143,0.011148,74.125.130.0-255,4320,182196,61,290020
41144,0.011156,172.31.40.0-255,66,182262,61,290020
41145,0.011182,74.125.130.0-255,1484,183746,61,290020
41146,0.013392,74.125.130.0-255,4320,188066,61,290020
41147,0.0134,172.31.40.0-255,66,188132,61,290020
41148,0.015639,74.125.130.0-255,5738,193870,61,290020
41149,0.015648,172.31.40.0-255,66,193936,61,290020
41150,0.017882,74.125.130.0-255,5738,199674,61,290020
41151,0.017889,172.31.40.0-255,66,199740,61,290020
41152,0.020143,74.125.130.0-255,5738,205478,61,290020
41153,0.02015,172.31.40.0-255,66,205544,61,290020
41154,0.022391,74.125.130.0-255,5738,211282,61,290020
41155,0.022397,172.31.40.0-255,66,211348,61,290020
41156,0.024659,74.125.130.0-255,5738,217086,61,290020
41157,0.024676,172.31.40.0-255,66,217152,61,290020
41158,0.026943,74.125.130.0-255,5738,222890,61,290020
41159,0.026959,172.31.40.0-255,66,222956,61,290020
41160,0.0292,74.125.130.0-255,5738,228694,61,290020
41161,0.02921,172.31.40.0-255,66,228760,61,290020
41162,0.031497,74.125.130.0-255,5738,234498,61,290020
41163,0.031507,172.31.40.0-255,66,234564,61,290020
41164,0.033767,74.125.130.0-255,5738,240302,61,290020
41165,0.033774,172.31.40.0-255,66,240368,61,290020
41166,0.036044,74.125.130.0-255,5738,246106,61,290020
41167,0.036062,172.31.40.0-255,66,246172,61,290020
41168,0.038307,74.125.130.0-255,5738,251910,61,290020
41169,0.038315,172.31.40.0-255,66,251976,61,290020
41170,0.040568,74.125.130.0-255,5738,257714,61,290020
41171,0.040585,172.31.40.0-255,66,257780,61,290020
41172,0.042831,74.125.130.0-255,5738,263518,61,290020
41173,0.042838,172.31.40.0-255,66,263584,61,290020
41174,0.043887,172.31.40.0-255,172,263756,61,290020
41175,0.043915,172.31.40.0-255,1120,264876,61,290020
41176,0.04397,172.31.40.0-255,1514,266390,61,290020
41177,0.043971,172.31.40.0-255,1514,267904,61,290020
41178,0.043972,172.31.40.0-255,1514,269418,61,290020
41179,0.043973,172.31.40.0-255,1514,270932,61,290020
41180,0.044002,172.31.40.0-255,1478,272410,61,290020
41181,0.045081,74.125.130.0-255,5738,278148,61,290020
41182,0.045088,172.31.40.0-255,66,278214,61,290020
41183,0.045402,104.244.42.0-255,66,278280,61,290020
41184,0.045448,104.244.42.0-255,66,278346,61,290020
41185,0.045561,104.244.42.0-255,66,278412,61,290020
41186,0.047329,74.125.130.0-255,5738,284150,61,290020
41187,0.047336,172.31.40.0-255,66,284216,61,290020
41188,0.049597,74.125.130.0-255,5738,289954,61,290020
41189,0.049616,172.31.40.0-255,66,290020,61,290020
41190,0.0,74.125.200.0-255,149,149,61,205287
41191,1.4e-05,172.31.40.0-255,66,215,61,205287
41192,5e-05,74.125.200.0-255,1484,1699,61,205287
41193,5.5e-05,172.31.40.0-255,66,1765,61,205287
41194,6e-05,74.125.200.0-255,2902,4667,61,205287
41195,6.3e-05,172.31.40.0-255,66,4733,61,205287
41196,8.6e-05,74.125.200.0-255,5738,10471,61,205287
41197,8.9e-05,172.31.40.0-255,66,10537,61,205287
41198,0.000147,74.125.200.0-255,4320,14857,61,205287
41199,0.000149,172.31.40.0-255,66,14923,61,205287
41200,0.000176,74.125.200.0-255,2010,16933,61,205287
41201,0.000179,172.31.40.0-255,66,16999,61,205287
41202,0.000245,74.125.200.0-255,1484,18483,61,205287
41203,0.000248,172.31.40.0-255,66,18549,61,205287
41204,0.000274,172.31.40.0-255,66,18615,61,205287
41205,0.000399,74.125.200.0-255,1484,20099,61,205287
41206,0.000403,172.31.40.0-255,66,20165,61,205287
41207,0.00043,74.125.200.0-255,2543,22708,61,205287
41208,0.000434,172.31.40.0-255,66,22774,61,205287
41209,0.000461,74.125.200.0-255,4320,27094,61,205287
41210,0.000464,172.31.40.0-255,66,27160,61,205287
41211,0.000491,74.125.200.0-255,1484,28644,61,205287
41212,0.000494,172.31.40.0-255,66,28710,61,205287
41213,0.000539,74.125.200.0-255,4320,33030,61,205287
41214,0.000542,172.31.40.0-255,66,33096,61,205287
41215,0.000569,74.125.200.0-255,5379,38475,61,205287
41216,0.000572,172.31.40.0-255,66,38541,61,205287
41217,0.000691,74.125.200.0-255,5738,44279,61,205287
41218,0.000696,172.31.40.0-255,66,44345,61,205287
41219,0.000714,74.125.200.0-255,4320,48665,61,205287
41220,0.000717,172.31.40.0-255,66,48731,61,205287
41221,0.000828,74.125.200.0-255,4320,53051,61,205287
41222,0.000848,74.125.200.0-255,2543,55594,61,205287
41223,0.000858,172.31.40.0-255,66,55660,61,205287
41224,0.000937,74.125.200.0-255,7156,62816,61,205287
41225,0.000975,172.31.40.0-255,66,62882,61,205287
41226,0.001171,74.125.200.0-255,2902,65784,61,205287
41227,0.001175,172.31.40.0-255,66,65850,61,205287
41228,0.001216,172.31.40.0-255,66,65916,61,205287
41229,0.001437,74.125.200.0-255,5738,71654,61,205287
41230,0.001441,172.31.40.0-255,66,71720,61,205287
41231,0.001511,172.31.40.0-255,66,71786,61,205287
41232,0.001565,172.31.40.0-255,66,71852,61,205287
41233,0.001865,74.125.200.0-255,4320,76172,61,205287
41234,0.001869,172.31.40.0-255,66,76238,61,205287
41235,0.001944,172.31.40.0-255,66,76304,61,205287
41236,0.002142,74.125.200.0-255,5738,82042,61,205287
41237,0.002146,172.31.40.0-255,66,82108,61,205287
41238,0.00223,172.31.40.0-255,66,82174,61,205287
41239,0.002564,74.125.200.0-255,5020,87194,61,205287
41240,0.002569,172.31.40.0-255,66,87260,61,205287
41241,0.004554,74.125.200.0-255,5738,92998,61,205287
41242,0.007752,172.31.40.0-255,66,93064,61,205287
41243,0.009767,74.125.200.0-255,5738,98802,61,205287
41244,0.009774,172.31.40.0-255,66,98868,61,205287
41245,0.011779,74.125.200.0-255,5738,104606,61,205287
41246,0.016063,172.31.40.0-255,66,104672,61,205287
41247,0.018077,74.125.200.0-255,5738,110410,61,205287
41248,0.018089,172.31.40.0-255,66,110476,61,205287
41249,0.020079,74.125.200.0-255,5738,116214,61,205287
41250,0.020087,172.31.40.0-255,66,116280,61,205287
41251,0.02209,74.125.200.0-255,5738,122018,61,205287
41252,0.022097,172.31.40.0-255,66,122084,61,205287
41253,0.02409,74.125.200.0-255,5738,127822,61,205287
41254,0.024097,172.31.40.0-255,66,127888,61,205287
41255,0.026099,74.125.200.0-255,5738,133626,61,205287
41256,0.026107,172.31.40.0-255,66,133692,61,205287
41257,0.028097,74.125.200.0-255,5738,139430,61,205287
41258,0.028105,172.31.40.0-255,66,139496,61,205287
41259,0.028327,172.31.40.0-255,172,139668,61,205287
41260,0.028357,172.31.40.0-255,1116,140784,61,205287
41261,0.028486,172.31.40.0-255,1514,142298,61,205287
41262,0.028488,172.31.40.0-255,1514,143812,61,205287
41263,0.028489,172.31.40.0-255,1514,145326,61,205287
41264,0.02852,172.31.40.0-255,1483,146809,61,205287
41265,0.029923,104.244.42.0-255,66,146875,61,205287
41266,0.029951,104.244.42.0-255,66,146941,61,205287
41267,0.030097,74.125.200.0-255,5738,152679,61,205287
41268,0.030103,172.31.40.0-255,66,152745,61,205287
41269,0.030135,104.244.42.0-255,66,152811,61,205287
41270,0.030219,104.244.42.0-255,66,152877,61,205287
41271,0.031023,104.244.42.0-255,108,152985,61,205287
41272,0.031033,172.31.40.0-255,66,153051,61,205287
41273,0.032106,74.125.200.0-255,5738,158789,61,205287
41274,0.032113,172.31.40.0-255,66,158855,61,205287
41275,0.034121,74.125.200.0-255,5738,164593,61,205287
41276,0.035774,172.31.40.0-255,66,164659,61,205287
41277,0.037792,74.125.200.0-255,5738,170397,61,205287
41278,0.037809,172.31.40.0-255,66,170463,61,205287
41279,0.039831,74.125.200.0-255,5738,176201,61,205287
41280,0.039847,172.31.40.0-255,66,176267,61,205287
41281,0.041855,74.125.200.0-255,5738,182005,61,205287
41282,0.04187,172.31.40.0-255,66,182071,61,205287
41283,0.04387,74.125.200.0-255,5738,187809,61,205287
41284,0.043884,172.31.40.0-255,66,187875,61,205287
41285,0.045901,74.125.200.0-255,5738,193613,61,205287
41286,0.045915,172.31.40.0-255,66,193679,61,205287
41287,0.047925,74.125.200.0-255,5738,199417,61,205287
41288,0.047943,172.31.40.0-255,66,199483,61,205287
41289,0.049951,74.125.200.0-255,5738,205221,61,205287
41290,0.049965,172.31.40.0-255,66,205287,61,205287
41291,0.0,172.217.194.0-255,152,152,61,282545
41292,3.3e-05,172.31.40.0-255,66,218,61,282545
41293,4e-05,172.217.194.0-255,1484,1702,61,282545
41294,4.5e-05,172.31.40.0-255,66,1768,61,282545
41295,4.9e-05,172.217.194.0-255,2902,4670,61,282545
41296,5.2e-05,172.31.40.0-255,66,4736,61,282545
41297,6e-05,172.217.194.0-255,7156,11892,61,282545
41298,6.3e-05,172.31.40.0-255,66,11958,61,282545
41299,6.7e-05,172.217.194.0-255,2021,13979,61,282545
41300,7e-05,172.31.40.0-255,66,14045,61,282545
41301,9.3e-05,172.217.194.0-255,1484,15529,61,282545
41302,9.7e-05,172.31.40.0-255,66,15595,61,282545
41303,0.000115,172.217.194.0-255,1484,17079,61,282545
41304,0.000117,172.31.40.0-255,66,17145,61,282545
41305,0.000125,172.217.194.0-255,7156,24301,61,282545
41306,0.000128,172.31.40.0-255,66,24367,61,282545
41307,0.000133,172.217.194.0-255,4320,28687,61,282545
41308,0.000135,172.31.40.0-255,66,28753,61,282545
41309,0.000163,172.217.194.0-255,2543,31296,61,282545
41310,0.000167,172.31.40.0-255,66,31362,61,282545
41311,0.000199,172.217.194.0-255,1484,32846,61,282545
41312,0.000202,172.31.40.0-255,66,32912,61,282545
41313,0.000207,172.217.194.0-255,2902,35814,61,282545
41314,0.00021,172.31.40.0-255,66,35880,61,282545
41315,0.00024,172.217.194.0-255,5738,41618,61,282545
41316,0.000244,172.31.40.0-255,66,41684,61,282545
41317,0.000252,172.217.194.0-255,6797,48481,61,282545
41318,0.000254,172.31.40.0-255,66,48547,61,282545
41319,0.00029,172.31.40.0-255,66,48613,61,282545
41320,0.000295,172.217.194.0-255,2543,51156,61,282545
41321,0.000298,172.31.40.0-255,66,51222,61,282545
41322,0.000323,172.217.194.0-255,357,51579,61,282545
41323,0.000396,172.217.194.0-255,386,51965,61,282545
41324,0.000809,172.217.194.0-255,1484,53449,61,282545
41325,0.000816,172.31.40.0-255,66,53515,61,282545
41326,0.000822,172.217.194.0-255,2902,56417,61,282545
41327,0.000824,172.31.40.0-255,66,56483,61,282545
41328,0.000841,172.217.194.0-255,2902,59385,61,282545
41329,0.000844,172.31.40.0-255,66,59451,61,282545
41330,0.000862,172.217.194.0-255,2902,62353,61,282545
41331,0.000865,172.31.40.0-255,66,62419,61,282545
41332,0.000868,172.217.194.0-255,1484,63903,61,282545
41333,0.00088,172.31.40.0-255,66,63969,61,282545
41334,0.000918,172.31.40.0-255,66,64035,61,282545
41335,0.000958,172.217.194.0-255,1484,65519,61,282545
41336,0.00098,172.217.194.0-255,2902,68421,61,282545
41337,0.000985,172.31.40.0-255,66,68487,61,282545
41338,0.000991,172.217.194.0-255,5738,74225,61,282545
41339,0.000994,172.31.40.0-255,66,74291,61,282545
41340,0.000999,172.217.194.0-255,4320,78611,61,282545
41341,0.001001,172.31.40.0-255,66,78677,61,282545
41342,0.001023,172.217.194.0-255,1484,80161,61,282545
41343,0.00104,172.31.40.0-255,66,80227,61,282545
41344,0.001058,172.217.194.0-255,1484,81711,61,282545
41345,0.001065,172.217.194.0-255,5020,86731,61,282545
41346,0.001068,172.31.40.0-255,66,86797,61,282545
41347,0.001088,172.217.194.0-255,1484,88281,61,282545
41348,0.00111,172.217.194.0-255,2902,91183,61,282545
41349,0.001115,172.31.40.0-255,66,91249,61,282545
41350,0.001133,172.217.194.0-255,5738,96987,61,282545
41351,0.001136,172.31.40.0-255,66,97053,61,282545
41352,0.001171,172.217.194.0-255,4320,101373,61,282545
41353,0.001174,172.31.40.0-255,66,101439,61,282545
41354,0.001181,172.217.194.0-255,5738,107177,61,282545
41355,0.001183,172.31.40.0-255,66,107243,61,282545
41356,0.00123,172.31.40.0-255,66,107309,61,282545
41357,0.001247,172.217.194.0-255,2902,110211,61,282545
41358,0.00125,172.31.40.0-255,66,110277,61,282545
41359,0.001254,172.217.194.0-255,2184,112461,61,282545
41360,0.001257,172.31.40.0-255,66,112527,61,282545
41361,0.001315,172.217.194.0-255,1484,114011,61,282545
41362,0.00132,172.217.194.0-255,1484,115495,61,282545
41363,0.001323,172.31.40.0-255,66,115561,61,282545
41364,0.001344,172.217.194.0-255,1484,117045,61,282545
41365,0.001351,172.217.194.0-255,5738,122783,61,282545
41366,0.001353,172.31.40.0-255,66,122849,61,282545
41367,0.001359,172.217.194.0-255,4320,127169,61,282545
41368,0.001361,172.31.40.0-255,66,127235,61,282545
41369,0.001407,172.31.40.0-255,66,127301,61,282545
41370,0.001417,172.31.40.0-255,66,127367,61,282545
41371,0.001427,172.31.40.0-255,66,127433,61,282545
41372,0.001464,172.217.194.0-255,1484,128917,61,282545
41373,0.001496,172.31.40.0-255,66,128983,61,282545
41374,0.001501,172.217.194.0-255,4320,133303,61,282545
41375,0.001504,172.31.40.0-255,66,133369,61,282545
41376,0.001518,172.217.194.0-255,2184,135553,61,282545
41377,0.001521,172.31.40.0-255,66,135619,61,282545
41378,0.001544,172.217.194.0-255,4320,139939,61,282545
41379,0.001548,172.31.40.0-255,66,140005,61,282545
41380,0.001565,172.217.194.0-255,2902,142907,61,282545
41381,0.001568,172.31.40.0-255,66,142973,61,282545
41382,0.001574,172.217.194.0-255,5738,148711,61,282545
41383,0.001577,172.31.40.0-255,66,148777,61,282545
41384,0.001593,172.31.40.0-255,66,148843,61,282545
41385,0.001628,172.217.194.0-255,4320,153163,61,282545
41386,0.001649,172.31.40.0-255,66,153229,61,282545
41387,0.001656,172.217.194.0-255,6438,159667,61,282545
41388,0.00166,172.31.40.0-255,66,159733,61,282545
41389,0.001933,172.217.194.0-255,1484,161217,61,282545
41390,0.001949,172.217.194.0-255,2902,164119,61,282545
41391,0.001953,172.31.40.0-255,66,164185,61,282545
41392,0.001977,172.217.194.0-255,4320,168505,61,282545
41393,0.00198,172.31.40.0-255,66,168571,61,282545
41394,0.001989,172.217.194.0-255,7156,175727,61,282545
41395,0.001992,172.31.40.0-255,66,175793,61,282545
41396,0.002008,172.217.194.0-255,1484,177277,61,282545
41397,0.002037,172.31.40.0-255,66,177343,61,282545
41398,0.002055,172.217.194.0-255,6438,183781,61,282545
41399,0.002058,172.31.40.0-255,66,183847,61,282545
41400,0.002306,172.217.194.0-255,1484,185331,61,282545
41401,0.002314,172.217.194.0-255,2902,188233,61,282545
41402,0.002318,172.31.40.0-255,66,188299,61,282545
41403,0.002326,172.217.194.0-255,5738,194037,61,282545
41404,0.002328,172.31.40.0-255,66,194103,61,282545
41405,0.002366,172.31.40.0-255,66,194169,61,282545
41406,0.00237,172.217.194.0-255,1484,195653,61,282545
41407,0.002399,172.31.40.0-255,66,195719,61,282545
41408,0.004988,172.217.194.0-255,5738,201457,61,282545
41409,0.005017,172.31.40.0-255,66,201523,61,282545
41410,0.007645,172.217.194.0-255,5738,207261,61,282545
41411,0.007666,172.31.40.0-255,66,207327,61,282545
41412,0.010219,172.217.194.0-255,5738,213065,61,282545
41413,0.010228,172.31.40.0-255,66,213131,61,282545
41414,0.012797,172.217.194.0-255,5738,218869,61,282545
41415,0.012818,172.31.40.0-255,66,218935,61,282545
41416,0.015406,172.217.194.0-255,5738,224673,61,282545
41417,0.015427,172.31.40.0-255,66,224739,61,282545
41418,0.018006,172.217.194.0-255,5738,230477,61,282545
41419,0.018027,172.31.40.0-255,66,230543,61,282545
41420,0.020592,172.217.194.0-255,5738,236281,61,282545
41421,0.020611,172.31.40.0-255,66,236347,61,282545
41422,0.023185,172.217.194.0-255,5738,242085,61,282545
41423,0.023194,172.31.40.0-255,66,242151,61,282545
41424,0.025749,172.217.194.0-255,5738,247889,61,282545
41425,0.025757,172.31.40.0-255,66,247955,61,282545
41426,0.028305,172.217.194.0-255,5738,253693,61,282545
41427,0.028313,172.31.40.0-255,66,253759,61,282545
41428,0.03086,172.217.194.0-255,5738,259497,61,282545
41429,0.030877,172.31.40.0-255,66,259563,61,282545
41430,0.033443,172.217.194.0-255,5738,265301,61,282545
41431,0.033465,172.31.40.0-255,66,265367,61,282545
41432,0.036005,172.217.194.0-255,5738,271105,61,282545
41433,0.036019,172.31.40.0-255,66,271171,61,282545
41434,0.038574,172.217.194.0-255,5738,276909,61,282545
41435,0.038586,172.31.40.0-255,66,276975,61,282545
41436,0.041138,172.217.194.0-255,5333,282308,61,282545
41437,0.041145,172.31.40.0-255,66,282374,61,282545
41438,0.041347,172.31.40.0-255,105,282479,61,282545
41439,0.043867,172.217.194.0-255,66,282545,61,282545
41440,0.0,74.125.130.0-255,153,153,61,314204
41441,1.7e-05,172.31.40.0-255,66,219,61,314204
41442,2.4e-05,74.125.130.0-255,1484,1703,61,314204
41443,2.9e-05,172.31.40.0-255,66,1769,61,314204
41444,3.5e-05,74.125.130.0-255,2902,4671,61,314204
41445,3.9e-05,172.31.40.0-255,66,4737,61,314204
41446,6.2e-05,74.125.130.0-255,7156,11893,61,314204
41447,6.5e-05,172.31.40.0-255,66,11959,61,314204
41448,7e-05,74.125.130.0-255,2038,13997,61,314204
41449,7.2e-05,172.31.40.0-255,66,14063,61,314204
41450,7.6e-05,74.125.130.0-255,1484,15547,61,314204
41451,7.8e-05,172.31.40.0-255,66,15613,61,314204
41452,0.000101,74.125.130.0-255,1484,17097,61,314204
41453,0.000104,172.31.40.0-255,66,17163,61,314204
41454,0.000111,74.125.130.0-255,7156,24319,61,314204
41455,0.000114,172.31.40.0-255,66,24385,61,314204
41456,0.000118,74.125.130.0-255,2902,27287,61,314204
41457,0.000121,172.31.40.0-255,66,27353,61,314204
41458,0.000127,74.125.130.0-255,3961,31314,61,314204
41459,0.000129,172.31.40.0-255,66,31380,61,314204
41460,0.000363,74.125.130.0-255,1484,32864,61,314204
41461,0.000368,172.31.40.0-255,66,32930,61,314204
41462,0.000375,74.125.130.0-255,2902,35832,61,314204
41463,0.000378,172.31.40.0-255,66,35898,61,314204
41464,0.000395,74.125.130.0-255,1484,37382,61,314204
41465,0.000397,172.31.40.0-255,66,37448,61,314204
41466,0.000427,74.125.130.0-255,4320,41768,61,314204
41467,0.00043,172.31.40.0-255,66,41834,61,314204
41468,0.00044,172.31.40.0-255,66,41900,61,314204
41469,0.00046,74.125.130.0-255,1484,43384,61,314204
41470,0.000462,172.31.40.0-255,66,43450,61,314204
41471,0.00049,172.31.40.0-255,66,43516,61,314204
41472,0.000494,74.125.130.0-255,2184,45700,61,314204
41473,0.000496,172.31.40.0-255,66,45766,61,314204
41474,0.000542,74.125.130.0-255,341,46107,61,314204
41475,0.000594,74.125.130.0-255,119,46226,61,314204
41476,0.000632,74.125.130.0-255,1484,47710,61,314204
41477,0.000636,172.31.40.0-255,66,47776,61,314204
41478,0.000648,74.125.130.0-255,2902,50678,61,314204
41479,0.000651,172.31.40.0-255,66,50744,61,314204
41480,0.000675,74.125.130.0-255,5738,56482,61,314204
41481,0.000678,172.31.40.0-255,66,56548,61,314204
41482,0.000683,74.125.130.0-255,4320,60868,61,314204
41483,0.000685,172.31.40.0-255,66,60934,61,314204
41484,0.000699,74.125.130.0-255,2277,63211,61,314204
41485,0.000702,172.31.40.0-255,66,63277,61,314204
41486,0.00077,74.125.130.0-255,1484,64761,61,314204
41487,0.000786,74.125.130.0-255,2902,67663,61,314204
41488,0.000789,172.31.40.0-255,66,67729,61,314204
41489,0.000808,74.125.130.0-255,4320,72049,61,314204
41490,0.00081,172.31.40.0-255,66,72115,61,314204
41491,0.000823,74.125.130.0-255,1484,73599,61,314204
41492,0.000828,74.125.130.0-255,4320,77919,61,314204
41493,0.00083,172.31.40.0-255,66,77985,61,314204
41494,0.000834,74.125.130.0-255,4320,82305,61,314204
41495,0.000836,172.31.40.0-255,66,82371,61,314204
41496,0.000852,74.125.130.0-255,1484,83855,61,314204
41497,0.000855,74.125.130.0-255,1484,85339,61,314204
41498,0.000857,172.31.40.0-255,66,85405,61,314204
41499,0.000892,172.31.40.0-255,66,85471,61,314204
41500,0.000895,74.125.130.0-255,2184,87655,61,314204
41501,0.000897,172.31.40.0-255,66,87721,61,314204
41502,0.001028,74.125.130.0-255,1484,89205,61,314204
41503,0.001043,74.125.130.0-255,2902,92107,61,314204
41504,0.001046,172.31.40.0-255,66,92173,61,314204
41505,0.001077,74.125.130.0-255,5738,97911,61,314204
41506,0.001079,172.31.40.0-255,66,97977,61,314204
41507,0.001082,74.125.130.0-255,1484,99461,61,314204
41508,0.001109,74.125.130.0-255,7156,106617,61,314204
41509,0.001111,172.31.40.0-255,66,106683,61,314204
41510,0.001128,74.125.130.0-255,1484,108167,61,314204
41511,0.001135,74.125.130.0-255,7156,115323,61,314204
41512,0.001138,172.31.40.0-255,66,115389,61,314204
41513,0.001161,74.125.130.0-255,5738,121127,61,314204
41514,0.001164,172.31.40.0-255,66,121193,61,314204
41515,0.001166,74.125.130.0-255,766,121959,61,314204
41516,0.001687,74.125.130.0-255,1484,123443,61,314204
41517,0.001691,172.31.40.0-255,66,123509,61,314204
41518,0.001696,74.125.130.0-255,2902,126411,61,314204
41519,0.001698,172.31.40.0-255,66,126477,61,314204
41520,0.001711,74.125.130.0-255,2902,129379,61,314204
41521,0.001713,172.31.40.0-255,66,129445,61,314204
41522,0.001736,74.125.130.0-255,2902,132347,61,314204
41523,0.001738,172.31.40.0-255,66,132413,61,314204
41524,0.001742,74.125.130.0-255,2902,135315,61,314204
41525,0.001744,172.31.40.0-255,66,135381,61,314204
41526,0.001749,74.125.130.0-255,4320,139701,61,314204
41527,0.00175,172.31.40.0-255,66,139767,61,314204
41528,0.001761,74.125.130.0-255,1484,141251,61,314204
41529,0.001782,74.125.130.0-255,7156,148407,61,314204
41530,0.001785,172.31.40.0-255,66,148473,61,314204
41531,0.0018,74.125.130.0-255,4320,152793,61,314204
41532,0.001802,172.31.40.0-255,66,152859,61,314204
41533,0.001817,74.125.130.0-255,2902,155761,61,314204
41534,0.001819,172.31.40.0-255,66,155827,61,314204
41535,0.001822,74.125.130.0-255,766,156593,61,314204
41536,0.001866,74.125.130.0-255,1484,158077,61,314204
41537,0.00187,172.31.40.0-255,66,158143,61,314204
41538,0.001888,74.125.130.0-255,1484,159627,61,314204
41539,0.001892,74.125.130.0-255,2902,162529,61,314204
41540,0.001896,172.31.40.0-255,66,162595,61,314204
41541,0.001905,74.125.130.0-255,1484,164079,61,314204
41542,0.001918,74.125.130.0-255,4320,168399,61,314204
41543,0.00192,172.31.40.0-255,66,168465,61,314204
41544,0.00193,74.125.130.0-255,1484,169949,61,314204
41545,0.001955,172.31.40.0-255,66,170015,61,314204
41546,0.001983,172.31.40.0-255,66,170081,61,314204
41547,0.001987,74.125.130.0-255,2184,172265,61,314204
41548,0.001989,172.31.40.0-255,66,172331,61,314204
41549,0.001993,74.125.130.0-255,1484,173815,61,314204
41550,0.002011,74.125.130.0-255,1484,175299,61,314204
41551,0.002014,172.31.40.0-255,66,175365,61,314204
41552,0.002063,74.125.130.0-255,7156,182521,61,314204
41553,0.002067,172.31.40.0-255,66,182587,61,314204
41554,0.002118,74.125.130.0-255,4320,186907,61,314204
41555,0.00212,172.31.40.0-255,66,186973,61,314204
41556,0.00214,74.125.130.0-255,4320,191293,61,314204
41557,0.002143,172.31.40.0-255,66,191359,61,314204
41558,0.002146,74.125.130.0-255,1484,192843,61,314204
41559,0.002163,172.31.40.0-255,66,192909,61,314204
41560,0.002166,74.125.130.0-255,766,193675,61,314204
41561,0.004507,74.125.130.0-255,4320,197995,61,314204
41562,0.004515,172.31.40.0-255,66,198061,61,314204
41563,0.006863,74.125.130.0-255,5738,203799,61,314204
41564,0.006868,172.31.40.0-255,66,203865,61,314204
41565,0.009225,74.125.130.0-255,5738,209603,61,314204
41566,0.009232,172.31.40.0-255,66,209669,61,314204
41567,0.011584,74.125.130.0-255,5738,215407,61,314204
41568,0.011592,172.31.40.0-255,66,215473,61,314204
41569,0.013948,74.125.130.0-255,5738,221211,61,314204
41570,0.013958,172.31.40.0-255,66,221277,61,314204
41571,0.016331,74.125.130.0-255,5738,227015,61,314204
41572,0.016344,172.31.40.0-255,66,227081,61,314204
41573,0.018718,74.125.130.0-255,5738,232819,61,314204
41574,0.018731,172.31.40.0-255,66,232885,61,314204
41575,0.021083,74.125.130.0-255,5738,238623,61,314204
41576,0.021092,172.31.40.0-255,66,238689,61,314204
41577,0.023454,74.125.130.0-255,5738,244427,61,314204
41578,0.023461,172.31.40.0-255,66,244493,61,314204
41579,0.025817,74.125.130.0-255,5738,250231,61,314204
41580,0.025825,172.31.40.0-255,66,250297,61,314204
41581,0.028177,74.125.130.0-255,5738,256035,61,314204
41582,0.028185,172.31.40.0-255,66,256101,61,314204
41583,0.030533,74.125.130.0-255,4320,260421,61,314204
41584,0.030541,172.31.40.0-255,66,260487,61,314204
41585,0.03056,74.125.130.0-255,1484,261971,61,314204
41586,0.032895,74.125.130.0-255,4320,266291,61,314204
41587,0.0329,172.31.40.0-255,66,266357,61,314204
41588,0.035255,74.125.130.0-255,5738,272095,61,314204
41589,0.035262,172.31.40.0-255,66,272161,61,314204
41590,0.037621,74.125.130.0-255,5738,277899,61,314204
41591,0.037627,172.31.40.0-255,66,277965,61,314204
41592,0.038965,172.31.40.0-255,172,278137,61,314204
41593,0.038992,172.31.40.0-255,1119,279256,61,314204
41594,0.039054,172.31.40.0-255,1514,280770,61,314204
41595,0.039056,172.31.40.0-255,1514,282284,61,314204
41596,0.039061,172.31.40.0-255,1514,283798,61,314204
41597,0.039062,172.31.40.0-255,1056,284854,61,314204
41598,0.039972,74.125.130.0-255,5738,290592,61,314204
41599,0.039979,172.31.40.0-255,66,290658,61,314204
41600,0.04044,104.244.42.0-255,66,290724,61,314204
41601,0.040462,104.244.42.0-255,66,290790,61,314204
41602,0.040555,104.244.42.0-255,66,290856,61,314204
41603,0.040574,104.244.42.0-255,66,290922,61,314204
41604,0.042334,74.125.130.0-255,1484,292406,61,314204
41605,0.042368,74.125.130.0-255,4320,296726,61,314204
41606,0.042373,172.31.40.0-255,66,296792,61,314204
41607,0.044719,74.125.130.0-255,5738,302530,61,314204
41608,0.044727,172.31.40.0-255,66,302596,61,314204
41609,0.047097,74.125.130.0-255,5738,308334,61,314204
41610,0.047103,172.31.40.0-255,66,308400,61,314204
41611,0.049464,74.125.130.0-255,5738,314138,61,314204
41612,0.049473,172.31.40.0-255,66,314204,61,314204
41613,0.0,74.125.130.0-255,66,66,61,66
41614,0.0,74.125.24.0-255,151,151,61,155544
41615,2.4e-05,172.31.40.0-255,66,217,61,155544
41616,3.1e-05,74.125.24.0-255,1484,1701,61,155544
41617,3.5e-05,172.31.40.0-255,66,1767,61,155544
41618,4.2e-05,74.125.24.0-255,2902,4669,61,155544
41619,5.4e-05,172.31.40.0-255,66,4735,61,155544
41620,6.2e-05,74.125.24.0-255,7156,11891,61,155544
41621,6.5e-05,172.31.40.0-255,66,11957,61,155544
41622,9.4e-05,74.125.24.0-255,2029,13986,61,155544
41623,9.7e-05,172.31.40.0-255,66,14052,61,155544
41624,0.000123,74.125.24.0-255,2902,16954,61,155544
41625,0.000126,172.31.40.0-255,66,17020,61,155544
41626,0.000155,74.125.24.0-255,4320,21340,61,155544
41627,0.000158,172.31.40.0-255,66,21406,61,155544
41628,0.000169,172.31.40.0-255,66,21472,61,155544
41629,0.000208,172.31.40.0-255,66,21538,61,155544
41630,0.000235,74.125.24.0-255,1484,23022,61,155544
41631,0.000237,172.31.40.0-255,66,23088,61,155544
41632,0.00027,74.125.24.0-255,6797,29885,61,155544
41633,0.000273,172.31.40.0-255,66,29951,61,155544
41634,0.000283,172.31.40.0-255,66,30017,61,155544
41635,0.000288,74.125.24.0-255,2902,32919,61,155544
41636,0.00029,172.31.40.0-255,66,32985,61,155544
41637,0.000318,74.125.24.0-255,5379,38364,61,155544
41638,0.00032,172.31.40.0-255,66,38430,61,155544
41639,0.000323,74.125.24.0-255,678,39108,61,155544
41640,0.000325,172.31.40.0-255,66,39174,61,155544
41641,0.000542,74.125.24.0-255,1484,40658,61,155544
41642,0.000548,172.31.40.0-255,66,40724,61,155544
41643,0.000555,74.125.24.0-255,2902,43626,61,155544
41644,0.000557,172.31.40.0-255,66,43692,61,155544
41645,0.000562,74.125.24.0-255,2902,46594,61,155544
41646,0.000564,172.31.40.0-255,66,46660,61,155544
41647,0.000583,74.125.24.0-255,2902,49562,61,155544
41648,0.000585,172.31.40.0-255,66,49628,61,155544
41649,0.000598,172.31.40.0-255,66,49694,61,155544
41650,0.000612,172.31.40.0-255,66,49760,61,155544
41651,0.000643,74.125.24.0-255,2184,51944,61,155544
41652,0.000646,172.31.40.0-255,66,52010,61,155544
41653,0.000946,74.125.24.0-255,1484,53494,61,155544
41654,0.000952,74.125.24.0-255,2902,56396,61,155544
41655,0.000955,172.31.40.0-255,66,56462,61,155544
41656,0.000988,74.125.24.0-255,5738,62200,61,155544
41657,0.000991,172.31.40.0-255,66,62266,61,155544
41658,0.001004,172.31.40.0-255,66,62332,61,155544
41659,0.00103,74.125.24.0-255,1484,63816,61,155544
41660,0.001042,172.31.40.0-255,66,63882,61,155544
41661,0.00107,74.125.24.0-255,2184,66066,61,155544
41662,0.001073,172.31.40.0-255,66,66132,61,155544
41663,0.001446,74.125.24.0-255,1484,67616,61,155544
41664,0.001471,74.125.24.0-255,2902,70518,61,155544
41665,0.001475,172.31.40.0-255,66,70584,61,155544
41666,0.001482,74.125.24.0-255,5738,76322,61,155544
41667,0.001484,172.31.40.0-255,66,76388,61,155544
41668,0.001526,172.31.40.0-255,66,76454,61,155544
41669,0.001536,172.31.40.0-255,66,76520,61,155544
41670,0.001598,74.125.24.0-255,2184,78704,61,155544
41671,0.0016,172.31.40.0-255,66,78770,61,155544
41672,0.001663,74.125.24.0-255,1484,80254,61,155544
41673,0.001666,74.125.24.0-255,1484,81738,61,155544
41674,0.001671,172.31.40.0-255,66,81804,61,155544
41675,0.001682,74.125.24.0-255,1484,83288,61,155544
41676,0.001692,74.125.24.0-255,5738,89026,61,155544
41677,0.001694,172.31.40.0-255,66,89092,61,155544
41678,0.001698,74.125.24.0-255,1484,90576,61,155544
41679,0.001724,172.31.40.0-255,66,90642,61,155544
41680,0.001754,74.125.24.0-255,2902,93544,61,155544
41681,0.001756,172.31.40.0-255,66,93610,61,155544
41682,0.001768,172.31.40.0-255,66,93676,61,155544
41683,0.001774,74.125.24.0-255,5738,99414,61,155544
41684,0.001777,172.31.40.0-255,66,99480,61,155544
41685,0.001811,172.31.40.0-255,66,99546,61,155544
41686,0.001825,172.31.40.0-255,66,99612,61,155544
41687,0.001864,74.125.24.0-255,1484,101096,61,155544
41688,0.001888,74.125.24.0-255,2902,103998,61,155544
41689,0.001891,172.31.40.0-255,66,104064,61,155544
41690,0.001897,74.125.24.0-255,5738,109802,61,155544
41691,0.001899,172.31.40.0-255,66,109868,61,155544
41692,0.001965,172.31.40.0-255,66,109934,61,155544
41693,0.001978,172.31.40.0-255,66,110000,61,155544
41694,0.002065,74.125.24.0-255,1484,111484,61,155544
41695,0.002082,74.125.24.0-255,2902,114386,61,155544
41696,0.002086,172.31.40.0-255,66,114452,61,155544
41697,0.002093,74.125.24.0-255,4320,118772,61,155544
41698,0.002095,172.31.40.0-255,66,118838,61,155544
41699,0.002098,74.125.24.0-255,1484,120322,61,155544
41700,0.002129,74.125.24.0-255,7156,127478,61,155544
41701,0.002132,172.31.40.0-255,66,127544,61,155544
41702,0.002149,74.125.24.0-255,5738,133282,61,155544
41703,0.002152,172.31.40.0-255,66,133348,61,155544
41704,0.002218,172.31.40.0-255,66,133414,61,155544
41705,0.002221,172.31.40.0-255,66,133480,61,155544
41706,0.002224,172.31.40.0-255,66,133546,61,155544
41707,0.002232,74.125.24.0-255,1484,135030,61,155544
41708,0.002236,74.125.24.0-255,1484,136514,61,155544
41709,0.002238,172.31.40.0-255,66,136580,61,155544
41710,0.002278,74.125.24.0-255,3602,140182,61,155544
41711,0.002284,74.125.24.0-255,5738,145920,61,155544
41712,0.002335,172.31.40.0-255,66,145986,61,155544
41713,0.002343,172.31.40.0-255,66,146052,61,155544
41714,0.002346,172.31.40.0-255,66,146118,61,155544
41715,0.002353,74.125.24.0-255,1484,147602,61,155544
41716,0.002405,74.125.24.0-255,5738,153340,61,155544
41717,0.002455,74.125.24.0-255,1862,155202,61,155544
41718,0.002458,74.125.24.0-255,105,155307,61,155544
41719,0.002472,172.31.40.0-255,66,155373,61,155544
41720,0.019064,172.31.40.0-255,105,155478,61,155544
41721,0.021645,74.125.24.0-255,66,155544,61,155544
41722,0.0,74.125.24.0-255,152,152,61,282910
41723,1.7e-05,172.31.40.0-255,66,218,61,282910
41724,2.3e-05,74.125.24.0-255,1484,1702,61,282910
41725,2.8e-05,172.31.40.0-255,66,1768,61,282910
41726,3.4e-05,74.125.24.0-255,2902,4670,61,282910
41727,3.7e-05,172.31.40.0-255,66,4736,61,282910
41728,4.5e-05,74.125.24.0-255,7156,11892,61,282910
41729,4.9e-05,172.31.40.0-255,66,11958,61,282910
41730,7.1e-05,74.125.24.0-255,1484,13442,61,282910
41731,7.4e-05,172.31.40.0-255,66,13508,61,282910
41732,0.000105,172.31.40.0-255,66,13574,61,282910
41733,0.000125,74.125.24.0-255,4320,17894,61,282910
41734,0.000127,172.31.40.0-255,66,17960,61,282910
41735,0.000154,74.125.24.0-255,3961,21921,61,282910
41736,0.000157,172.31.40.0-255,66,21987,61,282910
41737,0.000168,172.31.40.0-255,66,22053,61,282910
41738,0.000192,74.125.24.0-255,7156,29209,61,282910
41739,0.000195,172.31.40.0-255,66,29275,61,282910
41740,0.000233,74.125.24.0-255,1125,30400,61,282910
41741,0.000236,172.31.40.0-255,66,30466,61,282910
41742,0.000774,74.125.24.0-255,1484,31950,61,282910
41743,0.000779,172.31.40.0-255,66,32016,61,282910
41744,0.000784,74.125.24.0-255,2902,34918,61,282910
41745,0.000787,172.31.40.0-255,66,34984,61,282910
41746,0.000793,74.125.24.0-255,4320,39304,61,282910
41747,0.000795,172.31.40.0-255,66,39370,61,282910
41748,0.000818,74.125.24.0-255,2902,42272,61,282910
41749,0.00082,172.31.40.0-255,66,42338,61,282910
41750,0.00085,74.125.24.0-255,2902,45240,61,282910
41751,0.000852,172.31.40.0-255,66,45306,61,282910
41752,0.000857,74.125.24.0-255,2543,47849,61,282910
41753,0.000859,172.31.40.0-255,66,47915,61,282910
41754,0.00088,74.125.24.0-255,2902,50817,61,282910
41755,0.000883,172.31.40.0-255,66,50883,61,282910
41756,0.000889,74.125.24.0-255,7156,58039,61,282910
41757,0.000891,172.31.40.0-255,66,58105,61,282910
41758,0.000943,172.31.40.0-255,66,58171,61,282910
41759,0.000967,74.125.24.0-255,6797,64968,61,282910
41760,0.00097,172.31.40.0-255,66,65034,61,282910
41761,0.000974,74.125.24.0-255,2902,67936,61,282910
41762,0.000976,172.31.40.0-255,66,68002,61,282910
41763,0.000983,74.125.24.0-255,5959,73961,61,282910
41764,0.000986,172.31.40.0-255,66,74027,61,282910
41765,0.001069,74.125.24.0-255,1484,75511,61,282910
41766,0.001075,74.125.24.0-255,2902,78413,61,282910
41767,0.001078,172.31.40.0-255,66,78479,61,282910
41768,0.001102,74.125.24.0-255,5738,84217,61,282910
41769,0.001105,172.31.40.0-255,66,84283,61,282910
41770,0.001168,74.125.24.0-255,5738,90021,61,282910
41771,0.001172,172.31.40.0-255,66,90087,61,282910
41772,0.001191,74.125.24.0-255,562,90649,61,282910
41773,0.001277,74.125.24.0-255,1484,92133,61,282910
41774,0.001281,172.31.40.0-255,66,92199,61,282910
41775,0.001304,74.125.24.0-255,2902,95101,61,282910
41776,0.001307,172.31.40.0-255,66,95167,61,282910
41777,0.001313,74.125.24.0-255,5738,100905,61,282910
41778,0.001316,172.31.40.0-255,66,100971,61,282910
41779,0.001353,172.31.40.0-255,66,101037,61,282910
41780,0.001359,74.125.24.0-255,5738,106775,61,282910
41781,0.001361,172.31.40.0-255,66,106841,61,282910
41782,0.001396,74.125.24.0-255,5020,111861,61,282910
41783,0.0014,172.31.40.0-255,66,111927,61,282910
41784,0.001679,74.125.24.0-255,1484,113411,61,282910
41785,0.001687,74.125.24.0-255,2902,116313,61,282910
41786,0.001692,172.31.40.0-255,66,116379,61,282910
41787,0.001707,74.125.24.0-255,2902,119281,61,282910
41788,0.00171,172.31.40.0-255,66,119347,61,282910
41789,0.001722,74.125.24.0-255,2902,122249,61,282910
41790,0.001725,172.31.40.0-255,66,122315,61,282910
41791,0.00175,74.125.24.0-255,1484,123799,61,282910
41792,0.00177,74.125.24.0-255,4369,128168,61,282910
41793,0.001773,172.31.40.0-255,66,128234,61,282910
41794,0.002527,74.125.24.0-255,1484,129718,61,282910
41795,0.002532,74.125.24.0-255,1484,131202,61,282910
41796,0.002536,172.31.40.0-255,66,131268,61,282910
41797,0.002553,74.125.24.0-255,1484,132752,61,282910
41798,0.00256,74.125.24.0-255,5738,138490,61,282910
41799,0.002562,172.31.40.0-255,66,138556,61,282910
41800,0.002576,74.125.24.0-255,1484,140040,61,282910
41801,0.002598,172.31.40.0-255,66,140106,61,282910
41802,0.002652,172.31.40.0-255,66,140172,61,282910
41803,0.002673,74.125.24.0-255,4320,144492,61,282910
41804,0.002676,172.31.40.0-255,66,144558,61,282910
41805,0.002698,74.125.24.0-255,7156,151714,61,282910
41806,0.002701,172.31.40.0-255,66,151780,61,282910
41807,0.002703,74.125.24.0-255,1484,153264,61,282910
41808,0.002716,172.31.40.0-255,66,153330,61,282910
41809,0.00274,74.125.24.0-255,2902,156232,61,282910
41810,0.002742,172.31.40.0-255,66,156298,61,282910
41811,0.002749,74.125.24.0-255,6438,162736,61,282910
41812,0.002751,172.31.40.0-255,66,162802,61,282910
41813,0.002758,74.125.24.0-255,7156,169958,61,282910
41814,0.00276,172.31.40.0-255,66,170024,61,282910
41815,0.002825,172.31.40.0-255,66,170090,61,282910
41816,0.002852,172.31.40.0-255,66,170156,61,282910
41817,0.002879,172.31.40.0-255,66,170222,61,282910
41818,0.002897,74.125.24.0-255,1484,171706,61,282910
41819,0.002901,74.125.24.0-255,2902,174608,61,282910
41820,0.002904,172.31.40.0-255,66,174674,61,282910
41821,0.00291,74.125.24.0-255,5738,180412,61,282910
41822,0.002912,172.31.40.0-255,66,180478,61,282910
41823,0.002934,74.125.24.0-255,4320,184798,61,282910
41824,0.002936,172.31.40.0-255,66,184864,61,282910
41825,0.002957,74.125.24.0-255,5738,190602,61,282910
41826,0.00296,172.31.40.0-255,66,190668,61,282910
41827,0.002963,74.125.24.0-255,1484,192152,61,282910
41828,0.002988,172.31.40.0-255,66,192218,61,282910
41829,0.002992,74.125.24.0-255,2184,194402,61,282910
41830,0.002994,172.31.40.0-255,66,194468,61,282910
41831,0.003075,74.125.24.0-255,1484,195952,61,282910
41832,0.003092,74.125.24.0-255,2902,198854,61,282910
41833,0.003096,172.31.40.0-255,66,198920,61,282910
41834,0.003122,74.125.24.0-255,5738,204658,61,282910
41835,0.003125,172.31.40.0-255,66,204724,61,282910
41836,0.00313,74.125.24.0-255,4320,209044,61,282910
41837,0.003132,172.31.40.0-255,66,209110,61,282910
41838,0.00319,172.31.40.0-255,66,209176,61,282910
41839,0.003201,172.31.40.0-255,66,209242,61,282910
41840,0.0033,74.125.24.0-255,1484,210726,61,282910
41841,0.003316,74.125.24.0-255,2902,213628,61,282910
41842,0.003318,172.31.40.0-255,66,213694,61,282910
41843,0.003324,74.125.24.0-255,5738,219432,61,282910
41844,0.003326,172.31.40.0-255,66,219498,61,282910
41845,0.003342,74.125.24.0-255,5738,225236,61,282910
41846,0.003345,172.31.40.0-255,66,225302,61,282910
41847,0.003376,172.31.40.0-255,66,225368,61,282910
41848,0.003395,74.125.24.0-255,4320,229688,61,282910
41849,0.003397,172.31.40.0-255,66,229754,61,282910
41850,0.003403,74.125.24.0-255,5020,234774,61,282910
41851,0.003405,172.31.40.0-255,66,234840,61,282910
41852,0.003476,74.125.24.0-255,1484,236324,61,282910
41853,0.003488,74.125.24.0-255,1484,237808,61,282910
41854,0.00349,172.31.40.0-255,66,237874,61,282910
41855,0.003505,74.125.24.0-255,1484,239358,61,282910
41856,0.00352,74.125.24.0-255,5738,245096,61,282910
41857,0.003522,172.31.40.0-255,66,245162,61,282910
41858,0.003553,74.125.24.0-255,2902,248064,61,282910
41859,0.003555,172.31.40.0-255,66,248130,61,282910
41860,0.003572,74.125.24.0-255,1484,249614,61,282910
41861,0.003597,74.125.24.0-255,1484,251098,61,282910
41862,0.003599,172.31.40.0-255,66,251164,61,282910
41863,0.003602,74.125.24.0-255,1484,252648,61,282910
41864,0.003628,74.125.24.0-255,4320,256968,61,282910
41865,0.00363,172.31.40.0-255,66,257034,61,282910
41866,0.003651,74.125.24.0-255,4320,261354,61,282910
41867,0.003654,172.31.40.0-255,66,261420,61,282910
41868,0.00366,74.125.24.0-255,5738,267158,61,282910
41869,0.003662,172.31.40.0-255,66,267224,61,282910
41870,0.003666,74.125.24.0-255,2184,269408,61,282910
41871,0.003667,172.31.40.0-255,66,269474,61,282910
41872,0.003687,74.125.24.0-255,1484,270958,61,282910
41873,0.003717,74.125.24.0-255,4320,275278,61,282910
41874,0.003719,172.31.40.0-255,66,275344,61,282910
41875,0.00375,172.31.40.0-255,66,275410,61,282910
41876,0.003811,74.125.24.0-255,4320,279730,61,282910
41877,0.003813,172.31.40.0-255,66,279796,61,282910
41878,0.003827,74.125.24.0-255,2706,282502,61,282910
41879,0.003829,172.31.40.0-255,66,282568,61,282910
41880,0.003853,74.125.24.0-255,105,282673,61,282910
41881,0.012457,172.31.40.0-255,66,282739,61,282910
41882,0.012507,172.31.40.0-255,105,282844,61,282910
41883,0.015042,74.125.24.0-255,66,282910,61,282910
41884,0.0,74.125.24.0-255,291,291,61,211202
41885,3.3e-05,172.31.40.0-255,66,357,61,211202
41886,3.9e-05,74.125.24.0-255,1484,1841,61,211202
41887,4.4e-05,172.31.40.0-255,66,1907,61,211202
41888,5.7e-05,74.125.24.0-255,4320,6227,61,211202
41889,6.1e-05,172.31.40.0-255,66,6293,61,211202
41890,6.8e-05,74.125.24.0-255,7156,13449,61,211202
41891,7e-05,172.31.40.0-255,66,13515,61,211202
41892,9.5e-05,74.125.24.0-255,1936,15451,61,211202
41893,9.8e-05,172.31.40.0-255,66,15517,61,211202
41894,0.000111,172.31.40.0-255,66,15583,61,211202
41895,0.000141,74.125.24.0-255,5379,20962,61,211202
41896,0.000145,172.31.40.0-255,66,21028,61,211202
41897,0.000281,74.125.24.0-255,1484,22512,61,211202
41898,0.000285,172.31.40.0-255,66,22578,61,211202
41899,0.00029,74.125.24.0-255,2902,25480,61,211202
41900,0.000292,172.31.40.0-255,66,25546,61,211202
41901,0.000297,74.125.24.0-255,5738,31284,61,211202
41902,0.000306,172.31.40.0-255,66,31350,61,211202
41903,0.000309,74.125.24.0-255,1484,32834,61,211202
41904,0.000311,172.31.40.0-255,66,32900,61,211202
41905,0.000342,74.125.24.0-255,6797,39697,61,211202
41906,0.000347,172.31.40.0-255,66,39763,61,211202
41907,0.000354,74.125.24.0-255,7156,46919,61,211202
41908,0.000357,172.31.40.0-255,66,46985,61,211202
41909,0.000395,172.31.40.0-255,66,47051,61,211202
41910,0.000745,74.125.24.0-255,646,47697,61,211202
41911,0.00075,172.31.40.0-255,66,47763,61,211202
41912,0.000873,74.125.24.0-255,1484,49247,61,211202
41913,0.000878,172.31.40.0-255,66,49313,61,211202
41914,0.000903,74.125.24.0-255,2902,52215,61,211202
41915,0.000925,74.125.24.0-255,5738,57953,61,211202
41916,0.000941,74.125.24.0-255,1484,59437,61,211202
41917,0.000956,74.125.24.0-255,4320,63757,61,211202
41918,0.000973,74.125.24.0-255,4320,68077,61,211202
41919,0.000986,74.125.24.0-255,1484,69561,61,211202
41920,0.001003,74.125.24.0-255,2902,72463,61,211202
41921,0.001024,74.125.24.0-255,5738,78201,61,211202
41922,0.001043,74.125.24.0-255,2902,81103,61,211202
41923,0.001046,74.125.24.0-255,766,81869,61,211202
41924,0.002311,74.125.24.0-255,1484,83353,61,211202
41925,0.002319,74.125.24.0-255,2902,86255,61,211202
41926,0.002322,74.125.24.0-255,1484,87739,61,211202
41927,0.002336,74.125.24.0-255,4320,92059,61,211202
41928,0.002339,74.125.24.0-255,1484,93543,61,211202
41929,0.002342,74.125.24.0-255,2902,96445,61,211202
41930,0.002357,74.125.24.0-255,4320,100765,61,211202
41931,0.002365,74.125.24.0-255,1484,102249,61,211202
41932,0.002384,74.125.24.0-255,2902,105151,61,211202
41933,0.004714,172.31.40.0-255,66,105217,61,211202
41934,0.007082,74.125.24.0-255,4320,109537,61,211202
41935,0.007089,172.31.40.0-255,66,109603,61,211202
41936,0.007119,74.125.24.0-255,1484,111087,61,211202
41937,0.009434,74.125.24.0-255,4320,115407,61,211202
41938,0.009441,172.31.40.0-255,66,115473,61,211202
41939,0.011841,74.125.24.0-255,5738,121211,61,211202
41940,0.014456,172.31.40.0-255,66,121277,61,211202
41941,0.016815,74.125.24.0-255,5738,127015,61,211202
41942,0.016829,172.31.40.0-255,66,127081,61,211202
41943,0.019195,74.125.24.0-255,5738,132819,61,211202
41944,0.019207,172.31.40.0-255,66,132885,61,211202
41945,0.021543,74.125.24.0-255,5738,138623,61,211202
41946,0.021551,172.31.40.0-255,66,138689,61,211202
41947,0.023923,74.125.24.0-255,5738,144427,61,211202
41948,0.023931,172.31.40.0-255,66,144493,61,211202
41949,0.026276,74.125.24.0-255,5738,150231,61,211202
41950,0.026282,172.31.40.0-255,66,150297,61,211202
41951,0.027245,172.31.40.0-255,166,150463,61,211202
41952,0.02728,172.31.40.0-255,1145,151608,61,211202
41953,0.027318,172.31.40.0-255,1514,153122,61,211202
41954,0.027319,172.31.40.0-255,1250,154372,61,211202
41955,0.028713,74.125.24.0-255,2902,157274,61,211202
41956,0.028719,172.31.40.0-255,66,157340,61,211202
41957,0.028754,74.125.24.0-255,2902,160242,61,211202
41958,0.02877,104.244.42.0-255,66,160308,61,211202
41959,0.028778,172.31.40.0-255,66,160374,61,211202
41960,0.028811,104.244.42.0-255,66,160440,61,211202
41961,0.028911,104.244.42.0-255,66,160506,61,211202
41962,0.030753,104.244.42.0-255,108,160614,61,211202
41963,0.030773,172.31.40.0-255,66,160680,61,211202
41964,0.03107,74.125.24.0-255,2902,163582,61,211202
41965,0.031074,172.31.40.0-255,66,163648,61,211202
41966,0.031107,74.125.24.0-255,1484,165132,61,211202
41967,0.031127,74.125.24.0-255,1484,166616,61,211202
41968,0.031146,172.31.40.0-255,66,166682,61,211202
41969,0.033395,74.125.24.0-255,2902,169584,61,211202
41970,0.033401,172.31.40.0-255,66,169650,61,211202
41971,0.033488,74.125.24.0-255,2902,172552,61,211202
41972,0.033492,172.31.40.0-255,66,172618,61,211202
41973,0.035746,74.125.24.0-255,2902,175520,61,211202
41974,0.035751,172.31.40.0-255,66,175586,61,211202
41975,0.035887,74.125.24.0-255,2902,178488,61,211202
41976,0.035893,172.31.40.0-255,66,178554,61,211202
41977,0.038123,74.125.24.0-255,2902,181456,61,211202
41978,0.038129,172.31.40.0-255,66,181522,61,211202
41979,0.038214,74.125.24.0-255,2902,184424,61,211202
41980,0.03822,172.31.40.0-255,66,184490,61,211202
41981,0.040454,74.125.24.0-255,2902,187392,61,211202
41982,0.04046,172.31.40.0-255,66,187458,61,211202
41983,0.040587,74.125.24.0-255,2902,190360,61,211202
41984,0.040592,172.31.40.0-255,66,190426,61,211202
41985,0.042826,74.125.24.0-255,2902,193328,61,211202
41986,0.042832,172.31.40.0-255,66,193394,61,211202
41987,0.04296,74.125.24.0-255,2902,196296,61,211202
41988,0.042965,172.31.40.0-255,66,196362,61,211202
41989,0.045198,74.125.24.0-255,2902,199264,61,211202
41990,0.045205,172.31.40.0-255,66,199330,61,211202
41991,0.045303,74.125.24.0-255,2902,202232,61,211202
41992,0.045308,172.31.40.0-255,66,202298,61,211202
41993,0.047538,74.125.24.0-255,2902,205200,61,211202
41994,0.047543,172.31.40.0-255,66,205266,61,211202
41995,0.047634,74.125.24.0-255,2902,208168,61,211202
41996,0.047639,172.31.40.0-255,66,208234,61,211202
41997,0.049869,74.125.24.0-255,2902,211136,61,211202
41998,0.049875,172.31.40.0-255,66,211202,61,211202
41999,0.0,172.217.194.0-255,298,298,61,192658
42000,1.3e-05,172.31.40.0-255,66,364,61,192658
42001,1.9e-05,172.217.194.0-255,1484,1848,61,192658
42002,2.4e-05,172.31.40.0-255,66,1914,61,192658
42003,3.2e-05,172.217.194.0-255,4320,6234,61,192658
42004,3.5e-05,172.31.40.0-255,66,6300,61,192658
42005,4.6e-05,172.31.40.0-255,66,6366,61,192658
42006,8.6e-05,172.31.40.0-255,66,6432,61,192658
42007,0.000106,172.217.194.0-255,1484,7916,61,192658
42008,0.000108,172.31.40.0-255,66,7982,61,192658
42009,0.000113,172.217.194.0-255,2543,10525,61,192658
42010,0.000115,172.31.40.0-255,66,10591,61,192658
42011,0.000167,172.217.194.0-255,1484,12075,61,192658
42012,0.00017,172.31.40.0-255,66,12141,61,192658
42013,0.000175,172.217.194.0-255,2902,15043,61,192658
42014,0.000177,172.31.40.0-255,66,15109,61,192658
42015,0.000184,172.217.194.0-255,5738,20847,61,192658
42016,0.000186,172.31.40.0-255,66,20913,61,192658
42017,0.00019,172.217.194.0-255,2902,23815,61,192658
42018,0.000192,172.31.40.0-255,66,23881,61,192658
42019,0.000216,172.217.194.0-255,2902,26783,61,192658
42020,0.000219,172.31.40.0-255,66,26849,61,192658
42021,0.000251,172.31.40.0-255,66,26915,61,192658
42022,0.000261,172.31.40.0-255,66,26981,61,192658
42023,0.000275,172.217.194.0-255,1415,28396,61,192658
42024,0.000277,172.31.40.0-255,66,28462,61,192658
42025,0.000324,172.217.194.0-255,364,28826,61,192658
42026,0.000328,172.31.40.0-255,66,28892,61,192658
42027,0.000677,172.217.194.0-255,1484,30376,61,192658
42028,0.000694,172.217.194.0-255,2902,33278,61,192658
42029,0.000698,172.31.40.0-255,66,33344,61,192658
42030,0.000704,172.217.194.0-255,4320,37664,61,192658
42031,0.000706,172.31.40.0-255,66,37730,61,192658
42032,0.00072,172.217.194.0-255,1484,39214,61,192658
42033,0.000747,172.217.194.0-255,2902,42116,61,192658
42034,0.000751,172.31.40.0-255,66,42182,61,192658
42035,0.000782,172.31.40.0-255,66,42248,61,192658
42036,0.000787,172.217.194.0-255,4320,46568,61,192658
42037,0.000789,172.31.40.0-255,66,46634,61,192658
42038,0.00081,172.217.194.0-255,5738,52372,61,192658
42039,0.000814,172.31.40.0-255,66,52438,61,192658
42040,0.000817,172.217.194.0-255,766,53204,61,192658
42041,0.001436,172.31.40.0-255,66,53270,61,192658
42042,0.001929,172.217.194.0-255,1484,54754,61,192658
42043,0.001936,172.217.194.0-255,2902,57656,61,192658
42044,0.001939,172.31.40.0-255,66,57722,61,192658
42045,0.001958,172.217.194.0-255,5738,63460,61,192658
42046,0.001959,172.31.40.0-255,66,63526,61,192658
42047,0.001986,172.217.194.0-255,4320,67846,61,192658
42048,0.001988,172.31.40.0-255,66,67912,61,192658
42049,0.002009,172.217.194.0-255,5738,73650,61,192658
42050,0.002011,172.31.40.0-255,66,73716,61,192658
42051,0.002035,172.217.194.0-255,2902,76618,61,192658
42052,0.002036,172.31.40.0-255,66,76684,61,192658
42053,0.002063,172.31.40.0-255,66,76750,61,192658
42054,0.002321,172.217.194.0-255,1484,78234,61,192658
42055,0.002324,172.217.194.0-255,1484,79718,61,192658
42056,0.002326,172.31.40.0-255,66,79784,61,192658
42057,0.002342,172.217.194.0-255,1484,81268,61,192658
42058,0.002347,172.217.194.0-255,5738,87006,61,192658
42059,0.002349,172.31.40.0-255,66,87072,61,192658
42060,0.002395,172.31.40.0-255,66,87138,61,192658
42061,0.002404,172.31.40.0-255,66,87204,61,192658
42062,0.002414,172.217.194.0-255,766,87970,61,192658
42063,0.004984,172.217.194.0-255,4320,92290,61,192658
42064,0.004989,172.31.40.0-255,66,92356,61,192658
42065,0.007575,172.217.194.0-255,5738,98094,61,192658
42066,0.007582,172.31.40.0-255,66,98160,61,192658
42067,0.010309,172.217.194.0-255,5738,103898,61,192658
42068,0.01036,172.31.40.0-255,66,103964,61,192658
42069,0.012943,172.217.194.0-255,5738,109702,61,192658
42070,0.012951,172.31.40.0-255,66,109768,61,192658
42071,0.01553,172.217.194.0-255,5738,115506,61,192658
42072,0.01554,172.31.40.0-255,66,115572,61,192658
42073,0.018156,172.217.194.0-255,5738,121310,61,192658
42074,0.01817,172.31.40.0-255,66,121376,61,192658
42075,0.020771,172.217.194.0-255,5738,127114,61,192658
42076,0.020779,172.31.40.0-255,66,127180,61,192658
42077,0.023352,172.217.194.0-255,5738,132918,61,192658
42078,0.023359,172.31.40.0-255,66,132984,61,192658
42079,0.025976,172.217.194.0-255,5738,138722,61,192658
42080,0.025985,172.31.40.0-255,66,138788,61,192658
42081,0.028559,172.217.194.0-255,5738,144526,61,192658
42082,0.028572,172.31.40.0-255,66,144592,61,192658
42083,0.031179,172.217.194.0-255,5738,150330,61,192658
42084,0.031186,172.31.40.0-255,66,150396,61,192658
42085,0.033788,172.217.194.0-255,5738,156134,61,192658
42086,0.033796,172.31.40.0-255,66,156200,61,192658
42087,0.03541,172.31.40.0-255,172,156372,61,192658
42088,0.035439,172.31.40.0-255,1066,157438,61,192658
42089,0.036396,172.217.194.0-255,2902,160340,61,192658
42090,0.036402,172.31.40.0-255,66,160406,61,192658
42091,0.036433,172.217.194.0-255,2902,163308,61,192658
42092,0.036436,172.31.40.0-255,66,163374,61,192658
42093,0.036932,104.244.42.0-255,66,163440,61,192658
42094,0.036962,104.244.42.0-255,66,163506,61,192658
42095,0.039009,172.217.194.0-255,2902,166408,61,192658
42096,0.039018,172.31.40.0-255,66,166474,61,192658
42097,0.039032,172.217.194.0-255,2902,169376,61,192658
42098,0.039036,172.31.40.0-255,66,169442,61,192658
42099,0.041611,172.217.194.0-255,5738,175180,61,192658
42100,0.041617,172.31.40.0-255,66,175246,61,192658
42101,0.044219,172.217.194.0-255,5738,180984,61,192658
42102,0.044229,172.31.40.0-255,66,181050,61,192658
42103,0.046788,172.217.194.0-255,5738,186788,61,192658
42104,0.046792,172.31.40.0-255,66,186854,61,192658
42105,0.049383,172.217.194.0-255,5738,192592,61,192658
42106,0.049388,172.31.40.0-255,66,192658,61,192658
42107,0.0,172.217.194.0-255,146,146,61,155858
42108,2.5e-05,172.31.40.0-255,66,212,61,155858
42109,3.2e-05,172.217.194.0-255,1484,1696,61,155858
42110,3.7e-05,172.31.40.0-255,66,1762,61,155858
42111,5e-05,172.217.194.0-255,2902,4664,61,155858
42112,5.4e-05,172.31.40.0-255,66,4730,61,155858
42113,6.3e-05,172.217.194.0-255,7156,11886,61,155858
42114,6.6e-05,172.31.40.0-255,66,11952,61,155858
42115,7e-05,172.217.194.0-255,2902,14854,61,155858
42116,7.3e-05,172.31.40.0-255,66,14920,61,155858
42117,0.000119,172.31.40.0-255,66,14986,61,155858
42118,0.000127,172.217.194.0-255,6797,21783,61,155858
42119,0.000129,172.31.40.0-255,66,21849,61,155858
42120,0.000237,172.217.194.0-255,1484,23333,61,155858
42121,0.00024,172.31.40.0-255,66,23399,61,155858
42122,0.000269,172.217.194.0-255,2902,26301,61,155858
42123,0.000271,172.31.40.0-255,66,26367,61,155858
42124,0.000278,172.217.194.0-255,5738,32105,61,155858
42125,0.000281,172.31.40.0-255,66,32171,61,155858
42126,0.000331,172.31.40.0-255,66,32237,61,155858
42127,0.000371,172.31.40.0-255,66,32303,61,155858
42128,0.000985,172.217.194.0-255,367,32670,61,155858
42129,0.000991,172.31.40.0-255,66,32736,61,155858
42130,0.001052,172.217.194.0-255,1484,34220,61,155858
42131,0.001056,172.31.40.0-255,66,34286,61,155858
42132,0.001085,172.217.194.0-255,2902,37188,61,155858
42133,0.001091,172.217.194.0-255,5738,42926,61,155858
42134,0.001097,172.31.40.0-255,66,42992,61,155858
42135,0.001105,172.31.40.0-255,66,43058,61,155858
42136,0.001112,172.217.194.0-255,5738,48796,61,155858
42137,0.001118,172.31.40.0-255,66,48862,61,155858
42138,0.001146,172.217.194.0-255,2902,51764,61,155858
42139,0.001149,172.31.40.0-255,66,51830,61,155858
42140,0.001182,172.31.40.0-255,66,51896,61,155858
42141,0.001213,172.217.194.0-255,5020,56916,61,155858
42142,0.001216,172.31.40.0-255,66,56982,61,155858
42143,0.00132,172.217.194.0-255,1484,58466,61,155858
42144,0.001327,172.217.194.0-255,2902,61368,61,155858
42145,0.00133,172.31.40.0-255,66,61434,61,155858
42146,0.001359,172.217.194.0-255,5738,67172,61,155858
42147,0.001361,172.31.40.0-255,66,67238,61,155858
42148,0.001368,172.217.194.0-255,5738,72976,61,155858
42149,0.001371,172.31.40.0-255,66,73042,61,155858
42150,0.00141,172.31.40.0-255,66,73108,61,155858
42151,0.001415,172.217.194.0-255,4320,77428,61,155858
42152,0.001417,172.31.40.0-255,66,77494,61,155858
42153,0.001443,172.217.194.0-255,766,78260,61,155858
42154,0.00145,172.217.194.0-255,5738,83998,61,155858
42155,0.001453,172.31.40.0-255,66,84064,61,155858
42156,0.001465,172.31.40.0-255,66,84130,61,155858
42157,0.001493,172.217.194.0-255,2902,87032,61,155858
42158,0.001495,172.31.40.0-255,66,87098,61,155858
42159,0.001502,172.217.194.0-255,5738,92836,61,155858
42160,0.001505,172.31.40.0-255,66,92902,61,155858
42161,0.001549,172.31.40.0-255,66,92968,61,155858
42162,0.001611,172.217.194.0-255,1484,94452,61,155858
42163,0.001615,172.217.194.0-255,2902,97354,61,155858
42164,0.001618,172.217.194.0-255,1484,98838,61,155858
42165,0.00162,172.217.194.0-255,1484,100322,61,155858
42166,0.001625,172.31.40.0-255,66,100388,61,155858
42167,0.001634,172.31.40.0-255,66,100454,61,155858
42168,0.001637,172.217.194.0-255,1484,101938,61,155858
42169,0.001645,172.217.194.0-255,1484,103422,61,155858
42170,0.001647,172.31.40.0-255,66,103488,61,155858
42171,0.001671,172.217.194.0-255,4320,107808,61,155858
42172,0.001674,172.31.40.0-255,66,107874,61,155858
42173,0.001699,172.31.40.0-255,66,107940,61,155858
42174,0.001727,172.217.194.0-255,2902,110842,61,155858
42175,0.00173,172.31.40.0-255,66,110908,61,155858
42176,0.001753,172.217.194.0-255,6438,117346,61,155858
42177,0.001755,172.31.40.0-255,66,117412,61,155858
42178,0.001839,172.217.194.0-255,1484,118896,61,155858
42179,0.001864,172.217.194.0-255,2902,121798,61,155858
42180,0.001867,172.31.40.0-255,66,121864,61,155858
42181,0.001873,172.217.194.0-255,5738,127602,61,155858
42182,0.001875,172.31.40.0-255,66,127668,61,155858
42183,0.001891,172.31.40.0-255,66,127734,61,155858
42184,0.001896,172.217.194.0-255,4320,132054,61,155858
42185,0.001898,172.31.40.0-255,66,132120,61,155858
42186,0.001923,172.217.194.0-255,5738,137858,61,155858
42187,0.001926,172.31.40.0-255,66,137924,61,155858
42188,0.001937,172.31.40.0-255,66,137990,61,155858
42189,0.002003,172.31.40.0-255,66,138056,61,155858
42190,0.00201,172.217.194.0-255,7156,145212,61,155858
42191,0.002031,172.31.40.0-255,66,145278,61,155858
42192,0.00208,172.31.40.0-255,66,145344,61,155858
42193,0.002125,172.217.194.0-255,3602,148946,61,155858
42194,0.002179,172.217.194.0-255,2902,151848,61,155858
42195,0.002212,172.31.40.0-255,66,151914,61,155858
42196,0.002237,172.217.194.0-255,3602,155516,61,155858
42197,0.002251,172.217.194.0-255,105,155621,61,155858
42198,0.002273,172.31.40.0-255,66,155687,61,155858
42199,0.00447,172.31.40.0-255,105,155792,61,155858
42200,0.007041,172.217.194.0-255,66,155858,61,155858
42201,0.0,172.217.194.0-255,291,291,61,290196
42202,3.1e-05,172.31.40.0-255,66,357,61,290196
42203,3.8e-05,172.217.194.0-255,1484,1841,61,290196
42204,4.2e-05,172.31.40.0-255,66,1907,61,290196
42205,4.7e-05,172.217.194.0-255,2902,4809,61,290196
42206,5.1e-05,172.31.40.0-255,66,4875,61,290196
42207,5.7e-05,172.217.194.0-255,5738,10613,61,290196
42208,6.1e-05,172.31.40.0-255,66,10679,61,290196
42209,0.000105,172.31.40.0-255,66,10745,61,290196
42210,0.00014,172.31.40.0-255,66,10811,61,290196
42211,0.000264,172.217.194.0-255,1484,12295,61,290196
42212,0.000268,172.31.40.0-255,66,12361,61,290196
42213,0.000274,172.217.194.0-255,2902,15263,61,290196
42214,0.000276,172.31.40.0-255,66,15329,61,290196
42215,0.000335,172.217.194.0-255,4320,19649,61,290196
42216,0.000339,172.31.40.0-255,66,19715,61,290196
42217,0.000345,172.217.194.0-255,5738,25453,61,290196
42218,0.000348,172.31.40.0-255,66,25519,61,290196
42219,0.000372,172.217.194.0-255,4320,29839,61,290196
42220,0.000374,172.31.40.0-255,66,29905,61,290196
42221,0.000398,172.217.194.0-255,3961,33866,61,290196
42222,0.000401,172.31.40.0-255,66,33932,61,290196
42223,0.000412,172.31.40.0-255,66,33998,61,290196
42224,0.000416,172.217.194.0-255,2833,36831,61,290196
42225,0.000418,172.31.40.0-255,66,36897,61,290196
42226,0.000446,172.217.194.0-255,365,37262,61,290196
42227,0.000449,172.31.40.0-255,66,37328,61,290196
42228,0.000807,172.217.194.0-255,1484,38812,61,290196
42229,0.000812,172.31.40.0-255,66,38878,61,290196
42230,0.000818,172.217.194.0-255,2902,41780,61,290196
42231,0.00082,172.31.40.0-255,66,41846,61,290196
42232,0.000855,172.217.194.0-255,2902,44748,61,290196
42233,0.000857,172.31.40.0-255,66,44814,61,290196
42234,0.000882,172.217.194.0-255,2902,47716,61,290196
42235,0.000884,172.31.40.0-255,66,47782,61,290196
42236,0.000898,172.31.40.0-255,66,47848,61,290196
42237,0.000911,172.31.40.0-255,66,47914,61,290196
42238,0.000946,172.217.194.0-255,1484,49398,61,290196
42239,0.00096,172.217.194.0-255,2902,52300,61,290196
42240,0.000963,172.31.40.0-255,66,52366,61,290196
42241,0.000983,172.217.194.0-255,5738,58104,61,290196
42242,0.000987,172.31.40.0-255,66,58170,61,290196
42243,0.000999,172.217.194.0-255,7156,65326,61,290196
42244,0.001001,172.31.40.0-255,66,65392,61,290196
42245,0.001021,172.217.194.0-255,4320,69712,61,290196
42246,0.001023,172.31.40.0-255,66,69778,61,290196
42247,0.001029,172.217.194.0-255,4320,74098,61,290196
42248,0.001031,172.31.40.0-255,66,74164,61,290196
42249,0.001064,172.31.40.0-255,66,74230,61,290196
42250,0.001071,172.217.194.0-255,5738,79968,61,290196
42251,0.001073,172.31.40.0-255,66,80034,61,290196
42252,0.001107,172.217.194.0-255,7156,87190,61,290196
42253,0.00111,172.31.40.0-255,66,87256,61,290196
42254,0.001123,172.31.40.0-255,66,87322,61,290196
42255,0.001167,172.31.40.0-255,66,87388,61,290196
42256,0.001188,172.217.194.0-255,2184,89572,61,290196
42257,0.001191,172.31.40.0-255,66,89638,61,290196
42258,0.001202,172.31.40.0-255,66,89704,61,290196
42259,0.001223,172.217.194.0-255,2902,92606,61,290196
42260,0.001225,172.31.40.0-255,66,92672,61,290196
42261,0.001276,172.31.40.0-255,66,92738,61,290196
42262,0.0013,172.217.194.0-255,5020,97758,61,290196
42263,0.001303,172.31.40.0-255,66,97824,61,290196
42264,0.001614,172.217.194.0-255,1484,99308,61,290196
42265,0.001619,172.217.194.0-255,1484,100792,61,290196
42266,0.001622,172.31.40.0-255,66,100858,61,290196
42267,0.001641,172.217.194.0-255,1484,102342,61,290196
42268,0.001644,172.217.194.0-255,1484,103826,61,290196
42269,0.001646,172.31.40.0-255,66,103892,61,290196
42270,0.001651,172.217.194.0-255,2902,106794,61,290196
42271,0.001653,172.31.40.0-255,66,106860,61,290196
42272,0.001685,172.217.194.0-255,5738,112598,61,290196
42273,0.001687,172.31.40.0-255,66,112664,61,290196
42274,0.001698,172.31.40.0-255,66,112730,61,290196
42275,0.001753,172.217.194.0-255,4320,117050,61,290196
42276,0.001756,172.31.40.0-255,66,117116,61,290196
42277,0.00178,172.217.194.0-255,6438,123554,61,290196
42278,0.001783,172.31.40.0-255,66,123620,61,290196
42279,0.001887,172.217.194.0-255,1484,125104,61,290196
42280,0.0019,172.217.194.0-255,2902,128006,61,290196
42281,0.001903,172.31.40.0-255,66,128072,61,290196
42282,0.001928,172.217.194.0-255,5738,133810,61,290196
42283,0.00193,172.31.40.0-255,66,133876,61,290196
42284,0.001951,172.217.194.0-255,4320,138196,61,290196
42285,0.001953,172.31.40.0-255,66,138262,61,290196
42286,0.001987,172.31.40.0-255,66,138328,61,290196
42287,0.00199,172.217.194.0-255,1484,139812,61,290196
42288,0.00205,172.31.40.0-255,66,139878,61,290196
42289,0.002099,172.217.194.0-255,1484,141362,61,290196
42290,0.002104,172.217.194.0-255,2902,144264,61,290196
42291,0.002107,172.31.40.0-255,66,144330,61,290196
42292,0.002128,172.217.194.0-255,5738,150068,61,290196
42293,0.002131,172.31.40.0-255,66,150134,61,290196
42294,0.002155,172.217.194.0-255,7156,157290,61,290196
42295,0.002158,172.31.40.0-255,66,157356,61,290196
42296,0.002181,172.217.194.0-255,5738,163094,61,290196
42297,0.002183,172.31.40.0-255,66,163160,61,290196
42298,0.00219,172.217.194.0-255,7156,170316,61,290196
42299,0.002193,172.31.40.0-255,66,170382,61,290196
42300,0.002221,172.217.194.0-255,3602,173984,61,290196
42301,0.002224,172.31.40.0-255,66,174050,61,290196
42302,0.004473,172.217.194.0-255,1484,175534,61,290196
42303,0.004496,172.217.194.0-255,4320,179854,61,290196
42304,0.004501,172.31.40.0-255,66,179920,61,290196
42305,0.00681,172.217.194.0-255,5738,185658,61,290196
42306,0.00683,172.31.40.0-255,66,185724,61,290196
42307,0.009136,172.217.194.0-255,5738,191462,61,290196
42308,0.009144,172.31.40.0-255,66,191528,61,290196
42309,0.011472,172.217.194.0-255,5738,197266,61,290196
42310,0.011487,172.31.40.0-255,66,197332,61,290196
42311,0.013781,172.217.194.0-255,5738,203070,61,290196
42312,0.013787,172.31.40.0-255,66,203136,61,290196
42313,0.016071,172.217.194.0-255,5738,208874,61,290196
42314,0.016075,172.31.40.0-255,66,208940,61,290196
42315,0.018365,172.217.194.0-255,5738,214678,61,290196
42316,0.018382,172.31.40.0-255,66,214744,61,290196
42317,0.020696,172.217.194.0-255,5738,220482,61,290196
42318,0.020705,172.31.40.0-255,66,220548,61,290196
42319,0.023041,172.217.194.0-255,5738,226286,61,290196
42320,0.023058,172.31.40.0-255,66,226352,61,290196
42321,0.025339,172.217.194.0-255,5738,232090,61,290196
42322,0.025347,172.31.40.0-255,66,232156,61,290196
42323,0.027634,172.217.194.0-255,5738,237894,61,290196
42324,0.027644,172.31.40.0-255,66,237960,61,290196
42325,0.029923,172.217.194.0-255,5738,243698,61,290196
42326,0.029933,172.31.40.0-255,66,243764,61,290196
42327,0.032231,172.217.194.0-255,5738,249502,61,290196
42328,0.03224,172.31.40.0-255,66,249568,61,290196
42329,0.034519,172.217.194.0-255,5738,255306,61,290196
42330,0.034528,172.31.40.0-255,66,255372,61,290196
42331,0.036797,172.217.194.0-255,5738,261110,61,290196
42332,0.036805,172.31.40.0-255,66,261176,61,290196
42333,0.039138,172.217.194.0-255,5738,266914,61,290196
42334,0.039156,172.31.40.0-255,66,266980,61,290196
42335,0.041456,172.217.194.0-255,5738,272718,61,290196
42336,0.041465,172.31.40.0-255,66,272784,61,290196
42337,0.043762,172.217.194.0-255,5738,278522,61,290196
42338,0.043769,172.31.40.0-255,66,278588,61,290196
42339,0.046053,172.217.194.0-255,5738,284326,61,290196
42340,0.046066,172.31.40.0-255,66,284392,61,290196
42341,0.048367,172.217.194.0-255,5738,290130,61,290196
42342,0.048374,172.31.40.0-255,66,290196,61,290196
42343,0.0,74.125.200.0-255,146,146,61,305297
42344,2.1e-05,172.31.40.0-255,66,212,61,305297
42345,2.8e-05,74.125.200.0-255,1484,1696,61,305297
42346,3.3e-05,172.31.40.0-255,66,1762,61,305297
42347,3.6e-05,74.125.200.0-255,1484,3246,61,305297
42348,3.9e-05,172.31.40.0-255,66,3312,61,305297
42349,4.7e-05,74.125.200.0-255,2902,6214,61,305297
42350,5.1e-05,172.31.40.0-255,66,6280,61,305297
42351,7.6e-05,74.125.200.0-255,4320,10600,61,305297
42352,8e-05,172.31.40.0-255,66,10666,61,305297
42353,9.9e-05,74.125.200.0-255,1484,12150,61,305297
42354,0.000101,172.31.40.0-255,66,12216,61,305297
42355,0.000109,74.125.200.0-255,6302,18518,61,305297
42356,0.000111,172.31.40.0-255,66,18584,61,305297
42357,0.000119,74.125.200.0-255,7156,25740,61,305297
42358,0.000122,172.31.40.0-255,66,25806,61,305297
42359,0.000141,74.125.200.0-255,5379,31185,61,305297
42360,0.000144,172.31.40.0-255,66,31251,61,305297
42361,0.000269,74.125.200.0-255,1484,32735,61,305297
42362,0.000274,172.31.40.0-255,66,32801,61,305297
42363,0.00028,74.125.200.0-255,2902,35703,61,305297
42364,0.000282,172.31.40.0-255,66,35769,61,305297
42365,0.000285,74.125.200.0-255,1484,37253,61,305297
42366,0.000287,172.31.40.0-255,66,37319,61,305297
42367,0.000291,74.125.200.0-255,1484,38803,61,305297
42368,0.000294,172.31.40.0-255,66,38869,61,305297
42369,0.000323,74.125.200.0-255,1484,40353,61,305297
42370,0.000325,172.31.40.0-255,66,40419,61,305297
42371,0.000331,74.125.200.0-255,5738,46157,61,305297
42372,0.000334,172.31.40.0-255,66,46223,61,305297
42373,0.000337,74.125.200.0-255,1484,47707,61,305297
42374,0.000339,172.31.40.0-255,66,47773,61,305297
42375,0.000372,74.125.200.0-255,6797,54570,61,305297
42376,0.000375,172.31.40.0-255,66,54636,61,305297
42377,0.000386,172.31.40.0-255,66,54702,61,305297
42378,0.00039,74.125.200.0-255,2815,57517,61,305297
42379,0.000392,172.31.40.0-255,66,57583,61,305297
42380,0.000417,74.125.200.0-255,133,57716,61,305297
42381,0.000473,74.125.200.0-255,1484,59200,61,305297
42382,0.000476,172.31.40.0-255,66,59266,61,305297
42383,0.000482,74.125.200.0-255,2902,62168,61,305297
42384,0.000484,172.31.40.0-255,66,62234,61,305297
42385,0.000507,74.125.200.0-255,4320,66554,61,305297
42386,0.00051,172.31.40.0-255,66,66620,61,305297
42387,0.000523,74.125.200.0-255,1484,68104,61,305297
42388,0.000548,74.125.200.0-255,7156,75260,61,305297
42389,0.000552,172.31.40.0-255,66,75326,61,305297
42390,0.000558,74.125.200.0-255,5738,81064,61,305297
42391,0.00056,172.31.40.0-255,66,81130,61,305297
42392,0.000563,74.125.200.0-255,1484,82614,61,305297
42393,0.000586,74.125.200.0-255,5738,88352,61,305297
42394,0.000589,172.31.40.0-255,66,88418,61,305297
42395,0.000595,74.125.200.0-255,3884,92302,61,305297
42396,0.000597,172.31.40.0-255,66,92368,61,305297
42397,0.000823,74.125.200.0-255,1484,93852,61,305297
42398,0.000844,74.125.200.0-255,2902,96754,61,305297
42399,0.000847,172.31.40.0-255,66,96820,61,305297
42400,0.00085,74.125.200.0-255,1484,98304,61,305297
42401,0.00087,74.125.200.0-255,2902,101206,61,305297
42402,0.000872,172.31.40.0-255,66,101272,61,305297
42403,0.000877,74.125.200.0-255,2902,104174,61,305297
42404,0.000879,172.31.40.0-255,66,104240,61,305297
42405,0.000901,74.125.200.0-255,5738,109978,61,305297
42406,0.000903,172.31.40.0-255,66,110044,61,305297
42407,0.000911,74.125.200.0-255,7156,117200,61,305297
42408,0.000914,172.31.40.0-255,66,117266,61,305297
42409,0.000919,74.125.200.0-255,4320,121586,61,305297
42410,0.000922,172.31.40.0-255,66,121652,61,305297
42411,0.000944,74.125.200.0-255,4320,125972,61,305297
42412,0.000947,172.31.40.0-255,66,126038,61,305297
42413,0.00095,74.125.200.0-255,766,126804,61,305297
42414,0.000977,74.125.200.0-255,1484,128288,61,305297
42415,0.000981,172.31.40.0-255,66,128354,61,305297
42416,0.001001,74.125.200.0-255,1484,129838,61,305297
42417,0.001023,74.125.200.0-255,2902,132740,61,305297
42418,0.001026,172.31.40.0-255,66,132806,61,305297
42419,0.001042,74.125.200.0-255,5738,138544,61,305297
42420,0.001045,172.31.40.0-255,66,138610,61,305297
42421,0.001079,74.125.200.0-255,1484,140094,61,305297
42422,0.001095,74.125.200.0-255,2902,142996,61,305297
42423,0.001098,172.31.40.0-255,66,143062,61,305297
42424,0.001104,74.125.200.0-255,5738,148800,61,305297
42425,0.001107,172.31.40.0-255,66,148866,61,305297
42426,0.001119,172.31.40.0-255,66,148932,61,305297
42427,0.001121,74.125.200.0-255,766,149698,61,305297
42428,0.001183,74.125.200.0-255,1484,151182,61,305297
42429,0.001187,172.31.40.0-255,66,151248,61,305297
42430,0.00121,74.125.200.0-255,2902,154150,61,305297
42431,0.001213,172.31.40.0-255,66,154216,61,305297
42432,0.001217,74.125.200.0-255,1484,155700,61,305297
42433,0.001221,74.125.200.0-255,2902,158602,61,305297
42434,0.001224,172.31.40.0-255,66,158668,61,305297
42435,0.001228,74.125.200.0-255,2902,161570,61,305297
42436,0.00123,172.31.40.0-255,66,161636,61,305297
42437,0.001252,74.125.200.0-255,2902,164538,61,305297
42438,0.001255,172.31.40.0-255,66,164604,61,305297
42439,0.001259,74.125.200.0-255,2902,167506,61,305297
42440,0.001261,172.31.40.0-255,66,167572,61,305297
42441,0.001285,172.31.40.0-255,66,167638,61,305297
42442,0.00131,74.125.200.0-255,5738,173376,61,305297
42443,0.001312,172.31.40.0-255,66,173442,61,305297
42444,0.001331,74.125.200.0-255,2184,175626,61,305297
42445,0.001334,172.31.40.0-255,66,175692,61,305297
42446,0.001345,172.31.40.0-255,66,175758,61,305297
42447,0.001376,172.31.40.0-255,66,175824,61,305297
42448,0.001398,74.125.200.0-255,4320,180144,61,305297
42449,0.001401,172.31.40.0-255,66,180210,61,305297
42450,0.001417,74.125.200.0-255,5738,185948,61,305297
42451,0.001421,172.31.40.0-255,66,186014,61,305297
42452,0.001438,74.125.200.0-255,5020,191034,61,305297
42453,0.001441,172.31.40.0-255,66,191100,61,305297
42454,0.001561,74.125.200.0-255,1484,192584,61,305297
42455,0.001574,74.125.200.0-255,2902,195486,61,305297
42456,0.001577,172.31.40.0-255,66,195552,61,305297
42457,0.001581,74.125.200.0-255,1484,197036,61,305297
42458,0.0016,74.125.200.0-255,4320,201356,61,305297
42459,0.001603,172.31.40.0-255,66,201422,61,305297
42460,0.001637,172.31.40.0-255,66,201488,61,305297
42461,0.001642,74.125.200.0-255,4320,205808,61,305297
42462,0.001644,172.31.40.0-255,66,205874,61,305297
42463,0.001663,74.125.200.0-255,5738,211612,61,305297
42464,0.001665,172.31.40.0-255,66,211678,61,305297
42465,0.001669,74.125.200.0-255,2902,214580,61,305297
42466,0.001671,172.31.40.0-255,66,214646,61,305297
42467,0.001694,74.125.200.0-255,2184,216830,61,305297
42468,0.001696,172.31.40.0-255,66,216896,61,305297
42469,0.001747,74.125.200.0-255,1484,218380,61,305297
42470,0.001759,74.125.200.0-255,1484,219864,61,305297
42471,0.001762,172.31.40.0-255,66,219930,61,305297
42472,0.001767,74.125.200.0-255,2902,222832,61,305297
42473,0.001769,172.31.40.0-255,66,222898,61,305297
42474,0.001782,74.125.200.0-255,2902,225800,61,305297
42475,0.001784,172.31.40.0-255,66,225866,61,305297
42476,0.001807,74.125.200.0-255,2902,228768,61,305297
42477,0.001809,172.31.40.0-255,66,228834,61,305297
42478,0.001825,74.125.200.0-255,5738,234572,61,305297
42479,0.001827,172.31.40.0-255,66,234638,61,305297
42480,0.001846,74.125.200.0-255,7156,241794,61,305297
42481,0.001849,172.31.40.0-255,66,241860,61,305297
42482,0.001873,74.125.200.0-255,5738,247598,61,305297
42483,0.001876,172.31.40.0-255,66,247664,61,305297
42484,0.001898,74.125.200.0-255,3602,251266,61,305297
42485,0.001901,172.31.40.0-255,66,251332,61,305297
42486,0.001912,172.31.40.0-255,66,251398,61,305297
42487,0.001918,74.125.200.0-255,4320,255718,61,305297
42488,0.00192,172.31.40.0-255,66,255784,61,305297
42489,0.00195,74.125.200.0-255,5738,261522,61,305297
42490,0.001954,172.31.40.0-255,66,261588,61,305297
42491,0.001996,74.125.200.0-255,7156,268744,61,305297
42492,0.001998,172.31.40.0-255,66,268810,61,305297
42493,0.002017,74.125.200.0-255,4320,273130,61,305297
42494,0.002019,172.31.40.0-255,66,273196,61,305297
42495,0.002025,74.125.200.0-255,6438,279634,61,305297
42496,0.002028,172.31.40.0-255,66,279700,61,305297
42497,0.002034,74.125.200.0-255,7156,286856,61,305297
42498,0.002038,172.31.40.0-255,66,286922,61,305297
42499,0.002051,172.31.40.0-255,66,286988,61,305297
42500,0.002054,74.125.200.0-255,1484,288472,61,305297
42501,0.002079,172.31.40.0-255,66,288538,61,305297
42502,0.002084,74.125.200.0-255,4320,292858,61,305297
42503,0.002086,172.31.40.0-255,66,292924,61,305297
42504,0.002108,74.125.200.0-255,1484,294408,61,305297
42505,0.002147,172.31.40.0-255,66,294474,61,305297
42506,0.002154,74.125.200.0-255,7156,301630,61,305297
42507,0.002156,172.31.40.0-255,66,301696,61,305297
42508,0.002209,172.31.40.0-255,66,301762,61,305297
42509,0.002251,74.125.200.0-255,105,301867,61,305297
42510,0.002255,172.31.40.0-255,66,301933,61,305297
42511,0.004837,172.31.40.0-255,66,301999,61,305297
42512,0.004876,172.31.40.0-255,105,302104,61,305297
42513,0.007165,74.125.200.0-255,66,302170,61,305297
42514,0.049773,172.31.40.0-255,172,302342,61,305297
42515,0.049821,172.31.40.0-255,1116,303458,61,305297
42516,0.04988,172.31.40.0-255,1514,304972,61,305297
42517,0.049881,172.31.40.0-255,325,305297,61,305297
42518,0.0,172.217.160.0-255,153,153,61,285304
42519,1.5e-05,172.31.40.0-255,66,219,61,285304
42520,2.1e-05,172.217.160.0-255,1484,1703,61,285304
42521,2.5e-05,172.31.40.0-255,66,1769,61,285304
42522,3.1e-05,172.217.160.0-255,2902,4671,61,285304
42523,3.5e-05,172.31.40.0-255,66,4737,61,285304
42524,4.2e-05,172.217.160.0-255,7156,11893,61,285304
42525,4.6e-05,172.31.40.0-255,66,11959,61,285304
42526,5e-05,172.217.160.0-255,2152,14111,61,285304
42527,5.3e-05,172.31.40.0-255,66,14177,61,285304
42528,0.000108,172.217.160.0-255,5738,19915,61,285304
42529,0.000111,172.31.40.0-255,66,19981,61,285304
42530,0.000132,172.217.160.0-255,7156,27137,61,285304
42531,0.000135,172.31.40.0-255,66,27203,61,285304
42532,0.000174,172.217.160.0-255,3961,31164,61,285304
42533,0.000177,172.31.40.0-255,66,31230,61,285304
42534,0.000193,172.217.160.0-255,4320,35550,61,285304
42535,0.000196,172.31.40.0-255,66,35616,61,285304
42536,0.000229,172.217.160.0-255,7156,42772,61,285304
42537,0.000232,172.31.40.0-255,66,42838,61,285304
42538,0.000265,172.217.160.0-255,5379,48217,61,285304
42539,0.000267,172.31.40.0-255,66,48283,61,285304
42540,0.000311,172.217.160.0-255,5738,54021,61,285304
42541,0.000314,172.31.40.0-255,66,54087,61,285304
42542,0.00032,172.217.160.0-255,4320,58407,61,285304
42543,0.000322,172.31.40.0-255,66,58473,61,285304
42544,0.000361,172.217.160.0-255,4320,62793,61,285304
42545,0.000364,172.31.40.0-255,66,62859,61,285304
42546,0.000383,172.217.160.0-255,2817,65676,61,285304
42547,0.000385,172.31.40.0-255,66,65742,61,285304
42548,0.000593,172.217.160.0-255,122,65864,61,285304
42549,0.000597,172.31.40.0-255,66,65930,61,285304
42550,0.000747,172.217.160.0-255,1484,67414,61,285304
42551,0.000752,172.217.160.0-255,1484,68898,61,285304
42552,0.000755,172.31.40.0-255,66,68964,61,285304
42553,0.000774,172.217.160.0-255,1484,70448,61,285304
42554,0.000781,172.217.160.0-255,5738,76186,61,285304
42555,0.000784,172.31.40.0-255,66,76252,61,285304
42556,0.000807,172.31.40.0-255,66,76318,61,285304
42557,0.000839,172.217.160.0-255,5379,81697,61,285304
42558,0.000842,172.31.40.0-255,66,81763,61,285304
42559,0.000853,172.31.40.0-255,66,81829,61,285304
42560,0.000855,172.217.160.0-255,1125,82954,61,285304
42561,0.000975,172.217.160.0-255,1484,84438,61,285304
42562,0.000979,172.31.40.0-255,66,84504,61,285304
42563,0.000984,172.217.160.0-255,2902,87406,61,285304
42564,0.000986,172.31.40.0-255,66,87472,61,285304
42565,0.000993,172.217.160.0-255,5738,93210,61,285304
42566,0.000995,172.31.40.0-255,66,93276,61,285304
42567,0.001028,172.31.40.0-255,66,93342,61,285304
42568,0.001068,172.31.40.0-255,66,93408,61,285304
42569,0.00109,172.217.160.0-255,5020,98428,61,285304
42570,0.001092,172.31.40.0-255,66,98494,61,285304
42571,0.001095,172.217.160.0-255,1484,99978,61,285304
42572,0.0011,172.217.160.0-255,2902,102880,61,285304
42573,0.001102,172.31.40.0-255,66,102946,61,285304
42574,0.001109,172.217.160.0-255,5738,108684,61,285304
42575,0.001112,172.31.40.0-255,66,108750,61,285304
42576,0.001117,172.217.160.0-255,4320,113070,61,285304
42577,0.001119,172.31.40.0-255,66,113136,61,285304
42578,0.001141,172.217.160.0-255,5738,118874,61,285304
42579,0.001144,172.31.40.0-255,66,118940,61,285304
42580,0.001188,172.31.40.0-255,66,119006,61,285304
42581,0.001201,172.217.160.0-255,2184,121190,61,285304
42582,0.001231,172.217.160.0-255,5738,126928,61,285304
42583,0.001245,172.31.40.0-255,66,126994,61,285304
42584,0.001264,172.217.160.0-255,2902,129896,61,285304
42585,0.001273,172.31.40.0-255,66,129962,61,285304
42586,0.001292,172.31.40.0-255,66,130028,61,285304
42587,0.001313,172.217.160.0-255,1484,131512,61,285304
42588,0.001339,172.31.40.0-255,66,131578,61,285304
42589,0.001354,172.217.160.0-255,4320,135898,61,285304
42590,0.001373,172.31.40.0-255,66,135964,61,285304
42591,0.001394,172.31.40.0-255,66,136030,61,285304
42592,0.001405,172.217.160.0-255,377,136407,61,285304
42593,0.001436,172.217.160.0-255,1484,137891,61,285304
42594,0.00144,172.217.160.0-255,1484,139375,61,285304
42595,0.001454,172.217.160.0-255,2902,142277,61,285304
42596,0.001458,172.31.40.0-255,66,142343,61,285304
42597,0.001531,172.217.160.0-255,2902,145245,61,285304
42598,0.001536,172.31.40.0-255,66,145311,61,285304
42599,0.001558,172.217.160.0-255,3602,148913,61,285304
42600,0.001562,172.217.160.0-255,4320,153233,61,285304
42601,0.001594,172.217.160.0-255,7156,160389,61,285304
42602,0.001603,172.31.40.0-255,66,160455,61,285304
42603,0.001629,172.217.160.0-255,766,161221,61,285304
42604,0.001642,172.31.40.0-255,66,161287,61,285304
42605,0.00328,172.217.160.0-255,4320,165607,61,285304
42606,0.003286,172.31.40.0-255,66,165673,61,285304
42607,0.003306,172.217.160.0-255,1484,167157,61,285304
42608,0.004939,172.217.160.0-255,4320,171477,61,285304
42609,0.004947,172.31.40.0-255,66,171543,61,285304
42610,0.006593,172.217.160.0-255,5738,177281,61,285304
42611,0.006597,172.31.40.0-255,66,177347,61,285304
42612,0.008238,172.217.160.0-255,2902,180249,61,285304
42613,0.008241,172.31.40.0-255,66,180315,61,285304
42614,0.008255,172.217.160.0-255,2902,183217,61,285304
42615,0.008257,172.31.40.0-255,66,183283,61,285304
42616,0.009927,172.217.160.0-255,5738,189021,61,285304
42617,0.009934,172.31.40.0-255,66,189087,61,285304
42618,0.01159,172.217.160.0-255,5738,194825,61,285304
42619,0.011604,172.31.40.0-255,66,194891,61,285304
42620,0.013272,172.217.160.0-255,5738,200629,61,285304
42621,0.013284,172.31.40.0-255,66,200695,61,285304
42622,0.014946,172.217.160.0-255,5738,206433,61,285304
42623,0.014959,172.31.40.0-255,66,206499,61,285304
42624,0.016613,172.217.160.0-255,5738,212237,61,285304
42625,0.016622,172.31.40.0-255,66,212303,61,285304
42626,0.018288,172.217.160.0-255,5738,218041,61,285304
42627,0.018297,172.31.40.0-255,66,218107,61,285304
42628,0.01995,172.217.160.0-255,5738,223845,61,285304
42629,0.019959,172.31.40.0-255,66,223911,61,285304
42630,0.02161,172.217.160.0-255,4320,228231,61,285304
42631,0.021618,172.31.40.0-255,66,228297,61,285304
42632,0.021638,172.217.160.0-255,1484,229781,61,285304
42633,0.023281,172.217.160.0-255,4320,234101,61,285304
42634,0.023289,172.31.40.0-255,66,234167,61,285304
42635,0.024954,172.217.160.0-255,5738,239905,61,285304
42636,0.024965,172.31.40.0-255,66,239971,61,285304
42637,0.026635,172.217.160.0-255,5738,245709,61,285304
42638,0.026643,172.31.40.0-255,66,245775,61,285304
42639,0.028288,172.217.160.0-255,5738,251513,61,285304
42640,0.028295,172.31.40.0-255,66,251579,61,285304
42641,0.029944,172.217.160.0-255,5738,257317,61,285304
42642,0.029952,172.31.40.0-255,66,257383,61,285304
42643,0.0316,172.217.160.0-255,5738,263121,61,285304
42644,0.031606,172.31.40.0-255,66,263187,61,285304
42645,0.033276,172.217.160.0-255,5738,268925,61,285304
42646,0.033283,172.31.40.0-255,66,268991,61,285304
42647,0.034971,172.217.160.0-255,5738,274729,61,285304
42648,0.034978,172.31.40.0-255,66,274795,61,285304
42649,0.03587,172.31.40.0-255,167,274962,61,285304
42650,0.035903,172.31.40.0-255,1115,276077,61,285304
42651,0.035964,172.31.40.0-255,1514,277591,61,285304
42652,0.035966,172.31.40.0-255,326,277917,61,285304
42653,0.036638,172.217.160.0-255,5738,283655,61,285304
42654,0.036645,172.31.40.0-255,66,283721,61,285304
42655,0.038043,104.244.42.0-255,66,283787,61,285304
42656,0.038277,172.217.160.0-255,1280,285067,61,285304
42657,0.038443,172.31.40.0-255,66,285133,61,285304
42658,0.038479,172.31.40.0-255,105,285238,61,285304
42659,0.040099,172.217.160.0-255,66,285304,61,285304
42660,0.0,74.125.24.0-255,142,142,61,227380
42661,1.9e-05,172.31.40.0-255,66,208,61,227380
42662,2.6e-05,74.125.24.0-255,1484,1692,61,227380
42663,2.9e-05,172.31.40.0-255,66,1758,61,227380
42664,3.4e-05,74.125.24.0-255,2902,4660,61,227380
42665,3.7e-05,172.31.40.0-255,66,4726,61,227380
42666,4.2e-05,74.125.24.0-255,2902,7628,61,227380
42667,4.5e-05,172.31.40.0-255,66,7694,61,227380
42668,7.4e-05,74.125.24.0-255,4320,12014,61,227380
42669,7.7e-05,172.31.40.0-255,66,12080,61,227380
42670,8.1e-05,74.125.24.0-255,2029,14109,61,227380
42671,8.3e-05,172.31.40.0-255,66,14175,61,227380
42672,0.000107,172.31.40.0-255,66,14241,61,227380
42673,0.00013,74.125.24.0-255,1484,15725,61,227380
42674,0.000132,172.31.40.0-255,66,15791,61,227380
42675,0.000138,74.125.24.0-255,5379,21170,61,227380
42676,0.00014,172.31.40.0-255,66,21236,61,227380
42677,0.000335,74.125.24.0-255,1484,22720,61,227380
42678,0.00034,172.31.40.0-255,66,22786,61,227380
42679,0.000361,74.125.24.0-255,2902,25688,61,227380
42680,0.000363,172.31.40.0-255,66,25754,61,227380
42681,0.000381,74.125.24.0-255,5738,31492,61,227380
42682,0.000384,172.31.40.0-255,66,31558,61,227380
42683,0.00039,74.125.24.0-255,4320,35878,61,227380
42684,0.000393,172.31.40.0-255,66,35944,61,227380
42685,0.000419,74.125.24.0-255,5379,41323,61,227380
42686,0.000422,172.31.40.0-255,66,41389,61,227380
42687,0.000447,74.125.24.0-255,5738,47127,61,227380
42688,0.000452,172.31.40.0-255,66,47193,61,227380
42689,0.0005,172.31.40.0-255,66,47259,61,227380
42690,0.000793,74.125.24.0-255,381,47640,61,227380
42691,0.000839,74.125.24.0-255,1484,49124,61,227380
42692,0.000843,172.31.40.0-255,66,49190,61,227380
42693,0.000849,74.125.24.0-255,4320,53510,61,227380
42694,0.000851,172.31.40.0-255,66,53576,61,227380
42695,0.000873,74.125.24.0-255,2902,56478,61,227380
42696,0.000877,172.31.40.0-255,66,56544,61,227380
42697,0.000891,74.125.24.0-255,7156,63700,61,227380
42698,0.000894,172.31.40.0-255,66,63766,61,227380
42699,0.000912,74.125.24.0-255,1125,64891,61,227380
42700,0.001163,172.31.40.0-255,66,64957,61,227380
42701,0.001743,74.125.24.0-255,1484,66441,61,227380
42702,0.001754,74.125.24.0-255,2902,69343,61,227380
42703,0.001759,172.31.40.0-255,66,69409,61,227380
42704,0.001786,74.125.24.0-255,5738,75147,61,227380
42705,0.001789,172.31.40.0-255,66,75213,61,227380
42706,0.001793,74.125.24.0-255,1484,76697,61,227380
42707,0.001814,74.125.24.0-255,4320,81017,61,227380
42708,0.001816,172.31.40.0-255,66,81083,61,227380
42709,0.001864,172.31.40.0-255,66,81149,61,227380
42710,0.001876,172.31.40.0-255,66,81215,61,227380
42711,0.001936,172.31.40.0-255,66,81281,61,227380
42712,0.00219,74.125.24.0-255,1484,82765,61,227380
42713,0.002202,74.125.24.0-255,2902,85667,61,227380
42714,0.002205,172.31.40.0-255,66,85733,61,227380
42715,0.00222,74.125.24.0-255,4320,90053,61,227380
42716,0.002222,172.31.40.0-255,66,90119,61,227380
42717,0.002235,74.125.24.0-255,1484,91603,61,227380
42718,0.002238,74.125.24.0-255,1484,93087,61,227380
42719,0.00224,172.31.40.0-255,66,93153,61,227380
42720,0.002272,172.31.40.0-255,66,93219,61,227380
42721,0.002283,172.31.40.0-255,66,93285,61,227380
42722,0.002302,74.125.24.0-255,2184,95469,61,227380
42723,0.002305,172.31.40.0-255,66,95535,61,227380
42724,0.002362,74.125.24.0-255,1484,97019,61,227380
42725,0.002382,74.125.24.0-255,2902,99921,61,227380
42726,0.002384,172.31.40.0-255,66,99987,61,227380
42727,0.002387,74.125.24.0-255,1484,101471,61,227380
42728,0.002406,74.125.24.0-255,4320,105791,61,227380
42729,0.002409,172.31.40.0-255,66,105857,61,227380
42730,0.002415,74.125.24.0-255,5738,111595,61,227380
42731,0.002417,172.31.40.0-255,66,111661,61,227380
42732,0.00243,74.125.24.0-255,1484,113145,61,227380
42733,0.002454,172.31.40.0-255,66,113211,61,227380
42734,0.002459,74.125.24.0-255,2902,116113,61,227380
42735,0.002461,172.31.40.0-255,66,116179,61,227380
42736,0.002476,74.125.24.0-255,2184,118363,61,227380
42737,0.002478,172.31.40.0-255,66,118429,61,227380
42738,0.004965,74.125.24.0-255,4320,122749,61,227380
42739,0.004969,172.31.40.0-255,66,122815,61,227380
42740,0.004988,74.125.24.0-255,1484,124299,61,227380
42741,0.007448,74.125.24.0-255,4320,128619,61,227380
42742,0.007472,172.31.40.0-255,66,128685,61,227380
42743,0.009972,74.125.24.0-255,5738,134423,61,227380
42744,0.00998,172.31.40.0-255,66,134489,61,227380
42745,0.012469,74.125.24.0-255,5738,140227,61,227380
42746,0.012478,172.31.40.0-255,66,140293,61,227380
42747,0.014971,74.125.24.0-255,5738,146031,61,227380
42748,0.014983,172.31.40.0-255,66,146097,61,227380
42749,0.017487,74.125.24.0-255,5738,151835,61,227380
42750,0.017498,172.31.40.0-255,66,151901,61,227380
42751,0.020016,74.125.24.0-255,5738,157639,61,227380
42752,0.020026,172.31.40.0-255,66,157705,61,227380
42753,0.022547,74.125.24.0-255,5738,163443,61,227380
42754,0.022554,172.31.40.0-255,66,163509,61,227380
42755,0.025079,74.125.24.0-255,5738,169247,61,227380
42756,0.02509,172.31.40.0-255,66,169313,61,227380
42757,0.02758,74.125.24.0-255,5738,175051,61,227380
42758,0.027587,172.31.40.0-255,66,175117,61,227380
42759,0.028743,172.31.40.0-255,172,175289,61,227380
42760,0.028776,172.31.40.0-255,1120,176409,61,227380
42761,0.028835,172.31.40.0-255,1514,177923,61,227380
42762,0.028837,172.31.40.0-255,1514,179437,61,227380
42763,0.028862,172.31.40.0-255,1073,180510,61,227380
42764,0.030114,74.125.24.0-255,5738,186248,61,227380
42765,0.030123,172.31.40.0-255,66,186314,61,227380
42766,0.030273,104.244.42.0-255,66,186380,61,227380
42767,0.030369,104.244.42.0-255,66,186446,61,227380
42768,0.030421,104.244.42.0-255,66,186512,61,227380
42769,0.030426,104.244.42.0-255,66,186578,61,227380
42770,0.031009,104.244.42.0-255,108,186686,61,227380
42771,0.031018,172.31.40.0-255,66,186752,61,227380
42772,0.032613,74.125.24.0-255,5738,192490,61,227380
42773,0.032617,172.31.40.0-255,66,192556,61,227380
42774,0.035128,74.125.24.0-255,5738,198294,61,227380
42775,0.035135,172.31.40.0-255,66,198360,61,227380
42776,0.037652,74.125.24.0-255,5738,204098,61,227380
42777,0.037658,172.31.40.0-255,66,204164,61,227380
42778,0.040177,74.125.24.0-255,5738,209902,61,227380
42779,0.040184,172.31.40.0-255,66,209968,61,227380
42780,0.042676,74.125.24.0-255,5738,215706,61,227380
42781,0.042682,172.31.40.0-255,66,215772,61,227380
42782,0.045176,74.125.24.0-255,5738,221510,61,227380
42783,0.045186,172.31.40.0-255,66,221576,61,227380
42784,0.047706,74.125.24.0-255,5738,227314,61,227380
42785,0.047712,172.31.40.0-255,66,227380,61,227380
42786,0.0,172.217.194.0-255,153,153,61,222991
42787,2.1e-05,172.31.40.0-255,66,219,61,222991
42788,2.9e-05,172.217.194.0-255,1484,1703,61,222991
42789,3.3e-05,172.31.40.0-255,66,1769,61,222991
42790,4.7e-05,172.217.194.0-255,2902,4671,61,222991
42791,5e-05,172.31.40.0-255,66,4737,61,222991
42792,5.9e-05,172.217.194.0-255,7156,11893,61,222991
42793,6.2e-05,172.31.40.0-255,66,11959,61,222991
42794,6.6e-05,172.217.194.0-255,1902,13861,61,222991
42795,6.9e-05,172.31.40.0-255,66,13927,61,222991
42796,7.5e-05,172.217.194.0-255,2902,16829,61,222991
42797,7.8e-05,172.31.40.0-255,66,16895,61,222991
42798,0.000119,172.217.194.0-255,7156,24051,61,222991
42799,0.000123,172.31.40.0-255,66,24117,61,222991
42800,0.000129,172.217.194.0-255,5738,29855,61,222991
42801,0.000131,172.31.40.0-255,66,29921,61,222991
42802,0.000139,172.217.194.0-255,1125,31046,61,222991
42803,0.000142,172.31.40.0-255,66,31112,61,222991
42804,0.000146,172.217.194.0-255,1484,32596,61,222991
42805,0.000148,172.31.40.0-255,66,32662,61,222991
42806,0.00018,172.217.194.0-255,4320,36982,61,222991
42807,0.000183,172.31.40.0-255,66,37048,61,222991
42808,0.000186,172.217.194.0-255,1484,38532,61,222991
42809,0.000187,172.31.40.0-255,66,38598,61,222991
42810,0.000225,172.31.40.0-255,66,38664,61,222991
42811,0.000228,172.217.194.0-255,1125,39789,61,222991
42812,0.00023,172.31.40.0-255,66,39855,61,222991
42813,0.001108,172.217.194.0-255,1484,41339,61,222991
42814,0.001114,172.31.40.0-255,66,41405,61,222991
42815,0.001124,172.217.194.0-255,2902,44307,61,222991
42816,0.001126,172.31.40.0-255,66,44373,61,222991
42817,0.001139,172.217.194.0-255,5738,50111,61,222991
42818,0.001141,172.31.40.0-255,66,50177,61,222991
42819,0.001148,172.217.194.0-255,5738,55915,61,222991
42820,0.00115,172.31.40.0-255,66,55981,61,222991
42821,0.001187,172.217.194.0-255,1706,57687,61,222991
42822,0.001189,172.31.40.0-255,66,57753,61,222991
42823,0.001227,172.217.194.0-255,2902,60655,61,222991
42824,0.001229,172.31.40.0-255,66,60721,61,222991
42825,0.001235,172.217.194.0-255,4320,65041,61,222991
42826,0.001238,172.31.40.0-255,66,65107,61,222991
42827,0.001273,172.31.40.0-255,66,65173,61,222991
42828,0.001276,172.217.194.0-255,1125,66298,61,222991
42829,0.001279,172.217.194.0-255,1484,67782,61,222991
42830,0.001281,172.31.40.0-255,66,67848,61,222991
42831,0.001317,172.217.194.0-255,4320,72168,61,222991
42832,0.001319,172.31.40.0-255,66,72234,61,222991
42833,0.001324,172.217.194.0-255,2902,75136,61,222991
42834,0.001326,172.31.40.0-255,66,75202,61,222991
42835,0.00136,172.217.194.0-255,7156,82358,61,222991
42836,0.001363,172.217.194.0-255,1125,83483,61,222991
42837,0.001366,172.31.40.0-255,66,83549,61,222991
42838,0.001743,172.31.40.0-255,66,83615,61,222991
42839,0.001784,172.217.194.0-255,1484,85099,61,222991
42840,0.00179,172.217.194.0-255,2902,88001,61,222991
42841,0.001793,172.31.40.0-255,66,88067,61,222991
42842,0.001799,172.217.194.0-255,5738,93805,61,222991
42843,0.001801,172.31.40.0-255,66,93871,61,222991
42844,0.001813,172.217.194.0-255,7156,101027,61,222991
42845,0.001815,172.31.40.0-255,66,101093,61,222991
42846,0.001859,172.31.40.0-255,66,101159,61,222991
42847,0.001863,172.217.194.0-255,2184,103343,61,222991
42848,0.001865,172.31.40.0-255,66,103409,61,222991
42849,0.001905,172.217.194.0-255,1484,104893,61,222991
42850,0.001927,172.217.194.0-255,2902,107795,61,222991
42851,0.00193,172.31.40.0-255,66,107861,61,222991
42852,0.001975,172.217.194.0-255,5738,113599,61,222991
42853,0.001977,172.31.40.0-255,66,113665,61,222991
42854,0.001988,172.31.40.0-255,66,113731,61,222991
42855,0.002003,172.217.194.0-255,1484,115215,61,222991
42856,0.002032,172.31.40.0-255,66,115281,61,222991
42857,0.002035,172.217.194.0-255,1484,116765,61,222991
42858,0.002068,172.31.40.0-255,66,116831,61,222991
42859,0.002073,172.217.194.0-255,4320,121151,61,222991
42860,0.002075,172.31.40.0-255,66,121217,61,222991
42861,0.002098,172.217.194.0-255,4320,125537,61,222991
42862,0.002107,172.31.40.0-255,66,125603,61,222991
42863,0.002114,172.217.194.0-255,5738,131341,61,222991
42864,0.002117,172.31.40.0-255,66,131407,61,222991
42865,0.00215,172.217.194.0-255,5020,136427,61,222991
42866,0.002153,172.31.40.0-255,66,136493,61,222991
42867,0.00251,172.217.194.0-255,1484,137977,61,222991
42868,0.002526,172.217.194.0-255,2902,140879,61,222991
42869,0.00253,172.31.40.0-255,66,140945,61,222991
42870,0.002533,172.217.194.0-255,1484,142429,61,222991
42871,0.002568,172.217.194.0-255,4320,146749,61,222991
42872,0.002571,172.31.40.0-255,66,146815,61,222991
42873,0.002577,172.217.194.0-255,4320,151135,61,222991
42874,0.002579,172.31.40.0-255,66,151201,61,222991
42875,0.002601,172.217.194.0-255,4320,155521,61,222991
42876,0.002607,172.31.40.0-255,66,155587,61,222991
42877,0.002645,172.31.40.0-255,66,155653,61,222991
42878,0.003176,172.217.194.0-255,1484,157137,61,222991
42879,0.003182,172.217.194.0-255,2902,160039,61,222991
42880,0.003185,172.31.40.0-255,66,160105,61,222991
42881,0.003189,172.217.194.0-255,1484,161589,61,222991
42882,0.003216,172.217.194.0-255,4320,165909,61,222991
42883,0.003219,172.31.40.0-255,66,165975,61,222991
42884,0.003234,172.31.40.0-255,66,166041,61,222991
42885,0.00327,172.217.194.0-255,4320,170361,61,222991
42886,0.003272,172.31.40.0-255,66,170427,61,222991
42887,0.003284,172.31.40.0-255,66,170493,61,222991
42888,0.003301,172.31.40.0-255,66,170559,61,222991
42889,0.00335,172.31.40.0-255,66,170625,61,222991
42890,0.003361,172.31.40.0-255,66,170691,61,222991
42891,0.003386,172.217.194.0-255,1484,172175,61,222991
42892,0.003407,172.217.194.0-255,2902,175077,61,222991
42893,0.003409,172.31.40.0-255,66,175143,61,222991
42894,0.003437,172.217.194.0-255,2902,178045,61,222991
42895,0.00344,172.31.40.0-255,66,178111,61,222991
42896,0.003445,172.217.194.0-255,2902,181013,61,222991
42897,0.003447,172.31.40.0-255,66,181079,61,222991
42898,0.003481,172.217.194.0-255,4320,185399,61,222991
42899,0.003485,172.31.40.0-255,66,185465,61,222991
42900,0.003523,172.31.40.0-255,66,185531,61,222991
42901,0.003526,172.217.194.0-255,1484,187015,61,222991
42902,0.003528,172.217.194.0-255,1484,188499,61,222991
42903,0.00353,172.31.40.0-255,66,188565,61,222991
42904,0.003537,172.217.194.0-255,6438,195003,61,222991
42905,0.00354,172.31.40.0-255,66,195069,61,222991
42906,0.003594,172.217.194.0-255,1484,196553,61,222991
42907,0.003599,172.217.194.0-255,2902,199455,61,222991
42908,0.003602,172.31.40.0-255,66,199521,61,222991
42909,0.003633,172.217.194.0-255,5738,205259,61,222991
42910,0.003636,172.31.40.0-255,66,205325,61,222991
42911,0.003647,172.31.40.0-255,66,205391,61,222991
42912,0.003665,172.217.194.0-255,4320,209711,61,222991
42913,0.003671,172.31.40.0-255,66,209777,61,222991
42914,0.003719,172.31.40.0-255,66,209843,61,222991
42915,0.003727,172.217.194.0-255,7156,216999,61,222991
42916,0.003729,172.31.40.0-255,66,217065,61,222991
42917,0.003765,172.31.40.0-255,66,217131,61,222991
42918,0.003775,172.31.40.0-255,66,217197,61,222991
42919,0.003783,172.217.194.0-255,2902,220099,61,222991
42920,0.003787,172.31.40.0-255,66,220165,61,222991
42921,0.003832,172.31.40.0-255,66,220231,61,222991
42922,0.003836,172.217.194.0-255,2352,222583,61,222991
42923,0.003838,172.31.40.0-255,66,222649,61,222991
42924,0.003865,172.217.194.0-255,105,222754,61,222991
42925,0.012015,172.31.40.0-255,66,222820,61,222991
42926,0.012068,172.31.40.0-255,105,222925,61,222991
42927,0.014267,172.217.194.0-255,66,222991,61,222991
42928,0.0,74.125.24.0-255,153,153,61,290817
42929,2.4e-05,172.31.40.0-255,66,219,61,290817
42930,3.1e-05,74.125.24.0-255,1484,1703,61,290817
42931,3.7e-05,172.31.40.0-255,66,1769,61,290817
42932,5e-05,74.125.24.0-255,2902,4671,61,290817
42933,5.3e-05,172.31.40.0-255,66,4737,61,290817
42934,6.2e-05,74.125.24.0-255,7156,11893,61,290817
42935,6.5e-05,172.31.40.0-255,66,11959,61,290817
42936,6.9e-05,74.125.24.0-255,2037,13996,61,290817
42937,7.2e-05,172.31.40.0-255,66,14062,61,290817
42938,0.0001,74.125.24.0-255,5738,19800,61,290817
42939,0.000108,172.31.40.0-255,66,19866,61,290817
42940,0.000135,74.125.24.0-255,5738,25604,61,290817
42941,0.000138,172.31.40.0-255,66,25670,61,290817
42942,0.00015,172.31.40.0-255,66,25736,61,290817
42943,0.000178,74.125.24.0-255,1484,27220,61,290817
42944,0.00018,172.31.40.0-255,66,27286,61,290817
42945,0.000226,172.31.40.0-255,66,27352,61,290817
42946,0.000358,74.125.24.0-255,1484,28836,61,290817
42947,0.000363,172.31.40.0-255,66,28902,61,290817
42948,0.000369,74.125.24.0-255,2902,31804,61,290817
42949,0.000372,172.31.40.0-255,66,31870,61,290817
42950,0.00041,74.125.24.0-255,5738,37608,61,290817
42951,0.000413,172.31.40.0-255,66,37674,61,290817
42952,0.000437,74.125.24.0-255,7120,44794,61,290817
42953,0.00044,172.31.40.0-255,66,44860,61,290817
42954,0.000629,74.125.24.0-255,1484,46344,61,290817
42955,0.000634,172.31.40.0-255,66,46410,61,290817
42956,0.00064,74.125.24.0-255,2902,49312,61,290817
42957,0.000642,172.31.40.0-255,66,49378,61,290817
42958,0.000645,74.125.24.0-255,1484,50862,61,290817
42959,0.00067,74.125.24.0-255,4320,55182,61,290817
42960,0.000673,172.31.40.0-255,66,55248,61,290817
42961,0.00068,74.125.24.0-255,5738,60986,61,290817
42962,0.000682,172.31.40.0-255,66,61052,61,290817
42963,0.000693,74.125.24.0-255,7156,68208,61,290817
42964,0.000696,172.31.40.0-255,66,68274,61,290817
42965,0.000726,74.125.24.0-255,2902,71176,61,290817
42966,0.000729,172.31.40.0-255,66,71242,61,290817
42967,0.000767,172.31.40.0-255,66,71308,61,290817
42968,0.00077,74.125.24.0-255,331,71639,61,290817
42969,0.00101,74.125.24.0-255,1484,73123,61,290817
42970,0.001015,172.31.40.0-255,66,73189,61,290817
42971,0.001021,74.125.24.0-255,2902,76091,61,290817
42972,0.001023,172.31.40.0-255,66,76157,61,290817
42973,0.00106,74.125.24.0-255,5738,81895,61,290817
42974,0.001064,172.31.40.0-255,66,81961,61,290817
42975,0.001069,74.125.24.0-255,4320,86281,61,290817
42976,0.001071,172.31.40.0-255,66,86347,61,290817
42977,0.001105,74.125.24.0-255,4320,90667,61,290817
42978,0.001108,172.31.40.0-255,66,90733,61,290817
42979,0.00112,172.31.40.0-255,66,90799,61,290817
42980,0.001127,74.125.24.0-255,5020,95819,61,290817
42981,0.001132,172.31.40.0-255,66,95885,61,290817
42982,0.00117,74.125.24.0-255,1484,97369,61,290817
42983,0.001183,74.125.24.0-255,2902,100271,61,290817
42984,0.001186,172.31.40.0-255,66,100337,61,290817
42985,0.00119,74.125.24.0-255,1484,101821,61,290817
42986,0.001212,74.125.24.0-255,4320,106141,61,290817
42987,0.001216,172.31.40.0-255,66,106207,61,290817
42988,0.00122,74.125.24.0-255,2902,109109,61,290817
42989,0.001222,172.31.40.0-255,66,109175,61,290817
42990,0.001256,172.31.40.0-255,66,109241,61,290817
42991,0.001259,74.125.24.0-255,1484,110725,61,290817
42992,0.001299,172.31.40.0-255,66,110791,61,290817
42993,0.001543,74.125.24.0-255,1484,112275,61,290817
42994,0.001556,74.125.24.0-255,2902,115177,61,290817
42995,0.00156,172.31.40.0-255,66,115243,61,290817
42996,0.001563,74.125.24.0-255,1484,116727,61,290817
42997,0.001589,74.125.24.0-255,4320,121047,61,290817
42998,0.001592,172.31.40.0-255,66,121113,61,290817
42999,0.001597,74.125.24.0-255,2902,124015,61,290817
43000,0.001599,172.31.40.0-255,66,124081,61,290817
43001,0.00163,172.31.40.0-255,66,124147,61,290817
43002,0.001641,172.31.40.0-255,66,124213,61,290817
43003,0.001667,74.125.24.0-255,2184,126397,61,290817
43004,0.00167,172.31.40.0-255,66,126463,61,290817
43005,0.001692,74.125.24.0-255,1484,127947,61,290817
43006,0.001697,74.125.24.0-255,2902,130849,61,290817
43007,0.0017,172.31.40.0-255,66,130915,61,290817
43008,0.001704,74.125.24.0-255,2902,133817,61,290817
43009,0.001706,172.31.40.0-255,66,133883,61,290817
43010,0.001737,74.125.24.0-255,2902,136785,61,290817
43011,0.00174,172.31.40.0-255,66,136851,61,290817
43012,0.001747,74.125.24.0-255,5738,142589,61,290817
43013,0.001749,172.31.40.0-255,66,142655,61,290817
43014,0.001765,172.31.40.0-255,66,142721,61,290817
43015,0.001771,74.125.24.0-255,5020,147741,61,290817
43016,0.001776,172.31.40.0-255,66,147807,61,290817
43017,0.001813,74.125.24.0-255,2902,150709,61,290817
43018,0.001817,172.31.40.0-255,66,150775,61,290817
43019,0.001836,74.125.24.0-255,4320,155095,61,290817
43020,0.001838,172.31.40.0-255,66,155161,61,290817
43021,0.001883,74.125.24.0-255,2902,158063,61,290817
43022,0.001889,172.31.40.0-255,66,158129,61,290817
43023,0.001892,172.31.40.0-255,66,158195,61,290817
43024,0.001926,172.31.40.0-255,66,158261,61,290817
43025,0.001931,74.125.24.0-255,2184,160445,61,290817
43026,0.001933,172.31.40.0-255,66,160511,61,290817
43027,0.001971,74.125.24.0-255,1484,161995,61,290817
43028,0.001986,74.125.24.0-255,2902,164897,61,290817
43029,0.001989,172.31.40.0-255,66,164963,61,290817
43030,0.002012,74.125.24.0-255,5738,170701,61,290817
43031,0.002015,172.31.40.0-255,66,170767,61,290817
43032,0.002048,172.31.40.0-255,66,170833,61,290817
43033,0.002076,74.125.24.0-255,5738,176571,61,290817
43034,0.002079,172.31.40.0-255,66,176637,61,290817
43035,0.002099,74.125.24.0-255,5020,181657,61,290817
43036,0.002101,172.31.40.0-255,66,181723,61,290817
43037,0.002134,74.125.24.0-255,1484,183207,61,290817
43038,0.002157,74.125.24.0-255,2902,186109,61,290817
43039,0.002163,74.125.24.0-255,5738,191847,61,290817
43040,0.002168,172.31.40.0-255,66,191913,61,290817
43041,0.002175,172.31.40.0-255,66,191979,61,290817
43042,0.00218,74.125.24.0-255,2902,194881,61,290817
43043,0.002182,172.31.40.0-255,66,194947,61,290817
43044,0.002214,172.31.40.0-255,66,195013,61,290817
43045,0.002227,172.31.40.0-255,66,195079,61,290817
43046,0.004533,74.125.24.0-255,5738,200817,61,290817
43047,0.004541,172.31.40.0-255,66,200883,61,290817
43048,0.006836,74.125.24.0-255,5738,206621,61,290817
43049,0.00684,172.31.40.0-255,66,206687,61,290817
43050,0.009169,74.125.24.0-255,5738,212425,61,290817
43051,0.009176,172.31.40.0-255,66,212491,61,290817
43052,0.011471,74.125.24.0-255,5738,218229,61,290817
43053,0.011478,172.31.40.0-255,66,218295,61,290817
43054,0.013779,74.125.24.0-255,5738,224033,61,290817
43055,0.01379,172.31.40.0-255,66,224099,61,290817
43056,0.016079,74.125.24.0-255,5738,229837,61,290817
43057,0.016088,172.31.40.0-255,66,229903,61,290817
43058,0.018385,74.125.24.0-255,5738,235641,61,290817
43059,0.018393,172.31.40.0-255,66,235707,61,290817
43060,0.020703,74.125.24.0-255,5738,241445,61,290817
43061,0.020713,172.31.40.0-255,66,241511,61,290817
43062,0.023006,74.125.24.0-255,5738,247249,61,290817
43063,0.023017,172.31.40.0-255,66,247315,61,290817
43064,0.025308,74.125.24.0-255,4320,251635,61,290817
43065,0.025316,172.31.40.0-255,66,251701,61,290817
43066,0.025346,74.125.24.0-255,1484,253185,61,290817
43067,0.027612,74.125.24.0-255,4320,257505,61,290817
43068,0.027619,172.31.40.0-255,66,257571,61,290817
43069,0.029999,74.125.24.0-255,5738,263309,61,290817
43070,0.030007,172.31.40.0-255,66,263375,61,290817
43071,0.032308,74.125.24.0-255,5738,269113,61,290817
43072,0.032314,172.31.40.0-255,66,269179,61,290817
43073,0.033184,172.31.40.0-255,172,269351,61,290817
43074,0.033217,172.31.40.0-255,1120,270471,61,290817
43075,0.033273,172.31.40.0-255,1514,271985,61,290817
43076,0.033275,172.31.40.0-255,1275,273260,61,290817
43077,0.034605,74.125.24.0-255,5738,278998,61,290817
43078,0.034613,172.31.40.0-255,66,279064,61,290817
43079,0.034689,104.244.42.0-255,66,279130,61,290817
43080,0.034791,104.244.42.0-255,66,279196,61,290817
43081,0.034796,104.244.42.0-255,66,279262,61,290817
43082,0.03689,74.125.24.0-255,5738,285000,61,290817
43083,0.036896,172.31.40.0-255,66,285066,61,290817
43084,0.039211,74.125.24.0-255,5514,290580,61,290817
43085,0.039218,172.31.40.0-255,66,290646,61,290817
43086,0.039398,172.31.40.0-255,105,290751,61,290817
43087,0.041665,74.125.24.0-255,66,290817,61,290817
43088,0.0,172.217.27.0-255,152,152,61,322386
43089,2.3e-05,172.31.40.0-255,66,218,61,322386
43090,4.2e-05,172.217.27.0-255,1484,1702,61,322386
43091,4.7e-05,172.31.40.0-255,66,1768,61,322386
43092,5.3e-05,172.217.27.0-255,2902,4670,61,322386
43093,5.6e-05,172.31.40.0-255,66,4736,61,322386
43094,6.3e-05,172.217.27.0-255,7156,11892,61,322386
43095,6.7e-05,172.31.40.0-255,66,11958,61,322386
43096,7.1e-05,172.217.27.0-255,1999,13957,61,322386
43097,7.3e-05,172.31.40.0-255,66,14023,61,322386
43098,0.000107,172.217.27.0-255,2902,16925,61,322386
43099,0.00011,172.31.40.0-255,66,16991,61,322386
43100,0.000117,172.217.27.0-255,5738,22729,61,322386
43101,0.000119,172.31.40.0-255,66,22795,61,322386
43102,0.000126,172.217.27.0-255,7156,29951,61,322386
43103,0.000129,172.31.40.0-255,66,30017,61,322386
43104,0.000154,172.217.27.0-255,1125,31142,61,322386
43105,0.000156,172.31.40.0-255,66,31208,61,322386
43106,0.000312,172.217.27.0-255,1484,32692,61,322386
43107,0.000316,172.31.40.0-255,66,32758,61,322386
43108,0.000322,172.217.27.0-255,2902,35660,61,322386
43109,0.000324,172.31.40.0-255,66,35726,61,322386
43110,0.000352,172.217.27.0-255,5738,41464,61,322386
43111,0.000355,172.31.40.0-255,66,41530,61,322386
43112,0.000361,172.217.27.0-255,4320,45850,61,322386
43113,0.000363,172.31.40.0-255,66,45916,61,322386
43114,0.000376,172.217.27.0-255,1484,47400,61,322386
43115,0.000378,172.31.40.0-255,66,47466,61,322386
43116,0.000405,172.217.27.0-255,6797,54263,61,322386
43117,0.000408,172.31.40.0-255,66,54329,61,322386
43118,0.000411,172.217.27.0-255,1484,55813,61,322386
43119,0.000413,172.31.40.0-255,66,55879,61,322386
43120,0.000432,172.217.27.0-255,5738,61617,61,322386
43121,0.000435,172.31.40.0-255,66,61683,61,322386
43122,0.000464,172.217.27.0-255,4291,65974,61,322386
43123,0.000468,172.31.40.0-255,66,66040,61,322386
43124,0.000663,172.217.27.0-255,114,66154,61,322386
43125,0.000787,172.217.27.0-255,1484,67638,61,322386
43126,0.000791,172.31.40.0-255,66,67704,61,322386
43127,0.000798,172.217.27.0-255,2902,70606,61,322386
43128,0.000801,172.31.40.0-255,66,70672,61,322386
43129,0.000807,172.217.27.0-255,4320,74992,61,322386
43130,0.000809,172.31.40.0-255,66,75058,61,322386
43131,0.000836,172.217.27.0-255,1484,76542,61,322386
43132,0.000843,172.217.27.0-255,6797,83339,61,322386
43133,0.000848,172.31.40.0-255,66,83405,61,322386
43134,0.000959,172.217.27.0-255,1484,84889,61,322386
43135,0.000963,172.217.27.0-255,1484,86373,61,322386
43136,0.000966,172.31.40.0-255,66,86439,61,322386
43137,0.000986,172.217.27.0-255,1484,87923,61,322386
43138,0.000993,172.217.27.0-255,5738,93661,61,322386
43139,0.000996,172.31.40.0-255,66,93727,61,322386
43140,0.001019,172.217.27.0-255,6797,100524,61,322386
43141,0.001022,172.31.40.0-255,66,100590,61,322386
43142,0.001309,172.217.27.0-255,1484,102074,61,322386
43143,0.001331,172.217.27.0-255,1484,103558,61,322386
43144,0.001335,172.31.40.0-255,66,103624,61,322386
43145,0.001351,172.217.27.0-255,1484,105108,61,322386
43146,0.001357,172.217.27.0-255,4320,109428,61,322386
43147,0.001359,172.31.40.0-255,66,109494,61,322386
43148,0.001393,172.217.27.0-255,2902,112396,61,322386
43149,0.001396,172.31.40.0-255,66,112462,61,322386
43150,0.001419,172.217.27.0-255,5738,118200,61,322386
43151,0.001421,172.31.40.0-255,66,118266,61,322386
43152,0.001428,172.217.27.0-255,5738,124004,61,322386
43153,0.00143,172.31.40.0-255,66,124070,61,322386
43154,0.001445,172.217.27.0-255,2902,126972,61,322386
43155,0.001448,172.31.40.0-255,66,127038,61,322386
43156,0.001458,172.31.40.0-255,66,127104,61,322386
43157,0.001536,172.217.27.0-255,1484,128588,61,322386
43158,0.00155,172.217.27.0-255,1484,130072,61,322386
43159,0.001553,172.31.40.0-255,66,130138,61,322386
43160,0.001558,172.217.27.0-255,2902,133040,61,322386
43161,0.00156,172.31.40.0-255,66,133106,61,322386
43162,0.001594,172.217.27.0-255,5738,138844,61,322386
43163,0.001597,172.31.40.0-255,66,138910,61,322386
43164,0.001604,172.217.27.0-255,5738,144648,61,322386
43165,0.001606,172.31.40.0-255,66,144714,61,322386
43166,0.001623,172.217.27.0-255,7156,151870,61,322386
43167,0.001626,172.31.40.0-255,66,151936,61,322386
43168,0.001663,172.31.40.0-255,66,152002,61,322386
43169,0.003303,172.217.27.0-255,5738,157740,61,322386
43170,0.003309,172.31.40.0-255,66,157806,61,322386
43171,0.004961,172.217.27.0-255,4320,162126,61,322386
43172,0.004964,172.31.40.0-255,66,162192,61,322386
43173,0.004993,172.217.27.0-255,1484,163676,61,322386
43174,0.006612,172.217.27.0-255,4320,167996,61,322386
43175,0.006618,172.31.40.0-255,66,168062,61,322386
43176,0.008264,172.217.27.0-255,5738,173800,61,322386
43177,0.008268,172.31.40.0-255,66,173866,61,322386
43178,0.009917,172.217.27.0-255,5738,179604,61,322386
43179,0.009924,172.31.40.0-255,66,179670,61,322386
43180,0.011577,172.217.27.0-255,5738,185408,61,322386
43181,0.011585,172.31.40.0-255,66,185474,61,322386
43182,0.013237,172.217.27.0-255,5738,191212,61,322386
43183,0.013244,172.31.40.0-255,66,191278,61,322386
43184,0.014897,172.217.27.0-255,5738,197016,61,322386
43185,0.014904,172.31.40.0-255,66,197082,61,322386
43186,0.016555,172.217.27.0-255,5738,202820,61,322386
43187,0.016562,172.31.40.0-255,66,202886,61,322386
43188,0.018208,172.217.27.0-255,5738,208624,61,322386
43189,0.018216,172.31.40.0-255,66,208690,61,322386
43190,0.019858,172.217.27.0-255,5738,214428,61,322386
43191,0.019865,172.31.40.0-255,66,214494,61,322386
43192,0.02151,172.217.27.0-255,5738,220232,61,322386
43193,0.021519,172.31.40.0-255,66,220298,61,322386
43194,0.023178,172.217.27.0-255,5738,226036,61,322386
43195,0.023186,172.31.40.0-255,66,226102,61,322386
43196,0.024832,172.217.27.0-255,5738,231840,61,322386
43197,0.024839,172.31.40.0-255,66,231906,61,322386
43198,0.026502,172.217.27.0-255,5738,237644,61,322386
43199,0.02651,172.31.40.0-255,66,237710,61,322386
43200,0.028178,172.217.27.0-255,5738,243448,61,322386
43201,0.028192,172.31.40.0-255,66,243514,61,322386
43202,0.029848,172.217.27.0-255,5738,249252,61,322386
43203,0.02986,172.31.40.0-255,66,249318,61,322386
43204,0.030582,172.31.40.0-255,101,249419,61,322386
43205,0.031512,172.217.27.0-255,5738,255157,61,322386
43206,0.031521,172.31.40.0-255,66,255223,61,322386
43207,0.032194,172.217.27.0-255,66,255289,61,322386
43208,0.033162,172.217.27.0-255,5738,261027,61,322386
43209,0.033171,172.31.40.0-255,66,261093,61,322386
43210,0.034826,172.217.27.0-255,5738,266831,61,322386
43211,0.034836,172.31.40.0-255,66,266897,61,322386
43212,0.036487,172.217.27.0-255,5738,272635,61,322386
43213,0.036497,172.31.40.0-255,66,272701,61,322386
43214,0.038148,172.217.27.0-255,5738,278439,61,322386
43215,0.038156,172.31.40.0-255,66,278505,61,322386
43216,0.039819,172.217.27.0-255,5738,284243,61,322386
43217,0.039833,172.31.40.0-255,66,284309,61,322386
43218,0.041477,172.217.27.0-255,5738,290047,61,322386
43219,0.041485,172.31.40.0-255,66,290113,61,322386
43220,0.043139,172.217.27.0-255,5738,295851,61,322386
43221,0.043148,172.31.40.0-255,66,295917,61,322386
43222,0.044806,172.217.27.0-255,5738,301655,61,322386
43223,0.044817,172.31.40.0-255,66,301721,61,322386
43224,0.046514,172.217.27.0-255,5738,307459,61,322386
43225,0.046522,172.31.40.0-255,66,307525,61,322386
43226,0.048191,172.217.27.0-255,5738,313263,61,322386
43227,0.048204,172.31.40.0-255,66,313329,61,322386
43228,0.049712,172.31.40.0-255,166,313495,61,322386
43229,0.049747,172.31.40.0-255,1140,314635,61,322386
43230,0.049811,172.31.40.0-255,1514,316149,61,322386
43231,0.049813,172.31.40.0-255,301,316450,61,322386
43232,0.049851,172.217.27.0-255,2902,319352,61,322386
43233,0.049855,172.31.40.0-255,66,319418,61,322386
43234,0.049874,172.217.27.0-255,2902,322320,61,322386
43235,0.049878,172.31.40.0-255,66,322386,61,322386
43236,0.0,172.31.40.0-255,105,105,61,276
43237,0.001777,157.240.13.0-255,105,210,61,276
43238,0.001792,172.31.40.0-255,66,276,61,276
43239,0.0,74.125.24.0-255,150,150,61,245810
43240,2.3e-05,172.31.40.0-255,66,216,61,245810
43241,3e-05,74.125.24.0-255,1484,1700,61,245810
43242,3.4e-05,172.31.40.0-255,66,1766,61,245810
43243,4.1e-05,74.125.24.0-255,2902,4668,61,245810
43244,4.5e-05,172.31.40.0-255,66,4734,61,245810
43245,5.3e-05,74.125.24.0-255,7156,11890,61,245810
43246,5.6e-05,172.31.40.0-255,66,11956,61,245810
43247,8.3e-05,74.125.24.0-255,2067,14023,61,245810
43248,8.6e-05,172.31.40.0-255,66,14089,61,245810
43249,0.000113,74.125.24.0-255,1484,15573,61,245810
43250,0.000116,172.31.40.0-255,66,15639,61,245810
43251,0.00012,74.125.24.0-255,2902,18541,61,245810
43252,0.000123,172.31.40.0-255,66,18607,61,245810
43253,0.000141,74.125.24.0-255,5738,24345,61,245810
43254,0.000144,172.31.40.0-255,66,24411,61,245810
43255,0.000156,74.125.24.0-255,1484,25895,61,245810
43256,0.000158,172.31.40.0-255,66,25961,61,245810
43257,0.00018,74.125.24.0-255,5379,31340,61,245810
43258,0.000183,172.31.40.0-255,66,31406,61,245810
43259,0.000187,74.125.24.0-255,2902,34308,61,245810
43260,0.000189,172.31.40.0-255,66,34374,61,245810
43261,0.000204,74.125.24.0-255,4320,38694,61,245810
43262,0.000206,172.31.40.0-255,66,38760,61,245810
43263,0.00021,74.125.24.0-255,1484,40244,61,245810
43264,0.000212,172.31.40.0-255,66,40310,61,245810
43265,0.000246,172.31.40.0-255,66,40376,61,245810
43266,0.000263,74.125.24.0-255,2902,43278,61,245810
43267,0.000266,172.31.40.0-255,66,43344,61,245810
43268,0.000271,74.125.24.0-255,2902,46246,61,245810
43269,0.000273,172.31.40.0-255,66,46312,61,245810
43270,0.000308,74.125.24.0-255,1484,47796,61,245810
43271,0.000322,172.31.40.0-255,66,47862,61,245810
43272,0.000325,74.125.24.0-255,1452,49314,61,245810
43273,0.000368,74.125.24.0-255,1484,50798,61,245810
43274,0.000371,172.31.40.0-255,66,50864,61,245810
43275,0.000377,74.125.24.0-255,2902,53766,61,245810
43276,0.000379,172.31.40.0-255,66,53832,61,245810
43277,0.000382,74.125.24.0-255,1484,55316,61,245810
43278,0.000399,74.125.24.0-255,4320,59636,61,245810
43279,0.000401,172.31.40.0-255,66,59702,61,245810
43280,0.000415,74.125.24.0-255,4320,64022,61,245810
43281,0.000418,172.31.40.0-255,66,64088,61,245810
43282,0.000441,74.125.24.0-255,2543,66631,61,245810
43283,0.000444,172.31.40.0-255,66,66697,61,245810
43284,0.000451,74.125.24.0-255,7156,73853,61,245810
43285,0.000453,172.31.40.0-255,66,73919,61,245810
43286,0.000465,74.125.24.0-255,2902,76821,61,245810
43287,0.000468,172.31.40.0-255,66,76887,61,245810
43288,0.000538,74.125.24.0-255,7082,83969,61,245810
43289,0.000541,172.31.40.0-255,66,84035,61,245810
43290,0.000828,74.125.24.0-255,1484,85519,61,245810
43291,0.000833,74.125.24.0-255,1484,87003,61,245810
43292,0.000836,172.31.40.0-255,66,87069,61,245810
43293,0.000853,74.125.24.0-255,1484,88553,61,245810
43294,0.00086,74.125.24.0-255,5738,94291,61,245810
43295,0.000862,172.31.40.0-255,66,94357,61,245810
43296,0.000865,74.125.24.0-255,1484,95841,61,245810
43297,0.000889,74.125.24.0-255,7156,102997,61,245810
43298,0.000891,172.31.40.0-255,66,103063,61,245810
43299,0.000904,74.125.24.0-255,2902,105965,61,245810
43300,0.000907,172.31.40.0-255,66,106031,61,245810
43301,0.000936,172.31.40.0-255,66,106097,61,245810
43302,0.000948,172.31.40.0-255,66,106163,61,245810
43303,0.000975,74.125.24.0-255,2902,109065,61,245810
43304,0.000979,172.31.40.0-255,66,109131,61,245810
43305,0.001015,172.31.40.0-255,66,109197,61,245810
43306,0.001058,74.125.24.0-255,2902,112099,61,245810
43307,0.00106,172.31.40.0-255,66,112165,61,245810
43308,0.001078,74.125.24.0-255,1484,113649,61,245810
43309,0.001085,74.125.24.0-255,5738,119387,61,245810
43310,0.001088,172.31.40.0-255,66,119453,61,245810
43311,0.0011,172.31.40.0-255,66,119519,61,245810
43312,0.001113,172.31.40.0-255,66,119585,61,245810
43313,0.001138,74.125.24.0-255,1484,121069,61,245810
43314,0.001143,74.125.24.0-255,2902,123971,61,245810
43315,0.001145,172.31.40.0-255,66,124037,61,245810
43316,0.00115,74.125.24.0-255,2902,126939,61,245810
43317,0.001152,172.31.40.0-255,66,127005,61,245810
43318,0.001168,74.125.24.0-255,2902,129907,61,245810
43319,0.00117,172.31.40.0-255,66,129973,61,245810
43320,0.001183,74.125.24.0-255,2902,132875,61,245810
43321,0.001186,172.31.40.0-255,66,132941,61,245810
43322,0.001203,74.125.24.0-255,5379,138320,61,245810
43323,0.001206,172.31.40.0-255,66,138386,61,245810
43324,0.001217,172.31.40.0-255,66,138452,61,245810
43325,0.00122,74.125.24.0-255,1484,139936,61,245810
43326,0.001253,172.31.40.0-255,66,140002,61,245810
43327,0.001289,74.125.24.0-255,5020,145022,61,245810
43328,0.001293,172.31.40.0-255,66,145088,61,245810
43329,0.001337,74.125.24.0-255,4320,149408,61,245810
43330,0.00134,172.31.40.0-255,66,149474,61,245810
43331,0.001347,74.125.24.0-255,5738,155212,61,245810
43332,0.001349,172.31.40.0-255,66,155278,61,245810
43333,0.001372,74.125.24.0-255,5738,161016,61,245810
43334,0.001375,172.31.40.0-255,66,161082,61,245810
43335,0.00139,74.125.24.0-255,5738,166820,61,245810
43336,0.001393,172.31.40.0-255,66,166886,61,245810
43337,0.001399,74.125.24.0-255,5738,172624,61,245810
43338,0.001401,172.31.40.0-255,66,172690,61,245810
43339,0.001443,74.125.24.0-255,4320,177010,61,245810
43340,0.001446,172.31.40.0-255,66,177076,61,245810
43341,0.001466,74.125.24.0-255,2184,179260,61,245810
43342,0.00147,172.31.40.0-255,66,179326,61,245810
43343,0.001566,74.125.24.0-255,1484,180810,61,245810
43344,0.001588,74.125.24.0-255,2902,183712,61,245810
43345,0.001591,74.125.24.0-255,1484,185196,61,245810
43346,0.001595,172.31.40.0-255,66,185262,61,245810
43347,0.001619,74.125.24.0-255,4320,189582,61,245810
43348,0.001622,172.31.40.0-255,66,189648,61,245810
43349,0.001635,74.125.24.0-255,5738,195386,61,245810
43350,0.001637,172.31.40.0-255,66,195452,61,245810
43351,0.001657,74.125.24.0-255,7156,202608,61,245810
43352,0.001659,172.31.40.0-255,66,202674,61,245810
43353,0.001665,74.125.24.0-255,5738,208412,61,245810
43354,0.001668,172.31.40.0-255,66,208478,61,245810
43355,0.001689,74.125.24.0-255,1484,209962,61,245810
43356,0.001713,74.125.24.0-255,3602,213564,61,245810
43357,0.001716,172.31.40.0-255,66,213630,61,245810
43358,0.001793,74.125.24.0-255,1484,215114,61,245810
43359,0.001807,74.125.24.0-255,2902,218016,61,245810
43360,0.00181,172.31.40.0-255,66,218082,61,245810
43361,0.001835,74.125.24.0-255,5738,223820,61,245810
43362,0.001839,172.31.40.0-255,66,223886,61,245810
43363,0.001871,74.125.24.0-255,7156,231042,61,245810
43364,0.001875,172.31.40.0-255,66,231108,61,245810
43365,0.001881,74.125.24.0-255,4320,235428,61,245810
43366,0.001882,172.31.40.0-255,66,235494,61,245810
43367,0.001919,172.31.40.0-255,66,235560,61,245810
43368,0.001923,74.125.24.0-255,2184,237744,61,245810
43369,0.001925,172.31.40.0-255,66,237810,61,245810
43370,0.001994,172.31.40.0-255,66,237876,61,245810
43371,0.002021,172.31.40.0-255,66,237942,61,245810
43372,0.002058,172.31.40.0-255,66,238008,61,245810
43373,0.002083,74.125.24.0-255,766,238774,61,245810
43374,0.002097,172.31.40.0-255,66,238840,61,245810
43375,0.00213,74.125.24.0-255,1484,240324,61,245810
43376,0.002164,172.31.40.0-255,66,240390,61,245810
43377,0.002167,74.125.24.0-255,105,240495,61,245810
43378,0.005193,172.31.40.0-255,66,240561,61,245810
43379,0.005231,172.31.40.0-255,105,240666,61,245810
43380,0.007514,74.125.24.0-255,66,240732,61,245810
43381,0.045189,172.31.40.0-255,176,240908,61,245810
43382,0.045225,172.31.40.0-255,1120,242028,61,245810
43383,0.045286,172.31.40.0-255,1514,243542,61,245810
43384,0.045288,172.31.40.0-255,1514,245056,61,245810
43385,0.045289,172.31.40.0-255,316,245372,61,245810
43386,0.046696,104.244.42.0-255,66,245438,61,245810
43387,0.046772,104.244.42.0-255,66,245504,61,245810
43388,0.046832,104.244.42.0-255,66,245570,61,245810
43389,0.046837,104.244.42.0-255,66,245636,61,245810
43390,0.047306,104.244.42.0-255,108,245744,61,245810
43391,0.047315,172.31.40.0-255,66,245810,61,245810
43392,0.0,74.125.24.0-255,296,296,61,236741
43393,1.5e-05,172.31.40.0-255,66,362,61,236741
43394,2.2e-05,74.125.24.0-255,1484,1846,61,236741
43395,2.6e-05,172.31.40.0-255,66,1912,61,236741
43396,3.1e-05,74.125.24.0-255,2902,4814,61,236741
43397,4.5e-05,172.31.40.0-255,66,4880,61,236741
43398,5.2e-05,74.125.24.0-255,5738,10618,61,236741
43399,5.5e-05,172.31.40.0-255,66,10684,61,236741
43400,8.7e-05,74.125.24.0-255,3336,14020,61,236741
43401,9e-05,172.31.40.0-255,66,14086,61,236741
43402,0.000339,74.125.24.0-255,1484,15570,61,236741
43403,0.000346,172.31.40.0-255,66,15636,61,236741
43404,0.000351,74.125.24.0-255,2902,18538,61,236741
43405,0.000354,172.31.40.0-255,66,18604,61,236741
43406,0.000365,74.125.24.0-255,4320,22924,61,236741
43407,0.000367,172.31.40.0-255,66,22990,61,236741
43408,0.000378,74.125.24.0-255,1484,24474,61,236741
43409,0.000381,172.31.40.0-255,66,24540,61,236741
43410,0.00039,74.125.24.0-255,6797,31337,61,236741
43411,0.000396,172.31.40.0-255,66,31403,61,236741
43412,0.0004,74.125.24.0-255,2902,34305,61,236741
43413,0.000402,172.31.40.0-255,66,34371,61,236741
43414,0.000432,74.125.24.0-255,4320,38691,61,236741
43415,0.000435,172.31.40.0-255,66,38757,61,236741
43416,0.000451,172.31.40.0-255,66,38823,61,236741
43417,0.000506,74.125.24.0-255,1484,40307,61,236741
43418,0.000509,172.31.40.0-255,66,40373,61,236741
43419,0.000514,74.125.24.0-255,2902,43275,61,236741
43420,0.000517,172.31.40.0-255,66,43341,61,236741
43421,0.000522,74.125.24.0-255,4320,47661,61,236741
43422,0.000529,172.31.40.0-255,66,47727,61,236741
43423,0.000542,74.125.24.0-255,4320,52047,61,236741
43424,0.000545,172.31.40.0-255,66,52113,61,236741
43425,0.000577,74.125.24.0-255,4276,56389,61,236741
43426,0.00058,172.31.40.0-255,66,56455,61,236741
43427,0.000583,74.125.24.0-255,107,56562,61,236741
43428,0.000587,74.125.24.0-255,331,56893,61,236741
43429,0.000684,74.125.24.0-255,1484,58377,61,236741
43430,0.000688,172.31.40.0-255,66,58443,61,236741
43431,0.000694,74.125.24.0-255,2902,61345,61,236741
43432,0.000697,172.31.40.0-255,66,61411,61,236741
43433,0.000703,74.125.24.0-255,5738,67149,61,236741
43434,0.00071,172.31.40.0-255,66,67215,61,236741
43435,0.000738,74.125.24.0-255,6797,74012,61,236741
43436,0.000745,172.31.40.0-255,66,74078,61,236741
43437,0.000781,74.125.24.0-255,7156,81234,61,236741
43438,0.000785,172.31.40.0-255,66,81300,61,236741
43439,0.000797,172.31.40.0-255,66,81366,61,236741
43440,0.00099,74.125.24.0-255,1484,82850,61,236741
43441,0.000996,74.125.24.0-255,2902,85752,61,236741
43442,0.001,172.31.40.0-255,66,85818,61,236741
43443,0.001007,74.125.24.0-255,5738,91556,61,236741
43444,0.00101,172.31.40.0-255,66,91622,61,236741
43445,0.001052,172.31.40.0-255,66,91688,61,236741
43446,0.001056,74.125.24.0-255,1484,93172,61,236741
43447,0.001101,172.31.40.0-255,66,93238,61,236741
43448,0.00115,74.125.24.0-255,1484,94722,61,236741
43449,0.001163,74.125.24.0-255,2902,97624,61,236741
43450,0.001166,172.31.40.0-255,66,97690,61,236741
43451,0.001171,74.125.24.0-255,2902,100592,61,236741
43452,0.001173,172.31.40.0-255,66,100658,61,236741
43453,0.001194,74.125.24.0-255,2902,103560,61,236741
43454,0.001197,172.31.40.0-255,66,103626,61,236741
43455,0.001209,172.31.40.0-255,66,103692,61,236741
43456,0.001232,74.125.24.0-255,2902,106594,61,236741
43457,0.001234,172.31.40.0-255,66,106660,61,236741
43458,0.001246,74.125.24.0-255,7156,113816,61,236741
43459,0.001249,172.31.40.0-255,66,113882,61,236741
43460,0.001254,74.125.24.0-255,3602,117484,61,236741
43461,0.001256,172.31.40.0-255,66,117550,61,236741
43462,0.001301,74.125.24.0-255,4320,121870,61,236741
43463,0.001305,172.31.40.0-255,66,121936,61,236741
43464,0.001317,172.31.40.0-255,66,122002,61,236741
43465,0.001323,74.125.24.0-255,5738,127740,61,236741
43466,0.001331,172.31.40.0-255,66,127806,61,236741
43467,0.001355,74.125.24.0-255,1484,129290,61,236741
43468,0.001364,74.125.24.0-255,7156,136446,61,236741
43469,0.00137,172.31.40.0-255,66,136512,61,236741
43470,0.001396,74.125.24.0-255,5020,141532,61,236741
43471,0.001398,172.31.40.0-255,66,141598,61,236741
43472,0.001554,74.125.24.0-255,1484,143082,61,236741
43473,0.001574,74.125.24.0-255,2902,145984,61,236741
43474,0.001578,172.31.40.0-255,66,146050,61,236741
43475,0.001582,74.125.24.0-255,1484,147534,61,236741
43476,0.001601,74.125.24.0-255,4320,151854,61,236741
43477,0.001603,172.31.40.0-255,66,151920,61,236741
43478,0.001606,74.125.24.0-255,1484,153404,61,236741
43479,0.001649,172.31.40.0-255,66,153470,61,236741
43480,0.001686,172.31.40.0-255,66,153536,61,236741
43481,0.001755,172.31.40.0-255,66,153602,61,236741
43482,0.00177,74.125.24.0-255,7156,160758,61,236741
43483,0.001773,172.31.40.0-255,66,160824,61,236741
43484,0.001779,74.125.24.0-255,5738,166562,61,236741
43485,0.001782,172.31.40.0-255,66,166628,61,236741
43486,0.001833,74.125.24.0-255,1484,168112,61,236741
43487,0.001846,74.125.24.0-255,2902,171014,61,236741
43488,0.001849,74.125.24.0-255,1484,172498,61,236741
43489,0.001863,74.125.24.0-255,4320,176818,61,236741
43490,0.001912,74.125.24.0-255,4320,181138,61,236741
43491,0.001929,74.125.24.0-255,2902,184040,61,236741
43492,0.001988,74.125.24.0-255,1484,185524,61,236741
43493,0.001992,74.125.24.0-255,2902,188426,61,236741
43494,0.002015,74.125.24.0-255,5738,194164,61,236741
43495,0.002021,74.125.24.0-255,4320,198484,61,236741
43496,0.002036,74.125.24.0-255,4320,202804,61,236741
43497,0.002115,74.125.24.0-255,6438,209242,61,236741
43498,0.00215,74.125.24.0-255,1484,210726,61,236741
43499,0.002154,74.125.24.0-255,2902,213628,61,236741
43500,0.002176,74.125.24.0-255,5738,219366,61,236741
43501,0.002179,74.125.24.0-255,1484,220850,61,236741
43502,0.002272,74.125.24.0-255,6438,227288,61,236741
43503,0.002336,74.125.24.0-255,5738,233026,61,236741
43504,0.002372,74.125.24.0-255,105,233131,61,236741
43505,0.009835,172.31.40.0-255,66,233197,61,236741
43506,0.01239,74.125.24.0-255,105,233302,61,236741
43507,0.0124,172.31.40.0-255,78,233380,61,236741
43508,0.01251,172.31.40.0-255,105,233485,61,236741
43509,0.015064,74.125.24.0-255,66,233551,61,236741
43510,0.039667,172.31.40.0-255,167,233718,61,236741
43511,0.039707,172.31.40.0-255,1115,234833,61,236741
43512,0.039768,172.31.40.0-255,1514,236347,61,236741
43513,0.039769,172.31.40.0-255,328,236675,61,236741
43514,0.041279,104.244.42.0-255,66,236741,61,236741
43515,0.0,172.217.194.0-255,153,153,61,123376
43516,2.6e-05,172.31.40.0-255,66,219,61,123376
43517,3.4e-05,172.217.194.0-255,1484,1703,61,123376
43518,3.9e-05,172.31.40.0-255,66,1769,61,123376
43519,4.4e-05,172.217.194.0-255,2902,4671,61,123376
43520,5.6e-05,172.31.40.0-255,66,4737,61,123376
43521,6.1e-05,172.217.194.0-255,4320,9057,61,123376
43522,6.4e-05,172.31.40.0-255,66,9123,61,123376
43523,7.7e-05,172.31.40.0-255,66,9189,61,123376
43524,9e-05,172.31.40.0-255,66,9255,61,123376
43525,0.000117,172.217.194.0-255,3961,13216,61,123376
43526,0.00012,172.31.40.0-255,66,13282,61,123376
43527,0.000125,172.217.194.0-255,2902,16184,61,123376
43528,0.000127,172.31.40.0-255,66,16250,61,123376
43529,0.00016,172.31.40.0-255,66,16316,61,123376
43530,0.000163,172.217.194.0-255,1484,17800,61,123376
43531,0.000165,172.31.40.0-255,66,17866,61,123376
43532,0.000196,172.217.194.0-255,2543,20409,61,123376
43533,0.0002,172.31.40.0-255,66,20475,61,123376
43534,0.000241,172.217.194.0-255,1484,21959,61,123376
43535,0.000243,172.31.40.0-255,66,22025,61,123376
43536,0.000247,172.217.194.0-255,1484,23509,61,123376
43537,0.000249,172.31.40.0-255,66,23575,61,123376
43538,0.000277,172.217.194.0-255,1484,25059,61,123376
43539,0.000279,172.31.40.0-255,66,25125,61,123376
43540,0.000286,172.217.194.0-255,5738,30863,61,123376
43541,0.000288,172.31.40.0-255,66,30929,61,123376
43542,0.000294,172.217.194.0-255,5738,36667,61,123376
43543,0.000297,172.31.40.0-255,66,36733,61,123376
43544,0.000318,172.217.194.0-255,1435,38168,61,123376
43545,0.000353,172.217.194.0-255,366,38534,61,123376
43546,0.000356,172.31.40.0-255,66,38600,61,123376
43547,0.000598,172.217.194.0-255,1484,40084,61,123376
43548,0.000605,172.217.194.0-255,2902,42986,61,123376
43549,0.000609,172.31.40.0-255,66,43052,61,123376
43550,0.000643,172.217.194.0-255,5738,48790,61,123376
43551,0.000646,172.31.40.0-255,66,48856,61,123376
43552,0.000653,172.217.194.0-255,5738,54594,61,123376
43553,0.000655,172.31.40.0-255,66,54660,61,123376
43554,0.000706,172.31.40.0-255,66,54726,61,123376
43555,0.000709,172.217.194.0-255,766,55492,61,123376
43556,0.000778,172.217.194.0-255,1484,56976,61,123376
43557,0.000782,172.31.40.0-255,66,57042,61,123376
43558,0.000787,172.217.194.0-255,2902,59944,61,123376
43559,0.000788,172.31.40.0-255,66,60010,61,123376
43560,0.000791,172.217.194.0-255,1484,61494,61,123376
43561,0.000814,172.217.194.0-255,4320,65814,61,123376
43562,0.000817,172.31.40.0-255,66,65880,61,123376
43563,0.000831,172.31.40.0-255,66,65946,61,123376
43564,0.000875,172.31.40.0-255,66,66012,61,123376
43565,0.001446,172.217.194.0-255,1484,67496,61,123376
43566,0.001466,172.217.194.0-255,2902,70398,61,123376
43567,0.00147,172.31.40.0-255,66,70464,61,123376
43568,0.001477,172.217.194.0-255,5738,76202,61,123376
43569,0.001479,172.31.40.0-255,66,76268,61,123376
43570,0.001511,172.217.194.0-255,7156,83424,61,123376
43571,0.001513,172.31.40.0-255,66,83490,61,123376
43572,0.001536,172.217.194.0-255,2902,86392,61,123376
43573,0.001539,172.31.40.0-255,66,86458,61,123376
43574,0.00155,172.31.40.0-255,66,86524,61,123376
43575,0.001555,172.217.194.0-255,2184,88708,61,123376
43576,0.001557,172.31.40.0-255,66,88774,61,123376
43577,0.001754,172.217.194.0-255,1484,90258,61,123376
43578,0.001761,172.217.194.0-255,2902,93160,61,123376
43579,0.001764,172.31.40.0-255,66,93226,61,123376
43580,0.001772,172.217.194.0-255,5738,98964,61,123376
43581,0.001774,172.31.40.0-255,66,99030,61,123376
43582,0.001791,172.217.194.0-255,1484,100514,61,123376
43583,0.001829,172.31.40.0-255,66,100580,61,123376
43584,0.001842,172.31.40.0-255,66,100646,61,123376
43585,0.001883,172.31.40.0-255,66,100712,61,123376
43586,0.001923,172.31.40.0-255,66,100778,61,123376
43587,0.001935,172.31.40.0-255,66,100844,61,123376
43588,0.001969,172.217.194.0-255,4320,105164,61,123376
43589,0.001972,172.31.40.0-255,66,105230,61,123376
43590,0.002041,172.31.40.0-255,66,105296,61,123376
43591,0.002068,172.31.40.0-255,66,105362,61,123376
43592,0.002079,172.31.40.0-255,66,105428,61,123376
43593,0.002097,172.31.40.0-255,66,105494,61,123376
43594,0.002103,172.217.194.0-255,2902,108396,61,123376
43595,0.002105,172.31.40.0-255,66,108462,61,123376
43596,0.00211,172.217.194.0-255,2902,111364,61,123376
43597,0.002111,172.31.40.0-255,66,111430,61,123376
43598,0.002182,172.31.40.0-255,66,111496,61,123376
43599,0.002185,172.31.40.0-255,66,111562,61,123376
43600,0.002223,172.31.40.0-255,66,111628,61,123376
43601,0.002245,172.31.40.0-255,66,111694,61,123376
43602,0.00228,172.217.194.0-255,2184,113878,61,123376
43603,0.002283,172.31.40.0-255,66,113944,61,123376
43604,0.002297,172.31.40.0-255,66,114010,61,123376
43605,0.0023,172.217.194.0-255,105,114115,61,123376
43606,0.004719,172.31.40.0-255,66,114181,61,123376
43607,0.00476,172.31.40.0-255,105,114286,61,123376
43608,0.007133,172.217.194.0-255,66,114352,61,123376
43609,0.04159,172.31.40.0-255,172,114524,61,123376
43610,0.041629,172.31.40.0-255,1120,115644,61,123376
43611,0.041698,172.31.40.0-255,1514,117158,61,123376
43612,0.0417,172.31.40.0-255,1514,118672,61,123376
43613,0.041705,172.31.40.0-255,1514,120186,61,123376
43614,0.041706,172.31.40.0-255,1514,121700,61,123376
43615,0.041725,172.31.40.0-255,1478,123178,61,123376
43616,0.04315,104.244.42.0-255,66,123244,61,123376
43617,0.043208,104.244.42.0-255,66,123310,61,123376
43618,0.043296,104.244.42.0-255,66,123376,61,123376
43619,0.0,172.217.194.0-255,153,153,61,156289
43620,2e-05,172.31.40.0-255,66,219,61,156289
43621,2.7e-05,172.217.194.0-255,1484,1703,61,156289
43622,3.2e-05,172.31.40.0-255,66,1769,61,156289
43623,4.5e-05,172.217.194.0-255,2902,4671,61,156289
43624,4.9e-05,172.31.40.0-255,66,4737,61,156289
43625,5.2e-05,172.217.194.0-255,1484,6221,61,156289
43626,5.5e-05,172.31.40.0-255,66,6287,61,156289
43627,6.1e-05,172.217.194.0-255,2902,9189,61,156289
43628,6.3e-05,172.31.40.0-255,66,9255,61,156289
43629,0.000107,172.217.194.0-255,6256,15511,61,156289
43630,0.00011,172.31.40.0-255,66,15577,61,156289
43631,0.000118,172.217.194.0-255,7156,22733,61,156289
43632,0.00012,172.31.40.0-255,66,22799,61,156289
43633,0.000152,172.217.194.0-255,1484,24283,61,156289
43634,0.000154,172.31.40.0-255,66,24349,61,156289
43635,0.000197,172.31.40.0-255,66,24415,61,156289
43636,0.000209,172.31.40.0-255,66,24481,61,156289
43637,0.000226,172.31.40.0-255,66,24547,61,156289
43638,0.000231,172.217.194.0-255,4320,28867,61,156289
43639,0.000233,172.31.40.0-255,66,28933,61,156289
43640,0.000259,172.217.194.0-255,2831,31764,61,156289
43641,0.000262,172.31.40.0-255,66,31830,61,156289
43642,0.000524,172.217.194.0-255,100,31930,61,156289
43643,0.000529,172.31.40.0-255,66,31996,61,156289
43644,0.000565,172.217.194.0-255,1484,33480,61,156289
43645,0.000569,172.31.40.0-255,66,33546,61,156289
43646,0.000575,172.217.194.0-255,2902,36448,61,156289
43647,0.000577,172.31.40.0-255,66,36514,61,156289
43648,0.000582,172.217.194.0-255,2902,39416,61,156289
43649,0.000589,172.31.40.0-255,66,39482,61,156289
43650,0.000625,172.217.194.0-255,1484,40966,61,156289
43651,0.00064,172.31.40.0-255,66,41032,61,156289
43652,0.000653,172.31.40.0-255,66,41098,61,156289
43653,0.000678,172.217.194.0-255,3602,44700,61,156289
43654,0.000681,172.31.40.0-255,66,44766,61,156289
43655,0.000708,172.217.194.0-255,1484,46250,61,156289
43656,0.000714,172.217.194.0-255,2902,49152,61,156289
43657,0.000717,172.31.40.0-255,66,49218,61,156289
43658,0.000746,172.217.194.0-255,5738,54956,61,156289
43659,0.000749,172.31.40.0-255,66,55022,61,156289
43660,0.000755,172.217.194.0-255,5738,60760,61,156289
43661,0.000757,172.31.40.0-255,66,60826,61,156289
43662,0.000771,172.31.40.0-255,66,60892,61,156289
43663,0.000797,172.217.194.0-255,2902,63794,61,156289
43664,0.000799,172.31.40.0-255,66,63860,61,156289
43665,0.000805,172.217.194.0-255,5020,68880,61,156289
43666,0.000806,172.31.40.0-255,66,68946,61,156289
43667,0.000816,172.217.194.0-255,5738,74684,61,156289
43668,0.000818,172.31.40.0-255,66,74750,61,156289
43669,0.000823,172.217.194.0-255,5738,80488,61,156289
43670,0.000826,172.31.40.0-255,66,80554,61,156289
43671,0.00084,172.217.194.0-255,7156,87710,61,156289
43672,0.000842,172.31.40.0-255,66,87776,61,156289
43673,0.000845,172.217.194.0-255,1484,89260,61,156289
43674,0.00088,172.31.40.0-255,66,89326,61,156289
43675,0.000882,172.217.194.0-255,1064,90390,61,156289
43676,0.001368,172.217.194.0-255,1484,91874,61,156289
43677,0.001372,172.31.40.0-255,66,91940,61,156289
43678,0.001377,172.217.194.0-255,2902,94842,61,156289
43679,0.001379,172.31.40.0-255,66,94908,61,156289
43680,0.001409,172.217.194.0-255,5738,100646,61,156289
43681,0.001411,172.31.40.0-255,66,100712,61,156289
43682,0.001414,172.217.194.0-255,1484,102196,61,156289
43683,0.001422,172.31.40.0-255,66,102262,61,156289
43684,0.001451,172.217.194.0-255,4320,106582,61,156289
43685,0.001453,172.31.40.0-255,66,106648,61,156289
43686,0.001483,172.31.40.0-255,66,106714,61,156289
43687,0.001686,172.217.194.0-255,1484,108198,61,156289
43688,0.001699,172.217.194.0-255,2902,111100,61,156289
43689,0.001701,172.31.40.0-255,66,111166,61,156289
43690,0.001733,172.217.194.0-255,2902,114068,61,156289
43691,0.001735,172.31.40.0-255,66,114134,61,156289
43692,0.001749,172.217.194.0-255,2902,117036,61,156289
43693,0.001754,172.31.40.0-255,66,117102,61,156289
43694,0.001766,172.31.40.0-255,66,117168,61,156289
43695,0.001775,172.31.40.0-255,66,117234,61,156289
43696,0.001803,172.217.194.0-255,2184,119418,61,156289
43697,0.001805,172.31.40.0-255,66,119484,61,156289
43698,0.001919,172.217.194.0-255,1484,120968,61,156289
43699,0.001922,172.217.194.0-255,1484,122452,61,156289
43700,0.001929,172.31.40.0-255,66,122518,61,156289
43701,0.001933,172.217.194.0-255,1484,124002,61,156289
43702,0.001964,172.217.194.0-255,5738,129740,61,156289
43703,0.001967,172.31.40.0-255,66,129806,61,156289
43704,0.001973,172.217.194.0-255,5738,135544,61,156289
43705,0.001975,172.31.40.0-255,66,135610,61,156289
43706,0.001994,172.31.40.0-255,66,135676,61,156289
43707,0.002037,172.217.194.0-255,2902,138578,61,156289
43708,0.00204,172.31.40.0-255,66,138644,61,156289
43709,0.002043,172.31.40.0-255,66,138710,61,156289
43710,0.002076,172.31.40.0-255,66,138776,61,156289
43711,0.002089,172.31.40.0-255,66,138842,61,156289
43712,0.002107,172.217.194.0-255,1484,140326,61,156289
43713,0.002155,172.31.40.0-255,66,140392,61,156289
43714,0.00219,172.31.40.0-255,66,140458,61,156289
43715,0.002217,172.217.194.0-255,7156,147614,61,156289
43716,0.00222,172.31.40.0-255,66,147680,61,156289
43717,0.002232,172.31.40.0-255,66,147746,61,156289
43718,0.002273,172.31.40.0-255,66,147812,61,156289
43719,0.002289,172.31.40.0-255,66,147878,61,156289
43720,0.00233,172.31.40.0-255,66,147944,61,156289
43721,0.002359,172.31.40.0-255,66,148010,61,156289
43722,0.002361,172.217.194.0-255,105,148115,61,156289
43723,0.01017,172.31.40.0-255,66,148181,61,156289
43724,0.010231,172.31.40.0-255,105,148286,61,156289
43725,0.012739,172.217.194.0-255,66,148352,61,156289
43726,0.037829,172.31.40.0-255,172,148524,61,156289
43727,0.037863,172.31.40.0-255,1116,149640,61,156289
43728,0.037934,172.31.40.0-255,1514,151154,61,156289
43729,0.037936,172.31.40.0-255,1514,152668,61,156289
43730,0.037937,172.31.40.0-255,1514,154182,61,156289
43731,0.037938,172.31.40.0-255,1514,155696,61,156289
43732,0.03794,172.31.40.0-255,527,156223,61,156289
43733,0.04015,104.244.42.0-255,66,156289,61,156289
43734,0.0,74.125.24.0-255,145,145,61,206776
43735,2.3e-05,172.31.40.0-255,66,211,61,206776
43736,3e-05,74.125.24.0-255,1484,1695,61,206776
43737,3.6e-05,172.31.40.0-255,66,1761,61,206776
43738,4.2e-05,74.125.24.0-255,2902,4663,61,206776
43739,4.6e-05,172.31.40.0-255,66,4729,61,206776
43740,6e-05,74.125.24.0-255,5738,10467,61,206776
43741,6.4e-05,172.31.40.0-255,66,10533,61,206776
43742,0.000101,74.125.24.0-255,3420,13953,61,206776
43743,0.000104,172.31.40.0-255,66,14019,61,206776
43744,0.000109,74.125.24.0-255,2902,16921,61,206776
43745,0.000112,172.31.40.0-255,66,16987,61,206776
43746,0.000142,74.125.24.0-255,1484,18471,61,206776
43747,0.000144,172.31.40.0-255,66,18537,61,206776
43748,0.000156,172.31.40.0-255,66,18603,61,206776
43749,0.000196,74.125.24.0-255,1484,20087,61,206776
43750,0.000198,172.31.40.0-255,66,20153,61,206776
43751,0.000234,172.31.40.0-255,66,20219,61,206776
43752,0.000283,172.31.40.0-255,66,20285,61,206776
43753,0.000319,172.31.40.0-255,66,20351,61,206776
43754,0.000343,74.125.24.0-255,113,20464,61,206776
43755,0.000345,172.31.40.0-255,66,20530,61,206776
43756,0.000349,74.125.24.0-255,333,20863,61,206776
43757,0.000351,172.31.40.0-255,66,20929,61,206776
43758,0.00057,74.125.24.0-255,1484,22413,61,206776
43759,0.000574,172.31.40.0-255,66,22479,61,206776
43760,0.000579,74.125.24.0-255,1484,23963,61,206776
43761,0.000582,172.31.40.0-255,66,24029,61,206776
43762,0.000599,74.125.24.0-255,1484,25513,61,206776
43763,0.000611,74.125.24.0-255,5738,31251,61,206776
43764,0.000614,172.31.40.0-255,66,31317,61,206776
43765,0.00065,172.31.40.0-255,66,31383,61,206776
43766,0.000656,74.125.24.0-255,4320,35703,61,206776
43767,0.00066,172.31.40.0-255,66,35769,61,206776
43768,0.000677,74.125.24.0-255,2902,38671,61,206776
43769,0.000684,172.31.40.0-255,66,38737,61,206776
43770,0.000718,74.125.24.0-255,3602,42339,61,206776
43771,0.000721,172.31.40.0-255,66,42405,61,206776
43772,0.000988,74.125.24.0-255,1484,43889,61,206776
43773,0.000993,74.125.24.0-255,1484,45373,61,206776
43774,0.000997,172.31.40.0-255,66,45439,61,206776
43775,0.001025,74.125.24.0-255,1484,46923,61,206776
43776,0.001032,74.125.24.0-255,5738,52661,61,206776
43777,0.001036,172.31.40.0-255,66,52727,61,206776
43778,0.001063,74.125.24.0-255,4320,57047,61,206776
43779,0.001066,172.31.40.0-255,66,57113,61,206776
43780,0.001079,74.125.24.0-255,1484,58597,61,206776
43781,0.001107,74.125.24.0-255,7156,65753,61,206776
43782,0.00111,172.31.40.0-255,66,65819,61,206776
43783,0.001115,74.125.24.0-255,2902,68721,61,206776
43784,0.001117,172.31.40.0-255,66,68787,61,206776
43785,0.001157,74.125.24.0-255,5738,74525,61,206776
43786,0.001161,172.31.40.0-255,66,74591,61,206776
43787,0.001166,74.125.24.0-255,2184,76775,61,206776
43788,0.001168,172.31.40.0-255,66,76841,61,206776
43789,0.001686,74.125.24.0-255,1484,78325,61,206776
43790,0.001729,74.125.24.0-255,2902,81227,61,206776
43791,0.001735,74.125.24.0-255,5738,86965,61,206776
43792,0.001738,74.125.24.0-255,1484,88449,61,206776
43793,0.001743,172.31.40.0-255,66,88515,61,206776
43794,0.001746,172.31.40.0-255,66,88581,61,206776
43795,0.001768,74.125.24.0-255,2902,91483,61,206776
43796,0.001775,172.31.40.0-255,66,91549,61,206776
43797,0.001778,172.31.40.0-255,66,91615,61,206776
43798,0.001806,74.125.24.0-255,5738,97353,61,206776
43799,0.001809,172.31.40.0-255,66,97419,61,206776
43800,0.00184,74.125.24.0-255,2184,99603,61,206776
43801,0.001843,172.31.40.0-255,66,99669,61,206776
43802,0.001847,74.125.24.0-255,2902,102571,61,206776
43803,0.001849,172.31.40.0-255,66,102637,61,206776
43804,0.001869,74.125.24.0-255,5738,108375,61,206776
43805,0.001872,172.31.40.0-255,66,108441,61,206776
43806,0.001899,74.125.24.0-255,7156,115597,61,206776
43807,0.001902,172.31.40.0-255,66,115663,61,206776
43808,0.001938,172.31.40.0-255,66,115729,61,206776
43809,0.001975,74.125.24.0-255,5738,121467,61,206776
43810,0.001978,172.31.40.0-255,66,121533,61,206776
43811,0.001984,74.125.24.0-255,3602,125135,61,206776
43812,0.001986,172.31.40.0-255,66,125201,61,206776
43813,0.002315,74.125.24.0-255,1484,126685,61,206776
43814,0.002321,74.125.24.0-255,2902,129587,61,206776
43815,0.002326,172.31.40.0-255,66,129653,61,206776
43816,0.002355,74.125.24.0-255,5738,135391,61,206776
43817,0.002358,172.31.40.0-255,66,135457,61,206776
43818,0.002363,74.125.24.0-255,2902,138359,61,206776
43819,0.002365,172.31.40.0-255,66,138425,61,206776
43820,0.002412,172.31.40.0-255,66,138491,61,206776
43821,0.002415,74.125.24.0-255,1484,139975,61,206776
43822,0.002418,74.125.24.0-255,1484,141459,61,206776
43823,0.00242,172.31.40.0-255,66,141525,61,206776
43824,0.002451,172.31.40.0-255,66,141591,61,206776
43825,0.002513,74.125.24.0-255,1484,143075,61,206776
43826,0.002526,74.125.24.0-255,1484,144559,61,206776
43827,0.002529,172.31.40.0-255,66,144625,61,206776
43828,0.002555,74.125.24.0-255,1484,146109,61,206776
43829,0.002562,74.125.24.0-255,5738,151847,61,206776
43830,0.002569,172.31.40.0-255,66,151913,61,206776
43831,0.0026,172.31.40.0-255,66,151979,61,206776
43832,0.002634,74.125.24.0-255,4320,156299,61,206776
43833,0.002636,172.31.40.0-255,66,156365,61,206776
43834,0.002649,172.31.40.0-255,66,156431,61,206776
43835,0.002675,74.125.24.0-255,5738,162169,61,206776
43836,0.002678,172.31.40.0-255,66,162235,61,206776
43837,0.002713,172.31.40.0-255,66,162301,61,206776
43838,0.00274,74.125.24.0-255,7156,169457,61,206776
43839,0.002744,172.31.40.0-255,66,169523,61,206776
43840,0.002749,74.125.24.0-255,4320,173843,61,206776
43841,0.002751,172.31.40.0-255,66,173909,61,206776
43842,0.002781,74.125.24.0-255,3602,177511,61,206776
43843,0.002783,172.31.40.0-255,66,177577,61,206776
43844,0.002786,74.125.24.0-255,1484,179061,61,206776
43845,0.002835,172.31.40.0-255,66,179127,61,206776
43846,0.002904,172.31.40.0-255,66,179193,61,206776
43847,0.002942,74.125.24.0-255,2902,182095,61,206776
43848,0.002945,172.31.40.0-255,66,182161,61,206776
43849,0.002984,172.31.40.0-255,66,182227,61,206776
43850,0.002988,74.125.24.0-255,1484,183711,61,206776
43851,0.003023,172.31.40.0-255,66,183777,61,206776
43852,0.003057,74.125.24.0-255,1484,185261,61,206776
43853,0.003064,74.125.24.0-255,3602,188863,61,206776
43854,0.003071,172.31.40.0-255,66,188929,61,206776
43855,0.003083,172.31.40.0-255,66,188995,61,206776
43856,0.003085,74.125.24.0-255,1484,190479,61,206776
43857,0.00309,74.125.24.0-255,4320,194799,61,206776
43858,0.003093,172.31.40.0-255,66,194865,61,206776
43859,0.003109,172.31.40.0-255,66,194931,61,206776
43860,0.003112,74.125.24.0-255,2184,197115,61,206776
43861,0.003135,74.125.24.0-255,97,197212,61,206776
43862,0.003137,74.125.24.0-255,105,197317,61,206776
43863,0.003142,172.31.40.0-255,66,197383,61,206776
43864,0.003149,172.31.40.0-255,66,197449,61,206776
43865,0.010175,172.31.40.0-255,66,197515,61,206776
43866,0.010218,172.31.40.0-255,105,197620,61,206776
43867,0.012469,74.125.24.0-255,66,197686,61,206776
43868,0.037662,172.31.40.0-255,172,197858,61,206776
43869,0.037695,172.31.40.0-255,1119,198977,61,206776
43870,0.037763,172.31.40.0-255,1514,200491,61,206776
43871,0.037765,172.31.40.0-255,1514,202005,61,206776
43872,0.03779,172.31.40.0-255,1514,203519,61,206776
43873,0.037792,172.31.40.0-255,1514,205033,61,206776
43874,0.037823,172.31.40.0-255,1479,206512,61,206776
43875,0.039238,104.244.42.0-255,66,206578,61,206776
43876,0.039276,104.244.42.0-255,66,206644,61,206776
43877,0.039328,104.244.42.0-255,66,206710,61,206776
43878,0.03943,104.244.42.0-255,66,206776,61,206776
43879,0.0,74.125.24.0-255,146,146,61,207961
43880,2.2e-05,172.31.40.0-255,66,212,61,207961
43881,3e-05,74.125.24.0-255,1484,1696,61,207961
43882,3.5e-05,172.31.40.0-255,66,1762,61,207961
43883,4.1e-05,74.125.24.0-255,2902,4664,61,207961
43884,4.5e-05,172.31.40.0-255,66,4730,61,207961
43885,5.3e-05,74.125.24.0-255,7156,11886,61,207961
43886,5.6e-05,172.31.40.0-255,66,11952,61,207961
43887,8.6e-05,74.125.24.0-255,2040,13992,61,207961
43888,8.9e-05,172.31.40.0-255,66,14058,61,207961
43889,0.000102,172.31.40.0-255,66,14124,61,207961
43890,0.00011,74.125.24.0-255,5379,19503,61,207961
43891,0.000113,172.31.40.0-255,66,19569,61,207961
43892,0.00017,74.125.24.0-255,1484,21053,61,207961
43893,0.000172,172.31.40.0-255,66,21119,61,207961
43894,0.000197,74.125.24.0-255,2902,24021,61,207961
43895,0.000199,172.31.40.0-255,66,24087,61,207961
43896,0.000206,74.125.24.0-255,5738,29825,61,207961
43897,0.000208,172.31.40.0-255,66,29891,61,207961
43898,0.000244,172.31.40.0-255,66,29957,61,207961
43899,0.000262,74.125.24.0-255,3961,33918,61,207961
43900,0.000264,172.31.40.0-255,66,33984,61,207961
43901,0.000292,74.125.24.0-255,7156,41140,61,207961
43902,0.000295,172.31.40.0-255,66,41206,61,207961
43903,0.000329,74.125.24.0-255,4235,45441,61,207961
43904,0.000332,172.31.40.0-255,66,45507,61,207961
43905,0.000514,74.125.24.0-255,129,45636,61,207961
43906,0.000519,172.31.40.0-255,66,45702,61,207961
43907,0.000678,74.125.24.0-255,1484,47186,61,207961
43908,0.000682,172.31.40.0-255,66,47252,61,207961
43909,0.000688,74.125.24.0-255,2902,50154,61,207961
43910,0.00069,172.31.40.0-255,66,50220,61,207961
43911,0.000719,74.125.24.0-255,2902,53122,61,207961
43912,0.000722,172.31.40.0-255,66,53188,61,207961
43913,0.000745,74.125.24.0-255,4320,57508,61,207961
43914,0.000748,172.31.40.0-255,66,57574,61,207961
43915,0.000763,74.125.24.0-255,2902,60476,61,207961
43916,0.000766,172.31.40.0-255,66,60542,61,207961
43917,0.000785,74.125.24.0-255,3961,64503,61,207961
43918,0.000788,172.31.40.0-255,66,64569,61,207961
43919,0.000795,74.125.24.0-255,7156,71725,61,207961
43920,0.000798,172.31.40.0-255,66,71791,61,207961
43921,0.000839,74.125.24.0-255,7156,78947,61,207961
43922,0.000843,172.31.40.0-255,66,79013,61,207961
43923,0.000861,74.125.24.0-255,1387,80400,61,207961
43924,0.001186,74.125.24.0-255,1484,81884,61,207961
43925,0.001191,172.31.40.0-255,66,81950,61,207961
43926,0.001213,74.125.24.0-255,2902,84852,61,207961
43927,0.001215,172.31.40.0-255,66,84918,61,207961
43928,0.001222,74.125.24.0-255,5738,90656,61,207961
43929,0.001224,172.31.40.0-255,66,90722,61,207961
43930,0.001227,74.125.24.0-255,1484,92206,61,207961
43931,0.001256,172.31.40.0-255,66,92272,61,207961
43932,0.001284,74.125.24.0-255,1484,93756,61,207961
43933,0.001296,172.31.40.0-255,66,93822,61,207961
43934,0.001299,74.125.24.0-255,766,94588,61,207961
43935,0.001761,172.31.40.0-255,66,94654,61,207961
43936,0.003612,74.125.24.0-255,4320,98974,61,207961
43937,0.003619,172.31.40.0-255,66,99040,61,207961
43938,0.00407,74.125.24.0-255,1484,100524,61,207961
43939,0.005953,74.125.24.0-255,2902,103426,61,207961
43940,0.005956,172.31.40.0-255,66,103492,61,207961
43941,0.005973,74.125.24.0-255,1484,104976,61,207961
43942,0.008305,74.125.24.0-255,4320,109296,61,207961
43943,0.008312,172.31.40.0-255,66,109362,61,207961
43944,0.010625,74.125.24.0-255,5738,115100,61,207961
43945,0.010634,172.31.40.0-255,66,115166,61,207961
43946,0.012995,74.125.24.0-255,5738,120904,61,207961
43947,0.013004,172.31.40.0-255,66,120970,61,207961
43948,0.015345,74.125.24.0-255,5738,126708,61,207961
43949,0.015353,172.31.40.0-255,66,126774,61,207961
43950,0.017737,74.125.24.0-255,5738,132512,61,207961
43951,0.017743,172.31.40.0-255,66,132578,61,207961
43952,0.020068,74.125.24.0-255,5738,138316,61,207961
43953,0.020075,172.31.40.0-255,66,138382,61,207961
43954,0.022416,74.125.24.0-255,5738,144120,61,207961
43955,0.022424,172.31.40.0-255,66,144186,61,207961
43956,0.024773,74.125.24.0-255,5738,149924,61,207961
43957,0.024791,172.31.40.0-255,66,149990,61,207961
43958,0.027104,74.125.24.0-255,5738,155728,61,207961
43959,0.02712,172.31.40.0-255,66,155794,61,207961
43960,0.029433,74.125.24.0-255,5738,161532,61,207961
43961,0.029448,172.31.40.0-255,66,161598,61,207961
43962,0.031816,74.125.24.0-255,5738,167336,61,207961
43963,0.031834,172.31.40.0-255,66,167402,61,207961
43964,0.034135,74.125.24.0-255,4320,171722,61,207961
43965,0.034141,172.31.40.0-255,66,171788,61,207961
43966,0.034196,74.125.24.0-255,1484,173272,61,207961
43967,0.036474,74.125.24.0-255,4320,177592,61,207961
43968,0.036479,172.31.40.0-255,66,177658,61,207961
43969,0.038799,74.125.24.0-255,5738,183396,61,207961
43970,0.038805,172.31.40.0-255,66,183462,61,207961
43971,0.041181,74.125.24.0-255,5738,189200,61,207961
43972,0.041188,172.31.40.0-255,66,189266,61,207961
43973,0.042676,172.31.40.0-255,172,189438,61,207961
43974,0.042708,172.31.40.0-255,979,190417,61,207961
43975,0.043526,74.125.24.0-255,5738,196155,61,207961
43976,0.043535,172.31.40.0-255,66,196221,61,207961
43977,0.044197,104.244.42.0-255,66,196287,61,207961
43978,0.044242,104.244.42.0-255,66,196353,61,207961
43979,0.045849,74.125.24.0-255,5738,202091,61,207961
43980,0.045859,172.31.40.0-255,66,202157,61,207961
43981,0.048184,74.125.24.0-255,5738,207895,61,207961
43982,0.048203,172.31.40.0-255,66,207961,61,207961
43983,0.0,74.125.130.0-255,153,153,61,336521
43984,2.3e-05,172.31.40.0-255,66,219,61,336521
43985,3e-05,74.125.130.0-255,1484,1703,61,336521
43986,3.4e-05,172.31.40.0-255,66,1769,61,336521
43987,3.7e-05,74.125.130.0-255,1484,3253,61,336521
43988,4e-05,172.31.40.0-255,66,3319,61,336521
43989,5.6e-05,74.125.130.0-255,2902,6221,61,336521
43990,5.9e-05,172.31.40.0-255,66,6287,61,336521
43991,6.6e-05,74.125.130.0-255,5738,12025,61,336521
43992,6.9e-05,172.31.40.0-255,66,12091,61,336521
43993,7.3e-05,74.125.130.0-255,1984,14075,61,336521
43994,7.5e-05,172.31.40.0-255,66,14141,61,336521
43995,0.000111,74.125.130.0-255,2902,17043,61,336521
43996,0.000114,172.31.40.0-255,66,17109,61,336521
43997,0.000122,74.125.130.0-255,7156,24265,61,336521
43998,0.000125,172.31.40.0-255,66,24331,61,336521
43999,0.000134,74.125.130.0-255,4320,28651,61,336521
44000,0.000137,172.31.40.0-255,66,28717,61,336521
44001,0.000177,74.125.130.0-255,2543,31260,61,336521
44002,0.00018,172.31.40.0-255,66,31326,61,336521
44003,0.000374,74.125.130.0-255,1484,32810,61,336521
44004,0.00038,172.31.40.0-255,66,32876,61,336521
44005,0.000399,74.125.130.0-255,2902,35778,61,336521
44006,0.000402,172.31.40.0-255,66,35844,61,336521
44007,0.00046,74.125.130.0-255,5738,41582,61,336521
44008,0.000463,172.31.40.0-255,66,41648,61,336521
44009,0.00047,74.125.130.0-255,6797,48445,61,336521
44010,0.000473,172.31.40.0-255,66,48511,61,336521
44011,0.000475,74.125.130.0-255,1484,49995,61,336521
44012,0.000478,172.31.40.0-255,66,50061,61,336521
44013,0.000504,74.125.130.0-255,2902,52963,61,336521
44014,0.000507,172.31.40.0-255,66,53029,61,336521
44015,0.00054,74.125.130.0-255,4320,57349,61,336521
44016,0.000567,74.125.130.0-255,5738,63087,61,336521
44017,0.000576,172.31.40.0-255,66,63153,61,336521
44018,0.000589,74.125.130.0-255,2833,65986,61,336521
44019,0.000606,172.31.40.0-255,66,66052,61,336521
44020,0.00064,74.125.130.0-255,364,66416,61,336521
44021,0.000787,74.125.130.0-255,1484,67900,61,336521
44022,0.0008,74.125.130.0-255,1484,69384,61,336521
44023,0.000802,172.31.40.0-255,66,69450,61,336521
44024,0.000812,74.125.130.0-255,1484,70934,61,336521
44025,0.000832,74.125.130.0-255,5738,76672,61,336521
44026,0.000838,74.125.130.0-255,5738,82410,61,336521
44027,0.00085,74.125.130.0-255,1484,83894,61,336521
44028,0.000854,74.125.130.0-255,2902,86796,61,336521
44029,0.000872,74.125.130.0-255,5738,92534,61,336521
44030,0.000877,172.31.40.0-255,66,92600,61,336521
44031,0.000949,172.31.40.0-255,66,92666,61,336521
44032,0.000991,74.125.130.0-255,1484,94150,61,336521
44033,0.00101,74.125.130.0-255,2902,97052,61,336521
44034,0.001022,74.125.130.0-255,4320,101372,61,336521
44035,0.001039,74.125.130.0-255,1484,102856,61,336521
44036,0.001042,74.125.130.0-255,1484,104340,61,336521
44037,0.001045,74.125.130.0-255,2902,107242,61,336521
44038,0.00105,172.31.40.0-255,66,107308,61,336521
44039,0.001083,74.125.130.0-255,5738,113046,61,336521
44040,0.001087,74.125.130.0-255,4320,117366,61,336521
44041,0.001094,172.31.40.0-255,66,117432,61,336521
44042,0.001125,74.125.130.0-255,4320,121752,61,336521
44043,0.001141,74.125.130.0-255,5020,126772,61,336521
44044,0.001157,172.31.40.0-255,66,126838,61,336521
44045,0.001232,74.125.130.0-255,1484,128322,61,336521
44046,0.001249,74.125.130.0-255,2902,131224,61,336521
44047,0.001298,74.125.130.0-255,5738,136962,61,336521
44048,0.001314,172.31.40.0-255,66,137028,61,336521
44049,0.001333,172.31.40.0-255,66,137094,61,336521
44050,0.00135,74.125.130.0-255,1484,138578,61,336521
44051,0.001356,74.125.130.0-255,4320,142898,61,336521
44052,0.001374,172.31.40.0-255,66,142964,61,336521
44053,0.00138,74.125.130.0-255,766,143730,61,336521
44054,0.001429,74.125.130.0-255,1484,145214,61,336521
44055,0.001432,74.125.130.0-255,1484,146698,61,336521
44056,0.001439,172.31.40.0-255,66,146764,61,336521
44057,0.001447,74.125.130.0-255,1484,148248,61,336521
44058,0.001468,74.125.130.0-255,5738,153986,61,336521
44059,0.001486,74.125.130.0-255,1484,155470,61,336521
44060,0.00152,172.31.40.0-255,66,155536,61,336521
44061,0.001553,74.125.130.0-255,2902,158438,61,336521
44062,0.00156,172.31.40.0-255,66,158504,61,336521
44063,0.001594,74.125.130.0-255,2184,160688,61,336521
44064,0.001609,172.31.40.0-255,66,160754,61,336521
44065,0.001668,74.125.130.0-255,1484,162238,61,336521
44066,0.001672,74.125.130.0-255,1484,163722,61,336521
44067,0.001683,74.125.130.0-255,1484,165206,61,336521
44068,0.001686,74.125.130.0-255,1484,166690,61,336521
44069,0.001698,172.31.40.0-255,66,166756,61,336521
44070,0.001701,74.125.130.0-255,1484,168240,61,336521
44071,0.001723,74.125.130.0-255,1484,169724,61,336521
44072,0.001746,74.125.130.0-255,5738,175462,61,336521
44073,0.001748,74.125.130.0-255,1484,176946,61,336521
44074,0.001763,74.125.130.0-255,1484,178430,61,336521
44075,0.001767,172.31.40.0-255,66,178496,61,336521
44076,0.001801,74.125.130.0-255,5738,184234,61,336521
44077,0.001815,74.125.130.0-255,4320,188554,61,336521
44078,0.001818,74.125.130.0-255,1484,190038,61,336521
44079,0.001828,172.31.40.0-255,66,190104,61,336521
44080,0.001868,74.125.130.0-255,5020,195124,61,336521
44081,0.001887,172.31.40.0-255,66,195190,61,336521
44082,0.002028,74.125.130.0-255,1484,196674,61,336521
44083,0.002052,74.125.130.0-255,2902,199576,61,336521
44084,0.002055,74.125.130.0-255,1484,201060,61,336521
44085,0.002063,172.31.40.0-255,66,201126,61,336521
44086,0.003078,172.31.40.0-255,101,201227,61,336521
44087,0.004085,74.125.130.0-255,5738,206965,61,336521
44088,0.00409,172.31.40.0-255,66,207031,61,336521
44089,0.005058,74.125.130.0-255,66,207097,61,336521
44090,0.006116,74.125.130.0-255,2902,209999,61,336521
44091,0.006132,74.125.130.0-255,2902,212901,61,336521
44092,0.006536,172.31.40.0-255,66,212967,61,336521
44093,0.008555,74.125.130.0-255,4320,217287,61,336521
44094,0.00856,172.31.40.0-255,66,217353,61,336521
44095,0.00859,74.125.130.0-255,1484,218837,61,336521
44096,0.01058,74.125.130.0-255,4320,223157,61,336521
44097,0.010589,172.31.40.0-255,66,223223,61,336521
44098,0.012615,74.125.130.0-255,5738,228961,61,336521
44099,0.014033,172.31.40.0-255,66,229027,61,336521
44100,0.016076,74.125.130.0-255,5738,234765,61,336521
44101,0.016091,172.31.40.0-255,66,234831,61,336521
44102,0.018124,74.125.130.0-255,5738,240569,61,336521
44103,0.018136,172.31.40.0-255,66,240635,61,336521
44104,0.020168,74.125.130.0-255,5738,246373,61,336521
44105,0.020179,172.31.40.0-255,66,246439,61,336521
44106,0.022213,74.125.130.0-255,5738,252177,61,336521
44107,0.022224,172.31.40.0-255,66,252243,61,336521
44108,0.024265,74.125.130.0-255,5738,257981,61,336521
44109,0.024279,172.31.40.0-255,66,258047,61,336521
44110,0.026325,74.125.130.0-255,5738,263785,61,336521
44111,0.02634,172.31.40.0-255,66,263851,61,336521
44112,0.028371,74.125.130.0-255,5738,269589,61,336521
44113,0.028385,172.31.40.0-255,66,269655,61,336521
44114,0.030423,74.125.130.0-255,5738,275393,61,336521
44115,0.030433,172.31.40.0-255,66,275459,61,336521
44116,0.032511,74.125.130.0-255,5738,281197,61,336521
44117,0.032522,172.31.40.0-255,66,281263,61,336521
44118,0.034567,74.125.130.0-255,5738,287001,61,336521
44119,0.034578,172.31.40.0-255,66,287067,61,336521
44120,0.036611,74.125.130.0-255,5738,292805,61,336521
44121,0.036624,172.31.40.0-255,66,292871,61,336521
44122,0.038661,74.125.130.0-255,5738,298609,61,336521
44123,0.038673,172.31.40.0-255,66,298675,61,336521
44124,0.040716,74.125.130.0-255,5738,304413,61,336521
44125,0.040727,172.31.40.0-255,66,304479,61,336521
44126,0.0428,74.125.130.0-255,5738,310217,61,336521
44127,0.042818,172.31.40.0-255,66,310283,61,336521
44128,0.044866,74.125.130.0-255,5738,316021,61,336521
44129,0.044882,172.31.40.0-255,66,316087,61,336521
44130,0.046918,74.125.130.0-255,5738,321825,61,336521
44131,0.046935,172.31.40.0-255,66,321891,61,336521
44132,0.048956,74.125.130.0-255,5738,327629,61,336521
44133,0.048964,172.31.40.0-255,66,327695,61,336521
44134,0.049376,172.31.40.0-255,172,327867,61,336521
44135,0.04941,172.31.40.0-255,1120,328987,61,336521
44136,0.049488,172.31.40.0-255,1514,330501,61,336521
44137,0.04949,172.31.40.0-255,1514,332015,61,336521
44138,0.049495,172.31.40.0-255,1514,333529,61,336521
44139,0.049496,172.31.40.0-255,1514,335043,61,336521
44140,0.049527,172.31.40.0-255,1478,336521,61,336521
44141,0.0,172.217.194.0-255,145,145,61,242905
44142,2.1e-05,172.31.40.0-255,66,211,61,242905
44143,2.8e-05,172.217.194.0-255,1484,1695,61,242905
44144,3.2e-05,172.31.40.0-255,66,1761,61,242905
44145,3.8e-05,172.217.194.0-255,2902,4663,61,242905
44146,4.9e-05,172.31.40.0-255,66,4729,61,242905
44147,5.6e-05,172.217.194.0-255,5738,10467,61,242905
44148,6e-05,172.31.40.0-255,66,10533,61,242905
44149,0.000112,172.31.40.0-255,66,10599,61,242905
44150,0.000123,172.31.40.0-255,66,10665,61,242905
44151,0.000128,172.217.194.0-255,3961,14626,61,242905
44152,0.000131,172.31.40.0-255,66,14692,61,242905
44153,0.000382,172.217.194.0-255,1484,16176,61,242905
44154,0.000388,172.31.40.0-255,66,16242,61,242905
44155,0.000406,172.217.194.0-255,2902,19144,61,242905
44156,0.000409,172.31.40.0-255,66,19210,61,242905
44157,0.000422,172.217.194.0-255,5738,24948,61,242905
44158,0.000424,172.31.40.0-255,66,25014,61,242905
44159,0.000429,172.217.194.0-255,4320,29334,61,242905
44160,0.000431,172.31.40.0-255,66,29400,61,242905
44161,0.000495,172.31.40.0-255,66,29466,61,242905
44162,0.000503,172.217.194.0-255,7047,36513,61,242905
44163,0.000505,172.31.40.0-255,66,36579,61,242905
44164,0.000658,172.217.194.0-255,114,36693,61,242905
44165,0.000663,172.31.40.0-255,66,36759,61,242905
44166,0.000731,172.217.194.0-255,1484,38243,61,242905
44167,0.000734,172.31.40.0-255,66,38309,61,242905
44168,0.000738,172.217.194.0-255,1484,39793,61,242905
44169,0.00074,172.31.40.0-255,66,39859,61,242905
44170,0.000779,172.217.194.0-255,1484,41343,61,242905
44171,0.000787,172.217.194.0-255,5738,47081,61,242905
44172,0.000789,172.31.40.0-255,66,47147,61,242905
44173,0.000793,172.217.194.0-255,1484,48631,61,242905
44174,0.000822,172.217.194.0-255,5379,54010,61,242905
44175,0.000824,172.31.40.0-255,66,54076,61,242905
44176,0.000889,172.217.194.0-255,1484,55560,61,242905
44177,0.00091,172.217.194.0-255,2902,58462,61,242905
44178,0.000913,172.31.40.0-255,66,58528,61,242905
44179,0.000918,172.217.194.0-255,2902,61430,61,242905
44180,0.000921,172.31.40.0-255,66,61496,61,242905
44181,0.000949,172.217.194.0-255,2902,64398,61,242905
44182,0.000952,172.31.40.0-255,66,64464,61,242905
44183,0.000965,172.31.40.0-255,66,64530,61,242905
44184,0.000981,172.31.40.0-255,66,64596,61,242905
44185,0.001004,172.217.194.0-255,2902,67498,61,242905
44186,0.001006,172.31.40.0-255,66,67564,61,242905
44187,0.001054,172.31.40.0-255,66,67630,61,242905
44188,0.001083,172.217.194.0-255,1484,69114,61,242905
44189,0.0011,172.217.194.0-255,2902,72016,61,242905
44190,0.001103,172.31.40.0-255,66,72082,61,242905
44191,0.001107,172.217.194.0-255,2902,74984,61,242905
44192,0.00111,172.31.40.0-255,66,75050,61,242905
44193,0.001136,172.217.194.0-255,2902,77952,61,242905
44194,0.001168,172.31.40.0-255,66,78018,61,242905
44195,0.001171,172.31.40.0-255,66,78084,61,242905
44196,0.001174,172.31.40.0-255,66,78150,61,242905
44197,0.001198,172.217.194.0-255,2184,80334,61,242905
44198,0.001205,172.31.40.0-255,66,80400,61,242905
44199,0.001272,172.217.194.0-255,1484,81884,61,242905
44200,0.001278,172.217.194.0-255,2902,84786,61,242905
44201,0.001281,172.31.40.0-255,66,84852,61,242905
44202,0.001316,172.217.194.0-255,5738,90590,61,242905
44203,0.001319,172.31.40.0-255,66,90656,61,242905
44204,0.001332,172.31.40.0-255,66,90722,61,242905
44205,0.001352,172.217.194.0-255,1484,92206,61,242905
44206,0.001367,172.31.40.0-255,66,92272,61,242905
44207,0.001401,172.31.40.0-255,66,92338,61,242905
44208,0.001408,172.217.194.0-255,5738,98076,61,242905
44209,0.00141,172.31.40.0-255,66,98142,61,242905
44210,0.001458,172.217.194.0-255,2902,101044,61,242905
44211,0.001461,172.31.40.0-255,66,101110,61,242905
44212,0.001498,172.31.40.0-255,66,101176,61,242905
44213,0.001505,172.217.194.0-255,5738,106914,61,242905
44214,0.001507,172.31.40.0-255,66,106980,61,242905
44215,0.001562,172.217.194.0-255,3602,110582,61,242905
44216,0.001567,172.217.194.0-255,4320,114902,61,242905
44217,0.001609,172.31.40.0-255,66,114968,61,242905
44218,0.001612,172.31.40.0-255,66,115034,61,242905
44219,0.001615,172.31.40.0-255,66,115100,61,242905
44220,0.001618,172.31.40.0-255,66,115166,61,242905
44221,0.001662,172.31.40.0-255,66,115232,61,242905
44222,0.001679,172.31.40.0-255,66,115298,61,242905
44223,0.003705,172.217.194.0-255,5738,121036,61,242905
44224,0.003711,172.31.40.0-255,66,121102,61,242905
44225,0.005747,172.217.194.0-255,5738,126840,61,242905
44226,0.005755,172.31.40.0-255,66,126906,61,242905
44227,0.007777,172.217.194.0-255,2902,129808,61,242905
44228,0.00778,172.31.40.0-255,66,129874,61,242905
44229,0.007791,172.217.194.0-255,2902,132776,61,242905
44230,0.007793,172.31.40.0-255,66,132842,61,242905
44231,0.00981,172.217.194.0-255,4320,137162,61,242905
44232,0.009819,172.31.40.0-255,66,137228,61,242905
44233,0.009843,172.217.194.0-255,1484,138712,61,242905
44234,0.011878,172.217.194.0-255,4320,143032,61,242905
44235,0.011891,172.31.40.0-255,66,143098,61,242905
44236,0.013932,172.217.194.0-255,5738,148836,61,242905
44237,0.013944,172.31.40.0-255,66,148902,61,242905
44238,0.015974,172.217.194.0-255,5738,154640,61,242905
44239,0.015987,172.31.40.0-255,66,154706,61,242905
44240,0.018045,172.217.194.0-255,5738,160444,61,242905
44241,0.018053,172.31.40.0-255,66,160510,61,242905
44242,0.020115,172.217.194.0-255,5738,166248,61,242905
44243,0.020123,172.31.40.0-255,66,166314,61,242905
44244,0.022162,172.217.194.0-255,5738,172052,61,242905
44245,0.02217,172.31.40.0-255,66,172118,61,242905
44246,0.024171,172.217.194.0-255,5738,177856,61,242905
44247,0.024179,172.31.40.0-255,66,177922,61,242905
44248,0.026205,172.217.194.0-255,5738,183660,61,242905
44249,0.026213,172.31.40.0-255,66,183726,61,242905
44250,0.028243,172.217.194.0-255,5738,189464,61,242905
44251,0.028251,172.31.40.0-255,66,189530,61,242905
44252,0.030268,172.217.194.0-255,5738,195268,61,242905
44253,0.030275,172.31.40.0-255,66,195334,61,242905
44254,0.032276,172.217.194.0-255,5738,201072,61,242905
44255,0.032282,172.31.40.0-255,66,201138,61,242905
44256,0.034292,172.217.194.0-255,5738,206876,61,242905
44257,0.034302,172.31.40.0-255,66,206942,61,242905
44258,0.036288,172.217.194.0-255,5738,212680,61,242905
44259,0.036295,172.31.40.0-255,66,212746,61,242905
44260,0.038339,172.217.194.0-255,5738,218484,61,242905
44261,0.038346,172.31.40.0-255,66,218550,61,242905
44262,0.04039,172.217.194.0-255,5738,224288,61,242905
44263,0.040398,172.31.40.0-255,66,224354,61,242905
44264,0.042436,172.217.194.0-255,5738,230092,61,242905
44265,0.042443,172.31.40.0-255,66,230158,61,242905
44266,0.044432,172.217.194.0-255,4507,234665,61,242905
44267,0.044439,172.31.40.0-255,66,234731,61,242905
44268,0.044631,172.31.40.0-255,105,234836,61,242905
44269,0.046575,172.217.194.0-255,66,234902,61,242905
44270,0.048335,172.31.40.0-255,172,235074,61,242905
44271,0.048367,172.31.40.0-255,1115,236189,61,242905
44272,0.048439,172.31.40.0-255,1514,237703,61,242905
44273,0.048441,172.31.40.0-255,1514,239217,61,242905
44274,0.048442,172.31.40.0-255,1514,240731,61,242905
44275,0.048443,172.31.40.0-255,1514,242245,61,242905
44276,0.048444,172.31.40.0-255,528,242773,61,242905
44277,0.04987,104.244.42.0-255,66,242839,61,242905
44278,0.049931,104.244.42.0-255,66,242905,61,242905
