,TIME,SRC,PACKET_SIZE,CUMULATIVE_PACKET_SIZE,PAGE_NUMBER,TOTAL_PACKET_SIZE
0,0.0,74.125.130.0-255,336,336,12,167174
1,3e-05,172.31.36.0-255,66,402,12,167174
2,3.6e-05,74.125.130.0-255,1484,1886,12,167174
3,4e-05,172.31.36.0-255,66,1952,12,167174
4,4.5e-05,74.125.130.0-255,2902,4854,12,167174
5,5.5e-05,172.31.36.0-255,66,4920,12,167174
6,6e-05,74.125.130.0-255,4320,9240,12,167174
7,6.3e-05,172.31.36.0-255,66,9306,12,167174
8,9e-05,74.125.130.0-255,1484,10790,12,167174
9,9.4e-05,172.31.36.0-255,66,10856,12,167174
10,9.8e-05,74.125.130.0-255,1484,12340,12,167174
11,9.9e-05,172.31.36.0-255,66,12406,12,167174
12,0.000103,74.125.130.0-255,2030,14436,12,167174
13,0.000106,172.31.36.0-255,66,14502,12,167174
14,0.000277,74.125.130.0-255,1484,15986,12,167174
15,0.000282,172.31.36.0-255,66,16052,12,167174
16,0.000312,74.125.130.0-255,2902,18954,12,167174
17,0.000316,172.31.36.0-255,66,19020,12,167174
18,0.000322,74.125.130.0-255,5738,24758,12,167174
19,0.000325,172.31.36.0-255,66,24824,12,167174
20,0.000335,74.125.130.0-255,4320,29144,12,167174
21,0.000338,172.31.36.0-255,66,29210,12,167174
22,0.000375,74.125.130.0-255,5379,34589,12,167174
23,0.000379,172.31.36.0-255,66,34655,12,167174
24,0.000384,74.125.130.0-255,4320,38975,12,167174
25,0.000387,172.31.36.0-255,66,39041,12,167174
26,0.00039,74.125.130.0-255,1484,40525,12,167174
27,0.000392,172.31.36.0-255,66,40591,12,167174
28,0.000425,74.125.130.0-255,4320,44911,12,167174
29,0.000429,172.31.36.0-255,66,44977,12,167174
30,0.000439,172.31.36.0-255,66,45043,12,167174
31,0.000443,74.125.130.0-255,1484,46527,12,167174
32,0.000486,172.31.36.0-255,66,46593,12,167174
33,0.000491,74.125.130.0-255,2184,48777,12,167174
34,0.000493,172.31.36.0-255,66,48843,12,167174
35,0.000496,74.125.130.0-255,412,49255,12,167174
36,0.000554,74.125.130.0-255,365,49620,12,167174
37,0.000797,172.31.36.0-255,66,49686,12,167174
38,0.000804,74.125.130.0-255,1484,51170,12,167174
39,0.000822,74.125.130.0-255,1484,52654,12,167174
40,0.000826,172.31.36.0-255,66,52720,12,167174
41,0.000855,74.125.130.0-255,2902,55622,12,167174
42,0.000858,172.31.36.0-255,66,55688,12,167174
43,0.000865,74.125.130.0-255,5738,61426,12,167174
44,0.000867,172.31.36.0-255,66,61492,12,167174
45,0.000916,74.125.130.0-255,5738,67230,12,167174
46,0.00092,172.31.36.0-255,66,67296,12,167174
47,0.000951,74.125.130.0-255,2902,70198,12,167174
48,0.000955,172.31.36.0-255,66,70264,12,167174
49,0.000972,172.31.36.0-255,66,70330,12,167174
50,0.000977,74.125.130.0-255,3602,73932,12,167174
51,0.00098,172.31.36.0-255,66,73998,12,167174
52,0.001694,74.125.130.0-255,1484,75482,12,167174
53,0.001717,74.125.130.0-255,1484,76966,12,167174
54,0.001721,172.31.36.0-255,66,77032,12,167174
55,0.001748,74.125.130.0-255,1484,78516,12,167174
56,0.001751,74.125.130.0-255,1484,80000,12,167174
57,0.001754,172.31.36.0-255,66,80066,12,167174
58,0.001759,74.125.130.0-255,2902,82968,12,167174
59,0.001762,172.31.36.0-255,66,83034,12,167174
60,0.00177,74.125.130.0-255,5738,88772,12,167174
61,0.001772,172.31.36.0-255,66,88838,12,167174
62,0.001809,172.31.36.0-255,66,88904,12,167174
63,0.001819,172.31.36.0-255,66,88970,12,167174
64,0.001844,74.125.130.0-255,1484,90454,12,167174
65,0.001848,74.125.130.0-255,766,91220,12,167174
66,0.00185,172.31.36.0-255,66,91286,12,167174
67,0.003927,74.125.130.0-255,2902,94188,12,167174
68,0.003931,172.31.36.0-255,66,94254,12,167174
69,0.003958,74.125.130.0-255,2902,97156,12,167174
70,0.00396,172.31.36.0-255,66,97222,12,167174
71,0.006038,74.125.130.0-255,2902,100124,12,167174
72,0.006042,172.31.36.0-255,66,100190,12,167174
73,0.006077,74.125.130.0-255,2902,103092,12,167174
74,0.00608,172.31.36.0-255,66,103158,12,167174
75,0.00817,74.125.130.0-255,2902,106060,12,167174
76,0.008177,172.31.36.0-255,66,106126,12,167174
77,0.008205,74.125.130.0-255,2902,109028,12,167174
78,0.008209,172.31.36.0-255,66,109094,12,167174
79,0.010297,74.125.130.0-255,4320,113414,12,167174
80,0.010307,172.31.36.0-255,66,113480,12,167174
81,0.010337,74.125.130.0-255,1484,114964,12,167174
82,0.012434,74.125.130.0-255,4320,119284,12,167174
83,0.012444,172.31.36.0-255,66,119350,12,167174
84,0.014569,74.125.130.0-255,5738,125088,12,167174
85,0.014579,172.31.36.0-255,66,125154,12,167174
86,0.016704,74.125.130.0-255,5738,130892,12,167174
87,0.016717,172.31.36.0-255,66,130958,12,167174
88,0.01885,74.125.130.0-255,5738,136696,12,167174
89,0.018866,172.31.36.0-255,66,136762,12,167174
90,0.021009,74.125.130.0-255,5738,142500,12,167174
91,0.021025,172.31.36.0-255,66,142566,12,167174
92,0.023161,74.125.130.0-255,5738,148304,12,167174
93,0.023176,172.31.36.0-255,66,148370,12,167174
94,0.025301,74.125.130.0-255,5738,154108,12,167174
95,0.025309,172.31.36.0-255,66,154174,12,167174
96,0.025314,172.31.36.0-255,182,154356,12,167174
97,0.025361,172.31.36.0-255,1078,155434,12,167174
98,0.026869,104.244.42.0-255,66,155500,12,167174
99,0.026932,104.244.42.0-255,66,155566,12,167174
100,0.027426,74.125.130.0-255,5738,161304,12,167174
101,0.027436,172.31.36.0-255,66,161370,12,167174
102,0.029552,74.125.130.0-255,5738,167108,12,167174
103,0.02956,172.31.36.0-255,66,167174,12,167174
104,0.0,74.125.24.0-255,153,153,12,305644
105,3.2e-05,172.31.36.0-255,66,219,12,305644
106,3.8e-05,74.125.24.0-255,1484,1703,12,305644
107,4.3e-05,172.31.36.0-255,66,1769,12,305644
108,4.9e-05,74.125.24.0-255,2902,4671,12,305644
109,5.3e-05,172.31.36.0-255,66,4737,12,305644
110,6e-05,74.125.24.0-255,7156,11893,12,305644
111,6.2e-05,172.31.36.0-255,66,11959,12,305644
112,8.6e-05,74.125.24.0-255,1484,13443,12,305644
113,9e-05,172.31.36.0-255,66,13509,12,305644
114,0.000112,74.125.24.0-255,3508,17017,12,305644
115,0.000115,172.31.36.0-255,66,17083,12,305644
116,0.000121,74.125.24.0-255,5738,22821,12,305644
117,0.000123,172.31.36.0-255,66,22887,12,305644
118,0.00017,172.31.36.0-255,66,22953,12,305644
119,0.000207,74.125.24.0-255,1484,24437,12,305644
120,0.000211,172.31.36.0-255,66,24503,12,305644
121,0.000216,74.125.24.0-255,1484,25987,12,305644
122,0.000218,172.31.36.0-255,66,26053,12,305644
123,0.000234,74.125.24.0-255,1484,27537,12,305644
124,0.000237,172.31.36.0-255,66,27603,12,305644
125,0.000244,74.125.24.0-255,5738,33341,12,305644
126,0.000246,172.31.36.0-255,66,33407,12,305644
127,0.000251,74.125.24.0-255,4320,37727,12,305644
128,0.000254,172.31.36.0-255,66,37793,12,305644
129,0.000274,74.125.24.0-255,2543,40336,12,305644
130,0.000277,172.31.36.0-255,66,40402,12,305644
131,0.000288,172.31.36.0-255,66,40468,12,305644
132,0.000308,74.125.24.0-255,5738,46206,12,305644
133,0.000311,172.31.36.0-255,66,46272,12,305644
134,0.000316,74.125.24.0-255,2819,49091,12,305644
135,0.000321,172.31.36.0-255,66,49157,12,305644
136,0.000366,74.125.24.0-255,380,49537,12,305644
137,0.00049,74.125.24.0-255,1484,51021,12,305644
138,0.000496,172.31.36.0-255,66,51087,12,305644
139,0.000502,74.125.24.0-255,2902,53989,12,305644
140,0.000506,172.31.36.0-255,66,54055,12,305644
141,0.000512,74.125.24.0-255,5738,59793,12,305644
142,0.000514,172.31.36.0-255,66,59859,12,305644
143,0.00055,74.125.24.0-255,7156,67015,12,305644
144,0.000554,172.31.36.0-255,66,67081,12,305644
145,0.000582,74.125.24.0-255,6797,73878,12,305644
146,0.000586,172.31.36.0-255,66,73944,12,305644
147,0.000594,74.125.24.0-255,7156,81100,12,305644
148,0.000596,172.31.36.0-255,66,81166,12,305644
149,0.000612,74.125.24.0-255,2543,83709,12,305644
150,0.000615,172.31.36.0-255,66,83775,12,305644
151,0.000731,74.125.24.0-255,1484,85259,12,305644
152,0.000739,74.125.24.0-255,2902,88161,12,305644
153,0.000744,172.31.36.0-255,66,88227,12,305644
154,0.000749,74.125.24.0-255,2902,91129,12,305644
155,0.000753,172.31.36.0-255,66,91195,12,305644
156,0.000769,74.125.24.0-255,2902,94097,12,305644
157,0.000773,172.31.36.0-255,66,94163,12,305644
158,0.000779,74.125.24.0-255,4320,98483,12,305644
159,0.000781,172.31.36.0-255,66,98549,12,305644
160,0.000787,74.125.24.0-255,5738,104287,12,305644
161,0.000789,172.31.36.0-255,66,104353,12,305644
162,0.000829,172.31.36.0-255,66,104419,12,305644
163,0.000834,74.125.24.0-255,2184,106603,12,305644
164,0.000836,172.31.36.0-255,66,106669,12,305644
165,0.000884,74.125.24.0-255,1484,108153,12,305644
166,0.00089,74.125.24.0-255,2902,111055,12,305644
167,0.000895,172.31.36.0-255,66,111121,12,305644
168,0.00092,74.125.24.0-255,5738,116859,12,305644
169,0.000924,172.31.36.0-255,66,116925,12,305644
170,0.00093,74.125.24.0-255,4320,121245,12,305644
171,0.000932,172.31.36.0-255,66,121311,12,305644
172,0.001001,172.31.36.0-255,101,121412,12,305644
173,0.001007,172.31.36.0-255,66,121478,12,305644
174,0.001011,172.31.36.0-255,66,121544,12,305644
175,0.001331,74.125.24.0-255,1484,123028,12,305644
176,0.001339,74.125.24.0-255,2902,125930,12,305644
177,0.001344,172.31.36.0-255,66,125996,12,305644
178,0.00135,74.125.24.0-255,2902,128898,12,305644
179,0.001352,172.31.36.0-255,66,128964,12,305644
180,0.001367,74.125.24.0-255,2902,131866,12,305644
181,0.00137,172.31.36.0-255,66,131932,12,305644
182,0.001374,74.125.24.0-255,2902,134834,12,305644
183,0.001377,172.31.36.0-255,66,134900,12,305644
184,0.001402,74.125.24.0-255,2902,137802,12,305644
185,0.001405,172.31.36.0-255,66,137868,12,305644
186,0.001435,74.125.24.0-255,7156,145024,12,305644
187,0.001438,172.31.36.0-255,66,145090,12,305644
188,0.001449,172.31.36.0-255,66,145156,12,305644
189,0.001466,74.125.24.0-255,2184,147340,12,305644
190,0.001469,172.31.36.0-255,66,147406,12,305644
191,0.001706,74.125.24.0-255,1484,148890,12,305644
192,0.001713,74.125.24.0-255,2902,151792,12,305644
193,0.001717,172.31.36.0-255,66,151858,12,305644
194,0.001721,74.125.24.0-255,1484,153342,12,305644
195,0.001744,74.125.24.0-255,4320,157662,12,305644
196,0.001747,172.31.36.0-255,66,157728,12,305644
197,0.001754,74.125.24.0-255,7156,164884,12,305644
198,0.001757,172.31.36.0-255,66,164950,12,305644
199,0.001797,74.125.24.0-255,2184,167134,12,305644
200,0.001799,172.31.36.0-255,66,167200,12,305644
201,0.001803,172.31.36.0-255,66,167266,12,305644
202,0.001855,172.31.36.0-255,66,167332,12,305644
203,0.001884,74.125.24.0-255,7156,174488,12,305644
204,0.001887,172.31.36.0-255,66,174554,12,305644
205,0.00189,74.125.24.0-255,1484,176038,12,305644
206,0.001931,172.31.36.0-255,66,176104,12,305644
207,0.001935,74.125.24.0-255,1484,177588,12,305644
208,0.001954,74.125.24.0-255,2184,179772,12,305644
209,0.001957,172.31.36.0-255,66,179838,12,305644
210,0.001999,74.125.24.0-255,4320,184158,12,305644
211,0.002003,172.31.36.0-255,66,184224,12,305644
212,0.002007,74.125.24.0-255,2902,187126,12,305644
213,0.002009,172.31.36.0-255,66,187192,12,305644
214,0.002024,74.125.24.0-255,2902,190094,12,305644
215,0.002027,172.31.36.0-255,66,190160,12,305644
216,0.002051,74.125.24.0-255,5738,195898,12,305644
217,0.002055,172.31.36.0-255,66,195964,12,305644
218,0.00206,74.125.24.0-255,5738,201702,12,305644
219,0.002063,172.31.36.0-255,66,201768,12,305644
220,0.002089,74.125.24.0-255,4320,206088,12,305644
221,0.002092,172.31.36.0-255,66,206154,12,305644
222,0.002109,74.125.24.0-255,4320,210474,12,305644
223,0.002111,172.31.36.0-255,66,210540,12,305644
224,0.002136,74.125.24.0-255,6438,216978,12,305644
225,0.00214,74.125.24.0-255,2902,219880,12,305644
226,0.002141,172.31.36.0-255,66,219946,12,305644
227,0.002145,172.31.36.0-255,66,220012,12,305644
228,0.002992,74.125.24.0-255,66,220078,12,305644
229,0.004181,74.125.24.0-255,5738,225816,12,305644
230,0.004186,172.31.36.0-255,66,225882,12,305644
231,0.006223,74.125.24.0-255,5738,231620,12,305644
232,0.006229,172.31.36.0-255,66,231686,12,305644
233,0.008264,74.125.24.0-255,5738,237424,12,305644
234,0.00827,172.31.36.0-255,66,237490,12,305644
235,0.010392,74.125.24.0-255,5738,243228,12,305644
236,0.010402,172.31.36.0-255,66,243294,12,305644
237,0.012449,74.125.24.0-255,5738,249032,12,305644
238,0.012461,172.31.36.0-255,66,249098,12,305644
239,0.014504,74.125.24.0-255,5738,254836,12,305644
240,0.014512,172.31.36.0-255,66,254902,12,305644
241,0.016611,74.125.24.0-255,5738,260640,12,305644
242,0.016621,172.31.36.0-255,66,260706,12,305644
243,0.018666,74.125.24.0-255,5738,266444,12,305644
244,0.018674,172.31.36.0-255,66,266510,12,305644
245,0.020726,74.125.24.0-255,5738,272248,12,305644
246,0.020736,172.31.36.0-255,66,272314,12,305644
247,0.022795,74.125.24.0-255,5738,278052,12,305644
248,0.022804,172.31.36.0-255,66,278118,12,305644
249,0.024838,74.125.24.0-255,5738,283856,12,305644
250,0.024844,172.31.36.0-255,66,283922,12,305644
251,0.026858,74.125.24.0-255,5738,289660,12,305644
252,0.026865,172.31.36.0-255,66,289726,12,305644
253,0.028929,74.125.24.0-255,5738,295464,12,305644
254,0.028937,172.31.36.0-255,66,295530,12,305644
255,0.029507,172.31.36.0-255,172,295702,12,305644
256,0.029538,172.31.36.0-255,1109,296811,12,305644
257,0.029597,172.31.36.0-255,1514,298325,12,305644
258,0.029599,172.31.36.0-255,1514,299839,12,305644
259,0.029601,172.31.36.0-255,1514,301353,12,305644
260,0.029602,172.31.36.0-255,1514,302867,12,305644
261,0.029629,172.31.36.0-255,1514,304381,12,305644
262,0.02963,172.31.36.0-255,1263,305644,12,305644
263,0.0,74.125.68.0-255,152,152,12,352353
264,3.3e-05,172.31.36.0-255,66,218,12,352353
265,4.1e-05,74.125.68.0-255,1484,1702,12,352353
266,4.5e-05,172.31.36.0-255,66,1768,12,352353
267,5e-05,74.125.68.0-255,2902,4670,12,352353
268,5.3e-05,172.31.36.0-255,66,4736,12,352353
269,5.6e-05,74.125.68.0-255,1484,6220,12,352353
270,5.8e-05,172.31.36.0-255,66,6286,12,352353
271,8.2e-05,74.125.68.0-255,5738,12024,12,352353
272,8.4e-05,172.31.36.0-255,66,12090,12,352353
273,8.8e-05,74.125.68.0-255,1985,14075,12,352353
274,9e-05,172.31.36.0-255,66,14141,12,352353
275,0.00022,74.125.68.0-255,1484,15625,12,352353
276,0.000225,172.31.36.0-255,66,15691,12,352353
277,0.000239,74.125.68.0-255,1484,17175,12,352353
278,0.000241,172.31.36.0-255,66,17241,12,352353
279,0.00026,74.125.68.0-255,2902,20143,12,352353
280,0.000262,172.31.36.0-255,66,20209,12,352353
281,0.000286,74.125.68.0-255,4320,24529,12,352353
282,0.000288,172.31.36.0-255,66,24595,12,352353
283,0.000319,74.125.68.0-255,5738,30333,12,352353
284,0.000322,172.31.36.0-255,66,30399,12,352353
285,0.000326,74.125.68.0-255,1125,31524,12,352353
286,0.000328,172.31.36.0-255,66,31590,12,352353
287,0.000349,74.125.68.0-255,1484,33074,12,352353
288,0.000352,172.31.36.0-255,66,33140,12,352353
289,0.00038,74.125.68.0-255,4320,37460,12,352353
290,0.000385,172.31.36.0-255,66,37526,12,352353
291,0.000406,74.125.68.0-255,5738,43264,12,352353
292,0.00041,172.31.36.0-255,66,43330,12,352353
293,0.000427,74.125.68.0-255,2902,46232,12,352353
294,0.00043,172.31.36.0-255,66,46298,12,352353
295,0.000452,74.125.68.0-255,2902,49200,12,352353
296,0.000455,172.31.36.0-255,66,49266,12,352353
297,0.000463,74.125.68.0-255,7156,56422,12,352353
298,0.000466,172.31.36.0-255,66,56488,12,352353
299,0.000495,74.125.68.0-255,4320,60808,12,352353
300,0.000498,172.31.36.0-255,66,60874,12,352353
301,0.000528,74.125.68.0-255,1484,62358,12,352353
302,0.000545,74.125.68.0-255,3602,65960,12,352353
303,0.000548,172.31.36.0-255,66,66026,12,352353
304,0.000742,74.125.68.0-255,647,66673,12,352353
305,0.000819,172.31.36.0-255,66,66739,12,352353
306,0.001262,74.125.68.0-255,1484,68223,12,352353
307,0.001272,74.125.68.0-255,2902,71125,12,352353
308,0.001276,172.31.36.0-255,66,71191,12,352353
309,0.001282,74.125.68.0-255,1484,72675,12,352353
310,0.0013,74.125.68.0-255,4320,76995,12,352353
311,0.001303,172.31.36.0-255,66,77061,12,352353
312,0.001307,74.125.68.0-255,2902,79963,12,352353
313,0.001309,172.31.36.0-255,66,80029,12,352353
314,0.001345,172.31.36.0-255,66,80095,12,352353
315,0.00135,74.125.68.0-255,4320,84415,12,352353
316,0.001352,172.31.36.0-255,66,84481,12,352353
317,0.001369,74.125.68.0-255,5738,90219,12,352353
318,0.001371,172.31.36.0-255,66,90285,12,352353
319,0.001374,74.125.68.0-255,766,91051,12,352353
320,0.001436,74.125.68.0-255,1484,92535,12,352353
321,0.00144,172.31.36.0-255,66,92601,12,352353
322,0.001443,74.125.68.0-255,1484,94085,12,352353
323,0.001459,74.125.68.0-255,2902,96987,12,352353
324,0.001461,172.31.36.0-255,66,97053,12,352353
325,0.001486,74.125.68.0-255,5738,102791,12,352353
326,0.001488,172.31.36.0-255,66,102857,12,352353
327,0.001491,74.125.68.0-255,1484,104341,12,352353
328,0.001509,74.125.68.0-255,7156,111497,12,352353
329,0.001511,172.31.36.0-255,66,111563,12,352353
330,0.001516,74.125.68.0-255,2902,114465,12,352353
331,0.001518,172.31.36.0-255,66,114531,12,352353
332,0.001533,74.125.68.0-255,7156,121687,12,352353
333,0.001536,172.31.36.0-255,66,121753,12,352353
334,0.00157,74.125.68.0-255,3602,125355,12,352353
335,0.001572,172.31.36.0-255,66,125421,12,352353
336,0.001584,74.125.68.0-255,2902,128323,12,352353
337,0.001586,172.31.36.0-255,66,128389,12,352353
338,0.00161,74.125.68.0-255,1484,129873,12,352353
339,0.001615,74.125.68.0-255,4320,134193,12,352353
340,0.001618,172.31.36.0-255,66,134259,12,352353
341,0.001623,74.125.68.0-255,5738,139997,12,352353
342,0.001625,172.31.36.0-255,66,140063,12,352353
343,0.001649,74.125.68.0-255,2902,142965,12,352353
344,0.001651,172.31.36.0-255,66,143031,12,352353
345,0.001662,74.125.68.0-255,2902,145933,12,352353
346,0.001664,172.31.36.0-255,66,145999,12,352353
347,0.001684,74.125.68.0-255,7156,153155,12,352353
348,0.001686,172.31.36.0-255,66,153221,12,352353
349,0.001703,74.125.68.0-255,2902,156123,12,352353
350,0.001705,172.31.36.0-255,66,156189,12,352353
351,0.001721,74.125.68.0-255,3602,159791,12,352353
352,0.001723,172.31.36.0-255,66,159857,12,352353
353,0.001758,74.125.68.0-255,1484,161341,12,352353
354,0.001771,74.125.68.0-255,1484,162825,12,352353
355,0.001773,172.31.36.0-255,66,162891,12,352353
356,0.001783,74.125.68.0-255,1484,164375,12,352353
357,0.001787,74.125.68.0-255,2902,167277,12,352353
358,0.001789,172.31.36.0-255,66,167343,12,352353
359,0.001802,74.125.68.0-255,2902,170245,12,352353
360,0.001804,172.31.36.0-255,66,170311,12,352353
361,0.001808,74.125.68.0-255,2902,173213,12,352353
362,0.001811,172.31.36.0-255,66,173279,12,352353
363,0.001816,74.125.68.0-255,4320,177599,12,352353
364,0.001818,172.31.36.0-255,66,177665,12,352353
365,0.001843,172.31.36.0-255,66,177731,12,352353
366,0.001846,74.125.68.0-255,1484,179215,12,352353
367,0.001866,74.125.68.0-255,5738,184953,12,352353
368,0.001868,172.31.36.0-255,66,185019,12,352353
369,0.001895,74.125.68.0-255,2902,187921,12,352353
370,0.001897,172.31.36.0-255,66,187987,12,352353
371,0.001919,74.125.68.0-255,5020,193007,12,352353
372,0.001921,172.31.36.0-255,66,193073,12,352353
373,0.001925,74.125.68.0-255,2902,195975,12,352353
374,0.001927,172.31.36.0-255,66,196041,12,352353
375,0.001929,74.125.68.0-255,1484,197525,12,352353
376,0.001944,74.125.68.0-255,5738,203263,12,352353
377,0.001947,172.31.36.0-255,66,203329,12,352353
378,0.001974,74.125.68.0-255,5738,209067,12,352353
379,0.001977,172.31.36.0-255,66,209133,12,352353
380,0.001986,172.31.36.0-255,66,209199,12,352353
381,0.002001,74.125.68.0-255,4320,213519,12,352353
382,0.002003,172.31.36.0-255,66,213585,12,352353
383,0.002038,74.125.68.0-255,6438,220023,12,352353
384,0.002041,172.31.36.0-255,66,220089,12,352353
385,0.002051,74.125.68.0-255,4320,224409,12,352353
386,0.002054,172.31.36.0-255,66,224475,12,352353
387,0.00206,74.125.68.0-255,5738,230213,12,352353
388,0.002062,172.31.36.0-255,66,230279,12,352353
389,0.002065,74.125.68.0-255,1484,231763,12,352353
390,0.002119,74.125.68.0-255,2902,234665,12,352353
391,0.002121,172.31.36.0-255,66,234731,12,352353
392,0.002127,74.125.68.0-255,5738,240469,12,352353
393,0.002129,172.31.36.0-255,66,240535,12,352353
394,0.002131,74.125.68.0-255,1484,242019,12,352353
395,0.002136,74.125.68.0-255,2184,244203,12,352353
396,0.002138,172.31.36.0-255,66,244269,12,352353
397,0.00217,74.125.68.0-255,1484,245753,12,352353
398,0.002184,74.125.68.0-255,2902,248655,12,352353
399,0.002187,172.31.36.0-255,66,248721,12,352353
400,0.002226,74.125.68.0-255,1484,250205,12,352353
401,0.002246,74.125.68.0-255,2902,253107,12,352353
402,0.002249,172.31.36.0-255,66,253173,12,352353
403,0.002252,74.125.68.0-255,1484,254657,12,352353
404,0.00227,74.125.68.0-255,4320,258977,12,352353
405,0.002274,172.31.36.0-255,66,259043,12,352353
406,0.002276,74.125.68.0-255,1484,260527,12,352353
407,0.00228,74.125.68.0-255,2902,263429,12,352353
408,0.002282,172.31.36.0-255,66,263495,12,352353
409,0.002314,74.125.68.0-255,5738,269233,12,352353
410,0.002318,172.31.36.0-255,66,269299,12,352353
411,0.002329,74.125.68.0-255,2902,272201,12,352353
412,0.002332,172.31.36.0-255,66,272267,12,352353
413,0.002349,74.125.68.0-255,4320,276587,12,352353
414,0.002353,172.31.36.0-255,66,276653,12,352353
415,0.002365,74.125.68.0-255,1484,278137,12,352353
416,0.002377,74.125.68.0-255,766,278903,12,352353
417,0.00238,172.31.36.0-255,66,278969,12,352353
418,0.002397,74.125.68.0-255,1484,280453,12,352353
419,0.002417,74.125.68.0-255,1484,281937,12,352353
420,0.002419,172.31.36.0-255,66,282003,12,352353
421,0.002424,74.125.68.0-255,2902,284905,12,352353
422,0.002426,172.31.36.0-255,66,284971,12,352353
423,0.00243,74.125.68.0-255,2902,287873,12,352353
424,0.002432,172.31.36.0-255,66,287939,12,352353
425,0.002454,74.125.68.0-255,1484,289423,12,352353
426,0.002465,172.31.36.0-255,66,289489,12,352353
427,0.002495,172.31.36.0-255,66,289555,12,352353
428,0.002509,74.125.68.0-255,1484,291039,12,352353
429,0.002537,172.31.36.0-255,66,291105,12,352353
430,0.002542,74.125.68.0-255,4320,295425,12,352353
431,0.002545,172.31.36.0-255,66,295491,12,352353
432,0.002569,74.125.68.0-255,2902,298393,12,352353
433,0.002572,172.31.36.0-255,66,298459,12,352353
434,0.002599,172.31.36.0-255,66,298525,12,352353
435,0.005135,74.125.68.0-255,2902,301427,12,352353
436,0.00514,172.31.36.0-255,66,301493,12,352353
437,0.005156,74.125.68.0-255,2902,304395,12,352353
438,0.005159,172.31.36.0-255,66,304461,12,352353
439,0.006422,172.31.36.0-255,101,304562,12,352353
440,0.007695,74.125.68.0-255,2902,307464,12,352353
441,0.007701,172.31.36.0-255,66,307530,12,352353
442,0.007706,74.125.68.0-255,2902,310432,12,352353
443,0.007709,172.31.36.0-255,66,310498,12,352353
444,0.008932,74.125.68.0-255,66,310564,12,352353
445,0.010253,74.125.68.0-255,5738,316302,12,352353
446,0.010262,172.31.36.0-255,66,316368,12,352353
447,0.012823,74.125.68.0-255,5738,322106,12,352353
448,0.012836,172.31.36.0-255,66,322172,12,352353
449,0.015393,74.125.68.0-255,5738,327910,12,352353
450,0.015402,172.31.36.0-255,66,327976,12,352353
451,0.017948,74.125.68.0-255,5738,333714,12,352353
452,0.017956,172.31.36.0-255,66,333780,12,352353
453,0.020522,74.125.68.0-255,5738,339518,12,352353
454,0.020533,172.31.36.0-255,66,339584,12,352353
455,0.023084,74.125.68.0-255,5738,345322,12,352353
456,0.023091,172.31.36.0-255,66,345388,12,352353
457,0.025639,74.125.68.0-255,5738,351126,12,352353
458,0.025645,172.31.36.0-255,66,351192,12,352353
459,0.028191,74.125.68.0-255,1056,352248,12,352353
460,0.028394,172.31.36.0-255,105,352353,12,352353
461,0.0,74.125.24.0-255,155,155,12,258354
462,2.3e-05,172.31.36.0-255,66,221,12,258354
463,3.1e-05,74.125.24.0-255,1484,1705,12,258354
464,3.5e-05,172.31.36.0-255,66,1771,12,258354
465,5e-05,74.125.24.0-255,2902,4673,12,258354
466,5.4e-05,172.31.36.0-255,66,4739,12,258354
467,6.2e-05,74.125.24.0-255,7156,11895,12,258354
468,6.5e-05,172.31.36.0-255,66,11961,12,258354
469,6.9e-05,74.125.24.0-255,2028,13989,12,258354
470,7.2e-05,172.31.36.0-255,66,14055,12,258354
471,7.7e-05,74.125.24.0-255,2902,16957,12,258354
472,8e-05,172.31.36.0-255,66,17023,12,258354
473,8.7e-05,74.125.24.0-255,7156,24179,12,258354
474,9.1e-05,172.31.36.0-255,66,24245,12,258354
475,9.7e-05,74.125.24.0-255,5738,29983,12,258354
476,0.0001,172.31.36.0-255,66,30049,12,258354
477,0.00013,74.125.24.0-255,5738,35787,12,258354
478,0.000139,172.31.36.0-255,66,35853,12,258354
479,0.000153,172.31.36.0-255,66,35919,12,258354
480,0.000176,74.125.24.0-255,1484,37403,12,258354
481,0.000178,172.31.36.0-255,66,37469,12,258354
482,0.000184,74.125.24.0-255,2902,40371,12,258354
483,0.000186,172.31.36.0-255,66,40437,12,258354
484,0.000213,74.125.24.0-255,4320,44757,12,258354
485,0.000216,172.31.36.0-255,66,44823,12,258354
486,0.000243,172.31.36.0-255,66,44889,12,258354
487,0.000264,74.125.24.0-255,111,45000,12,258354
488,0.000266,172.31.36.0-255,66,45066,12,258354
489,0.000416,74.125.24.0-255,1484,46550,12,258354
490,0.00042,172.31.36.0-255,66,46616,12,258354
491,0.000427,74.125.24.0-255,2902,49518,12,258354
492,0.000431,172.31.36.0-255,66,49584,12,258354
493,0.000442,74.125.24.0-255,4320,53904,12,258354
494,0.000444,172.31.36.0-255,66,53970,12,258354
495,0.000471,74.125.24.0-255,1484,55454,12,258354
496,0.000475,74.125.24.0-255,1484,56938,12,258354
497,0.000478,172.31.36.0-255,66,57004,12,258354
498,0.000485,74.125.24.0-255,5738,62742,12,258354
499,0.000487,172.31.36.0-255,66,62808,12,258354
500,0.000521,74.125.24.0-255,7156,69964,12,258354
501,0.000524,172.31.36.0-255,66,70030,12,258354
502,0.000535,172.31.36.0-255,66,70096,12,258354
503,0.000994,74.125.24.0-255,1484,71580,12,258354
504,0.001001,74.125.24.0-255,2902,74482,12,258354
505,0.001005,172.31.36.0-255,66,74548,12,258354
506,0.001012,74.125.24.0-255,5738,80286,12,258354
507,0.001014,172.31.36.0-255,66,80352,12,258354
508,0.001017,74.125.24.0-255,1484,81836,12,258354
509,0.001045,172.31.36.0-255,66,81902,12,258354
510,0.00105,74.125.24.0-255,2902,84804,12,258354
511,0.001052,172.31.36.0-255,66,84870,12,258354
512,0.001087,172.31.36.0-255,66,84936,12,258354
513,0.001144,74.125.24.0-255,1484,86420,12,258354
514,0.00115,74.125.24.0-255,2902,89322,12,258354
515,0.001152,172.31.36.0-255,66,89388,12,258354
516,0.001158,74.125.24.0-255,4320,93708,12,258354
517,0.00116,172.31.36.0-255,66,93774,12,258354
518,0.001177,74.125.24.0-255,1484,95258,12,258354
519,0.001183,74.125.24.0-255,5738,100996,12,258354
520,0.00119,172.31.36.0-255,66,101062,12,258354
521,0.001222,74.125.24.0-255,7156,108218,12,258354
522,0.001226,172.31.36.0-255,66,108284,12,258354
523,0.001241,172.31.36.0-255,66,108350,12,258354
524,0.001421,74.125.24.0-255,1484,109834,12,258354
525,0.001427,74.125.24.0-255,2902,112736,12,258354
526,0.00143,172.31.36.0-255,66,112802,12,258354
527,0.001435,74.125.24.0-255,2902,115704,12,258354
528,0.001437,172.31.36.0-255,66,115770,12,258354
529,0.001456,74.125.24.0-255,2902,118672,12,258354
530,0.001472,172.31.36.0-255,66,118738,12,258354
531,0.001475,172.31.36.0-255,66,118804,12,258354
532,0.001521,74.125.24.0-255,7156,125960,12,258354
533,0.001524,172.31.36.0-255,66,126026,12,258354
534,0.001559,172.31.36.0-255,66,126092,12,258354
535,0.001792,74.125.24.0-255,1484,127576,12,258354
536,0.001798,74.125.24.0-255,2902,130478,12,258354
537,0.001801,172.31.36.0-255,66,130544,12,258354
538,0.001808,74.125.24.0-255,5738,136282,12,258354
539,0.00181,172.31.36.0-255,66,136348,12,258354
540,0.00183,74.125.24.0-255,4320,140668,12,258354
541,0.001832,172.31.36.0-255,66,140734,12,258354
542,0.001863,74.125.24.0-255,2902,143636,12,258354
543,0.001865,172.31.36.0-255,66,143702,12,258354
544,0.001885,172.31.36.0-255,66,143768,12,258354
545,0.001889,74.125.24.0-255,2184,145952,12,258354
546,0.001891,172.31.36.0-255,66,146018,12,258354
547,0.001962,74.125.24.0-255,1484,147502,12,258354
548,0.001981,74.125.24.0-255,2902,150404,12,258354
549,0.001984,172.31.36.0-255,66,150470,12,258354
550,0.00199,74.125.24.0-255,5738,156208,12,258354
551,0.001992,172.31.36.0-255,66,156274,12,258354
552,0.002056,172.31.36.0-255,66,156340,12,258354
553,0.002079,172.31.36.0-255,66,156406,12,258354
554,0.002083,74.125.24.0-255,2184,158590,12,258354
555,0.002085,172.31.36.0-255,66,158656,12,258354
556,0.002116,74.125.24.0-255,5738,164394,12,258354
557,0.002119,172.31.36.0-255,66,164460,12,258354
558,0.002156,172.31.36.0-255,66,164526,12,258354
559,0.002161,74.125.24.0-255,4320,168846,12,258354
560,0.002164,172.31.36.0-255,66,168912,12,258354
561,0.002205,172.31.36.0-255,66,168978,12,258354
562,0.002233,74.125.24.0-255,2902,171880,12,258354
563,0.002236,172.31.36.0-255,66,171946,12,258354
564,0.002241,74.125.24.0-255,4320,176266,12,258354
565,0.002244,172.31.36.0-255,66,176332,12,258354
566,0.002282,74.125.24.0-255,7156,183488,12,258354
567,0.002285,172.31.36.0-255,66,183554,12,258354
568,0.002328,172.31.36.0-255,66,183620,12,258354
569,0.002335,74.125.24.0-255,5738,189358,12,258354
570,0.002337,172.31.36.0-255,66,189424,12,258354
571,0.002368,74.125.24.0-255,5020,194444,12,258354
572,0.00237,172.31.36.0-255,66,194510,12,258354
573,0.004697,74.125.24.0-255,5738,200248,12,258354
574,0.004703,172.31.36.0-255,66,200314,12,258354
575,0.007045,74.125.24.0-255,5738,206052,12,258354
576,0.007051,172.31.36.0-255,66,206118,12,258354
577,0.00943,74.125.24.0-255,5738,211856,12,258354
578,0.00944,172.31.36.0-255,66,211922,12,258354
579,0.011805,74.125.24.0-255,5738,217660,12,258354
580,0.011814,172.31.36.0-255,66,217726,12,258354
581,0.014169,74.125.24.0-255,5738,223464,12,258354
582,0.014181,172.31.36.0-255,66,223530,12,258354
583,0.01655,74.125.24.0-255,5738,229268,12,258354
584,0.016563,172.31.36.0-255,66,229334,12,258354
585,0.018958,74.125.24.0-255,5738,235072,12,258354
586,0.018966,172.31.36.0-255,66,235138,12,258354
587,0.021335,74.125.24.0-255,5738,240876,12,258354
588,0.021344,172.31.36.0-255,66,240942,12,258354
589,0.023716,74.125.24.0-255,5738,246680,12,258354
590,0.023723,172.31.36.0-255,66,246746,12,258354
591,0.026077,74.125.24.0-255,5738,252484,12,258354
592,0.026084,172.31.36.0-255,66,252550,12,258354
593,0.028454,74.125.24.0-255,5738,258288,12,258354
594,0.028462,172.31.36.0-255,66,258354,12,258354
595,0.0,74.125.24.0-255,153,153,12,254136
596,2.4e-05,172.31.36.0-255,66,219,12,254136
597,3.1e-05,74.125.24.0-255,1484,1703,12,254136
598,3.6e-05,172.31.36.0-255,66,1769,12,254136
599,4.3e-05,74.125.24.0-255,2902,4671,12,254136
600,4.6e-05,172.31.36.0-255,66,4737,12,254136
601,5.4e-05,74.125.24.0-255,7156,11893,12,254136
602,5.7e-05,172.31.36.0-255,66,11959,12,254136
603,6.1e-05,74.125.24.0-255,2071,14030,12,254136
604,6.4e-05,172.31.36.0-255,66,14096,12,254136
605,0.000109,74.125.24.0-255,5738,19834,12,254136
606,0.000112,172.31.36.0-255,66,19900,12,254136
607,0.000132,74.125.24.0-255,5738,25638,12,254136
608,0.000134,172.31.36.0-255,66,25704,12,254136
609,0.000148,172.31.36.0-255,66,25770,12,254136
610,0.000166,74.125.24.0-255,1484,27254,12,254136
611,0.000169,172.31.36.0-255,66,27320,12,254136
612,0.000177,74.125.24.0-255,7156,34476,12,254136
613,0.000179,172.31.36.0-255,66,34542,12,254136
614,0.000196,74.125.24.0-255,2184,36726,12,254136
615,0.000199,172.31.36.0-255,66,36792,12,254136
616,0.000324,74.125.24.0-255,1484,38276,12,254136
617,0.000329,172.31.36.0-255,66,38342,12,254136
618,0.000334,74.125.24.0-255,2902,41244,12,254136
619,0.000337,172.31.36.0-255,66,41310,12,254136
620,0.000366,74.125.24.0-255,5738,47048,12,254136
621,0.000369,172.31.36.0-255,66,47114,12,254136
622,0.000377,74.125.24.0-255,7105,54219,12,254136
623,0.000379,172.31.36.0-255,66,54285,12,254136
624,0.000665,74.125.24.0-255,1484,55769,12,254136
625,0.000672,172.31.36.0-255,66,55835,12,254136
626,0.000692,74.125.24.0-255,2902,58737,12,254136
627,0.000695,172.31.36.0-255,66,58803,12,254136
628,0.000702,74.125.24.0-255,5738,64541,12,254136
629,0.000705,172.31.36.0-255,66,64607,12,254136
630,0.000712,74.125.24.0-255,4320,68927,12,254136
631,0.000715,172.31.36.0-255,66,68993,12,254136
632,0.000735,74.125.24.0-255,4320,73313,12,254136
633,0.000738,172.31.36.0-255,66,73379,12,254136
634,0.000751,172.31.36.0-255,66,73445,12,254136
635,0.000777,74.125.24.0-255,5020,78465,12,254136
636,0.00078,172.31.36.0-255,66,78531,12,254136
637,0.000783,74.125.24.0-255,1484,80015,12,254136
638,0.000803,74.125.24.0-255,4320,84335,12,254136
639,0.000806,172.31.36.0-255,66,84401,12,254136
640,0.000813,74.125.24.0-255,5738,90139,12,254136
641,0.000816,172.31.36.0-255,66,90205,12,254136
642,0.000831,74.125.24.0-255,2902,93107,12,254136
643,0.000833,172.31.36.0-255,66,93173,12,254136
644,0.00085,74.125.24.0-255,4320,97493,12,254136
645,0.000852,172.31.36.0-255,66,97559,12,254136
646,0.000875,74.125.24.0-255,5738,103297,12,254136
647,0.000878,172.31.36.0-255,66,103363,12,254136
648,0.000889,172.31.36.0-255,66,103429,12,254136
649,0.001012,74.125.24.0-255,1484,104913,12,254136
650,0.001036,74.125.24.0-255,2902,107815,12,254136
651,0.001039,172.31.36.0-255,66,107881,12,254136
652,0.001046,74.125.24.0-255,5738,113619,12,254136
653,0.001049,172.31.36.0-255,66,113685,12,254136
654,0.001079,74.125.24.0-255,7156,120841,12,254136
655,0.001082,172.31.36.0-255,66,120907,12,254136
656,0.001107,74.125.24.0-255,4320,125227,12,254136
657,0.00111,172.31.36.0-255,66,125293,12,254136
658,0.001124,172.31.36.0-255,66,125359,12,254136
659,0.001167,74.125.24.0-255,4320,129679,12,254136
660,0.001171,172.31.36.0-255,66,129745,12,254136
661,0.001193,74.125.24.0-255,7156,136901,12,254136
662,0.001197,172.31.36.0-255,66,136967,12,254136
663,0.001239,74.125.24.0-255,7156,144123,12,254136
664,0.001241,172.31.36.0-255,66,144189,12,254136
665,0.001264,74.125.24.0-255,5738,149927,12,254136
666,0.001267,172.31.36.0-255,66,149993,12,254136
667,0.001279,172.31.36.0-255,66,150059,12,254136
668,0.001283,74.125.24.0-255,2902,152961,12,254136
669,0.001286,172.31.36.0-255,66,153027,12,254136
670,0.001291,74.125.24.0-255,4320,157347,12,254136
671,0.001293,172.31.36.0-255,66,157413,12,254136
672,0.001298,74.125.24.0-255,4320,161733,12,254136
673,0.001301,172.31.36.0-255,66,161799,12,254136
674,0.001328,74.125.24.0-255,4320,166119,12,254136
675,0.00133,172.31.36.0-255,66,166185,12,254136
676,0.001344,172.31.36.0-255,66,166251,12,254136
677,0.001373,74.125.24.0-255,5020,171271,12,254136
678,0.001376,172.31.36.0-255,66,171337,12,254136
679,0.001696,74.125.24.0-255,1484,172821,12,254136
680,0.001701,74.125.24.0-255,1484,174305,12,254136
681,0.001704,172.31.36.0-255,66,174371,12,254136
682,0.001724,74.125.24.0-255,1484,175855,12,254136
683,0.00173,74.125.24.0-255,5738,181593,12,254136
684,0.001732,172.31.36.0-255,66,181659,12,254136
685,0.001738,74.125.24.0-255,4320,185979,12,254136
686,0.00174,172.31.36.0-255,66,186045,12,254136
687,0.001749,74.125.24.0-255,2902,188947,12,254136
688,0.001751,172.31.36.0-255,66,189013,12,254136
689,0.001778,172.31.36.0-255,66,189079,12,254136
690,0.001783,74.125.24.0-255,2902,191981,12,254136
691,0.001785,172.31.36.0-255,66,192047,12,254136
692,0.001811,74.125.24.0-255,5020,197067,12,254136
693,0.001813,172.31.36.0-255,66,197133,12,254136
694,0.001825,172.31.36.0-255,66,197199,12,254136
695,0.001828,74.125.24.0-255,1484,198683,12,254136
696,0.001853,74.125.24.0-255,7156,205839,12,254136
697,0.001856,172.31.36.0-255,66,205905,12,254136
698,0.001883,172.31.36.0-255,66,205971,12,254136
699,0.001891,74.125.24.0-255,7156,213127,12,254136
700,0.001893,172.31.36.0-255,66,213193,12,254136
701,0.001931,172.31.36.0-255,66,213259,12,254136
702,0.001934,172.31.36.0-255,66,213325,12,254136
703,0.001945,74.125.24.0-255,5738,219063,12,254136
704,0.001947,172.31.36.0-255,66,219129,12,254136
705,0.001969,74.125.24.0-255,5020,224149,12,254136
706,0.001972,172.31.36.0-255,66,224215,12,254136
707,0.001994,74.125.24.0-255,7156,231371,12,254136
708,0.001997,172.31.36.0-255,66,231437,12,254136
709,0.002012,74.125.24.0-255,4320,235757,12,254136
710,0.002015,172.31.36.0-255,66,235823,12,254136
711,0.002022,74.125.24.0-255,5738,241561,12,254136
712,0.002024,172.31.36.0-255,66,241627,12,254136
713,0.002053,74.125.24.0-255,7156,248783,12,254136
714,0.002056,172.31.36.0-255,66,248849,12,254136
715,0.002068,172.31.36.0-255,66,248915,12,254136
716,0.002124,172.31.36.0-255,66,248981,12,254136
717,0.002136,172.31.36.0-255,66,249047,12,254136
718,0.002162,74.125.24.0-255,1484,250531,12,254136
719,0.002178,172.31.36.0-255,66,250597,12,254136
720,0.002182,74.125.24.0-255,2902,253499,12,254136
721,0.002185,172.31.36.0-255,66,253565,12,254136
722,0.002224,74.125.24.0-255,163,253728,12,254136
723,0.002228,172.31.36.0-255,66,253794,12,254136
724,0.00224,74.125.24.0-255,105,253899,12,254136
725,0.00989,172.31.36.0-255,66,253965,12,254136
726,0.009934,172.31.36.0-255,105,254070,12,254136
727,0.012184,74.125.24.0-255,66,254136,12,254136
728,0.0,74.125.24.0-255,97,97,12,163
729,0.001122,74.125.24.0-255,66,163,12,163
730,0.0,172.31.36.0-255,66,66,12,66
731,0.0,172.217.194.0-255,147,147,12,207245
732,1.6e-05,172.31.36.0-255,66,213,12,207245
733,2.3e-05,172.217.194.0-255,1484,1697,12,207245
734,2.8e-05,172.31.36.0-255,66,1763,12,207245
735,3.4e-05,172.217.194.0-255,2902,4665,12,207245
736,3.8e-05,172.31.36.0-255,66,4731,12,207245
737,5.6e-05,172.217.194.0-255,4320,9051,12,207245
738,6e-05,172.31.36.0-255,66,9117,12,207245
739,7.1e-05,172.217.194.0-255,4840,13957,12,207245
740,7.3e-05,172.31.36.0-255,66,14023,12,207245
741,0.000113,172.217.194.0-255,1484,15507,12,207245
742,0.000116,172.31.36.0-255,66,15573,12,207245
743,0.000121,172.217.194.0-255,2902,18475,12,207245
744,0.000123,172.31.36.0-255,66,18541,12,207245
745,0.000148,172.217.194.0-255,5738,24279,12,207245
746,0.00015,172.31.36.0-255,66,24345,12,207245
747,0.000172,172.217.194.0-255,2902,27247,12,207245
748,0.000175,172.31.36.0-255,66,27313,12,207245
749,0.000197,172.217.194.0-255,3961,31274,12,207245
750,0.000199,172.31.36.0-255,66,31340,12,207245
751,0.000206,172.217.194.0-255,7156,38496,12,207245
752,0.000208,172.31.36.0-255,66,38562,12,207245
753,0.000224,172.217.194.0-255,1484,40046,12,207245
754,0.000226,172.31.36.0-255,66,40112,12,207245
755,0.00026,172.31.36.0-255,66,40178,12,207245
756,0.000276,172.217.194.0-255,4320,44498,12,207245
757,0.000278,172.31.36.0-255,66,44564,12,207245
758,0.000281,172.217.194.0-255,1484,46048,12,207245
759,0.000283,172.31.36.0-255,66,46114,12,207245
760,0.000309,172.217.194.0-255,4320,50434,12,207245
761,0.000312,172.31.36.0-255,66,50500,12,207245
762,0.000331,172.217.194.0-255,2902,53402,12,207245
763,0.000333,172.31.36.0-255,66,53468,12,207245
764,0.000356,172.217.194.0-255,4237,57705,12,207245
765,0.000358,172.31.36.0-255,66,57771,12,207245
766,0.000369,172.217.194.0-255,113,57884,12,207245
767,0.000383,172.217.194.0-255,387,58271,12,207245
768,0.000511,172.217.194.0-255,1484,59755,12,207245
769,0.000516,172.31.36.0-255,66,59821,12,207245
770,0.000522,172.217.194.0-255,2902,62723,12,207245
771,0.000525,172.31.36.0-255,66,62789,12,207245
772,0.000532,172.217.194.0-255,5738,68527,12,207245
773,0.000535,172.31.36.0-255,66,68593,12,207245
774,0.000554,172.217.194.0-255,4320,72913,12,207245
775,0.000557,172.31.36.0-255,66,72979,12,207245
776,0.000577,172.31.36.0-255,66,73045,12,207245
777,0.00059,172.31.36.0-255,66,73111,12,207245
778,0.000629,172.217.194.0-255,1484,74595,12,207245
779,0.000646,172.217.194.0-255,7156,81751,12,207245
780,0.00065,172.31.36.0-255,66,81817,12,207245
781,0.000661,172.31.36.0-255,66,81883,12,207245
782,0.000674,172.217.194.0-255,1484,83367,12,207245
783,0.000681,172.217.194.0-255,5738,89105,12,207245
784,0.000684,172.31.36.0-255,66,89171,12,207245
785,0.000718,172.31.36.0-255,66,89237,12,207245
786,0.000842,172.217.194.0-255,1484,90721,12,207245
787,0.000871,172.217.194.0-255,2902,93623,12,207245
788,0.000875,172.31.36.0-255,66,93689,12,207245
789,0.000922,172.217.194.0-255,1484,95173,12,207245
790,0.00095,172.217.194.0-255,2902,98075,12,207245
791,0.000954,172.31.36.0-255,66,98141,12,207245
792,0.000961,172.217.194.0-255,5738,103879,12,207245
793,0.000963,172.31.36.0-255,66,103945,12,207245
794,0.001007,172.31.36.0-255,66,104011,12,207245
795,0.001026,172.217.194.0-255,2902,106913,12,207245
796,0.001032,172.217.194.0-255,6438,113351,12,207245
797,0.001036,172.217.194.0-255,2902,116253,12,207245
798,0.00104,172.217.194.0-255,4320,120573,12,207245
799,0.001067,172.217.194.0-255,5738,126311,12,207245
800,0.001074,172.31.36.0-255,66,126377,12,207245
801,0.001077,172.31.36.0-255,66,126443,12,207245
802,0.001079,172.31.36.0-255,66,126509,12,207245
803,0.001082,172.31.36.0-255,66,126575,12,207245
804,0.001085,172.31.36.0-255,66,126641,12,207245
805,0.001094,172.31.36.0-255,66,126707,12,207245
806,0.001097,172.31.36.0-255,66,126773,12,207245
807,0.001111,172.31.36.0-255,66,126839,12,207245
808,0.001126,172.31.36.0-255,66,126905,12,207245
809,0.001152,172.217.194.0-255,5020,131925,12,207245
810,0.001155,172.31.36.0-255,66,131991,12,207245
811,0.00116,172.217.194.0-255,2902,134893,12,207245
812,0.001162,172.31.36.0-255,66,134959,12,207245
813,0.001178,172.217.194.0-255,2902,137861,12,207245
814,0.00118,172.31.36.0-255,66,137927,12,207245
815,0.001191,172.31.36.0-255,66,137993,12,207245
816,0.00121,172.217.194.0-255,4320,142313,12,207245
817,0.001212,172.31.36.0-255,66,142379,12,207245
818,0.001216,172.217.194.0-255,1484,143863,12,207245
819,0.001256,172.31.36.0-255,66,143929,12,207245
820,0.001289,172.31.36.0-255,66,143995,12,207245
821,0.001309,172.31.36.0-255,66,144061,12,207245
822,0.001315,172.217.194.0-255,5020,149081,12,207245
823,0.001317,172.31.36.0-255,66,149147,12,207245
824,0.001357,172.217.194.0-255,1484,150631,12,207245
825,0.001361,172.217.194.0-255,2902,153533,12,207245
826,0.001364,172.31.36.0-255,66,153599,12,207245
827,0.00137,172.217.194.0-255,4320,157919,12,207245
828,0.001372,172.31.36.0-255,66,157985,12,207245
829,0.001387,172.217.194.0-255,1484,159469,12,207245
830,0.001408,172.217.194.0-255,7156,166625,12,207245
831,0.001411,172.31.36.0-255,66,166691,12,207245
832,0.001432,172.217.194.0-255,4320,171011,12,207245
833,0.001435,172.31.36.0-255,66,171077,12,207245
834,0.001442,172.217.194.0-255,7156,178233,12,207245
835,0.001445,172.31.36.0-255,66,178299,12,207245
836,0.001466,172.217.194.0-255,5020,183319,12,207245
837,0.001469,172.31.36.0-255,66,183385,12,207245
838,0.001516,172.217.194.0-255,1484,184869,12,207245
839,0.001521,172.217.194.0-255,2902,187771,12,207245
840,0.001524,172.31.36.0-255,66,187837,12,207245
841,0.001573,172.217.194.0-255,4320,192157,12,207245
842,0.001576,172.31.36.0-255,66,192223,12,207245
843,0.001582,172.217.194.0-255,5738,197961,12,207245
844,0.001584,172.31.36.0-255,66,198027,12,207245
845,0.001598,172.31.36.0-255,66,198093,12,207245
846,0.001609,172.31.36.0-255,66,198159,12,207245
847,0.001631,172.217.194.0-255,2902,201061,12,207245
848,0.001633,172.31.36.0-255,66,201127,12,207245
849,0.001664,172.31.36.0-255,66,201193,12,207245
850,0.001676,172.31.36.0-255,66,201259,12,207245
851,0.00169,172.217.194.0-255,766,202025,12,207245
852,0.001696,172.217.194.0-255,4812,206837,12,207245
853,0.001699,172.31.36.0-255,66,206903,12,207245
854,0.001721,172.217.194.0-255,105,207008,12,207245
855,0.012068,172.31.36.0-255,66,207074,12,207245
856,0.012127,172.31.36.0-255,105,207179,12,207245
857,0.014702,172.217.194.0-255,66,207245,12,207245
858,0.0,172.217.194.0-255,153,153,12,202974
859,1.7e-05,172.31.36.0-255,66,219,12,202974
860,2.3e-05,172.217.194.0-255,1484,1703,12,202974
861,2.8e-05,172.31.36.0-255,66,1769,12,202974
862,4.2e-05,172.217.194.0-255,2902,4671,12,202974
863,4.6e-05,172.31.36.0-255,66,4737,12,202974
864,5.4e-05,172.217.194.0-255,7156,11893,12,202974
865,5.7e-05,172.31.36.0-255,66,11959,12,202974
866,9.1e-05,172.217.194.0-255,2078,14037,12,202974
867,9.4e-05,172.31.36.0-255,66,14103,12,202974
868,0.000237,172.217.194.0-255,1484,15587,12,202974
869,0.000241,172.31.36.0-255,66,15653,12,202974
870,0.000248,172.217.194.0-255,2902,18555,12,202974
871,0.00025,172.31.36.0-255,66,18621,12,202974
872,0.00028,172.217.194.0-255,5738,24359,12,202974
873,0.000282,172.31.36.0-255,66,24425,12,202974
874,0.000285,172.217.194.0-255,1484,25909,12,202974
875,0.000287,172.31.36.0-255,66,25975,12,202974
876,0.000314,172.217.194.0-255,5379,31354,12,202974
877,0.000317,172.31.36.0-255,66,31420,12,202974
878,0.00033,172.217.194.0-255,7156,38576,12,202974
879,0.000332,172.31.36.0-255,66,38642,12,202974
880,0.000335,172.217.194.0-255,1484,40126,12,202974
881,0.000337,172.31.36.0-255,66,40192,12,202974
882,0.000368,172.217.194.0-255,5738,45930,12,202974
883,0.000371,172.31.36.0-255,66,45996,12,202974
884,0.000382,172.217.194.0-255,5738,51734,12,202974
885,0.000385,172.31.36.0-255,66,51800,12,202974
886,0.000432,172.31.36.0-255,66,51866,12,202974
887,0.000438,172.217.194.0-255,3602,55468,12,202974
888,0.00044,172.31.36.0-255,66,55534,12,202974
889,0.000495,172.217.194.0-255,338,55872,12,202974
890,0.000516,172.217.194.0-255,121,55993,12,202974
891,0.000671,172.217.194.0-255,1484,57477,12,202974
892,0.000676,172.31.36.0-255,66,57543,12,202974
893,0.000681,172.217.194.0-255,2902,60445,12,202974
894,0.000684,172.31.36.0-255,66,60511,12,202974
895,0.000688,172.217.194.0-255,2902,63413,12,202974
896,0.000696,172.31.36.0-255,66,63479,12,202974
897,0.00073,172.217.194.0-255,2902,66381,12,202974
898,0.000733,172.31.36.0-255,66,66447,12,202974
899,0.000738,172.217.194.0-255,4320,70767,12,202974
900,0.000741,172.31.36.0-255,66,70833,12,202974
901,0.000757,172.31.36.0-255,66,70899,12,202974
902,0.000763,172.217.194.0-255,4320,75219,12,202974
903,0.000765,172.31.36.0-255,66,75285,12,202974
904,0.000827,172.217.194.0-255,1484,76769,12,202974
905,0.000847,172.217.194.0-255,2499,79268,12,202974
906,0.000851,172.31.36.0-255,66,79334,12,202974
907,0.000857,172.217.194.0-255,4320,83654,12,202974
908,0.000859,172.31.36.0-255,66,83720,12,202974
909,0.000868,172.217.194.0-255,4320,88040,12,202974
910,0.00087,172.31.36.0-255,66,88106,12,202974
911,0.000883,172.31.36.0-255,66,88172,12,202974
912,0.000914,172.217.194.0-255,5738,93910,12,202974
913,0.000917,172.31.36.0-255,66,93976,12,202974
914,0.000949,172.31.36.0-255,66,94042,12,202974
915,0.001011,172.217.194.0-255,1484,95526,12,202974
916,0.001016,172.217.194.0-255,2902,98428,12,202974
917,0.001019,172.31.36.0-255,66,98494,12,202974
918,0.001048,172.217.194.0-255,5738,104232,12,202974
919,0.001051,172.31.36.0-255,66,104298,12,202974
920,0.001057,172.217.194.0-255,4320,108618,12,202974
921,0.001059,172.31.36.0-255,66,108684,12,202974
922,0.001084,172.217.194.0-255,5738,114422,12,202974
923,0.001086,172.31.36.0-255,66,114488,12,202974
924,0.001103,172.31.36.0-255,66,114554,12,202974
925,0.001107,172.217.194.0-255,2184,116738,12,202974
926,0.00111,172.31.36.0-255,66,116804,12,202974
927,0.001147,172.217.194.0-255,2902,119706,12,202974
928,0.00115,172.31.36.0-255,66,119772,12,202974
929,0.001158,172.217.194.0-255,7156,126928,12,202974
930,0.00116,172.31.36.0-255,66,126994,12,202974
931,0.001177,172.31.36.0-255,66,127060,12,202974
932,0.00125,172.31.36.0-255,66,127126,12,202974
933,0.0016,172.217.194.0-255,1484,128610,12,202974
934,0.001609,172.217.194.0-255,2902,131512,12,202974
935,0.001613,172.31.36.0-255,66,131578,12,202974
936,0.001619,172.217.194.0-255,2902,134480,12,202974
937,0.001622,172.31.36.0-255,66,134546,12,202974
938,0.001654,172.217.194.0-255,2902,137448,12,202974
939,0.001658,172.31.36.0-255,66,137514,12,202974
940,0.00167,172.31.36.0-255,66,137580,12,202974
941,0.001677,172.217.194.0-255,1484,139064,12,202974
942,0.001717,172.31.36.0-255,66,139130,12,202974
943,0.004264,172.217.194.0-255,5738,144868,12,202974
944,0.004273,172.31.36.0-255,66,144934,12,202974
945,0.006844,172.217.194.0-255,5738,150672,12,202974
946,0.006851,172.31.36.0-255,66,150738,12,202974
947,0.009388,172.217.194.0-255,5738,156476,12,202974
948,0.009397,172.31.36.0-255,66,156542,12,202974
949,0.011945,172.217.194.0-255,5738,162280,12,202974
950,0.011954,172.31.36.0-255,66,162346,12,202974
951,0.014539,172.217.194.0-255,5738,168084,12,202974
952,0.014548,172.31.36.0-255,66,168150,12,202974
953,0.0171,172.217.194.0-255,5738,173888,12,202974
954,0.017108,172.31.36.0-255,66,173954,12,202974
955,0.019705,172.217.194.0-255,5738,179692,12,202974
956,0.019716,172.31.36.0-255,66,179758,12,202974
957,0.022279,172.217.194.0-255,5738,185496,12,202974
958,0.022287,172.31.36.0-255,66,185562,12,202974
959,0.024837,172.217.194.0-255,5738,191300,12,202974
960,0.024849,172.31.36.0-255,66,191366,12,202974
961,0.027404,172.217.194.0-255,5738,197104,12,202974
962,0.027412,172.31.36.0-255,66,197170,12,202974
963,0.029961,172.217.194.0-255,5738,202908,12,202974
964,0.029969,172.31.36.0-255,66,202974,12,202974
965,0.0,172.217.160.0-255,153,153,12,130337
966,2.9e-05,172.31.36.0-255,66,219,12,130337
967,3.6e-05,172.217.160.0-255,1484,1703,12,130337
968,4.1e-05,172.31.36.0-255,66,1769,12,130337
969,5.5e-05,172.217.160.0-255,2902,4671,12,130337
970,5.8e-05,172.31.36.0-255,66,4737,12,130337
971,6.3e-05,172.217.160.0-255,2902,7639,12,130337
972,6.6e-05,172.31.36.0-255,66,7705,12,130337
973,7.8e-05,172.31.36.0-255,66,7771,12,130337
974,9.4e-05,172.31.36.0-255,66,7837,12,130337
975,0.000152,172.217.160.0-255,1484,9321,12,130337
976,0.00016,172.31.36.0-255,66,9387,12,130337
977,0.000165,172.217.160.0-255,2902,12289,12,130337
978,0.000168,172.31.36.0-255,66,12355,12,130337
979,0.000174,172.217.160.0-255,5738,18093,12,130337
980,0.000176,172.31.36.0-255,66,18159,12,130337
981,0.00019,172.31.36.0-255,66,18225,12,130337
982,0.000202,172.31.36.0-255,66,18291,12,130337
983,0.000205,172.217.160.0-255,1073,19364,12,130337
984,0.000208,172.31.36.0-255,66,19430,12,130337
985,0.000817,172.217.160.0-255,103,19533,12,130337
986,0.000823,172.31.36.0-255,66,19599,12,130337
987,0.001046,172.217.160.0-255,1484,21083,12,130337
988,0.001051,172.31.36.0-255,66,21149,12,130337
989,0.001057,172.217.160.0-255,2902,24051,12,130337
990,0.001059,172.31.36.0-255,66,24117,12,130337
991,0.00107,172.217.160.0-255,2902,27019,12,130337
992,0.001072,172.31.36.0-255,66,27085,12,130337
993,0.001111,172.217.160.0-255,2902,29987,12,130337
994,0.001122,172.217.160.0-255,1484,31471,12,130337
995,0.001126,172.31.36.0-255,66,31537,12,130337
996,0.00113,172.31.36.0-255,66,31603,12,130337
997,0.001157,172.31.36.0-255,66,31669,12,130337
998,0.002793,172.217.160.0-255,5738,37407,12,130337
999,0.002801,172.31.36.0-255,66,37473,12,130337
1000,0.004427,172.217.160.0-255,5738,43211,12,130337
1001,0.004431,172.31.36.0-255,66,43277,12,130337
1002,0.00605,172.217.160.0-255,5738,49015,12,130337
1003,0.006054,172.31.36.0-255,66,49081,12,130337
1004,0.00769,172.217.160.0-255,5738,54819,12,130337
1005,0.007698,172.31.36.0-255,66,54885,12,130337
1006,0.009344,172.217.160.0-255,5738,60623,12,130337
1007,0.009355,172.31.36.0-255,66,60689,12,130337
1008,0.011,172.217.160.0-255,5738,66427,12,130337
1009,0.011016,172.31.36.0-255,66,66493,12,130337
1010,0.012666,172.217.160.0-255,5738,72231,12,130337
1011,0.012681,172.31.36.0-255,66,72297,12,130337
1012,0.014338,172.217.160.0-255,5738,78035,12,130337
1013,0.014351,172.31.36.0-255,66,78101,12,130337
1014,0.015997,172.217.160.0-255,5738,83839,12,130337
1015,0.016011,172.31.36.0-255,66,83905,12,130337
1016,0.017655,172.217.160.0-255,5738,89643,12,130337
1017,0.017669,172.31.36.0-255,66,89709,12,130337
1018,0.019308,172.217.160.0-255,5738,95447,12,130337
1019,0.01932,172.31.36.0-255,66,95513,12,130337
1020,0.020962,172.217.160.0-255,5738,101251,12,130337
1021,0.02097,172.31.36.0-255,66,101317,12,130337
1022,0.022611,172.217.160.0-255,5738,107055,12,130337
1023,0.022622,172.31.36.0-255,66,107121,12,130337
1024,0.02425,172.217.160.0-255,5738,112859,12,130337
1025,0.024258,172.31.36.0-255,66,112925,12,130337
1026,0.025891,172.217.160.0-255,5738,118663,12,130337
1027,0.025898,172.31.36.0-255,66,118729,12,130337
1028,0.027536,172.217.160.0-255,5738,124467,12,130337
1029,0.027543,172.31.36.0-255,66,124533,12,130337
1030,0.029181,172.217.160.0-255,5738,130271,12,130337
1031,0.029188,172.31.36.0-255,66,130337,12,130337
1032,0.0,172.217.194.0-255,300,300,12,230952
1033,2.6e-05,172.31.36.0-255,66,366,12,230952
1034,3.3e-05,172.217.194.0-255,1484,1850,12,230952
1035,3.7e-05,172.31.36.0-255,66,1916,12,230952
1036,4.3e-05,172.217.194.0-255,4320,6236,12,230952
1037,5.3e-05,172.31.36.0-255,66,6302,12,230952
1038,9e-05,172.31.36.0-255,66,6368,12,230952
1039,0.000166,172.217.194.0-255,1484,7852,12,230952
1040,0.00017,172.31.36.0-255,66,7918,12,230952
1041,0.000203,172.217.194.0-255,2902,10820,12,230952
1042,0.000206,172.31.36.0-255,66,10886,12,230952
1043,0.000213,172.217.194.0-255,5738,16624,12,230952
1044,0.000216,172.31.36.0-255,66,16690,12,230952
1045,0.00022,172.217.194.0-255,2902,19592,12,230952
1046,0.000223,172.31.36.0-255,66,19658,12,230952
1047,0.00026,172.217.194.0-255,3961,23619,12,230952
1048,0.000264,172.31.36.0-255,66,23685,12,230952
1049,0.000271,172.217.194.0-255,7156,30841,12,230952
1050,0.000274,172.31.36.0-255,66,30907,12,230952
1051,0.00029,172.31.36.0-255,66,30973,12,230952
1052,0.000336,172.217.194.0-255,7156,38129,12,230952
1053,0.000341,172.31.36.0-255,66,38195,12,230952
1054,0.000351,172.217.194.0-255,3926,42121,12,230952
1055,0.000361,172.31.36.0-255,66,42187,12,230952
1056,0.000558,172.217.194.0-255,384,42571,12,230952
1057,0.000564,172.31.36.0-255,66,42637,12,230952
1058,0.000763,172.217.194.0-255,1484,44121,12,230952
1059,0.000769,172.31.36.0-255,66,44187,12,230952
1060,0.000797,172.217.194.0-255,2902,47089,12,230952
1061,0.0008,172.31.36.0-255,66,47155,12,230952
1062,0.000807,172.217.194.0-255,5738,52893,12,230952
1063,0.000809,172.31.36.0-255,66,52959,12,230952
1064,0.000835,172.217.194.0-255,7156,60115,12,230952
1065,0.000839,172.31.36.0-255,66,60181,12,230952
1066,0.000854,172.217.194.0-255,5738,65919,12,230952
1067,0.000857,172.31.36.0-255,66,65985,12,230952
1068,0.00087,172.217.194.0-255,7156,73141,12,230952
1069,0.000872,172.31.36.0-255,66,73207,12,230952
1070,0.000905,172.217.194.0-255,1484,74691,12,230952
1071,0.000911,172.217.194.0-255,2184,76875,12,230952
1072,0.000914,172.31.36.0-255,66,76941,12,230952
1073,0.001012,172.217.194.0-255,1484,78425,12,230952
1074,0.001019,172.217.194.0-255,2902,81327,12,230952
1075,0.001022,172.31.36.0-255,66,81393,12,230952
1076,0.001026,172.217.194.0-255,1484,82877,12,230952
1077,0.001055,172.217.194.0-255,4320,87197,12,230952
1078,0.001058,172.31.36.0-255,66,87263,12,230952
1079,0.001065,172.217.194.0-255,7156,94419,12,230952
1080,0.001071,172.31.36.0-255,66,94485,12,230952
1081,0.00109,172.217.194.0-255,2902,97387,12,230952
1082,0.001093,172.31.36.0-255,66,97453,12,230952
1083,0.001127,172.31.36.0-255,66,97519,12,230952
1084,0.00116,172.217.194.0-255,2184,99703,12,230952
1085,0.001164,172.31.36.0-255,66,99769,12,230952
1086,0.001366,172.217.194.0-255,1484,101253,12,230952
1087,0.001374,172.217.194.0-255,2902,104155,12,230952
1088,0.001382,172.31.36.0-255,66,104221,12,230952
1089,0.001389,172.217.194.0-255,5738,109959,12,230952
1090,0.001391,172.31.36.0-255,66,110025,12,230952
1091,0.001404,172.217.194.0-255,7156,117181,12,230952
1092,0.001407,172.31.36.0-255,66,117247,12,230952
1093,0.001426,172.217.194.0-255,2902,120149,12,230952
1094,0.001429,172.31.36.0-255,66,120215,12,230952
1095,0.001456,172.217.194.0-255,4320,124535,12,230952
1096,0.001459,172.31.36.0-255,66,124601,12,230952
1097,0.001503,172.31.36.0-255,66,124667,12,230952
1098,0.001572,172.217.194.0-255,1484,126151,12,230952
1099,0.001578,172.217.194.0-255,2902,129053,12,230952
1100,0.001582,172.31.36.0-255,66,129119,12,230952
1101,0.001586,172.217.194.0-255,1484,130603,12,230952
1102,0.001616,172.217.194.0-255,4320,134923,12,230952
1103,0.001619,172.31.36.0-255,66,134989,12,230952
1104,0.001661,172.217.194.0-255,5738,140727,12,230952
1105,0.001665,172.31.36.0-255,66,140793,12,230952
1106,0.001697,172.217.194.0-255,7156,147949,12,230952
1107,0.001701,172.31.36.0-255,66,148015,12,230952
1108,0.001714,172.31.36.0-255,66,148081,12,230952
1109,0.001746,172.217.194.0-255,1484,149565,12,230952
1110,0.00176,172.217.194.0-255,2902,152467,12,230952
1111,0.001764,172.31.36.0-255,66,152533,12,230952
1112,0.001768,172.217.194.0-255,1484,154017,12,230952
1113,0.001791,172.217.194.0-255,4320,158337,12,230952
1114,0.001795,172.31.36.0-255,66,158403,12,230952
1115,0.0018,172.217.194.0-255,2902,161305,12,230952
1116,0.001802,172.31.36.0-255,66,161371,12,230952
1117,0.00185,172.31.36.0-255,66,161437,12,230952
1118,0.001861,172.31.36.0-255,66,161503,12,230952
1119,0.00189,172.217.194.0-255,2184,163687,12,230952
1120,0.001893,172.31.36.0-255,66,163753,12,230952
1121,0.001925,172.217.194.0-255,1484,165237,12,230952
1122,0.001949,172.217.194.0-255,2902,168139,12,230952
1123,0.001954,172.31.36.0-255,66,168205,12,230952
1124,0.001959,172.217.194.0-255,4320,172525,12,230952
1125,0.001963,172.31.36.0-255,66,172591,12,230952
1126,0.001981,172.217.194.0-255,1484,174075,12,230952
1127,0.002006,172.31.36.0-255,66,174141,12,230952
1128,0.002027,172.217.194.0-255,4320,178461,12,230952
1129,0.002031,172.31.36.0-255,66,178527,12,230952
1130,0.002045,172.31.36.0-255,66,178593,12,230952
1131,0.002046,172.217.194.0-255,4320,182913,12,230952
1132,0.002049,172.31.36.0-255,66,182979,12,230952
1133,0.002098,172.31.36.0-255,66,183045,12,230952
1134,0.002117,172.31.36.0-255,66,183111,12,230952
1135,0.002119,172.217.194.0-255,1484,184595,12,230952
1136,0.002124,172.217.194.0-255,2902,187497,12,230952
1137,0.002126,172.31.36.0-255,66,187563,12,230952
1138,0.002129,172.217.194.0-255,1484,189047,12,230952
1139,0.002166,172.217.194.0-255,4320,193367,12,230952
1140,0.002171,172.31.36.0-255,66,193433,12,230952
1141,0.002183,172.31.36.0-255,66,193499,12,230952
1142,0.002214,172.217.194.0-255,5738,199237,12,230952
1143,0.002219,172.31.36.0-255,66,199303,12,230952
1144,0.002254,172.217.194.0-255,6438,205741,12,230952
1145,0.002259,172.31.36.0-255,66,205807,12,230952
1146,0.002261,172.217.194.0-255,7156,212963,12,230952
1147,0.002263,172.31.36.0-255,66,213029,12,230952
1148,0.002297,172.217.194.0-255,5738,218767,12,230952
1149,0.0023,172.31.36.0-255,66,218833,12,230952
1150,0.002316,172.31.36.0-255,66,218899,12,230952
1151,0.002356,172.217.194.0-255,7156,226055,12,230952
1152,0.002359,172.31.36.0-255,66,226121,12,230952
1153,0.002406,172.31.36.0-255,66,226187,12,230952
1154,0.002421,172.31.36.0-255,66,226253,12,230952
1155,0.002436,172.31.36.0-255,66,226319,12,230952
1156,0.00244,172.217.194.0-255,105,226424,12,230952
1157,0.004978,172.31.36.0-255,66,226490,12,230952
1158,0.005006,172.31.36.0-255,105,226595,12,230952
1159,0.007589,172.217.194.0-255,66,226661,12,230952
1160,0.025594,172.31.36.0-255,172,226833,12,230952
1161,0.025666,172.31.36.0-255,1108,227941,12,230952
1162,0.025696,172.31.36.0-255,1514,229455,12,230952
1163,0.025698,172.31.36.0-255,1299,230754,12,230952
1164,0.027126,104.244.42.0-255,66,230820,12,230952
1165,0.027219,104.244.42.0-255,66,230886,12,230952
1166,0.027263,104.244.42.0-255,66,230952,12,230952
1167,0.0,172.31.36.0-255,66,66,12,66
1168,0.0,172.217.194.0-255,167,167,12,147751
1169,2.1e-05,172.31.36.0-255,66,233,12,147751
1170,2.9e-05,172.217.194.0-255,1484,1717,12,147751
1171,3.3e-05,172.31.36.0-255,66,1783,12,147751
1172,3.9e-05,172.217.194.0-255,2902,4685,12,147751
1173,5e-05,172.31.36.0-255,66,4751,12,147751
1174,5.9e-05,172.217.194.0-255,7156,11907,12,147751
1175,6.2e-05,172.31.36.0-255,66,11973,12,147751
1176,7e-05,172.217.194.0-255,6280,18253,12,147751
1177,7.3e-05,172.31.36.0-255,66,18319,12,147751
1178,8e-05,172.217.194.0-255,7156,25475,12,147751
1179,8.3e-05,172.31.36.0-255,66,25541,12,147751
1180,0.000117,172.217.194.0-255,5379,30920,12,147751
1181,0.00012,172.31.36.0-255,66,30986,12,147751
1182,0.00016,172.217.194.0-255,2902,33888,12,147751
1183,0.000163,172.31.36.0-255,66,33954,12,147751
1184,0.000194,172.217.194.0-255,4320,38274,12,147751
1185,0.000197,172.31.36.0-255,66,38340,12,147751
1186,0.0002,172.217.194.0-255,1484,39824,12,147751
1187,0.000202,172.31.36.0-255,66,39890,12,147751
1188,0.00023,172.217.194.0-255,7156,47046,12,147751
1189,0.000232,172.31.36.0-255,66,47112,12,147751
1190,0.00024,172.217.194.0-255,5738,52850,12,147751
1191,0.000242,172.31.36.0-255,66,52916,12,147751
1192,0.000281,172.31.36.0-255,66,52982,12,147751
1193,0.000305,172.217.194.0-255,1079,54061,12,147751
1194,0.000308,172.31.36.0-255,66,54127,12,147751
1195,0.000311,172.217.194.0-255,98,54225,12,147751
1196,0.000312,172.31.36.0-255,66,54291,12,147751
1197,0.000316,172.217.194.0-255,1484,55775,12,147751
1198,0.000318,172.31.36.0-255,66,55841,12,147751
1199,0.000341,172.217.194.0-255,2902,58743,12,147751
1200,0.000356,172.31.36.0-255,66,58809,12,147751
1201,0.000364,172.217.194.0-255,7156,65965,12,147751
1202,0.000367,172.31.36.0-255,66,66031,12,147751
1203,0.00037,172.217.194.0-255,1484,67515,12,147751
1204,0.000413,172.31.36.0-255,66,67581,12,147751
1205,0.000418,172.217.194.0-255,2902,70483,12,147751
1206,0.00042,172.31.36.0-255,66,70549,12,147751
1207,0.00045,172.31.36.0-255,66,70615,12,147751
1208,0.000499,172.217.194.0-255,1484,72099,12,147751
1209,0.000505,172.217.194.0-255,2902,75001,12,147751
1210,0.000507,172.31.36.0-255,66,75067,12,147751
1211,0.000514,172.217.194.0-255,5738,80805,12,147751
1212,0.000517,172.31.36.0-255,66,80871,12,147751
1213,0.000545,172.217.194.0-255,1484,82355,12,147751
1214,0.000577,172.31.36.0-255,66,82421,12,147751
1215,0.000597,172.31.36.0-255,66,82487,12,147751
1216,0.000674,172.31.36.0-255,66,82553,12,147751
1217,0.000685,172.31.36.0-255,66,82619,12,147751
1218,0.00076,172.217.194.0-255,1484,84103,12,147751
1219,0.00078,172.217.194.0-255,2902,87005,12,147751
1220,0.000787,172.217.194.0-255,5738,92743,12,147751
1221,0.00081,172.217.194.0-255,4320,97063,12,147751
1222,0.000873,172.217.194.0-255,766,97829,12,147751
1223,0.000951,172.217.194.0-255,1484,99313,12,147751
1224,0.000968,172.217.194.0-255,2902,102215,12,147751
1225,0.000975,172.217.194.0-255,5738,107953,12,147751
1226,0.000981,172.217.194.0-255,5738,113691,12,147751
1227,0.000999,172.217.194.0-255,1484,115175,12,147751
1228,0.001038,172.217.194.0-255,4320,119495,12,147751
1229,0.001048,172.217.194.0-255,766,120261,12,147751
1230,0.001172,172.217.194.0-255,1484,121745,12,147751
1231,0.00119,172.217.194.0-255,2902,124647,12,147751
1232,0.001211,172.217.194.0-255,5738,130385,12,147751
1233,0.001229,172.217.194.0-255,1484,131869,12,147751
1234,0.001266,172.31.36.0-255,66,131935,12,147751
1235,0.00127,172.217.194.0-255,1484,133419,12,147751
1236,0.001344,172.31.36.0-255,66,133485,12,147751
1237,0.001396,172.31.36.0-255,66,133551,12,147751
1238,0.001428,172.217.194.0-255,2184,135735,12,147751
1239,0.001559,172.31.36.0-255,66,135801,12,147751
1240,0.00159,172.217.194.0-255,5020,140821,12,147751
1241,0.001598,172.217.194.0-255,6522,147343,12,147751
1242,0.001612,172.31.36.0-255,66,147409,12,147751
1243,0.00164,172.217.194.0-255,105,147514,12,147751
1244,0.011385,172.31.36.0-255,66,147580,12,147751
1245,0.011432,172.31.36.0-255,105,147685,12,147751
1246,0.013704,172.217.194.0-255,66,147751,12,147751
1247,0.0,172.217.194.0-255,153,153,12,157954
1248,2.3e-05,172.31.36.0-255,66,219,12,157954
1249,3e-05,172.217.194.0-255,1484,1703,12,157954
1250,3.5e-05,172.31.36.0-255,66,1769,12,157954
1251,5.1e-05,172.217.194.0-255,2902,4671,12,157954
1252,5.4e-05,172.31.36.0-255,66,4737,12,157954
1253,6.2e-05,172.217.194.0-255,7156,11893,12,157954
1254,6.6e-05,172.31.36.0-255,66,11959,12,157954
1255,7e-05,172.217.194.0-255,2112,14071,12,157954
1256,7.3e-05,172.31.36.0-255,66,14137,12,157954
1257,0.000147,172.217.194.0-255,1484,15621,12,157954
1258,0.000151,172.31.36.0-255,66,15687,12,157954
1259,0.000156,172.217.194.0-255,2902,18589,12,157954
1260,0.000158,172.31.36.0-255,66,18655,12,157954
1261,0.000185,172.217.194.0-255,5738,24393,12,157954
1262,0.000192,172.31.36.0-255,66,24459,12,157954
1263,0.000198,172.217.194.0-255,4320,28779,12,157954
1264,0.000201,172.31.36.0-255,66,28845,12,157954
1265,0.000233,172.217.194.0-255,2543,31388,12,157954
1266,0.000235,172.31.36.0-255,66,31454,12,157954
1267,0.000243,172.217.194.0-255,7156,38610,12,157954
1268,0.000245,172.31.36.0-255,66,38676,12,157954
1269,0.000258,172.217.194.0-255,7156,45832,12,157954
1270,0.000274,172.31.36.0-255,66,45898,12,157954
1271,0.000287,172.31.36.0-255,66,45964,12,157954
1272,0.000324,172.217.194.0-255,7156,53120,12,157954
1273,0.000327,172.31.36.0-255,66,53186,12,157954
1274,0.000333,172.217.194.0-255,3602,56788,12,157954
1275,0.000335,172.31.36.0-255,66,56854,12,157954
1276,0.000338,172.217.194.0-255,379,57233,12,157954
1277,0.000339,172.31.36.0-255,66,57299,12,157954
1278,0.000755,172.217.194.0-255,365,57664,12,157954
1279,0.000858,172.217.194.0-255,1484,59148,12,157954
1280,0.000862,172.31.36.0-255,66,59214,12,157954
1281,0.000868,172.217.194.0-255,2902,62116,12,157954
1282,0.000871,172.31.36.0-255,66,62182,12,157954
1283,0.000908,172.217.194.0-255,5738,67920,12,157954
1284,0.000911,172.31.36.0-255,66,67986,12,157954
1285,0.00093,172.31.36.0-255,66,68052,12,157954
1286,0.000957,172.217.194.0-255,5738,73790,12,157954
1287,0.00096,172.31.36.0-255,66,73856,12,157954
1288,0.000979,172.217.194.0-255,5020,78876,12,157954
1289,0.000982,172.31.36.0-255,66,78942,12,157954
1290,0.001253,172.217.194.0-255,1484,80426,12,157954
1291,0.00126,172.217.194.0-255,2902,83328,12,157954
1292,0.001263,172.31.36.0-255,66,83394,12,157954
1293,0.00127,172.217.194.0-255,4320,87714,12,157954
1294,0.001272,172.31.36.0-255,66,87780,12,157954
1295,0.001301,172.217.194.0-255,1484,89264,12,157954
1296,0.001316,172.31.36.0-255,66,89330,12,157954
1297,0.001328,172.31.36.0-255,66,89396,12,157954
1298,0.001356,172.217.194.0-255,766,90162,12,157954
1299,0.001673,172.217.194.0-255,1484,91646,12,157954
1300,0.001678,172.31.36.0-255,66,91712,12,157954
1301,0.001683,172.217.194.0-255,2902,94614,12,157954
1302,0.001685,172.31.36.0-255,66,94680,12,157954
1303,0.001692,172.217.194.0-255,5738,100418,12,157954
1304,0.001698,172.31.36.0-255,66,100484,12,157954
1305,0.001737,172.31.36.0-255,66,100550,12,157954
1306,0.001741,172.217.194.0-255,1484,102034,12,157954
1307,0.001794,172.31.36.0-255,66,102100,12,157954
1308,0.001845,172.31.36.0-255,66,102166,12,157954
1309,0.001869,172.217.194.0-255,1484,103650,12,157954
1310,0.001884,172.31.36.0-255,66,103716,12,157954
1311,0.001896,172.31.36.0-255,66,103782,12,157954
1312,0.001974,172.217.194.0-255,1484,105266,12,157954
1313,0.001978,172.217.194.0-255,1484,106750,12,157954
1314,0.001981,172.31.36.0-255,66,106816,12,157954
1315,0.002005,172.217.194.0-255,1484,108300,12,157954
1316,0.002011,172.217.194.0-255,5738,114038,12,157954
1317,0.002013,172.217.194.0-255,1484,115522,12,157954
1318,0.002018,172.31.36.0-255,66,115588,12,157954
1319,0.002052,172.31.36.0-255,66,115654,12,157954
1320,0.002057,172.217.194.0-255,4320,119974,12,157954
1321,0.00206,172.31.36.0-255,66,120040,12,157954
1322,0.002066,172.217.194.0-255,5738,125778,12,157954
1323,0.002069,172.31.36.0-255,66,125844,12,157954
1324,0.002072,172.217.194.0-255,766,126610,12,157954
1325,0.002144,172.217.194.0-255,1484,128094,12,157954
1326,0.002148,172.31.36.0-255,66,128160,12,157954
1327,0.002154,172.217.194.0-255,2902,131062,12,157954
1328,0.002156,172.31.36.0-255,66,131128,12,157954
1329,0.002196,172.217.194.0-255,5738,136866,12,157954
1330,0.002214,172.31.36.0-255,66,136932,12,157954
1331,0.002244,172.217.194.0-255,7156,144088,12,157954
1332,0.002351,172.217.194.0-255,5738,149826,12,157954
1333,0.002406,172.217.194.0-255,2184,152010,12,157954
1334,0.002539,172.217.194.0-255,1484,153494,12,157954
1335,0.002589,172.217.194.0-255,105,153599,12,157954
1336,0.00796,172.31.36.0-255,66,153665,12,157954
1337,0.007966,172.31.36.0-255,66,153731,12,157954
1338,0.007969,172.31.36.0-255,66,153797,12,157954
1339,0.007972,172.31.36.0-255,66,153863,12,157954
1340,0.007984,172.31.36.0-255,66,153929,12,157954
1341,0.007987,172.31.36.0-255,66,153995,12,157954
1342,0.00799,172.31.36.0-255,66,154061,12,157954
1343,0.007993,172.31.36.0-255,66,154127,12,157954
1344,0.007996,172.31.36.0-255,66,154193,12,157954
1345,0.008,172.31.36.0-255,66,154259,12,157954
1346,0.008003,172.31.36.0-255,66,154325,12,157954
1347,0.008007,172.31.36.0-255,66,154391,12,157954
1348,0.00801,172.31.36.0-255,66,154457,12,157954
1349,0.008013,172.31.36.0-255,66,154523,12,157954
1350,0.008017,172.31.36.0-255,66,154589,12,157954
1351,0.010265,172.31.36.0-255,66,154655,12,157954
1352,0.010304,172.31.36.0-255,105,154760,12,157954
1353,0.012903,172.217.194.0-255,66,154826,12,157954
1354,0.02942,172.31.36.0-255,172,154998,12,157954
1355,0.029475,172.31.36.0-255,1108,156106,12,157954
1356,0.029551,172.31.36.0-255,1514,157620,12,157954
1357,0.029553,172.31.36.0-255,334,157954,12,157954
1358,0.0,172.217.194.0-255,156,156,12,223679
1359,1.6e-05,172.31.36.0-255,66,222,12,223679
1360,2.3e-05,172.217.194.0-255,1484,1706,12,223679
1361,2.8e-05,172.31.36.0-255,66,1772,12,223679
1362,3.4e-05,172.217.194.0-255,2902,4674,12,223679
1363,3.7e-05,172.31.36.0-255,66,4740,12,223679
1364,4.4e-05,172.217.194.0-255,7156,11896,12,223679
1365,4.8e-05,172.31.36.0-255,66,11962,12,223679
1366,5.2e-05,172.217.194.0-255,2902,14864,12,223679
1367,5.5e-05,172.31.36.0-255,66,14930,12,223679
1368,7.8e-05,172.217.194.0-255,4872,19802,12,223679
1369,8.2e-05,172.31.36.0-255,66,19868,12,223679
1370,9.8e-05,172.217.194.0-255,1484,21352,12,223679
1371,0.0001,172.31.36.0-255,66,21418,12,223679
1372,0.000129,172.31.36.0-255,66,21484,12,223679
1373,0.000157,172.217.194.0-255,1484,22968,12,223679
1374,0.00016,172.31.36.0-255,66,23034,12,223679
1375,0.000165,172.217.194.0-255,2902,25936,12,223679
1376,0.000167,172.31.36.0-255,66,26002,12,223679
1377,0.000172,172.217.194.0-255,2902,28904,12,223679
1378,0.000174,172.31.36.0-255,66,28970,12,223679
1379,0.000203,172.217.194.0-255,2902,31872,12,223679
1380,0.000206,172.31.36.0-255,66,31938,12,223679
1381,0.000219,172.31.36.0-255,66,32004,12,223679
1382,0.000261,172.31.36.0-255,66,32070,12,223679
1383,0.000308,172.217.194.0-255,4320,36390,12,223679
1384,0.000311,172.31.36.0-255,66,36456,12,223679
1385,0.000341,172.31.36.0-255,66,36522,12,223679
1386,0.000348,172.217.194.0-255,4830,41352,12,223679
1387,0.00035,172.31.36.0-255,66,41418,12,223679
1388,0.000653,172.217.194.0-255,1484,42902,12,223679
1389,0.000661,172.217.194.0-255,2902,45804,12,223679
1390,0.000666,172.31.36.0-255,66,45870,12,223679
1391,0.000671,172.217.194.0-255,2902,48772,12,223679
1392,0.000673,172.31.36.0-255,66,48838,12,223679
1393,0.000689,172.217.194.0-255,2902,51740,12,223679
1394,0.000692,172.31.36.0-255,66,51806,12,223679
1395,0.000698,172.217.194.0-255,4320,56126,12,223679
1396,0.0007,172.31.36.0-255,66,56192,12,223679
1397,0.000704,172.217.194.0-255,2902,59094,12,223679
1398,0.000707,172.31.36.0-255,66,59160,12,223679
1399,0.00074,172.217.194.0-255,2902,62062,12,223679
1400,0.000749,172.31.36.0-255,66,62128,12,223679
1401,0.000752,172.31.36.0-255,66,62194,12,223679
1402,0.000758,172.217.194.0-255,5020,67214,12,223679
1403,0.000761,172.31.36.0-255,66,67280,12,223679
1404,0.001288,172.217.194.0-255,1484,68764,12,223679
1405,0.001314,172.217.194.0-255,2902,71666,12,223679
1406,0.001318,172.31.36.0-255,66,71732,12,223679
1407,0.001325,172.217.194.0-255,5738,77470,12,223679
1408,0.001327,172.31.36.0-255,66,77536,12,223679
1409,0.001333,172.217.194.0-255,5738,83274,12,223679
1410,0.001335,172.31.36.0-255,66,83340,12,223679
1411,0.001368,172.217.194.0-255,7156,90496,12,223679
1412,0.001371,172.31.36.0-255,66,90562,12,223679
1413,0.001383,172.31.36.0-255,66,90628,12,223679
1414,0.001386,172.217.194.0-255,766,91394,12,223679
1415,0.001596,172.217.194.0-255,1484,92878,12,223679
1416,0.001601,172.31.36.0-255,66,92944,12,223679
1417,0.001608,172.217.194.0-255,2902,95846,12,223679
1418,0.00161,172.31.36.0-255,66,95912,12,223679
1419,0.001613,172.217.194.0-255,1484,97396,12,223679
1420,0.001634,172.217.194.0-255,4320,101716,12,223679
1421,0.001637,172.31.36.0-255,66,101782,12,223679
1422,0.001642,172.217.194.0-255,4320,106102,12,223679
1423,0.001644,172.31.36.0-255,66,106168,12,223679
1424,0.001699,172.31.36.0-255,66,106234,12,223679
1425,0.001702,172.31.36.0-255,66,106300,12,223679
1426,0.001706,172.217.194.0-255,2184,108484,12,223679
1427,0.001709,172.31.36.0-255,66,108550,12,223679
1428,0.001956,172.217.194.0-255,1484,110034,12,223679
1429,0.001963,172.217.194.0-255,2902,112936,12,223679
1430,0.001966,172.31.36.0-255,66,113002,12,223679
1431,0.001994,172.217.194.0-255,5738,118740,12,223679
1432,0.001996,172.31.36.0-255,66,118806,12,223679
1433,0.002,172.217.194.0-255,1484,120290,12,223679
1434,0.002022,172.217.194.0-255,5738,126028,12,223679
1435,0.002024,172.31.36.0-255,66,126094,12,223679
1436,0.002048,172.217.194.0-255,5738,131832,12,223679
1437,0.00205,172.31.36.0-255,66,131898,12,223679
1438,0.002061,172.31.36.0-255,66,131964,12,223679
1439,0.002074,172.217.194.0-255,1484,133448,12,223679
1440,0.002076,172.217.194.0-255,766,134214,12,223679
1441,0.002078,172.31.36.0-255,66,134280,12,223679
1442,0.002221,172.217.194.0-255,1484,135764,12,223679
1443,0.002224,172.217.194.0-255,1484,137248,12,223679
1444,0.002229,172.31.36.0-255,66,137314,12,223679
1445,0.002238,172.217.194.0-255,1484,138798,12,223679
1446,0.002245,172.217.194.0-255,5738,144536,12,223679
1447,0.002248,172.31.36.0-255,66,144602,12,223679
1448,0.002285,172.217.194.0-255,7156,151758,12,223679
1449,0.00229,172.31.36.0-255,66,151824,12,223679
1450,0.002298,172.31.36.0-255,66,151890,12,223679
1451,0.002301,172.217.194.0-255,1484,153374,12,223679
1452,0.002333,172.217.194.0-255,3602,156976,12,223679
1453,0.002336,172.31.36.0-255,66,157042,12,223679
1454,0.00463,172.217.194.0-255,5738,162780,12,223679
1455,0.004638,172.31.36.0-255,66,162846,12,223679
1456,0.006936,172.217.194.0-255,5738,168584,12,223679
1457,0.00694,172.31.36.0-255,66,168650,12,223679
1458,0.009281,172.217.194.0-255,5738,174388,12,223679
1459,0.009287,172.31.36.0-255,66,174454,12,223679
1460,0.011818,172.217.194.0-255,5738,180192,12,223679
1461,0.011879,172.31.36.0-255,66,180258,12,223679
1462,0.014224,172.217.194.0-255,5738,185996,12,223679
1463,0.014232,172.31.36.0-255,66,186062,12,223679
1464,0.016561,172.217.194.0-255,5738,191800,12,223679
1465,0.016582,172.31.36.0-255,66,191866,12,223679
1466,0.018881,172.217.194.0-255,5738,197604,12,223679
1467,0.018891,172.31.36.0-255,66,197670,12,223679
1468,0.021254,172.217.194.0-255,5738,203408,12,223679
1469,0.021264,172.31.36.0-255,66,203474,12,223679
1470,0.023569,172.217.194.0-255,5738,209212,12,223679
1471,0.023578,172.31.36.0-255,66,209278,12,223679
1472,0.025877,172.217.194.0-255,5738,215016,12,223679
1473,0.025889,172.31.36.0-255,66,215082,12,223679
1474,0.027263,172.31.36.0-255,172,215254,12,223679
1475,0.02732,172.31.36.0-255,1109,216363,12,223679
1476,0.027376,172.31.36.0-255,1140,217503,12,223679
1477,0.028188,172.217.194.0-255,5738,223241,12,223679
1478,0.028195,172.31.36.0-255,66,223307,12,223679
1479,0.028828,104.244.42.0-255,66,223373,12,223679
1480,0.028929,104.244.42.0-255,66,223439,12,223679
1481,0.028971,104.244.42.0-255,66,223505,12,223679
1482,0.029515,104.244.42.0-255,108,223613,12,223679
1483,0.029522,172.31.36.0-255,66,223679,12,223679
1484,0.0,172.217.194.0-255,153,153,12,235384
1485,4.6e-05,172.31.36.0-255,66,219,12,235384
1486,5.4e-05,172.217.194.0-255,1484,1703,12,235384
1487,5.9e-05,172.31.36.0-255,66,1769,12,235384
1488,6.4e-05,172.217.194.0-255,2902,4671,12,235384
1489,6.7e-05,172.31.36.0-255,66,4737,12,235384
1490,8.2e-05,172.217.194.0-255,7156,11893,12,235384
1491,8.5e-05,172.31.36.0-255,66,11959,12,235384
1492,0.000129,172.31.36.0-255,66,12025,12,235384
1493,0.000139,172.31.36.0-255,66,12091,12,235384
1494,0.000152,172.217.194.0-255,2543,14634,12,235384
1495,0.000154,172.31.36.0-255,66,14700,12,235384
1496,0.000326,172.217.194.0-255,1484,16184,12,235384
1497,0.000331,172.31.36.0-255,66,16250,12,235384
1498,0.000339,172.217.194.0-255,2902,19152,12,235384
1499,0.000341,172.31.36.0-255,66,19218,12,235384
1500,0.000354,172.217.194.0-255,5738,24956,12,235384
1501,0.000357,172.31.36.0-255,66,25022,12,235384
1502,0.000365,172.217.194.0-255,6797,31819,12,235384
1503,0.000367,172.31.36.0-255,66,31885,12,235384
1504,0.000412,172.31.36.0-255,66,31951,12,235384
1505,0.000416,172.217.194.0-255,2543,34494,12,235384
1506,0.000419,172.31.36.0-255,66,34560,12,235384
1507,0.000758,172.217.194.0-255,646,35206,12,235384
1508,0.000763,172.31.36.0-255,66,35272,12,235384
1509,0.000861,172.217.194.0-255,1484,36756,12,235384
1510,0.000865,172.31.36.0-255,66,36822,12,235384
1511,0.000872,172.217.194.0-255,1484,38306,12,235384
1512,0.000875,172.31.36.0-255,66,38372,12,235384
1513,0.000912,172.217.194.0-255,1484,39856,12,235384
1514,0.00092,172.217.194.0-255,5738,45594,12,235384
1515,0.000923,172.31.36.0-255,66,45660,12,235384
1516,0.00093,172.217.194.0-255,5738,51398,12,235384
1517,0.000932,172.31.36.0-255,66,51464,12,235384
1518,0.000955,172.217.194.0-255,7156,58620,12,235384
1519,0.000958,172.31.36.0-255,66,58686,12,235384
1520,0.000977,172.31.36.0-255,66,58752,12,235384
1521,0.00098,172.217.194.0-255,766,59518,12,235384
1522,0.001317,172.217.194.0-255,1484,61002,12,235384
1523,0.001324,172.31.36.0-255,66,61068,12,235384
1524,0.00133,172.217.194.0-255,2902,63970,12,235384
1525,0.001333,172.31.36.0-255,66,64036,12,235384
1526,0.001346,172.217.194.0-255,5738,69774,12,235384
1527,0.00135,172.31.36.0-255,66,69840,12,235384
1528,0.001362,172.31.36.0-255,66,69906,12,235384
1529,0.001395,172.217.194.0-255,4320,74226,12,235384
1530,0.001398,172.31.36.0-255,66,74292,12,235384
1531,0.001415,172.31.36.0-255,66,74358,12,235384
1532,0.00158,172.217.194.0-255,1484,75842,12,235384
1533,0.001585,172.217.194.0-255,2902,78744,12,235384
1534,0.001588,172.31.36.0-255,66,78810,12,235384
1535,0.001613,172.217.194.0-255,5738,84548,12,235384
1536,0.001615,172.31.36.0-255,66,84614,12,235384
1537,0.001698,172.31.36.0-255,66,84680,12,235384
1538,0.001715,172.31.36.0-255,66,84746,12,235384
1539,0.001718,172.217.194.0-255,2184,86930,12,235384
1540,0.00172,172.31.36.0-255,66,86996,12,235384
1541,0.001783,172.217.194.0-255,1484,88480,12,235384
1542,0.001798,172.217.194.0-255,2902,91382,12,235384
1543,0.001801,172.31.36.0-255,66,91448,12,235384
1544,0.001827,172.217.194.0-255,5738,97186,12,235384
1545,0.001829,172.31.36.0-255,66,97252,12,235384
1546,0.001834,172.217.194.0-255,4320,101572,12,235384
1547,0.001836,172.31.36.0-255,66,101638,12,235384
1548,0.001867,172.217.194.0-255,4320,105958,12,235384
1549,0.00187,172.31.36.0-255,66,106024,12,235384
1550,0.001899,172.217.194.0-255,7156,113180,12,235384
1551,0.001902,172.31.36.0-255,66,113246,12,235384
1552,0.001907,172.217.194.0-255,4320,117566,12,235384
1553,0.001909,172.31.36.0-255,66,117632,12,235384
1554,0.001946,172.217.194.0-255,3602,121234,12,235384
1555,0.001948,172.31.36.0-255,66,121300,12,235384
1556,0.001987,172.217.194.0-255,1484,122784,12,235384
1557,0.001999,172.217.194.0-255,2902,125686,12,235384
1558,0.002002,172.31.36.0-255,66,125752,12,235384
1559,0.002024,172.217.194.0-255,2902,128654,12,235384
1560,0.002026,172.31.36.0-255,66,128720,12,235384
1561,0.00205,172.217.194.0-255,2902,131622,12,235384
1562,0.002052,172.31.36.0-255,66,131688,12,235384
1563,0.002057,172.217.194.0-255,5738,137426,12,235384
1564,0.002059,172.31.36.0-255,66,137492,12,235384
1565,0.00208,172.217.194.0-255,4320,141812,12,235384
1566,0.002082,172.31.36.0-255,66,141878,12,235384
1567,0.002126,172.31.36.0-255,66,141944,12,235384
1568,0.00213,172.217.194.0-255,2902,144846,12,235384
1569,0.002132,172.31.36.0-255,66,144912,12,235384
1570,0.002136,172.217.194.0-255,2184,147096,12,235384
1571,0.002138,172.31.36.0-255,66,147162,12,235384
1572,0.002218,172.217.194.0-255,1484,148646,12,235384
1573,0.002231,172.217.194.0-255,2902,151548,12,235384
1574,0.002234,172.31.36.0-255,66,151614,12,235384
1575,0.002238,172.217.194.0-255,2902,154516,12,235384
1576,0.00224,172.31.36.0-255,66,154582,12,235384
1577,0.002263,172.217.194.0-255,2902,157484,12,235384
1578,0.00227,172.31.36.0-255,66,157550,12,235384
1579,0.002303,172.217.194.0-255,7156,164706,12,235384
1580,0.002306,172.31.36.0-255,66,164772,12,235384
1581,0.002335,172.217.194.0-255,5738,170510,12,235384
1582,0.002338,172.31.36.0-255,66,170576,12,235384
1583,0.002348,172.31.36.0-255,66,170642,12,235384
1584,0.002357,172.217.194.0-255,2184,172826,12,235384
1585,0.002359,172.31.36.0-255,66,172892,12,235384
1586,0.004652,172.217.194.0-255,4320,177212,12,235384
1587,0.004658,172.31.36.0-255,66,177278,12,235384
1588,0.004683,172.217.194.0-255,1484,178762,12,235384
1589,0.006975,172.217.194.0-255,4320,183082,12,235384
1590,0.006982,172.31.36.0-255,66,183148,12,235384
1591,0.009253,172.217.194.0-255,5738,188886,12,235384
1592,0.009259,172.31.36.0-255,66,188952,12,235384
1593,0.011517,172.217.194.0-255,5738,194690,12,235384
1594,0.011525,172.31.36.0-255,66,194756,12,235384
1595,0.013841,172.217.194.0-255,5738,200494,12,235384
1596,0.01385,172.31.36.0-255,66,200560,12,235384
1597,0.01615,172.217.194.0-255,5738,206298,12,235384
1598,0.016161,172.31.36.0-255,66,206364,12,235384
1599,0.018458,172.217.194.0-255,5738,212102,12,235384
1600,0.018466,172.31.36.0-255,66,212168,12,235384
1601,0.020775,172.217.194.0-255,5738,217906,12,235384
1602,0.020784,172.31.36.0-255,66,217972,12,235384
1603,0.023055,172.217.194.0-255,5738,223710,12,235384
1604,0.023063,172.31.36.0-255,66,223776,12,235384
1605,0.025379,172.217.194.0-255,5738,229514,12,235384
1606,0.025386,172.31.36.0-255,66,229580,12,235384
1607,0.027745,172.217.194.0-255,5738,235318,12,235384
1608,0.027754,172.31.36.0-255,66,235384,12,235384
1609,0.0,172.217.194.0-255,146,146,12,161399
1610,1.5e-05,172.31.36.0-255,66,212,12,161399
1611,2.2e-05,172.217.194.0-255,1484,1696,12,161399
1612,2.7e-05,172.31.36.0-255,66,1762,12,161399
1613,3.3e-05,172.217.194.0-255,2902,4664,12,161399
1614,4.6e-05,172.31.36.0-255,66,4730,12,161399
1615,5.2e-05,172.217.194.0-255,4320,9050,12,161399
1616,5.5e-05,172.31.36.0-255,66,9116,12,161399
1617,6.1e-05,172.217.194.0-255,2902,12018,12,161399
1618,6.4e-05,172.31.36.0-255,66,12084,12,161399
1619,0.000101,172.217.194.0-255,6393,18477,12,161399
1620,0.000105,172.31.36.0-255,66,18543,12,161399
1621,0.000119,172.31.36.0-255,66,18609,12,161399
1622,0.00015,172.31.36.0-255,66,18675,12,161399
1623,0.000184,172.31.36.0-255,66,18741,12,161399
1624,0.000201,172.31.36.0-255,66,18807,12,161399
1625,0.000204,172.217.194.0-255,121,18928,12,161399
1626,0.000206,172.31.36.0-255,66,18994,12,161399
1627,0.000209,172.217.194.0-255,381,19375,12,161399
1628,0.000211,172.31.36.0-255,66,19441,12,161399
1629,0.000409,172.217.194.0-255,1484,20925,12,161399
1630,0.000415,172.31.36.0-255,66,20991,12,161399
1631,0.000421,172.217.194.0-255,2902,23893,12,161399
1632,0.000423,172.31.36.0-255,66,23959,12,161399
1633,0.000431,172.217.194.0-255,1484,25443,12,161399
1634,0.000433,172.31.36.0-255,66,25509,12,161399
1635,0.000473,172.217.194.0-255,4320,29829,12,161399
1636,0.000477,172.31.36.0-255,66,29895,12,161399
1637,0.000489,172.31.36.0-255,66,29961,12,161399
1638,0.000551,172.31.36.0-255,66,30027,12,161399
1639,0.000853,172.217.194.0-255,1484,31511,12,161399
1640,0.000857,172.217.194.0-255,1484,32995,12,161399
1641,0.000869,172.31.36.0-255,66,33061,12,161399
1642,0.000873,172.217.194.0-255,1484,34545,12,161399
1643,0.000899,172.217.194.0-255,5738,40283,12,161399
1644,0.000902,172.31.36.0-255,66,40349,12,161399
1645,0.000905,172.217.194.0-255,1484,41833,12,161399
1646,0.00091,172.217.194.0-255,2902,44735,12,161399
1647,0.000912,172.31.36.0-255,66,44801,12,161399
1648,0.000937,172.217.194.0-255,5738,50539,12,161399
1649,0.00094,172.31.36.0-255,66,50605,12,161399
1650,0.000947,172.217.194.0-255,5738,56343,12,161399
1651,0.00095,172.31.36.0-255,66,56409,12,161399
1652,0.000983,172.31.36.0-255,66,56475,12,161399
1653,0.00176,172.217.194.0-255,1484,57959,12,161399
1654,0.001767,172.217.194.0-255,2902,60861,12,161399
1655,0.001771,172.31.36.0-255,66,60927,12,161399
1656,0.001778,172.217.194.0-255,4320,65247,12,161399
1657,0.00178,172.31.36.0-255,66,65313,12,161399
1658,0.001797,172.217.194.0-255,1484,66797,12,161399
1659,0.001812,172.31.36.0-255,66,66863,12,161399
1660,0.001844,172.217.194.0-255,4320,71183,12,161399
1661,0.001847,172.31.36.0-255,66,71249,12,161399
1662,0.001858,172.31.36.0-255,66,71315,12,161399
1663,0.001861,172.217.194.0-255,766,72081,12,161399
1664,0.001864,172.217.194.0-255,1484,73565,12,161399
1665,0.001866,172.31.36.0-255,66,73631,12,161399
1666,0.001901,172.217.194.0-255,4320,77951,12,161399
1667,0.001903,172.31.36.0-255,66,78017,12,161399
1668,0.001915,172.31.36.0-255,66,78083,12,161399
1669,0.001925,172.31.36.0-255,66,78149,12,161399
1670,0.001997,172.31.36.0-255,66,78215,12,161399
1671,0.00201,172.31.36.0-255,66,78281,12,161399
1672,0.002027,172.31.36.0-255,66,78347,12,161399
1673,0.002065,172.31.36.0-255,66,78413,12,161399
1674,0.00207,172.217.194.0-255,2184,80597,12,161399
1675,0.002072,172.31.36.0-255,66,80663,12,161399
1676,0.002075,172.217.194.0-255,1484,82147,12,161399
1677,0.002109,172.217.194.0-255,1484,83631,12,161399
1678,0.002112,172.31.36.0-255,66,83697,12,161399
1679,0.002118,172.217.194.0-255,4320,88017,12,161399
1680,0.002121,172.31.36.0-255,66,88083,12,161399
1681,0.002132,172.31.36.0-255,66,88149,12,161399
1682,0.002144,172.217.194.0-255,5738,93887,12,161399
1683,0.002179,172.217.194.0-255,3602,97489,12,161399
1684,0.002737,172.31.36.0-255,66,97555,12,161399
1685,0.005125,172.217.194.0-255,5738,103293,12,161399
1686,0.005133,172.31.36.0-255,66,103359,12,161399
1687,0.007465,172.217.194.0-255,5738,109097,12,161399
1688,0.00747,172.31.36.0-255,66,109163,12,161399
1689,0.009863,172.217.194.0-255,5738,114901,12,161399
1690,0.00987,172.31.36.0-255,66,114967,12,161399
1691,0.0122,172.217.194.0-255,5738,120705,12,161399
1692,0.012208,172.31.36.0-255,66,120771,12,161399
1693,0.014539,172.217.194.0-255,5738,126509,12,161399
1694,0.014547,172.31.36.0-255,66,126575,12,161399
1695,0.016878,172.217.194.0-255,5738,132313,12,161399
1696,0.016886,172.31.36.0-255,66,132379,12,161399
1697,0.019234,172.217.194.0-255,5738,138117,12,161399
1698,0.019243,172.31.36.0-255,66,138183,12,161399
1699,0.021583,172.217.194.0-255,5738,143921,12,161399
1700,0.021589,172.31.36.0-255,66,143987,12,161399
1701,0.023935,172.217.194.0-255,5738,149725,12,161399
1702,0.023942,172.31.36.0-255,66,149791,12,161399
1703,0.026285,172.217.194.0-255,5738,155529,12,161399
1704,0.026294,172.31.36.0-255,66,155595,12,161399
1705,0.028605,172.217.194.0-255,5738,161333,12,161399
1706,0.028612,172.31.36.0-255,66,161399,12,161399
1707,0.0,74.125.200.0-255,292,292,12,312644
1708,2.7e-05,172.31.36.0-255,66,358,12,312644
1709,3.3e-05,74.125.200.0-255,1484,1842,12,312644
1710,3.7e-05,172.31.36.0-255,66,1908,12,312644
1711,4.1e-05,74.125.200.0-255,1484,3392,12,312644
1712,4.3e-05,172.31.36.0-255,66,3458,12,312644
1713,6.8e-05,74.125.200.0-255,2902,6360,12,312644
1714,7.1e-05,172.31.36.0-255,66,6426,12,312644
1715,7.9e-05,74.125.200.0-255,1484,7910,12,312644
1716,8.1e-05,172.31.36.0-255,66,7976,12,312644
1717,0.000109,74.125.200.0-255,4320,12296,12,312644
1718,0.000112,172.31.36.0-255,66,12362,12,312644
1719,0.000118,74.125.200.0-255,5738,18100,12,312644
1720,0.00012,172.31.36.0-255,66,18166,12,312644
1721,0.000133,74.125.200.0-255,1850,20016,12,312644
1722,0.000135,172.31.36.0-255,66,20082,12,312644
1723,0.00014,74.125.200.0-255,2902,22984,12,312644
1724,0.000142,172.31.36.0-255,66,23050,12,312644
1725,0.000177,74.125.200.0-255,5738,28788,12,312644
1726,0.000181,172.31.36.0-255,66,28854,12,312644
1727,0.000186,74.125.200.0-255,2543,31397,12,312644
1728,0.000189,172.31.36.0-255,66,31463,12,312644
1729,0.000261,74.125.200.0-255,1484,32947,12,312644
1730,0.000265,172.31.36.0-255,66,33013,12,312644
1731,0.000286,74.125.200.0-255,2902,35915,12,312644
1732,0.00029,172.31.36.0-255,66,35981,12,312644
1733,0.000319,74.125.200.0-255,5738,41719,12,312644
1734,0.000322,172.31.36.0-255,66,41785,12,312644
1735,0.000326,74.125.200.0-255,1484,43269,12,312644
1736,0.000329,172.31.36.0-255,66,43335,12,312644
1737,0.00037,74.125.200.0-255,2902,46237,12,312644
1738,0.000374,172.31.36.0-255,66,46303,12,312644
1739,0.000407,74.125.200.0-255,6797,53100,12,312644
1740,0.000411,172.31.36.0-255,66,53166,12,312644
1741,0.000423,172.31.36.0-255,66,53232,12,312644
1742,0.000426,74.125.200.0-255,1484,54716,12,312644
1743,0.000463,74.125.200.0-255,1435,56151,12,312644
1744,0.000466,172.31.36.0-255,66,56217,12,312644
1745,0.000491,74.125.200.0-255,110,56327,12,312644
1746,0.000651,74.125.200.0-255,1484,57811,12,312644
1747,0.000655,172.31.36.0-255,66,57877,12,312644
1748,0.000658,74.125.200.0-255,1484,59361,12,312644
1749,0.000679,74.125.200.0-255,2902,62263,12,312644
1750,0.000682,172.31.36.0-255,66,62329,12,312644
1751,0.000709,74.125.200.0-255,5738,68067,12,312644
1752,0.000713,172.31.36.0-255,66,68133,12,312644
1753,0.000717,74.125.200.0-255,2902,71035,12,312644
1754,0.000719,172.31.36.0-255,66,71101,12,312644
1755,0.000757,74.125.200.0-255,4320,75421,12,312644
1756,0.00076,172.31.36.0-255,66,75487,12,312644
1757,0.000766,74.125.200.0-255,5738,81225,12,312644
1758,0.000768,172.31.36.0-255,66,81291,12,312644
1759,0.0008,74.125.200.0-255,7156,88447,12,312644
1760,0.000803,172.31.36.0-255,66,88513,12,312644
1761,0.00083,74.125.200.0-255,2184,90697,12,312644
1762,0.000834,172.31.36.0-255,66,90763,12,312644
1763,0.000866,74.125.200.0-255,333,91096,12,312644
1764,0.000925,74.125.200.0-255,1484,92580,12,312644
1765,0.000929,172.31.36.0-255,66,92646,12,312644
1766,0.000949,74.125.200.0-255,2902,95548,12,312644
1767,0.000952,172.31.36.0-255,66,95614,12,312644
1768,0.000983,74.125.200.0-255,5738,101352,12,312644
1769,0.000986,172.31.36.0-255,66,101418,12,312644
1770,0.001013,74.125.200.0-255,7156,108574,12,312644
1771,0.001016,172.31.36.0-255,66,108640,12,312644
1772,0.001019,74.125.200.0-255,1484,110124,12,312644
1773,0.001057,74.125.200.0-255,4320,114444,12,312644
1774,0.001061,172.31.36.0-255,66,114510,12,312644
1775,0.00109,74.125.200.0-255,5738,120248,12,312644
1776,0.001093,172.31.36.0-255,66,120314,12,312644
1777,0.001098,74.125.200.0-255,2902,123216,12,312644
1778,0.0011,172.31.36.0-255,66,123282,12,312644
1779,0.001132,74.125.200.0-255,2184,125466,12,312644
1780,0.001135,172.31.36.0-255,66,125532,12,312644
1781,0.001208,74.125.200.0-255,1484,127016,12,312644
1782,0.001227,74.125.200.0-255,1484,128500,12,312644
1783,0.00123,172.31.36.0-255,66,128566,12,312644
1784,0.001235,74.125.200.0-255,2902,131468,12,312644
1785,0.001237,172.31.36.0-255,66,131534,12,312644
1786,0.001267,74.125.200.0-255,5738,137272,12,312644
1787,0.00127,172.31.36.0-255,66,137338,12,312644
1788,0.001273,74.125.200.0-255,1484,138822,12,312644
1789,0.001295,74.125.200.0-255,2902,141724,12,312644
1790,0.001297,172.31.36.0-255,66,141790,12,312644
1791,0.001324,74.125.200.0-255,5738,147528,12,312644
1792,0.001328,172.31.36.0-255,66,147594,12,312644
1793,0.001336,74.125.200.0-255,2902,150496,12,312644
1794,0.001339,172.31.36.0-255,66,150562,12,312644
1795,0.001349,74.125.200.0-255,4320,154882,12,312644
1796,0.001351,172.31.36.0-255,66,154948,12,312644
1797,0.001396,74.125.200.0-255,5020,159968,12,312644
1798,0.0014,172.31.36.0-255,66,160034,12,312644
1799,0.001458,74.125.200.0-255,1484,161518,12,312644
1800,0.001463,74.125.200.0-255,2902,164420,12,312644
1801,0.001467,172.31.36.0-255,66,164486,12,312644
1802,0.001492,74.125.200.0-255,5738,170224,12,312644
1803,0.001495,172.31.36.0-255,66,170290,12,312644
1804,0.001523,74.125.200.0-255,7156,177446,12,312644
1805,0.001526,172.31.36.0-255,66,177512,12,312644
1806,0.001561,74.125.200.0-255,4320,181832,12,312644
1807,0.001565,172.31.36.0-255,66,181898,12,312644
1808,0.001588,74.125.200.0-255,1484,183382,12,312644
1809,0.001594,74.125.200.0-255,7156,190538,12,312644
1810,0.001597,172.31.36.0-255,66,190604,12,312644
1811,0.001602,74.125.200.0-255,3602,194206,12,312644
1812,0.001605,172.31.36.0-255,66,194272,12,312644
1813,0.001608,74.125.200.0-255,1484,195756,12,312644
1814,0.001636,74.125.200.0-255,2902,198658,12,312644
1815,0.001639,172.31.36.0-255,66,198724,12,312644
1816,0.001644,74.125.200.0-255,2902,201626,12,312644
1817,0.001645,172.31.36.0-255,66,201692,12,312644
1818,0.001649,74.125.200.0-255,2902,204594,12,312644
1819,0.001651,172.31.36.0-255,66,204660,12,312644
1820,0.001679,74.125.200.0-255,1484,206144,12,312644
1821,0.001686,74.125.200.0-255,7156,213300,12,312644
1822,0.001688,172.31.36.0-255,66,213366,12,312644
1823,0.001713,74.125.200.0-255,4320,217686,12,312644
1824,0.001717,172.31.36.0-255,66,217752,12,312644
1825,0.001737,74.125.200.0-255,4320,222072,12,312644
1826,0.001742,74.125.200.0-255,4320,226392,12,312644
1827,0.001742,172.31.36.0-255,66,226458,12,312644
1828,0.001745,172.31.36.0-255,66,226524,12,312644
1829,0.001788,74.125.200.0-255,2184,228708,12,312644
1830,0.001792,172.31.36.0-255,66,228774,12,312644
1831,0.00239,74.125.200.0-255,1484,230258,12,312644
1832,0.002396,74.125.200.0-255,1484,231742,12,312644
1833,0.002399,172.31.36.0-255,66,231808,12,312644
1834,0.002403,74.125.200.0-255,1484,233292,12,312644
1835,0.002425,74.125.200.0-255,1484,234776,12,312644
1836,0.002429,172.31.36.0-255,66,234842,12,312644
1837,0.002432,74.125.200.0-255,1484,236326,12,312644
1838,0.00246,74.125.200.0-255,4320,240646,12,312644
1839,0.002464,172.31.36.0-255,66,240712,12,312644
1840,0.002468,74.125.200.0-255,1484,242196,12,312644
1841,0.002501,74.125.200.0-255,1484,243680,12,312644
1842,0.002505,172.31.36.0-255,66,243746,12,312644
1843,0.002533,74.125.200.0-255,2902,246648,12,312644
1844,0.002536,172.31.36.0-255,66,246714,12,312644
1845,0.002542,74.125.200.0-255,4320,251034,12,312644
1846,0.002544,172.31.36.0-255,66,251100,12,312644
1847,0.002554,172.31.36.0-255,66,251166,12,312644
1848,0.002558,74.125.200.0-255,2902,254068,12,312644
1849,0.00256,172.31.36.0-255,66,254134,12,312644
1850,0.002563,74.125.200.0-255,766,254900,12,312644
1851,0.005078,74.125.200.0-255,4320,259220,12,312644
1852,0.005085,172.31.36.0-255,66,259286,12,312644
1853,0.007613,74.125.200.0-255,5738,265024,12,312644
1854,0.00762,172.31.36.0-255,66,265090,12,312644
1855,0.010137,74.125.200.0-255,2902,267992,12,312644
1856,0.010143,172.31.36.0-255,66,268058,12,312644
1857,0.01017,74.125.200.0-255,2902,270960,12,312644
1858,0.010174,172.31.36.0-255,66,271026,12,312644
1859,0.012669,74.125.200.0-255,2902,273928,12,312644
1860,0.012677,172.31.36.0-255,66,273994,12,312644
1861,0.012711,74.125.200.0-255,2902,276896,12,312644
1862,0.012714,172.31.36.0-255,66,276962,12,312644
1863,0.015195,74.125.200.0-255,2902,279864,12,312644
1864,0.015203,172.31.36.0-255,66,279930,12,312644
1865,0.015236,74.125.200.0-255,2902,282832,12,312644
1866,0.015239,172.31.36.0-255,66,282898,12,312644
1867,0.017735,74.125.200.0-255,2902,285800,12,312644
1868,0.017745,172.31.36.0-255,66,285866,12,312644
1869,0.017786,74.125.200.0-255,2902,288768,12,312644
1870,0.01779,172.31.36.0-255,66,288834,12,312644
1871,0.020269,74.125.200.0-255,2902,291736,12,312644
1872,0.020277,172.31.36.0-255,66,291802,12,312644
1873,0.020316,74.125.200.0-255,2902,294704,12,312644
1874,0.020319,172.31.36.0-255,66,294770,12,312644
1875,0.022789,74.125.200.0-255,2902,297672,12,312644
1876,0.022797,172.31.36.0-255,66,297738,12,312644
1877,0.022838,74.125.200.0-255,2902,300640,12,312644
1878,0.022843,172.31.36.0-255,66,300706,12,312644
1879,0.025311,74.125.200.0-255,1484,302190,12,312644
1880,0.025333,74.125.200.0-255,1484,303674,12,312644
1881,0.025338,172.31.36.0-255,66,303740,12,312644
1882,0.025374,74.125.200.0-255,2902,306642,12,312644
1883,0.025378,172.31.36.0-255,66,306708,12,312644
1884,0.02786,74.125.200.0-255,2902,309610,12,312644
1885,0.027868,172.31.36.0-255,66,309676,12,312644
1886,0.027908,74.125.200.0-255,2902,312578,12,312644
1887,0.027912,172.31.36.0-255,66,312644,12,312644
1888,0.0,172.217.194.0-255,145,145,12,190641
1889,2.6e-05,172.31.36.0-255,66,211,12,190641
1890,3.3e-05,172.217.194.0-255,1484,1695,12,190641
1891,3.8e-05,172.31.36.0-255,66,1761,12,190641
1892,4.3e-05,172.217.194.0-255,2902,4663,12,190641
1893,5.3e-05,172.31.36.0-255,66,4729,12,190641
1894,5.9e-05,172.217.194.0-255,7156,11885,12,190641
1895,6.2e-05,172.31.36.0-255,66,11951,12,190641
1896,7.2e-05,172.31.36.0-255,66,12017,12,190641
1897,0.000111,172.31.36.0-255,66,12083,12,190641
1898,0.000123,172.217.194.0-255,1484,13567,12,190641
1899,0.00013,172.31.36.0-255,66,13633,12,190641
1900,0.000169,172.31.36.0-255,66,13699,12,190641
1901,0.000175,172.217.194.0-255,5379,19078,12,190641
1902,0.000177,172.31.36.0-255,66,19144,12,190641
1903,0.000203,172.217.194.0-255,7156,26300,12,190641
1904,0.000207,172.31.36.0-255,66,26366,12,190641
1905,0.000242,172.31.36.0-255,66,26432,12,190641
1906,0.000244,172.217.194.0-255,362,26794,12,190641
1907,0.000246,172.31.36.0-255,66,26860,12,190641
1908,0.000342,172.217.194.0-255,382,27242,12,190641
1909,0.000346,172.31.36.0-255,66,27308,12,190641
1910,0.000484,172.217.194.0-255,1484,28792,12,190641
1911,0.000489,172.31.36.0-255,66,28858,12,190641
1912,0.000494,172.217.194.0-255,2902,31760,12,190641
1913,0.000496,172.31.36.0-255,66,31826,12,190641
1914,0.000502,172.217.194.0-255,5738,37564,12,190641
1915,0.000512,172.31.36.0-255,66,37630,12,190641
1916,0.00054,172.217.194.0-255,1484,39114,12,190641
1917,0.000576,172.31.36.0-255,66,39180,12,190641
1918,0.000579,172.217.194.0-255,1484,40664,12,190641
1919,0.000609,172.31.36.0-255,66,40730,12,190641
1920,0.001236,172.217.194.0-255,1484,42214,12,190641
1921,0.001247,172.217.194.0-255,2902,45116,12,190641
1922,0.001251,172.31.36.0-255,66,45182,12,190641
1923,0.001258,172.217.194.0-255,4320,49502,12,190641
1924,0.00126,172.31.36.0-255,66,49568,12,190641
1925,0.001298,172.217.194.0-255,1484,51052,12,190641
1926,0.001314,172.31.36.0-255,66,51118,12,190641
1927,0.001327,172.31.36.0-255,66,51184,12,190641
1928,0.001671,172.217.194.0-255,1484,52668,12,190641
1929,0.001678,172.217.194.0-255,2902,55570,12,190641
1930,0.001684,172.31.36.0-255,66,55636,12,190641
1931,0.001692,172.217.194.0-255,5738,61374,12,190641
1932,0.001694,172.31.36.0-255,66,61440,12,190641
1933,0.001738,172.217.194.0-255,5738,67178,12,190641
1934,0.001742,172.31.36.0-255,66,67244,12,190641
1935,0.001777,172.217.194.0-255,7156,74400,12,190641
1936,0.001788,172.217.194.0-255,766,75166,12,190641
1937,0.001792,172.31.36.0-255,66,75232,12,190641
1938,0.001795,172.31.36.0-255,66,75298,12,190641
1939,0.001824,172.217.194.0-255,1484,76782,12,190641
1940,0.001826,172.31.36.0-255,66,76848,12,190641
1941,0.001832,172.217.194.0-255,2902,79750,12,190641
1942,0.001833,172.31.36.0-255,66,79816,12,190641
1943,0.00184,172.217.194.0-255,5738,85554,12,190641
1944,0.001847,172.31.36.0-255,66,85620,12,190641
1945,0.001852,172.217.194.0-255,2902,88522,12,190641
1946,0.001854,172.31.36.0-255,66,88588,12,190641
1947,0.001889,172.31.36.0-255,66,88654,12,190641
1948,0.001899,172.31.36.0-255,66,88720,12,190641
1949,0.001901,172.217.194.0-255,766,89486,12,190641
1950,0.001993,172.217.194.0-255,1484,90970,12,190641
1951,0.001996,172.31.36.0-255,66,91036,12,190641
1952,0.002002,172.217.194.0-255,2902,93938,12,190641
1953,0.002004,172.31.36.0-255,66,94004,12,190641
1954,0.002014,172.217.194.0-255,5738,99742,12,190641
1955,0.002016,172.31.36.0-255,66,99808,12,190641
1956,0.002021,172.217.194.0-255,2902,102710,12,190641
1957,0.002022,172.31.36.0-255,66,102776,12,190641
1958,0.002051,172.217.194.0-255,2902,105678,12,190641
1959,0.002054,172.31.36.0-255,66,105744,12,190641
1960,0.002067,172.31.36.0-255,66,105810,12,190641
1961,0.002073,172.217.194.0-255,5020,110830,12,190641
1962,0.002075,172.31.36.0-255,66,110896,12,190641
1963,0.004109,172.217.194.0-255,5738,116634,12,190641
1964,0.004115,172.31.36.0-255,66,116700,12,190641
1965,0.006096,172.217.194.0-255,5738,122438,12,190641
1966,0.006101,172.31.36.0-255,66,122504,12,190641
1967,0.008106,172.217.194.0-255,5738,128242,12,190641
1968,0.008113,172.31.36.0-255,66,128308,12,190641
1969,0.010126,172.217.194.0-255,5738,134046,12,190641
1970,0.010133,172.31.36.0-255,66,134112,12,190641
1971,0.01213,172.217.194.0-255,5738,139850,12,190641
1972,0.012137,172.31.36.0-255,66,139916,12,190641
1973,0.01411,172.217.194.0-255,5738,145654,12,190641
1974,0.014117,172.31.36.0-255,66,145720,12,190641
1975,0.016125,172.217.194.0-255,5738,151458,12,190641
1976,0.016134,172.31.36.0-255,66,151524,12,190641
1977,0.018137,172.217.194.0-255,5738,157262,12,190641
1978,0.018144,172.31.36.0-255,66,157328,12,190641
1979,0.02014,172.217.194.0-255,5738,163066,12,190641
1980,0.020147,172.31.36.0-255,66,163132,12,190641
1981,0.022147,172.217.194.0-255,5738,168870,12,190641
1982,0.022154,172.31.36.0-255,66,168936,12,190641
1983,0.024132,172.217.194.0-255,5738,174674,12,190641
1984,0.024138,172.31.36.0-255,66,174740,12,190641
1985,0.025151,172.31.36.0-255,172,174912,12,190641
1986,0.025192,172.31.36.0-255,1108,176020,12,190641
1987,0.025264,172.31.36.0-255,1514,177534,12,190641
1988,0.025266,172.31.36.0-255,1301,178835,12,190641
1989,0.026126,172.217.194.0-255,5738,184573,12,190641
1990,0.026133,172.31.36.0-255,66,184639,12,190641
1991,0.026634,104.244.42.0-255,66,184705,12,190641
1992,0.026747,104.244.42.0-255,66,184771,12,190641
1993,0.026757,104.244.42.0-255,66,184837,12,190641
1994,0.028128,172.217.194.0-255,5738,190575,12,190641
1995,0.028132,172.31.36.0-255,66,190641,12,190641
1996,0.0,74.125.24.0-255,150,150,12,149334
1997,3.6e-05,172.31.36.0-255,66,216,12,149334
1998,4.4e-05,74.125.24.0-255,1484,1700,12,149334
1999,4.9e-05,172.31.36.0-255,66,1766,12,149334
2000,6.3e-05,74.125.24.0-255,2902,4668,12,149334
2001,6.6e-05,172.31.36.0-255,66,4734,12,149334
2002,7.4e-05,74.125.24.0-255,5738,10472,12,149334
2003,7.8e-05,172.31.36.0-255,66,10538,12,149334
2004,0.000145,172.31.36.0-255,66,10604,12,149334
2005,0.00015,74.125.24.0-255,2902,13506,12,149334
2006,0.000152,172.31.36.0-255,66,13572,12,149334
2007,0.000187,74.125.24.0-255,6797,20369,12,149334
2008,0.000191,172.31.36.0-255,66,20435,12,149334
2009,0.00058,74.125.24.0-255,1484,21919,12,149334
2010,0.000585,172.31.36.0-255,66,21985,12,149334
2011,0.000592,74.125.24.0-255,2902,24887,12,149334
2012,0.000594,172.31.36.0-255,66,24953,12,149334
2013,0.000605,74.125.24.0-255,2902,27855,12,149334
2014,0.000607,172.31.36.0-255,66,27921,12,149334
2015,0.000613,74.125.24.0-255,4320,32241,12,149334
2016,0.000615,172.31.36.0-255,66,32307,12,149334
2017,0.00065,172.31.36.0-255,66,32373,12,149334
2018,0.000656,74.125.24.0-255,4320,36693,12,149334
2019,0.000659,172.31.36.0-255,66,36759,12,149334
2020,0.000712,74.125.24.0-255,4320,41079,12,149334
2021,0.000716,172.31.36.0-255,66,41145,12,149334
2022,0.000744,74.125.24.0-255,5020,46165,12,149334
2023,0.000748,172.31.36.0-255,66,46231,12,149334
2024,0.000788,74.125.24.0-255,399,46630,12,149334
2025,0.000794,172.31.36.0-255,66,46696,12,149334
2026,0.00082,74.125.24.0-255,109,46805,12,149334
2027,0.00091,172.31.36.0-255,66,46871,12,149334
2028,0.001808,74.125.24.0-255,1484,48355,12,149334
2029,0.001821,74.125.24.0-255,2902,51257,12,149334
2030,0.001825,172.31.36.0-255,66,51323,12,149334
2031,0.001831,74.125.24.0-255,1484,52807,12,149334
2032,0.001858,74.125.24.0-255,4320,57127,12,149334
2033,0.00186,172.31.36.0-255,66,57193,12,149334
2034,0.001867,74.125.24.0-255,5738,62931,12,149334
2035,0.001869,172.31.36.0-255,66,62997,12,149334
2036,0.001903,74.125.24.0-255,5738,68735,12,149334
2037,0.001905,172.31.36.0-255,66,68801,12,149334
2038,0.001917,172.31.36.0-255,66,68867,12,149334
2039,0.003949,74.125.24.0-255,5738,74605,12,149334
2040,0.003955,172.31.36.0-255,66,74671,12,149334
2041,0.006071,74.125.24.0-255,5738,80409,12,149334
2042,0.006078,172.31.36.0-255,66,80475,12,149334
2043,0.008157,74.125.24.0-255,5738,86213,12,149334
2044,0.008171,172.31.36.0-255,66,86279,12,149334
2045,0.010251,74.125.24.0-255,5738,92017,12,149334
2046,0.010264,172.31.36.0-255,66,92083,12,149334
2047,0.012343,74.125.24.0-255,5738,97821,12,149334
2048,0.012359,172.31.36.0-255,66,97887,12,149334
2049,0.014433,74.125.24.0-255,5738,103625,12,149334
2050,0.01445,172.31.36.0-255,66,103691,12,149334
2051,0.016521,74.125.24.0-255,5738,109429,12,149334
2052,0.016535,172.31.36.0-255,66,109495,12,149334
2053,0.018606,74.125.24.0-255,5738,115233,12,149334
2054,0.018617,172.31.36.0-255,66,115299,12,149334
2055,0.020653,74.125.24.0-255,5738,121037,12,149334
2056,0.020663,172.31.36.0-255,66,121103,12,149334
2057,0.022749,74.125.24.0-255,5738,126841,12,149334
2058,0.022768,172.31.36.0-255,66,126907,12,149334
2059,0.024823,74.125.24.0-255,5738,132645,12,149334
2060,0.024833,172.31.36.0-255,66,132711,12,149334
2061,0.0269,74.125.24.0-255,5738,138449,12,149334
2062,0.02691,172.31.36.0-255,66,138515,12,149334
2063,0.028912,172.31.36.0-255,172,138687,12,149334
2064,0.028947,172.31.36.0-255,1107,139794,12,149334
2065,0.028995,172.31.36.0-255,1514,141308,12,149334
2066,0.028996,172.31.36.0-255,1514,142822,12,149334
2067,0.028997,172.31.36.0-255,708,143530,12,149334
2068,0.029025,74.125.24.0-255,5738,149268,12,149334
2069,0.02903,172.31.36.0-255,66,149334,12,149334
2070,0.0,74.125.68.0-255,153,153,12,201422
2071,1.7e-05,172.31.36.0-255,66,219,12,201422
2072,2.4e-05,74.125.68.0-255,1484,1703,12,201422
2073,2.8e-05,172.31.36.0-255,66,1769,12,201422
2074,3.4e-05,74.125.68.0-255,2902,4671,12,201422
2075,4.7e-05,172.31.36.0-255,66,4737,12,201422
2076,5.5e-05,74.125.68.0-255,5738,10475,12,201422
2077,5.9e-05,172.31.36.0-255,66,10541,12,201422
2078,6.6e-05,74.125.68.0-255,3527,14068,12,201422
2079,6.9e-05,172.31.36.0-255,66,14134,12,201422
2080,0.000147,74.125.68.0-255,1484,15618,12,201422
2081,0.00015,172.31.36.0-255,66,15684,12,201422
2082,0.000156,74.125.68.0-255,2902,18586,12,201422
2083,0.000158,172.31.36.0-255,66,18652,12,201422
2084,0.000183,74.125.68.0-255,4320,22972,12,201422
2085,0.000186,172.31.36.0-255,66,23038,12,201422
2086,0.000217,74.125.68.0-255,2902,25940,12,201422
2087,0.00022,172.31.36.0-255,66,26006,12,201422
2088,0.00025,74.125.68.0-255,5379,31385,12,201422
2089,0.000253,172.31.36.0-255,66,31451,12,201422
2090,0.000264,172.31.36.0-255,66,31517,12,201422
2091,0.000275,74.125.68.0-255,5738,37255,12,201422
2092,0.000277,172.31.36.0-255,66,37321,12,201422
2093,0.000316,74.125.68.0-255,2543,39864,12,201422
2094,0.000318,172.31.36.0-255,66,39930,12,201422
2095,0.000344,74.125.68.0-255,2902,42832,12,201422
2096,0.000347,172.31.36.0-255,66,42898,12,201422
2097,0.000381,74.125.68.0-255,7156,50054,12,201422
2098,0.000384,172.31.36.0-255,66,50120,12,201422
2099,0.000423,74.125.68.0-255,6797,56917,12,201422
2100,0.000426,172.31.36.0-255,66,56983,12,201422
2101,0.000445,74.125.68.0-255,401,57384,12,201422
2102,0.000567,74.125.68.0-255,110,57494,12,201422
2103,0.000602,74.125.68.0-255,330,57824,12,201422
2104,0.001115,172.31.36.0-255,66,57890,12,201422
2105,0.001499,74.125.68.0-255,1484,59374,12,201422
2106,0.001527,74.125.68.0-255,2902,62276,12,201422
2107,0.001542,74.125.68.0-255,1484,63760,12,201422
2108,0.001546,74.125.68.0-255,2902,66662,12,201422
2109,0.001557,74.125.68.0-255,1484,68146,12,201422
2110,0.001573,74.125.68.0-255,4320,72466,12,201422
2111,0.001576,74.125.68.0-255,1484,73950,12,201422
2112,0.001595,74.125.68.0-255,2902,76852,12,201422
2113,0.001618,74.125.68.0-255,5738,82590,12,201422
2114,0.001633,74.125.68.0-255,1484,84074,12,201422
2115,0.001934,74.125.68.0-255,1484,85558,12,201422
2116,0.001948,74.125.68.0-255,2902,88460,12,201422
2117,0.00197,74.125.68.0-255,5738,94198,12,201422
2118,0.001991,74.125.68.0-255,4320,98518,12,201422
2119,0.002008,74.125.68.0-255,5738,104256,12,201422
2120,0.002012,74.125.68.0-255,2902,107158,12,201422
2121,0.002039,74.125.68.0-255,2184,109342,12,201422
2122,0.002102,74.125.68.0-255,1484,110826,12,201422
2123,0.002117,74.125.68.0-255,2902,113728,12,201422
2124,0.00213,74.125.68.0-255,2902,116630,12,201422
2125,0.002143,74.125.68.0-255,2902,119532,12,201422
2126,0.002147,74.125.68.0-255,2902,122434,12,201422
2127,0.002169,74.125.68.0-255,2902,125336,12,201422
2128,0.002191,74.125.68.0-255,7156,132492,12,201422
2129,0.002196,74.125.68.0-255,4320,136812,12,201422
2130,0.002209,74.125.68.0-255,2902,139714,12,201422
2131,0.002245,74.125.68.0-255,3602,143316,12,201422
2132,0.005167,172.31.36.0-255,66,143382,12,201422
2133,0.007404,74.125.68.0-255,5738,149120,12,201422
2134,0.007412,172.31.36.0-255,66,149186,12,201422
2135,0.009636,74.125.68.0-255,5738,154924,12,201422
2136,0.009644,172.31.36.0-255,66,154990,12,201422
2137,0.011875,74.125.68.0-255,5738,160728,12,201422
2138,0.012176,172.31.36.0-255,66,160794,12,201422
2139,0.014417,74.125.68.0-255,5738,166532,12,201422
2140,0.014428,172.31.36.0-255,66,166598,12,201422
2141,0.016654,74.125.68.0-255,5738,172336,12,201422
2142,0.016661,172.31.36.0-255,66,172402,12,201422
2143,0.018885,74.125.68.0-255,5738,178140,12,201422
2144,0.018891,172.31.36.0-255,66,178206,12,201422
2145,0.021123,74.125.68.0-255,5738,183944,12,201422
2146,0.021131,172.31.36.0-255,66,184010,12,201422
2147,0.023357,74.125.68.0-255,5738,189748,12,201422
2148,0.023366,172.31.36.0-255,66,189814,12,201422
2149,0.025607,74.125.68.0-255,5738,195552,12,201422
2150,0.025616,172.31.36.0-255,66,195618,12,201422
2151,0.027885,74.125.68.0-255,5738,201356,12,201422
2152,0.027909,172.31.36.0-255,66,201422,12,201422
2153,0.0,172.31.36.0-255,66,66,12,66
2154,0.0,172.217.194.0-255,153,153,12,202055
2155,2.8e-05,172.31.36.0-255,66,219,12,202055
2156,3.5e-05,172.217.194.0-255,1484,1703,12,202055
2157,4e-05,172.31.36.0-255,66,1769,12,202055
2158,5.3e-05,172.217.194.0-255,2902,4671,12,202055
2159,5.6e-05,172.31.36.0-255,66,4737,12,202055
2160,6.1e-05,172.217.194.0-255,4320,9057,12,202055
2161,6.4e-05,172.31.36.0-255,66,9123,12,202055
2162,6.8e-05,172.217.194.0-255,2902,12025,12,202055
2163,7.1e-05,172.31.36.0-255,66,12091,12,202055
2164,0.00011,172.217.194.0-255,6313,18404,12,202055
2165,0.000113,172.31.36.0-255,66,18470,12,202055
2166,0.000132,172.31.36.0-255,66,18536,12,202055
2167,0.000166,172.217.194.0-255,1484,20020,12,202055
2168,0.000174,172.31.36.0-255,66,20086,12,202055
2169,0.000182,172.217.194.0-255,2902,22988,12,202055
2170,0.000184,172.31.36.0-255,66,23054,12,202055
2171,0.000209,172.217.194.0-255,5738,28792,12,202055
2172,0.000213,172.31.36.0-255,66,28858,12,202055
2173,0.000219,172.217.194.0-255,5738,34596,12,202055
2174,0.000221,172.31.36.0-255,66,34662,12,202055
2175,0.000264,172.31.36.0-255,66,34728,12,202055
2176,0.00027,172.217.194.0-255,5738,40466,12,202055
2177,0.000272,172.31.36.0-255,66,40532,12,202055
2178,0.000302,172.217.194.0-255,3961,44493,12,202055
2179,0.000305,172.31.36.0-255,66,44559,12,202055
2180,0.000332,172.217.194.0-255,649,45208,12,202055
2181,0.000335,172.31.36.0-255,66,45274,12,202055
2182,0.00061,172.217.194.0-255,1484,46758,12,202055
2183,0.000615,172.31.36.0-255,66,46824,12,202055
2184,0.00062,172.217.194.0-255,2902,49726,12,202055
2185,0.000622,172.31.36.0-255,66,49792,12,202055
2186,0.000625,172.217.194.0-255,1484,51276,12,202055
2187,0.000647,172.217.194.0-255,4320,55596,12,202055
2188,0.00065,172.31.36.0-255,66,55662,12,202055
2189,0.000668,172.31.36.0-255,66,55728,12,202055
2190,0.000715,172.31.36.0-255,66,55794,12,202055
2191,0.00072,172.217.194.0-255,1632,57426,12,202055
2192,0.000723,172.31.36.0-255,66,57492,12,202055
2193,0.000754,172.217.194.0-255,2902,60394,12,202055
2194,0.000757,172.31.36.0-255,66,60460,12,202055
2195,0.000764,172.217.194.0-255,7156,67616,12,202055
2196,0.000767,172.31.36.0-255,66,67682,12,202055
2197,0.000779,172.217.194.0-255,5738,73420,12,202055
2198,0.000781,172.31.36.0-255,66,73486,12,202055
2199,0.000813,172.217.194.0-255,1484,74970,12,202055
2200,0.000853,172.31.36.0-255,66,75036,12,202055
2201,0.000858,172.217.194.0-255,3602,78638,12,202055
2202,0.00086,172.31.36.0-255,66,78704,12,202055
2203,0.000883,172.31.36.0-255,66,78770,12,202055
2204,0.000916,172.217.194.0-255,4320,83090,12,202055
2205,0.00092,172.31.36.0-255,66,83156,12,202055
2206,0.000939,172.31.36.0-255,66,83222,12,202055
2207,0.000941,172.217.194.0-255,766,83988,12,202055
2208,0.001188,172.217.194.0-255,1484,85472,12,202055
2209,0.001192,172.31.36.0-255,66,85538,12,202055
2210,0.001197,172.217.194.0-255,2902,88440,12,202055
2211,0.001199,172.31.36.0-255,66,88506,12,202055
2212,0.001204,172.217.194.0-255,4320,92826,12,202055
2213,0.001211,172.31.36.0-255,66,92892,12,202055
2214,0.00124,172.217.194.0-255,1484,94376,12,202055
2215,0.001258,172.31.36.0-255,66,94442,12,202055
2216,0.001288,172.31.36.0-255,66,94508,12,202055
2217,0.001312,172.217.194.0-255,2184,96692,12,202055
2218,0.001315,172.31.36.0-255,66,96758,12,202055
2219,0.001447,172.217.194.0-255,1484,98242,12,202055
2220,0.001453,172.217.194.0-255,2902,101144,12,202055
2221,0.001456,172.31.36.0-255,66,101210,12,202055
2222,0.001463,172.217.194.0-255,5738,106948,12,202055
2223,0.001465,172.31.36.0-255,66,107014,12,202055
2224,0.00149,172.217.194.0-255,7156,114170,12,202055
2225,0.001493,172.31.36.0-255,66,114236,12,202055
2226,0.001533,172.31.36.0-255,66,114302,12,202055
2227,0.001558,172.217.194.0-255,1484,115786,12,202055
2228,0.001562,172.217.194.0-255,2184,117970,12,202055
2229,0.001565,172.31.36.0-255,66,118036,12,202055
2230,0.001872,172.217.194.0-255,1484,119520,12,202055
2231,0.001888,172.217.194.0-255,2902,122422,12,202055
2232,0.001892,172.31.36.0-255,66,122488,12,202055
2233,0.001898,172.217.194.0-255,5738,128226,12,202055
2234,0.0019,172.31.36.0-255,66,128292,12,202055
2235,0.001954,172.31.36.0-255,66,128358,12,202055
2236,0.001981,172.217.194.0-255,2902,131260,12,202055
2237,0.001984,172.31.36.0-255,66,131326,12,202055
2238,0.00202,172.217.194.0-255,4320,135646,12,202055
2239,0.002023,172.31.36.0-255,66,135712,12,202055
2240,0.002053,172.217.194.0-255,6438,142150,12,202055
2241,0.002056,172.31.36.0-255,66,142216,12,202055
2242,0.002084,172.217.194.0-255,1484,143700,12,202055
2243,0.002099,172.217.194.0-255,2902,146602,12,202055
2244,0.002102,172.31.36.0-255,66,146668,12,202055
2245,0.002107,172.217.194.0-255,2902,149570,12,202055
2246,0.002109,172.31.36.0-255,66,149636,12,202055
2247,0.002125,172.217.194.0-255,2902,152538,12,202055
2248,0.002132,172.31.36.0-255,66,152604,12,202055
2249,0.00214,172.217.194.0-255,7156,159760,12,202055
2250,0.002142,172.31.36.0-255,66,159826,12,202055
2251,0.002167,172.217.194.0-255,5738,165564,12,202055
2252,0.002175,172.31.36.0-255,66,165630,12,202055
2253,0.002182,172.217.194.0-255,7156,172786,12,202055
2254,0.002184,172.31.36.0-255,66,172852,12,202055
2255,0.002188,172.217.194.0-255,3602,176454,12,202055
2256,0.00219,172.31.36.0-255,66,176520,12,202055
2257,0.002193,172.217.194.0-255,1484,178004,12,202055
2258,0.002197,172.217.194.0-255,2902,180906,12,202055
2259,0.002199,172.31.36.0-255,66,180972,12,202055
2260,0.002274,172.31.36.0-255,66,181038,12,202055
2261,0.002294,172.31.36.0-255,66,181104,12,202055
2262,0.002309,172.217.194.0-255,2184,183288,12,202055
2263,0.002312,172.31.36.0-255,66,183354,12,202055
2264,0.002321,172.217.194.0-255,1484,184838,12,202055
2265,0.002326,172.217.194.0-255,2902,187740,12,202055
2266,0.002328,172.31.36.0-255,66,187806,12,202055
2267,0.002333,172.217.194.0-255,3602,191408,12,202055
2268,0.002335,172.31.36.0-255,78,191486,12,202055
2269,0.002368,172.217.194.0-255,4320,195806,12,202055
2270,0.002368,172.31.36.0-255,66,195872,12,202055
2271,0.002374,172.31.36.0-255,66,195938,12,202055
2272,0.002377,172.31.36.0-255,66,196004,12,202055
2273,0.002409,172.217.194.0-255,1484,197488,12,202055
2274,0.002428,172.31.36.0-255,66,197554,12,202055
2275,0.00244,172.31.36.0-255,66,197620,12,202055
2276,0.002443,172.217.194.0-255,105,197725,12,202055
2277,0.00765,172.31.36.0-255,66,197791,12,202055
2278,0.007679,172.31.36.0-255,105,197896,12,202055
2279,0.009721,172.217.194.0-255,66,197962,12,202055
2280,0.028719,172.31.36.0-255,172,198134,12,202055
2281,0.02875,172.31.36.0-255,1107,199241,12,202055
2282,0.028791,172.31.36.0-255,1514,200755,12,202055
2283,0.028793,172.31.36.0-255,1300,202055,12,202055
2284,0.0,172.217.194.0-255,150,150,12,175831
2285,1.4e-05,172.31.36.0-255,66,216,12,175831
2286,2.1e-05,172.217.194.0-255,1484,1700,12,175831
2287,2.5e-05,172.31.36.0-255,66,1766,12,175831
2288,3.1e-05,172.217.194.0-255,2902,4668,12,175831
2289,4.3e-05,172.31.36.0-255,66,4734,12,175831
2290,5.1e-05,172.217.194.0-255,7156,11890,12,175831
2291,5.4e-05,172.31.36.0-255,66,11956,12,175831
2292,5.7e-05,172.217.194.0-255,1484,13440,12,175831
2293,6.1e-05,172.31.36.0-255,66,13506,12,175831
2294,9.4e-05,172.31.36.0-255,66,13572,12,175831
2295,0.000117,172.217.194.0-255,2092,15664,12,175831
2296,0.00012,172.31.36.0-255,66,15730,12,175831
2297,0.000127,172.217.194.0-255,6797,22527,12,175831
2298,0.000129,172.31.36.0-255,66,22593,12,175831
2299,0.000161,172.217.194.0-255,1484,24077,12,175831
2300,0.000163,172.31.36.0-255,66,24143,12,175831
2301,0.000169,172.217.194.0-255,2902,27045,12,175831
2302,0.000172,172.31.36.0-255,66,27111,12,175831
2303,0.000178,172.217.194.0-255,5738,32849,12,175831
2304,0.000186,172.31.36.0-255,66,32915,12,175831
2305,0.000194,172.217.194.0-255,6797,39712,12,175831
2306,0.000196,172.31.36.0-255,66,39778,12,175831
2307,0.000231,172.31.36.0-255,66,39844,12,175831
2308,0.000249,172.217.194.0-255,4320,44164,12,175831
2309,0.000251,172.31.36.0-255,66,44230,12,175831
2310,0.000256,172.217.194.0-255,2845,47075,12,175831
2311,0.000258,172.31.36.0-255,66,47141,12,175831
2312,0.000289,172.217.194.0-255,384,47525,12,175831
2313,0.000292,172.31.36.0-255,66,47591,12,175831
2314,0.000534,172.217.194.0-255,1484,49075,12,175831
2315,0.000541,172.217.194.0-255,2902,51977,12,175831
2316,0.000545,172.31.36.0-255,66,52043,12,175831
2317,0.00058,172.217.194.0-255,5738,57781,12,175831
2318,0.000584,172.31.36.0-255,66,57847,12,175831
2319,0.000597,172.31.36.0-255,66,57913,12,175831
2320,0.000613,172.31.36.0-255,66,57979,12,175831
2321,0.000645,172.217.194.0-255,766,58745,12,175831
2322,0.000741,172.217.194.0-255,1484,60229,12,175831
2323,0.000745,172.31.36.0-255,66,60295,12,175831
2324,0.00075,172.217.194.0-255,2902,63197,12,175831
2325,0.000753,172.31.36.0-255,66,63263,12,175831
2326,0.000755,172.217.194.0-255,1484,64747,12,175831
2327,0.000784,172.217.194.0-255,4320,69067,12,175831
2328,0.000787,172.31.36.0-255,66,69133,12,175831
2329,0.000799,172.31.36.0-255,66,69199,12,175831
2330,0.000829,172.217.194.0-255,1484,70683,12,175831
2331,0.000842,172.31.36.0-255,66,70749,12,175831
2332,0.000845,172.217.194.0-255,766,71515,12,175831
2333,0.000847,172.217.194.0-255,1484,72999,12,175831
2334,0.000849,172.31.36.0-255,66,73065,12,175831
2335,0.000854,172.217.194.0-255,2902,75967,12,175831
2336,0.000862,172.31.36.0-255,66,76033,12,175831
2337,0.000892,172.217.194.0-255,1484,77517,12,175831
2338,0.000905,172.31.36.0-255,66,77583,12,175831
2339,0.00092,172.31.36.0-255,66,77649,12,175831
2340,0.000943,172.217.194.0-255,2902,80551,12,175831
2341,0.000945,172.217.194.0-255,766,81317,12,175831
2342,0.00095,172.31.36.0-255,66,81383,12,175831
2343,0.000959,172.217.194.0-255,1484,82867,12,175831
2344,0.000961,172.31.36.0-255,66,82933,12,175831
2345,0.00097,172.217.194.0-255,4320,87253,12,175831
2346,0.000973,172.31.36.0-255,66,87319,12,175831
2347,0.001008,172.31.36.0-255,66,87385,12,175831
2348,0.001026,172.31.36.0-255,66,87451,12,175831
2349,0.001074,172.217.194.0-255,6438,93889,12,175831
2350,0.001078,172.31.36.0-255,66,93955,12,175831
2351,0.00114,172.217.194.0-255,1484,95439,12,175831
2352,0.001146,172.217.194.0-255,2902,98341,12,175831
2353,0.001149,172.31.36.0-255,66,98407,12,175831
2354,0.001202,172.217.194.0-255,2902,101309,12,175831
2355,0.001205,172.31.36.0-255,66,101375,12,175831
2356,0.00123,172.217.194.0-255,2902,104277,12,175831
2357,0.001233,172.31.36.0-255,66,104343,12,175831
2358,0.001247,172.31.36.0-255,66,104409,12,175831
2359,0.001258,172.31.36.0-255,66,104475,12,175831
2360,0.001263,172.217.194.0-255,2184,106659,12,175831
2361,0.001269,172.217.194.0-255,2902,109561,12,175831
2362,0.001277,172.217.194.0-255,7156,116717,12,175831
2363,0.001283,172.31.36.0-255,66,116783,12,175831
2364,0.001285,172.31.36.0-255,66,116849,12,175831
2365,0.001286,172.31.36.0-255,66,116915,12,175831
2366,0.001334,172.31.36.0-255,66,116981,12,175831
2367,0.001341,172.217.194.0-255,5738,122719,12,175831
2368,0.001343,172.31.36.0-255,66,122785,12,175831
2369,0.001369,172.217.194.0-255,2184,124969,12,175831
2370,0.001376,172.31.36.0-255,66,125035,12,175831
2371,0.001379,172.217.194.0-255,1484,126519,12,175831
2372,0.001385,172.217.194.0-255,2902,129421,12,175831
2373,0.001387,172.31.36.0-255,66,129487,12,175831
2374,0.001394,172.217.194.0-255,5738,135225,12,175831
2375,0.001396,172.31.36.0-255,66,135291,12,175831
2376,0.001402,172.217.194.0-255,5738,141029,12,175831
2377,0.001405,172.31.36.0-255,66,141095,12,175831
2378,0.001447,172.217.194.0-255,7156,148251,12,175831
2379,0.00145,172.31.36.0-255,66,148317,12,175831
2380,0.001466,172.31.36.0-255,66,148383,12,175831
2381,0.001469,172.217.194.0-255,766,149149,12,175831
2382,0.00152,172.217.194.0-255,1484,150633,12,175831
2383,0.001524,172.31.36.0-255,66,150699,12,175831
2384,0.001529,172.217.194.0-255,2902,153601,12,175831
2385,0.001531,172.31.36.0-255,66,153667,12,175831
2386,0.001536,172.217.194.0-255,4320,157987,12,175831
2387,0.001544,172.31.36.0-255,66,158053,12,175831
2388,0.001575,172.217.194.0-255,1484,159537,12,175831
2389,0.001583,172.217.194.0-255,7156,166693,12,175831
2390,0.001586,172.31.36.0-255,66,166759,12,175831
2391,0.001617,172.217.194.0-255,5738,172497,12,175831
2392,0.00162,172.31.36.0-255,66,172563,12,175831
2393,0.001636,172.31.36.0-255,66,172629,12,175831
2394,0.001648,172.31.36.0-255,66,172695,12,175831
2395,0.001681,172.217.194.0-255,2184,174879,12,175831
2396,0.001684,172.31.36.0-255,66,174945,12,175831
2397,0.001697,172.31.36.0-255,66,175011,12,175831
2398,0.001723,172.31.36.0-255,66,175077,12,175831
2399,0.001745,172.31.36.0-255,66,175143,12,175831
2400,0.001756,172.31.36.0-255,66,175209,12,175831
2401,0.001759,172.217.194.0-255,97,175306,12,175831
2402,0.001816,172.217.194.0-255,105,175411,12,175831
2403,0.009792,172.31.36.0-255,66,175477,12,175831
2404,0.009837,172.31.36.0-255,105,175582,12,175831
2405,0.011141,172.217.194.0-255,105,175687,12,175831
2406,0.011149,172.31.36.0-255,78,175765,12,175831
2407,0.01212,172.217.194.0-255,66,175831,12,175831
2408,0.0,172.217.194.0-255,146,146,12,234818
2409,2.5e-05,172.31.36.0-255,66,212,12,234818
2410,3.3e-05,172.217.194.0-255,1484,1696,12,234818
2411,3.7e-05,172.31.36.0-255,66,1762,12,234818
2412,4.2e-05,172.217.194.0-255,2902,4664,12,234818
2413,4.5e-05,172.31.36.0-255,66,4730,12,234818
2414,6e-05,172.217.194.0-255,7156,11886,12,234818
2415,6.3e-05,172.31.36.0-255,66,11952,12,234818
2416,6.8e-05,172.217.194.0-255,3458,15410,12,234818
2417,7e-05,172.31.36.0-255,66,15476,12,234818
2418,7.7e-05,172.217.194.0-255,5738,21214,12,234818
2419,8.1e-05,172.31.36.0-255,66,21280,12,234818
2420,0.000117,172.217.194.0-255,7156,28436,12,234818
2421,0.00012,172.31.36.0-255,66,28502,12,234818
2422,0.000124,172.217.194.0-255,2543,31045,12,234818
2423,0.000126,172.31.36.0-255,66,31111,12,234818
2424,0.000164,172.31.36.0-255,66,31177,12,234818
2425,0.00032,172.217.194.0-255,1484,32661,12,234818
2426,0.000325,172.31.36.0-255,66,32727,12,234818
2427,0.00033,172.217.194.0-255,2902,35629,12,234818
2428,0.000333,172.31.36.0-255,66,35695,12,234818
2429,0.000336,172.217.194.0-255,1484,37179,12,234818
2430,0.000338,172.31.36.0-255,66,37245,12,234818
2431,0.000382,172.217.194.0-255,4320,41565,12,234818
2432,0.000385,172.31.36.0-255,66,41631,12,234818
2433,0.000392,172.217.194.0-255,7094,48725,12,234818
2434,0.000395,172.31.36.0-255,66,48791,12,234818
2435,0.000644,172.217.194.0-255,382,49173,12,234818
2436,0.000649,172.31.36.0-255,66,49239,12,234818
2437,0.000751,172.217.194.0-255,1484,50723,12,234818
2438,0.000754,172.31.36.0-255,66,50789,12,234818
2439,0.000759,172.217.194.0-255,2902,53691,12,234818
2440,0.000762,172.31.36.0-255,66,53757,12,234818
2441,0.000796,172.217.194.0-255,5738,59495,12,234818
2442,0.000799,172.31.36.0-255,66,59561,12,234818
2443,0.000828,172.217.194.0-255,6797,66358,12,234818
2444,0.000831,172.31.36.0-255,66,66424,12,234818
2445,0.000864,172.217.194.0-255,1484,67908,12,234818
2446,0.000869,172.217.194.0-255,2902,70810,12,234818
2447,0.000872,172.31.36.0-255,66,70876,12,234818
2448,0.000899,172.217.194.0-255,5738,76614,12,234818
2449,0.000902,172.31.36.0-255,66,76680,12,234818
2450,0.00093,172.217.194.0-255,6797,83477,12,234818
2451,0.000933,172.31.36.0-255,66,83543,12,234818
2452,0.0012,172.217.194.0-255,1484,85027,12,234818
2453,0.001209,172.217.194.0-255,2902,87929,12,234818
2454,0.001213,172.31.36.0-255,66,87995,12,234818
2455,0.001247,172.217.194.0-255,5738,93733,12,234818
2456,0.00125,172.31.36.0-255,66,93799,12,234818
2457,0.001256,172.217.194.0-255,5738,99537,12,234818
2458,0.001258,172.31.36.0-255,66,99603,12,234818
2459,0.001277,172.31.36.0-255,66,99669,12,234818
2460,0.001284,172.217.194.0-255,5020,104689,12,234818
2461,0.001287,172.31.36.0-255,66,104755,12,234818
2462,0.001342,172.217.194.0-255,1484,106239,12,234818
2463,0.001348,172.217.194.0-255,2902,109141,12,234818
2464,0.001351,172.31.36.0-255,66,109207,12,234818
2465,0.001374,172.217.194.0-255,5738,114945,12,234818
2466,0.001377,172.31.36.0-255,66,115011,12,234818
2467,0.001386,172.217.194.0-255,7156,122167,12,234818
2468,0.001388,172.31.36.0-255,66,122233,12,234818
2469,0.001422,172.217.194.0-255,5738,127971,12,234818
2470,0.001426,172.31.36.0-255,66,128037,12,234818
2471,0.00143,172.217.194.0-255,1484,129521,12,234818
2472,0.001461,172.31.36.0-255,66,129587,12,234818
2473,0.001523,172.217.194.0-255,1484,131071,12,234818
2474,0.001529,172.217.194.0-255,2902,133973,12,234818
2475,0.001532,172.31.36.0-255,66,134039,12,234818
2476,0.001535,172.217.194.0-255,1484,135523,12,234818
2477,0.001563,172.217.194.0-255,4320,139843,12,234818
2478,0.001566,172.31.36.0-255,66,139909,12,234818
2479,0.001586,172.31.36.0-255,66,139975,12,234818
2480,0.00161,172.217.194.0-255,1484,141459,12,234818
2481,0.001646,172.31.36.0-255,66,141525,12,234818
2482,0.001732,172.217.194.0-255,1484,143009,12,234818
2483,0.001736,172.217.194.0-255,1484,144493,12,234818
2484,0.00174,172.31.36.0-255,66,144559,12,234818
2485,0.001766,172.217.194.0-255,1484,146043,12,234818
2486,0.001774,172.217.194.0-255,5738,151781,12,234818
2487,0.001778,172.31.36.0-255,66,151847,12,234818
2488,0.001792,172.31.36.0-255,66,151913,12,234818
2489,0.001797,172.217.194.0-255,2902,154815,12,234818
2490,0.001799,172.31.36.0-255,66,154881,12,234818
2491,0.001846,172.31.36.0-255,66,154947,12,234818
2492,0.001854,172.217.194.0-255,5738,160685,12,234818
2493,0.001856,172.31.36.0-255,66,160751,12,234818
2494,0.001898,172.31.36.0-255,66,160817,12,234818
2495,0.001935,172.31.36.0-255,66,160883,12,234818
2496,0.001938,172.217.194.0-255,766,161649,12,234818
2497,0.001999,172.217.194.0-255,1484,163133,12,234818
2498,0.002001,172.31.36.0-255,66,163199,12,234818
2499,0.002005,172.217.194.0-255,2902,166101,12,234818
2500,0.002008,172.31.36.0-255,66,166167,12,234818
2501,0.002018,172.217.194.0-255,5738,171905,12,234818
2502,0.002021,172.31.36.0-255,66,171971,12,234818
2503,0.002033,172.31.36.0-255,66,172037,12,234818
2504,0.002045,172.31.36.0-255,66,172103,12,234818
2505,0.002213,172.217.194.0-255,1484,173587,12,234818
2506,0.002218,172.217.194.0-255,2902,176489,12,234818
2507,0.00222,172.31.36.0-255,66,176555,12,234818
2508,0.002244,172.217.194.0-255,5738,182293,12,234818
2509,0.002247,172.31.36.0-255,66,182359,12,234818
2510,0.002252,172.217.194.0-255,4320,186679,12,234818
2511,0.002254,172.31.36.0-255,66,186745,12,234818
2512,0.002279,172.217.194.0-255,5738,192483,12,234818
2513,0.002282,172.31.36.0-255,66,192549,12,234818
2514,0.002313,172.31.36.0-255,66,192615,12,234818
2515,0.002342,172.217.194.0-255,5020,197635,12,234818
2516,0.002345,172.217.194.0-255,1484,199119,12,234818
2517,0.002362,172.217.194.0-255,2902,202021,12,234818
2518,0.002368,172.217.194.0-255,5738,207759,12,234818
2519,0.002385,172.217.194.0-255,4320,212079,12,234818
2520,0.00241,172.217.194.0-255,7156,219235,12,234818
2521,0.002426,172.217.194.0-255,3602,222837,12,234818
2522,0.002457,172.217.194.0-255,5738,228575,12,234818
2523,0.002482,172.217.194.0-255,4320,232895,12,234818
2524,0.002516,172.217.194.0-255,1484,234379,12,234818
2525,0.002526,172.217.194.0-255,97,234476,12,234818
2526,0.002558,172.217.194.0-255,105,234581,12,234818
2527,0.003616,172.31.36.0-255,66,234647,12,234818
2528,0.006005,172.31.36.0-255,105,234752,12,234818
2529,0.008541,172.217.194.0-255,66,234818,12,234818
2530,0.0,172.217.194.0-255,145,145,12,201949
2531,2.7e-05,172.31.36.0-255,66,211,12,201949
2532,3.4e-05,172.217.194.0-255,1484,1695,12,201949
2533,3.8e-05,172.31.36.0-255,66,1761,12,201949
2534,4.3e-05,172.217.194.0-255,2902,4663,12,201949
2535,4.6e-05,172.31.36.0-255,66,4729,12,201949
2536,6.1e-05,172.217.194.0-255,7156,11885,12,201949
2537,6.3e-05,172.31.36.0-255,66,11951,12,201949
2538,6.7e-05,172.217.194.0-255,2076,14027,12,201949
2539,7e-05,172.31.36.0-255,66,14093,12,201949
2540,0.000105,172.217.194.0-255,2902,16995,12,201949
2541,0.000109,172.31.36.0-255,66,17061,12,201949
2542,0.000115,172.217.194.0-255,7156,24217,12,201949
2543,0.000118,172.31.36.0-255,66,24283,12,201949
2544,0.000156,172.217.194.0-255,6797,31080,12,201949
2545,0.000159,172.31.36.0-255,66,31146,12,201949
2546,0.000243,172.217.194.0-255,1484,32630,12,201949
2547,0.000247,172.31.36.0-255,66,32696,12,201949
2548,0.000275,172.217.194.0-255,2902,35598,12,201949
2549,0.000279,172.31.36.0-255,66,35664,12,201949
2550,0.000285,172.217.194.0-255,5738,41402,12,201949
2551,0.00029,172.31.36.0-255,66,41468,12,201949
2552,0.000326,172.31.36.0-255,66,41534,12,201949
2553,0.000331,172.217.194.0-255,4320,45854,12,201949
2554,0.000333,172.31.36.0-255,66,45920,12,201949
2555,0.000366,172.31.36.0-255,66,45986,12,201949
2556,0.000589,172.217.194.0-255,358,46344,12,201949
2557,0.000593,172.31.36.0-255,66,46410,12,201949
2558,0.000612,172.217.194.0-255,385,46795,12,201949
2559,0.000614,172.31.36.0-255,66,46861,12,201949
2560,0.000815,172.217.194.0-255,1484,48345,12,201949
2561,0.000824,172.217.194.0-255,2902,51247,12,201949
2562,0.000828,172.31.36.0-255,66,51313,12,201949
2563,0.000836,172.217.194.0-255,5738,57051,12,201949
2564,0.000838,172.31.36.0-255,66,57117,12,201949
2565,0.000851,172.217.194.0-255,5738,62855,12,201949
2566,0.000853,172.31.36.0-255,66,62921,12,201949
2567,0.000885,172.217.194.0-255,7156,70077,12,201949
2568,0.000889,172.31.36.0-255,66,70143,12,201949
2569,0.000893,172.217.194.0-255,1484,71627,12,201949
2570,0.000896,172.217.194.0-255,1484,73111,12,201949
2571,0.000898,172.31.36.0-255,66,73177,12,201949
2572,0.000942,172.31.36.0-255,66,73243,12,201949
2573,0.000966,172.217.194.0-255,1484,74727,12,201949
2574,0.00097,172.217.194.0-255,1484,76211,12,201949
2575,0.000973,172.31.36.0-255,66,76277,12,201949
2576,0.000997,172.217.194.0-255,1484,77761,12,201949
2577,0.001004,172.217.194.0-255,5738,83499,12,201949
2578,0.001007,172.31.36.0-255,66,83565,12,201949
2579,0.001014,172.217.194.0-255,7156,90721,12,201949
2580,0.001016,172.31.36.0-255,66,90787,12,201949
2581,0.001046,172.217.194.0-255,2902,93689,12,201949
2582,0.00105,172.31.36.0-255,66,93755,12,201949
2583,0.001067,172.31.36.0-255,66,93821,12,201949
2584,0.001071,172.217.194.0-255,2184,96005,12,201949
2585,0.001074,172.31.36.0-255,66,96071,12,201949
2586,0.001078,172.217.194.0-255,2902,98973,12,201949
2587,0.00108,172.31.36.0-255,66,99039,12,201949
2588,0.001087,172.217.194.0-255,7156,106195,12,201949
2589,0.001091,172.31.36.0-255,66,106261,12,201949
2590,0.001145,172.31.36.0-255,66,106327,12,201949
2591,0.001178,172.31.36.0-255,66,106393,12,201949
2592,0.001234,172.217.194.0-255,1484,107877,12,201949
2593,0.001239,172.217.194.0-255,2902,110779,12,201949
2594,0.001242,172.31.36.0-255,66,110845,12,201949
2595,0.001249,172.217.194.0-255,5738,116583,12,201949
2596,0.001252,172.31.36.0-255,66,116649,12,201949
2597,0.001259,172.217.194.0-255,1484,118133,12,201949
2598,0.001288,172.31.36.0-255,66,118199,12,201949
2599,0.0013,172.31.36.0-255,66,118265,12,201949
2600,0.001319,172.217.194.0-255,2184,120449,12,201949
2601,0.001322,172.31.36.0-255,66,120515,12,201949
2602,0.00133,172.217.194.0-255,1484,121999,12,201949
2603,0.001334,172.217.194.0-255,2902,124901,12,201949
2604,0.001337,172.31.36.0-255,66,124967,12,201949
2605,0.001343,172.217.194.0-255,5738,130705,12,201949
2606,0.001345,172.31.36.0-255,66,130771,12,201949
2607,0.001389,172.31.36.0-255,66,130837,12,201949
2608,0.001415,172.217.194.0-255,7156,137993,12,201949
2609,0.001417,172.31.36.0-255,66,138059,12,201949
2610,0.00144,172.217.194.0-255,3602,141661,12,201949
2611,0.001442,172.31.36.0-255,66,141727,12,201949
2612,0.001453,172.31.36.0-255,66,141793,12,201949
2613,0.001482,172.217.194.0-255,1484,143277,12,201949
2614,0.001505,172.31.36.0-255,66,143343,12,201949
2615,0.001535,172.217.194.0-255,1484,144827,12,201949
2616,0.001541,172.217.194.0-255,3602,148429,12,201949
2617,0.001544,172.31.36.0-255,66,148495,12,201949
2618,0.001549,172.217.194.0-255,4320,152815,12,201949
2619,0.001552,172.31.36.0-255,66,152881,12,201949
2620,0.001589,172.31.36.0-255,66,152947,12,201949
2621,0.001607,172.31.36.0-255,66,153013,12,201949
2622,0.001628,172.217.194.0-255,1484,154497,12,201949
2623,0.001662,172.31.36.0-255,66,154563,12,201949
2624,0.001679,172.31.36.0-255,66,154629,12,201949
2625,0.001692,172.31.36.0-255,66,154695,12,201949
2626,0.001731,172.217.194.0-255,2184,156879,12,201949
2627,0.001746,172.217.194.0-255,2902,159781,12,201949
2628,0.001767,172.217.194.0-255,7156,166937,12,201949
2629,0.00177,172.217.194.0-255,1484,168421,12,201949
2630,0.001967,172.31.36.0-255,66,168487,12,201949
2631,0.002031,172.217.194.0-255,1484,169971,12,201949
2632,0.002038,172.217.194.0-255,2902,172873,12,201949
2633,0.002044,172.31.36.0-255,66,172939,12,201949
2634,0.002073,172.217.194.0-255,5738,178677,12,201949
2635,0.002079,172.31.36.0-255,66,178743,12,201949
2636,0.002113,172.31.36.0-255,66,178809,12,201949
2637,0.002144,172.217.194.0-255,2902,181711,12,201949
2638,0.002155,172.31.36.0-255,66,181777,12,201949
2639,0.002188,172.31.36.0-255,66,181843,12,201949
2640,0.002221,172.217.194.0-255,1484,183327,12,201949
2641,0.002234,172.217.194.0-255,2902,186229,12,201949
2642,0.002244,172.31.36.0-255,66,186295,12,201949
2643,0.002287,172.217.194.0-255,1484,187779,12,201949
2644,0.002305,172.217.194.0-255,3516,191295,12,201949
2645,0.002309,172.217.194.0-255,105,191400,12,201949
2646,0.002314,172.31.36.0-255,66,191466,12,201949
2647,0.004585,172.31.36.0-255,105,191571,12,201949
2648,0.007172,172.217.194.0-255,66,191637,12,201949
2649,0.028298,172.31.36.0-255,172,191809,12,201949
2650,0.028329,172.31.36.0-255,1108,192917,12,201949
2651,0.028383,172.31.36.0-255,1514,194431,12,201949
2652,0.028385,172.31.36.0-255,1514,195945,12,201949
2653,0.028386,172.31.36.0-255,1514,197459,12,201949
2654,0.028387,172.31.36.0-255,1514,198973,12,201949
2655,0.028418,172.31.36.0-255,1514,200487,12,201949
2656,0.028419,172.31.36.0-255,1198,201685,12,201949
2657,0.029807,104.244.42.0-255,66,201751,12,201949
2658,0.029861,104.244.42.0-255,66,201817,12,201949
2659,0.029957,104.244.42.0-255,66,201883,12,201949
2660,0.029963,104.244.42.0-255,66,201949,12,201949
2661,0.0,74.125.130.0-255,143,143,12,171140
2662,2.3e-05,172.31.36.0-255,66,209,12,171140
2663,3.1e-05,74.125.130.0-255,1484,1693,12,171140
2664,3.5e-05,172.31.36.0-255,66,1759,12,171140
2665,5.1e-05,74.125.130.0-255,2902,4661,12,171140
2666,5.5e-05,172.31.36.0-255,66,4727,12,171140
2667,6.1e-05,74.125.130.0-255,4320,9047,12,171140
2668,6.3e-05,172.31.36.0-255,66,9113,12,171140
2669,7e-05,74.125.130.0-255,4919,14032,12,171140
2670,7.3e-05,172.31.36.0-255,66,14098,12,171140
2671,9.5e-05,74.125.130.0-255,2902,17000,12,171140
2672,9.8e-05,172.31.36.0-255,66,17066,12,171140
2673,0.000125,74.125.130.0-255,1484,18550,12,171140
2674,0.000128,172.31.36.0-255,66,18616,12,171140
2675,0.000136,74.125.130.0-255,5738,24354,12,171140
2676,0.000139,172.31.36.0-255,66,24420,12,171140
2677,0.000146,74.125.130.0-255,5738,30158,12,171140
2678,0.000148,172.31.36.0-255,66,30224,12,171140
2679,0.000185,74.125.130.0-255,1125,31349,12,171140
2680,0.000187,172.31.36.0-255,66,31415,12,171140
2681,0.000292,74.125.130.0-255,1484,32899,12,171140
2682,0.000295,172.31.36.0-255,66,32965,12,171140
2683,0.000336,74.125.130.0-255,1484,34449,12,171140
2684,0.000339,172.31.36.0-255,66,34515,12,171140
2685,0.000362,74.125.130.0-255,1484,35999,12,171140
2686,0.000365,172.31.36.0-255,66,36065,12,171140
2687,0.000373,74.125.130.0-255,5738,41803,12,171140
2688,0.000375,172.31.36.0-255,66,41869,12,171140
2689,0.000379,74.125.130.0-255,2902,44771,12,171140
2690,0.000382,172.31.36.0-255,66,44837,12,171140
2691,0.000394,172.31.36.0-255,66,44903,12,171140
2692,0.0004,74.125.130.0-255,4320,49223,12,171140
2693,0.000402,172.31.36.0-255,66,49289,12,171140
2694,0.000408,74.125.130.0-255,4320,53609,12,171140
2695,0.00041,172.31.36.0-255,66,53675,12,171140
2696,0.000437,74.125.130.0-255,1484,55159,12,171140
2697,0.000441,74.125.130.0-255,1074,56233,12,171140
2698,0.000444,172.31.36.0-255,66,56299,12,171140
2699,0.000883,74.125.130.0-255,369,56668,12,171140
2700,0.001115,172.31.36.0-255,66,56734,12,171140
2701,0.001163,74.125.130.0-255,1484,58218,12,171140
2702,0.001183,74.125.130.0-255,2902,61120,12,171140
2703,0.001187,172.31.36.0-255,66,61186,12,171140
2704,0.001217,74.125.130.0-255,2902,64088,12,171140
2705,0.001219,172.31.36.0-255,66,64154,12,171140
2706,0.001225,74.125.130.0-255,4320,68474,12,171140
2707,0.001227,172.31.36.0-255,66,68540,12,171140
2708,0.001251,74.125.130.0-255,5738,74278,12,171140
2709,0.001253,172.31.36.0-255,66,74344,12,171140
2710,0.001277,74.125.130.0-255,2902,77246,12,171140
2711,0.001279,172.31.36.0-255,66,77312,12,171140
2712,0.001306,74.125.130.0-255,4320,81632,12,171140
2713,0.001309,172.31.36.0-255,66,81698,12,171140
2714,0.001312,74.125.130.0-255,1484,83182,12,171140
2715,0.001316,74.125.130.0-255,2902,86084,12,171140
2716,0.001318,172.31.36.0-255,66,86150,12,171140
2717,0.001377,74.125.130.0-255,5020,91170,12,171140
2718,0.001381,172.31.36.0-255,66,91236,12,171140
2719,0.003343,74.125.130.0-255,5738,96974,12,171140
2720,0.00335,172.31.36.0-255,66,97040,12,171140
2721,0.005291,74.125.130.0-255,5738,102778,12,171140
2722,0.005295,172.31.36.0-255,66,102844,12,171140
2723,0.007236,74.125.130.0-255,5738,108582,12,171140
2724,0.007242,172.31.36.0-255,66,108648,12,171140
2725,0.009188,74.125.130.0-255,5738,114386,12,171140
2726,0.009195,172.31.36.0-255,66,114452,12,171140
2727,0.011142,74.125.130.0-255,5738,120190,12,171140
2728,0.011151,172.31.36.0-255,66,120256,12,171140
2729,0.01309,74.125.130.0-255,5738,125994,12,171140
2730,0.013099,172.31.36.0-255,66,126060,12,171140
2731,0.015056,74.125.130.0-255,5738,131798,12,171140
2732,0.015067,172.31.36.0-255,66,131864,12,171140
2733,0.017014,74.125.130.0-255,5738,137602,12,171140
2734,0.017022,172.31.36.0-255,66,137668,12,171140
2735,0.018966,74.125.130.0-255,5738,143406,12,171140
2736,0.018973,172.31.36.0-255,66,143472,12,171140
2737,0.02092,74.125.130.0-255,5738,149210,12,171140
2738,0.020929,172.31.36.0-255,66,149276,12,171140
2739,0.022883,74.125.130.0-255,4320,153596,12,171140
2740,0.02289,172.31.36.0-255,66,153662,12,171140
2741,0.022923,74.125.130.0-255,1484,155146,12,171140
2742,0.024838,74.125.130.0-255,4320,159466,12,171140
2743,0.024847,172.31.36.0-255,66,159532,12,171140
2744,0.026799,74.125.130.0-255,5738,165270,12,171140
2745,0.026806,172.31.36.0-255,66,165336,12,171140
2746,0.028816,74.125.130.0-255,5738,171074,12,171140
2747,0.028823,172.31.36.0-255,66,171140,12,171140
2748,0.0,172.217.160.0-255,143,143,12,212060
2749,2.1e-05,172.31.36.0-255,66,209,12,212060
2750,2.8e-05,172.217.160.0-255,1484,1693,12,212060
2751,3.2e-05,172.31.36.0-255,66,1759,12,212060
2752,3.7e-05,172.217.160.0-255,2902,4661,12,212060
2753,4e-05,172.31.36.0-255,66,4727,12,212060
2754,5.5e-05,172.217.160.0-255,7156,11883,12,212060
2755,5.9e-05,172.31.36.0-255,66,11949,12,212060
2756,6.3e-05,172.217.160.0-255,1974,13923,12,212060
2757,6.5e-05,172.31.36.0-255,66,13989,12,212060
2758,7.2e-05,172.217.160.0-255,7156,21145,12,212060
2759,7.4e-05,172.31.36.0-255,66,21211,12,212060
2760,9.6e-05,172.217.160.0-255,4320,25531,12,212060
2761,0.000103,172.31.36.0-255,66,25597,12,212060
2762,0.000109,172.217.160.0-255,5379,30976,12,212060
2763,0.000112,172.31.36.0-255,66,31042,12,212060
2764,0.000151,172.217.160.0-255,4320,35362,12,212060
2765,0.000153,172.31.36.0-255,66,35428,12,212060
2766,0.000185,172.217.160.0-255,1484,36912,12,212060
2767,0.000188,172.31.36.0-255,66,36978,12,212060
2768,0.000195,172.217.160.0-255,5738,42716,12,212060
2769,0.000197,172.31.36.0-255,66,42782,12,212060
2770,0.000207,172.217.160.0-255,5379,48161,12,212060
2771,0.00021,172.31.36.0-255,66,48227,12,212060
2772,0.000592,172.217.160.0-255,1484,49711,12,212060
2773,0.000597,172.31.36.0-255,66,49777,12,212060
2774,0.000603,172.217.160.0-255,2902,52679,12,212060
2775,0.000605,172.31.36.0-255,66,52745,12,212060
2776,0.000611,172.217.160.0-255,5738,58483,12,212060
2777,0.000618,172.31.36.0-255,66,58549,12,212060
2778,0.000663,172.217.160.0-255,7068,65617,12,212060
2779,0.000666,172.31.36.0-255,66,65683,12,212060
2780,0.000831,172.217.160.0-255,120,65803,12,212060
2781,0.000942,172.217.160.0-255,1484,67287,12,212060
2782,0.000946,172.31.36.0-255,66,67353,12,212060
2783,0.000951,172.217.160.0-255,2902,70255,12,212060
2784,0.000953,172.31.36.0-255,66,70321,12,212060
2785,0.000959,172.217.160.0-255,5738,76059,12,212060
2786,0.000961,172.31.36.0-255,66,76125,12,212060
2787,0.000972,172.217.160.0-255,6797,82922,12,212060
2788,0.000974,172.31.36.0-255,66,82988,12,212060
2789,0.001007,172.217.160.0-255,7156,90144,12,212060
2790,0.00101,172.31.36.0-255,66,90210,12,212060
2791,0.001014,172.217.160.0-255,2902,93112,12,212060
2792,0.001016,172.31.36.0-255,66,93178,12,212060
2793,0.001045,172.217.160.0-255,5738,98916,12,212060
2794,0.001052,172.31.36.0-255,66,98982,12,212060
2795,0.001054,172.217.160.0-255,1442,100424,12,212060
2796,0.001433,172.31.36.0-255,66,100490,12,212060
2797,0.001661,172.217.160.0-255,1484,101974,12,212060
2798,0.00167,172.217.160.0-255,2902,104876,12,212060
2799,0.001673,172.31.36.0-255,66,104942,12,212060
2800,0.001677,172.217.160.0-255,1484,106426,12,212060
2801,0.001707,172.217.160.0-255,4320,110746,12,212060
2802,0.001709,172.31.36.0-255,66,110812,12,212060
2803,0.001714,172.217.160.0-255,2902,113714,12,212060
2804,0.001715,172.31.36.0-255,66,113780,12,212060
2805,0.00172,172.217.160.0-255,4320,118100,12,212060
2806,0.001722,172.31.36.0-255,66,118166,12,212060
2807,0.001756,172.217.160.0-255,7156,125322,12,212060
2808,0.001758,172.31.36.0-255,66,125388,12,212060
2809,0.001763,172.217.160.0-255,2902,128290,12,212060
2810,0.001765,172.31.36.0-255,66,128356,12,212060
2811,0.001795,172.217.160.0-255,6438,134794,12,212060
2812,0.001798,172.31.36.0-255,66,134860,12,212060
2813,0.003742,172.217.160.0-255,5738,140598,12,212060
2814,0.003749,172.31.36.0-255,66,140664,12,212060
2815,0.005682,172.217.160.0-255,4320,144984,12,212060
2816,0.005686,172.31.36.0-255,66,145050,12,212060
2817,0.005711,172.217.160.0-255,1484,146534,12,212060
2818,0.007644,172.217.160.0-255,4320,150854,12,212060
2819,0.00765,172.31.36.0-255,66,150920,12,212060
2820,0.009599,172.217.160.0-255,5738,156658,12,212060
2821,0.009607,172.31.36.0-255,66,156724,12,212060
2822,0.011548,172.217.160.0-255,5738,162462,12,212060
2823,0.011555,172.31.36.0-255,66,162528,12,212060
2824,0.013501,172.217.160.0-255,4320,166848,12,212060
2825,0.013508,172.31.36.0-255,66,166914,12,212060
2826,0.01355,172.217.160.0-255,1484,168398,12,212060
2827,0.015451,172.217.160.0-255,4320,172718,12,212060
2828,0.015459,172.31.36.0-255,66,172784,12,212060
2829,0.017411,172.217.160.0-255,5738,178522,12,212060
2830,0.017425,172.31.36.0-255,66,178588,12,212060
2831,0.019374,172.217.160.0-255,5738,184326,12,212060
2832,0.019382,172.31.36.0-255,66,184392,12,212060
2833,0.021327,172.217.160.0-255,5738,190130,12,212060
2834,0.021334,172.31.36.0-255,66,190196,12,212060
2835,0.023272,172.217.160.0-255,5738,195934,12,212060
2836,0.023281,172.31.36.0-255,66,196000,12,212060
2837,0.025217,172.217.160.0-255,4320,200320,12,212060
2838,0.025223,172.31.36.0-255,66,200386,12,212060
2839,0.025256,172.217.160.0-255,1484,201870,12,212060
2840,0.027171,172.217.160.0-255,4320,206190,12,212060
2841,0.027178,172.31.36.0-255,66,206256,12,212060
2842,0.029135,172.217.160.0-255,5738,211994,12,212060
2843,0.029143,172.31.36.0-255,66,212060,12,212060
2844,0.0,74.125.24.0-255,297,297,12,275323
2845,3.3e-05,172.31.36.0-255,66,363,12,275323
2846,3.9e-05,74.125.24.0-255,1484,1847,12,275323
2847,4.3e-05,172.31.36.0-255,66,1913,12,275323
2848,4.9e-05,74.125.24.0-255,4320,6233,12,275323
2849,6.1e-05,172.31.36.0-255,66,6299,12,275323
2850,6.8e-05,74.125.24.0-255,7156,13455,12,275323
2851,7.2e-05,172.31.36.0-255,66,13521,12,275323
2852,0.00011,172.31.36.0-255,66,13587,12,275323
2853,0.000141,74.125.24.0-255,3207,16794,12,275323
2854,0.000144,172.31.36.0-255,66,16860,12,275323
2855,0.000148,74.125.24.0-255,1125,17985,12,275323
2856,0.00015,172.31.36.0-255,66,18051,12,275323
2857,0.000227,74.125.24.0-255,1484,19535,12,275323
2858,0.000231,172.31.36.0-255,66,19601,12,275323
2859,0.000257,74.125.24.0-255,2902,22503,12,275323
2860,0.00026,172.31.36.0-255,66,22569,12,275323
2861,0.000264,74.125.24.0-255,2902,25471,12,275323
2862,0.000266,172.31.36.0-255,66,25537,12,275323
2863,0.000288,74.125.24.0-255,2902,28439,12,275323
2864,0.000291,172.31.36.0-255,66,28505,12,275323
2865,0.000305,74.125.24.0-255,6797,35302,12,275323
2866,0.000308,172.31.36.0-255,66,35368,12,275323
2867,0.000315,74.125.24.0-255,7156,42524,12,275323
2868,0.000318,172.31.36.0-255,66,42590,12,275323
2869,0.000346,74.125.24.0-255,7156,49746,12,275323
2870,0.000352,172.31.36.0-255,66,49812,12,275323
2871,0.000398,74.125.24.0-255,2816,52628,12,275323
2872,0.000402,172.31.36.0-255,66,52694,12,275323
2873,0.000471,74.125.24.0-255,382,53076,12,275323
2874,0.000475,172.31.36.0-255,66,53142,12,275323
2875,0.000634,74.125.24.0-255,1484,54626,12,275323
2876,0.000641,74.125.24.0-255,2902,57528,12,275323
2877,0.000644,172.31.36.0-255,66,57594,12,275323
2878,0.000672,74.125.24.0-255,5738,63332,12,275323
2879,0.000675,172.31.36.0-255,66,63398,12,275323
2880,0.000679,74.125.24.0-255,1484,64882,12,275323
2881,0.000721,172.31.36.0-255,66,64948,12,275323
2882,0.000737,172.31.36.0-255,66,65014,12,275323
2883,0.00074,74.125.24.0-255,1125,66139,12,275323
2884,0.000998,74.125.24.0-255,1484,67623,12,275323
2885,0.001003,172.31.36.0-255,66,67689,12,275323
2886,0.001008,74.125.24.0-255,2902,70591,12,275323
2887,0.00101,172.31.36.0-255,66,70657,12,275323
2888,0.001015,74.125.24.0-255,2902,73559,12,275323
2889,0.001024,172.31.36.0-255,66,73625,12,275323
2890,0.001055,74.125.24.0-255,2902,76527,12,275323
2891,0.001058,172.31.36.0-255,66,76593,12,275323
2892,0.001098,172.31.36.0-255,66,76659,12,275323
2893,0.001121,74.125.24.0-255,1484,78143,12,275323
2894,0.001128,74.125.24.0-255,5738,83881,12,275323
2895,0.001131,172.31.36.0-255,66,83947,12,275323
2896,0.001158,74.125.24.0-255,5020,88967,12,275323
2897,0.001162,172.31.36.0-255,66,89033,12,275323
2898,0.001165,74.125.24.0-255,1484,90517,12,275323
2899,0.001201,74.125.24.0-255,4320,94837,12,275323
2900,0.001204,172.31.36.0-255,66,94903,12,275323
2901,0.001211,74.125.24.0-255,7156,102059,12,275323
2902,0.001213,172.31.36.0-255,66,102125,12,275323
2903,0.001228,172.31.36.0-255,66,102191,12,275323
2904,0.001235,74.125.24.0-255,6438,108629,12,275323
2905,0.001238,172.31.36.0-255,66,108695,12,275323
2906,0.00128,74.125.24.0-255,1484,110179,12,275323
2907,0.001285,74.125.24.0-255,2902,113081,12,275323
2908,0.001289,172.31.36.0-255,66,113147,12,275323
2909,0.001294,74.125.24.0-255,2902,116049,12,275323
2910,0.001296,172.31.36.0-255,66,116115,12,275323
2911,0.00132,74.125.24.0-255,2902,119017,12,275323
2912,0.001323,172.31.36.0-255,66,119083,12,275323
2913,0.001326,74.125.24.0-255,1484,120567,12,275323
2914,0.001339,172.31.36.0-255,66,120633,12,275323
2915,0.001375,172.31.36.0-255,66,120699,12,275323
2916,0.001402,74.125.24.0-255,1484,122183,12,275323
2917,0.001418,74.125.24.0-255,2902,125085,12,275323
2918,0.001421,172.31.36.0-255,66,125151,12,275323
2919,0.001428,74.125.24.0-255,5738,130889,12,275323
2920,0.00143,172.31.36.0-255,66,130955,12,275323
2921,0.001473,172.31.36.0-255,66,131021,12,275323
2922,0.00148,74.125.24.0-255,7156,138177,12,275323
2923,0.001483,172.31.36.0-255,66,138243,12,275323
2924,0.001528,74.125.24.0-255,3602,141845,12,275323
2925,0.001531,172.31.36.0-255,66,141911,12,275323
2926,0.001572,74.125.24.0-255,1484,143395,12,275323
2927,0.001576,74.125.24.0-255,2902,146297,12,275323
2928,0.001579,172.31.36.0-255,66,146363,12,275323
2929,0.001614,74.125.24.0-255,5738,152101,12,275323
2930,0.001619,172.31.36.0-255,66,152167,12,275323
2931,0.001637,172.31.36.0-255,66,152233,12,275323
2932,0.001686,74.125.24.0-255,4320,156553,12,275323
2933,0.00169,172.31.36.0-255,66,156619,12,275323
2934,0.001725,74.125.24.0-255,6438,163057,12,275323
2935,0.001728,172.31.36.0-255,66,163123,12,275323
2936,0.001758,74.125.24.0-255,1484,164607,12,275323
2937,0.001771,74.125.24.0-255,2902,167509,12,275323
2938,0.001775,172.31.36.0-255,66,167575,12,275323
2939,0.001781,74.125.24.0-255,4320,171895,12,275323
2940,0.001783,172.31.36.0-255,66,171961,12,275323
2941,0.001802,74.125.24.0-255,1484,173445,12,275323
2942,0.001816,172.31.36.0-255,66,173511,12,275323
2943,0.001844,74.125.24.0-255,1484,174995,12,275323
2944,0.001851,74.125.24.0-255,5738,180733,12,275323
2945,0.001854,172.31.36.0-255,66,180799,12,275323
2946,0.00188,74.125.24.0-255,5020,185819,12,275323
2947,0.001883,172.31.36.0-255,66,185885,12,275323
2948,0.0022,74.125.24.0-255,1484,187369,12,275323
2949,0.002223,74.125.24.0-255,2902,190271,12,275323
2950,0.002227,172.31.36.0-255,66,190337,12,275323
2951,0.002231,74.125.24.0-255,1484,191821,12,275323
2952,0.002235,74.125.24.0-255,2902,194723,12,275323
2953,0.002236,172.31.36.0-255,66,194789,12,275323
2954,0.002248,74.125.24.0-255,5738,200527,12,275323
2955,0.002251,172.31.36.0-255,66,200593,12,275323
2956,0.002293,74.125.24.0-255,5738,206331,12,275323
2957,0.002296,172.31.36.0-255,66,206397,12,275323
2958,0.002322,74.125.24.0-255,5738,212135,12,275323
2959,0.002325,172.31.36.0-255,66,212201,12,275323
2960,0.002353,172.31.36.0-255,66,212267,12,275323
2961,0.00239,172.31.36.0-255,66,212333,12,275323
2962,0.002404,74.125.24.0-255,1484,213817,12,275323
2963,0.00241,74.125.24.0-255,5738,219555,12,275323
2964,0.002412,172.31.36.0-255,66,219621,12,275323
2965,0.004755,74.125.24.0-255,5738,225359,12,275323
2966,0.004762,172.31.36.0-255,66,225425,12,275323
2967,0.007211,74.125.24.0-255,5738,231163,12,275323
2968,0.007214,172.31.36.0-255,66,231229,12,275323
2969,0.009517,74.125.24.0-255,5738,236967,12,275323
2970,0.009524,172.31.36.0-255,66,237033,12,275323
2971,0.011837,74.125.24.0-255,5738,242771,12,275323
2972,0.011844,172.31.36.0-255,66,242837,12,275323
2973,0.014177,74.125.24.0-255,5738,248575,12,275323
2974,0.014184,172.31.36.0-255,66,248641,12,275323
2975,0.016495,74.125.24.0-255,5738,254379,12,275323
2976,0.016504,172.31.36.0-255,66,254445,12,275323
2977,0.018862,74.125.24.0-255,5738,260183,12,275323
2978,0.018869,172.31.36.0-255,66,260249,12,275323
2979,0.021172,74.125.24.0-255,5738,265987,12,275323
2980,0.021179,172.31.36.0-255,66,266053,12,275323
2981,0.023466,74.125.24.0-255,5738,271791,12,275323
2982,0.023474,172.31.36.0-255,66,271857,12,275323
2983,0.025797,74.125.24.0-255,3229,275086,12,275323
2984,0.025804,172.31.36.0-255,66,275152,12,275323
2985,0.025988,172.31.36.0-255,105,275257,12,275323
2986,0.028279,74.125.24.0-255,66,275323,12,275323
2987,0.0,74.125.200.0-255,153,153,12,213407
2988,2.3e-05,172.31.36.0-255,66,219,12,213407
2989,3.1e-05,74.125.200.0-255,1484,1703,12,213407
2990,3.5e-05,172.31.36.0-255,66,1769,12,213407
2991,5e-05,74.125.200.0-255,2902,4671,12,213407
2992,5.3e-05,172.31.36.0-255,66,4737,12,213407
2993,6.2e-05,74.125.200.0-255,7156,11893,12,213407
2994,6.6e-05,172.31.36.0-255,66,11959,12,213407
2995,7e-05,74.125.200.0-255,2042,14001,12,213407
2996,7.2e-05,172.31.36.0-255,66,14067,12,213407
2997,9.3e-05,74.125.200.0-255,1484,15551,12,213407
2998,0.0001,172.31.36.0-255,66,15617,12,213407
2999,0.000123,74.125.200.0-255,1484,17101,12,213407
3000,0.000125,172.31.36.0-255,66,17167,12,213407
3001,0.000131,74.125.200.0-255,4320,21487,12,213407
3002,0.000133,172.31.36.0-255,66,21553,12,213407
3003,0.000167,74.125.200.0-255,4320,25873,12,213407
3004,0.00017,172.31.36.0-255,66,25939,12,213407
3005,0.0002,74.125.200.0-255,4320,30259,12,213407
3006,0.000203,172.31.36.0-255,66,30325,12,213407
3007,0.000206,74.125.200.0-255,1125,31450,12,213407
3008,0.000208,172.31.36.0-255,66,31516,12,213407
3009,0.000273,74.125.200.0-255,1484,33000,12,213407
3010,0.000276,74.125.200.0-255,1484,34484,12,213407
3011,0.000279,172.31.36.0-255,66,34550,12,213407
3012,0.000287,172.31.36.0-255,66,34616,12,213407
3013,0.000295,74.125.200.0-255,1484,36100,12,213407
3014,0.000298,172.31.36.0-255,66,36166,12,213407
3015,0.000303,74.125.200.0-255,2902,39068,12,213407
3016,0.000305,172.31.36.0-255,66,39134,12,213407
3017,0.00034,74.125.200.0-255,4320,43454,12,213407
3018,0.000344,172.31.36.0-255,66,43520,12,213407
3019,0.000348,74.125.200.0-255,2902,46422,12,213407
3020,0.00035,172.31.36.0-255,66,46488,12,213407
3021,0.000379,74.125.200.0-255,3961,50449,12,213407
3022,0.000382,172.31.36.0-255,66,50515,12,213407
3023,0.000389,74.125.200.0-255,7156,57671,12,213407
3024,0.000391,172.31.36.0-255,66,57737,12,213407
3025,0.0004,74.125.200.0-255,1484,59221,12,213407
3026,0.000431,74.125.200.0-255,7105,66326,12,213407
3027,0.000434,172.31.36.0-255,66,66392,12,213407
3028,0.000437,74.125.200.0-255,111,66503,12,213407
3029,0.000458,74.125.200.0-255,335,66838,12,213407
3030,0.000847,74.125.200.0-255,1484,68322,12,213407
3031,0.000853,172.31.36.0-255,66,68388,12,213407
3032,0.000859,74.125.200.0-255,2902,71290,12,213407
3033,0.000861,172.31.36.0-255,66,71356,12,213407
3034,0.000898,74.125.200.0-255,5738,77094,12,213407
3035,0.0009,172.31.36.0-255,66,77160,12,213407
3036,0.000906,74.125.200.0-255,4320,81480,12,213407
3037,0.000908,172.31.36.0-255,66,81546,12,213407
3038,0.000948,172.31.36.0-255,66,81612,12,213407
3039,0.000976,172.31.36.0-255,66,81678,12,213407
3040,0.001175,74.125.200.0-255,1484,83162,12,213407
3041,0.001181,74.125.200.0-255,2902,86064,12,213407
3042,0.001193,172.31.36.0-255,66,86130,12,213407
3043,0.0012,74.125.200.0-255,4320,90450,12,213407
3044,0.001202,172.31.36.0-255,66,90516,12,213407
3045,0.001249,74.125.200.0-255,1484,92000,12,213407
3046,0.001254,74.125.200.0-255,2902,94902,12,213407
3047,0.001256,172.31.36.0-255,66,94968,12,213407
3048,0.001262,74.125.200.0-255,4320,99288,12,213407
3049,0.001263,172.31.36.0-255,66,99354,12,213407
3050,0.001279,172.31.36.0-255,66,99420,12,213407
3051,0.001286,74.125.200.0-255,5738,105158,12,213407
3052,0.001288,172.31.36.0-255,66,105224,12,213407
3053,0.001313,74.125.200.0-255,2184,107408,12,213407
3054,0.001315,172.31.36.0-255,66,107474,12,213407
3055,0.001987,74.125.200.0-255,1484,108958,12,213407
3056,0.001992,74.125.200.0-255,1484,110442,12,213407
3057,0.001996,172.31.36.0-255,66,110508,12,213407
3058,0.002014,74.125.200.0-255,1484,111992,12,213407
3059,0.00202,74.125.200.0-255,5738,117730,12,213407
3060,0.002023,172.31.36.0-255,66,117796,12,213407
3061,0.002063,74.125.200.0-255,7156,124952,12,213407
3062,0.002066,172.31.36.0-255,66,125018,12,213407
3063,0.002072,74.125.200.0-255,4320,129338,12,213407
3064,0.002074,172.31.36.0-255,66,129404,12,213407
3065,0.002112,172.31.36.0-255,66,129470,12,213407
3066,0.002132,74.125.200.0-255,2184,131654,12,213407
3067,0.002134,172.31.36.0-255,66,131720,12,213407
3068,0.002165,74.125.200.0-255,1484,133204,12,213407
3069,0.00218,74.125.200.0-255,2902,136106,12,213407
3070,0.002183,172.31.36.0-255,66,136172,12,213407
3071,0.002187,74.125.200.0-255,1484,137656,12,213407
3072,0.002215,74.125.200.0-255,4320,141976,12,213407
3073,0.002218,172.31.36.0-255,66,142042,12,213407
3074,0.002254,74.125.200.0-255,7156,149198,12,213407
3075,0.002257,172.31.36.0-255,66,149264,12,213407
3076,0.002268,172.31.36.0-255,66,149330,12,213407
3077,0.002289,172.31.36.0-255,66,149396,12,213407
3078,0.002707,172.31.36.0-255,101,149497,12,213407
3079,0.004627,74.125.200.0-255,5738,155235,12,213407
3080,0.004634,172.31.36.0-255,66,155301,12,213407
3081,0.004951,74.125.200.0-255,66,155367,12,213407
3082,0.006935,74.125.200.0-255,5738,161105,12,213407
3083,0.006939,172.31.36.0-255,66,161171,12,213407
3084,0.009238,74.125.200.0-255,5738,166909,12,213407
3085,0.009245,172.31.36.0-255,66,166975,12,213407
3086,0.011577,74.125.200.0-255,5738,172713,12,213407
3087,0.011586,172.31.36.0-255,66,172779,12,213407
3088,0.013897,74.125.200.0-255,5738,178517,12,213407
3089,0.013906,172.31.36.0-255,66,178583,12,213407
3090,0.016211,74.125.200.0-255,5738,184321,12,213407
3091,0.016221,172.31.36.0-255,66,184387,12,213407
3092,0.01853,74.125.200.0-255,5738,190125,12,213407
3093,0.018539,172.31.36.0-255,66,190191,12,213407
3094,0.020839,74.125.200.0-255,5738,195929,12,213407
3095,0.020848,172.31.36.0-255,66,195995,12,213407
3096,0.02315,74.125.200.0-255,5738,201733,12,213407
3097,0.023157,172.31.36.0-255,66,201799,12,213407
3098,0.025461,74.125.200.0-255,5738,207537,12,213407
3099,0.025469,172.31.36.0-255,66,207603,12,213407
3100,0.027767,74.125.200.0-255,5738,213341,12,213407
3101,0.027774,172.31.36.0-255,66,213407,12,213407
3102,0.0,74.125.24.0-255,147,147,12,200887
3103,3.1e-05,172.31.36.0-255,66,213,12,200887
3104,3.8e-05,74.125.24.0-255,1484,1697,12,200887
3105,4.3e-05,172.31.36.0-255,66,1763,12,200887
3106,4.8e-05,74.125.24.0-255,2902,4665,12,200887
3107,5.1e-05,172.31.36.0-255,66,4731,12,200887
3108,5.7e-05,74.125.24.0-255,7156,11887,12,200887
3109,6e-05,172.31.36.0-255,66,11953,12,200887
3110,6.4e-05,74.125.24.0-255,2032,13985,12,200887
3111,6.6e-05,172.31.36.0-255,66,14051,12,200887
3112,9.6e-05,74.125.24.0-255,2902,16953,12,200887
3113,9.9e-05,172.31.36.0-255,66,17019,12,200887
3114,0.000106,74.125.24.0-255,7156,24175,12,200887
3115,0.000108,172.31.36.0-255,66,24241,12,200887
3116,0.000133,74.125.24.0-255,5738,29979,12,200887
3117,0.000137,172.31.36.0-255,66,30045,12,200887
3118,0.000165,172.31.36.0-255,66,30111,12,200887
3119,0.000172,74.125.24.0-255,5738,35849,12,200887
3120,0.000174,172.31.36.0-255,66,35915,12,200887
3121,0.000194,74.125.24.0-255,2184,38099,12,200887
3122,0.000197,172.31.36.0-255,66,38165,12,200887
3123,0.000274,74.125.24.0-255,1484,39649,12,200887
3124,0.000278,172.31.36.0-255,66,39715,12,200887
3125,0.000297,74.125.24.0-255,2902,42617,12,200887
3126,0.0003,172.31.36.0-255,66,42683,12,200887
3127,0.000307,74.125.24.0-255,5738,48421,12,200887
3128,0.00031,172.31.36.0-255,66,48487,12,200887
3129,0.000332,74.125.24.0-255,7070,55557,12,200887
3130,0.000335,172.31.36.0-255,66,55623,12,200887
3131,0.000347,74.125.24.0-255,383,56006,12,200887
3132,0.00035,172.31.36.0-255,66,56072,12,200887
3133,0.00097,74.125.24.0-255,1484,57556,12,200887
3134,0.000978,74.125.24.0-255,1484,59040,12,200887
3135,0.000982,172.31.36.0-255,66,59106,12,200887
3136,0.001004,74.125.24.0-255,1484,60590,12,200887
3137,0.00101,74.125.24.0-255,5738,66328,12,200887
3138,0.001013,172.31.36.0-255,66,66394,12,200887
3139,0.001029,74.125.24.0-255,5738,72132,12,200887
3140,0.001032,172.31.36.0-255,66,72198,12,200887
3141,0.001062,74.125.24.0-255,7156,79354,12,200887
3142,0.001065,172.31.36.0-255,66,79420,12,200887
3143,0.001076,172.31.36.0-255,66,79486,12,200887
3144,0.001093,74.125.24.0-255,2184,81670,12,200887
3145,0.001096,172.31.36.0-255,66,81736,12,200887
3146,0.001191,74.125.24.0-255,1484,83220,12,200887
3147,0.001197,74.125.24.0-255,2902,86122,12,200887
3148,0.001201,172.31.36.0-255,66,86188,12,200887
3149,0.001209,74.125.24.0-255,5738,91926,12,200887
3150,0.001212,172.31.36.0-255,66,91992,12,200887
3151,0.001234,74.125.24.0-255,7156,99148,12,200887
3152,0.001239,172.31.36.0-255,66,99214,12,200887
3153,0.001259,74.125.24.0-255,4320,103534,12,200887
3154,0.001273,74.125.24.0-255,2902,106436,12,200887
3155,0.001285,74.125.24.0-255,4320,110756,12,200887
3156,0.00142,74.125.24.0-255,4320,115076,12,200887
3157,0.001453,74.125.24.0-255,7156,122232,12,200887
3158,0.001465,74.125.24.0-255,4320,126552,12,200887
3159,0.001477,74.125.24.0-255,4320,130872,12,200887
3160,0.001493,74.125.24.0-255,7156,138028,12,200887
3161,0.001531,74.125.24.0-255,2902,140930,12,200887
3162,0.001543,74.125.24.0-255,4320,145250,12,200887
3163,0.001553,74.125.24.0-255,2902,148152,12,200887
3164,0.001565,74.125.24.0-255,2902,151054,12,200887
3165,0.001591,74.125.24.0-255,7156,158210,12,200887
3166,0.001635,74.125.24.0-255,1484,159694,12,200887
3167,0.001642,74.125.24.0-255,6438,166132,12,200887
3168,0.001678,74.125.24.0-255,4320,170452,12,200887
3169,0.001728,74.125.24.0-255,5738,176190,12,200887
3170,0.001762,74.125.24.0-255,1484,177674,12,200887
3171,0.001777,74.125.24.0-255,7156,184830,12,200887
3172,0.001881,74.125.24.0-255,2184,187014,12,200887
3173,0.001886,74.125.24.0-255,5738,192752,12,200887
3174,0.001967,74.125.24.0-255,3046,195798,12,200887
3175,0.00197,74.125.24.0-255,105,195903,12,200887
3176,0.001972,74.125.24.0-255,129,196032,12,200887
3177,0.004042,172.31.36.0-255,66,196098,12,200887
3178,0.006892,172.31.36.0-255,105,196203,12,200887
3179,0.006924,172.31.36.0-255,105,196308,12,200887
3180,0.007129,172.31.36.0-255,90,196398,12,200887
3181,0.007139,172.31.36.0-255,66,196464,12,200887
3182,0.009399,74.125.24.0-255,66,196530,12,200887
3183,0.009452,74.125.24.0-255,66,196596,12,200887
3184,0.009658,74.125.24.0-255,66,196662,12,200887
3185,0.009671,74.125.24.0-255,66,196728,12,200887
3186,0.009676,172.31.36.0-255,66,196794,12,200887
3187,0.02961,172.31.36.0-255,172,196966,12,200887
3188,0.029639,172.31.36.0-255,1107,198073,12,200887
3189,0.02967,172.31.36.0-255,1514,199587,12,200887
3190,0.029671,172.31.36.0-255,1300,200887,12,200887
3191,0.0,74.125.24.0-255,143,143,12,206990
3192,3.4e-05,172.31.36.0-255,66,209,12,206990
3193,4.1e-05,74.125.24.0-255,1484,1693,12,206990
3194,4.5e-05,172.31.36.0-255,66,1759,12,206990
3195,5e-05,74.125.24.0-255,2902,4661,12,206990
3196,5.3e-05,172.31.36.0-255,66,4727,12,206990
3197,6.8e-05,74.125.24.0-255,7156,11883,12,206990
3198,7.1e-05,172.31.36.0-255,66,11949,12,206990
3199,8.3e-05,172.31.36.0-255,66,12015,12,206990
3200,0.000116,172.31.36.0-255,66,12081,12,206990
3201,0.00017,74.125.24.0-255,1484,13565,12,206990
3202,0.000173,172.31.36.0-255,66,13631,12,206990
3203,0.00018,74.125.24.0-255,2902,16533,12,206990
3204,0.000182,172.31.36.0-255,66,16599,12,206990
3205,0.000194,74.125.24.0-255,5738,22337,12,206990
3206,0.000197,172.31.36.0-255,66,22403,12,206990
3207,0.000203,74.125.24.0-255,5738,28141,12,206990
3208,0.000206,172.31.36.0-255,66,28207,12,206990
3209,0.000261,172.31.36.0-255,66,28273,12,206990
3210,0.000272,74.125.24.0-255,5355,33628,12,206990
3211,0.000279,172.31.36.0-255,66,33694,12,206990
3212,0.000353,74.125.24.0-255,110,33804,12,206990
3213,0.000357,172.31.36.0-255,66,33870,12,206990
3214,0.000521,74.125.24.0-255,1484,35354,12,206990
3215,0.000525,172.31.36.0-255,66,35420,12,206990
3216,0.00053,74.125.24.0-255,1484,36904,12,206990
3217,0.000532,172.31.36.0-255,66,36970,12,206990
3218,0.000551,74.125.24.0-255,1484,38454,12,206990
3219,0.000555,172.31.36.0-255,66,38520,12,206990
3220,0.000559,74.125.24.0-255,1484,40004,12,206990
3221,0.000564,74.125.24.0-255,2902,42906,12,206990
3222,0.000567,172.31.36.0-255,66,42972,12,206990
3223,0.000571,74.125.24.0-255,1484,44456,12,206990
3224,0.000604,74.125.24.0-255,4320,48776,12,206990
3225,0.000608,172.31.36.0-255,66,48842,12,206990
3226,0.00062,172.31.36.0-255,66,48908,12,206990
3227,0.00065,74.125.24.0-255,2902,51810,12,206990
3228,0.000653,172.31.36.0-255,66,51876,12,206990
3229,0.000657,74.125.24.0-255,1484,53360,12,206990
3230,0.000663,74.125.24.0-255,5020,58380,12,206990
3231,0.000666,172.31.36.0-255,66,58446,12,206990
3232,0.000773,74.125.24.0-255,1484,59930,12,206990
3233,0.00079,74.125.24.0-255,2902,62832,12,206990
3234,0.000795,172.31.36.0-255,66,62898,12,206990
3235,0.000819,74.125.24.0-255,5738,68636,12,206990
3236,0.000822,172.31.36.0-255,66,68702,12,206990
3237,0.000858,172.31.36.0-255,66,68768,12,206990
3238,0.000869,172.31.36.0-255,66,68834,12,206990
3239,0.000882,74.125.24.0-255,1484,70318,12,206990
3240,0.000909,74.125.24.0-255,1484,71802,12,206990
3241,0.000912,172.31.36.0-255,66,71868,12,206990
3242,0.000938,74.125.24.0-255,2184,74052,12,206990
3243,0.000941,172.31.36.0-255,66,74118,12,206990
3244,0.001308,74.125.24.0-255,1484,75602,12,206990
3245,0.001312,74.125.24.0-255,1484,77086,12,206990
3246,0.001316,172.31.36.0-255,66,77152,12,206990
3247,0.001345,74.125.24.0-255,1484,78636,12,206990
3248,0.001352,74.125.24.0-255,5738,84374,12,206990
3249,0.001355,172.31.36.0-255,66,84440,12,206990
3250,0.001359,74.125.24.0-255,2902,87342,12,206990
3251,0.001361,172.31.36.0-255,66,87408,12,206990
3252,0.001404,172.31.36.0-255,66,87474,12,206990
3253,0.001408,74.125.24.0-255,1484,88958,12,206990
3254,0.001441,172.31.36.0-255,66,89024,12,206990
3255,0.001661,74.125.24.0-255,1484,90508,12,206990
3256,0.001668,74.125.24.0-255,2902,93410,12,206990
3257,0.001671,172.31.36.0-255,66,93476,12,206990
3258,0.001697,74.125.24.0-255,5738,99214,12,206990
3259,0.0017,172.31.36.0-255,66,99280,12,206990
3260,0.001736,172.31.36.0-255,66,99346,12,206990
3261,0.001742,74.125.24.0-255,5738,105084,12,206990
3262,0.001745,172.31.36.0-255,66,105150,12,206990
3263,0.001773,74.125.24.0-255,2902,108052,12,206990
3264,0.001776,172.31.36.0-255,66,108118,12,206990
3265,0.001814,74.125.24.0-255,2184,110302,12,206990
3266,0.001817,172.31.36.0-255,66,110368,12,206990
3267,0.002127,74.125.24.0-255,1484,111852,12,206990
3268,0.002137,74.125.24.0-255,2902,114754,12,206990
3269,0.002141,172.31.36.0-255,66,114820,12,206990
3270,0.002149,74.125.24.0-255,5738,120558,12,206990
3271,0.002152,172.31.36.0-255,66,120624,12,206990
3272,0.002186,172.31.36.0-255,66,120690,12,206990
3273,0.002223,74.125.24.0-255,2902,123592,12,206990
3274,0.002227,172.31.36.0-255,66,123658,12,206990
3275,0.002237,172.31.36.0-255,66,123724,12,206990
3276,0.002283,74.125.24.0-255,7156,130880,12,206990
3277,0.002287,172.31.36.0-255,66,130946,12,206990
3278,0.002339,172.31.36.0-255,66,131012,12,206990
3279,0.002353,172.31.36.0-255,66,131078,12,206990
3280,0.002367,172.31.36.0-255,66,131144,12,206990
3281,0.002369,74.125.24.0-255,1484,132628,12,206990
3282,0.002373,74.125.24.0-255,1484,134112,12,206990
3283,0.002375,172.31.36.0-255,66,134178,12,206990
3284,0.002381,74.125.24.0-255,4320,138498,12,206990
3285,0.002384,172.31.36.0-255,66,138564,12,206990
3286,0.004709,74.125.24.0-255,2902,141466,12,206990
3287,0.004715,172.31.36.0-255,66,141532,12,206990
3288,0.004735,74.125.24.0-255,2902,144434,12,206990
3289,0.004738,172.31.36.0-255,66,144500,12,206990
3290,0.007007,74.125.24.0-255,2902,147402,12,206990
3291,0.00701,172.31.36.0-255,66,147468,12,206990
3292,0.007036,74.125.24.0-255,2902,150370,12,206990
3293,0.007039,172.31.36.0-255,66,150436,12,206990
3294,0.009338,74.125.24.0-255,5738,156174,12,206990
3295,0.009344,172.31.36.0-255,66,156240,12,206990
3296,0.011647,74.125.24.0-255,5738,161978,12,206990
3297,0.011654,172.31.36.0-255,66,162044,12,206990
3298,0.013968,74.125.24.0-255,5738,167782,12,206990
3299,0.013982,172.31.36.0-255,66,167848,12,206990
3300,0.016259,74.125.24.0-255,5738,173586,12,206990
3301,0.016267,172.31.36.0-255,66,173652,12,206990
3302,0.018568,74.125.24.0-255,5738,179390,12,206990
3303,0.018575,172.31.36.0-255,66,179456,12,206990
3304,0.02089,74.125.24.0-255,5738,185194,12,206990
3305,0.020899,172.31.36.0-255,66,185260,12,206990
3306,0.023207,74.125.24.0-255,5738,190998,12,206990
3307,0.023214,172.31.36.0-255,66,191064,12,206990
3308,0.025524,74.125.24.0-255,5738,196802,12,206990
3309,0.02553,172.31.36.0-255,66,196868,12,206990
3310,0.027794,172.31.36.0-255,199,197067,12,206990
3311,0.027841,74.125.24.0-255,5738,202805,12,206990
3312,0.027847,172.31.36.0-255,66,202871,12,206990
3313,0.027852,172.31.36.0-255,1109,203980,12,206990
3314,0.027863,172.31.36.0-255,1514,205494,12,206990
3315,0.027865,172.31.36.0-255,1298,206792,12,206990
3316,0.029373,104.244.42.0-255,66,206858,12,206990
3317,0.029382,104.244.42.0-255,66,206924,12,206990
3318,0.029424,104.244.42.0-255,66,206990,12,206990
3319,0.0,74.125.24.0-255,154,154,12,188288
3320,3e-05,172.31.36.0-255,66,220,12,188288
3321,3.6e-05,74.125.24.0-255,1484,1704,12,188288
3322,4.1e-05,172.31.36.0-255,66,1770,12,188288
3323,4.5e-05,74.125.24.0-255,2902,4672,12,188288
3324,4.8e-05,172.31.36.0-255,66,4738,12,188288
3325,5.6e-05,74.125.24.0-255,7156,11894,12,188288
3326,5.9e-05,172.31.36.0-255,66,11960,12,188288
3327,6.2e-05,74.125.24.0-255,2009,13969,12,188288
3328,6.4e-05,172.31.36.0-255,66,14035,12,188288
3329,9.6e-05,172.31.36.0-255,66,14101,12,188288
3330,0.000108,74.125.24.0-255,2902,17003,12,188288
3331,0.00011,172.31.36.0-255,66,17069,12,188288
3332,0.000136,172.31.36.0-255,66,17135,12,188288
3333,0.00015,74.125.24.0-255,1484,18619,12,188288
3334,0.000152,172.31.36.0-255,66,18685,12,188288
3335,0.000183,172.31.36.0-255,66,18751,12,188288
3336,0.000215,172.31.36.0-255,66,18817,12,188288
3337,0.000217,74.125.24.0-255,112,18929,12,188288
3338,0.000219,172.31.36.0-255,66,18995,12,188288
3339,0.000336,74.125.24.0-255,1484,20479,12,188288
3340,0.000339,172.31.36.0-255,66,20545,12,188288
3341,0.000344,74.125.24.0-255,2902,23447,12,188288
3342,0.000346,172.31.36.0-255,66,23513,12,188288
3343,0.000348,74.125.24.0-255,1484,24997,12,188288
3344,0.00035,172.31.36.0-255,66,25063,12,188288
3345,0.00037,74.125.24.0-255,4320,29383,12,188288
3346,0.000372,172.31.36.0-255,66,29449,12,188288
3347,0.000384,74.125.24.0-255,4320,33769,12,188288
3348,0.000386,172.31.36.0-255,66,33835,12,188288
3349,0.000418,172.31.36.0-255,66,33901,12,188288
3350,0.000425,74.125.24.0-255,7156,41057,12,188288
3351,0.000427,172.31.36.0-255,66,41123,12,188288
3352,0.000456,74.125.24.0-255,2902,44025,12,188288
3353,0.000459,172.31.36.0-255,66,44091,12,188288
3354,0.000485,172.31.36.0-255,66,44157,12,188288
3355,0.000514,172.31.36.0-255,66,44223,12,188288
3356,0.000581,74.125.24.0-255,1484,45707,12,188288
3357,0.000587,74.125.24.0-255,2902,48609,12,188288
3358,0.000589,172.31.36.0-255,66,48675,12,188288
3359,0.000605,74.125.24.0-255,5738,54413,12,188288
3360,0.000607,172.31.36.0-255,66,54479,12,188288
3361,0.000612,74.125.24.0-255,4320,58799,12,188288
3362,0.000614,172.31.36.0-255,66,58865,12,188288
3363,0.000648,172.31.36.0-255,66,58931,12,188288
3364,0.000678,172.31.36.0-255,66,58997,12,188288
3365,0.00076,74.125.24.0-255,1484,60481,12,188288
3366,0.000774,74.125.24.0-255,2902,63383,12,188288
3367,0.000776,172.31.36.0-255,66,63449,12,188288
3368,0.000797,74.125.24.0-255,4320,67769,12,188288
3369,0.000799,172.31.36.0-255,66,67835,12,188288
3370,0.000828,74.125.24.0-255,4320,72155,12,188288
3371,0.000831,172.31.36.0-255,66,72221,12,188288
3372,0.000846,74.125.24.0-255,2902,75123,12,188288
3373,0.000848,172.31.36.0-255,66,75189,12,188288
3374,0.000873,74.125.24.0-255,1484,76673,12,188288
3375,0.000879,74.125.24.0-255,7156,83829,12,188288
3376,0.000883,172.31.36.0-255,66,83895,12,188288
3377,0.000898,74.125.24.0-255,5738,89633,12,188288
3378,0.000901,172.31.36.0-255,66,89699,12,188288
3379,0.000906,74.125.24.0-255,3602,93301,12,188288
3380,0.000908,172.31.36.0-255,66,93367,12,188288
3381,0.001004,74.125.24.0-255,1484,94851,12,188288
3382,0.001032,74.125.24.0-255,1484,96335,12,188288
3383,0.001035,172.31.36.0-255,66,96401,12,188288
3384,0.001053,74.125.24.0-255,1484,97885,12,188288
3385,0.001058,74.125.24.0-255,5738,103623,12,188288
3386,0.00106,172.31.36.0-255,66,103689,12,188288
3387,0.001064,74.125.24.0-255,2902,106591,12,188288
3388,0.001066,172.31.36.0-255,66,106657,12,188288
3389,0.001093,172.31.36.0-255,66,106723,12,188288
3390,0.00111,74.125.24.0-255,7156,113879,12,188288
3391,0.001112,172.31.36.0-255,66,113945,12,188288
3392,0.001127,74.125.24.0-255,6438,120383,12,188288
3393,0.001129,172.31.36.0-255,66,120449,12,188288
3394,0.001134,74.125.24.0-255,4320,124769,12,188288
3395,0.001136,172.31.36.0-255,66,124835,12,188288
3396,0.001157,74.125.24.0-255,1484,126319,12,188288
3397,0.001164,74.125.24.0-255,7156,133475,12,188288
3398,0.001166,172.31.36.0-255,66,133541,12,188288
3399,0.001199,172.31.36.0-255,66,133607,12,188288
3400,0.001201,74.125.24.0-255,1484,135091,12,188288
3401,0.001216,74.125.24.0-255,2184,137275,12,188288
3402,0.00122,172.31.36.0-255,66,137341,12,188288
3403,0.001316,74.125.24.0-255,1484,138825,12,188288
3404,0.00132,74.125.24.0-255,2902,141727,12,188288
3405,0.001323,172.31.36.0-255,66,141793,12,188288
3406,0.001326,74.125.24.0-255,1484,143277,12,188288
3407,0.001343,74.125.24.0-255,4320,147597,12,188288
3408,0.001346,172.31.36.0-255,66,147663,12,188288
3409,0.00136,74.125.24.0-255,2902,150565,12,188288
3410,0.001362,172.31.36.0-255,66,150631,12,188288
3411,0.0014,172.31.36.0-255,66,150697,12,188288
3412,0.001407,74.125.24.0-255,7156,157853,12,188288
3413,0.001414,172.31.36.0-255,66,157919,12,188288
3414,0.001447,74.125.24.0-255,3602,161521,12,188288
3415,0.00145,172.31.36.0-255,66,161587,12,188288
3416,0.001566,74.125.24.0-255,1484,163071,12,188288
3417,0.001581,74.125.24.0-255,2902,165973,12,188288
3418,0.001584,172.31.36.0-255,66,166039,12,188288
3419,0.001602,74.125.24.0-255,4320,170359,12,188288
3420,0.001604,172.31.36.0-255,66,170425,12,188288
3421,0.001623,74.125.24.0-255,1484,171909,12,188288
3422,0.001628,74.125.24.0-255,4320,176229,12,188288
3423,0.00163,172.31.36.0-255,66,176295,12,188288
3424,0.001659,172.31.36.0-255,66,176361,12,188288
3425,0.001663,74.125.24.0-255,4320,180681,12,188288
3426,0.001665,172.31.36.0-255,66,180747,12,188288
3427,0.001696,74.125.24.0-255,4320,185067,12,188288
3428,0.001699,172.31.36.0-255,66,185133,12,188288
3429,0.001735,172.31.36.0-255,66,185199,12,188288
3430,0.001765,74.125.24.0-255,1484,186683,12,188288
3431,0.001791,74.125.24.0-255,766,187449,12,188288
3432,0.001794,172.31.36.0-255,66,187515,12,188288
3433,0.001799,172.31.36.0-255,66,187581,12,188288
3434,0.00184,172.31.36.0-255,66,187647,12,188288
3435,0.001852,172.31.36.0-255,66,187713,12,188288
3436,0.001863,172.31.36.0-255,66,187779,12,188288
3437,0.001898,172.31.36.0-255,66,187845,12,188288
3438,0.001901,74.125.24.0-255,105,187950,12,188288
3439,0.00281,172.31.36.0-255,101,188051,12,188288
3440,0.003337,172.31.36.0-255,105,188156,12,188288
3441,0.004809,74.125.24.0-255,66,188222,12,188288
3442,0.005322,74.125.24.0-255,66,188288,12,188288
3443,0.0,172.217.160.0-255,153,153,12,166877
3444,3.5e-05,172.31.36.0-255,66,219,12,166877
3445,4.2e-05,172.217.160.0-255,1484,1703,12,166877
3446,4.6e-05,172.31.36.0-255,66,1769,12,166877
3447,5.1e-05,172.217.160.0-255,2902,4671,12,166877
3448,5.4e-05,172.31.36.0-255,66,4737,12,166877
3449,7.6e-05,172.217.160.0-255,5738,10475,12,166877
3450,7.9e-05,172.31.36.0-255,66,10541,12,166877
3451,0.000186,172.217.160.0-255,3349,13890,12,166877
3452,0.00019,172.31.36.0-255,66,13956,12,166877
3453,0.000236,172.217.160.0-255,2902,16858,12,166877
3454,0.00024,172.31.36.0-255,66,16924,12,166877
3455,0.000255,172.217.160.0-255,1484,18408,12,166877
3456,0.000258,172.31.36.0-255,66,18474,12,166877
3457,0.000331,172.217.160.0-255,7156,25630,12,166877
3458,0.000335,172.31.36.0-255,66,25696,12,166877
3459,0.000352,172.217.160.0-255,2902,28598,12,166877
3460,0.000356,172.31.36.0-255,66,28664,12,166877
3461,0.000498,172.217.160.0-255,2543,31207,12,166877
3462,0.000503,172.31.36.0-255,66,31273,12,166877
3463,0.000554,172.217.160.0-255,5738,37011,12,166877
3464,0.000559,172.31.36.0-255,66,37077,12,166877
3465,0.000585,172.31.36.0-255,66,37143,12,166877
3466,0.0008,172.217.160.0-255,2543,39686,12,166877
3467,0.000805,172.31.36.0-255,66,39752,12,166877
3468,0.000851,172.217.160.0-255,7156,46908,12,166877
3469,0.000856,172.31.36.0-255,66,46974,12,166877
3470,0.000887,172.31.36.0-255,66,47040,12,166877
3471,0.001146,172.217.160.0-255,376,47416,12,166877
3472,0.001152,172.31.36.0-255,66,47482,12,166877
3473,0.001276,172.217.160.0-255,368,47850,12,166877
3474,0.001299,172.217.160.0-255,1484,49334,12,166877
3475,0.001303,172.31.36.0-255,66,49400,12,166877
3476,0.001308,172.217.160.0-255,1484,50884,12,166877
3477,0.001325,172.217.160.0-255,2902,53786,12,166877
3478,0.001327,172.31.36.0-255,66,53852,12,166877
3479,0.001386,172.217.160.0-255,4320,58172,12,166877
3480,0.00139,172.31.36.0-255,66,58238,12,166877
3481,0.001473,172.217.160.0-255,4320,62558,12,166877
3482,0.001477,172.31.36.0-255,66,62624,12,166877
3483,0.001501,172.217.160.0-255,6797,69421,12,166877
3484,0.001503,172.31.36.0-255,66,69487,12,166877
3485,0.001679,172.217.160.0-255,1484,70971,12,166877
3486,0.001688,172.217.160.0-255,2902,73873,12,166877
3487,0.001691,172.31.36.0-255,66,73939,12,166877
3488,0.001718,172.31.36.0-255,66,74005,12,166877
3489,0.001905,172.31.36.0-255,66,74071,12,166877
3490,0.001942,172.31.36.0-255,66,74137,12,166877
3491,0.002386,172.217.160.0-255,6438,80575,12,166877
3492,0.00239,172.31.36.0-255,66,80641,12,166877
3493,0.002504,172.217.160.0-255,5738,86379,12,166877
3494,0.002508,172.31.36.0-255,66,86445,12,166877
3495,0.002533,172.31.36.0-255,66,86511,12,166877
3496,0.002573,172.31.36.0-255,66,86577,12,166877
3497,0.003106,172.217.160.0-255,5738,92315,12,166877
3498,0.00311,172.31.36.0-255,66,92381,12,166877
3499,0.003147,172.31.36.0-255,66,92447,12,166877
3500,0.003173,172.31.36.0-255,66,92513,12,166877
3501,0.005136,172.217.160.0-255,2902,95415,12,166877
3502,0.005141,172.31.36.0-255,66,95481,12,166877
3503,0.005188,172.217.160.0-255,2902,98383,12,166877
3504,0.00519,172.31.36.0-255,66,98449,12,166877
3505,0.00711,172.217.160.0-255,2902,101351,12,166877
3506,0.007115,172.31.36.0-255,66,101417,12,166877
3507,0.007141,172.217.160.0-255,2902,104319,12,166877
3508,0.007143,172.31.36.0-255,66,104385,12,166877
3509,0.009096,172.217.160.0-255,5738,110123,12,166877
3510,0.009104,172.31.36.0-255,66,110189,12,166877
3511,0.011078,172.217.160.0-255,5738,115927,12,166877
3512,0.011086,172.31.36.0-255,66,115993,12,166877
3513,0.013072,172.217.160.0-255,5738,121731,12,166877
3514,0.013078,172.31.36.0-255,66,121797,12,166877
3515,0.015053,172.217.160.0-255,5738,127535,12,166877
3516,0.015061,172.31.36.0-255,66,127601,12,166877
3517,0.017036,172.217.160.0-255,5738,133339,12,166877
3518,0.017043,172.31.36.0-255,66,133405,12,166877
3519,0.019057,172.217.160.0-255,5738,139143,12,166877
3520,0.019063,172.31.36.0-255,66,139209,12,166877
3521,0.021054,172.217.160.0-255,5738,144947,12,166877
3522,0.021062,172.31.36.0-255,66,145013,12,166877
3523,0.023078,172.217.160.0-255,4320,149333,12,166877
3524,0.023084,172.31.36.0-255,66,149399,12,166877
3525,0.023104,172.217.160.0-255,1484,150883,12,166877
3526,0.025075,172.217.160.0-255,4320,155203,12,166877
3527,0.025093,172.31.36.0-255,66,155269,12,166877
3528,0.027105,172.217.160.0-255,5738,161007,12,166877
3529,0.027126,172.31.36.0-255,66,161073,12,166877
3530,0.029123,172.217.160.0-255,5738,166811,12,166877
3531,0.029141,172.31.36.0-255,66,166877,12,166877
3532,0.0,74.125.24.0-255,146,146,12,184564
3533,3.4e-05,172.31.36.0-255,66,212,12,184564
3534,4.2e-05,74.125.24.0-255,1484,1696,12,184564
3535,4.7e-05,172.31.36.0-255,66,1762,12,184564
3536,5.3e-05,74.125.24.0-255,2902,4664,12,184564
3537,5.6e-05,172.31.36.0-255,66,4730,12,184564
3538,5.9e-05,74.125.24.0-255,1484,6214,12,184564
3539,6.1e-05,172.31.36.0-255,66,6280,12,184564
3540,6.6e-05,74.125.24.0-255,2902,9182,12,184564
3541,6.9e-05,172.31.36.0-255,66,9248,12,184564
3542,0.0001,74.125.24.0-255,4940,14188,12,184564
3543,0.000103,172.31.36.0-255,66,14254,12,184564
3544,0.000131,74.125.24.0-255,4320,18574,12,184564
3545,0.000134,172.31.36.0-255,66,18640,12,184564
3546,0.000152,74.125.24.0-255,1484,20124,12,184564
3547,0.000155,172.31.36.0-255,66,20190,12,184564
3548,0.000158,74.125.24.0-255,1484,21674,12,184564
3549,0.00016,172.31.36.0-255,66,21740,12,184564
3550,0.000172,172.31.36.0-255,66,21806,12,184564
3551,0.000175,74.125.24.0-255,1125,22931,12,184564
3552,0.000179,172.31.36.0-255,66,22997,12,184564
3553,0.000287,74.125.24.0-255,1484,24481,12,184564
3554,0.000291,172.31.36.0-255,66,24547,12,184564
3555,0.000295,74.125.24.0-255,1484,26031,12,184564
3556,0.000297,172.31.36.0-255,66,26097,12,184564
3557,0.000315,74.125.24.0-255,1484,27581,12,184564
3558,0.000318,172.31.36.0-255,66,27647,12,184564
3559,0.000324,74.125.24.0-255,5738,33385,12,184564
3560,0.000327,172.31.36.0-255,66,33451,12,184564
3561,0.00035,74.125.24.0-255,4320,37771,12,184564
3562,0.000353,172.31.36.0-255,66,37837,12,184564
3563,0.000378,74.125.24.0-255,6797,44634,12,184564
3564,0.000381,172.31.36.0-255,66,44700,12,184564
3565,0.000396,172.31.36.0-255,66,44766,12,184564
3566,0.000398,74.125.24.0-255,1398,46164,12,184564
3567,0.000429,74.125.24.0-255,412,46576,12,184564
3568,0.000433,172.31.36.0-255,66,46642,12,184564
3569,0.000578,74.125.24.0-255,1484,48126,12,184564
3570,0.000585,74.125.24.0-255,2902,51028,12,184564
3571,0.000589,172.31.36.0-255,66,51094,12,184564
3572,0.000595,74.125.24.0-255,5738,56832,12,184564
3573,0.000597,172.31.36.0-255,66,56898,12,184564
3574,0.000647,172.31.36.0-255,66,56964,12,184564
3575,0.000653,74.125.24.0-255,4320,61284,12,184564
3576,0.000658,172.31.36.0-255,66,61350,12,184564
3577,0.000675,74.125.24.0-255,6438,67788,12,184564
3578,0.00068,172.31.36.0-255,66,67854,12,184564
3579,0.000776,74.125.24.0-255,1484,69338,12,184564
3580,0.000782,74.125.24.0-255,2902,72240,12,184564
3581,0.000785,172.31.36.0-255,66,72306,12,184564
3582,0.000809,74.125.24.0-255,5738,78044,12,184564
3583,0.000813,172.31.36.0-255,66,78110,12,184564
3584,0.00083,74.125.24.0-255,2902,81012,12,184564
3585,0.000833,172.31.36.0-255,66,81078,12,184564
3586,0.000872,172.31.36.0-255,66,81144,12,184564
3587,0.000885,74.125.24.0-255,2902,84046,12,184564
3588,0.00089,172.31.36.0-255,66,84112,12,184564
3589,0.000909,172.31.36.0-255,66,84178,12,184564
3590,0.000987,74.125.24.0-255,1484,85662,12,184564
3591,0.001005,74.125.24.0-255,2902,88564,12,184564
3592,0.001009,172.31.36.0-255,66,88630,12,184564
3593,0.001028,74.125.24.0-255,2902,91532,12,184564
3594,0.001031,172.31.36.0-255,66,91598,12,184564
3595,0.001047,74.125.24.0-255,2902,94500,12,184564
3596,0.00105,172.31.36.0-255,66,94566,12,184564
3597,0.001056,74.125.24.0-255,5738,100304,12,184564
3598,0.001058,172.31.36.0-255,66,100370,12,184564
3599,0.001108,172.31.36.0-255,66,100436,12,184564
3600,0.001114,74.125.24.0-255,5020,105456,12,184564
3601,0.001116,172.31.36.0-255,66,105522,12,184564
3602,0.00116,74.125.24.0-255,1484,107006,12,184564
3603,0.001175,74.125.24.0-255,2902,109908,12,184564
3604,0.001179,172.31.36.0-255,66,109974,12,184564
3605,0.001186,74.125.24.0-255,4320,114294,12,184564
3606,0.001188,172.31.36.0-255,66,114360,12,184564
3607,0.00121,74.125.24.0-255,1484,115844,12,184564
3608,0.001214,74.125.24.0-255,1484,117328,12,184564
3609,0.001216,172.31.36.0-255,66,117394,12,184564
3610,0.001228,172.31.36.0-255,66,117460,12,184564
3611,0.001261,74.125.24.0-255,2902,120362,12,184564
3612,0.001265,172.31.36.0-255,66,120428,12,184564
3613,0.001294,172.31.36.0-255,66,120494,12,184564
3614,0.001534,74.125.24.0-255,1484,121978,12,184564
3615,0.001539,74.125.24.0-255,2902,124880,12,184564
3616,0.001543,172.31.36.0-255,66,124946,12,184564
3617,0.001547,74.125.24.0-255,1484,126430,12,184564
3618,0.001567,74.125.24.0-255,4320,130750,12,184564
3619,0.00157,172.31.36.0-255,66,130816,12,184564
3620,0.001584,74.125.24.0-255,4320,135136,12,184564
3621,0.001587,172.31.36.0-255,66,135202,12,184564
3622,0.001606,74.125.24.0-255,5738,140940,12,184564
3623,0.001608,172.31.36.0-255,66,141006,12,184564
3624,0.001613,74.125.24.0-255,2902,143908,12,184564
3625,0.001616,172.31.36.0-255,66,143974,12,184564
3626,0.001645,74.125.24.0-255,766,144740,12,184564
3627,0.001646,172.31.36.0-255,66,144806,12,184564
3628,0.001808,74.125.24.0-255,1484,146290,12,184564
3629,0.001813,172.31.36.0-255,66,146356,12,184564
3630,0.001818,74.125.24.0-255,2902,149258,12,184564
3631,0.00182,172.31.36.0-255,66,149324,12,184564
3632,0.001848,74.125.24.0-255,5738,155062,12,184564
3633,0.001851,172.31.36.0-255,66,155128,12,184564
3634,0.001856,74.125.24.0-255,4320,159448,12,184564
3635,0.001863,172.31.36.0-255,66,159514,12,184564
3636,0.001901,172.31.36.0-255,66,159580,12,184564
3637,0.001906,172.31.36.0-255,66,159646,12,184564
3638,0.001987,172.31.36.0-255,66,159712,12,184564
3639,0.002012,74.125.24.0-255,2902,162614,12,184564
3640,0.002016,172.31.36.0-255,66,162680,12,184564
3641,0.002027,74.125.24.0-255,5738,168418,12,184564
3642,0.00203,172.31.36.0-255,66,168484,12,184564
3643,0.002058,172.31.36.0-255,66,168550,12,184564
3644,0.002074,172.31.36.0-255,66,168616,12,184564
3645,0.00209,74.125.24.0-255,2902,171518,12,184564
3646,0.002093,172.31.36.0-255,66,171584,12,184564
3647,0.0021,74.125.24.0-255,6438,178022,12,184564
3648,0.002102,172.31.36.0-255,66,178088,12,184564
3649,0.002118,172.31.36.0-255,66,178154,12,184564
3650,0.002141,172.31.36.0-255,66,178220,12,184564
3651,0.002158,172.31.36.0-255,66,178286,12,184564
3652,0.002187,172.31.36.0-255,66,178352,12,184564
3653,0.002201,172.31.36.0-255,66,178418,12,184564
3654,0.002206,74.125.24.0-255,5738,184156,12,184564
3655,0.002209,172.31.36.0-255,66,184222,12,184564
3656,0.002247,74.125.24.0-255,105,184327,12,184564
3657,0.002263,172.31.36.0-255,66,184393,12,184564
3658,0.003735,172.31.36.0-255,105,184498,12,184564
3659,0.005979,74.125.24.0-255,66,184564,12,184564
3660,0.0,172.217.194.0-255,203,203,12,233999
3661,2.3e-05,172.31.36.0-255,66,269,12,233999
3662,3.1e-05,172.217.194.0-255,1484,1753,12,233999
3663,3.5e-05,172.31.36.0-255,66,1819,12,233999
3664,4.1e-05,172.217.194.0-255,2902,4721,12,233999
3665,4.4e-05,172.31.36.0-255,66,4787,12,233999
3666,5.1e-05,172.217.194.0-255,7156,11943,12,233999
3667,5.4e-05,172.31.36.0-255,66,12009,12,233999
3668,5.8e-05,172.217.194.0-255,2084,14093,12,233999
3669,6.2e-05,172.31.36.0-255,66,14159,12,233999
3670,7.5e-05,172.31.36.0-255,66,14225,12,233999
3671,0.0001,172.217.194.0-255,2902,17127,12,233999
3672,0.000103,172.31.36.0-255,66,17193,12,233999
3673,0.00011,172.217.194.0-255,5379,22572,12,233999
3674,0.000112,172.31.36.0-255,66,22638,12,233999
3675,0.000155,172.217.194.0-255,1484,24122,12,233999
3676,0.000157,172.31.36.0-255,66,24188,12,233999
3677,0.000163,172.217.194.0-255,2902,27090,12,233999
3678,0.000165,172.31.36.0-255,66,27156,12,233999
3679,0.000192,172.217.194.0-255,5738,32894,12,233999
3680,0.000195,172.31.36.0-255,66,32960,12,233999
3681,0.000203,172.217.194.0-255,6797,39757,12,233999
3682,0.000205,172.31.36.0-255,66,39823,12,233999
3683,0.000245,172.31.36.0-255,66,39889,12,233999
3684,0.00025,172.217.194.0-255,2816,42705,12,233999
3685,0.000252,172.31.36.0-255,66,42771,12,233999
3686,0.000288,172.217.194.0-255,403,43174,12,233999
3687,0.000291,172.31.36.0-255,66,43240,12,233999
3688,0.000307,172.217.194.0-255,1484,44724,12,233999
3689,0.000309,172.31.36.0-255,66,44790,12,233999
3690,0.000313,172.217.194.0-255,2902,47692,12,233999
3691,0.000315,172.31.36.0-255,66,47758,12,233999
3692,0.000349,172.217.194.0-255,1484,49242,12,233999
3693,0.000363,172.31.36.0-255,66,49308,12,233999
3694,0.000366,172.217.194.0-255,577,49885,12,233999
3695,0.000401,172.217.194.0-255,4320,54205,12,233999
3696,0.000405,172.31.36.0-255,66,54271,12,233999
3697,0.000431,172.31.36.0-255,66,54337,12,233999
3698,0.000462,172.217.194.0-255,4320,58657,12,233999
3699,0.000465,172.31.36.0-255,66,58723,12,233999
3700,0.00049,172.31.36.0-255,66,58789,12,233999
3701,0.000509,172.217.194.0-255,4320,63109,12,233999
3702,0.000512,172.31.36.0-255,66,63175,12,233999
3703,0.000533,172.217.194.0-255,2543,65718,12,233999
3704,0.000536,172.31.36.0-255,66,65784,12,233999
3705,0.000887,172.217.194.0-255,1484,67268,12,233999
3706,0.000895,172.217.194.0-255,2902,70170,12,233999
3707,0.0009,172.31.36.0-255,66,70236,12,233999
3708,0.000907,172.217.194.0-255,5738,75974,12,233999
3709,0.000909,172.31.36.0-255,66,76040,12,233999
3710,0.000938,172.217.194.0-255,5738,81778,12,233999
3711,0.000942,172.31.36.0-255,66,81844,12,233999
3712,0.000946,172.217.194.0-255,1125,82969,12,233999
3713,0.000985,172.217.194.0-255,1484,84453,12,233999
3714,0.00099,172.31.36.0-255,66,84519,12,233999
3715,0.000996,172.217.194.0-255,4320,88839,12,233999
3716,0.000999,172.31.36.0-255,66,88905,12,233999
3717,0.00103,172.31.36.0-255,66,88971,12,233999
3718,0.001035,172.217.194.0-255,4320,93291,12,233999
3719,0.001038,172.31.36.0-255,66,93357,12,233999
3720,0.001055,172.217.194.0-255,7156,100513,12,233999
3721,0.001058,172.31.36.0-255,66,100579,12,233999
3722,0.001087,172.217.194.0-255,6438,107017,12,233999
3723,0.001096,172.217.194.0-255,7156,114173,12,233999
3724,0.00111,172.31.36.0-255,66,114239,12,233999
3725,0.001115,172.217.194.0-255,2902,117141,12,233999
3726,0.00112,172.31.36.0-255,66,117207,12,233999
3727,0.001134,172.217.194.0-255,6797,124004,12,233999
3728,0.001163,172.217.194.0-255,4320,128324,12,233999
3729,0.001172,172.31.36.0-255,66,128390,12,233999
3730,0.001187,172.217.194.0-255,4320,132710,12,233999
3731,0.001215,172.217.194.0-255,4320,137030,12,233999
3732,0.001237,172.217.194.0-255,3961,140991,12,233999
3733,0.001249,172.31.36.0-255,66,141057,12,233999
3734,0.001264,172.31.36.0-255,66,141123,12,233999
3735,0.001287,172.217.194.0-255,7156,148279,12,233999
3736,0.001333,172.217.194.0-255,2902,151181,12,233999
3737,0.001354,172.31.36.0-255,66,151247,12,233999
3738,0.001362,172.217.194.0-255,6438,157685,12,233999
3739,0.001373,172.217.194.0-255,1484,159169,12,233999
3740,0.001376,172.31.36.0-255,66,159235,12,233999
3741,0.001393,172.217.194.0-255,2902,162137,12,233999
3742,0.001399,172.217.194.0-255,4320,166457,12,233999
3743,0.001411,172.31.36.0-255,66,166523,12,233999
3744,0.001419,172.217.194.0-255,1484,168007,12,233999
3745,0.001475,172.217.194.0-255,5738,173745,12,233999
3746,0.001492,172.217.194.0-255,5020,178765,12,233999
3747,0.001513,172.31.36.0-255,66,178831,12,233999
3748,0.00165,172.217.194.0-255,1484,180315,12,233999
3749,0.001655,172.217.194.0-255,2902,183217,12,233999
3750,0.001665,172.31.36.0-255,66,183283,12,233999
3751,0.001679,172.217.194.0-255,5738,189021,12,233999
3752,0.00169,172.31.36.0-255,66,189087,12,233999
3753,0.001729,172.31.36.0-255,66,189153,12,233999
3754,0.001752,172.217.194.0-255,1484,190637,12,233999
3755,0.001779,172.31.36.0-255,66,190703,12,233999
3756,0.001798,172.217.194.0-255,1484,192187,12,233999
3757,0.001832,172.217.194.0-255,1484,193671,12,233999
3758,0.001836,172.217.194.0-255,2902,196573,12,233999
3759,0.001845,172.31.36.0-255,66,196639,12,233999
3760,0.001866,172.217.194.0-255,5738,202377,12,233999
3761,0.001872,172.31.36.0-255,66,202443,12,233999
3762,0.0019,172.31.36.0-255,66,202509,12,233999
3763,0.001907,172.217.194.0-255,1484,203993,12,233999
3764,0.00192,172.31.36.0-255,66,204059,12,233999
3765,0.001929,172.217.194.0-255,3602,207661,12,233999
3766,0.001941,172.217.194.0-255,2902,210563,12,233999
3767,0.001956,172.217.194.0-255,1484,212047,12,233999
3768,0.001972,172.217.194.0-255,4320,216367,12,233999
3769,0.001975,172.31.36.0-255,66,216433,12,233999
3770,0.001998,172.217.194.0-255,5738,222171,12,233999
3771,0.002021,172.31.36.0-255,66,222237,12,233999
3772,0.002032,172.217.194.0-255,4320,226557,12,233999
3773,0.002047,172.217.194.0-255,5251,231808,12,233999
3774,0.00205,172.217.194.0-255,105,231913,12,233999
3775,0.002073,172.31.36.0-255,66,231979,12,233999
3776,0.005448,172.31.36.0-255,105,232084,12,233999
3777,0.007756,172.217.194.0-255,66,232150,12,233999
3778,0.028729,172.31.36.0-255,164,232314,12,233999
3779,0.028757,172.31.36.0-255,1118,233432,12,233999
3780,0.028812,172.31.36.0-255,567,233999,12,233999
3781,0.0,74.125.24.0-255,148,148,12,128582
3782,2.6e-05,172.31.36.0-255,66,214,12,128582
3783,3.3e-05,74.125.24.0-255,1484,1698,12,128582
3784,3.7e-05,172.31.36.0-255,66,1764,12,128582
3785,4.1e-05,74.125.24.0-255,2902,4666,12,128582
3786,4.4e-05,172.31.36.0-255,66,4732,12,128582
3787,4.8e-05,74.125.24.0-255,2902,7634,12,128582
3788,5.1e-05,172.31.36.0-255,66,7700,12,128582
3789,9.3e-05,74.125.24.0-255,4320,12020,12,128582
3790,9.6e-05,172.31.36.0-255,66,12086,12,128582
3791,0.000114,74.125.24.0-255,1950,14036,12,128582
3792,0.000117,172.31.36.0-255,66,14102,12,128582
3793,0.000317,74.125.24.0-255,1484,15586,12,128582
3794,0.000322,172.31.36.0-255,66,15652,12,128582
3795,0.000328,74.125.24.0-255,2902,18554,12,128582
3796,0.000331,172.31.36.0-255,66,18620,12,128582
3797,0.000338,74.125.24.0-255,5738,24358,12,128582
3798,0.000341,172.31.36.0-255,66,24424,12,128582
3799,0.000345,74.125.24.0-255,2902,27326,12,128582
3800,0.000349,172.31.36.0-255,66,27392,12,128582
3801,0.000365,74.125.24.0-255,1484,28876,12,128582
3802,0.000368,172.31.36.0-255,66,28942,12,128582
3803,0.000406,74.125.24.0-255,2543,31485,12,128582
3804,0.00041,172.31.36.0-255,66,31551,12,128582
3805,0.001075,74.125.24.0-255,1484,33035,12,128582
3806,0.001082,172.31.36.0-255,66,33101,12,128582
3807,0.00109,74.125.24.0-255,1484,34585,12,128582
3808,0.001093,172.31.36.0-255,66,34651,12,128582
3809,0.001099,74.125.24.0-255,2902,37553,12,128582
3810,0.001101,172.31.36.0-255,66,37619,12,128582
3811,0.001141,74.125.24.0-255,5738,43357,12,128582
3812,0.001144,172.31.36.0-255,66,43423,12,128582
3813,0.001148,74.125.24.0-255,1484,44907,12,128582
3814,0.001166,74.125.24.0-255,5379,50286,12,128582
3815,0.001169,172.31.36.0-255,66,50352,12,128582
3816,0.001221,172.31.36.0-255,66,50418,12,128582
3817,0.001238,74.125.24.0-255,4320,54738,12,128582
3818,0.00124,172.31.36.0-255,66,54804,12,128582
3819,0.001243,74.125.24.0-255,1125,55929,12,128582
3820,0.002651,172.31.36.0-255,66,55995,12,128582
3821,0.003511,74.125.24.0-255,4320,60315,12,128582
3822,0.003516,172.31.36.0-255,66,60381,12,128582
3823,0.004968,74.125.24.0-255,1484,61865,12,128582
3824,0.00581,74.125.24.0-255,4320,66185,12,128582
3825,0.005815,172.31.36.0-255,66,66251,12,128582
3826,0.008105,74.125.24.0-255,5738,71989,12,128582
3827,0.008112,172.31.36.0-255,66,72055,12,128582
3828,0.010402,74.125.24.0-255,5738,77793,12,128582
3829,0.01041,172.31.36.0-255,66,77859,12,128582
3830,0.012726,74.125.24.0-255,5738,83597,12,128582
3831,0.012734,172.31.36.0-255,66,83663,12,128582
3832,0.015041,74.125.24.0-255,5738,89401,12,128582
3833,0.015051,172.31.36.0-255,66,89467,12,128582
3834,0.017351,74.125.24.0-255,5738,95205,12,128582
3835,0.017358,172.31.36.0-255,66,95271,12,128582
3836,0.019671,74.125.24.0-255,5738,101009,12,128582
3837,0.019679,172.31.36.0-255,66,101075,12,128582
3838,0.021983,74.125.24.0-255,5738,106813,12,128582
3839,0.02199,172.31.36.0-255,66,106879,12,128582
3840,0.022566,172.31.36.0-255,172,107051,12,128582
3841,0.022595,172.31.36.0-255,1108,108159,12,128582
3842,0.022638,172.31.36.0-255,1514,109673,12,128582
3843,0.02264,172.31.36.0-255,1299,110972,12,128582
3844,0.0241,104.244.42.0-255,66,111038,12,128582
3845,0.024131,104.244.42.0-255,66,111104,12,128582
3846,0.024183,104.244.42.0-255,66,111170,12,128582
3847,0.024274,74.125.24.0-255,5738,116908,12,128582
3848,0.024279,172.31.36.0-255,66,116974,12,128582
3849,0.026543,74.125.24.0-255,5738,122712,12,128582
3850,0.026548,172.31.36.0-255,66,122778,12,128582
3851,0.028813,74.125.24.0-255,5738,128516,12,128582
3852,0.028819,172.31.36.0-255,66,128582,12,128582
3853,0.0,74.125.68.0-255,146,146,12,170884
3854,1.5e-05,172.31.36.0-255,66,212,12,170884
3855,2.2e-05,74.125.68.0-255,1484,1696,12,170884
3856,2.6e-05,172.31.36.0-255,66,1762,12,170884
3857,3.2e-05,74.125.68.0-255,2902,4664,12,170884
3858,4.4e-05,172.31.36.0-255,66,4730,12,170884
3859,7.9e-05,74.125.68.0-255,7156,11886,12,170884
3860,8.2e-05,172.31.36.0-255,66,11952,12,170884
3861,0.000222,74.125.68.0-255,2056,14008,12,170884
3862,0.000227,172.31.36.0-255,66,14074,12,170884
3863,0.000253,74.125.68.0-255,2902,16976,12,170884
3864,0.000256,172.31.36.0-255,66,17042,12,170884
3865,0.000315,74.125.68.0-255,5738,22780,12,170884
3866,0.000319,172.31.36.0-255,66,22846,12,170884
3867,0.000343,74.125.68.0-255,1484,24330,12,170884
3868,0.000345,172.31.36.0-255,66,24396,12,170884
3869,0.000466,74.125.68.0-255,7156,31552,12,170884
3870,0.00047,172.31.36.0-255,66,31618,12,170884
3871,0.000495,74.125.68.0-255,2543,34161,12,170884
3872,0.000498,172.31.36.0-255,66,34227,12,170884
3873,0.000699,74.125.68.0-255,5738,39965,12,170884
3874,0.000703,172.31.36.0-255,66,40031,12,170884
3875,0.00074,172.31.36.0-255,66,40097,12,170884
3876,0.001116,74.125.68.0-255,1484,41581,12,170884
3877,0.001121,172.31.36.0-255,66,41647,12,170884
3878,0.001131,74.125.68.0-255,2902,44549,12,170884
3879,0.001138,172.31.36.0-255,66,44615,12,170884
3880,0.001173,74.125.68.0-255,4320,48935,12,170884
3881,0.001176,172.31.36.0-255,66,49001,12,170884
3882,0.001198,74.125.68.0-255,1484,50485,12,170884
3883,0.001201,172.31.36.0-255,66,50551,12,170884
3884,0.001278,74.125.68.0-255,4320,54871,12,170884
3885,0.001281,172.31.36.0-255,66,54937,12,170884
3886,0.001307,74.125.68.0-255,2543,57480,12,170884
3887,0.00131,172.31.36.0-255,66,57546,12,170884
3888,0.001416,74.125.68.0-255,1484,59030,12,170884
3889,0.001421,172.31.36.0-255,66,59096,12,170884
3890,0.00143,74.125.68.0-255,7156,66252,12,170884
3891,0.001432,172.31.36.0-255,66,66318,12,170884
3892,0.001456,74.125.68.0-255,2902,69220,12,170884
3893,0.001459,172.31.36.0-255,66,69286,12,170884
3894,0.001608,74.125.68.0-255,7156,76442,12,170884
3895,0.001614,172.31.36.0-255,66,76508,12,170884
3896,0.001651,172.31.36.0-255,66,76574,12,170884
3897,0.001944,172.31.36.0-255,66,76640,12,170884
3898,0.001974,74.125.68.0-255,6797,83437,12,170884
3899,0.001977,172.31.36.0-255,66,83503,12,170884
3900,0.00224,74.125.68.0-255,5738,89241,12,170884
3901,0.002246,172.31.36.0-255,66,89307,12,170884
3902,0.002271,74.125.68.0-255,1995,91302,12,170884
3903,0.002274,172.31.36.0-255,66,91368,12,170884
3904,0.002405,74.125.68.0-255,5738,97106,12,170884
3905,0.002408,172.31.36.0-255,66,97172,12,170884
3906,0.002459,172.31.36.0-255,66,97238,12,170884
3907,0.00297,74.125.68.0-255,4320,101558,12,170884
3908,0.002973,172.31.36.0-255,66,101624,12,170884
3909,0.002999,74.125.68.0-255,2184,103808,12,170884
3910,0.003002,172.31.36.0-255,66,103874,12,170884
3911,0.003095,74.125.68.0-255,4320,108194,12,170884
3912,0.003098,172.31.36.0-255,66,108260,12,170884
3913,0.003132,172.31.36.0-255,66,108326,12,170884
3914,0.003185,172.31.36.0-255,66,108392,12,170884
3915,0.005476,74.125.68.0-255,5738,114130,12,170884
3916,0.00548,172.31.36.0-255,66,114196,12,170884
3917,0.007805,74.125.68.0-255,5738,119934,12,170884
3918,0.007815,172.31.36.0-255,66,120000,12,170884
3919,0.010118,74.125.68.0-255,5738,125738,12,170884
3920,0.010127,172.31.36.0-255,66,125804,12,170884
3921,0.012432,74.125.68.0-255,4320,130124,12,170884
3922,0.01244,172.31.36.0-255,66,130190,12,170884
3923,0.012468,74.125.68.0-255,1484,131674,12,170884
3924,0.014744,74.125.68.0-255,4320,135994,12,170884
3925,0.014753,172.31.36.0-255,66,136060,12,170884
3926,0.017065,74.125.68.0-255,5738,141798,12,170884
3927,0.017076,172.31.36.0-255,66,141864,12,170884
3928,0.019387,74.125.68.0-255,5738,147602,12,170884
3929,0.019396,172.31.36.0-255,66,147668,12,170884
3930,0.021717,74.125.68.0-255,5738,153406,12,170884
3931,0.021726,172.31.36.0-255,66,153472,12,170884
3932,0.024039,74.125.68.0-255,5738,159210,12,170884
3933,0.024047,172.31.36.0-255,66,159276,12,170884
3934,0.026364,74.125.68.0-255,5738,165014,12,170884
3935,0.026374,172.31.36.0-255,66,165080,12,170884
3936,0.02867,74.125.68.0-255,5738,170818,12,170884
3937,0.028676,172.31.36.0-255,66,170884,12,170884
3938,0.0,172.217.194.0-255,150,150,12,212187
3939,1.6e-05,172.31.36.0-255,66,216,12,212187
3940,2.3e-05,172.217.194.0-255,1484,1700,12,212187
3941,2.7e-05,172.31.36.0-255,66,1766,12,212187
3942,3.9e-05,172.217.194.0-255,2902,4668,12,212187
3943,4.1e-05,172.31.36.0-255,66,4734,12,212187
3944,4.6e-05,172.217.194.0-255,2902,7636,12,212187
3945,4.8e-05,172.31.36.0-255,66,7702,12,212187
3946,7.2e-05,172.217.194.0-255,1484,9186,12,212187
3947,7.9e-05,172.31.36.0-255,66,9252,12,212187
3948,9e-05,172.31.36.0-255,66,9318,12,212187
3949,0.000122,172.217.194.0-255,4320,13638,12,212187
3950,0.000124,172.31.36.0-255,66,13704,12,212187
3951,0.000155,172.31.36.0-255,66,13770,12,212187
3952,0.000235,172.217.194.0-255,1484,15254,12,212187
3953,0.000238,172.31.36.0-255,66,15320,12,212187
3954,0.000265,172.217.194.0-255,2902,18222,12,212187
3955,0.000267,172.31.36.0-255,66,18288,12,212187
3956,0.000272,172.217.194.0-255,5738,24026,12,212187
3957,0.000274,172.31.36.0-255,66,24092,12,212187
3958,0.000298,172.217.194.0-255,2902,26994,12,212187
3959,0.000299,172.31.36.0-255,66,27060,12,212187
3960,0.000323,172.217.194.0-255,5738,32798,12,212187
3961,0.000325,172.31.36.0-255,66,32864,12,212187
3962,0.00035,172.217.194.0-255,5379,38243,12,212187
3963,0.000352,172.31.36.0-255,66,38309,12,212187
3964,0.000357,172.217.194.0-255,4320,42629,12,212187
3965,0.000358,172.31.36.0-255,66,42695,12,212187
3966,0.000379,172.217.194.0-255,5631,48326,12,212187
3967,0.000381,172.31.36.0-255,66,48392,12,212187
3968,0.000384,172.217.194.0-255,114,48506,12,212187
3969,0.000407,172.217.194.0-255,1484,49990,12,212187
3970,0.000408,172.31.36.0-255,66,50056,12,212187
3971,0.000411,172.217.194.0-255,1484,51540,12,212187
3972,0.000428,172.217.194.0-255,1484,53024,12,212187
3973,0.000429,172.31.36.0-255,66,53090,12,212187
3974,0.000454,172.217.194.0-255,7156,60246,12,212187
3975,0.000456,172.31.36.0-255,66,60312,12,212187
3976,0.000491,172.31.36.0-255,66,60378,12,212187
3977,0.0005,172.31.36.0-255,66,60444,12,212187
3978,0.00052,172.217.194.0-255,1484,61928,12,212187
3979,0.000532,172.217.194.0-255,3961,65889,12,212187
3980,0.000534,172.31.36.0-255,66,65955,12,212187
3981,0.000797,172.217.194.0-255,1484,67439,12,212187
3982,0.000801,172.217.194.0-255,1484,68923,12,212187
3983,0.000803,172.31.36.0-255,66,68989,12,212187
3984,0.000829,172.217.194.0-255,1484,70473,12,212187
3985,0.000834,172.217.194.0-255,5738,76211,12,212187
3986,0.000836,172.31.36.0-255,66,76277,12,212187
3987,0.000859,172.217.194.0-255,2902,79179,12,212187
3988,0.00086,172.31.36.0-255,66,79245,12,212187
3989,0.00088,172.217.194.0-255,7156,86401,12,212187
3990,0.000882,172.31.36.0-255,66,86467,12,212187
3991,0.000894,172.217.194.0-255,2902,89369,12,212187
3992,0.000898,172.31.36.0-255,66,89435,12,212187
3993,0.000926,172.217.194.0-255,1484,90919,12,212187
3994,0.000955,172.31.36.0-255,66,90985,12,212187
3995,0.000958,172.217.194.0-255,1484,92469,12,212187
3996,0.000962,172.217.194.0-255,2902,95371,12,212187
3997,0.000964,172.31.36.0-255,66,95437,12,212187
3998,0.000969,172.217.194.0-255,2902,98339,12,212187
3999,0.000971,172.31.36.0-255,66,98405,12,212187
4000,0.001004,172.217.194.0-255,2902,101307,12,212187
4001,0.001007,172.31.36.0-255,66,101373,12,212187
4002,0.001014,172.217.194.0-255,7156,108529,12,212187
4003,0.001016,172.31.36.0-255,66,108595,12,212187
4004,0.001039,172.217.194.0-255,2902,111497,12,212187
4005,0.001041,172.31.36.0-255,66,111563,12,212187
4006,0.001061,172.217.194.0-255,4320,115883,12,212187
4007,0.001063,172.31.36.0-255,66,115949,12,212187
4008,0.0011,172.31.36.0-255,66,116015,12,212187
4009,0.001113,172.31.36.0-255,66,116081,12,212187
4010,0.001138,172.217.194.0-255,5738,121819,12,212187
4011,0.001141,172.31.36.0-255,66,121885,12,212187
4012,0.001151,172.31.36.0-255,66,121951,12,212187
4013,0.001175,172.217.194.0-255,1484,123435,12,212187
4014,0.001193,172.217.194.0-255,5738,129173,12,212187
4015,0.001195,172.31.36.0-255,66,129239,12,212187
4016,0.001225,172.31.36.0-255,66,129305,12,212187
4017,0.001257,172.31.36.0-255,66,129371,12,212187
4018,0.001264,172.217.194.0-255,6438,135809,12,212187
4019,0.001266,172.31.36.0-255,66,135875,12,212187
4020,0.00127,172.217.194.0-255,4320,140195,12,212187
4021,0.001272,172.31.36.0-255,66,140261,12,212187
4022,0.001307,172.217.194.0-255,2902,143163,12,212187
4023,0.00131,172.31.36.0-255,66,143229,12,212187
4024,0.00134,172.31.36.0-255,66,143295,12,212187
4025,0.001352,172.31.36.0-255,66,143361,12,212187
4026,0.001394,172.31.36.0-255,66,143427,12,212187
4027,0.001406,172.31.36.0-255,66,143493,12,212187
4028,0.001417,172.31.36.0-255,66,143559,12,212187
4029,0.001449,172.217.194.0-255,6438,149997,12,212187
4030,0.001452,172.31.36.0-255,66,150063,12,212187
4031,0.001491,172.217.194.0-255,5738,155801,12,212187
4032,0.001494,172.31.36.0-255,66,155867,12,212187
4033,0.001531,172.31.36.0-255,66,155933,12,212187
4034,0.001544,172.31.36.0-255,66,155999,12,212187
4035,0.001549,172.217.194.0-255,3602,159601,12,212187
4036,0.001551,172.31.36.0-255,66,159667,12,212187
4037,0.001658,172.217.194.0-255,1484,161151,12,212187
4038,0.001666,172.217.194.0-255,2902,164053,12,212187
4039,0.001669,172.31.36.0-255,66,164119,12,212187
4040,0.001674,172.217.194.0-255,2902,167021,12,212187
4041,0.001676,172.31.36.0-255,66,167087,12,212187
4042,0.001699,172.217.194.0-255,2902,169989,12,212187
4043,0.001701,172.31.36.0-255,66,170055,12,212187
4044,0.001715,172.31.36.0-255,66,170121,12,212187
4045,0.001738,172.217.194.0-255,2902,173023,12,212187
4046,0.00174,172.31.36.0-255,66,173089,12,212187
4047,0.001744,172.217.194.0-255,2902,175991,12,212187
4048,0.001746,172.31.36.0-255,66,176057,12,212187
4049,0.001782,172.31.36.0-255,66,176123,12,212187
4050,0.001784,172.217.194.0-255,1484,177607,12,212187
4051,0.001807,172.217.194.0-255,2902,180509,12,212187
4052,0.001809,172.31.36.0-255,66,180575,12,212187
4053,0.001813,172.217.194.0-255,2902,183477,12,212187
4054,0.001815,172.31.36.0-255,66,183543,12,212187
4055,0.001835,172.217.194.0-255,2902,186445,12,212187
4056,0.001837,172.31.36.0-255,66,186511,12,212187
4057,0.001841,172.217.194.0-255,2902,189413,12,212187
4058,0.001847,172.31.36.0-255,66,189479,12,212187
4059,0.001873,172.217.194.0-255,2902,192381,12,212187
4060,0.001875,172.31.36.0-255,66,192447,12,212187
4061,0.001881,172.217.194.0-255,5738,198185,12,212187
4062,0.001882,172.31.36.0-255,66,198251,12,212187
4063,0.001917,172.217.194.0-255,7156,205407,12,212187
4064,0.00192,172.31.36.0-255,66,205473,12,212187
4065,0.001929,172.31.36.0-255,66,205539,12,212187
4066,0.001967,172.217.194.0-255,1775,207314,12,212187
4067,0.001969,172.31.36.0-255,66,207380,12,212187
4068,0.002005,172.217.194.0-255,105,207485,12,212187
4069,0.009918,172.31.36.0-255,66,207551,12,212187
4070,0.009965,172.31.36.0-255,105,207656,12,212187
4071,0.012014,172.217.194.0-255,66,207722,12,212187
4072,0.02755,172.31.36.0-255,172,207894,12,212187
4073,0.027597,172.31.36.0-255,1107,209001,12,212187
4074,0.027703,172.31.36.0-255,1514,210515,12,212187
4075,0.027706,172.31.36.0-255,1300,211815,12,212187
4076,0.029101,104.244.42.0-255,66,211881,12,212187
4077,0.02914,104.244.42.0-255,66,211947,12,212187
4078,0.029236,104.244.42.0-255,66,212013,12,212187
4079,0.029899,104.244.42.0-255,108,212121,12,212187
4080,0.029904,172.31.36.0-255,66,212187,12,212187
4081,0.0,172.217.194.0-255,153,153,12,217133
4082,3.4e-05,172.31.36.0-255,66,219,12,217133
4083,4e-05,172.217.194.0-255,1484,1703,12,217133
4084,4.4e-05,172.31.36.0-255,66,1769,12,217133
4085,4.8e-05,172.217.194.0-255,2902,4671,12,217133
4086,5.1e-05,172.31.36.0-255,66,4737,12,217133
4087,5.5e-05,172.217.194.0-255,2902,7639,12,217133
4088,6.7e-05,172.31.36.0-255,66,7705,12,217133
4089,9.2e-05,172.217.194.0-255,2902,10607,12,217133
4090,0.0001,172.31.36.0-255,66,10673,12,217133
4091,0.000112,172.31.36.0-255,66,10739,12,217133
4092,0.000144,172.217.194.0-255,3485,14224,12,217133
4093,0.000148,172.31.36.0-255,66,14290,12,217133
4094,0.0002,172.217.194.0-255,6797,21087,12,217133
4095,0.000203,172.31.36.0-255,66,21153,12,217133
4096,0.00028,172.217.194.0-255,1484,22637,12,217133
4097,0.000284,172.31.36.0-255,66,22703,12,217133
4098,0.000288,172.217.194.0-255,1484,24187,12,217133
4099,0.00029,172.31.36.0-255,66,24253,12,217133
4100,0.00031,172.217.194.0-255,1484,25737,12,217133
4101,0.000312,172.31.36.0-255,66,25803,12,217133
4102,0.000324,172.217.194.0-255,5738,31541,12,217133
4103,0.000329,172.31.36.0-255,66,31607,12,217133
4104,0.000382,172.31.36.0-255,66,31673,12,217133
4105,0.000455,172.31.36.0-255,66,31739,12,217133
4106,0.000473,172.217.194.0-255,2831,34570,12,217133
4107,0.00048,172.31.36.0-255,66,34636,12,217133
4108,0.001099,172.217.194.0-255,366,35002,12,217133
4109,0.001106,172.31.36.0-255,66,35068,12,217133
4110,0.001137,172.217.194.0-255,1484,36552,12,217133
4111,0.001152,172.217.194.0-255,2902,39454,12,217133
4112,0.001155,172.31.36.0-255,66,39520,12,217133
4113,0.001158,172.217.194.0-255,1484,41004,12,217133
4114,0.001191,172.217.194.0-255,4320,45324,12,217133
4115,0.001194,172.31.36.0-255,66,45390,12,217133
4116,0.001202,172.217.194.0-255,5738,51128,12,217133
4117,0.001204,172.31.36.0-255,66,51194,12,217133
4118,0.001238,172.217.194.0-255,7156,58350,12,217133
4119,0.001241,172.31.36.0-255,66,58416,12,217133
4120,0.001299,172.217.194.0-255,7156,65572,12,217133
4121,0.001304,172.31.36.0-255,66,65638,12,217133
4122,0.001383,172.217.194.0-255,3602,69240,12,217133
4123,0.001388,172.31.36.0-255,66,69306,12,217133
4124,0.001407,172.31.36.0-255,66,69372,12,217133
4125,0.001477,172.217.194.0-255,5738,75110,12,217133
4126,0.001481,172.31.36.0-255,66,75176,12,217133
4127,0.001508,172.31.36.0-255,66,75242,12,217133
4128,0.001535,172.217.194.0-255,2184,77426,12,217133
4129,0.001539,172.31.36.0-255,66,77492,12,217133
4130,0.001635,172.217.194.0-255,2902,80394,12,217133
4131,0.001637,172.31.36.0-255,66,80460,12,217133
4132,0.001676,172.31.36.0-255,66,80526,12,217133
4133,0.001795,172.217.194.0-255,5738,86264,12,217133
4134,0.001798,172.31.36.0-255,66,86330,12,217133
4135,0.001829,172.217.194.0-255,5738,92068,12,217133
4136,0.001831,172.31.36.0-255,66,92134,12,217133
4137,0.001902,172.31.36.0-255,66,92200,12,217133
4138,0.001937,172.31.36.0-255,66,92266,12,217133
4139,0.002082,172.217.194.0-255,4320,96586,12,217133
4140,0.002085,172.31.36.0-255,66,96652,12,217133
4141,0.002111,172.217.194.0-255,3602,100254,12,217133
4142,0.002113,172.31.36.0-255,66,100320,12,217133
4143,0.002148,172.217.194.0-255,1484,101804,12,217133
4144,0.002161,172.217.194.0-255,2902,104706,12,217133
4145,0.002164,172.31.36.0-255,66,104772,12,217133
4146,0.00219,172.217.194.0-255,4320,109092,12,217133
4147,0.002192,172.31.36.0-255,66,109158,12,217133
4148,0.002218,172.217.194.0-255,1484,110642,12,217133
4149,0.002224,172.217.194.0-255,5738,116380,12,217133
4150,0.002227,172.31.36.0-255,66,116446,12,217133
4151,0.002268,172.217.194.0-255,7156,123602,12,217133
4152,0.002272,172.31.36.0-255,66,123668,12,217133
4153,0.002298,172.217.194.0-255,5738,129406,12,217133
4154,0.0023,172.31.36.0-255,66,129472,12,217133
4155,0.002361,172.217.194.0-255,1484,130956,12,217133
4156,0.002374,172.217.194.0-255,3602,134558,12,217133
4157,0.002377,172.31.36.0-255,66,134624,12,217133
4158,0.002434,172.217.194.0-255,1484,136108,12,217133
4159,0.002446,172.217.194.0-255,2902,139010,12,217133
4160,0.002449,172.31.36.0-255,66,139076,12,217133
4161,0.002452,172.217.194.0-255,1484,140560,12,217133
4162,0.002472,172.217.194.0-255,4320,144880,12,217133
4163,0.002475,172.31.36.0-255,66,144946,12,217133
4164,0.002494,172.217.194.0-255,5738,150684,12,217133
4165,0.002497,172.31.36.0-255,66,150750,12,217133
4166,0.002551,172.217.194.0-255,5738,156488,12,217133
4167,0.002554,172.31.36.0-255,66,156554,12,217133
4168,0.002599,172.31.36.0-255,66,156620,12,217133
4169,0.002666,172.217.194.0-255,1484,158104,12,217133
4170,0.002669,172.217.194.0-255,1484,159588,12,217133
4171,0.002671,172.31.36.0-255,66,159654,12,217133
4172,0.002691,172.217.194.0-255,1484,161138,12,217133
4173,0.002708,172.217.194.0-255,5738,166876,12,217133
4174,0.00271,172.31.36.0-255,66,166942,12,217133
4175,0.002752,172.217.194.0-255,7156,174098,12,217133
4176,0.002755,172.31.36.0-255,66,174164,12,217133
4177,0.002781,172.217.194.0-255,4320,178484,12,217133
4178,0.002783,172.31.36.0-255,66,178550,12,217133
4179,0.002836,172.217.194.0-255,5738,184288,12,217133
4180,0.002838,172.31.36.0-255,66,184354,12,217133
4181,0.002873,172.217.194.0-255,1484,185838,12,217133
4182,0.002887,172.217.194.0-255,1484,187322,12,217133
4183,0.002889,172.31.36.0-255,66,187388,12,217133
4184,0.002915,172.217.194.0-255,3602,190990,12,217133
4185,0.002917,172.31.36.0-255,66,191056,12,217133
4186,0.002941,172.217.194.0-255,1484,192540,12,217133
4187,0.002978,172.31.36.0-255,66,192606,12,217133
4188,0.00305,172.217.194.0-255,5738,198344,12,217133
4189,0.003052,172.31.36.0-255,66,198410,12,217133
4190,0.003089,172.31.36.0-255,66,198476,12,217133
4191,0.003181,172.217.194.0-255,2902,201378,12,217133
4192,0.003183,172.31.36.0-255,66,201444,12,217133
4193,0.003208,172.31.36.0-255,66,201510,12,217133
4194,0.003281,172.217.194.0-255,7156,208666,12,217133
4195,0.003283,172.31.36.0-255,66,208732,12,217133
4196,0.003311,172.31.36.0-255,66,208798,12,217133
4197,0.003438,172.217.194.0-255,4320,213118,12,217133
4198,0.00344,172.31.36.0-255,66,213184,12,217133
4199,0.003503,172.217.194.0-255,3607,216791,12,217133
4200,0.003723,172.217.194.0-255,105,216896,12,217133
4201,0.006249,172.31.36.0-255,66,216962,12,217133
4202,0.008924,172.31.36.0-255,105,217067,12,217133
4203,0.011178,172.217.194.0-255,66,217133,12,217133
4204,0.0,74.125.24.0-255,153,153,12,202803
4205,2.9e-05,172.31.36.0-255,66,219,12,202803
4206,3.6e-05,74.125.24.0-255,1484,1703,12,202803
4207,4e-05,172.31.36.0-255,66,1769,12,202803
4208,5.2e-05,74.125.24.0-255,2902,4671,12,202803
4209,5.6e-05,172.31.36.0-255,66,4737,12,202803
4210,6.2e-05,74.125.24.0-255,5738,10475,12,202803
4211,6.5e-05,172.31.36.0-255,66,10541,12,202803
4212,9.7e-05,74.125.24.0-255,3421,13962,12,202803
4213,0.0001,172.31.36.0-255,66,14028,12,202803
4214,0.000161,74.125.24.0-255,1484,15512,12,202803
4215,0.000166,172.31.36.0-255,66,15578,12,202803
4216,0.000171,74.125.24.0-255,2902,18480,12,202803
4217,0.000174,172.31.36.0-255,66,18546,12,202803
4218,0.000177,74.125.24.0-255,1484,20030,12,202803
4219,0.000179,172.31.36.0-255,66,20096,12,202803
4220,0.000208,74.125.24.0-255,4320,24416,12,202803
4221,0.00021,172.31.36.0-255,66,24482,12,202803
4222,0.000217,74.125.24.0-255,5738,30220,12,202803
4223,0.000219,172.31.36.0-255,66,30286,12,202803
4224,0.000231,74.125.24.0-255,1125,31411,12,202803
4225,0.000237,172.31.36.0-255,66,31477,12,202803
4226,0.000292,74.125.24.0-255,1484,32961,12,202803
4227,0.000296,172.31.36.0-255,66,33027,12,202803
4228,0.000316,74.125.24.0-255,2902,35929,12,202803
4229,0.000319,172.31.36.0-255,66,35995,12,202803
4230,0.000326,74.125.24.0-255,5738,41733,12,202803
4231,0.000328,172.31.36.0-255,66,41799,12,202803
4232,0.000367,74.125.24.0-255,6797,48596,12,202803
4233,0.000371,172.31.36.0-255,66,48662,12,202803
4234,0.000394,74.125.24.0-255,4320,52982,12,202803
4235,0.000397,172.31.36.0-255,66,53048,12,202803
4236,0.000404,74.125.24.0-255,5738,58786,12,202803
4237,0.000406,172.31.36.0-255,66,58852,12,202803
4238,0.000446,74.125.24.0-255,4320,63172,12,202803
4239,0.000449,172.31.36.0-255,66,63238,12,202803
4240,0.000467,74.125.24.0-255,2872,66110,12,202803
4241,0.00047,172.31.36.0-255,66,66176,12,202803
4242,0.0005,74.125.24.0-255,350,66526,12,202803
4243,0.000779,172.31.36.0-255,66,66592,12,202803
4244,0.00081,74.125.24.0-255,1484,68076,12,202803
4245,0.000817,74.125.24.0-255,2902,70978,12,202803
4246,0.000821,172.31.36.0-255,66,71044,12,202803
4247,0.000828,74.125.24.0-255,5738,76782,12,202803
4248,0.00083,172.31.36.0-255,66,76848,12,202803
4249,0.000892,172.31.36.0-255,66,76914,12,202803
4250,0.000896,74.125.24.0-255,1484,78398,12,202803
4251,0.000912,172.31.36.0-255,66,78464,12,202803
4252,0.001657,74.125.24.0-255,1484,79948,12,202803
4253,0.001669,74.125.24.0-255,2902,82850,12,202803
4254,0.001675,172.31.36.0-255,66,82916,12,202803
4255,0.001683,74.125.24.0-255,5738,88654,12,202803
4256,0.001685,172.31.36.0-255,66,88720,12,202803
4257,0.001695,74.125.24.0-255,2902,91622,12,202803
4258,0.001697,172.31.36.0-255,66,91688,12,202803
4259,0.001727,172.31.36.0-255,66,91754,12,202803
4260,0.001744,172.31.36.0-255,66,91820,12,202803
4261,0.001992,74.125.24.0-255,1484,93304,12,202803
4262,0.002008,74.125.24.0-255,2902,96206,12,202803
4263,0.002012,172.31.36.0-255,66,96272,12,202803
4264,0.002047,74.125.24.0-255,5738,102010,12,202803
4265,0.00205,172.31.36.0-255,66,102076,12,202803
4266,0.002084,74.125.24.0-255,1484,103560,12,202803
4267,0.002097,74.125.24.0-255,4320,107880,12,202803
4268,0.0021,172.31.36.0-255,66,107946,12,202803
4269,0.002132,74.125.24.0-255,7156,115102,12,202803
4270,0.002134,172.31.36.0-255,66,115168,12,202803
4271,0.002139,74.125.24.0-255,4320,119488,12,202803
4272,0.002141,172.31.36.0-255,66,119554,12,202803
4273,0.002178,74.125.24.0-255,6438,125992,12,202803
4274,0.002181,172.31.36.0-255,66,126058,12,202803
4275,0.002205,172.31.36.0-255,66,126124,12,202803
4276,0.00222,172.31.36.0-255,66,126190,12,202803
4277,0.002226,74.125.24.0-255,5738,131928,12,202803
4278,0.002228,172.31.36.0-255,66,131994,12,202803
4279,0.002289,172.31.36.0-255,66,132060,12,202803
4280,0.002297,172.31.36.0-255,66,132126,12,202803
4281,0.002299,172.31.36.0-255,66,132192,12,202803
4282,0.002335,172.31.36.0-255,66,132258,12,202803
4283,0.002362,74.125.24.0-255,766,133024,12,202803
4284,0.002687,172.31.36.0-255,101,133125,12,202803
4285,0.004605,74.125.24.0-255,4320,137445,12,202803
4286,0.00461,172.31.36.0-255,66,137511,12,202803
4287,0.004958,74.125.24.0-255,1484,138995,12,202803
4288,0.006897,74.125.24.0-255,4320,143315,12,202803
4289,0.006903,172.31.36.0-255,66,143381,12,202803
4290,0.009195,74.125.24.0-255,5738,149119,12,202803
4291,0.009203,172.31.36.0-255,66,149185,12,202803
4292,0.011497,74.125.24.0-255,5738,154923,12,202803
4293,0.011504,172.31.36.0-255,66,154989,12,202803
4294,0.01383,74.125.24.0-255,5738,160727,12,202803
4295,0.013839,172.31.36.0-255,66,160793,12,202803
4296,0.016121,74.125.24.0-255,5738,166531,12,202803
4297,0.016129,172.31.36.0-255,66,166597,12,202803
4298,0.018402,74.125.24.0-255,5738,172335,12,202803
4299,0.018408,172.31.36.0-255,66,172401,12,202803
4300,0.020683,74.125.24.0-255,5738,178139,12,202803
4301,0.020689,172.31.36.0-255,66,178205,12,202803
4302,0.022977,74.125.24.0-255,5738,183943,12,202803
4303,0.022984,172.31.36.0-255,66,184009,12,202803
4304,0.025268,74.125.24.0-255,5738,189747,12,202803
4305,0.025275,172.31.36.0-255,66,189813,12,202803
4306,0.027547,74.125.24.0-255,5738,195551,12,202803
4307,0.027554,172.31.36.0-255,66,195617,12,202803
4308,0.028396,172.31.36.0-255,172,195789,12,202803
4309,0.028437,172.31.36.0-255,1078,196867,12,202803
4310,0.02982,74.125.24.0-255,5738,202605,12,202803
4311,0.029827,172.31.36.0-255,66,202671,12,202803
4312,0.029877,104.244.42.0-255,66,202737,12,202803
4313,0.029939,104.244.42.0-255,66,202803,12,202803
4314,0.0,172.31.36.0-255,105,105,12,105
4315,0.0,172.217.24.0-255,226,226,12,109472
4316,1.7e-05,172.31.36.0-255,66,292,12,109472
4317,2.4e-05,172.217.24.0-255,1484,1776,12,109472
4318,2.7e-05,172.31.36.0-255,66,1842,12,109472
4319,8e-05,172.217.24.0-255,4320,6162,12,109472
4320,8.3e-05,172.31.36.0-255,66,6228,12,109472
4321,0.00035,172.31.36.0-255,66,6294,12,109472
4322,0.000884,172.217.24.0-255,5738,12032,12,109472
4323,0.00089,172.31.36.0-255,66,12098,12,109472
4324,0.001227,172.217.24.0-255,7156,19254,12,109472
4325,0.001233,172.31.36.0-255,66,19320,12,109472
4326,0.001263,172.217.24.0-255,2543,21863,12,109472
4327,0.001266,172.31.36.0-255,66,21929,12,109472
4328,0.002,172.217.24.0-255,1525,23454,12,109472
4329,0.002008,172.31.36.0-255,66,23520,12,109472
4330,0.003233,172.217.24.0-255,2902,26422,12,109472
4331,0.003238,172.31.36.0-255,66,26488,12,109472
4332,0.003991,172.217.24.0-255,2902,29390,12,109472
4333,0.003998,172.31.36.0-255,66,29456,12,109472
4334,0.005205,172.217.24.0-255,2902,32358,12,109472
4335,0.005211,172.31.36.0-255,66,32424,12,109472
4336,0.005966,172.217.24.0-255,2902,35326,12,109472
4337,0.00597,172.31.36.0-255,66,35392,12,109472
4338,0.007204,172.217.24.0-255,1443,36835,12,109472
4339,0.007211,172.31.36.0-255,66,36901,12,109472
4340,0.007217,172.217.24.0-255,1484,38385,12,109472
4341,0.00722,172.31.36.0-255,66,38451,12,109472
4342,0.007953,172.217.24.0-255,2902,41353,12,109472
4343,0.007959,172.31.36.0-255,66,41419,12,109472
4344,0.009191,172.217.24.0-255,1484,42903,12,109472
4345,0.009197,172.31.36.0-255,66,42969,12,109472
4346,0.009225,172.217.24.0-255,1484,44453,12,109472
4347,0.009228,172.31.36.0-255,66,44519,12,109472
4348,0.009924,172.217.24.0-255,2902,47421,12,109472
4349,0.00993,172.31.36.0-255,66,47487,12,109472
4350,0.011186,172.217.24.0-255,1484,48971,12,109472
4351,0.011191,172.31.36.0-255,66,49037,12,109472
4352,0.011212,172.217.24.0-255,1484,50521,12,109472
4353,0.011214,172.31.36.0-255,66,50587,12,109472
4354,0.011908,172.217.24.0-255,1484,52071,12,109472
4355,0.011914,172.31.36.0-255,66,52137,12,109472
4356,0.011941,172.217.24.0-255,1484,53621,12,109472
4357,0.011943,172.31.36.0-255,66,53687,12,109472
4358,0.013214,172.217.24.0-255,1484,55171,12,109472
4359,0.013221,172.31.36.0-255,66,55237,12,109472
4360,0.013883,172.217.24.0-255,2902,58139,12,109472
4361,0.013888,172.31.36.0-255,66,58205,12,109472
4362,0.013952,172.217.24.0-255,1484,59689,12,109472
4363,0.013957,172.31.36.0-255,66,59755,12,109472
4364,0.015199,172.217.24.0-255,1484,61239,12,109472
4365,0.015206,172.31.36.0-255,66,61305,12,109472
4366,0.015854,172.217.24.0-255,2902,64207,12,109472
4367,0.015862,172.31.36.0-255,66,64273,12,109472
4368,0.015918,172.217.24.0-255,1484,65757,12,109472
4369,0.015923,172.31.36.0-255,66,65823,12,109472
4370,0.017169,172.217.24.0-255,1484,67307,12,109472
4371,0.017845,172.217.24.0-255,2902,70209,12,109472
4372,0.017852,172.31.36.0-255,66,70275,12,109472
4373,0.017906,172.217.24.0-255,1484,71759,12,109472
4374,0.019825,172.217.24.0-255,4320,76079,12,109472
4375,0.019831,172.31.36.0-255,66,76145,12,109472
4376,0.021636,172.31.36.0-255,188,76333,12,109472
4377,0.021666,172.31.36.0-255,952,77285,12,109472
4378,0.021715,172.31.36.0-255,1514,78799,12,109472
4379,0.021717,172.31.36.0-255,1455,80254,12,109472
4380,0.021806,172.217.24.0-255,5738,85992,12,109472
4381,0.021811,172.31.36.0-255,66,86058,12,109472
4382,0.023207,104.244.42.0-255,66,86124,12,109472
4383,0.023224,104.244.42.0-255,66,86190,12,109472
4384,0.023285,104.244.42.0-255,66,86256,12,109472
4385,0.023787,172.217.24.0-255,5738,91994,12,109472
4386,0.023794,172.31.36.0-255,66,92060,12,109472
4387,0.025768,172.217.24.0-255,5738,97798,12,109472
4388,0.025774,172.31.36.0-255,66,97864,12,109472
4389,0.027758,172.217.24.0-255,5738,103602,12,109472
4390,0.027765,172.31.36.0-255,66,103668,12,109472
4391,0.029763,172.217.24.0-255,5738,109406,12,109472
4392,0.029771,172.31.36.0-255,66,109472,12,109472
4393,0.0,172.217.194.0-255,153,153,12,149989
4394,2.2e-05,172.31.36.0-255,66,219,12,149989
4395,2.8e-05,172.217.194.0-255,1484,1703,12,149989
4396,3.2e-05,172.31.36.0-255,66,1769,12,149989
4397,3.5e-05,172.217.194.0-255,2902,4671,12,149989
4398,3.8e-05,172.31.36.0-255,66,4737,12,149989
4399,4.2e-05,172.217.194.0-255,1484,6221,12,149989
4400,4.4e-05,172.31.36.0-255,66,6287,12,149989
4401,8.4e-05,172.217.194.0-255,5738,12025,12,149989
4402,8.7e-05,172.31.36.0-255,66,12091,12,149989
4403,9e-05,172.217.194.0-255,1484,13575,12,149989
4404,9.1e-05,172.31.36.0-255,66,13641,12,149989
4405,9.5e-05,172.217.194.0-255,2004,15645,12,149989
4406,9.7e-05,172.31.36.0-255,66,15711,12,149989
4407,0.000106,172.217.194.0-255,4320,20031,12,149989
4408,0.000109,172.31.36.0-255,66,20097,12,149989
4409,0.000124,172.217.194.0-255,5738,25835,12,149989
4410,0.000126,172.31.36.0-255,66,25901,12,149989
4411,0.000151,172.217.194.0-255,2902,28803,12,149989
4412,0.000154,172.31.36.0-255,66,28869,12,149989
4413,0.000162,172.217.194.0-255,2543,31412,12,149989
4414,0.000164,172.31.36.0-255,66,31478,12,149989
4415,0.000275,172.217.194.0-255,1484,32962,12,149989
4416,0.000279,172.31.36.0-255,66,33028,12,149989
4417,0.000309,172.217.194.0-255,2902,35930,12,149989
4418,0.000314,172.217.194.0-255,5738,41668,12,149989
4419,0.000314,172.31.36.0-255,66,41734,12,149989
4420,0.000317,172.31.36.0-255,66,41800,12,149989
4421,0.00034,172.217.194.0-255,1484,43284,12,149989
4422,0.000342,172.31.36.0-255,66,43350,12,149989
4423,0.000382,172.31.36.0-255,66,43416,12,149989
4424,0.000395,172.31.36.0-255,66,43482,12,149989
4425,0.000645,172.217.194.0-255,378,43860,12,149989
4426,0.000673,172.217.194.0-255,366,44226,12,149989
4427,0.000696,172.31.36.0-255,66,44292,12,149989
4428,0.00073,172.217.194.0-255,1484,45776,12,149989
4429,0.000748,172.217.194.0-255,2902,48678,12,149989
4430,0.000762,172.217.194.0-255,1484,50162,12,149989
4431,0.000763,172.31.36.0-255,66,50228,12,149989
4432,0.000765,172.217.194.0-255,1484,51712,12,149989
4433,0.000768,172.31.36.0-255,66,51778,12,149989
4434,0.000789,172.217.194.0-255,5738,57516,12,149989
4435,0.000793,172.217.194.0-255,2902,60418,12,149989
4436,0.000799,172.31.36.0-255,66,60484,12,149989
4437,0.000834,172.217.194.0-255,5020,65504,12,149989
4438,0.000835,172.31.36.0-255,66,65570,12,149989
4439,0.000839,172.31.36.0-255,66,65636,12,149989
4440,0.002503,172.217.194.0-255,1484,67120,12,149989
4441,0.002514,172.217.194.0-255,2902,70022,12,149989
4442,0.002519,172.31.36.0-255,66,70088,12,149989
4443,0.002523,172.217.194.0-255,1484,71572,12,149989
4444,0.002554,172.217.194.0-255,4320,75892,12,149989
4445,0.002559,172.217.194.0-255,5738,81630,12,149989
4446,0.002577,172.217.194.0-255,4320,85950,12,149989
4447,0.00259,172.217.194.0-255,7156,93106,12,149989
4448,0.0026,172.217.194.0-255,1484,94590,12,149989
4449,0.002602,172.217.194.0-255,1484,96074,12,149989
4450,0.006478,172.31.36.0-255,66,96140,12,149989
4451,0.009031,172.217.194.0-255,5738,101878,12,149989
4452,0.009038,172.31.36.0-255,66,101944,12,149989
4453,0.011591,172.217.194.0-255,5738,107682,12,149989
4454,0.0116,172.31.36.0-255,66,107748,12,149989
4455,0.014159,172.217.194.0-255,5738,113486,12,149989
4456,0.014167,172.31.36.0-255,66,113552,12,149989
4457,0.016697,172.217.194.0-255,5738,119290,12,149989
4458,0.016706,172.31.36.0-255,66,119356,12,149989
4459,0.019251,172.217.194.0-255,5738,125094,12,149989
4460,0.019256,172.31.36.0-255,66,125160,12,149989
4461,0.021802,172.217.194.0-255,5738,130898,12,149989
4462,0.021809,172.31.36.0-255,66,130964,12,149989
4463,0.024361,172.217.194.0-255,4320,135284,12,149989
4464,0.024367,172.31.36.0-255,66,135350,12,149989
4465,0.024386,172.217.194.0-255,1484,136834,12,149989
4466,0.025301,172.31.36.0-255,198,137032,12,149989
4467,0.025331,172.31.36.0-255,952,137984,12,149989
4468,0.025372,172.31.36.0-255,1514,139498,12,149989
4469,0.025374,172.31.36.0-255,1455,140953,12,149989
4470,0.026824,104.244.42.0-255,66,141019,12,149989
4471,0.026893,172.217.194.0-255,2902,143921,12,149989
4472,0.026897,172.31.36.0-255,66,143987,12,149989
4473,0.026931,172.217.194.0-255,1484,145471,12,149989
4474,0.026955,104.244.42.0-255,66,145537,12,149989
4475,0.027006,104.244.42.0-255,66,145603,12,149989
4476,0.029434,172.217.194.0-255,4320,149923,12,149989
4477,0.029486,172.31.36.0-255,66,149989,12,149989
4478,0.0,172.217.194.0-255,153,153,12,223773
4479,2.5e-05,172.31.36.0-255,66,219,12,223773
4480,3.1e-05,172.217.194.0-255,1484,1703,12,223773
4481,3.4e-05,172.31.36.0-255,66,1769,12,223773
4482,3.9e-05,172.217.194.0-255,2902,4671,12,223773
4483,4.1e-05,172.31.36.0-255,66,4737,12,223773
4484,5.8e-05,172.217.194.0-255,7156,11893,12,223773
4485,6e-05,172.31.36.0-255,66,11959,12,223773
4486,7.9e-05,172.217.194.0-255,2058,14017,12,223773
4487,8.2e-05,172.31.36.0-255,66,14083,12,223773
4488,0.000168,172.217.194.0-255,1484,15567,12,223773
4489,0.000172,172.31.36.0-255,66,15633,12,223773
4490,0.000177,172.217.194.0-255,2902,18535,12,223773
4491,0.000179,172.31.36.0-255,66,18601,12,223773
4492,0.000183,172.217.194.0-255,2902,21503,12,223773
4493,0.000184,172.31.36.0-255,66,21569,12,223773
4494,0.000201,172.217.194.0-255,2902,24471,12,223773
4495,0.000202,172.31.36.0-255,66,24537,12,223773
4496,0.000237,172.31.36.0-255,66,24603,12,223773
4497,0.000247,172.217.194.0-255,1125,25728,12,223773
4498,0.00025,172.31.36.0-255,66,25794,12,223773
4499,0.00026,172.31.36.0-255,66,25860,12,223773
4500,0.000292,172.217.194.0-255,3961,29821,12,223773
4501,0.000295,172.31.36.0-255,66,29887,12,223773
4502,0.000309,172.217.194.0-255,4320,34207,12,223773
4503,0.000311,172.31.36.0-255,66,34273,12,223773
4504,0.000314,172.217.194.0-255,1484,35757,12,223773
4505,0.000315,172.31.36.0-255,66,35823,12,223773
4506,0.000339,172.217.194.0-255,2902,38725,12,223773
4507,0.000342,172.31.36.0-255,66,38791,12,223773
4508,0.000382,172.217.194.0-255,5738,44529,12,223773
4509,0.000386,172.31.36.0-255,66,44595,12,223773
4510,0.000403,172.217.194.0-255,2836,47431,12,223773
4511,0.000405,172.31.36.0-255,66,47497,12,223773
4512,0.000407,172.217.194.0-255,383,47880,12,223773
4513,0.000509,172.217.194.0-255,1484,49364,12,223773
4514,0.000512,172.31.36.0-255,66,49430,12,223773
4515,0.000517,172.217.194.0-255,2902,52332,12,223773
4516,0.000518,172.31.36.0-255,66,52398,12,223773
4517,0.000532,172.217.194.0-255,2902,55300,12,223773
4518,0.000534,172.31.36.0-255,66,55366,12,223773
4519,0.000553,172.217.194.0-255,7156,62522,12,223773
4520,0.000556,172.31.36.0-255,66,62588,12,223773
4521,0.00057,172.217.194.0-255,1484,64072,12,223773
4522,0.000581,172.217.194.0-255,1125,65197,12,223773
4523,0.000583,172.31.36.0-255,66,65263,12,223773
4524,0.000586,172.217.194.0-255,1484,66747,12,223773
4525,0.000602,172.217.194.0-255,1484,68231,12,223773
4526,0.000604,172.31.36.0-255,66,68297,12,223773
4527,0.00061,172.217.194.0-255,7156,75453,12,223773
4528,0.000612,172.31.36.0-255,66,75519,12,223773
4529,0.000636,172.217.194.0-255,6249,81768,12,223773
4530,0.000639,172.31.36.0-255,66,81834,12,223773
4531,0.000846,172.217.194.0-255,1484,83318,12,223773
4532,0.00085,172.217.194.0-255,1484,84802,12,223773
4533,0.000852,172.31.36.0-255,66,84868,12,223773
4534,0.000868,172.217.194.0-255,1484,86352,12,223773
4535,0.000873,172.217.194.0-255,4320,90672,12,223773
4536,0.000875,172.31.36.0-255,66,90738,12,223773
4537,0.000897,172.217.194.0-255,1484,92222,12,223773
4538,0.000907,172.31.36.0-255,66,92288,12,223773
4539,0.000937,172.217.194.0-255,2902,95190,12,223773
4540,0.00094,172.31.36.0-255,66,95256,12,223773
4541,0.000963,172.31.36.0-255,66,95322,12,223773
4542,0.001143,172.217.194.0-255,1484,96806,12,223773
4543,0.001147,172.217.194.0-255,1484,98290,12,223773
4544,0.001149,172.31.36.0-255,66,98356,12,223773
4545,0.001169,172.217.194.0-255,1484,99840,12,223773
4546,0.001174,172.217.194.0-255,5738,105578,12,223773
4547,0.001177,172.31.36.0-255,66,105644,12,223773
4548,0.001197,172.217.194.0-255,2902,108546,12,223773
4549,0.001198,172.31.36.0-255,66,108612,12,223773
4550,0.001228,172.31.36.0-255,66,108678,12,223773
4551,0.001264,172.31.36.0-255,66,108744,12,223773
4552,0.001472,172.217.194.0-255,1484,110228,12,223773
4553,0.00148,172.217.194.0-255,2902,113130,12,223773
4554,0.001483,172.31.36.0-255,66,113196,12,223773
4555,0.001502,172.217.194.0-255,1484,114680,12,223773
4556,0.001517,172.217.194.0-255,4320,119000,12,223773
4557,0.00152,172.31.36.0-255,66,119066,12,223773
4558,0.001525,172.217.194.0-255,5738,124804,12,223773
4559,0.001528,172.31.36.0-255,66,124870,12,223773
4560,0.001548,172.217.194.0-255,7156,132026,12,223773
4561,0.001551,172.31.36.0-255,66,132092,12,223773
4562,0.001562,172.31.36.0-255,66,132158,12,223773
4563,0.001595,172.217.194.0-255,1484,133642,12,223773
4564,0.001612,172.217.194.0-255,2902,136544,12,223773
4565,0.001615,172.31.36.0-255,66,136610,12,223773
4566,0.001621,172.217.194.0-255,5738,142348,12,223773
4567,0.001623,172.31.36.0-255,66,142414,12,223773
4568,0.001647,172.217.194.0-255,7156,149570,12,223773
4569,0.00165,172.31.36.0-255,66,149636,12,223773
4570,0.00167,172.217.194.0-255,5738,155374,12,223773
4571,0.001673,172.31.36.0-255,66,155440,12,223773
4572,0.001712,172.217.194.0-255,1484,156924,12,223773
4573,0.001736,172.31.36.0-255,66,156990,12,223773
4574,0.004063,172.217.194.0-255,5738,162728,12,223773
4575,0.004069,172.31.36.0-255,66,162794,12,223773
4576,0.006394,172.217.194.0-255,4320,167114,12,223773
4577,0.0064,172.31.36.0-255,66,167180,12,223773
4578,0.006425,172.217.194.0-255,1484,168664,12,223773
4579,0.008776,172.217.194.0-255,4320,172984,12,223773
4580,0.008783,172.31.36.0-255,66,173050,12,223773
4581,0.011158,172.217.194.0-255,5738,178788,12,223773
4582,0.011165,172.31.36.0-255,66,178854,12,223773
4583,0.013542,172.217.194.0-255,5738,184592,12,223773
4584,0.013549,172.31.36.0-255,66,184658,12,223773
4585,0.01591,172.217.194.0-255,5738,190396,12,223773
4586,0.015918,172.31.36.0-255,66,190462,12,223773
4587,0.018295,172.217.194.0-255,5738,196200,12,223773
4588,0.018302,172.31.36.0-255,66,196266,12,223773
4589,0.02066,172.217.194.0-255,5738,202004,12,223773
4590,0.02067,172.31.36.0-255,66,202070,12,223773
4591,0.023032,172.217.194.0-255,5738,207808,12,223773
4592,0.023039,172.31.36.0-255,66,207874,12,223773
4593,0.025394,172.217.194.0-255,5738,213612,12,223773
4594,0.025402,172.31.36.0-255,66,213678,12,223773
4595,0.027727,172.31.36.0-255,172,213850,12,223773
4596,0.027769,172.217.194.0-255,5738,219588,12,223773
4597,0.027774,172.31.36.0-255,66,219654,12,223773
4598,0.027778,172.31.36.0-255,1109,220763,12,223773
4599,0.027785,172.31.36.0-255,1514,222277,12,223773
4600,0.027786,172.31.36.0-255,1298,223575,12,223773
4601,0.029258,104.244.42.0-255,66,223641,12,223773
4602,0.029316,104.244.42.0-255,66,223707,12,223773
4603,0.029321,104.244.42.0-255,66,223773,12,223773
4604,0.0,74.125.24.0-255,148,148,12,158348
4605,3e-05,172.31.36.0-255,66,214,12,158348
4606,3.7e-05,74.125.24.0-255,1484,1698,12,158348
4607,4.1e-05,172.31.36.0-255,66,1764,12,158348
4608,4.6e-05,74.125.24.0-255,2902,4666,12,158348
4609,4.8e-05,172.31.36.0-255,66,4732,12,158348
4610,6.4e-05,74.125.24.0-255,7156,11888,12,158348
4611,6.7e-05,172.31.36.0-255,66,11954,12,158348
4612,7.1e-05,74.125.24.0-255,2058,14012,12,158348
4613,7.3e-05,172.31.36.0-255,66,14078,12,158348
4614,8.6e-05,172.31.36.0-255,66,14144,12,158348
4615,0.000118,74.125.24.0-255,1484,15628,12,158348
4616,0.00012,172.31.36.0-255,66,15694,12,158348
4617,0.000127,74.125.24.0-255,5379,21073,12,158348
4618,0.00013,172.31.36.0-255,66,21139,12,158348
4619,0.000441,74.125.24.0-255,1484,22623,12,158348
4620,0.000444,74.125.24.0-255,1484,24107,12,158348
4621,0.000447,172.31.36.0-255,66,24173,12,158348
4622,0.000452,172.31.36.0-255,66,24239,12,158348
4623,0.000459,74.125.24.0-255,1484,25723,12,158348
4624,0.000463,172.31.36.0-255,66,25789,12,158348
4625,0.000477,74.125.24.0-255,5738,31527,12,158348
4626,0.000479,172.31.36.0-255,66,31593,12,158348
4627,0.000508,74.125.24.0-255,4320,35913,12,158348
4628,0.000511,172.31.36.0-255,66,35979,12,158348
4629,0.000537,74.125.24.0-255,2543,38522,12,158348
4630,0.00054,172.31.36.0-255,66,38588,12,158348
4631,0.001104,74.125.24.0-255,1484,40072,12,158348
4632,0.001111,172.31.36.0-255,66,40138,12,158348
4633,0.00112,74.125.24.0-255,2902,43040,12,158348
4634,0.001123,172.31.36.0-255,66,43106,12,158348
4635,0.001138,74.125.24.0-255,5738,48844,12,158348
4636,0.001141,172.31.36.0-255,66,48910,12,158348
4637,0.001172,74.125.24.0-255,4320,53230,12,158348
4638,0.001175,172.31.36.0-255,66,53296,12,158348
4639,0.001207,74.125.24.0-255,5379,58675,12,158348
4640,0.001211,172.31.36.0-255,66,58741,12,158348
4641,0.001222,172.31.36.0-255,66,58807,12,158348
4642,0.001228,74.125.24.0-255,5738,64545,12,158348
4643,0.00123,172.31.36.0-255,66,64611,12,158348
4644,0.001284,172.31.36.0-255,66,64677,12,158348
4645,0.001288,74.125.24.0-255,1346,66023,12,158348
4646,0.002005,74.125.24.0-255,1484,67507,12,158348
4647,0.002011,172.31.36.0-255,66,67573,12,158348
4648,0.002018,74.125.24.0-255,2902,70475,12,158348
4649,0.00202,172.31.36.0-255,66,70541,12,158348
4650,0.002046,74.125.24.0-255,5738,76279,12,158348
4651,0.002048,172.31.36.0-255,66,76345,12,158348
4652,0.002083,172.31.36.0-255,66,76411,12,158348
4653,0.002088,74.125.24.0-255,4320,80731,12,158348
4654,0.002091,172.31.36.0-255,66,80797,12,158348
4655,0.002131,74.125.24.0-255,4320,85117,12,158348
4656,0.002133,172.31.36.0-255,66,85183,12,158348
4657,0.002159,74.125.24.0-255,2184,87367,12,158348
4658,0.002162,172.31.36.0-255,66,87433,12,158348
4659,0.004379,74.125.24.0-255,2902,90335,12,158348
4660,0.004386,172.31.36.0-255,66,90401,12,158348
4661,0.00443,74.125.24.0-255,1484,91885,12,158348
4662,0.004442,74.125.24.0-255,1484,93369,12,158348
4663,0.004448,172.31.36.0-255,66,93435,12,158348
4664,0.006635,74.125.24.0-255,2902,96337,12,158348
4665,0.006641,172.31.36.0-255,66,96403,12,158348
4666,0.006721,74.125.24.0-255,2902,99305,12,158348
4667,0.006725,172.31.36.0-255,66,99371,12,158348
4668,0.008946,74.125.24.0-255,2902,102273,12,158348
4669,0.008955,172.31.36.0-255,66,102339,12,158348
4670,0.008999,74.125.24.0-255,2902,105241,12,158348
4671,0.009002,172.31.36.0-255,66,105307,12,158348
4672,0.01124,74.125.24.0-255,2902,108209,12,158348
4673,0.011249,172.31.36.0-255,66,108275,12,158348
4674,0.011283,74.125.24.0-255,2902,111177,12,158348
4675,0.011288,172.31.36.0-255,66,111243,12,158348
4676,0.013513,74.125.24.0-255,2902,114145,12,158348
4677,0.013548,172.31.36.0-255,66,114211,12,158348
4678,0.013595,74.125.24.0-255,2902,117113,12,158348
4679,0.0136,172.31.36.0-255,66,117179,12,158348
4680,0.015831,74.125.24.0-255,2902,120081,12,158348
4681,0.01584,172.31.36.0-255,66,120147,12,158348
4682,0.015872,74.125.24.0-255,2902,123049,12,158348
4683,0.015875,172.31.36.0-255,66,123115,12,158348
4684,0.018134,74.125.24.0-255,5738,128853,12,158348
4685,0.018142,172.31.36.0-255,66,128919,12,158348
4686,0.02041,74.125.24.0-255,5738,134657,12,158348
4687,0.020417,172.31.36.0-255,66,134723,12,158348
4688,0.020577,172.31.36.0-255,172,134895,12,158348
4689,0.020603,172.31.36.0-255,1109,136004,12,158348
4690,0.02065,172.31.36.0-255,1514,137518,12,158348
4691,0.020651,172.31.36.0-255,1298,138816,12,158348
4692,0.02215,104.244.42.0-255,66,138882,12,158348
4693,0.022207,104.244.42.0-255,66,138948,12,158348
4694,0.022249,104.244.42.0-255,66,139014,12,158348
4695,0.022671,74.125.24.0-255,4320,143334,12,158348
4696,0.022675,172.31.36.0-255,66,143400,12,158348
4697,0.022713,74.125.24.0-255,1484,144884,12,158348
4698,0.023441,104.244.42.0-255,108,144992,12,158348
4699,0.023464,172.31.36.0-255,66,145058,12,158348
4700,0.024934,74.125.24.0-255,2902,147960,12,158348
4701,0.024938,172.31.36.0-255,66,148026,12,158348
4702,0.02497,74.125.24.0-255,1484,149510,12,158348
4703,0.027189,74.125.24.0-255,2902,152412,12,158348
4704,0.027194,172.31.36.0-255,66,152478,12,158348
4705,0.027225,74.125.24.0-255,1484,153962,12,158348
4706,0.029465,74.125.24.0-255,4320,158282,12,158348
4707,0.029471,172.31.36.0-255,66,158348,12,158348
4708,0.0,172.253.118.0-255,153,153,12,202319
4709,3.2e-05,172.31.36.0-255,66,219,12,202319
4710,3.8e-05,172.253.118.0-255,1484,1703,12,202319
4711,4.3e-05,172.31.36.0-255,66,1769,12,202319
4712,4.8e-05,172.253.118.0-255,2902,4671,12,202319
4713,5.1e-05,172.31.36.0-255,66,4737,12,202319
4714,6.5e-05,172.253.118.0-255,4320,9057,12,202319
4715,6.8e-05,172.31.36.0-255,66,9123,12,202319
4716,0.000108,172.253.118.0-255,4874,13997,12,202319
4717,0.000111,172.31.36.0-255,66,14063,12,202319
4718,0.000221,172.253.118.0-255,1484,15547,12,202319
4719,0.000225,172.31.36.0-255,66,15613,12,202319
4720,0.000239,172.253.118.0-255,2902,18515,12,202319
4721,0.000242,172.31.36.0-255,66,18581,12,202319
4722,0.000252,172.253.118.0-255,5738,24319,12,202319
4723,0.000255,172.31.36.0-255,66,24385,12,202319
4724,0.000261,172.253.118.0-255,4320,28705,12,202319
4725,0.000265,172.31.36.0-255,66,28771,12,202319
4726,0.000313,172.31.36.0-255,66,28837,12,202319
4727,0.00034,172.253.118.0-255,2543,31380,12,202319
4728,0.000343,172.31.36.0-255,66,31446,12,202319
4729,0.000349,172.253.118.0-255,5738,37184,12,202319
4730,0.000352,172.31.36.0-255,66,37250,12,202319
4731,0.000396,172.31.36.0-255,66,37316,12,202319
4732,0.000399,172.253.118.0-255,415,37731,12,202319
4733,0.000401,172.31.36.0-255,66,37797,12,202319
4734,0.000539,172.253.118.0-255,1484,39281,12,202319
4735,0.000544,172.31.36.0-255,66,39347,12,202319
4736,0.000549,172.253.118.0-255,2902,42249,12,202319
4737,0.000552,172.31.36.0-255,66,42315,12,202319
4738,0.000581,172.253.118.0-255,5738,48053,12,202319
4739,0.000585,172.31.36.0-255,66,48119,12,202319
4740,0.000592,172.253.118.0-255,7156,55275,12,202319
4741,0.000595,172.31.36.0-255,66,55341,12,202319
4742,0.000598,172.253.118.0-255,1484,56825,12,202319
4743,0.000653,172.31.36.0-255,66,56891,12,202319
4744,0.000657,172.253.118.0-255,2184,59075,12,202319
4745,0.00066,172.31.36.0-255,66,59141,12,202319
4746,0.000766,172.253.118.0-255,330,59471,12,202319
4747,0.00111,172.31.36.0-255,66,59537,12,202319
4748,0.001246,172.253.118.0-255,1484,61021,12,202319
4749,0.001255,172.253.118.0-255,2902,63923,12,202319
4750,0.001259,172.31.36.0-255,66,63989,12,202319
4751,0.001264,172.253.118.0-255,1484,65473,12,202319
4752,0.001288,172.253.118.0-255,1484,66957,12,202319
4753,0.001291,172.31.36.0-255,66,67023,12,202319
4754,0.001299,172.253.118.0-255,4320,71343,12,202319
4755,0.001302,172.31.36.0-255,66,71409,12,202319
4756,0.001319,172.31.36.0-255,66,71475,12,202319
4757,0.001331,172.31.36.0-255,66,71541,12,202319
4758,0.001344,172.253.118.0-255,2184,73725,12,202319
4759,0.001352,172.31.36.0-255,66,73791,12,202319
4760,0.001387,172.253.118.0-255,1484,75275,12,202319
4761,0.001406,172.253.118.0-255,2902,78177,12,202319
4762,0.001409,172.31.36.0-255,66,78243,12,202319
4763,0.001415,172.253.118.0-255,5738,83981,12,202319
4764,0.001418,172.31.36.0-255,66,84047,12,202319
4765,0.001451,172.253.118.0-255,7156,91203,12,202319
4766,0.001454,172.31.36.0-255,66,91269,12,202319
4767,0.001475,172.31.36.0-255,66,91335,12,202319
4768,0.001479,172.253.118.0-255,2184,93519,12,202319
4769,0.001482,172.31.36.0-255,66,93585,12,202319
4770,0.001535,172.253.118.0-255,1484,95069,12,202319
4771,0.001553,172.253.118.0-255,2902,97971,12,202319
4772,0.001556,172.31.36.0-255,66,98037,12,202319
4773,0.001563,172.253.118.0-255,5738,103775,12,202319
4774,0.001566,172.31.36.0-255,66,103841,12,202319
4775,0.001577,172.253.118.0-255,4320,108161,12,202319
4776,0.001579,172.31.36.0-255,66,108227,12,202319
4777,0.001625,172.31.36.0-255,66,108293,12,202319
4778,0.001635,172.31.36.0-255,66,108359,12,202319
4779,0.001978,172.253.118.0-255,1484,109843,12,202319
4780,0.001985,172.253.118.0-255,2902,112745,12,202319
4781,0.001989,172.31.36.0-255,66,112811,12,202319
4782,0.001996,172.253.118.0-255,5738,118549,12,202319
4783,0.001998,172.31.36.0-255,66,118615,12,202319
4784,0.002041,172.31.36.0-255,66,118681,12,202319
4785,0.002046,172.253.118.0-255,5738,124419,12,202319
4786,0.002048,172.31.36.0-255,66,124485,12,202319
4787,0.002077,172.253.118.0-255,4320,128805,12,202319
4788,0.002083,172.31.36.0-255,66,128871,12,202319
4789,0.002109,172.253.118.0-255,766,129637,12,202319
4790,0.004117,172.253.118.0-255,4320,133957,12,202319
4791,0.004121,172.31.36.0-255,66,134023,12,202319
4792,0.006153,172.253.118.0-255,4320,138343,12,202319
4793,0.006156,172.31.36.0-255,66,138409,12,202319
4794,0.006177,172.253.118.0-255,1484,139893,12,202319
4795,0.008245,172.253.118.0-255,4320,144213,12,202319
4796,0.008251,172.31.36.0-255,66,144279,12,202319
4797,0.010317,172.253.118.0-255,5738,150017,12,202319
4798,0.010325,172.31.36.0-255,66,150083,12,202319
4799,0.012386,172.253.118.0-255,5738,155821,12,202319
4800,0.012403,172.31.36.0-255,66,155887,12,202319
4801,0.014473,172.253.118.0-255,5738,161625,12,202319
4802,0.014491,172.31.36.0-255,66,161691,12,202319
4803,0.016557,172.253.118.0-255,5738,167429,12,202319
4804,0.016577,172.31.36.0-255,66,167495,12,202319
4805,0.018619,172.253.118.0-255,5738,173233,12,202319
4806,0.018627,172.31.36.0-255,66,173299,12,202319
4807,0.020677,172.253.118.0-255,5738,179037,12,202319
4808,0.020684,172.31.36.0-255,66,179103,12,202319
4809,0.022761,172.253.118.0-255,5738,184841,12,202319
4810,0.022774,172.31.36.0-255,66,184907,12,202319
4811,0.024814,172.253.118.0-255,5738,190645,12,202319
4812,0.02482,172.31.36.0-255,66,190711,12,202319
4813,0.026853,172.253.118.0-255,5738,196449,12,202319
4814,0.026858,172.31.36.0-255,66,196515,12,202319
4815,0.028898,172.253.118.0-255,5738,202253,12,202319
4816,0.028903,172.31.36.0-255,66,202319,12,202319
4817,0.0,172.31.36.0-255,105,105,12,105
4818,0.0,74.125.24.0-255,152,152,12,143942
4819,2.4e-05,172.31.36.0-255,66,218,12,143942
4820,2.9e-05,74.125.24.0-255,1484,1702,12,143942
4821,3.4e-05,172.31.36.0-255,66,1768,12,143942
4822,6.1e-05,74.125.24.0-255,2902,4670,12,143942
4823,6.4e-05,172.31.36.0-255,66,4736,12,143942
4824,0.00017,74.125.24.0-255,2902,7638,12,143942
4825,0.000175,172.31.36.0-255,66,7704,12,143942
4826,0.000189,74.125.24.0-255,4320,12024,12,143942
4827,0.000192,172.31.36.0-255,66,12090,12,143942
4828,0.000368,74.125.24.0-255,2109,14199,12,143942
4829,0.000374,172.31.36.0-255,66,14265,12,143942
4830,0.000429,74.125.24.0-255,1484,15749,12,143942
4831,0.000433,172.31.36.0-255,66,15815,12,143942
4832,0.000461,74.125.24.0-255,1484,17299,12,143942
4833,0.000464,172.31.36.0-255,66,17365,12,143942
4834,0.00053,74.125.24.0-255,7156,24521,12,143942
4835,0.000535,172.31.36.0-255,66,24587,12,143942
4836,0.000758,74.125.24.0-255,6797,31384,12,143942
4837,0.000764,172.31.36.0-255,66,31450,12,143942
4838,0.000971,74.125.24.0-255,7156,38606,12,143942
4839,0.000977,172.31.36.0-255,66,38672,12,143942
4840,0.001013,172.31.36.0-255,66,38738,12,143942
4841,0.001467,74.125.24.0-255,1125,39863,12,143942
4842,0.001474,172.31.36.0-255,66,39929,12,143942
4843,0.001505,74.125.24.0-255,2902,42831,12,143942
4844,0.001508,172.31.36.0-255,66,42897,12,143942
4845,0.00154,172.31.36.0-255,66,42963,12,143942
4846,0.002026,74.125.24.0-255,331,43294,12,143942
4847,0.002031,172.31.36.0-255,66,43360,12,143942
4848,0.002048,74.125.24.0-255,1484,44844,12,143942
4849,0.002098,74.125.24.0-255,4320,49164,12,143942
4850,0.002115,172.31.36.0-255,66,49230,12,143942
4851,0.002225,74.125.24.0-255,4320,53550,12,143942
4852,0.002229,172.31.36.0-255,66,53616,12,143942
4853,0.002255,74.125.24.0-255,4320,57936,12,143942
4854,0.002263,172.31.36.0-255,66,58002,12,143942
4855,0.002495,74.125.24.0-255,2902,60904,12,143942
4856,0.002499,172.31.36.0-255,66,60970,12,143942
4857,0.002552,172.31.36.0-255,66,61036,12,143942
4858,0.002555,74.125.24.0-255,4320,65356,12,143942
4859,0.002573,172.31.36.0-255,66,65422,12,143942
4860,0.003084,74.125.24.0-255,2902,68324,12,143942
4861,0.003089,172.31.36.0-255,66,68390,12,143942
4862,0.003142,172.31.36.0-255,66,68456,12,143942
4863,0.003151,74.125.24.0-255,7156,75612,12,143942
4864,0.003161,172.31.36.0-255,66,75678,12,143942
4865,0.003165,74.125.24.0-255,2902,78580,12,143942
4866,0.003181,172.31.36.0-255,66,78646,12,143942
4867,0.005444,74.125.24.0-255,2902,81548,12,143942
4868,0.005449,172.31.36.0-255,66,81614,12,143942
4869,0.005479,74.125.24.0-255,2902,84516,12,143942
4870,0.005492,172.31.36.0-255,66,84582,12,143942
4871,0.007715,74.125.24.0-255,2902,87484,12,143942
4872,0.007721,172.31.36.0-255,66,87550,12,143942
4873,0.007742,74.125.24.0-255,2902,90452,12,143942
4874,0.00785,172.31.36.0-255,66,90518,12,143942
4875,0.010003,74.125.24.0-255,2902,93420,12,143942
4876,0.01001,172.31.36.0-255,66,93486,12,143942
4877,0.010101,74.125.24.0-255,2902,96388,12,143942
4878,0.010106,172.31.36.0-255,66,96454,12,143942
4879,0.01229,74.125.24.0-255,2902,99356,12,143942
4880,0.012298,172.31.36.0-255,66,99422,12,143942
4881,0.012339,74.125.24.0-255,2902,102324,12,143942
4882,0.012351,172.31.36.0-255,66,102390,12,143942
4883,0.014557,74.125.24.0-255,2902,105292,12,143942
4884,0.014567,172.31.36.0-255,66,105358,12,143942
4885,0.014624,74.125.24.0-255,2902,108260,12,143942
4886,0.014646,172.31.36.0-255,66,108326,12,143942
4887,0.016812,74.125.24.0-255,2902,111228,12,143942
4888,0.01682,172.31.36.0-255,66,111294,12,143942
4889,0.016915,74.125.24.0-255,2902,114196,12,143942
4890,0.016921,172.31.36.0-255,66,114262,12,143942
4891,0.0191,74.125.24.0-255,2902,117164,12,143942
4892,0.019107,172.31.36.0-255,66,117230,12,143942
4893,0.019179,74.125.24.0-255,2902,120132,12,143942
4894,0.019746,172.31.36.0-255,66,120198,12,143942
4895,0.021374,74.125.24.0-255,2902,123100,12,143942
4896,0.021385,172.31.36.0-255,66,123166,12,143942
4897,0.022033,74.125.24.0-255,2902,126068,12,143942
4898,0.022041,172.31.36.0-255,66,126134,12,143942
4899,0.023642,74.125.24.0-255,2902,129036,12,143942
4900,0.02365,172.31.36.0-255,66,129102,12,143942
4901,0.024318,74.125.24.0-255,2902,132004,12,143942
4902,0.024325,172.31.36.0-255,66,132070,12,143942
4903,0.026004,74.125.24.0-255,2902,134972,12,143942
4904,0.026011,172.31.36.0-255,66,135038,12,143942
4905,0.026583,74.125.24.0-255,2902,137940,12,143942
4906,0.026589,172.31.36.0-255,66,138006,12,143942
4907,0.028295,74.125.24.0-255,2902,140908,12,143942
4908,0.028301,172.31.36.0-255,66,140974,12,143942
4909,0.028857,74.125.24.0-255,2902,143876,12,143942
4910,0.028861,172.31.36.0-255,66,143942,12,143942
4911,0.0,74.125.24.0-255,150,150,12,232522
4912,2.8e-05,172.31.36.0-255,66,216,12,232522
4913,3.6e-05,74.125.24.0-255,1484,1700,12,232522
4914,3.9e-05,172.31.36.0-255,66,1766,12,232522
4915,4.4e-05,74.125.24.0-255,2902,4668,12,232522
4916,4.7e-05,172.31.36.0-255,66,4734,12,232522
4917,5e-05,74.125.24.0-255,1484,6218,12,232522
4918,5.3e-05,172.31.36.0-255,66,6284,12,232522
4919,7.6e-05,74.125.24.0-255,5738,12022,12,232522
4920,7.9e-05,172.31.36.0-255,66,12088,12,232522
4921,9.2e-05,74.125.24.0-255,1975,14063,12,232522
4922,9.4e-05,172.31.36.0-255,66,14129,12,232522
4923,0.000113,74.125.24.0-255,2902,17031,12,232522
4924,0.000115,172.31.36.0-255,66,17097,12,232522
4925,0.000142,74.125.24.0-255,4320,21417,12,232522
4926,0.000145,172.31.36.0-255,66,21483,12,232522
4927,0.000161,74.125.24.0-255,2902,24385,12,232522
4928,0.000165,172.31.36.0-255,66,24451,12,232522
4929,0.000206,74.125.24.0-255,6797,31248,12,232522
4930,0.00021,172.31.36.0-255,66,31314,12,232522
4931,0.000847,74.125.24.0-255,1484,32798,12,232522
4932,0.000853,172.31.36.0-255,66,32864,12,232522
4933,0.000862,74.125.24.0-255,2902,35766,12,232522
4934,0.000864,172.31.36.0-255,66,35832,12,232522
4935,0.000871,74.125.24.0-255,5738,41570,12,232522
4936,0.000873,172.31.36.0-255,66,41636,12,232522
4937,0.000907,74.125.24.0-255,5738,47374,12,232522
4938,0.00091,172.31.36.0-255,66,47440,12,232522
4939,0.000962,74.125.24.0-255,2902,50342,12,232522
4940,0.000965,172.31.36.0-255,66,50408,12,232522
4941,0.000988,172.31.36.0-255,66,50474,12,232522
4942,0.001078,74.125.24.0-255,2902,53376,12,232522
4943,0.001082,172.31.36.0-255,66,53442,12,232522
4944,0.001099,74.125.24.0-255,1437,54879,12,232522
4945,0.001122,74.125.24.0-255,343,55222,12,232522
4946,0.001125,172.31.36.0-255,66,55288,12,232522
4947,0.00127,74.125.24.0-255,1484,56772,12,232522
4948,0.001275,74.125.24.0-255,2902,59674,12,232522
4949,0.001278,172.31.36.0-255,66,59740,12,232522
4950,0.001301,74.125.24.0-255,2902,62642,12,232522
4951,0.001303,172.31.36.0-255,66,62708,12,232522
4952,0.001315,74.125.24.0-255,2902,65610,12,232522
4953,0.001317,172.31.36.0-255,66,65676,12,232522
4954,0.001336,74.125.24.0-255,1484,67160,12,232522
4955,0.00136,172.31.36.0-255,66,67226,12,232522
4956,0.00145,74.125.24.0-255,2902,70128,12,232522
4957,0.001453,172.31.36.0-255,66,70194,12,232522
4958,0.001471,74.125.24.0-255,4320,74514,12,232522
4959,0.001473,172.31.36.0-255,66,74580,12,232522
4960,0.001519,74.125.24.0-255,2543,77123,12,232522
4961,0.001521,172.31.36.0-255,66,77189,12,232522
4962,0.001536,74.125.24.0-255,1484,78673,12,232522
4963,0.001547,74.125.24.0-255,1484,80157,12,232522
4964,0.001549,172.31.36.0-255,66,80223,12,232522
4965,0.001567,74.125.24.0-255,4320,84543,12,232522
4966,0.001569,172.31.36.0-255,66,84609,12,232522
4967,0.001582,74.125.24.0-255,2902,87511,12,232522
4968,0.001584,172.31.36.0-255,66,87577,12,232522
4969,0.001629,74.125.24.0-255,4320,91897,12,232522
4970,0.001632,172.31.36.0-255,66,91963,12,232522
4971,0.001645,74.125.24.0-255,5738,97701,12,232522
4972,0.001647,172.31.36.0-255,66,97767,12,232522
4973,0.001666,74.125.24.0-255,5738,103505,12,232522
4974,0.001668,172.31.36.0-255,66,103571,12,232522
4975,0.001762,74.125.24.0-255,4320,107891,12,232522
4976,0.001765,172.31.36.0-255,66,107957,12,232522
4977,0.001785,74.125.24.0-255,3602,111559,12,232522
4978,0.001787,172.31.36.0-255,66,111625,12,232522
4979,0.001944,74.125.24.0-255,1484,113109,12,232522
4980,0.001947,74.125.24.0-255,1484,114593,12,232522
4981,0.001949,172.31.36.0-255,66,114659,12,232522
4982,0.001966,74.125.24.0-255,1484,116143,12,232522
4983,0.001971,74.125.24.0-255,4320,120463,12,232522
4984,0.001974,172.31.36.0-255,66,120529,12,232522
4985,0.001988,74.125.24.0-255,1484,122013,12,232522
4986,0.002007,74.125.24.0-255,2902,124915,12,232522
4987,0.00201,172.31.36.0-255,66,124981,12,232522
4988,0.002033,74.125.24.0-255,7156,132137,12,232522
4989,0.002035,172.31.36.0-255,66,132203,12,232522
4990,0.00205,74.125.24.0-255,2902,135105,12,232522
4991,0.002052,172.31.36.0-255,66,135171,12,232522
4992,0.002132,74.125.24.0-255,7156,142327,12,232522
4993,0.002134,172.31.36.0-255,66,142393,12,232522
4994,0.002154,74.125.24.0-255,3602,145995,12,232522
4995,0.002157,172.31.36.0-255,66,146061,12,232522
4996,0.002488,74.125.24.0-255,1484,147545,12,232522
4997,0.002493,74.125.24.0-255,2902,150447,12,232522
4998,0.002495,172.31.36.0-255,66,150513,12,232522
4999,0.002506,74.125.24.0-255,1484,151997,12,232522
5000,0.002525,74.125.24.0-255,4320,156317,12,232522
5001,0.002528,172.31.36.0-255,66,156383,12,232522
5002,0.002559,74.125.24.0-255,2902,159285,12,232522
5003,0.002561,172.31.36.0-255,66,159351,12,232522
5004,0.002664,74.125.24.0-255,4320,163671,12,232522
5005,0.002678,74.125.24.0-255,2902,166573,12,232522
5006,0.002724,74.125.24.0-255,3602,170175,12,232522
5007,0.003578,172.31.36.0-255,66,170241,12,232522
5008,0.006163,74.125.24.0-255,5738,175979,12,232522
5009,0.006172,172.31.36.0-255,66,176045,12,232522
5010,0.008774,74.125.24.0-255,5738,181783,12,232522
5011,0.008782,172.31.36.0-255,66,181849,12,232522
5012,0.011356,74.125.24.0-255,5738,187587,12,232522
5013,0.011369,172.31.36.0-255,66,187653,12,232522
5014,0.013956,74.125.24.0-255,5738,193391,12,232522
5015,0.013972,172.31.36.0-255,66,193457,12,232522
5016,0.016602,74.125.24.0-255,5738,199195,12,232522
5017,0.016618,172.31.36.0-255,66,199261,12,232522
5018,0.019201,74.125.24.0-255,5738,204999,12,232522
5019,0.019212,172.31.36.0-255,66,205065,12,232522
5020,0.021783,74.125.24.0-255,5738,210803,12,232522
5021,0.021798,172.31.36.0-255,66,210869,12,232522
5022,0.024401,74.125.24.0-255,5738,216607,12,232522
5023,0.024417,172.31.36.0-255,66,216673,12,232522
5024,0.027037,74.125.24.0-255,5738,222411,12,232522
5025,0.027048,172.31.36.0-255,66,222477,12,232522
5026,0.028365,172.31.36.0-255,188,222665,12,232522
5027,0.028403,172.31.36.0-255,952,223617,12,232522
5028,0.028438,172.31.36.0-255,1514,225131,12,232522
5029,0.02844,172.31.36.0-255,1455,226586,12,232522
5030,0.029636,74.125.24.0-255,5738,232324,12,232522
5031,0.029645,172.31.36.0-255,66,232390,12,232522
5032,0.029898,104.244.42.0-255,66,232456,12,232522
5033,0.029979,104.244.42.0-255,66,232522,12,232522
5034,0.0,172.217.194.0-255,301,301,12,148723
5035,2.3e-05,172.31.36.0-255,66,367,12,148723
5036,3e-05,172.217.194.0-255,1484,1851,12,148723
5037,3.5e-05,172.31.36.0-255,66,1917,12,148723
5038,4.2e-05,172.217.194.0-255,4320,6237,12,148723
5039,4.6e-05,172.31.36.0-255,66,6303,12,148723
5040,6.9e-05,172.31.36.0-255,66,6369,12,148723
5041,7.5e-05,172.217.194.0-255,4320,10689,12,148723
5042,7.7e-05,172.31.36.0-255,66,10755,12,148723
5043,9.6e-05,172.217.194.0-255,1484,12239,12,148723
5044,0.0001,172.31.36.0-255,66,12305,12,148723
5045,0.000141,172.31.36.0-255,66,12371,12,148723
5046,0.00018,172.31.36.0-255,66,12437,12,148723
5047,0.000199,172.31.36.0-255,66,12503,12,148723
5048,0.00021,172.31.36.0-255,66,12569,12,148723
5049,0.000238,172.217.194.0-255,3946,16515,12,148723
5050,0.00024,172.31.36.0-255,66,16581,12,148723
5051,0.00036,172.217.194.0-255,1484,18065,12,148723
5052,0.000364,172.31.36.0-255,66,18131,12,148723
5053,0.000369,172.217.194.0-255,2902,21033,12,148723
5054,0.000372,172.31.36.0-255,66,21099,12,148723
5055,0.000376,172.217.194.0-255,2902,24001,12,148723
5056,0.000384,172.31.36.0-255,66,24067,12,148723
5057,0.000422,172.217.194.0-255,2902,26969,12,148723
5058,0.000425,172.31.36.0-255,66,27035,12,148723
5059,0.000444,172.31.36.0-255,66,27101,12,148723
5060,0.000457,172.31.36.0-255,66,27167,12,148723
5061,0.000507,172.217.194.0-255,1484,28651,12,148723
5062,0.000512,172.217.194.0-255,2902,31553,12,148723
5063,0.000515,172.31.36.0-255,66,31619,12,148723
5064,0.000521,172.217.194.0-255,4320,35939,12,148723
5065,0.000523,172.31.36.0-255,66,36005,12,148723
5066,0.000539,172.217.194.0-255,1484,37489,12,148723
5067,0.000551,172.217.194.0-255,7156,44645,12,148723
5068,0.000553,172.31.36.0-255,66,44711,12,148723
5069,0.000572,172.217.194.0-255,5738,50449,12,148723
5070,0.000574,172.31.36.0-255,66,50515,12,148723
5071,0.000616,172.31.36.0-255,66,50581,12,148723
5072,0.000641,172.217.194.0-255,2184,52765,12,148723
5073,0.000647,172.31.36.0-255,66,52831,12,148723
5074,0.00065,172.217.194.0-255,1484,54315,12,148723
5075,0.000668,172.217.194.0-255,2902,57217,12,148723
5076,0.00067,172.31.36.0-255,66,57283,12,148723
5077,0.000677,172.217.194.0-255,5738,63021,12,148723
5078,0.00068,172.31.36.0-255,66,63087,12,148723
5079,0.000683,172.217.194.0-255,1484,64571,12,148723
5080,0.000726,172.31.36.0-255,66,64637,12,148723
5081,0.000743,172.31.36.0-255,66,64703,12,148723
5082,0.000781,172.217.194.0-255,7156,71859,12,148723
5083,0.000784,172.31.36.0-255,66,71925,12,148723
5084,0.000812,172.217.194.0-255,1484,73409,12,148723
5085,0.000825,172.31.36.0-255,66,73475,12,148723
5086,0.00083,172.217.194.0-255,4320,77795,12,148723
5087,0.000833,172.31.36.0-255,66,77861,12,148723
5088,0.000875,172.31.36.0-255,66,77927,12,148723
5089,0.00098,172.217.194.0-255,1484,79411,12,148723
5090,0.000999,172.217.194.0-255,2902,82313,12,148723
5091,0.001006,172.217.194.0-255,5738,88051,12,148723
5092,0.001009,172.217.194.0-255,2902,90953,12,148723
5093,0.001018,172.31.36.0-255,66,91019,12,148723
5094,0.001023,172.31.36.0-255,66,91085,12,148723
5095,0.001025,172.31.36.0-255,66,91151,12,148723
5096,0.001042,172.31.36.0-255,66,91217,12,148723
5097,0.001052,172.31.36.0-255,66,91283,12,148723
5098,0.001079,172.217.194.0-255,2184,93467,12,148723
5099,0.001082,172.31.36.0-255,66,93533,12,148723
5100,0.00109,172.217.194.0-255,1484,95017,12,148723
5101,0.001094,172.217.194.0-255,2902,97919,12,148723
5102,0.001097,172.31.36.0-255,66,97985,12,148723
5103,0.001148,172.217.194.0-255,5738,103723,12,148723
5104,0.001152,172.31.36.0-255,66,103789,12,148723
5105,0.001175,172.31.36.0-255,66,103855,12,148723
5106,0.001186,172.31.36.0-255,66,103921,12,148723
5107,0.0012,172.31.36.0-255,66,103987,12,148723
5108,0.001241,172.217.194.0-255,2184,106171,12,148723
5109,0.001244,172.31.36.0-255,66,106237,12,148723
5110,0.001259,172.31.36.0-255,66,106303,12,148723
5111,0.001271,172.217.194.0-255,6438,112741,12,148723
5112,0.001274,172.31.36.0-255,66,112807,12,148723
5113,0.001281,172.217.194.0-255,7156,119963,12,148723
5114,0.001283,172.31.36.0-255,66,120029,12,148723
5115,0.001375,172.31.36.0-255,66,120095,12,148723
5116,0.001992,172.217.194.0-255,1484,121579,12,148723
5117,0.001999,172.217.194.0-255,2902,124481,12,148723
5118,0.002002,172.31.36.0-255,66,124547,12,148723
5119,0.002008,172.217.194.0-255,2902,127449,12,148723
5120,0.00201,172.31.36.0-255,66,127515,12,148723
5121,0.002031,172.217.194.0-255,2902,130417,12,148723
5122,0.002033,172.31.36.0-255,66,130483,12,148723
5123,0.002057,172.31.36.0-255,66,130549,12,148723
5124,0.00207,172.31.36.0-255,66,130615,12,148723
5125,0.002076,172.217.194.0-255,4320,134935,12,148723
5126,0.002078,172.31.36.0-255,66,135001,12,148723
5127,0.00212,172.217.194.0-255,7156,142157,12,148723
5128,0.002174,172.217.194.0-255,4876,147033,12,148723
5129,0.002178,172.31.36.0-255,66,147099,12,148723
5130,0.002186,172.217.194.0-255,105,147204,12,148723
5131,0.002206,172.31.36.0-255,66,147270,12,148723
5132,0.004698,172.31.36.0-255,105,147375,12,148723
5133,0.007281,172.217.194.0-255,66,147441,12,148723
5134,0.029929,172.31.36.0-255,176,147617,12,148723
5135,0.029967,172.31.36.0-255,1106,148723,12,148723
5136,0.0,74.125.24.0-255,147,147,12,189351
5137,2.1e-05,172.31.36.0-255,66,213,12,189351
5138,2.8e-05,74.125.24.0-255,1484,1697,12,189351
5139,3.3e-05,172.31.36.0-255,66,1763,12,189351
5140,3.6e-05,74.125.24.0-255,1484,3247,12,189351
5141,4.8e-05,172.31.36.0-255,66,3313,12,189351
5142,5.6e-05,74.125.24.0-255,4320,7633,12,189351
5143,5.9e-05,172.31.36.0-255,66,7699,12,189351
5144,9.9e-05,74.125.24.0-255,6287,13986,12,189351
5145,0.000102,172.31.36.0-255,66,14052,12,189351
5146,0.000121,74.125.24.0-255,1484,15536,12,189351
5147,0.000123,172.31.36.0-255,66,15602,12,189351
5148,0.000128,74.125.24.0-255,2902,18504,12,189351
5149,0.000131,172.31.36.0-255,66,18570,12,189351
5150,0.000137,74.125.24.0-255,4320,22890,12,189351
5151,0.00014,172.31.36.0-255,66,22956,12,189351
5152,0.000168,74.125.24.0-255,1484,24440,12,189351
5153,0.00017,172.31.36.0-255,66,24506,12,189351
5154,0.0002,74.125.24.0-255,6797,31303,12,189351
5155,0.000203,172.31.36.0-255,66,31369,12,189351
5156,0.00027,74.125.24.0-255,1484,32853,12,189351
5157,0.000273,172.31.36.0-255,66,32919,12,189351
5158,0.000277,74.125.24.0-255,1484,34403,12,189351
5159,0.000279,172.31.36.0-255,66,34469,12,189351
5160,0.000307,74.125.24.0-255,1484,35953,12,189351
5161,0.00031,172.31.36.0-255,66,36019,12,189351
5162,0.000317,74.125.24.0-255,5738,41757,12,189351
5163,0.000321,172.31.36.0-255,66,41823,12,189351
5164,0.000325,74.125.24.0-255,2902,44725,12,189351
5165,0.000327,172.31.36.0-255,66,44791,12,189351
5166,0.000359,74.125.24.0-255,3961,48752,12,189351
5167,0.000362,172.31.36.0-255,66,48818,12,189351
5168,0.000374,74.125.24.0-255,1484,50302,12,189351
5169,0.000384,74.125.24.0-255,2902,53204,12,189351
5170,0.000406,74.125.24.0-255,5738,58942,12,189351
5171,0.000425,74.125.24.0-255,2902,61844,12,189351
5172,0.000444,74.125.24.0-255,4251,66095,12,189351
5173,0.000449,74.125.24.0-255,137,66232,12,189351
5174,0.00057,172.31.36.0-255,66,66298,12,189351
5175,0.000667,74.125.24.0-255,347,66645,12,189351
5176,0.000788,74.125.24.0-255,1484,68129,12,189351
5177,0.000794,74.125.24.0-255,2902,71031,12,189351
5178,0.000803,172.31.36.0-255,66,71097,12,189351
5179,0.000822,74.125.24.0-255,5738,76835,12,189351
5180,0.000826,74.125.24.0-255,2902,79737,12,189351
5181,0.000839,74.125.24.0-255,3412,83149,12,189351
5182,0.000862,172.31.36.0-255,66,83215,12,189351
5183,0.001103,74.125.24.0-255,1484,84699,12,189351
5184,0.001125,74.125.24.0-255,2902,87601,12,189351
5185,0.001129,172.31.36.0-255,66,87667,12,189351
5186,0.001136,74.125.24.0-255,5738,93405,12,189351
5187,0.001138,74.125.24.0-255,1484,94889,12,189351
5188,0.001142,172.31.36.0-255,66,94955,12,189351
5189,0.001221,74.125.24.0-255,2902,97857,12,189351
5190,0.00124,172.31.36.0-255,66,97923,12,189351
5191,0.001898,74.125.24.0-255,1484,99407,12,189351
5192,0.001908,74.125.24.0-255,2902,102309,12,189351
5193,0.001913,172.31.36.0-255,66,102375,12,189351
5194,0.001921,74.125.24.0-255,5738,108113,12,189351
5195,0.001923,172.31.36.0-255,66,108179,12,189351
5196,0.002018,74.125.24.0-255,5020,113199,12,189351
5197,0.002262,74.125.24.0-255,1484,114683,12,189351
5198,0.002269,74.125.24.0-255,1484,116167,12,189351
5199,0.002285,74.125.24.0-255,1484,117651,12,189351
5200,0.002292,74.125.24.0-255,5738,123389,12,189351
5201,0.002298,74.125.24.0-255,5738,129127,12,189351
5202,0.002319,74.125.24.0-255,2902,132029,12,189351
5203,0.002359,74.125.24.0-255,5020,137049,12,189351
5204,0.007697,172.31.36.0-255,66,137115,12,189351
5205,0.010097,74.125.24.0-255,5738,142853,12,189351
5206,0.010106,172.31.36.0-255,66,142919,12,189351
5207,0.012517,74.125.24.0-255,5738,148657,12,189351
5208,0.012525,172.31.36.0-255,66,148723,12,189351
5209,0.01488,74.125.24.0-255,5738,154461,12,189351
5210,0.014888,172.31.36.0-255,66,154527,12,189351
5211,0.017252,74.125.24.0-255,5738,160265,12,189351
5212,0.017261,172.31.36.0-255,66,160331,12,189351
5213,0.01965,74.125.24.0-255,5738,166069,12,189351
5214,0.019658,172.31.36.0-255,66,166135,12,189351
5215,0.022023,74.125.24.0-255,5738,171873,12,189351
5216,0.02203,172.31.36.0-255,66,171939,12,189351
5217,0.024357,74.125.24.0-255,5738,177677,12,189351
5218,0.024364,172.31.36.0-255,66,177743,12,189351
5219,0.026743,74.125.24.0-255,5738,183481,12,189351
5220,0.026751,172.31.36.0-255,66,183547,12,189351
5221,0.029115,74.125.24.0-255,5738,189285,12,189351
5222,0.029124,172.31.36.0-255,66,189351,12,189351
5223,0.0,74.125.24.0-255,153,153,12,221615
5224,1.6e-05,172.31.36.0-255,66,219,12,221615
5225,2.3e-05,74.125.24.0-255,1484,1703,12,221615
5226,2.7e-05,172.31.36.0-255,66,1769,12,221615
5227,3.3e-05,74.125.24.0-255,2902,4671,12,221615
5228,3.7e-05,172.31.36.0-255,66,4737,12,221615
5229,4.5e-05,74.125.24.0-255,7156,11893,12,221615
5230,4.9e-05,172.31.36.0-255,66,11959,12,221615
5231,5.3e-05,74.125.24.0-255,2016,13975,12,221615
5232,5.6e-05,172.31.36.0-255,66,14041,12,221615
5233,0.000279,74.125.24.0-255,1484,15525,12,221615
5234,0.000284,172.31.36.0-255,66,15591,12,221615
5235,0.00029,74.125.24.0-255,2902,18493,12,221615
5236,0.000294,172.31.36.0-255,66,18559,12,221615
5237,0.000298,74.125.24.0-255,2902,21461,12,221615
5238,0.000301,172.31.36.0-255,66,21527,12,221615
5239,0.000322,74.125.24.0-255,2902,24429,12,221615
5240,0.000325,172.31.36.0-255,66,24495,12,221615
5241,0.000371,74.125.24.0-255,6797,31292,12,221615
5242,0.000375,172.31.36.0-255,66,31358,12,221615
5243,0.00067,74.125.24.0-255,1484,32842,12,221615
5244,0.000674,172.31.36.0-255,66,32908,12,221615
5245,0.00068,74.125.24.0-255,2902,35810,12,221615
5246,0.000682,172.31.36.0-255,66,35876,12,221615
5247,0.000689,74.125.24.0-255,5738,41614,12,221615
5248,0.000691,172.31.36.0-255,66,41680,12,221615
5249,0.000714,74.125.24.0-255,2902,44582,12,221615
5250,0.000716,172.31.36.0-255,66,44648,12,221615
5251,0.000735,74.125.24.0-255,2902,47550,12,221615
5252,0.000737,172.31.36.0-255,66,47616,12,221615
5253,0.000745,74.125.24.0-255,6797,54413,12,221615
5254,0.000747,172.31.36.0-255,66,54479,12,221615
5255,0.000773,74.125.24.0-255,2902,57381,12,221615
5256,0.000775,172.31.36.0-255,66,57447,12,221615
5257,0.000797,172.31.36.0-255,66,57513,12,221615
5258,0.0008,74.125.24.0-255,131,57644,12,221615
5259,0.000884,74.125.24.0-255,1484,59128,12,221615
5260,0.000888,172.31.36.0-255,66,59194,12,221615
5261,0.000895,74.125.24.0-255,2902,62096,12,221615
5262,0.000897,172.31.36.0-255,66,62162,12,221615
5263,0.000904,74.125.24.0-255,5738,67900,12,221615
5264,0.000906,172.31.36.0-255,66,67966,12,221615
5265,0.000937,74.125.24.0-255,4320,72286,12,221615
5266,0.000939,172.31.36.0-255,66,72352,12,221615
5267,0.000963,74.125.24.0-255,6797,79149,12,221615
5268,0.000966,172.31.36.0-255,66,79215,12,221615
5269,0.000974,74.125.24.0-255,7156,86371,12,221615
5270,0.000977,172.31.36.0-255,66,86437,12,221615
5271,0.000994,74.125.24.0-255,5379,91816,12,221615
5272,0.000996,172.31.36.0-255,66,91882,12,221615
5273,0.00102,74.125.24.0-255,1484,93366,12,221615
5274,0.001038,74.125.24.0-255,2902,96268,12,221615
5275,0.001042,172.31.36.0-255,66,96334,12,221615
5276,0.00105,74.125.24.0-255,5738,102072,12,221615
5277,0.001053,172.31.36.0-255,66,102138,12,221615
5278,0.001082,172.31.36.0-255,66,102204,12,221615
5279,0.001102,74.125.24.0-255,2902,105106,12,221615
5280,0.001105,172.31.36.0-255,66,105172,12,221615
5281,0.001108,74.125.24.0-255,1484,106656,12,221615
5282,0.001144,172.31.36.0-255,66,106722,12,221615
5283,0.001174,172.31.36.0-255,66,106788,12,221615
5284,0.00118,74.125.24.0-255,4320,111108,12,221615
5285,0.001182,172.31.36.0-255,66,111174,12,221615
5286,0.001211,172.31.36.0-255,66,111240,12,221615
5287,0.001214,74.125.24.0-255,1484,112724,12,221615
5288,0.00124,74.125.24.0-255,5304,118028,12,221615
5289,0.001243,172.31.36.0-255,66,118094,12,221615
5290,0.001278,74.125.24.0-255,1484,119578,12,221615
5291,0.001281,74.125.24.0-255,1484,121062,12,221615
5292,0.001291,172.31.36.0-255,66,121128,12,221615
5293,0.001294,74.125.24.0-255,1484,122612,12,221615
5294,0.001299,74.125.24.0-255,2902,125514,12,221615
5295,0.001301,172.31.36.0-255,66,125580,12,221615
5296,0.001316,74.125.24.0-255,2902,128482,12,221615
5297,0.001319,172.31.36.0-255,66,128548,12,221615
5298,0.001325,74.125.24.0-255,5738,134286,12,221615
5299,0.001327,172.31.36.0-255,66,134352,12,221615
5300,0.001335,74.125.24.0-255,7156,141508,12,221615
5301,0.001338,172.31.36.0-255,66,141574,12,221615
5302,0.001365,74.125.24.0-255,5738,147312,12,221615
5303,0.001371,74.125.24.0-255,5020,152332,12,221615
5304,0.001377,172.31.36.0-255,66,152398,12,221615
5305,0.001385,172.31.36.0-255,66,152464,12,221615
5306,0.001565,74.125.24.0-255,1484,153948,12,221615
5307,0.001571,74.125.24.0-255,2902,156850,12,221615
5308,0.001574,172.31.36.0-255,66,156916,12,221615
5309,0.00158,74.125.24.0-255,2902,159818,12,221615
5310,0.001582,172.31.36.0-255,66,159884,12,221615
5311,0.001597,74.125.24.0-255,2902,162786,12,221615
5312,0.001599,172.31.36.0-255,66,162852,12,221615
5313,0.001603,74.125.24.0-255,2902,165754,12,221615
5314,0.001606,172.31.36.0-255,66,165820,12,221615
5315,0.001646,172.31.36.0-255,66,165886,12,221615
5316,0.001653,74.125.24.0-255,5738,171624,12,221615
5317,0.001655,172.31.36.0-255,66,171690,12,221615
5318,0.00168,74.125.24.0-255,2902,174592,12,221615
5319,0.001683,172.31.36.0-255,66,174658,12,221615
5320,0.001701,74.125.24.0-255,2184,176842,12,221615
5321,0.001704,172.31.36.0-255,66,176908,12,221615
5322,0.001939,74.125.24.0-255,1484,178392,12,221615
5323,0.001945,74.125.24.0-255,2902,181294,12,221615
5324,0.001948,172.31.36.0-255,66,181360,12,221615
5325,0.001984,74.125.24.0-255,2902,184262,12,221615
5326,0.001986,172.31.36.0-255,66,184328,12,221615
5327,0.002007,74.125.24.0-255,2902,187230,12,221615
5328,0.00201,172.31.36.0-255,66,187296,12,221615
5329,0.002028,172.31.36.0-255,66,187362,12,221615
5330,0.00204,172.31.36.0-255,66,187428,12,221615
5331,0.002064,74.125.24.0-255,2184,189612,12,221615
5332,0.002066,172.31.36.0-255,66,189678,12,221615
5333,0.002127,74.125.24.0-255,1484,191162,12,221615
5334,0.002156,74.125.24.0-255,2902,194064,12,221615
5335,0.002159,172.31.36.0-255,66,194130,12,221615
5336,0.002166,74.125.24.0-255,5738,199868,12,221615
5337,0.002169,172.31.36.0-255,66,199934,12,221615
5338,0.002181,172.31.36.0-255,66,200000,12,221615
5339,0.002208,74.125.24.0-255,2902,202902,12,221615
5340,0.00221,172.31.36.0-255,66,202968,12,221615
5341,0.002222,172.31.36.0-255,66,203034,12,221615
5342,0.002225,74.125.24.0-255,1484,204518,12,221615
5343,0.002262,172.31.36.0-255,66,204584,12,221615
5344,0.0023,172.31.36.0-255,66,204650,12,221615
5345,0.002314,172.31.36.0-255,66,204716,12,221615
5346,0.002332,74.125.24.0-255,2902,207618,12,221615
5347,0.002334,172.31.36.0-255,66,207684,12,221615
5348,0.002338,74.125.24.0-255,1484,209168,12,221615
5349,0.00236,74.125.24.0-255,2902,212070,12,221615
5350,0.002363,172.31.36.0-255,66,212136,12,221615
5351,0.002369,74.125.24.0-255,5738,217874,12,221615
5352,0.002371,172.31.36.0-255,66,217940,12,221615
5353,0.002386,74.125.24.0-255,2902,220842,12,221615
5354,0.002388,172.31.36.0-255,66,220908,12,221615
5355,0.002399,172.31.36.0-255,66,220974,12,221615
5356,0.00245,172.31.36.0-255,66,221040,12,221615
5357,0.002462,172.31.36.0-255,66,221106,12,221615
5358,0.002508,172.31.36.0-255,66,221172,12,221615
5359,0.004816,74.125.24.0-255,105,221277,12,221615
5360,0.007346,172.31.36.0-255,101,221378,12,221615
5361,0.009033,172.31.36.0-255,105,221483,12,221615
5362,0.009696,74.125.24.0-255,66,221549,12,221615
5363,0.011355,74.125.24.0-255,66,221615,12,221615
5364,0.0,74.125.24.0-255,152,152,12,269463
5365,3.3e-05,172.31.36.0-255,66,218,12,269463
5366,4.1e-05,74.125.24.0-255,1484,1702,12,269463
5367,4.5e-05,172.31.36.0-255,66,1768,12,269463
5368,6.8e-05,74.125.24.0-255,1484,3252,12,269463
5369,7.1e-05,172.31.36.0-255,66,3318,12,269463
5370,7.6e-05,74.125.24.0-255,2902,6220,12,269463
5371,8.4e-05,172.31.36.0-255,66,6286,12,269463
5372,9.1e-05,74.125.24.0-255,5738,12024,12,269463
5373,9.4e-05,172.31.36.0-255,66,12090,12,269463
5374,0.000139,172.31.36.0-255,66,12156,12,269463
5375,0.000169,74.125.24.0-255,5379,17535,12,269463
5376,0.000174,172.31.36.0-255,66,17601,12,269463
5377,0.000201,74.125.24.0-255,1484,19085,12,269463
5378,0.000203,172.31.36.0-255,66,19151,12,269463
5379,0.000233,74.125.24.0-255,2902,22053,12,269463
5380,0.000236,172.31.36.0-255,66,22119,12,269463
5381,0.000242,74.125.24.0-255,5738,27857,12,269463
5382,0.000244,172.31.36.0-255,66,27923,12,269463
5383,0.000278,74.125.24.0-255,2902,30825,12,269463
5384,0.000282,172.31.36.0-255,66,30891,12,269463
5385,0.000329,172.31.36.0-255,66,30957,12,269463
5386,0.000346,172.31.36.0-255,66,31023,12,269463
5387,0.000349,74.125.24.0-255,1432,32455,12,269463
5388,0.000351,172.31.36.0-255,66,32521,12,269463
5389,0.000441,74.125.24.0-255,116,32637,12,269463
5390,0.000445,172.31.36.0-255,66,32703,12,269463
5391,0.000859,74.125.24.0-255,1484,34187,12,269463
5392,0.000864,172.31.36.0-255,66,34253,12,269463
5393,0.000874,74.125.24.0-255,2902,37155,12,269463
5394,0.000876,172.31.36.0-255,66,37221,12,269463
5395,0.000892,74.125.24.0-255,5738,42959,12,269463
5396,0.000894,172.31.36.0-255,66,43025,12,269463
5397,0.000945,172.31.36.0-255,66,43091,12,269463
5398,0.000957,172.31.36.0-255,66,43157,12,269463
5399,0.000972,74.125.24.0-255,4202,47359,12,269463
5400,0.001113,74.125.24.0-255,1484,48843,12,269463
5401,0.001131,74.125.24.0-255,2902,51745,12,269463
5402,0.001155,74.125.24.0-255,5738,57483,12,269463
5403,0.001186,74.125.24.0-255,4320,61803,12,269463
5404,0.001202,74.125.24.0-255,5738,67541,12,269463
5405,0.001222,74.125.24.0-255,7156,74697,12,269463
5406,0.001245,74.125.24.0-255,4320,79017,12,269463
5407,0.001249,74.125.24.0-255,2184,81201,12,269463
5408,0.001321,74.125.24.0-255,1484,82685,12,269463
5409,0.001337,74.125.24.0-255,2902,85587,12,269463
5410,0.001362,74.125.24.0-255,5738,91325,12,269463
5411,0.00137,74.125.24.0-255,7156,98481,12,269463
5412,0.001392,74.125.24.0-255,5738,104219,12,269463
5413,0.001399,74.125.24.0-255,7156,111375,12,269463
5414,0.001432,74.125.24.0-255,3602,114977,12,269463
5415,0.001455,74.125.24.0-255,4320,119297,12,269463
5416,0.001458,74.125.24.0-255,1484,120781,12,269463
5417,0.001477,74.125.24.0-255,7156,127937,12,269463
5418,0.001488,74.125.24.0-255,1484,129421,12,269463
5419,0.001495,74.125.24.0-255,7156,136577,12,269463
5420,0.001507,74.125.24.0-255,1484,138061,12,269463
5421,0.001543,74.125.24.0-255,2902,140963,12,269463
5422,0.001615,74.125.24.0-255,1484,142447,12,269463
5423,0.001631,74.125.24.0-255,1484,143931,12,269463
5424,0.001649,74.125.24.0-255,1484,145415,12,269463
5425,0.001654,74.125.24.0-255,5738,151153,12,269463
5426,0.0017,74.125.24.0-255,1484,152637,12,269463
5427,0.00171,74.125.24.0-255,766,153403,12,269463
5428,0.002206,74.125.24.0-255,1484,154887,12,269463
5429,0.002224,74.125.24.0-255,2902,157789,12,269463
5430,0.00223,74.125.24.0-255,5738,163527,12,269463
5431,0.00225,74.125.24.0-255,2902,166429,12,269463
5432,0.002254,74.125.24.0-255,2902,169331,12,269463
5433,0.002276,74.125.24.0-255,7156,176487,12,269463
5434,0.002308,74.125.24.0-255,2902,179389,12,269463
5435,0.002467,74.125.24.0-255,1484,180873,12,269463
5436,0.00248,74.125.24.0-255,2902,183775,12,269463
5437,0.002502,74.125.24.0-255,4320,188095,12,269463
5438,0.002523,74.125.24.0-255,1484,189579,12,269463
5439,0.002536,74.125.24.0-255,2902,192481,12,269463
5440,0.002548,74.125.24.0-255,4320,196801,12,269463
5441,0.002551,74.125.24.0-255,1484,198285,12,269463
5442,0.002577,74.125.24.0-255,2902,201187,12,269463
5443,0.002608,74.125.24.0-255,3602,204789,12,269463
5444,0.002715,74.125.24.0-255,1484,206273,12,269463
5445,0.00273,74.125.24.0-255,2902,209175,12,269463
5446,0.002735,74.125.24.0-255,4320,213495,12,269463
5447,0.002748,74.125.24.0-255,1484,214979,12,269463
5448,0.00276,74.125.24.0-255,4320,219299,12,269463
5449,0.002772,74.125.24.0-255,2902,222201,12,269463
5450,0.002775,74.125.24.0-255,1484,223685,12,269463
5451,0.002817,74.125.24.0-255,1484,225169,12,269463
5452,0.00282,74.125.24.0-255,2184,227353,12,269463
5453,0.002827,74.125.24.0-255,7156,234509,12,269463
5454,0.002857,74.125.24.0-255,5738,240247,12,269463
5455,0.002878,74.125.24.0-255,7156,247403,12,269463
5456,0.002894,74.125.24.0-255,2184,249587,12,269463
5457,0.00292,74.125.24.0-255,1484,251071,12,269463
5458,0.002935,74.125.24.0-255,4320,255391,12,269463
5459,0.002947,74.125.24.0-255,4320,259711,12,269463
5460,0.003008,74.125.24.0-255,1484,261195,12,269463
5461,0.003015,74.125.24.0-255,5738,266933,12,269463
5462,0.003033,74.125.24.0-255,2188,269121,12,269463
5463,0.003036,74.125.24.0-255,105,269226,12,269463
5464,0.004974,172.31.36.0-255,66,269292,12,269463
5465,0.007604,172.31.36.0-255,105,269397,12,269463
5466,0.009893,74.125.24.0-255,66,269463,12,269463
5467,0.0,172.217.194.0-255,153,153,12,231747
5468,3.1e-05,172.31.36.0-255,66,219,12,231747
5469,3.7e-05,172.217.194.0-255,1484,1703,12,231747
5470,4.1e-05,172.31.36.0-255,66,1769,12,231747
5471,4.5e-05,172.217.194.0-255,2902,4671,12,231747
5472,4.7e-05,172.31.36.0-255,66,4737,12,231747
5473,5.3e-05,172.217.194.0-255,7156,11893,12,231747
5474,5.5e-05,172.31.36.0-255,66,11959,12,231747
5475,5.9e-05,172.217.194.0-255,2028,13987,12,231747
5476,6.1e-05,172.31.36.0-255,66,14053,12,231747
5477,0.000153,172.217.194.0-255,1484,15537,12,231747
5478,0.000157,172.31.36.0-255,66,15603,12,231747
5479,0.000162,172.217.194.0-255,2902,18505,12,231747
5480,0.000164,172.31.36.0-255,66,18571,12,231747
5481,0.000191,172.217.194.0-255,5738,24309,12,231747
5482,0.000194,172.31.36.0-255,66,24375,12,231747
5483,0.000213,172.217.194.0-255,4320,28695,12,231747
5484,0.000215,172.31.36.0-255,66,28761,12,231747
5485,0.000234,172.217.194.0-255,2543,31304,12,231747
5486,0.000236,172.31.36.0-255,66,31370,12,231747
5487,0.000241,172.217.194.0-255,5738,37108,12,231747
5488,0.000243,172.31.36.0-255,66,37174,12,231747
5489,0.000264,172.217.194.0-255,1484,38658,12,231747
5490,0.000266,172.31.36.0-255,66,38724,12,231747
5491,0.000276,172.31.36.0-255,66,38790,12,231747
5492,0.001257,172.217.194.0-255,1484,40274,12,231747
5493,0.001263,172.31.36.0-255,66,40340,12,231747
5494,0.001286,172.217.194.0-255,2902,43242,12,231747
5495,0.001288,172.31.36.0-255,66,43308,12,231747
5496,0.001294,172.217.194.0-255,5738,49046,12,231747
5497,0.001296,172.31.36.0-255,66,49112,12,231747
5498,0.001327,172.217.194.0-255,6797,55909,12,231747
5499,0.001331,172.31.36.0-255,66,55975,12,231747
5500,0.001366,172.217.194.0-255,1484,57459,12,231747
5501,0.001381,172.217.194.0-255,5738,63197,12,231747
5502,0.001385,172.31.36.0-255,66,63263,12,231747
5503,0.001392,172.217.194.0-255,5738,69001,12,231747
5504,0.001395,172.31.36.0-255,66,69067,12,231747
5505,0.001415,172.217.194.0-255,2902,71969,12,231747
5506,0.001418,172.31.36.0-255,66,72035,12,231747
5507,0.001435,172.217.194.0-255,1705,73740,12,231747
5508,0.001438,172.31.36.0-255,66,73806,12,231747
5509,0.001528,172.217.194.0-255,1484,75290,12,231747
5510,0.001534,172.217.194.0-255,2902,78192,12,231747
5511,0.001536,172.31.36.0-255,66,78258,12,231747
5512,0.00156,172.217.194.0-255,5738,83996,12,231747
5513,0.001563,172.31.36.0-255,66,84062,12,231747
5514,0.001568,172.217.194.0-255,2902,86964,12,231747
5515,0.001572,172.31.36.0-255,66,87030,12,231747
5516,0.001594,172.31.36.0-255,66,87096,12,231747
5517,0.001605,172.31.36.0-255,66,87162,12,231747
5518,0.001608,172.217.194.0-255,234,87396,12,231747
5519,0.001737,172.217.194.0-255,1484,88880,12,231747
5520,0.001741,172.31.36.0-255,66,88946,12,231747
5521,0.001747,172.217.194.0-255,2902,91848,12,231747
5522,0.001749,172.31.36.0-255,66,91914,12,231747
5523,0.001752,172.217.194.0-255,1484,93398,12,231747
5524,0.001777,172.217.194.0-255,4320,97718,12,231747
5525,0.00178,172.31.36.0-255,66,97784,12,231747
5526,0.001792,172.31.36.0-255,66,97850,12,231747
5527,0.001813,172.217.194.0-255,1484,99334,12,231747
5528,0.001843,172.217.194.0-255,4320,103654,12,231747
5529,0.001845,172.31.36.0-255,66,103720,12,231747
5530,0.001865,172.31.36.0-255,66,103786,12,231747
5531,0.0019,172.217.194.0-255,4320,108106,12,231747
5532,0.001904,172.31.36.0-255,66,108172,12,231747
5533,0.001931,172.217.194.0-255,7156,115328,12,231747
5534,0.001934,172.31.36.0-255,66,115394,12,231747
5535,0.001948,172.31.36.0-255,66,115460,12,231747
5536,0.001954,172.31.36.0-255,66,115526,12,231747
5537,0.001957,172.217.194.0-255,766,116292,12,231747
5538,0.0024,172.31.36.0-255,66,116358,12,231747
5539,0.002412,172.217.194.0-255,1484,117842,12,231747
5540,0.002416,172.217.194.0-255,1484,119326,12,231747
5541,0.002419,172.31.36.0-255,66,119392,12,231747
5542,0.002443,172.217.194.0-255,1484,120876,12,231747
5543,0.00245,172.217.194.0-255,5738,126614,12,231747
5544,0.002453,172.31.36.0-255,66,126680,12,231747
5545,0.002491,172.217.194.0-255,1484,128164,12,231747
5546,0.002526,172.31.36.0-255,66,128230,12,231747
5547,0.002538,172.31.36.0-255,66,128296,12,231747
5548,0.002572,172.217.194.0-255,1484,129780,12,231747
5549,0.002583,172.217.194.0-255,1484,131264,12,231747
5550,0.002586,172.31.36.0-255,66,131330,12,231747
5551,0.002591,172.217.194.0-255,2902,134232,12,231747
5552,0.002593,172.31.36.0-255,66,134298,12,231747
5553,0.002623,172.217.194.0-255,5738,140036,12,231747
5554,0.002626,172.31.36.0-255,66,140102,12,231747
5555,0.002658,172.31.36.0-255,66,140168,12,231747
5556,0.002665,172.217.194.0-255,7156,147324,12,231747
5557,0.002667,172.31.36.0-255,66,147390,12,231747
5558,0.002697,172.217.194.0-255,2184,149574,12,231747
5559,0.002701,172.31.36.0-255,66,149640,12,231747
5560,0.002759,172.217.194.0-255,1484,151124,12,231747
5561,0.002782,172.217.194.0-255,2902,154026,12,231747
5562,0.002785,172.31.36.0-255,66,154092,12,231747
5563,0.002792,172.217.194.0-255,5738,159830,12,231747
5564,0.002794,172.31.36.0-255,66,159896,12,231747
5565,0.002797,172.217.194.0-255,1484,161380,12,231747
5566,0.002812,172.217.194.0-255,4320,165700,12,231747
5567,0.002816,172.31.36.0-255,66,165766,12,231747
5568,0.002819,172.217.194.0-255,1484,167250,12,231747
5569,0.002834,172.217.194.0-255,2902,170152,12,231747
5570,0.002837,172.31.36.0-255,66,170218,12,231747
5571,0.002865,172.31.36.0-255,66,170284,12,231747
5572,0.002883,172.217.194.0-255,2902,173186,12,231747
5573,0.002885,172.31.36.0-255,66,173252,12,231747
5574,0.002888,172.217.194.0-255,766,174018,12,231747
5575,0.002924,172.217.194.0-255,1484,175502,12,231747
5576,0.002928,172.31.36.0-255,66,175568,12,231747
5577,0.002933,172.217.194.0-255,2902,178470,12,231747
5578,0.002935,172.31.36.0-255,66,178536,12,231747
5579,0.002941,172.217.194.0-255,5738,184274,12,231747
5580,0.002943,172.31.36.0-255,66,184340,12,231747
5581,0.002946,172.217.194.0-255,1484,185824,12,231747
5582,0.002963,172.217.194.0-255,4320,190144,12,231747
5583,0.002966,172.31.36.0-255,66,190210,12,231747
5584,0.002996,172.31.36.0-255,66,190276,12,231747
5585,0.003032,172.31.36.0-255,66,190342,12,231747
5586,0.003053,172.217.194.0-255,5020,195362,12,231747
5587,0.003056,172.31.36.0-255,66,195428,12,231747
5588,0.003073,172.31.36.0-255,66,195494,12,231747
5589,0.003078,172.217.194.0-255,5020,200514,12,231747
5590,0.003081,172.31.36.0-255,66,200580,12,231747
5591,0.003114,172.217.194.0-255,5738,206318,12,231747
5592,0.003117,172.31.36.0-255,66,206384,12,231747
5593,0.003125,172.217.194.0-255,7156,213540,12,231747
5594,0.003127,172.31.36.0-255,66,213606,12,231747
5595,0.003165,172.31.36.0-255,66,213672,12,231747
5596,0.003172,172.217.194.0-255,6438,220110,12,231747
5597,0.003174,172.31.36.0-255,66,220176,12,231747
5598,0.003227,172.217.194.0-255,7156,227332,12,231747
5599,0.003231,172.31.36.0-255,66,227398,12,231747
5600,0.003242,172.31.36.0-255,66,227464,12,231747
5601,0.003258,172.217.194.0-255,3875,231339,12,231747
5602,0.003261,172.31.36.0-255,66,231405,12,231747
5603,0.003304,172.217.194.0-255,105,231510,12,231747
5604,0.004586,172.31.36.0-255,66,231576,12,231747
5605,0.004613,172.31.36.0-255,105,231681,12,231747
5606,0.007148,172.217.194.0-255,66,231747,12,231747
5607,0.0,74.125.68.0-255,143,143,12,278623
5608,1.4e-05,172.31.36.0-255,66,209,12,278623
5609,4.1e-05,74.125.68.0-255,1484,1693,12,278623
5610,4.7e-05,172.31.36.0-255,66,1759,12,278623
5611,5.1e-05,74.125.68.0-255,1484,3243,12,278623
5612,5.4e-05,172.31.36.0-255,66,3309,12,278623
5613,6e-05,74.125.68.0-255,2902,6211,12,278623
5614,6.3e-05,172.31.36.0-255,66,6277,12,278623
5615,6.9e-05,74.125.68.0-255,4320,10597,12,278623
5616,7.2e-05,172.31.36.0-255,66,10663,12,278623
5617,0.000106,74.125.68.0-255,1484,12147,12,278623
5618,0.00011,172.31.36.0-255,66,12213,12,278623
5619,0.000114,74.125.68.0-255,1484,13697,12,278623
5620,0.000116,172.31.36.0-255,66,13763,12,278623
5621,0.000122,74.125.68.0-255,2063,15826,12,278623
5622,0.000125,172.31.36.0-255,66,15892,12,278623
5623,0.000162,74.125.68.0-255,5738,21630,12,278623
5624,0.000167,172.31.36.0-255,66,21696,12,278623
5625,0.000176,74.125.68.0-255,7156,28852,12,278623
5626,0.000178,172.31.36.0-255,66,28918,12,278623
5627,0.000192,74.125.68.0-255,2543,31461,12,278623
5628,0.000194,172.31.36.0-255,66,31527,12,278623
5629,0.000275,74.125.68.0-255,1484,33011,12,278623
5630,0.000278,172.31.36.0-255,66,33077,12,278623
5631,0.000307,74.125.68.0-255,2902,35979,12,278623
5632,0.00031,172.31.36.0-255,66,36045,12,278623
5633,0.000315,74.125.68.0-255,2902,38947,12,278623
5634,0.000317,172.31.36.0-255,66,39013,12,278623
5635,0.000343,74.125.68.0-255,1484,40497,12,278623
5636,0.000345,172.31.36.0-255,66,40563,12,278623
5637,0.00038,172.31.36.0-255,66,40629,12,278623
5638,0.000386,74.125.68.0-255,4320,44949,12,278623
5639,0.000388,172.31.36.0-255,66,45015,12,278623
5640,0.00041,74.125.68.0-255,4320,49335,12,278623
5641,0.000417,172.31.36.0-255,66,49401,12,278623
5642,0.000422,74.125.68.0-255,2902,52303,12,278623
5643,0.000424,172.31.36.0-255,66,52369,12,278623
5644,0.000459,74.125.68.0-255,5722,58091,12,278623
5645,0.000461,172.31.36.0-255,66,58157,12,278623
5646,0.000481,74.125.68.0-255,344,58501,12,278623
5647,0.000626,74.125.68.0-255,1484,59985,12,278623
5648,0.000632,172.31.36.0-255,66,60051,12,278623
5649,0.00064,74.125.68.0-255,2902,62953,12,278623
5650,0.000643,172.31.36.0-255,66,63019,12,278623
5651,0.000646,74.125.68.0-255,1484,64503,12,278623
5652,0.000668,74.125.68.0-255,1484,65987,12,278623
5653,0.00067,172.31.36.0-255,66,66053,12,278623
5654,0.000675,74.125.68.0-255,4320,70373,12,278623
5655,0.000678,172.31.36.0-255,66,70439,12,278623
5656,0.000707,172.31.36.0-255,66,70505,12,278623
5657,0.000731,74.125.68.0-255,1125,71630,12,278623
5658,0.000736,74.125.68.0-255,4320,75950,12,278623
5659,0.000739,172.31.36.0-255,66,76016,12,278623
5660,0.000764,74.125.68.0-255,5738,81754,12,278623
5661,0.000767,172.31.36.0-255,66,81820,12,278623
5662,0.000791,74.125.68.0-255,2543,84363,12,278623
5663,0.000793,172.31.36.0-255,66,84429,12,278623
5664,0.001357,74.125.68.0-255,1484,85913,12,278623
5665,0.001371,74.125.68.0-255,2902,88815,12,278623
5666,0.001374,172.31.36.0-255,66,88881,12,278623
5667,0.001378,74.125.68.0-255,1484,90365,12,278623
5668,0.001406,74.125.68.0-255,4320,94685,12,278623
5669,0.001409,172.31.36.0-255,66,94751,12,278623
5670,0.001444,74.125.68.0-255,5738,100489,12,278623
5671,0.001447,172.31.36.0-255,66,100555,12,278623
5672,0.001475,74.125.68.0-255,5738,106293,12,278623
5673,0.001478,172.31.36.0-255,66,106359,12,278623
5674,0.001482,74.125.68.0-255,4320,110679,12,278623
5675,0.001484,172.31.36.0-255,66,110745,12,278623
5676,0.001489,74.125.68.0-255,5738,116483,12,278623
5677,0.001496,172.31.36.0-255,66,116549,12,278623
5678,0.00152,74.125.68.0-255,2184,118733,12,278623
5679,0.001522,172.31.36.0-255,66,118799,12,278623
5680,0.001742,74.125.68.0-255,1484,120283,12,278623
5681,0.001758,74.125.68.0-255,2902,123185,12,278623
5682,0.001761,172.31.36.0-255,66,123251,12,278623
5683,0.001765,74.125.68.0-255,1484,124735,12,278623
5684,0.00178,74.125.68.0-255,1484,126219,12,278623
5685,0.001782,172.31.36.0-255,66,126285,12,278623
5686,0.001787,74.125.68.0-255,4320,130605,12,278623
5687,0.001789,172.31.36.0-255,66,130671,12,278623
5688,0.001819,172.31.36.0-255,66,130737,12,278623
5689,0.001822,74.125.68.0-255,1484,132221,12,278623
5690,0.001871,74.125.68.0-255,2902,135123,12,278623
5691,0.001873,172.31.36.0-255,66,135189,12,278623
5692,0.001877,74.125.68.0-255,2902,138091,12,278623
5693,0.001879,172.31.36.0-255,66,138157,12,278623
5694,0.001881,74.125.68.0-255,1484,139641,12,278623
5695,0.001907,74.125.68.0-255,2902,142543,12,278623
5696,0.001909,172.31.36.0-255,66,142609,12,278623
5697,0.001935,74.125.68.0-255,2184,144793,12,278623
5698,0.001937,172.31.36.0-255,66,144859,12,278623
5699,0.001954,74.125.68.0-255,2902,147761,12,278623
5700,0.001956,172.31.36.0-255,66,147827,12,278623
5701,0.001976,74.125.68.0-255,5738,153565,12,278623
5702,0.001978,172.31.36.0-255,66,153631,12,278623
5703,0.001981,74.125.68.0-255,1484,155115,12,278623
5704,0.002008,74.125.68.0-255,5738,160853,12,278623
5705,0.00201,172.31.36.0-255,66,160919,12,278623
5706,0.002038,172.31.36.0-255,66,160985,12,278623
5707,0.002041,74.125.68.0-255,1484,162469,12,278623
5708,0.002075,172.31.36.0-255,66,162535,12,278623
5709,0.002177,74.125.68.0-255,1484,164019,12,278623
5710,0.002196,74.125.68.0-255,2902,166921,12,278623
5711,0.002199,172.31.36.0-255,66,166987,12,278623
5712,0.002204,74.125.68.0-255,4320,171307,12,278623
5713,0.002206,172.31.36.0-255,66,171373,12,278623
5714,0.002222,74.125.68.0-255,1484,172857,12,278623
5715,0.002228,74.125.68.0-255,5738,178595,12,278623
5716,0.002232,172.31.36.0-255,66,178661,12,278623
5717,0.002246,74.125.68.0-255,2902,181563,12,278623
5718,0.002248,172.31.36.0-255,66,181629,12,278623
5719,0.002253,74.125.68.0-255,4320,185949,12,278623
5720,0.002255,172.31.36.0-255,66,186015,12,278623
5721,0.002288,74.125.68.0-255,5738,191753,12,278623
5722,0.002293,74.125.68.0-255,5020,196773,12,278623
5723,0.002298,172.31.36.0-255,66,196839,12,278623
5724,0.0023,172.31.36.0-255,66,196905,12,278623
5725,0.002368,74.125.68.0-255,1484,198389,12,278623
5726,0.00238,74.125.68.0-255,2902,201291,12,278623
5727,0.002383,172.31.36.0-255,66,201357,12,278623
5728,0.002409,74.125.68.0-255,5738,207095,12,278623
5729,0.002411,172.31.36.0-255,66,207161,12,278623
5730,0.002453,172.31.36.0-255,66,207227,12,278623
5731,0.002458,74.125.68.0-255,5738,212965,12,278623
5732,0.002461,172.31.36.0-255,66,213031,12,278623
5733,0.0025,74.125.68.0-255,2902,215933,12,278623
5734,0.002503,172.31.36.0-255,66,215999,12,278623
5735,0.002538,172.31.36.0-255,66,216065,12,278623
5736,0.002541,74.125.68.0-255,1484,217549,12,278623
5737,0.005004,74.125.68.0-255,2902,220451,12,278623
5738,0.005014,172.31.36.0-255,66,220517,12,278623
5739,0.005041,74.125.68.0-255,1484,222001,12,278623
5740,0.007483,74.125.68.0-255,4320,226321,12,278623
5741,0.007491,172.31.36.0-255,66,226387,12,278623
5742,0.00997,74.125.68.0-255,5738,232125,12,278623
5743,0.009976,172.31.36.0-255,66,232191,12,278623
5744,0.012488,74.125.68.0-255,5738,237929,12,278623
5745,0.012494,172.31.36.0-255,66,237995,12,278623
5746,0.014981,74.125.68.0-255,5738,243733,12,278623
5747,0.01499,172.31.36.0-255,66,243799,12,278623
5748,0.017487,74.125.68.0-255,5738,249537,12,278623
5749,0.017494,172.31.36.0-255,66,249603,12,278623
5750,0.019974,74.125.68.0-255,5738,255341,12,278623
5751,0.019982,172.31.36.0-255,66,255407,12,278623
5752,0.022462,74.125.68.0-255,5738,261145,12,278623
5753,0.022469,172.31.36.0-255,66,261211,12,278623
5754,0.024947,74.125.68.0-255,5738,266949,12,278623
5755,0.024955,172.31.36.0-255,66,267015,12,278623
5756,0.027442,74.125.68.0-255,5738,272753,12,278623
5757,0.02745,172.31.36.0-255,66,272819,12,278623
5758,0.029933,74.125.68.0-255,5738,278557,12,278623
5759,0.02994,172.31.36.0-255,66,278623,12,278623
5760,0.0,172.253.118.0-255,154,154,12,201002
5761,2.5e-05,172.31.36.0-255,66,220,12,201002
5762,3.2e-05,172.253.118.0-255,1484,1704,12,201002
5763,3.7e-05,172.31.36.0-255,66,1770,12,201002
5764,4.2e-05,172.253.118.0-255,2902,4672,12,201002
5765,5.3e-05,172.31.36.0-255,66,4738,12,201002
5766,5.9e-05,172.253.118.0-255,4320,9058,12,201002
5767,6.1e-05,172.31.36.0-255,66,9124,12,201002
5768,9.3e-05,172.253.118.0-255,2902,12026,12,201002
5769,9.6e-05,172.31.36.0-255,66,12092,12,201002
5770,0.0001,172.253.118.0-255,2068,14160,12,201002
5771,0.000102,172.31.36.0-255,66,14226,12,201002
5772,0.000114,172.31.36.0-255,66,14292,12,201002
5773,0.000118,172.253.118.0-255,2902,17194,12,201002
5774,0.00012,172.31.36.0-255,66,17260,12,201002
5775,0.000159,172.253.118.0-255,5738,22998,12,201002
5776,0.000163,172.31.36.0-255,66,23064,12,201002
5777,0.000176,172.31.36.0-255,66,23130,12,201002
5778,0.00019,172.253.118.0-255,3602,26732,12,201002
5779,0.000192,172.31.36.0-255,66,26798,12,201002
5780,0.000356,172.253.118.0-255,1484,28282,12,201002
5781,0.000361,172.253.118.0-255,2902,31184,12,201002
5782,0.000364,172.31.36.0-255,66,31250,12,201002
5783,0.000368,172.31.36.0-255,66,31316,12,201002
5784,0.000374,172.253.118.0-255,4320,35636,12,201002
5785,0.000377,172.31.36.0-255,66,35702,12,201002
5786,0.00041,172.253.118.0-255,1484,37186,12,201002
5787,0.000413,172.31.36.0-255,66,37252,12,201002
5788,0.000432,172.253.118.0-255,4320,41572,12,201002
5789,0.000436,172.31.36.0-255,66,41638,12,201002
5790,0.000463,172.253.118.0-255,2897,44535,12,201002
5791,0.000469,172.31.36.0-255,66,44601,12,201002
5792,0.000808,172.253.118.0-255,1484,46085,12,201002
5793,0.000823,172.253.118.0-255,2902,48987,12,201002
5794,0.000827,172.31.36.0-255,66,49053,12,201002
5795,0.000835,172.253.118.0-255,5738,54791,12,201002
5796,0.000851,172.253.118.0-255,1484,56275,12,201002
5797,0.000867,172.253.118.0-255,5738,62013,12,201002
5798,0.000879,172.31.36.0-255,66,62079,12,201002
5799,0.000893,172.253.118.0-255,5738,67817,12,201002
5800,0.000901,172.31.36.0-255,66,67883,12,201002
5801,0.000928,172.31.36.0-255,66,67949,12,201002
5802,0.001437,172.253.118.0-255,1484,69433,12,201002
5803,0.001445,172.253.118.0-255,1484,70917,12,201002
5804,0.00145,172.31.36.0-255,66,70983,12,201002
5805,0.001477,172.253.118.0-255,1484,72467,12,201002
5806,0.001485,172.253.118.0-255,5738,78205,12,201002
5807,0.001489,172.253.118.0-255,2902,81107,12,201002
5808,0.00153,172.253.118.0-255,5738,86845,12,201002
5809,0.00154,172.253.118.0-255,1484,88329,12,201002
5810,0.001557,172.253.118.0-255,1484,89813,12,201002
5811,0.001561,172.253.118.0-255,2184,91997,12,201002
5812,0.001683,172.253.118.0-255,1484,93481,12,201002
5813,0.001689,172.253.118.0-255,2902,96383,12,201002
5814,0.001703,172.253.118.0-255,5738,102121,12,201002
5815,0.001706,172.253.118.0-255,1484,103605,12,201002
5816,0.001724,172.253.118.0-255,4320,107925,12,201002
5817,0.001869,172.253.118.0-255,766,108691,12,201002
5818,0.001966,172.253.118.0-255,1484,110175,12,201002
5819,0.001978,172.253.118.0-255,2902,113077,12,201002
5820,0.001992,172.253.118.0-255,5738,118815,12,201002
5821,0.002015,172.253.118.0-255,1484,120299,12,201002
5822,0.002044,172.253.118.0-255,2902,123201,12,201002
5823,0.002068,172.253.118.0-255,2902,126103,12,201002
5824,0.002209,172.253.118.0-255,1484,127587,12,201002
5825,0.00222,172.253.118.0-255,2902,130489,12,201002
5826,0.002239,172.253.118.0-255,5738,136227,12,201002
5827,0.00225,172.253.118.0-255,1484,137711,12,201002
5828,0.002264,172.253.118.0-255,5738,143449,12,201002
5829,0.002287,172.253.118.0-255,5738,149187,12,201002
5830,0.002327,172.253.118.0-255,4320,153507,12,201002
5831,0.002379,172.253.118.0-255,1484,154991,12,201002
5832,0.002401,172.253.118.0-255,1484,156475,12,201002
5833,0.002407,172.253.118.0-255,5738,162213,12,201002
5834,0.00243,172.253.118.0-255,4320,166533,12,201002
5835,0.00246,172.253.118.0-255,1484,168017,12,201002
5836,0.002467,172.253.118.0-255,7156,175173,12,201002
5837,0.002471,172.253.118.0-255,2184,177357,12,201002
5838,0.002507,172.253.118.0-255,4320,181677,12,201002
5839,0.002529,172.253.118.0-255,2902,184579,12,201002
5840,0.002549,172.253.118.0-255,7156,191735,12,201002
5841,0.00258,172.253.118.0-255,2902,194637,12,201002
5842,0.002679,172.253.118.0-255,5020,199657,12,201002
5843,0.002688,172.253.118.0-255,836,200493,12,201002
5844,0.00272,172.253.118.0-255,105,200598,12,201002
5845,0.004058,172.31.36.0-255,66,200664,12,201002
5846,0.004609,172.31.36.0-255,101,200765,12,201002
5847,0.006571,172.31.36.0-255,105,200870,12,201002
5848,0.006903,172.253.118.0-255,66,200936,12,201002
5849,0.008865,172.253.118.0-255,66,201002,12,201002
5850,0.0,216.58.221.0-255,153,153,12,161301
5851,3.7e-05,172.31.36.0-255,66,219,12,161301
5852,4.4e-05,216.58.221.0-255,1484,1703,12,161301
5853,4.9e-05,172.31.36.0-255,66,1769,12,161301
5854,6.2e-05,216.58.221.0-255,2902,4671,12,161301
5855,6.6e-05,172.31.36.0-255,66,4737,12,161301
5856,7.4e-05,216.58.221.0-255,7156,11893,12,161301
5857,7.6e-05,172.31.36.0-255,66,11959,12,161301
5858,8e-05,216.58.221.0-255,2065,14024,12,161301
5859,8.3e-05,172.31.36.0-255,66,14090,12,161301
5860,0.000256,216.58.221.0-255,1484,15574,12,161301
5861,0.000261,172.31.36.0-255,66,15640,12,161301
5862,0.000267,216.58.221.0-255,2902,18542,12,161301
5863,0.00027,172.31.36.0-255,66,18608,12,161301
5864,0.000282,216.58.221.0-255,5738,24346,12,161301
5865,0.000285,172.31.36.0-255,66,24412,12,161301
5866,0.000314,216.58.221.0-255,6797,31209,12,161301
5867,0.000325,172.31.36.0-255,66,31275,12,161301
5868,0.000879,216.58.221.0-255,1484,32759,12,161301
5869,0.000885,172.31.36.0-255,66,32825,12,161301
5870,0.000894,216.58.221.0-255,2902,35727,12,161301
5871,0.000897,172.31.36.0-255,66,35793,12,161301
5872,0.00091,216.58.221.0-255,5738,41531,12,161301
5873,0.000912,172.31.36.0-255,66,41597,12,161301
5874,0.000918,216.58.221.0-255,4320,45917,12,161301
5875,0.00092,172.31.36.0-255,66,45983,12,161301
5876,0.000926,216.58.221.0-255,5379,51362,12,161301
5877,0.000928,172.31.36.0-255,66,51428,12,161301
5878,0.000981,172.31.36.0-255,66,51494,12,161301
5879,0.000986,216.58.221.0-255,2543,54037,12,161301
5880,0.000988,172.31.36.0-255,66,54103,12,161301
5881,0.000991,216.58.221.0-255,394,54497,12,161301
5882,0.001572,216.58.221.0-255,114,54611,12,161301
5883,0.001736,216.58.221.0-255,1484,56095,12,161301
5884,0.00174,172.31.36.0-255,66,56161,12,161301
5885,0.001744,216.58.221.0-255,1484,57645,12,161301
5886,0.001768,216.58.221.0-255,1484,59129,12,161301
5887,0.00177,172.31.36.0-255,66,59195,12,161301
5888,0.001777,216.58.221.0-255,5738,64933,12,161301
5889,0.00178,172.31.36.0-255,66,64999,12,161301
5890,0.001797,216.58.221.0-255,6797,71796,12,161301
5891,0.001799,172.31.36.0-255,66,71862,12,161301
5892,0.00182,216.58.221.0-255,4320,76182,12,161301
5893,0.001826,172.31.36.0-255,66,76248,12,161301
5894,0.001856,172.31.36.0-255,66,76314,12,161301
5895,0.001882,216.58.221.0-255,3961,80275,12,161301
5896,0.001885,172.31.36.0-255,66,80341,12,161301
5897,0.003792,216.58.221.0-255,1484,81825,12,161301
5898,0.003814,216.58.221.0-255,2902,84727,12,161301
5899,0.003817,172.31.36.0-255,66,84793,12,161301
5900,0.003842,216.58.221.0-255,1484,86277,12,161301
5901,0.005757,216.58.221.0-255,4320,90597,12,161301
5902,0.005765,172.31.36.0-255,66,90663,12,161301
5903,0.007708,216.58.221.0-255,5738,96401,12,161301
5904,0.007714,172.31.36.0-255,66,96467,12,161301
5905,0.009662,216.58.221.0-255,5738,102205,12,161301
5906,0.009669,172.31.36.0-255,66,102271,12,161301
5907,0.011617,216.58.221.0-255,2902,105173,12,161301
5908,0.011625,172.31.36.0-255,66,105239,12,161301
5909,0.011656,216.58.221.0-255,2902,108141,12,161301
5910,0.01166,172.31.36.0-255,66,108207,12,161301
5911,0.013574,216.58.221.0-255,2902,111109,12,161301
5912,0.013585,172.31.36.0-255,66,111175,12,161301
5913,0.013633,216.58.221.0-255,2902,114077,12,161301
5914,0.013636,172.31.36.0-255,66,114143,12,161301
5915,0.015527,216.58.221.0-255,2902,117045,12,161301
5916,0.015536,172.31.36.0-255,66,117111,12,161301
5917,0.015575,216.58.221.0-255,2902,120013,12,161301
5918,0.015579,172.31.36.0-255,66,120079,12,161301
5919,0.01749,216.58.221.0-255,2902,122981,12,161301
5920,0.017498,172.31.36.0-255,66,123047,12,161301
5921,0.017539,216.58.221.0-255,2902,125949,12,161301
5922,0.017542,172.31.36.0-255,66,126015,12,161301
5923,0.019444,216.58.221.0-255,2902,128917,12,161301
5924,0.019449,172.31.36.0-255,66,128983,12,161301
5925,0.019484,216.58.221.0-255,2902,131885,12,161301
5926,0.019487,172.31.36.0-255,66,131951,12,161301
5927,0.021389,216.58.221.0-255,2902,134853,12,161301
5928,0.021396,172.31.36.0-255,66,134919,12,161301
5929,0.021473,216.58.221.0-255,2902,137821,12,161301
5930,0.021479,172.31.36.0-255,66,137887,12,161301
5931,0.023346,216.58.221.0-255,2902,140789,12,161301
5932,0.023353,172.31.36.0-255,66,140855,12,161301
5933,0.023419,216.58.221.0-255,2902,143757,12,161301
5934,0.023424,172.31.36.0-255,66,143823,12,161301
5935,0.025319,216.58.221.0-255,1484,145307,12,161301
5936,0.025358,216.58.221.0-255,4320,149627,12,161301
5937,0.025364,172.31.36.0-255,66,149693,12,161301
5938,0.027325,216.58.221.0-255,5738,155431,12,161301
5939,0.027332,172.31.36.0-255,66,155497,12,161301
5940,0.029284,216.58.221.0-255,5738,161235,12,161301
5941,0.029293,172.31.36.0-255,66,161301,12,161301
5942,0.0,74.125.68.0-255,153,153,12,204473
5943,2.6e-05,172.31.36.0-255,66,219,12,204473
5944,3.3e-05,74.125.68.0-255,1484,1703,12,204473
5945,3.7e-05,172.31.36.0-255,66,1769,12,204473
5946,4.5e-05,74.125.68.0-255,2902,4671,12,204473
5947,4.9e-05,172.31.36.0-255,66,4737,12,204473
5948,5.3e-05,74.125.68.0-255,1484,6221,12,204473
5949,5.5e-05,172.31.36.0-255,66,6287,12,204473
5950,6.1e-05,74.125.68.0-255,2902,9189,12,204473
5951,6.4e-05,172.31.36.0-255,66,9255,12,204473
5952,9.7e-05,74.125.68.0-255,1484,10739,12,204473
5953,0.0001,172.31.36.0-255,66,10805,12,204473
5954,0.000104,74.125.68.0-255,1484,12289,12,204473
5955,0.000106,172.31.36.0-255,66,12355,12,204473
5956,0.000119,74.125.68.0-255,1484,13839,12,204473
5957,0.000122,172.31.36.0-255,66,13905,12,204473
5958,0.000125,74.125.68.0-255,617,14522,12,204473
5959,0.000127,172.31.36.0-255,66,14588,12,204473
5960,0.000216,74.125.68.0-255,1484,16072,12,204473
5961,0.00022,172.31.36.0-255,66,16138,12,204473
5962,0.000225,74.125.68.0-255,2902,19040,12,204473
5963,0.000228,172.31.36.0-255,66,19106,12,204473
5964,0.000244,74.125.68.0-255,5738,24844,12,204473
5965,0.000247,172.31.36.0-255,66,24910,12,204473
5966,0.00025,74.125.68.0-255,1484,26394,12,204473
5967,0.000252,172.31.36.0-255,66,26460,12,204473
5968,0.00027,74.125.68.0-255,2902,29362,12,204473
5969,0.000273,172.31.36.0-255,66,29428,12,204473
5970,0.000306,74.125.68.0-255,1484,30912,12,204473
5971,0.000308,172.31.36.0-255,66,30978,12,204473
5972,0.000345,74.125.68.0-255,1125,32103,12,204473
5973,0.000347,172.31.36.0-255,66,32169,12,204473
5974,0.000443,74.125.68.0-255,1484,33653,12,204473
5975,0.000463,74.125.68.0-255,1484,35137,12,204473
5976,0.000466,172.31.36.0-255,66,35203,12,204473
5977,0.000472,74.125.68.0-255,2902,38105,12,204473
5978,0.000474,172.31.36.0-255,66,38171,12,204473
5979,0.000496,74.125.68.0-255,2902,41073,12,204473
5980,0.000499,172.31.36.0-255,66,41139,12,204473
5981,0.000519,74.125.68.0-255,2902,44041,12,204473
5982,0.000522,172.31.36.0-255,66,44107,12,204473
5983,0.000527,74.125.68.0-255,2902,47009,12,204473
5984,0.00053,172.31.36.0-255,66,47075,12,204473
5985,0.000535,74.125.68.0-255,3961,51036,12,204473
5986,0.000538,172.31.36.0-255,66,51102,12,204473
5987,0.000559,74.125.68.0-255,4320,55422,12,204473
5988,0.000562,172.31.36.0-255,66,55488,12,204473
5989,0.000587,74.125.68.0-255,4320,59808,12,204473
5990,0.00059,172.31.36.0-255,66,59874,12,204473
5991,0.000595,74.125.68.0-255,2902,62776,12,204473
5992,0.000597,172.31.36.0-255,66,62842,12,204473
5993,0.000622,74.125.68.0-255,4316,67158,12,204473
5994,0.000625,172.31.36.0-255,66,67224,12,204473
5995,0.000661,74.125.68.0-255,331,67555,12,204473
5996,0.000801,74.125.68.0-255,1484,69039,12,204473
5997,0.000805,172.31.36.0-255,66,69105,12,204473
5998,0.00081,74.125.68.0-255,2902,72007,12,204473
5999,0.000813,172.31.36.0-255,66,72073,12,204473
6000,0.000835,74.125.68.0-255,1484,73557,12,204473
6001,0.000853,74.125.68.0-255,2902,76459,12,204473
6002,0.000856,172.31.36.0-255,66,76525,12,204473
6003,0.000863,74.125.68.0-255,2902,79427,12,204473
6004,0.000865,172.31.36.0-255,66,79493,12,204473
6005,0.000889,74.125.68.0-255,2902,82395,12,204473
6006,0.000892,172.31.36.0-255,66,82461,12,204473
6007,0.000897,74.125.68.0-255,2902,85363,12,204473
6008,0.000899,172.31.36.0-255,66,85429,12,204473
6009,0.000904,74.125.68.0-255,4320,89749,12,204473
6010,0.000906,172.31.36.0-255,66,89815,12,204473
6011,0.000957,172.31.36.0-255,66,89881,12,204473
6012,0.000961,74.125.68.0-255,2902,92783,12,204473
6013,0.000964,172.31.36.0-255,66,92849,12,204473
6014,0.000967,74.125.68.0-255,766,93615,12,204473
6015,0.001115,74.125.68.0-255,1484,95099,12,204473
6016,0.00112,172.31.36.0-255,66,95165,12,204473
6017,0.001126,74.125.68.0-255,2902,98067,12,204473
6018,0.00113,172.31.36.0-255,66,98133,12,204473
6019,0.001163,74.125.68.0-255,2902,101035,12,204473
6020,0.001166,172.31.36.0-255,66,101101,12,204473
6021,0.001182,74.125.68.0-255,1484,102585,12,204473
6022,0.001189,74.125.68.0-255,5738,108323,12,204473
6023,0.001191,172.31.36.0-255,66,108389,12,204473
6024,0.001196,74.125.68.0-255,2902,111291,12,204473
6025,0.001199,172.31.36.0-255,66,111357,12,204473
6026,0.001215,74.125.68.0-255,4320,115677,12,204473
6027,0.001218,172.31.36.0-255,66,115743,12,204473
6028,0.001247,172.31.36.0-255,66,115809,12,204473
6029,0.001265,74.125.68.0-255,2184,117993,12,204473
6030,0.001267,172.31.36.0-255,66,118059,12,204473
6031,0.002099,74.125.68.0-255,1484,119543,12,204473
6032,0.002106,74.125.68.0-255,1484,121027,12,204473
6033,0.002111,172.31.36.0-255,66,121093,12,204473
6034,0.003328,74.125.68.0-255,2902,123995,12,204473
6035,0.003331,172.31.36.0-255,66,124061,12,204473
6036,0.004192,74.125.68.0-255,2902,126963,12,204473
6037,0.004199,172.31.36.0-255,66,127029,12,204473
6038,0.005405,74.125.68.0-255,2902,129931,12,204473
6039,0.005412,172.31.36.0-255,66,129997,12,204473
6040,0.006286,74.125.68.0-255,2902,132899,12,204473
6041,0.006292,172.31.36.0-255,66,132965,12,204473
6042,0.007486,74.125.68.0-255,2902,135867,12,204473
6043,0.007494,172.31.36.0-255,66,135933,12,204473
6044,0.008386,74.125.68.0-255,2902,138835,12,204473
6045,0.008395,172.31.36.0-255,66,138901,12,204473
6046,0.009572,74.125.68.0-255,2902,141803,12,204473
6047,0.00958,172.31.36.0-255,66,141869,12,204473
6048,0.010476,74.125.68.0-255,2902,144771,12,204473
6049,0.010482,172.31.36.0-255,66,144837,12,204473
6050,0.011662,74.125.68.0-255,2902,147739,12,204473
6051,0.011672,172.31.36.0-255,66,147805,12,204473
6052,0.01256,74.125.68.0-255,2902,150707,12,204473
6053,0.012568,172.31.36.0-255,66,150773,12,204473
6054,0.013769,74.125.68.0-255,2902,153675,12,204473
6055,0.013778,172.31.36.0-255,66,153741,12,204473
6056,0.014639,74.125.68.0-255,2902,156643,12,204473
6057,0.014647,172.31.36.0-255,66,156709,12,204473
6058,0.015895,74.125.68.0-255,2902,159611,12,204473
6059,0.015902,172.31.36.0-255,66,159677,12,204473
6060,0.016732,74.125.68.0-255,2902,162579,12,204473
6061,0.016739,172.31.36.0-255,66,162645,12,204473
6062,0.017983,74.125.68.0-255,2902,165547,12,204473
6063,0.01799,172.31.36.0-255,66,165613,12,204473
6064,0.018812,74.125.68.0-255,2902,168515,12,204473
6065,0.018819,172.31.36.0-255,66,168581,12,204473
6066,0.020061,74.125.68.0-255,2902,171483,12,204473
6067,0.020069,172.31.36.0-255,66,171549,12,204473
6068,0.020902,74.125.68.0-255,2902,174451,12,204473
6069,0.020909,172.31.36.0-255,66,174517,12,204473
6070,0.022151,74.125.68.0-255,2902,177419,12,204473
6071,0.022158,172.31.36.0-255,66,177485,12,204473
6072,0.022992,74.125.68.0-255,2902,180387,12,204473
6073,0.022999,172.31.36.0-255,66,180453,12,204473
6074,0.024231,74.125.68.0-255,2902,183355,12,204473
6075,0.024237,172.31.36.0-255,66,183421,12,204473
6076,0.025079,74.125.68.0-255,2902,186323,12,204473
6077,0.025086,172.31.36.0-255,66,186389,12,204473
6078,0.026311,74.125.68.0-255,2902,189291,12,204473
6079,0.026318,172.31.36.0-255,66,189357,12,204473
6080,0.027163,74.125.68.0-255,2902,192259,12,204473
6081,0.027171,172.31.36.0-255,66,192325,12,204473
6082,0.028401,74.125.68.0-255,2902,195227,12,204473
6083,0.028408,172.31.36.0-255,66,195293,12,204473
6084,0.028976,172.31.36.0-255,172,195465,12,204473
6085,0.029008,172.31.36.0-255,1109,196574,12,204473
6086,0.029073,172.31.36.0-255,1514,198088,12,204473
6087,0.029074,172.31.36.0-255,1514,199602,12,204473
6088,0.02908,172.31.36.0-255,1514,201116,12,204473
6089,0.029081,172.31.36.0-255,389,201505,12,204473
6090,0.029248,74.125.68.0-255,2902,204407,12,204473
6091,0.029254,172.31.36.0-255,66,204473,12,204473
6092,0.0,172.217.194.0-255,153,153,12,183599
6093,2.5e-05,172.31.36.0-255,66,219,12,183599
6094,3.2e-05,172.217.194.0-255,1484,1703,12,183599
6095,3.7e-05,172.31.36.0-255,66,1769,12,183599
6096,4.1e-05,172.217.194.0-255,2902,4671,12,183599
6097,4.3e-05,172.31.36.0-255,66,4737,12,183599
6098,5.8e-05,172.217.194.0-255,7156,11893,12,183599
6099,6.1e-05,172.31.36.0-255,66,11959,12,183599
6100,9.2e-05,172.217.194.0-255,2014,13973,12,183599
6101,9.5e-05,172.31.36.0-255,66,14039,12,183599
6102,9.9e-05,172.217.194.0-255,2902,16941,12,183599
6103,0.000101,172.31.36.0-255,66,17007,12,183599
6104,0.000137,172.217.194.0-255,1484,18491,12,183599
6105,0.00014,172.31.36.0-255,66,18557,12,183599
6106,0.000162,172.217.194.0-255,5738,24295,12,183599
6107,0.000165,172.31.36.0-255,66,24361,12,183599
6108,0.000196,172.217.194.0-255,6797,31158,12,183599
6109,0.000199,172.31.36.0-255,66,31224,12,183599
6110,0.000255,172.217.194.0-255,1484,32708,12,183599
6111,0.000258,172.31.36.0-255,66,32774,12,183599
6112,0.000263,172.217.194.0-255,2902,35676,12,183599
6113,0.000265,172.31.36.0-255,66,35742,12,183599
6114,0.000268,172.217.194.0-255,1484,37226,12,183599
6115,0.000279,172.31.36.0-255,66,37292,12,183599
6116,0.00031,172.217.194.0-255,4320,41612,12,183599
6117,0.000314,172.31.36.0-255,66,41678,12,183599
6118,0.00032,172.217.194.0-255,5738,47416,12,183599
6119,0.000323,172.31.36.0-255,66,47482,12,183599
6120,0.000332,172.217.194.0-255,1484,48966,12,183599
6121,0.000334,172.31.36.0-255,66,49032,12,183599
6122,0.000384,172.31.36.0-255,66,49098,12,183599
6123,0.000389,172.217.194.0-255,4248,53346,12,183599
6124,0.000391,172.31.36.0-255,66,53412,12,183599
6125,0.000631,172.217.194.0-255,368,53780,12,183599
6126,0.000732,172.31.36.0-255,66,53846,12,183599
6127,0.000894,172.217.194.0-255,1484,55330,12,183599
6128,0.000905,172.217.194.0-255,2902,58232,12,183599
6129,0.000909,172.31.36.0-255,66,58298,12,183599
6130,0.000916,172.217.194.0-255,5738,64036,12,183599
6131,0.000919,172.31.36.0-255,66,64102,12,183599
6132,0.000932,172.217.194.0-255,4320,68422,12,183599
6133,0.000935,172.31.36.0-255,66,68488,12,183599
6134,0.000975,172.31.36.0-255,66,68554,12,183599
6135,0.000987,172.31.36.0-255,66,68620,12,183599
6136,0.00131,172.217.194.0-255,1484,70104,12,183599
6137,0.00132,172.217.194.0-255,2902,73006,12,183599
6138,0.001324,172.31.36.0-255,66,73072,12,183599
6139,0.001355,172.217.194.0-255,5738,78810,12,183599
6140,0.001358,172.31.36.0-255,66,78876,12,183599
6141,0.001364,172.217.194.0-255,5738,84614,12,183599
6142,0.001366,172.31.36.0-255,66,84680,12,183599
6143,0.001382,172.217.194.0-255,2902,87582,12,183599
6144,0.001384,172.31.36.0-255,66,87648,12,183599
6145,0.001416,172.31.36.0-255,66,87714,12,183599
6146,0.001426,172.217.194.0-255,5020,92734,12,183599
6147,0.001429,172.31.36.0-255,66,92800,12,183599
6148,0.001606,172.217.194.0-255,1484,94284,12,183599
6149,0.001624,172.217.194.0-255,2902,97186,12,183599
6150,0.001627,172.31.36.0-255,66,97252,12,183599
6151,0.001632,172.217.194.0-255,4320,101572,12,183599
6152,0.001634,172.31.36.0-255,66,101638,12,183599
6153,0.001664,172.217.194.0-255,1484,103122,12,183599
6154,0.001677,172.31.36.0-255,66,103188,12,183599
6155,0.001687,172.31.36.0-255,66,103254,12,183599
6156,0.001694,172.217.194.0-255,766,104020,12,183599
6157,0.001749,172.217.194.0-255,1484,105504,12,183599
6158,0.001751,172.31.36.0-255,66,105570,12,183599
6159,0.001776,172.217.194.0-255,2902,108472,12,183599
6160,0.001778,172.31.36.0-255,66,108538,12,183599
6161,0.001784,172.217.194.0-255,5738,114276,12,183599
6162,0.001786,172.31.36.0-255,66,114342,12,183599
6163,0.001801,172.31.36.0-255,66,114408,12,183599
6164,0.001825,172.217.194.0-255,4320,118728,12,183599
6165,0.001831,172.31.36.0-255,66,118794,12,183599
6166,0.001842,172.31.36.0-255,66,118860,12,183599
6167,0.001911,172.217.194.0-255,1484,120344,12,183599
6168,0.001915,172.217.194.0-255,2902,123246,12,183599
6169,0.001917,172.31.36.0-255,66,123312,12,183599
6170,0.001923,172.217.194.0-255,5738,129050,12,183599
6171,0.001925,172.31.36.0-255,66,129116,12,183599
6172,0.001928,172.217.194.0-255,1484,130600,12,183599
6173,0.001936,172.217.194.0-255,1484,132084,12,183599
6174,0.001938,172.31.36.0-255,66,132150,12,183599
6175,0.001971,172.217.194.0-255,7156,139306,12,183599
6176,0.001973,172.31.36.0-255,66,139372,12,183599
6177,0.00201,172.31.36.0-255,66,139438,12,183599
6178,0.002016,172.217.194.0-255,5738,145176,12,183599
6179,0.002019,172.31.36.0-255,66,145242,12,183599
6180,0.00207,172.31.36.0-255,66,145308,12,183599
6181,0.002091,172.31.36.0-255,66,145374,12,183599
6182,0.0021,172.31.36.0-255,66,145440,12,183599
6183,0.00211,172.31.36.0-255,66,145506,12,183599
6184,0.002155,172.31.36.0-255,66,145572,12,183599
6185,0.002161,172.217.194.0-255,6438,152010,12,183599
6186,0.002163,172.31.36.0-255,66,152076,12,183599
6187,0.002202,172.217.194.0-255,1484,153560,12,183599
6188,0.002205,172.217.194.0-255,2902,156462,12,183599
6189,0.002208,172.31.36.0-255,66,156528,12,183599
6190,0.002213,172.217.194.0-255,5738,162266,12,183599
6191,0.002215,172.31.36.0-255,66,162332,12,183599
6192,0.002248,172.31.36.0-255,66,162398,12,183599
6193,0.002259,172.31.36.0-255,66,162464,12,183599
6194,0.002326,172.217.194.0-255,1484,163948,12,183599
6195,0.002339,172.217.194.0-255,2902,166850,12,183599
6196,0.002341,172.31.36.0-255,66,166916,12,183599
6197,0.00236,172.217.194.0-255,5738,172654,12,183599
6198,0.002363,172.31.36.0-255,66,172720,12,183599
6199,0.002393,172.31.36.0-255,66,172786,12,183599
6200,0.002421,172.217.194.0-255,4320,177106,12,183599
6201,0.002423,172.31.36.0-255,66,177172,12,183599
6202,0.002433,172.31.36.0-255,66,177238,12,183599
6203,0.002463,172.31.36.0-255,66,177304,12,183599
6204,0.002466,172.217.194.0-255,1484,178788,12,183599
6205,0.002496,172.31.36.0-255,66,178854,12,183599
6206,0.002565,172.31.36.0-255,66,178920,12,183599
6207,0.002571,172.217.194.0-255,4271,183191,12,183599
6208,0.002573,172.31.36.0-255,66,183257,12,183599
6209,0.00506,172.217.194.0-255,105,183362,12,183599
6210,0.006118,172.31.36.0-255,66,183428,12,183599
6211,0.006145,172.31.36.0-255,105,183533,12,183599
6212,0.008631,172.217.194.0-255,66,183599,12,183599
6213,0.0,74.125.200.0-255,153,153,12,292462
6214,3.4e-05,172.31.36.0-255,66,219,12,292462
6215,4.1e-05,74.125.200.0-255,1484,1703,12,292462
6216,4.6e-05,172.31.36.0-255,66,1769,12,292462
6217,5.2e-05,74.125.200.0-255,2902,4671,12,292462
6218,5.5e-05,172.31.36.0-255,66,4737,12,292462
6219,6.2e-05,74.125.200.0-255,5738,10475,12,292462
6220,6.6e-05,172.31.36.0-255,66,10541,12,292462
6221,7.1e-05,74.125.200.0-255,3509,14050,12,292462
6222,7.4e-05,172.31.36.0-255,66,14116,12,292462
6223,0.000144,74.125.200.0-255,1484,15600,12,292462
6224,0.000147,172.31.36.0-255,66,15666,12,292462
6225,0.000166,74.125.200.0-255,2902,18568,12,292462
6226,0.000168,172.31.36.0-255,66,18634,12,292462
6227,0.000184,74.125.200.0-255,4320,22954,12,292462
6228,0.000187,172.31.36.0-255,66,23020,12,292462
6229,0.000212,74.125.200.0-255,1484,24504,12,292462
6230,0.000215,172.31.36.0-255,66,24570,12,292462
6231,0.00024,74.125.200.0-255,6797,31367,12,292462
6232,0.000243,172.31.36.0-255,66,31433,12,292462
6233,0.000255,172.31.36.0-255,66,31499,12,292462
6234,0.000302,74.125.200.0-255,5738,37237,12,292462
6235,0.000306,172.31.36.0-255,66,37303,12,292462
6236,0.000326,74.125.200.0-255,2543,39846,12,292462
6237,0.000329,172.31.36.0-255,66,39912,12,292462
6238,0.000364,74.125.200.0-255,2902,42814,12,292462
6239,0.000367,172.31.36.0-255,66,42880,12,292462
6240,0.000384,74.125.200.0-255,2902,45782,12,292462
6241,0.000387,172.31.36.0-255,66,45848,12,292462
6242,0.000407,74.125.200.0-255,1484,47332,12,292462
6243,0.000412,172.31.36.0-255,66,47398,12,292462
6244,0.00043,74.125.200.0-255,1484,48882,12,292462
6245,0.000446,74.125.200.0-255,2902,51784,12,292462
6246,0.00045,172.31.36.0-255,66,51850,12,292462
6247,0.000466,74.125.200.0-255,5379,57229,12,292462
6248,0.000469,172.31.36.0-255,66,57295,12,292462
6249,0.000568,74.125.200.0-255,393,57688,12,292462
6250,0.000614,74.125.200.0-255,1484,59172,12,292462
6251,0.000618,172.31.36.0-255,66,59238,12,292462
6252,0.000623,74.125.200.0-255,2902,62140,12,292462
6253,0.000626,172.31.36.0-255,66,62206,12,292462
6254,0.000655,74.125.200.0-255,5738,67944,12,292462
6255,0.000659,172.31.36.0-255,66,68010,12,292462
6256,0.000679,74.125.200.0-255,1484,69494,12,292462
6257,0.000693,74.125.200.0-255,4320,73814,12,292462
6258,0.000696,172.31.36.0-255,66,73880,12,292462
6259,0.000704,74.125.200.0-255,7156,81036,12,292462
6260,0.000706,172.31.36.0-255,66,81102,12,292462
6261,0.000738,172.31.36.0-255,66,81168,12,292462
6262,0.00076,74.125.200.0-255,1050,82218,12,292462
6263,0.000804,74.125.200.0-255,1484,83702,12,292462
6264,0.000808,172.31.36.0-255,66,83768,12,292462
6265,0.000825,74.125.200.0-255,2902,86670,12,292462
6266,0.000828,172.31.36.0-255,66,86736,12,292462
6267,0.000832,74.125.200.0-255,1484,88220,12,292462
6268,0.000852,74.125.200.0-255,2902,91122,12,292462
6269,0.000856,172.31.36.0-255,66,91188,12,292462
6270,0.000867,172.31.36.0-255,66,91254,12,292462
6271,0.000871,74.125.200.0-255,2902,94156,12,292462
6272,0.000873,172.31.36.0-255,66,94222,12,292462
6273,0.000905,74.125.200.0-255,4320,98542,12,292462
6274,0.000909,172.31.36.0-255,66,98608,12,292462
6275,0.00092,172.31.36.0-255,66,98674,12,292462
6276,0.000923,74.125.200.0-255,766,99440,12,292462
6277,0.000952,74.125.200.0-255,1484,100924,12,292462
6278,0.000955,172.31.36.0-255,66,100990,12,292462
6279,0.00096,74.125.200.0-255,2902,103892,12,292462
6280,0.000965,172.31.36.0-255,66,103958,12,292462
6281,0.000976,74.125.200.0-255,1484,105442,12,292462
6282,0.000979,74.125.200.0-255,1484,106926,12,292462
6283,0.000982,172.31.36.0-255,66,106992,12,292462
6284,0.000998,74.125.200.0-255,2902,109894,12,292462
6285,0.001001,172.31.36.0-255,66,109960,12,292462
6286,0.001004,74.125.200.0-255,1484,111444,12,292462
6287,0.001023,74.125.200.0-255,4320,115764,12,292462
6288,0.001027,172.31.36.0-255,66,115830,12,292462
6289,0.001031,74.125.200.0-255,2902,118732,12,292462
6290,0.001033,172.31.36.0-255,66,118798,12,292462
6291,0.001038,74.125.200.0-255,4320,123118,12,292462
6292,0.00104,172.31.36.0-255,66,123184,12,292462
6293,0.001073,172.31.36.0-255,66,123250,12,292462
6294,0.001076,74.125.200.0-255,1484,124734,12,292462
6295,0.001102,74.125.200.0-255,766,125500,12,292462
6296,0.001106,172.31.36.0-255,66,125566,12,292462
6297,0.00116,74.125.200.0-255,1484,127050,12,292462
6298,0.001173,74.125.200.0-255,1484,128534,12,292462
6299,0.001176,172.31.36.0-255,66,128600,12,292462
6300,0.001181,74.125.200.0-255,2902,131502,12,292462
6301,0.001183,172.31.36.0-255,66,131568,12,292462
6302,0.001209,74.125.200.0-255,5738,137306,12,292462
6303,0.001214,172.31.36.0-255,66,137372,12,292462
6304,0.001229,74.125.200.0-255,2902,140274,12,292462
6305,0.001232,172.31.36.0-255,66,140340,12,292462
6306,0.001235,74.125.200.0-255,1484,141824,12,292462
6307,0.001263,74.125.200.0-255,2902,144726,12,292462
6308,0.001266,172.31.36.0-255,66,144792,12,292462
6309,0.0013,172.31.36.0-255,66,144858,12,292462
6310,0.001343,74.125.200.0-255,2902,147760,12,292462
6311,0.001346,172.31.36.0-255,66,147826,12,292462
6312,0.001364,74.125.200.0-255,3602,151428,12,292462
6313,0.001367,172.31.36.0-255,66,151494,12,292462
6314,0.001397,74.125.200.0-255,1484,152978,12,292462
6315,0.00141,74.125.200.0-255,2902,155880,12,292462
6316,0.001413,172.31.36.0-255,66,155946,12,292462
6317,0.001438,74.125.200.0-255,5738,161684,12,292462
6318,0.001441,172.31.36.0-255,66,161750,12,292462
6319,0.001445,74.125.200.0-255,1484,163234,12,292462
6320,0.001482,74.125.200.0-255,5738,168972,12,292462
6321,0.001486,172.31.36.0-255,66,169038,12,292462
6322,0.0015,172.31.36.0-255,66,169104,12,292462
6323,0.001559,74.125.200.0-255,5020,174124,12,292462
6324,0.001563,172.31.36.0-255,66,174190,12,292462
6325,0.001992,74.125.200.0-255,1484,175674,12,292462
6326,0.001999,74.125.200.0-255,2902,178576,12,292462
6327,0.002003,172.31.36.0-255,66,178642,12,292462
6328,0.002022,74.125.200.0-255,4320,182962,12,292462
6329,0.002026,172.31.36.0-255,66,183028,12,292462
6330,0.002043,74.125.200.0-255,1484,184512,12,292462
6331,0.002046,74.125.200.0-255,1484,185996,12,292462
6332,0.002055,172.31.36.0-255,66,186062,12,292462
6333,0.002086,74.125.200.0-255,4320,190382,12,292462
6334,0.00209,172.31.36.0-255,66,190448,12,292462
6335,0.002097,74.125.200.0-255,7156,197604,12,292462
6336,0.002099,172.31.36.0-255,66,197670,12,292462
6337,0.002106,74.125.200.0-255,7156,204826,12,292462
6338,0.002109,172.31.36.0-255,66,204892,12,292462
6339,0.002127,74.125.200.0-255,3602,208494,12,292462
6340,0.002129,172.31.36.0-255,66,208560,12,292462
6341,0.002159,172.31.36.0-255,66,208626,12,292462
6342,0.002197,172.31.36.0-255,66,208692,12,292462
6343,0.002202,74.125.200.0-255,2902,211594,12,292462
6344,0.002204,172.31.36.0-255,66,211660,12,292462
6345,0.002209,74.125.200.0-255,4320,215980,12,292462
6346,0.002211,172.31.36.0-255,66,216046,12,292462
6347,0.002237,74.125.200.0-255,2184,218230,12,292462
6348,0.00224,172.31.36.0-255,66,218296,12,292462
6349,0.002287,74.125.200.0-255,1484,219780,12,292462
6350,0.002311,74.125.200.0-255,2902,222682,12,292462
6351,0.002313,172.31.36.0-255,66,222748,12,292462
6352,0.004508,74.125.200.0-255,1484,224232,12,292462
6353,0.004583,74.125.200.0-255,4320,228552,12,292462
6354,0.004587,172.31.36.0-255,66,228618,12,292462
6355,0.006856,74.125.200.0-255,5738,234356,12,292462
6356,0.006859,172.31.36.0-255,66,234422,12,292462
6357,0.009134,74.125.200.0-255,5738,240160,12,292462
6358,0.009141,172.31.36.0-255,66,240226,12,292462
6359,0.011421,74.125.200.0-255,5738,245964,12,292462
6360,0.011429,172.31.36.0-255,66,246030,12,292462
6361,0.013713,74.125.200.0-255,5738,251768,12,292462
6362,0.01372,172.31.36.0-255,66,251834,12,292462
6363,0.015996,74.125.200.0-255,5738,257572,12,292462
6364,0.016004,172.31.36.0-255,66,257638,12,292462
6365,0.018289,74.125.200.0-255,5738,263376,12,292462
6366,0.018296,172.31.36.0-255,66,263442,12,292462
6367,0.020574,74.125.200.0-255,5738,269180,12,292462
6368,0.02058,172.31.36.0-255,66,269246,12,292462
6369,0.022858,74.125.200.0-255,5738,274984,12,292462
6370,0.022863,172.31.36.0-255,66,275050,12,292462
6371,0.025142,74.125.200.0-255,5738,280788,12,292462
6372,0.025148,172.31.36.0-255,66,280854,12,292462
6373,0.027423,74.125.200.0-255,5738,286592,12,292462
6374,0.02743,172.31.36.0-255,66,286658,12,292462
6375,0.029725,74.125.200.0-255,5738,292396,12,292462
6376,0.029738,172.31.36.0-255,66,292462,12,292462
6377,0.0,74.125.68.0-255,152,152,12,235102
6378,1.9e-05,172.31.36.0-255,66,218,12,235102
6379,2.6e-05,74.125.68.0-255,1484,1702,12,235102
6380,3.1e-05,172.31.36.0-255,66,1768,12,235102
6381,3.6e-05,74.125.68.0-255,2902,4670,12,235102
6382,4.8e-05,172.31.36.0-255,66,4736,12,235102
6383,5.5e-05,74.125.68.0-255,5738,10474,12,235102
6384,5.8e-05,172.31.36.0-255,66,10540,12,235102
6385,0.000103,74.125.68.0-255,3431,13971,12,235102
6386,0.000106,172.31.36.0-255,66,14037,12,235102
6387,0.000179,74.125.68.0-255,1484,15521,12,235102
6388,0.000182,172.31.36.0-255,66,15587,12,235102
6389,0.000185,74.125.68.0-255,1484,17071,12,235102
6390,0.000187,172.31.36.0-255,66,17137,12,235102
6391,0.000207,74.125.68.0-255,2902,20039,12,235102
6392,0.00021,172.31.36.0-255,66,20105,12,235102
6393,0.000237,74.125.68.0-255,5738,25843,12,235102
6394,0.000239,172.31.36.0-255,66,25909,12,235102
6395,0.000245,74.125.68.0-255,2902,28811,12,235102
6396,0.000248,172.31.36.0-255,66,28877,12,235102
6397,0.0003,172.31.36.0-255,66,28943,12,235102
6398,0.000347,74.125.68.0-255,2902,31845,12,235102
6399,0.000351,172.31.36.0-255,66,31911,12,235102
6400,0.00039,172.31.36.0-255,66,31977,12,235102
6401,0.000415,74.125.68.0-255,1484,33461,12,235102
6402,0.000417,172.31.36.0-255,66,33527,12,235102
6403,0.000483,74.125.68.0-255,4320,37847,12,235102
6404,0.000486,172.31.36.0-255,66,37913,12,235102
6405,0.000513,74.125.68.0-255,2184,40097,12,235102
6406,0.000516,172.31.36.0-255,66,40163,12,235102
6407,0.000519,74.125.68.0-255,410,40573,12,235102
6408,0.00054,74.125.68.0-255,4320,44893,12,235102
6409,0.00055,74.125.68.0-255,1484,46377,12,235102
6410,0.00056,74.125.68.0-255,1484,47861,12,235102
6411,0.000578,74.125.68.0-255,4320,52181,12,235102
6412,0.000604,74.125.68.0-255,1484,53665,12,235102
6413,0.000629,74.125.68.0-255,7156,60821,12,235102
6414,0.000666,74.125.68.0-255,5738,66559,12,235102
6415,0.00067,172.31.36.0-255,66,66625,12,235102
6416,0.000687,172.31.36.0-255,66,66691,12,235102
6417,0.000743,172.31.36.0-255,66,66757,12,235102
6418,0.001095,74.125.68.0-255,1484,68241,12,235102
6419,0.001101,74.125.68.0-255,2902,71143,12,235102
6420,0.001105,172.31.36.0-255,66,71209,12,235102
6421,0.001133,74.125.68.0-255,4320,75529,12,235102
6422,0.001138,74.125.68.0-255,2902,78431,12,235102
6423,0.001146,172.31.36.0-255,66,78497,12,235102
6424,0.001164,74.125.68.0-255,5738,84235,12,235102
6425,0.001195,172.31.36.0-255,66,84301,12,235102
6426,0.001203,74.125.68.0-255,7156,91457,12,235102
6427,0.001242,172.31.36.0-255,66,91523,12,235102
6428,0.001287,74.125.68.0-255,766,92289,12,235102
6429,0.00129,172.31.36.0-255,66,92355,12,235102
6430,0.001415,74.125.68.0-255,1484,93839,12,235102
6431,0.001419,172.31.36.0-255,66,93905,12,235102
6432,0.001438,74.125.68.0-255,2902,96807,12,235102
6433,0.001444,74.125.68.0-255,5738,102545,12,235102
6434,0.001466,74.125.68.0-255,4320,106865,12,235102
6435,0.001472,172.31.36.0-255,66,106931,12,235102
6436,0.001498,74.125.68.0-255,2902,109833,12,235102
6437,0.001511,172.31.36.0-255,66,109899,12,235102
6438,0.001523,74.125.68.0-255,5738,115637,12,235102
6439,0.001528,172.31.36.0-255,66,115703,12,235102
6440,0.001552,74.125.68.0-255,2902,118605,12,235102
6441,0.001571,74.125.68.0-255,2902,121507,12,235102
6442,0.001585,74.125.68.0-255,5020,126527,12,235102
6443,0.001593,172.31.36.0-255,66,126593,12,235102
6444,0.001689,74.125.68.0-255,1484,128077,12,235102
6445,0.001706,74.125.68.0-255,2902,130979,12,235102
6446,0.001712,74.125.68.0-255,4320,135299,12,235102
6447,0.001729,74.125.68.0-255,4320,139619,12,235102
6448,0.001742,74.125.68.0-255,1484,141103,12,235102
6449,0.001748,172.31.36.0-255,66,141169,12,235102
6450,0.001795,74.125.68.0-255,2902,144071,12,235102
6451,0.001798,172.31.36.0-255,66,144137,12,235102
6452,0.001803,172.31.36.0-255,66,144203,12,235102
6453,0.00185,74.125.68.0-255,2902,147105,12,235102
6454,0.001864,172.31.36.0-255,66,147171,12,235102
6455,0.001875,74.125.68.0-255,5020,152191,12,235102
6456,0.001892,172.31.36.0-255,66,152257,12,235102
6457,0.002143,74.125.68.0-255,1484,153741,12,235102
6458,0.00215,74.125.68.0-255,2902,156643,12,235102
6459,0.002153,172.31.36.0-255,66,156709,12,235102
6460,0.002184,74.125.68.0-255,1484,158193,12,235102
6461,0.002215,74.125.68.0-255,1484,159677,12,235102
6462,0.002228,74.125.68.0-255,2902,162579,12,235102
6463,0.002234,172.31.36.0-255,66,162645,12,235102
6464,0.002243,74.125.68.0-255,1484,164129,12,235102
6465,0.002261,74.125.68.0-255,4320,168449,12,235102
6466,0.002274,172.31.36.0-255,66,168515,12,235102
6467,0.004538,74.125.68.0-255,5738,174253,12,235102
6468,0.004545,172.31.36.0-255,66,174319,12,235102
6469,0.006796,74.125.68.0-255,5738,180057,12,235102
6470,0.008627,172.31.36.0-255,66,180123,12,235102
6471,0.010894,74.125.68.0-255,5738,185861,12,235102
6472,0.010902,172.31.36.0-255,66,185927,12,235102
6473,0.013157,74.125.68.0-255,5738,191665,12,235102
6474,0.013165,172.31.36.0-255,66,191731,12,235102
6475,0.015429,74.125.68.0-255,5738,197469,12,235102
6476,0.015437,172.31.36.0-255,66,197535,12,235102
6477,0.017697,74.125.68.0-255,5738,203273,12,235102
6478,0.017703,172.31.36.0-255,66,203339,12,235102
6479,0.019993,74.125.68.0-255,4320,207659,12,235102
6480,0.020001,172.31.36.0-255,66,207725,12,235102
6481,0.020028,74.125.68.0-255,1484,209209,12,235102
6482,0.022261,74.125.68.0-255,4320,213529,12,235102
6483,0.022271,172.31.36.0-255,66,213595,12,235102
6484,0.024538,74.125.68.0-255,5738,219333,12,235102
6485,0.024585,172.31.36.0-255,66,219399,12,235102
6486,0.026858,74.125.68.0-255,5738,225137,12,235102
6487,0.026865,172.31.36.0-255,66,225203,12,235102
6488,0.029121,74.125.68.0-255,5738,230941,12,235102
6489,0.029128,172.31.36.0-255,66,231007,12,235102
6490,0.029365,172.31.36.0-255,172,231179,12,235102
6491,0.029394,172.31.36.0-255,1110,232289,12,235102
6492,0.029503,172.31.36.0-255,1514,233803,12,235102
6493,0.029505,172.31.36.0-255,1299,235102,12,235102
6494,0.0,172.31.36.0-255,105,105,12,150697
6495,0.001487,157.240.13.0-255,105,210,12,150697
6496,0.001501,172.31.36.0-255,66,276,12,150697
6497,0.007894,172.217.160.0-255,152,428,12,150697
6498,0.007907,172.31.36.0-255,66,494,12,150697
6499,0.007931,172.217.160.0-255,1484,1978,12,150697
6500,0.007935,172.31.36.0-255,66,2044,12,150697
6501,0.007941,172.217.160.0-255,2902,4946,12,150697
6502,0.007944,172.31.36.0-255,66,5012,12,150697
6503,0.00795,172.217.160.0-255,2902,7914,12,150697
6504,0.007953,172.31.36.0-255,66,7980,12,150697
6505,0.007983,172.217.160.0-255,2902,10882,12,150697
6506,0.007986,172.31.36.0-255,66,10948,12,150697
6507,0.007994,172.217.160.0-255,6230,17178,12,150697
6508,0.007996,172.31.36.0-255,66,17244,12,150697
6509,0.008011,172.31.36.0-255,66,17310,12,150697
6510,0.008052,172.217.160.0-255,2902,20212,12,150697
6511,0.008055,172.31.36.0-255,66,20278,12,150697
6512,0.008078,172.217.160.0-255,4320,24598,12,150697
6513,0.00808,172.31.36.0-255,66,24664,12,150697
6514,0.008086,172.217.160.0-255,4320,28984,12,150697
6515,0.008088,172.31.36.0-255,66,29050,12,150697
6516,0.008108,172.217.160.0-255,4320,33370,12,150697
6517,0.008111,172.31.36.0-255,66,33436,12,150697
6518,0.008114,172.217.160.0-255,1125,34561,12,150697
6519,0.008116,172.31.36.0-255,66,34627,12,150697
6520,0.00812,172.217.160.0-255,1484,36111,12,150697
6521,0.008122,172.31.36.0-255,66,36177,12,150697
6522,0.008128,172.217.160.0-255,4320,40497,12,150697
6523,0.00813,172.31.36.0-255,66,40563,12,150697
6524,0.008152,172.217.160.0-255,7156,47719,12,150697
6525,0.008154,172.31.36.0-255,66,47785,12,150697
6526,0.008176,172.217.160.0-255,2902,50687,12,150697
6527,0.008179,172.31.36.0-255,66,50753,12,150697
6528,0.008203,172.217.160.0-255,1125,51878,12,150697
6529,0.008261,172.217.160.0-255,372,52250,12,150697
6530,0.008827,172.217.160.0-255,101,52351,12,150697
6531,0.008885,172.31.36.0-255,66,52417,12,150697
6532,0.008907,172.217.160.0-255,1484,53901,12,150697
6533,0.008927,172.217.160.0-255,2902,56803,12,150697
6534,0.00893,172.31.36.0-255,66,56869,12,150697
6535,0.008937,172.217.160.0-255,5738,62607,12,150697
6536,0.008939,172.31.36.0-255,66,62673,12,150697
6537,0.008945,172.217.160.0-255,4320,66993,12,150697
6538,0.008947,172.31.36.0-255,66,67059,12,150697
6539,0.008996,172.217.160.0-255,7156,74215,12,150697
6540,0.009,172.31.36.0-255,66,74281,12,150697
6541,0.009023,172.217.160.0-255,5379,79660,12,150697
6542,0.009026,172.31.36.0-255,66,79726,12,150697
6543,0.009044,172.217.160.0-255,2902,82628,12,150697
6544,0.009047,172.31.36.0-255,66,82694,12,150697
6545,0.009068,172.217.160.0-255,3961,86655,12,150697
6546,0.00907,172.31.36.0-255,66,86721,12,150697
6547,0.010932,172.217.160.0-255,2902,89623,12,150697
6548,0.01094,172.31.36.0-255,66,89689,12,150697
6549,0.010959,172.217.160.0-255,2902,92591,12,150697
6550,0.010962,172.31.36.0-255,66,92657,12,150697
6551,0.012828,172.217.160.0-255,5738,98395,12,150697
6552,0.012836,172.31.36.0-255,66,98461,12,150697
6553,0.014703,172.217.160.0-255,5738,104199,12,150697
6554,0.014707,172.31.36.0-255,66,104265,12,150697
6555,0.016602,172.217.160.0-255,5738,110003,12,150697
6556,0.016609,172.31.36.0-255,66,110069,12,150697
6557,0.0185,172.217.160.0-255,5738,115807,12,150697
6558,0.01851,172.31.36.0-255,66,115873,12,150697
6559,0.020405,172.217.160.0-255,5738,121611,12,150697
6560,0.020413,172.31.36.0-255,66,121677,12,150697
6561,0.022296,172.217.160.0-255,5738,127415,12,150697
6562,0.022306,172.31.36.0-255,66,127481,12,150697
6563,0.024196,172.217.160.0-255,5738,133219,12,150697
6564,0.024206,172.31.36.0-255,66,133285,12,150697
6565,0.026106,172.217.160.0-255,5738,139023,12,150697
6566,0.026115,172.31.36.0-255,66,139089,12,150697
6567,0.028001,172.217.160.0-255,5738,144827,12,150697
6568,0.028009,172.31.36.0-255,66,144893,12,150697
6569,0.02989,172.217.160.0-255,5738,150631,12,150697
6570,0.029898,172.31.36.0-255,66,150697,12,150697
6571,0.0,172.217.27.0-255,153,153,12,208701
6572,2.4e-05,172.31.36.0-255,66,219,12,208701
6573,3.2e-05,172.217.27.0-255,1484,1703,12,208701
6574,3.6e-05,172.31.36.0-255,66,1769,12,208701
6575,3.8e-05,172.217.27.0-255,1484,3253,12,208701
6576,4.1e-05,172.31.36.0-255,66,3319,12,208701
6577,5.7e-05,172.217.27.0-255,2902,6221,12,208701
6578,6.5e-05,172.31.36.0-255,66,6287,12,208701
6579,7.1e-05,172.217.27.0-255,5738,12025,12,208701
6580,7.5e-05,172.31.36.0-255,66,12091,12,208701
6581,8e-05,172.217.27.0-255,2088,14179,12,208701
6582,8.2e-05,172.31.36.0-255,66,14245,12,208701
6583,0.000178,172.217.27.0-255,1484,15729,12,208701
6584,0.000183,172.31.36.0-255,66,15795,12,208701
6585,0.000188,172.217.27.0-255,2902,18697,12,208701
6586,0.00019,172.31.36.0-255,66,18763,12,208701
6587,0.000195,172.217.27.0-255,2902,21665,12,208701
6588,0.000196,172.31.36.0-255,66,21731,12,208701
6589,0.000223,172.217.27.0-255,2902,24633,12,208701
6590,0.000225,172.31.36.0-255,66,24699,12,208701
6591,0.000235,172.217.27.0-255,6797,31496,12,208701
6592,0.000236,172.31.36.0-255,66,31562,12,208701
6593,0.000272,172.217.27.0-255,7156,38718,12,208701
6594,0.000274,172.31.36.0-255,66,38784,12,208701
6595,0.000278,172.217.27.0-255,2902,41686,12,208701
6596,0.00028,172.31.36.0-255,66,41752,12,208701
6597,0.000301,172.217.27.0-255,6797,48549,12,208701
6598,0.000307,172.31.36.0-255,66,48615,12,208701
6599,0.000768,172.217.27.0-255,1484,50099,12,208701
6600,0.000776,172.31.36.0-255,66,50165,12,208701
6601,0.000812,172.217.27.0-255,1484,51649,12,208701
6602,0.000818,172.31.36.0-255,66,51715,12,208701
6603,0.000829,172.217.27.0-255,2902,54617,12,208701
6604,0.000831,172.31.36.0-255,66,54683,12,208701
6605,0.000844,172.217.27.0-255,5738,60421,12,208701
6606,0.000846,172.31.36.0-255,66,60487,12,208701
6607,0.000879,172.217.27.0-255,5379,65866,12,208701
6608,0.000882,172.31.36.0-255,66,65932,12,208701
6609,0.000943,172.217.27.0-255,1484,67416,12,208701
6610,0.000951,172.217.27.0-255,2902,70318,12,208701
6611,0.000954,172.31.36.0-255,66,70384,12,208701
6612,0.000961,172.217.27.0-255,4320,74704,12,208701
6613,0.000963,172.31.36.0-255,66,74770,12,208701
6614,0.000985,172.217.27.0-255,1484,76254,12,208701
6615,0.000994,172.217.27.0-255,2902,79156,12,208701
6616,0.000997,172.31.36.0-255,66,79222,12,208701
6617,0.001034,172.31.36.0-255,66,79288,12,208701
6618,0.001039,172.217.27.0-255,2902,82190,12,208701
6619,0.001041,172.31.36.0-255,66,82256,12,208701
6620,0.001117,172.31.36.0-255,66,82322,12,208701
6621,0.001475,172.217.27.0-255,1484,83806,12,208701
6622,0.001482,172.217.27.0-255,1484,85290,12,208701
6623,0.001485,172.31.36.0-255,66,85356,12,208701
6624,0.001515,172.217.27.0-255,1484,86840,12,208701
6625,0.001521,172.217.27.0-255,4320,91160,12,208701
6626,0.001524,172.31.36.0-255,66,91226,12,208701
6627,0.00153,172.217.27.0-255,4320,95546,12,208701
6628,0.001531,172.31.36.0-255,66,95612,12,208701
6629,0.001548,172.217.27.0-255,1484,97096,12,208701
6630,0.001551,172.217.27.0-255,1484,98580,12,208701
6631,0.001557,172.31.36.0-255,66,98646,12,208701
6632,0.00156,172.217.27.0-255,1484,100130,12,208701
6633,0.001588,172.217.27.0-255,7156,107286,12,208701
6634,0.00159,172.31.36.0-255,66,107352,12,208701
6635,0.001596,172.217.27.0-255,5738,113090,12,208701
6636,0.001598,172.31.36.0-255,66,113156,12,208701
6637,0.001618,172.217.27.0-255,2902,116058,12,208701
6638,0.00162,172.31.36.0-255,66,116124,12,208701
6639,0.001623,172.217.27.0-255,766,116890,12,208701
6640,0.002079,172.31.36.0-255,66,116956,12,208701
6641,0.00325,172.217.27.0-255,1484,118440,12,208701
6642,0.003268,172.217.27.0-255,2902,121342,12,208701
6643,0.003271,172.31.36.0-255,66,121408,12,208701
6644,0.003745,172.217.27.0-255,1484,122892,12,208701
6645,0.004934,172.217.27.0-255,4320,127212,12,208701
6646,0.00494,172.31.36.0-255,66,127278,12,208701
6647,0.006613,172.217.27.0-255,5738,133016,12,208701
6648,0.006622,172.31.36.0-255,66,133082,12,208701
6649,0.008286,172.217.27.0-255,5738,138820,12,208701
6650,0.008291,172.31.36.0-255,66,138886,12,208701
6651,0.009964,172.217.27.0-255,5738,144624,12,208701
6652,0.009971,172.31.36.0-255,66,144690,12,208701
6653,0.01165,172.217.27.0-255,5738,150428,12,208701
6654,0.011663,172.31.36.0-255,66,150494,12,208701
6655,0.013355,172.217.27.0-255,5738,156232,12,208701
6656,0.013372,172.31.36.0-255,66,156298,12,208701
6657,0.01505,172.217.27.0-255,5738,162036,12,208701
6658,0.015062,172.31.36.0-255,66,162102,12,208701
6659,0.016741,172.217.27.0-255,5738,167840,12,208701
6660,0.016755,172.31.36.0-255,66,167906,12,208701
6661,0.018438,172.217.27.0-255,5738,173644,12,208701
6662,0.018452,172.31.36.0-255,66,173710,12,208701
6663,0.018578,172.31.36.0-255,101,173811,12,208701
6664,0.020122,172.217.27.0-255,5738,179549,12,208701
6665,0.02013,172.31.36.0-255,66,179615,12,208701
6666,0.020201,172.217.27.0-255,66,179681,12,208701
6667,0.021791,172.217.27.0-255,5738,185419,12,208701
6668,0.021799,172.31.36.0-255,66,185485,12,208701
6669,0.02349,172.217.27.0-255,5738,191223,12,208701
6670,0.023505,172.31.36.0-255,66,191289,12,208701
6671,0.025184,172.217.27.0-255,5738,197027,12,208701
6672,0.0252,172.31.36.0-255,66,197093,12,208701
6673,0.026883,172.217.27.0-255,5738,202831,12,208701
6674,0.0269,172.31.36.0-255,66,202897,12,208701
6675,0.028597,172.217.27.0-255,5738,208635,12,208701
6676,0.028612,172.31.36.0-255,66,208701,12,208701
6677,0.0,74.125.68.0-255,66,66,12,66
6678,0.0,172.217.194.0-255,154,154,12,276339
6679,2.3e-05,172.31.36.0-255,66,220,12,276339
6680,3.1e-05,172.217.194.0-255,1484,1704,12,276339
6681,3.6e-05,172.31.36.0-255,66,1770,12,276339
6682,4.2e-05,172.217.194.0-255,2902,4672,12,276339
6683,4.6e-05,172.31.36.0-255,66,4738,12,276339
6684,5.4e-05,172.217.194.0-255,7156,11894,12,276339
6685,5.7e-05,172.31.36.0-255,66,11960,12,276339
6686,8.4e-05,172.31.36.0-255,66,12026,12,276339
6687,9.2e-05,172.217.194.0-255,6797,18823,12,276339
6688,9.4e-05,172.31.36.0-255,66,18889,12,276339
6689,0.000149,172.217.194.0-255,1484,20373,12,276339
6690,0.000152,172.31.36.0-255,66,20439,12,276339
6691,0.000158,172.217.194.0-255,2902,23341,12,276339
6692,0.00016,172.31.36.0-255,66,23407,12,276339
6693,0.000189,172.217.194.0-255,5738,29145,12,276339
6694,0.000193,172.31.36.0-255,66,29211,12,276339
6695,0.00021,172.217.194.0-255,1484,30695,12,276339
6696,0.000212,172.31.36.0-255,66,30761,12,276339
6697,0.000231,172.217.194.0-255,5379,36140,12,276339
6698,0.000234,172.31.36.0-255,66,36206,12,276339
6699,0.000366,172.217.194.0-255,1484,37690,12,276339
6700,0.00037,172.31.36.0-255,66,37756,12,276339
6701,0.000374,172.217.194.0-255,1484,39240,12,276339
6702,0.000376,172.31.36.0-255,66,39306,12,276339
6703,0.00039,172.217.194.0-255,1484,40790,12,276339
6704,0.000392,172.31.36.0-255,66,40856,12,276339
6705,0.000399,172.217.194.0-255,4320,45176,12,276339
6706,0.000402,172.31.36.0-255,66,45242,12,276339
6707,0.000419,172.217.194.0-255,1484,46726,12,276339
6708,0.000421,172.31.36.0-255,66,46792,12,276339
6709,0.000429,172.217.194.0-255,7112,53904,12,276339
6710,0.000431,172.31.36.0-255,66,53970,12,276339
6711,0.000556,172.217.194.0-255,364,54334,12,276339
6712,0.000654,172.217.194.0-255,1484,55818,12,276339
6713,0.000658,172.31.36.0-255,66,55884,12,276339
6714,0.000664,172.217.194.0-255,2902,58786,12,276339
6715,0.000667,172.31.36.0-255,66,58852,12,276339
6716,0.000693,172.217.194.0-255,5738,64590,12,276339
6717,0.000696,172.31.36.0-255,66,64656,12,276339
6718,0.000699,172.217.194.0-255,1484,66140,12,276339
6719,0.000729,172.217.194.0-255,2902,69042,12,276339
6720,0.000732,172.31.36.0-255,66,69108,12,276339
6721,0.000758,172.217.194.0-255,6797,75905,12,276339
6722,0.000762,172.31.36.0-255,66,75971,12,276339
6723,0.000773,172.31.36.0-255,66,76037,12,276339
6724,0.000808,172.217.194.0-255,2543,78580,12,276339
6725,0.00081,172.31.36.0-255,66,78646,12,276339
6726,0.00119,172.217.194.0-255,1484,80130,12,276339
6727,0.001196,172.217.194.0-255,2902,83032,12,276339
6728,0.001199,172.31.36.0-255,66,83098,12,276339
6729,0.001223,172.217.194.0-255,2902,86000,12,276339
6730,0.001226,172.31.36.0-255,66,86066,12,276339
6731,0.001252,172.217.194.0-255,7156,93222,12,276339
6732,0.001255,172.31.36.0-255,66,93288,12,276339
6733,0.001263,172.217.194.0-255,7156,100444,12,276339
6734,0.001265,172.31.36.0-255,66,100510,12,276339
6735,0.001348,172.217.194.0-255,5738,106248,12,276339
6736,0.001353,172.31.36.0-255,66,106314,12,276339
6737,0.001366,172.217.194.0-255,6438,112752,12,276339
6738,0.001368,172.31.36.0-255,66,112818,12,276339
6739,0.00139,172.217.194.0-255,1484,114302,12,276339
6740,0.001395,172.217.194.0-255,2902,117204,12,276339
6741,0.001397,172.31.36.0-255,66,117270,12,276339
6742,0.001416,172.217.194.0-255,5738,123008,12,276339
6743,0.001419,172.31.36.0-255,66,123074,12,276339
6744,0.001422,172.217.194.0-255,1484,124558,12,276339
6745,0.001439,172.217.194.0-255,4320,128878,12,276339
6746,0.001442,172.31.36.0-255,66,128944,12,276339
6747,0.001465,172.217.194.0-255,5738,134682,12,276339
6748,0.001468,172.31.36.0-255,66,134748,12,276339
6749,0.001475,172.217.194.0-255,5738,140486,12,276339
6750,0.001477,172.31.36.0-255,66,140552,12,276339
6751,0.001507,172.217.194.0-255,6438,146990,12,276339
6752,0.00151,172.217.194.0-255,1484,148474,12,276339
6753,0.001514,172.31.36.0-255,66,148540,12,276339
6754,0.001532,172.31.36.0-255,66,148606,12,276339
6755,0.001555,172.31.36.0-255,66,148672,12,276339
6756,0.00159,172.31.36.0-255,66,148738,12,276339
6757,0.001596,172.217.194.0-255,3602,152340,12,276339
6758,0.001598,172.31.36.0-255,66,152406,12,276339
6759,0.001603,172.217.194.0-255,4320,156726,12,276339
6760,0.001605,172.31.36.0-255,66,156792,12,276339
6761,0.00161,172.217.194.0-255,4320,161112,12,276339
6762,0.001612,172.31.36.0-255,66,161178,12,276339
6763,0.001634,172.217.194.0-255,5738,166916,12,276339
6764,0.001636,172.31.36.0-255,66,166982,12,276339
6765,0.001641,172.217.194.0-255,4320,171302,12,276339
6766,0.001644,172.31.36.0-255,66,171368,12,276339
6767,0.00168,172.217.194.0-255,5738,177106,12,276339
6768,0.001685,172.31.36.0-255,66,177172,12,276339
6769,0.001702,172.31.36.0-255,66,177238,12,276339
6770,0.001761,172.217.194.0-255,1484,178722,12,276339
6771,0.00178,172.217.194.0-255,2902,181624,12,276339
6772,0.001783,172.31.36.0-255,66,181690,12,276339
6773,0.001787,172.217.194.0-255,1484,183174,12,276339
6774,0.001806,172.217.194.0-255,4320,187494,12,276339
6775,0.001809,172.31.36.0-255,66,187560,12,276339
6776,0.001825,172.217.194.0-255,4320,191880,12,276339
6777,0.001827,172.31.36.0-255,66,191946,12,276339
6778,0.001869,172.31.36.0-255,66,192012,12,276339
6779,0.001872,172.217.194.0-255,1484,193496,12,276339
6780,0.00188,172.217.194.0-255,7156,200652,12,276339
6781,0.001883,172.31.36.0-255,66,200718,12,276339
6782,0.001897,172.217.194.0-255,2184,202902,12,276339
6783,0.001899,172.31.36.0-255,66,202968,12,276339
6784,0.00197,172.217.194.0-255,1484,204452,12,276339
6785,0.001975,172.217.194.0-255,1484,205936,12,276339
6786,0.001977,172.31.36.0-255,66,206002,12,276339
6787,0.001993,172.217.194.0-255,1484,207486,12,276339
6788,0.002007,172.217.194.0-255,4320,211806,12,276339
6789,0.002009,172.31.36.0-255,66,211872,12,276339
6790,0.002026,172.217.194.0-255,1484,213356,12,276339
6791,0.002039,172.217.194.0-255,1484,214840,12,276339
6792,0.002042,172.31.36.0-255,66,214906,12,276339
6793,0.002064,172.217.194.0-255,7156,222062,12,276339
6794,0.002067,172.31.36.0-255,66,222128,12,276339
6795,0.002082,172.217.194.0-255,4320,226448,12,276339
6796,0.002085,172.31.36.0-255,66,226514,12,276339
6797,0.002088,172.217.194.0-255,1484,227998,12,276339
6798,0.002094,172.217.194.0-255,5738,233736,12,276339
6799,0.002097,172.31.36.0-255,66,233802,12,276339
6800,0.002124,172.217.194.0-255,3602,237404,12,276339
6801,0.002128,172.31.36.0-255,66,237470,12,276339
6802,0.002131,172.217.194.0-255,1484,238954,12,276339
6803,0.002151,172.217.194.0-255,5738,244692,12,276339
6804,0.0022,172.31.36.0-255,66,244758,12,276339
6805,0.002203,172.31.36.0-255,66,244824,12,276339
6806,0.002224,172.217.194.0-255,5738,250562,12,276339
6807,0.002227,172.31.36.0-255,66,250628,12,276339
6808,0.002266,172.31.36.0-255,66,250694,12,276339
6809,0.00227,172.217.194.0-255,2184,252878,12,276339
6810,0.002272,172.31.36.0-255,66,252944,12,276339
6811,0.002332,172.217.194.0-255,1484,254428,12,276339
6812,0.002335,172.217.194.0-255,1484,255912,12,276339
6813,0.00234,172.31.36.0-255,66,255978,12,276339
6814,0.002349,172.217.194.0-255,1484,257462,12,276339
6815,0.002352,172.217.194.0-255,1484,258946,12,276339
6816,0.002354,172.31.36.0-255,66,259012,12,276339
6817,0.00238,172.217.194.0-255,4320,263332,12,276339
6818,0.002383,172.31.36.0-255,66,263398,12,276339
6819,0.002389,172.217.194.0-255,4320,267718,12,276339
6820,0.002392,172.31.36.0-255,66,267784,12,276339
6821,0.002413,172.31.36.0-255,66,267850,12,276339
6822,0.002427,172.31.36.0-255,66,267916,12,276339
6823,0.002449,172.217.194.0-255,2902,270818,12,276339
6824,0.002452,172.31.36.0-255,66,270884,12,276339
6825,0.002484,172.31.36.0-255,66,270950,12,276339
6826,0.0025,172.217.194.0-255,1484,272434,12,276339
6827,0.002503,172.217.194.0-255,1484,273918,12,276339
6828,0.002505,172.31.36.0-255,66,273984,12,276339
6829,0.002518,172.31.36.0-255,66,274050,12,276339
6830,0.002551,172.217.194.0-255,1780,275830,12,276339
6831,0.002554,172.31.36.0-255,66,275896,12,276339
6832,0.002571,172.217.194.0-255,105,276001,12,276339
6833,0.004233,172.31.36.0-255,101,276102,12,276339
6834,0.004772,172.31.36.0-255,105,276207,12,276339
6835,0.006759,172.217.194.0-255,66,276273,12,276339
6836,0.00738,172.217.194.0-255,66,276339,12,276339
6837,0.0,74.125.24.0-255,177,177,12,166025
6838,2.3e-05,172.31.36.0-255,66,243,12,166025
6839,3.1e-05,74.125.24.0-255,1484,1727,12,166025
6840,3.6e-05,172.31.36.0-255,66,1793,12,166025
6841,4.2e-05,74.125.24.0-255,2902,4695,12,166025
6842,4.5e-05,172.31.36.0-255,66,4761,12,166025
6843,5.1e-05,74.125.24.0-255,4320,9081,12,166025
6844,5.4e-05,172.31.36.0-255,66,9147,12,166025
6845,8.8e-05,74.125.24.0-255,4851,13998,12,166025
6846,9.2e-05,172.31.36.0-255,66,14064,12,166025
6847,0.000328,74.125.24.0-255,1484,15548,12,166025
6848,0.000333,172.31.36.0-255,66,15614,12,166025
6849,0.00034,74.125.24.0-255,2902,18516,12,166025
6850,0.000342,172.31.36.0-255,66,18582,12,166025
6851,0.000348,74.125.24.0-255,4320,22902,12,166025
6852,0.00035,172.31.36.0-255,66,22968,12,166025
6853,0.000394,74.125.24.0-255,4320,27288,12,166025
6854,0.000397,172.31.36.0-255,66,27354,12,166025
6855,0.000417,74.125.24.0-255,3961,31315,12,166025
6856,0.000419,172.31.36.0-255,66,31381,12,166025
6857,0.00043,172.31.36.0-255,66,31447,12,166025
6858,0.000453,172.31.36.0-255,66,31513,12,166025
6859,0.000529,74.125.24.0-255,1484,32997,12,166025
6860,0.000533,172.31.36.0-255,66,33063,12,166025
6861,0.000539,74.125.24.0-255,2902,35965,12,166025
6862,0.000542,172.31.36.0-255,66,36031,12,166025
6863,0.000547,74.125.24.0-255,2902,38933,12,166025
6864,0.000549,172.31.36.0-255,66,38999,12,166025
6865,0.000575,74.125.24.0-255,2902,41901,12,166025
6866,0.000578,172.31.36.0-255,66,41967,12,166025
6867,0.000597,74.125.24.0-255,6797,48764,12,166025
6868,0.000599,172.31.36.0-255,66,48830,12,166025
6869,0.000621,74.125.24.0-255,396,49226,12,166025
6870,0.000664,74.125.24.0-255,349,49575,12,166025
6871,0.00103,74.125.24.0-255,1484,51059,12,166025
6872,0.001036,172.31.36.0-255,66,51125,12,166025
6873,0.001041,74.125.24.0-255,2902,54027,12,166025
6874,0.001044,172.31.36.0-255,66,54093,12,166025
6875,0.00105,74.125.24.0-255,5738,59831,12,166025
6876,0.001052,172.31.36.0-255,66,59897,12,166025
6877,0.001058,74.125.24.0-255,5738,65635,12,166025
6878,0.00106,172.31.36.0-255,66,65701,12,166025
6879,0.001098,172.31.36.0-255,66,65767,12,166025
6880,0.001103,74.125.24.0-255,3410,69177,12,166025
6881,0.001105,172.31.36.0-255,66,69243,12,166025
6882,0.001283,74.125.24.0-255,1484,70727,12,166025
6883,0.001289,74.125.24.0-255,2902,73629,12,166025
6884,0.001292,172.31.36.0-255,66,73695,12,166025
6885,0.001313,74.125.24.0-255,5738,79433,12,166025
6886,0.001316,172.31.36.0-255,66,79499,12,166025
6887,0.00134,74.125.24.0-255,5738,85237,12,166025
6888,0.001342,172.31.36.0-255,66,85303,12,166025
6889,0.001363,74.125.24.0-255,7156,92459,12,166025
6890,0.001366,172.31.36.0-255,66,92525,12,166025
6891,0.001377,172.31.36.0-255,66,92591,12,166025
6892,0.001399,74.125.24.0-255,766,93357,12,166025
6893,0.00182,172.31.36.0-255,66,93423,12,166025
6894,0.003726,74.125.24.0-255,4320,97743,12,166025
6895,0.003734,172.31.36.0-255,66,97809,12,166025
6896,0.004116,74.125.24.0-255,1484,99293,12,166025
6897,0.006077,74.125.24.0-255,4320,103613,12,166025
6898,0.006081,172.31.36.0-255,66,103679,12,166025
6899,0.008369,74.125.24.0-255,5738,109417,12,166025
6900,0.008381,172.31.36.0-255,66,109483,12,166025
6901,0.010692,74.125.24.0-255,5738,115221,12,166025
6902,0.010711,172.31.36.0-255,66,115287,12,166025
6903,0.01308,74.125.24.0-255,5738,121025,12,166025
6904,0.0131,172.31.36.0-255,66,121091,12,166025
6905,0.015472,74.125.24.0-255,5738,126829,12,166025
6906,0.015485,172.31.36.0-255,66,126895,12,166025
6907,0.017806,74.125.24.0-255,5738,132633,12,166025
6908,0.017818,172.31.36.0-255,66,132699,12,166025
6909,0.020163,74.125.24.0-255,5738,138437,12,166025
6910,0.020174,172.31.36.0-255,66,138503,12,166025
6911,0.02152,172.31.36.0-255,187,138690,12,166025
6912,0.021555,172.31.36.0-255,976,139666,12,166025
6913,0.02162,172.31.36.0-255,1514,141180,12,166025
6914,0.021622,172.31.36.0-255,1431,142611,12,166025
6915,0.022523,74.125.24.0-255,5738,148349,12,166025
6916,0.022531,172.31.36.0-255,66,148415,12,166025
6917,0.023102,104.244.42.0-255,66,148481,12,166025
6918,0.023152,104.244.42.0-255,66,148547,12,166025
6919,0.023229,104.244.42.0-255,66,148613,12,166025
6920,0.024852,74.125.24.0-255,5738,154351,12,166025
6921,0.024858,172.31.36.0-255,66,154417,12,166025
6922,0.027205,74.125.24.0-255,5738,160155,12,166025
6923,0.027212,172.31.36.0-255,66,160221,12,166025
6924,0.029539,74.125.24.0-255,5738,165959,12,166025
6925,0.029546,172.31.36.0-255,66,166025,12,166025
6926,0.0,74.125.130.0-255,151,151,12,216790
6927,1.8e-05,172.31.36.0-255,66,217,12,216790
6928,2.4e-05,74.125.130.0-255,1484,1701,12,216790
6929,2.9e-05,172.31.36.0-255,66,1767,12,216790
6930,3.3e-05,74.125.130.0-255,1484,3251,12,216790
6931,4.4e-05,172.31.36.0-255,66,3317,12,216790
6932,7.3e-05,74.125.130.0-255,1484,4801,12,216790
6933,7.5e-05,172.31.36.0-255,66,4867,12,216790
6934,8.8e-05,74.125.130.0-255,5738,10605,12,216790
6935,9.1e-05,172.31.36.0-255,66,10671,12,216790
6936,9.9e-05,74.125.130.0-255,6342,17013,12,216790
6937,0.000101,172.31.36.0-255,66,17079,12,216790
6938,0.000113,172.31.36.0-255,66,17145,12,216790
6939,0.000146,74.125.130.0-255,3961,21106,12,216790
6940,0.000148,172.31.36.0-255,66,21172,12,216790
6941,0.000213,74.125.130.0-255,1484,22656,12,216790
6942,0.000216,172.31.36.0-255,66,22722,12,216790
6943,0.000221,74.125.130.0-255,2902,25624,12,216790
6944,0.000223,172.31.36.0-255,66,25690,12,216790
6945,0.000226,74.125.130.0-255,1484,27174,12,216790
6946,0.000228,172.31.36.0-255,66,27240,12,216790
6947,0.000247,74.125.130.0-255,2902,30142,12,216790
6948,0.00025,172.31.36.0-255,66,30208,12,216790
6949,0.000279,172.31.36.0-255,66,30274,12,216790
6950,0.000282,74.125.130.0-255,1484,31758,12,216790
6951,0.000284,172.31.36.0-255,66,31824,12,216790
6952,0.000318,172.31.36.0-255,66,31890,12,216790
6953,0.000322,74.125.130.0-255,2902,34792,12,216790
6954,0.000324,172.31.36.0-255,66,34858,12,216790
6955,0.000348,74.125.130.0-255,2801,37659,12,216790
6956,0.000351,172.31.36.0-255,66,37725,12,216790
6957,0.000358,74.125.130.0-255,429,38154,12,216790
6958,0.00067,74.125.130.0-255,1484,39638,12,216790
6959,0.000676,172.31.36.0-255,66,39704,12,216790
6960,0.000683,74.125.130.0-255,2902,42606,12,216790
6961,0.000687,172.31.36.0-255,66,42672,12,216790
6962,0.000724,74.125.130.0-255,4320,46992,12,216790
6963,0.000727,172.31.36.0-255,66,47058,12,216790
6964,0.000752,74.125.130.0-255,1484,48542,12,216790
6965,0.000767,172.31.36.0-255,66,48608,12,216790
6966,0.00077,74.125.130.0-255,1484,50092,12,216790
6967,0.000799,74.125.130.0-255,7156,57248,12,216790
6968,0.000802,172.31.36.0-255,66,57314,12,216790
6969,0.000826,74.125.130.0-255,2184,59498,12,216790
6970,0.000829,172.31.36.0-255,66,59564,12,216790
6971,0.000854,74.125.130.0-255,1484,61048,12,216790
6972,0.000871,74.125.130.0-255,1484,62532,12,216790
6973,0.000874,172.31.36.0-255,66,62598,12,216790
6974,0.000904,74.125.130.0-255,2902,65500,12,216790
6975,0.000908,172.31.36.0-255,66,65566,12,216790
6976,0.000911,74.125.130.0-255,1484,67050,12,216790
6977,0.000938,74.125.130.0-255,4320,71370,12,216790
6978,0.000941,172.31.36.0-255,66,71436,12,216790
6979,0.000948,74.125.130.0-255,5738,77174,12,216790
6980,0.000951,172.31.36.0-255,66,77240,12,216790
6981,0.000971,74.125.130.0-255,2902,80142,12,216790
6982,0.000973,172.31.36.0-255,66,80208,12,216790
6983,0.001005,74.125.130.0-255,4320,84528,12,216790
6984,0.001008,172.31.36.0-255,66,84594,12,216790
6985,0.001011,74.125.130.0-255,1484,86078,12,216790
6986,0.001041,74.125.130.0-255,4320,90398,12,216790
6987,0.001044,172.31.36.0-255,66,90464,12,216790
6988,0.001068,74.125.130.0-255,3602,94066,12,216790
6989,0.001071,172.31.36.0-255,66,94132,12,216790
6990,0.001095,74.125.130.0-255,1484,95616,12,216790
6991,0.001099,74.125.130.0-255,2902,98518,12,216790
6992,0.001102,172.31.36.0-255,66,98584,12,216790
6993,0.001105,74.125.130.0-255,1484,100068,12,216790
6994,0.001129,74.125.130.0-255,4320,104388,12,216790
6995,0.001132,172.31.36.0-255,66,104454,12,216790
6996,0.001167,172.31.36.0-255,66,104520,12,216790
6997,0.00123,74.125.130.0-255,5738,110258,12,216790
6998,0.001234,172.31.36.0-255,66,110324,12,216790
6999,0.00126,74.125.130.0-255,5020,115344,12,216790
7000,0.001263,172.31.36.0-255,66,115410,12,216790
7001,0.001328,74.125.130.0-255,1484,116894,12,216790
7002,0.001345,74.125.130.0-255,2902,119796,12,216790
7003,0.001348,172.31.36.0-255,66,119862,12,216790
7004,0.001354,74.125.130.0-255,4320,124182,12,216790
7005,0.001356,172.31.36.0-255,66,124248,12,216790
7006,0.001392,74.125.130.0-255,1484,125732,12,216790
7007,0.001407,172.31.36.0-255,66,125798,12,216790
7008,0.001412,74.125.130.0-255,4320,130118,12,216790
7009,0.001415,172.31.36.0-255,66,130184,12,216790
7010,0.001418,74.125.130.0-255,1484,131668,12,216790
7011,0.001438,74.125.130.0-255,4320,135988,12,216790
7012,0.001441,172.31.36.0-255,66,136054,12,216790
7013,0.001448,74.125.130.0-255,766,136820,12,216790
7014,0.002645,172.31.36.0-255,66,136886,12,216790
7015,0.003444,74.125.130.0-255,4320,141206,12,216790
7016,0.003452,172.31.36.0-255,66,141272,12,216790
7017,0.004612,74.125.130.0-255,1484,142756,12,216790
7018,0.005424,74.125.130.0-255,4320,147076,12,216790
7019,0.005427,172.31.36.0-255,66,147142,12,216790
7020,0.007396,74.125.130.0-255,5738,152880,12,216790
7021,0.007401,172.31.36.0-255,66,152946,12,216790
7022,0.009379,74.125.130.0-255,5738,158684,12,216790
7023,0.009386,172.31.36.0-255,66,158750,12,216790
7024,0.011371,74.125.130.0-255,5738,164488,12,216790
7025,0.011379,172.31.36.0-255,66,164554,12,216790
7026,0.013371,74.125.130.0-255,5738,170292,12,216790
7027,0.013379,172.31.36.0-255,66,170358,12,216790
7028,0.015358,74.125.130.0-255,5738,176096,12,216790
7029,0.015366,172.31.36.0-255,66,176162,12,216790
7030,0.017344,74.125.130.0-255,5738,181900,12,216790
7031,0.017352,172.31.36.0-255,66,181966,12,216790
7032,0.019339,74.125.130.0-255,5738,187704,12,216790
7033,0.019346,172.31.36.0-255,66,187770,12,216790
7034,0.021327,74.125.130.0-255,5738,193508,12,216790
7035,0.021334,172.31.36.0-255,66,193574,12,216790
7036,0.023329,74.125.130.0-255,5738,199312,12,216790
7037,0.02334,172.31.36.0-255,66,199378,12,216790
7038,0.025316,74.125.130.0-255,5738,205116,12,216790
7039,0.025324,172.31.36.0-255,66,205182,12,216790
7040,0.027308,74.125.130.0-255,5738,210920,12,216790
7041,0.027316,172.31.36.0-255,66,210986,12,216790
7042,0.029286,74.125.130.0-255,5738,216724,12,216790
7043,0.029294,172.31.36.0-255,66,216790,12,216790
7044,0.0,172.217.194.0-255,153,153,12,260375
7045,2.1e-05,172.31.36.0-255,66,219,12,260375
7046,2.7e-05,172.217.194.0-255,1484,1703,12,260375
7047,3e-05,172.31.36.0-255,66,1769,12,260375
7048,3.2e-05,172.217.194.0-255,1484,3253,12,260375
7049,3.4e-05,172.31.36.0-255,66,3319,12,260375
7050,4.7e-05,172.217.194.0-255,4320,7639,12,260375
7051,4.9e-05,172.31.36.0-255,66,7705,12,260375
7052,7.4e-05,172.217.194.0-255,4320,12025,12,260375
7053,7.7e-05,172.31.36.0-255,66,12091,12,260375
7054,0.000105,172.217.194.0-255,2065,14156,12,260375
7055,0.000107,172.31.36.0-255,66,14222,12,260375
7056,0.00018,172.217.194.0-255,1484,15706,12,260375
7057,0.000183,172.31.36.0-255,66,15772,12,260375
7058,0.000187,172.217.194.0-255,2902,18674,12,260375
7059,0.000189,172.31.36.0-255,66,18740,12,260375
7060,0.000204,172.217.194.0-255,1484,20224,12,260375
7061,0.000206,172.31.36.0-255,66,20290,12,260375
7062,0.000227,172.217.194.0-255,4320,24610,12,260375
7063,0.00023,172.31.36.0-255,66,24676,12,260375
7064,0.000236,172.217.194.0-255,6797,31473,12,260375
7065,0.000238,172.31.36.0-255,66,31539,12,260375
7066,0.000276,172.217.194.0-255,1484,33023,12,260375
7067,0.000279,172.31.36.0-255,66,33089,12,260375
7068,0.000282,172.217.194.0-255,1484,34573,12,260375
7069,0.000284,172.31.36.0-255,66,34639,12,260375
7070,0.000306,172.217.194.0-255,1484,36123,12,260375
7071,0.000308,172.31.36.0-255,66,36189,12,260375
7072,0.000313,172.217.194.0-255,4320,40509,12,260375
7073,0.000316,172.31.36.0-255,66,40575,12,260375
7074,0.000335,172.217.194.0-255,1484,42059,12,260375
7075,0.000338,172.31.36.0-255,66,42125,12,260375
7076,0.000342,172.217.194.0-255,2902,45027,12,260375
7077,0.000344,172.31.36.0-255,66,45093,12,260375
7078,0.000349,172.217.194.0-255,4320,49413,12,260375
7079,0.000351,172.31.36.0-255,66,49479,12,260375
7080,0.000354,172.217.194.0-255,1484,50963,12,260375
7081,0.000383,172.217.194.0-255,7156,58119,12,260375
7082,0.000386,172.31.36.0-255,66,58185,12,260375
7083,0.000392,172.217.194.0-255,7156,65341,12,260375
7084,0.000394,172.31.36.0-255,66,65407,12,260375
7085,0.000416,172.217.194.0-255,766,66173,12,260375
7086,0.000671,172.31.36.0-255,66,66239,12,260375
7087,0.000814,172.217.194.0-255,359,66598,12,260375
7088,0.00099,172.217.194.0-255,1484,68082,12,260375
7089,0.000994,172.31.36.0-255,66,68148,12,260375
7090,0.001021,172.217.194.0-255,2902,71050,12,260375
7091,0.001024,172.31.36.0-255,66,71116,12,260375
7092,0.001029,172.217.194.0-255,5738,76854,12,260375
7093,0.001031,172.31.36.0-255,66,76920,12,260375
7094,0.001062,172.217.194.0-255,4320,81240,12,260375
7095,0.001064,172.31.36.0-255,66,81306,12,260375
7096,0.001103,172.217.194.0-255,1484,82790,12,260375
7097,0.001117,172.31.36.0-255,66,82856,12,260375
7098,0.001123,172.217.194.0-255,5020,87876,12,260375
7099,0.001125,172.31.36.0-255,66,87942,12,260375
7100,0.001154,172.217.194.0-255,1484,89426,12,260375
7101,0.001159,172.217.194.0-255,2902,92328,12,260375
7102,0.001161,172.31.36.0-255,66,92394,12,260375
7103,0.001188,172.217.194.0-255,5738,98132,12,260375
7104,0.001191,172.31.36.0-255,66,98198,12,260375
7105,0.001215,172.31.36.0-255,66,98264,12,260375
7106,0.001248,172.217.194.0-255,7156,105420,12,260375
7107,0.001252,172.31.36.0-255,66,105486,12,260375
7108,0.001272,172.217.194.0-255,6438,111924,12,260375
7109,0.001275,172.31.36.0-255,66,111990,12,260375
7110,0.001313,172.31.36.0-255,66,112056,12,260375
7111,0.00132,172.217.194.0-255,7156,119212,12,260375
7112,0.001324,172.31.36.0-255,66,119278,12,260375
7113,0.001357,172.31.36.0-255,66,119344,12,260375
7114,0.001362,172.217.194.0-255,3602,122946,12,260375
7115,0.001364,172.31.36.0-255,66,123012,12,260375
7116,0.001381,172.217.194.0-255,385,123397,12,260375
7117,0.00146,172.217.194.0-255,1484,124881,12,260375
7118,0.001463,172.31.36.0-255,66,124947,12,260375
7119,0.001491,172.217.194.0-255,2902,127849,12,260375
7120,0.001494,172.31.36.0-255,66,127915,12,260375
7121,0.001498,172.217.194.0-255,2902,130817,12,260375
7122,0.001501,172.31.36.0-255,66,130883,12,260375
7123,0.001503,172.217.194.0-255,1484,132367,12,260375
7124,0.001533,172.217.194.0-255,5738,138105,12,260375
7125,0.001535,172.31.36.0-255,66,138171,12,260375
7126,0.001572,172.31.36.0-255,66,138237,12,260375
7127,0.001595,172.217.194.0-255,5020,143257,12,260375
7128,0.001598,172.31.36.0-255,66,143323,12,260375
7129,0.001634,172.217.194.0-255,5738,149061,12,260375
7130,0.001637,172.31.36.0-255,66,149127,12,260375
7131,0.001639,172.217.194.0-255,1484,150611,12,260375
7132,0.001686,172.31.36.0-255,66,150677,12,260375
7133,0.001689,172.217.194.0-255,1484,152161,12,260375
7134,0.001725,172.31.36.0-255,66,152227,12,260375
7135,0.001749,172.217.194.0-255,5020,157247,12,260375
7136,0.001751,172.31.36.0-255,66,157313,12,260375
7137,0.001775,172.217.194.0-255,2902,160215,12,260375
7138,0.001777,172.31.36.0-255,66,160281,12,260375
7139,0.0018,172.217.194.0-255,2902,163183,12,260375
7140,0.001803,172.31.36.0-255,66,163249,12,260375
7141,0.001806,172.217.194.0-255,2902,166151,12,260375
7142,0.001808,172.31.36.0-255,66,166217,12,260375
7143,0.001811,172.217.194.0-255,1484,167701,12,260375
7144,0.001845,172.31.36.0-255,66,167767,12,260375
7145,0.001884,172.31.36.0-255,66,167833,12,260375
7146,0.002016,172.217.194.0-255,1484,169317,12,260375
7147,0.002035,172.217.194.0-255,2902,172219,12,260375
7148,0.002037,172.31.36.0-255,66,172285,12,260375
7149,0.002042,172.217.194.0-255,4320,176605,12,260375
7150,0.002045,172.31.36.0-255,66,176671,12,260375
7151,0.002067,172.217.194.0-255,2902,179573,12,260375
7152,0.002069,172.31.36.0-255,66,179639,12,260375
7153,0.002091,172.217.194.0-255,5738,185377,12,260375
7154,0.002093,172.31.36.0-255,66,185443,12,260375
7155,0.002099,172.217.194.0-255,5738,191181,12,260375
7156,0.002101,172.31.36.0-255,66,191247,12,260375
7157,0.002104,172.217.194.0-255,1484,192731,12,260375
7158,0.002135,172.217.194.0-255,5738,198469,12,260375
7159,0.002138,172.31.36.0-255,66,198535,12,260375
7160,0.002142,172.217.194.0-255,1484,200019,12,260375
7161,0.002161,172.217.194.0-255,2184,202203,12,260375
7162,0.002163,172.31.36.0-255,66,202269,12,260375
7163,0.004673,172.217.194.0-255,1484,203753,12,260375
7164,0.004714,172.217.194.0-255,4320,208073,12,260375
7165,0.004719,172.31.36.0-255,66,208139,12,260375
7166,0.00728,172.217.194.0-255,5738,213877,12,260375
7167,0.007287,172.31.36.0-255,66,213943,12,260375
7168,0.009859,172.217.194.0-255,5738,219681,12,260375
7169,0.009865,172.31.36.0-255,66,219747,12,260375
7170,0.012452,172.217.194.0-255,5738,225485,12,260375
7171,0.012459,172.31.36.0-255,66,225551,12,260375
7172,0.01502,172.217.194.0-255,5738,231289,12,260375
7173,0.015026,172.31.36.0-255,66,231355,12,260375
7174,0.017584,172.217.194.0-255,5738,237093,12,260375
7175,0.01759,172.31.36.0-255,66,237159,12,260375
7176,0.020165,172.217.194.0-255,5738,242897,12,260375
7177,0.020174,172.31.36.0-255,66,242963,12,260375
7178,0.022727,172.217.194.0-255,5738,248701,12,260375
7179,0.022735,172.31.36.0-255,66,248767,12,260375
7180,0.025292,172.217.194.0-255,5738,254505,12,260375
7181,0.025299,172.31.36.0-255,66,254571,12,260375
7182,0.027844,172.217.194.0-255,5738,260309,12,260375
7183,0.027853,172.31.36.0-255,66,260375,12,260375
7184,0.0,172.217.194.0-255,146,146,12,193487
7185,1.5e-05,172.31.36.0-255,66,212,12,193487
7186,2.2e-05,172.217.194.0-255,1484,1696,12,193487
7187,2.6e-05,172.31.36.0-255,66,1762,12,193487
7188,3.1e-05,172.217.194.0-255,2902,4664,12,193487
7189,4.3e-05,172.31.36.0-255,66,4730,12,193487
7190,5.1e-05,172.217.194.0-255,7156,11886,12,193487
7191,5.4e-05,172.31.36.0-255,66,11952,12,193487
7192,5.8e-05,172.217.194.0-255,2048,14000,12,193487
7193,6.1e-05,172.31.36.0-255,66,14066,12,193487
7194,0.00012,172.31.36.0-255,66,14132,12,193487
7195,0.000146,172.217.194.0-255,2902,17034,12,193487
7196,0.000149,172.31.36.0-255,66,17100,12,193487
7197,0.000156,172.217.194.0-255,5379,22479,12,193487
7198,0.000158,172.31.36.0-255,66,22545,12,193487
7199,0.000168,172.217.194.0-255,2902,25447,12,193487
7200,0.000171,172.31.36.0-255,66,25513,12,193487
7201,0.0002,172.217.194.0-255,2902,28415,12,193487
7202,0.000202,172.31.36.0-255,66,28481,12,193487
7203,0.000228,172.31.36.0-255,66,28547,12,193487
7204,0.000253,172.217.194.0-255,2543,31090,12,193487
7205,0.000255,172.31.36.0-255,66,31156,12,193487
7206,0.000268,172.31.36.0-255,66,31222,12,193487
7207,0.000274,172.217.194.0-255,5379,36601,12,193487
7208,0.000277,172.31.36.0-255,66,36667,12,193487
7209,0.000308,172.217.194.0-255,378,37045,12,193487
7210,0.000311,172.31.36.0-255,66,37111,12,193487
7211,0.000409,172.217.194.0-255,98,37209,12,193487
7212,0.000414,172.31.36.0-255,66,37275,12,193487
7213,0.000418,172.217.194.0-255,364,37639,12,193487
7214,0.00042,172.31.36.0-255,66,37705,12,193487
7215,0.000635,172.217.194.0-255,1484,39189,12,193487
7216,0.00064,172.31.36.0-255,66,39255,12,193487
7217,0.000646,172.217.194.0-255,2902,42157,12,193487
7218,0.000649,172.31.36.0-255,66,42223,12,193487
7219,0.00066,172.217.194.0-255,4320,46543,12,193487
7220,0.000663,172.31.36.0-255,66,46609,12,193487
7221,0.000689,172.217.194.0-255,1484,48093,12,193487
7222,0.000697,172.217.194.0-255,7156,55249,12,193487
7223,0.000717,172.217.194.0-255,2184,57433,12,193487
7224,0.000729,172.31.36.0-255,66,57499,12,193487
7225,0.000733,172.31.36.0-255,66,57565,12,193487
7226,0.000735,172.31.36.0-255,66,57631,12,193487
7227,0.000738,172.31.36.0-255,66,57697,12,193487
7228,0.001448,172.217.194.0-255,1484,59181,12,193487
7229,0.001453,172.31.36.0-255,66,59247,12,193487
7230,0.001459,172.217.194.0-255,2902,62149,12,193487
7231,0.001462,172.31.36.0-255,66,62215,12,193487
7232,0.001474,172.217.194.0-255,5738,67953,12,193487
7233,0.001476,172.31.36.0-255,66,68019,12,193487
7234,0.00148,172.217.194.0-255,2902,70921,12,193487
7235,0.001482,172.31.36.0-255,66,70987,12,193487
7236,0.001519,172.217.194.0-255,2902,73889,12,193487
7237,0.001521,172.31.36.0-255,66,73955,12,193487
7238,0.00154,172.31.36.0-255,66,74021,12,193487
7239,0.001559,172.217.194.0-255,5020,79041,12,193487
7240,0.001698,172.217.194.0-255,1484,80525,12,193487
7241,0.001706,172.217.194.0-255,2902,83427,12,193487
7242,0.001724,172.217.194.0-255,5738,89165,12,193487
7243,0.001744,172.217.194.0-255,5738,94903,12,193487
7244,0.001784,172.217.194.0-255,4320,99223,12,193487
7245,0.00179,172.217.194.0-255,5020,104243,12,193487
7246,0.00186,172.217.194.0-255,1484,105727,12,193487
7247,0.001866,172.217.194.0-255,2902,108629,12,193487
7248,0.001869,172.217.194.0-255,1484,110113,12,193487
7249,0.001894,172.217.194.0-255,4320,114433,12,193487
7250,0.001901,172.217.194.0-255,5738,120171,12,193487
7251,0.001973,172.217.194.0-255,5020,125191,12,193487
7252,0.002007,172.217.194.0-255,1484,126675,12,193487
7253,0.002012,172.217.194.0-255,2902,129577,12,193487
7254,0.005634,172.31.36.0-255,66,129643,12,193487
7255,0.007691,172.217.194.0-255,5738,135381,12,193487
7256,0.007704,172.31.36.0-255,66,135447,12,193487
7257,0.00973,172.217.194.0-255,5738,141185,12,193487
7258,0.009747,172.31.36.0-255,66,141251,12,193487
7259,0.011755,172.217.194.0-255,5738,146989,12,193487
7260,0.011772,172.31.36.0-255,66,147055,12,193487
7261,0.013794,172.217.194.0-255,5738,152793,12,193487
7262,0.013809,172.31.36.0-255,66,152859,12,193487
7263,0.015868,172.217.194.0-255,5738,158597,12,193487
7264,0.015882,172.31.36.0-255,66,158663,12,193487
7265,0.017899,172.217.194.0-255,5738,164401,12,193487
7266,0.017912,172.31.36.0-255,66,164467,12,193487
7267,0.019929,172.217.194.0-255,5738,170205,12,193487
7268,0.019947,172.31.36.0-255,66,170271,12,193487
7269,0.021966,172.217.194.0-255,5738,176009,12,193487
7270,0.021984,172.31.36.0-255,66,176075,12,193487
7271,0.024044,172.217.194.0-255,5738,181813,12,193487
7272,0.024063,172.31.36.0-255,66,181879,12,193487
7273,0.026094,172.217.194.0-255,5738,187617,12,193487
7274,0.02611,172.31.36.0-255,66,187683,12,193487
7275,0.02814,172.217.194.0-255,5738,193421,12,193487
7276,0.028159,172.31.36.0-255,66,193487,12,193487
7277,0.0,172.31.36.0-255,105,105,12,276
7278,0.001814,157.240.13.0-255,105,210,12,276
7279,0.001826,172.31.36.0-255,66,276,12,276
7280,0.0,172.217.194.0-255,153,153,12,293661
7281,2.5e-05,172.31.36.0-255,66,219,12,293661
7282,3.2e-05,172.217.194.0-255,1484,1703,12,293661
7283,3.7e-05,172.31.36.0-255,66,1769,12,293661
7284,4.5e-05,172.217.194.0-255,2902,4671,12,293661
7285,4.8e-05,172.31.36.0-255,66,4737,12,293661
7286,5.5e-05,172.217.194.0-255,5738,10475,12,293661
7287,5.8e-05,172.31.36.0-255,66,10541,12,293661
7288,8.3e-05,172.217.194.0-255,1484,12025,12,293661
7289,8.6e-05,172.31.36.0-255,66,12091,12,293661
7290,9.5e-05,172.217.194.0-255,6280,18371,12,293661
7291,9.7e-05,172.31.36.0-255,66,18437,12,293661
7292,0.000105,172.217.194.0-255,7156,25593,12,293661
7293,0.000108,172.31.36.0-255,66,25659,12,293661
7294,0.00014,172.217.194.0-255,5379,31038,12,293661
7295,0.000143,172.31.36.0-255,66,31104,12,293661
7296,0.000164,172.217.194.0-255,4320,35424,12,293661
7297,0.000167,172.31.36.0-255,66,35490,12,293661
7298,0.00018,172.217.194.0-255,1484,36974,12,293661
7299,0.000182,172.31.36.0-255,66,37040,12,293661
7300,0.000188,172.217.194.0-255,4320,41360,12,293661
7301,0.00019,172.31.36.0-255,66,41426,12,293661
7302,0.000228,172.217.194.0-255,5738,47164,12,293661
7303,0.00023,172.31.36.0-255,66,47230,12,293661
7304,0.000245,172.217.194.0-255,1125,48355,12,293661
7305,0.000247,172.31.36.0-255,66,48421,12,293661
7306,0.000284,172.217.194.0-255,1484,49905,12,293661
7307,0.000287,172.31.36.0-255,66,49971,12,293661
7308,0.000292,172.217.194.0-255,2902,52873,12,293661
7309,0.000294,172.31.36.0-255,66,52939,12,293661
7310,0.000298,172.217.194.0-255,1484,54423,12,293661
7311,0.0003,172.31.36.0-255,66,54489,12,293661
7312,0.000324,172.217.194.0-255,4320,58809,12,293661
7313,0.000327,172.31.36.0-255,66,58875,12,293661
7314,0.000335,172.217.194.0-255,6797,65672,12,293661
7315,0.000337,172.31.36.0-255,66,65738,12,293661
7316,0.000422,172.217.194.0-255,646,66384,12,293661
7317,0.000603,172.217.194.0-255,1484,67868,12,293661
7318,0.00061,172.31.36.0-255,66,67934,12,293661
7319,0.000616,172.217.194.0-255,2902,70836,12,293661
7320,0.000619,172.31.36.0-255,66,70902,12,293661
7321,0.000624,172.217.194.0-255,2902,73804,12,293661
7322,0.000626,172.31.36.0-255,66,73870,12,293661
7323,0.000646,172.217.194.0-255,2902,76772,12,293661
7324,0.000649,172.31.36.0-255,66,76838,12,293661
7325,0.000656,172.217.194.0-255,7156,83994,12,293661
7326,0.000658,172.31.36.0-255,66,84060,12,293661
7327,0.000679,172.217.194.0-255,4320,88380,12,293661
7328,0.000682,172.31.36.0-255,66,88446,12,293661
7329,0.000702,172.217.194.0-255,2902,91348,12,293661
7330,0.000704,172.31.36.0-255,66,91414,12,293661
7331,0.000731,172.31.36.0-255,66,91480,12,293661
7332,0.000812,172.217.194.0-255,1484,92964,12,293661
7333,0.000819,172.217.194.0-255,2902,95866,12,293661
7334,0.000823,172.31.36.0-255,66,95932,12,293661
7335,0.000828,172.217.194.0-255,2902,98834,12,293661
7336,0.00083,172.31.36.0-255,66,98900,12,293661
7337,0.000843,172.217.194.0-255,2902,101802,12,293661
7338,0.000845,172.31.36.0-255,66,101868,12,293661
7339,0.00089,172.217.194.0-255,4320,106188,12,293661
7340,0.000894,172.31.36.0-255,66,106254,12,293661
7341,0.000925,172.217.194.0-255,1879,108133,12,293661
7342,0.000928,172.31.36.0-255,66,108199,12,293661
7343,0.000932,172.217.194.0-255,198,108397,12,293661
7344,0.001082,172.217.194.0-255,1484,109881,12,293661
7345,0.001087,172.31.36.0-255,66,109947,12,293661
7346,0.001093,172.217.194.0-255,2902,112849,12,293661
7347,0.001096,172.31.36.0-255,66,112915,12,293661
7348,0.001125,172.217.194.0-255,5738,118653,12,293661
7349,0.001127,172.31.36.0-255,66,118719,12,293661
7350,0.001147,172.217.194.0-255,5738,124457,12,293661
7351,0.00115,172.31.36.0-255,66,124523,12,293661
7352,0.001155,172.217.194.0-255,2902,127425,12,293661
7353,0.001157,172.31.36.0-255,66,127491,12,293661
7354,0.001177,172.217.194.0-255,4320,131811,12,293661
7355,0.00118,172.31.36.0-255,66,131877,12,293661
7356,0.001191,172.217.194.0-255,1484,133361,12,293661
7357,0.001219,172.31.36.0-255,66,133427,12,293661
7358,0.001376,172.217.194.0-255,1484,134911,12,293661
7359,0.001396,172.217.194.0-255,2902,137813,12,293661
7360,0.0014,172.31.36.0-255,66,137879,12,293661
7361,0.001408,172.217.194.0-255,5738,143617,12,293661
7362,0.001411,172.31.36.0-255,66,143683,12,293661
7363,0.001467,172.31.36.0-255,66,143749,12,293661
7364,0.001474,172.217.194.0-255,5738,149487,12,293661
7365,0.001477,172.31.36.0-255,66,149553,12,293661
7366,0.001537,172.217.194.0-255,5020,154573,12,293661
7367,0.00154,172.31.36.0-255,66,154639,12,293661
7368,0.001897,172.217.194.0-255,1484,156123,12,293661
7369,0.001903,172.217.194.0-255,1484,157607,12,293661
7370,0.001908,172.31.36.0-255,66,157673,12,293661
7371,0.001912,172.217.194.0-255,1484,159157,12,293661
7372,0.001924,172.217.194.0-255,1484,160641,12,293661
7373,0.001927,172.31.36.0-255,66,160707,12,293661
7374,0.001931,172.217.194.0-255,1484,162191,12,293661
7375,0.001955,172.217.194.0-255,4320,166511,12,293661
7376,0.001958,172.31.36.0-255,66,166577,12,293661
7377,0.001988,172.31.36.0-255,66,166643,12,293661
7378,0.002028,172.217.194.0-255,4320,170963,12,293661
7379,0.002033,172.31.36.0-255,66,171029,12,293661
7380,0.002058,172.217.194.0-255,6438,177467,12,293661
7381,0.002061,172.31.36.0-255,66,177533,12,293661
7382,0.002254,172.217.194.0-255,1484,179017,12,293661
7383,0.00226,172.217.194.0-255,1484,180501,12,293661
7384,0.002264,172.31.36.0-255,66,180567,12,293661
7385,0.002282,172.217.194.0-255,1484,182051,12,293661
7386,0.002289,172.217.194.0-255,5738,187789,12,293661
7387,0.002319,172.217.194.0-255,1484,189273,12,293661
7388,0.002359,172.217.194.0-255,7156,196429,12,293661
7389,0.002371,172.31.36.0-255,66,196495,12,293661
7390,0.00238,172.217.194.0-255,4320,200815,12,293661
7391,0.002385,172.217.194.0-255,3602,204417,12,293661
7392,0.002392,172.31.36.0-255,66,204483,12,293661
7393,0.002403,172.217.194.0-255,4320,208803,12,293661
7394,0.002482,172.217.194.0-255,6438,215241,12,293661
7395,0.0025,172.31.36.0-255,66,215307,12,293661
7396,0.002539,172.217.194.0-255,1484,216791,12,293661
7397,0.002558,172.217.194.0-255,2902,219693,12,293661
7398,0.002564,172.31.36.0-255,66,219759,12,293661
7399,0.002583,172.217.194.0-255,5738,225497,12,293661
7400,0.002591,172.217.194.0-255,5738,231235,12,293661
7401,0.002607,172.217.194.0-255,4320,235555,12,293661
7402,0.002614,172.31.36.0-255,66,235621,12,293661
7403,0.005167,172.217.194.0-255,5738,241359,12,293661
7404,0.005174,172.31.36.0-255,66,241425,12,293661
7405,0.007758,172.217.194.0-255,5738,247163,12,293661
7406,0.007766,172.31.36.0-255,66,247229,12,293661
7407,0.010334,172.217.194.0-255,5738,252967,12,293661
7408,0.010338,172.31.36.0-255,66,253033,12,293661
7409,0.012908,172.217.194.0-255,5738,258771,12,293661
7410,0.012918,172.31.36.0-255,66,258837,12,293661
7411,0.015498,172.217.194.0-255,5738,264575,12,293661
7412,0.015506,172.31.36.0-255,66,264641,12,293661
7413,0.018106,172.217.194.0-255,5738,270379,12,293661
7414,0.018116,172.31.36.0-255,66,270445,12,293661
7415,0.020679,172.217.194.0-255,5738,276183,12,293661
7416,0.020691,172.31.36.0-255,66,276249,12,293661
7417,0.023252,172.217.194.0-255,5738,281987,12,293661
7418,0.023261,172.31.36.0-255,66,282053,12,293661
7419,0.025852,172.217.194.0-255,5738,287791,12,293661
7420,0.025861,172.31.36.0-255,66,287857,12,293661
7421,0.028502,172.217.194.0-255,5738,293595,12,293661
7422,0.02851,172.31.36.0-255,66,293661,12,293661
7423,0.0,74.125.24.0-255,150,150,12,188714
7424,3e-05,172.31.36.0-255,66,216,12,188714
7425,3.7e-05,74.125.24.0-255,1484,1700,12,188714
7426,4.3e-05,172.31.36.0-255,66,1766,12,188714
7427,5.5e-05,74.125.24.0-255,2902,4668,12,188714
7428,5.9e-05,172.31.36.0-255,66,4734,12,188714
7429,6.7e-05,74.125.24.0-255,7156,11890,12,188714
7430,6.9e-05,172.31.36.0-255,66,11956,12,188714
7431,7.4e-05,74.125.24.0-255,2039,13995,12,188714
7432,7.6e-05,172.31.36.0-255,66,14061,12,188714
7433,8.1e-05,74.125.24.0-255,2902,16963,12,188714
7434,8.4e-05,172.31.36.0-255,66,17029,12,188714
7435,0.000115,74.125.24.0-255,7156,24185,12,188714
7436,0.000119,172.31.36.0-255,66,24251,12,188714
7437,0.000154,74.125.24.0-255,6797,31048,12,188714
7438,0.000158,172.31.36.0-255,66,31114,12,188714
7439,0.000256,74.125.24.0-255,1484,32598,12,188714
7440,0.00026,172.31.36.0-255,66,32664,12,188714
7441,0.000265,74.125.24.0-255,2902,35566,12,188714
7442,0.000267,172.31.36.0-255,66,35632,12,188714
7443,0.00027,74.125.24.0-255,1484,37116,12,188714
7444,0.000272,172.31.36.0-255,66,37182,12,188714
7445,0.000306,74.125.24.0-255,4320,41502,12,188714
7446,0.000311,172.31.36.0-255,66,41568,12,188714
7447,0.000345,172.31.36.0-255,66,41634,12,188714
7448,0.000359,74.125.24.0-255,2543,44177,12,188714
7449,0.000362,172.31.36.0-255,66,44243,12,188714
7450,0.00038,172.31.36.0-255,66,44309,12,188714
7451,0.000514,74.125.24.0-255,1484,45793,12,188714
7452,0.000521,172.31.36.0-255,66,45859,12,188714
7453,0.000528,74.125.24.0-255,2902,48761,12,188714
7454,0.00053,172.31.36.0-255,66,48827,12,188714
7455,0.000538,74.125.24.0-255,1484,50311,12,188714
7456,0.000569,74.125.24.0-255,4320,54631,12,188714
7457,0.000573,172.31.36.0-255,66,54697,12,188714
7458,0.00058,74.125.24.0-255,6247,60944,12,188714
7459,0.000583,172.31.36.0-255,66,61010,12,188714
7460,0.000605,74.125.24.0-255,2902,63912,12,188714
7461,0.000608,172.31.36.0-255,66,63978,12,188714
7462,0.000641,74.125.24.0-255,4320,68298,12,188714
7463,0.000649,172.31.36.0-255,66,68364,12,188714
7464,0.000653,74.125.24.0-255,1125,69489,12,188714
7465,0.000655,172.31.36.0-255,66,69555,12,188714
7466,0.00078,74.125.24.0-255,1484,71039,12,188714
7467,0.000785,74.125.24.0-255,2902,73941,12,188714
7468,0.000785,172.31.36.0-255,66,74007,12,188714
7469,0.000789,172.31.36.0-255,66,74073,12,188714
7470,0.000796,74.125.24.0-255,4320,78393,12,188714
7471,0.000799,172.31.36.0-255,66,78459,12,188714
7472,0.000818,74.125.24.0-255,1484,79943,12,188714
7473,0.000824,74.125.24.0-255,4320,84263,12,188714
7474,0.000831,172.31.36.0-255,66,84329,12,188714
7475,0.000854,172.31.36.0-255,66,84395,12,188714
7476,0.00088,172.31.36.0-255,66,84461,12,188714
7477,0.000915,74.125.24.0-255,1484,85945,12,188714
7478,0.000919,74.125.24.0-255,1484,87429,12,188714
7479,0.000926,172.31.36.0-255,66,87495,12,188714
7480,0.00093,74.125.24.0-255,1484,88979,12,188714
7481,0.000934,74.125.24.0-255,2902,91881,12,188714
7482,0.000942,172.31.36.0-255,66,91947,12,188714
7483,0.000968,74.125.24.0-255,2902,94849,12,188714
7484,0.000974,74.125.24.0-255,4320,99169,12,188714
7485,0.000976,172.31.36.0-255,66,99235,12,188714
7486,0.000982,172.31.36.0-255,66,99301,12,188714
7487,0.001008,172.31.36.0-255,66,99367,12,188714
7488,0.001032,172.31.36.0-255,66,99433,12,188714
7489,0.00107,74.125.24.0-255,4320,103753,12,188714
7490,0.00108,172.31.36.0-255,66,103819,12,188714
7491,0.001088,74.125.24.0-255,5738,109557,12,188714
7492,0.001098,172.31.36.0-255,66,109623,12,188714
7493,0.00112,74.125.24.0-255,6797,116420,12,188714
7494,0.001133,172.31.36.0-255,66,116486,12,188714
7495,0.001841,74.125.24.0-255,1484,117970,12,188714
7496,0.001853,74.125.24.0-255,2902,120872,12,188714
7497,0.001857,172.31.36.0-255,66,120938,12,188714
7498,0.001881,74.125.24.0-255,5738,126676,12,188714
7499,0.001884,172.31.36.0-255,66,126742,12,188714
7500,0.001891,74.125.24.0-255,7156,133898,12,188714
7501,0.001893,172.31.36.0-255,66,133964,12,188714
7502,0.001943,172.31.36.0-255,66,134030,12,188714
7503,0.001948,74.125.24.0-255,2184,136214,12,188714
7504,0.00195,172.31.36.0-255,66,136280,12,188714
7505,0.001992,172.31.36.0-255,66,136346,12,188714
7506,0.002005,172.31.36.0-255,66,136412,12,188714
7507,0.006763,172.31.36.0-255,66,136478,12,188714
7508,0.009324,74.125.24.0-255,5738,142216,12,188714
7509,0.009333,172.31.36.0-255,66,142282,12,188714
7510,0.011893,74.125.24.0-255,5738,148020,12,188714
7511,0.011901,172.31.36.0-255,66,148086,12,188714
7512,0.014464,74.125.24.0-255,5738,153824,12,188714
7513,0.014473,172.31.36.0-255,66,153890,12,188714
7514,0.017041,74.125.24.0-255,5738,159628,12,188714
7515,0.017049,172.31.36.0-255,66,159694,12,188714
7516,0.019599,74.125.24.0-255,5738,165432,12,188714
7517,0.019608,172.31.36.0-255,66,165498,12,188714
7518,0.022145,74.125.24.0-255,5738,171236,12,188714
7519,0.022152,172.31.36.0-255,66,171302,12,188714
7520,0.024697,74.125.24.0-255,5738,177040,12,188714
7521,0.024704,172.31.36.0-255,66,177106,12,188714
7522,0.027254,74.125.24.0-255,5738,182844,12,188714
7523,0.027262,172.31.36.0-255,66,182910,12,188714
7524,0.029808,74.125.24.0-255,5738,188648,12,188714
7525,0.029815,172.31.36.0-255,66,188714,12,188714
7526,0.0,172.217.24.0-255,146,146,12,155366
7527,3.6e-05,172.31.36.0-255,66,212,12,155366
7528,4.4e-05,172.217.24.0-255,1484,1696,12,155366
7529,4.8e-05,172.31.36.0-255,66,1762,12,155366
7530,5.4e-05,172.217.24.0-255,2902,4664,12,155366
7531,5.6e-05,172.31.36.0-255,66,4730,12,155366
7532,6.4e-05,172.217.24.0-255,7156,11886,12,155366
7533,6.7e-05,172.31.36.0-255,66,11952,12,155366
7534,7e-05,172.217.24.0-255,1976,13928,12,155366
7535,7.3e-05,172.31.36.0-255,66,13994,12,155366
7536,7.7e-05,172.217.24.0-255,2902,16896,12,155366
7537,7.9e-05,172.31.36.0-255,66,16962,12,155366
7538,8.6e-05,172.217.24.0-255,7156,24118,12,155366
7539,8.9e-05,172.31.36.0-255,66,24184,12,155366
7540,9.2e-05,172.217.24.0-255,1484,25668,12,155366
7541,9.5e-05,172.31.36.0-255,66,25734,12,155366
7542,0.00012,172.217.24.0-255,5379,31113,12,155366
7543,0.000123,172.31.36.0-255,66,31179,12,155366
7544,0.000234,172.217.24.0-255,1484,32663,12,155366
7545,0.000238,172.31.36.0-255,66,32729,12,155366
7546,0.000242,172.217.24.0-255,1484,34213,12,155366
7547,0.000245,172.31.36.0-255,66,34279,12,155366
7548,0.00025,172.217.24.0-255,2902,37181,12,155366
7549,0.000255,172.31.36.0-255,66,37247,12,155366
7550,0.000263,172.217.24.0-255,5738,42985,12,155366
7551,0.000265,172.31.36.0-255,66,43051,12,155366
7552,0.000302,172.31.36.0-255,66,43117,12,155366
7553,0.000321,172.217.24.0-255,2543,45660,12,155366
7554,0.000323,172.31.36.0-255,66,45726,12,155366
7555,0.000337,172.31.36.0-255,66,45792,12,155366
7556,0.000575,172.217.24.0-255,396,46188,12,155366
7557,0.00058,172.31.36.0-255,66,46254,12,155366
7558,0.001131,172.217.24.0-255,114,46368,12,155366
7559,0.001138,172.31.36.0-255,66,46434,12,155366
7560,0.001178,172.217.24.0-255,1484,47918,12,155366
7561,0.001181,172.31.36.0-255,66,47984,12,155366
7562,0.001185,172.217.24.0-255,1484,49468,12,155366
7563,0.001187,172.31.36.0-255,66,49534,12,155366
7564,0.001201,172.217.24.0-255,1484,51018,12,155366
7565,0.001203,172.31.36.0-255,66,51084,12,155366
7566,0.001209,172.217.24.0-255,4320,55404,12,155366
7567,0.001211,172.31.36.0-255,66,55470,12,155366
7568,0.001215,172.217.24.0-255,1484,56954,12,155366
7569,0.001217,172.31.36.0-255,66,57020,12,155366
7570,0.001245,172.217.24.0-255,7156,64176,12,155366
7571,0.001248,172.31.36.0-255,66,64242,12,155366
7572,0.001251,172.217.24.0-255,1484,65726,12,155366
7573,0.001253,172.31.36.0-255,66,65792,12,155366
7574,0.001285,172.31.36.0-255,66,65858,12,155366
7575,0.001383,172.217.24.0-255,2184,68042,12,155366
7576,0.001387,172.31.36.0-255,66,68108,12,155366
7577,0.003255,172.217.24.0-255,2902,71010,12,155366
7578,0.003261,172.31.36.0-255,66,71076,12,155366
7579,0.003276,172.217.24.0-255,2902,73978,12,155366
7580,0.003278,172.31.36.0-255,66,74044,12,155366
7581,0.005149,172.217.24.0-255,2902,76946,12,155366
7582,0.005151,172.31.36.0-255,66,77012,12,155366
7583,0.005168,172.217.24.0-255,2902,79914,12,155366
7584,0.00517,172.31.36.0-255,66,79980,12,155366
7585,0.007041,172.217.24.0-255,5738,85718,12,155366
7586,0.007063,172.31.36.0-255,66,85784,12,155366
7587,0.008958,172.217.24.0-255,5738,91522,12,155366
7588,0.008965,172.31.36.0-255,66,91588,12,155366
7589,0.010865,172.217.24.0-255,5738,97326,12,155366
7590,0.010873,172.31.36.0-255,66,97392,12,155366
7591,0.012771,172.217.24.0-255,5738,103130,12,155366
7592,0.012778,172.31.36.0-255,66,103196,12,155366
7593,0.014684,172.217.24.0-255,5738,108934,12,155366
7594,0.014691,172.31.36.0-255,66,109000,12,155366
7595,0.016591,172.217.24.0-255,5738,114738,12,155366
7596,0.0166,172.31.36.0-255,66,114804,12,155366
7597,0.018501,172.217.24.0-255,5738,120542,12,155366
7598,0.01851,172.31.36.0-255,66,120608,12,155366
7599,0.020418,172.217.24.0-255,5738,126346,12,155366
7600,0.02043,172.31.36.0-255,66,126412,12,155366
7601,0.022336,172.217.24.0-255,5738,132150,12,155366
7602,0.022347,172.31.36.0-255,66,132216,12,155366
7603,0.024262,172.217.24.0-255,5738,137954,12,155366
7604,0.024275,172.31.36.0-255,66,138020,12,155366
7605,0.026181,172.217.24.0-255,5738,143758,12,155366
7606,0.026191,172.31.36.0-255,66,143824,12,155366
7607,0.028092,172.217.24.0-255,5738,149562,12,155366
7608,0.0281,172.31.36.0-255,66,149628,12,155366
7609,0.029996,172.217.24.0-255,5738,155366,12,155366
7610,0.0,172.217.194.0-255,152,152,12,174428
7611,1.7e-05,172.31.36.0-255,66,218,12,174428
7612,2.5e-05,172.217.194.0-255,1484,1702,12,174428
7613,3e-05,172.31.36.0-255,66,1768,12,174428
7614,4.3e-05,172.217.194.0-255,2902,4670,12,174428
7615,4.6e-05,172.31.36.0-255,66,4736,12,174428
7616,5.6e-05,172.217.194.0-255,7156,11892,12,174428
7617,5.9e-05,172.31.36.0-255,66,11958,12,174428
7618,9.5e-05,172.217.194.0-255,2057,14015,12,174428
7619,9.8e-05,172.31.36.0-255,66,14081,12,174428
7620,0.000103,172.217.194.0-255,2902,16983,12,174428
7621,0.000105,172.31.36.0-255,66,17049,12,174428
7622,0.000144,172.31.36.0-255,66,17115,12,174428
7623,0.000216,172.217.194.0-255,5379,22494,12,174428
7624,0.00022,172.31.36.0-255,66,22560,12,174428
7625,0.000265,172.217.194.0-255,5738,28298,12,174428
7626,0.000268,172.31.36.0-255,66,28364,12,174428
7627,0.000297,172.217.194.0-255,5738,34102,12,174428
7628,0.0003,172.31.36.0-255,66,34168,12,174428
7629,0.000382,172.31.36.0-255,66,34234,12,174428
7630,0.000417,172.31.36.0-255,66,34300,12,174428
7631,0.000536,172.217.194.0-255,4288,38588,12,174428
7632,0.00054,172.31.36.0-255,66,38654,12,174428
7633,0.000544,172.217.194.0-255,383,39037,12,174428
7634,0.000547,172.31.36.0-255,66,39103,12,174428
7635,0.000578,172.217.194.0-255,7156,46259,12,174428
7636,0.000581,172.31.36.0-255,66,46325,12,174428
7637,0.000639,172.217.194.0-255,5738,52063,12,174428
7638,0.000643,172.31.36.0-255,66,52129,12,174428
7639,0.000687,172.31.36.0-255,66,52195,12,174428
7640,0.000796,172.217.194.0-255,5738,57933,12,174428
7641,0.000813,172.217.194.0-255,5379,63312,12,174428
7642,0.000821,172.31.36.0-255,66,63378,12,174428
7643,0.001383,172.217.194.0-255,1484,64862,12,174428
7644,0.001389,172.217.194.0-255,2902,67764,12,174428
7645,0.001392,172.31.36.0-255,66,67830,12,174428
7646,0.001396,172.217.194.0-255,1484,69314,12,174428
7647,0.001425,172.217.194.0-255,4320,73634,12,174428
7648,0.001443,172.31.36.0-255,66,73700,12,174428
7649,0.00147,172.217.194.0-255,5738,79438,12,174428
7650,0.001478,172.31.36.0-255,66,79504,12,174428
7651,0.00151,172.217.194.0-255,4320,83824,12,174428
7652,0.001516,172.31.36.0-255,66,83890,12,174428
7653,0.001556,172.31.36.0-255,66,83956,12,174428
7654,0.001621,172.217.194.0-255,2902,86858,12,174428
7655,0.001625,172.31.36.0-255,66,86924,12,174428
7656,0.00164,172.217.194.0-255,2184,89108,12,174428
7657,0.001653,172.31.36.0-255,66,89174,12,174428
7658,0.001681,172.217.194.0-255,5738,94912,12,174428
7659,0.001687,172.31.36.0-255,66,94978,12,174428
7660,0.001719,172.217.194.0-255,1484,96462,12,174428
7661,0.001759,172.31.36.0-255,66,96528,12,174428
7662,0.001836,172.217.194.0-255,4320,100848,12,174428
7663,0.001844,172.31.36.0-255,66,100914,12,174428
7664,0.001913,172.31.36.0-255,66,100980,12,174428
7665,0.001972,172.217.194.0-255,1484,102464,12,174428
7666,0.001992,172.217.194.0-255,4320,106784,12,174428
7667,0.001995,172.31.36.0-255,66,106850,12,174428
7668,0.002043,172.31.36.0-255,66,106916,12,174428
7669,0.00216,172.217.194.0-255,4320,111236,12,174428
7670,0.002163,172.31.36.0-255,66,111302,12,174428
7671,0.002204,172.31.36.0-255,66,111368,12,174428
7672,0.002597,172.217.194.0-255,5738,117106,12,174428
7673,0.002677,172.217.194.0-255,5020,122126,12,174428
7674,0.006394,172.31.36.0-255,66,122192,12,174428
7675,0.008683,172.217.194.0-255,5738,127930,12,174428
7676,0.00869,172.31.36.0-255,66,127996,12,174428
7677,0.010939,172.217.194.0-255,5738,133734,12,174428
7678,0.010947,172.31.36.0-255,66,133800,12,174428
7679,0.013225,172.217.194.0-255,5738,139538,12,174428
7680,0.014339,172.31.36.0-255,66,139604,12,174428
7681,0.016597,172.217.194.0-255,5738,145342,12,174428
7682,0.01661,172.31.36.0-255,66,145408,12,174428
7683,0.018903,172.217.194.0-255,5738,151146,12,174428
7684,0.018912,172.31.36.0-255,66,151212,12,174428
7685,0.021152,172.217.194.0-255,5738,156950,12,174428
7686,0.021159,172.31.36.0-255,66,157016,12,174428
7687,0.023466,172.217.194.0-255,5738,162754,12,174428
7688,0.023473,172.31.36.0-255,66,162820,12,174428
7689,0.025744,172.217.194.0-255,5738,168558,12,174428
7690,0.025753,172.31.36.0-255,66,168624,12,174428
7691,0.028077,172.217.194.0-255,5738,174362,12,174428
7692,0.028084,172.31.36.0-255,66,174428,12,174428
7693,0.0,74.125.24.0-255,153,153,12,236159
7694,2.1e-05,172.31.36.0-255,66,219,12,236159
7695,2.7e-05,74.125.24.0-255,1484,1703,12,236159
7696,3.2e-05,172.31.36.0-255,66,1769,12,236159
7697,3.8e-05,74.125.24.0-255,2902,4671,12,236159
7698,4.2e-05,172.31.36.0-255,66,4737,12,236159
7699,5e-05,74.125.24.0-255,5738,10475,12,236159
7700,5.3e-05,172.31.36.0-255,66,10541,12,236159
7701,7.8e-05,74.125.24.0-255,1484,12025,12,236159
7702,8.1e-05,172.31.36.0-255,66,12091,12,236159
7703,8.8e-05,74.125.24.0-255,4888,16979,12,236159
7704,9e-05,172.31.36.0-255,66,17045,12,236159
7705,9.4e-05,74.125.24.0-255,1484,18529,12,236159
7706,9.5e-05,172.31.36.0-255,66,18595,12,236159
7707,0.000126,172.31.36.0-255,66,18661,12,236159
7708,0.000167,74.125.24.0-255,4320,22981,12,236159
7709,0.00017,172.31.36.0-255,66,23047,12,236159
7710,0.0002,172.31.36.0-255,66,23113,12,236159
7711,0.000233,74.125.24.0-255,2543,25656,12,236159
7712,0.000236,172.31.36.0-255,66,25722,12,236159
7713,0.00069,74.125.24.0-255,1484,27206,12,236159
7714,0.000695,172.31.36.0-255,66,27272,12,236159
7715,0.000702,74.125.24.0-255,2902,30174,12,236159
7716,0.000704,172.31.36.0-255,66,30240,12,236159
7717,0.000711,74.125.24.0-255,5738,35978,12,236159
7718,0.000714,172.31.36.0-255,66,36044,12,236159
7719,0.000775,74.125.24.0-255,6797,42841,12,236159
7720,0.000779,172.31.36.0-255,66,42907,12,236159
7721,0.000829,74.125.24.0-255,1484,44391,12,236159
7722,0.000832,172.31.36.0-255,66,44457,12,236159
7723,0.000847,74.125.24.0-255,2902,47359,12,236159
7724,0.00085,172.31.36.0-255,66,47425,12,236159
7725,0.000855,74.125.24.0-255,4320,51745,12,236159
7726,0.000858,172.31.36.0-255,66,51811,12,236159
7727,0.000883,74.125.24.0-255,1484,53295,12,236159
7728,0.0009,172.31.36.0-255,66,53361,12,236159
7729,0.000907,74.125.24.0-255,7156,60517,12,236159
7730,0.000909,172.31.36.0-255,66,60583,12,236159
7731,0.000923,74.125.24.0-255,3122,63705,12,236159
7732,0.000925,172.31.36.0-255,66,63771,12,236159
7733,0.001082,74.125.24.0-255,1484,65255,12,236159
7734,0.001086,74.125.24.0-255,1484,66739,12,236159
7735,0.001089,172.31.36.0-255,66,66805,12,236159
7736,0.001106,74.125.24.0-255,1484,68289,12,236159
7737,0.001108,74.125.24.0-255,1484,69773,12,236159
7738,0.001114,74.125.24.0-255,5738,75511,12,236159
7739,0.001118,172.31.36.0-255,66,75577,12,236159
7740,0.001121,172.31.36.0-255,66,75643,12,236159
7741,0.001155,172.31.36.0-255,66,75709,12,236159
7742,0.001176,74.125.24.0-255,5738,81447,12,236159
7743,0.00118,172.31.36.0-255,66,81513,12,236159
7744,0.001202,74.125.24.0-255,3602,85115,12,236159
7745,0.001206,172.31.36.0-255,66,85181,12,236159
7746,0.001296,74.125.24.0-255,1484,86665,12,236159
7747,0.001311,74.125.24.0-255,2902,89567,12,236159
7748,0.001314,172.31.36.0-255,66,89633,12,236159
7749,0.001322,74.125.24.0-255,5738,95371,12,236159
7750,0.001324,172.31.36.0-255,66,95437,12,236159
7751,0.001351,74.125.24.0-255,5738,101175,12,236159
7752,0.001354,172.31.36.0-255,66,101241,12,236159
7753,0.001378,74.125.24.0-255,7156,108397,12,236159
7754,0.001381,172.31.36.0-255,66,108463,12,236159
7755,0.001395,172.31.36.0-255,66,108529,12,236159
7756,0.001426,172.31.36.0-255,66,108595,12,236159
7757,0.001467,74.125.24.0-255,5738,114333,12,236159
7758,0.001469,172.31.36.0-255,66,114399,12,236159
7759,0.001497,74.125.24.0-255,7156,121555,12,236159
7760,0.0015,172.31.36.0-255,66,121621,12,236159
7761,0.001512,172.31.36.0-255,66,121687,12,236159
7762,0.001587,74.125.24.0-255,1484,123171,12,236159
7763,0.001591,74.125.24.0-255,1484,124655,12,236159
7764,0.001594,172.31.36.0-255,66,124721,12,236159
7765,0.001611,74.125.24.0-255,1484,126205,12,236159
7766,0.001617,74.125.24.0-255,5738,131943,12,236159
7767,0.001622,172.31.36.0-255,66,132009,12,236159
7768,0.001649,172.31.36.0-255,66,132075,12,236159
7769,0.001663,74.125.24.0-255,4320,136395,12,236159
7770,0.001669,172.31.36.0-255,66,136461,12,236159
7771,0.001702,74.125.24.0-255,1484,137945,12,236159
7772,0.001734,172.31.36.0-255,66,138011,12,236159
7773,0.001787,172.31.36.0-255,66,138077,12,236159
7774,0.002213,74.125.24.0-255,1484,139561,12,236159
7775,0.002248,74.125.24.0-255,1484,141045,12,236159
7776,0.002252,172.31.36.0-255,66,141111,12,236159
7777,0.002257,74.125.24.0-255,2902,144013,12,236159
7778,0.00226,172.31.36.0-255,66,144079,12,236159
7779,0.002288,74.125.24.0-255,5738,149817,12,236159
7780,0.002292,172.31.36.0-255,66,149883,12,236159
7781,0.00231,74.125.24.0-255,7156,157039,12,236159
7782,0.002325,74.125.24.0-255,2902,159941,12,236159
7783,0.002328,74.125.24.0-255,1484,161425,12,236159
7784,0.002336,172.31.36.0-255,66,161491,12,236159
7785,0.002352,74.125.24.0-255,7156,168647,12,236159
7786,0.002368,74.125.24.0-255,3602,172249,12,236159
7787,0.002376,172.31.36.0-255,66,172315,12,236159
7788,0.004719,74.125.24.0-255,5738,178053,12,236159
7789,0.004727,172.31.36.0-255,66,178119,12,236159
7790,0.007071,74.125.24.0-255,5738,183857,12,236159
7791,0.007076,172.31.36.0-255,66,183923,12,236159
7792,0.009463,74.125.24.0-255,5738,189661,12,236159
7793,0.009469,172.31.36.0-255,66,189727,12,236159
7794,0.012074,74.125.24.0-255,5738,195465,12,236159
7795,0.012085,172.31.36.0-255,66,195531,12,236159
7796,0.014445,74.125.24.0-255,5738,201269,12,236159
7797,0.014457,172.31.36.0-255,66,201335,12,236159
7798,0.016805,74.125.24.0-255,5738,207073,12,236159
7799,0.016817,172.31.36.0-255,66,207139,12,236159
7800,0.019147,74.125.24.0-255,5738,212877,12,236159
7801,0.019157,172.31.36.0-255,66,212943,12,236159
7802,0.021527,74.125.24.0-255,5738,218681,12,236159
7803,0.021535,172.31.36.0-255,66,218747,12,236159
7804,0.023898,74.125.24.0-255,5738,224485,12,236159
7805,0.023906,172.31.36.0-255,66,224551,12,236159
7806,0.026235,74.125.24.0-255,5738,230289,12,236159
7807,0.026243,172.31.36.0-255,66,230355,12,236159
7808,0.028596,74.125.24.0-255,5738,236093,12,236159
7809,0.028604,172.31.36.0-255,66,236159,12,236159
7810,0.0,172.217.194.0-255,153,153,12,353420
7811,1.9e-05,172.31.36.0-255,66,219,12,353420
7812,2.6e-05,172.217.194.0-255,1484,1703,12,353420
7813,3e-05,172.31.36.0-255,66,1769,12,353420
7814,3.6e-05,172.217.194.0-255,2902,4671,12,353420
7815,3.9e-05,172.31.36.0-255,66,4737,12,353420
7816,4.7e-05,172.217.194.0-255,7156,11893,12,353420
7817,5e-05,172.31.36.0-255,66,11959,12,353420
7818,5.4e-05,172.217.194.0-255,2077,14036,12,353420
7819,5.6e-05,172.31.36.0-255,66,14102,12,353420
7820,8.7e-05,172.217.194.0-255,2902,17004,12,353420
7821,9e-05,172.31.36.0-255,66,17070,12,353420
7822,9.3e-05,172.217.194.0-255,1484,18554,12,353420
7823,9.5e-05,172.31.36.0-255,66,18620,12,353420
7824,0.000116,172.217.194.0-255,5738,24358,12,353420
7825,0.000118,172.31.36.0-255,66,24424,12,353420
7826,0.000146,172.217.194.0-255,1484,25908,12,353420
7827,0.000148,172.31.36.0-255,66,25974,12,353420
7828,0.000174,172.217.194.0-255,7156,33130,12,353420
7829,0.000177,172.31.36.0-255,66,33196,12,353420
7830,0.000179,172.217.194.0-255,1484,34680,12,353420
7831,0.000182,172.31.36.0-255,66,34746,12,353420
7832,0.000197,172.217.194.0-255,2902,37648,12,353420
7833,0.000199,172.31.36.0-255,66,37714,12,353420
7834,0.000235,172.217.194.0-255,5738,43452,12,353420
7835,0.000238,172.31.36.0-255,66,43518,12,353420
7836,0.00026,172.217.194.0-255,5020,48538,12,353420
7837,0.000263,172.31.36.0-255,66,48604,12,353420
7838,0.00047,172.217.194.0-255,1484,50088,12,353420
7839,0.000475,172.31.36.0-255,66,50154,12,353420
7840,0.000491,172.217.194.0-255,2902,53056,12,353420
7841,0.000494,172.31.36.0-255,66,53122,12,353420
7842,0.000522,172.217.194.0-255,5738,58860,12,353420
7843,0.000533,172.31.36.0-255,66,58926,12,353420
7844,0.000547,172.217.194.0-255,5738,64664,12,353420
7845,0.000552,172.31.36.0-255,66,64730,12,353420
7846,0.000565,172.217.194.0-255,1375,66105,12,353420
7847,0.000605,172.217.194.0-255,404,66509,12,353420
7848,0.000617,172.31.36.0-255,66,66575,12,353420
7849,0.001653,172.217.194.0-255,1484,68059,12,353420
7850,0.001678,172.217.194.0-255,2902,70961,12,353420
7851,0.001682,172.31.36.0-255,66,71027,12,353420
7852,0.00169,172.217.194.0-255,5738,76765,12,353420
7853,0.001695,172.217.194.0-255,2902,79667,12,353420
7854,0.001756,172.217.194.0-255,766,80433,12,353420
7855,0.002087,172.217.194.0-255,1484,81917,12,353420
7856,0.002094,172.217.194.0-255,2902,84819,12,353420
7857,0.002107,172.217.194.0-255,1484,86303,12,353420
7858,0.002128,172.217.194.0-255,4320,90623,12,353420
7859,0.002132,172.217.194.0-255,1484,92107,12,353420
7860,0.002175,172.217.194.0-255,1484,93591,12,353420
7861,0.002189,172.217.194.0-255,2902,96493,12,353420
7862,0.002203,172.217.194.0-255,1484,97977,12,353420
7863,0.00224,172.217.194.0-255,1484,99461,12,353420
7864,0.002256,172.217.194.0-255,7156,106617,12,353420
7865,0.00226,172.217.194.0-255,2902,109519,12,353420
7866,0.002309,172.217.194.0-255,4320,113839,12,353420
7867,0.00233,172.217.194.0-255,2902,116741,12,353420
7868,0.002342,172.217.194.0-255,1484,118225,12,353420
7869,0.002353,172.217.194.0-255,1484,119709,12,353420
7870,0.002393,172.217.194.0-255,3602,123311,12,353420
7871,0.002621,172.217.194.0-255,1484,124795,12,353420
7872,0.002638,172.217.194.0-255,2902,127697,12,353420
7873,0.002655,172.217.194.0-255,5738,133435,12,353420
7874,0.002697,172.217.194.0-255,2902,136337,12,353420
7875,0.002715,172.217.194.0-255,7156,143493,12,353420
7876,0.002739,172.217.194.0-255,4320,147813,12,353420
7877,0.002756,172.217.194.0-255,7156,154969,12,353420
7878,0.002759,172.217.194.0-255,2184,157153,12,353420
7879,0.003961,172.217.194.0-255,1484,158637,12,353420
7880,0.003976,172.217.194.0-255,2902,161539,12,353420
7881,0.003991,172.217.194.0-255,4320,165859,12,353420
7882,0.004008,172.217.194.0-255,1484,167343,12,353420
7883,0.004024,172.217.194.0-255,2902,170245,12,353420
7884,0.004049,172.217.194.0-255,5738,175983,12,353420
7885,0.004055,172.217.194.0-255,4320,180303,12,353420
7886,0.004068,172.217.194.0-255,5738,186041,12,353420
7887,0.00409,172.217.194.0-255,5020,191061,12,353420
7888,0.004134,172.217.194.0-255,4320,195381,12,353420
7889,0.004145,172.217.194.0-255,1484,196865,12,353420
7890,0.004151,172.217.194.0-255,4320,201185,12,353420
7891,0.004167,172.217.194.0-255,2902,204087,12,353420
7892,0.00419,172.217.194.0-255,4320,208407,12,353420
7893,0.004216,172.217.194.0-255,5738,214145,12,353420
7894,0.004244,172.217.194.0-255,5738,219883,12,353420
7895,0.004265,172.217.194.0-255,5020,224903,12,353420
7896,0.004444,172.217.194.0-255,1484,226387,12,353420
7897,0.004449,172.217.194.0-255,2902,229289,12,353420
7898,0.004475,172.217.194.0-255,5738,235027,12,353420
7899,0.004479,172.217.194.0-255,1484,236511,12,353420
7900,0.004493,172.217.194.0-255,5738,242249,12,353420
7901,0.004524,172.217.194.0-255,4320,246569,12,353420
7902,0.004597,172.217.194.0-255,2184,248753,12,353420
7903,0.004799,172.31.36.0-255,66,248819,12,353420
7904,0.005105,172.217.194.0-255,1484,250303,12,353420
7905,0.005113,172.217.194.0-255,2902,253205,12,353420
7906,0.005119,172.31.36.0-255,66,253271,12,353420
7907,0.005144,172.217.194.0-255,5738,259009,12,353420
7908,0.005162,172.217.194.0-255,2902,261911,12,353420
7909,0.005168,172.31.36.0-255,66,261977,12,353420
7910,0.005185,172.217.194.0-255,2902,264879,12,353420
7911,0.00519,172.217.194.0-255,2902,267781,12,353420
7912,0.005199,172.31.36.0-255,66,267847,12,353420
7913,0.005209,172.217.194.0-255,4320,272167,12,353420
7914,0.005213,172.217.194.0-255,2902,275069,12,353420
7915,0.005222,172.31.36.0-255,66,275135,12,353420
7916,0.005226,172.217.194.0-255,1484,276619,12,353420
7917,0.005228,172.217.194.0-255,1484,278103,12,353420
7918,0.005248,172.217.194.0-255,4320,282423,12,353420
7919,0.005251,172.217.194.0-255,766,283189,12,353420
7920,0.00526,172.31.36.0-255,66,283255,12,353420
7921,0.005298,172.217.194.0-255,1484,284739,12,353420
7922,0.005321,172.217.194.0-255,2902,287641,12,353420
7923,0.005323,172.217.194.0-255,1484,289125,12,353420
7924,0.005339,172.217.194.0-255,4320,293445,12,353420
7925,0.005354,172.31.36.0-255,66,293511,12,353420
7926,0.005373,172.217.194.0-255,4320,297831,12,353420
7927,0.005384,172.31.36.0-255,66,297897,12,353420
7928,0.005395,172.217.194.0-255,4320,302217,12,353420
7929,0.005408,172.31.36.0-255,66,302283,12,353420
7930,0.005422,172.217.194.0-255,1484,303767,12,353420
7931,0.005429,172.217.194.0-255,5020,308787,12,353420
7932,0.005443,172.31.36.0-255,66,308853,12,353420
7933,0.006042,172.217.194.0-255,1484,310337,12,353420
7934,0.006058,172.217.194.0-255,2902,313239,12,353420
7935,0.006062,172.31.36.0-255,66,313305,12,353420
7936,0.006087,172.217.194.0-255,1484,314789,12,353420
7937,0.006092,172.217.194.0-255,2902,317691,12,353420
7938,0.006111,172.31.36.0-255,66,317757,12,353420
7939,0.006129,172.217.194.0-255,4320,322077,12,353420
7940,0.006145,172.31.36.0-255,66,322143,12,353420
7941,0.006159,172.217.194.0-255,2902,325045,12,353420
7942,0.006173,172.217.194.0-255,2902,327947,12,353420
7943,0.006176,172.217.194.0-255,1484,329431,12,353420
7944,0.006183,172.31.36.0-255,66,329497,12,353420
7945,0.006192,172.217.194.0-255,2902,332399,12,353420
7946,0.006196,172.217.194.0-255,2902,335301,12,353420
7947,0.006208,172.217.194.0-255,2902,338203,12,353420
7948,0.00621,172.31.36.0-255,66,338269,12,353420
7949,0.006227,172.217.194.0-255,2902,341171,12,353420
7950,0.006237,172.217.194.0-255,2184,343355,12,353420
7951,0.006246,172.31.36.0-255,66,343421,12,353420
7952,0.006458,172.217.194.0-255,1484,344905,12,353420
7953,0.006465,172.217.194.0-255,2902,347807,12,353420
7954,0.006468,172.31.36.0-255,66,347873,12,353420
7955,0.006489,172.217.194.0-255,2902,350775,12,353420
7956,0.006508,172.31.36.0-255,66,350841,12,353420
7957,0.006535,172.217.194.0-255,2171,353012,12,353420
7958,0.00654,172.31.36.0-255,66,353078,12,353420
7959,0.006576,172.217.194.0-255,105,353183,12,353420
7960,0.007921,172.31.36.0-255,66,353249,12,353420
7961,0.007957,172.31.36.0-255,105,353354,12,353420
7962,0.009863,172.217.194.0-255,66,353420,12,353420
7963,0.0,172.31.36.0-255,105,105,12,105
7964,0.0,74.125.130.0-255,153,153,12,242273
7965,2.6e-05,172.31.36.0-255,66,219,12,242273
7966,3.3e-05,74.125.130.0-255,1484,1703,12,242273
7967,3.8e-05,172.31.36.0-255,66,1769,12,242273
7968,4.2e-05,74.125.130.0-255,2902,4671,12,242273
7969,5.2e-05,172.31.36.0-255,66,4737,12,242273
7970,5.9e-05,74.125.130.0-255,7156,11893,12,242273
7971,6.2e-05,172.31.36.0-255,66,11959,12,242273
7972,6.6e-05,74.125.130.0-255,2019,13978,12,242273
7973,6.8e-05,172.31.36.0-255,66,14044,12,242273
7974,7.3e-05,74.125.130.0-255,2902,16946,12,242273
7975,7.5e-05,172.31.36.0-255,66,17012,12,242273
7976,7.8e-05,74.125.130.0-255,1484,18496,12,242273
7977,8.1e-05,172.31.36.0-255,66,18562,12,242273
7978,0.000119,74.125.130.0-255,5738,24300,12,242273
7979,0.000122,172.31.36.0-255,66,24366,12,242273
7980,0.000134,172.31.36.0-255,66,24432,12,242273
7981,0.000138,74.125.130.0-255,2902,27334,12,242273
7982,0.00014,172.31.36.0-255,66,27400,12,242273
7983,0.000184,74.125.130.0-255,7156,34556,12,242273
7984,0.000187,172.31.36.0-255,66,34622,12,242273
7985,0.00022,74.125.130.0-255,5020,39642,12,242273
7986,0.000222,172.31.36.0-255,66,39708,12,242273
7987,0.000228,74.125.130.0-255,5738,45446,12,242273
7988,0.000231,172.31.36.0-255,66,45512,12,242273
7989,0.000259,74.125.130.0-255,4320,49832,12,242273
7990,0.000264,74.125.130.0-255,2902,52734,12,242273
7991,0.000265,172.31.36.0-255,66,52800,12,242273
7992,0.00027,172.31.36.0-255,66,52866,12,242273
7993,0.000296,74.125.130.0-255,2902,55768,12,242273
7994,0.000306,172.31.36.0-255,66,55834,12,242273
7995,0.00031,74.125.130.0-255,1714,57548,12,242273
7996,0.000313,172.31.36.0-255,66,57614,12,242273
7997,0.000532,74.125.130.0-255,1484,59098,12,242273
7998,0.000537,74.125.130.0-255,1484,60582,12,242273
7999,0.00054,74.125.130.0-255,1484,62066,12,242273
8000,0.000542,172.31.36.0-255,66,62132,12,242273
8001,0.000551,74.125.130.0-255,1484,63616,12,242273
8002,0.000553,172.31.36.0-255,66,63682,12,242273
8003,0.000593,74.125.130.0-255,5738,69420,12,242273
8004,0.000598,172.31.36.0-255,66,69486,12,242273
8005,0.000605,74.125.130.0-255,7156,76642,12,242273
8006,0.000607,172.31.36.0-255,66,76708,12,242273
8007,0.000616,74.125.130.0-255,1484,78192,12,242273
8008,0.000645,74.125.130.0-255,7156,85348,12,242273
8009,0.000649,172.31.36.0-255,66,85414,12,242273
8010,0.000677,74.125.130.0-255,4320,89734,12,242273
8011,0.00068,172.31.36.0-255,66,89800,12,242273
8012,0.000697,74.125.130.0-255,2184,91984,12,242273
8013,0.0007,172.31.36.0-255,66,92050,12,242273
8014,0.000725,74.125.130.0-255,1484,93534,12,242273
8015,0.000729,74.125.130.0-255,2902,96436,12,242273
8016,0.000732,172.31.36.0-255,66,96502,12,242273
8017,0.00076,74.125.130.0-255,2902,99404,12,242273
8018,0.000763,172.31.36.0-255,66,99470,12,242273
8019,0.000769,74.125.130.0-255,4320,103790,12,242273
8020,0.000771,172.31.36.0-255,66,103856,12,242273
8021,0.000836,172.31.36.0-255,66,103922,12,242273
8022,0.000848,172.31.36.0-255,66,103988,12,242273
8023,0.000866,172.31.36.0-255,66,104054,12,242273
8024,0.00091,74.125.130.0-255,7156,111210,12,242273
8025,0.000915,172.31.36.0-255,66,111276,12,242273
8026,0.000929,74.125.130.0-255,2184,113460,12,242273
8027,0.000936,172.31.36.0-255,66,113526,12,242273
8028,0.000988,74.125.130.0-255,1484,115010,12,242273
8029,0.00101,74.125.130.0-255,2902,117912,12,242273
8030,0.001014,172.31.36.0-255,66,117978,12,242273
8031,0.00102,74.125.130.0-255,4320,122298,12,242273
8032,0.001022,172.31.36.0-255,66,122364,12,242273
8033,0.00104,74.125.130.0-255,2902,125266,12,242273
8034,0.001043,172.31.36.0-255,66,125332,12,242273
8035,0.001074,74.125.130.0-255,5738,131070,12,242273
8036,0.001078,172.31.36.0-255,66,131136,12,242273
8037,0.001084,74.125.130.0-255,5738,136874,12,242273
8038,0.001086,172.31.36.0-255,66,136940,12,242273
8039,0.001093,74.125.130.0-255,7156,144096,12,242273
8040,0.001095,172.31.36.0-255,66,144162,12,242273
8041,0.001125,74.125.130.0-255,3602,147764,12,242273
8042,0.001128,172.31.36.0-255,66,147830,12,242273
8043,0.002286,74.125.130.0-255,1484,149314,12,242273
8044,0.002297,74.125.130.0-255,2902,152216,12,242273
8045,0.002302,172.31.36.0-255,66,152282,12,242273
8046,0.002307,74.125.130.0-255,1484,153766,12,242273
8047,0.002338,74.125.130.0-255,4320,158086,12,242273
8048,0.002341,172.31.36.0-255,66,158152,12,242273
8049,0.002349,74.125.130.0-255,7156,165308,12,242273
8050,0.002351,172.31.36.0-255,66,165374,12,242273
8051,0.002354,74.125.130.0-255,1484,166858,12,242273
8052,0.002394,172.31.36.0-255,66,166924,12,242273
8053,0.002422,74.125.130.0-255,5020,171944,12,242273
8054,0.002424,172.31.36.0-255,66,172010,12,242273
8055,0.004783,74.125.130.0-255,4320,176330,12,242273
8056,0.004786,172.31.36.0-255,66,176396,12,242273
8057,0.004812,74.125.130.0-255,1484,177880,12,242273
8058,0.007155,74.125.130.0-255,4320,182200,12,242273
8059,0.007161,172.31.36.0-255,66,182266,12,242273
8060,0.009542,74.125.130.0-255,5738,188004,12,242273
8061,0.009549,172.31.36.0-255,66,188070,12,242273
8062,0.01192,74.125.130.0-255,5738,193808,12,242273
8063,0.011928,172.31.36.0-255,66,193874,12,242273
8064,0.014316,74.125.130.0-255,5738,199612,12,242273
8065,0.014328,172.31.36.0-255,66,199678,12,242273
8066,0.016723,74.125.130.0-255,5738,205416,12,242273
8067,0.016733,172.31.36.0-255,66,205482,12,242273
8068,0.019098,74.125.130.0-255,5738,211220,12,242273
8069,0.019104,172.31.36.0-255,66,211286,12,242273
8070,0.021467,74.125.130.0-255,5738,217024,12,242273
8071,0.021473,172.31.36.0-255,66,217090,12,242273
8072,0.023856,74.125.130.0-255,5738,222828,12,242273
8073,0.023863,172.31.36.0-255,66,222894,12,242273
8074,0.026228,74.125.130.0-255,5738,228632,12,242273
8075,0.026234,172.31.36.0-255,66,228698,12,242273
8076,0.028311,172.31.36.0-255,172,228870,12,242273
8077,0.028339,172.31.36.0-255,1109,229979,12,242273
8078,0.028373,172.31.36.0-255,1514,231493,12,242273
8079,0.028375,172.31.36.0-255,1514,233007,12,242273
8080,0.02838,172.31.36.0-255,1514,234521,12,242273
8081,0.028381,172.31.36.0-255,1514,236035,12,242273
8082,0.02841,172.31.36.0-255,170,236205,12,242273
8083,0.028606,74.125.130.0-255,5738,241943,12,242273
8084,0.028612,172.31.36.0-255,66,242009,12,242273
8085,0.029863,104.244.42.0-255,66,242075,12,242273
8086,0.029885,104.244.42.0-255,66,242141,12,242273
8087,0.029928,104.244.42.0-255,66,242207,12,242273
8088,0.029932,104.244.42.0-255,66,242273,12,242273
8089,0.0,172.217.194.0-255,155,155,12,238018
8090,3.3e-05,172.31.36.0-255,66,221,12,238018
8091,3.9e-05,172.217.194.0-255,1484,1705,12,238018
8092,4.3e-05,172.31.36.0-255,66,1771,12,238018
8093,4.8e-05,172.217.194.0-255,2902,4673,12,238018
8094,5e-05,172.31.36.0-255,66,4739,12,238018
8095,6.8e-05,172.217.194.0-255,7156,11895,12,238018
8096,7e-05,172.31.36.0-255,66,11961,12,238018
8097,7.4e-05,172.217.194.0-255,2049,14010,12,238018
8098,7.7e-05,172.31.36.0-255,66,14076,12,238018
8099,0.000121,172.217.194.0-255,1484,15560,12,238018
8100,0.000125,172.31.36.0-255,66,15626,12,238018
8101,0.000154,172.217.194.0-255,2902,18528,12,238018
8102,0.000157,172.31.36.0-255,66,18594,12,238018
8103,0.000164,172.217.194.0-255,5738,24332,12,238018
8104,0.000166,172.31.36.0-255,66,24398,12,238018
8105,0.00018,172.217.194.0-255,6797,31195,12,238018
8106,0.000183,172.31.36.0-255,66,31261,12,238018
8107,0.000294,172.217.194.0-255,1484,32745,12,238018
8108,0.000299,172.31.36.0-255,66,32811,12,238018
8109,0.000305,172.217.194.0-255,2902,35713,12,238018
8110,0.000309,172.31.36.0-255,66,35779,12,238018
8111,0.000337,172.217.194.0-255,5738,41517,12,238018
8112,0.000341,172.31.36.0-255,66,41583,12,238018
8113,0.000346,172.217.194.0-255,4320,45903,12,238018
8114,0.000349,172.31.36.0-255,66,45969,12,238018
8115,0.000382,172.217.194.0-255,2543,48512,12,238018
8116,0.000385,172.31.36.0-255,66,48578,12,238018
8117,0.00039,172.217.194.0-255,2902,51480,12,238018
8118,0.000392,172.31.36.0-255,66,51546,12,238018
8119,0.000419,172.217.194.0-255,7156,58702,12,238018
8120,0.000424,172.31.36.0-255,66,58768,12,238018
8121,0.000433,172.217.194.0-255,6797,65565,12,238018
8122,0.000435,172.31.36.0-255,66,65631,12,238018
8123,0.000799,172.217.194.0-255,646,66277,12,238018
8124,0.000848,172.31.36.0-255,66,66343,12,238018
8125,0.000895,172.217.194.0-255,1484,67827,12,238018
8126,0.000903,172.217.194.0-255,2902,70729,12,238018
8127,0.000906,172.31.36.0-255,66,70795,12,238018
8128,0.000911,172.217.194.0-255,2902,73697,12,238018
8129,0.000913,172.31.36.0-255,66,73763,12,238018
8130,0.000939,172.217.194.0-255,2902,76665,12,238018
8131,0.000942,172.31.36.0-255,66,76731,12,238018
8132,0.000962,172.31.36.0-255,66,76797,12,238018
8133,0.000975,172.31.36.0-255,66,76863,12,238018
8134,0.001005,172.217.194.0-255,766,77629,12,238018
8135,0.001115,172.217.194.0-255,1484,79113,12,238018
8136,0.001118,172.31.36.0-255,66,79179,12,238018
8137,0.001124,172.217.194.0-255,2902,82081,12,238018
8138,0.001126,172.31.36.0-255,66,82147,12,238018
8139,0.001154,172.217.194.0-255,5738,87885,12,238018
8140,0.001156,172.31.36.0-255,66,87951,12,238018
8141,0.00119,172.31.36.0-255,66,88017,12,238018
8142,0.001208,172.31.36.0-255,66,88083,12,238018
8143,0.001239,172.217.194.0-255,1635,89718,12,238018
8144,0.001242,172.31.36.0-255,66,89784,12,238018
8145,0.001343,172.217.194.0-255,1484,91268,12,238018
8146,0.001347,172.217.194.0-255,1484,92752,12,238018
8147,0.001352,172.31.36.0-255,66,92818,12,238018
8148,0.001381,172.217.194.0-255,1484,94302,12,238018
8149,0.001388,172.217.194.0-255,5738,100040,12,238018
8150,0.001391,172.31.36.0-255,66,100106,12,238018
8151,0.001402,172.31.36.0-255,66,100172,12,238018
8152,0.001442,172.217.194.0-255,4320,104492,12,238018
8153,0.001448,172.31.36.0-255,66,104558,12,238018
8154,0.001462,172.31.36.0-255,66,104624,12,238018
8155,0.001663,172.217.194.0-255,1484,106108,12,238018
8156,0.00167,172.217.194.0-255,2902,109010,12,238018
8157,0.001673,172.31.36.0-255,66,109076,12,238018
8158,0.001695,172.217.194.0-255,4320,113396,12,238018
8159,0.001698,172.31.36.0-255,66,113462,12,238018
8160,0.00172,172.217.194.0-255,1484,114946,12,238018
8161,0.001726,172.217.194.0-255,5738,120684,12,238018
8162,0.001728,172.31.36.0-255,66,120750,12,238018
8163,0.001759,172.217.194.0-255,5738,126488,12,238018
8164,0.001761,172.31.36.0-255,66,126554,12,238018
8165,0.001767,172.217.194.0-255,4320,130874,12,238018
8166,0.001768,172.31.36.0-255,66,130940,12,238018
8167,0.001801,172.31.36.0-255,66,131006,12,238018
8168,0.0019,172.217.194.0-255,1484,132490,12,238018
8169,0.001903,172.217.194.0-255,1484,133974,12,238018
8170,0.001906,172.31.36.0-255,66,134040,12,238018
8171,0.001918,172.217.194.0-255,1484,135524,12,238018
8172,0.001928,172.217.194.0-255,5738,141262,12,238018
8173,0.00193,172.31.36.0-255,66,141328,12,238018
8174,0.00197,172.31.36.0-255,66,141394,12,238018
8175,0.001981,172.31.36.0-255,66,141460,12,238018
8176,0.002198,172.217.194.0-255,1484,142944,12,238018
8177,0.002213,172.217.194.0-255,2902,145846,12,238018
8178,0.002217,172.31.36.0-255,66,145912,12,238018
8179,0.002247,172.217.194.0-255,5738,151650,12,238018
8180,0.002251,172.31.36.0-255,66,151716,12,238018
8181,0.002269,172.31.36.0-255,66,151782,12,238018
8182,0.002274,172.217.194.0-255,2902,154684,12,238018
8183,0.002277,172.31.36.0-255,66,154750,12,238018
8184,0.002313,172.31.36.0-255,66,154816,12,238018
8185,0.002389,172.217.194.0-255,1484,156300,12,238018
8186,0.002394,172.217.194.0-255,2902,159202,12,238018
8187,0.002397,172.31.36.0-255,66,159268,12,238018
8188,0.002402,172.217.194.0-255,2902,162170,12,238018
8189,0.002404,172.31.36.0-255,66,162236,12,238018
8190,0.002422,172.217.194.0-255,2902,165138,12,238018
8191,0.002426,172.31.36.0-255,66,165204,12,238018
8192,0.002427,172.217.194.0-255,4320,169524,12,238018
8193,0.002429,172.31.36.0-255,66,169590,12,238018
8194,0.002461,172.217.194.0-255,5738,175328,12,238018
8195,0.002464,172.31.36.0-255,66,175394,12,238018
8196,0.002484,172.217.194.0-255,4320,179714,12,238018
8197,0.002487,172.31.36.0-255,66,179780,12,238018
8198,0.002522,172.31.36.0-255,66,179846,12,238018
8199,0.005103,172.217.194.0-255,5738,185584,12,238018
8200,0.005109,172.31.36.0-255,66,185650,12,238018
8201,0.007695,172.217.194.0-255,5738,191388,12,238018
8202,0.007702,172.31.36.0-255,66,191454,12,238018
8203,0.010332,172.217.194.0-255,5738,197192,12,238018
8204,0.010348,172.31.36.0-255,66,197258,12,238018
8205,0.012975,172.217.194.0-255,5738,202996,12,238018
8206,0.012993,172.31.36.0-255,66,203062,12,238018
8207,0.015585,172.217.194.0-255,5738,208800,12,238018
8208,0.015598,172.31.36.0-255,66,208866,12,238018
8209,0.018201,172.217.194.0-255,5738,214604,12,238018
8210,0.018211,172.31.36.0-255,66,214670,12,238018
8211,0.020809,172.217.194.0-255,5738,220408,12,238018
8212,0.020815,172.31.36.0-255,66,220474,12,238018
8213,0.023402,172.217.194.0-255,5738,226212,12,238018
8214,0.023414,172.31.36.0-255,66,226278,12,238018
8215,0.026047,172.217.194.0-255,2902,229180,12,238018
8216,0.026054,172.31.36.0-255,66,229246,12,238018
8217,0.02608,172.217.194.0-255,2902,232148,12,238018
8218,0.026083,172.31.36.0-255,66,232214,12,238018
8219,0.028666,172.217.194.0-255,5738,237952,12,238018
8220,0.028675,172.31.36.0-255,66,238018,12,238018
8221,0.0,172.31.36.0-255,105,105,12,276
8222,0.00182,157.240.13.0-255,105,210,12,276
8223,0.001836,172.31.36.0-255,66,276,12,276
8224,0.0,74.125.24.0-255,152,152,12,190941
8225,3e-05,172.31.36.0-255,66,218,12,190941
8226,3.7e-05,74.125.24.0-255,1484,1702,12,190941
8227,4.1e-05,172.31.36.0-255,66,1768,12,190941
8228,4.7e-05,74.125.24.0-255,2902,4670,12,190941
8229,5.8e-05,172.31.36.0-255,66,4736,12,190941
8230,6.4e-05,74.125.24.0-255,7156,11892,12,190941
8231,6.8e-05,172.31.36.0-255,66,11958,12,190941
8232,7.1e-05,74.125.24.0-255,1999,13957,12,190941
8233,7.4e-05,172.31.36.0-255,66,14023,12,190941
8234,7.9e-05,74.125.24.0-255,4320,18343,12,190941
8235,8.2e-05,172.31.36.0-255,66,18409,12,190941
8236,0.00012,74.125.24.0-255,7156,25565,12,190941
8237,0.000125,172.31.36.0-255,66,25631,12,190941
8238,0.000131,74.125.24.0-255,5379,31010,12,190941
8239,0.000133,172.31.36.0-255,66,31076,12,190941
8240,0.000251,74.125.24.0-255,1484,32560,12,190941
8241,0.000255,172.31.36.0-255,66,32626,12,190941
8242,0.00028,74.125.24.0-255,2902,35528,12,190941
8243,0.000284,172.31.36.0-255,66,35594,12,190941
8244,0.000291,74.125.24.0-255,5738,41332,12,190941
8245,0.000294,172.31.36.0-255,66,41398,12,190941
8246,0.000306,74.125.24.0-255,6797,48195,12,190941
8247,0.000309,172.31.36.0-255,66,48261,12,190941
8248,0.000351,172.31.36.0-255,66,48327,12,190941
8249,0.000355,74.125.24.0-255,2543,50870,12,190941
8250,0.000358,172.31.36.0-255,66,50936,12,190941
8251,0.000389,74.125.24.0-255,367,51303,12,190941
8252,0.000392,172.31.36.0-255,66,51369,12,190941
8253,0.000395,74.125.24.0-255,377,51746,12,190941
8254,0.000398,172.31.36.0-255,66,51812,12,190941
8255,0.000576,74.125.24.0-255,1484,53296,12,190941
8256,0.000583,74.125.24.0-255,2902,56198,12,190941
8257,0.000586,172.31.36.0-255,66,56264,12,190941
8258,0.000614,74.125.24.0-255,4320,60584,12,190941
8259,0.000618,172.31.36.0-255,66,60650,12,190941
8260,0.000649,74.125.24.0-255,2902,63552,12,190941
8261,0.000653,172.31.36.0-255,66,63618,12,190941
8262,0.00068,74.125.24.0-255,5379,68997,12,190941
8263,0.000683,172.31.36.0-255,66,69063,12,190941
8264,0.000693,172.31.36.0-255,66,69129,12,190941
8265,0.000711,172.31.36.0-255,66,69195,12,190941
8266,0.001301,74.125.24.0-255,1484,70679,12,190941
8267,0.00131,74.125.24.0-255,2902,73581,12,190941
8268,0.001315,172.31.36.0-255,66,73647,12,190941
8269,0.001321,74.125.24.0-255,4320,77967,12,190941
8270,0.001323,172.31.36.0-255,66,78033,12,190941
8271,0.00137,172.31.36.0-255,66,78099,12,190941
8272,0.001403,74.125.24.0-255,7156,85255,12,190941
8273,0.001405,172.31.36.0-255,66,85321,12,190941
8274,0.00144,172.31.36.0-255,66,85387,12,190941
8275,0.001505,172.31.36.0-255,66,85453,12,190941
8276,0.001508,74.125.24.0-255,1484,86937,12,190941
8277,0.001529,74.125.24.0-255,5738,92675,12,190941
8278,0.001531,172.31.36.0-255,66,92741,12,190941
8279,0.001556,172.31.36.0-255,66,92807,12,190941
8280,0.001601,74.125.24.0-255,1484,94291,12,190941
8281,0.001605,74.125.24.0-255,2902,97193,12,190941
8282,0.001607,172.31.36.0-255,66,97259,12,190941
8283,0.001635,74.125.24.0-255,5738,102997,12,190941
8284,0.001638,172.31.36.0-255,66,103063,12,190941
8285,0.001641,74.125.24.0-255,1484,104547,12,190941
8286,0.001675,172.31.36.0-255,66,104613,12,190941
8287,0.001681,74.125.24.0-255,5738,110351,12,190941
8288,0.001684,172.31.36.0-255,66,110417,12,190941
8289,0.001704,74.125.24.0-255,5020,115437,12,190941
8290,0.00171,172.31.36.0-255,66,115503,12,190941
8291,0.001724,74.125.24.0-255,5738,121241,12,190941
8292,0.001732,172.31.36.0-255,66,121307,12,190941
8293,0.001755,74.125.24.0-255,1484,122791,12,190941
8294,0.001765,172.31.36.0-255,66,122857,12,190941
8295,0.001772,74.125.24.0-255,7156,130013,12,190941
8296,0.001774,172.31.36.0-255,66,130079,12,190941
8297,0.001814,172.31.36.0-255,66,130145,12,190941
8298,0.001816,74.125.24.0-255,766,130911,12,190941
8299,0.001843,74.125.24.0-255,1484,132395,12,190941
8300,0.001845,172.31.36.0-255,66,132461,12,190941
8301,0.001849,74.125.24.0-255,2902,135363,12,190941
8302,0.001851,172.31.36.0-255,66,135429,12,190941
8303,0.001885,74.125.24.0-255,5738,141167,12,190941
8304,0.001888,172.31.36.0-255,66,141233,12,190941
8305,0.001909,172.31.36.0-255,66,141299,12,190941
8306,0.001952,172.31.36.0-255,66,141365,12,190941
8307,0.00198,74.125.24.0-255,7156,148521,12,190941
8308,0.001983,172.31.36.0-255,66,148587,12,190941
8309,0.002017,74.125.24.0-255,7156,155743,12,190941
8310,0.002019,172.31.36.0-255,66,155809,12,190941
8311,0.002026,74.125.24.0-255,7156,162965,12,190941
8312,0.002028,172.31.36.0-255,66,163031,12,190941
8313,0.00206,172.31.36.0-255,66,163097,12,190941
8314,0.002094,172.31.36.0-255,66,163163,12,190941
8315,0.002144,74.125.24.0-255,7156,170319,12,190941
8316,0.002147,172.31.36.0-255,66,170385,12,190941
8317,0.002173,74.125.24.0-255,1484,171869,12,190941
8318,0.002186,172.31.36.0-255,66,171935,12,190941
8319,0.002198,172.31.36.0-255,66,172001,12,190941
8320,0.002213,172.31.36.0-255,66,172067,12,190941
8321,0.002236,74.125.24.0-255,2902,174969,12,190941
8322,0.002238,172.31.36.0-255,66,175035,12,190941
8323,0.002273,172.31.36.0-255,66,175101,12,190941
8324,0.002284,172.31.36.0-255,66,175167,12,190941
8325,0.002295,74.125.24.0-255,7156,182323,12,190941
8326,0.002298,172.31.36.0-255,66,182389,12,190941
8327,0.002323,74.125.24.0-255,5738,188127,12,190941
8328,0.002329,172.31.36.0-255,66,188193,12,190941
8329,0.002361,172.31.36.0-255,66,188259,12,190941
8330,0.002388,74.125.24.0-255,2076,190335,12,190941
8331,0.00239,172.31.36.0-255,66,190401,12,190941
8332,0.002393,74.125.24.0-255,97,190498,12,190941
8333,0.002412,74.125.24.0-255,105,190603,12,190941
8334,0.005784,172.31.36.0-255,101,190704,12,190941
8335,0.007835,172.31.36.0-255,105,190809,12,190941
8336,0.008309,74.125.24.0-255,66,190875,12,190941
8337,0.01033,74.125.24.0-255,66,190941,12,190941
8338,0.0,172.217.27.0-255,153,153,12,151614
8339,2.4e-05,172.31.36.0-255,66,219,12,151614
8340,3.2e-05,172.217.27.0-255,1484,1703,12,151614
8341,3.6e-05,172.31.36.0-255,66,1769,12,151614
8342,5.5e-05,172.217.27.0-255,2902,4671,12,151614
8343,5.8e-05,172.31.36.0-255,66,4737,12,151614
8344,6.7e-05,172.217.27.0-255,7156,11893,12,151614
8345,7e-05,172.31.36.0-255,66,11959,12,151614
8346,7.4e-05,172.217.27.0-255,1930,13889,12,151614
8347,7.6e-05,172.31.36.0-255,66,13955,12,151614
8348,0.000161,172.217.27.0-255,1484,15439,12,151614
8349,0.000164,172.31.36.0-255,66,15505,12,151614
8350,0.000185,172.217.27.0-255,2902,18407,12,151614
8351,0.000188,172.31.36.0-255,66,18473,12,151614
8352,0.000194,172.217.27.0-255,2902,21375,12,151614
8353,0.000196,172.31.36.0-255,66,21441,12,151614
8354,0.00021,172.217.27.0-255,2902,24343,12,151614
8355,0.000212,172.31.36.0-255,66,24409,12,151614
8356,0.000218,172.217.27.0-255,4320,28729,12,151614
8357,0.000221,172.31.36.0-255,66,28795,12,151614
8358,0.000263,172.217.27.0-255,2543,31338,12,151614
8359,0.000266,172.31.36.0-255,66,31404,12,151614
8360,0.000326,172.217.27.0-255,1484,32888,12,151614
8361,0.00033,172.31.36.0-255,66,32954,12,151614
8362,0.000334,172.217.27.0-255,1484,34438,12,151614
8363,0.000336,172.31.36.0-255,66,34504,12,151614
8364,0.00035,172.217.27.0-255,1484,35988,12,151614
8365,0.000353,172.31.36.0-255,66,36054,12,151614
8366,0.000356,172.217.27.0-255,1484,37538,12,151614
8367,0.000358,172.31.36.0-255,66,37604,12,151614
8368,0.000389,172.217.27.0-255,4320,41924,12,151614
8369,0.000392,172.31.36.0-255,66,41990,12,151614
8370,0.000399,172.217.27.0-255,6797,48787,12,151614
8371,0.000401,172.31.36.0-255,66,48853,12,151614
8372,0.002076,172.217.27.0-255,5738,54591,12,151614
8373,0.002084,172.31.36.0-255,66,54657,12,151614
8374,0.003724,172.217.27.0-255,5738,60395,12,151614
8375,0.003727,172.31.36.0-255,66,60461,12,151614
8376,0.005361,172.217.27.0-255,5738,66199,12,151614
8377,0.005365,172.31.36.0-255,66,66265,12,151614
8378,0.007003,172.217.27.0-255,5738,72003,12,151614
8379,0.00701,172.31.36.0-255,66,72069,12,151614
8380,0.008659,172.217.27.0-255,5738,77807,12,151614
8381,0.008666,172.31.36.0-255,66,77873,12,151614
8382,0.01031,172.217.27.0-255,5738,83611,12,151614
8383,0.010318,172.31.36.0-255,66,83677,12,151614
8384,0.011978,172.217.27.0-255,5738,89415,12,151614
8385,0.011986,172.31.36.0-255,66,89481,12,151614
8386,0.013634,172.217.27.0-255,5738,95219,12,151614
8387,0.013643,172.31.36.0-255,66,95285,12,151614
8388,0.015287,172.217.27.0-255,5738,101023,12,151614
8389,0.015294,172.31.36.0-255,66,101089,12,151614
8390,0.016946,172.217.27.0-255,5738,106827,12,151614
8391,0.016954,172.31.36.0-255,66,106893,12,151614
8392,0.0186,172.217.27.0-255,5738,112631,12,151614
8393,0.018607,172.31.36.0-255,66,112697,12,151614
8394,0.02025,172.217.27.0-255,5738,118435,12,151614
8395,0.020258,172.31.36.0-255,66,118501,12,151614
8396,0.021898,172.217.27.0-255,5738,124239,12,151614
8397,0.021905,172.31.36.0-255,66,124305,12,151614
8398,0.02354,172.217.27.0-255,5738,130043,12,151614
8399,0.023546,172.31.36.0-255,66,130109,12,151614
8400,0.025199,172.217.27.0-255,5738,135847,12,151614
8401,0.025209,172.31.36.0-255,66,135913,12,151614
8402,0.026862,172.217.27.0-255,5738,141651,12,151614
8403,0.026871,172.31.36.0-255,66,141717,12,151614
8404,0.028511,172.217.27.0-255,5738,147455,12,151614
8405,0.028519,172.31.36.0-255,66,147521,12,151614
8406,0.029187,172.31.36.0-255,172,147693,12,151614
8407,0.029221,172.31.36.0-255,1108,148801,12,151614
8408,0.029282,172.31.36.0-255,1514,150315,12,151614
8409,0.029284,172.31.36.0-255,1299,151614,12,151614
8410,0.0,74.125.24.0-255,161,161,12,320890
8411,2e-05,172.31.36.0-255,66,227,12,320890
8412,4.2e-05,74.125.24.0-255,1484,1711,12,320890
8413,4.7e-05,172.31.36.0-255,66,1777,12,320890
8414,6.7e-05,74.125.24.0-255,2902,4679,12,320890
8415,7.1e-05,172.31.36.0-255,66,4745,12,320890
8416,7.6e-05,74.125.24.0-255,2902,7647,12,320890
8417,7.9e-05,172.31.36.0-255,66,7713,12,320890
8418,0.000102,74.125.24.0-255,4320,12033,12,320890
8419,0.000105,172.31.36.0-255,66,12099,12,320890
8420,0.000119,74.125.24.0-255,3492,15591,12,320890
8421,0.000122,172.31.36.0-255,66,15657,12,320890
8422,0.000127,74.125.24.0-255,4320,19977,12,320890
8423,0.00013,172.31.36.0-255,66,20043,12,320890
8424,0.000148,74.125.24.0-255,1484,21527,12,320890
8425,0.00015,172.31.36.0-255,66,21593,12,320890
8426,0.000168,74.125.24.0-255,2902,24495,12,320890
8427,0.000171,172.31.36.0-255,66,24561,12,320890
8428,0.000196,74.125.24.0-255,6797,31358,12,320890
8429,0.000199,172.31.36.0-255,66,31424,12,320890
8430,0.000308,74.125.24.0-255,1484,32908,12,320890
8431,0.000312,172.31.36.0-255,66,32974,12,320890
8432,0.000315,74.125.24.0-255,1484,34458,12,320890
8433,0.000319,172.31.36.0-255,66,34524,12,320890
8434,0.000333,74.125.24.0-255,1484,36008,12,320890
8435,0.000336,172.31.36.0-255,66,36074,12,320890
8436,0.000374,74.125.24.0-255,5738,41812,12,320890
8437,0.000378,172.31.36.0-255,66,41878,12,320890
8438,0.000383,74.125.24.0-255,4320,46198,12,320890
8439,0.000386,172.31.36.0-255,66,46264,12,320890
8440,0.0004,74.125.24.0-255,2902,49166,12,320890
8441,0.000403,172.31.36.0-255,66,49232,12,320890
8442,0.000421,74.125.24.0-255,1484,50716,12,320890
8443,0.000444,172.31.36.0-255,66,50782,12,320890
8444,0.00048,74.125.24.0-255,5020,55802,12,320890
8445,0.000485,172.31.36.0-255,66,55868,12,320890
8446,0.000604,74.125.24.0-255,360,56228,12,320890
8447,0.000651,74.125.24.0-255,134,56362,12,320890
8448,0.000806,172.31.36.0-255,66,56428,12,320890
8449,0.000953,74.125.24.0-255,1484,57912,12,320890
8450,0.000985,74.125.24.0-255,1484,59396,12,320890
8451,0.00099,172.31.36.0-255,66,59462,12,320890
8452,0.000996,74.125.24.0-255,2902,62364,12,320890
8453,0.000999,172.31.36.0-255,66,62430,12,320890
8454,0.001028,74.125.24.0-255,5738,68168,12,320890
8455,0.001031,172.31.36.0-255,66,68234,12,320890
8456,0.001037,74.125.24.0-255,4320,72554,12,320890
8457,0.001039,172.31.36.0-255,66,72620,12,320890
8458,0.001055,74.125.24.0-255,4320,76940,12,320890
8459,0.001058,172.31.36.0-255,66,77006,12,320890
8460,0.001069,172.31.36.0-255,66,77072,12,320890
8461,0.001091,74.125.24.0-255,3602,80674,12,320890
8462,0.001094,172.31.36.0-255,66,80740,12,320890
8463,0.001219,74.125.24.0-255,1484,82224,12,320890
8464,0.001226,74.125.24.0-255,2902,85126,12,320890
8465,0.00123,172.31.36.0-255,66,85192,12,320890
8466,0.001234,74.125.24.0-255,1484,86676,12,320890
8467,0.00125,74.125.24.0-255,4320,90996,12,320890
8468,0.001252,172.31.36.0-255,66,91062,12,320890
8469,0.001302,172.31.36.0-255,66,91128,12,320890
8470,0.001324,74.125.24.0-255,5738,96866,12,320890
8471,0.001326,172.31.36.0-255,66,96932,12,320890
8472,0.001345,74.125.24.0-255,2902,99834,12,320890
8473,0.001348,172.31.36.0-255,66,99900,12,320890
8474,0.001361,172.31.36.0-255,66,99966,12,320890
8475,0.001446,172.31.36.0-255,66,100032,12,320890
8476,0.001507,74.125.24.0-255,1484,101516,12,320890
8477,0.001513,74.125.24.0-255,2902,104418,12,320890
8478,0.001517,172.31.36.0-255,66,104484,12,320890
8479,0.001535,74.125.24.0-255,5738,110222,12,320890
8480,0.001538,172.31.36.0-255,66,110288,12,320890
8481,0.001544,74.125.24.0-255,4320,114608,12,320890
8482,0.001546,172.31.36.0-255,66,114674,12,320890
8483,0.001581,74.125.24.0-255,5738,120412,12,320890
8484,0.001585,172.31.36.0-255,66,120478,12,320890
8485,0.001597,74.125.24.0-255,5738,126216,12,320890
8486,0.001599,172.31.36.0-255,66,126282,12,320890
8487,0.001608,172.31.36.0-255,66,126348,12,320890
8488,0.001726,74.125.24.0-255,1484,127832,12,320890
8489,0.001746,74.125.24.0-255,2902,130734,12,320890
8490,0.001748,172.31.36.0-255,66,130800,12,320890
8491,0.001764,74.125.24.0-255,1484,132284,12,320890
8492,0.001778,74.125.24.0-255,4320,136604,12,320890
8493,0.00178,172.31.36.0-255,66,136670,12,320890
8494,0.001801,74.125.24.0-255,7156,143826,12,320890
8495,0.001804,172.31.36.0-255,66,143892,12,320890
8496,0.00182,74.125.24.0-255,5738,149630,12,320890
8497,0.001823,172.31.36.0-255,66,149696,12,320890
8498,0.001842,74.125.24.0-255,1484,151180,12,320890
8499,0.001857,74.125.24.0-255,5738,156918,12,320890
8500,0.001859,172.31.36.0-255,66,156984,12,320890
8501,0.001872,74.125.24.0-255,3602,160586,12,320890
8502,0.001874,172.31.36.0-255,66,160652,12,320890
8503,0.002029,74.125.24.0-255,1484,162136,12,320890
8504,0.002046,74.125.24.0-255,2902,165038,12,320890
8505,0.002049,172.31.36.0-255,66,165104,12,320890
8506,0.002061,74.125.24.0-255,2902,168006,12,320890
8507,0.002064,172.31.36.0-255,66,168072,12,320890
8508,0.002077,74.125.24.0-255,2902,170974,12,320890
8509,0.00208,172.31.36.0-255,66,171040,12,320890
8510,0.002102,172.31.36.0-255,66,171106,12,320890
8511,0.002122,74.125.24.0-255,2902,174008,12,320890
8512,0.002124,172.31.36.0-255,66,174074,12,320890
8513,0.00213,74.125.24.0-255,5738,179812,12,320890
8514,0.002132,172.31.36.0-255,66,179878,12,320890
8515,0.002181,74.125.24.0-255,5020,184898,12,320890
8516,0.002184,172.31.36.0-255,66,184964,12,320890
8517,0.002288,74.125.24.0-255,1484,186448,12,320890
8518,0.002304,74.125.24.0-255,2902,189350,12,320890
8519,0.002306,172.31.36.0-255,66,189416,12,320890
8520,0.00231,74.125.24.0-255,1484,190900,12,320890
8521,0.002326,74.125.24.0-255,4320,195220,12,320890
8522,0.002328,172.31.36.0-255,66,195286,12,320890
8523,0.002331,74.125.24.0-255,1484,196770,12,320890
8524,0.002354,172.31.36.0-255,66,196836,12,320890
8525,0.002377,74.125.24.0-255,1484,198320,12,320890
8526,0.002399,172.31.36.0-255,66,198386,12,320890
8527,0.00245,74.125.24.0-255,1484,199870,12,320890
8528,0.002452,74.125.24.0-255,1484,201354,12,320890
8529,0.002461,74.125.24.0-255,1484,202838,12,320890
8530,0.002464,74.125.24.0-255,1484,204322,12,320890
8531,0.002489,74.125.24.0-255,4320,208642,12,320890
8532,0.002494,74.125.24.0-255,4320,212962,12,320890
8533,0.002516,74.125.24.0-255,5738,218700,12,320890
8534,0.002533,74.125.24.0-255,5738,224438,12,320890
8535,0.002643,74.125.24.0-255,1484,225922,12,320890
8536,0.002663,74.125.24.0-255,2902,228824,12,320890
8537,0.002685,74.125.24.0-255,5738,234562,12,320890
8538,0.002688,74.125.24.0-255,1484,236046,12,320890
8539,0.00269,74.125.24.0-255,1484,237530,12,320890
8540,0.002718,74.125.24.0-255,4320,241850,12,320890
8541,0.002739,74.125.24.0-255,7156,249006,12,320890
8542,0.002756,74.125.24.0-255,7156,256162,12,320890
8543,0.002772,74.125.24.0-255,2184,258346,12,320890
8544,0.003042,74.125.24.0-255,1484,259830,12,320890
8545,0.003046,74.125.24.0-255,1484,261314,12,320890
8546,0.003056,74.125.24.0-255,1484,262798,12,320890
8547,0.003067,74.125.24.0-255,1484,264282,12,320890
8548,0.003084,74.125.24.0-255,4320,268602,12,320890
8549,0.003099,74.125.24.0-255,4320,272922,12,320890
8550,0.003114,74.125.24.0-255,4320,277242,12,320890
8551,0.003153,74.125.24.0-255,1484,278726,12,320890
8552,0.003159,74.125.24.0-255,4320,283046,12,320890
8553,0.003206,74.125.24.0-255,7156,290202,12,320890
8554,0.00322,74.125.24.0-255,3602,293804,12,320890
8555,0.003225,74.125.24.0-255,4320,298124,12,320890
8556,0.003247,74.125.24.0-255,7156,305280,12,320890
8557,0.003252,74.125.24.0-255,4320,309600,12,320890
8558,0.003267,74.125.24.0-255,4320,313920,12,320890
8559,0.00327,74.125.24.0-255,153,314073,12,320890
8560,0.003319,74.125.24.0-255,105,314178,12,320890
8561,0.005782,172.31.36.0-255,66,314244,12,320890
8562,0.008435,172.31.36.0-255,105,314349,12,320890
8563,0.011044,74.125.24.0-255,66,314415,12,320890
8564,0.024881,172.31.36.0-255,172,314587,12,320890
8565,0.024941,172.31.36.0-255,1109,315696,12,320890
8566,0.024993,172.31.36.0-255,1514,317210,12,320890
8567,0.024995,172.31.36.0-255,1514,318724,12,320890
8568,0.025,172.31.36.0-255,1514,320238,12,320890
8569,0.025001,172.31.36.0-255,388,320626,12,320890
8570,0.026403,104.244.42.0-255,66,320692,12,320890
8571,0.026489,104.244.42.0-255,66,320758,12,320890
8572,0.026544,104.244.42.0-255,66,320824,12,320890
8573,0.026549,104.244.42.0-255,66,320890,12,320890
8574,0.0,172.217.194.0-255,153,153,12,249588
8575,2.3e-05,172.31.36.0-255,66,219,12,249588
8576,3e-05,172.217.194.0-255,1484,1703,12,249588
8577,3.5e-05,172.31.36.0-255,66,1769,12,249588
8578,4.1e-05,172.217.194.0-255,2902,4671,12,249588
8579,4.4e-05,172.31.36.0-255,66,4737,12,249588
8580,5.2e-05,172.217.194.0-255,7156,11893,12,249588
8581,5.5e-05,172.31.36.0-255,66,11959,12,249588
8582,8.3e-05,172.217.194.0-255,2048,14007,12,249588
8583,8.6e-05,172.31.36.0-255,66,14073,12,249588
8584,9.1e-05,172.217.194.0-255,2902,16975,12,249588
8585,9.3e-05,172.31.36.0-255,66,17041,12,249588
8586,0.0001,172.217.194.0-255,5738,22779,12,249588
8587,0.000103,172.31.36.0-255,66,22845,12,249588
8588,0.00013,172.217.194.0-255,1484,24329,12,249588
8589,0.000132,172.31.36.0-255,66,24395,12,249588
8590,0.000139,172.217.194.0-255,6797,31192,12,249588
8591,0.000142,172.31.36.0-255,66,31258,12,249588
8592,0.000179,172.217.194.0-255,1484,32742,12,249588
8593,0.000182,172.31.36.0-255,66,32808,12,249588
8594,0.000186,172.217.194.0-255,2902,35710,12,249588
8595,0.000188,172.31.36.0-255,66,35776,12,249588
8596,0.000203,172.217.194.0-255,4320,40096,12,249588
8597,0.000207,172.31.36.0-255,66,40162,12,249588
8598,0.000225,172.217.194.0-255,1484,41646,12,249588
8599,0.000227,172.31.36.0-255,66,41712,12,249588
8600,0.000236,172.217.194.0-255,6797,48509,12,249588
8601,0.000238,172.31.36.0-255,66,48575,12,249588
8602,0.000251,172.217.194.0-255,2902,51477,12,249588
8603,0.000254,172.31.36.0-255,66,51543,12,249588
8604,0.000281,172.31.36.0-255,66,51609,12,249588
8605,0.000285,172.217.194.0-255,2837,54446,12,249588
8606,0.000288,172.31.36.0-255,66,54512,12,249588
8607,0.00029,172.217.194.0-255,363,54875,12,249588
8608,0.000607,172.217.194.0-255,1484,56359,12,249588
8609,0.000613,172.31.36.0-255,66,56425,12,249588
8610,0.000618,172.217.194.0-255,2902,59327,12,249588
8611,0.00062,172.31.36.0-255,66,59393,12,249588
8612,0.000627,172.217.194.0-255,5738,65131,12,249588
8613,0.00063,172.31.36.0-255,66,65197,12,249588
8614,0.000666,172.31.36.0-255,66,65263,12,249588
8615,0.000672,172.217.194.0-255,4320,69583,12,249588
8616,0.000674,172.31.36.0-255,66,69649,12,249588
8617,0.000695,172.217.194.0-255,6438,76087,12,249588
8618,0.000698,172.31.36.0-255,66,76153,12,249588
8619,0.001079,172.217.194.0-255,1484,77637,12,249588
8620,0.001083,172.217.194.0-255,1484,79121,12,249588
8621,0.001086,172.31.36.0-255,66,79187,12,249588
8622,0.001109,172.217.194.0-255,1484,80671,12,249588
8623,0.001117,172.217.194.0-255,5738,86409,12,249588
8624,0.001119,172.31.36.0-255,66,86475,12,249588
8625,0.001123,172.217.194.0-255,2902,89377,12,249588
8626,0.001125,172.31.36.0-255,66,89443,12,249588
8627,0.001157,172.31.36.0-255,66,89509,12,249588
8628,0.001168,172.31.36.0-255,66,89575,12,249588
8629,0.001192,172.217.194.0-255,2184,91759,12,249588
8630,0.001195,172.31.36.0-255,66,91825,12,249588
8631,0.001565,172.217.194.0-255,1484,93309,12,249588
8632,0.001571,172.217.194.0-255,2902,96211,12,249588
8633,0.001575,172.31.36.0-255,66,96277,12,249588
8634,0.00158,172.217.194.0-255,2902,99179,12,249588
8635,0.001582,172.31.36.0-255,66,99245,12,249588
8636,0.001596,172.217.194.0-255,2902,102147,12,249588
8637,0.001598,172.31.36.0-255,66,102213,12,249588
8638,0.001605,172.217.194.0-255,5738,107951,12,249588
8639,0.001607,172.31.36.0-255,66,108017,12,249588
8640,0.00161,172.217.194.0-255,1484,109501,12,249588
8641,0.001642,172.31.36.0-255,66,109567,12,249588
8642,0.001647,172.217.194.0-255,4320,113887,12,249588
8643,0.001649,172.31.36.0-255,66,113953,12,249588
8644,0.001665,172.217.194.0-255,766,114719,12,249588
8645,0.0017,172.217.194.0-255,5738,120457,12,249588
8646,0.001703,172.31.36.0-255,66,120523,12,249588
8647,0.001711,172.217.194.0-255,7156,127679,12,249588
8648,0.001712,172.31.36.0-255,66,127745,12,249588
8649,0.001741,172.217.194.0-255,7156,134901,12,249588
8650,0.001744,172.31.36.0-255,66,134967,12,249588
8651,0.001773,172.217.194.0-255,7156,142123,12,249588
8652,0.001776,172.31.36.0-255,66,142189,12,249588
8653,0.001783,172.217.194.0-255,6438,148627,12,249588
8654,0.001785,172.31.36.0-255,66,148693,12,249588
8655,0.001867,172.217.194.0-255,1484,150177,12,249588
8656,0.001872,172.217.194.0-255,2902,153079,12,249588
8657,0.001875,172.31.36.0-255,66,153145,12,249588
8658,0.001899,172.217.194.0-255,5738,158883,12,249588
8659,0.001902,172.31.36.0-255,66,158949,12,249588
8660,0.001909,172.217.194.0-255,7156,166105,12,249588
8661,0.001913,172.31.36.0-255,66,166171,12,249588
8662,0.001949,172.31.36.0-255,66,166237,12,249588
8663,0.001953,172.217.194.0-255,2184,168421,12,249588
8664,0.001955,172.31.36.0-255,66,168487,12,249588
8665,0.00214,172.217.194.0-255,1484,169971,12,249588
8666,0.002147,172.217.194.0-255,2902,172873,12,249588
8667,0.002151,172.31.36.0-255,66,172939,12,249588
8668,0.002176,172.217.194.0-255,5738,178677,12,249588
8669,0.002179,172.31.36.0-255,66,178743,12,249588
8670,0.002182,172.217.194.0-255,1484,180227,12,249588
8671,0.002223,172.31.36.0-255,66,180293,12,249588
8672,0.002238,172.31.36.0-255,66,180359,12,249588
8673,0.002267,172.31.36.0-255,66,180425,12,249588
8674,0.002312,172.31.36.0-255,66,180491,12,249588
8675,0.002318,172.217.194.0-255,5020,185511,12,249588
8676,0.00232,172.31.36.0-255,66,185577,12,249588
8677,0.002386,172.31.36.0-255,66,185643,12,249588
8678,0.002422,172.217.194.0-255,5738,191381,12,249588
8679,0.002426,172.31.36.0-255,66,191447,12,249588
8680,0.002439,172.31.36.0-255,66,191513,12,249588
8681,0.002454,172.31.36.0-255,66,191579,12,249588
8682,0.002464,172.31.36.0-255,66,191645,12,249588
8683,0.004824,172.217.194.0-255,5738,197383,12,249588
8684,0.004831,172.31.36.0-255,66,197449,12,249588
8685,0.007236,172.217.194.0-255,5738,203187,12,249588
8686,0.00724,172.31.36.0-255,66,203253,12,249588
8687,0.009636,172.217.194.0-255,5738,208991,12,249588
8688,0.009643,172.31.36.0-255,66,209057,12,249588
8689,0.012015,172.217.194.0-255,5738,214795,12,249588
8690,0.012023,172.31.36.0-255,66,214861,12,249588
8691,0.014408,172.217.194.0-255,5738,220599,12,249588
8692,0.014415,172.31.36.0-255,66,220665,12,249588
8693,0.016793,172.217.194.0-255,5738,226403,12,249588
8694,0.016803,172.31.36.0-255,66,226469,12,249588
8695,0.019187,172.217.194.0-255,5738,232207,12,249588
8696,0.019195,172.31.36.0-255,66,232273,12,249588
8697,0.021557,172.217.194.0-255,5738,238011,12,249588
8698,0.021566,172.31.36.0-255,66,238077,12,249588
8699,0.023957,172.217.194.0-255,5738,243815,12,249588
8700,0.023965,172.31.36.0-255,66,243881,12,249588
8701,0.026354,172.217.194.0-255,5470,249351,12,249588
8702,0.026362,172.31.36.0-255,66,249417,12,249588
8703,0.027165,172.31.36.0-255,105,249522,12,249588
8704,0.029511,172.217.194.0-255,66,249588,12,249588
8705,0.0,74.125.24.0-255,152,152,12,140882
8706,1.8e-05,172.31.36.0-255,66,218,12,140882
8707,2.5e-05,74.125.24.0-255,1484,1702,12,140882
8708,2.9e-05,172.31.36.0-255,66,1768,12,140882
8709,4.2e-05,74.125.24.0-255,2902,4670,12,140882
8710,4.6e-05,172.31.36.0-255,66,4736,12,140882
8711,5.1e-05,74.125.24.0-255,2902,7638,12,140882
8712,5.4e-05,172.31.36.0-255,66,7704,12,140882
8713,6.3e-05,74.125.24.0-255,7156,14860,12,140882
8714,6.6e-05,172.31.36.0-255,66,14926,12,140882
8715,8.9e-05,74.125.24.0-255,677,15603,12,140882
8716,9.7e-05,172.31.36.0-255,66,15669,12,140882
8717,0.000111,172.31.36.0-255,66,15735,12,140882
8718,0.000141,74.125.24.0-255,3961,19696,12,140882
8719,0.000144,172.31.36.0-255,66,19762,12,140882
8720,0.000274,74.125.24.0-255,1484,21246,12,140882
8721,0.000279,172.31.36.0-255,66,21312,12,140882
8722,0.000285,74.125.24.0-255,2902,24214,12,140882
8723,0.000287,172.31.36.0-255,66,24280,12,140882
8724,0.000312,74.125.24.0-255,1484,25764,12,140882
8725,0.000315,172.31.36.0-255,66,25830,12,140882
8726,0.000356,74.125.24.0-255,4320,30150,12,140882
8727,0.000359,172.31.36.0-255,66,30216,12,140882
8728,0.000377,172.31.36.0-255,66,30282,12,140882
8729,0.00039,172.31.36.0-255,66,30348,12,140882
8730,0.000393,74.125.24.0-255,396,30744,12,140882
8731,0.000395,172.31.36.0-255,66,30810,12,140882
8732,0.00042,74.125.24.0-255,347,31157,12,140882
8733,0.000423,172.31.36.0-255,66,31223,12,140882
8734,0.000674,172.31.36.0-255,101,31324,12,140882
8735,0.001083,74.125.24.0-255,1484,32808,12,140882
8736,0.001091,74.125.24.0-255,2902,35710,12,140882
8737,0.001095,172.31.36.0-255,66,35776,12,140882
8738,0.001127,74.125.24.0-255,5738,41514,12,140882
8739,0.001154,172.31.36.0-255,66,41580,12,140882
8740,0.001161,74.125.24.0-255,4320,45900,12,140882
8741,0.001172,74.125.24.0-255,5738,51638,12,140882
8742,0.001177,74.125.24.0-255,4320,55958,12,140882
8743,0.001184,172.31.36.0-255,66,56024,12,140882
8744,0.001208,74.125.24.0-255,7156,63180,12,140882
8745,0.001212,74.125.24.0-255,2184,65364,12,140882
8746,0.001239,172.31.36.0-255,66,65430,12,140882
8747,0.002673,74.125.24.0-255,66,65496,12,140882
8748,0.003292,74.125.24.0-255,5738,71234,12,140882
8749,0.003297,172.31.36.0-255,66,71300,12,140882
8750,0.005309,74.125.24.0-255,5738,77038,12,140882
8751,0.007293,172.31.36.0-255,66,77104,12,140882
8752,0.009313,74.125.24.0-255,5738,82842,12,140882
8753,0.00932,172.31.36.0-255,66,82908,12,140882
8754,0.01138,74.125.24.0-255,5738,88646,12,140882
8755,0.011452,172.31.36.0-255,66,88712,12,140882
8756,0.013523,74.125.24.0-255,5738,94450,12,140882
8757,0.013532,172.31.36.0-255,66,94516,12,140882
8758,0.015584,74.125.24.0-255,5738,100254,12,140882
8759,0.015593,172.31.36.0-255,66,100320,12,140882
8760,0.017633,74.125.24.0-255,5738,106058,12,140882
8761,0.017641,172.31.36.0-255,66,106124,12,140882
8762,0.019717,74.125.24.0-255,5738,111862,12,140882
8763,0.019725,172.31.36.0-255,66,111928,12,140882
8764,0.021775,74.125.24.0-255,5738,117666,12,140882
8765,0.021782,172.31.36.0-255,66,117732,12,140882
8766,0.023835,74.125.24.0-255,5738,123470,12,140882
8767,0.023843,172.31.36.0-255,66,123536,12,140882
8768,0.02586,74.125.24.0-255,5738,129274,12,140882
8769,0.025868,172.31.36.0-255,66,129340,12,140882
8770,0.027918,74.125.24.0-255,5738,135078,12,140882
8771,0.027926,172.31.36.0-255,66,135144,12,140882
8772,0.029991,74.125.24.0-255,5738,140882,12,140882
8773,0.0,74.125.24.0-255,153,153,12,153153
8774,1.5e-05,172.31.36.0-255,66,219,12,153153
8775,2.3e-05,74.125.24.0-255,1484,1703,12,153153
8776,2.7e-05,172.31.36.0-255,66,1769,12,153153
8777,3.4e-05,74.125.24.0-255,2902,4671,12,153153
8778,3.7e-05,172.31.36.0-255,66,4737,12,153153
8779,5.3e-05,74.125.24.0-255,7156,11893,12,153153
8780,5.7e-05,172.31.36.0-255,66,11959,12,153153
8781,6.1e-05,74.125.24.0-255,2020,13979,12,153153
8782,6.4e-05,172.31.36.0-255,66,14045,12,153153
8783,0.000549,74.125.24.0-255,1484,15529,12,153153
8784,0.000555,172.31.36.0-255,66,15595,12,153153
8785,0.000563,74.125.24.0-255,2902,18497,12,153153
8786,0.000566,172.31.36.0-255,66,18563,12,153153
8787,0.000579,74.125.24.0-255,5738,24301,12,153153
8788,0.000581,172.31.36.0-255,66,24367,12,153153
8789,0.000618,74.125.24.0-255,6797,31164,12,153153
8790,0.000622,172.31.36.0-255,66,31230,12,153153
8791,0.000873,74.125.24.0-255,1484,32714,12,153153
8792,0.000879,172.31.36.0-255,66,32780,12,153153
8793,0.000886,74.125.24.0-255,2902,35682,12,153153
8794,0.000888,172.31.36.0-255,66,35748,12,153153
8795,0.000918,74.125.24.0-255,5738,41486,12,153153
8796,0.000922,172.31.36.0-255,66,41552,12,153153
8797,0.000925,74.125.24.0-255,1484,43036,12,153153
8798,0.000927,172.31.36.0-255,66,43102,12,153153
8799,0.000957,74.125.24.0-255,5379,48481,12,153153
8800,0.00096,172.31.36.0-255,66,48547,12,153153
8801,0.000968,74.125.24.0-255,7156,55703,12,153153
8802,0.000971,172.31.36.0-255,66,55769,12,153153
8803,0.000976,74.125.24.0-255,4320,60089,12,153153
8804,0.000978,172.31.36.0-255,66,60155,12,153153
8805,0.001011,74.125.24.0-255,5379,65534,12,153153
8806,0.001014,172.31.36.0-255,66,65600,12,153153
8807,0.00188,74.125.24.0-255,646,66246,12,153153
8808,0.002046,74.125.24.0-255,1484,67730,12,153153
8809,0.002051,172.31.36.0-255,66,67796,12,153153
8810,0.002057,74.125.24.0-255,2902,70698,12,153153
8811,0.002061,172.31.36.0-255,66,70764,12,153153
8812,0.002073,74.125.24.0-255,5738,76502,12,153153
8813,0.002076,172.31.36.0-255,66,76568,12,153153
8814,0.002079,74.125.24.0-255,1484,78052,12,153153
8815,0.002117,172.31.36.0-255,66,78118,12,153153
8816,0.002129,172.31.36.0-255,66,78184,12,153153
8817,0.002153,74.125.24.0-255,2184,80368,12,153153
8818,0.002155,172.31.36.0-255,66,80434,12,153153
8819,0.004385,74.125.24.0-255,2902,83336,12,153153
8820,0.004393,172.31.36.0-255,66,83402,12,153153
8821,0.004422,74.125.24.0-255,2902,86304,12,153153
8822,0.004426,172.31.36.0-255,66,86370,12,153153
8823,0.006687,74.125.24.0-255,5738,92108,12,153153
8824,0.006694,172.31.36.0-255,66,92174,12,153153
8825,0.009001,74.125.24.0-255,5738,97912,12,153153
8826,0.009009,172.31.36.0-255,66,97978,12,153153
8827,0.011277,74.125.24.0-255,5738,103716,12,153153
8828,0.011285,172.31.36.0-255,66,103782,12,153153
8829,0.013548,74.125.24.0-255,5738,109520,12,153153
8830,0.013557,172.31.36.0-255,66,109586,12,153153
8831,0.015823,74.125.24.0-255,5738,115324,12,153153
8832,0.015832,172.31.36.0-255,66,115390,12,153153
8833,0.018121,74.125.24.0-255,5738,121128,12,153153
8834,0.01813,172.31.36.0-255,66,121194,12,153153
8835,0.02039,74.125.24.0-255,5738,126932,12,153153
8836,0.020398,172.31.36.0-255,66,126998,12,153153
8837,0.022657,74.125.24.0-255,5738,132736,12,153153
8838,0.022663,172.31.36.0-255,66,132802,12,153153
8839,0.023855,172.31.36.0-255,172,132974,12,153153
8840,0.023895,172.31.36.0-255,1109,134083,12,153153
8841,0.024729,172.31.36.0-255,1514,135597,12,153153
8842,0.024731,172.31.36.0-255,1298,136895,12,153153
8843,0.024953,74.125.24.0-255,4320,141215,12,153153
8844,0.02496,172.31.36.0-255,66,141281,12,153153
8845,0.024986,74.125.24.0-255,1484,142765,12,153153
8846,0.025399,104.244.42.0-255,66,142831,12,153153
8847,0.025487,104.244.42.0-255,66,142897,12,153153
8848,0.02632,104.244.42.0-255,66,142963,12,153153
8849,0.027218,74.125.24.0-255,4320,147283,12,153153
8850,0.027224,172.31.36.0-255,66,147349,12,153153
8851,0.029485,74.125.24.0-255,5738,153087,12,153153
8852,0.029491,172.31.36.0-255,66,153153,12,153153
8853,0.0,172.217.194.0-255,153,153,12,165539
8854,2.4e-05,172.31.36.0-255,66,219,12,165539
8855,3.2e-05,172.217.194.0-255,1484,1703,12,165539
8856,3.7e-05,172.31.36.0-255,66,1769,12,165539
8857,4.2e-05,172.217.194.0-255,2902,4671,12,165539
8858,4.6e-05,172.31.36.0-255,66,4737,12,165539
8859,6.1e-05,172.217.194.0-255,7156,11893,12,165539
8860,6.4e-05,172.31.36.0-255,66,11959,12,165539
8861,7.1e-05,172.217.194.0-255,6320,18279,12,165539
8862,7.4e-05,172.31.36.0-255,66,18345,12,165539
8863,0.000102,172.217.194.0-255,2902,21247,12,165539
8864,0.000104,172.31.36.0-255,66,21313,12,165539
8865,0.000144,172.31.36.0-255,66,21379,12,165539
8866,0.000196,172.217.194.0-255,1484,22863,12,165539
8867,0.000199,172.31.36.0-255,66,22929,12,165539
8868,0.000204,172.217.194.0-255,2902,25831,12,165539
8869,0.000206,172.31.36.0-255,66,25897,12,165539
8870,0.00024,172.217.194.0-255,5738,31635,12,165539
8871,0.000243,172.31.36.0-255,66,31701,12,165539
8872,0.00025,172.217.194.0-255,5738,37439,12,165539
8873,0.000252,172.31.36.0-255,66,37505,12,165539
8874,0.000282,172.31.36.0-255,66,37571,12,165539
8875,0.000292,172.31.36.0-255,66,37637,12,165539
8876,0.000295,172.217.194.0-255,396,38033,12,165539
8877,0.000297,172.31.36.0-255,66,38099,12,165539
8878,0.000551,172.217.194.0-255,1484,39583,12,165539
8879,0.000557,172.31.36.0-255,66,39649,12,165539
8880,0.000563,172.217.194.0-255,2902,42551,12,165539
8881,0.000566,172.31.36.0-255,66,42617,12,165539
8882,0.000577,172.217.194.0-255,4320,46937,12,165539
8883,0.00058,172.31.36.0-255,66,47003,12,165539
8884,0.000615,172.217.194.0-255,1484,48487,12,165539
8885,0.000636,172.31.36.0-255,66,48553,12,165539
8886,0.000648,172.31.36.0-255,66,48619,12,165539
8887,0.0017,172.217.194.0-255,1484,50103,12,165539
8888,0.00171,172.217.194.0-255,2902,53005,12,165539
8889,0.001715,172.31.36.0-255,66,53071,12,165539
8890,0.001722,172.217.194.0-255,2902,55973,12,165539
8891,0.001724,172.31.36.0-255,66,56039,12,165539
8892,0.001762,172.217.194.0-255,2902,58941,12,165539
8893,0.001765,172.31.36.0-255,66,59007,12,165539
8894,0.001785,172.31.36.0-255,66,59073,12,165539
8895,0.001791,172.217.194.0-255,5738,64811,12,165539
8896,0.001793,172.31.36.0-255,66,64877,12,165539
8897,0.001826,172.217.194.0-255,5020,69897,12,165539
8898,0.001829,172.31.36.0-255,66,69963,12,165539
8899,0.002485,172.217.194.0-255,1484,71447,12,165539
8900,0.002494,172.217.194.0-255,2902,74349,12,165539
8901,0.002498,172.31.36.0-255,66,74415,12,165539
8902,0.002502,172.217.194.0-255,1484,75899,12,165539
8903,0.002531,172.217.194.0-255,4320,80219,12,165539
8904,0.002533,172.31.36.0-255,66,80285,12,165539
8905,0.002579,172.31.36.0-255,66,80351,12,165539
8906,0.002606,172.217.194.0-255,4320,84671,12,165539
8907,0.002608,172.31.36.0-255,66,84737,12,165539
8908,0.002617,172.217.194.0-255,7156,91893,12,165539
8909,0.00262,172.31.36.0-255,66,91959,12,165539
8910,0.00264,172.31.36.0-255,66,92025,12,165539
8911,0.002655,172.31.36.0-255,66,92091,12,165539
8912,0.002662,172.217.194.0-255,5020,97111,12,165539
8913,0.002664,172.31.36.0-255,66,97177,12,165539
8914,0.002672,172.217.194.0-255,5738,102915,12,165539
8915,0.002675,172.31.36.0-255,66,102981,12,165539
8916,0.002716,172.31.36.0-255,66,103047,12,165539
8917,0.002723,172.217.194.0-255,5738,108785,12,165539
8918,0.002725,172.31.36.0-255,66,108851,12,165539
8919,0.005373,172.217.194.0-255,4320,113171,12,165539
8920,0.005377,172.31.36.0-255,66,113237,12,165539
8921,0.005405,172.217.194.0-255,1484,114721,12,165539
8922,0.008033,172.217.194.0-255,4320,119041,12,165539
8923,0.00804,172.31.36.0-255,66,119107,12,165539
8924,0.010701,172.217.194.0-255,5738,124845,12,165539
8925,0.010709,172.31.36.0-255,66,124911,12,165539
8926,0.013353,172.217.194.0-255,5738,130649,12,165539
8927,0.013362,172.31.36.0-255,66,130715,12,165539
8928,0.016045,172.217.194.0-255,5738,136453,12,165539
8929,0.016054,172.31.36.0-255,66,136519,12,165539
8930,0.018716,172.217.194.0-255,5738,142257,12,165539
8931,0.018728,172.31.36.0-255,66,142323,12,165539
8932,0.021403,172.217.194.0-255,5738,148061,12,165539
8933,0.021412,172.31.36.0-255,66,148127,12,165539
8934,0.024093,172.217.194.0-255,5738,153865,12,165539
8935,0.024101,172.31.36.0-255,66,153931,12,165539
8936,0.026788,172.217.194.0-255,5738,159669,12,165539
8937,0.026796,172.31.36.0-255,66,159735,12,165539
8938,0.029474,172.217.194.0-255,5738,165473,12,165539
8939,0.029484,172.31.36.0-255,66,165539,12,165539
8940,0.0,172.31.36.0-255,251,251,12,317
8941,0.005534,172.217.194.0-255,66,317,12,317
8942,0.0,172.217.194.0-255,291,291,12,196593
8943,2.5e-05,172.31.36.0-255,66,357,12,196593
8944,3.1e-05,172.217.194.0-255,1484,1841,12,196593
8945,3.5e-05,172.31.36.0-255,66,1907,12,196593
8946,5.2e-05,172.217.194.0-255,2902,4809,12,196593
8947,5.5e-05,172.31.36.0-255,66,4875,12,196593
8948,7.3e-05,172.217.194.0-255,1484,6359,12,196593
8949,7.7e-05,172.217.194.0-255,2902,9261,12,196593
8950,7.7e-05,172.31.36.0-255,66,9327,12,196593
8951,8.2e-05,172.217.194.0-255,4320,13647,12,196593
8952,8.2e-05,172.31.36.0-255,66,13713,12,196593
8953,8.5e-05,172.31.36.0-255,66,13779,12,196593
8954,0.000108,172.217.194.0-255,4702,18481,12,196593
8955,0.000111,172.31.36.0-255,66,18547,12,196593
8956,0.000134,172.31.36.0-255,66,18613,12,196593
8957,0.000153,172.217.194.0-255,1125,19738,12,196593
8958,0.000155,172.31.36.0-255,66,19804,12,196593
8959,0.000182,172.217.194.0-255,1484,21288,12,196593
8960,0.000185,172.31.36.0-255,66,21354,12,196593
8961,0.000192,172.217.194.0-255,4320,25674,12,196593
8962,0.000194,172.31.36.0-255,66,25740,12,196593
8963,0.000199,172.217.194.0-255,1484,27224,12,196593
8964,0.000202,172.31.36.0-255,66,27290,12,196593
8965,0.00022,172.217.194.0-255,1484,28774,12,196593
8966,0.000223,172.31.36.0-255,66,28840,12,196593
8967,0.000234,172.31.36.0-255,66,28906,12,196593
8968,0.000276,172.31.36.0-255,66,28972,12,196593
8969,0.000299,172.217.194.0-255,7156,36128,12,196593
8970,0.000303,172.31.36.0-255,66,36194,12,196593
8971,0.000305,172.217.194.0-255,1077,37271,12,196593
8972,0.000641,172.217.194.0-255,100,37371,12,196593
8973,0.000775,172.217.194.0-255,1484,38855,12,196593
8974,0.000779,172.31.36.0-255,66,38921,12,196593
8975,0.000784,172.217.194.0-255,2902,41823,12,196593
8976,0.000792,172.31.36.0-255,66,41889,12,196593
8977,0.000802,172.217.194.0-255,5738,47627,12,196593
8978,0.000804,172.31.36.0-255,66,47693,12,196593
8979,0.000807,172.217.194.0-255,1484,49177,12,196593
8980,0.000828,172.217.194.0-255,2902,52079,12,196593
8981,0.000831,172.31.36.0-255,66,52145,12,196593
8982,0.000837,172.217.194.0-255,5738,57883,12,196593
8983,0.000839,172.31.36.0-255,66,57949,12,196593
8984,0.000879,172.31.36.0-255,66,58015,12,196593
8985,0.000883,172.217.194.0-255,2184,60199,12,196593
8986,0.000885,172.31.36.0-255,66,60265,12,196593
8987,0.000932,172.217.194.0-255,1484,61749,12,196593
8988,0.000937,172.217.194.0-255,2902,64651,12,196593
8989,0.00094,172.31.36.0-255,66,64717,12,196593
8990,0.000963,172.217.194.0-255,5738,70455,12,196593
8991,0.000966,172.31.36.0-255,66,70521,12,196593
8992,0.000971,172.217.194.0-255,4320,74841,12,196593
8993,0.000973,172.31.36.0-255,66,74907,12,196593
8994,0.000991,172.217.194.0-255,2902,77809,12,196593
8995,0.000993,172.31.36.0-255,66,77875,12,196593
8996,0.001027,172.31.36.0-255,66,77941,12,196593
8997,0.001033,172.217.194.0-255,5738,83679,12,196593
8998,0.001035,172.31.36.0-255,66,83745,12,196593
8999,0.001069,172.217.194.0-255,2184,85929,12,196593
9000,0.001072,172.31.36.0-255,66,85995,12,196593
9001,0.001091,172.217.194.0-255,2902,88897,12,196593
9002,0.001094,172.31.36.0-255,66,88963,12,196593
9003,0.00112,172.217.194.0-255,7156,96119,12,196593
9004,0.001123,172.31.36.0-255,66,96185,12,196593
9005,0.001134,172.31.36.0-255,66,96251,12,196593
9006,0.001159,172.217.194.0-255,2902,99153,12,196593
9007,0.001162,172.31.36.0-255,66,99219,12,196593
9008,0.001198,172.31.36.0-255,66,99285,12,196593
9009,0.001205,172.217.194.0-255,5738,105023,12,196593
9010,0.001207,172.31.36.0-255,66,105089,12,196593
9011,0.001226,172.217.194.0-255,5738,110827,12,196593
9012,0.001229,172.31.36.0-255,66,110893,12,196593
9013,0.001281,172.217.194.0-255,7156,118049,12,196593
9014,0.001285,172.31.36.0-255,66,118115,12,196593
9015,0.001321,172.217.194.0-255,1484,119599,12,196593
9016,0.001323,172.31.36.0-255,66,119665,12,196593
9017,0.001339,172.217.194.0-255,2902,122567,12,196593
9018,0.001342,172.217.194.0-255,1484,124051,12,196593
9019,0.001352,172.31.36.0-255,66,124117,12,196593
9020,0.00136,172.217.194.0-255,4320,128437,12,196593
9021,0.001365,172.217.194.0-255,2902,131339,12,196593
9022,0.001367,172.31.36.0-255,66,131405,12,196593
9023,0.001372,172.31.36.0-255,66,131471,12,196593
9024,0.001405,172.217.194.0-255,7156,138627,12,196593
9025,0.001406,172.31.36.0-255,66,138693,12,196593
9026,0.00141,172.31.36.0-255,66,138759,12,196593
9027,0.00142,172.217.194.0-255,2902,141661,12,196593
9028,0.001423,172.217.194.0-255,766,142427,12,196593
9029,0.001424,172.31.36.0-255,66,142493,12,196593
9030,0.001567,172.217.194.0-255,1484,143977,12,196593
9031,0.001571,172.31.36.0-255,66,144043,12,196593
9032,0.001576,172.217.194.0-255,2902,146945,12,196593
9033,0.001579,172.217.194.0-255,1484,148429,12,196593
9034,0.001593,172.217.194.0-255,4320,152749,12,196593
9035,0.001594,172.31.36.0-255,66,152815,12,196593
9036,0.001599,172.31.36.0-255,66,152881,12,196593
9037,0.001615,172.217.194.0-255,1484,154365,12,196593
9038,0.001646,172.31.36.0-255,66,154431,12,196593
9039,0.001652,172.217.194.0-255,5738,160169,12,196593
9040,0.001662,172.31.36.0-255,66,160235,12,196593
9041,0.001689,172.217.194.0-255,5738,165973,12,196593
9042,0.001697,172.31.36.0-255,66,166039,12,196593
9043,0.001734,172.31.36.0-255,66,166105,12,196593
9044,0.001741,172.217.194.0-255,5738,171843,12,196593
9045,0.001749,172.31.36.0-255,66,171909,12,196593
9046,0.001774,172.31.36.0-255,66,171975,12,196593
9047,0.001794,172.217.194.0-255,5738,177713,12,196593
9048,0.001798,172.31.36.0-255,66,177779,12,196593
9049,0.001822,172.31.36.0-255,66,177845,12,196593
9050,0.001823,172.217.194.0-255,4320,182165,12,196593
9051,0.001828,172.31.36.0-255,66,182231,12,196593
9052,0.001868,172.217.194.0-255,5020,187251,12,196593
9053,0.001873,172.31.36.0-255,66,187317,12,196593
9054,0.001896,172.217.194.0-255,5738,193055,12,196593
9055,0.001916,172.31.36.0-255,66,193121,12,196593
9056,0.001932,172.31.36.0-255,66,193187,12,196593
9057,0.001969,172.31.36.0-255,66,193253,12,196593
9058,0.001973,172.31.36.0-255,66,193319,12,196593
9059,0.002043,172.31.36.0-255,66,193385,12,196593
9060,0.002046,172.217.194.0-255,1484,194869,12,196593
9061,0.002048,172.31.36.0-255,66,194935,12,196593
9062,0.002085,172.31.36.0-255,66,195001,12,196593
9063,0.002096,172.217.194.0-255,105,195106,12,196593
9064,0.011118,172.31.36.0-255,66,195172,12,196593
9065,0.011165,172.31.36.0-255,105,195277,12,196593
9066,0.013403,172.217.194.0-255,66,195343,12,196593
9067,0.029557,172.31.36.0-255,172,195515,12,196593
9068,0.029585,172.31.36.0-255,1078,196593,12,196593
9069,0.0,74.125.130.0-255,298,298,12,251941
9070,2.3e-05,172.31.36.0-255,66,364,12,251941
9071,3e-05,74.125.130.0-255,1484,1848,12,251941
9072,3.4e-05,172.31.36.0-255,66,1914,12,251941
9073,4.2e-05,74.125.130.0-255,4320,6234,12,251941
9074,4.5e-05,172.31.36.0-255,66,6300,12,251941
9075,5.7e-05,172.31.36.0-255,66,6366,12,251941
9076,6.9e-05,172.31.36.0-255,66,6432,12,251941
9077,0.000107,74.125.130.0-255,5738,12170,12,251941
9078,0.00011,172.31.36.0-255,66,12236,12,251941
9079,0.000129,74.125.130.0-255,2543,14779,12,251941
9080,0.000133,172.31.36.0-255,66,14845,12,251941
9081,0.000256,74.125.130.0-255,1484,16329,12,251941
9082,0.000261,172.31.36.0-255,66,16395,12,251941
9083,0.000295,74.125.130.0-255,1484,17879,12,251941
9084,0.000298,172.31.36.0-255,66,17945,12,251941
9085,0.000315,74.125.130.0-255,1484,19429,12,251941
9086,0.000317,172.31.36.0-255,66,19495,12,251941
9087,0.000348,74.125.130.0-255,1484,20979,12,251941
9088,0.000351,172.31.36.0-255,66,21045,12,251941
9089,0.000371,74.125.130.0-255,2902,23947,12,251941
9090,0.000374,172.31.36.0-255,66,24013,12,251941
9091,0.000378,74.125.130.0-255,2902,26915,12,251941
9092,0.00038,172.31.36.0-255,66,26981,12,251941
9093,0.000384,74.125.130.0-255,1484,28465,12,251941
9094,0.000387,172.31.36.0-255,66,28531,12,251941
9095,0.000414,74.125.130.0-255,2902,31433,12,251941
9096,0.000417,172.31.36.0-255,66,31499,12,251941
9097,0.000421,74.125.130.0-255,2902,34401,12,251941
9098,0.000423,172.31.36.0-255,66,34467,12,251941
9099,0.000441,74.125.130.0-255,5738,40205,12,251941
9100,0.000444,172.31.36.0-255,66,40271,12,251941
9101,0.000447,74.125.130.0-255,1484,41755,12,251941
9102,0.000465,74.125.130.0-255,4320,46075,12,251941
9103,0.000468,172.31.36.0-255,66,46141,12,251941
9104,0.000487,74.125.130.0-255,1484,47625,12,251941
9105,0.000504,74.125.130.0-255,2184,49809,12,251941
9106,0.000507,172.31.36.0-255,66,49875,12,251941
9107,0.00051,74.125.130.0-255,377,50252,12,251941
9108,0.000512,74.125.130.0-255,99,50351,12,251941
9109,0.000587,74.125.130.0-255,1484,51835,12,251941
9110,0.000592,172.31.36.0-255,66,51901,12,251941
9111,0.000598,74.125.130.0-255,2902,54803,12,251941
9112,0.000601,172.31.36.0-255,66,54869,12,251941
9113,0.000606,74.125.130.0-255,2902,57771,12,251941
9114,0.000608,172.31.36.0-255,66,57837,12,251941
9115,0.000633,74.125.130.0-255,2902,60739,12,251941
9116,0.000636,172.31.36.0-255,66,60805,12,251941
9117,0.000662,74.125.130.0-255,7156,67961,12,251941
9118,0.000665,172.31.36.0-255,66,68027,12,251941
9119,0.000686,74.125.130.0-255,4320,72347,12,251941
9120,0.000688,172.31.36.0-255,66,72413,12,251941
9121,0.000703,74.125.130.0-255,1484,73897,12,251941
9122,0.000708,74.125.130.0-255,1484,75381,12,251941
9123,0.00071,172.31.36.0-255,66,75447,12,251941
9124,0.000725,74.125.130.0-255,2902,78349,12,251941
9125,0.000728,172.31.36.0-255,66,78415,12,251941
9126,0.000748,74.125.130.0-255,6736,85151,12,251941
9127,0.000751,172.31.36.0-255,66,85217,12,251941
9128,0.000873,74.125.130.0-255,1484,86701,12,251941
9129,0.000877,74.125.130.0-255,1484,88185,12,251941
9130,0.00088,172.31.36.0-255,66,88251,12,251941
9131,0.000899,74.125.130.0-255,1484,89735,12,251941
9132,0.000904,74.125.130.0-255,2902,92637,12,251941
9133,0.000906,172.31.36.0-255,66,92703,12,251941
9134,0.000912,74.125.130.0-255,4320,97023,12,251941
9135,0.000914,172.31.36.0-255,66,97089,12,251941
9136,0.000917,74.125.130.0-255,1484,98573,12,251941
9137,0.000962,74.125.130.0-255,2902,101475,12,251941
9138,0.000965,172.31.36.0-255,66,101541,12,251941
9139,0.000987,74.125.130.0-255,4320,105861,12,251941
9140,0.00099,172.31.36.0-255,66,105927,12,251941
9141,0.000993,74.125.130.0-255,1484,107411,12,251941
9142,0.000997,74.125.130.0-255,2902,110313,12,251941
9143,0.001,172.31.36.0-255,66,110379,12,251941
9144,0.001006,74.125.130.0-255,5738,116117,12,251941
9145,0.001008,172.31.36.0-255,66,116183,12,251941
9146,0.001013,74.125.130.0-255,3602,119785,12,251941
9147,0.001016,172.31.36.0-255,66,119851,12,251941
9148,0.001147,74.125.130.0-255,1484,121335,12,251941
9149,0.001151,74.125.130.0-255,1484,122819,12,251941
9150,0.001155,172.31.36.0-255,66,122885,12,251941
9151,0.001175,74.125.130.0-255,1484,124369,12,251941
9152,0.001182,74.125.130.0-255,5738,130107,12,251941
9153,0.001185,172.31.36.0-255,66,130173,12,251941
9154,0.001202,74.125.130.0-255,4320,134493,12,251941
9155,0.001205,172.31.36.0-255,66,134559,12,251941
9156,0.001231,74.125.130.0-255,2902,137461,12,251941
9157,0.001234,172.31.36.0-255,66,137527,12,251941
9158,0.001245,172.31.36.0-255,66,137593,12,251941
9159,0.001266,74.125.130.0-255,4320,141913,12,251941
9160,0.001269,172.31.36.0-255,66,141979,12,251941
9161,0.001292,74.125.130.0-255,3602,145581,12,251941
9162,0.001295,172.31.36.0-255,66,145647,12,251941
9163,0.001598,74.125.130.0-255,1484,147131,12,251941
9164,0.001615,74.125.130.0-255,2902,150033,12,251941
9165,0.001618,172.31.36.0-255,66,150099,12,251941
9166,0.001625,74.125.130.0-255,5738,155837,12,251941
9167,0.001627,172.31.36.0-255,66,155903,12,251941
9168,0.001651,74.125.130.0-255,5738,161641,12,251941
9169,0.001655,172.31.36.0-255,66,161707,12,251941
9170,0.001668,74.125.130.0-255,5738,167445,12,251941
9171,0.00167,172.31.36.0-255,66,167511,12,251941
9172,0.001682,172.31.36.0-255,66,167577,12,251941
9173,0.001703,74.125.130.0-255,2184,169761,12,251941
9174,0.001705,172.31.36.0-255,66,169827,12,251941
9175,0.001973,74.125.130.0-255,1484,171311,12,251941
9176,0.00361,74.125.130.0-255,1484,172795,12,251941
9177,0.003617,172.31.36.0-255,66,172861,12,251941
9178,0.003659,74.125.130.0-255,2902,175763,12,251941
9179,0.003663,172.31.36.0-255,66,175829,12,251941
9180,0.005545,74.125.130.0-255,2902,178731,12,251941
9181,0.005552,172.31.36.0-255,66,178797,12,251941
9182,0.005579,74.125.130.0-255,2902,181699,12,251941
9183,0.005582,172.31.36.0-255,66,181765,12,251941
9184,0.007481,74.125.130.0-255,2902,184667,12,251941
9185,0.007488,172.31.36.0-255,66,184733,12,251941
9186,0.007509,74.125.130.0-255,2902,187635,12,251941
9187,0.007511,172.31.36.0-255,66,187701,12,251941
9188,0.009424,74.125.130.0-255,2902,190603,12,251941
9189,0.009429,172.31.36.0-255,66,190669,12,251941
9190,0.009448,74.125.130.0-255,2902,193571,12,251941
9191,0.009451,172.31.36.0-255,66,193637,12,251941
9192,0.011374,74.125.130.0-255,2902,196539,12,251941
9193,0.011381,172.31.36.0-255,66,196605,12,251941
9194,0.011389,74.125.130.0-255,2902,199507,12,251941
9195,0.011392,172.31.36.0-255,66,199573,12,251941
9196,0.013312,74.125.130.0-255,5738,205311,12,251941
9197,0.013321,172.31.36.0-255,66,205377,12,251941
9198,0.015287,74.125.130.0-255,5738,211115,12,251941
9199,0.015295,172.31.36.0-255,66,211181,12,251941
9200,0.017243,74.125.130.0-255,5738,216919,12,251941
9201,0.017251,172.31.36.0-255,66,216985,12,251941
9202,0.019197,74.125.130.0-255,5738,222723,12,251941
9203,0.019204,172.31.36.0-255,66,222789,12,251941
9204,0.021147,74.125.130.0-255,5738,228527,12,251941
9205,0.021157,172.31.36.0-255,66,228593,12,251941
9206,0.023113,74.125.130.0-255,5738,234331,12,251941
9207,0.023121,172.31.36.0-255,66,234397,12,251941
9208,0.025066,74.125.130.0-255,2902,237299,12,251941
9209,0.025073,172.31.36.0-255,66,237365,12,251941
9210,0.025095,74.125.130.0-255,2902,240267,12,251941
9211,0.025097,172.31.36.0-255,66,240333,12,251941
9212,0.027021,74.125.130.0-255,5738,246071,12,251941
9213,0.027027,172.31.36.0-255,66,246137,12,251941
9214,0.028977,74.125.130.0-255,5738,251875,12,251941
9215,0.028983,172.31.36.0-255,66,251941,12,251941
9216,0.0,74.125.24.0-255,146,146,12,285880
9217,1.4e-05,172.31.36.0-255,66,212,12,285880
9218,1.9e-05,74.125.24.0-255,1484,1696,12,285880
9219,2.3e-05,172.31.36.0-255,66,1762,12,285880
9220,3e-05,74.125.24.0-255,2902,4664,12,285880
9221,3.3e-05,172.31.36.0-255,66,4730,12,285880
9222,3.8e-05,74.125.24.0-255,2902,7632,12,285880
9223,4.1e-05,172.31.36.0-255,66,7698,12,285880
9224,7.1e-05,74.125.24.0-255,4320,12018,12,285880
9225,7.4e-05,172.31.36.0-255,66,12084,12,285880
9226,7.9e-05,74.125.24.0-255,1976,14060,12,285880
9227,8.2e-05,172.31.36.0-255,66,14126,12,285880
9228,0.000403,74.125.24.0-255,1484,15610,12,285880
9229,0.00041,74.125.24.0-255,2902,18512,12,285880
9230,0.000421,172.31.36.0-255,66,18578,12,285880
9231,0.000426,172.31.36.0-255,66,18644,12,285880
9232,0.000432,74.125.24.0-255,4320,22964,12,285880
9233,0.000435,172.31.36.0-255,66,23030,12,285880
9234,0.000492,74.125.24.0-255,4320,27350,12,285880
9235,0.000496,172.31.36.0-255,66,27416,12,285880
9236,0.000515,74.125.24.0-255,3961,31377,12,285880
9237,0.000519,172.31.36.0-255,66,31443,12,285880
9238,0.000645,74.125.24.0-255,1484,32927,12,285880
9239,0.000649,172.31.36.0-255,66,32993,12,285880
9240,0.000654,74.125.24.0-255,2902,35895,12,285880
9241,0.000656,172.31.36.0-255,66,35961,12,285880
9242,0.00068,74.125.24.0-255,5738,41699,12,285880
9243,0.000683,172.31.36.0-255,66,41765,12,285880
9244,0.000687,74.125.24.0-255,2902,44667,12,285880
9245,0.00069,172.31.36.0-255,66,44733,12,285880
9246,0.000713,74.125.24.0-255,2902,47635,12,285880
9247,0.000716,172.31.36.0-255,66,47701,12,285880
9248,0.000746,172.31.36.0-255,66,47767,12,285880
9249,0.000759,172.31.36.0-255,66,47833,12,285880
9250,0.000942,74.125.24.0-255,409,48242,12,285880
9251,0.001062,172.31.36.0-255,66,48308,12,285880
9252,0.001395,74.125.24.0-255,334,48642,12,285880
9253,0.001664,74.125.24.0-255,1484,50126,12,285880
9254,0.001672,172.31.36.0-255,66,50192,12,285880
9255,0.001679,74.125.24.0-255,2902,53094,12,285880
9256,0.001682,172.31.36.0-255,66,53160,12,285880
9257,0.001689,74.125.24.0-255,5738,58898,12,285880
9258,0.001691,172.31.36.0-255,66,58964,12,285880
9259,0.001723,74.125.24.0-255,7156,66120,12,285880
9260,0.001726,172.31.36.0-255,66,66186,12,285880
9261,0.00173,74.125.24.0-255,1484,67670,12,285880
9262,0.001747,74.125.24.0-255,5738,73408,12,285880
9263,0.00175,172.31.36.0-255,66,73474,12,285880
9264,0.001776,74.125.24.0-255,7156,80630,12,285880
9265,0.001778,172.31.36.0-255,66,80696,12,285880
9266,0.001783,74.125.24.0-255,2184,82880,12,285880
9267,0.001785,172.31.36.0-255,66,82946,12,285880
9268,0.002205,74.125.24.0-255,1484,84430,12,285880
9269,0.002225,74.125.24.0-255,1484,85914,12,285880
9270,0.002229,172.31.36.0-255,66,85980,12,285880
9271,0.002245,74.125.24.0-255,1484,87464,12,285880
9272,0.002252,74.125.24.0-255,5738,93202,12,285880
9273,0.002255,172.31.36.0-255,66,93268,12,285880
9274,0.002266,74.125.24.0-255,1484,94752,12,285880
9275,0.002291,172.31.36.0-255,66,94818,12,285880
9276,0.002297,74.125.24.0-255,5738,100556,12,285880
9277,0.002299,172.31.36.0-255,66,100622,12,285880
9278,0.002318,74.125.24.0-255,5020,105642,12,285880
9279,0.002321,172.31.36.0-255,66,105708,12,285880
9280,0.002931,74.125.24.0-255,1484,107192,12,285880
9281,0.002937,74.125.24.0-255,2902,110094,12,285880
9282,0.00294,172.31.36.0-255,66,110160,12,285880
9283,0.002946,74.125.24.0-255,5738,115898,12,285880
9284,0.002949,172.31.36.0-255,66,115964,12,285880
9285,0.002973,74.125.24.0-255,1484,117448,12,285880
9286,0.002988,74.125.24.0-255,5738,123186,12,285880
9287,0.002991,172.31.36.0-255,66,123252,12,285880
9288,0.003014,74.125.24.0-255,5738,128990,12,285880
9289,0.003017,172.31.36.0-255,66,129056,12,285880
9290,0.003024,74.125.24.0-255,5738,134794,12,285880
9291,0.003026,172.31.36.0-255,66,134860,12,285880
9292,0.003048,74.125.24.0-255,5020,139880,12,285880
9293,0.00305,172.31.36.0-255,66,139946,12,285880
9294,0.003984,74.125.24.0-255,1484,141430,12,285880
9295,0.00399,74.125.24.0-255,2902,144332,12,285880
9296,0.003994,172.31.36.0-255,66,144398,12,285880
9297,0.003997,74.125.24.0-255,1484,145882,12,285880
9298,0.004016,74.125.24.0-255,4320,150202,12,285880
9299,0.004018,172.31.36.0-255,66,150268,12,285880
9300,0.004054,172.31.36.0-255,66,150334,12,285880
9301,0.004071,74.125.24.0-255,1484,151818,12,285880
9302,0.004078,74.125.24.0-255,5738,157556,12,285880
9303,0.004081,172.31.36.0-255,66,157622,12,285880
9304,0.004132,74.125.24.0-255,5020,162642,12,285880
9305,0.004135,172.31.36.0-255,66,162708,12,285880
9306,0.004212,74.125.24.0-255,1484,164192,12,285880
9307,0.004228,74.125.24.0-255,2902,167094,12,285880
9308,0.00423,172.31.36.0-255,66,167160,12,285880
9309,0.004237,74.125.24.0-255,5738,172898,12,285880
9310,0.004239,172.31.36.0-255,66,172964,12,285880
9311,0.004263,74.125.24.0-255,2902,175866,12,285880
9312,0.004266,172.31.36.0-255,66,175932,12,285880
9313,0.004287,74.125.24.0-255,4320,180252,12,285880
9314,0.004289,172.31.36.0-255,66,180318,12,285880
9315,0.004304,172.31.36.0-255,66,180384,12,285880
9316,0.004309,74.125.24.0-255,3602,183986,12,285880
9317,0.004311,172.31.36.0-255,66,184052,12,285880
9318,0.004358,74.125.24.0-255,5738,189790,12,285880
9319,0.004361,172.31.36.0-255,66,189856,12,285880
9320,0.004398,172.31.36.0-255,66,189922,12,285880
9321,0.004401,74.125.24.0-255,1484,191406,12,285880
9322,0.004407,74.125.24.0-255,4320,195726,12,285880
9323,0.004409,172.31.36.0-255,66,195792,12,285880
9324,0.004435,172.31.36.0-255,66,195858,12,285880
9325,0.004482,74.125.24.0-255,1484,197342,12,285880
9326,0.004501,74.125.24.0-255,2902,200244,12,285880
9327,0.004503,172.31.36.0-255,66,200310,12,285880
9328,0.00451,74.125.24.0-255,5738,206048,12,285880
9329,0.004513,172.31.36.0-255,66,206114,12,285880
9330,0.004577,74.125.24.0-255,2902,209016,12,285880
9331,0.00458,172.31.36.0-255,66,209082,12,285880
9332,0.004596,74.125.24.0-255,5738,214820,12,285880
9333,0.004599,172.31.36.0-255,66,214886,12,285880
9334,0.004603,74.125.24.0-255,2902,217788,12,285880
9335,0.004605,172.31.36.0-255,66,217854,12,285880
9336,0.004633,74.125.24.0-255,7156,225010,12,285880
9337,0.004637,172.31.36.0-255,66,225076,12,285880
9338,0.004641,74.125.24.0-255,2902,227978,12,285880
9339,0.004643,172.31.36.0-255,66,228044,12,285880
9340,0.00468,172.31.36.0-255,66,228110,12,285880
9341,0.004687,74.125.24.0-255,7156,235266,12,285880
9342,0.004689,172.31.36.0-255,66,235332,12,285880
9343,0.004692,74.125.24.0-255,1484,236816,12,285880
9344,0.004712,74.125.24.0-255,7156,243972,12,285880
9345,0.004715,172.31.36.0-255,66,244038,12,285880
9346,0.004747,172.31.36.0-255,66,244104,12,285880
9347,0.00475,74.125.24.0-255,766,244870,12,285880
9348,0.004783,172.31.36.0-255,66,244936,12,285880
9349,0.004811,172.31.36.0-255,66,245002,12,285880
9350,0.004825,172.31.36.0-255,66,245068,12,285880
9351,0.004846,74.125.24.0-255,2184,247252,12,285880
9352,0.004848,172.31.36.0-255,66,247318,12,285880
9353,0.00488,74.125.24.0-255,1484,248802,12,285880
9354,0.004915,74.125.24.0-255,2902,251704,12,285880
9355,0.004918,172.31.36.0-255,66,251770,12,285880
9356,0.004925,74.125.24.0-255,5738,257508,12,285880
9357,0.004927,172.31.36.0-255,66,257574,12,285880
9358,0.004931,74.125.24.0-255,2902,260476,12,285880
9359,0.004933,172.31.36.0-255,66,260542,12,285880
9360,0.00494,74.125.24.0-255,5738,266280,12,285880
9361,0.004943,172.31.36.0-255,66,266346,12,285880
9362,0.004946,74.125.24.0-255,1484,267830,12,285880
9363,0.005002,74.125.24.0-255,7156,274986,12,285880
9364,0.005005,172.31.36.0-255,66,275052,12,285880
9365,0.005009,74.125.24.0-255,2902,277954,12,285880
9366,0.005011,172.31.36.0-255,66,278020,12,285880
9367,0.005014,74.125.24.0-255,1484,279504,12,285880
9368,0.005036,74.125.24.0-255,2184,281688,12,285880
9369,0.005039,172.31.36.0-255,66,281754,12,285880
9370,0.005054,74.125.24.0-255,3621,285375,12,285880
9371,0.005057,172.31.36.0-255,66,285441,12,285880
9372,0.00506,74.125.24.0-255,97,285538,12,285880
9373,0.005147,74.125.24.0-255,105,285643,12,285880
9374,0.007808,172.31.36.0-255,66,285709,12,285880
9375,0.007843,172.31.36.0-255,105,285814,12,285880
9376,0.010417,74.125.24.0-255,66,285880,12,285880
9377,0.0,74.125.130.0-255,298,298,12,262813
9378,2.6e-05,172.31.36.0-255,66,364,12,262813
9379,3.3e-05,74.125.130.0-255,1484,1848,12,262813
9380,3.8e-05,172.31.36.0-255,66,1914,12,262813
9381,4.5e-05,74.125.130.0-255,4320,6234,12,262813
9382,4.9e-05,172.31.36.0-255,66,6300,12,262813
9383,6.2e-05,172.31.36.0-255,66,6366,12,262813
9384,6.8e-05,74.125.130.0-255,5738,12104,12,262813
9385,7.1e-05,172.31.36.0-255,66,12170,12,262813
9386,7.8e-05,74.125.130.0-255,7156,19326,12,262813
9387,8.1e-05,172.31.36.0-255,66,19392,12,262813
9388,0.000119,74.125.130.0-255,2543,21935,12,262813
9389,0.000122,172.31.36.0-255,66,22001,12,262813
9390,0.00026,74.125.130.0-255,1484,23485,12,262813
9391,0.000265,172.31.36.0-255,66,23551,12,262813
9392,0.000271,74.125.130.0-255,2902,26453,12,262813
9393,0.000273,172.31.36.0-255,66,26519,12,262813
9394,0.000279,74.125.130.0-255,4320,30839,12,262813
9395,0.000282,172.31.36.0-255,66,30905,12,262813
9396,0.000304,74.125.130.0-255,1484,32389,12,262813
9397,0.000306,172.31.36.0-255,66,32455,12,262813
9398,0.000314,74.125.130.0-255,6797,39252,12,262813
9399,0.000316,172.31.36.0-255,66,39318,12,262813
9400,0.000324,74.125.130.0-255,7156,46474,12,262813
9401,0.000326,172.31.36.0-255,66,46540,12,262813
9402,0.000358,74.125.130.0-255,2902,49442,12,262813
9403,0.000361,172.31.36.0-255,66,49508,12,262813
9404,0.000389,74.125.130.0-255,7086,56594,12,262813
9405,0.000392,172.31.36.0-255,66,56660,12,262813
9406,0.000395,74.125.130.0-255,100,56760,12,262813
9407,0.000397,172.31.36.0-255,66,56826,12,262813
9408,0.000576,74.125.130.0-255,1484,58310,12,262813
9409,0.000584,74.125.130.0-255,2902,61212,12,262813
9410,0.000587,172.31.36.0-255,66,61278,12,262813
9411,0.000594,74.125.130.0-255,2902,64180,12,262813
9412,0.000595,172.31.36.0-255,66,64246,12,262813
9413,0.000612,74.125.130.0-255,2902,67148,12,262813
9414,0.000614,172.31.36.0-255,66,67214,12,262813
9415,0.000621,74.125.130.0-255,5738,72952,12,262813
9416,0.000623,172.31.36.0-255,66,73018,12,262813
9417,0.000635,74.125.130.0-255,1484,74502,12,262813
9418,0.00065,74.125.130.0-255,5738,80240,12,262813
9419,0.000653,172.31.36.0-255,66,80306,12,262813
9420,0.000679,74.125.130.0-255,6797,87103,12,262813
9421,0.000682,172.31.36.0-255,66,87169,12,262813
9422,0.000687,74.125.130.0-255,3961,91130,12,262813
9423,0.00069,172.31.36.0-255,66,91196,12,262813
9424,0.001091,74.125.130.0-255,1484,92680,12,262813
9425,0.001098,74.125.130.0-255,2902,95582,12,262813
9426,0.001101,172.31.36.0-255,66,95648,12,262813
9427,0.001108,74.125.130.0-255,4320,99968,12,262813
9428,0.00111,172.31.36.0-255,66,100034,12,262813
9429,0.001129,74.125.130.0-255,1484,101518,12,262813
9430,0.001135,74.125.130.0-255,4320,105838,12,262813
9431,0.001137,74.125.130.0-255,1484,107322,12,262813
9432,0.001142,172.31.36.0-255,66,107388,12,262813
9433,0.001175,172.31.36.0-255,66,107454,12,262813
9434,0.001185,172.31.36.0-255,66,107520,12,262813
9435,0.001236,74.125.130.0-255,1484,109004,12,262813
9436,0.00125,74.125.130.0-255,2902,111906,12,262813
9437,0.001252,172.31.36.0-255,66,111972,12,262813
9438,0.001275,74.125.130.0-255,5738,117710,12,262813
9439,0.001279,172.31.36.0-255,66,117776,12,262813
9440,0.001287,74.125.130.0-255,7156,124932,12,262813
9441,0.001289,172.31.36.0-255,66,124998,12,262813
9442,0.001322,172.31.36.0-255,66,125064,12,262813
9443,0.001348,74.125.130.0-255,4320,129384,12,262813
9444,0.00135,172.31.36.0-255,66,129450,12,262813
9445,0.001354,74.125.130.0-255,2184,131634,12,262813
9446,0.001357,172.31.36.0-255,66,131700,12,262813
9447,0.001414,74.125.130.0-255,1484,133184,12,262813
9448,0.001428,74.125.130.0-255,2902,136086,12,262813
9449,0.001431,172.31.36.0-255,66,136152,12,262813
9450,0.001437,74.125.130.0-255,4320,140472,12,262813
9451,0.00144,172.31.36.0-255,66,140538,12,262813
9452,0.001443,74.125.130.0-255,1484,142022,12,262813
9453,0.001474,74.125.130.0-255,7156,149178,12,262813
9454,0.001477,172.31.36.0-255,66,149244,12,262813
9455,0.00148,74.125.130.0-255,1484,150728,12,262813
9456,0.001519,172.31.36.0-255,66,150794,12,262813
9457,0.001596,74.125.130.0-255,1484,152278,12,262813
9458,0.001602,74.125.130.0-255,2902,155180,12,262813
9459,0.001604,172.31.36.0-255,66,155246,12,262813
9460,0.001611,74.125.130.0-255,4320,159566,12,262813
9461,0.001613,172.31.36.0-255,66,159632,12,262813
9462,0.001636,74.125.130.0-255,1484,161116,12,262813
9463,0.001643,74.125.130.0-255,5738,166854,12,262813
9464,0.001645,172.31.36.0-255,66,166920,12,262813
9465,0.001653,74.125.130.0-255,7156,174076,12,262813
9466,0.001656,172.31.36.0-255,66,174142,12,262813
9467,0.001697,172.31.36.0-255,66,174208,12,262813
9468,0.001709,172.31.36.0-255,66,174274,12,262813
9469,0.001743,74.125.130.0-255,1484,175758,12,262813
9470,0.001787,172.31.36.0-255,66,175824,12,262813
9471,0.001802,172.31.36.0-255,66,175890,12,262813
9472,0.00181,74.125.130.0-255,7156,183046,12,262813
9473,0.001813,172.31.36.0-255,66,183112,12,262813
9474,0.001839,172.31.36.0-255,66,183178,12,262813
9475,0.001874,172.31.36.0-255,66,183244,12,262813
9476,0.001879,74.125.130.0-255,3602,186846,12,262813
9477,0.001882,172.31.36.0-255,66,186912,12,262813
9478,0.002084,74.125.130.0-255,1484,188396,12,262813
9479,0.002089,74.125.130.0-255,1484,189880,12,262813
9480,0.002092,172.31.36.0-255,66,189946,12,262813
9481,0.002116,74.125.130.0-255,1484,191430,12,262813
9482,0.002122,74.125.130.0-255,4320,195750,12,262813
9483,0.002125,172.31.36.0-255,66,195816,12,262813
9484,0.002136,172.31.36.0-255,66,195882,12,262813
9485,0.002202,172.31.36.0-255,66,195948,12,262813
9486,0.002205,74.125.130.0-255,1484,197432,12,262813
9487,0.002208,74.125.130.0-255,1484,198916,12,262813
9488,0.00221,172.31.36.0-255,66,198982,12,262813
9489,0.00224,74.125.130.0-255,1484,200466,12,262813
9490,0.002247,74.125.130.0-255,5738,206204,12,262813
9491,0.002249,172.31.36.0-255,66,206270,12,262813
9492,0.002254,74.125.130.0-255,4320,210590,12,262813
9493,0.002257,172.31.36.0-255,66,210656,12,262813
9494,0.002282,172.31.36.0-255,66,210722,12,262813
9495,0.002288,74.125.130.0-255,4320,215042,12,262813
9496,0.00229,172.31.36.0-255,66,215108,12,262813
9497,0.002323,74.125.130.0-255,5738,220846,12,262813
9498,0.002327,172.31.36.0-255,66,220912,12,262813
9499,0.004566,74.125.130.0-255,5738,226650,12,262813
9500,0.004573,172.31.36.0-255,66,226716,12,262813
9501,0.006814,74.125.130.0-255,5738,232454,12,262813
9502,0.00682,172.31.36.0-255,66,232520,12,262813
9503,0.009055,74.125.130.0-255,5738,238258,12,262813
9504,0.009062,172.31.36.0-255,66,238324,12,262813
9505,0.011317,74.125.130.0-255,5738,244062,12,262813
9506,0.011325,172.31.36.0-255,66,244128,12,262813
9507,0.013612,74.125.130.0-255,5738,249866,12,262813
9508,0.013622,172.31.36.0-255,66,249932,12,262813
9509,0.015881,74.125.130.0-255,5738,255670,12,262813
9510,0.015895,172.31.36.0-255,66,255736,12,262813
9511,0.018199,74.125.130.0-255,5738,261474,12,262813
9512,0.018216,172.31.36.0-255,66,261540,12,262813
9513,0.020512,74.125.130.0-255,1036,262576,12,262813
9514,0.020682,172.31.36.0-255,66,262642,12,262813
9515,0.020723,172.31.36.0-255,105,262747,12,262813
9516,0.022928,74.125.130.0-255,66,262813,12,262813
9517,0.0,172.217.194.0-255,152,152,12,196470
9518,2.6e-05,172.31.36.0-255,66,218,12,196470
9519,3.4e-05,172.217.194.0-255,1484,1702,12,196470
9520,3.8e-05,172.31.36.0-255,66,1768,12,196470
9521,5.2e-05,172.217.194.0-255,2902,4670,12,196470
9522,5.6e-05,172.31.36.0-255,66,4736,12,196470
9523,9.8e-05,172.217.194.0-255,7156,11892,12,196470
9524,0.000101,172.31.36.0-255,66,11958,12,196470
9525,0.000106,172.217.194.0-255,2002,13960,12,196470
9526,0.000109,172.31.36.0-255,66,14026,12,196470
9527,0.000165,172.217.194.0-255,2902,16928,12,196470
9528,0.000169,172.31.36.0-255,66,16994,12,196470
9529,0.000175,172.217.194.0-255,4320,21314,12,196470
9530,0.000178,172.31.36.0-255,66,21380,12,196470
9531,0.000212,172.31.36.0-255,66,21446,12,196470
9532,0.000219,172.217.194.0-255,3961,25407,12,196470
9533,0.000221,172.31.36.0-255,66,25473,12,196470
9534,0.000227,172.217.194.0-255,4320,29793,12,196470
9535,0.00023,172.31.36.0-255,66,29859,12,196470
9536,0.000263,172.31.36.0-255,66,29925,12,196470
9537,0.000487,172.217.194.0-255,1484,31409,12,196470
9538,0.000493,172.31.36.0-255,66,31475,12,196470
9539,0.0005,172.217.194.0-255,2902,34377,12,196470
9540,0.000503,172.31.36.0-255,66,34443,12,196470
9541,0.000515,172.217.194.0-255,4320,38763,12,196470
9542,0.000518,172.31.36.0-255,66,38829,12,196470
9543,0.000541,172.217.194.0-255,1484,40313,12,196470
9544,0.000543,172.31.36.0-255,66,40379,12,196470
9545,0.000555,172.31.36.0-255,66,40445,12,196470
9546,0.00061,172.31.36.0-255,66,40511,12,196470
9547,0.000644,172.217.194.0-255,5738,46249,12,196470
9548,0.000649,172.31.36.0-255,66,46315,12,196470
9549,0.000665,172.31.36.0-255,66,46381,12,196470
9550,0.000668,172.217.194.0-255,766,47147,12,196470
9551,0.000799,172.217.194.0-255,1484,48631,12,196470
9552,0.000804,172.31.36.0-255,66,48697,12,196470
9553,0.00081,172.217.194.0-255,2902,51599,12,196470
9554,0.000813,172.31.36.0-255,66,51665,12,196470
9555,0.000823,172.217.194.0-255,4320,55985,12,196470
9556,0.000825,172.31.36.0-255,66,56051,12,196470
9557,0.000848,172.217.194.0-255,1484,57535,12,196470
9558,0.000855,172.217.194.0-255,5738,63273,12,196470
9559,0.000858,172.31.36.0-255,66,63339,12,196470
9560,0.00089,172.217.194.0-255,1484,64823,12,196470
9561,0.000901,172.31.36.0-255,66,64889,12,196470
9562,0.000911,172.31.36.0-255,66,64955,12,196470
9563,0.000955,172.217.194.0-255,5738,70693,12,196470
9564,0.000957,172.31.36.0-255,66,70759,12,196470
9565,0.000964,172.217.194.0-255,7156,77915,12,196470
9566,0.000967,172.31.36.0-255,66,77981,12,196470
9567,0.000972,172.217.194.0-255,2902,80883,12,196470
9568,0.000974,172.31.36.0-255,66,80949,12,196470
9569,0.001003,172.31.36.0-255,66,81015,12,196470
9570,0.001025,172.217.194.0-255,1484,82499,12,196470
9571,0.00103,172.217.194.0-255,2902,85401,12,196470
9572,0.001032,172.31.36.0-255,66,85467,12,196470
9573,0.001035,172.217.194.0-255,1484,86951,12,196470
9574,0.001056,172.217.194.0-255,2184,89135,12,196470
9575,0.001058,172.31.36.0-255,66,89201,12,196470
9576,0.001222,172.217.194.0-255,1484,90685,12,196470
9577,0.001228,172.217.194.0-255,2902,93587,12,196470
9578,0.001232,172.31.36.0-255,66,93653,12,196470
9579,0.001237,172.217.194.0-255,2902,96555,12,196470
9580,0.001239,172.31.36.0-255,66,96621,12,196470
9581,0.001244,172.217.194.0-255,2902,99523,12,196470
9582,0.001251,172.31.36.0-255,66,99589,12,196470
9583,0.001276,172.217.194.0-255,1484,101073,12,196470
9584,0.001287,172.31.36.0-255,66,101139,12,196470
9585,0.001325,172.31.36.0-255,66,101205,12,196470
9586,0.001353,172.217.194.0-255,3602,104807,12,196470
9587,0.001356,172.31.36.0-255,66,104873,12,196470
9588,0.001383,172.217.194.0-255,4320,109193,12,196470
9589,0.001385,172.31.36.0-255,66,109259,12,196470
9590,0.00139,172.217.194.0-255,2902,112161,12,196470
9591,0.001393,172.31.36.0-255,66,112227,12,196470
9592,0.001418,172.217.194.0-255,4320,116547,12,196470
9593,0.001421,172.31.36.0-255,66,116613,12,196470
9594,0.001425,172.217.194.0-255,2902,119515,12,196470
9595,0.001428,172.31.36.0-255,66,119581,12,196470
9596,0.001471,172.31.36.0-255,66,119647,12,196470
9597,0.001483,172.31.36.0-255,66,119713,12,196470
9598,0.002236,172.217.194.0-255,1484,121197,12,196470
9599,0.002244,172.217.194.0-255,2902,124099,12,196470
9600,0.002248,172.31.36.0-255,66,124165,12,196470
9601,0.002254,172.217.194.0-255,2902,127067,12,196470
9602,0.002256,172.31.36.0-255,66,127133,12,196470
9603,0.002287,172.217.194.0-255,2902,130035,12,196470
9604,0.002289,172.31.36.0-255,66,130101,12,196470
9605,0.002307,172.31.36.0-255,66,130167,12,196470
9606,0.002344,172.217.194.0-255,2902,133069,12,196470
9607,0.002347,172.31.36.0-255,66,133135,12,196470
9608,0.00236,172.31.36.0-255,66,133201,12,196470
9609,0.002624,172.217.194.0-255,1484,134685,12,196470
9610,0.002631,172.217.194.0-255,2902,137587,12,196470
9611,0.002634,172.31.36.0-255,66,137653,12,196470
9612,0.002641,172.217.194.0-255,5738,143391,12,196470
9613,0.002643,172.31.36.0-255,66,143457,12,196470
9614,0.002676,172.217.194.0-255,7156,150613,12,196470
9615,0.002678,172.217.194.0-255,1484,152097,12,196470
9616,0.002683,172.217.194.0-255,4320,156417,12,196470
9617,0.002691,172.31.36.0-255,66,156483,12,196470
9618,0.002695,172.31.36.0-255,66,156549,12,196470
9619,0.002702,172.217.194.0-255,5738,162287,12,196470
9620,0.002704,172.31.36.0-255,66,162353,12,196470
9621,0.002714,172.217.194.0-255,5020,167373,12,196470
9622,0.002716,172.31.36.0-255,66,167439,12,196470
9623,0.0028,172.217.194.0-255,1484,168923,12,196470
9624,0.002804,172.217.194.0-255,1484,170407,12,196470
9625,0.002807,172.31.36.0-255,66,170473,12,196470
9626,0.00282,172.217.194.0-255,1484,171957,12,196470
9627,0.00283,172.217.194.0-255,5738,177695,12,196470
9628,0.002832,172.31.36.0-255,66,177761,12,196470
9629,0.002836,172.217.194.0-255,1484,179245,12,196470
9630,0.002857,172.217.194.0-255,4320,183565,12,196470
9631,0.002859,172.31.36.0-255,66,183631,12,196470
9632,0.002896,172.31.36.0-255,66,183697,12,196470
9633,0.002907,172.31.36.0-255,66,183763,12,196470
9634,0.002914,172.217.194.0-255,1484,185247,12,196470
9635,0.002958,172.31.36.0-255,66,185313,12,196470
9636,0.002985,172.217.194.0-255,4320,189633,12,196470
9637,0.002988,172.31.36.0-255,66,189699,12,196470
9638,0.003001,172.31.36.0-255,66,189765,12,196470
9639,0.003017,172.31.36.0-255,66,189831,12,196470
9640,0.003038,172.31.36.0-255,66,189897,12,196470
9641,0.003068,172.217.194.0-255,3602,193499,12,196470
9642,0.003071,172.31.36.0-255,66,193565,12,196470
9643,0.003075,172.217.194.0-255,2497,196062,12,196470
9644,0.003077,172.31.36.0-255,66,196128,12,196470
9645,0.00308,172.217.194.0-255,105,196233,12,196470
9646,0.005057,172.31.36.0-255,66,196299,12,196470
9647,0.005096,172.31.36.0-255,105,196404,12,196470
9648,0.007661,172.217.194.0-255,66,196470,12,196470
9649,0.0,172.31.36.0-255,105,105,12,276
9650,0.001774,157.240.13.0-255,105,210,12,276
9651,0.001784,172.31.36.0-255,66,276,12,276
9652,0.0,74.125.24.0-255,153,153,12,301887
9653,3.2e-05,172.31.36.0-255,66,219,12,301887
9654,4e-05,74.125.24.0-255,1484,1703,12,301887
9655,4.4e-05,172.31.36.0-255,66,1769,12,301887
9656,4.9e-05,74.125.24.0-255,2902,4671,12,301887
9657,5.2e-05,172.31.36.0-255,66,4737,12,301887
9658,5.9e-05,74.125.24.0-255,7156,11893,12,301887
9659,6.2e-05,172.31.36.0-255,66,11959,12,301887
9660,6.6e-05,74.125.24.0-255,1950,13909,12,301887
9661,6.8e-05,172.31.36.0-255,66,13975,12,301887
9662,0.000235,74.125.24.0-255,1484,15459,12,301887
9663,0.000239,172.31.36.0-255,66,15525,12,301887
9664,0.000245,74.125.24.0-255,2902,18427,12,301887
9665,0.000247,172.31.36.0-255,66,18493,12,301887
9666,0.000252,74.125.24.0-255,4320,22813,12,301887
9667,0.000255,172.31.36.0-255,66,22879,12,301887
9668,0.00027,74.125.24.0-255,1484,24363,12,301887
9669,0.000273,172.31.36.0-255,66,24429,12,301887
9670,0.000278,74.125.24.0-255,4320,28749,12,301887
9671,0.000282,172.31.36.0-255,66,28815,12,301887
9672,0.000301,74.125.24.0-255,2543,31358,12,301887
9673,0.000304,172.31.36.0-255,66,31424,12,301887
9674,0.000489,74.125.24.0-255,1484,32908,12,301887
9675,0.000494,172.31.36.0-255,66,32974,12,301887
9676,0.0005,74.125.24.0-255,2902,35876,12,301887
9677,0.000502,172.31.36.0-255,66,35942,12,301887
9678,0.000527,74.125.24.0-255,5738,41680,12,301887
9679,0.00053,172.31.36.0-255,66,41746,12,301887
9680,0.000534,74.125.24.0-255,2902,44648,12,301887
9681,0.000536,172.31.36.0-255,66,44714,12,301887
9682,0.000555,74.125.24.0-255,3961,48675,12,301887
9683,0.000558,172.31.36.0-255,66,48741,12,301887
9684,0.000943,74.125.24.0-255,1484,50225,12,301887
9685,0.000965,74.125.24.0-255,2902,53127,12,301887
9686,0.000969,172.31.36.0-255,66,53193,12,301887
9687,0.000977,74.125.24.0-255,5738,58931,12,301887
9688,0.000979,172.31.36.0-255,66,58997,12,301887
9689,0.00101,74.125.24.0-255,6797,65794,12,301887
9690,0.001015,172.31.36.0-255,66,65860,12,301887
9691,0.001063,74.125.24.0-255,1484,67344,12,301887
9692,0.001068,74.125.24.0-255,2902,70246,12,301887
9693,0.001071,172.31.36.0-255,66,70312,12,301887
9694,0.001075,74.125.24.0-255,1484,71796,12,301887
9695,0.001092,74.125.24.0-255,4320,76116,12,301887
9696,0.001095,172.31.36.0-255,66,76182,12,301887
9697,0.001101,74.125.24.0-255,4320,80502,12,301887
9698,0.001104,172.31.36.0-255,66,80568,12,301887
9699,0.001126,74.125.24.0-255,2543,83111,12,301887
9700,0.00113,172.31.36.0-255,66,83177,12,301887
9701,0.001135,74.125.24.0-255,4320,87497,12,301887
9702,0.001138,172.31.36.0-255,66,87563,12,301887
9703,0.001161,172.31.36.0-255,66,87629,12,301887
9704,0.001182,74.125.24.0-255,3123,90752,12,301887
9705,0.001184,172.31.36.0-255,66,90818,12,301887
9706,0.002163,74.125.24.0-255,1484,92302,12,301887
9707,0.002186,74.125.24.0-255,2902,95204,12,301887
9708,0.00219,172.31.36.0-255,66,95270,12,301887
9709,0.002199,74.125.24.0-255,5738,101008,12,301887
9710,0.002202,172.31.36.0-255,66,101074,12,301887
9711,0.002208,74.125.24.0-255,5738,106812,12,301887
9712,0.00221,172.31.36.0-255,66,106878,12,301887
9713,0.002247,74.125.24.0-255,5738,112616,12,301887
9714,0.00225,172.31.36.0-255,66,112682,12,301887
9715,0.002265,172.31.36.0-255,66,112748,12,301887
9716,0.004048,74.125.24.0-255,1484,114232,12,301887
9717,0.004065,74.125.24.0-255,2902,117134,12,301887
9718,0.004068,172.31.36.0-255,66,117200,12,301887
9719,0.004074,74.125.24.0-255,5738,122938,12,301887
9720,0.004076,172.31.36.0-255,66,123004,12,301887
9721,0.004078,74.125.24.0-255,1484,124488,12,301887
9722,0.00409,74.125.24.0-255,2902,127390,12,301887
9723,0.004093,172.31.36.0-255,66,127456,12,301887
9724,0.004098,74.125.24.0-255,4320,131776,12,301887
9725,0.004099,172.31.36.0-255,66,131842,12,301887
9726,0.004129,74.125.24.0-255,7156,138998,12,301887
9727,0.004131,172.31.36.0-255,66,139064,12,301887
9728,0.004141,172.31.36.0-255,66,139130,12,301887
9729,0.004405,74.125.24.0-255,1484,140614,12,301887
9730,0.004431,74.125.24.0-255,2902,143516,12,301887
9731,0.004434,172.31.36.0-255,66,143582,12,301887
9732,0.00444,74.125.24.0-255,5738,149320,12,301887
9733,0.004444,172.31.36.0-255,66,149386,12,301887
9734,0.004444,74.125.24.0-255,4320,153706,12,301887
9735,0.004447,172.31.36.0-255,66,153772,12,301887
9736,0.004472,172.31.36.0-255,66,153838,12,301887
9737,0.004489,74.125.24.0-255,1484,155322,12,301887
9738,0.004493,74.125.24.0-255,1484,156806,12,301887
9739,0.004495,172.31.36.0-255,66,156872,12,301887
9740,0.004518,74.125.24.0-255,6438,163310,12,301887
9741,0.00452,172.31.36.0-255,66,163376,12,301887
9742,0.00496,74.125.24.0-255,1484,164860,12,301887
9743,0.004976,74.125.24.0-255,2902,167762,12,301887
9744,0.004979,172.31.36.0-255,66,167828,12,301887
9745,0.005002,74.125.24.0-255,5738,173566,12,301887
9746,0.005007,172.31.36.0-255,66,173632,12,301887
9747,0.005045,74.125.24.0-255,2902,176534,12,301887
9748,0.005048,172.31.36.0-255,66,176600,12,301887
9749,0.005079,74.125.24.0-255,7156,183756,12,301887
9750,0.005083,172.31.36.0-255,66,183822,12,301887
9751,0.005094,172.31.36.0-255,66,183888,12,301887
9752,0.005317,74.125.24.0-255,1484,185372,12,301887
9753,0.005335,74.125.24.0-255,2902,188274,12,301887
9754,0.005339,172.31.36.0-255,66,188340,12,301887
9755,0.005346,74.125.24.0-255,5738,194078,12,301887
9756,0.005349,172.31.36.0-255,66,194144,12,301887
9757,0.005375,74.125.24.0-255,7156,201300,12,301887
9758,0.005378,172.31.36.0-255,66,201366,12,301887
9759,0.005402,74.125.24.0-255,5738,207104,12,301887
9760,0.005406,172.31.36.0-255,66,207170,12,301887
9761,0.005418,172.31.36.0-255,66,207236,12,301887
9762,0.005623,74.125.24.0-255,1484,208720,12,301887
9763,0.00563,74.125.24.0-255,2902,211622,12,301887
9764,0.005634,172.31.36.0-255,66,211688,12,301887
9765,0.005655,74.125.24.0-255,5738,217426,12,301887
9766,0.005658,172.31.36.0-255,66,217492,12,301887
9767,0.005662,74.125.24.0-255,1484,218976,12,301887
9768,0.005697,172.31.36.0-255,66,219042,12,301887
9769,0.005705,74.125.24.0-255,7156,226198,12,301887
9770,0.005707,172.31.36.0-255,66,226264,12,301887
9771,0.005749,74.125.24.0-255,3602,229866,12,301887
9772,0.005754,172.31.36.0-255,66,229932,12,301887
9773,0.005897,74.125.24.0-255,1484,231416,12,301887
9774,0.005903,74.125.24.0-255,2902,234318,12,301887
9775,0.005908,172.31.36.0-255,66,234384,12,301887
9776,0.005913,74.125.24.0-255,2902,237286,12,301887
9777,0.005915,172.31.36.0-255,66,237352,12,301887
9778,0.005929,74.125.24.0-255,2902,240254,12,301887
9779,0.005933,172.31.36.0-255,66,240320,12,301887
9780,0.005937,74.125.24.0-255,2902,243222,12,301887
9781,0.005939,172.31.36.0-255,66,243288,12,301887
9782,0.005963,172.31.36.0-255,66,243354,12,301887
9783,0.00597,74.125.24.0-255,7156,250510,12,301887
9784,0.005972,172.31.36.0-255,66,250576,12,301887
9785,0.005988,74.125.24.0-255,1484,252060,12,301887
9786,0.005993,74.125.24.0-255,2184,254244,12,301887
9787,0.005995,172.31.36.0-255,66,254310,12,301887
9788,0.006056,74.125.24.0-255,1484,255794,12,301887
9789,0.006061,74.125.24.0-255,2902,258696,12,301887
9790,0.006064,172.31.36.0-255,66,258762,12,301887
9791,0.006087,74.125.24.0-255,5738,264500,12,301887
9792,0.00609,172.31.36.0-255,66,264566,12,301887
9793,0.006094,74.125.24.0-255,2902,267468,12,301887
9794,0.006096,172.31.36.0-255,66,267534,12,301887
9795,0.00612,172.31.36.0-255,66,267600,12,301887
9796,0.006152,74.125.24.0-255,5738,273338,12,301887
9797,0.006155,172.31.36.0-255,66,273404,12,301887
9798,0.006171,74.125.24.0-255,5020,278424,12,301887
9799,0.006175,172.31.36.0-255,66,278490,12,301887
9800,0.006181,74.125.24.0-255,5738,284228,12,301887
9801,0.006184,172.31.36.0-255,66,284294,12,301887
9802,0.006211,74.125.24.0-255,5738,290032,12,301887
9803,0.006215,172.31.36.0-255,66,290098,12,301887
9804,0.006217,74.125.24.0-255,7156,297254,12,301887
9805,0.00622,172.31.36.0-255,66,297320,12,301887
9806,0.006229,172.31.36.0-255,66,297386,12,301887
9807,0.006302,172.31.36.0-255,66,297452,12,301887
9808,0.006305,74.125.24.0-255,105,297557,12,301887
9809,0.006853,172.31.36.0-255,66,297623,12,301887
9810,0.00688,172.31.36.0-255,105,297728,12,301887
9811,0.009451,74.125.24.0-255,66,297794,12,301887
9812,0.028729,172.31.36.0-255,172,297966,12,301887
9813,0.028761,172.31.36.0-255,1108,299074,12,301887
9814,0.028805,172.31.36.0-255,1514,300588,12,301887
9815,0.028807,172.31.36.0-255,1299,301887,12,301887
9816,0.0,74.125.68.0-255,152,152,12,270027
9817,3.3e-05,172.31.36.0-255,66,218,12,270027
9818,4e-05,74.125.68.0-255,1484,1702,12,270027
9819,4.5e-05,172.31.36.0-255,66,1768,12,270027
9820,4.7e-05,74.125.68.0-255,1484,3252,12,270027
9821,5e-05,172.31.36.0-255,66,3318,12,270027
9822,5.5e-05,74.125.68.0-255,2902,6220,12,270027
9823,5.8e-05,172.31.36.0-255,66,6286,12,270027
9824,6.5e-05,74.125.68.0-255,5738,12024,12,270027
9825,6.8e-05,172.31.36.0-255,66,12090,12,270027
9826,9.4e-05,74.125.68.0-255,2020,14110,12,270027
9827,9.6e-05,172.31.36.0-255,66,14176,12,270027
9828,0.000127,74.125.68.0-255,2902,17078,12,270027
9829,0.000131,172.31.36.0-255,66,17144,12,270027
9830,0.00016,74.125.68.0-255,4320,21464,12,270027
9831,0.000164,172.31.36.0-255,66,21530,12,270027
9832,0.000169,74.125.68.0-255,4320,25850,12,270027
9833,0.000171,172.31.36.0-255,66,25916,12,270027
9834,0.000195,74.125.68.0-255,4320,30236,12,270027
9835,0.000197,172.31.36.0-255,66,30302,12,270027
9836,0.0002,74.125.68.0-255,1125,31427,12,270027
9837,0.000202,172.31.36.0-255,66,31493,12,270027
9838,0.000271,74.125.68.0-255,1484,32977,12,270027
9839,0.000274,172.31.36.0-255,66,33043,12,270027
9840,0.000277,74.125.68.0-255,1484,34527,12,270027
9841,0.00028,172.31.36.0-255,66,34593,12,270027
9842,0.000313,74.125.68.0-255,2902,37495,12,270027
9843,0.000317,172.31.36.0-255,66,37561,12,270027
9844,0.000324,74.125.68.0-255,5738,43299,12,270027
9845,0.000326,172.31.36.0-255,66,43365,12,270027
9846,0.000357,74.125.68.0-255,5379,48744,12,270027
9847,0.00036,172.31.36.0-255,66,48810,12,270027
9848,0.000365,74.125.68.0-255,5738,54548,12,270027
9849,0.000368,172.31.36.0-255,66,54614,12,270027
9850,0.000386,74.125.68.0-255,1484,56098,12,270027
9851,0.000417,172.31.36.0-255,66,56164,12,270027
9852,0.000462,74.125.68.0-255,646,56810,12,270027
9853,0.000584,74.125.68.0-255,1484,58294,12,270027
9854,0.000588,172.31.36.0-255,66,58360,12,270027
9855,0.000592,74.125.68.0-255,1484,59844,12,270027
9856,0.000608,74.125.68.0-255,1484,61328,12,270027
9857,0.000611,172.31.36.0-255,66,61394,12,270027
9858,0.000614,74.125.68.0-255,1484,62878,12,270027
9859,0.000632,74.125.68.0-255,4320,67198,12,270027
9860,0.000636,172.31.36.0-255,66,67264,12,270027
9861,0.000641,74.125.68.0-255,2902,70166,12,270027
9862,0.000643,172.31.36.0-255,66,70232,12,270027
9863,0.000665,172.31.36.0-255,66,70298,12,270027
9864,0.0007,74.125.68.0-255,4320,74618,12,270027
9865,0.000703,172.31.36.0-255,66,74684,12,270027
9866,0.00072,74.125.68.0-255,6438,81122,12,270027
9867,0.000725,172.31.36.0-255,66,81188,12,270027
9868,0.000955,74.125.68.0-255,1484,82672,12,270027
9869,0.000975,74.125.68.0-255,2902,85574,12,270027
9870,0.000979,172.31.36.0-255,66,85640,12,270027
9871,0.000987,74.125.68.0-255,5738,91378,12,270027
9872,0.000989,172.31.36.0-255,66,91444,12,270027
9873,0.001036,74.125.68.0-255,4320,95764,12,270027
9874,0.001041,172.31.36.0-255,66,95830,12,270027
9875,0.001042,74.125.68.0-255,5738,101568,12,270027
9876,0.001044,172.31.36.0-255,66,101634,12,270027
9877,0.001059,74.125.68.0-255,4320,105954,12,270027
9878,0.001062,172.31.36.0-255,66,106020,12,270027
9879,0.001084,74.125.68.0-255,7156,113176,12,270027
9880,0.001087,172.31.36.0-255,66,113242,12,270027
9881,0.001102,74.125.68.0-255,2184,115426,12,270027
9882,0.001105,172.31.36.0-255,66,115492,12,270027
9883,0.001138,74.125.68.0-255,2902,118394,12,270027
9884,0.001142,172.31.36.0-255,66,118460,12,270027
9885,0.001157,74.125.68.0-255,2902,121362,12,270027
9886,0.001159,172.31.36.0-255,66,121428,12,270027
9887,0.001182,74.125.68.0-255,4320,125748,12,270027
9888,0.001185,172.31.36.0-255,66,125814,12,270027
9889,0.001195,172.31.36.0-255,66,125880,12,270027
9890,0.001199,74.125.68.0-255,1484,127364,12,270027
9891,0.001229,74.125.68.0-255,7156,134520,12,270027
9892,0.001233,172.31.36.0-255,66,134586,12,270027
9893,0.00127,74.125.68.0-255,6438,141024,12,270027
9894,0.001274,172.31.36.0-255,66,141090,12,270027
9895,0.001698,74.125.68.0-255,1484,142574,12,270027
9896,0.001716,74.125.68.0-255,2902,145476,12,270027
9897,0.00172,172.31.36.0-255,66,145542,12,270027
9898,0.001739,74.125.68.0-255,2902,148444,12,270027
9899,0.001742,172.31.36.0-255,66,148510,12,270027
9900,0.001765,74.125.68.0-255,2902,151412,12,270027
9901,0.001767,172.31.36.0-255,66,151478,12,270027
9902,0.001773,74.125.68.0-255,7156,158634,12,270027
9903,0.001775,172.31.36.0-255,66,158700,12,270027
9904,0.001791,74.125.68.0-255,1484,160184,12,270027
9905,0.00181,172.31.36.0-255,66,160250,12,270027
9906,0.00183,74.125.68.0-255,4320,164570,12,270027
9907,0.001833,172.31.36.0-255,66,164636,12,270027
9908,0.001838,74.125.68.0-255,2184,166820,12,270027
9909,0.00184,172.31.36.0-255,66,166886,12,270027
9910,0.002133,74.125.68.0-255,1484,168370,12,270027
9911,0.002139,74.125.68.0-255,1484,169854,12,270027
9912,0.002143,172.31.36.0-255,66,169920,12,270027
9913,0.002161,74.125.68.0-255,2902,172822,12,270027
9914,0.002163,172.31.36.0-255,66,172888,12,270027
9915,0.002166,74.125.68.0-255,1484,174372,12,270027
9916,0.002188,74.125.68.0-255,4320,178692,12,270027
9917,0.00219,172.31.36.0-255,66,178758,12,270027
9918,0.002195,74.125.68.0-255,4320,183078,12,270027
9919,0.002198,172.31.36.0-255,66,183144,12,270027
9920,0.002217,74.125.68.0-255,5738,188882,12,270027
9921,0.002221,172.31.36.0-255,66,188948,12,270027
9922,0.002244,74.125.68.0-255,1484,190432,12,270027
9923,0.002266,74.125.68.0-255,4320,194752,12,270027
9924,0.002269,172.31.36.0-255,66,194818,12,270027
9925,0.00229,74.125.68.0-255,5738,200556,12,270027
9926,0.002292,172.31.36.0-255,66,200622,12,270027
9927,0.002295,74.125.68.0-255,766,201388,12,270027
9928,0.004494,74.125.68.0-255,2902,204290,12,270027
9929,0.004498,172.31.36.0-255,66,204356,12,270027
9930,0.004513,74.125.68.0-255,1484,205840,12,270027
9931,0.00672,74.125.68.0-255,4320,210160,12,270027
9932,0.006727,172.31.36.0-255,66,210226,12,270027
9933,0.00898,74.125.68.0-255,5738,215964,12,270027
9934,0.008988,172.31.36.0-255,66,216030,12,270027
9935,0.011236,74.125.68.0-255,5738,221768,12,270027
9936,0.011244,172.31.36.0-255,66,221834,12,270027
9937,0.013473,74.125.68.0-255,5738,227572,12,270027
9938,0.013482,172.31.36.0-255,66,227638,12,270027
9939,0.015728,74.125.68.0-255,5738,233376,12,270027
9940,0.015737,172.31.36.0-255,66,233442,12,270027
9941,0.017971,74.125.68.0-255,5738,239180,12,270027
9942,0.017979,172.31.36.0-255,66,239246,12,270027
9943,0.0202,74.125.68.0-255,4320,243566,12,270027
9944,0.020207,172.31.36.0-255,66,243632,12,270027
9945,0.020237,74.125.68.0-255,1484,245116,12,270027
9946,0.022431,74.125.68.0-255,4320,249436,12,270027
9947,0.022439,172.31.36.0-255,66,249502,12,270027
9948,0.02468,74.125.68.0-255,5738,255240,12,270027
9949,0.024688,172.31.36.0-255,66,255306,12,270027
9950,0.026243,172.31.36.0-255,172,255478,12,270027
9951,0.026271,172.31.36.0-255,1109,256587,12,270027
9952,0.026319,172.31.36.0-255,1514,258101,12,270027
9953,0.026321,172.31.36.0-255,1298,259399,12,270027
9954,0.026993,74.125.68.0-255,4320,263719,12,270027
9955,0.027001,172.31.36.0-255,66,263785,12,270027
9956,0.027035,74.125.68.0-255,1484,265269,12,270027
9957,0.027778,104.244.42.0-255,66,265335,12,270027
9958,0.027786,104.244.42.0-255,66,265401,12,270027
9959,0.027894,104.244.42.0-255,66,265467,12,270027
9960,0.028641,104.244.42.0-255,108,265575,12,270027
9961,0.02865,172.31.36.0-255,66,265641,12,270027
9962,0.029228,74.125.68.0-255,4320,269961,12,270027
9963,0.029233,172.31.36.0-255,66,270027,12,270027
9964,0.0,172.217.194.0-255,153,153,12,340856
9965,2.5e-05,172.31.36.0-255,66,219,12,340856
9966,3.3e-05,172.217.194.0-255,1484,1703,12,340856
9967,3.8e-05,172.31.36.0-255,66,1769,12,340856
9968,6.3e-05,172.217.194.0-255,2902,4671,12,340856
9969,6.7e-05,172.31.36.0-255,66,4737,12,340856
9970,7.3e-05,172.217.194.0-255,5738,10475,12,340856
9971,7.6e-05,172.31.36.0-255,66,10541,12,340856
9972,9.9e-05,172.217.194.0-255,3436,13977,12,340856
9973,0.000102,172.31.36.0-255,66,14043,12,340856
9974,0.00014,172.217.194.0-255,2902,16945,12,340856
9975,0.000143,172.31.36.0-255,66,17011,12,340856
9976,0.000149,172.217.194.0-255,4320,21331,12,340856
9977,0.000151,172.31.36.0-255,66,21397,12,340856
9978,0.000155,172.217.194.0-255,1484,22881,12,340856
9979,0.000157,172.31.36.0-255,66,22947,12,340856
9980,0.000192,172.217.194.0-255,7156,30103,12,340856
9981,0.000195,172.31.36.0-255,66,30169,12,340856
9982,0.000206,172.31.36.0-255,66,30235,12,340856
9983,0.000264,172.217.194.0-255,5738,35973,12,340856
9984,0.000268,172.31.36.0-255,66,36039,12,340856
9985,0.00029,172.217.194.0-255,3602,39641,12,340856
9986,0.000292,172.31.36.0-255,66,39707,12,340856
9987,0.000893,172.217.194.0-255,1484,41191,12,340856
9988,0.0009,172.31.36.0-255,66,41257,12,340856
9989,0.000945,172.217.194.0-255,1484,42741,12,340856
9990,0.000949,172.31.36.0-255,66,42807,12,340856
9991,0.001013,172.217.194.0-255,1484,44291,12,340856
9992,0.001017,172.31.36.0-255,66,44357,12,340856
9993,0.001037,172.217.194.0-255,2902,47259,12,340856
9994,0.00104,172.31.36.0-255,66,47325,12,340856
9995,0.00107,172.217.194.0-255,5738,53063,12,340856
9996,0.001072,172.31.36.0-255,66,53129,12,340856
9997,0.001075,172.217.194.0-255,1484,54613,12,340856
9998,0.001127,172.217.194.0-255,3123,57736,12,340856
9999,0.00113,172.31.36.0-255,66,57802,12,340856
10000,0.006289,172.217.194.0-255,1484,59286,12,340856
10001,0.006303,172.217.194.0-255,2902,62188,12,340856
10002,0.00631,172.31.36.0-255,66,62254,12,340856
10003,0.006319,172.217.194.0-255,4320,66574,12,340856
10004,0.006321,172.31.36.0-255,66,66640,12,340856
10005,0.006343,172.217.194.0-255,1484,68124,12,340856
10006,0.00636,172.217.194.0-255,4320,72444,12,340856
10007,0.006362,172.31.36.0-255,66,72510,12,340856
10008,0.006386,172.217.194.0-255,4320,76830,12,340856
10009,0.006388,172.31.36.0-255,66,76896,12,340856
10010,0.006395,172.217.194.0-255,5738,82634,12,340856
10011,0.006396,172.31.36.0-255,66,82700,12,340856
10012,0.006452,172.31.36.0-255,66,82766,12,340856
10013,0.011093,172.217.194.0-255,1484,84250,12,340856
10014,0.011106,172.217.194.0-255,2902,87152,12,340856
10015,0.011112,172.31.36.0-255,66,87218,12,340856
10016,0.011122,172.217.194.0-255,5738,92956,12,340856
10017,0.011124,172.31.36.0-255,66,93022,12,340856
10018,0.011149,172.217.194.0-255,2902,95924,12,340856
10019,0.011151,172.31.36.0-255,66,95990,12,340856
10020,0.011157,172.217.194.0-255,4320,100310,12,340856
10021,0.01116,172.31.36.0-255,66,100376,12,340856
10022,0.011197,172.217.194.0-255,5738,106114,12,340856
10023,0.0112,172.31.36.0-255,66,106180,12,340856
10024,0.011223,172.217.194.0-255,7156,113336,12,340856
10025,0.011225,172.31.36.0-255,66,113402,12,340856
10026,0.011232,172.217.194.0-255,3602,117004,12,340856
10027,0.011234,172.31.36.0-255,66,117070,12,340856
10028,0.011292,172.217.194.0-255,7156,124226,12,340856
10029,0.011295,172.31.36.0-255,66,124292,12,340856
10030,0.011311,172.217.194.0-255,2902,127194,12,340856
10031,0.011314,172.31.36.0-255,66,127260,12,340856
10032,0.011362,172.31.36.0-255,66,127326,12,340856
10033,0.011382,172.217.194.0-255,1484,128810,12,340856
10034,0.011385,172.217.194.0-255,1484,130294,12,340856
10035,0.011387,172.31.36.0-255,66,130360,12,340856
10036,0.011407,172.217.194.0-255,4320,134680,12,340856
10037,0.01141,172.31.36.0-255,66,134746,12,340856
10038,0.01143,172.217.194.0-255,2902,137648,12,340856
10039,0.011433,172.31.36.0-255,66,137714,12,340856
10040,0.011438,172.217.194.0-255,3602,141316,12,340856
10041,0.01144,172.31.36.0-255,66,141382,12,340856
10042,0.015142,172.217.194.0-255,1484,142866,12,340856
10043,0.015154,172.217.194.0-255,2902,145768,12,340856
10044,0.015159,172.31.36.0-255,66,145834,12,340856
10045,0.015191,172.217.194.0-255,1484,147318,12,340856
10046,0.015205,172.217.194.0-255,2902,150220,12,340856
10047,0.015208,172.31.36.0-255,66,150286,12,340856
10048,0.015213,172.217.194.0-255,2902,153188,12,340856
10049,0.015215,172.31.36.0-255,66,153254,12,340856
10050,0.015231,172.217.194.0-255,2902,156156,12,340856
10051,0.015233,172.31.36.0-255,66,156222,12,340856
10052,0.015261,172.217.194.0-255,5738,161960,12,340856
10053,0.015264,172.31.36.0-255,66,162026,12,340856
10054,0.015281,172.217.194.0-255,1484,163510,12,340856
10055,0.015307,172.217.194.0-255,5738,169248,12,340856
10056,0.01531,172.31.36.0-255,66,169314,12,340856
10057,0.015336,172.217.194.0-255,6438,175752,12,340856
10058,0.015338,172.31.36.0-255,66,175818,12,340856
10059,0.02055,172.217.194.0-255,1484,177302,12,340856
10060,0.020568,172.217.194.0-255,2902,180204,12,340856
10061,0.020578,172.31.36.0-255,66,180270,12,340856
10062,0.020588,172.217.194.0-255,5738,186008,12,340856
10063,0.020591,172.31.36.0-255,66,186074,12,340856
10064,0.020598,172.217.194.0-255,5738,191812,12,340856
10065,0.020601,172.31.36.0-255,66,191878,12,340856
10066,0.020609,172.217.194.0-255,7156,199034,12,340856
10067,0.020611,172.31.36.0-255,66,199100,12,340856
10068,0.020654,172.217.194.0-255,4320,203420,12,340856
10069,0.020657,172.31.36.0-255,66,203486,12,340856
10070,0.020677,172.217.194.0-255,4320,207806,12,340856
10071,0.020679,172.31.36.0-255,66,207872,12,340856
10072,0.0207,172.217.194.0-255,2184,210056,12,340856
10073,0.020702,172.31.36.0-255,66,210122,12,340856
10074,0.02073,172.217.194.0-255,2902,213024,12,340856
10075,0.020733,172.31.36.0-255,66,213090,12,340856
10076,0.020738,172.217.194.0-255,2902,215992,12,340856
10077,0.02074,172.31.36.0-255,66,216058,12,340856
10078,0.020755,172.217.194.0-255,4320,220378,12,340856
10079,0.020757,172.31.36.0-255,66,220444,12,340856
10080,0.020762,172.217.194.0-255,2902,223346,12,340856
10081,0.020764,172.31.36.0-255,66,223412,12,340856
10082,0.020793,172.217.194.0-255,5738,229150,12,340856
10083,0.020796,172.31.36.0-255,66,229216,12,340856
10084,0.020799,172.217.194.0-255,1484,230700,12,340856
10085,0.020847,172.31.36.0-255,66,230766,12,340856
10086,0.02085,172.217.194.0-255,766,231532,12,340856
10087,0.021723,172.31.36.0-255,66,231598,12,340856
10088,0.022422,172.217.194.0-255,1484,233082,12,340856
10089,0.022432,172.217.194.0-255,2902,235984,12,340856
10090,0.022436,172.31.36.0-255,66,236050,12,340856
10091,0.022464,172.217.194.0-255,2902,238952,12,340856
10092,0.022466,172.31.36.0-255,66,239018,12,340856
10093,0.022485,172.217.194.0-255,2902,241920,12,340856
10094,0.022488,172.31.36.0-255,66,241986,12,340856
10095,0.022505,172.217.194.0-255,1484,243470,12,340856
10096,0.022529,172.217.194.0-255,5738,249208,12,340856
10097,0.022531,172.31.36.0-255,66,249274,12,340856
10098,0.022534,172.217.194.0-255,1484,250758,12,340856
10099,0.022551,172.217.194.0-255,5738,256496,12,340856
10100,0.022553,172.31.36.0-255,66,256562,12,340856
10101,0.02257,172.217.194.0-255,1484,258046,12,340856
10102,0.022599,172.31.36.0-255,66,258112,12,340856
10103,0.024282,172.217.194.0-255,1484,259596,12,340856
10104,0.024295,172.217.194.0-255,2902,262498,12,340856
10105,0.024301,172.31.36.0-255,66,262564,12,340856
10106,0.024307,172.217.194.0-255,2902,265466,12,340856
10107,0.024309,172.31.36.0-255,66,265532,12,340856
10108,0.024313,172.217.194.0-255,1484,267016,12,340856
10109,0.02433,172.217.194.0-255,5738,272754,12,340856
10110,0.024332,172.31.36.0-255,66,272820,12,340856
10111,0.024366,172.31.36.0-255,66,272886,12,340856
10112,0.024406,172.217.194.0-255,4320,277206,12,340856
10113,0.024408,172.31.36.0-255,66,277272,12,340856
10114,0.024432,172.217.194.0-255,5020,282292,12,340856
10115,0.024435,172.31.36.0-255,66,282358,12,340856
10116,0.024478,172.217.194.0-255,5738,288096,12,340856
10117,0.02448,172.31.36.0-255,66,288162,12,340856
10118,0.024503,172.217.194.0-255,4320,292482,12,340856
10119,0.024506,172.31.36.0-255,66,292548,12,340856
10120,0.024522,172.31.36.0-255,66,292614,12,340856
10121,0.024528,172.217.194.0-255,5020,297634,12,340856
10122,0.024531,172.31.36.0-255,66,297700,12,340856
10123,0.02478,172.217.194.0-255,1484,299184,12,340856
10124,0.024814,172.217.194.0-255,2902,302086,12,340856
10125,0.024818,172.31.36.0-255,66,302152,12,340856
10126,0.024822,172.217.194.0-255,1484,303636,12,340856
10127,0.024825,172.217.194.0-255,1484,305120,12,340856
10128,0.024827,172.31.36.0-255,66,305186,12,340856
10129,0.02485,172.217.194.0-255,4320,309506,12,340856
10130,0.024852,172.31.36.0-255,66,309572,12,340856
10131,0.024871,172.217.194.0-255,1484,311056,12,340856
10132,0.024876,172.217.194.0-255,4320,315376,12,340856
10133,0.024878,172.31.36.0-255,66,315442,12,340856
10134,0.024881,172.217.194.0-255,1484,316926,12,340856
10135,0.024915,172.217.194.0-255,7156,324082,12,340856
10136,0.024918,172.31.36.0-255,66,324148,12,340856
10137,0.024921,172.217.194.0-255,1484,325632,12,340856
10138,0.024938,172.217.194.0-255,1484,327116,12,340856
10139,0.024942,172.31.36.0-255,78,327194,12,340856
10140,0.024948,172.217.194.0-255,4320,331514,12,340856
10141,0.024951,172.31.36.0-255,66,331580,12,340856
10142,0.024953,172.217.194.0-255,766,332346,12,340856
10143,0.025373,172.31.36.0-255,66,332412,12,340856
10144,0.025378,172.217.194.0-255,1484,333896,12,340856
10145,0.025382,172.217.194.0-255,1484,335380,12,340856
10146,0.025385,172.31.36.0-255,66,335446,12,340856
10147,0.025394,172.217.194.0-255,1484,336930,12,340856
10148,0.025431,172.217.194.0-255,3518,340448,12,340856
10149,0.025434,172.31.36.0-255,66,340514,12,340856
10150,0.025498,172.217.194.0-255,105,340619,12,340856
10151,0.025592,172.31.36.0-255,66,340685,12,340856
10152,0.025627,172.31.36.0-255,105,340790,12,340856
10153,0.02794,172.217.194.0-255,66,340856,12,340856
10154,0.0,172.217.194.0-255,189,189,12,223653
10155,1.5e-05,172.31.36.0-255,66,255,12,223653
10156,2.2e-05,172.217.194.0-255,1484,1739,12,223653
10157,2.7e-05,172.31.36.0-255,66,1805,12,223653
10158,4.3e-05,172.217.194.0-255,2902,4707,12,223653
10159,4.7e-05,172.31.36.0-255,66,4773,12,223653
10160,5.5e-05,172.217.194.0-255,7156,11929,12,223653
10161,5.8e-05,172.31.36.0-255,66,11995,12,223653
10162,6.3e-05,172.217.194.0-255,1997,13992,12,223653
10163,6.6e-05,172.31.36.0-255,66,14058,12,223653
10164,9.9e-05,172.31.36.0-255,66,14124,12,223653
10165,0.000117,172.217.194.0-255,2902,17026,12,223653
10166,0.000119,172.31.36.0-255,66,17092,12,223653
10167,0.000139,172.31.36.0-255,66,17158,12,223653
10168,0.000151,172.31.36.0-255,66,17224,12,223653
10169,0.000159,172.217.194.0-255,7156,24380,12,223653
10170,0.000162,172.31.36.0-255,66,24446,12,223653
10171,0.000196,172.217.194.0-255,2902,27348,12,223653
10172,0.000198,172.31.36.0-255,66,27414,12,223653
10173,0.000206,172.217.194.0-255,6797,34211,12,223653
10174,0.000209,172.31.36.0-255,66,34277,12,223653
10175,0.000211,172.217.194.0-255,376,34653,12,223653
10176,0.000213,172.31.36.0-255,66,34719,12,223653
10177,0.000254,172.217.194.0-255,368,35087,12,223653
10178,0.000256,172.31.36.0-255,66,35153,12,223653
10179,0.000321,172.217.194.0-255,1484,36637,12,223653
10180,0.000325,172.31.36.0-255,66,36703,12,223653
10181,0.00033,172.217.194.0-255,2902,39605,12,223653
10182,0.000333,172.31.36.0-255,66,39671,12,223653
10183,0.000336,172.217.194.0-255,1484,41155,12,223653
10184,0.000366,172.217.194.0-255,4320,45475,12,223653
10185,0.000369,172.31.36.0-255,66,45541,12,223653
10186,0.000397,172.217.194.0-255,6797,52338,12,223653
10187,0.0004,172.31.36.0-255,66,52404,12,223653
10188,0.000427,172.217.194.0-255,7156,59560,12,223653
10189,0.00043,172.31.36.0-255,66,59626,12,223653
10190,0.000468,172.31.36.0-255,66,59692,12,223653
10191,0.000945,172.217.194.0-255,1484,61176,12,223653
10192,0.000952,172.217.194.0-255,2902,64078,12,223653
10193,0.000957,172.31.36.0-255,66,64144,12,223653
10194,0.000964,172.217.194.0-255,5738,69882,12,223653
10195,0.000967,172.31.36.0-255,66,69948,12,223653
10196,0.000985,172.217.194.0-255,2902,72850,12,223653
10197,0.000987,172.31.36.0-255,66,72916,12,223653
10198,0.001025,172.31.36.0-255,66,72982,12,223653
10199,0.001031,172.217.194.0-255,5738,78720,12,223653
10200,0.001033,172.31.36.0-255,66,78786,12,223653
10201,0.001078,172.217.194.0-255,5020,83806,12,223653
10202,0.001081,172.31.36.0-255,66,83872,12,223653
10203,0.001084,172.217.194.0-255,1484,85356,12,223653
10204,0.001108,172.217.194.0-255,4320,89676,12,223653
10205,0.001111,172.31.36.0-255,66,89742,12,223653
10206,0.001122,172.31.36.0-255,66,89808,12,223653
10207,0.001132,172.217.194.0-255,2902,92710,12,223653
10208,0.001135,172.31.36.0-255,66,92776,12,223653
10209,0.001182,172.31.36.0-255,66,92842,12,223653
10210,0.001185,172.217.194.0-255,766,93608,12,223653
10211,0.001227,172.217.194.0-255,2902,96510,12,223653
10212,0.001248,172.217.194.0-255,7156,103666,12,223653
10213,0.001267,172.217.194.0-255,4320,107986,12,223653
10214,0.001285,172.217.194.0-255,5738,113724,12,223653
10215,0.001288,172.217.194.0-255,1484,115208,12,223653
10216,0.001292,172.217.194.0-255,2902,118110,12,223653
10217,0.001376,172.217.194.0-255,4320,122430,12,223653
10218,0.001396,172.217.194.0-255,1484,123914,12,223653
10219,0.001399,172.217.194.0-255,2902,126816,12,223653
10220,0.001402,172.217.194.0-255,1484,128300,12,223653
10221,0.00142,172.217.194.0-255,4320,132620,12,223653
10222,0.00144,172.217.194.0-255,5738,138358,12,223653
10223,0.001468,172.217.194.0-255,5738,144096,12,223653
10224,0.001482,172.217.194.0-255,2902,146998,12,223653
10225,0.001525,172.217.194.0-255,4320,151318,12,223653
10226,0.00154,172.217.194.0-255,1484,152802,12,223653
10227,0.001546,172.217.194.0-255,4320,157122,12,223653
10228,0.001563,172.217.194.0-255,2902,160024,12,223653
10229,0.001571,172.217.194.0-255,7156,167180,12,223653
10230,0.001586,172.217.194.0-255,1484,168664,12,223653
10231,0.001617,172.217.194.0-255,2184,170848,12,223653
10232,0.001828,172.217.194.0-255,1484,172332,12,223653
10233,0.001835,172.217.194.0-255,2902,175234,12,223653
10234,0.001859,172.217.194.0-255,5738,180972,12,223653
10235,0.0019,172.217.194.0-255,7156,188128,12,223653
10236,0.001919,172.217.194.0-255,2902,191030,12,223653
10237,0.001922,172.217.194.0-255,766,191796,12,223653
10238,0.001989,172.217.194.0-255,1484,193280,12,223653
10239,0.001994,172.217.194.0-255,1484,194764,12,223653
10240,0.002005,172.217.194.0-255,1484,196248,12,223653
10241,0.002012,172.217.194.0-255,5738,201986,12,223653
10242,0.002015,172.217.194.0-255,1484,203470,12,223653
10243,0.002052,172.217.194.0-255,1484,204954,12,223653
10244,0.002055,172.217.194.0-255,1484,206438,12,223653
10245,0.002382,172.217.194.0-255,1484,207922,12,223653
10246,0.002412,172.217.194.0-255,2902,210824,12,223653
10247,0.002415,172.217.194.0-255,1484,212308,12,223653
10248,0.002432,172.217.194.0-255,4320,216628,12,223653
10249,0.002437,172.217.194.0-255,4320,220948,12,223653
10250,0.002516,172.217.194.0-255,2297,223245,12,223653
10251,0.005567,172.31.36.0-255,66,223311,12,223653
10252,0.008084,172.217.194.0-255,105,223416,12,223653
10253,0.008425,172.31.36.0-255,66,223482,12,223653
10254,0.008464,172.31.36.0-255,105,223587,12,223653
10255,0.011023,172.217.194.0-255,66,223653,12,223653
10256,0.0,172.217.160.0-255,152,152,12,241898
10257,2.4e-05,172.31.36.0-255,66,218,12,241898
10258,3.1e-05,172.217.160.0-255,1484,1702,12,241898
10259,3.6e-05,172.31.36.0-255,66,1768,12,241898
10260,4.1e-05,172.217.160.0-255,2902,4670,12,241898
10261,4.4e-05,172.31.36.0-255,66,4736,12,241898
10262,5.2e-05,172.217.160.0-255,7156,11892,12,241898
10263,5.5e-05,172.31.36.0-255,66,11958,12,241898
10264,6e-05,172.217.160.0-255,2031,13989,12,241898
10265,6.3e-05,172.31.36.0-255,66,14055,12,241898
10266,8.8e-05,172.217.160.0-255,1484,15539,12,241898
10267,9.1e-05,172.31.36.0-255,66,15605,12,241898
10268,9.6e-05,172.217.160.0-255,2902,18507,12,241898
10269,9.8e-05,172.31.36.0-255,66,18573,12,241898
10270,0.000127,172.217.160.0-255,2902,21475,12,241898
10271,0.000129,172.31.36.0-255,66,21541,12,241898
10272,0.000155,172.217.160.0-255,2902,24443,12,241898
10273,0.000157,172.31.36.0-255,66,24509,12,241898
10274,0.000164,172.217.160.0-255,6797,31306,12,241898
10275,0.000167,172.31.36.0-255,66,31372,12,241898
10276,0.00017,172.217.160.0-255,1484,32856,12,241898
10277,0.000172,172.31.36.0-255,66,32922,12,241898
10278,0.000199,172.217.160.0-255,2902,35824,12,241898
10279,0.000202,172.31.36.0-255,66,35890,12,241898
10280,0.000208,172.217.160.0-255,5738,41628,12,241898
10281,0.00021,172.31.36.0-255,66,41694,12,241898
10282,0.000229,172.217.160.0-255,2902,44596,12,241898
10283,0.000231,172.31.36.0-255,66,44662,12,241898
10284,0.000253,172.217.160.0-255,3961,48623,12,241898
10285,0.000256,172.31.36.0-255,66,48689,12,241898
10286,0.000269,172.217.160.0-255,2902,51591,12,241898
10287,0.000273,172.31.36.0-255,66,51657,12,241898
10288,0.000287,172.217.160.0-255,4320,55977,12,241898
10289,0.00029,172.31.36.0-255,66,56043,12,241898
10290,0.000297,172.217.160.0-255,7156,63199,12,241898
10291,0.000299,172.31.36.0-255,66,63265,12,241898
10292,0.000331,172.217.160.0-255,2543,65808,12,241898
10293,0.000333,172.31.36.0-255,66,65874,12,241898
10294,0.000367,172.217.160.0-255,336,66210,12,241898
10295,0.001047,172.31.36.0-255,66,66276,12,241898
10296,0.001064,172.217.160.0-255,123,66399,12,241898
10297,0.001087,172.31.36.0-255,66,66465,12,241898
10298,0.001164,172.217.160.0-255,1484,67949,12,241898
10299,0.00117,172.217.160.0-255,2902,70851,12,241898
10300,0.001173,172.31.36.0-255,66,70917,12,241898
10301,0.00118,172.217.160.0-255,4320,75237,12,241898
10302,0.001183,172.31.36.0-255,66,75303,12,241898
10303,0.001199,172.217.160.0-255,1484,76787,12,241898
10304,0.001206,172.217.160.0-255,5738,82525,12,241898
10305,0.001208,172.31.36.0-255,66,82591,12,241898
10306,0.001244,172.31.36.0-255,66,82657,12,241898
10307,0.001249,172.217.160.0-255,3961,86618,12,241898
10308,0.001251,172.31.36.0-255,66,86684,12,241898
10309,0.001535,172.217.160.0-255,1484,88168,12,241898
10310,0.001542,172.217.160.0-255,2902,91070,12,241898
10311,0.001547,172.31.36.0-255,66,91136,12,241898
10312,0.001555,172.217.160.0-255,5738,96874,12,241898
10313,0.001556,172.31.36.0-255,66,96940,12,241898
10314,0.001563,172.217.160.0-255,5738,102678,12,241898
10315,0.001565,172.31.36.0-255,66,102744,12,241898
10316,0.001574,172.217.160.0-255,7156,109900,12,241898
10317,0.001576,172.31.36.0-255,66,109966,12,241898
10318,0.001603,172.217.160.0-255,5738,115704,12,241898
10319,0.001605,172.31.36.0-255,66,115770,12,241898
10320,0.001612,172.217.160.0-255,5020,120790,12,241898
10321,0.001614,172.31.36.0-255,66,120856,12,241898
10322,0.001639,172.217.160.0-255,5738,126594,12,241898
10323,0.001642,172.31.36.0-255,66,126660,12,241898
10324,0.001654,172.31.36.0-255,66,126726,12,241898
10325,0.001679,172.217.160.0-255,4320,131046,12,241898
10326,0.001682,172.31.36.0-255,66,131112,12,241898
10327,0.001693,172.31.36.0-255,66,131178,12,241898
10328,0.001713,172.217.160.0-255,5738,136916,12,241898
10329,0.001716,172.31.36.0-255,66,136982,12,241898
10330,0.001719,172.217.160.0-255,766,137748,12,241898
10331,0.001785,172.217.160.0-255,1484,139232,12,241898
10332,0.001788,172.31.36.0-255,66,139298,12,241898
10333,0.001794,172.217.160.0-255,2902,142200,12,241898
10334,0.001796,172.31.36.0-255,66,142266,12,241898
10335,0.001801,172.217.160.0-255,2902,145168,12,241898
10336,0.001803,172.31.36.0-255,66,145234,12,241898
10337,0.001836,172.217.160.0-255,7156,152390,12,241898
10338,0.001839,172.31.36.0-255,66,152456,12,241898
10339,0.001852,172.31.36.0-255,66,152522,12,241898
10340,0.00187,172.217.160.0-255,5738,158260,12,241898
10341,0.001873,172.31.36.0-255,66,158326,12,241898
10342,0.001878,172.217.160.0-255,3602,161928,12,241898
10343,0.001881,172.31.36.0-255,66,161994,12,241898
10344,0.00378,172.217.160.0-255,4320,166314,12,241898
10345,0.003788,172.31.36.0-255,66,166380,12,241898
10346,0.003807,172.217.160.0-255,1484,167864,12,241898
10347,0.005705,172.217.160.0-255,4320,172184,12,241898
10348,0.005709,172.31.36.0-255,66,172250,12,241898
10349,0.007618,172.217.160.0-255,5738,177988,12,241898
10350,0.007624,172.31.36.0-255,66,178054,12,241898
10351,0.009544,172.217.160.0-255,5738,183792,12,241898
10352,0.009551,172.31.36.0-255,66,183858,12,241898
10353,0.011471,172.217.160.0-255,5738,189596,12,241898
10354,0.011479,172.31.36.0-255,66,189662,12,241898
10355,0.013406,172.217.160.0-255,5738,195400,12,241898
10356,0.013413,172.31.36.0-255,66,195466,12,241898
10357,0.015336,172.217.160.0-255,5738,201204,12,241898
10358,0.015345,172.31.36.0-255,66,201270,12,241898
10359,0.01726,172.217.160.0-255,5738,207008,12,241898
10360,0.017267,172.31.36.0-255,66,207074,12,241898
10361,0.019191,172.217.160.0-255,5738,212812,12,241898
10362,0.019198,172.31.36.0-255,66,212878,12,241898
10363,0.02113,172.217.160.0-255,5738,218616,12,241898
10364,0.021138,172.31.36.0-255,66,218682,12,241898
10365,0.023058,172.217.160.0-255,5738,224420,12,241898
10366,0.023066,172.31.36.0-255,66,224486,12,241898
10367,0.024999,172.217.160.0-255,5738,230224,12,241898
10368,0.025006,172.31.36.0-255,66,230290,12,241898
10369,0.026927,172.217.160.0-255,5738,236028,12,241898
10370,0.026936,172.31.36.0-255,66,236094,12,241898
10371,0.028863,172.217.160.0-255,5738,241832,12,241898
10372,0.028871,172.31.36.0-255,66,241898,12,241898
10373,0.0,172.217.194.0-255,153,153,12,168323
10374,3.4e-05,172.31.36.0-255,66,219,12,168323
10375,4.2e-05,172.217.194.0-255,1484,1703,12,168323
10376,4.6e-05,172.31.36.0-255,66,1769,12,168323
10377,5.2e-05,172.217.194.0-255,2902,4671,12,168323
10378,6.3e-05,172.31.36.0-255,66,4737,12,168323
10379,7e-05,172.217.194.0-255,7156,11893,12,168323
10380,7.3e-05,172.31.36.0-255,66,11959,12,168323
10381,7.7e-05,172.217.194.0-255,2085,14044,12,168323
10382,7.9e-05,172.31.36.0-255,66,14110,12,168323
10383,0.000325,172.217.194.0-255,1484,15594,12,168323
10384,0.000331,172.31.36.0-255,66,15660,12,168323
10385,0.000337,172.217.194.0-255,2902,18562,12,168323
10386,0.00034,172.31.36.0-255,66,18628,12,168323
10387,0.000354,172.217.194.0-255,5738,24366,12,168323
10388,0.000357,172.31.36.0-255,66,24432,12,168323
10389,0.000404,172.31.36.0-255,66,24498,12,168323
10390,0.000412,172.217.194.0-255,7156,31654,12,168323
10391,0.000414,172.31.36.0-255,66,31720,12,168323
10392,0.000424,172.31.36.0-255,66,31786,12,168323
10393,0.000464,172.31.36.0-255,66,31852,12,168323
10394,0.000467,172.217.194.0-255,341,32193,12,168323
10395,0.00047,172.31.36.0-255,66,32259,12,168323
10396,0.00054,172.217.194.0-255,119,32378,12,168323
10397,0.000545,172.31.36.0-255,66,32444,12,168323
10398,0.000658,172.217.194.0-255,1484,33928,12,168323
10399,0.000663,172.31.36.0-255,66,33994,12,168323
10400,0.000668,172.217.194.0-255,2902,36896,12,168323
10401,0.000671,172.31.36.0-255,66,36962,12,168323
10402,0.000676,172.217.194.0-255,4320,41282,12,168323
10403,0.000685,172.31.36.0-255,66,41348,12,168323
10404,0.000729,172.217.194.0-255,1484,42832,12,168323
10405,0.000746,172.31.36.0-255,66,42898,12,168323
10406,0.000765,172.31.36.0-255,66,42964,12,168323
10407,0.000883,172.217.194.0-255,1484,44448,12,168323
10408,0.00089,172.217.194.0-255,2902,47350,12,168323
10409,0.000894,172.31.36.0-255,66,47416,12,168323
10410,0.0009,172.217.194.0-255,4320,51736,12,168323
10411,0.000902,172.31.36.0-255,66,51802,12,168323
10412,0.000926,172.217.194.0-255,1484,53286,12,168323
10413,0.000944,172.217.194.0-255,7156,60442,12,168323
10414,0.000944,172.31.36.0-255,66,60508,12,168323
10415,0.000951,172.31.36.0-255,66,60574,12,168323
10416,0.000976,172.217.194.0-255,3602,64176,12,168323
10417,0.000982,172.31.36.0-255,66,64242,12,168323
10418,0.00191,172.217.194.0-255,1484,65726,12,168323
10419,0.001924,172.217.194.0-255,2902,68628,12,168323
10420,0.001931,172.31.36.0-255,66,68694,12,168323
10421,0.00194,172.217.194.0-255,5738,74432,12,168323
10422,0.001942,172.31.36.0-255,66,74498,12,168323
10423,0.001957,172.217.194.0-255,7156,81654,12,168323
10424,0.00196,172.31.36.0-255,66,81720,12,168323
10425,0.001994,172.217.194.0-255,5738,87458,12,168323
10426,0.001996,172.31.36.0-255,66,87524,12,168323
10427,0.00201,172.31.36.0-255,66,87590,12,168323
10428,0.004021,172.217.194.0-255,5738,93328,12,168323
10429,0.00403,172.31.36.0-255,66,93394,12,168323
10430,0.006055,172.217.194.0-255,5738,99132,12,168323
10431,0.006061,172.31.36.0-255,66,99198,12,168323
10432,0.008115,172.217.194.0-255,5738,104936,12,168323
10433,0.008129,172.31.36.0-255,66,105002,12,168323
10434,0.010196,172.217.194.0-255,5738,110740,12,168323
10435,0.010212,172.31.36.0-255,66,110806,12,168323
10436,0.012312,172.217.194.0-255,5738,116544,12,168323
10437,0.012333,172.31.36.0-255,66,116610,12,168323
10438,0.014352,172.217.194.0-255,5738,122348,12,168323
10439,0.014366,172.31.36.0-255,66,122414,12,168323
10440,0.016461,172.217.194.0-255,5738,128152,12,168323
10441,0.016475,172.31.36.0-255,66,128218,12,168323
10442,0.018545,172.217.194.0-255,5738,133956,12,168323
10443,0.018564,172.31.36.0-255,66,134022,12,168323
10444,0.020655,172.217.194.0-255,5738,139760,12,168323
10445,0.020669,172.31.36.0-255,66,139826,12,168323
10446,0.022718,172.217.194.0-255,5738,145564,12,168323
10447,0.022741,172.31.36.0-255,66,145630,12,168323
10448,0.024759,172.217.194.0-255,5738,151368,12,168323
10449,0.024768,172.31.36.0-255,66,151434,12,168323
10450,0.025549,172.31.36.0-255,172,151606,12,168323
10451,0.025581,172.31.36.0-255,1108,152714,12,168323
10452,0.025641,172.31.36.0-255,1514,154228,12,168323
10453,0.025643,172.31.36.0-255,1514,155742,12,168323
10454,0.025668,172.31.36.0-255,709,156451,12,168323
10455,0.026799,172.217.194.0-255,5738,162189,12,168323
10456,0.026808,172.31.36.0-255,66,162255,12,168323
10457,0.027093,104.244.42.0-255,66,162321,12,168323
10458,0.027134,104.244.42.0-255,66,162387,12,168323
10459,0.027181,104.244.42.0-255,66,162453,12,168323
10460,0.027248,104.244.42.0-255,66,162519,12,168323
10461,0.028896,172.217.194.0-255,5738,168257,12,168323
10462,0.028911,172.31.36.0-255,66,168323,12,168323
10463,0.0,172.217.194.0-255,153,153,12,275397
10464,2e-05,172.31.36.0-255,66,219,12,275397
10465,2.8e-05,172.217.194.0-255,1484,1703,12,275397
10466,3.2e-05,172.31.36.0-255,66,1769,12,275397
10467,4.9e-05,172.217.194.0-255,2902,4671,12,275397
10468,5.3e-05,172.31.36.0-255,66,4737,12,275397
10469,6.2e-05,172.217.194.0-255,7156,11893,12,275397
10470,6.7e-05,172.31.36.0-255,66,11959,12,275397
10471,7.1e-05,172.217.194.0-255,2055,14014,12,275397
10472,7.5e-05,172.31.36.0-255,66,14080,12,275397
10473,8.9e-05,172.31.36.0-255,66,14146,12,275397
10474,9.6e-05,172.217.194.0-255,5379,19525,12,275397
10475,9.8e-05,172.31.36.0-255,66,19591,12,275397
10476,0.000131,172.217.194.0-255,1484,21075,12,275397
10477,0.000133,172.31.36.0-255,66,21141,12,275397
10478,0.000139,172.217.194.0-255,2902,24043,12,275397
10479,0.000141,172.31.36.0-255,66,24109,12,275397
10480,0.000172,172.217.194.0-255,5738,29847,12,275397
10481,0.000175,172.31.36.0-255,66,29913,12,275397
10482,0.000181,172.217.194.0-255,5738,35651,12,275397
10483,0.000183,172.31.36.0-255,66,35717,12,275397
10484,0.000232,172.217.194.0-255,1125,36842,12,275397
10485,0.000235,172.31.36.0-255,66,36908,12,275397
10486,0.000264,172.217.194.0-255,1484,38392,12,275397
10487,0.000266,172.31.36.0-255,66,38458,12,275397
10488,0.000271,172.217.194.0-255,2902,41360,12,275397
10489,0.000274,172.31.36.0-255,66,41426,12,275397
10490,0.000285,172.217.194.0-255,5738,47164,12,275397
10491,0.000287,172.31.36.0-255,66,47230,12,275397
10492,0.000334,172.217.194.0-255,6797,54027,12,275397
10493,0.000337,172.31.36.0-255,66,54093,12,275397
10494,0.000362,172.217.194.0-255,375,54468,12,275397
10495,0.000557,172.217.194.0-255,98,54566,12,275397
10496,0.000608,172.217.194.0-255,1484,56050,12,275397
10497,0.000613,172.217.194.0-255,1484,57534,12,275397
10498,0.000629,172.217.194.0-255,1484,59018,12,275397
10499,0.000637,172.31.36.0-255,66,59084,12,275397
10500,0.000671,172.217.194.0-255,5738,64822,12,275397
10501,0.000676,172.217.194.0-255,2902,67724,12,275397
10502,0.000695,172.31.36.0-255,66,67790,12,275397
10503,0.000731,172.217.194.0-255,4320,72110,12,275397
10504,0.000747,172.31.36.0-255,66,72176,12,275397
10505,0.00078,172.217.194.0-255,5738,77914,12,275397
10506,0.000794,172.217.194.0-255,766,78680,12,275397
10507,0.000802,172.31.36.0-255,66,78746,12,275397
10508,0.000851,172.217.194.0-255,1484,80230,12,275397
10509,0.00087,172.217.194.0-255,1484,81714,12,275397
10510,0.000878,172.31.36.0-255,66,81780,12,275397
10511,0.000888,172.217.194.0-255,2902,84682,12,275397
10512,0.000907,172.217.194.0-255,5738,90420,12,275397
10513,0.000919,172.217.194.0-255,1484,91904,12,275397
10514,0.000937,172.31.36.0-255,66,91970,12,275397
10515,0.000942,172.217.194.0-255,2902,94872,12,275397
10516,0.000948,172.31.36.0-255,66,94938,12,275397
10517,0.000975,172.217.194.0-255,5738,100676,12,275397
10518,0.000989,172.217.194.0-255,2902,103578,12,275397
10519,0.001001,172.217.194.0-255,1484,105062,12,275397
10520,0.001012,172.217.194.0-255,2902,107964,12,275397
10521,0.00102,172.31.36.0-255,66,108030,12,275397
10522,0.001031,172.217.194.0-255,4741,112771,12,275397
10523,0.00105,172.31.36.0-255,66,112837,12,275397
10524,0.001201,172.217.194.0-255,1484,114321,12,275397
10525,0.001225,172.217.194.0-255,2902,117223,12,275397
10526,0.001232,172.217.194.0-255,5738,122961,12,275397
10527,0.001243,172.31.36.0-255,66,123027,12,275397
10528,0.001256,172.217.194.0-255,7156,130183,12,275397
10529,0.001267,172.31.36.0-255,66,130249,12,275397
10530,0.001294,172.217.194.0-255,5738,135987,12,275397
10531,0.001312,172.217.194.0-255,4320,140307,12,275397
10532,0.001317,172.31.36.0-255,66,140373,12,275397
10533,0.001348,172.217.194.0-255,6438,146811,12,275397
10534,0.001378,172.31.36.0-255,66,146877,12,275397
10535,0.001513,172.217.194.0-255,1484,148361,12,275397
10536,0.001577,172.217.194.0-255,2902,151263,12,275397
10537,0.001581,172.217.194.0-255,1484,152747,12,275397
10538,0.001588,172.31.36.0-255,66,152813,12,275397
10539,0.001598,172.217.194.0-255,2902,155715,12,275397
10540,0.001621,172.217.194.0-255,5738,161453,12,275397
10541,0.001638,172.217.194.0-255,2902,164355,12,275397
10542,0.001664,172.31.36.0-255,66,164421,12,275397
10543,0.001668,172.31.36.0-255,66,164487,12,275397
10544,0.001712,172.217.194.0-255,7156,171643,12,275397
10545,0.001722,172.31.36.0-255,66,171709,12,275397
10546,0.00176,172.217.194.0-255,5738,177447,12,275397
10547,0.001766,172.31.36.0-255,66,177513,12,275397
10548,0.001859,172.31.36.0-255,66,177579,12,275397
10549,0.001863,172.217.194.0-255,1484,179063,12,275397
10550,0.001867,172.217.194.0-255,2902,181965,12,275397
10551,0.001878,172.31.36.0-255,66,182031,12,275397
10552,0.001896,172.217.194.0-255,5738,187769,12,275397
10553,0.001903,172.217.194.0-255,5738,193507,12,275397
10554,0.001925,172.31.36.0-255,66,193573,12,275397
10555,0.001952,172.217.194.0-255,7156,200729,12,275397
10556,0.001968,172.217.194.0-255,5738,206467,12,275397
10557,0.001974,172.217.194.0-255,5020,211487,12,275397
10558,0.001989,172.31.36.0-255,66,211553,12,275397
10559,0.003979,172.217.194.0-255,5738,217291,12,275397
10560,0.005417,172.31.36.0-255,66,217357,12,275397
10561,0.007399,172.217.194.0-255,5738,223095,12,275397
10562,0.007405,172.31.36.0-255,66,223161,12,275397
10563,0.009379,172.217.194.0-255,5738,228899,12,275397
10564,0.009816,172.31.36.0-255,66,228965,12,275397
10565,0.011828,172.217.194.0-255,5738,234703,12,275397
10566,0.011835,172.31.36.0-255,66,234769,12,275397
10567,0.013848,172.217.194.0-255,5738,240507,12,275397
10568,0.01616,172.31.36.0-255,66,240573,12,275397
10569,0.018162,172.217.194.0-255,5738,246311,12,275397
10570,0.018173,172.31.36.0-255,66,246377,12,275397
10571,0.020178,172.217.194.0-255,5738,252115,12,275397
10572,0.020188,172.31.36.0-255,66,252181,12,275397
10573,0.022189,172.217.194.0-255,5738,257919,12,275397
10574,0.022196,172.31.36.0-255,66,257985,12,275397
10575,0.024187,172.217.194.0-255,5738,263723,12,275397
10576,0.024195,172.31.36.0-255,66,263789,12,275397
10577,0.026166,172.217.194.0-255,5738,269527,12,275397
10578,0.026175,172.31.36.0-255,66,269593,12,275397
10579,0.028165,172.217.194.0-255,5738,275331,12,275397
10580,0.028173,172.31.36.0-255,66,275397,12,275397
10581,0.0,74.125.24.0-255,153,153,12,251777
10582,3.3e-05,172.31.36.0-255,66,219,12,251777
10583,4e-05,74.125.24.0-255,1484,1703,12,251777
10584,4.5e-05,172.31.36.0-255,66,1769,12,251777
10585,5e-05,74.125.24.0-255,2902,4671,12,251777
10586,5.2e-05,172.31.36.0-255,66,4737,12,251777
10587,5.9e-05,74.125.24.0-255,7156,11893,12,251777
10588,6.1e-05,172.31.36.0-255,66,11959,12,251777
10589,6.7e-05,74.125.24.0-255,3395,15354,12,251777
10590,6.9e-05,172.31.36.0-255,66,15420,12,251777
10591,0.000117,172.31.36.0-255,66,15486,12,251777
10592,0.000137,74.125.24.0-255,2902,18388,12,251777
10593,0.00014,172.31.36.0-255,66,18454,12,251777
10594,0.000144,74.125.24.0-255,1484,19938,12,251777
10595,0.000146,172.31.36.0-255,66,20004,12,251777
10596,0.000163,74.125.24.0-255,4320,24324,12,251777
10597,0.000166,172.31.36.0-255,66,24390,12,251777
10598,0.000191,74.125.24.0-255,5738,30128,12,251777
10599,0.000194,172.31.36.0-255,66,30194,12,251777
10600,0.000218,172.31.36.0-255,66,30260,12,251777
10601,0.000222,74.125.24.0-255,2902,33162,12,251777
10602,0.000224,172.31.36.0-255,66,33228,12,251777
10603,0.000264,172.31.36.0-255,66,33294,12,251777
10604,0.00028,74.125.24.0-255,1395,34689,12,251777
10605,0.000282,172.31.36.0-255,66,34755,12,251777
10606,0.000353,74.125.24.0-255,127,34882,12,251777
10607,0.000357,172.31.36.0-255,66,34948,12,251777
10608,0.000602,74.125.24.0-255,1484,36432,12,251777
10609,0.000606,172.31.36.0-255,66,36498,12,251777
10610,0.000612,74.125.24.0-255,2902,39400,12,251777
10611,0.000614,172.31.36.0-255,66,39466,12,251777
10612,0.000628,74.125.24.0-255,2902,42368,12,251777
10613,0.000631,172.31.36.0-255,66,42434,12,251777
10614,0.000647,74.125.24.0-255,2902,45336,12,251777
10615,0.00065,172.31.36.0-255,66,45402,12,251777
10616,0.000657,74.125.24.0-255,5738,51140,12,251777
10617,0.000662,172.31.36.0-255,66,51206,12,251777
10618,0.000675,74.125.24.0-255,1484,52690,12,251777
10619,0.000697,172.31.36.0-255,66,52756,12,251777
10620,0.000711,74.125.24.0-255,2902,55658,12,251777
10621,0.000713,74.125.24.0-255,1484,57142,12,251777
10622,0.000714,172.31.36.0-255,66,57208,12,251777
10623,0.000737,74.125.24.0-255,3602,60810,12,251777
10624,0.00074,172.31.36.0-255,66,60876,12,251777
10625,0.000745,74.125.24.0-255,4320,65196,12,251777
10626,0.000747,172.31.36.0-255,66,65262,12,251777
10627,0.000759,74.125.24.0-255,1484,66746,12,251777
10628,0.000774,74.125.24.0-255,5738,72484,12,251777
10629,0.000777,172.31.36.0-255,66,72550,12,251777
10630,0.000798,74.125.24.0-255,7156,79706,12,251777
10631,0.000802,172.31.36.0-255,66,79772,12,251777
10632,0.000822,74.125.24.0-255,1484,81256,12,251777
10633,0.000833,74.125.24.0-255,1484,82740,12,251777
10634,0.000836,172.31.36.0-255,66,82806,12,251777
10635,0.000855,172.31.36.0-255,66,82872,12,251777
10636,0.000878,74.125.24.0-255,3602,86474,12,251777
10637,0.000882,172.31.36.0-255,66,86540,12,251777
10638,0.000924,74.125.24.0-255,1484,88024,12,251777
10639,0.000928,74.125.24.0-255,2902,90926,12,251777
10640,0.000931,172.31.36.0-255,66,90992,12,251777
10641,0.000967,74.125.24.0-255,5738,96730,12,251777
10642,0.00097,172.31.36.0-255,66,96796,12,251777
10643,0.001033,172.31.36.0-255,66,96862,12,251777
10644,0.001042,172.31.36.0-255,66,96928,12,251777
10645,0.001081,172.31.36.0-255,66,96994,12,251777
10646,0.001085,74.125.24.0-255,2902,99896,12,251777
10647,0.001087,172.31.36.0-255,66,99962,12,251777
10648,0.001103,74.125.24.0-255,5738,105700,12,251777
10649,0.001105,172.31.36.0-255,66,105766,12,251777
10650,0.001121,74.125.24.0-255,1484,107250,12,251777
10651,0.001148,74.125.24.0-255,4320,111570,12,251777
10652,0.001151,172.31.36.0-255,66,111636,12,251777
10653,0.001181,172.31.36.0-255,66,111702,12,251777
10654,0.001398,74.125.24.0-255,1484,113186,12,251777
10655,0.001403,74.125.24.0-255,1484,114670,12,251777
10656,0.001406,172.31.36.0-255,66,114736,12,251777
10657,0.001419,74.125.24.0-255,1484,116220,12,251777
10658,0.001436,74.125.24.0-255,5738,121958,12,251777
10659,0.001438,172.31.36.0-255,66,122024,12,251777
10660,0.001442,74.125.24.0-255,1484,123508,12,251777
10661,0.00146,74.125.24.0-255,5738,129246,12,251777
10662,0.001463,172.31.36.0-255,66,129312,12,251777
10663,0.001481,74.125.24.0-255,1484,130796,12,251777
10664,0.001496,74.125.24.0-255,4320,135116,12,251777
10665,0.001499,172.31.36.0-255,66,135182,12,251777
10666,0.001526,172.31.36.0-255,66,135248,12,251777
10667,0.00153,74.125.24.0-255,2184,137432,12,251777
10668,0.001533,172.31.36.0-255,66,137498,12,251777
10669,0.001679,74.125.24.0-255,1484,138982,12,251777
10670,0.001684,74.125.24.0-255,2902,141884,12,251777
10671,0.001687,172.31.36.0-255,66,141950,12,251777
10672,0.001693,74.125.24.0-255,5738,147688,12,251777
10673,0.001698,172.31.36.0-255,66,147754,12,251777
10674,0.001708,172.31.36.0-255,66,147820,12,251777
10675,0.001727,74.125.24.0-255,4320,152140,12,251777
10676,0.00173,172.31.36.0-255,66,152206,12,251777
10677,0.001737,74.125.24.0-255,7156,159362,12,251777
10678,0.001739,172.31.36.0-255,66,159428,12,251777
10679,0.001744,74.125.24.0-255,3602,163030,12,251777
10680,0.001746,172.31.36.0-255,66,163096,12,251777
10681,0.001751,74.125.24.0-255,2902,165998,12,251777
10682,0.001753,172.31.36.0-255,66,166064,12,251777
10683,0.001774,74.125.24.0-255,1484,167548,12,251777
10684,0.001779,74.125.24.0-255,2902,170450,12,251777
10685,0.001783,172.31.36.0-255,66,170516,12,251777
10686,0.001812,74.125.24.0-255,7156,177672,12,251777
10687,0.001815,172.31.36.0-255,66,177738,12,251777
10688,0.001819,74.125.24.0-255,1484,179222,12,251777
10689,0.001836,74.125.24.0-255,4320,183542,12,251777
10690,0.001839,172.31.36.0-255,66,183608,12,251777
10691,0.001878,172.31.36.0-255,66,183674,12,251777
10692,0.001884,74.125.24.0-255,3602,187276,12,251777
10693,0.001887,172.31.36.0-255,66,187342,12,251777
10694,0.001938,74.125.24.0-255,1484,188826,12,251777
10695,0.001964,74.125.24.0-255,2902,191728,12,251777
10696,0.001969,172.31.36.0-255,66,191794,12,251777
10697,0.001975,74.125.24.0-255,5738,197532,12,251777
10698,0.001977,172.31.36.0-255,66,197598,12,251777
10699,0.001985,74.125.24.0-255,7156,204754,12,251777
10700,0.001987,172.31.36.0-255,66,204820,12,251777
10701,0.002012,74.125.24.0-255,2902,207722,12,251777
10702,0.002015,172.31.36.0-255,66,207788,12,251777
10703,0.002058,74.125.24.0-255,4320,212108,12,251777
10704,0.002062,172.31.36.0-255,66,212174,12,251777
10705,0.002085,172.31.36.0-255,66,212240,12,251777
10706,0.002109,74.125.24.0-255,1484,213724,12,251777
10707,0.002126,74.125.24.0-255,1484,215208,12,251777
10708,0.002129,172.31.36.0-255,66,215274,12,251777
10709,0.002149,74.125.24.0-255,1484,216758,12,251777
10710,0.002156,74.125.24.0-255,5738,222496,12,251777
10711,0.002159,172.31.36.0-255,66,222562,12,251777
10712,0.002178,74.125.24.0-255,2902,225464,12,251777
10713,0.002182,172.31.36.0-255,66,225530,12,251777
10714,0.00222,172.31.36.0-255,66,225596,12,251777
10715,0.002221,74.125.24.0-255,7156,232752,12,251777
10716,0.002224,172.31.36.0-255,66,232818,12,251777
10717,0.002246,74.125.24.0-255,3602,236420,12,251777
10718,0.002249,172.31.36.0-255,66,236486,12,251777
10719,0.002272,74.125.24.0-255,4320,240806,12,251777
10720,0.002276,172.31.36.0-255,66,240872,12,251777
10721,0.002309,172.31.36.0-255,66,240938,12,251777
10722,0.002312,74.125.24.0-255,1484,242422,12,251777
10723,0.00234,172.31.36.0-255,66,242488,12,251777
10724,0.002365,74.125.24.0-255,5738,248226,12,251777
10725,0.002369,172.31.36.0-255,66,248292,12,251777
10726,0.002375,74.125.24.0-255,3077,251369,12,251777
10727,0.002377,172.31.36.0-255,66,251435,12,251777
10728,0.002413,74.125.24.0-255,105,251540,12,251777
10729,0.016307,172.31.36.0-255,66,251606,12,251777
10730,0.016339,172.31.36.0-255,105,251711,12,251777
10731,0.018693,74.125.24.0-255,66,251777,12,251777
10732,0.0,172.217.194.0-255,153,153,12,201014
10733,3.6e-05,172.31.36.0-255,66,219,12,201014
10734,4.3e-05,172.217.194.0-255,1484,1703,12,201014
10735,4.7e-05,172.31.36.0-255,66,1769,12,201014
10736,5.3e-05,172.217.194.0-255,2902,4671,12,201014
10737,5.7e-05,172.31.36.0-255,66,4737,12,201014
10738,6.4e-05,172.217.194.0-255,5738,10475,12,201014
10739,6.7e-05,172.31.36.0-255,66,10541,12,201014
10740,9.8e-05,172.217.194.0-255,3456,13997,12,201014
10741,0.0001,172.31.36.0-255,66,14063,12,201014
10742,0.000107,172.217.194.0-255,4320,18383,12,201014
10743,0.00011,172.31.36.0-255,66,18449,12,201014
10744,0.000128,172.217.194.0-255,7156,25605,12,201014
10745,0.00013,172.31.36.0-255,66,25671,12,201014
10746,0.000148,172.217.194.0-255,2902,28573,12,201014
10747,0.00015,172.31.36.0-255,66,28639,12,201014
10748,0.000158,172.217.194.0-255,7156,35795,12,201014
10749,0.00016,172.31.36.0-255,66,35861,12,201014
10750,0.000208,172.217.194.0-255,4320,40181,12,201014
10751,0.000212,172.31.36.0-255,66,40247,12,201014
10752,0.000236,172.31.36.0-255,66,40313,12,201014
10753,0.000515,172.217.194.0-255,1484,41797,12,201014
10754,0.000521,172.31.36.0-255,66,41863,12,201014
10755,0.000527,172.217.194.0-255,2902,44765,12,201014
10756,0.000529,172.31.36.0-255,66,44831,12,201014
10757,0.000535,172.217.194.0-255,5738,50569,12,201014
10758,0.000537,172.31.36.0-255,66,50635,12,201014
10759,0.000573,172.217.194.0-255,4320,54955,12,201014
10760,0.000577,172.31.36.0-255,66,55021,12,201014
10761,0.000596,172.217.194.0-255,2543,57564,12,201014
10762,0.000599,172.31.36.0-255,66,57630,12,201014
10763,0.000632,172.217.194.0-255,646,58276,12,201014
10764,0.00065,172.217.194.0-255,1484,59760,12,201014
10765,0.000653,172.31.36.0-255,66,59826,12,201014
10766,0.000674,172.217.194.0-255,2902,62728,12,201014
10767,0.000677,172.31.36.0-255,66,62794,12,201014
10768,0.000684,172.217.194.0-255,5738,68532,12,201014
10769,0.000686,172.31.36.0-255,66,68598,12,201014
10770,0.000699,172.217.194.0-255,1484,70082,12,201014
10771,0.000725,172.31.36.0-255,66,70148,12,201014
10772,0.000773,172.217.194.0-255,1484,71632,12,201014
10773,0.000807,172.31.36.0-255,66,71698,12,201014
10774,0.001045,172.217.194.0-255,1484,73182,12,201014
10775,0.001062,172.217.194.0-255,2902,76084,12,201014
10776,0.001065,172.31.36.0-255,66,76150,12,201014
10777,0.001108,172.217.194.0-255,2902,79052,12,201014
10778,0.001112,172.31.36.0-255,66,79118,12,201014
10779,0.001119,172.217.194.0-255,7156,86274,12,201014
10780,0.001122,172.31.36.0-255,66,86340,12,201014
10781,0.001126,172.217.194.0-255,2902,89242,12,201014
10782,0.001128,172.31.36.0-255,66,89308,12,201014
10783,0.001153,172.217.194.0-255,2902,92210,12,201014
10784,0.001156,172.31.36.0-255,66,92276,12,201014
10785,0.00121,172.217.194.0-255,4320,96596,12,201014
10786,0.001213,172.31.36.0-255,66,96662,12,201014
10787,0.001242,172.31.36.0-255,66,96728,12,201014
10788,0.001485,172.217.194.0-255,1484,98212,12,201014
10789,0.001496,172.217.194.0-255,2902,101114,12,201014
10790,0.0015,172.31.36.0-255,66,101180,12,201014
10791,0.001528,172.217.194.0-255,5738,106918,12,201014
10792,0.001531,172.31.36.0-255,66,106984,12,201014
10793,0.001561,172.217.194.0-255,5738,112722,12,201014
10794,0.001564,172.31.36.0-255,66,112788,12,201014
10795,0.00157,172.217.194.0-255,4320,117108,12,201014
10796,0.001572,172.31.36.0-255,66,117174,12,201014
10797,0.001604,172.31.36.0-255,66,117240,12,201014
10798,0.00161,172.217.194.0-255,5020,122260,12,201014
10799,0.001613,172.31.36.0-255,66,122326,12,201014
10800,0.003891,172.217.194.0-255,1484,123810,12,201014
10801,0.0039,172.217.194.0-255,2902,126712,12,201014
10802,0.003905,172.31.36.0-255,66,126778,12,201014
10803,0.00391,172.217.194.0-255,1484,128262,12,201014
10804,0.006203,172.217.194.0-255,4320,132582,12,201014
10805,0.006208,172.31.36.0-255,66,132648,12,201014
10806,0.00853,172.217.194.0-255,5738,138386,12,201014
10807,0.008538,172.31.36.0-255,66,138452,12,201014
10808,0.010871,172.217.194.0-255,5738,144190,12,201014
10809,0.010879,172.31.36.0-255,66,144256,12,201014
10810,0.013183,172.217.194.0-255,5738,149994,12,201014
10811,0.013191,172.31.36.0-255,66,150060,12,201014
10812,0.015546,172.217.194.0-255,5738,155798,12,201014
10813,0.015553,172.31.36.0-255,66,155864,12,201014
10814,0.017854,172.217.194.0-255,5738,161602,12,201014
10815,0.017861,172.31.36.0-255,66,161668,12,201014
10816,0.020171,172.217.194.0-255,5738,167406,12,201014
10817,0.020179,172.31.36.0-255,66,167472,12,201014
10818,0.022471,172.217.194.0-255,5738,173210,12,201014
10819,0.022477,172.31.36.0-255,66,173276,12,201014
10820,0.023179,172.31.36.0-255,172,173448,12,201014
10821,0.023206,172.31.36.0-255,1109,174557,12,201014
10822,0.023253,172.31.36.0-255,1514,176071,12,201014
10823,0.023255,172.31.36.0-255,1514,177585,12,201014
10824,0.02326,172.31.36.0-255,1514,179099,12,201014
10825,0.023262,172.31.36.0-255,1514,180613,12,201014
10826,0.023281,172.31.36.0-255,1514,182127,12,201014
10827,0.023282,172.31.36.0-255,1211,183338,12,201014
10828,0.024733,104.244.42.0-255,66,183404,12,201014
10829,0.024743,104.244.42.0-255,66,183470,12,201014
10830,0.024783,172.217.194.0-255,5738,189208,12,201014
10831,0.024789,172.31.36.0-255,66,189274,12,201014
10832,0.024847,104.244.42.0-255,66,189340,12,201014
10833,0.024856,104.244.42.0-255,66,189406,12,201014
10834,0.027088,172.217.194.0-255,5738,195144,12,201014
10835,0.027101,172.31.36.0-255,66,195210,12,201014
10836,0.029398,172.217.194.0-255,5738,200948,12,201014
10837,0.029406,172.31.36.0-255,66,201014,12,201014
10838,0.0,172.217.194.0-255,147,147,12,193426
10839,2.5e-05,172.31.36.0-255,66,213,12,193426
10840,3.1e-05,172.217.194.0-255,1484,1697,12,193426
10841,3.5e-05,172.31.36.0-255,66,1763,12,193426
10842,3.9e-05,172.217.194.0-255,2902,4665,12,193426
10843,4.1e-05,172.31.36.0-255,66,4731,12,193426
10844,5.5e-05,172.217.194.0-255,7156,11887,12,193426
10845,5.8e-05,172.31.36.0-255,66,11953,12,193426
10846,9.6e-05,172.31.36.0-255,66,12019,12,193426
10847,0.000132,172.217.194.0-255,4880,16899,12,193426
10848,0.000135,172.31.36.0-255,66,16965,12,193426
10849,0.000141,172.217.194.0-255,3961,20926,12,193426
10850,0.000143,172.31.36.0-255,66,20992,12,193426
10851,0.000202,172.217.194.0-255,1484,22476,12,193426
10852,0.000205,172.31.36.0-255,66,22542,12,193426
10853,0.000232,172.217.194.0-255,2902,25444,12,193426
10854,0.000236,172.31.36.0-255,66,25510,12,193426
10855,0.000241,172.217.194.0-255,2902,28412,12,193426
10856,0.000243,172.31.36.0-255,66,28478,12,193426
10857,0.000265,172.217.194.0-255,2902,31380,12,193426
10858,0.000272,172.31.36.0-255,66,31446,12,193426
10859,0.000278,172.217.194.0-255,5738,37184,12,193426
10860,0.000281,172.31.36.0-255,66,37250,12,193426
10861,0.000313,172.217.194.0-255,3961,41211,12,193426
10862,0.000317,172.31.36.0-255,66,41277,12,193426
10863,0.000324,172.217.194.0-255,5738,47015,12,193426
10864,0.000326,172.31.36.0-255,66,47081,12,193426
10865,0.000368,172.31.36.0-255,66,47147,12,193426
10866,0.000535,172.217.194.0-255,1484,48631,12,193426
10867,0.000538,172.31.36.0-255,66,48697,12,193426
10868,0.000544,172.217.194.0-255,2902,51599,12,193426
10869,0.000546,172.31.36.0-255,66,51665,12,193426
10870,0.000576,172.217.194.0-255,5738,57403,12,193426
10871,0.000579,172.31.36.0-255,66,57469,12,193426
10872,0.000582,172.217.194.0-255,1484,58953,12,193426
10873,0.000598,172.217.194.0-255,4320,63273,12,193426
10874,0.0006,172.31.36.0-255,66,63339,12,193426
10875,0.000619,172.217.194.0-255,7156,70495,12,193426
10876,0.000621,172.31.36.0-255,66,70561,12,193426
10877,0.000646,172.217.194.0-255,5738,76299,12,193426
10878,0.000648,172.31.36.0-255,66,76365,12,193426
10879,0.000677,172.217.194.0-255,5020,81385,12,193426
10880,0.00068,172.31.36.0-255,66,81451,12,193426
10881,0.001178,172.217.194.0-255,1484,82935,12,193426
10882,0.001187,172.217.194.0-255,1484,84419,12,193426
10883,0.001191,172.31.36.0-255,66,84485,12,193426
10884,0.001206,172.217.194.0-255,1484,85969,12,193426
10885,0.001217,172.217.194.0-255,5738,91707,12,193426
10886,0.00122,172.31.36.0-255,66,91773,12,193426
10887,0.001231,172.31.36.0-255,66,91839,12,193426
10888,0.001259,172.217.194.0-255,4320,96159,12,193426
10889,0.001262,172.31.36.0-255,66,96225,12,193426
10890,0.001269,172.217.194.0-255,7156,103381,12,193426
10891,0.001272,172.31.36.0-255,66,103447,12,193426
10892,0.001298,172.217.194.0-255,3602,107049,12,193426
10893,0.001302,172.31.36.0-255,66,107115,12,193426
10894,0.001614,172.217.194.0-255,1484,108599,12,193426
10895,0.001621,172.217.194.0-255,2902,111501,12,193426
10896,0.001624,172.31.36.0-255,66,111567,12,193426
10897,0.001632,172.217.194.0-255,5738,117305,12,193426
10898,0.001634,172.31.36.0-255,66,117371,12,193426
10899,0.001645,172.217.194.0-255,1484,118855,12,193426
10900,0.001674,172.31.36.0-255,66,118921,12,193426
10901,0.001743,172.31.36.0-255,66,118987,12,193426
10902,0.00204,172.217.194.0-255,1484,120471,12,193426
10903,0.002046,172.217.194.0-255,1484,121955,12,193426
10904,0.002049,172.31.36.0-255,66,122021,12,193426
10905,0.00207,172.217.194.0-255,1484,123505,12,193426
10906,0.002077,172.217.194.0-255,5738,129243,12,193426
10907,0.002079,172.31.36.0-255,66,129309,12,193426
10908,0.002111,172.31.36.0-255,66,129375,12,193426
10909,0.002133,172.217.194.0-255,1484,130859,12,193426
10910,0.002146,172.31.36.0-255,66,130925,12,193426
10911,0.004762,172.217.194.0-255,5738,136663,12,193426
10912,0.004766,172.31.36.0-255,66,136729,12,193426
10913,0.007495,172.217.194.0-255,5738,142467,12,193426
10914,0.007502,172.31.36.0-255,66,142533,12,193426
10915,0.010131,172.217.194.0-255,5738,148271,12,193426
10916,0.010137,172.31.36.0-255,66,148337,12,193426
10917,0.012749,172.217.194.0-255,5738,154075,12,193426
10918,0.012756,172.31.36.0-255,66,154141,12,193426
10919,0.015401,172.217.194.0-255,5738,159879,12,193426
10920,0.015408,172.31.36.0-255,66,159945,12,193426
10921,0.018055,172.217.194.0-255,5738,165683,12,193426
10922,0.018065,172.31.36.0-255,66,165749,12,193426
10923,0.020681,172.217.194.0-255,5738,171487,12,193426
10924,0.02069,172.31.36.0-255,66,171553,12,193426
10925,0.023314,172.217.194.0-255,5738,177291,12,193426
10926,0.023321,172.31.36.0-255,66,177357,12,193426
10927,0.023719,172.31.36.0-255,172,177529,12,193426
10928,0.02376,172.31.36.0-255,1107,178636,12,193426
10929,0.023831,172.31.36.0-255,1514,180150,12,193426
10930,0.023833,172.31.36.0-255,1338,181488,12,193426
10931,0.025252,104.244.42.0-255,66,181554,12,193426
10932,0.025303,104.244.42.0-255,66,181620,12,193426
10933,0.025379,104.244.42.0-255,66,181686,12,193426
10934,0.025929,172.217.194.0-255,5738,187424,12,193426
10935,0.025935,172.31.36.0-255,66,187490,12,193426
10936,0.028596,172.217.194.0-255,2902,190392,12,193426
10937,0.028601,172.31.36.0-255,66,190458,12,193426
10938,0.028635,172.217.194.0-255,2902,193360,12,193426
10939,0.028638,172.31.36.0-255,66,193426,12,193426
10940,0.0,74.125.68.0-255,431,431,12,94211
10941,2e-05,74.125.68.0-255,1484,1915,12,94211
10942,3.2e-05,172.31.36.0-255,66,1981,12,94211
10943,4e-05,74.125.68.0-255,2902,4883,12,94211
10944,4.4e-05,172.31.36.0-255,66,4949,12,94211
10945,5.9e-05,74.125.68.0-255,5738,10687,12,94211
10946,6.2e-05,172.31.36.0-255,66,10753,12,94211
10947,0.000262,74.125.68.0-255,1484,12237,12,94211
10948,0.000347,172.31.36.0-255,66,12303,12,94211
10949,0.000747,74.125.68.0-255,5738,18041,12,94211
10950,0.000753,172.31.36.0-255,66,18107,12,94211
10951,0.000782,74.125.68.0-255,2902,21009,12,94211
10952,0.000785,172.31.36.0-255,66,21075,12,94211
10953,0.002354,74.125.68.0-255,5738,26813,12,94211
10954,0.002457,74.125.68.0-255,4320,31133,12,94211
10955,0.003034,74.125.68.0-255,5738,36871,12,94211
10956,0.003802,74.125.68.0-255,7156,44027,12,94211
10957,0.004503,74.125.68.0-255,7156,51183,12,94211
10958,0.004695,172.31.36.0-255,66,51249,12,94211
10959,0.005143,172.31.36.0-255,66,51315,12,94211
10960,0.007043,74.125.68.0-255,7156,58471,12,94211
10961,0.007051,172.31.36.0-255,66,58537,12,94211
10962,0.007136,74.125.68.0-255,1746,60283,12,94211
10963,0.007466,74.125.68.0-255,4320,64603,12,94211
10964,0.009384,74.125.68.0-255,5610,70213,12,94211
10965,0.009825,172.31.36.0-255,66,70279,12,94211
10966,0.012221,74.125.68.0-255,7156,77435,12,94211
10967,0.012229,172.31.36.0-255,66,77501,12,94211
10968,0.012294,172.31.36.0-255,66,77567,12,94211
10969,0.012415,172.31.36.0-255,66,77633,12,94211
10970,0.012486,172.31.36.0-255,66,77699,12,94211
10971,0.012926,172.31.36.0-255,66,77765,12,94211
10972,0.014597,172.31.36.0-255,66,77831,12,94211
10973,0.014646,74.125.68.0-255,5738,83569,12,94211
10974,0.014649,172.31.36.0-255,66,83635,12,94211
10975,0.01469,172.31.36.0-255,66,83701,12,94211
10976,0.014813,74.125.68.0-255,7156,90857,12,94211
10977,0.014817,172.31.36.0-255,66,90923,12,94211
10978,0.014853,172.31.36.0-255,66,90989,12,94211
10979,0.014939,172.31.36.0-255,66,91055,12,94211
10980,0.015345,172.31.36.0-255,66,91121,12,94211
10981,0.015391,172.31.36.0-255,66,91187,12,94211
10982,0.016342,172.31.36.0-255,105,91292,12,94211
10983,0.018623,74.125.68.0-255,66,91358,12,94211
10984,0.027322,172.31.36.0-255,164,91522,12,94211
10985,0.027352,172.31.36.0-255,1116,92638,12,94211
10986,0.027413,172.31.36.0-255,1507,94145,12,94211
10987,0.029044,104.244.42.0-255,66,94211,12,94211
10988,0.0,172.31.36.0-255,105,105,12,276
10989,0.001859,157.240.13.0-255,105,210,12,276
10990,0.001874,172.31.36.0-255,66,276,12,276
10991,0.0,74.125.200.0-255,153,153,12,324294
10992,2.2e-05,172.31.36.0-255,66,219,12,324294
10993,2.9e-05,74.125.200.0-255,1484,1703,12,324294
10994,3.4e-05,172.31.36.0-255,66,1769,12,324294
10995,4e-05,74.125.200.0-255,2902,4671,12,324294
10996,4.4e-05,172.31.36.0-255,66,4737,12,324294
10997,4.9e-05,74.125.200.0-255,2902,7639,12,324294
10998,5.2e-05,172.31.36.0-255,66,7705,12,324294
10999,5.8e-05,74.125.200.0-255,4320,12025,12,324294
11000,6e-05,172.31.36.0-255,66,12091,12,324294
11001,0.000105,74.125.200.0-255,5738,17829,12,324294
11002,0.000109,172.31.36.0-255,66,17895,12,324294
11003,0.00013,74.125.200.0-255,3519,21414,12,324294
11004,0.000133,172.31.36.0-255,66,21480,12,324294
11005,0.000145,172.31.36.0-255,66,21546,12,324294
11006,0.00018,172.31.36.0-255,66,21612,12,324294
11007,0.000185,74.125.200.0-255,3602,25214,12,324294
11008,0.000187,172.31.36.0-255,66,25280,12,324294
11009,0.000347,74.125.200.0-255,1484,26764,12,324294
11010,0.000352,172.31.36.0-255,66,26830,12,324294
11011,0.000358,74.125.200.0-255,2902,29732,12,324294
11012,0.000361,172.31.36.0-255,66,29798,12,324294
11013,0.000389,74.125.200.0-255,5738,35536,12,324294
11014,0.000392,172.31.36.0-255,66,35602,12,324294
11015,0.000398,74.125.200.0-255,5738,41340,12,324294
11016,0.000401,172.31.36.0-255,66,41406,12,324294
11017,0.000432,74.125.200.0-255,1473,42879,12,324294
11018,0.000435,172.31.36.0-255,66,42945,12,324294
11019,0.000467,74.125.200.0-255,1484,44429,12,324294
11020,0.00047,172.31.36.0-255,66,44495,12,324294
11021,0.000474,74.125.200.0-255,1484,45979,12,324294
11022,0.000492,74.125.200.0-255,2902,48881,12,324294
11023,0.000495,172.31.36.0-255,66,48947,12,324294
11024,0.000525,74.125.200.0-255,2902,51849,12,324294
11025,0.000528,172.31.36.0-255,66,51915,12,324294
11026,0.000547,74.125.200.0-255,2902,54817,12,324294
11027,0.000549,172.31.36.0-255,66,54883,12,324294
11028,0.00056,172.31.36.0-255,66,54949,12,324294
11029,0.000568,74.125.200.0-255,7156,62105,12,324294
11030,0.00057,172.31.36.0-255,66,62171,12,324294
11031,0.000587,74.125.200.0-255,2902,65073,12,324294
11032,0.00059,172.31.36.0-255,66,65139,12,324294
11033,0.000604,74.125.200.0-255,1484,66623,12,324294
11034,0.000628,74.125.200.0-255,2184,68807,12,324294
11035,0.000631,172.31.36.0-255,66,68873,12,324294
11036,0.000634,74.125.200.0-255,330,69203,12,324294
11037,0.000891,74.125.200.0-255,1484,70687,12,324294
11038,0.000897,172.31.36.0-255,66,70753,12,324294
11039,0.000918,74.125.200.0-255,2902,73655,12,324294
11040,0.00092,172.31.36.0-255,66,73721,12,324294
11041,0.000926,74.125.200.0-255,2902,76623,12,324294
11042,0.000927,172.31.36.0-255,66,76689,12,324294
11043,0.000944,74.125.200.0-255,2902,79591,12,324294
11044,0.000947,172.31.36.0-255,66,79657,12,324294
11045,0.000954,74.125.200.0-255,7156,86813,12,324294
11046,0.000956,172.31.36.0-255,66,86879,12,324294
11047,0.00103,172.31.36.0-255,66,86945,12,324294
11048,0.001048,74.125.200.0-255,5738,92683,12,324294
11049,0.001052,74.125.200.0-255,2184,94867,12,324294
11050,0.001056,172.31.36.0-255,66,94933,12,324294
11051,0.001059,172.31.36.0-255,66,94999,12,324294
11052,0.00123,74.125.200.0-255,1484,96483,12,324294
11053,0.001247,74.125.200.0-255,2902,99385,12,324294
11054,0.001252,172.31.36.0-255,66,99451,12,324294
11055,0.001281,74.125.200.0-255,5738,105189,12,324294
11056,0.001283,172.31.36.0-255,66,105255,12,324294
11057,0.001292,74.125.200.0-255,7156,112411,12,324294
11058,0.001294,172.31.36.0-255,66,112477,12,324294
11059,0.001311,74.125.200.0-255,5738,118215,12,324294
11060,0.001313,172.31.36.0-255,66,118281,12,324294
11061,0.00132,74.125.200.0-255,5738,124019,12,324294
11062,0.001323,172.31.36.0-255,66,124085,12,324294
11063,0.001352,74.125.200.0-255,5020,129105,12,324294
11064,0.001355,172.31.36.0-255,66,129171,12,324294
11065,0.001405,74.125.200.0-255,4320,133491,12,324294
11066,0.001408,172.31.36.0-255,66,133557,12,324294
11067,0.001429,74.125.200.0-255,1484,135041,12,324294
11068,0.001437,74.125.200.0-255,7156,142197,12,324294
11069,0.00144,172.31.36.0-255,66,142263,12,324294
11070,0.001452,74.125.200.0-255,1484,143747,12,324294
11071,0.001481,172.31.36.0-255,66,143813,12,324294
11072,0.001513,172.31.36.0-255,66,143879,12,324294
11073,0.00152,74.125.200.0-255,5738,149617,12,324294
11074,0.001522,172.31.36.0-255,66,149683,12,324294
11075,0.001549,74.125.200.0-255,1484,151167,12,324294
11076,0.001587,172.31.36.0-255,66,151233,12,324294
11077,0.001599,74.125.200.0-255,2902,154135,12,324294
11078,0.001602,172.31.36.0-255,66,154201,12,324294
11079,0.001608,74.125.200.0-255,5020,159221,12,324294
11080,0.001611,172.31.36.0-255,66,159287,12,324294
11081,0.001624,74.125.200.0-255,1484,160771,12,324294
11082,0.001644,74.125.200.0-255,2902,163673,12,324294
11083,0.001647,172.31.36.0-255,66,163739,12,324294
11084,0.001654,74.125.200.0-255,5738,169477,12,324294
11085,0.001656,172.31.36.0-255,66,169543,12,324294
11086,0.001688,74.125.200.0-255,5738,175281,12,324294
11087,0.001696,172.31.36.0-255,66,175347,12,324294
11088,0.001705,74.125.200.0-255,7156,182503,12,324294
11089,0.001707,172.31.36.0-255,66,182569,12,324294
11090,0.001722,74.125.200.0-255,4320,186889,12,324294
11091,0.001726,172.31.36.0-255,66,186955,12,324294
11092,0.001737,74.125.200.0-255,6438,193393,12,324294
11093,0.00174,172.31.36.0-255,66,193459,12,324294
11094,0.001818,74.125.200.0-255,1484,194943,12,324294
11095,0.001832,74.125.200.0-255,2902,197845,12,324294
11096,0.001835,172.31.36.0-255,66,197911,12,324294
11097,0.00185,74.125.200.0-255,4320,202231,12,324294
11098,0.001852,172.31.36.0-255,66,202297,12,324294
11099,0.001878,74.125.200.0-255,1484,203781,12,324294
11100,0.001884,74.125.200.0-255,5738,209519,12,324294
11101,0.001888,74.125.200.0-255,2902,212421,12,324294
11102,0.001894,172.31.36.0-255,66,212487,12,324294
11103,0.001897,172.31.36.0-255,66,212553,12,324294
11104,0.001914,74.125.200.0-255,4320,216873,12,324294
11105,0.001918,172.31.36.0-255,66,216939,12,324294
11106,0.001924,74.125.200.0-255,5738,222677,12,324294
11107,0.001926,172.31.36.0-255,66,222743,12,324294
11108,0.001947,74.125.200.0-255,5020,227763,12,324294
11109,0.00195,172.31.36.0-255,66,227829,12,324294
11110,0.001988,74.125.200.0-255,1484,229313,12,324294
11111,0.001992,74.125.200.0-255,1484,230797,12,324294
11112,0.001995,172.31.36.0-255,66,230863,12,324294
11113,0.002018,74.125.200.0-255,1484,232347,12,324294
11114,0.002026,74.125.200.0-255,5738,238085,12,324294
11115,0.002029,172.31.36.0-255,66,238151,12,324294
11116,0.002066,74.125.200.0-255,4320,242471,12,324294
11117,0.002068,172.31.36.0-255,66,242537,12,324294
11118,0.002093,74.125.200.0-255,5738,248275,12,324294
11119,0.002096,172.31.36.0-255,66,248341,12,324294
11120,0.002109,172.31.36.0-255,66,248407,12,324294
11121,0.002113,74.125.200.0-255,2184,250591,12,324294
11122,0.002116,172.31.36.0-255,66,250657,12,324294
11123,0.002152,74.125.200.0-255,1484,252141,12,324294
11124,0.002156,74.125.200.0-255,1484,253625,12,324294
11125,0.002159,172.31.36.0-255,66,253691,12,324294
11126,0.002179,74.125.200.0-255,1484,255175,12,324294
11127,0.002185,74.125.200.0-255,4320,259495,12,324294
11128,0.002187,172.31.36.0-255,66,259561,12,324294
11129,0.002193,74.125.200.0-255,5738,265299,12,324294
11130,0.002196,172.31.36.0-255,66,265365,12,324294
11131,0.002228,172.31.36.0-255,66,265431,12,324294
11132,0.002249,74.125.200.0-255,2902,268333,12,324294
11133,0.002252,172.31.36.0-255,66,268399,12,324294
11134,0.002257,74.125.200.0-255,4320,272719,12,324294
11135,0.002259,172.31.36.0-255,66,272785,12,324294
11136,0.002284,74.125.200.0-255,3602,276387,12,324294
11137,0.002287,172.31.36.0-255,66,276453,12,324294
11138,0.004521,74.125.200.0-255,1484,277937,12,324294
11139,0.004547,74.125.200.0-255,4320,282257,12,324294
11140,0.004551,172.31.36.0-255,66,282323,12,324294
11141,0.006839,74.125.200.0-255,5738,288061,12,324294
11142,0.006847,172.31.36.0-255,66,288127,12,324294
11143,0.00911,74.125.200.0-255,2902,291029,12,324294
11144,0.009115,172.31.36.0-255,66,291095,12,324294
11145,0.009136,74.125.200.0-255,2902,293997,12,324294
11146,0.009138,172.31.36.0-255,66,294063,12,324294
11147,0.011387,74.125.200.0-255,5738,299801,12,324294
11148,0.011394,172.31.36.0-255,66,299867,12,324294
11149,0.013667,74.125.200.0-255,5738,305605,12,324294
11150,0.013676,172.31.36.0-255,66,305671,12,324294
11151,0.01596,74.125.200.0-255,5738,311409,12,324294
11152,0.015968,172.31.36.0-255,66,311475,12,324294
11153,0.018258,74.125.200.0-255,4697,316172,12,324294
11154,0.018271,172.31.36.0-255,66,316238,12,324294
11155,0.018497,172.31.36.0-255,105,316343,12,324294
11156,0.020721,74.125.200.0-255,66,316409,12,324294
11157,0.028452,172.31.36.0-255,172,316581,12,324294
11158,0.028489,172.31.36.0-255,1108,317689,12,324294
11159,0.028559,172.31.36.0-255,1514,319203,12,324294
11160,0.028561,172.31.36.0-255,1514,320717,12,324294
11161,0.028562,172.31.36.0-255,1514,322231,12,324294
11162,0.028563,172.31.36.0-255,1514,323745,12,324294
11163,0.028564,172.31.36.0-255,549,324294,12,324294
11164,0.0,74.125.68.0-255,143,143,12,235854
11165,2.7e-05,172.31.36.0-255,66,209,12,235854
11166,3.4e-05,74.125.68.0-255,1484,1693,12,235854
11167,3.8e-05,172.31.36.0-255,66,1759,12,235854
11168,4.1e-05,74.125.68.0-255,1484,3243,12,235854
11169,4.3e-05,172.31.36.0-255,66,3309,12,235854
11170,5.7e-05,74.125.68.0-255,2902,6211,12,235854
11171,6e-05,172.31.36.0-255,66,6277,12,235854
11172,6.6e-05,74.125.68.0-255,5738,12015,12,235854
11173,6.9e-05,172.31.36.0-255,66,12081,12,235854
11174,7.3e-05,74.125.68.0-255,2030,14111,12,235854
11175,7.4e-05,172.31.36.0-255,66,14177,12,235854
11176,0.000139,74.125.68.0-255,1484,15661,12,235854
11177,0.000144,172.31.36.0-255,66,15727,12,235854
11178,0.000147,74.125.68.0-255,1484,17211,12,235854
11179,0.000149,172.31.36.0-255,66,17277,12,235854
11180,0.000182,74.125.68.0-255,1484,18761,12,235854
11181,0.000185,172.31.36.0-255,66,18827,12,235854
11182,0.000191,74.125.68.0-255,4320,23147,12,235854
11183,0.000194,172.31.36.0-255,66,23213,12,235854
11184,0.00023,74.125.68.0-255,4320,27533,12,235854
11185,0.000232,172.31.36.0-255,66,27599,12,235854
11186,0.000264,74.125.68.0-255,1484,29083,12,235854
11187,0.000268,172.31.36.0-255,66,29149,12,235854
11188,0.000273,74.125.68.0-255,2543,31692,12,235854
11189,0.000275,172.31.36.0-255,66,31758,12,235854
11190,0.000279,74.125.68.0-255,2902,34660,12,235854
11191,0.000282,172.31.36.0-255,66,34726,12,235854
11192,0.000289,74.125.68.0-255,7156,41882,12,235854
11193,0.000291,172.31.36.0-255,66,41948,12,235854
11194,0.000295,74.125.68.0-255,2902,44850,12,235854
11195,0.000297,172.31.36.0-255,66,44916,12,235854
11196,0.000326,74.125.68.0-255,3961,48877,12,235854
11197,0.000338,172.31.36.0-255,66,48943,12,235854
11198,0.000373,74.125.68.0-255,4320,53263,12,235854
11199,0.000378,74.125.68.0-255,1484,54747,12,235854
11200,0.000379,172.31.36.0-255,66,54813,12,235854
11201,0.00038,74.125.68.0-255,1484,56297,12,235854
11202,0.000384,172.31.36.0-255,66,56363,12,235854
11203,0.000398,74.125.68.0-255,1484,57847,12,235854
11204,0.000429,74.125.68.0-255,5738,63585,12,235854
11205,0.000434,74.125.68.0-255,2543,66128,12,235854
11206,0.000443,172.31.36.0-255,66,66194,12,235854
11207,0.00056,74.125.68.0-255,361,66555,12,235854
11208,0.000815,172.31.36.0-255,66,66621,12,235854
11209,0.001162,74.125.68.0-255,1484,68105,12,235854
11210,0.001174,74.125.68.0-255,2902,71007,12,235854
11211,0.001178,74.125.68.0-255,1484,72491,12,235854
11212,0.001193,74.125.68.0-255,1484,73975,12,235854
11213,0.001198,74.125.68.0-255,2902,76877,12,235854
11214,0.001214,74.125.68.0-255,1484,78361,12,235854
11215,0.001235,74.125.68.0-255,2902,81263,12,235854
11216,0.001251,74.125.68.0-255,2543,83806,12,235854
11217,0.001254,74.125.68.0-255,1484,85290,12,235854
11218,0.001271,74.125.68.0-255,4320,89610,12,235854
11219,0.001288,74.125.68.0-255,2902,92512,12,235854
11220,0.001309,74.125.68.0-255,7156,99668,12,235854
11221,0.001315,74.125.68.0-255,2902,102570,12,235854
11222,0.00134,74.125.68.0-255,4320,106890,12,235854
11223,0.001353,74.125.68.0-255,2184,109074,12,235854
11224,0.001811,74.125.68.0-255,1484,110558,12,235854
11225,0.001829,74.125.68.0-255,2902,113460,12,235854
11226,0.001847,74.125.68.0-255,5738,119198,12,235854
11227,0.001872,74.125.68.0-255,7156,126354,12,235854
11228,0.001902,74.125.68.0-255,7156,133510,12,235854
11229,0.001916,74.125.68.0-255,5738,139248,12,235854
11230,0.001985,74.125.68.0-255,2184,141432,12,235854
11231,0.001988,172.31.36.0-255,66,141498,12,235854
11232,0.001995,172.31.36.0-255,66,141564,12,235854
11233,0.002024,172.31.36.0-255,66,141630,12,235854
11234,0.002031,74.125.68.0-255,4320,145950,12,235854
11235,0.002037,74.125.68.0-255,4320,150270,12,235854
11236,0.00204,172.31.36.0-255,66,150336,12,235854
11237,0.002065,74.125.68.0-255,5020,155356,12,235854
11238,0.002076,172.31.36.0-255,66,155422,12,235854
11239,0.002164,74.125.68.0-255,1484,156906,12,235854
11240,0.002183,74.125.68.0-255,2902,159808,12,235854
11241,0.002196,172.31.36.0-255,66,159874,12,235854
11242,0.002201,74.125.68.0-255,5738,165612,12,235854
11243,0.002204,74.125.68.0-255,1484,167096,12,235854
11244,0.002212,172.31.36.0-255,66,167162,12,235854
11245,0.002253,172.31.36.0-255,66,167228,12,235854
11246,0.002257,74.125.68.0-255,1484,168712,12,235854
11247,0.002259,74.125.68.0-255,1484,170196,12,235854
11248,0.002267,172.31.36.0-255,66,170262,12,235854
11249,0.004492,74.125.68.0-255,4320,174582,12,235854
11250,0.004496,172.31.36.0-255,66,174648,12,235854
11251,0.004529,74.125.68.0-255,1484,176132,12,235854
11252,0.006699,74.125.68.0-255,4320,180452,12,235854
11253,0.006703,172.31.36.0-255,66,180518,12,235854
11254,0.008911,74.125.68.0-255,4320,184838,12,235854
11255,0.008918,172.31.36.0-255,66,184904,12,235854
11256,0.008955,74.125.68.0-255,1484,186388,12,235854
11257,0.011164,74.125.68.0-255,4320,190708,12,235854
11258,0.011174,172.31.36.0-255,66,190774,12,235854
11259,0.013397,74.125.68.0-255,5738,196512,12,235854
11260,0.01346,172.31.36.0-255,66,196578,12,235854
11261,0.015663,74.125.68.0-255,5738,202316,12,235854
11262,0.015668,172.31.36.0-255,66,202382,12,235854
11263,0.017887,74.125.68.0-255,5738,208120,12,235854
11264,0.017896,172.31.36.0-255,66,208186,12,235854
11265,0.020115,74.125.68.0-255,5738,213924,12,235854
11266,0.020124,172.31.36.0-255,66,213990,12,235854
11267,0.022337,74.125.68.0-255,4320,218310,12,235854
11268,0.022344,172.31.36.0-255,66,218376,12,235854
11269,0.022385,74.125.68.0-255,1484,219860,12,235854
11270,0.024555,74.125.68.0-255,4320,224180,12,235854
11271,0.024563,172.31.36.0-255,66,224246,12,235854
11272,0.026796,74.125.68.0-255,5738,229984,12,235854
11273,0.026857,172.31.36.0-255,66,230050,12,235854
11274,0.029077,74.125.68.0-255,5738,235788,12,235854
11275,0.029086,172.31.36.0-255,66,235854,12,235854
11276,0.0,74.125.68.0-255,156,156,12,128994
11277,2.5e-05,172.31.36.0-255,66,222,12,128994
11278,3.3e-05,74.125.68.0-255,1484,1706,12,128994
11279,3.9e-05,172.31.36.0-255,66,1772,12,128994
11280,4.5e-05,74.125.68.0-255,2902,4674,12,128994
11281,4.9e-05,172.31.36.0-255,66,4740,12,128994
11282,5.5e-05,74.125.68.0-255,4320,9060,12,128994
11283,5.7e-05,172.31.36.0-255,66,9126,12,128994
11284,8.4e-05,74.125.68.0-255,1484,10610,12,128994
11285,8.6e-05,172.31.36.0-255,66,10676,12,128994
11286,0.000117,172.31.36.0-255,66,10742,12,128994
11287,0.000124,74.125.68.0-255,5738,16480,12,128994
11288,0.000126,172.31.36.0-255,66,16546,12,128994
11289,0.000147,74.125.68.0-255,4320,20866,12,128994
11290,0.000149,172.31.36.0-255,66,20932,12,128994
11291,0.000153,74.125.68.0-255,2902,23834,12,128994
11292,0.000155,172.31.36.0-255,66,23900,12,128994
11293,0.000195,172.31.36.0-255,66,23966,12,128994
11294,0.000199,74.125.68.0-255,2184,26150,12,128994
11295,0.000201,172.31.36.0-255,66,26216,12,128994
11296,0.000713,74.125.68.0-255,1484,27700,12,128994
11297,0.000718,172.31.36.0-255,66,27766,12,128994
11298,0.000724,74.125.68.0-255,2902,30668,12,128994
11299,0.000726,172.31.36.0-255,66,30734,12,128994
11300,0.000754,74.125.68.0-255,5738,36472,12,128994
11301,0.000758,172.31.36.0-255,66,36538,12,128994
11302,0.000784,74.125.68.0-255,7066,43604,12,128994
11303,0.000786,172.31.36.0-255,66,43670,12,128994
11304,0.000789,74.125.68.0-255,136,43806,12,128994
11305,0.000791,172.31.36.0-255,66,43872,12,128994
11306,0.001943,74.125.68.0-255,1484,45356,12,128994
11307,0.001956,74.125.68.0-255,2902,48258,12,128994
11308,0.00196,172.31.36.0-255,66,48324,12,128994
11309,0.001977,74.125.68.0-255,4320,52644,12,128994
11310,0.00198,172.31.36.0-255,66,52710,12,128994
11311,0.002018,172.31.36.0-255,66,52776,12,128994
11312,0.002065,172.31.36.0-255,66,52842,12,128994
11313,0.002092,74.125.68.0-255,6438,59280,12,128994
11314,0.002094,172.31.36.0-255,66,59346,12,128994
11315,0.004342,74.125.68.0-255,5738,65084,12,128994
11316,0.004348,172.31.36.0-255,66,65150,12,128994
11317,0.006612,74.125.68.0-255,5738,70888,12,128994
11318,0.006621,172.31.36.0-255,66,70954,12,128994
11319,0.00889,74.125.68.0-255,5738,76692,12,128994
11320,0.008899,172.31.36.0-255,66,76758,12,128994
11321,0.011192,74.125.68.0-255,5738,82496,12,128994
11322,0.011207,172.31.36.0-255,66,82562,12,128994
11323,0.013474,74.125.68.0-255,5738,88300,12,128994
11324,0.013484,172.31.36.0-255,66,88366,12,128994
11325,0.015751,74.125.68.0-255,5738,94104,12,128994
11326,0.015759,172.31.36.0-255,66,94170,12,128994
11327,0.018036,74.125.68.0-255,5738,99908,12,128994
11328,0.018045,172.31.36.0-255,66,99974,12,128994
11329,0.020317,74.125.68.0-255,5738,105712,12,128994
11330,0.020325,172.31.36.0-255,66,105778,12,128994
11331,0.022578,74.125.68.0-255,5738,111516,12,128994
11332,0.022586,172.31.36.0-255,66,111582,12,128994
11333,0.024866,74.125.68.0-255,5738,117320,12,128994
11334,0.024874,172.31.36.0-255,66,117386,12,128994
11335,0.027129,74.125.68.0-255,5738,123124,12,128994
11336,0.027136,172.31.36.0-255,66,123190,12,128994
11337,0.029396,74.125.68.0-255,5738,128928,12,128994
11338,0.029406,172.31.36.0-255,66,128994,12,128994
11339,0.0,172.217.194.0-255,150,150,12,314879
11340,2.1e-05,172.31.36.0-255,66,216,12,314879
11341,2.9e-05,172.217.194.0-255,1484,1700,12,314879
11342,3.5e-05,172.31.36.0-255,66,1766,12,314879
11343,4.1e-05,172.217.194.0-255,2902,4668,12,314879
11344,4.4e-05,172.31.36.0-255,66,4734,12,314879
11345,5.2e-05,172.217.194.0-255,7156,11890,12,314879
11346,5.6e-05,172.31.36.0-255,66,11956,12,314879
11347,8.4e-05,172.31.36.0-255,66,12022,12,314879
11348,9.1e-05,172.217.194.0-255,7156,19178,12,314879
11349,9.3e-05,172.31.36.0-255,66,19244,12,314879
11350,0.000145,172.217.194.0-255,3961,23205,12,314879
11351,0.000148,172.31.36.0-255,66,23271,12,314879
11352,0.000216,172.217.194.0-255,1484,24755,12,314879
11353,0.00022,172.31.36.0-255,66,24821,12,314879
11354,0.000225,172.217.194.0-255,2902,27723,12,314879
11355,0.000228,172.31.36.0-255,66,27789,12,314879
11356,0.000276,172.217.194.0-255,4320,32109,12,314879
11357,0.000279,172.31.36.0-255,66,32175,12,314879
11358,0.000285,172.217.194.0-255,5738,37913,12,314879
11359,0.000288,172.31.36.0-255,66,37979,12,314879
11360,0.000296,172.217.194.0-255,7156,45135,12,314879
11361,0.000299,172.31.36.0-255,66,45201,12,314879
11362,0.000324,172.217.194.0-255,5379,50580,12,314879
11363,0.000327,172.31.36.0-255,66,50646,12,314879
11364,0.000335,172.217.194.0-255,6797,57443,12,314879
11365,0.000338,172.31.36.0-255,66,57509,12,314879
11366,0.000341,172.217.194.0-255,397,57906,12,314879
11367,0.000343,172.31.36.0-255,66,57972,12,314879
11368,0.000413,172.217.194.0-255,380,58352,12,314879
11369,0.000416,172.31.36.0-255,66,58418,12,314879
11370,0.000582,172.217.194.0-255,1484,59902,12,314879
11371,0.000587,172.217.194.0-255,2902,62804,12,314879
11372,0.000594,172.217.194.0-255,5738,68542,12,314879
11373,0.000606,172.31.36.0-255,66,68608,12,314879
11374,0.00061,172.31.36.0-255,66,68674,12,314879
11375,0.000655,172.217.194.0-255,5738,74412,12,314879
11376,0.000671,172.217.194.0-255,5020,79432,12,314879
11377,0.000679,172.31.36.0-255,66,79498,12,314879
11378,0.001564,172.217.194.0-255,1484,80982,12,314879
11379,0.001575,172.217.194.0-255,2902,83884,12,314879
11380,0.001579,172.31.36.0-255,66,83950,12,314879
11381,0.001588,172.217.194.0-255,5738,89688,12,314879
11382,0.00159,172.31.36.0-255,66,89754,12,314879
11383,0.001608,172.217.194.0-255,7156,96910,12,314879
11384,0.001611,172.31.36.0-255,66,96976,12,314879
11385,0.001629,172.217.194.0-255,5738,102714,12,314879
11386,0.001631,172.31.36.0-255,66,102780,12,314879
11387,0.001637,172.217.194.0-255,4320,107100,12,314879
11388,0.001639,172.31.36.0-255,66,107166,12,314879
11389,0.001659,172.217.194.0-255,6438,113604,12,314879
11390,0.001661,172.31.36.0-255,66,113670,12,314879
11391,0.001766,172.217.194.0-255,1484,115154,12,314879
11392,0.001772,172.217.194.0-255,2902,118056,12,314879
11393,0.001776,172.31.36.0-255,66,118122,12,314879
11394,0.001784,172.217.194.0-255,5738,123860,12,314879
11395,0.001786,172.31.36.0-255,66,123926,12,314879
11396,0.001809,172.217.194.0-255,4320,128246,12,314879
11397,0.001812,172.31.36.0-255,66,128312,12,314879
11398,0.001842,172.31.36.0-255,66,128378,12,314879
11399,0.00185,172.217.194.0-255,7156,135534,12,314879
11400,0.001853,172.31.36.0-255,66,135600,12,314879
11401,0.001877,172.217.194.0-255,3602,139202,12,314879
11402,0.00188,172.31.36.0-255,66,139268,12,314879
11403,0.001996,172.217.194.0-255,1484,140752,12,314879
11404,0.002004,172.217.194.0-255,2902,143654,12,314879
11405,0.002008,172.31.36.0-255,66,143720,12,314879
11406,0.002056,172.217.194.0-255,5738,149458,12,314879
11407,0.002059,172.31.36.0-255,66,149524,12,314879
11408,0.002078,172.217.194.0-255,4320,153844,12,314879
11409,0.002081,172.31.36.0-255,66,153910,12,314879
11410,0.002102,172.217.194.0-255,2902,156812,12,314879
11411,0.002104,172.31.36.0-255,66,156878,12,314879
11412,0.00211,172.217.194.0-255,4320,161198,12,314879
11413,0.00216,172.217.194.0-255,4320,165518,12,314879
11414,0.002275,172.217.194.0-255,1484,167002,12,314879
11415,0.002295,172.217.194.0-255,2902,169904,12,314879
11416,0.002316,172.217.194.0-255,5738,175642,12,314879
11417,0.002319,172.217.194.0-255,1484,177126,12,314879
11418,0.002335,172.217.194.0-255,1484,178610,12,314879
11419,0.002366,172.217.194.0-255,4320,182930,12,314879
11420,0.002403,172.217.194.0-255,4320,187250,12,314879
11421,0.00242,172.217.194.0-255,4320,191570,12,314879
11422,0.002423,172.217.194.0-255,2902,194472,12,314879
11423,0.002428,172.217.194.0-255,4320,198792,12,314879
11424,0.002431,172.217.194.0-255,766,199558,12,314879
11425,0.002474,172.217.194.0-255,1484,201042,12,314879
11426,0.002479,172.217.194.0-255,2902,203944,12,314879
11427,0.002489,172.217.194.0-255,1484,205428,12,314879
11428,0.002503,172.217.194.0-255,4320,209748,12,314879
11429,0.002539,172.217.194.0-255,1484,211232,12,314879
11430,0.002545,172.217.194.0-255,4320,215552,12,314879
11431,0.002548,172.217.194.0-255,1484,217036,12,314879
11432,0.002578,172.217.194.0-255,5020,222056,12,314879
11433,0.002628,172.217.194.0-255,4320,226376,12,314879
11434,0.00264,172.217.194.0-255,1484,227860,12,314879
11435,0.002644,172.217.194.0-255,2902,230762,12,314879
11436,0.002664,172.217.194.0-255,4320,235082,12,314879
11437,0.002693,172.217.194.0-255,1484,236566,12,314879
11438,0.002709,172.217.194.0-255,5738,242304,12,314879
11439,0.002733,172.217.194.0-255,4320,246624,12,314879
11440,0.002748,172.217.194.0-255,1484,248108,12,314879
11441,0.002756,172.217.194.0-255,7156,255264,12,314879
11442,0.002819,172.217.194.0-255,5738,261002,12,314879
11443,0.002836,172.217.194.0-255,6438,267440,12,314879
11444,0.002851,172.217.194.0-255,5738,273178,12,314879
11445,0.002868,172.217.194.0-255,7156,280334,12,314879
11446,0.002875,172.217.194.0-255,5738,286072,12,314879
11447,0.002877,172.217.194.0-255,1484,287556,12,314879
11448,0.002955,172.217.194.0-255,3602,291158,12,314879
11449,0.002958,172.217.194.0-255,1484,292642,12,314879
11450,0.002982,172.217.194.0-255,7156,299798,12,314879
11451,0.003006,172.217.194.0-255,7156,306954,12,314879
11452,0.003052,172.217.194.0-255,2902,309856,12,314879
11453,0.003069,172.217.194.0-255,4027,313883,12,314879
11454,0.003072,172.217.194.0-255,105,313988,12,314879
11455,0.003074,172.217.194.0-255,129,314117,12,314879
11456,0.006646,172.31.36.0-255,66,314183,12,314879
11457,0.009055,172.31.36.0-255,105,314288,12,314879
11458,0.009094,172.31.36.0-255,105,314393,12,314879
11459,0.009332,172.31.36.0-255,90,314483,12,314879
11460,0.009343,172.31.36.0-255,66,314549,12,314879
11461,0.011248,172.217.194.0-255,66,314615,12,314879
11462,0.0113,172.217.194.0-255,66,314681,12,314879
11463,0.011542,172.217.194.0-255,66,314747,12,314879
11464,0.011568,172.217.194.0-255,66,314813,12,314879
11465,0.011573,172.31.36.0-255,66,314879,12,314879
11466,0.0,172.217.194.0-255,153,153,12,229299
11467,3.3e-05,172.31.36.0-255,66,219,12,229299
11468,4.3e-05,172.217.194.0-255,1484,1703,12,229299
11469,4.7e-05,172.31.36.0-255,66,1769,12,229299
11470,5.2e-05,172.217.194.0-255,2902,4671,12,229299
11471,6.5e-05,172.31.36.0-255,66,4737,12,229299
11472,7.1e-05,172.217.194.0-255,5738,10475,12,229299
11473,7.3e-05,172.31.36.0-255,66,10541,12,229299
11474,0.000109,172.217.194.0-255,3427,13968,12,229299
11475,0.000112,172.31.36.0-255,66,14034,12,229299
11476,0.000144,172.217.194.0-255,4320,18354,12,229299
11477,0.000148,172.31.36.0-255,66,18420,12,229299
11478,0.000154,172.217.194.0-255,5738,24158,12,229299
11479,0.000156,172.31.36.0-255,66,24224,12,229299
11480,0.000188,172.217.194.0-255,4320,28544,12,229299
11481,0.000191,172.31.36.0-255,66,28610,12,229299
11482,0.000214,172.217.194.0-255,2543,31153,12,229299
11483,0.000217,172.31.36.0-255,66,31219,12,229299
11484,0.000812,172.217.194.0-255,1484,32703,12,229299
11485,0.000818,172.31.36.0-255,66,32769,12,229299
11486,0.000847,172.217.194.0-255,2902,35671,12,229299
11487,0.00085,172.31.36.0-255,66,35737,12,229299
11488,0.000854,172.217.194.0-255,2902,38639,12,229299
11489,0.000856,172.31.36.0-255,66,38705,12,229299
11490,0.000865,172.217.194.0-255,7156,45861,12,229299
11491,0.000866,172.31.36.0-255,66,45927,12,229299
11492,0.0009,172.217.194.0-255,2543,48470,12,229299
11493,0.000903,172.31.36.0-255,66,48536,12,229299
11494,0.001005,172.217.194.0-255,1484,50020,12,229299
11495,0.00101,172.31.36.0-255,66,50086,12,229299
11496,0.001015,172.217.194.0-255,1484,51570,12,229299
11497,0.001017,172.31.36.0-255,66,51636,12,229299
11498,0.001048,172.217.194.0-255,1484,53120,12,229299
11499,0.001056,172.217.194.0-255,5738,58858,12,229299
11500,0.001058,172.31.36.0-255,66,58924,12,229299
11501,0.001065,172.217.194.0-255,6797,65721,12,229299
11502,0.001068,172.31.36.0-255,66,65787,12,229299
11503,0.001092,172.217.194.0-255,346,66133,12,229299
11504,0.001095,172.217.194.0-255,428,66561,12,229299
11505,0.001287,172.217.194.0-255,1484,68045,12,229299
11506,0.001292,172.31.36.0-255,66,68111,12,229299
11507,0.001298,172.217.194.0-255,2902,71013,12,229299
11508,0.0013,172.31.36.0-255,66,71079,12,229299
11509,0.001326,172.217.194.0-255,4320,75399,12,229299
11510,0.001329,172.31.36.0-255,66,75465,12,229299
11511,0.001354,172.217.194.0-255,1484,76949,12,229299
11512,0.001366,172.31.36.0-255,66,77015,12,229299
11513,0.001376,172.31.36.0-255,66,77081,12,229299
11514,0.0014,172.217.194.0-255,766,77847,12,229299
11515,0.0015,172.217.194.0-255,1484,79331,12,229299
11516,0.001502,172.31.36.0-255,66,79397,12,229299
11517,0.00152,172.217.194.0-255,2902,82299,12,229299
11518,0.001522,172.31.36.0-255,66,82365,12,229299
11519,0.001547,172.217.194.0-255,5738,88103,12,229299
11520,0.00155,172.31.36.0-255,66,88169,12,229299
11521,0.001581,172.31.36.0-255,66,88235,12,229299
11522,0.001606,172.217.194.0-255,4320,92555,12,229299
11523,0.001608,172.31.36.0-255,66,92621,12,229299
11524,0.001613,172.217.194.0-255,5738,98359,12,229299
11525,0.001616,172.31.36.0-255,66,98425,12,229299
11526,0.001656,172.217.194.0-255,5020,103445,12,229299
11527,0.001659,172.31.36.0-255,66,103511,12,229299
11528,0.001721,172.217.194.0-255,1484,104995,12,229299
11529,0.001734,172.217.194.0-255,2902,107897,12,229299
11530,0.001736,172.31.36.0-255,66,107963,12,229299
11531,0.001763,172.217.194.0-255,5738,113701,12,229299
11532,0.001765,172.31.36.0-255,66,113767,12,229299
11533,0.001771,172.217.194.0-255,7156,120923,12,229299
11534,0.001773,172.31.36.0-255,66,120989,12,229299
11535,0.001795,172.217.194.0-255,5738,126727,12,229299
11536,0.001797,172.31.36.0-255,66,126793,12,229299
11537,0.001812,172.31.36.0-255,66,126859,12,229299
11538,0.001838,172.217.194.0-255,766,127625,12,229299
11539,0.001892,172.217.194.0-255,1484,129109,12,229299
11540,0.001894,172.31.36.0-255,66,129175,12,229299
11541,0.001905,172.217.194.0-255,2902,132077,12,229299
11542,0.001919,172.31.36.0-255,66,132143,12,229299
11543,0.001925,172.217.194.0-255,5738,137881,12,229299
11544,0.001927,172.31.36.0-255,66,137947,12,229299
11545,0.001979,172.31.36.0-255,66,138013,12,229299
11546,0.002018,172.31.36.0-255,66,138079,12,229299
11547,0.002022,172.217.194.0-255,2902,140981,12,229299
11548,0.002024,172.31.36.0-255,66,141047,12,229299
11549,0.002062,172.31.36.0-255,66,141113,12,229299
11550,0.002077,172.31.36.0-255,66,141179,12,229299
11551,0.002111,172.31.36.0-255,66,141245,12,229299
11552,0.002161,172.217.194.0-255,2902,144147,12,229299
11553,0.002163,172.31.36.0-255,66,144213,12,229299
11554,0.002186,172.217.194.0-255,2902,147115,12,229299
11555,0.002188,172.31.36.0-255,66,147181,12,229299
11556,0.004202,172.217.194.0-255,2902,150083,12,229299
11557,0.004205,172.31.36.0-255,66,150149,12,229299
11558,0.004262,172.217.194.0-255,2902,153051,12,229299
11559,0.004264,172.31.36.0-255,66,153117,12,229299
11560,0.006258,172.217.194.0-255,2902,156019,12,229299
11561,0.006266,172.31.36.0-255,66,156085,12,229299
11562,0.006328,172.217.194.0-255,2902,158987,12,229299
11563,0.006332,172.31.36.0-255,66,159053,12,229299
11564,0.008351,172.217.194.0-255,2902,161955,12,229299
11565,0.008357,172.31.36.0-255,66,162021,12,229299
11566,0.008423,172.217.194.0-255,2902,164923,12,229299
11567,0.008429,172.31.36.0-255,66,164989,12,229299
11568,0.010427,172.217.194.0-255,2902,167891,12,229299
11569,0.010438,172.31.36.0-255,66,167957,12,229299
11570,0.010481,172.217.194.0-255,2902,170859,12,229299
11571,0.010486,172.31.36.0-255,66,170925,12,229299
11572,0.012497,172.217.194.0-255,2902,173827,12,229299
11573,0.012507,172.31.36.0-255,66,173893,12,229299
11574,0.012549,172.217.194.0-255,2902,176795,12,229299
11575,0.012553,172.31.36.0-255,66,176861,12,229299
11576,0.014565,172.217.194.0-255,2902,179763,12,229299
11577,0.014573,172.31.36.0-255,66,179829,12,229299
11578,0.014611,172.217.194.0-255,2902,182731,12,229299
11579,0.014615,172.31.36.0-255,66,182797,12,229299
11580,0.016611,172.217.194.0-255,2902,185699,12,229299
11581,0.016619,172.31.36.0-255,66,185765,12,229299
11582,0.016656,172.217.194.0-255,2902,188667,12,229299
11583,0.01666,172.31.36.0-255,66,188733,12,229299
11584,0.018684,172.217.194.0-255,2902,191635,12,229299
11585,0.018692,172.31.36.0-255,66,191701,12,229299
11586,0.018734,172.217.194.0-255,2902,194603,12,229299
11587,0.018738,172.31.36.0-255,66,194669,12,229299
11588,0.020723,172.217.194.0-255,2902,197571,12,229299
11589,0.02073,172.31.36.0-255,66,197637,12,229299
11590,0.020776,172.217.194.0-255,2902,200539,12,229299
11591,0.02078,172.31.36.0-255,66,200605,12,229299
11592,0.022787,172.217.194.0-255,2902,203507,12,229299
11593,0.022794,172.31.36.0-255,66,203573,12,229299
11594,0.022822,172.217.194.0-255,2902,206475,12,229299
11595,0.022826,172.31.36.0-255,66,206541,12,229299
11596,0.024042,172.31.36.0-255,172,206713,12,229299
11597,0.024073,172.31.36.0-255,1110,207823,12,229299
11598,0.024113,172.31.36.0-255,1514,209337,12,229299
11599,0.024115,172.31.36.0-255,1514,210851,12,229299
11600,0.024137,172.31.36.0-255,706,211557,12,229299
11601,0.024866,172.217.194.0-255,5738,217295,12,229299
11602,0.024873,172.31.36.0-255,66,217361,12,229299
11603,0.025573,104.244.42.0-255,66,217427,12,229299
11604,0.025636,104.244.42.0-255,66,217493,12,229299
11605,0.025693,104.244.42.0-255,66,217559,12,229299
11606,0.0257,104.244.42.0-255,66,217625,12,229299
11607,0.026906,172.217.194.0-255,5738,223363,12,229299
11608,0.026912,172.31.36.0-255,66,223429,12,229299
11609,0.028961,172.217.194.0-255,4320,227749,12,229299
11610,0.028966,172.31.36.0-255,66,227815,12,229299
11611,0.028999,172.217.194.0-255,1484,229299,12,229299
11612,0.0,74.125.130.0-255,297,297,12,157068
11613,2.3e-05,172.31.36.0-255,66,363,12,157068
11614,3e-05,74.125.130.0-255,1484,1847,12,157068
11615,3.4e-05,172.31.36.0-255,66,1913,12,157068
11616,4e-05,74.125.130.0-255,2902,4815,12,157068
11617,4.2e-05,172.31.36.0-255,66,4881,12,157068
11618,4.9e-05,74.125.130.0-255,5738,10619,12,157068
11619,5.2e-05,172.31.36.0-255,66,10685,12,157068
11620,5.5e-05,74.125.130.0-255,1484,12169,12,157068
11621,5.7e-05,172.31.36.0-255,66,12235,12,157068
11622,0.000102,172.31.36.0-255,66,12301,12,157068
11623,0.000109,74.125.130.0-255,6797,19098,12,157068
11624,0.000112,172.31.36.0-255,66,19164,12,157068
11625,0.000227,74.125.130.0-255,1484,20648,12,157068
11626,0.000231,172.31.36.0-255,66,20714,12,157068
11627,0.000237,74.125.130.0-255,2902,23616,12,157068
11628,0.000239,172.31.36.0-255,66,23682,12,157068
11629,0.000262,74.125.130.0-255,5738,29420,12,157068
11630,0.000265,172.31.36.0-255,66,29486,12,157068
11631,0.000269,74.125.130.0-255,2902,32388,12,157068
11632,0.000271,172.31.36.0-255,66,32454,12,157068
11633,0.000287,74.125.130.0-255,2902,35356,12,157068
11634,0.00029,172.31.36.0-255,66,35422,12,157068
11635,0.000297,74.125.130.0-255,6797,42219,12,157068
11636,0.000299,172.31.36.0-255,66,42285,12,157068
11637,0.000324,74.125.130.0-255,1484,43769,12,157068
11638,0.000326,172.31.36.0-255,66,43835,12,157068
11639,0.000356,172.31.36.0-255,66,43901,12,157068
11640,0.000374,74.125.130.0-255,116,44017,12,157068
11641,0.000376,172.31.36.0-255,66,44083,12,157068
11642,0.000451,74.125.130.0-255,385,44468,12,157068
11643,0.000454,172.31.36.0-255,66,44534,12,157068
11644,0.000626,74.125.130.0-255,1484,46018,12,157068
11645,0.000631,172.31.36.0-255,66,46084,12,157068
11646,0.000636,74.125.130.0-255,2902,48986,12,157068
11647,0.000638,172.31.36.0-255,66,49052,12,157068
11648,0.000644,74.125.130.0-255,4320,53372,12,157068
11649,0.000646,172.31.36.0-255,66,53438,12,157068
11650,0.000664,74.125.130.0-255,1484,54922,12,157068
11651,0.000667,74.125.130.0-255,2902,57824,12,157068
11652,0.000676,172.31.36.0-255,66,57890,12,157068
11653,0.000723,172.31.36.0-255,66,57956,12,157068
11654,0.00074,74.125.130.0-255,2184,60140,12,157068
11655,0.000758,172.31.36.0-255,66,60206,12,157068
11656,0.000848,74.125.130.0-255,1484,61690,12,157068
11657,0.000877,74.125.130.0-255,2902,64592,12,157068
11658,0.000882,172.31.36.0-255,66,64658,12,157068
11659,0.000895,74.125.130.0-255,4320,68978,12,157068
11660,0.000908,172.31.36.0-255,66,69044,12,157068
11661,0.000928,172.31.36.0-255,66,69110,12,157068
11662,0.000963,172.31.36.0-255,66,69176,12,157068
11663,0.000982,74.125.130.0-255,1484,70660,12,157068
11664,0.001,74.125.130.0-255,6438,77098,12,157068
11665,0.001016,172.31.36.0-255,66,77164,12,157068
11666,0.003036,74.125.130.0-255,5738,82902,12,157068
11667,0.003045,172.31.36.0-255,66,82968,12,157068
11668,0.005096,74.125.130.0-255,5738,88706,12,157068
11669,0.005101,172.31.36.0-255,66,88772,12,157068
11670,0.007137,74.125.130.0-255,4320,93092,12,157068
11671,0.00714,172.31.36.0-255,66,93158,12,157068
11672,0.007159,74.125.130.0-255,1484,94642,12,157068
11673,0.00915,74.125.130.0-255,4320,98962,12,157068
11674,0.009158,172.31.36.0-255,66,99028,12,157068
11675,0.01119,74.125.130.0-255,5738,104766,12,157068
11676,0.0112,172.31.36.0-255,66,104832,12,157068
11677,0.013219,74.125.130.0-255,5738,110570,12,157068
11678,0.013228,172.31.36.0-255,66,110636,12,157068
11679,0.015252,74.125.130.0-255,5738,116374,12,157068
11680,0.01526,172.31.36.0-255,66,116440,12,157068
11681,0.017277,74.125.130.0-255,5738,122178,12,157068
11682,0.017286,172.31.36.0-255,66,122244,12,157068
11683,0.019307,74.125.130.0-255,5738,127982,12,157068
11684,0.019315,172.31.36.0-255,66,128048,12,157068
11685,0.021346,74.125.130.0-255,5738,133786,12,157068
11686,0.021353,172.31.36.0-255,66,133852,12,157068
11687,0.023368,74.125.130.0-255,5738,139590,12,157068
11688,0.023375,172.31.36.0-255,66,139656,12,157068
11689,0.025386,74.125.130.0-255,5738,145394,12,157068
11690,0.025394,172.31.36.0-255,66,145460,12,157068
11691,0.027413,74.125.130.0-255,5738,151198,12,157068
11692,0.027422,172.31.36.0-255,66,151264,12,157068
11693,0.02944,74.125.130.0-255,5738,157002,12,157068
11694,0.029448,172.31.36.0-255,66,157068,12,157068
11695,0.0,74.125.200.0-255,150,150,12,157714
11696,2.2e-05,172.31.36.0-255,66,216,12,157714
11697,3e-05,74.125.200.0-255,1484,1700,12,157714
11698,3.5e-05,172.31.36.0-255,66,1766,12,157714
11699,4.1e-05,74.125.200.0-255,2902,4668,12,157714
11700,4.4e-05,172.31.36.0-255,66,4734,12,157714
11701,5.1e-05,74.125.200.0-255,5738,10472,12,157714
11702,5.5e-05,172.31.36.0-255,66,10538,12,157714
11703,6.2e-05,74.125.200.0-255,3456,13994,12,157714
11704,6.5e-05,172.31.36.0-255,66,14060,12,157714
11705,0.000105,74.125.200.0-255,4320,18380,12,157714
11706,0.000109,172.31.36.0-255,66,18446,12,157714
11707,0.000116,74.125.200.0-255,5738,24184,12,157714
11708,0.000118,172.31.36.0-255,66,24250,12,157714
11709,0.000159,74.125.200.0-255,6797,31047,12,157714
11710,0.000161,172.31.36.0-255,66,31113,12,157714
11711,0.000309,74.125.200.0-255,1484,32597,12,157714
11712,0.000314,172.31.36.0-255,66,32663,12,157714
11713,0.00032,74.125.200.0-255,2902,35565,12,157714
11714,0.000322,172.31.36.0-255,66,35631,12,157714
11715,0.000346,74.125.200.0-255,5738,41369,12,157714
11716,0.000349,172.31.36.0-255,66,41435,12,157714
11717,0.000355,74.125.200.0-255,4320,45755,12,157714
11718,0.000357,172.31.36.0-255,66,45821,12,157714
11719,0.00038,74.125.200.0-255,2543,48364,12,157714
11720,0.000383,172.31.36.0-255,66,48430,12,157714
11721,0.00039,74.125.200.0-255,7156,55586,12,157714
11722,0.000393,172.31.36.0-255,66,55652,12,157714
11723,0.000396,74.125.200.0-255,1484,57136,12,157714
11724,0.000398,172.31.36.0-255,66,57202,12,157714
11725,0.000436,172.31.36.0-255,66,57268,12,157714
11726,0.001626,74.125.200.0-255,645,57913,12,157714
11727,0.001791,74.125.200.0-255,1484,59397,12,157714
11728,0.001796,172.31.36.0-255,66,59463,12,157714
11729,0.001802,74.125.200.0-255,2902,62365,12,157714
11730,0.001805,172.31.36.0-255,66,62431,12,157714
11731,0.001821,74.125.200.0-255,4320,66751,12,157714
11732,0.001823,172.31.36.0-255,66,66817,12,157714
11733,0.00185,74.125.200.0-255,1484,68301,12,157714
11734,0.001857,74.125.200.0-255,7156,75457,12,157714
11735,0.001859,172.31.36.0-255,66,75523,12,157714
11736,0.001883,172.31.36.0-255,66,75589,12,157714
11737,0.001897,74.125.200.0-255,5738,81327,12,157714
11738,0.001899,172.31.36.0-255,66,81393,12,157714
11739,0.001925,74.125.200.0-255,2184,83577,12,157714
11740,0.001927,172.31.36.0-255,66,83643,12,157714
11741,0.004132,74.125.200.0-255,2902,86545,12,157714
11742,0.004136,172.31.36.0-255,66,86611,12,157714
11743,0.004161,74.125.200.0-255,2902,89513,12,157714
11744,0.004163,172.31.36.0-255,66,89579,12,157714
11745,0.006395,74.125.200.0-255,5738,95317,12,157714
11746,0.006401,172.31.36.0-255,66,95383,12,157714
11747,0.008652,74.125.200.0-255,5738,101121,12,157714
11748,0.00866,172.31.36.0-255,66,101187,12,157714
11749,0.01092,74.125.200.0-255,5738,106925,12,157714
11750,0.01093,172.31.36.0-255,66,106991,12,157714
11751,0.013185,74.125.200.0-255,5738,112729,12,157714
11752,0.013193,172.31.36.0-255,66,112795,12,157714
11753,0.015502,74.125.200.0-255,5738,118533,12,157714
11754,0.015513,172.31.36.0-255,66,118599,12,157714
11755,0.017762,74.125.200.0-255,5738,124337,12,157714
11756,0.017771,172.31.36.0-255,66,124403,12,157714
11757,0.020042,74.125.200.0-255,5738,130141,12,157714
11758,0.020051,172.31.36.0-255,66,130207,12,157714
11759,0.022299,74.125.200.0-255,5738,135945,12,157714
11760,0.022307,172.31.36.0-255,66,136011,12,157714
11761,0.023779,172.31.36.0-255,172,136183,12,157714
11762,0.023827,172.31.36.0-255,1108,137291,12,157714
11763,0.023887,172.31.36.0-255,1514,138805,12,157714
11764,0.023889,172.31.36.0-255,1299,140104,12,157714
11765,0.024556,74.125.200.0-255,5738,145842,12,157714
11766,0.024563,172.31.36.0-255,66,145908,12,157714
11767,0.025338,104.244.42.0-255,66,145974,12,157714
11768,0.025378,104.244.42.0-255,66,146040,12,157714
11769,0.025429,104.244.42.0-255,66,146106,12,157714
11770,0.026826,74.125.200.0-255,5738,151844,12,157714
11771,0.026831,172.31.36.0-255,66,151910,12,157714
11772,0.029089,74.125.200.0-255,5738,157648,12,157714
11773,0.029095,172.31.36.0-255,66,157714,12,157714
11774,0.0,74.125.24.0-255,153,153,12,171972
11775,2.4e-05,172.31.36.0-255,66,219,12,171972
11776,3.1e-05,74.125.24.0-255,1484,1703,12,171972
11777,3.6e-05,172.31.36.0-255,66,1769,12,171972
11778,4.1e-05,74.125.24.0-255,2902,4671,12,171972
11779,5.3e-05,172.31.36.0-255,66,4737,12,171972
11780,6.1e-05,74.125.24.0-255,7156,11893,12,171972
11781,6.3e-05,172.31.36.0-255,66,11959,12,171972
11782,6.9e-05,74.125.24.0-255,4320,16279,12,171972
11783,7.2e-05,172.31.36.0-255,66,16345,12,171972
11784,0.000109,74.125.24.0-255,1985,18330,12,171972
11785,0.000111,172.31.36.0-255,66,18396,12,171972
11786,0.000119,74.125.24.0-255,7156,25552,12,171972
11787,0.000121,172.31.36.0-255,66,25618,12,171972
11788,0.000132,74.125.24.0-255,5379,30997,12,171972
11789,0.000134,172.31.36.0-255,66,31063,12,171972
11790,0.000248,74.125.24.0-255,1484,32547,12,171972
11791,0.000252,172.31.36.0-255,66,32613,12,171972
11792,0.000257,74.125.24.0-255,2902,35515,12,171972
11793,0.000259,172.31.36.0-255,66,35581,12,171972
11794,0.000269,74.125.24.0-255,4320,39901,12,171972
11795,0.000272,172.31.36.0-255,66,39967,12,171972
11796,0.000279,74.125.24.0-255,5738,45705,12,171972
11797,0.000281,172.31.36.0-255,66,45771,12,171972
11798,0.000328,172.31.36.0-255,66,45837,12,171972
11799,0.000335,74.125.24.0-255,6797,52634,12,171972
11800,0.000337,172.31.36.0-255,66,52700,12,171972
11801,0.000394,74.125.24.0-255,415,53115,12,171972
11802,0.000397,172.31.36.0-255,66,53181,12,171972
11803,0.001071,74.125.24.0-255,330,53511,12,171972
11804,0.001077,172.31.36.0-255,66,53577,12,171972
11805,0.001302,74.125.24.0-255,1484,55061,12,171972
11806,0.001309,74.125.24.0-255,2902,57963,12,171972
11807,0.001312,172.31.36.0-255,66,58029,12,171972
11808,0.001317,74.125.24.0-255,2902,60931,12,171972
11809,0.001319,172.31.36.0-255,66,60997,12,171972
11810,0.001342,74.125.24.0-255,2902,63899,12,171972
11811,0.001347,172.31.36.0-255,66,63965,12,171972
11812,0.001354,74.125.24.0-255,6797,70762,12,171972
11813,0.001356,172.31.36.0-255,66,70828,12,171972
11814,0.001414,74.125.24.0-255,1484,72312,12,171972
11815,0.001417,74.125.24.0-255,1484,73796,12,171972
11816,0.001419,172.31.36.0-255,66,73862,12,171972
11817,0.001442,74.125.24.0-255,1484,75346,12,171972
11818,0.001449,74.125.24.0-255,5738,81084,12,171972
11819,0.00145,172.31.36.0-255,66,81150,12,171972
11820,0.001478,74.125.24.0-255,6797,87947,12,171972
11821,0.00148,172.31.36.0-255,66,88013,12,171972
11822,0.002168,74.125.24.0-255,1484,89497,12,171972
11823,0.002184,74.125.24.0-255,2902,92399,12,171972
11824,0.002188,172.31.36.0-255,66,92465,12,171972
11825,0.002219,74.125.24.0-255,5738,98203,12,171972
11826,0.002221,172.31.36.0-255,66,98269,12,171972
11827,0.002253,172.31.36.0-255,66,98335,12,171972
11828,0.002268,172.31.36.0-255,66,98401,12,171972
11829,0.00229,74.125.24.0-255,2184,100585,12,171972
11830,0.002292,172.31.36.0-255,66,100651,12,171972
11831,0.002316,74.125.24.0-255,2902,103553,12,171972
11832,0.002319,172.31.36.0-255,66,103619,12,171972
11833,0.004603,74.125.24.0-255,2902,106521,12,171972
11834,0.004609,172.31.36.0-255,66,106587,12,171972
11835,0.004639,74.125.24.0-255,2902,109489,12,171972
11836,0.004641,172.31.36.0-255,66,109555,12,171972
11837,0.006954,74.125.24.0-255,5738,115293,12,171972
11838,0.006959,172.31.36.0-255,66,115359,12,171972
11839,0.009335,74.125.24.0-255,5738,121097,12,171972
11840,0.009345,172.31.36.0-255,66,121163,12,171972
11841,0.011657,74.125.24.0-255,5738,126901,12,171972
11842,0.011668,172.31.36.0-255,66,126967,12,171972
11843,0.013998,74.125.24.0-255,5738,132705,12,171972
11844,0.014008,172.31.36.0-255,66,132771,12,171972
11845,0.016345,74.125.24.0-255,5738,138509,12,171972
11846,0.016361,172.31.36.0-255,66,138575,12,171972
11847,0.018693,74.125.24.0-255,5738,144313,12,171972
11848,0.018701,172.31.36.0-255,66,144379,12,171972
11849,0.021034,74.125.24.0-255,5738,150117,12,171972
11850,0.021043,172.31.36.0-255,66,150183,12,171972
11851,0.023373,74.125.24.0-255,5738,155921,12,171972
11852,0.023379,172.31.36.0-255,66,155987,12,171972
11853,0.024406,172.31.36.0-255,192,156179,12,171972
11854,0.024447,172.31.36.0-255,952,157131,12,171972
11855,0.02452,172.31.36.0-255,1514,158645,12,171972
11856,0.024522,172.31.36.0-255,1455,160100,12,171972
11857,0.025704,74.125.24.0-255,5738,165838,12,171972
11858,0.02571,172.31.36.0-255,66,165904,12,171972
11859,0.025963,104.244.42.0-255,66,165970,12,171972
11860,0.02597,104.244.42.0-255,66,166036,12,171972
11861,0.026161,104.244.42.0-255,66,166102,12,171972
11862,0.028053,74.125.24.0-255,4320,170422,12,171972
11863,0.02806,172.31.36.0-255,66,170488,12,171972
11864,0.028091,74.125.24.0-255,1484,171972,12,171972
11865,0.0,172.31.36.0-255,66,66,12,66
11866,0.0,74.125.24.0-255,298,298,12,238036
11867,1.5e-05,172.31.36.0-255,66,364,12,238036
11868,2.1e-05,74.125.24.0-255,1484,1848,12,238036
11869,2.5e-05,172.31.36.0-255,66,1914,12,238036
11870,3.9e-05,74.125.24.0-255,4320,6234,12,238036
11871,4.2e-05,172.31.36.0-255,66,6300,12,238036
11872,4.7e-05,74.125.24.0-255,4320,10620,12,238036
11873,5.1e-05,172.31.36.0-255,66,10686,12,238036
11874,8.9e-05,74.125.24.0-255,3296,13982,12,238036
11875,9.2e-05,172.31.36.0-255,66,14048,12,238036
11876,0.000133,74.125.24.0-255,2902,16950,12,238036
11877,0.000137,172.31.36.0-255,66,17016,12,238036
11878,0.000168,74.125.24.0-255,4320,21336,12,238036
11879,0.00017,172.31.36.0-255,66,21402,12,238036
11880,0.000186,172.31.36.0-255,66,21468,12,238036
11881,0.000191,74.125.24.0-255,2543,24011,12,238036
11882,0.000193,172.31.36.0-255,66,24077,12,238036
11883,0.000218,74.125.24.0-255,2902,26979,12,238036
11884,0.000221,172.31.36.0-255,66,27045,12,238036
11885,0.000227,74.125.24.0-255,5738,32783,12,238036
11886,0.000233,172.31.36.0-255,66,32849,12,238036
11887,0.000256,74.125.24.0-255,1484,34333,12,238036
11888,0.000259,172.31.36.0-255,66,34399,12,238036
11889,0.00027,74.125.24.0-255,5379,39778,12,238036
11890,0.000272,172.31.36.0-255,66,39844,12,238036
11891,0.000307,74.125.24.0-255,5738,45582,12,238036
11892,0.00031,172.31.36.0-255,66,45648,12,238036
11893,0.000317,74.125.24.0-255,7156,52804,12,238036
11894,0.00032,172.31.36.0-255,66,52870,12,238036
11895,0.00035,74.125.24.0-255,3961,56831,12,238036
11896,0.000352,172.31.36.0-255,66,56897,12,238036
11897,0.000376,74.125.24.0-255,676,57573,12,238036
11898,0.000544,74.125.24.0-255,1484,59057,12,238036
11899,0.000549,172.31.36.0-255,66,59123,12,238036
11900,0.000555,74.125.24.0-255,2902,62025,12,238036
11901,0.000558,172.31.36.0-255,66,62091,12,238036
11902,0.000588,74.125.24.0-255,5738,67829,12,238036
11903,0.00059,172.31.36.0-255,66,67895,12,238036
11904,0.000597,74.125.24.0-255,4320,72215,12,238036
11905,0.000599,172.31.36.0-255,66,72281,12,238036
11906,0.00063,172.31.36.0-255,66,72347,12,238036
11907,0.000637,74.125.24.0-255,5738,78085,12,238036
11908,0.000639,172.31.36.0-255,66,78151,12,238036
11909,0.000673,74.125.24.0-255,4472,82623,12,238036
11910,0.000676,172.31.36.0-255,66,82689,12,238036
11911,0.00074,74.125.24.0-255,1484,84173,12,238036
11912,0.000757,74.125.24.0-255,2902,87075,12,238036
11913,0.00076,172.31.36.0-255,66,87141,12,238036
11914,0.000766,74.125.24.0-255,5738,92879,12,238036
11915,0.000768,172.31.36.0-255,66,92945,12,238036
11916,0.000783,172.31.36.0-255,66,93011,12,238036
11917,0.000819,74.125.24.0-255,4320,97331,12,238036
11918,0.000822,172.31.36.0-255,66,97397,12,238036
11919,0.000839,172.31.36.0-255,66,97463,12,238036
11920,0.001263,74.125.24.0-255,1484,98947,12,238036
11921,0.001268,74.125.24.0-255,2902,101849,12,238036
11922,0.001272,172.31.36.0-255,66,101915,12,238036
11923,0.001278,74.125.24.0-255,2902,104817,12,238036
11924,0.00128,172.31.36.0-255,66,104883,12,238036
11925,0.001298,74.125.24.0-255,1484,106367,12,238036
11926,0.001313,172.31.36.0-255,66,106433,12,238036
11927,0.001383,172.31.36.0-255,66,106499,12,238036
11928,0.001453,74.125.24.0-255,1484,107983,12,238036
11929,0.001456,74.125.24.0-255,1484,109467,12,238036
11930,0.00146,172.31.36.0-255,66,109533,12,238036
11931,0.001486,74.125.24.0-255,1484,111017,12,238036
11932,0.001492,74.125.24.0-255,4320,115337,12,238036
11933,0.001494,172.31.36.0-255,66,115403,12,238036
11934,0.001511,74.125.24.0-255,1484,116887,12,238036
11935,0.001525,74.125.24.0-255,1484,118371,12,238036
11936,0.001528,172.31.36.0-255,66,118437,12,238036
11937,0.001567,172.31.36.0-255,66,118503,12,238036
11938,0.001583,172.31.36.0-255,66,118569,12,238036
11939,0.001844,74.125.24.0-255,1484,120053,12,238036
11940,0.00185,74.125.24.0-255,2902,122955,12,238036
11941,0.001853,172.31.36.0-255,66,123021,12,238036
11942,0.001861,74.125.24.0-255,5738,128759,12,238036
11943,0.001863,172.31.36.0-255,66,128825,12,238036
11944,0.001895,74.125.24.0-255,4320,133145,12,238036
11945,0.001897,172.31.36.0-255,66,133211,12,238036
11946,0.001926,74.125.24.0-255,5738,138949,12,238036
11947,0.001929,172.31.36.0-255,66,139015,12,238036
11948,0.001934,74.125.24.0-255,2902,141917,12,238036
11949,0.001936,172.31.36.0-255,66,141983,12,238036
11950,0.001974,172.31.36.0-255,66,142049,12,238036
11951,0.001977,74.125.24.0-255,1484,143533,12,238036
11952,0.002001,74.125.24.0-255,2902,146435,12,238036
11953,0.002005,172.31.36.0-255,66,146501,12,238036
11954,0.002024,74.125.24.0-255,2902,149403,12,238036
11955,0.002026,172.31.36.0-255,66,149469,12,238036
11956,0.002058,74.125.24.0-255,2902,152371,12,238036
11957,0.00206,172.31.36.0-255,66,152437,12,238036
11958,0.002085,172.31.36.0-255,66,152503,12,238036
11959,0.002097,172.31.36.0-255,66,152569,12,238036
11960,0.002128,74.125.24.0-255,1484,154053,12,238036
11961,0.002133,74.125.24.0-255,2902,156955,12,238036
11962,0.002135,172.31.36.0-255,66,157021,12,238036
11963,0.002142,74.125.24.0-255,5738,162759,12,238036
11964,0.002144,172.31.36.0-255,66,162825,12,238036
11965,0.002154,74.125.24.0-255,4320,167145,12,238036
11966,0.002156,172.31.36.0-255,66,167211,12,238036
11967,0.002196,172.31.36.0-255,66,167277,12,238036
11968,0.002224,74.125.24.0-255,5738,173015,12,238036
11969,0.002227,172.31.36.0-255,66,173081,12,238036
11970,0.002253,74.125.24.0-255,5020,178101,12,238036
11971,0.002255,172.31.36.0-255,66,178167,12,238036
11972,0.002281,74.125.24.0-255,1484,179651,12,238036
11973,0.002284,74.125.24.0-255,1484,181135,12,238036
11974,0.002286,172.31.36.0-255,66,181201,12,238036
11975,0.002314,74.125.24.0-255,1484,182685,12,238036
11976,0.002321,74.125.24.0-255,5738,188423,12,238036
11977,0.002324,172.31.36.0-255,66,188489,12,238036
11978,0.002332,74.125.24.0-255,7156,195645,12,238036
11979,0.002334,172.31.36.0-255,66,195711,12,238036
11980,0.002368,74.125.24.0-255,5738,201449,12,238036
11981,0.002371,172.31.36.0-255,66,201515,12,238036
11982,0.002382,172.31.36.0-255,66,201581,12,238036
11983,0.002404,74.125.24.0-255,2184,203765,12,238036
11984,0.002408,172.31.36.0-255,66,203831,12,238036
11985,0.00248,74.125.24.0-255,1484,205315,12,238036
11986,0.002495,74.125.24.0-255,2902,208217,12,238036
11987,0.002498,172.31.36.0-255,66,208283,12,238036
11988,0.002505,74.125.24.0-255,5738,214021,12,238036
11989,0.002508,172.31.36.0-255,66,214087,12,238036
11990,0.002553,172.31.36.0-255,66,214153,12,238036
11991,0.002564,172.31.36.0-255,66,214219,12,238036
11992,0.002605,74.125.24.0-255,5738,219957,12,238036
11993,0.002607,172.31.36.0-255,66,220023,12,238036
11994,0.002649,172.31.36.0-255,66,220089,12,238036
11995,0.002653,74.125.24.0-255,2902,222991,12,238036
11996,0.002655,172.31.36.0-255,66,223057,12,238036
11997,0.00266,74.125.24.0-255,2902,225959,12,238036
11998,0.002662,172.31.36.0-255,66,226025,12,238036
11999,0.002694,74.125.24.0-255,1484,227509,12,238036
12000,0.002701,74.125.24.0-255,5020,232529,12,238036
12001,0.002703,172.31.36.0-255,66,232595,12,238036
12002,0.002706,74.125.24.0-255,1484,234079,12,238036
12003,0.002723,172.31.36.0-255,66,234145,12,238036
12004,0.002728,74.125.24.0-255,3203,237348,12,238036
12005,0.002731,172.31.36.0-255,66,237414,12,238036
12006,0.002734,74.125.24.0-255,97,237511,12,238036
12007,0.002771,74.125.24.0-255,105,237616,12,238036
12008,0.012641,172.31.36.0-255,66,237682,12,238036
12009,0.012693,172.31.36.0-255,105,237787,12,238036
12010,0.014424,74.125.24.0-255,105,237892,12,238036
12011,0.014438,172.31.36.0-255,78,237970,12,238036
12012,0.015243,74.125.24.0-255,66,238036,12,238036
12013,0.0,172.31.36.0-255,105,105,12,276
12014,0.001794,157.240.13.0-255,105,210,12,276
12015,0.001809,172.31.36.0-255,66,276,12,276
12016,0.0,172.217.194.0-255,143,143,12,204501
12017,3.1e-05,172.31.36.0-255,66,209,12,204501
12018,3.8e-05,172.217.194.0-255,1484,1693,12,204501
12019,4.2e-05,172.31.36.0-255,66,1759,12,204501
12020,4.7e-05,172.217.194.0-255,2902,4661,12,204501
12021,4.9e-05,172.31.36.0-255,66,4727,12,204501
12022,7e-05,172.217.194.0-255,2902,7629,12,204501
12023,7.2e-05,172.31.36.0-255,66,7695,12,204501
12024,9.7e-05,172.217.194.0-255,4320,12015,12,204501
12025,0.0001,172.31.36.0-255,66,12081,12,204501
12026,0.000121,172.217.194.0-255,2067,14148,12,204501
12027,0.000124,172.31.36.0-255,66,14214,12,204501
12028,0.000133,172.217.194.0-255,7156,21370,12,204501
12029,0.000135,172.31.36.0-255,66,21436,12,204501
12030,0.000137,172.217.194.0-255,1484,22920,12,204501
12031,0.000139,172.31.36.0-255,66,22986,12,204501
12032,0.000175,172.31.36.0-255,66,23052,12,204501
12033,0.000309,172.217.194.0-255,1484,24536,12,204501
12034,0.000314,172.31.36.0-255,66,24602,12,204501
12035,0.000342,172.217.194.0-255,2902,27504,12,204501
12036,0.000345,172.31.36.0-255,66,27570,12,204501
12037,0.000351,172.217.194.0-255,5738,33308,12,204501
12038,0.000353,172.31.36.0-255,66,33374,12,204501
12039,0.000356,172.217.194.0-255,1484,34858,12,204501
12040,0.000358,172.31.36.0-255,66,34924,12,204501
12041,0.000418,172.31.36.0-255,66,34990,12,204501
12042,0.000429,172.31.36.0-255,66,35056,12,204501
12043,0.00045,172.217.194.0-255,378,35434,12,204501
12044,0.000453,172.31.36.0-255,66,35500,12,204501
12045,0.000471,172.217.194.0-255,98,35598,12,204501
12046,0.00078,172.31.36.0-255,66,35664,12,204501
12047,0.001066,172.217.194.0-255,365,36029,12,204501
12048,0.001251,172.217.194.0-255,1484,37513,12,204501
12049,0.001257,172.31.36.0-255,66,37579,12,204501
12050,0.001264,172.217.194.0-255,2902,40481,12,204501
12051,0.001266,172.31.36.0-255,66,40547,12,204501
12052,0.001269,172.217.194.0-255,1484,42031,12,204501
12053,0.001295,172.217.194.0-255,2902,44933,12,204501
12054,0.001298,172.31.36.0-255,66,44999,12,204501
12055,0.001309,172.31.36.0-255,66,45065,12,204501
12056,0.001323,172.217.194.0-255,2902,47967,12,204501
12057,0.001326,172.31.36.0-255,66,48033,12,204501
12058,0.00136,172.31.36.0-255,66,48099,12,204501
12059,0.001588,172.217.194.0-255,1484,49583,12,204501
12060,0.001595,172.217.194.0-255,2902,52485,12,204501
12061,0.001599,172.31.36.0-255,66,52551,12,204501
12062,0.001606,172.217.194.0-255,5738,58289,12,204501
12063,0.001608,172.31.36.0-255,66,58355,12,204501
12064,0.001638,172.31.36.0-255,66,58421,12,204501
12065,0.001641,172.217.194.0-255,1484,59905,12,204501
12066,0.001678,172.217.194.0-255,4320,64225,12,204501
12067,0.001681,172.31.36.0-255,66,64291,12,204501
12068,0.001698,172.217.194.0-255,5020,69311,12,204501
12069,0.0017,172.31.36.0-255,66,69377,12,204501
12070,0.001705,172.217.194.0-255,5738,75115,12,204501
12071,0.001707,172.31.36.0-255,66,75181,12,204501
12072,0.001739,172.217.194.0-255,4320,79501,12,204501
12073,0.001741,172.31.36.0-255,66,79567,12,204501
12074,0.001754,172.31.36.0-255,66,79633,12,204501
12075,0.001777,172.217.194.0-255,4320,83953,12,204501
12076,0.001779,172.31.36.0-255,66,84019,12,204501
12077,0.001792,172.217.194.0-255,3602,87621,12,204501
12078,0.001795,172.31.36.0-255,66,87687,12,204501
12079,0.001807,172.217.194.0-255,4320,92007,12,204501
12080,0.001809,172.31.36.0-255,66,92073,12,204501
12081,0.001826,172.217.194.0-255,4320,96393,12,204501
12082,0.001829,172.31.36.0-255,66,96459,12,204501
12083,0.001868,172.217.194.0-255,4320,100779,12,204501
12084,0.00187,172.31.36.0-255,66,100845,12,204501
12085,0.00189,172.31.36.0-255,66,100911,12,204501
12086,0.001901,172.31.36.0-255,66,100977,12,204501
12087,0.00207,172.217.194.0-255,1484,102461,12,204501
12088,0.002082,172.217.194.0-255,2902,105363,12,204501
12089,0.002084,172.31.36.0-255,66,105429,12,204501
12090,0.002087,172.217.194.0-255,1484,106913,12,204501
12091,0.002105,172.217.194.0-255,4320,111233,12,204501
12092,0.002108,172.31.36.0-255,66,111299,12,204501
12093,0.002112,172.217.194.0-255,4320,115619,12,204501
12094,0.002114,172.31.36.0-255,66,115685,12,204501
12095,0.002138,172.31.36.0-255,66,115751,12,204501
12096,0.002148,172.31.36.0-255,66,115817,12,204501
12097,0.002271,172.217.194.0-255,1484,117301,12,204501
12098,0.002283,172.217.194.0-255,2902,120203,12,204501
12099,0.002286,172.31.36.0-255,66,120269,12,204501
12100,0.002305,172.217.194.0-255,5738,126007,12,204501
12101,0.002307,172.31.36.0-255,66,126073,12,204501
12102,0.002342,172.31.36.0-255,66,126139,12,204501
12103,0.002352,172.31.36.0-255,66,126205,12,204501
12104,0.002368,172.217.194.0-255,2184,128389,12,204501
12105,0.00237,172.31.36.0-255,66,128455,12,204501
12106,0.002445,172.217.194.0-255,1484,129939,12,204501
12107,0.00246,172.217.194.0-255,2902,132841,12,204501
12108,0.002464,172.31.36.0-255,66,132907,12,204501
12109,0.002469,172.217.194.0-255,4320,137227,12,204501
12110,0.002471,172.31.36.0-255,66,137293,12,204501
12111,0.002483,172.217.194.0-255,1484,138777,12,204501
12112,0.002512,172.31.36.0-255,66,138843,12,204501
12113,0.002546,172.217.194.0-255,2902,141745,12,204501
12114,0.002548,172.31.36.0-255,66,141811,12,204501
12115,0.002576,172.31.36.0-255,66,141877,12,204501
12116,0.002587,172.31.36.0-255,66,141943,12,204501
12117,0.002598,172.31.36.0-255,66,142009,12,204501
12118,0.002616,172.217.194.0-255,5738,147747,12,204501
12119,0.002618,172.31.36.0-255,66,147813,12,204501
12120,0.005174,172.217.194.0-255,4320,152133,12,204501
12121,0.005177,172.31.36.0-255,66,152199,12,204501
12122,0.005194,172.217.194.0-255,1484,153683,12,204501
12123,0.007731,172.217.194.0-255,4320,158003,12,204501
12124,0.007738,172.31.36.0-255,66,158069,12,204501
12125,0.010291,172.217.194.0-255,5738,163807,12,204501
12126,0.010298,172.31.36.0-255,66,163873,12,204501
12127,0.012856,172.217.194.0-255,5738,169611,12,204501
12128,0.012865,172.31.36.0-255,66,169677,12,204501
12129,0.01542,172.217.194.0-255,5738,175415,12,204501
12130,0.015427,172.31.36.0-255,66,175481,12,204501
12131,0.018041,172.217.194.0-255,5738,181219,12,204501
12132,0.01805,172.31.36.0-255,66,181285,12,204501
12133,0.020614,172.217.194.0-255,5738,187023,12,204501
12134,0.020622,172.31.36.0-255,66,187089,12,204501
12135,0.023174,172.217.194.0-255,5738,192827,12,204501
12136,0.023181,172.31.36.0-255,66,192893,12,204501
12137,0.025741,172.217.194.0-255,5738,198631,12,204501
12138,0.025747,172.31.36.0-255,66,198697,12,204501
12139,0.028286,172.217.194.0-255,5738,204435,12,204501
12140,0.028292,172.31.36.0-255,66,204501,12,204501
12141,0.0,74.125.200.0-255,145,145,12,148845
12142,3.2e-05,172.31.36.0-255,66,211,12,148845
12143,3.9e-05,74.125.200.0-255,1484,1695,12,148845
12144,4.4e-05,172.31.36.0-255,66,1761,12,148845
12145,4.9e-05,74.125.200.0-255,2902,4663,12,148845
12146,5.2e-05,172.31.36.0-255,66,4729,12,148845
12147,9.6e-05,74.125.200.0-255,2902,7631,12,148845
12148,9.9e-05,172.31.36.0-255,66,7697,12,148845
12149,0.000114,74.125.200.0-255,1484,9181,12,148845
12150,0.000117,172.31.36.0-255,66,9247,12,148845
12151,0.000123,74.125.200.0-255,4880,14127,12,148845
12152,0.000125,172.31.36.0-255,66,14193,12,148845
12153,0.00015,74.125.200.0-255,1484,15677,12,148845
12154,0.000152,172.31.36.0-255,66,15743,12,148845
12155,0.000157,74.125.200.0-255,2902,18645,12,148845
12156,0.00016,172.31.36.0-255,66,18711,12,148845
12157,0.000182,74.125.200.0-255,5738,24449,12,148845
12158,0.000185,172.31.36.0-255,66,24515,12,148845
12159,0.000188,74.125.200.0-255,1484,25999,12,148845
12160,0.000189,172.31.36.0-255,66,26065,12,148845
12161,0.000235,74.125.200.0-255,2902,28967,12,148845
12162,0.000238,172.31.36.0-255,66,29033,12,148845
12163,0.000257,74.125.200.0-255,2543,31576,12,148845
12164,0.000261,172.31.36.0-255,66,31642,12,148845
12165,0.000378,74.125.200.0-255,1484,33126,12,148845
12166,0.000382,172.31.36.0-255,66,33192,12,148845
12167,0.000386,74.125.200.0-255,1484,34676,12,148845
12168,0.000388,172.31.36.0-255,66,34742,12,148845
12169,0.000393,74.125.200.0-255,2902,37644,12,148845
12170,0.000396,172.31.36.0-255,66,37710,12,148845
12171,0.000438,74.125.200.0-255,4320,42030,12,148845
12172,0.000443,172.31.36.0-255,66,42096,12,148845
12173,0.000459,74.125.200.0-255,1484,43580,12,148845
12174,0.000501,74.125.200.0-255,2902,46482,12,148845
12175,0.000504,172.31.36.0-255,66,46548,12,148845
12176,0.000515,74.125.200.0-255,2543,49091,12,148845
12177,0.000518,172.31.36.0-255,66,49157,12,148845
12178,0.000641,74.125.200.0-255,1484,50641,12,148845
12179,0.000659,74.125.200.0-255,2902,53543,12,148845
12180,0.000663,172.31.36.0-255,66,53609,12,148845
12181,0.000689,74.125.200.0-255,5738,59347,12,148845
12182,0.000691,172.31.36.0-255,66,59413,12,148845
12183,0.000695,74.125.200.0-255,2902,62315,12,148845
12184,0.000697,172.31.36.0-255,66,62381,12,148845
12185,0.000736,74.125.200.0-255,3961,66342,12,148845
12186,0.000741,172.31.36.0-255,66,66408,12,148845
12187,0.000769,74.125.200.0-255,645,67053,12,148845
12188,0.00082,172.31.36.0-255,66,67119,12,148845
12189,0.001665,74.125.200.0-255,1484,68603,12,148845
12190,0.001676,74.125.200.0-255,2902,71505,12,148845
12191,0.00168,172.31.36.0-255,66,71571,12,148845
12192,0.001704,74.125.200.0-255,5738,77309,12,148845
12193,0.001706,172.31.36.0-255,66,77375,12,148845
12194,0.001711,74.125.200.0-255,4320,81695,12,148845
12195,0.001713,172.31.36.0-255,66,81761,12,148845
12196,0.001717,74.125.200.0-255,2902,84663,12,148845
12197,0.001719,172.31.36.0-255,66,84729,12,148845
12198,0.001736,74.125.200.0-255,2902,87631,12,148845
12199,0.001738,172.31.36.0-255,66,87697,12,148845
12200,0.001741,74.125.200.0-255,1484,89181,12,148845
12201,0.001771,172.31.36.0-255,66,89247,12,148845
12202,0.001774,74.125.200.0-255,2184,91431,12,148845
12203,0.001776,172.31.36.0-255,66,91497,12,148845
12204,0.004346,74.125.200.0-255,2902,94399,12,148845
12205,0.004349,172.31.36.0-255,66,94465,12,148845
12206,0.004368,74.125.200.0-255,2902,97367,12,148845
12207,0.004369,172.31.36.0-255,66,97433,12,148845
12208,0.006912,74.125.200.0-255,2902,100335,12,148845
12209,0.006918,172.31.36.0-255,66,100401,12,148845
12210,0.00694,74.125.200.0-255,2902,103303,12,148845
12211,0.006943,172.31.36.0-255,66,103369,12,148845
12212,0.009478,74.125.200.0-255,2902,106271,12,148845
12213,0.009486,172.31.36.0-255,66,106337,12,148845
12214,0.009508,74.125.200.0-255,2902,109239,12,148845
12215,0.009512,172.31.36.0-255,66,109305,12,148845
12216,0.012048,74.125.200.0-255,2902,112207,12,148845
12217,0.012055,172.31.36.0-255,66,112273,12,148845
12218,0.012087,74.125.200.0-255,2902,115175,12,148845
12219,0.012091,172.31.36.0-255,66,115241,12,148845
12220,0.014626,74.125.200.0-255,2902,118143,12,148845
12221,0.014636,172.31.36.0-255,66,118209,12,148845
12222,0.014669,74.125.200.0-255,2902,121111,12,148845
12223,0.014672,172.31.36.0-255,66,121177,12,148845
12224,0.017218,74.125.200.0-255,4320,125497,12,148845
12225,0.017224,172.31.36.0-255,66,125563,12,148845
12226,0.017259,74.125.200.0-255,1484,127047,12,148845
12227,0.019788,74.125.200.0-255,4320,131367,12,148845
12228,0.019795,172.31.36.0-255,66,131433,12,148845
12229,0.022366,74.125.200.0-255,5738,137171,12,148845
12230,0.022374,172.31.36.0-255,66,137237,12,148845
12231,0.024938,74.125.200.0-255,5738,142975,12,148845
12232,0.024945,172.31.36.0-255,66,143041,12,148845
12233,0.027524,74.125.200.0-255,5738,148779,12,148845
12234,0.027533,172.31.36.0-255,66,148845,12,148845
12235,0.0,172.253.118.0-255,153,153,12,226482
12236,2.2e-05,172.31.36.0-255,66,219,12,226482
12237,3e-05,172.253.118.0-255,1484,1703,12,226482
12238,3.4e-05,172.31.36.0-255,66,1769,12,226482
12239,4e-05,172.253.118.0-255,2902,4671,12,226482
12240,5.3e-05,172.31.36.0-255,66,4737,12,226482
12241,6.2e-05,172.253.118.0-255,7156,11893,12,226482
12242,6.6e-05,172.31.36.0-255,66,11959,12,226482
12243,7e-05,172.253.118.0-255,2068,14027,12,226482
12244,7.3e-05,172.31.36.0-255,66,14093,12,226482
12245,0.000121,172.253.118.0-255,2902,16995,12,226482
12246,0.000124,172.31.36.0-255,66,17061,12,226482
12247,0.00013,172.253.118.0-255,4320,21381,12,226482
12248,0.000133,172.31.36.0-255,66,21447,12,226482
12249,0.000149,172.31.36.0-255,66,21513,12,226482
12250,0.000152,172.253.118.0-255,1125,22638,12,226482
12251,0.000154,172.31.36.0-255,66,22704,12,226482
12252,0.000271,172.253.118.0-255,1484,24188,12,226482
12253,0.000275,172.31.36.0-255,66,24254,12,226482
12254,0.000281,172.253.118.0-255,2902,27156,12,226482
12255,0.000283,172.31.36.0-255,66,27222,12,226482
12256,0.000324,172.253.118.0-255,5738,32960,12,226482
12257,0.000327,172.31.36.0-255,66,33026,12,226482
12258,0.000335,172.253.118.0-255,6797,39823,12,226482
12259,0.000337,172.31.36.0-255,66,39889,12,226482
12260,0.000452,172.253.118.0-255,1484,41373,12,226482
12261,0.000456,172.31.36.0-255,66,41439,12,226482
12262,0.000463,172.253.118.0-255,2902,44341,12,226482
12263,0.000465,172.31.36.0-255,66,44407,12,226482
12264,0.000513,172.253.118.0-255,5738,50145,12,226482
12265,0.000516,172.31.36.0-255,66,50211,12,226482
12266,0.000523,172.253.118.0-255,6797,57008,12,226482
12267,0.000566,172.253.118.0-255,648,57656,12,226482
12268,0.000609,172.31.36.0-255,66,57722,12,226482
12269,0.001064,172.253.118.0-255,1484,59206,12,226482
12270,0.001071,172.253.118.0-255,2902,62108,12,226482
12271,0.001074,172.31.36.0-255,66,62174,12,226482
12272,0.001081,172.253.118.0-255,5738,67912,12,226482
12273,0.001084,172.31.36.0-255,66,67978,12,226482
12274,0.001119,172.31.36.0-255,66,68044,12,226482
12275,0.001126,172.253.118.0-255,7156,75200,12,226482
12276,0.001128,172.31.36.0-255,66,75266,12,226482
12277,0.001172,172.253.118.0-255,3602,78868,12,226482
12278,0.001175,172.31.36.0-255,66,78934,12,226482
12279,0.001498,172.253.118.0-255,1484,80418,12,226482
12280,0.001505,172.253.118.0-255,2902,83320,12,226482
12281,0.001508,172.31.36.0-255,66,83386,12,226482
12282,0.001512,172.253.118.0-255,1484,84870,12,226482
12283,0.001541,172.253.118.0-255,4320,89190,12,226482
12284,0.001543,172.31.36.0-255,66,89256,12,226482
12285,0.001555,172.31.36.0-255,66,89322,12,226482
12286,0.001586,172.253.118.0-255,5738,95060,12,226482
12287,0.001588,172.31.36.0-255,66,95126,12,226482
12288,0.001615,172.31.36.0-255,66,95192,12,226482
12289,0.001694,172.253.118.0-255,1484,96676,12,226482
12290,0.001712,172.253.118.0-255,2902,99578,12,226482
12291,0.001715,172.31.36.0-255,66,99644,12,226482
12292,0.001722,172.253.118.0-255,5738,105382,12,226482
12293,0.001725,172.31.36.0-255,66,105448,12,226482
12294,0.001736,172.253.118.0-255,4320,109768,12,226482
12295,0.001738,172.31.36.0-255,66,109834,12,226482
12296,0.001744,172.253.118.0-255,5738,115572,12,226482
12297,0.001779,172.253.118.0-255,2184,117756,12,226482
12298,0.001938,172.253.118.0-255,1484,119240,12,226482
12299,0.001945,172.253.118.0-255,2902,122142,12,226482
12300,0.001968,172.253.118.0-255,5738,127880,12,226482
12301,0.002006,172.253.118.0-255,1484,129364,12,226482
12302,0.002057,172.253.118.0-255,1484,130848,12,226482
12303,0.002061,172.253.118.0-255,1484,132332,12,226482
12304,0.002071,172.253.118.0-255,1484,133816,12,226482
12305,0.002077,172.253.118.0-255,5738,139554,12,226482
12306,0.002104,172.253.118.0-255,5738,145292,12,226482
12307,0.002124,172.253.118.0-255,7156,152448,12,226482
12308,0.002127,172.253.118.0-255,1484,153932,12,226482
12309,0.002202,172.253.118.0-255,1484,155416,12,226482
12310,0.002207,172.253.118.0-255,2902,158318,12,226482
12311,0.002235,172.253.118.0-255,5738,164056,12,226482
12312,0.002241,172.253.118.0-255,4320,168376,12,226482
12313,0.00661,172.31.36.0-255,66,168442,12,226482
12314,0.008924,172.253.118.0-255,5738,174180,12,226482
12315,0.008932,172.31.36.0-255,66,174246,12,226482
12316,0.011234,172.253.118.0-255,5738,179984,12,226482
12317,0.011241,172.31.36.0-255,66,180050,12,226482
12318,0.013541,172.253.118.0-255,5738,185788,12,226482
12319,0.01355,172.31.36.0-255,66,185854,12,226482
12320,0.015841,172.253.118.0-255,5738,191592,12,226482
12321,0.01585,172.31.36.0-255,66,191658,12,226482
12322,0.018129,172.253.118.0-255,5738,197396,12,226482
12323,0.018138,172.31.36.0-255,66,197462,12,226482
12324,0.020438,172.253.118.0-255,5738,203200,12,226482
12325,0.020447,172.31.36.0-255,66,203266,12,226482
12326,0.022766,172.253.118.0-255,5738,209004,12,226482
12327,0.022774,172.31.36.0-255,66,209070,12,226482
12328,0.025075,172.253.118.0-255,5738,214808,12,226482
12329,0.025083,172.31.36.0-255,66,214874,12,226482
12330,0.027382,172.253.118.0-255,5738,220612,12,226482
12331,0.02739,172.31.36.0-255,66,220678,12,226482
12332,0.02972,172.253.118.0-255,5738,226416,12,226482
12333,0.029728,172.31.36.0-255,66,226482,12,226482
12334,0.0,172.217.194.0-255,143,143,12,173975
12335,1.5e-05,172.31.36.0-255,66,209,12,173975
12336,2.2e-05,172.217.194.0-255,1484,1693,12,173975
12337,2.7e-05,172.31.36.0-255,66,1759,12,173975
12338,4.4e-05,172.217.194.0-255,2902,4661,12,173975
12339,4.9e-05,172.31.36.0-255,66,4727,12,173975
12340,5.7e-05,172.217.194.0-255,7156,11883,12,173975
12341,6e-05,172.31.36.0-255,66,11949,12,173975
12342,7.9e-05,172.217.194.0-255,5738,17687,12,173975
12343,8.2e-05,172.31.36.0-255,66,17753,12,173975
12344,0.000125,172.31.36.0-255,66,17819,12,173975
12345,0.00013,172.217.194.0-255,2543,20362,12,173975
12346,0.000132,172.31.36.0-255,66,20428,12,173975
12347,0.000189,172.217.194.0-255,1484,21912,12,173975
12348,0.000192,172.31.36.0-255,66,21978,12,173975
12349,0.000197,172.217.194.0-255,2902,24880,12,173975
12350,0.0002,172.31.36.0-255,66,24946,12,173975
12351,0.000211,172.217.194.0-255,5738,30684,12,173975
12352,0.000213,172.31.36.0-255,66,30750,12,173975
12353,0.000221,172.217.194.0-255,6797,37547,12,173975
12354,0.000223,172.31.36.0-255,66,37613,12,173975
12355,0.000271,172.31.36.0-255,66,37679,12,173975
12356,0.000274,172.217.194.0-255,1484,39163,12,173975
12357,0.000276,172.31.36.0-255,66,39229,12,173975
12358,0.000281,172.217.194.0-255,2794,42023,12,173975
12359,0.000288,172.31.36.0-255,66,42089,12,173975
12360,0.000306,172.217.194.0-255,437,42526,12,173975
12361,0.00031,172.31.36.0-255,66,42592,12,173975
12362,0.000463,172.217.194.0-255,1484,44076,12,173975
12363,0.00047,172.31.36.0-255,66,44142,12,173975
12364,0.000475,172.217.194.0-255,2902,47044,12,173975
12365,0.000478,172.31.36.0-255,66,47110,12,173975
12366,0.000484,172.217.194.0-255,5738,52848,12,173975
12367,0.000493,172.31.36.0-255,66,52914,12,173975
12368,0.0005,172.217.194.0-255,6797,59711,12,173975
12369,0.000503,172.31.36.0-255,66,59777,12,173975
12370,0.000545,172.31.36.0-255,66,59843,12,173975
12371,0.00055,172.217.194.0-255,2543,62386,12,173975
12372,0.000552,172.31.36.0-255,66,62452,12,173975
12373,0.000888,172.217.194.0-255,1484,63936,12,173975
12374,0.000894,172.217.194.0-255,1484,65420,12,173975
12375,0.000898,172.31.36.0-255,66,65486,12,173975
12376,0.00092,172.217.194.0-255,1484,66970,12,173975
12377,0.000928,172.217.194.0-255,5738,72708,12,173975
12378,0.00093,172.31.36.0-255,66,72774,12,173975
12379,0.000941,172.31.36.0-255,66,72840,12,173975
12380,0.000976,172.217.194.0-255,4320,77160,12,173975
12381,0.000979,172.31.36.0-255,66,77226,12,173975
12382,0.000996,172.31.36.0-255,66,77292,12,173975
12383,0.001036,172.217.194.0-255,1484,78776,12,173975
12384,0.001041,172.217.194.0-255,2902,81678,12,173975
12385,0.001044,172.31.36.0-255,66,81744,12,173975
12386,0.001047,172.217.194.0-255,1484,83228,12,173975
12387,0.001077,172.217.194.0-255,4320,87548,12,173975
12388,0.001081,172.31.36.0-255,66,87614,12,173975
12389,0.001099,172.31.36.0-255,66,87680,12,173975
12390,0.001135,172.31.36.0-255,66,87746,12,173975
12391,0.001175,172.217.194.0-255,1484,89230,12,173975
12392,0.001189,172.217.194.0-255,2902,92132,12,173975
12393,0.001192,172.31.36.0-255,66,92198,12,173975
12394,0.001199,172.217.194.0-255,5738,97936,12,173975
12395,0.001201,172.31.36.0-255,66,98002,12,173975
12396,0.001204,172.217.194.0-255,1484,99486,12,173975
12397,0.001245,172.31.36.0-255,66,99552,12,173975
12398,0.001256,172.31.36.0-255,66,99618,12,173975
12399,0.001265,172.217.194.0-255,766,100384,12,173975
12400,0.001336,172.217.194.0-255,1484,101868,12,173975
12401,0.001342,172.217.194.0-255,4320,106188,12,173975
12402,0.00137,172.31.36.0-255,66,106254,12,173975
12403,0.001379,172.31.36.0-255,66,106320,12,173975
12404,0.001382,172.31.36.0-255,66,106386,12,173975
12405,0.001387,172.217.194.0-255,1484,107870,12,173975
12406,0.001396,172.217.194.0-255,1484,109354,12,173975
12407,0.001401,172.31.36.0-255,66,109420,12,173975
12408,0.001403,172.31.36.0-255,66,109486,12,173975
12409,0.001435,172.217.194.0-255,1484,110970,12,173975
12410,0.001443,172.217.194.0-255,5738,116708,12,173975
12411,0.001445,172.31.36.0-255,66,116774,12,173975
12412,0.001469,172.31.36.0-255,66,116840,12,173975
12413,0.001474,172.217.194.0-255,2902,119742,12,173975
12414,0.001477,172.31.36.0-255,66,119808,12,173975
12415,0.00151,172.31.36.0-255,66,119874,12,173975
12416,0.001515,172.217.194.0-255,4320,124194,12,173975
12417,0.001517,172.31.36.0-255,66,124260,12,173975
12418,0.001568,172.217.194.0-255,7156,131416,12,173975
12419,0.001572,172.31.36.0-255,66,131482,12,173975
12420,0.001593,172.31.36.0-255,66,131548,12,173975
12421,0.001599,172.217.194.0-255,5020,136568,12,173975
12422,0.001601,172.31.36.0-255,66,136634,12,173975
12423,0.001608,172.217.194.0-255,5738,142372,12,173975
12424,0.00161,172.31.36.0-255,66,142438,12,173975
12425,0.001615,172.217.194.0-255,2902,145340,12,173975
12426,0.001617,172.31.36.0-255,66,145406,12,173975
12427,0.001668,172.31.36.0-255,66,145472,12,173975
12428,0.001678,172.31.36.0-255,66,145538,12,173975
12429,0.001688,172.217.194.0-255,4320,149858,12,173975
12430,0.00169,172.31.36.0-255,66,149924,12,173975
12431,0.001721,172.217.194.0-255,2184,152108,12,173975
12432,0.001725,172.31.36.0-255,66,152174,12,173975
12433,0.001732,172.217.194.0-255,7156,159330,12,173975
12434,0.001735,172.31.36.0-255,66,159396,12,173975
12435,0.001745,172.217.194.0-255,4320,163716,12,173975
12436,0.001747,172.31.36.0-255,66,163782,12,173975
12437,0.001753,172.217.194.0-255,4320,168102,12,173975
12438,0.001755,172.31.36.0-255,66,168168,12,173975
12439,0.001799,172.31.36.0-255,66,168234,12,173975
12440,0.00181,172.31.36.0-255,66,168300,12,173975
12441,0.001822,172.31.36.0-255,66,168366,12,173975
12442,0.001868,172.31.36.0-255,66,168432,12,173975
12443,0.001938,172.31.36.0-255,66,168498,12,173975
12444,0.001943,172.217.194.0-255,3872,172370,12,173975
12445,0.001945,172.31.36.0-255,66,172436,12,173975
12446,0.001948,172.217.194.0-255,97,172533,12,173975
12447,0.001996,172.217.194.0-255,105,172638,12,173975
12448,0.010263,172.31.36.0-255,66,172704,12,173975
12449,0.010304,172.31.36.0-255,105,172809,12,173975
12450,0.012649,172.217.194.0-255,105,172914,12,173975
12451,0.01266,172.31.36.0-255,78,172992,12,173975
12452,0.012889,172.217.194.0-255,66,173058,12,173975
12453,0.026897,172.31.36.0-255,172,173230,12,173975
12454,0.02693,172.31.36.0-255,613,173843,12,173975
12455,0.028425,104.244.42.0-255,66,173909,12,173975
12456,0.028504,104.244.42.0-255,66,173975,12,173975
12457,0.0,172.217.194.0-255,146,146,12,262789
12458,1.4e-05,172.31.36.0-255,66,212,12,262789
12459,2.2e-05,172.217.194.0-255,1484,1696,12,262789
12460,2.6e-05,172.31.36.0-255,66,1762,12,262789
12461,3.2e-05,172.217.194.0-255,2902,4664,12,262789
12462,3.6e-05,172.31.36.0-255,66,4730,12,262789
12463,4.4e-05,172.217.194.0-255,7156,11886,12,262789
12464,4.7e-05,172.31.36.0-255,66,11952,12,262789
12465,5e-05,172.217.194.0-255,1484,13436,12,262789
12466,5.3e-05,172.31.36.0-255,66,13502,12,262789
12467,7.9e-05,172.217.194.0-255,4912,18414,12,262789
12468,8.2e-05,172.31.36.0-255,66,18480,12,262789
12469,9.9e-05,172.217.194.0-255,7156,25636,12,262789
12470,0.000101,172.31.36.0-255,66,25702,12,262789
12471,0.000124,172.217.194.0-255,2902,28604,12,262789
12472,0.000126,172.31.36.0-255,66,28670,12,262789
12473,0.000146,172.217.194.0-255,2543,31213,12,262789
12474,0.000148,172.31.36.0-255,66,31279,12,262789
12475,0.000177,172.217.194.0-255,1484,32763,12,262789
12476,0.00018,172.31.36.0-255,66,32829,12,262789
12477,0.000185,172.217.194.0-255,2902,35731,12,262789
12478,0.000187,172.31.36.0-255,66,35797,12,262789
12479,0.000212,172.217.194.0-255,5738,41535,12,262789
12480,0.000216,172.31.36.0-255,66,41601,12,262789
12481,0.000223,172.217.194.0-255,6797,48398,12,262789
12482,0.000226,172.31.36.0-255,66,48464,12,262789
12483,0.00027,172.217.194.0-255,1484,49948,12,262789
12484,0.000273,172.31.36.0-255,66,50014,12,262789
12485,0.000278,172.217.194.0-255,2902,52916,12,262789
12486,0.000279,172.31.36.0-255,66,52982,12,262789
12487,0.0003,172.217.194.0-255,5738,58720,12,262789
12488,0.000303,172.31.36.0-255,66,58786,12,262789
12489,0.000323,172.217.194.0-255,7073,65859,12,262789
12490,0.000326,172.31.36.0-255,66,65925,12,262789
12491,0.000351,172.217.194.0-255,401,66326,12,262789
12492,0.000897,172.217.194.0-255,1484,67810,12,262789
12493,0.000903,172.31.36.0-255,66,67876,12,262789
12494,0.00091,172.217.194.0-255,2902,70778,12,262789
12495,0.000912,172.31.36.0-255,66,70844,12,262789
12496,0.000919,172.217.194.0-255,5738,76582,12,262789
12497,0.000921,172.31.36.0-255,66,76648,12,262789
12498,0.000927,172.217.194.0-255,5738,82386,12,262789
12499,0.00093,172.31.36.0-255,66,82452,12,262789
12500,0.000946,172.217.194.0-255,5738,88190,12,262789
12501,0.000949,172.31.36.0-255,66,88256,12,262789
12502,0.000968,172.217.194.0-255,7156,95412,12,262789
12503,0.000971,172.31.36.0-255,66,95478,12,262789
12504,0.000991,172.217.194.0-255,5020,100498,12,262789
12505,0.000994,172.31.36.0-255,66,100564,12,262789
12506,0.001159,172.217.194.0-255,1484,102048,12,262789
12507,0.001165,172.217.194.0-255,2902,104950,12,262789
12508,0.001168,172.31.36.0-255,66,105016,12,262789
12509,0.001192,172.217.194.0-255,5738,110754,12,262789
12510,0.001194,172.31.36.0-255,66,110820,12,262789
12511,0.001201,172.217.194.0-255,4320,115140,12,262789
12512,0.001203,172.31.36.0-255,66,115206,12,262789
12513,0.001225,172.31.36.0-255,66,115272,12,262789
12514,0.001231,172.217.194.0-255,5738,121010,12,262789
12515,0.001233,172.31.36.0-255,66,121076,12,262789
12516,0.001254,172.217.194.0-255,5020,126096,12,262789
12517,0.001257,172.31.36.0-255,66,126162,12,262789
12518,0.00128,172.217.194.0-255,4320,130482,12,262789
12519,0.001283,172.31.36.0-255,66,130548,12,262789
12520,0.001289,172.217.194.0-255,4320,134868,12,262789
12521,0.001291,172.31.36.0-255,66,134934,12,262789
12522,0.001309,172.217.194.0-255,1484,136418,12,262789
12523,0.001322,172.31.36.0-255,66,136484,12,262789
12524,0.001338,172.217.194.0-255,1484,137968,12,262789
12525,0.001344,172.217.194.0-255,4320,142288,12,262789
12526,0.001346,172.31.36.0-255,66,142354,12,262789
12527,0.001389,172.31.36.0-255,66,142420,12,262789
12528,0.001426,172.217.194.0-255,5738,148158,12,262789
12529,0.001429,172.31.36.0-255,66,148224,12,262789
12530,0.001445,172.217.194.0-255,2902,151126,12,262789
12531,0.001447,172.31.36.0-255,66,151192,12,262789
12532,0.001454,172.217.194.0-255,7156,158348,12,262789
12533,0.001456,172.31.36.0-255,66,158414,12,262789
12534,0.001464,172.217.194.0-255,7156,165570,12,262789
12535,0.001466,172.31.36.0-255,66,165636,12,262789
12536,0.001489,172.31.36.0-255,66,165702,12,262789
12537,0.001492,172.217.194.0-255,766,166468,12,262789
12538,0.001524,172.217.194.0-255,1484,167952,12,262789
12539,0.001527,172.31.36.0-255,66,168018,12,262789
12540,0.00153,172.217.194.0-255,1484,169502,12,262789
12541,0.001549,172.217.194.0-255,4320,173822,12,262789
12542,0.001553,172.31.36.0-255,66,173888,12,262789
12543,0.001582,172.31.36.0-255,66,173954,12,262789
12544,0.001586,172.217.194.0-255,2902,176856,12,262789
12545,0.001588,172.31.36.0-255,66,176922,12,262789
12546,0.001619,172.31.36.0-255,66,176988,12,262789
12547,0.001693,172.31.36.0-255,66,177054,12,262789
12548,0.001715,172.31.36.0-255,66,177120,12,262789
12549,0.001717,172.217.194.0-255,766,177886,12,262789
12550,0.001768,172.31.36.0-255,66,177952,12,262789
12551,0.001773,172.217.194.0-255,4320,182272,12,262789
12552,0.001776,172.31.36.0-255,66,182338,12,262789
12553,0.001807,172.31.36.0-255,66,182404,12,262789
12554,0.00183,172.217.194.0-255,7156,189560,12,262789
12555,0.001833,172.31.36.0-255,66,189626,12,262789
12556,0.001838,172.217.194.0-255,2902,192528,12,262789
12557,0.00184,172.31.36.0-255,66,192594,12,262789
12558,0.001857,172.217.194.0-255,5738,198332,12,262789
12559,0.001861,172.31.36.0-255,66,198398,12,262789
12560,0.001866,172.217.194.0-255,5738,204136,12,262789
12561,0.001868,172.31.36.0-255,66,204202,12,262789
12562,0.001904,172.31.36.0-255,66,204268,12,262789
12563,0.001906,172.217.194.0-255,766,205034,12,262789
12564,0.001948,172.217.194.0-255,1484,206518,12,262789
12565,0.001951,172.31.36.0-255,66,206584,12,262789
12566,0.001956,172.217.194.0-255,2902,209486,12,262789
12567,0.001958,172.31.36.0-255,66,209552,12,262789
12568,0.001976,172.217.194.0-255,5738,215290,12,262789
12569,0.001979,172.31.36.0-255,66,215356,12,262789
12570,0.001982,172.217.194.0-255,1484,216840,12,262789
12571,0.002009,172.217.194.0-255,4320,221160,12,262789
12572,0.002014,172.31.36.0-255,66,221226,12,262789
12573,0.002017,172.31.36.0-255,66,221292,12,262789
12574,0.002032,172.217.194.0-255,5738,227030,12,262789
12575,0.002035,172.31.36.0-255,66,227096,12,262789
12576,0.002038,172.217.194.0-255,766,227862,12,262789
12577,0.002074,172.217.194.0-255,1484,229346,12,262789
12578,0.002077,172.31.36.0-255,66,229412,12,262789
12579,0.002084,172.217.194.0-255,4320,233732,12,262789
12580,0.002086,172.31.36.0-255,66,233798,12,262789
12581,0.002113,172.217.194.0-255,2902,236700,12,262789
12582,0.002116,172.31.36.0-255,66,236766,12,262789
12583,0.002142,172.217.194.0-255,7156,243922,12,262789
12584,0.002145,172.31.36.0-255,66,243988,12,262789
12585,0.002158,172.31.36.0-255,66,244054,12,262789
12586,0.002165,172.217.194.0-255,6438,250492,12,262789
12587,0.002168,172.31.36.0-255,66,250558,12,262789
12588,0.002173,172.217.194.0-255,4320,254878,12,262789
12589,0.002175,172.31.36.0-255,66,254944,12,262789
12590,0.002196,172.217.194.0-255,2902,257846,12,262789
12591,0.002199,172.31.36.0-255,66,257912,12,262789
12592,0.002203,172.217.194.0-255,2902,260814,12,262789
12593,0.002205,172.31.36.0-255,66,260880,12,262789
12594,0.00223,172.217.194.0-255,1501,262381,12,262789
12595,0.002233,172.31.36.0-255,66,262447,12,262789
12596,0.004377,172.217.194.0-255,105,262552,12,262789
12597,0.009015,172.31.36.0-255,66,262618,12,262789
12598,0.009055,172.31.36.0-255,105,262723,12,262789
12599,0.011224,172.217.194.0-255,66,262789,12,262789
12600,0.0,172.217.194.0-255,155,155,12,125094
12601,3.7e-05,172.31.36.0-255,66,221,12,125094
12602,4.5e-05,172.217.194.0-255,1484,1705,12,125094
12603,5e-05,172.31.36.0-255,66,1771,12,125094
12604,6.4e-05,172.217.194.0-255,2902,4673,12,125094
12605,6.8e-05,172.31.36.0-255,66,4739,12,125094
12606,9.5e-05,172.217.194.0-255,5738,10477,12,125094
12607,9.8e-05,172.31.36.0-255,66,10543,12,125094
12608,0.000243,172.217.194.0-255,3457,14000,12,125094
12609,0.000248,172.31.36.0-255,66,14066,12,125094
12610,0.000557,172.217.194.0-255,1484,15550,12,125094
12611,0.000563,172.31.36.0-255,66,15616,12,125094
12612,0.000572,172.217.194.0-255,2902,18518,12,125094
12613,0.00058,172.31.36.0-255,66,18584,12,125094
12614,0.000642,172.217.194.0-255,5738,24322,12,125094
12615,0.000647,172.31.36.0-255,66,24388,12,125094
12616,0.000795,172.217.194.0-255,6797,31185,12,125094
12617,0.0008,172.31.36.0-255,66,31251,12,125094
12618,0.000976,172.217.194.0-255,4320,35571,12,125094
12619,0.000981,172.31.36.0-255,66,35637,12,125094
12620,0.001009,172.217.194.0-255,2902,38539,12,125094
12621,0.001013,172.31.36.0-255,66,38605,12,125094
12622,0.001182,172.31.36.0-255,66,38671,12,125094
12623,0.001571,172.217.194.0-255,7156,45827,12,125094
12624,0.001577,172.31.36.0-255,66,45893,12,125094
12625,0.001606,172.217.194.0-255,3961,49854,12,125094
12626,0.001608,172.31.36.0-255,66,49920,12,125094
12627,0.001829,172.217.194.0-255,678,50598,12,125094
12628,0.001833,172.31.36.0-255,66,50664,12,125094
12629,0.001862,172.217.194.0-255,4320,54984,12,125094
12630,0.001864,172.31.36.0-255,66,55050,12,125094
12631,0.001918,172.31.36.0-255,66,55116,12,125094
12632,0.002664,172.31.36.0-255,66,55182,12,125094
12633,0.002714,172.31.36.0-255,66,55248,12,125094
12634,0.003667,172.31.36.0-255,66,55314,12,125094
12635,0.003703,172.31.36.0-255,66,55380,12,125094
12636,0.005712,172.217.194.0-255,5738,61118,12,125094
12637,0.005724,172.31.36.0-255,66,61184,12,125094
12638,0.007754,172.217.194.0-255,5738,66922,12,125094
12639,0.007766,172.31.36.0-255,66,66988,12,125094
12640,0.009816,172.217.194.0-255,5738,72726,12,125094
12641,0.009831,172.31.36.0-255,66,72792,12,125094
12642,0.011877,172.217.194.0-255,5738,78530,12,125094
12643,0.011893,172.31.36.0-255,66,78596,12,125094
12644,0.013909,172.217.194.0-255,5738,84334,12,125094
12645,0.013927,172.31.36.0-255,66,84400,12,125094
12646,0.015973,172.217.194.0-255,5738,90138,12,125094
12647,0.015988,172.31.36.0-255,66,90204,12,125094
12648,0.018072,172.217.194.0-255,5738,95942,12,125094
12649,0.018096,172.31.36.0-255,66,96008,12,125094
12650,0.020127,172.217.194.0-255,5738,101746,12,125094
12651,0.020146,172.31.36.0-255,66,101812,12,125094
12652,0.02221,172.217.194.0-255,5738,107550,12,125094
12653,0.022223,172.31.36.0-255,66,107616,12,125094
12654,0.024228,172.217.194.0-255,5738,113354,12,125094
12655,0.024237,172.31.36.0-255,66,113420,12,125094
12656,0.026251,172.217.194.0-255,5738,119158,12,125094
12657,0.026257,172.31.36.0-255,66,119224,12,125094
12658,0.028298,172.217.194.0-255,4320,123544,12,125094
12659,0.028306,172.31.36.0-255,66,123610,12,125094
12660,0.028342,172.217.194.0-255,1484,125094,12,125094
12661,0.0,74.125.24.0-255,153,153,12,237409
12662,1.8e-05,172.31.36.0-255,66,219,12,237409
12663,2.5e-05,74.125.24.0-255,1484,1703,12,237409
12664,2.9e-05,172.31.36.0-255,66,1769,12,237409
12665,3.5e-05,74.125.24.0-255,2902,4671,12,237409
12666,4.6e-05,172.31.36.0-255,66,4737,12,237409
12667,5.2e-05,74.125.24.0-255,5738,10475,12,237409
12668,5.5e-05,172.31.36.0-255,66,10541,12,237409
12669,8.4e-05,74.125.24.0-255,3477,14018,12,237409
12670,8.7e-05,172.31.36.0-255,66,14084,12,237409
12671,0.000373,74.125.24.0-255,1484,15568,12,237409
12672,0.00038,172.31.36.0-255,66,15634,12,237409
12673,0.000386,74.125.24.0-255,2902,18536,12,237409
12674,0.000388,172.31.36.0-255,66,18602,12,237409
12675,0.000406,74.125.24.0-255,2902,21504,12,237409
12676,0.000408,172.31.36.0-255,66,21570,12,237409
12677,0.000442,74.125.24.0-255,2902,24472,12,237409
12678,0.000445,172.31.36.0-255,66,24538,12,237409
12679,0.00045,74.125.24.0-255,2902,27440,12,237409
12680,0.000452,172.31.36.0-255,66,27506,12,237409
12681,0.000485,74.125.24.0-255,7156,34662,12,237409
12682,0.000488,172.31.36.0-255,66,34728,12,237409
12683,0.000501,74.125.24.0-255,1125,35853,12,237409
12684,0.000508,172.31.36.0-255,66,35919,12,237409
12685,0.000521,172.31.36.0-255,66,35985,12,237409
12686,0.000526,74.125.24.0-255,3961,39946,12,237409
12687,0.000529,172.31.36.0-255,66,40012,12,237409
12688,0.000583,74.125.24.0-255,1484,41496,12,237409
12689,0.000586,172.31.36.0-255,66,41562,12,237409
12690,0.000613,74.125.24.0-255,2902,44464,12,237409
12691,0.000616,172.31.36.0-255,66,44530,12,237409
12692,0.000641,74.125.24.0-255,2902,47432,12,237409
12693,0.000644,172.31.36.0-255,66,47498,12,237409
12694,0.000649,74.125.24.0-255,4320,51818,12,237409
12695,0.000652,172.31.36.0-255,66,51884,12,237409
12696,0.000678,74.125.24.0-255,5379,57263,12,237409
12697,0.000681,172.31.36.0-255,66,57329,12,237409
12698,0.000929,74.125.24.0-255,394,57723,12,237409
12699,0.000968,74.125.24.0-255,1484,59207,12,237409
12700,0.000972,172.31.36.0-255,66,59273,12,237409
12701,0.000992,74.125.24.0-255,4320,63593,12,237409
12702,0.000994,172.31.36.0-255,66,63659,12,237409
12703,0.001031,172.31.36.0-255,66,63725,12,237409
12704,0.001038,74.125.24.0-255,5738,69463,12,237409
12705,0.00104,172.31.36.0-255,66,69529,12,237409
12706,0.001075,74.125.24.0-255,4320,73849,12,237409
12707,0.001078,172.31.36.0-255,66,73915,12,237409
12708,0.001114,172.31.36.0-255,66,73981,12,237409
12709,0.001146,74.125.24.0-255,350,74331,12,237409
12710,0.001198,74.125.24.0-255,1484,75815,12,237409
12711,0.001202,172.31.36.0-255,66,75881,12,237409
12712,0.001228,74.125.24.0-255,4320,80201,12,237409
12713,0.001232,172.31.36.0-255,66,80267,12,237409
12714,0.001253,74.125.24.0-255,5738,86005,12,237409
12715,0.001256,172.31.36.0-255,66,86071,12,237409
12716,0.001295,172.31.36.0-255,66,86137,12,237409
12717,0.0013,74.125.24.0-255,4320,90457,12,237409
12718,0.001302,172.31.36.0-255,66,90523,12,237409
12719,0.00133,74.125.24.0-255,2902,93425,12,237409
12720,0.001333,172.31.36.0-255,66,93491,12,237409
12721,0.001352,74.125.24.0-255,3602,97093,12,237409
12722,0.001354,172.31.36.0-255,66,97159,12,237409
12723,0.001382,74.125.24.0-255,2902,100061,12,237409
12724,0.001384,172.31.36.0-255,66,100127,12,237409
12725,0.001411,74.125.24.0-255,4320,104447,12,237409
12726,0.001421,172.31.36.0-255,66,104513,12,237409
12727,0.001427,74.125.24.0-255,4320,108833,12,237409
12728,0.001429,172.31.36.0-255,66,108899,12,237409
12729,0.001469,74.125.24.0-255,4320,113219,12,237409
12730,0.001472,172.31.36.0-255,66,113285,12,237409
12731,0.001479,74.125.24.0-255,5738,119023,12,237409
12732,0.001481,172.31.36.0-255,66,119089,12,237409
12733,0.001488,74.125.24.0-255,7156,126245,12,237409
12734,0.001491,172.31.36.0-255,66,126311,12,237409
12735,0.001516,74.125.24.0-255,5020,131331,12,237409
12736,0.001519,172.31.36.0-255,66,131397,12,237409
12737,0.00212,74.125.24.0-255,1484,132881,12,237409
12738,0.002127,74.125.24.0-255,2902,135783,12,237409
12739,0.00213,172.31.36.0-255,66,135849,12,237409
12740,0.002163,74.125.24.0-255,2902,138751,12,237409
12741,0.002166,172.31.36.0-255,66,138817,12,237409
12742,0.002174,74.125.24.0-255,7156,145973,12,237409
12743,0.002176,172.31.36.0-255,66,146039,12,237409
12744,0.002217,172.31.36.0-255,66,146105,12,237409
12745,0.002239,74.125.24.0-255,1484,147589,12,237409
12746,0.002253,74.125.24.0-255,2184,149773,12,237409
12747,0.002256,172.31.36.0-255,66,149839,12,237409
12748,0.002406,74.125.24.0-255,1484,151323,12,237409
12749,0.002436,74.125.24.0-255,2902,154225,12,237409
12750,0.002439,172.31.36.0-255,66,154291,12,237409
12751,0.002464,74.125.24.0-255,4320,158611,12,237409
12752,0.002467,172.31.36.0-255,66,158677,12,237409
12753,0.002504,172.31.36.0-255,66,158743,12,237409
12754,0.002509,74.125.24.0-255,2902,161645,12,237409
12755,0.00251,172.31.36.0-255,66,161711,12,237409
12756,0.002529,74.125.24.0-255,5738,167449,12,237409
12757,0.002531,172.31.36.0-255,66,167515,12,237409
12758,0.002558,74.125.24.0-255,7156,174671,12,237409
12759,0.00256,172.31.36.0-255,66,174737,12,237409
12760,0.002564,74.125.24.0-255,766,175503,12,237409
12761,0.002633,172.31.36.0-255,66,175569,12,237409
12762,0.002639,74.125.24.0-255,4320,179889,12,237409
12763,0.00264,172.31.36.0-255,66,179955,12,237409
12764,0.002683,172.31.36.0-255,66,180021,12,237409
12765,0.002704,74.125.24.0-255,766,180787,12,237409
12766,0.005298,74.125.24.0-255,4320,185107,12,237409
12767,0.005308,172.31.36.0-255,66,185173,12,237409
12768,0.007914,74.125.24.0-255,5738,190911,12,237409
12769,0.007919,172.31.36.0-255,66,190977,12,237409
12770,0.010551,74.125.24.0-255,5738,196715,12,237409
12771,0.010558,172.31.36.0-255,66,196781,12,237409
12772,0.013177,74.125.24.0-255,5738,202519,12,237409
12773,0.013185,172.31.36.0-255,66,202585,12,237409
12774,0.015804,74.125.24.0-255,5738,208323,12,237409
12775,0.015813,172.31.36.0-255,66,208389,12,237409
12776,0.01844,74.125.24.0-255,5738,214127,12,237409
12777,0.018447,172.31.36.0-255,66,214193,12,237409
12778,0.021094,74.125.24.0-255,5738,219931,12,237409
12779,0.021105,172.31.36.0-255,66,219997,12,237409
12780,0.023732,74.125.24.0-255,5738,225735,12,237409
12781,0.02374,172.31.36.0-255,66,225801,12,237409
12782,0.026372,74.125.24.0-255,5738,231539,12,237409
12783,0.026381,172.31.36.0-255,66,231605,12,237409
12784,0.02899,74.125.24.0-255,5738,237343,12,237409
12785,0.028998,172.31.36.0-255,66,237409,12,237409
12786,0.0,74.125.24.0-255,153,153,12,256102
12787,2.4e-05,172.31.36.0-255,66,219,12,256102
12788,3.2e-05,74.125.24.0-255,1484,1703,12,256102
12789,3.7e-05,172.31.36.0-255,66,1769,12,256102
12790,4.9e-05,74.125.24.0-255,2902,4671,12,256102
12791,5.3e-05,172.31.36.0-255,66,4737,12,256102
12792,6.1e-05,74.125.24.0-255,7156,11893,12,256102
12793,6.4e-05,172.31.36.0-255,66,11959,12,256102
12794,8.1e-05,74.125.24.0-255,1484,13443,12,256102
12795,8.4e-05,172.31.36.0-255,66,13509,12,256102
12796,0.000125,172.31.36.0-255,66,13575,12,256102
12797,0.000133,74.125.24.0-255,7156,20731,12,256102
12798,0.000135,172.31.36.0-255,66,20797,12,256102
12799,0.00017,172.31.36.0-255,66,20863,12,256102
12800,0.000188,74.125.24.0-255,3602,24465,12,256102
12801,0.000191,172.31.36.0-255,66,24531,12,256102
12802,0.000194,74.125.24.0-255,1484,26015,12,256102
12803,0.000196,172.31.36.0-255,66,26081,12,256102
12804,0.000249,172.31.36.0-255,66,26147,12,256102
12805,0.000392,74.125.24.0-255,133,26280,12,256102
12806,0.000396,172.31.36.0-255,66,26346,12,256102
12807,0.000429,74.125.24.0-255,1484,27830,12,256102
12808,0.000432,172.31.36.0-255,66,27896,12,256102
12809,0.000435,74.125.24.0-255,1484,29380,12,256102
12810,0.000438,172.31.36.0-255,66,29446,12,256102
12811,0.000459,74.125.24.0-255,1484,30930,12,256102
12812,0.000461,172.31.36.0-255,66,30996,12,256102
12813,0.000474,74.125.24.0-255,7156,38152,12,256102
12814,0.000477,172.31.36.0-255,66,38218,12,256102
12815,0.000482,74.125.24.0-255,4320,42538,12,256102
12816,0.000484,172.31.36.0-255,66,42604,12,256102
12817,0.000489,74.125.24.0-255,2902,45506,12,256102
12818,0.000491,172.31.36.0-255,66,45572,12,256102
12819,0.000521,172.31.36.0-255,66,45638,12,256102
12820,0.000528,74.125.24.0-255,5020,50658,12,256102
12821,0.00053,172.31.36.0-255,66,50724,12,256102
12822,0.00061,74.125.24.0-255,1484,52208,12,256102
12823,0.000616,74.125.24.0-255,2902,55110,12,256102
12824,0.00062,172.31.36.0-255,66,55176,12,256102
12825,0.000622,74.125.24.0-255,1484,56660,12,256102
12826,0.000653,74.125.24.0-255,4320,60980,12,256102
12827,0.000656,172.31.36.0-255,66,61046,12,256102
12828,0.000674,172.31.36.0-255,66,61112,12,256102
12829,0.000687,172.31.36.0-255,66,61178,12,256102
12830,0.000738,74.125.24.0-255,1484,62662,12,256102
12831,0.000768,74.125.24.0-255,2902,65564,12,256102
12832,0.000771,172.31.36.0-255,66,65630,12,256102
12833,0.000777,74.125.24.0-255,5738,71368,12,256102
12834,0.00078,172.31.36.0-255,66,71434,12,256102
12835,0.000791,74.125.24.0-255,4320,75754,12,256102
12836,0.000794,172.31.36.0-255,66,75820,12,256102
12837,0.000797,74.125.24.0-255,1484,77304,12,256102
12838,0.000826,172.31.36.0-255,66,77370,12,256102
12839,0.000832,74.125.24.0-255,4320,81690,12,256102
12840,0.000834,172.31.36.0-255,66,81756,12,256102
12841,0.000861,74.125.24.0-255,3602,85358,12,256102
12842,0.000864,172.31.36.0-255,66,85424,12,256102
12843,0.000875,172.31.36.0-255,66,85490,12,256102
12844,0.000878,74.125.24.0-255,1484,86974,12,256102
12845,0.000906,74.125.24.0-255,6499,93473,12,256102
12846,0.000909,172.31.36.0-255,66,93539,12,256102
12847,0.001218,74.125.24.0-255,1484,95023,12,256102
12848,0.001236,74.125.24.0-255,2902,97925,12,256102
12849,0.00124,172.31.36.0-255,66,97991,12,256102
12850,0.001247,74.125.24.0-255,5738,103729,12,256102
12851,0.001249,172.31.36.0-255,66,103795,12,256102
12852,0.0013,172.31.36.0-255,66,103861,12,256102
12853,0.001325,74.125.24.0-255,1484,105345,12,256102
12854,0.001352,172.31.36.0-255,66,105411,12,256102
12855,0.001803,74.125.24.0-255,1484,106895,12,256102
12856,0.001809,74.125.24.0-255,2902,109797,12,256102
12857,0.001812,172.31.36.0-255,66,109863,12,256102
12858,0.001843,74.125.24.0-255,5738,115601,12,256102
12859,0.001846,172.31.36.0-255,66,115667,12,256102
12860,0.001851,74.125.24.0-255,4320,119987,12,256102
12861,0.001853,172.31.36.0-255,66,120053,12,256102
12862,0.001857,74.125.24.0-255,2902,122955,12,256102
12863,0.001858,172.31.36.0-255,66,123021,12,256102
12864,0.001901,172.31.36.0-255,66,123087,12,256102
12865,0.001911,172.31.36.0-255,66,123153,12,256102
12866,0.00199,74.125.24.0-255,1484,124637,12,256102
12867,0.001996,74.125.24.0-255,2902,127539,12,256102
12868,0.001998,172.31.36.0-255,66,127605,12,256102
12869,0.002031,74.125.24.0-255,5738,133343,12,256102
12870,0.002033,172.31.36.0-255,66,133409,12,256102
12871,0.002039,74.125.24.0-255,4320,137729,12,256102
12872,0.00204,172.31.36.0-255,66,137795,12,256102
12873,0.002062,74.125.24.0-255,5738,143533,12,256102
12874,0.002068,74.125.24.0-255,7156,150689,12,256102
12875,0.002073,172.31.36.0-255,66,150755,12,256102
12876,0.002075,172.31.36.0-255,66,150821,12,256102
12877,0.002091,74.125.24.0-255,4320,155141,12,256102
12878,0.002093,172.31.36.0-255,66,155207,12,256102
12879,0.002098,74.125.24.0-255,4320,159527,12,256102
12880,0.0021,172.31.36.0-255,66,159593,12,256102
12881,0.002138,172.31.36.0-255,66,159659,12,256102
12882,0.002151,172.31.36.0-255,66,159725,12,256102
12883,0.002156,74.125.24.0-255,4320,164045,12,256102
12884,0.002159,172.31.36.0-255,66,164111,12,256102
12885,0.002182,74.125.24.0-255,3602,167713,12,256102
12886,0.002186,172.31.36.0-255,66,167779,12,256102
12887,0.002209,74.125.24.0-255,1484,169263,12,256102
12888,0.002214,74.125.24.0-255,2902,172165,12,256102
12889,0.002219,172.31.36.0-255,66,172231,12,256102
12890,0.002246,74.125.24.0-255,5738,177969,12,256102
12891,0.002249,172.31.36.0-255,66,178035,12,256102
12892,0.002253,74.125.24.0-255,2902,180937,12,256102
12893,0.002255,172.31.36.0-255,66,181003,12,256102
12894,0.002274,74.125.24.0-255,1484,182487,12,256102
12895,0.00228,74.125.24.0-255,5738,188225,12,256102
12896,0.002282,172.31.36.0-255,66,188291,12,256102
12897,0.002308,74.125.24.0-255,5738,194029,12,256102
12898,0.00231,172.31.36.0-255,66,194095,12,256102
12899,0.004584,74.125.24.0-255,5738,199833,12,256102
12900,0.004589,172.31.36.0-255,66,199899,12,256102
12901,0.006866,74.125.24.0-255,5738,205637,12,256102
12902,0.006884,172.31.36.0-255,66,205703,12,256102
12903,0.009162,74.125.24.0-255,5738,211441,12,256102
12904,0.009178,172.31.36.0-255,66,211507,12,256102
12905,0.01145,74.125.24.0-255,5738,217245,12,256102
12906,0.011458,172.31.36.0-255,66,217311,12,256102
12907,0.013703,74.125.24.0-255,5738,223049,12,256102
12908,0.013709,172.31.36.0-255,66,223115,12,256102
12909,0.01599,74.125.24.0-255,5738,228853,12,256102
12910,0.015996,172.31.36.0-255,66,228919,12,256102
12911,0.018272,74.125.24.0-255,5738,234657,12,256102
12912,0.018284,172.31.36.0-255,66,234723,12,256102
12913,0.020562,74.125.24.0-255,5738,240461,12,256102
12914,0.020568,172.31.36.0-255,66,240527,12,256102
12915,0.022851,74.125.24.0-255,5738,246265,12,256102
12916,0.02286,172.31.36.0-255,66,246331,12,256102
12917,0.025122,74.125.24.0-255,5738,252069,12,256102
12918,0.025131,172.31.36.0-255,66,252135,12,256102
12919,0.027422,74.125.24.0-255,3730,255865,12,256102
12920,0.027437,172.31.36.0-255,66,255931,12,256102
12921,0.027685,172.31.36.0-255,105,256036,12,256102
12922,0.029923,74.125.24.0-255,66,256102,12,256102
12923,0.0,74.125.200.0-255,150,150,12,265735
12924,3.6e-05,172.31.36.0-255,66,216,12,265735
12925,4.3e-05,74.125.200.0-255,1484,1700,12,265735
12926,4.8e-05,172.31.36.0-255,66,1766,12,265735
12927,5.4e-05,74.125.200.0-255,2902,4668,12,265735
12928,6.4e-05,172.31.36.0-255,66,4734,12,265735
12929,7.2e-05,74.125.200.0-255,7156,11890,12,265735
12930,7.6e-05,172.31.36.0-255,66,11956,12,265735
12931,0.000118,74.125.200.0-255,2000,13956,12,265735
12932,0.000121,172.31.36.0-255,66,14022,12,265735
12933,0.000281,74.125.200.0-255,1484,15506,12,265735
12934,0.000285,172.31.36.0-255,66,15572,12,265735
12935,0.000291,74.125.200.0-255,2902,18474,12,265735
12936,0.000294,172.31.36.0-255,66,18540,12,265735
12937,0.000303,74.125.200.0-255,1484,20024,12,265735
12938,0.000306,172.31.36.0-255,66,20090,12,265735
12939,0.000331,74.125.200.0-255,2902,22992,12,265735
12940,0.000335,172.31.36.0-255,66,23058,12,265735
12941,0.000338,74.125.200.0-255,1484,24542,12,265735
12942,0.00034,172.31.36.0-255,66,24608,12,265735
12943,0.000379,74.125.200.0-255,4320,28928,12,265735
12944,0.000384,172.31.36.0-255,66,28994,12,265735
12945,0.000389,74.125.200.0-255,2543,31537,12,265735
12946,0.000391,172.31.36.0-255,66,31603,12,265735
12947,0.000395,74.125.200.0-255,2902,34505,12,265735
12948,0.000398,172.31.36.0-255,66,34571,12,265735
12949,0.000401,74.125.200.0-255,1484,36055,12,265735
12950,0.000404,172.31.36.0-255,66,36121,12,265735
12951,0.000436,74.125.200.0-255,4320,40441,12,265735
12952,0.000442,172.31.36.0-255,66,40507,12,265735
12953,0.000446,74.125.200.0-255,2902,43409,12,265735
12954,0.000449,172.31.36.0-255,66,43475,12,265735
12955,0.000475,74.125.200.0-255,4320,47795,12,265735
12956,0.00048,172.31.36.0-255,66,47861,12,265735
12957,0.000483,74.125.200.0-255,1484,49345,12,265735
12958,0.000525,172.31.36.0-255,66,49411,12,265735
12959,0.000528,74.125.200.0-255,1484,50895,12,265735
12960,0.000533,74.125.200.0-255,2902,53797,12,265735
12961,0.000535,172.31.36.0-255,66,53863,12,265735
12962,0.000557,74.125.200.0-255,1484,55347,12,265735
12963,0.000596,74.125.200.0-255,766,56113,12,265735
12964,0.000599,172.31.36.0-255,66,56179,12,265735
12965,0.00065,74.125.200.0-255,414,56593,12,265735
12966,0.000805,74.125.200.0-255,1484,58077,12,265735
12967,0.000809,172.31.36.0-255,66,58143,12,265735
12968,0.000834,74.125.200.0-255,1484,59627,12,265735
12969,0.000839,74.125.200.0-255,2902,62529,12,265735
12970,0.000842,172.31.36.0-255,66,62595,12,265735
12971,0.00086,74.125.200.0-255,4320,66915,12,265735
12972,0.000864,172.31.36.0-255,66,66981,12,265735
12973,0.000888,74.125.200.0-255,1484,68465,12,265735
12974,0.000891,74.125.200.0-255,1484,69949,12,265735
12975,0.000894,172.31.36.0-255,66,70015,12,265735
12976,0.000899,74.125.200.0-255,2902,72917,12,265735
12977,0.000901,172.31.36.0-255,66,72983,12,265735
12978,0.000932,74.125.200.0-255,2902,75885,12,265735
12979,0.000935,172.31.36.0-255,66,75951,12,265735
12980,0.000938,74.125.200.0-255,1484,77435,12,265735
12981,0.000962,74.125.200.0-255,2902,80337,12,265735
12982,0.000965,172.31.36.0-255,66,80403,12,265735
12983,0.00097,74.125.200.0-255,2902,83305,12,265735
12984,0.000976,172.31.36.0-255,66,83371,12,265735
12985,0.001018,74.125.200.0-255,2902,86273,12,265735
12986,0.001022,172.31.36.0-255,66,86339,12,265735
12987,0.001052,74.125.200.0-255,4320,90659,12,265735
12988,0.001055,172.31.36.0-255,66,90725,12,265735
12989,0.001058,74.125.200.0-255,766,91491,12,265735
12990,0.001106,74.125.200.0-255,330,91821,12,265735
12991,0.001214,172.31.36.0-255,66,91887,12,265735
12992,0.001304,74.125.200.0-255,1484,93371,12,265735
12993,0.001313,74.125.200.0-255,2902,96273,12,265735
12994,0.001317,172.31.36.0-255,66,96339,12,265735
12995,0.001321,74.125.200.0-255,1484,97823,12,265735
12996,0.001325,74.125.200.0-255,2902,100725,12,265735
12997,0.001326,172.31.36.0-255,66,100791,12,265735
12998,0.001348,74.125.200.0-255,4320,105111,12,265735
12999,0.001355,172.31.36.0-255,66,105177,12,265735
13000,0.001377,74.125.200.0-255,1484,106661,12,265735
13001,0.001389,172.31.36.0-255,66,106727,12,265735
13002,0.001406,74.125.200.0-255,1484,108211,12,265735
13003,0.001437,172.31.36.0-255,66,108277,12,265735
13004,0.001468,74.125.200.0-255,3602,111879,12,265735
13005,0.001471,172.31.36.0-255,66,111945,12,265735
13006,0.001486,172.31.36.0-255,66,112011,12,265735
13007,0.001492,74.125.200.0-255,5738,117749,12,265735
13008,0.001494,172.31.36.0-255,66,117815,12,265735
13009,0.001553,74.125.200.0-255,7156,124971,12,265735
13010,0.001558,172.31.36.0-255,66,125037,12,265735
13011,0.001561,74.125.200.0-255,1484,126521,12,265735
13012,0.001585,74.125.200.0-255,1484,128005,12,265735
13013,0.001589,172.31.36.0-255,66,128071,12,265735
13014,0.001613,74.125.200.0-255,766,128837,12,265735
13015,0.001732,74.125.200.0-255,1484,130321,12,265735
13016,0.001737,172.31.36.0-255,66,130387,12,265735
13017,0.001774,74.125.200.0-255,2902,133289,12,265735
13018,0.001777,172.31.36.0-255,66,133355,12,265735
13019,0.00178,74.125.200.0-255,1484,134839,12,265735
13020,0.001808,74.125.200.0-255,2902,137741,12,265735
13021,0.001811,172.31.36.0-255,66,137807,12,265735
13022,0.001826,172.31.36.0-255,66,137873,12,265735
13023,0.001833,74.125.200.0-255,5738,143611,12,265735
13024,0.001835,172.31.36.0-255,66,143677,12,265735
13025,0.001839,74.125.200.0-255,2902,146579,12,265735
13026,0.001842,172.31.36.0-255,66,146645,12,265735
13027,0.001868,74.125.200.0-255,4320,150965,12,265735
13028,0.001871,172.31.36.0-255,66,151031,12,265735
13029,0.001875,74.125.200.0-255,3602,154633,12,265735
13030,0.001877,172.31.36.0-255,66,154699,12,265735
13031,0.001919,74.125.200.0-255,4320,159019,12,265735
13032,0.001924,172.31.36.0-255,66,159085,12,265735
13033,0.001929,74.125.200.0-255,4320,163405,12,265735
13034,0.001931,172.31.36.0-255,66,163471,12,265735
13035,0.001933,74.125.200.0-255,1484,164955,12,265735
13036,0.001958,74.125.200.0-255,4320,169275,12,265735
13037,0.001962,172.31.36.0-255,66,169341,12,265735
13038,0.001997,172.31.36.0-255,66,169407,12,265735
13039,0.002002,74.125.200.0-255,4320,173727,12,265735
13040,0.002004,172.31.36.0-255,66,173793,12,265735
13041,0.002051,172.31.36.0-255,66,173859,12,265735
13042,0.002054,74.125.200.0-255,1484,175343,12,265735
13043,0.002086,172.31.36.0-255,66,175409,12,265735
13044,0.002093,74.125.200.0-255,7156,182565,12,265735
13045,0.002096,172.31.36.0-255,66,182631,12,265735
13046,0.002126,74.125.200.0-255,2902,185533,12,265735
13047,0.002129,172.31.36.0-255,66,185599,12,265735
13048,0.002141,172.31.36.0-255,66,185665,12,265735
13049,0.002146,74.125.200.0-255,4320,189985,12,265735
13050,0.002148,172.31.36.0-255,66,190051,12,265735
13051,0.002193,74.125.200.0-255,2902,192953,12,265735
13052,0.002196,172.31.36.0-255,66,193019,12,265735
13053,0.002221,172.31.36.0-255,66,193085,12,265735
13054,0.002236,74.125.200.0-255,1484,194569,12,265735
13055,0.002268,172.31.36.0-255,66,194635,12,265735
13056,0.004561,74.125.200.0-255,5738,200373,12,265735
13057,0.004567,172.31.36.0-255,66,200439,12,265735
13058,0.006874,74.125.200.0-255,2902,203341,12,265735
13059,0.006881,172.31.36.0-255,66,203407,12,265735
13060,0.006909,74.125.200.0-255,2902,206309,12,265735
13061,0.006913,172.31.36.0-255,66,206375,12,265735
13062,0.009163,74.125.200.0-255,2902,209277,12,265735
13063,0.00917,172.31.36.0-255,66,209343,12,265735
13064,0.009198,74.125.200.0-255,2902,212245,12,265735
13065,0.009202,172.31.36.0-255,66,212311,12,265735
13066,0.011458,74.125.200.0-255,2902,215213,12,265735
13067,0.011467,172.31.36.0-255,66,215279,12,265735
13068,0.011497,74.125.200.0-255,2902,218181,12,265735
13069,0.0115,172.31.36.0-255,66,218247,12,265735
13070,0.013754,74.125.200.0-255,2902,221149,12,265735
13071,0.013762,172.31.36.0-255,66,221215,12,265735
13072,0.01379,74.125.200.0-255,2902,224117,12,265735
13073,0.013793,172.31.36.0-255,66,224183,12,265735
13074,0.016049,74.125.200.0-255,2902,227085,12,265735
13075,0.016057,172.31.36.0-255,66,227151,12,265735
13076,0.016102,74.125.200.0-255,2902,230053,12,265735
13077,0.016104,172.31.36.0-255,66,230119,12,265735
13078,0.018374,74.125.200.0-255,2902,233021,12,265735
13079,0.018382,172.31.36.0-255,66,233087,12,265735
13080,0.018409,74.125.200.0-255,2902,235989,12,265735
13081,0.018412,172.31.36.0-255,66,236055,12,265735
13082,0.020663,74.125.200.0-255,2902,238957,12,265735
13083,0.02067,172.31.36.0-255,66,239023,12,265735
13084,0.020711,74.125.200.0-255,2902,241925,12,265735
13085,0.020715,172.31.36.0-255,66,241991,12,265735
13086,0.022947,74.125.200.0-255,2902,244893,12,265735
13087,0.022954,172.31.36.0-255,66,244959,12,265735
13088,0.022986,74.125.200.0-255,2902,247861,12,265735
13089,0.022989,172.31.36.0-255,66,247927,12,265735
13090,0.025229,74.125.200.0-255,2902,250829,12,265735
13091,0.025234,172.31.36.0-255,66,250895,12,265735
13092,0.025271,74.125.200.0-255,2902,253797,12,265735
13093,0.025275,172.31.36.0-255,66,253863,12,265735
13094,0.027516,74.125.200.0-255,2902,256765,12,265735
13095,0.027523,172.31.36.0-255,66,256831,12,265735
13096,0.027561,74.125.200.0-255,2902,259733,12,265735
13097,0.027565,172.31.36.0-255,66,259799,12,265735
13098,0.029821,74.125.200.0-255,2902,262701,12,265735
13099,0.029833,172.31.36.0-255,66,262767,12,265735
13100,0.029868,74.125.200.0-255,2902,265669,12,265735
13101,0.029873,172.31.36.0-255,66,265735,12,265735
13102,0.0,74.125.24.0-255,153,153,12,235976
13103,3.6e-05,172.31.36.0-255,66,219,12,235976
13104,4.4e-05,74.125.24.0-255,1484,1703,12,235976
13105,4.8e-05,172.31.36.0-255,66,1769,12,235976
13106,5.4e-05,74.125.24.0-255,2902,4671,12,235976
13107,6.3e-05,172.31.36.0-255,66,4737,12,235976
13108,7.1e-05,74.125.24.0-255,7156,11893,12,235976
13109,7.3e-05,172.31.36.0-255,66,11959,12,235976
13110,0.0001,74.125.24.0-255,2047,14006,12,235976
13111,0.000107,172.31.36.0-255,66,14072,12,235976
13112,0.000141,74.125.24.0-255,2902,16974,12,235976
13113,0.000144,172.31.36.0-255,66,17040,12,235976
13114,0.000149,74.125.24.0-255,4320,21360,12,235976
13115,0.000151,172.31.36.0-255,66,21426,12,235976
13116,0.000154,74.125.24.0-255,1484,22910,12,235976
13117,0.000161,172.31.36.0-255,66,22976,12,235976
13118,0.000195,74.125.24.0-255,7156,30132,12,235976
13119,0.000198,172.31.36.0-255,66,30198,12,235976
13120,0.000201,74.125.24.0-255,1125,31323,12,235976
13121,0.000205,172.31.36.0-255,66,31389,12,235976
13122,0.000326,74.125.24.0-255,1484,32873,12,235976
13123,0.00033,172.31.36.0-255,66,32939,12,235976
13124,0.000337,74.125.24.0-255,2902,35841,12,235976
13125,0.00034,172.31.36.0-255,66,35907,12,235976
13126,0.000354,74.125.24.0-255,5738,41645,12,235976
13127,0.000356,172.31.36.0-255,66,41711,12,235976
13128,0.000393,74.125.24.0-255,6797,48508,12,235976
13129,0.000397,172.31.36.0-255,66,48574,12,235976
13130,0.000404,74.125.24.0-255,5738,54312,12,235976
13131,0.000406,172.31.36.0-255,66,54378,12,235976
13132,0.000442,74.125.24.0-255,7156,61534,12,235976
13133,0.000446,172.31.36.0-255,66,61600,12,235976
13134,0.000476,74.125.24.0-255,4274,65874,12,235976
13135,0.000495,74.125.24.0-255,111,65985,12,235976
13136,0.000497,172.31.36.0-255,66,66051,12,235976
13137,0.000583,74.125.24.0-255,1484,67535,12,235976
13138,0.000589,74.125.24.0-255,2902,70437,12,235976
13139,0.000607,74.125.24.0-255,5738,76175,12,235976
13140,0.000607,172.31.36.0-255,66,76241,12,235976
13141,0.000612,172.31.36.0-255,66,76307,12,235976
13142,0.000651,74.125.24.0-255,6797,83104,12,235976
13143,0.000657,172.31.36.0-255,66,83170,12,235976
13144,0.000678,74.125.24.0-255,7156,90326,12,235976
13145,0.000682,172.31.36.0-255,66,90392,12,235976
13146,0.000717,172.31.36.0-255,66,90458,12,235976
13147,0.001201,74.125.24.0-255,1484,91942,12,235976
13148,0.001211,74.125.24.0-255,2902,94844,12,235976
13149,0.001215,172.31.36.0-255,66,94910,12,235976
13150,0.001248,74.125.24.0-255,5738,100648,12,235976
13151,0.001253,74.125.24.0-255,2902,103550,12,235976
13152,0.001309,74.125.24.0-255,4320,107870,12,235976
13153,0.00133,74.125.24.0-255,6438,114308,12,235976
13154,0.001771,74.125.24.0-255,1484,115792,12,235976
13155,0.001791,74.125.24.0-255,1484,117276,12,235976
13156,0.00181,74.125.24.0-255,1484,118760,12,235976
13157,0.001817,74.125.24.0-255,5738,124498,12,235976
13158,0.001821,74.125.24.0-255,2902,127400,12,235976
13159,0.001843,74.125.24.0-255,7156,134556,12,235976
13160,0.001868,74.125.24.0-255,7156,141712,12,235976
13161,0.001874,74.125.24.0-255,4320,146032,12,235976
13162,0.001891,74.125.24.0-255,2184,148216,12,235976
13163,0.001943,74.125.24.0-255,1484,149700,12,235976
13164,0.001989,74.125.24.0-255,2902,152602,12,235976
13165,0.001995,74.125.24.0-255,5738,158340,12,235976
13166,0.002009,74.125.24.0-255,4320,162660,12,235976
13167,0.002052,74.125.24.0-255,1484,164144,12,235976
13168,0.002081,74.125.24.0-255,2902,167046,12,235976
13169,0.002097,74.125.24.0-255,7156,174202,12,235976
13170,0.002122,74.125.24.0-255,2902,177104,12,235976
13171,0.002489,74.125.24.0-255,1484,178588,12,235976
13172,0.002522,74.125.24.0-255,2902,181490,12,235976
13173,0.002528,74.125.24.0-255,5738,187228,12,235976
13174,0.002565,74.125.24.0-255,1484,188712,12,235976
13175,0.002567,74.125.24.0-255,766,189478,12,235976
13176,0.007445,172.31.36.0-255,66,189544,12,235976
13177,0.010052,74.125.24.0-255,5738,195282,12,235976
13178,0.010062,172.31.36.0-255,66,195348,12,235976
13179,0.012653,74.125.24.0-255,5738,201086,12,235976
13180,0.014005,172.31.36.0-255,66,201152,12,235976
13181,0.016586,74.125.24.0-255,5738,206890,12,235976
13182,0.016596,172.31.36.0-255,66,206956,12,235976
13183,0.019179,74.125.24.0-255,5738,212694,12,235976
13184,0.019188,172.31.36.0-255,66,212760,12,235976
13185,0.021754,74.125.24.0-255,5738,218498,12,235976
13186,0.021763,172.31.36.0-255,66,218564,12,235976
13187,0.024361,74.125.24.0-255,5738,224302,12,235976
13188,0.024368,172.31.36.0-255,66,224368,12,235976
13189,0.026968,74.125.24.0-255,5738,230106,12,235976
13190,0.026976,172.31.36.0-255,66,230172,12,235976
13191,0.029565,74.125.24.0-255,5738,235910,12,235976
13192,0.029572,172.31.36.0-255,66,235976,12,235976
13193,0.0,172.217.26.0-255,149,149,12,258908
13194,2.6e-05,172.31.36.0-255,66,215,12,258908
13195,3.2e-05,172.217.26.0-255,1484,1699,12,258908
13196,3.6e-05,172.31.36.0-255,66,1765,12,258908
13197,4.1e-05,172.217.26.0-255,2902,4667,12,258908
13198,4.3e-05,172.31.36.0-255,66,4733,12,258908
13199,4.6e-05,172.217.26.0-255,1484,6217,12,258908
13200,4.9e-05,172.31.36.0-255,66,6283,12,258908
13201,5.5e-05,172.217.26.0-255,2902,9185,12,258908
13202,5.7e-05,172.31.36.0-255,66,9251,12,258908
13203,8.8e-05,172.217.26.0-255,6330,15581,12,258908
13204,9.1e-05,172.31.36.0-255,66,15647,12,258908
13205,9.5e-05,172.217.26.0-255,2902,18549,12,258908
13206,9.7e-05,172.31.36.0-255,66,18615,12,258908
13207,0.000104,172.217.26.0-255,4320,22935,12,258908
13208,0.000107,172.31.36.0-255,66,23001,12,258908
13209,0.000135,172.217.26.0-255,1484,24485,12,258908
13210,0.000138,172.31.36.0-255,66,24551,12,258908
13211,0.000157,172.217.26.0-255,2902,27453,12,258908
13212,0.000162,172.31.36.0-255,66,27519,12,258908
13213,0.000192,172.217.26.0-255,3961,31480,12,258908
13214,0.000195,172.31.36.0-255,66,31546,12,258908
13215,0.000261,172.217.26.0-255,1484,33030,12,258908
13216,0.000265,172.31.36.0-255,66,33096,12,258908
13217,0.00027,172.217.26.0-255,2902,35998,12,258908
13218,0.000273,172.31.36.0-255,66,36064,12,258908
13219,0.000293,172.217.26.0-255,1484,37548,12,258908
13220,0.000297,172.31.36.0-255,66,37614,12,258908
13221,0.000322,172.217.26.0-255,2902,40516,12,258908
13222,0.000326,172.31.36.0-255,66,40582,12,258908
13223,0.000333,172.217.26.0-255,5738,46320,12,258908
13224,0.000335,172.31.36.0-255,66,46386,12,258908
13225,0.000358,172.217.26.0-255,2543,48929,12,258908
13226,0.000361,172.31.36.0-255,66,48995,12,258908
13227,0.00044,172.217.26.0-255,1484,50479,12,258908
13228,0.000445,172.217.26.0-255,2902,53381,12,258908
13229,0.000449,172.31.36.0-255,66,53447,12,258908
13230,0.000453,172.217.26.0-255,1484,54931,12,258908
13231,0.000474,172.217.26.0-255,4320,59251,12,258908
13232,0.000476,172.31.36.0-255,66,59317,12,258908
13233,0.000496,172.217.26.0-255,5738,65055,12,258908
13234,0.000499,172.31.36.0-255,66,65121,12,258908
13235,0.000512,172.217.26.0-255,1414,66535,12,258908
13236,0.000796,172.31.36.0-255,66,66601,12,258908
13237,0.001015,172.217.26.0-255,390,66991,12,258908
13238,0.001221,172.217.26.0-255,1484,68475,12,258908
13239,0.001226,172.31.36.0-255,66,68541,12,258908
13240,0.001243,172.217.26.0-255,2902,71443,12,258908
13241,0.001245,172.31.36.0-255,66,71509,12,258908
13242,0.001252,172.217.26.0-255,5738,77247,12,258908
13243,0.001255,172.31.36.0-255,66,77313,12,258908
13244,0.001271,172.31.36.0-255,66,77379,12,258908
13245,0.001278,172.217.26.0-255,7156,84535,12,258908
13246,0.00128,172.31.36.0-255,66,84601,12,258908
13247,0.001325,172.217.26.0-255,2543,87144,12,258908
13248,0.001328,172.31.36.0-255,66,87210,12,258908
13249,0.00139,172.217.26.0-255,1484,88694,12,258908
13250,0.001406,172.217.26.0-255,2902,91596,12,258908
13251,0.001409,172.31.36.0-255,66,91662,12,258908
13252,0.001415,172.217.26.0-255,4320,95982,12,258908
13253,0.001417,172.31.36.0-255,66,96048,12,258908
13254,0.001436,172.217.26.0-255,7156,103204,12,258908
13255,0.001438,172.31.36.0-255,66,103270,12,258908
13256,0.00146,172.217.26.0-255,1484,104754,12,258908
13257,0.001486,172.217.26.0-255,7156,111910,12,258908
13258,0.00149,172.31.36.0-255,66,111976,12,258908
13259,0.001526,172.217.26.0-255,4320,116296,12,258908
13260,0.001531,172.31.36.0-255,66,116362,12,258908
13261,0.00155,172.217.26.0-255,4320,120682,12,258908
13262,0.001553,172.31.36.0-255,66,120748,12,258908
13263,0.001556,172.217.26.0-255,766,121514,12,258908
13264,0.001572,172.217.26.0-255,1484,122998,12,258908
13265,0.001574,172.31.36.0-255,66,123064,12,258908
13266,0.001613,172.217.26.0-255,2902,125966,12,258908
13267,0.001615,172.31.36.0-255,66,126032,12,258908
13268,0.00162,172.217.26.0-255,2902,128934,12,258908
13269,0.001621,172.31.36.0-255,66,129000,12,258908
13270,0.001642,172.217.26.0-255,2902,131902,12,258908
13271,0.001645,172.31.36.0-255,66,131968,12,258908
13272,0.001651,172.217.26.0-255,7156,139124,12,258908
13273,0.001653,172.31.36.0-255,66,139190,12,258908
13274,0.001659,172.217.26.0-255,5738,144928,12,258908
13275,0.001661,172.31.36.0-255,66,144994,12,258908
13276,0.001689,172.31.36.0-255,66,145060,12,258908
13277,0.001733,172.217.26.0-255,2184,147244,12,258908
13278,0.001735,172.31.36.0-255,66,147310,12,258908
13279,0.001806,172.217.26.0-255,1484,148794,12,258908
13280,0.001817,172.217.26.0-255,2902,151696,12,258908
13281,0.00182,172.31.36.0-255,66,151762,12,258908
13282,0.001839,172.217.26.0-255,5738,157500,12,258908
13283,0.001842,172.31.36.0-255,66,157566,12,258908
13284,0.001845,172.217.26.0-255,1484,159050,12,258908
13285,0.001873,172.31.36.0-255,66,159116,12,258908
13286,0.001879,172.217.26.0-255,4320,163436,12,258908
13287,0.001881,172.31.36.0-255,66,163502,12,258908
13288,0.001909,172.217.26.0-255,6438,169940,12,258908
13289,0.001912,172.31.36.0-255,66,170006,12,258908
13290,0.003878,172.217.26.0-255,5738,175744,12,258908
13291,0.003885,172.31.36.0-255,66,175810,12,258908
13292,0.005853,172.217.26.0-255,5738,181548,12,258908
13293,0.005858,172.31.36.0-255,66,181614,12,258908
13294,0.007826,172.217.26.0-255,5738,187352,12,258908
13295,0.007831,172.31.36.0-255,66,187418,12,258908
13296,0.009795,172.217.26.0-255,5738,193156,12,258908
13297,0.009802,172.31.36.0-255,66,193222,12,258908
13298,0.011789,172.217.26.0-255,5738,198960,12,258908
13299,0.011796,172.31.36.0-255,66,199026,12,258908
13300,0.013766,172.217.26.0-255,5738,204764,12,258908
13301,0.013774,172.31.36.0-255,66,204830,12,258908
13302,0.015871,172.217.26.0-255,5738,210568,12,258908
13303,0.015876,172.31.36.0-255,66,210634,12,258908
13304,0.01785,172.217.26.0-255,5738,216372,12,258908
13305,0.017856,172.31.36.0-255,66,216438,12,258908
13306,0.019822,172.217.26.0-255,4320,220758,12,258908
13307,0.019829,172.31.36.0-255,66,220824,12,258908
13308,0.01985,172.217.26.0-255,1484,222308,12,258908
13309,0.021807,172.217.26.0-255,4320,226628,12,258908
13310,0.021813,172.31.36.0-255,66,226694,12,258908
13311,0.023786,172.217.26.0-255,5738,232432,12,258908
13312,0.023791,172.31.36.0-255,66,232498,12,258908
13313,0.025755,172.217.26.0-255,5738,238236,12,258908
13314,0.025763,172.31.36.0-255,66,238302,12,258908
13315,0.027741,172.217.26.0-255,5738,244040,12,258908
13316,0.027747,172.31.36.0-255,66,244106,12,258908
13317,0.029615,172.31.36.0-255,172,244278,12,258908
13318,0.029649,172.31.36.0-255,1107,245385,12,258908
13319,0.029711,172.217.26.0-255,5738,251123,12,258908
13320,0.029715,172.31.36.0-255,66,251189,12,258908
13321,0.029874,172.31.36.0-255,1514,252703,12,258908
13322,0.029876,172.31.36.0-255,1514,254217,12,258908
13323,0.029877,172.31.36.0-255,1514,255731,12,258908
13324,0.029878,172.31.36.0-255,1514,257245,12,258908
13325,0.029906,172.31.36.0-255,1514,258759,12,258908
13326,0.029907,172.31.36.0-255,149,258908,12,258908
13327,0.0,172.217.194.0-255,152,152,12,116095
13328,3.7e-05,172.31.36.0-255,66,218,12,116095
13329,4.4e-05,172.217.194.0-255,1484,1702,12,116095
13330,4.8e-05,172.31.36.0-255,66,1768,12,116095
13331,5.4e-05,172.217.194.0-255,2902,4670,12,116095
13332,5.6e-05,172.31.36.0-255,66,4736,12,116095
13333,9.4e-05,172.217.194.0-255,7156,11892,12,116095
13334,9.7e-05,172.31.36.0-255,66,11958,12,116095
13335,0.000228,172.217.194.0-255,2018,13976,12,116095
13336,0.000233,172.31.36.0-255,66,14042,12,116095
13337,0.00027,172.217.194.0-255,4320,18362,12,116095
13338,0.000274,172.31.36.0-255,66,18428,12,116095
13339,0.000296,172.217.194.0-255,7156,25584,12,116095
13340,0.0003,172.31.36.0-255,66,25650,12,116095
13341,0.000532,172.217.194.0-255,5738,31388,12,116095
13342,0.000537,172.31.36.0-255,66,31454,12,116095
13343,0.000573,172.31.36.0-255,66,31520,12,116095
13344,0.000968,172.31.36.0-255,66,31586,12,116095
13345,0.000997,172.217.194.0-255,5693,37279,12,116095
13346,0.001001,172.31.36.0-255,66,37345,12,116095
13347,0.00132,172.31.36.0-255,66,37411,12,116095
13348,0.001606,172.31.36.0-255,66,37477,12,116095
13349,0.001669,172.31.36.0-255,66,37543,12,116095
13350,0.002595,172.31.36.0-255,66,37609,12,116095
13351,0.002629,172.31.36.0-255,66,37675,12,116095
13352,0.002673,172.31.36.0-255,66,37741,12,116095
13353,0.003562,172.217.194.0-255,7156,44897,12,116095
13354,0.003568,172.31.36.0-255,66,44963,12,116095
13355,0.003617,172.217.194.0-255,7156,52119,12,116095
13356,0.003629,172.31.36.0-255,66,52185,12,116095
13357,0.003674,172.31.36.0-255,66,52251,12,116095
13358,0.005941,172.217.194.0-255,5738,57989,12,116095
13359,0.005951,172.31.36.0-255,66,58055,12,116095
13360,0.008282,172.217.194.0-255,5738,63793,12,116095
13361,0.008299,172.31.36.0-255,66,63859,12,116095
13362,0.010615,172.217.194.0-255,5738,69597,12,116095
13363,0.010633,172.31.36.0-255,66,69663,12,116095
13364,0.01298,172.217.194.0-255,5738,75401,12,116095
13365,0.012997,172.31.36.0-255,66,75467,12,116095
13366,0.015298,172.217.194.0-255,5738,81205,12,116095
13367,0.015317,172.31.36.0-255,66,81271,12,116095
13368,0.017623,172.217.194.0-255,5738,87009,12,116095
13369,0.017645,172.31.36.0-255,66,87075,12,116095
13370,0.019965,172.217.194.0-255,5738,92813,12,116095
13371,0.019987,172.31.36.0-255,66,92879,12,116095
13372,0.022291,172.217.194.0-255,5738,98617,12,116095
13373,0.022313,172.31.36.0-255,66,98683,12,116095
13374,0.024653,172.217.194.0-255,5738,104421,12,116095
13375,0.024673,172.31.36.0-255,66,104487,12,116095
13376,0.026984,172.217.194.0-255,5738,110225,12,116095
13377,0.027003,172.31.36.0-255,66,110291,12,116095
13378,0.029333,172.217.194.0-255,5738,116029,12,116095
13379,0.02935,172.31.36.0-255,66,116095,12,116095
13380,0.0,172.217.194.0-255,152,152,12,221419
13381,3.4e-05,172.31.36.0-255,66,218,12,221419
13382,4.1e-05,172.217.194.0-255,1484,1702,12,221419
13383,4.5e-05,172.31.36.0-255,66,1768,12,221419
13384,5e-05,172.217.194.0-255,2902,4670,12,221419
13385,5.3e-05,172.31.36.0-255,66,4736,12,221419
13386,6e-05,172.217.194.0-255,5738,10474,12,221419
13387,6.3e-05,172.31.36.0-255,66,10540,12,221419
13388,8.4e-05,172.217.194.0-255,1484,12024,12,221419
13389,8.7e-05,172.31.36.0-255,66,12090,12,221419
13390,9e-05,172.217.194.0-255,1484,13574,12,221419
13391,9.2e-05,172.31.36.0-255,66,13640,12,221419
13392,9.7e-05,172.217.194.0-255,658,14298,12,221419
13393,9.9e-05,172.31.36.0-255,66,14364,12,221419
13394,0.000236,172.217.194.0-255,1484,15848,12,221419
13395,0.000242,172.31.36.0-255,66,15914,12,221419
13396,0.000247,172.217.194.0-255,2902,18816,12,221419
13397,0.000249,172.31.36.0-255,66,18882,12,221419
13398,0.000254,172.217.194.0-255,4320,23202,12,221419
13399,0.000256,172.31.36.0-255,66,23268,12,221419
13400,0.000276,172.217.194.0-255,1484,24752,12,221419
13401,0.000279,172.31.36.0-255,66,24818,12,221419
13402,0.000316,172.217.194.0-255,6797,31615,12,221419
13403,0.00032,172.31.36.0-255,66,31681,12,221419
13404,0.00036,172.217.194.0-255,4320,36001,12,221419
13405,0.000363,172.31.36.0-255,66,36067,12,221419
13406,0.000381,172.217.194.0-255,2902,38969,12,221419
13407,0.000385,172.31.36.0-255,66,39035,12,221419
13408,0.000396,172.31.36.0-255,66,39101,12,221419
13409,0.000399,172.217.194.0-255,1125,40226,12,221419
13410,0.000401,172.31.36.0-255,66,40292,12,221419
13411,0.00048,172.217.194.0-255,1484,41776,12,221419
13412,0.000485,172.217.194.0-255,2902,44678,12,221419
13413,0.000488,172.31.36.0-255,66,44744,12,221419
13414,0.000511,172.217.194.0-255,5738,50482,12,221419
13415,0.000515,172.217.194.0-255,2902,53384,12,221419
13416,0.000518,172.31.36.0-255,66,53450,12,221419
13417,0.000524,172.31.36.0-255,66,53516,12,221419
13418,0.000531,172.217.194.0-255,1484,55000,12,221419
13419,0.000559,172.217.194.0-255,2543,57543,12,221419
13420,0.000564,172.31.36.0-255,66,57609,12,221419
13421,0.000894,172.217.194.0-255,645,58254,12,221419
13422,0.000926,172.31.36.0-255,66,58320,12,221419
13423,0.001258,172.217.194.0-255,1484,59804,12,221419
13424,0.001269,172.217.194.0-255,2902,62706,12,221419
13425,0.001275,172.217.194.0-255,5738,68444,12,221419
13426,0.001299,172.217.194.0-255,5738,74182,12,221419
13427,0.001302,172.217.194.0-255,1484,75666,12,221419
13428,0.001319,172.31.36.0-255,66,75732,12,221419
13429,0.001343,172.217.194.0-255,5020,80752,12,221419
13430,0.001351,172.31.36.0-255,66,80818,12,221419
13431,0.001402,172.217.194.0-255,1484,82302,12,221419
13432,0.001419,172.217.194.0-255,2902,85204,12,221419
13433,0.001424,172.217.194.0-255,2902,88106,12,221419
13434,0.001441,172.217.194.0-255,2902,91008,12,221419
13435,0.001482,172.31.36.0-255,66,91074,12,221419
13436,0.001521,172.217.194.0-255,5738,96812,12,221419
13437,0.001551,172.31.36.0-255,66,96878,12,221419
13438,0.001684,172.217.194.0-255,1484,98362,12,221419
13439,0.001688,172.217.194.0-255,1484,99846,12,221419
13440,0.001699,172.31.36.0-255,66,99912,12,221419
13441,0.001702,172.217.194.0-255,1484,101396,12,221419
13442,0.001706,172.217.194.0-255,2902,104298,12,221419
13443,0.001711,172.31.36.0-255,66,104364,12,221419
13444,0.00172,172.217.194.0-255,2902,107266,12,221419
13445,0.001723,172.217.194.0-255,1484,108750,12,221419
13446,0.001751,172.31.36.0-255,66,108816,12,221419
13447,0.001772,172.217.194.0-255,2902,111718,12,221419
13448,0.001794,172.31.36.0-255,66,111784,12,221419
13449,0.002231,172.217.194.0-255,1484,113268,12,221419
13450,0.002252,172.217.194.0-255,2902,116170,12,221419
13451,0.002256,172.31.36.0-255,66,116236,12,221419
13452,0.002262,172.217.194.0-255,5738,121974,12,221419
13453,0.002273,172.31.36.0-255,66,122040,12,221419
13454,0.002292,172.217.194.0-255,7156,129196,12,221419
13455,0.002307,172.217.194.0-255,5738,134934,12,221419
13456,0.002312,172.217.194.0-255,5738,140672,12,221419
13457,0.002316,172.31.36.0-255,66,140738,12,221419
13458,0.002332,172.217.194.0-255,1484,142222,12,221419
13459,0.002353,172.217.194.0-255,3602,145824,12,221419
13460,0.002368,172.31.36.0-255,66,145890,12,221419
13461,0.002419,172.217.194.0-255,1484,147374,12,221419
13462,0.002423,172.217.194.0-255,2902,150276,12,221419
13463,0.002426,172.217.194.0-255,1484,151760,12,221419
13464,0.002434,172.31.36.0-255,66,151826,12,221419
13465,0.002447,172.217.194.0-255,4320,156146,12,221419
13466,0.002458,172.31.36.0-255,66,156212,12,221419
13467,0.002481,172.217.194.0-255,1484,157696,12,221419
13468,0.002503,172.31.36.0-255,66,157762,12,221419
13469,0.002522,172.31.36.0-255,66,157828,12,221419
13470,0.005029,172.217.194.0-255,5738,163566,12,221419
13471,0.005035,172.31.36.0-255,66,163632,12,221419
13472,0.007576,172.217.194.0-255,5738,169370,12,221419
13473,0.007583,172.31.36.0-255,66,169436,12,221419
13474,0.01014,172.217.194.0-255,5738,175174,12,221419
13475,0.010149,172.31.36.0-255,66,175240,12,221419
13476,0.012661,172.217.194.0-255,5738,180978,12,221419
13477,0.012671,172.31.36.0-255,66,181044,12,221419
13478,0.015187,172.217.194.0-255,5738,186782,12,221419
13479,0.015198,172.31.36.0-255,66,186848,12,221419
13480,0.017728,172.217.194.0-255,5738,192586,12,221419
13481,0.017736,172.31.36.0-255,66,192652,12,221419
13482,0.020265,172.217.194.0-255,5738,198390,12,221419
13483,0.020274,172.31.36.0-255,66,198456,12,221419
13484,0.022789,172.217.194.0-255,5738,204194,12,221419
13485,0.022796,172.31.36.0-255,66,204260,12,221419
13486,0.025305,172.217.194.0-255,5738,209998,12,221419
13487,0.025313,172.31.36.0-255,66,210064,12,221419
13488,0.02626,172.31.36.0-255,172,210236,12,221419
13489,0.026303,172.31.36.0-255,1109,211345,12,221419
13490,0.026372,172.31.36.0-255,1514,212859,12,221419
13491,0.026374,172.31.36.0-255,1514,214373,12,221419
13492,0.026375,172.31.36.0-255,978,215351,12,221419
13493,0.027849,172.217.194.0-255,5738,221089,12,221419
13494,0.027855,172.31.36.0-255,66,221155,12,221419
13495,0.027875,104.244.42.0-255,66,221221,12,221419
13496,0.027885,104.244.42.0-255,66,221287,12,221419
13497,0.027932,104.244.42.0-255,66,221353,12,221419
13498,0.027938,104.244.42.0-255,66,221419,12,221419
13499,0.0,74.125.24.0-255,153,153,12,191521
13500,3.6e-05,172.31.36.0-255,66,219,12,191521
13501,4.3e-05,74.125.24.0-255,1484,1703,12,191521
13502,4.7e-05,172.31.36.0-255,66,1769,12,191521
13503,5.1e-05,74.125.24.0-255,2902,4671,12,191521
13504,5.5e-05,172.31.36.0-255,66,4737,12,191521
13505,5.8e-05,74.125.24.0-255,1484,6221,12,191521
13506,6e-05,172.31.36.0-255,66,6287,12,191521
13507,8.3e-05,74.125.24.0-255,4320,10607,12,191521
13508,8.9e-05,172.31.36.0-255,66,10673,12,191521
13509,0.000107,74.125.24.0-255,1484,12157,12,191521
13510,0.000109,172.31.36.0-255,66,12223,12,191521
13511,0.000126,74.125.24.0-255,2018,14241,12,191521
13512,0.000129,172.31.36.0-255,66,14307,12,191521
13513,0.000165,74.125.24.0-255,4320,18627,12,191521
13514,0.000168,172.31.36.0-255,66,18693,12,191521
13515,0.000176,74.125.24.0-255,5738,24431,12,191521
13516,0.000178,172.31.36.0-255,66,24497,12,191521
13517,0.000211,74.125.24.0-255,2902,27399,12,191521
13518,0.000213,172.31.36.0-255,66,27465,12,191521
13519,0.000232,74.125.24.0-255,3961,31426,12,191521
13520,0.000235,172.31.36.0-255,66,31492,12,191521
13521,0.000471,74.125.24.0-255,1484,32976,12,191521
13522,0.000477,172.31.36.0-255,66,33042,12,191521
13523,0.000483,74.125.24.0-255,2902,35944,12,191521
13524,0.000485,172.31.36.0-255,66,36010,12,191521
13525,0.000505,74.125.24.0-255,5738,41748,12,191521
13526,0.000508,172.31.36.0-255,66,41814,12,191521
13527,0.000567,172.31.36.0-255,66,41880,12,191521
13528,0.00057,74.125.24.0-255,1484,43364,12,191521
13529,0.000573,172.31.36.0-255,66,43430,12,191521
13530,0.000612,172.31.36.0-255,66,43496,12,191521
13531,0.000906,74.125.24.0-255,108,43604,12,191521
13532,0.000925,172.31.36.0-255,66,43670,12,191521
13533,0.000944,74.125.24.0-255,1484,45154,12,191521
13534,0.000965,74.125.24.0-255,2902,48056,12,191521
13535,0.000969,172.31.36.0-255,66,48122,12,191521
13536,0.000977,74.125.24.0-255,7156,55278,12,191521
13537,0.000979,172.31.36.0-255,66,55344,12,191521
13538,0.001009,74.125.24.0-255,5379,60723,12,191521
13539,0.001012,172.31.36.0-255,66,60789,12,191521
13540,0.001026,74.125.24.0-255,1484,62273,12,191521
13541,0.00104,74.125.24.0-255,4320,66593,12,191521
13542,0.001043,172.31.36.0-255,66,66659,12,191521
13543,0.001048,74.125.24.0-255,4320,70979,12,191521
13544,0.00105,172.31.36.0-255,66,71045,12,191521
13545,0.001111,74.125.24.0-255,7063,78108,12,191521
13546,0.001115,172.31.36.0-255,66,78174,12,191521
13547,0.00127,74.125.24.0-255,1484,79658,12,191521
13548,0.001274,74.125.24.0-255,1484,81142,12,191521
13549,0.001277,172.31.36.0-255,66,81208,12,191521
13550,0.001297,74.125.24.0-255,1484,82692,12,191521
13551,0.001303,74.125.24.0-255,5738,88430,12,191521
13552,0.001306,172.31.36.0-255,66,88496,12,191521
13553,0.001309,74.125.24.0-255,1484,89980,12,191521
13554,0.001344,172.31.36.0-255,66,90046,12,191521
13555,0.001363,74.125.24.0-255,1484,91530,12,191521
13556,0.001388,172.31.36.0-255,66,91596,12,191521
13557,0.001671,74.125.24.0-255,1484,93080,12,191521
13558,0.001682,74.125.24.0-255,2902,95982,12,191521
13559,0.001686,172.31.36.0-255,66,96048,12,191521
13560,0.001693,74.125.24.0-255,5738,101786,12,191521
13561,0.001695,172.31.36.0-255,66,101852,12,191521
13562,0.001739,172.31.36.0-255,66,101918,12,191521
13563,0.00175,172.31.36.0-255,66,101984,12,191521
13564,0.001775,74.125.24.0-255,2184,104168,12,191521
13565,0.001778,172.31.36.0-255,66,104234,12,191521
13566,0.002194,74.125.24.0-255,1484,105718,12,191521
13567,0.002205,74.125.24.0-255,2902,108620,12,191521
13568,0.00221,172.31.36.0-255,66,108686,12,191521
13569,0.002218,74.125.24.0-255,5738,114424,12,191521
13570,0.00222,172.31.36.0-255,66,114490,12,191521
13571,0.002256,172.31.36.0-255,66,114556,12,191521
13572,0.002289,172.31.36.0-255,66,114622,12,191521
13573,0.002299,74.125.24.0-255,766,115388,12,191521
13574,0.002545,172.31.36.0-255,66,115454,12,191521
13575,0.00451,74.125.24.0-255,4320,119774,12,191521
13576,0.004515,172.31.36.0-255,66,119840,12,191521
13577,0.004772,74.125.24.0-255,1484,121324,12,191521
13578,0.006755,74.125.24.0-255,4320,125644,12,191521
13579,0.00676,172.31.36.0-255,66,125710,12,191521
13580,0.009007,74.125.24.0-255,5738,131448,12,191521
13581,0.009015,172.31.36.0-255,66,131514,12,191521
13582,0.011293,74.125.24.0-255,5738,137252,12,191521
13583,0.011301,172.31.36.0-255,66,137318,12,191521
13584,0.013549,74.125.24.0-255,5738,143056,12,191521
13585,0.013556,172.31.36.0-255,66,143122,12,191521
13586,0.015863,74.125.24.0-255,5738,148860,12,191521
13587,0.015871,172.31.36.0-255,66,148926,12,191521
13588,0.018113,74.125.24.0-255,5738,154664,12,191521
13589,0.018124,172.31.36.0-255,66,154730,12,191521
13590,0.020355,74.125.24.0-255,5738,160468,12,191521
13591,0.020363,172.31.36.0-255,66,160534,12,191521
13592,0.022631,74.125.24.0-255,5738,166272,12,191521
13593,0.022639,172.31.36.0-255,66,166338,12,191521
13594,0.024851,74.125.24.0-255,5738,172076,12,191521
13595,0.024857,172.31.36.0-255,66,172142,12,191521
13596,0.025278,172.31.36.0-255,172,172314,12,191521
13597,0.025322,172.31.36.0-255,1109,173423,12,191521
13598,0.025414,172.31.36.0-255,1514,174937,12,191521
13599,0.025416,172.31.36.0-255,1514,176451,12,191521
13600,0.025421,172.31.36.0-255,1514,177965,12,191521
13601,0.025422,172.31.36.0-255,1514,179479,12,191521
13602,0.025444,172.31.36.0-255,170,179649,12,191521
13603,0.026825,104.244.42.0-255,66,179715,12,191521
13604,0.026918,104.244.42.0-255,66,179781,12,191521
13605,0.026955,104.244.42.0-255,66,179847,12,191521
13606,0.026958,104.244.42.0-255,66,179913,12,191521
13607,0.02708,74.125.24.0-255,5738,185651,12,191521
13608,0.027084,172.31.36.0-255,66,185717,12,191521
13609,0.029334,74.125.24.0-255,5738,191455,12,191521
13610,0.02934,172.31.36.0-255,66,191521,12,191521
13611,0.0,172.217.194.0-255,153,153,12,199990
13612,2.7e-05,172.31.36.0-255,66,219,12,199990
13613,3.4e-05,172.217.194.0-255,1484,1703,12,199990
13614,3.8e-05,172.31.36.0-255,66,1769,12,199990
13615,4.3e-05,172.217.194.0-255,2902,4671,12,199990
13616,4.6e-05,172.31.36.0-255,66,4737,12,199990
13617,5e-05,172.217.194.0-255,2902,7639,12,199990
13618,5.3e-05,172.31.36.0-255,66,7705,12,199990
13619,7.9e-05,172.217.194.0-255,6230,13935,12,199990
13620,8.3e-05,172.31.36.0-255,66,14001,12,199990
13621,0.000196,172.217.194.0-255,1484,15485,12,199990
13622,0.0002,172.31.36.0-255,66,15551,12,199990
13623,0.000225,172.217.194.0-255,2902,18453,12,199990
13624,0.000228,172.31.36.0-255,66,18519,12,199990
13625,0.000234,172.217.194.0-255,5738,24257,12,199990
13626,0.000236,172.31.36.0-255,66,24323,12,199990
13627,0.000288,172.217.194.0-255,2902,27225,12,199990
13628,0.000291,172.31.36.0-255,66,27291,12,199990
13629,0.000321,172.31.36.0-255,66,27357,12,199990
13630,0.000333,172.31.36.0-255,66,27423,12,199990
13631,0.000337,172.217.194.0-255,2543,29966,12,199990
13632,0.000341,172.31.36.0-255,66,30032,12,199990
13633,0.000864,172.217.194.0-255,1484,31516,12,199990
13634,0.000869,172.31.36.0-255,66,31582,12,199990
13635,0.00088,172.217.194.0-255,2902,34484,12,199990
13636,0.000883,172.31.36.0-255,66,34550,12,199990
13637,0.000908,172.217.194.0-255,5738,40288,12,199990
13638,0.000912,172.31.36.0-255,66,40354,12,199990
13639,0.000931,172.217.194.0-255,4320,44674,12,199990
13640,0.000935,172.31.36.0-255,66,44740,12,199990
13641,0.000959,172.217.194.0-255,3123,47863,12,199990
13642,0.000962,172.31.36.0-255,66,47929,12,199990
13643,0.000998,172.217.194.0-255,1484,49413,12,199990
13644,0.001004,172.217.194.0-255,2902,52315,12,199990
13645,0.001007,172.31.36.0-255,66,52381,12,199990
13646,0.00103,172.217.194.0-255,5738,58119,12,199990
13647,0.001033,172.31.36.0-255,66,58185,12,199990
13648,0.001036,172.217.194.0-255,1484,59669,12,199990
13649,0.001076,172.31.36.0-255,66,59735,12,199990
13650,0.001128,172.217.194.0-255,2902,62637,12,199990
13651,0.001132,172.31.36.0-255,66,62703,12,199990
13652,0.001163,172.31.36.0-255,66,62769,12,199990
13653,0.001731,172.217.194.0-255,1484,64253,12,199990
13654,0.001739,172.217.194.0-255,2902,67155,12,199990
13655,0.001744,172.31.36.0-255,66,67221,12,199990
13656,0.00175,172.217.194.0-255,4320,71541,12,199990
13657,0.001752,172.31.36.0-255,66,71607,12,199990
13658,0.001764,172.217.194.0-255,1484,73091,12,199990
13659,0.001769,172.217.194.0-255,2902,75993,12,199990
13660,0.001771,172.31.36.0-255,66,76059,12,199990
13661,0.001805,172.31.36.0-255,66,76125,12,199990
13662,0.001826,172.217.194.0-255,4320,80445,12,199990
13663,0.001829,172.31.36.0-255,66,80511,12,199990
13664,0.001855,172.217.194.0-255,6438,86949,12,199990
13665,0.001858,172.31.36.0-255,66,87015,12,199990
13666,0.002181,172.217.194.0-255,1484,88499,12,199990
13667,0.002207,172.217.194.0-255,1484,89983,12,199990
13668,0.002211,172.217.194.0-255,2902,92885,12,199990
13669,0.002215,172.31.36.0-255,66,92951,12,199990
13670,0.002223,172.31.36.0-255,66,93017,12,199990
13671,0.002229,172.217.194.0-255,5738,98755,12,199990
13672,0.002231,172.31.36.0-255,66,98821,12,199990
13673,0.002272,172.31.36.0-255,66,98887,12,199990
13674,0.002306,172.217.194.0-255,5738,104625,12,199990
13675,0.002308,172.31.36.0-255,66,104691,12,199990
13676,0.002327,172.217.194.0-255,3602,108293,12,199990
13677,0.002329,172.31.36.0-255,66,108359,12,199990
13678,0.002492,172.217.194.0-255,1484,109843,12,199990
13679,0.002497,172.217.194.0-255,1484,111327,12,199990
13680,0.0025,172.31.36.0-255,66,111393,12,199990
13681,0.002518,172.217.194.0-255,1484,112877,12,199990
13682,0.002524,172.217.194.0-255,5738,118615,12,199990
13683,0.002526,172.31.36.0-255,66,118681,12,199990
13684,0.002563,172.217.194.0-255,5738,124419,12,199990
13685,0.002565,172.31.36.0-255,66,124485,12,199990
13686,0.002589,172.217.194.0-255,7156,131641,12,199990
13687,0.002591,172.31.36.0-255,66,131707,12,199990
13688,0.002597,172.217.194.0-255,5738,137445,12,199990
13689,0.002599,172.31.36.0-255,66,137511,12,199990
13690,0.005131,172.217.194.0-255,5738,143249,12,199990
13691,0.005139,172.31.36.0-255,66,143315,12,199990
13692,0.007658,172.217.194.0-255,2902,146217,12,199990
13693,0.007664,172.31.36.0-255,66,146283,12,199990
13694,0.007686,172.217.194.0-255,2902,149185,12,199990
13695,0.007689,172.31.36.0-255,66,149251,12,199990
13696,0.010201,172.217.194.0-255,2902,152153,12,199990
13697,0.010212,172.31.36.0-255,66,152219,12,199990
13698,0.010248,172.217.194.0-255,1484,153703,12,199990
13699,0.010264,172.217.194.0-255,1484,155187,12,199990
13700,0.010267,172.31.36.0-255,66,155253,12,199990
13701,0.012778,172.217.194.0-255,5738,160991,12,199990
13702,0.012791,172.31.36.0-255,66,161057,12,199990
13703,0.015339,172.217.194.0-255,5738,166795,12,199990
13704,0.015347,172.31.36.0-255,66,166861,12,199990
13705,0.017929,172.217.194.0-255,5738,172599,12,199990
13706,0.017934,172.31.36.0-255,66,172665,12,199990
13707,0.020473,172.217.194.0-255,5738,178403,12,199990
13708,0.020477,172.31.36.0-255,66,178469,12,199990
13709,0.023003,172.217.194.0-255,5738,184207,12,199990
13710,0.023011,172.31.36.0-255,66,184273,12,199990
13711,0.025539,172.217.194.0-255,5738,190011,12,199990
13712,0.02555,172.31.36.0-255,66,190077,12,199990
13713,0.028111,172.217.194.0-255,5738,195815,12,199990
13714,0.02812,172.31.36.0-255,66,195881,12,199990
13715,0.029798,172.31.36.0-255,188,196069,12,199990
13716,0.029825,172.31.36.0-255,952,197021,12,199990
13717,0.029863,172.31.36.0-255,1514,198535,12,199990
13718,0.029865,172.31.36.0-255,1455,199990,12,199990
13719,0.0,172.217.194.0-255,153,153,12,218755
13720,1.7e-05,172.31.36.0-255,66,219,12,218755
13721,2.4e-05,172.217.194.0-255,1484,1703,12,218755
13722,2.8e-05,172.31.36.0-255,66,1769,12,218755
13723,3.5e-05,172.217.194.0-255,2902,4671,12,218755
13724,3.8e-05,172.31.36.0-255,66,4737,12,218755
13725,5.4e-05,172.217.194.0-255,7156,11893,12,218755
13726,5.6e-05,172.31.36.0-255,66,11959,12,218755
13727,0.00013,172.31.36.0-255,66,12025,12,218755
13728,0.000134,172.217.194.0-255,2543,14568,12,218755
13729,0.000136,172.31.36.0-255,66,14634,12,218755
13730,0.00014,172.217.194.0-255,1484,16118,12,218755
13731,0.000142,172.31.36.0-255,66,16184,12,218755
13732,0.000183,172.217.194.0-255,2902,19086,12,218755
13733,0.000186,172.31.36.0-255,66,19152,12,218755
13734,0.000192,172.217.194.0-255,5738,24890,12,218755
13735,0.000194,172.31.36.0-255,66,24956,12,218755
13736,0.0002,172.217.194.0-255,5738,30694,12,218755
13737,0.000209,172.31.36.0-255,66,30760,12,218755
13738,0.000221,172.31.36.0-255,66,30826,12,218755
13739,0.000255,172.217.194.0-255,3961,34787,12,218755
13740,0.000261,172.31.36.0-255,66,34853,12,218755
13741,0.000266,172.217.194.0-255,4209,39062,12,218755
13742,0.000269,172.31.36.0-255,66,39128,12,218755
13743,0.000271,172.217.194.0-255,437,39565,12,218755
13744,0.000273,172.31.36.0-255,66,39631,12,218755
13745,0.000519,172.217.194.0-255,1484,41115,12,218755
13746,0.000525,172.31.36.0-255,66,41181,12,218755
13747,0.000532,172.217.194.0-255,2902,44083,12,218755
13748,0.000534,172.31.36.0-255,66,44149,12,218755
13749,0.000562,172.217.194.0-255,5738,49887,12,218755
13750,0.000586,172.217.194.0-255,5738,55625,12,218755
13751,0.000604,172.217.194.0-255,1484,57109,12,218755
13752,0.000615,172.31.36.0-255,66,57175,12,218755
13753,0.000645,172.217.194.0-255,3602,60777,12,218755
13754,0.000655,172.31.36.0-255,66,60843,12,218755
13755,0.00068,172.217.194.0-255,4320,65163,12,218755
13756,0.000684,172.217.194.0-255,1484,66647,12,218755
13757,0.0007,172.217.194.0-255,4320,70967,12,218755
13758,0.000709,172.31.36.0-255,66,71033,12,218755
13759,0.000722,172.217.194.0-255,7156,78189,12,218755
13760,0.000739,172.217.194.0-255,4320,82509,12,218755
13761,0.000773,172.31.36.0-255,66,82575,12,218755
13762,0.000785,172.217.194.0-255,5738,88313,12,218755
13763,0.000804,172.217.194.0-255,7156,95469,12,218755
13764,0.000807,172.31.36.0-255,66,95535,12,218755
13765,0.000844,172.31.36.0-255,66,95601,12,218755
13766,0.00086,172.217.194.0-255,2902,98503,12,218755
13767,0.000866,172.217.194.0-255,6438,104941,12,218755
13768,0.00089,172.217.194.0-255,5738,110679,12,218755
13769,0.000898,172.31.36.0-255,66,110745,12,218755
13770,0.000906,172.217.194.0-255,2902,113647,12,218755
13771,0.000911,172.31.36.0-255,66,113713,12,218755
13772,0.000943,172.217.194.0-255,4320,118033,12,218755
13773,0.000962,172.217.194.0-255,6438,124471,12,218755
13774,0.001021,172.31.36.0-255,66,124537,12,218755
13775,0.001187,172.217.194.0-255,1484,126021,12,218755
13776,0.001194,172.217.194.0-255,2902,128923,12,218755
13777,0.001198,172.217.194.0-255,2902,131825,12,218755
13778,0.00121,172.217.194.0-255,2902,134727,12,218755
13779,0.001218,172.31.36.0-255,66,134793,12,218755
13780,0.001275,172.217.194.0-255,4320,139113,12,218755
13781,0.001281,172.31.36.0-255,66,139179,12,218755
13782,0.001293,172.217.194.0-255,5738,144917,12,218755
13783,0.001298,172.31.36.0-255,66,144983,12,218755
13784,0.00132,172.217.194.0-255,5020,150003,12,218755
13785,0.001346,172.31.36.0-255,66,150069,12,218755
13786,0.00146,172.217.194.0-255,1484,151553,12,218755
13787,0.001467,172.217.194.0-255,2902,154455,12,218755
13788,0.001478,172.31.36.0-255,66,154521,12,218755
13789,0.001491,172.217.194.0-255,5738,160259,12,218755
13790,0.001556,172.217.194.0-255,2902,163161,12,218755
13791,0.001561,172.217.194.0-255,2184,165345,12,218755
13792,0.00157,172.31.36.0-255,66,165411,12,218755
13793,0.001681,172.217.194.0-255,1484,166895,12,218755
13794,0.001697,172.217.194.0-255,2902,169797,12,218755
13795,0.001702,172.217.194.0-255,2902,172699,12,218755
13796,0.001707,172.31.36.0-255,66,172765,12,218755
13797,0.001717,172.217.194.0-255,2902,175667,12,218755
13798,0.001745,172.217.194.0-255,4320,179987,12,218755
13799,0.001803,172.217.194.0-255,2184,182171,12,218755
13800,0.001813,172.31.36.0-255,66,182237,12,218755
13801,0.001855,172.217.194.0-255,1484,183721,12,218755
13802,0.00186,172.217.194.0-255,2902,186623,12,218755
13803,0.001866,172.217.194.0-255,5738,192361,12,218755
13804,0.001883,172.217.194.0-255,7156,199517,12,218755
13805,0.001898,172.217.194.0-255,5738,205255,12,218755
13806,0.001916,172.217.194.0-255,5738,210993,12,218755
13807,0.001919,172.31.36.0-255,66,211059,12,218755
13808,0.001925,172.31.36.0-255,66,211125,12,218755
13809,0.002004,172.31.36.0-255,66,211191,12,218755
13810,0.002025,172.217.194.0-255,7156,218347,12,218755
13811,0.002041,172.31.36.0-255,66,218413,12,218755
13812,0.002078,172.217.194.0-255,105,218518,12,218755
13813,0.002127,172.31.36.0-255,66,218584,12,218755
13814,0.004695,172.31.36.0-255,105,218689,12,218755
13815,0.007026,172.217.194.0-255,66,218755,12,218755
13816,0.0,172.31.36.0-255,66,66,12,66
13817,0.0,172.217.194.0-255,154,154,12,121871
13818,5.8e-05,172.31.36.0-255,66,220,12,121871
13819,6.6e-05,172.217.194.0-255,1484,1704,12,121871
13820,7.2e-05,172.31.36.0-255,66,1770,12,121871
13821,7.6e-05,172.217.194.0-255,2902,4672,12,121871
13822,7.9e-05,172.31.36.0-255,66,4738,12,121871
13823,8.5e-05,172.217.194.0-255,7156,11894,12,121871
13824,8.8e-05,172.31.36.0-255,66,11960,12,121871
13825,0.000105,172.31.36.0-255,66,12026,12,121871
13826,0.000108,172.217.194.0-255,2543,14569,12,121871
13827,0.000111,172.31.36.0-255,66,14635,12,121871
13828,0.000135,172.217.194.0-255,1484,16119,12,121871
13829,0.000137,172.31.36.0-255,66,16185,12,121871
13830,0.000141,172.217.194.0-255,2902,19087,12,121871
13831,0.000144,172.31.36.0-255,66,19153,12,121871
13832,0.000146,172.217.194.0-255,1484,20637,12,121871
13833,0.000148,172.31.36.0-255,66,20703,12,121871
13834,0.000179,172.217.194.0-255,4320,25023,12,121871
13835,0.000182,172.31.36.0-255,66,25089,12,121871
13836,0.000196,172.31.36.0-255,66,25155,12,121871
13837,0.000232,172.217.194.0-255,1484,26639,12,121871
13838,0.000235,172.31.36.0-255,66,26705,12,121871
13839,0.000265,172.31.36.0-255,66,26771,12,121871
13840,0.000268,172.217.194.0-255,367,27138,12,121871
13841,0.00027,172.31.36.0-255,66,27204,12,121871
13842,0.000373,172.217.194.0-255,1484,28688,12,121871
13843,0.000379,172.31.36.0-255,66,28754,12,121871
13844,0.000384,172.217.194.0-255,2902,31656,12,121871
13845,0.000387,172.31.36.0-255,66,31722,12,121871
13846,0.000391,172.217.194.0-255,2902,34624,12,121871
13847,0.000394,172.31.36.0-255,66,34690,12,121871
13848,0.000416,172.217.194.0-255,2902,37592,12,121871
13849,0.000419,172.31.36.0-255,66,37658,12,121871
13850,0.00047,172.31.36.0-255,66,37724,12,121871
13851,0.000475,172.31.36.0-255,66,37790,12,121871
13852,0.000543,172.217.194.0-255,1484,39274,12,121871
13853,0.000562,172.217.194.0-255,2902,42176,12,121871
13854,0.000567,172.31.36.0-255,66,42242,12,121871
13855,0.000573,172.217.194.0-255,5738,47980,12,121871
13856,0.000577,172.31.36.0-255,66,48046,12,121871
13857,0.000608,172.31.36.0-255,66,48112,12,121871
13858,0.000619,172.31.36.0-255,66,48178,12,121871
13859,0.000644,172.217.194.0-255,1484,49662,12,121871
13860,0.000656,172.31.36.0-255,66,49728,12,121871
13861,0.000703,172.31.36.0-255,66,49794,12,121871
13862,0.000717,172.31.36.0-255,66,49860,12,121871
13863,0.000729,172.31.36.0-255,66,49926,12,121871
13864,0.000734,172.217.194.0-255,5738,55664,12,121871
13865,0.000737,172.31.36.0-255,66,55730,12,121871
13866,0.00076,172.217.194.0-255,4320,60050,12,121871
13867,0.000764,172.31.36.0-255,66,60116,12,121871
13868,0.000769,172.217.194.0-255,4320,64436,12,121871
13869,0.000772,172.31.36.0-255,66,64502,12,121871
13870,0.000808,172.31.36.0-255,66,64568,12,121871
13871,0.000839,172.31.36.0-255,66,64634,12,121871
13872,0.00085,172.31.36.0-255,66,64700,12,121871
13873,0.00088,172.217.194.0-255,2902,67602,12,121871
13874,0.000884,172.31.36.0-255,66,67668,12,121871
13875,0.000895,172.31.36.0-255,66,67734,12,121871
13876,0.000923,172.31.36.0-255,66,67800,12,121871
13877,0.000968,172.31.36.0-255,66,67866,12,121871
13878,0.001056,172.31.36.0-255,66,67932,12,121871
13879,0.00144,172.217.194.0-255,1484,69416,12,121871
13880,0.001457,172.217.194.0-255,2902,72318,12,121871
13881,0.001462,172.31.36.0-255,66,72384,12,121871
13882,0.00148,172.217.194.0-255,1484,73868,12,121871
13883,0.001503,172.217.194.0-255,4320,78188,12,121871
13884,0.00151,172.31.36.0-255,66,78254,12,121871
13885,0.001523,172.31.36.0-255,66,78320,12,121871
13886,0.00154,172.217.194.0-255,4320,82640,12,121871
13887,0.001543,172.31.36.0-255,66,82706,12,121871
13888,0.001555,172.31.36.0-255,66,82772,12,121871
13889,0.001603,172.217.194.0-255,1484,84256,12,121871
13890,0.001625,172.217.194.0-255,2902,87158,12,121871
13891,0.001628,172.31.36.0-255,66,87224,12,121871
13892,0.001634,172.217.194.0-255,4320,91544,12,121871
13893,0.001638,172.31.36.0-255,66,91610,12,121871
13894,0.001649,172.217.194.0-255,1484,93094,12,121871
13895,0.001666,172.217.194.0-255,1484,94578,12,121871
13896,0.001669,172.31.36.0-255,66,94644,12,121871
13897,0.001706,172.31.36.0-255,66,94710,12,121871
13898,0.001719,172.31.36.0-255,66,94776,12,121871
13899,0.001759,172.217.194.0-255,1484,96260,12,121871
13900,0.001783,172.217.194.0-255,2902,99162,12,121871
13901,0.001789,172.217.194.0-255,5738,104900,12,121871
13902,0.001794,172.31.36.0-255,66,104966,12,121871
13903,0.001832,172.31.36.0-255,66,105032,12,121871
13904,0.001842,172.217.194.0-255,4320,109352,12,121871
13905,0.001846,172.31.36.0-255,66,109418,12,121871
13906,0.001879,172.31.36.0-255,66,109484,12,121871
13907,0.00189,172.217.194.0-255,4320,113804,12,121871
13908,0.001893,172.31.36.0-255,66,113870,12,121871
13909,0.001935,172.217.194.0-255,105,113975,12,121871
13910,0.001937,172.31.36.0-255,66,114041,12,121871
13911,0.003583,172.31.36.0-255,66,114107,12,121871
13912,0.003612,172.31.36.0-255,105,114212,12,121871
13913,0.005884,172.217.194.0-255,66,114278,12,121871
13914,0.028333,172.31.36.0-255,188,114466,12,121871
13915,0.028501,172.31.36.0-255,952,115418,12,121871
13916,0.028562,172.31.36.0-255,1514,116932,12,121871
13917,0.028564,172.31.36.0-255,1514,118446,12,121871
13918,0.028566,172.31.36.0-255,1514,119960,12,121871
13919,0.028595,172.31.36.0-255,1514,121474,12,121871
13920,0.028596,172.31.36.0-255,331,121805,12,121871
13921,0.029874,104.244.42.0-255,66,121871,12,121871
13922,0.0,74.125.130.0-255,153,153,12,179651
13923,2.5e-05,172.31.36.0-255,66,219,12,179651
13924,3.3e-05,74.125.130.0-255,1484,1703,12,179651
13925,3.7e-05,172.31.36.0-255,66,1769,12,179651
13926,5.1e-05,74.125.130.0-255,2902,4671,12,179651
13927,5.5e-05,172.31.36.0-255,66,4737,12,179651
13928,6.2e-05,74.125.130.0-255,5738,10475,12,179651
13929,6.5e-05,172.31.36.0-255,66,10541,12,179651
13930,8.9e-05,74.125.130.0-255,3465,14006,12,179651
13931,9.3e-05,172.31.36.0-255,66,14072,12,179651
13932,9.6e-05,74.125.130.0-255,1484,15556,12,179651
13933,9.9e-05,172.31.36.0-255,66,15622,12,179651
13934,0.000125,74.125.130.0-255,2902,18524,12,179651
13935,0.000128,172.31.36.0-255,66,18590,12,179651
13936,0.00014,74.125.130.0-255,7156,25746,12,179651
13937,0.000142,172.31.36.0-255,66,25812,12,179651
13938,0.000163,74.125.130.0-255,2902,28714,12,179651
13939,0.000165,172.31.36.0-255,66,28780,12,179651
13940,0.000169,74.125.130.0-255,2543,31323,12,179651
13941,0.000177,172.31.36.0-255,66,31389,12,179651
13942,0.000303,74.125.130.0-255,1484,32873,12,179651
13943,0.000307,172.31.36.0-255,66,32939,12,179651
13944,0.000313,74.125.130.0-255,2902,35841,12,179651
13945,0.000315,172.31.36.0-255,66,35907,12,179651
13946,0.000318,74.125.130.0-255,1484,37391,12,179651
13947,0.000324,172.31.36.0-255,66,37457,12,179651
13948,0.000357,74.125.130.0-255,4320,41777,12,179651
13949,0.000359,172.31.36.0-255,66,41843,12,179651
13950,0.000364,74.125.130.0-255,2902,44745,12,179651
13951,0.000366,172.31.36.0-255,66,44811,12,179651
13952,0.000371,74.125.130.0-255,4320,49131,12,179651
13953,0.000378,172.31.36.0-255,66,49197,12,179651
13954,0.000389,172.31.36.0-255,66,49263,12,179651
13955,0.000395,74.125.130.0-255,4320,53583,12,179651
13956,0.000397,172.31.36.0-255,66,53649,12,179651
13957,0.000419,74.125.130.0-255,2902,56551,12,179651
13958,0.000421,172.31.36.0-255,66,56617,12,179651
13959,0.000449,74.125.130.0-255,1077,57694,12,179651
13960,0.000451,172.31.36.0-255,66,57760,12,179651
13961,0.001037,74.125.130.0-255,100,57860,12,179651
13962,0.001042,172.31.36.0-255,66,57926,12,179651
13963,0.001267,74.125.130.0-255,1484,59410,12,179651
13964,0.001273,172.31.36.0-255,66,59476,12,179651
13965,0.001281,74.125.130.0-255,2902,62378,12,179651
13966,0.001284,172.31.36.0-255,66,62444,12,179651
13967,0.001296,74.125.130.0-255,5738,68182,12,179651
13968,0.001298,172.31.36.0-255,66,68248,12,179651
13969,0.001302,74.125.130.0-255,1484,69732,12,179651
13970,0.001304,172.31.36.0-255,66,69798,12,179651
13971,0.001336,74.125.130.0-255,2902,72700,12,179651
13972,0.001339,172.31.36.0-255,66,72766,12,179651
13973,0.001346,74.125.130.0-255,5738,78504,12,179651
13974,0.001348,172.31.36.0-255,66,78570,12,179651
13975,0.001374,74.125.130.0-255,1484,80054,12,179651
13976,0.001383,74.125.130.0-255,2184,82238,12,179651
13977,0.001853,74.125.130.0-255,1484,83722,12,179651
13978,0.001861,74.125.130.0-255,2902,86624,12,179651
13979,0.001866,74.125.130.0-255,2902,89526,12,179651
13980,0.001882,74.125.130.0-255,4320,93846,12,179651
13981,0.001895,74.125.130.0-255,1484,95330,12,179651
13982,0.001911,74.125.130.0-255,5738,101068,12,179651
13983,0.001925,74.125.130.0-255,1484,102552,12,179651
13984,0.001932,74.125.130.0-255,5738,108290,12,179651
13985,0.001935,74.125.130.0-255,1484,109774,12,179651
13986,0.001949,74.125.130.0-255,5738,115512,12,179651
13987,0.001952,74.125.130.0-255,766,116278,12,179651
13988,0.005927,172.31.36.0-255,66,116344,12,179651
13989,0.00822,74.125.130.0-255,5738,122082,12,179651
13990,0.00823,172.31.36.0-255,66,122148,12,179651
13991,0.010529,74.125.130.0-255,5738,127886,12,179651
13992,0.010539,172.31.36.0-255,66,127952,12,179651
13993,0.012825,74.125.130.0-255,5738,133690,12,179651
13994,0.012834,172.31.36.0-255,66,133756,12,179651
13995,0.015131,74.125.130.0-255,5738,139494,12,179651
13996,0.015143,172.31.36.0-255,66,139560,12,179651
13997,0.017495,74.125.130.0-255,5738,145298,12,179651
13998,0.017505,172.31.36.0-255,66,145364,12,179651
13999,0.019798,74.125.130.0-255,5738,151102,12,179651
14000,0.019807,172.31.36.0-255,66,151168,12,179651
14001,0.022092,74.125.130.0-255,5738,156906,12,179651
14002,0.022099,172.31.36.0-255,66,156972,12,179651
14003,0.024399,74.125.130.0-255,5738,162710,12,179651
14004,0.02441,172.31.36.0-255,66,162776,12,179651
14005,0.026703,74.125.130.0-255,5738,168514,12,179651
14006,0.026711,172.31.36.0-255,66,168580,12,179651
14007,0.027883,172.31.36.0-255,172,168752,12,179651
14008,0.027919,172.31.36.0-255,1108,169860,12,179651
14009,0.027977,172.31.36.0-255,1514,171374,12,179651
14010,0.027979,172.31.36.0-255,1514,172888,12,179651
14011,0.028003,172.31.36.0-255,695,173583,12,179651
14012,0.029001,74.125.130.0-255,5738,179321,12,179651
14013,0.029009,172.31.36.0-255,66,179387,12,179651
14014,0.029416,104.244.42.0-255,66,179453,12,179651
14015,0.029463,104.244.42.0-255,66,179519,12,179651
14016,0.029546,104.244.42.0-255,66,179585,12,179651
14017,0.029549,104.244.42.0-255,66,179651,12,179651
14018,0.0,172.217.194.0-255,153,153,12,205461
14019,2.8e-05,172.31.36.0-255,66,219,12,205461
14020,4.8e-05,172.217.194.0-255,1484,1703,12,205461
14021,5.3e-05,172.31.36.0-255,66,1769,12,205461
14022,5.8e-05,172.217.194.0-255,2902,4671,12,205461
14023,6.1e-05,172.31.36.0-255,66,4737,12,205461
14024,6.9e-05,172.217.194.0-255,7156,11893,12,205461
14025,7.2e-05,172.31.36.0-255,66,11959,12,205461
14026,7.6e-05,172.217.194.0-255,2060,14019,12,205461
14027,7.8e-05,172.31.36.0-255,66,14085,12,205461
14028,8.5e-05,172.217.194.0-255,5738,19823,12,205461
14029,8.7e-05,172.31.36.0-255,66,19889,12,205461
14030,0.000109,172.217.194.0-255,5738,25627,12,205461
14031,0.000112,172.31.36.0-255,66,25693,12,205461
14032,0.000117,172.217.194.0-255,5379,31072,12,205461
14033,0.00012,172.31.36.0-255,66,31138,12,205461
14034,0.000511,172.217.194.0-255,1484,32622,12,205461
14035,0.000518,172.31.36.0-255,66,32688,12,205461
14036,0.000552,172.217.194.0-255,2902,35590,12,205461
14037,0.000555,172.31.36.0-255,66,35656,12,205461
14038,0.00056,172.217.194.0-255,2902,38558,12,205461
14039,0.000562,172.31.36.0-255,66,38624,12,205461
14040,0.000603,172.217.194.0-255,7156,45780,12,205461
14041,0.000607,172.31.36.0-255,66,45846,12,205461
14042,0.000632,172.217.194.0-255,2902,48748,12,205461
14043,0.000635,172.31.36.0-255,66,48814,12,205461
14044,0.000656,172.31.36.0-255,66,48880,12,205461
14045,0.000684,172.31.36.0-255,66,48946,12,205461
14046,0.000837,172.217.194.0-255,1484,50430,12,205461
14047,0.000841,172.31.36.0-255,66,50496,12,205461
14048,0.000857,172.217.194.0-255,2902,53398,12,205461
14049,0.00086,172.31.36.0-255,66,53464,12,205461
14050,0.000888,172.217.194.0-255,4320,57784,12,205461
14051,0.000891,172.31.36.0-255,66,57850,12,205461
14052,0.00093,172.217.194.0-255,7156,65006,12,205461
14053,0.000934,172.31.36.0-255,66,65072,12,205461
14054,0.000948,172.217.194.0-255,1125,66197,12,205461
14055,0.000994,172.217.194.0-255,1484,67681,12,205461
14056,0.000998,172.31.36.0-255,66,67747,12,205461
14057,0.001014,172.217.194.0-255,2902,70649,12,205461
14058,0.001017,172.31.36.0-255,66,70715,12,205461
14059,0.001039,172.217.194.0-255,2902,73617,12,205461
14060,0.001042,172.31.36.0-255,66,73683,12,205461
14061,0.001064,172.217.194.0-255,7156,80839,12,205461
14062,0.001067,172.31.36.0-255,66,80905,12,205461
14063,0.001088,172.217.194.0-255,3125,84030,12,205461
14064,0.001091,172.31.36.0-255,66,84096,12,205461
14065,0.001187,172.217.194.0-255,1484,85580,12,205461
14066,0.001192,172.217.194.0-255,1484,87064,12,205461
14067,0.001196,172.31.36.0-255,66,87130,12,205461
14068,0.001208,172.217.194.0-255,1484,88614,12,205461
14069,0.001214,172.217.194.0-255,4320,92934,12,205461
14070,0.001216,172.31.36.0-255,66,93000,12,205461
14071,0.001232,172.217.194.0-255,1484,94484,12,205461
14072,0.001238,172.217.194.0-255,5738,100222,12,205461
14073,0.001241,172.31.36.0-255,66,100288,12,205461
14074,0.001291,172.217.194.0-255,2902,103190,12,205461
14075,0.001292,172.31.36.0-255,66,103256,12,205461
14076,0.001296,172.31.36.0-255,66,103322,12,205461
14077,0.001344,172.217.194.0-255,2184,105506,12,205461
14078,0.001348,172.31.36.0-255,66,105572,12,205461
14079,0.00145,172.217.194.0-255,1484,107056,12,205461
14080,0.001463,172.217.194.0-255,2902,109958,12,205461
14081,0.001468,172.31.36.0-255,66,110024,12,205461
14082,0.001474,172.217.194.0-255,4320,114344,12,205461
14083,0.00148,172.31.36.0-255,66,114410,12,205461
14084,0.00149,172.217.194.0-255,1484,115894,12,205461
14085,0.001497,172.217.194.0-255,5738,121632,12,205461
14086,0.001499,172.31.36.0-255,66,121698,12,205461
14087,0.001544,172.217.194.0-255,4320,126018,12,205461
14088,0.001547,172.31.36.0-255,66,126084,12,205461
14089,0.001569,172.31.36.0-255,66,126150,12,205461
14090,0.001591,172.217.194.0-255,2902,129052,12,205461
14091,0.001595,172.31.36.0-255,66,129118,12,205461
14092,0.001613,172.217.194.0-255,2184,131302,12,205461
14093,0.001616,172.31.36.0-255,66,131368,12,205461
14094,0.003924,172.217.194.0-255,5738,137106,12,205461
14095,0.003932,172.31.36.0-255,66,137172,12,205461
14096,0.006182,172.217.194.0-255,5738,142910,12,205461
14097,0.006186,172.31.36.0-255,66,142976,12,205461
14098,0.008498,172.217.194.0-255,5738,148714,12,205461
14099,0.008504,172.31.36.0-255,66,148780,12,205461
14100,0.010823,172.217.194.0-255,5738,154518,12,205461
14101,0.01083,172.31.36.0-255,66,154584,12,205461
14102,0.013119,172.217.194.0-255,5738,160322,12,205461
14103,0.013125,172.31.36.0-255,66,160388,12,205461
14104,0.01541,172.217.194.0-255,5738,166126,12,205461
14105,0.015419,172.31.36.0-255,66,166192,12,205461
14106,0.01772,172.217.194.0-255,5738,171930,12,205461
14107,0.017727,172.31.36.0-255,66,171996,12,205461
14108,0.020057,172.217.194.0-255,5738,177734,12,205461
14109,0.020064,172.31.36.0-255,66,177800,12,205461
14110,0.022372,172.217.194.0-255,5738,183538,12,205461
14111,0.022379,172.31.36.0-255,66,183604,12,205461
14112,0.023531,172.31.36.0-255,192,183796,12,205461
14113,0.023563,172.31.36.0-255,1107,184903,12,205461
14114,0.02359,172.31.36.0-255,1514,186417,12,205461
14115,0.023591,172.31.36.0-255,1302,187719,12,205461
14116,0.024652,172.217.194.0-255,5738,193457,12,205461
14117,0.02466,172.31.36.0-255,66,193523,12,205461
14118,0.025045,104.244.42.0-255,66,193589,12,205461
14119,0.025053,104.244.42.0-255,66,193655,12,205461
14120,0.025099,104.244.42.0-255,66,193721,12,205461
14121,0.026991,172.217.194.0-255,5738,199459,12,205461
14122,0.026997,172.31.36.0-255,66,199525,12,205461
14123,0.029302,172.217.194.0-255,2902,202427,12,205461
14124,0.029309,172.31.36.0-255,66,202493,12,205461
14125,0.029342,172.217.194.0-255,2902,205395,12,205461
14126,0.029345,172.31.36.0-255,66,205461,12,205461
14127,0.0,74.125.200.0-255,143,143,12,231050
14128,2.4e-05,172.31.36.0-255,66,209,12,231050
14129,3.2e-05,74.125.200.0-255,1484,1693,12,231050
14130,3.8e-05,172.31.36.0-255,66,1759,12,231050
14131,4.4e-05,74.125.200.0-255,2902,4661,12,231050
14132,4.8e-05,172.31.36.0-255,66,4727,12,231050
14133,5.6e-05,74.125.200.0-255,7156,11883,12,231050
14134,6e-05,172.31.36.0-255,66,11949,12,231050
14135,6.5e-05,74.125.200.0-255,1950,13899,12,231050
14136,6.7e-05,172.31.36.0-255,66,13965,12,231050
14137,0.000106,74.125.200.0-255,1484,15449,12,231050
14138,0.000109,172.31.36.0-255,66,15515,12,231050
14139,0.000113,74.125.200.0-255,1484,16999,12,231050
14140,0.000116,172.31.36.0-255,66,17065,12,231050
14141,0.000133,74.125.200.0-255,1484,18549,12,231050
14142,0.000135,172.31.36.0-255,66,18615,12,231050
14143,0.000143,74.125.200.0-255,5738,24353,12,231050
14144,0.000146,172.31.36.0-255,66,24419,12,231050
14145,0.000149,74.125.200.0-255,1484,25903,12,231050
14146,0.000151,172.31.36.0-255,66,25969,12,231050
14147,0.00018,74.125.200.0-255,5379,31348,12,231050
14148,0.000183,172.31.36.0-255,66,31414,12,231050
14149,0.000256,74.125.200.0-255,1484,32898,12,231050
14150,0.000259,172.31.36.0-255,66,32964,12,231050
14151,0.000274,74.125.200.0-255,2902,35866,12,231050
14152,0.000277,172.31.36.0-255,66,35932,12,231050
14153,0.000281,74.125.200.0-255,1484,37416,12,231050
14154,0.000283,172.31.36.0-255,66,37482,12,231050
14155,0.000306,74.125.200.0-255,4320,41802,12,231050
14156,0.000309,172.31.36.0-255,66,41868,12,231050
14157,0.000315,74.125.200.0-255,4320,46188,12,231050
14158,0.000317,172.31.36.0-255,66,46254,12,231050
14159,0.000344,74.125.200.0-255,5379,51633,12,231050
14160,0.000346,172.31.36.0-255,66,51699,12,231050
14161,0.000349,74.125.200.0-255,1484,53183,12,231050
14162,0.000369,74.125.200.0-255,7156,60339,12,231050
14163,0.000372,172.31.36.0-255,66,60405,12,231050
14164,0.000407,74.125.200.0-255,2902,63307,12,231050
14165,0.00041,172.31.36.0-255,66,63373,12,231050
14166,0.000429,74.125.200.0-255,2852,66225,12,231050
14167,0.000433,172.31.36.0-255,66,66291,12,231050
14168,0.000444,74.125.200.0-255,377,66668,12,231050
14169,0.000624,74.125.200.0-255,1484,68152,12,231050
14170,0.000627,172.31.36.0-255,66,68218,12,231050
14171,0.000632,74.125.200.0-255,1484,69702,12,231050
14172,0.000644,74.125.200.0-255,1484,71186,12,231050
14173,0.000647,172.31.36.0-255,66,71252,12,231050
14174,0.000655,74.125.200.0-255,5738,76990,12,231050
14175,0.000657,172.31.36.0-255,66,77056,12,231050
14176,0.00066,74.125.200.0-255,1484,78540,12,231050
14177,0.000674,74.125.200.0-255,2902,81442,12,231050
14178,0.000677,172.31.36.0-255,66,81508,12,231050
14179,0.0007,74.125.200.0-255,2902,84410,12,231050
14180,0.000702,172.31.36.0-255,66,84476,12,231050
14181,0.000709,74.125.200.0-255,4320,88796,12,231050
14182,0.000711,172.31.36.0-255,66,88862,12,231050
14183,0.000735,172.31.36.0-255,66,88928,12,231050
14184,0.000757,74.125.200.0-255,2184,91112,12,231050
14185,0.000759,172.31.36.0-255,66,91178,12,231050
14186,0.000908,74.125.200.0-255,1484,92662,12,231050
14187,0.000915,74.125.200.0-255,2902,95564,12,231050
14188,0.000919,172.31.36.0-255,66,95630,12,231050
14189,0.000942,74.125.200.0-255,5738,101368,12,231050
14190,0.000945,172.31.36.0-255,66,101434,12,231050
14191,0.000995,74.125.200.0-255,4320,105754,12,231050
14192,0.000998,172.31.36.0-255,66,105820,12,231050
14193,0.001004,74.125.200.0-255,5738,111558,12,231050
14194,0.001007,172.31.36.0-255,66,111624,12,231050
14195,0.001013,74.125.200.0-255,5738,117362,12,231050
14196,0.001015,172.31.36.0-255,66,117428,12,231050
14197,0.001034,74.125.200.0-255,7156,124584,12,231050
14198,0.001037,172.31.36.0-255,66,124650,12,231050
14199,0.001039,74.125.200.0-255,766,125416,12,231050
14200,0.001135,74.125.200.0-255,1484,126900,12,231050
14201,0.001139,172.31.36.0-255,66,126966,12,231050
14202,0.001144,74.125.200.0-255,2902,129868,12,231050
14203,0.001146,172.31.36.0-255,66,129934,12,231050
14204,0.001166,74.125.200.0-255,2902,132836,12,231050
14205,0.001168,172.31.36.0-255,66,132902,12,231050
14206,0.001187,74.125.200.0-255,4320,137222,12,231050
14207,0.00119,172.31.36.0-255,66,137288,12,231050
14208,0.001213,74.125.200.0-255,1484,138772,12,231050
14209,0.001234,74.125.200.0-255,7156,145928,12,231050
14210,0.001237,172.31.36.0-255,66,145994,12,231050
14211,0.00125,172.31.36.0-255,66,146060,12,231050
14212,0.001271,74.125.200.0-255,3602,149662,12,231050
14213,0.001274,172.31.36.0-255,66,149728,12,231050
14214,0.003231,74.125.200.0-255,1484,151212,12,231050
14215,0.003259,74.125.200.0-255,4320,155532,12,231050
14216,0.003265,172.31.36.0-255,66,155598,12,231050
14217,0.005263,74.125.200.0-255,5738,161336,12,231050
14218,0.005269,172.31.36.0-255,66,161402,12,231050
14219,0.007243,74.125.200.0-255,5738,167140,12,231050
14220,0.007247,172.31.36.0-255,66,167206,12,231050
14221,0.009229,74.125.200.0-255,5738,172944,12,231050
14222,0.009236,172.31.36.0-255,66,173010,12,231050
14223,0.011215,74.125.200.0-255,5738,178748,12,231050
14224,0.011223,172.31.36.0-255,66,178814,12,231050
14225,0.01322,74.125.200.0-255,5738,184552,12,231050
14226,0.013228,172.31.36.0-255,66,184618,12,231050
14227,0.015221,74.125.200.0-255,5738,190356,12,231050
14228,0.015233,172.31.36.0-255,66,190422,12,231050
14229,0.017229,74.125.200.0-255,5738,196160,12,231050
14230,0.017237,172.31.36.0-255,66,196226,12,231050
14231,0.019219,74.125.200.0-255,5738,201964,12,231050
14232,0.019228,172.31.36.0-255,66,202030,12,231050
14233,0.021225,74.125.200.0-255,5738,207768,12,231050
14234,0.021232,172.31.36.0-255,66,207834,12,231050
14235,0.02322,74.125.200.0-255,5738,213572,12,231050
14236,0.023229,172.31.36.0-255,66,213638,12,231050
14237,0.025223,74.125.200.0-255,5738,219376,12,231050
14238,0.02523,172.31.36.0-255,66,219442,12,231050
14239,0.027213,74.125.200.0-255,5738,225180,12,231050
14240,0.027221,172.31.36.0-255,66,225246,12,231050
14241,0.029209,74.125.200.0-255,5738,230984,12,231050
14242,0.029215,172.31.36.0-255,66,231050,12,231050
14243,0.0,74.125.130.0-255,153,153,12,238337
14244,2.1e-05,172.31.36.0-255,66,219,12,238337
14245,2.9e-05,74.125.130.0-255,1484,1703,12,238337
14246,3.3e-05,172.31.36.0-255,66,1769,12,238337
14247,3.7e-05,74.125.130.0-255,1484,3253,12,238337
14248,4.7e-05,172.31.36.0-255,66,3319,12,238337
14249,5.3e-05,74.125.130.0-255,2902,6221,12,238337
14250,5.5e-05,172.31.36.0-255,66,6287,12,238337
14251,6.3e-05,74.125.130.0-255,4320,10607,12,238337
14252,6.6e-05,172.31.36.0-255,66,10673,12,238337
14253,9.6e-05,74.125.130.0-255,1484,12157,12,238337
14254,9.9e-05,172.31.36.0-255,66,12223,12,238337
14255,0.000104,74.125.130.0-255,1970,14193,12,238337
14256,0.000106,172.31.36.0-255,66,14259,12,238337
14257,0.000269,74.125.130.0-255,1484,15743,12,238337
14258,0.000274,172.31.36.0-255,66,15809,12,238337
14259,0.00028,74.125.130.0-255,2902,18711,12,238337
14260,0.000283,172.31.36.0-255,66,18777,12,238337
14261,0.000309,74.125.130.0-255,5738,24515,12,238337
14262,0.000312,172.31.36.0-255,66,24581,12,238337
14263,0.000343,74.125.130.0-255,6797,31378,12,238337
14264,0.000345,172.31.36.0-255,66,31444,12,238337
14265,0.000375,74.125.130.0-255,4320,35764,12,238337
14266,0.000377,172.31.36.0-255,66,35830,12,238337
14267,0.000407,74.125.130.0-255,2902,38732,12,238337
14268,0.000409,172.31.36.0-255,66,38798,12,238337
14269,0.000439,172.31.36.0-255,66,38864,12,238337
14270,0.000463,74.125.130.0-255,1125,39989,12,238337
14271,0.000465,172.31.36.0-255,66,40055,12,238337
14272,0.000501,74.125.130.0-255,1484,41539,12,238337
14273,0.000504,172.31.36.0-255,66,41605,12,238337
14274,0.000522,74.125.130.0-255,2902,44507,12,238337
14275,0.000525,172.31.36.0-255,66,44573,12,238337
14276,0.000555,74.125.130.0-255,4320,48893,12,238337
14277,0.000558,172.31.36.0-255,66,48959,12,238337
14278,0.000586,172.31.36.0-255,66,49025,12,238337
14279,0.000639,74.125.130.0-255,385,49410,12,238337
14280,0.000684,74.125.130.0-255,1484,50894,12,238337
14281,0.000687,172.31.36.0-255,66,50960,12,238337
14282,0.000691,74.125.130.0-255,1484,52444,12,238337
14283,0.000718,74.125.130.0-255,2902,55346,12,238337
14284,0.000721,172.31.36.0-255,66,55412,12,238337
14285,0.000727,74.125.130.0-255,4320,59732,12,238337
14286,0.000729,172.31.36.0-255,66,59798,12,238337
14287,0.000756,74.125.130.0-255,5738,65536,12,238337
14288,0.000759,172.31.36.0-255,66,65602,12,238337
14289,0.000784,74.125.130.0-255,5738,71340,12,238337
14290,0.000787,172.31.36.0-255,66,71406,12,238337
14291,0.000807,74.125.130.0-255,7156,78562,12,238337
14292,0.00081,172.31.36.0-255,66,78628,12,238337
14293,0.000844,74.125.130.0-255,4320,82948,12,238337
14294,0.000846,172.31.36.0-255,66,83014,12,238337
14295,0.000878,74.125.130.0-255,766,83780,12,238337
14296,0.001228,74.125.130.0-255,1484,85264,12,238337
14297,0.001232,172.31.36.0-255,66,85330,12,238337
14298,0.001238,74.125.130.0-255,2902,88232,12,238337
14299,0.00124,172.31.36.0-255,66,88298,12,238337
14300,0.001276,74.125.130.0-255,5738,94036,12,238337
14301,0.001292,172.31.36.0-255,66,94102,12,238337
14302,0.001296,172.31.36.0-255,66,94168,12,238337
14303,0.001301,74.125.130.0-255,4320,98488,12,238337
14304,0.001305,172.31.36.0-255,66,98554,12,238337
14305,0.001325,74.125.130.0-255,5738,104292,12,238337
14306,0.001332,172.31.36.0-255,66,104358,12,238337
14307,0.001338,74.125.130.0-255,5020,109378,12,238337
14308,0.00134,172.31.36.0-255,66,109444,12,238337
14309,0.00145,74.125.130.0-255,1484,110928,12,238337
14310,0.001476,74.125.130.0-255,1484,112412,12,238337
14311,0.001481,172.31.36.0-255,66,112478,12,238337
14312,0.001493,74.125.130.0-255,2902,115380,12,238337
14313,0.0015,172.31.36.0-255,66,115446,12,238337
14314,0.001556,74.125.130.0-255,5738,121184,12,238337
14315,0.00156,172.31.36.0-255,66,121250,12,238337
14316,0.001565,74.125.130.0-255,2902,124152,12,238337
14317,0.001567,172.31.36.0-255,66,124218,12,238337
14318,0.001582,74.125.130.0-255,4320,128538,12,238337
14319,0.001585,172.31.36.0-255,66,128604,12,238337
14320,0.001596,172.31.36.0-255,66,128670,12,238337
14321,0.0016,74.125.130.0-255,2902,131572,12,238337
14322,0.001602,172.31.36.0-255,66,131638,12,238337
14323,0.001643,74.125.130.0-255,5738,137376,12,238337
14324,0.001646,172.31.36.0-255,66,137442,12,238337
14325,0.001675,74.125.130.0-255,5020,142462,12,238337
14326,0.001678,172.31.36.0-255,66,142528,12,238337
14327,0.00169,172.31.36.0-255,66,142594,12,238337
14328,0.001715,74.125.130.0-255,1484,144078,12,238337
14329,0.00172,74.125.130.0-255,2902,146980,12,238337
14330,0.001722,172.31.36.0-255,66,147046,12,238337
14331,0.001756,172.31.36.0-255,66,147112,12,238337
14332,0.001883,74.125.130.0-255,1484,148596,12,238337
14333,0.00189,74.125.130.0-255,2902,151498,12,238337
14334,0.001894,172.31.36.0-255,66,151564,12,238337
14335,0.001922,74.125.130.0-255,5738,157302,12,238337
14336,0.001925,172.31.36.0-255,66,157368,12,238337
14337,0.00196,172.31.36.0-255,66,157434,12,238337
14338,0.001965,74.125.130.0-255,2902,160336,12,238337
14339,0.001967,172.31.36.0-255,66,160402,12,238337
14340,0.002007,172.31.36.0-255,66,160468,12,238337
14341,0.002011,74.125.130.0-255,2184,162652,12,238337
14342,0.002013,172.31.36.0-255,66,162718,12,238337
14343,0.00402,74.125.130.0-255,5738,168456,12,238337
14344,0.004029,172.31.36.0-255,66,168522,12,238337
14345,0.006048,74.125.130.0-255,5738,174260,12,238337
14346,0.006054,172.31.36.0-255,66,174326,12,238337
14347,0.006291,172.31.36.0-255,101,174427,12,238337
14348,0.008096,74.125.130.0-255,5738,180165,12,238337
14349,0.008101,172.31.36.0-255,66,180231,12,238337
14350,0.008271,74.125.130.0-255,66,180297,12,238337
14351,0.01011,74.125.130.0-255,5738,186035,12,238337
14352,0.010117,172.31.36.0-255,66,186101,12,238337
14353,0.012138,74.125.130.0-255,5738,191839,12,238337
14354,0.012145,172.31.36.0-255,66,191905,12,238337
14355,0.014162,74.125.130.0-255,5738,197643,12,238337
14356,0.01417,172.31.36.0-255,66,197709,12,238337
14357,0.016197,74.125.130.0-255,5738,203447,12,238337
14358,0.016205,172.31.36.0-255,66,203513,12,238337
14359,0.01822,74.125.130.0-255,5738,209251,12,238337
14360,0.018227,172.31.36.0-255,66,209317,12,238337
14361,0.020255,74.125.130.0-255,5738,215055,12,238337
14362,0.020262,172.31.36.0-255,66,215121,12,238337
14363,0.022289,74.125.130.0-255,5738,220859,12,238337
14364,0.022296,172.31.36.0-255,66,220925,12,238337
14365,0.024333,74.125.130.0-255,5738,226663,12,238337
14366,0.02434,172.31.36.0-255,66,226729,12,238337
14367,0.026365,74.125.130.0-255,5738,232467,12,238337
14368,0.026373,172.31.36.0-255,66,232533,12,238337
14369,0.028406,74.125.130.0-255,5738,238271,12,238337
14370,0.028415,172.31.36.0-255,66,238337,12,238337
14371,0.0,172.217.194.0-255,153,153,12,194009
14372,2.9e-05,172.31.36.0-255,66,219,12,194009
14373,3.6e-05,172.217.194.0-255,1484,1703,12,194009
14374,4.1e-05,172.31.36.0-255,66,1769,12,194009
14375,5.3e-05,172.217.194.0-255,2902,4671,12,194009
14376,5.7e-05,172.31.36.0-255,66,4737,12,194009
14377,6.1e-05,172.217.194.0-255,2902,7639,12,194009
14378,6.4e-05,172.31.36.0-255,66,7705,12,194009
14379,9.9e-05,172.217.194.0-255,4320,12025,12,194009
14380,0.000103,172.31.36.0-255,66,12091,12,194009
14381,0.000107,172.217.194.0-255,2067,14158,12,194009
14382,0.000109,172.31.36.0-255,66,14224,12,194009
14383,0.00015,172.31.36.0-255,66,14290,12,194009
14384,0.000173,172.217.194.0-255,1484,15774,12,194009
14385,0.000177,172.31.36.0-255,66,15840,12,194009
14386,0.000187,172.217.194.0-255,5379,21219,12,194009
14387,0.000189,172.31.36.0-255,66,21285,12,194009
14388,0.000214,172.217.194.0-255,5738,27023,12,194009
14389,0.000217,172.31.36.0-255,66,27089,12,194009
14390,0.000221,172.217.194.0-255,1484,28573,12,194009
14391,0.000223,172.31.36.0-255,66,28639,12,194009
14392,0.000266,172.31.36.0-255,66,28705,12,194009
14393,0.000269,172.217.194.0-255,1484,30189,12,194009
14394,0.000271,172.31.36.0-255,66,30255,12,194009
14395,0.000276,172.217.194.0-255,2902,33157,12,194009
14396,0.000278,172.31.36.0-255,66,33223,12,194009
14397,0.000326,172.31.36.0-255,66,33289,12,194009
14398,0.00033,172.217.194.0-255,366,33655,12,194009
14399,0.000331,172.31.36.0-255,66,33721,12,194009
14400,0.000548,172.217.194.0-255,1484,35205,12,194009
14401,0.000567,172.217.194.0-255,2902,38107,12,194009
14402,0.00057,172.31.36.0-255,66,38173,12,194009
14403,0.000574,172.217.194.0-255,1484,39657,12,194009
14404,0.000598,172.217.194.0-255,4320,43977,12,194009
14405,0.000601,172.31.36.0-255,66,44043,12,194009
14406,0.000607,172.217.194.0-255,4320,48363,12,194009
14407,0.000609,172.31.36.0-255,66,48429,12,194009
14408,0.000622,172.31.36.0-255,66,48495,12,194009
14409,0.000646,172.217.194.0-255,1484,49979,12,194009
14410,0.000658,172.31.36.0-255,66,50045,12,194009
14411,0.000928,172.217.194.0-255,1484,51529,12,194009
14412,0.000943,172.217.194.0-255,2902,54431,12,194009
14413,0.000947,172.31.36.0-255,66,54497,12,194009
14414,0.000953,172.217.194.0-255,4320,58817,12,194009
14415,0.000955,172.31.36.0-255,66,58883,12,194009
14416,0.000985,172.217.194.0-255,1484,60367,12,194009
14417,0.000998,172.31.36.0-255,66,60433,12,194009
14418,0.001024,172.217.194.0-255,2902,63335,12,194009
14419,0.001027,172.31.36.0-255,66,63401,12,194009
14420,0.001039,172.31.36.0-255,66,63467,12,194009
14421,0.001276,172.217.194.0-255,1484,64951,12,194009
14422,0.001282,172.217.194.0-255,2902,67853,12,194009
14423,0.001285,172.31.36.0-255,66,67919,12,194009
14424,0.001292,172.217.194.0-255,5738,73657,12,194009
14425,0.001294,172.31.36.0-255,66,73723,12,194009
14426,0.001325,172.217.194.0-255,7156,80879,12,194009
14427,0.001328,172.31.36.0-255,66,80945,12,194009
14428,0.001358,172.217.194.0-255,7156,88101,12,194009
14429,0.001363,172.31.36.0-255,66,88167,12,194009
14430,0.001394,172.217.194.0-255,7156,95323,12,194009
14431,0.001397,172.31.36.0-255,66,95389,12,194009
14432,0.001401,172.217.194.0-255,2184,97573,12,194009
14433,0.001403,172.31.36.0-255,66,97639,12,194009
14434,0.001437,172.31.36.0-255,66,97705,12,194009
14435,0.001465,172.217.194.0-255,2902,100607,12,194009
14436,0.001469,172.31.36.0-255,66,100673,12,194009
14437,0.001486,172.31.36.0-255,66,100739,12,194009
14438,0.001499,172.31.36.0-255,66,100805,12,194009
14439,0.001514,172.217.194.0-255,4320,105125,12,194009
14440,0.001521,172.31.36.0-255,66,105191,12,194009
14441,0.001528,172.217.194.0-255,5738,110929,12,194009
14442,0.001531,172.31.36.0-255,66,110995,12,194009
14443,0.001575,172.31.36.0-255,66,111061,12,194009
14444,0.001593,172.31.36.0-255,66,111127,12,194009
14445,0.00161,172.217.194.0-255,2184,113311,12,194009
14446,0.00161,172.31.36.0-255,66,113377,12,194009
14447,0.001613,172.31.36.0-255,66,113443,12,194009
14448,0.001697,172.217.194.0-255,1484,114927,12,194009
14449,0.001702,172.217.194.0-255,2902,117829,12,194009
14450,0.001705,172.31.36.0-255,66,117895,12,194009
14451,0.001733,172.217.194.0-255,5738,123633,12,194009
14452,0.001736,172.31.36.0-255,66,123699,12,194009
14453,0.001776,172.217.194.0-255,7156,130855,12,194009
14454,0.001778,172.31.36.0-255,66,130921,12,194009
14455,0.001782,172.31.36.0-255,66,130987,12,194009
14456,0.001805,172.217.194.0-255,3602,134589,12,194009
14457,0.001809,172.31.36.0-255,66,134655,12,194009
14458,0.001841,172.217.194.0-255,1484,136139,12,194009
14459,0.001845,172.217.194.0-255,1484,137623,12,194009
14460,0.001847,172.31.36.0-255,66,137689,12,194009
14461,0.001881,172.217.194.0-255,1484,139173,12,194009
14462,0.001888,172.217.194.0-255,5738,144911,12,194009
14463,0.001891,172.31.36.0-255,66,144977,12,194009
14464,0.001895,172.217.194.0-255,1484,146461,12,194009
14465,0.0019,172.217.194.0-255,2902,149363,12,194009
14466,0.001902,172.31.36.0-255,66,149429,12,194009
14467,0.001936,172.217.194.0-255,5738,155167,12,194009
14468,0.001941,172.31.36.0-255,66,155233,12,194009
14469,0.001945,172.31.36.0-255,66,155299,12,194009
14470,0.001988,172.217.194.0-255,5020,160319,12,194009
14471,0.001992,172.31.36.0-255,66,160385,12,194009
14472,0.002032,172.217.194.0-255,1484,161869,12,194009
14473,0.002046,172.217.194.0-255,2902,164771,12,194009
14474,0.00205,172.31.36.0-255,66,164837,12,194009
14475,0.002072,172.217.194.0-255,5738,170575,12,194009
14476,0.002076,172.31.36.0-255,66,170641,12,194009
14477,0.002082,172.217.194.0-255,5738,176379,12,194009
14478,0.002085,172.31.36.0-255,66,176445,12,194009
14479,0.002129,172.217.194.0-255,5020,181465,12,194009
14480,0.002129,172.31.36.0-255,66,181531,12,194009
14481,0.002132,172.31.36.0-255,66,181597,12,194009
14482,0.002259,172.217.194.0-255,1484,183081,12,194009
14483,0.002278,172.217.194.0-255,2902,185983,12,194009
14484,0.002282,172.217.194.0-255,2902,188885,12,194009
14485,0.002282,172.31.36.0-255,66,188951,12,194009
14486,0.002285,172.31.36.0-255,66,189017,12,194009
14487,0.00231,172.217.194.0-255,2902,191919,12,194009
14488,0.002313,172.31.36.0-255,66,191985,12,194009
14489,0.002316,172.217.194.0-255,1484,193469,12,194009
14490,0.002357,172.31.36.0-255,66,193535,12,194009
14491,0.002369,172.31.36.0-255,66,193601,12,194009
14492,0.002414,172.31.36.0-255,66,193667,12,194009
14493,0.00244,172.217.194.0-255,105,193772,12,194009
14494,0.010164,172.31.36.0-255,66,193838,12,194009
14495,0.010192,172.31.36.0-255,105,193943,12,194009
14496,0.012527,172.217.194.0-255,66,194009,12,194009
14497,0.0,172.217.194.0-255,298,298,12,127567
14498,1.7e-05,172.31.36.0-255,66,364,12,127567
14499,2.4e-05,172.217.194.0-255,1484,1848,12,127567
14500,2.8e-05,172.31.36.0-255,66,1914,12,127567
14501,4.4e-05,172.217.194.0-255,4320,6234,12,127567
14502,4.7e-05,172.31.36.0-255,66,6300,12,127567
14503,6e-05,172.31.36.0-255,66,6366,12,127567
14504,6.3e-05,172.217.194.0-255,1484,7850,12,127567
14505,6.7e-05,172.31.36.0-255,66,7916,12,127567
14506,0.000117,172.31.36.0-255,66,7982,12,127567
14507,0.00013,172.31.36.0-255,66,8048,12,127567
14508,0.000153,172.217.194.0-255,5020,13068,12,127567
14509,0.000156,172.31.36.0-255,66,13134,12,127567
14510,0.000174,172.31.36.0-255,66,13200,12,127567
14511,0.000177,172.217.194.0-255,118,13318,12,127567
14512,0.00018,172.31.36.0-255,66,13384,12,127567
14513,0.000244,172.217.194.0-255,1484,14868,12,127567
14514,0.000247,172.31.36.0-255,66,14934,12,127567
14515,0.000252,172.217.194.0-255,2902,17836,12,127567
14516,0.000255,172.31.36.0-255,66,17902,12,127567
14517,0.000289,172.217.194.0-255,5738,23640,12,127567
14518,0.000303,172.31.36.0-255,66,23706,12,127567
14519,0.000312,172.31.36.0-255,66,23772,12,127567
14520,0.000315,172.217.194.0-255,1484,25256,12,127567
14521,0.000321,172.31.36.0-255,66,25322,12,127567
14522,0.00035,172.31.36.0-255,66,25388,12,127567
14523,0.000459,172.217.194.0-255,1484,26872,12,127567
14524,0.000465,172.217.194.0-255,2902,29774,12,127567
14525,0.000468,172.31.36.0-255,66,29840,12,127567
14526,0.000476,172.217.194.0-255,5738,35578,12,127567
14527,0.000479,172.31.36.0-255,66,35644,12,127567
14528,0.000516,172.31.36.0-255,66,35710,12,127567
14529,0.000555,172.31.36.0-255,66,35776,12,127567
14530,0.000572,172.31.36.0-255,66,35842,12,127567
14531,0.000655,172.31.36.0-255,66,35908,12,127567
14532,0.000805,172.217.194.0-255,1484,37392,12,127567
14533,0.000824,172.217.194.0-255,2902,40294,12,127567
14534,0.000828,172.31.36.0-255,66,40360,12,127567
14535,0.000831,172.217.194.0-255,1484,41844,12,127567
14536,0.00086,172.217.194.0-255,4320,46164,12,127567
14537,0.000864,172.31.36.0-255,66,46230,12,127567
14538,0.000876,172.31.36.0-255,66,46296,12,127567
14539,0.000893,172.217.194.0-255,7156,53452,12,127567
14540,0.000896,172.31.36.0-255,66,53518,12,127567
14541,0.000921,172.217.194.0-255,6438,59956,12,127567
14542,0.000924,172.31.36.0-255,66,60022,12,127567
14543,0.001202,172.217.194.0-255,1484,61506,12,127567
14544,0.001207,172.217.194.0-255,1484,62990,12,127567
14545,0.00121,172.31.36.0-255,66,63056,12,127567
14546,0.001227,172.217.194.0-255,1484,64540,12,127567
14547,0.001237,172.217.194.0-255,5738,70278,12,127567
14548,0.001243,172.217.194.0-255,5738,76016,12,127567
14549,0.001248,172.31.36.0-255,66,76082,12,127567
14550,0.001251,172.31.36.0-255,66,76148,12,127567
14551,0.001291,172.31.36.0-255,66,76214,12,127567
14552,0.001328,172.217.194.0-255,5020,81234,12,127567
14553,0.001331,172.31.36.0-255,66,81300,12,127567
14554,0.001358,172.217.194.0-255,1484,82784,12,127567
14555,0.001363,172.217.194.0-255,2902,85686,12,127567
14556,0.001365,172.31.36.0-255,66,85752,12,127567
14557,0.001372,172.217.194.0-255,5738,91490,12,127567
14558,0.001375,172.31.36.0-255,66,91556,12,127567
14559,0.001383,172.217.194.0-255,2902,94458,12,127567
14560,0.001386,172.31.36.0-255,66,94524,12,127567
14561,0.001428,172.31.36.0-255,66,94590,12,127567
14562,0.00144,172.31.36.0-255,66,94656,12,127567
14563,0.001443,172.217.194.0-255,766,95422,12,127567
14564,0.001514,172.217.194.0-255,1484,96906,12,127567
14565,0.001518,172.31.36.0-255,66,96972,12,127567
14566,0.001536,172.217.194.0-255,2902,99874,12,127567
14567,0.001541,172.31.36.0-255,66,99940,12,127567
14568,0.001568,172.217.194.0-255,4320,104260,12,127567
14569,0.00157,172.31.36.0-255,66,104326,12,127567
14570,0.001597,172.217.194.0-255,1484,105810,12,127567
14571,0.00161,172.31.36.0-255,66,105876,12,127567
14572,0.001623,172.31.36.0-255,66,105942,12,127567
14573,0.001657,172.217.194.0-255,3602,109544,12,127567
14574,0.001661,172.31.36.0-255,66,109610,12,127567
14575,0.001664,172.217.194.0-255,1484,111094,12,127567
14576,0.001669,172.217.194.0-255,2902,113996,12,127567
14577,0.001671,172.31.36.0-255,66,114062,12,127567
14578,0.001706,172.217.194.0-255,5738,119800,12,127567
14579,0.001709,172.31.36.0-255,66,119866,12,127567
14580,0.001723,172.31.36.0-255,66,119932,12,127567
14581,0.001778,172.31.36.0-255,66,119998,12,127567
14582,0.001796,172.31.36.0-255,66,120064,12,127567
14583,0.001888,172.31.36.0-255,66,120130,12,127567
14584,0.001906,172.31.36.0-255,66,120196,12,127567
14585,0.001944,172.217.194.0-255,6438,126634,12,127567
14586,0.001948,172.31.36.0-255,66,126700,12,127567
14587,0.001951,172.217.194.0-255,342,127042,12,127567
14588,0.001955,172.217.194.0-255,105,127147,12,127567
14589,0.01045,172.31.36.0-255,66,127213,12,127567
14590,0.010499,172.31.36.0-255,105,127318,12,127567
14591,0.01084,172.217.194.0-255,105,127423,12,127567
14592,0.01085,172.31.36.0-255,78,127501,12,127567
14593,0.012761,172.217.194.0-255,66,127567,12,127567
14594,0.0,172.253.118.0-255,153,153,12,229000
14595,2.3e-05,172.31.36.0-255,66,219,12,229000
14596,3e-05,172.253.118.0-255,1484,1703,12,229000
14597,3.6e-05,172.31.36.0-255,66,1769,12,229000
14598,4.2e-05,172.253.118.0-255,2902,4671,12,229000
14599,5.5e-05,172.31.36.0-255,66,4737,12,229000
14600,6.4e-05,172.253.118.0-255,7156,11893,12,229000
14601,6.7e-05,172.31.36.0-255,66,11959,12,229000
14602,7.1e-05,172.253.118.0-255,2066,14025,12,229000
14603,7.4e-05,172.31.36.0-255,66,14091,12,229000
14604,0.000139,172.253.118.0-255,1484,15575,12,229000
14605,0.000143,172.31.36.0-255,66,15641,12,229000
14606,0.000149,172.253.118.0-255,2902,18543,12,229000
14607,0.000152,172.31.36.0-255,66,18609,12,229000
14608,0.000201,172.253.118.0-255,2902,21511,12,229000
14609,0.000204,172.31.36.0-255,66,21577,12,229000
14610,0.000234,172.253.118.0-255,2902,24479,12,229000
14611,0.000237,172.31.36.0-255,66,24545,12,229000
14612,0.000245,172.253.118.0-255,6797,31342,12,229000
14613,0.000247,172.31.36.0-255,66,31408,12,229000
14614,0.000252,172.253.118.0-255,2902,34310,12,229000
14615,0.000254,172.31.36.0-255,66,34376,12,229000
14616,0.000257,172.253.118.0-255,1484,35860,12,229000
14617,0.000259,172.31.36.0-255,66,35926,12,229000
14618,0.0003,172.253.118.0-255,2902,38828,12,229000
14619,0.000304,172.31.36.0-255,66,38894,12,229000
14620,0.000315,172.31.36.0-255,66,38960,12,229000
14621,0.000318,172.253.118.0-255,1125,40085,12,229000
14622,0.000321,172.31.36.0-255,66,40151,12,229000
14623,0.000402,172.253.118.0-255,1484,41635,12,229000
14624,0.000406,172.31.36.0-255,66,41701,12,229000
14625,0.000411,172.253.118.0-255,2902,44603,12,229000
14626,0.000414,172.31.36.0-255,66,44669,12,229000
14627,0.000419,172.253.118.0-255,2902,47571,12,229000
14628,0.000421,172.31.36.0-255,66,47637,12,229000
14629,0.000449,172.253.118.0-255,2902,50539,12,229000
14630,0.000452,172.31.36.0-255,66,50605,12,229000
14631,0.000457,172.253.118.0-255,2902,53507,12,229000
14632,0.00046,172.31.36.0-255,66,53573,12,229000
14633,0.000487,172.253.118.0-255,4308,57881,12,229000
14634,0.00049,172.31.36.0-255,66,57947,12,229000
14635,0.000512,172.253.118.0-255,330,58277,12,229000
14636,0.000543,172.253.118.0-255,1484,59761,12,229000
14637,0.000546,172.31.36.0-255,66,59827,12,229000
14638,0.000552,172.253.118.0-255,4320,64147,12,229000
14639,0.000555,172.31.36.0-255,66,64213,12,229000
14640,0.000566,172.253.118.0-255,5738,69951,12,229000
14641,0.000568,172.31.36.0-255,66,70017,12,229000
14642,0.000618,172.253.118.0-255,1484,71501,12,229000
14643,0.000635,172.253.118.0-255,3961,75462,12,229000
14644,0.000638,172.31.36.0-255,66,75528,12,229000
14645,0.000641,172.253.118.0-255,1484,77012,12,229000
14646,0.000667,172.253.118.0-255,4320,81332,12,229000
14647,0.00067,172.31.36.0-255,66,81398,12,229000
14648,0.000677,172.253.118.0-255,7156,88554,12,229000
14649,0.000687,172.31.36.0-255,66,88620,12,229000
14650,0.000719,172.253.118.0-255,3961,92581,12,229000
14651,0.000904,172.31.36.0-255,66,92647,12,229000
14652,0.000984,172.253.118.0-255,1484,94131,12,229000
14653,0.001001,172.253.118.0-255,2902,97033,12,229000
14654,0.001026,172.253.118.0-255,5738,102771,12,229000
14655,0.001033,172.31.36.0-255,66,102837,12,229000
14656,0.00109,172.253.118.0-255,5738,108575,12,229000
14657,0.001099,172.31.36.0-255,66,108641,12,229000
14658,0.001116,172.253.118.0-255,4320,112961,12,229000
14659,0.001134,172.31.36.0-255,66,113027,12,229000
14660,0.001158,172.253.118.0-255,5020,118047,12,229000
14661,0.001174,172.31.36.0-255,66,118113,12,229000
14662,0.001425,172.253.118.0-255,1484,119597,12,229000
14663,0.001432,172.253.118.0-255,2902,122499,12,229000
14664,0.001436,172.31.36.0-255,66,122565,12,229000
14665,0.001463,172.253.118.0-255,2902,125467,12,229000
14666,0.001468,172.253.118.0-255,4320,129787,12,229000
14667,0.001488,172.253.118.0-255,2902,132689,12,229000
14668,0.001492,172.253.118.0-255,2902,135591,12,229000
14669,0.001501,172.31.36.0-255,66,135657,12,229000
14670,0.001533,172.253.118.0-255,3602,139259,12,229000
14671,0.00156,172.31.36.0-255,66,139325,12,229000
14672,0.002165,172.253.118.0-255,1484,140809,12,229000
14673,0.002172,172.253.118.0-255,1484,142293,12,229000
14674,0.002175,172.31.36.0-255,66,142359,12,229000
14675,0.002187,172.253.118.0-255,1484,143843,12,229000
14676,0.002211,172.253.118.0-255,5738,149581,12,229000
14677,0.002213,172.31.36.0-255,66,149647,12,229000
14678,0.002222,172.253.118.0-255,7156,156803,12,229000
14679,0.002224,172.31.36.0-255,66,156869,12,229000
14680,0.002244,172.253.118.0-255,5738,162607,12,229000
14681,0.002246,172.31.36.0-255,66,162673,12,229000
14682,0.002293,172.31.36.0-255,66,162739,12,229000
14683,0.002298,172.253.118.0-255,2184,164923,12,229000
14684,0.0023,172.31.36.0-255,66,164989,12,229000
14685,0.002783,172.31.36.0-255,101,165090,12,229000
14686,0.004619,172.253.118.0-255,5738,170828,12,229000
14687,0.004626,172.31.36.0-255,66,170894,12,229000
14688,0.005026,172.253.118.0-255,66,170960,12,229000
14689,0.006915,172.253.118.0-255,5738,176698,12,229000
14690,0.006922,172.31.36.0-255,66,176764,12,229000
14691,0.009232,172.253.118.0-255,5738,182502,12,229000
14692,0.00924,172.31.36.0-255,66,182568,12,229000
14693,0.011562,172.253.118.0-255,5738,188306,12,229000
14694,0.01157,172.31.36.0-255,66,188372,12,229000
14695,0.013873,172.253.118.0-255,5738,194110,12,229000
14696,0.013886,172.31.36.0-255,66,194176,12,229000
14697,0.016177,172.253.118.0-255,5738,199914,12,229000
14698,0.016186,172.31.36.0-255,66,199980,12,229000
14699,0.018487,172.253.118.0-255,5738,205718,12,229000
14700,0.018498,172.31.36.0-255,66,205784,12,229000
14701,0.020809,172.253.118.0-255,5738,211522,12,229000
14702,0.020824,172.31.36.0-255,66,211588,12,229000
14703,0.023126,172.253.118.0-255,5738,217326,12,229000
14704,0.023134,172.31.36.0-255,66,217392,12,229000
14705,0.025422,172.253.118.0-255,5738,223130,12,229000
14706,0.02543,172.31.36.0-255,66,223196,12,229000
14707,0.027719,172.253.118.0-255,5738,228934,12,229000
14708,0.027729,172.31.36.0-255,66,229000,12,229000
14709,0.0,172.31.36.0-255,105,105,12,105
14710,0.0,74.125.68.0-255,153,153,12,191559
14711,3.7e-05,172.31.36.0-255,66,219,12,191559
14712,4.5e-05,74.125.68.0-255,1484,1703,12,191559
14713,4.9e-05,172.31.36.0-255,66,1769,12,191559
14714,5.4e-05,74.125.68.0-255,2902,4671,12,191559
14715,5.7e-05,172.31.36.0-255,66,4737,12,191559
14716,6.1e-05,74.125.68.0-255,2902,7639,12,191559
14717,6.3e-05,172.31.36.0-255,66,7705,12,191559
14718,8.6e-05,74.125.68.0-255,2902,10607,12,191559
14719,8.9e-05,172.31.36.0-255,66,10673,12,191559
14720,0.000115,74.125.68.0-255,6265,16938,12,191559
14721,0.000118,172.31.36.0-255,66,17004,12,191559
14722,0.000123,74.125.68.0-255,2902,19906,12,191559
14723,0.000126,172.31.36.0-255,66,19972,12,191559
14724,0.000152,74.125.68.0-255,4320,24292,12,191559
14725,0.000155,172.31.36.0-255,66,24358,12,191559
14726,0.000171,74.125.68.0-255,4320,28678,12,191559
14727,0.000175,172.31.36.0-255,66,28744,12,191559
14728,0.000189,74.125.68.0-255,1484,30228,12,191559
14729,0.000192,172.31.36.0-255,66,30294,12,191559
14730,0.000206,74.125.68.0-255,1125,31419,12,191559
14731,0.000208,172.31.36.0-255,66,31485,12,191559
14732,0.00047,74.125.68.0-255,1484,32969,12,191559
14733,0.000476,172.31.36.0-255,66,33035,12,191559
14734,0.000481,74.125.68.0-255,2902,35937,12,191559
14735,0.000484,172.31.36.0-255,66,36003,12,191559
14736,0.000496,74.125.68.0-255,1484,37487,12,191559
14737,0.000499,172.31.36.0-255,66,37553,12,191559
14738,0.00052,74.125.68.0-255,4320,41873,12,191559
14739,0.000522,172.31.36.0-255,66,41939,12,191559
14740,0.000525,74.125.68.0-255,1484,43423,12,191559
14741,0.000527,172.31.36.0-255,66,43489,12,191559
14742,0.000532,74.125.68.0-255,2902,46391,12,191559
14743,0.000534,172.31.36.0-255,66,46457,12,191559
14744,0.00057,74.125.68.0-255,3961,50418,12,191559
14745,0.000573,172.31.36.0-255,66,50484,12,191559
14746,0.000592,74.125.68.0-255,4320,54804,12,191559
14747,0.000595,172.31.36.0-255,66,54870,12,191559
14748,0.00063,74.125.68.0-255,5738,60608,12,191559
14749,0.000632,172.31.36.0-255,66,60674,12,191559
14750,0.000687,74.125.68.0-255,2902,63576,12,191559
14751,0.000691,172.31.36.0-255,66,63642,12,191559
14752,0.000711,74.125.68.0-255,2543,66185,12,191559
14753,0.000717,172.31.36.0-255,66,66251,12,191559
14754,0.000874,74.125.68.0-255,411,66662,12,191559
14755,0.000936,172.31.36.0-255,66,66728,12,191559
14756,0.001575,74.125.68.0-255,1484,68212,12,191559
14757,0.001588,74.125.68.0-255,2902,71114,12,191559
14758,0.001594,172.31.36.0-255,66,71180,12,191559
14759,0.001617,74.125.68.0-255,5738,76918,12,191559
14760,0.00162,172.31.36.0-255,66,76984,12,191559
14761,0.001623,74.125.68.0-255,1484,78468,12,191559
14762,0.001636,74.125.68.0-255,1484,79952,12,191559
14763,0.001638,172.31.36.0-255,66,80018,12,191559
14764,0.001662,74.125.68.0-255,1484,81502,12,191559
14765,0.001675,74.125.68.0-255,2902,84404,12,191559
14766,0.001678,172.31.36.0-255,66,84470,12,191559
14767,0.001708,74.125.68.0-255,1484,85954,12,191559
14768,0.001723,74.125.68.0-255,2902,88856,12,191559
14769,0.001725,172.31.36.0-255,66,88922,12,191559
14770,0.001753,74.125.68.0-255,4320,93242,12,191559
14771,0.001755,172.31.36.0-255,66,93308,12,191559
14772,0.001788,74.125.68.0-255,4320,97628,12,191559
14773,0.001791,172.31.36.0-255,66,97694,12,191559
14774,0.001806,74.125.68.0-255,2902,100596,12,191559
14775,0.001808,172.31.36.0-255,66,100662,12,191559
14776,0.001815,74.125.68.0-255,766,101428,12,191559
14777,0.002044,172.31.36.0-255,66,101494,12,191559
14778,0.002177,74.125.68.0-255,1484,102978,12,191559
14779,0.002206,74.125.68.0-255,2902,105880,12,191559
14780,0.00221,172.31.36.0-255,66,105946,12,191559
14781,0.002234,74.125.68.0-255,5738,111684,12,191559
14782,0.002237,172.31.36.0-255,66,111750,12,191559
14783,0.002262,74.125.68.0-255,5738,117488,12,191559
14784,0.002265,172.31.36.0-255,66,117554,12,191559
14785,0.002281,74.125.68.0-255,1484,119038,12,191559
14786,0.004492,74.125.68.0-255,4320,123358,12,191559
14787,0.004497,172.31.36.0-255,66,123424,12,191559
14788,0.006729,74.125.68.0-255,5738,129162,12,191559
14789,0.006735,172.31.36.0-255,66,129228,12,191559
14790,0.00899,74.125.68.0-255,5738,134966,12,191559
14791,0.009007,172.31.36.0-255,66,135032,12,191559
14792,0.011262,74.125.68.0-255,5738,140770,12,191559
14793,0.011277,172.31.36.0-255,66,140836,12,191559
14794,0.013528,74.125.68.0-255,5738,146574,12,191559
14795,0.013544,172.31.36.0-255,66,146640,12,191559
14796,0.015814,74.125.68.0-255,5738,152378,12,191559
14797,0.015826,172.31.36.0-255,66,152444,12,191559
14798,0.018077,74.125.68.0-255,5738,158182,12,191559
14799,0.01809,172.31.36.0-255,66,158248,12,191559
14800,0.020345,74.125.68.0-255,5738,163986,12,191559
14801,0.02036,172.31.36.0-255,66,164052,12,191559
14802,0.022614,74.125.68.0-255,5738,169790,12,191559
14803,0.022631,172.31.36.0-255,66,169856,12,191559
14804,0.024891,74.125.68.0-255,5738,175594,12,191559
14805,0.024906,172.31.36.0-255,66,175660,12,191559
14806,0.027158,74.125.68.0-255,5738,181398,12,191559
14807,0.027167,172.31.36.0-255,66,181464,12,191559
14808,0.02727,172.31.36.0-255,172,181636,12,191559
14809,0.027324,172.31.36.0-255,1107,182743,12,191559
14810,0.027625,172.31.36.0-255,1514,184257,12,191559
14811,0.027627,172.31.36.0-255,1300,185557,12,191559
14812,0.028835,104.244.42.0-255,66,185623,12,191559
14813,0.028861,104.244.42.0-255,66,185689,12,191559
14814,0.029193,104.244.42.0-255,66,185755,12,191559
14815,0.029409,74.125.68.0-255,5738,191493,12,191559
14816,0.029419,172.31.36.0-255,66,191559,12,191559
14817,0.0,74.125.24.0-255,148,148,12,128166
14818,3.1e-05,172.31.36.0-255,66,214,12,128166
14819,3.7e-05,74.125.24.0-255,1484,1698,12,128166
14820,4.1e-05,172.31.36.0-255,66,1764,12,128166
14821,4.5e-05,74.125.24.0-255,2902,4666,12,128166
14822,4.7e-05,172.31.36.0-255,66,4732,12,128166
14823,6.2e-05,74.125.24.0-255,7156,11888,12,128166
14824,6.4e-05,172.31.36.0-255,66,11954,12,128166
14825,6.8e-05,74.125.24.0-255,2087,14041,12,128166
14826,7e-05,172.31.36.0-255,66,14107,12,128166
14827,0.000106,74.125.24.0-255,2902,17009,12,128166
14828,0.000109,172.31.36.0-255,66,17075,12,128166
14829,0.000134,74.125.24.0-255,4320,21395,12,128166
14830,0.000136,172.31.36.0-255,66,21461,12,128166
14831,0.000142,74.125.24.0-255,5738,27199,12,128166
14832,0.000144,172.31.36.0-255,66,27265,12,128166
14833,0.000174,74.125.24.0-255,3961,31226,12,128166
14834,0.000177,172.31.36.0-255,66,31292,12,128166
14835,0.000245,74.125.24.0-255,1484,32776,12,128166
14836,0.000249,172.31.36.0-255,66,32842,12,128166
14837,0.000252,74.125.24.0-255,1484,34326,12,128166
14838,0.000254,172.31.36.0-255,66,34392,12,128166
14839,0.000273,74.125.24.0-255,1484,35876,12,128166
14840,0.000275,172.31.36.0-255,66,35942,12,128166
14841,0.000285,74.125.24.0-255,4320,40262,12,128166
14842,0.000287,172.31.36.0-255,66,40328,12,128166
14843,0.00033,172.31.36.0-255,66,40394,12,128166
14844,0.00034,172.31.36.0-255,66,40460,12,128166
14845,0.000371,74.125.24.0-255,5379,45839,12,128166
14846,0.000374,172.31.36.0-255,66,45905,12,128166
14847,0.002387,74.125.24.0-255,646,46551,12,128166
14848,0.002439,172.31.36.0-255,66,46617,12,128166
14849,0.002592,74.125.24.0-255,1484,48101,12,128166
14850,0.002611,74.125.24.0-255,2902,51003,12,128166
14851,0.002615,172.31.36.0-255,66,51069,12,128166
14852,0.004405,74.125.24.0-255,1484,52553,12,128166
14853,0.004561,74.125.24.0-255,4320,56873,12,128166
14854,0.004566,172.31.36.0-255,66,56939,12,128166
14855,0.006543,74.125.24.0-255,5738,62677,12,128166
14856,0.006549,172.31.36.0-255,66,62743,12,128166
14857,0.008542,74.125.24.0-255,5738,68481,12,128166
14858,0.008548,172.31.36.0-255,66,68547,12,128166
14859,0.010533,74.125.24.0-255,5738,74285,12,128166
14860,0.010541,172.31.36.0-255,66,74351,12,128166
14861,0.012525,74.125.24.0-255,4320,78671,12,128166
14862,0.012532,172.31.36.0-255,66,78737,12,128166
14863,0.012562,74.125.24.0-255,1484,80221,12,128166
14864,0.014502,74.125.24.0-255,4320,84541,12,128166
14865,0.014513,172.31.36.0-255,66,84607,12,128166
14866,0.016509,74.125.24.0-255,5738,90345,12,128166
14867,0.016518,172.31.36.0-255,66,90411,12,128166
14868,0.018489,74.125.24.0-255,5738,96149,12,128166
14869,0.018496,172.31.36.0-255,66,96215,12,128166
14870,0.020466,74.125.24.0-255,5738,101953,12,128166
14871,0.020492,172.31.36.0-255,66,102019,12,128166
14872,0.022445,74.125.24.0-255,5738,107757,12,128166
14873,0.022452,172.31.36.0-255,66,107823,12,128166
14874,0.022766,172.31.36.0-255,164,107987,12,128166
14875,0.022808,172.31.36.0-255,1115,109102,12,128166
14876,0.022885,172.31.36.0-255,1514,110616,12,128166
14877,0.022888,172.31.36.0-255,1292,111908,12,128166
14878,0.024311,104.244.42.0-255,66,111974,12,128166
14879,0.024405,104.244.42.0-255,66,112040,12,128166
14880,0.024422,74.125.24.0-255,4320,116360,12,128166
14881,0.024426,172.31.36.0-255,66,116426,12,128166
14882,0.024451,104.244.42.0-255,66,116492,12,128166
14883,0.02451,74.125.24.0-255,1484,117976,12,128166
14884,0.026386,74.125.24.0-255,4320,122296,12,128166
14885,0.026391,172.31.36.0-255,66,122362,12,128166
14886,0.028324,74.125.24.0-255,5738,128100,12,128166
14887,0.028329,172.31.36.0-255,66,128166,12,128166
14888,0.0,74.125.200.0-255,153,153,12,250375
14889,1.6e-05,172.31.36.0-255,66,219,12,250375
14890,2.3e-05,74.125.200.0-255,1484,1703,12,250375
14891,2.9e-05,172.31.36.0-255,66,1769,12,250375
14892,3.2e-05,74.125.200.0-255,1484,3253,12,250375
14893,4.3e-05,172.31.36.0-255,66,3319,12,250375
14894,5e-05,74.125.200.0-255,2902,6221,12,250375
14895,5.3e-05,172.31.36.0-255,66,6287,12,250375
14896,6.1e-05,74.125.200.0-255,5738,12025,12,250375
14897,6.5e-05,172.31.36.0-255,66,12091,12,250375
14898,0.00011,172.31.36.0-255,66,12157,12,250375
14899,0.000121,172.31.36.0-255,66,12223,12,250375
14900,0.000131,74.125.200.0-255,2543,14766,12,250375
14901,0.000133,172.31.36.0-255,66,14832,12,250375
14902,0.000592,74.125.200.0-255,1484,16316,12,250375
14903,0.000598,172.31.36.0-255,66,16382,12,250375
14904,0.000605,74.125.200.0-255,2902,19284,12,250375
14905,0.000608,172.31.36.0-255,66,19350,12,250375
14906,0.000621,74.125.200.0-255,5738,25088,12,250375
14907,0.000624,172.31.36.0-255,66,25154,12,250375
14908,0.000628,74.125.200.0-255,2902,28056,12,250375
14909,0.00063,172.31.36.0-255,66,28122,12,250375
14910,0.000665,74.125.200.0-255,3961,32083,12,250375
14911,0.000668,172.31.36.0-255,66,32149,12,250375
14912,0.000677,74.125.200.0-255,1484,33633,12,250375
14913,0.000679,172.31.36.0-255,66,33699,12,250375
14914,0.000717,74.125.200.0-255,7156,40855,12,250375
14915,0.000721,172.31.36.0-255,66,40921,12,250375
14916,0.000747,172.31.36.0-255,66,40987,12,250375
14917,0.000751,74.125.200.0-255,116,41103,12,250375
14918,0.000838,74.125.200.0-255,1484,42587,12,250375
14919,0.000842,172.31.36.0-255,66,42653,12,250375
14920,0.000847,74.125.200.0-255,2902,45555,12,250375
14921,0.000849,172.31.36.0-255,66,45621,12,250375
14922,0.00088,74.125.200.0-255,5738,51359,12,250375
14923,0.000885,172.31.36.0-255,66,51425,12,250375
14924,0.000912,74.125.200.0-255,6797,58222,12,250375
14925,0.000915,172.31.36.0-255,66,58288,12,250375
14926,0.000946,74.125.200.0-255,7156,65444,12,250375
14927,0.000949,172.31.36.0-255,66,65510,12,250375
14928,0.000975,74.125.200.0-255,1484,66994,12,250375
14929,0.001023,74.125.200.0-255,1484,68478,12,250375
14930,0.001028,172.31.36.0-255,66,68544,12,250375
14931,0.001041,74.125.200.0-255,2902,71446,12,250375
14932,0.001048,172.31.36.0-255,66,71512,12,250375
14933,0.001089,74.125.200.0-255,3961,75473,12,250375
14934,0.001093,172.31.36.0-255,66,75539,12,250375
14935,0.001169,74.125.200.0-255,1484,77023,12,250375
14936,0.001186,74.125.200.0-255,2902,79925,12,250375
14937,0.001189,172.31.36.0-255,66,79991,12,250375
14938,0.00123,74.125.200.0-255,5738,85729,12,250375
14939,0.001233,172.31.36.0-255,66,85795,12,250375
14940,0.001246,172.31.36.0-255,66,85861,12,250375
14941,0.001267,74.125.200.0-255,2902,88763,12,250375
14942,0.001277,74.125.200.0-255,5738,94501,12,250375
14943,0.001281,172.31.36.0-255,66,94567,12,250375
14944,0.001285,172.31.36.0-255,66,94633,12,250375
14945,0.001309,74.125.200.0-255,5020,99653,12,250375
14946,0.001316,172.31.36.0-255,66,99719,12,250375
14947,0.001364,74.125.200.0-255,1484,101203,12,250375
14948,0.001368,74.125.200.0-255,1484,102687,12,250375
14949,0.001372,172.31.36.0-255,66,102753,12,250375
14950,0.001395,74.125.200.0-255,1484,104237,12,250375
14951,0.001403,74.125.200.0-255,5738,109975,12,250375
14952,0.001406,172.31.36.0-255,66,110041,12,250375
14953,0.001409,74.125.200.0-255,1484,111525,12,250375
14954,0.001433,74.125.200.0-255,2902,114427,12,250375
14955,0.001435,172.31.36.0-255,66,114493,12,250375
14956,0.001463,74.125.200.0-255,5738,120231,12,250375
14957,0.001466,172.31.36.0-255,66,120297,12,250375
14958,0.001474,74.125.200.0-255,7156,127453,12,250375
14959,0.001476,172.31.36.0-255,66,127519,12,250375
14960,0.001512,74.125.200.0-255,6438,133957,12,250375
14961,0.001515,172.31.36.0-255,66,134023,12,250375
14962,0.001546,74.125.200.0-255,7156,141179,12,250375
14963,0.001549,172.31.36.0-255,66,141245,12,250375
14964,0.001552,74.125.200.0-255,1484,142729,12,250375
14965,0.001601,172.31.36.0-255,66,142795,12,250375
14966,0.001608,74.125.200.0-255,5738,148533,12,250375
14967,0.00161,172.31.36.0-255,66,148599,12,250375
14968,0.001614,74.125.200.0-255,1484,150083,12,250375
14969,0.001642,74.125.200.0-255,5738,155821,12,250375
14970,0.001645,172.31.36.0-255,66,155887,12,250375
14971,0.001663,74.125.200.0-255,5738,161625,12,250375
14972,0.001667,172.31.36.0-255,66,161691,12,250375
14973,0.001697,74.125.200.0-255,2184,163875,12,250375
14974,0.0017,172.31.36.0-255,66,163941,12,250375
14975,0.00171,172.31.36.0-255,66,164007,12,250375
14976,0.001727,172.31.36.0-255,66,164073,12,250375
14977,0.001793,172.31.36.0-255,66,164139,12,250375
14978,0.002095,74.125.200.0-255,1484,165623,12,250375
14979,0.002136,74.125.200.0-255,1484,167107,12,250375
14980,0.00214,172.31.36.0-255,66,167173,12,250375
14981,0.002145,74.125.200.0-255,1484,168657,12,250375
14982,0.002167,74.125.200.0-255,1484,170141,12,250375
14983,0.002169,172.31.36.0-255,66,170207,12,250375
14984,0.002172,74.125.200.0-255,1484,171691,12,250375
14985,0.002177,74.125.200.0-255,2902,174593,12,250375
14986,0.002179,172.31.36.0-255,66,174659,12,250375
14987,0.002184,74.125.200.0-255,2902,177561,12,250375
14988,0.002186,172.31.36.0-255,66,177627,12,250375
14989,0.002222,74.125.200.0-255,2902,180529,12,250375
14990,0.002225,172.31.36.0-255,66,180595,12,250375
14991,0.002242,172.31.36.0-255,66,180661,12,250375
14992,0.002282,172.31.36.0-255,66,180727,12,250375
14993,0.004535,74.125.200.0-255,5738,186465,12,250375
14994,0.004544,172.31.36.0-255,66,186531,12,250375
14995,0.006786,74.125.200.0-255,5738,192269,12,250375
14996,0.006789,172.31.36.0-255,66,192335,12,250375
14997,0.00905,74.125.200.0-255,5738,198073,12,250375
14998,0.009056,172.31.36.0-255,66,198139,12,250375
14999,0.011313,74.125.200.0-255,5738,203877,12,250375
15000,0.011321,172.31.36.0-255,66,203943,12,250375
15001,0.01358,74.125.200.0-255,5738,209681,12,250375
15002,0.013589,172.31.36.0-255,66,209747,12,250375
15003,0.015843,74.125.200.0-255,5738,215485,12,250375
15004,0.015853,172.31.36.0-255,66,215551,12,250375
15005,0.018126,74.125.200.0-255,5738,221289,12,250375
15006,0.018137,172.31.36.0-255,66,221355,12,250375
15007,0.020392,74.125.200.0-255,5738,227093,12,250375
15008,0.020401,172.31.36.0-255,66,227159,12,250375
15009,0.022669,74.125.200.0-255,5738,232897,12,250375
15010,0.022679,172.31.36.0-255,66,232963,12,250375
15011,0.024954,74.125.200.0-255,5738,238701,12,250375
15012,0.02496,172.31.36.0-255,66,238767,12,250375
15013,0.027215,74.125.200.0-255,5738,244505,12,250375
15014,0.027222,172.31.36.0-255,66,244571,12,250375
15015,0.029487,74.125.200.0-255,5738,250309,12,250375
15016,0.029495,172.31.36.0-255,66,250375,12,250375
15017,0.0,74.125.24.0-255,374,374,12,109649
15018,2.6e-05,172.31.36.0-255,66,440,12,109649
15019,3.3e-05,74.125.24.0-255,1484,1924,12,109649
15020,3.8e-05,172.31.36.0-255,66,1990,12,109649
15021,7.9e-05,74.125.24.0-255,4320,6310,12,109649
15022,8.2e-05,172.31.36.0-255,66,6376,12,109649
15023,0.000233,74.125.24.0-255,4320,10696,12,109649
15024,0.000238,172.31.36.0-255,66,10762,12,109649
15025,0.000267,74.125.24.0-255,4702,15464,12,109649
15026,0.00027,172.31.36.0-255,66,15530,12,109649
15027,0.000612,172.31.36.0-255,66,15596,12,109649
15028,0.000644,74.125.24.0-255,6797,22393,12,109649
15029,0.000649,172.31.36.0-255,66,22459,12,109649
15030,0.001248,74.125.24.0-255,5738,28197,12,109649
15031,0.001257,172.31.36.0-255,66,28263,12,109649
15032,0.002087,74.125.24.0-255,2902,31165,12,109649
15033,0.002091,172.31.36.0-255,66,31231,12,109649
15034,0.003329,74.125.24.0-255,2902,34133,12,109649
15035,0.003336,172.31.36.0-255,66,34199,12,109649
15036,0.004144,74.125.24.0-255,2902,37101,12,109649
15037,0.004149,172.31.36.0-255,66,37167,12,109649
15038,0.005419,74.125.24.0-255,2902,40069,12,109649
15039,0.005432,172.31.36.0-255,66,40135,12,109649
15040,0.006199,74.125.24.0-255,2902,43037,12,109649
15041,0.006206,172.31.36.0-255,66,43103,12,109649
15042,0.007517,74.125.24.0-255,2902,46005,12,109649
15043,0.007526,172.31.36.0-255,66,46071,12,109649
15044,0.008285,74.125.24.0-255,2902,48973,12,109649
15045,0.008294,172.31.36.0-255,66,49039,12,109649
15046,0.009596,74.125.24.0-255,2902,51941,12,109649
15047,0.009605,172.31.36.0-255,66,52007,12,109649
15048,0.010351,74.125.24.0-255,2902,54909,12,109649
15049,0.010358,172.31.36.0-255,66,54975,12,109649
15050,0.011676,74.125.24.0-255,2902,57877,12,109649
15051,0.011687,172.31.36.0-255,66,57943,12,109649
15052,0.012428,74.125.24.0-255,2902,60845,12,109649
15053,0.012435,172.31.36.0-255,66,60911,12,109649
15054,0.013764,74.125.24.0-255,2902,63813,12,109649
15055,0.013774,172.31.36.0-255,66,63879,12,109649
15056,0.014497,74.125.24.0-255,2902,66781,12,109649
15057,0.014506,172.31.36.0-255,66,66847,12,109649
15058,0.015823,74.125.24.0-255,2902,69749,12,109649
15059,0.015831,172.31.36.0-255,66,69815,12,109649
15060,0.016556,74.125.24.0-255,2902,72717,12,109649
15061,0.016565,172.31.36.0-255,66,72783,12,109649
15062,0.01789,74.125.24.0-255,2902,75685,12,109649
15063,0.0179,172.31.36.0-255,66,75751,12,109649
15064,0.018629,74.125.24.0-255,2902,78653,12,109649
15065,0.018637,172.31.36.0-255,66,78719,12,109649
15066,0.019955,74.125.24.0-255,2902,81621,12,109649
15067,0.019963,172.31.36.0-255,66,81687,12,109649
15068,0.020708,74.125.24.0-255,2902,84589,12,109649
15069,0.020715,172.31.36.0-255,66,84655,12,109649
15070,0.022013,74.125.24.0-255,2902,87557,12,109649
15071,0.02202,172.31.36.0-255,66,87623,12,109649
15072,0.022771,74.125.24.0-255,2902,90525,12,109649
15073,0.022779,172.31.36.0-255,66,90591,12,109649
15074,0.024113,74.125.24.0-255,2902,93493,12,109649
15075,0.024118,172.31.36.0-255,66,93559,12,109649
15076,0.02487,74.125.24.0-255,2902,96461,12,109649
15077,0.024876,172.31.36.0-255,66,96527,12,109649
15078,0.026169,74.125.24.0-255,2902,99429,12,109649
15079,0.026176,172.31.36.0-255,66,99495,12,109649
15080,0.026917,74.125.24.0-255,2902,102397,12,109649
15081,0.026922,172.31.36.0-255,66,102463,12,109649
15082,0.028236,74.125.24.0-255,2902,105365,12,109649
15083,0.028243,172.31.36.0-255,66,105431,12,109649
15084,0.02898,74.125.24.0-255,2902,108333,12,109649
15085,0.028986,172.31.36.0-255,66,108399,12,109649
15086,0.029589,172.31.36.0-255,172,108571,12,109649
15087,0.029631,172.31.36.0-255,1078,109649,12,109649
15088,0.0,172.217.194.0-255,153,153,12,192333
15089,3.2e-05,172.31.36.0-255,66,219,12,192333
15090,4e-05,172.217.194.0-255,1484,1703,12,192333
15091,4.4e-05,172.31.36.0-255,66,1769,12,192333
15092,4.9e-05,172.217.194.0-255,2902,4671,12,192333
15093,5.2e-05,172.31.36.0-255,66,4737,12,192333
15094,5.9e-05,172.217.194.0-255,7156,11893,12,192333
15095,6.1e-05,172.31.36.0-255,66,11959,12,192333
15096,6.7e-05,172.217.194.0-255,4854,16813,12,192333
15097,6.9e-05,172.31.36.0-255,66,16879,12,192333
15098,0.000139,172.31.36.0-255,66,16945,12,192333
15099,0.000266,172.217.194.0-255,1484,18429,12,192333
15100,0.000271,172.217.194.0-255,2902,21331,12,192333
15101,0.000272,172.31.36.0-255,66,21397,12,192333
15102,0.000274,172.217.194.0-255,2902,24299,12,192333
15103,0.000276,172.31.36.0-255,66,24365,12,192333
15104,0.000279,172.31.36.0-255,66,24431,12,192333
15105,0.000309,172.217.194.0-255,2902,27333,12,192333
15106,0.000313,172.31.36.0-255,66,27399,12,192333
15107,0.000333,172.217.194.0-255,6797,34196,12,192333
15108,0.000336,172.31.36.0-255,66,34262,12,192333
15109,0.000663,172.217.194.0-255,1484,35746,12,192333
15110,0.000667,172.217.194.0-255,1484,37230,12,192333
15111,0.000668,172.31.36.0-255,66,37296,12,192333
15112,0.000672,172.31.36.0-255,66,37362,12,192333
15113,0.00068,172.217.194.0-255,1484,38846,12,192333
15114,0.000683,172.31.36.0-255,66,38912,12,192333
15115,0.000697,172.217.194.0-255,2902,41814,12,192333
15116,0.0007,172.31.36.0-255,66,41880,12,192333
15117,0.000723,172.217.194.0-255,2902,44782,12,192333
15118,0.000726,172.31.36.0-255,66,44848,12,192333
15119,0.000749,172.217.194.0-255,7108,51956,12,192333
15120,0.000751,172.31.36.0-255,66,52022,12,192333
15121,0.001034,172.217.194.0-255,1484,53506,12,192333
15122,0.001044,172.217.194.0-255,2902,56408,12,192333
15123,0.001048,172.31.36.0-255,66,56474,12,192333
15124,0.001056,172.217.194.0-255,5738,62212,12,192333
15125,0.001059,172.31.36.0-255,66,62278,12,192333
15126,0.001096,172.31.36.0-255,66,62344,12,192333
15127,0.001108,172.31.36.0-255,66,62410,12,192333
15128,0.001132,172.217.194.0-255,2184,64594,12,192333
15129,0.001134,172.31.36.0-255,66,64660,12,192333
15130,0.001137,172.217.194.0-255,365,65025,12,192333
15131,0.001596,172.217.194.0-255,1484,66509,12,192333
15132,0.001603,172.31.36.0-255,66,66575,12,192333
15133,0.001609,172.217.194.0-255,2902,69477,12,192333
15134,0.001611,172.31.36.0-255,66,69543,12,192333
15135,0.001617,172.217.194.0-255,5738,75281,12,192333
15136,0.001619,172.31.36.0-255,66,75347,12,192333
15137,0.001655,172.31.36.0-255,66,75413,12,192333
15138,0.001661,172.217.194.0-255,5738,81151,12,192333
15139,0.001663,172.31.36.0-255,66,81217,12,192333
15140,0.001685,172.217.194.0-255,1484,82701,12,192333
15141,0.001713,172.217.194.0-255,3602,86303,12,192333
15142,0.001716,172.31.36.0-255,66,86369,12,192333
15143,0.001916,172.217.194.0-255,1484,87853,12,192333
15144,0.001919,172.217.194.0-255,1484,89337,12,192333
15145,0.001921,172.31.36.0-255,66,89403,12,192333
15146,0.001934,172.217.194.0-255,1484,90887,12,192333
15147,0.00195,172.217.194.0-255,5738,96625,12,192333
15148,0.001953,172.31.36.0-255,66,96691,12,192333
15149,0.00196,172.217.194.0-255,7156,103847,12,192333
15150,0.001962,172.31.36.0-255,66,103913,12,192333
15151,0.001997,172.31.36.0-255,66,103979,12,192333
15152,0.002014,172.217.194.0-255,2902,106881,12,192333
15153,0.002016,172.31.36.0-255,66,106947,12,192333
15154,0.002021,172.217.194.0-255,2184,109131,12,192333
15155,0.002023,172.31.36.0-255,66,109197,12,192333
15156,0.002254,172.217.194.0-255,1484,110681,12,192333
15157,0.002268,172.217.194.0-255,2902,113583,12,192333
15158,0.00227,172.31.36.0-255,66,113649,12,192333
15159,0.002276,172.217.194.0-255,4320,117969,12,192333
15160,0.002278,172.31.36.0-255,66,118035,12,192333
15161,0.002302,172.217.194.0-255,1484,119519,12,192333
15162,0.002312,172.31.36.0-255,66,119585,12,192333
15163,0.002334,172.217.194.0-255,4320,123905,12,192333
15164,0.002336,172.31.36.0-255,66,123971,12,192333
15165,0.002346,172.31.36.0-255,66,124037,12,192333
15166,0.004642,172.217.194.0-255,5738,129775,12,192333
15167,0.004651,172.31.36.0-255,66,129841,12,192333
15168,0.006908,172.217.194.0-255,5738,135579,12,192333
15169,0.006913,172.31.36.0-255,66,135645,12,192333
15170,0.00922,172.217.194.0-255,5738,141383,12,192333
15171,0.009227,172.31.36.0-255,66,141449,12,192333
15172,0.011625,172.217.194.0-255,5738,147187,12,192333
15173,0.011632,172.31.36.0-255,66,147253,12,192333
15174,0.013946,172.217.194.0-255,5738,152991,12,192333
15175,0.013954,172.31.36.0-255,66,153057,12,192333
15176,0.016252,172.217.194.0-255,5738,158795,12,192333
15177,0.016264,172.31.36.0-255,66,158861,12,192333
15178,0.018567,172.217.194.0-255,5738,164599,12,192333
15179,0.018578,172.31.36.0-255,66,164665,12,192333
15180,0.020834,172.217.194.0-255,5738,170403,12,192333
15181,0.020843,172.31.36.0-255,66,170469,12,192333
15182,0.023138,172.217.194.0-255,4320,174789,12,192333
15183,0.023144,172.31.36.0-255,66,174855,12,192333
15184,0.023178,172.217.194.0-255,1484,176339,12,192333
15185,0.02541,172.217.194.0-255,4320,180659,12,192333
15186,0.025416,172.31.36.0-255,66,180725,12,192333
15187,0.027709,172.217.194.0-255,5738,186463,12,192333
15188,0.027716,172.31.36.0-255,66,186529,12,192333
15189,0.029964,172.217.194.0-255,5738,192267,12,192333
15190,0.029971,172.31.36.0-255,66,192333,12,192333
15191,0.0,172.217.194.0-255,161,161,12,218755
15192,1.1e-05,172.31.36.0-255,66,227,12,218755
15193,1.6e-05,172.217.194.0-255,1484,1711,12,218755
15194,1.9e-05,172.31.36.0-255,66,1777,12,218755
15195,3.5e-05,172.217.194.0-255,2902,4679,12,218755
15196,3.7e-05,172.31.36.0-255,66,4745,12,218755
15197,4.2e-05,172.217.194.0-255,4320,9065,12,218755
15198,4.4e-05,172.31.36.0-255,66,9131,12,218755
15199,6.3e-05,172.217.194.0-255,2902,12033,12,218755
15200,6.5e-05,172.31.36.0-255,66,12099,12,218755
15201,6.9e-05,172.217.194.0-255,2902,15001,12,218755
15202,7e-05,172.31.36.0-255,66,15067,12,218755
15203,8.9e-05,172.217.194.0-255,4885,19952,12,218755
15204,9.1e-05,172.31.36.0-255,66,20018,12,218755
15205,9.5e-05,172.217.194.0-255,4320,24338,12,218755
15206,9.7e-05,172.31.36.0-255,66,24404,12,218755
15207,0.000118,172.217.194.0-255,6797,31201,12,218755
15208,0.00012,172.31.36.0-255,66,31267,12,218755
15209,0.00015,172.217.194.0-255,1484,32751,12,218755
15210,0.000152,172.31.36.0-255,66,32817,12,218755
15211,0.000175,172.217.194.0-255,2902,35719,12,218755
15212,0.000178,172.31.36.0-255,66,35785,12,218755
15213,0.000184,172.217.194.0-255,5738,41523,12,218755
15214,0.000186,172.31.36.0-255,66,41589,12,218755
15215,0.00023,172.31.36.0-255,66,41655,12,218755
15216,0.000246,172.217.194.0-255,1484,43139,12,218755
15217,0.000248,172.31.36.0-255,66,43205,12,218755
15218,0.000274,172.31.36.0-255,66,43271,12,218755
15219,0.000277,172.217.194.0-255,98,43369,12,218755
15220,0.000279,172.31.36.0-255,66,43435,12,218755
15221,0.000362,172.217.194.0-255,1484,44919,12,218755
15222,0.000367,172.217.194.0-255,2902,47821,12,218755
15223,0.00037,172.31.36.0-255,66,47887,12,218755
15224,0.000373,172.217.194.0-255,1484,49371,12,218755
15225,0.000387,172.217.194.0-255,4320,53691,12,218755
15226,0.000389,172.31.36.0-255,66,53757,12,218755
15227,0.000415,172.31.36.0-255,66,53823,12,218755
15228,0.000417,172.217.194.0-255,1484,55307,12,218755
15229,0.000441,172.217.194.0-255,7156,62463,12,218755
15230,0.000443,172.31.36.0-255,66,62529,12,218755
15231,0.00049,172.217.194.0-255,5738,68267,12,218755
15232,0.000492,172.31.36.0-255,66,68333,12,218755
15233,0.000513,172.217.194.0-255,3680,72013,12,218755
15234,0.000515,172.31.36.0-255,66,72079,12,218755
15235,0.000525,172.31.36.0-255,66,72145,12,218755
15236,0.000529,172.217.194.0-255,3961,76106,12,218755
15237,0.000531,172.31.36.0-255,66,76172,12,218755
15238,0.000583,172.217.194.0-255,1484,77656,12,218755
15239,0.000598,172.217.194.0-255,2902,80558,12,218755
15240,0.000601,172.31.36.0-255,66,80624,12,218755
15241,0.000605,172.217.194.0-255,4320,84944,12,218755
15242,0.000608,172.31.36.0-255,66,85010,12,218755
15243,0.00062,172.217.194.0-255,2902,87912,12,218755
15244,0.000622,172.31.36.0-255,66,87978,12,218755
15245,0.000645,172.217.194.0-255,5738,93716,12,218755
15246,0.000648,172.31.36.0-255,66,93782,12,218755
15247,0.000665,172.217.194.0-255,1484,95266,12,218755
15248,0.00068,172.217.194.0-255,5738,101004,12,218755
15249,0.000683,172.31.36.0-255,66,101070,12,218755
15250,0.000712,172.31.36.0-255,66,101136,12,218755
15251,0.000868,172.217.194.0-255,1484,102620,12,218755
15252,0.000884,172.217.194.0-255,2902,105522,12,218755
15253,0.000887,172.31.36.0-255,66,105588,12,218755
15254,0.000891,172.217.194.0-255,1484,107072,12,218755
15255,0.000908,172.217.194.0-255,4320,111392,12,218755
15256,0.00091,172.31.36.0-255,66,111458,12,218755
15257,0.000912,172.217.194.0-255,1484,112942,12,218755
15258,0.000932,172.217.194.0-255,5738,118680,12,218755
15259,0.000934,172.31.36.0-255,66,118746,12,218755
15260,0.000966,172.217.194.0-255,5738,124484,12,218755
15261,0.000969,172.31.36.0-255,66,124550,12,218755
15262,0.000976,172.217.194.0-255,7156,131706,12,218755
15263,0.000978,172.31.36.0-255,66,131772,12,218755
15264,0.000991,172.217.194.0-255,3602,135374,12,218755
15265,0.000993,172.31.36.0-255,66,135440,12,218755
15266,0.001054,172.217.194.0-255,1484,136924,12,218755
15267,0.001068,172.217.194.0-255,2902,139826,12,218755
15268,0.001071,172.31.36.0-255,66,139892,12,218755
15269,0.001077,172.217.194.0-255,4320,144212,12,218755
15270,0.001078,172.31.36.0-255,66,144278,12,218755
15271,0.001093,172.217.194.0-255,1484,145762,12,218755
15272,0.001104,172.31.36.0-255,66,145828,12,218755
15273,0.001131,172.217.194.0-255,2902,148730,12,218755
15274,0.001134,172.31.36.0-255,66,148796,12,218755
15275,0.001144,172.31.36.0-255,66,148862,12,218755
15276,0.001302,172.217.194.0-255,1484,150346,12,218755
15277,0.001313,172.217.194.0-255,1484,151830,12,218755
15278,0.001315,172.31.36.0-255,66,151896,12,218755
15279,0.00132,172.217.194.0-255,2902,154798,12,218755
15280,0.001322,172.31.36.0-255,66,154864,12,218755
15281,0.00134,172.217.194.0-255,5738,160602,12,218755
15282,0.001342,172.31.36.0-255,66,160668,12,218755
15283,0.001381,172.31.36.0-255,66,160734,12,218755
15284,0.001408,172.31.36.0-255,66,160800,12,218755
15285,0.001423,172.217.194.0-255,1484,162284,12,218755
15286,0.00144,172.217.194.0-255,2902,165186,12,218755
15287,0.001443,172.31.36.0-255,66,165252,12,218755
15288,0.001446,172.217.194.0-255,1484,166736,12,218755
15289,0.001468,172.217.194.0-255,4320,171056,12,218755
15290,0.001472,172.31.36.0-255,66,171122,12,218755
15291,0.001485,172.31.36.0-255,66,171188,12,218755
15292,0.001513,172.217.194.0-255,2902,174090,12,218755
15293,0.001518,172.217.194.0-255,5738,179828,12,218755
15294,0.001555,172.31.36.0-255,66,179894,12,218755
15295,0.001567,172.31.36.0-255,66,179960,12,218755
15296,0.001573,172.217.194.0-255,5020,184980,12,218755
15297,0.001576,172.31.36.0-255,66,185046,12,218755
15298,0.001599,172.217.194.0-255,1484,186530,12,218755
15299,0.001604,172.217.194.0-255,2902,189432,12,218755
15300,0.001607,172.31.36.0-255,66,189498,12,218755
15301,0.00161,172.217.194.0-255,1484,190982,12,218755
15302,0.001634,172.217.194.0-255,4320,195302,12,218755
15303,0.001637,172.31.36.0-255,66,195368,12,218755
15304,0.001641,172.217.194.0-255,1484,196852,12,218755
15305,0.00167,172.31.36.0-255,66,196918,12,218755
15306,0.001689,172.217.194.0-255,1484,198402,12,218755
15307,0.001715,172.31.36.0-255,66,198468,12,218755
15308,0.001749,172.31.36.0-255,66,198534,12,218755
15309,0.001761,172.31.36.0-255,66,198600,12,218755
15310,0.001813,172.31.36.0-255,66,198666,12,218755
15311,0.001828,172.217.194.0-255,6438,205104,12,218755
15312,0.001832,172.31.36.0-255,66,205170,12,218755
15313,0.001847,172.31.36.0-255,66,205236,12,218755
15314,0.001852,172.217.194.0-255,5738,210974,12,218755
15315,0.001855,172.31.36.0-255,66,211040,12,218755
15316,0.001895,172.31.36.0-255,66,211106,12,218755
15317,0.001898,172.217.194.0-255,1484,212590,12,218755
15318,0.001933,172.31.36.0-255,66,212656,12,218755
15319,0.001958,172.217.194.0-255,5691,218347,12,218755
15320,0.001962,172.31.36.0-255,66,218413,12,218755
15321,0.001965,172.217.194.0-255,105,218518,12,218755
15322,0.01737,172.31.36.0-255,66,218584,12,218755
15323,0.017412,172.31.36.0-255,105,218689,12,218755
15324,0.019697,172.217.194.0-255,66,218755,12,218755
15325,0.0,172.31.36.0-255,130,130,12,1625
15326,0.00056,172.31.36.0-255,236,366,12,1625
15327,0.000591,172.31.36.0-255,369,735,12,1625
15328,0.002845,74.125.130.0-255,630,1365,12,1625
15329,0.003037,172.31.36.0-255,97,1462,12,1625
15330,0.003124,74.125.130.0-255,97,1559,12,1625
15331,0.010125,74.125.130.0-255,66,1625,12,1625
15332,0.0,172.217.194.0-255,156,156,12,153458
15333,1.8e-05,172.31.36.0-255,66,222,12,153458
15334,3.8e-05,172.217.194.0-255,1484,1706,12,153458
15335,5e-05,172.31.36.0-255,66,1772,12,153458
15336,8e-05,172.217.194.0-255,2902,4674,12,153458
15337,8.3e-05,172.31.36.0-255,66,4740,12,153458
15338,8.9e-05,172.217.194.0-255,4320,9060,12,153458
15339,9.2e-05,172.31.36.0-255,66,9126,12,153458
15340,0.000123,172.217.194.0-255,4876,14002,12,153458
15341,0.000126,172.31.36.0-255,66,14068,12,153458
15342,0.000152,172.217.194.0-255,2902,16970,12,153458
15343,0.000154,172.31.36.0-255,66,17036,12,153458
15344,0.000179,172.217.194.0-255,2902,19938,12,153458
15345,0.000182,172.31.36.0-255,66,20004,12,153458
15346,0.000189,172.217.194.0-255,7156,27160,12,153458
15347,0.000193,172.31.36.0-255,66,27226,12,153458
15348,0.000229,172.217.194.0-255,3961,31187,12,153458
15349,0.000231,172.31.36.0-255,66,31253,12,153458
15350,0.000266,172.217.194.0-255,1484,32737,12,153458
15351,0.000268,172.31.36.0-255,66,32803,12,153458
15352,0.000295,172.217.194.0-255,2902,35705,12,153458
15353,0.000297,172.31.36.0-255,66,35771,12,153458
15354,0.000317,172.217.194.0-255,5738,41509,12,153458
15355,0.000323,172.31.36.0-255,66,41575,12,153458
15356,0.000355,172.217.194.0-255,2902,44477,12,153458
15357,0.000357,172.31.36.0-255,66,44543,12,153458
15358,0.000389,172.217.194.0-255,3961,48504,12,153458
15359,0.000392,172.31.36.0-255,66,48570,12,153458
15360,0.0004,172.217.194.0-255,7156,55726,12,153458
15361,0.000402,172.31.36.0-255,66,55792,12,153458
15362,0.000418,172.31.36.0-255,66,55858,12,153458
15363,0.000421,172.217.194.0-255,1379,57237,12,153458
15364,0.000448,172.217.194.0-255,113,57350,12,153458
15365,0.000464,172.217.194.0-255,386,57736,12,153458
15366,0.000467,172.31.36.0-255,66,57802,12,153458
15367,0.001043,172.217.194.0-255,1484,59286,12,153458
15368,0.00105,172.217.194.0-255,2902,62188,12,153458
15369,0.001054,172.31.36.0-255,66,62254,12,153458
15370,0.00106,172.217.194.0-255,2902,65156,12,153458
15371,0.001062,172.31.36.0-255,66,65222,12,153458
15372,0.001085,172.217.194.0-255,2902,68124,12,153458
15373,0.001088,172.31.36.0-255,66,68190,12,153458
15374,0.001099,172.217.194.0-255,7156,75346,12,153458
15375,0.001102,172.31.36.0-255,66,75412,12,153458
15376,0.001105,172.217.194.0-255,1484,76896,12,153458
15377,0.001154,172.31.36.0-255,66,76962,12,153458
15378,0.001159,172.217.194.0-255,2184,79146,12,153458
15379,0.001161,172.31.36.0-255,66,79212,12,153458
15380,0.003409,172.217.194.0-255,5738,84950,12,153458
15381,0.003416,172.31.36.0-255,66,85016,12,153458
15382,0.005687,172.217.194.0-255,5738,90754,12,153458
15383,0.005694,172.31.36.0-255,66,90820,12,153458
15384,0.007956,172.217.194.0-255,5738,96558,12,153458
15385,0.007964,172.31.36.0-255,66,96624,12,153458
15386,0.010215,172.217.194.0-255,5738,102362,12,153458
15387,0.010223,172.31.36.0-255,66,102428,12,153458
15388,0.012503,172.217.194.0-255,5738,108166,12,153458
15389,0.012512,172.31.36.0-255,66,108232,12,153458
15390,0.0148,172.217.194.0-255,5738,113970,12,153458
15391,0.014811,172.31.36.0-255,66,114036,12,153458
15392,0.017067,172.217.194.0-255,5738,119774,12,153458
15393,0.017075,172.31.36.0-255,66,119840,12,153458
15394,0.019302,172.217.194.0-255,5738,125578,12,153458
15395,0.01931,172.31.36.0-255,66,125644,12,153458
15396,0.02157,172.217.194.0-255,5738,131382,12,153458
15397,0.021579,172.31.36.0-255,66,131448,12,153458
15398,0.023831,172.217.194.0-255,5738,137186,12,153458
15399,0.023838,172.31.36.0-255,66,137252,12,153458
15400,0.026129,172.217.194.0-255,5738,142990,12,153458
15401,0.026137,172.31.36.0-255,66,143056,12,153458
15402,0.026774,172.31.36.0-255,172,143228,12,153458
15403,0.026809,172.31.36.0-255,1107,144335,12,153458
15404,0.026873,172.31.36.0-255,1514,145849,12,153458
15405,0.026875,172.31.36.0-255,1301,147150,12,153458
15406,0.028306,104.244.42.0-255,66,147216,12,153458
15407,0.02836,104.244.42.0-255,66,147282,12,153458
15408,0.028391,172.217.194.0-255,2902,150184,12,153458
15409,0.028395,172.31.36.0-255,66,150250,12,153458
15410,0.028425,172.217.194.0-255,2902,153152,12,153458
15411,0.028428,172.31.36.0-255,66,153218,12,153458
15412,0.028444,104.244.42.0-255,66,153284,12,153458
15413,0.029077,104.244.42.0-255,108,153392,12,153458
15414,0.029084,172.31.36.0-255,66,153458,12,153458
15415,0.0,172.217.194.0-255,153,153,12,225063
15416,2.9e-05,172.31.36.0-255,66,219,12,225063
15417,3.5e-05,172.217.194.0-255,1484,1703,12,225063
15418,4e-05,172.31.36.0-255,66,1769,12,225063
15419,4.5e-05,172.217.194.0-255,2902,4671,12,225063
15420,4.8e-05,172.31.36.0-255,66,4737,12,225063
15421,5.4e-05,172.217.194.0-255,7156,11893,12,225063
15422,5.7e-05,172.31.36.0-255,66,11959,12,225063
15423,9.1e-05,172.31.36.0-255,66,12025,12,225063
15424,0.000135,172.217.194.0-255,6797,18822,12,225063
15425,0.000139,172.31.36.0-255,66,18888,12,225063
15426,0.000195,172.217.194.0-255,1484,20372,12,225063
15427,0.000199,172.31.36.0-255,66,20438,12,225063
15428,0.000205,172.217.194.0-255,2902,23340,12,225063
15429,0.000207,172.31.36.0-255,66,23406,12,225063
15430,0.000212,172.217.194.0-255,2902,26308,12,225063
15431,0.000213,172.31.36.0-255,66,26374,12,225063
15432,0.000231,172.217.194.0-255,1484,27858,12,225063
15433,0.000233,172.31.36.0-255,66,27924,12,225063
15434,0.000244,172.31.36.0-255,66,27990,12,225063
15435,0.000294,172.31.36.0-255,66,28056,12,225063
15436,0.000314,172.217.194.0-255,2495,30551,12,225063
15437,0.000318,172.31.36.0-255,66,30617,12,225063
15438,0.000321,172.217.194.0-255,98,30715,12,225063
15439,0.000323,172.31.36.0-255,66,30781,12,225063
15440,0.00048,172.217.194.0-255,1484,32265,12,225063
15441,0.000485,172.31.36.0-255,66,32331,12,225063
15442,0.000504,172.217.194.0-255,1484,33815,12,225063
15443,0.000509,172.31.36.0-255,66,33881,12,225063
15444,0.000523,172.217.194.0-255,1484,35365,12,225063
15445,0.000531,172.217.194.0-255,5738,41103,12,225063
15446,0.000534,172.31.36.0-255,66,41169,12,225063
15447,0.000537,172.217.194.0-255,1484,42653,12,225063
15448,0.000547,172.31.36.0-255,66,42719,12,225063
15449,0.000553,172.217.194.0-255,4320,47039,12,225063
15450,0.000556,172.31.36.0-255,66,47105,12,225063
15451,0.000592,172.31.36.0-255,66,47171,12,225063
15452,0.00061,172.217.194.0-255,1484,48655,12,225063
15453,0.000615,172.217.194.0-255,2902,51557,12,225063
15454,0.000618,172.31.36.0-255,66,51623,12,225063
15455,0.000622,172.217.194.0-255,2902,54525,12,225063
15456,0.000625,172.31.36.0-255,66,54591,12,225063
15457,0.000639,172.217.194.0-255,2902,57493,12,225063
15458,0.000641,172.31.36.0-255,66,57559,12,225063
15459,0.000646,172.217.194.0-255,2902,60461,12,225063
15460,0.000649,172.31.36.0-255,66,60527,12,225063
15461,0.000686,172.31.36.0-255,66,60593,12,225063
15462,0.000705,172.217.194.0-255,7156,67749,12,225063
15463,0.000709,172.31.36.0-255,66,67815,12,225063
15464,0.000751,172.31.36.0-255,66,67881,12,225063
15465,0.000757,172.217.194.0-255,5738,73619,12,225063
15466,0.00076,172.31.36.0-255,66,73685,12,225063
15467,0.000782,172.31.36.0-255,66,73751,12,225063
15468,0.000815,172.31.36.0-255,66,73817,12,225063
15469,0.000831,172.217.194.0-255,1484,75301,12,225063
15470,0.00085,172.217.194.0-255,2902,78203,12,225063
15471,0.000853,172.31.36.0-255,66,78269,12,225063
15472,0.00087,172.217.194.0-255,4320,82589,12,225063
15473,0.000873,172.31.36.0-255,66,82655,12,225063
15474,0.00088,172.217.194.0-255,5738,88393,12,225063
15475,0.000883,172.31.36.0-255,66,88459,12,225063
15476,0.000903,172.217.194.0-255,2902,91361,12,225063
15477,0.000906,172.31.36.0-255,66,91427,12,225063
15478,0.00093,172.217.194.0-255,7156,98583,12,225063
15479,0.000934,172.31.36.0-255,66,98649,12,225063
15480,0.000959,172.31.36.0-255,66,98715,12,225063
15481,0.000975,172.217.194.0-255,1484,100199,12,225063
15482,0.000999,172.217.194.0-255,2902,103101,12,225063
15483,0.001003,172.31.36.0-255,66,103167,12,225063
15484,0.001059,172.217.194.0-255,5738,108905,12,225063
15485,0.001063,172.31.36.0-255,66,108971,12,225063
15486,0.001069,172.217.194.0-255,7156,116127,12,225063
15487,0.001072,172.31.36.0-255,66,116193,12,225063
15488,0.001078,172.217.194.0-255,5738,121931,12,225063
15489,0.00108,172.31.36.0-255,66,121997,12,225063
15490,0.001102,172.31.36.0-255,66,122063,12,225063
15491,0.001106,172.217.194.0-255,2184,124247,12,225063
15492,0.001108,172.31.36.0-255,66,124313,12,225063
15493,0.001133,172.217.194.0-255,1484,125797,12,225063
15494,0.001137,172.217.194.0-255,2902,128699,12,225063
15495,0.00114,172.31.36.0-255,66,128765,12,225063
15496,0.001158,172.217.194.0-255,4320,133085,12,225063
15497,0.001162,172.31.36.0-255,66,133151,12,225063
15498,0.001174,172.217.194.0-255,1484,134635,12,225063
15499,0.001185,172.217.194.0-255,2902,137537,12,225063
15500,0.001188,172.31.36.0-255,66,137603,12,225063
15501,0.001209,172.217.194.0-255,2902,140505,12,225063
15502,0.00122,172.217.194.0-255,7156,147661,12,225063
15503,0.001219,172.31.36.0-255,66,147727,12,225063
15504,0.001222,172.31.36.0-255,66,147793,12,225063
15505,0.001261,172.31.36.0-255,66,147859,12,225063
15506,0.001383,172.217.194.0-255,1484,149343,12,225063
15507,0.001386,172.217.194.0-255,1484,150827,12,225063
15508,0.00139,172.31.36.0-255,66,150893,12,225063
15509,0.001407,172.217.194.0-255,1484,152377,12,225063
15510,0.001413,172.217.194.0-255,5738,158115,12,225063
15511,0.001417,172.31.36.0-255,66,158181,12,225063
15512,0.001427,172.217.194.0-255,5738,163919,12,225063
15513,0.00143,172.31.36.0-255,66,163985,12,225063
15514,0.001454,172.217.194.0-255,7156,171141,12,225063
15515,0.001458,172.31.36.0-255,66,171207,12,225063
15516,0.001472,172.31.36.0-255,66,171273,12,225063
15517,0.001528,172.217.194.0-255,1484,172757,12,225063
15518,0.001542,172.217.194.0-255,2902,175659,12,225063
15519,0.001545,172.31.36.0-255,66,175725,12,225063
15520,0.00155,172.217.194.0-255,4320,180045,12,225063
15521,0.001553,172.31.36.0-255,66,180111,12,225063
15522,0.001565,172.217.194.0-255,1484,181595,12,225063
15523,0.001571,172.217.194.0-255,4320,185915,12,225063
15524,0.001573,172.31.36.0-255,66,185981,12,225063
15525,0.001596,172.31.36.0-255,66,186047,12,225063
15526,0.001602,172.217.194.0-255,5738,191785,12,225063
15527,0.001604,172.31.36.0-255,66,191851,12,225063
15528,0.001647,172.217.194.0-255,5020,196871,12,225063
15529,0.00165,172.31.36.0-255,66,196937,12,225063
15530,0.001744,172.217.194.0-255,1484,198421,12,225063
15531,0.001748,172.217.194.0-255,1484,199905,12,225063
15532,0.001751,172.31.36.0-255,66,199971,12,225063
15533,0.001773,172.217.194.0-255,1484,201455,12,225063
15534,0.001779,172.217.194.0-255,5738,207193,12,225063
15535,0.001781,172.31.36.0-255,66,207259,12,225063
15536,0.001787,172.217.194.0-255,2902,210161,12,225063
15537,0.00179,172.31.36.0-255,66,210227,12,225063
15538,0.001813,172.31.36.0-255,66,210293,12,225063
15539,0.001823,172.31.36.0-255,66,210359,12,225063
15540,0.001866,172.217.194.0-255,5738,216097,12,225063
15541,0.001869,172.31.36.0-255,66,216163,12,225063
15542,0.0019,172.31.36.0-255,66,216229,12,225063
15543,0.00196,172.31.36.0-255,66,216295,12,225063
15544,0.001965,172.217.194.0-255,4320,220615,12,225063
15545,0.001968,172.31.36.0-255,66,220681,12,225063
15546,0.001992,172.217.194.0-255,3974,224655,12,225063
15547,0.001995,172.31.36.0-255,66,224721,12,225063
15548,0.001999,172.217.194.0-255,105,224826,12,225063
15549,0.00357,172.31.36.0-255,66,224892,12,225063
15550,0.0036,172.31.36.0-255,105,224997,12,225063
15551,0.005928,172.217.194.0-255,66,225063,12,225063
15552,0.0,172.31.36.0-255,105,105,12,276
15553,0.002083,157.240.13.0-255,105,210,12,276
15554,0.002095,172.31.36.0-255,66,276,12,276
15555,0.0,74.125.68.0-255,145,145,12,373335
15556,3.7e-05,172.31.36.0-255,66,211,12,373335
15557,4.3e-05,74.125.68.0-255,1484,1695,12,373335
15558,4.7e-05,172.31.36.0-255,66,1761,12,373335
15559,5.2e-05,74.125.68.0-255,2902,4663,12,373335
15560,6.3e-05,172.31.36.0-255,66,4729,12,373335
15561,7.1e-05,74.125.68.0-255,7156,11885,12,373335
15562,7.3e-05,172.31.36.0-255,66,11951,12,373335
15563,0.000111,74.125.68.0-255,2037,13988,12,373335
15564,0.000114,172.31.36.0-255,66,14054,12,373335
15565,0.000117,74.125.68.0-255,1484,15538,12,373335
15566,0.00012,172.31.36.0-255,66,15604,12,373335
15567,0.00015,74.125.68.0-255,1484,17088,12,373335
15568,0.000153,172.31.36.0-255,66,17154,12,373335
15569,0.000161,74.125.68.0-255,7156,24310,12,373335
15570,0.000164,172.31.36.0-255,66,24376,12,373335
15571,0.000176,74.125.68.0-255,2902,27278,12,373335
15572,0.000178,172.31.36.0-255,66,27344,12,373335
15573,0.000183,74.125.68.0-255,3961,31305,12,373335
15574,0.000186,172.31.36.0-255,66,31371,12,373335
15575,0.00032,74.125.68.0-255,1484,32855,12,373335
15576,0.000328,172.31.36.0-255,66,32921,12,373335
15577,0.000345,74.125.68.0-255,2902,35823,12,373335
15578,0.000349,172.31.36.0-255,66,35889,12,373335
15579,0.000355,74.125.68.0-255,4320,40209,12,373335
15580,0.000358,172.31.36.0-255,66,40275,12,373335
15581,0.00039,74.125.68.0-255,1484,41759,12,373335
15582,0.000393,172.31.36.0-255,66,41825,12,373335
15583,0.000398,74.125.68.0-255,2902,44727,12,373335
15584,0.0004,74.125.68.0-255,1484,46211,12,373335
15585,0.000402,172.31.36.0-255,66,46277,12,373335
15586,0.000405,172.31.36.0-255,66,46343,12,373335
15587,0.000456,74.125.68.0-255,4320,50663,12,373335
15588,0.00046,172.31.36.0-255,66,50729,12,373335
15589,0.000461,74.125.68.0-255,5688,56417,12,373335
15590,0.000464,172.31.36.0-255,66,56483,12,373335
15591,0.000464,74.125.68.0-255,113,56596,12,373335
15592,0.000539,74.125.68.0-255,1484,58080,12,373335
15593,0.000547,172.31.36.0-255,66,58146,12,373335
15594,0.000558,74.125.68.0-255,2902,61048,12,373335
15595,0.000565,172.31.36.0-255,66,61114,12,373335
15596,0.000569,74.125.68.0-255,1484,62598,12,373335
15597,0.000575,74.125.68.0-255,5738,68336,12,373335
15598,0.000582,172.31.36.0-255,66,68402,12,373335
15599,0.000636,172.31.36.0-255,66,68468,12,373335
15600,0.000646,74.125.68.0-255,1484,69952,12,373335
15601,0.000656,74.125.68.0-255,4320,74272,12,373335
15602,0.000667,172.31.36.0-255,66,74338,12,373335
15603,0.000681,74.125.68.0-255,4704,79042,12,373335
15604,0.000694,172.31.36.0-255,66,79108,12,373335
15605,0.000713,74.125.68.0-255,5738,84846,12,373335
15606,0.00072,172.31.36.0-255,66,84912,12,373335
15607,0.000721,74.125.68.0-255,7156,92068,12,373335
15608,0.000744,172.31.36.0-255,66,92134,12,373335
15609,0.000748,74.125.68.0-255,2902,95036,12,373335
15610,0.000758,172.31.36.0-255,66,95102,12,373335
15611,0.000768,74.125.68.0-255,1125,96227,12,373335
15612,0.000889,74.125.68.0-255,1484,97711,12,373335
15613,0.000893,172.31.36.0-255,66,97777,12,373335
15614,0.000898,74.125.68.0-255,2902,100679,12,373335
15615,0.000907,172.31.36.0-255,66,100745,12,373335
15616,0.00092,74.125.68.0-255,4320,105065,12,373335
15617,0.000926,172.31.36.0-255,66,105131,12,373335
15618,0.000942,74.125.68.0-255,1484,106615,12,373335
15619,0.000954,74.125.68.0-255,7156,113771,12,373335
15620,0.000965,172.31.36.0-255,66,113837,12,373335
15621,0.000975,74.125.68.0-255,4320,118157,12,373335
15622,0.000979,172.31.36.0-255,66,118223,12,373335
15623,0.001018,74.125.68.0-255,2184,120407,12,373335
15624,0.001026,172.31.36.0-255,66,120473,12,373335
15625,0.001608,74.125.68.0-255,1484,121957,12,373335
15626,0.001614,74.125.68.0-255,2902,124859,12,373335
15627,0.001618,172.31.36.0-255,66,124925,12,373335
15628,0.001644,74.125.68.0-255,1484,126409,12,373335
15629,0.001649,74.125.68.0-255,2902,129311,12,373335
15630,0.001652,172.31.36.0-255,66,129377,12,373335
15631,0.001655,74.125.68.0-255,1484,130861,12,373335
15632,0.001681,74.125.68.0-255,4320,135181,12,373335
15633,0.001684,172.31.36.0-255,66,135247,12,373335
15634,0.001688,74.125.68.0-255,2902,138149,12,373335
15635,0.00169,172.31.36.0-255,66,138215,12,373335
15636,0.001693,74.125.68.0-255,1484,139699,12,373335
15637,0.001732,172.31.36.0-255,66,139765,12,373335
15638,0.001739,74.125.68.0-255,6438,146203,12,373335
15639,0.001741,172.31.36.0-255,66,146269,12,373335
15640,0.001891,74.125.68.0-255,1484,147753,12,373335
15641,0.001911,74.125.68.0-255,2902,150655,12,373335
15642,0.001914,172.31.36.0-255,66,150721,12,373335
15643,0.001933,74.125.68.0-255,4320,155041,12,373335
15644,0.001935,172.31.36.0-255,66,155107,12,373335
15645,0.001939,74.125.68.0-255,1484,156591,12,373335
15646,0.001965,74.125.68.0-255,4320,160911,12,373335
15647,0.001967,172.31.36.0-255,66,160977,12,373335
15648,0.001971,74.125.68.0-255,1484,162461,12,373335
15649,0.001996,74.125.68.0-255,1125,163586,12,373335
15650,0.001999,172.31.36.0-255,66,163652,12,373335
15651,0.00255,74.125.68.0-255,1484,165136,12,373335
15652,0.002572,74.125.68.0-255,1484,166620,12,373335
15653,0.002577,172.31.36.0-255,66,166686,12,373335
15654,0.002581,74.125.68.0-255,1484,168170,12,373335
15655,0.002607,74.125.68.0-255,4320,172490,12,373335
15656,0.00261,172.31.36.0-255,66,172556,12,373335
15657,0.002648,172.31.36.0-255,66,172622,12,373335
15658,0.002652,74.125.68.0-255,1484,174106,12,373335
15659,0.002655,74.125.68.0-255,1484,175590,12,373335
15660,0.002656,172.31.36.0-255,66,175656,12,373335
15661,0.002678,74.125.68.0-255,2902,178558,12,373335
15662,0.00268,172.31.36.0-255,66,178624,12,373335
15663,0.002683,74.125.68.0-255,1484,180108,12,373335
15664,0.002686,74.125.68.0-255,1484,181592,12,373335
15665,0.002688,172.31.36.0-255,66,181658,12,373335
15666,0.002693,74.125.68.0-255,2902,184560,12,373335
15667,0.002695,172.31.36.0-255,66,184626,12,373335
15668,0.002729,74.125.68.0-255,1484,186110,12,373335
15669,0.00275,74.125.68.0-255,3602,189712,12,373335
15670,0.002753,172.31.36.0-255,66,189778,12,373335
15671,0.003428,74.125.68.0-255,1484,191262,12,373335
15672,0.003441,74.125.68.0-255,1484,192746,12,373335
15673,0.003445,172.31.36.0-255,66,192812,12,373335
15674,0.003481,74.125.68.0-255,1484,194296,12,373335
15675,0.003487,74.125.68.0-255,4320,198616,12,373335
15676,0.003488,172.31.36.0-255,66,198682,12,373335
15677,0.003492,74.125.68.0-255,1484,200166,12,373335
15678,0.003509,74.125.68.0-255,2902,203068,12,373335
15679,0.003511,74.125.68.0-255,1484,204552,12,373335
15680,0.003526,74.125.68.0-255,1484,206036,12,373335
15681,0.003542,74.125.68.0-255,2902,208938,12,373335
15682,0.003556,74.125.68.0-255,4320,213258,12,373335
15683,0.003572,74.125.68.0-255,5738,218996,12,373335
15684,0.003586,74.125.68.0-255,2902,221898,12,373335
15685,0.00359,74.125.68.0-255,3602,225500,12,373335
15686,0.003618,74.125.68.0-255,4320,229820,12,373335
15687,0.003627,74.125.68.0-255,1484,231304,12,373335
15688,0.00364,74.125.68.0-255,5738,237042,12,373335
15689,0.003652,74.125.68.0-255,2902,239944,12,373335
15690,0.003655,74.125.68.0-255,1484,241428,12,373335
15691,0.003695,74.125.68.0-255,1484,242912,12,373335
15692,0.003715,74.125.68.0-255,4320,247232,12,373335
15693,0.003794,74.125.68.0-255,5738,252970,12,373335
15694,0.003819,74.125.68.0-255,1484,254454,12,373335
15695,0.003836,74.125.68.0-255,2902,257356,12,373335
15696,0.003859,74.125.68.0-255,766,258122,12,373335
15697,0.004244,74.125.68.0-255,1484,259606,12,373335
15698,0.00427,74.125.68.0-255,1484,261090,12,373335
15699,0.004322,74.125.68.0-255,2902,263992,12,373335
15700,0.004325,74.125.68.0-255,1484,265476,12,373335
15701,0.004368,74.125.68.0-255,1484,266960,12,373335
15702,0.004399,74.125.68.0-255,2902,269862,12,373335
15703,0.004413,74.125.68.0-255,1484,271346,12,373335
15704,0.00449,74.125.68.0-255,1484,272830,12,373335
15705,0.004513,74.125.68.0-255,1484,274314,12,373335
15706,0.004523,74.125.68.0-255,1484,275798,12,373335
15707,0.004548,74.125.68.0-255,1484,277282,12,373335
15708,0.004573,74.125.68.0-255,2902,280184,12,373335
15709,0.004597,74.125.68.0-255,1484,281668,12,373335
15710,0.004619,74.125.68.0-255,1484,283152,12,373335
15711,0.004647,74.125.68.0-255,2902,286054,12,373335
15712,0.004681,74.125.68.0-255,1484,287538,12,373335
15713,0.004703,74.125.68.0-255,2902,290440,12,373335
15714,0.00474,74.125.68.0-255,1484,291924,12,373335
15715,0.004755,74.125.68.0-255,766,292690,12,373335
15716,0.005032,74.125.68.0-255,1484,294174,12,373335
15717,0.005068,74.125.68.0-255,2902,297076,12,373335
15718,0.005088,74.125.68.0-255,1484,298560,12,373335
15719,0.005133,74.125.68.0-255,1484,300044,12,373335
15720,0.005165,74.125.68.0-255,1484,301528,12,373335
15721,0.005201,74.125.68.0-255,1484,303012,12,373335
15722,0.00524,74.125.68.0-255,1484,304496,12,373335
15723,0.005286,74.125.68.0-255,2902,307398,12,373335
15724,0.005332,74.125.68.0-255,1484,308882,12,373335
15725,0.005353,74.125.68.0-255,1484,310366,12,373335
15726,0.005398,74.125.68.0-255,1484,311850,12,373335
15727,0.005447,74.125.68.0-255,2902,314752,12,373335
15728,0.005464,74.125.68.0-255,4320,319072,12,373335
15729,0.005539,74.125.68.0-255,4320,323392,12,373335
15730,0.005551,74.125.68.0-255,3602,326994,12,373335
15731,0.005973,74.125.68.0-255,1484,328478,12,373335
15732,0.00599,74.125.68.0-255,2902,331380,12,373335
15733,0.005994,74.125.68.0-255,2902,334282,12,373335
15734,0.006007,74.125.68.0-255,2902,337184,12,373335
15735,0.006017,74.125.68.0-255,1484,338668,12,373335
15736,0.006028,74.125.68.0-255,1484,340152,12,373335
15737,0.006049,74.125.68.0-255,2902,343054,12,373335
15738,0.006059,74.125.68.0-255,1484,344538,12,373335
15739,0.006072,74.125.68.0-255,1484,346022,12,373335
15740,0.006087,74.125.68.0-255,4320,350342,12,373335
15741,0.006105,74.125.68.0-255,4320,354662,12,373335
15742,0.00612,74.125.68.0-255,1484,356146,12,373335
15743,0.006133,74.125.68.0-255,4320,360466,12,373335
15744,0.00615,74.125.68.0-255,2184,362650,12,373335
15745,0.006174,74.125.68.0-255,1484,364134,12,373335
15746,0.006178,74.125.68.0-255,2902,367036,12,373335
15747,0.006183,74.125.68.0-255,4320,371356,12,373335
15748,0.006194,74.125.68.0-255,1484,372840,12,373335
15749,0.006197,74.125.68.0-255,153,372993,12,373335
15750,0.006265,74.125.68.0-255,105,373098,12,373335
15751,0.008358,172.31.36.0-255,66,373164,12,373335
15752,0.010638,172.31.36.0-255,105,373269,12,373335
15753,0.01314,74.125.68.0-255,66,373335,12,373335
15754,0.0,172.217.194.0-255,146,146,12,257652
15755,2.3e-05,172.31.36.0-255,66,212,12,257652
15756,3e-05,172.217.194.0-255,1484,1696,12,257652
15757,3.5e-05,172.31.36.0-255,66,1762,12,257652
15758,4.1e-05,172.217.194.0-255,2902,4664,12,257652
15759,4.4e-05,172.31.36.0-255,66,4730,12,257652
15760,5.2e-05,172.217.194.0-255,7156,11886,12,257652
15761,5.4e-05,172.31.36.0-255,66,11952,12,257652
15762,5.8e-05,172.217.194.0-255,1975,13927,12,257652
15763,6.1e-05,172.31.36.0-255,66,13993,12,257652
15764,0.000106,172.217.194.0-255,1484,15477,12,257652
15765,0.000108,172.31.36.0-255,66,15543,12,257652
15766,0.000112,172.217.194.0-255,1484,17027,12,257652
15767,0.000115,172.31.36.0-255,66,17093,12,257652
15768,0.000129,172.217.194.0-255,1484,18577,12,257652
15769,0.000131,172.31.36.0-255,66,18643,12,257652
15770,0.000138,172.217.194.0-255,5738,24381,12,257652
15771,0.000141,172.31.36.0-255,66,24447,12,257652
15772,0.000144,172.217.194.0-255,1484,25931,12,257652
15773,0.000146,172.31.36.0-255,66,25997,12,257652
15774,0.000173,172.217.194.0-255,5379,31376,12,257652
15775,0.000176,172.31.36.0-255,66,31442,12,257652
15776,0.000659,172.217.194.0-255,1484,32926,12,257652
15777,0.000665,172.31.36.0-255,66,32992,12,257652
15778,0.000672,172.217.194.0-255,2902,35894,12,257652
15779,0.000675,172.31.36.0-255,66,35960,12,257652
15780,0.000682,172.217.194.0-255,5738,41698,12,257652
15781,0.000684,172.31.36.0-255,66,41764,12,257652
15782,0.000715,172.217.194.0-255,5738,47502,12,257652
15783,0.000718,172.31.36.0-255,66,47568,12,257652
15784,0.000748,172.31.36.0-255,66,47634,12,257652
15785,0.000762,172.31.36.0-255,66,47700,12,257652
15786,0.000822,172.217.194.0-255,365,48065,12,257652
15787,0.000934,172.217.194.0-255,1484,49549,12,257652
15788,0.000939,172.31.36.0-255,66,49615,12,257652
15789,0.000945,172.217.194.0-255,2902,52517,12,257652
15790,0.000947,172.31.36.0-255,66,52583,12,257652
15791,0.000954,172.217.194.0-255,5738,58321,12,257652
15792,0.000955,172.31.36.0-255,66,58387,12,257652
15793,0.000972,172.217.194.0-255,2902,61289,12,257652
15794,0.000974,172.31.36.0-255,66,61355,12,257652
15795,0.001001,172.217.194.0-255,6797,68152,12,257652
15796,0.001003,172.31.36.0-255,66,68218,12,257652
15797,0.001007,172.217.194.0-255,1484,69702,12,257652
15798,0.001026,172.217.194.0-255,5738,75440,12,257652
15799,0.001029,172.31.36.0-255,66,75506,12,257652
15800,0.001042,172.217.194.0-255,2902,78408,12,257652
15801,0.001045,172.31.36.0-255,66,78474,12,257652
15802,0.001057,172.217.194.0-255,1484,79958,12,257652
15803,0.001076,172.217.194.0-255,2543,82501,12,257652
15804,0.001079,172.31.36.0-255,66,82567,12,257652
15805,0.003107,172.217.194.0-255,1484,84051,12,257652
15806,0.003123,172.217.194.0-255,2902,86953,12,257652
15807,0.00313,172.31.36.0-255,66,87019,12,257652
15808,0.00314,172.217.194.0-255,5738,92757,12,257652
15809,0.003142,172.31.36.0-255,66,92823,12,257652
15810,0.003145,172.217.194.0-255,1484,94307,12,257652
15811,0.003148,172.31.36.0-255,78,94385,12,257652
15812,0.003155,172.217.194.0-255,5738,100123,12,257652
15813,0.003159,172.31.36.0-255,78,100201,12,257652
15814,0.003193,172.217.194.0-255,5738,105939,12,257652
15815,0.003196,172.31.36.0-255,66,106005,12,257652
15816,0.003204,172.217.194.0-255,7156,113161,12,257652
15817,0.003206,172.31.36.0-255,66,113227,12,257652
15818,0.003211,172.217.194.0-255,3602,116829,12,257652
15819,0.003213,172.31.36.0-255,66,116895,12,257652
15820,0.00338,172.217.194.0-255,1484,118379,12,257652
15821,0.003391,172.217.194.0-255,1484,119863,12,257652
15822,0.003394,172.31.36.0-255,66,119929,12,257652
15823,0.00341,172.217.194.0-255,1484,121413,12,257652
15824,0.003414,172.217.194.0-255,1484,122897,12,257652
15825,0.003416,172.31.36.0-255,66,122963,12,257652
15826,0.003443,172.217.194.0-255,4320,127283,12,257652
15827,0.003445,172.31.36.0-255,66,127349,12,257652
15828,0.003453,172.217.194.0-255,7156,134505,12,257652
15829,0.003455,172.31.36.0-255,66,134571,12,257652
15830,0.00346,172.217.194.0-255,4320,138891,12,257652
15831,0.003463,172.31.36.0-255,66,138957,12,257652
15832,0.003482,172.217.194.0-255,5738,144695,12,257652
15833,0.003484,172.31.36.0-255,66,144761,12,257652
15834,0.003512,172.31.36.0-255,66,144827,12,257652
15835,0.003516,172.217.194.0-255,2902,147729,12,257652
15836,0.003518,172.31.36.0-255,66,147795,12,257652
15837,0.00354,172.217.194.0-255,5738,153533,12,257652
15838,0.003543,172.31.36.0-255,66,153599,12,257652
15839,0.003546,172.217.194.0-255,1484,155083,12,257652
15840,0.003579,172.31.36.0-255,66,155149,12,257652
15841,0.003619,172.217.194.0-255,5738,160887,12,257652
15842,0.003622,172.31.36.0-255,66,160953,12,257652
15843,0.003642,172.217.194.0-255,5738,166691,12,257652
15844,0.003644,172.31.36.0-255,66,166757,12,257652
15845,0.003651,172.217.194.0-255,7156,173913,12,257652
15846,0.003654,172.31.36.0-255,66,173979,12,257652
15847,0.003684,172.217.194.0-255,5738,179717,12,257652
15848,0.003686,172.31.36.0-255,66,179783,12,257652
15849,0.003698,172.31.36.0-255,66,179849,12,257652
15850,0.003749,172.217.194.0-255,1484,181333,12,257652
15851,0.003754,172.217.194.0-255,2902,184235,12,257652
15852,0.003756,172.31.36.0-255,66,184301,12,257652
15853,0.003762,172.217.194.0-255,4320,188621,12,257652
15854,0.003764,172.31.36.0-255,66,188687,12,257652
15855,0.003783,172.217.194.0-255,1484,190171,12,257652
15856,0.003818,172.31.36.0-255,66,190237,12,257652
15857,0.00386,172.217.194.0-255,2902,193139,12,257652
15858,0.003864,172.31.36.0-255,66,193205,12,257652
15859,0.003893,172.217.194.0-255,5738,198943,12,257652
15860,0.003896,172.31.36.0-255,66,199009,12,257652
15861,0.003917,172.31.36.0-255,66,199075,12,257652
15862,0.003947,172.217.194.0-255,2184,201259,12,257652
15863,0.003949,172.31.36.0-255,66,201325,12,257652
15864,0.003964,172.31.36.0-255,66,201391,12,257652
15865,0.003979,172.31.36.0-255,66,201457,12,257652
15866,0.003982,172.217.194.0-255,1484,202941,12,257652
15867,0.004025,172.217.194.0-255,6438,209379,12,257652
15868,0.004135,172.217.194.0-255,1484,210863,12,257652
15869,0.004148,172.217.194.0-255,2902,213765,12,257652
15870,0.004171,172.217.194.0-255,2902,216667,12,257652
15871,0.004184,172.217.194.0-255,2902,219569,12,257652
15872,0.00419,172.217.194.0-255,4320,223889,12,257652
15873,0.004211,172.217.194.0-255,2902,226791,12,257652
15874,0.004223,172.217.194.0-255,1484,228275,12,257652
15875,0.004258,172.217.194.0-255,2902,231177,12,257652
15876,0.004274,172.217.194.0-255,7156,238333,12,257652
15877,0.00431,172.217.194.0-255,2184,240517,12,257652
15878,0.004318,172.217.194.0-255,5738,246255,12,257652
15879,0.004349,172.217.194.0-255,7156,253411,12,257652
15880,0.004352,172.217.194.0-255,766,254177,12,257652
15881,0.004373,172.217.194.0-255,1484,255661,12,257652
15882,0.00439,172.217.194.0-255,1649,257310,12,257652
15883,0.004422,172.217.194.0-255,105,257415,12,257652
15884,0.005526,172.31.36.0-255,66,257481,12,257652
15885,0.008055,172.31.36.0-255,105,257586,12,257652
15886,0.010138,172.217.194.0-255,66,257652,12,257652
15887,0.0,74.125.24.0-255,159,159,12,195872
15888,3.3e-05,172.31.36.0-255,66,225,12,195872
15889,4e-05,74.125.24.0-255,1484,1709,12,195872
15890,4.3e-05,172.31.36.0-255,66,1775,12,195872
15891,4.8e-05,74.125.24.0-255,2902,4677,12,195872
15892,5.1e-05,172.31.36.0-255,66,4743,12,195872
15893,5.6e-05,74.125.24.0-255,2902,7645,12,195872
15894,5.8e-05,172.31.36.0-255,66,7711,12,195872
15895,6.4e-05,74.125.24.0-255,4320,12031,12,195872
15896,6.7e-05,172.31.36.0-255,66,12097,12,195872
15897,9.4e-05,74.125.24.0-255,2056,14153,12,195872
15898,9.7e-05,172.31.36.0-255,66,14219,12,195872
15899,0.000127,74.125.24.0-255,2902,17121,12,195872
15900,0.000129,172.31.36.0-255,66,17187,12,195872
15901,0.000152,74.125.24.0-255,7156,24343,12,195872
15902,0.000154,172.31.36.0-255,66,24409,12,195872
15903,0.000199,74.125.24.0-255,6797,31206,12,195872
15904,0.000203,172.31.36.0-255,66,31272,12,195872
15905,0.000321,74.125.24.0-255,1484,32756,12,195872
15906,0.000325,172.31.36.0-255,66,32822,12,195872
15907,0.000341,74.125.24.0-255,2902,35724,12,195872
15908,0.000345,172.31.36.0-255,66,35790,12,195872
15909,0.000348,74.125.24.0-255,1484,37274,12,195872
15910,0.00035,172.31.36.0-255,66,37340,12,195872
15911,0.00038,74.125.24.0-255,5738,43078,12,195872
15912,0.000383,172.31.36.0-255,66,43144,12,195872
15913,0.00041,172.31.36.0-255,66,43210,12,195872
15914,0.000438,172.31.36.0-255,66,43276,12,195872
15915,0.000443,74.125.24.0-255,2820,46096,12,195872
15916,0.000445,172.31.36.0-255,66,46162,12,195872
15917,0.000565,74.125.24.0-255,132,46294,12,195872
15918,0.000844,172.31.36.0-255,66,46360,12,195872
15919,0.000868,74.125.24.0-255,1484,47844,12,195872
15920,0.000876,74.125.24.0-255,2902,50746,12,195872
15921,0.00088,172.31.36.0-255,66,50812,12,195872
15922,0.000904,74.125.24.0-255,5738,56550,12,195872
15923,0.000907,172.31.36.0-255,66,56616,12,195872
15924,0.000911,74.125.24.0-255,2902,59518,12,195872
15925,0.000913,172.31.36.0-255,66,59584,12,195872
15926,0.000946,172.31.36.0-255,66,59650,12,195872
15927,0.000952,74.125.24.0-255,4320,63970,12,195872
15928,0.000954,172.31.36.0-255,66,64036,12,195872
15929,0.000971,74.125.24.0-255,5379,69415,12,195872
15930,0.000974,172.31.36.0-255,66,69481,12,195872
15931,0.001031,74.125.24.0-255,1484,70965,12,195872
15932,0.001046,74.125.24.0-255,2902,73867,12,195872
15933,0.001049,172.31.36.0-255,66,73933,12,195872
15934,0.001055,74.125.24.0-255,5738,79671,12,195872
15935,0.001057,172.31.36.0-255,66,79737,12,195872
15936,0.001113,172.31.36.0-255,66,79803,12,195872
15937,0.001125,172.31.36.0-255,66,79869,12,195872
15938,0.00119,74.125.24.0-255,1484,81353,12,195872
15939,0.00121,74.125.24.0-255,2902,84255,12,195872
15940,0.001213,172.31.36.0-255,66,84321,12,195872
15941,0.001219,74.125.24.0-255,5738,90059,12,195872
15942,0.001221,172.31.36.0-255,66,90125,12,195872
15943,0.001258,172.31.36.0-255,66,90191,12,195872
15944,0.001279,74.125.24.0-255,2902,93093,12,195872
15945,0.001282,172.31.36.0-255,66,93159,12,195872
15946,0.001293,172.31.36.0-255,66,93225,12,195872
15947,0.001315,74.125.24.0-255,1484,94709,12,195872
15948,0.001338,172.31.36.0-255,66,94775,12,195872
15949,0.001367,172.31.36.0-255,66,94841,12,195872
15950,0.00138,172.31.36.0-255,66,94907,12,195872
15951,0.001652,74.125.24.0-255,1484,96391,12,195872
15952,0.001657,74.125.24.0-255,2902,99293,12,195872
15953,0.00166,172.31.36.0-255,66,99359,12,195872
15954,0.001683,74.125.24.0-255,5738,105097,12,195872
15955,0.001688,172.31.36.0-255,66,105163,12,195872
15956,0.0017,74.125.24.0-255,7156,112319,12,195872
15957,0.001703,172.31.36.0-255,66,112385,12,195872
15958,0.001724,74.125.24.0-255,5738,118123,12,195872
15959,0.001727,172.31.36.0-255,66,118189,12,195872
15960,0.001739,172.31.36.0-255,66,118255,12,195872
15961,0.003985,74.125.24.0-255,5738,123993,12,195872
15962,0.003992,172.31.36.0-255,66,124059,12,195872
15963,0.006245,74.125.24.0-255,2902,126961,12,195872
15964,0.00625,172.31.36.0-255,66,127027,12,195872
15965,0.00627,74.125.24.0-255,2902,129929,12,195872
15966,0.006273,172.31.36.0-255,66,129995,12,195872
15967,0.008517,74.125.24.0-255,5738,135733,12,195872
15968,0.008525,172.31.36.0-255,66,135799,12,195872
15969,0.010814,74.125.24.0-255,5738,141537,12,195872
15970,0.010822,172.31.36.0-255,66,141603,12,195872
15971,0.013073,74.125.24.0-255,5738,147341,12,195872
15972,0.013084,172.31.36.0-255,66,147407,12,195872
15973,0.015329,74.125.24.0-255,5738,153145,12,195872
15974,0.015337,172.31.36.0-255,66,153211,12,195872
15975,0.017578,74.125.24.0-255,5738,158949,12,195872
15976,0.017586,172.31.36.0-255,66,159015,12,195872
15977,0.019837,74.125.24.0-255,5738,164753,12,195872
15978,0.019844,172.31.36.0-255,66,164819,12,195872
15979,0.022096,74.125.24.0-255,5738,170557,12,195872
15980,0.022101,172.31.36.0-255,66,170623,12,195872
15981,0.024413,74.125.24.0-255,5738,176361,12,195872
15982,0.02442,172.31.36.0-255,66,176427,12,195872
15983,0.026684,74.125.24.0-255,5738,182165,12,195872
15984,0.026691,172.31.36.0-255,66,182231,12,195872
15985,0.027552,172.31.36.0-255,172,182403,12,195872
15986,0.027593,172.31.36.0-255,1107,183510,12,195872
15987,0.027672,172.31.36.0-255,1514,185024,12,195872
15988,0.027675,172.31.36.0-255,1514,186538,12,195872
15989,0.027679,172.31.36.0-255,1514,188052,12,195872
15990,0.02768,172.31.36.0-255,1514,189566,12,195872
15991,0.027702,172.31.36.0-255,172,189738,12,195872
15992,0.028933,74.125.24.0-255,4320,194058,12,195872
15993,0.028939,172.31.36.0-255,66,194124,12,195872
15994,0.028968,74.125.24.0-255,1484,195608,12,195872
15995,0.029101,104.244.42.0-255,66,195674,12,195872
15996,0.029192,104.244.42.0-255,66,195740,12,195872
15997,0.029239,104.244.42.0-255,66,195806,12,195872
15998,0.029244,104.244.42.0-255,66,195872,12,195872
15999,0.0,172.31.36.0-255,105,105,12,105
16000,0.0,172.217.194.0-255,153,153,12,205225
16001,2.5e-05,172.31.36.0-255,66,219,12,205225
16002,3.2e-05,172.217.194.0-255,1484,1703,12,205225
16003,3.7e-05,172.31.36.0-255,66,1769,12,205225
16004,7.9e-05,172.217.194.0-255,1484,3253,12,205225
16005,8.2e-05,172.31.36.0-255,66,3319,12,205225
16006,0.000111,172.217.194.0-255,1484,4803,12,205225
16007,0.000114,172.31.36.0-255,66,4869,12,205225
16008,0.000117,172.217.194.0-255,1484,6353,12,205225
16009,0.000119,172.31.36.0-255,66,6419,12,205225
16010,0.000137,172.217.194.0-255,2902,9321,12,205225
16011,0.000139,172.31.36.0-255,66,9387,12,205225
16012,0.000142,172.217.194.0-255,1484,10871,12,205225
16013,0.000144,172.31.36.0-255,66,10937,12,205225
16014,0.00015,172.217.194.0-255,4320,15257,12,205225
16015,0.000153,172.31.36.0-255,66,15323,12,205225
16016,0.000171,172.217.194.0-255,3464,18787,12,205225
16017,0.000173,172.31.36.0-255,66,18853,12,205225
16018,0.000184,172.31.36.0-255,66,18919,12,205225
16019,0.00019,172.217.194.0-255,3961,22880,12,205225
16020,0.000192,172.31.36.0-255,66,22946,12,205225
16021,0.000243,172.217.194.0-255,1484,24430,12,205225
16022,0.000245,172.31.36.0-255,66,24496,12,205225
16023,0.00025,172.217.194.0-255,2902,27398,12,205225
16024,0.000252,172.31.36.0-255,66,27464,12,205225
16025,0.000278,172.217.194.0-255,5738,33202,12,205225
16026,0.000281,172.31.36.0-255,66,33268,12,205225
16027,0.000301,172.217.194.0-255,4320,37588,12,205225
16028,0.000303,172.31.36.0-255,66,37654,12,205225
16029,0.000335,172.31.36.0-255,66,37720,12,205225
16030,0.000347,172.31.36.0-255,66,37786,12,205225
16031,0.000398,172.217.194.0-255,365,38151,12,205225
16032,0.000437,172.217.194.0-255,1484,39635,12,205225
16033,0.00044,172.31.36.0-255,66,39701,12,205225
16034,0.000447,172.217.194.0-255,4320,44021,12,205225
16035,0.000449,172.31.36.0-255,66,44087,12,205225
16036,0.000467,172.217.194.0-255,2902,46989,12,205225
16037,0.00047,172.31.36.0-255,66,47055,12,205225
16038,0.000494,172.217.194.0-255,4320,51375,12,205225
16039,0.000497,172.31.36.0-255,66,51441,12,205225
16040,0.000501,172.217.194.0-255,2902,54343,12,205225
16041,0.000503,172.31.36.0-255,66,54409,12,205225
16042,0.000516,172.217.194.0-255,1125,55534,12,205225
16043,0.000521,172.217.194.0-255,4320,59854,12,205225
16044,0.000523,172.31.36.0-255,66,59920,12,205225
16045,0.000538,172.217.194.0-255,1484,61404,12,205225
16046,0.000555,172.217.194.0-255,7156,68560,12,205225
16047,0.000558,172.31.36.0-255,66,68626,12,205225
16048,0.000574,172.217.194.0-255,1484,70110,12,205225
16049,0.000579,172.217.194.0-255,2543,72653,12,205225
16050,0.000581,172.31.36.0-255,66,72719,12,205225
16051,0.000874,172.217.194.0-255,1484,74203,12,205225
16052,0.00088,172.217.194.0-255,2902,77105,12,205225
16053,0.000884,172.31.36.0-255,66,77171,12,205225
16054,0.0009,172.217.194.0-255,4320,81491,12,205225
16055,0.000902,172.31.36.0-255,66,81557,12,205225
16056,0.000929,172.217.194.0-255,1484,83041,12,205225
16057,0.000943,172.31.36.0-255,66,83107,12,205225
16058,0.000989,172.31.36.0-255,66,83173,12,205225
16059,0.001017,172.217.194.0-255,1484,84657,12,205225
16060,0.001021,172.217.194.0-255,1484,86141,12,205225
16061,0.001023,172.31.36.0-255,66,86207,12,205225
16062,0.001036,172.217.194.0-255,1484,87691,12,205225
16063,0.001042,172.217.194.0-255,5738,93429,12,205225
16064,0.001045,172.31.36.0-255,66,93495,12,205225
16065,0.001064,172.217.194.0-255,4320,97815,12,205225
16066,0.001066,172.31.36.0-255,66,97881,12,205225
16067,0.001098,172.31.36.0-255,66,97947,12,205225
16068,0.001112,172.31.36.0-255,66,98013,12,205225
16069,0.001324,172.217.194.0-255,1484,99497,12,205225
16070,0.00133,172.217.194.0-255,2902,102399,12,205225
16071,0.001333,172.31.36.0-255,66,102465,12,205225
16072,0.001337,172.217.194.0-255,1484,103949,12,205225
16073,0.001359,172.217.194.0-255,4320,108269,12,205225
16074,0.001362,172.31.36.0-255,66,108335,12,205225
16075,0.001367,172.217.194.0-255,2902,111237,12,205225
16076,0.001369,172.31.36.0-255,66,111303,12,205225
16077,0.001397,172.217.194.0-255,5738,117041,12,205225
16078,0.0014,172.31.36.0-255,66,117107,12,205225
16079,0.001403,172.31.36.0-255,66,117173,12,205225
16080,0.001417,172.217.194.0-255,2902,120075,12,205225
16081,0.00142,172.31.36.0-255,66,120141,12,205225
16082,0.001452,172.217.194.0-255,2184,122325,12,205225
16083,0.001455,172.31.36.0-255,66,122391,12,205225
16084,0.001591,172.217.194.0-255,1484,123875,12,205225
16085,0.001596,172.217.194.0-255,1484,125359,12,205225
16086,0.001599,172.31.36.0-255,66,125425,12,205225
16087,0.00162,172.217.194.0-255,1484,126909,12,205225
16088,0.001627,172.217.194.0-255,5738,132647,12,205225
16089,0.00163,172.31.36.0-255,66,132713,12,205225
16090,0.001662,172.31.36.0-255,66,132779,12,205225
16091,0.001721,172.31.36.0-255,66,132845,12,205225
16092,0.001743,172.217.194.0-255,4320,137165,12,205225
16093,0.001745,172.31.36.0-255,66,137231,12,205225
16094,0.001767,172.217.194.0-255,4320,141551,12,205225
16095,0.00177,172.31.36.0-255,66,141617,12,205225
16096,0.001782,172.217.194.0-255,7156,148773,12,205225
16097,0.001785,172.31.36.0-255,66,148839,12,205225
16098,0.001808,172.217.194.0-255,2902,151741,12,205225
16099,0.001825,172.31.36.0-255,66,151807,12,205225
16100,0.001828,172.31.36.0-255,66,151873,12,205225
16101,0.001838,172.217.194.0-255,1484,153357,12,205225
16102,0.001873,172.31.36.0-255,66,153423,12,205225
16103,0.001881,172.217.194.0-255,7156,160579,12,205225
16104,0.001883,172.31.36.0-255,66,160645,12,205225
16105,0.001917,172.31.36.0-255,66,160711,12,205225
16106,0.00192,172.217.194.0-255,766,161477,12,205225
16107,0.001938,172.217.194.0-255,1484,162961,12,205225
16108,0.001941,172.31.36.0-255,66,163027,12,205225
16109,0.001946,172.217.194.0-255,2902,165929,12,205225
16110,0.001948,172.31.36.0-255,66,165995,12,205225
16111,0.001966,172.217.194.0-255,4320,170315,12,205225
16112,0.001969,172.31.36.0-255,66,170381,12,205225
16113,0.001988,172.217.194.0-255,1484,171865,12,205225
16114,0.001994,172.217.194.0-255,2902,174767,12,205225
16115,0.001997,172.31.36.0-255,66,174833,12,205225
16116,0.002025,172.31.36.0-255,66,174899,12,205225
16117,0.002064,172.31.36.0-255,66,174965,12,205225
16118,0.0021,172.217.194.0-255,5738,180703,12,205225
16119,0.002104,172.31.36.0-255,66,180769,12,205225
16120,0.002111,172.217.194.0-255,7156,187925,12,205225
16121,0.002114,172.31.36.0-255,66,187991,12,205225
16122,0.002148,172.31.36.0-255,66,188057,12,205225
16123,0.002156,172.217.194.0-255,6438,194495,12,205225
16124,0.002158,172.31.36.0-255,66,194561,12,205225
16125,0.002214,172.217.194.0-255,4320,198881,12,205225
16126,0.002218,172.31.36.0-255,66,198947,12,205225
16127,0.002254,172.31.36.0-255,66,199013,12,205225
16128,0.002261,172.217.194.0-255,5738,204751,12,205225
16129,0.002264,172.31.36.0-255,66,204817,12,205225
16130,0.002299,172.31.36.0-255,66,204883,12,205225
16131,0.002302,172.217.194.0-255,105,204988,12,205225
16132,0.004468,172.31.36.0-255,66,205054,12,205225
16133,0.004505,172.31.36.0-255,105,205159,12,205225
16134,0.006815,172.217.194.0-255,66,205225,12,205225
16135,0.0,172.253.118.0-255,297,297,12,137410
16136,2.8e-05,172.31.36.0-255,66,363,12,137410
16137,5e-05,172.253.118.0-255,1484,1847,12,137410
16138,5.5e-05,172.31.36.0-255,66,1913,12,137410
16139,6.1e-05,172.253.118.0-255,4320,6233,12,137410
16140,6.4e-05,172.31.36.0-255,66,6299,12,137410
16141,0.000102,172.253.118.0-255,7156,13455,12,137410
16142,0.000104,172.31.36.0-255,66,13521,12,137410
16143,0.000111,172.253.118.0-255,6048,19569,12,137410
16144,0.000113,172.31.36.0-255,66,19635,12,137410
16145,0.00012,172.253.118.0-255,7156,26791,12,137410
16146,0.000123,172.31.36.0-255,66,26857,12,137410
16147,0.000128,172.253.118.0-255,3961,30818,12,137410
16148,0.00013,172.31.36.0-255,66,30884,12,137410
16149,0.000327,172.253.118.0-255,1484,32368,12,137410
16150,0.000332,172.31.36.0-255,66,32434,12,137410
16151,0.000338,172.253.118.0-255,2902,35336,12,137410
16152,0.000343,172.253.118.0-255,4320,39656,12,137410
16153,0.000343,172.31.36.0-255,66,39722,12,137410
16154,0.000346,172.31.36.0-255,66,39788,12,137410
16155,0.000355,172.253.118.0-255,1484,41272,12,137410
16156,0.000358,172.31.36.0-255,66,41338,12,137410
16157,0.000365,172.253.118.0-255,6797,48135,12,137410
16158,0.000368,172.31.36.0-255,66,48201,12,137410
16159,0.000404,172.253.118.0-255,1484,49685,12,137410
16160,0.000407,172.31.36.0-255,66,49751,12,137410
16161,0.000436,172.31.36.0-255,66,49817,12,137410
16162,0.000454,172.253.118.0-255,2902,52719,12,137410
16163,0.000457,172.31.36.0-255,66,52785,12,137410
16164,0.00046,172.253.118.0-255,1484,54269,12,137410
16165,0.000462,172.31.36.0-255,66,54335,12,137410
16166,0.000485,172.253.118.0-255,1481,55816,12,137410
16167,0.000746,172.253.118.0-255,330,56146,12,137410
16168,0.000752,172.31.36.0-255,66,56212,12,137410
16169,0.0014,172.253.118.0-255,1484,57696,12,137410
16170,0.001408,172.253.118.0-255,2902,60598,12,137410
16171,0.001412,172.31.36.0-255,66,60664,12,137410
16172,0.001421,172.253.118.0-255,5738,66402,12,137410
16173,0.001423,172.31.36.0-255,66,66468,12,137410
16174,0.001463,172.31.36.0-255,66,66534,12,137410
16175,0.001468,172.253.118.0-255,2902,69436,12,137410
16176,0.00147,172.31.36.0-255,66,69502,12,137410
16177,0.001485,172.253.118.0-255,4320,73822,12,137410
16178,0.001487,172.31.36.0-255,66,73888,12,137410
16179,0.001516,172.253.118.0-255,3602,77490,12,137410
16180,0.001518,172.31.36.0-255,66,77556,12,137410
16181,0.004445,172.253.118.0-255,1484,79040,12,137410
16182,0.004467,172.253.118.0-255,2902,81942,12,137410
16183,0.004471,172.31.36.0-255,66,82008,12,137410
16184,0.004476,172.253.118.0-255,1484,83492,12,137410
16185,0.006813,172.253.118.0-255,2902,86394,12,137410
16186,0.00682,172.31.36.0-255,66,86460,12,137410
16187,0.006846,172.253.118.0-255,1484,87944,12,137410
16188,0.009155,172.253.118.0-255,4320,92264,12,137410
16189,0.009161,172.31.36.0-255,66,92330,12,137410
16190,0.01152,172.253.118.0-255,5738,98068,12,137410
16191,0.011529,172.31.36.0-255,66,98134,12,137410
16192,0.013874,172.253.118.0-255,5738,103872,12,137410
16193,0.013882,172.31.36.0-255,66,103938,12,137410
16194,0.016249,172.253.118.0-255,5738,109676,12,137410
16195,0.016256,172.31.36.0-255,66,109742,12,137410
16196,0.018597,172.253.118.0-255,5738,115480,12,137410
16197,0.018604,172.31.36.0-255,66,115546,12,137410
16198,0.020949,172.253.118.0-255,5738,121284,12,137410
16199,0.020962,172.31.36.0-255,66,121350,12,137410
16200,0.023335,172.253.118.0-255,5738,127088,12,137410
16201,0.023347,172.31.36.0-255,66,127154,12,137410
16202,0.025681,172.253.118.0-255,4320,131474,12,137410
16203,0.025688,172.31.36.0-255,66,131540,12,137410
16204,0.025723,172.253.118.0-255,1484,133024,12,137410
16205,0.028037,172.253.118.0-255,4320,137344,12,137410
16206,0.028044,172.31.36.0-255,66,137410,12,137410
16207,0.0,74.125.68.0-255,153,153,12,331794
16208,2.5e-05,172.31.36.0-255,66,219,12,331794
16209,3.3e-05,74.125.68.0-255,1484,1703,12,331794
16210,3.8e-05,172.31.36.0-255,66,1769,12,331794
16211,4.2e-05,74.125.68.0-255,1484,3253,12,331794
16212,4.5e-05,172.31.36.0-255,66,3319,12,331794
16213,5.2e-05,74.125.68.0-255,2902,6221,12,331794
16214,5.5e-05,172.31.36.0-255,66,6287,12,331794
16215,8e-05,74.125.68.0-255,4320,10607,12,331794
16216,8.3e-05,172.31.36.0-255,66,10673,12,331794
16217,0.000108,74.125.68.0-255,1484,12157,12,331794
16218,0.000111,172.31.36.0-255,66,12223,12,331794
16219,0.000116,74.125.68.0-255,1988,14211,12,331794
16220,0.000119,172.31.36.0-255,66,14277,12,331794
16221,0.000123,74.125.68.0-255,2902,17179,12,331794
16222,0.000126,172.31.36.0-255,66,17245,12,331794
16223,0.000134,74.125.68.0-255,7156,24401,12,331794
16224,0.000136,172.31.36.0-255,66,24467,12,331794
16225,0.000139,74.125.68.0-255,1484,25951,12,331794
16226,0.000141,172.31.36.0-255,66,26017,12,331794
16227,0.000146,74.125.68.0-255,2902,28919,12,331794
16228,0.000149,172.31.36.0-255,66,28985,12,331794
16229,0.000173,74.125.68.0-255,2543,31528,12,331794
16230,0.000176,172.31.36.0-255,66,31594,12,331794
16231,0.000238,74.125.68.0-255,1484,33078,12,331794
16232,0.000241,172.31.36.0-255,66,33144,12,331794
16233,0.000245,74.125.68.0-255,1484,34628,12,331794
16234,0.000246,172.31.36.0-255,66,34694,12,331794
16235,0.000262,74.125.68.0-255,1484,36178,12,331794
16236,0.000264,172.31.36.0-255,66,36244,12,331794
16237,0.000271,74.125.68.0-255,5738,41982,12,331794
16238,0.000274,172.31.36.0-255,66,42048,12,331794
16239,0.000309,74.125.68.0-255,6797,48845,12,331794
16240,0.000312,172.31.36.0-255,66,48911,12,331794
16241,0.000405,74.125.68.0-255,1484,50395,12,331794
16242,0.000424,74.125.68.0-255,2902,53297,12,331794
16243,0.000427,172.31.36.0-255,66,53363,12,331794
16244,0.000431,74.125.68.0-255,1484,54847,12,331794
16245,0.000436,74.125.68.0-255,2902,57749,12,331794
16246,0.000438,172.31.36.0-255,66,57815,12,331794
16247,0.000475,74.125.68.0-255,5738,63553,12,331794
16248,0.000478,172.31.36.0-255,66,63619,12,331794
16249,0.000532,74.125.68.0-255,3123,66742,12,331794
16250,0.000535,172.31.36.0-255,66,66808,12,331794
16251,0.000592,74.125.68.0-255,1484,68292,12,331794
16252,0.000606,74.125.68.0-255,2902,71194,12,331794
16253,0.000609,172.31.36.0-255,66,71260,12,331794
16254,0.000634,74.125.68.0-255,5738,76998,12,331794
16255,0.000637,172.31.36.0-255,66,77064,12,331794
16256,0.00064,74.125.68.0-255,1484,78548,12,331794
16257,0.000661,74.125.68.0-255,5379,83927,12,331794
16258,0.000664,172.31.36.0-255,66,83993,12,331794
16259,0.000697,172.31.36.0-255,66,84059,12,331794
16260,0.000737,74.125.68.0-255,5379,89438,12,331794
16261,0.00074,172.31.36.0-255,66,89504,12,331794
16262,0.001212,74.125.68.0-255,1484,90988,12,331794
16263,0.001235,74.125.68.0-255,2902,93890,12,331794
16264,0.001238,172.31.36.0-255,66,93956,12,331794
16265,0.001245,74.125.68.0-255,2902,96858,12,331794
16266,0.001247,172.31.36.0-255,66,96924,12,331794
16267,0.00126,74.125.68.0-255,2902,99826,12,331794
16268,0.001262,172.31.36.0-255,66,99892,12,331794
16269,0.00127,74.125.68.0-255,7156,107048,12,331794
16270,0.001273,172.31.36.0-255,66,107114,12,331794
16271,0.00129,74.125.68.0-255,2902,110016,12,331794
16272,0.001293,172.31.36.0-255,66,110082,12,331794
16273,0.001311,74.125.68.0-255,7156,117238,12,331794
16274,0.001313,172.31.36.0-255,66,117304,12,331794
16275,0.001347,74.125.68.0-255,2902,120206,12,331794
16276,0.00135,172.31.36.0-255,66,120272,12,331794
16277,0.001368,74.125.68.0-255,3602,123874,12,331794
16278,0.001371,172.31.36.0-255,66,123940,12,331794
16279,0.001393,74.125.68.0-255,1484,125424,12,331794
16280,0.001411,74.125.68.0-255,2902,128326,12,331794
16281,0.001414,172.31.36.0-255,66,128392,12,331794
16282,0.001437,74.125.68.0-255,5738,134130,12,331794
16283,0.00144,172.31.36.0-255,66,134196,12,331794
16284,0.001446,74.125.68.0-255,4320,138516,12,331794
16285,0.001448,172.31.36.0-255,66,138582,12,331794
16286,0.001479,74.125.68.0-255,5738,144320,12,331794
16287,0.001482,172.31.36.0-255,66,144386,12,331794
16288,0.001488,74.125.68.0-255,2902,147288,12,331794
16289,0.00149,172.31.36.0-255,66,147354,12,331794
16290,0.001509,74.125.68.0-255,7156,154510,12,331794
16291,0.001512,172.31.36.0-255,66,154576,12,331794
16292,0.001523,74.125.68.0-255,1484,156060,12,331794
16293,0.001527,74.125.68.0-255,2184,158244,12,331794
16294,0.001529,172.31.36.0-255,66,158310,12,331794
16295,0.001608,74.125.68.0-255,1484,159794,12,331794
16296,0.001625,74.125.68.0-255,1484,161278,12,331794
16297,0.001629,172.31.36.0-255,66,161344,12,331794
16298,0.001645,74.125.68.0-255,1484,162828,12,331794
16299,0.001652,74.125.68.0-255,5738,168566,12,331794
16300,0.001655,172.31.36.0-255,66,168632,12,331794
16301,0.001661,74.125.68.0-255,5738,174370,12,331794
16302,0.001663,172.31.36.0-255,66,174436,12,331794
16303,0.001692,74.125.68.0-255,7156,181592,12,331794
16304,0.001696,172.31.36.0-255,66,181658,12,331794
16305,0.001746,74.125.68.0-255,2902,184560,12,331794
16306,0.00175,172.31.36.0-255,66,184626,12,331794
16307,0.001773,172.31.36.0-255,66,184692,12,331794
16308,0.001793,74.125.68.0-255,1484,186176,12,331794
16309,0.001797,74.125.68.0-255,2902,189078,12,331794
16310,0.0018,172.31.36.0-255,66,189144,12,331794
16311,0.001811,74.125.68.0-255,1484,190628,12,331794
16312,0.001832,74.125.68.0-255,4320,194948,12,331794
16313,0.001839,74.125.68.0-255,7156,202104,12,331794
16314,0.001843,172.31.36.0-255,66,202170,12,331794
16315,0.001846,172.31.36.0-255,66,202236,12,331794
16316,0.00186,74.125.68.0-255,1484,203720,12,331794
16317,0.001873,172.31.36.0-255,66,203786,12,331794
16318,0.001879,74.125.68.0-255,5020,208806,12,331794
16319,0.001882,172.31.36.0-255,66,208872,12,331794
16320,0.001889,74.125.68.0-255,5738,214610,12,331794
16321,0.001891,172.31.36.0-255,66,214676,12,331794
16322,0.001906,74.125.68.0-255,2902,217578,12,331794
16323,0.001909,172.31.36.0-255,66,217644,12,331794
16324,0.001943,74.125.68.0-255,5738,223382,12,331794
16325,0.001947,172.31.36.0-255,66,223448,12,331794
16326,0.00199,74.125.68.0-255,4320,227768,12,331794
16327,0.002012,74.125.68.0-255,5020,232788,12,331794
16328,0.002026,74.125.68.0-255,2902,235690,12,331794
16329,0.00203,74.125.68.0-255,2902,238592,12,331794
16330,0.002046,74.125.68.0-255,1484,240076,12,331794
16331,0.002049,74.125.68.0-255,1484,241560,12,331794
16332,0.002074,74.125.68.0-255,7156,248716,12,331794
16333,0.002078,74.125.68.0-255,2902,251618,12,331794
16334,0.00211,74.125.68.0-255,4320,255938,12,331794
16335,0.002143,74.125.68.0-255,2184,258122,12,331794
16336,0.00219,74.125.68.0-255,1484,259606,12,331794
16337,0.002194,74.125.68.0-255,2902,262508,12,331794
16338,0.002227,74.125.68.0-255,5738,268246,12,331794
16339,0.002242,74.125.68.0-255,2902,271148,12,331794
16340,0.002245,74.125.68.0-255,1484,272632,12,331794
16341,0.002275,74.125.68.0-255,1484,274116,12,331794
16342,0.002317,74.125.68.0-255,4320,278436,12,331794
16343,0.007431,172.31.36.0-255,66,278502,12,331794
16344,0.007441,172.31.36.0-255,66,278568,12,331794
16345,0.007445,172.31.36.0-255,66,278634,12,331794
16346,0.007448,172.31.36.0-255,66,278700,12,331794
16347,0.007474,172.31.36.0-255,66,278766,12,331794
16348,0.00748,172.31.36.0-255,66,278832,12,331794
16349,0.007484,172.31.36.0-255,66,278898,12,331794
16350,0.007487,172.31.36.0-255,66,278964,12,331794
16351,0.00749,172.31.36.0-255,66,279030,12,331794
16352,0.007493,172.31.36.0-255,66,279096,12,331794
16353,0.007497,172.31.36.0-255,66,279162,12,331794
16354,0.007501,172.31.36.0-255,66,279228,12,331794
16355,0.007504,172.31.36.0-255,66,279294,12,331794
16356,0.007507,172.31.36.0-255,66,279360,12,331794
16357,0.007511,172.31.36.0-255,66,279426,12,331794
16358,0.007514,172.31.36.0-255,66,279492,12,331794
16359,0.007518,172.31.36.0-255,66,279558,12,331794
16360,0.009812,74.125.68.0-255,5738,285296,12,331794
16361,0.009823,172.31.36.0-255,66,285362,12,331794
16362,0.01212,74.125.68.0-255,5738,291100,12,331794
16363,0.012129,172.31.36.0-255,66,291166,12,331794
16364,0.014421,74.125.68.0-255,5738,296904,12,331794
16365,0.014432,172.31.36.0-255,66,296970,12,331794
16366,0.016729,74.125.68.0-255,5738,302708,12,331794
16367,0.016743,172.31.36.0-255,66,302774,12,331794
16368,0.019045,74.125.68.0-255,5738,308512,12,331794
16369,0.019058,172.31.36.0-255,66,308578,12,331794
16370,0.021407,74.125.68.0-255,5738,314316,12,331794
16371,0.021423,172.31.36.0-255,66,314382,12,331794
16372,0.023719,74.125.68.0-255,5738,320120,12,331794
16373,0.02373,172.31.36.0-255,66,320186,12,331794
16374,0.026024,74.125.68.0-255,5738,325924,12,331794
16375,0.026034,172.31.36.0-255,66,325990,12,331794
16376,0.02832,74.125.68.0-255,5738,331728,12,331794
16377,0.028329,172.31.36.0-255,66,331794,12,331794
16378,0.0,74.125.24.0-255,158,158,12,198509
16379,3.5e-05,172.31.36.0-255,66,224,12,198509
16380,4.3e-05,74.125.24.0-255,1484,1708,12,198509
16381,4.7e-05,172.31.36.0-255,66,1774,12,198509
16382,5.2e-05,74.125.24.0-255,2902,4676,12,198509
16383,5.4e-05,172.31.36.0-255,66,4742,12,198509
16384,6.2e-05,74.125.24.0-255,7156,11898,12,198509
16385,6.5e-05,172.31.36.0-255,66,11964,12,198509
16386,6.9e-05,74.125.24.0-255,1942,13906,12,198509
16387,7.2e-05,172.31.36.0-255,66,13972,12,198509
16388,0.00012,172.31.36.0-255,66,14038,12,198509
16389,0.000126,74.125.24.0-255,5379,19417,12,198509
16390,0.000128,172.31.36.0-255,66,19483,12,198509
16391,0.000237,74.125.24.0-255,1484,20967,12,198509
16392,0.000242,172.31.36.0-255,66,21033,12,198509
16393,0.000247,74.125.24.0-255,2902,23935,12,198509
16394,0.00025,172.31.36.0-255,66,24001,12,198509
16395,0.000252,74.125.24.0-255,1484,25485,12,198509
16396,0.000255,172.31.36.0-255,66,25551,12,198509
16397,0.000277,74.125.24.0-255,4320,29871,12,198509
16398,0.00028,172.31.36.0-255,66,29937,12,198509
16399,0.000283,74.125.24.0-255,1484,31421,12,198509
16400,0.000285,172.31.36.0-255,66,31487,12,198509
16401,0.000332,172.31.36.0-255,66,31553,12,198509
16402,0.000336,172.31.36.0-255,66,31619,12,198509
16403,0.000338,74.125.24.0-255,110,31729,12,198509
16404,0.00034,172.31.36.0-255,66,31795,12,198509
16405,0.000558,74.125.24.0-255,331,32126,12,198509
16406,0.000563,172.31.36.0-255,66,32192,12,198509
16407,0.000916,74.125.24.0-255,1484,33676,12,198509
16408,0.000926,74.125.24.0-255,2902,36578,12,198509
16409,0.00093,172.31.36.0-255,66,36644,12,198509
16410,0.000937,74.125.24.0-255,5738,42382,12,198509
16411,0.000939,172.31.36.0-255,66,42448,12,198509
16412,0.000979,172.31.36.0-255,66,42514,12,198509
16413,0.001004,74.125.24.0-255,2902,45416,12,198509
16414,0.001007,172.31.36.0-255,66,45482,12,198509
16415,0.001018,172.31.36.0-255,66,45548,12,198509
16416,0.001021,74.125.24.0-255,766,46314,12,198509
16417,0.00147,74.125.24.0-255,1484,47798,12,198509
16418,0.001476,172.31.36.0-255,66,47864,12,198509
16419,0.001483,74.125.24.0-255,2902,50766,12,198509
16420,0.001484,172.31.36.0-255,66,50832,12,198509
16421,0.001491,74.125.24.0-255,5738,56570,12,198509
16422,0.001493,172.31.36.0-255,66,56636,12,198509
16423,0.001514,74.125.24.0-255,1484,58120,12,198509
16424,0.001541,172.31.36.0-255,66,58186,12,198509
16425,0.001546,74.125.24.0-255,4320,62506,12,198509
16426,0.001548,172.31.36.0-255,66,62572,12,198509
16427,0.001555,74.125.24.0-255,5738,68310,12,198509
16428,0.001556,172.31.36.0-255,66,68376,12,198509
16429,0.001572,74.125.24.0-255,766,69142,12,198509
16430,0.001602,74.125.24.0-255,1484,70626,12,198509
16431,0.001604,172.31.36.0-255,66,70692,12,198509
16432,0.001609,74.125.24.0-255,2902,73594,12,198509
16433,0.001611,172.31.36.0-255,66,73660,12,198509
16434,0.001621,74.125.24.0-255,1484,75144,12,198509
16435,0.001626,74.125.24.0-255,2902,78046,12,198509
16436,0.001628,172.31.36.0-255,66,78112,12,198509
16437,0.001657,74.125.24.0-255,7156,85268,12,198509
16438,0.001659,172.31.36.0-255,66,85334,12,198509
16439,0.001665,74.125.24.0-255,5738,91072,12,198509
16440,0.001667,172.31.36.0-255,66,91138,12,198509
16441,0.001691,74.125.24.0-255,2902,94040,12,198509
16442,0.001694,172.31.36.0-255,66,94106,12,198509
16443,0.001721,172.31.36.0-255,66,94172,12,198509
16444,0.001772,74.125.24.0-255,1484,95656,12,198509
16445,0.001777,74.125.24.0-255,2902,98558,12,198509
16446,0.001779,172.31.36.0-255,66,98624,12,198509
16447,0.001833,74.125.24.0-255,5738,104362,12,198509
16448,0.001835,172.31.36.0-255,66,104428,12,198509
16449,0.001848,172.31.36.0-255,66,104494,12,198509
16450,0.001857,172.31.36.0-255,66,104560,12,198509
16451,0.001889,74.125.24.0-255,2184,106744,12,198509
16452,0.001891,172.31.36.0-255,66,106810,12,198509
16453,0.001903,172.31.36.0-255,66,106876,12,198509
16454,0.001917,172.31.36.0-255,66,106942,12,198509
16455,0.001954,74.125.24.0-255,6438,113380,12,198509
16456,0.001956,172.31.36.0-255,66,113446,12,198509
16457,0.002148,74.125.24.0-255,1484,114930,12,198509
16458,0.002151,74.125.24.0-255,1484,116414,12,198509
16459,0.002153,172.31.36.0-255,66,116480,12,198509
16460,0.002168,74.125.24.0-255,1484,117964,12,198509
16461,0.002174,74.125.24.0-255,5738,123702,12,198509
16462,0.002176,172.31.36.0-255,66,123768,12,198509
16463,0.002192,74.125.24.0-255,2902,126670,12,198509
16464,0.002194,172.31.36.0-255,66,126736,12,198509
16465,0.002224,172.31.36.0-255,66,126802,12,198509
16466,0.002234,172.31.36.0-255,66,126868,12,198509
16467,0.002256,74.125.24.0-255,2184,129052,12,198509
16468,0.002259,172.31.36.0-255,66,129118,12,198509
16469,0.00456,74.125.24.0-255,2902,132020,12,198509
16470,0.004563,172.31.36.0-255,66,132086,12,198509
16471,0.004597,74.125.24.0-255,2902,134988,12,198509
16472,0.0046,172.31.36.0-255,66,135054,12,198509
16473,0.006861,74.125.24.0-255,2902,137956,12,198509
16474,0.006867,172.31.36.0-255,66,138022,12,198509
16475,0.006918,74.125.24.0-255,2902,140924,12,198509
16476,0.006922,172.31.36.0-255,66,140990,12,198509
16477,0.009193,74.125.24.0-255,2902,143892,12,198509
16478,0.009199,172.31.36.0-255,66,143958,12,198509
16479,0.009237,74.125.24.0-255,2902,146860,12,198509
16480,0.009241,172.31.36.0-255,66,146926,12,198509
16481,0.011556,74.125.24.0-255,5738,152664,12,198509
16482,0.011564,172.31.36.0-255,66,152730,12,198509
16483,0.013902,74.125.24.0-255,5738,158468,12,198509
16484,0.01391,172.31.36.0-255,66,158534,12,198509
16485,0.01626,74.125.24.0-255,5738,164272,12,198509
16486,0.01627,172.31.36.0-255,66,164338,12,198509
16487,0.018594,74.125.24.0-255,5738,170076,12,198509
16488,0.018603,172.31.36.0-255,66,170142,12,198509
16489,0.0209,74.125.24.0-255,5738,175880,12,198509
16490,0.020907,172.31.36.0-255,66,175946,12,198509
16491,0.023213,74.125.24.0-255,5738,181684,12,198509
16492,0.02322,172.31.36.0-255,66,181750,12,198509
16493,0.025529,74.125.24.0-255,5738,187488,12,198509
16494,0.025536,172.31.36.0-255,66,187554,12,198509
16495,0.027882,74.125.24.0-255,5738,193292,12,198509
16496,0.027888,172.31.36.0-255,66,193358,12,198509
16497,0.028328,172.31.36.0-255,172,193530,12,198509
16498,0.02837,172.31.36.0-255,1108,194638,12,198509
16499,0.028438,172.31.36.0-255,1514,196152,12,198509
16500,0.02844,172.31.36.0-255,1514,197666,12,198509
16501,0.028442,172.31.36.0-255,711,198377,12,198509
16502,0.029854,104.244.42.0-255,66,198443,12,198509
16503,0.029875,104.244.42.0-255,66,198509,12,198509
16504,0.0,74.125.130.0-255,289,289,12,342119
16505,1.1e-05,172.31.36.0-255,66,355,12,342119
16506,4.5e-05,74.125.130.0-255,1484,1839,12,342119
16507,4.9e-05,172.31.36.0-255,66,1905,12,342119
16508,5.6e-05,74.125.130.0-255,4320,6225,12,342119
16509,5.9e-05,172.31.36.0-255,66,6291,12,342119
16510,8.6e-05,74.125.130.0-255,4320,10611,12,342119
16511,8.9e-05,172.31.36.0-255,66,10677,12,342119
16512,0.000113,74.125.130.0-255,3233,13910,12,342119
16513,0.000115,172.31.36.0-255,66,13976,12,342119
16514,0.000125,172.31.36.0-255,66,14042,12,342119
16515,0.000131,74.125.130.0-255,1484,15526,12,342119
16516,0.000133,172.31.36.0-255,66,15592,12,342119
16517,0.000162,74.125.130.0-255,6797,22389,12,342119
16518,0.000168,172.31.36.0-255,66,22455,12,342119
16519,0.00032,74.125.130.0-255,1484,23939,12,342119
16520,0.000324,172.31.36.0-255,66,24005,12,342119
16521,0.000328,74.125.130.0-255,1484,25489,12,342119
16522,0.00033,172.31.36.0-255,66,25555,12,342119
16523,0.000345,74.125.130.0-255,1484,27039,12,342119
16524,0.000347,172.31.36.0-255,66,27105,12,342119
16525,0.000372,74.125.130.0-255,4320,31425,12,342119
16526,0.000374,172.31.36.0-255,66,31491,12,342119
16527,0.000406,74.125.130.0-255,7156,38647,12,342119
16528,0.000408,172.31.36.0-255,66,38713,12,342119
16529,0.000442,74.125.130.0-255,6797,45510,12,342119
16530,0.000444,172.31.36.0-255,66,45576,12,342119
16531,0.000507,74.125.130.0-255,7156,52732,12,342119
16532,0.00051,172.31.36.0-255,66,52798,12,342119
16533,0.000516,74.125.130.0-255,4212,57010,12,342119
16534,0.000518,172.31.36.0-255,66,57076,12,342119
16535,0.000646,74.125.130.0-255,120,57196,12,342119
16536,0.000967,172.31.36.0-255,66,57262,12,342119
16537,0.00104,74.125.130.0-255,1484,58746,12,342119
16538,0.001047,74.125.130.0-255,1484,60230,12,342119
16539,0.001062,74.125.130.0-255,1484,61714,12,342119
16540,0.001065,74.125.130.0-255,1484,63198,12,342119
16541,0.001083,74.125.130.0-255,4320,67518,12,342119
16542,0.001098,74.125.130.0-255,2902,70420,12,342119
16543,0.001114,74.125.130.0-255,5738,76158,12,342119
16544,0.001121,74.125.130.0-255,5738,81896,12,342119
16545,0.001133,74.125.130.0-255,4320,86216,12,342119
16546,0.001154,74.125.130.0-255,5020,91236,12,342119
16547,0.001169,74.125.130.0-255,381,91617,12,342119
16548,0.001524,74.125.130.0-255,1484,93101,12,342119
16549,0.001532,74.125.130.0-255,2902,96003,12,342119
16550,0.001549,74.125.130.0-255,2902,98905,12,342119
16551,0.001551,74.125.130.0-255,1484,100389,12,342119
16552,0.00157,74.125.130.0-255,2902,103291,12,342119
16553,0.001576,74.125.130.0-255,4320,107611,12,342119
16554,0.001598,74.125.130.0-255,4320,111931,12,342119
16555,0.001605,74.125.130.0-255,5738,117669,12,342119
16556,0.001609,74.125.130.0-255,2902,120571,12,342119
16557,0.00163,74.125.130.0-255,4320,124891,12,342119
16558,0.001633,74.125.130.0-255,766,125657,12,342119
16559,0.002074,74.125.130.0-255,1484,127141,12,342119
16560,0.002082,74.125.130.0-255,2902,130043,12,342119
16561,0.002096,74.125.130.0-255,1484,131527,12,342119
16562,0.002117,74.125.130.0-255,2902,134429,12,342119
16563,0.002124,74.125.130.0-255,5738,140167,12,342119
16564,0.002143,74.125.130.0-255,4320,144487,12,342119
16565,0.002172,74.125.130.0-255,7156,151643,12,342119
16566,0.002178,74.125.130.0-255,4320,155963,12,342119
16567,0.002207,74.125.130.0-255,3602,159565,12,342119
16568,0.002347,74.125.130.0-255,1484,161049,12,342119
16569,0.002361,74.125.130.0-255,2902,163951,12,342119
16570,0.002388,74.125.130.0-255,5738,169689,12,342119
16571,0.002402,74.125.130.0-255,1484,171173,12,342119
16572,0.002413,74.125.130.0-255,1484,172657,12,342119
16573,0.002416,74.125.130.0-255,1484,174141,12,342119
16574,0.002433,74.125.130.0-255,2902,177043,12,342119
16575,0.002453,74.125.130.0-255,2902,179945,12,342119
16576,0.002471,74.125.130.0-255,5738,185683,12,342119
16577,0.002475,74.125.130.0-255,2902,188585,12,342119
16578,0.002502,74.125.130.0-255,1484,190069,12,342119
16579,0.002517,74.125.130.0-255,3602,193671,12,342119
16580,0.002913,74.125.130.0-255,1484,195155,12,342119
16581,0.00293,74.125.130.0-255,1484,196639,12,342119
16582,0.002946,74.125.130.0-255,1484,198123,12,342119
16583,0.002949,74.125.130.0-255,1484,199607,12,342119
16584,0.002969,74.125.130.0-255,4320,203927,12,342119
16585,0.002989,74.125.130.0-255,2902,206829,12,342119
16586,0.003,74.125.130.0-255,2902,209731,12,342119
16587,0.00302,74.125.130.0-255,2902,212633,12,342119
16588,0.003043,74.125.130.0-255,1484,214117,12,342119
16589,0.003083,74.125.130.0-255,2902,217019,12,342119
16590,0.003106,74.125.130.0-255,2184,219203,12,342119
16591,0.00337,74.125.130.0-255,1484,220687,12,342119
16592,0.00339,74.125.130.0-255,2902,223589,12,342119
16593,0.003409,74.125.130.0-255,5738,229327,12,342119
16594,0.00343,74.125.130.0-255,7156,236483,12,342119
16595,0.003438,74.125.130.0-255,1484,237967,12,342119
16596,0.003452,74.125.130.0-255,1484,239451,12,342119
16597,0.00349,74.125.130.0-255,5020,244471,12,342119
16598,0.003494,74.125.130.0-255,1484,245955,12,342119
16599,0.003505,74.125.130.0-255,1484,247439,12,342119
16600,0.003518,74.125.130.0-255,2902,250341,12,342119
16601,0.003522,74.125.130.0-255,2902,253243,12,342119
16602,0.003538,74.125.130.0-255,2902,256145,12,342119
16603,0.003544,74.125.130.0-255,4320,260465,12,342119
16604,0.003558,74.125.130.0-255,2902,263367,12,342119
16605,0.003583,74.125.130.0-255,1484,264851,12,342119
16606,0.003637,74.125.130.0-255,5020,269871,12,342119
16607,0.003643,74.125.130.0-255,4320,274191,12,342119
16608,0.003656,74.125.130.0-255,1484,275675,12,342119
16609,0.003678,74.125.130.0-255,2902,278577,12,342119
16610,0.003747,74.125.130.0-255,1484,280061,12,342119
16611,0.003752,74.125.130.0-255,2902,282963,12,342119
16612,0.003776,74.125.130.0-255,5738,288701,12,342119
16613,0.003794,74.125.130.0-255,4320,293021,12,342119
16614,0.003808,74.125.130.0-255,2902,295923,12,342119
16615,0.003836,74.125.130.0-255,5738,301661,12,342119
16616,0.003854,74.125.130.0-255,7156,308817,12,342119
16617,0.003889,74.125.130.0-255,7156,315973,12,342119
16618,0.003909,74.125.130.0-255,6438,322411,12,342119
16619,0.003935,74.125.130.0-255,5738,328149,12,342119
16620,0.003958,74.125.130.0-255,7156,335305,12,342119
16621,0.003979,74.125.130.0-255,2902,338207,12,342119
16622,0.004035,74.125.130.0-255,3570,341777,12,342119
16623,0.004066,74.125.130.0-255,105,341882,12,342119
16624,0.005432,172.31.36.0-255,66,341948,12,342119
16625,0.007624,172.31.36.0-255,105,342053,12,342119
16626,0.010053,74.125.130.0-255,66,342119,12,342119
16627,0.0,172.217.194.0-255,154,154,12,148929
16628,2.1e-05,172.31.36.0-255,66,220,12,148929
16629,2.9e-05,172.217.194.0-255,1484,1704,12,148929
16630,3.4e-05,172.31.36.0-255,66,1770,12,148929
16631,4e-05,172.217.194.0-255,2902,4672,12,148929
16632,4.4e-05,172.31.36.0-255,66,4738,12,148929
16633,5.2e-05,172.217.194.0-255,7156,11894,12,148929
16634,5.5e-05,172.31.36.0-255,66,11960,12,148929
16635,5.9e-05,172.217.194.0-255,2148,14108,12,148929
16636,6.2e-05,172.31.36.0-255,66,14174,12,148929
16637,0.000102,172.217.194.0-255,4320,18494,12,148929
16638,0.000107,172.31.36.0-255,66,18560,12,148929
16639,0.000127,172.217.194.0-255,7156,25716,12,148929
16640,0.00013,172.31.36.0-255,66,25782,12,148929
16641,0.000141,172.31.36.0-255,66,25848,12,148929
16642,0.000164,172.217.194.0-255,4320,30168,12,148929
16643,0.000166,172.31.36.0-255,66,30234,12,148929
16644,0.000197,172.31.36.0-255,66,30300,12,148929
16645,0.000203,172.217.194.0-255,4320,34620,12,148929
16646,0.000205,172.31.36.0-255,66,34686,12,148929
16647,0.000229,172.31.36.0-255,66,34752,12,148929
16648,0.000234,172.217.194.0-255,2543,37295,12,148929
16649,0.000236,172.31.36.0-255,66,37361,12,148929
16650,0.000335,172.217.194.0-255,362,37723,12,148929
16651,0.000339,172.31.36.0-255,66,37789,12,148929
16652,0.000343,172.217.194.0-255,382,38171,12,148929
16653,0.000345,172.31.36.0-255,66,38237,12,148929
16654,0.000478,172.217.194.0-255,1484,39721,12,148929
16655,0.000483,172.31.36.0-255,66,39787,12,148929
16656,0.000489,172.217.194.0-255,2902,42689,12,148929
16657,0.000492,172.31.36.0-255,66,42755,12,148929
16658,0.000495,172.217.194.0-255,1484,44239,12,148929
16659,0.000513,172.217.194.0-255,4320,48559,12,148929
16660,0.000516,172.31.36.0-255,66,48625,12,148929
16661,0.000541,172.217.194.0-255,1484,50109,12,148929
16662,0.00056,172.217.194.0-255,5379,55488,12,148929
16663,0.000563,172.31.36.0-255,66,55554,12,148929
16664,0.00057,172.217.194.0-255,7156,62710,12,148929
16665,0.000573,172.31.36.0-255,66,62776,12,148929
16666,0.000577,172.217.194.0-255,2902,65678,12,148929
16667,0.000579,172.31.36.0-255,66,65744,12,148929
16668,0.000607,172.217.194.0-255,6247,71991,12,148929
16669,0.00061,172.31.36.0-255,66,72057,12,148929
16670,0.001018,172.217.194.0-255,1484,73541,12,148929
16671,0.001025,172.217.194.0-255,2902,76443,12,148929
16672,0.001028,172.31.36.0-255,66,76509,12,148929
16673,0.001053,172.217.194.0-255,5738,82247,12,148929
16674,0.001056,172.31.36.0-255,66,82313,12,148929
16675,0.001069,172.31.36.0-255,66,82379,12,148929
16676,0.001097,172.217.194.0-255,2902,85281,12,148929
16677,0.001099,172.31.36.0-255,66,85347,12,148929
16678,0.001112,172.31.36.0-255,66,85413,12,148929
16679,0.001736,172.217.194.0-255,1484,86897,12,148929
16680,0.001743,172.217.194.0-255,2902,89799,12,148929
16681,0.001747,172.31.36.0-255,66,89865,12,148929
16682,0.001754,172.217.194.0-255,4320,94185,12,148929
16683,0.001756,172.31.36.0-255,66,94251,12,148929
16684,0.001769,172.217.194.0-255,1484,95735,12,148929
16685,0.001772,172.217.194.0-255,1484,97219,12,148929
16686,0.001774,172.31.36.0-255,66,97285,12,148929
16687,0.001786,172.31.36.0-255,66,97351,12,148929
16688,0.001823,172.31.36.0-255,66,97417,12,148929
16689,0.001843,172.217.194.0-255,5020,102437,12,148929
16690,0.001846,172.31.36.0-255,66,102503,12,148929
16691,0.001869,172.217.194.0-255,5738,108241,12,148929
16692,0.001873,172.31.36.0-255,66,108307,12,148929
16693,0.001897,172.217.194.0-255,7156,115463,12,148929
16694,0.0019,172.31.36.0-255,66,115529,12,148929
16695,0.001914,172.31.36.0-255,66,115595,12,148929
16696,0.001921,172.217.194.0-255,5738,121333,12,148929
16697,0.001923,172.31.36.0-255,66,121399,12,148929
16698,0.001952,172.31.36.0-255,66,121465,12,148929
16699,0.00197,172.31.36.0-255,66,121531,12,148929
16700,0.001976,172.217.194.0-255,3602,125133,12,148929
16701,0.001978,172.31.36.0-255,66,125199,12,148929
16702,0.002036,172.31.36.0-255,66,125265,12,148929
16703,0.002059,172.217.194.0-255,4320,129585,12,148929
16704,0.002061,172.31.36.0-255,66,129651,12,148929
16705,0.002071,172.217.194.0-255,2902,132553,12,148929
16706,0.002073,172.31.36.0-255,66,132619,12,148929
16707,0.002115,172.31.36.0-255,66,132685,12,148929
16708,0.002119,172.217.194.0-255,1484,134169,12,148929
16709,0.002138,172.31.36.0-255,66,134235,12,148929
16710,0.00215,172.31.36.0-255,66,134301,12,148929
16711,0.002233,172.31.36.0-255,66,134367,12,148929
16712,0.002246,172.31.36.0-255,66,134433,12,148929
16713,0.00226,172.217.194.0-255,2902,137335,12,148929
16714,0.002327,172.31.36.0-255,66,137401,12,148929
16715,0.002353,172.217.194.0-255,6438,143839,12,148929
16716,0.002356,172.217.194.0-255,1484,145323,12,148929
16717,0.002361,172.217.194.0-255,3264,148587,12,148929
16718,0.002375,172.217.194.0-255,105,148692,12,148929
16719,0.0024,172.31.36.0-255,66,148758,12,148929
16720,0.004527,172.31.36.0-255,105,148863,12,148929
16721,0.006768,172.217.194.0-255,66,148929,12,148929
16722,0.0,74.125.68.0-255,153,153,12,165900
16723,2.2e-05,172.31.36.0-255,66,219,12,165900
16724,4.8e-05,74.125.68.0-255,1484,1703,12,165900
16725,5.2e-05,172.31.36.0-255,66,1769,12,165900
16726,8.8e-05,74.125.68.0-255,1484,3253,12,165900
16727,9e-05,172.31.36.0-255,66,3319,12,165900
16728,0.000108,74.125.68.0-255,2902,6221,12,165900
16729,0.000111,172.31.36.0-255,66,6287,12,165900
16730,0.000129,74.125.68.0-255,1484,7771,12,165900
16731,0.000131,172.31.36.0-255,66,7837,12,165900
16732,0.000159,74.125.68.0-255,2902,10739,12,165900
16733,0.000162,172.31.36.0-255,66,10805,12,165900
16734,0.000168,74.125.68.0-255,4884,15689,12,165900
16735,0.000171,172.31.36.0-255,66,15755,12,165900
16736,0.000174,74.125.68.0-255,1484,17239,12,165900
16737,0.000178,172.31.36.0-255,66,17305,12,165900
16738,0.000213,172.31.36.0-255,66,17371,12,165900
16739,0.00023,74.125.68.0-255,4320,21691,12,165900
16740,0.000233,172.31.36.0-255,66,21757,12,165900
16741,0.000251,74.125.68.0-255,1125,22882,12,165900
16742,0.000253,172.31.36.0-255,66,22948,12,165900
16743,0.000431,74.125.68.0-255,1484,24432,12,165900
16744,0.000435,172.31.36.0-255,66,24498,12,165900
16745,0.000452,74.125.68.0-255,2902,27400,12,165900
16746,0.000455,172.31.36.0-255,66,27466,12,165900
16747,0.000462,74.125.68.0-255,4320,31786,12,165900
16748,0.000464,172.31.36.0-255,66,31852,12,165900
16749,0.000484,74.125.68.0-255,1484,33336,12,165900
16750,0.000487,172.31.36.0-255,66,33402,12,165900
16751,0.000493,74.125.68.0-255,5738,39140,12,165900
16752,0.000495,172.31.36.0-255,66,39206,12,165900
16753,0.000498,74.125.68.0-255,1484,40690,12,165900
16754,0.000523,74.125.68.0-255,5738,46428,12,165900
16755,0.000525,172.31.36.0-255,66,46494,12,165900
16756,0.000561,172.31.36.0-255,66,46560,12,165900
16757,0.000637,74.125.68.0-255,396,46956,12,165900
16758,0.00066,74.125.68.0-255,115,47071,12,165900
16759,0.000987,74.125.68.0-255,1484,48555,12,165900
16760,0.000992,172.31.36.0-255,66,48621,12,165900
16761,0.000998,74.125.68.0-255,2902,51523,12,165900
16762,0.001,172.31.36.0-255,66,51589,12,165900
16763,0.001026,74.125.68.0-255,5738,57327,12,165900
16764,0.001029,172.31.36.0-255,66,57393,12,165900
16765,0.001036,74.125.68.0-255,5738,63131,12,165900
16766,0.001037,172.31.36.0-255,66,63197,12,165900
16767,0.001053,74.125.68.0-255,4320,67517,12,165900
16768,0.001055,172.31.36.0-255,66,67583,12,165900
16769,0.001078,74.125.68.0-255,2902,70485,12,165900
16770,0.00108,172.31.36.0-255,66,70551,12,165900
16771,0.001085,74.125.68.0-255,2902,73453,12,165900
16772,0.001088,172.31.36.0-255,66,73519,12,165900
16773,0.001114,172.31.36.0-255,66,73585,12,165900
16774,0.002202,74.125.68.0-255,1484,75069,12,165900
16775,0.002214,74.125.68.0-255,2902,77971,12,165900
16776,0.002219,172.31.36.0-255,66,78037,12,165900
16777,0.002227,74.125.68.0-255,5738,83775,12,165900
16778,0.002229,172.31.36.0-255,66,83841,12,165900
16779,0.002247,74.125.68.0-255,2902,86743,12,165900
16780,0.002249,172.31.36.0-255,66,86809,12,165900
16781,0.002284,172.31.36.0-255,66,86875,12,165900
16782,0.002324,74.125.68.0-255,5738,92613,12,165900
16783,0.002326,172.31.36.0-255,66,92679,12,165900
16784,0.002345,74.125.68.0-255,5020,97699,12,165900
16785,0.002348,172.31.36.0-255,66,97765,12,165900
16786,0.004683,74.125.68.0-255,5738,103503,12,165900
16787,0.004687,172.31.36.0-255,66,103569,12,165900
16788,0.007153,74.125.68.0-255,5738,109307,12,165900
16789,0.007159,172.31.36.0-255,66,109373,12,165900
16790,0.009494,74.125.68.0-255,5738,115111,12,165900
16791,0.009502,172.31.36.0-255,66,115177,12,165900
16792,0.01185,74.125.68.0-255,5738,120915,12,165900
16793,0.011858,172.31.36.0-255,66,120981,12,165900
16794,0.014199,74.125.68.0-255,5738,126719,12,165900
16795,0.014209,172.31.36.0-255,66,126785,12,165900
16796,0.01654,74.125.68.0-255,5738,132523,12,165900
16797,0.016546,172.31.36.0-255,66,132589,12,165900
16798,0.018895,74.125.68.0-255,5738,138327,12,165900
16799,0.018908,172.31.36.0-255,66,138393,12,165900
16800,0.021247,74.125.68.0-255,5738,144131,12,165900
16801,0.021255,172.31.36.0-255,66,144197,12,165900
16802,0.023599,74.125.68.0-255,5738,149935,12,165900
16803,0.023607,172.31.36.0-255,66,150001,12,165900
16804,0.025944,74.125.68.0-255,5738,155739,12,165900
16805,0.025951,172.31.36.0-255,66,155805,12,165900
16806,0.027002,172.31.36.0-255,172,155977,12,165900
16807,0.027057,172.31.36.0-255,1106,157083,12,165900
16808,0.027107,172.31.36.0-255,1514,158597,12,165900
16809,0.027108,172.31.36.0-255,1301,159898,12,165900
16810,0.028314,74.125.68.0-255,5738,165636,12,165900
16811,0.02832,172.31.36.0-255,66,165702,12,165900
16812,0.028552,104.244.42.0-255,66,165768,12,165900
16813,0.028596,104.244.42.0-255,66,165834,12,165900
16814,0.028693,104.244.42.0-255,66,165900,12,165900
16815,0.0,74.125.68.0-255,153,153,12,191517
16816,3.3e-05,172.31.36.0-255,66,219,12,191517
16817,4.1e-05,74.125.68.0-255,1484,1703,12,191517
16818,4.5e-05,172.31.36.0-255,66,1769,12,191517
16819,5.8e-05,74.125.68.0-255,2902,4671,12,191517
16820,6e-05,172.31.36.0-255,66,4737,12,191517
16821,6.6e-05,74.125.68.0-255,5738,10475,12,191517
16822,6.9e-05,172.31.36.0-255,66,10541,12,191517
16823,0.000101,74.125.68.0-255,2902,13443,12,191517
16824,0.000104,172.31.36.0-255,66,13509,12,191517
16825,0.000136,74.125.68.0-255,3478,16987,12,191517
16826,0.000139,172.31.36.0-255,66,17053,12,191517
16827,0.000143,74.125.68.0-255,1484,18537,12,191517
16828,0.000145,172.31.36.0-255,66,18603,12,191517
16829,0.000148,74.125.68.0-255,1484,20087,12,191517
16830,0.000149,172.31.36.0-255,66,20153,12,191517
16831,0.000187,172.31.36.0-255,66,20219,12,191517
16832,0.000192,74.125.68.0-255,2543,22762,12,191517
16833,0.000194,172.31.36.0-255,66,22828,12,191517
16834,0.000339,74.125.68.0-255,1484,24312,12,191517
16835,0.000344,172.31.36.0-255,66,24378,12,191517
16836,0.00035,74.125.68.0-255,2902,27280,12,191517
16837,0.000355,172.31.36.0-255,66,27346,12,191517
16838,0.000376,74.125.68.0-255,5738,33084,12,191517
16839,0.000379,172.31.36.0-255,66,33150,12,191517
16840,0.00041,74.125.68.0-255,6797,39947,12,191517
16841,0.000414,172.31.36.0-255,66,40013,12,191517
16842,0.00043,74.125.68.0-255,1484,41497,12,191517
16843,0.000434,172.31.36.0-255,66,41563,12,191517
16844,0.000453,74.125.68.0-255,2902,44465,12,191517
16845,0.000455,172.31.36.0-255,66,44531,12,191517
16846,0.000482,74.125.68.0-255,4320,48851,12,191517
16847,0.000485,172.31.36.0-255,66,48917,12,191517
16848,0.000515,74.125.68.0-255,5738,54655,12,191517
16849,0.000518,172.31.36.0-255,66,54721,12,191517
16850,0.000523,74.125.68.0-255,2543,57264,12,191517
16851,0.000525,172.31.36.0-255,66,57330,12,191517
16852,0.000678,74.125.68.0-255,397,57727,12,191517
16853,0.000753,74.125.68.0-255,348,58075,12,191517
16854,0.000838,172.31.36.0-255,66,58141,12,191517
16855,0.001312,74.125.68.0-255,1484,59625,12,191517
16856,0.001321,74.125.68.0-255,1484,61109,12,191517
16857,0.001326,172.31.36.0-255,66,61175,12,191517
16858,0.001368,74.125.68.0-255,2902,64077,12,191517
16859,0.001372,172.31.36.0-255,66,64143,12,191517
16860,0.001381,74.125.68.0-255,5738,69881,12,191517
16861,0.001383,172.31.36.0-255,66,69947,12,191517
16862,0.001395,74.125.68.0-255,5738,75685,12,191517
16863,0.001397,172.31.36.0-255,66,75751,12,191517
16864,0.001404,74.125.68.0-255,7156,82907,12,191517
16865,0.001406,172.31.36.0-255,66,82973,12,191517
16866,0.001455,172.31.36.0-255,66,83039,12,191517
16867,0.001927,74.125.68.0-255,1484,84523,12,191517
16868,0.001949,74.125.68.0-255,2902,87425,12,191517
16869,0.001951,172.31.36.0-255,66,87491,12,191517
16870,0.00198,74.125.68.0-255,5738,93229,12,191517
16871,0.001982,172.31.36.0-255,66,93295,12,191517
16872,0.001985,74.125.68.0-255,1484,94779,12,191517
16873,0.002007,74.125.68.0-255,2902,97681,12,191517
16874,0.002009,172.31.36.0-255,66,97747,12,191517
16875,0.002014,74.125.68.0-255,4320,102067,12,191517
16876,0.002015,172.31.36.0-255,66,102133,12,191517
16877,0.002031,74.125.68.0-255,1484,103617,12,191517
16878,0.002038,74.125.68.0-255,7156,110773,12,191517
16879,0.002045,172.31.36.0-255,66,110839,12,191517
16880,0.002083,74.125.68.0-255,1484,112323,12,191517
16881,0.002104,74.125.68.0-255,5020,117343,12,191517
16882,0.002107,172.31.36.0-255,66,117409,12,191517
16883,0.004331,74.125.68.0-255,5738,123147,12,191517
16884,0.004336,172.31.36.0-255,66,123213,12,191517
16885,0.006558,74.125.68.0-255,5738,128951,12,191517
16886,0.006564,172.31.36.0-255,66,129017,12,191517
16887,0.0088,74.125.68.0-255,5738,134755,12,191517
16888,0.008806,172.31.36.0-255,66,134821,12,191517
16889,0.011034,74.125.68.0-255,5738,140559,12,191517
16890,0.011041,172.31.36.0-255,66,140625,12,191517
16891,0.013273,74.125.68.0-255,5738,146363,12,191517
16892,0.013282,172.31.36.0-255,66,146429,12,191517
16893,0.015511,74.125.68.0-255,5738,152167,12,191517
16894,0.015519,172.31.36.0-255,66,152233,12,191517
16895,0.017739,74.125.68.0-255,5738,157971,12,191517
16896,0.017746,172.31.36.0-255,66,158037,12,191517
16897,0.019975,74.125.68.0-255,5738,163775,12,191517
16898,0.019983,172.31.36.0-255,66,163841,12,191517
16899,0.022222,74.125.68.0-255,5738,169579,12,191517
16900,0.022236,172.31.36.0-255,66,169645,12,191517
16901,0.022388,172.31.36.0-255,101,169746,12,191517
16902,0.024464,74.125.68.0-255,5738,175484,12,191517
16903,0.02447,172.31.36.0-255,66,175550,12,191517
16904,0.024564,74.125.68.0-255,66,175616,12,191517
16905,0.026377,172.31.36.0-255,172,175788,12,191517
16906,0.026406,172.31.36.0-255,1108,176896,12,191517
16907,0.026455,172.31.36.0-255,1514,178410,12,191517
16908,0.026457,172.31.36.0-255,1301,179711,12,191517
16909,0.026694,74.125.68.0-255,5738,185449,12,191517
16910,0.0267,172.31.36.0-255,66,185515,12,191517
16911,0.027908,104.244.42.0-255,66,185581,12,191517
16912,0.027935,104.244.42.0-255,66,185647,12,191517
16913,0.028021,104.244.42.0-255,66,185713,12,191517
16914,0.028937,74.125.68.0-255,5738,191451,12,191517
16915,0.028941,172.31.36.0-255,66,191517,12,191517
16916,0.0,74.125.130.0-255,153,153,12,301136
16917,2.3e-05,172.31.36.0-255,66,219,12,301136
16918,3.1e-05,74.125.130.0-255,1484,1703,12,301136
16919,3.5e-05,172.31.36.0-255,66,1769,12,301136
16920,4.1e-05,74.125.130.0-255,2902,4671,12,301136
16921,4.3e-05,172.31.36.0-255,66,4737,12,301136
16922,4.7e-05,74.125.130.0-255,1484,6221,12,301136
16923,5e-05,172.31.36.0-255,66,6287,12,301136
16924,7.2e-05,74.125.130.0-255,2902,9189,12,301136
16925,7.5e-05,172.31.36.0-255,66,9255,12,301136
16926,9.3e-05,74.125.130.0-255,2902,12157,12,301136
16927,9.6e-05,172.31.36.0-255,66,12223,12,301136
16928,0.000126,74.125.130.0-255,6289,18512,12,301136
16929,0.000129,172.31.36.0-255,66,18578,12,301136
16930,0.000134,74.125.130.0-255,4320,22898,12,301136
16931,0.000136,172.31.36.0-255,66,22964,12,301136
16932,0.000161,74.125.130.0-255,2902,25866,12,301136
16933,0.000164,172.31.36.0-255,66,25932,12,301136
16934,0.000186,74.125.130.0-255,5379,31311,12,301136
16935,0.000188,172.31.36.0-255,66,31377,12,301136
16936,0.000282,74.125.130.0-255,1484,32861,12,301136
16937,0.000286,172.31.36.0-255,66,32927,12,301136
16938,0.00029,74.125.130.0-255,1484,34411,12,301136
16939,0.000292,172.31.36.0-255,66,34477,12,301136
16940,0.000307,74.125.130.0-255,2902,37379,12,301136
16941,0.00031,172.31.36.0-255,66,37445,12,301136
16942,0.000335,74.125.130.0-255,5738,43183,12,301136
16943,0.000338,172.31.36.0-255,66,43249,12,301136
16944,0.00036,74.125.130.0-255,6797,50046,12,301136
16945,0.000362,172.31.36.0-255,66,50112,12,301136
16946,0.000367,74.125.130.0-255,2902,53014,12,301136
16947,0.00037,172.31.36.0-255,66,53080,12,301136
16948,0.000385,74.125.130.0-255,4320,57400,12,301136
16949,0.000387,172.31.36.0-255,66,57466,12,301136
16950,0.000405,74.125.130.0-255,7156,64622,12,301136
16951,0.000407,172.31.36.0-255,66,64688,12,301136
16952,0.00042,74.125.130.0-255,1125,65813,12,301136
16953,0.000715,74.125.130.0-255,343,66156,12,301136
16954,0.001062,172.31.36.0-255,66,66222,12,301136
16955,0.001079,74.125.130.0-255,116,66338,12,301136
16956,0.001098,172.31.36.0-255,66,66404,12,301136
16957,0.001127,74.125.130.0-255,1484,67888,12,301136
16958,0.001149,74.125.130.0-255,2902,70790,12,301136
16959,0.001152,172.31.36.0-255,66,70856,12,301136
16960,0.001173,74.125.130.0-255,4320,75176,12,301136
16961,0.001175,172.31.36.0-255,66,75242,12,301136
16962,0.001211,74.125.130.0-255,5738,80980,12,301136
16963,0.001214,172.31.36.0-255,66,81046,12,301136
16964,0.001233,74.125.130.0-255,2902,83948,12,301136
16965,0.001235,172.31.36.0-255,66,84014,12,301136
16966,0.001264,74.125.130.0-255,4320,88334,12,301136
16967,0.001266,172.31.36.0-255,66,88400,12,301136
16968,0.001285,74.125.130.0-255,5738,94138,12,301136
16969,0.001288,172.31.36.0-255,66,94204,12,301136
16970,0.00129,74.125.130.0-255,1484,95688,12,301136
16971,0.001295,74.125.130.0-255,2902,98590,12,301136
16972,0.001297,172.31.36.0-255,66,98656,12,301136
16973,0.001314,74.125.130.0-255,2184,100840,12,301136
16974,0.001316,172.31.36.0-255,66,100906,12,301136
16975,0.001546,74.125.130.0-255,1484,102390,12,301136
16976,0.001557,74.125.130.0-255,1484,103874,12,301136
16977,0.001562,172.31.36.0-255,66,103940,12,301136
16978,0.001574,74.125.130.0-255,2902,106842,12,301136
16979,0.001576,172.31.36.0-255,66,106908,12,301136
16980,0.001599,74.125.130.0-255,1484,108392,12,301136
16981,0.001623,74.125.130.0-255,4320,112712,12,301136
16982,0.001626,172.31.36.0-255,66,112778,12,301136
16983,0.001629,74.125.130.0-255,1484,114262,12,301136
16984,0.001664,172.31.36.0-255,66,114328,12,301136
16985,0.001667,74.125.130.0-255,1484,115812,12,301136
16986,0.00167,74.125.130.0-255,1484,117296,12,301136
16987,0.001672,172.31.36.0-255,66,117362,12,301136
16988,0.001684,74.125.130.0-255,1484,118846,12,301136
16989,0.001701,74.125.130.0-255,2902,121748,12,301136
16990,0.001704,172.31.36.0-255,66,121814,12,301136
16991,0.001723,74.125.130.0-255,2902,124716,12,301136
16992,0.001726,172.31.36.0-255,66,124782,12,301136
16993,0.001729,74.125.130.0-255,1484,126266,12,301136
16994,0.001745,74.125.130.0-255,2184,128450,12,301136
16995,0.001747,172.31.36.0-255,66,128516,12,301136
16996,0.001762,74.125.130.0-255,1484,130000,12,301136
16997,0.001783,74.125.130.0-255,2902,132902,12,301136
16998,0.001785,172.31.36.0-255,66,132968,12,301136
16999,0.001804,74.125.130.0-255,5738,138706,12,301136
17000,0.001806,172.31.36.0-255,66,138772,12,301136
17001,0.00181,74.125.130.0-255,1484,140256,12,301136
17002,0.00183,74.125.130.0-255,2902,143158,12,301136
17003,0.001833,172.31.36.0-255,66,143224,12,301136
17004,0.001852,74.125.130.0-255,2902,146126,12,301136
17005,0.001854,172.31.36.0-255,66,146192,12,301136
17006,0.001873,74.125.130.0-255,2902,149094,12,301136
17007,0.001875,74.125.130.0-255,1484,150578,12,301136
17008,0.001878,172.31.36.0-255,66,150644,12,301136
17009,0.001921,172.31.36.0-255,66,150710,12,301136
17010,0.001925,74.125.130.0-255,2184,152894,12,301136
17011,0.001927,172.31.36.0-255,66,152960,12,301136
17012,0.002015,74.125.130.0-255,1484,154444,12,301136
17013,0.002034,74.125.130.0-255,2902,157346,12,301136
17014,0.002037,172.31.36.0-255,66,157412,12,301136
17015,0.00206,74.125.130.0-255,5738,163150,12,301136
17016,0.002062,172.31.36.0-255,66,163216,12,301136
17017,0.002066,74.125.130.0-255,2902,166118,12,301136
17018,0.002068,172.31.36.0-255,66,166184,12,301136
17019,0.002093,74.125.130.0-255,4320,170504,12,301136
17020,0.002097,172.31.36.0-255,66,170570,12,301136
17021,0.002107,74.125.130.0-255,4320,174890,12,301136
17022,0.002109,172.31.36.0-255,66,174956,12,301136
17023,0.002128,74.125.130.0-255,4320,179276,12,301136
17024,0.00213,172.31.36.0-255,66,179342,12,301136
17025,0.002137,74.125.130.0-255,5738,185080,12,301136
17026,0.002139,172.31.36.0-255,66,185146,12,301136
17027,0.002193,74.125.130.0-255,2184,187330,12,301136
17028,0.002197,172.31.36.0-255,66,187396,12,301136
17029,0.00228,74.125.130.0-255,1484,188880,12,301136
17030,0.0023,74.125.130.0-255,2902,191782,12,301136
17031,0.002304,172.31.36.0-255,66,191848,12,301136
17032,0.00231,74.125.130.0-255,5738,197586,12,301136
17033,0.002313,172.31.36.0-255,66,197652,12,301136
17034,0.002316,74.125.130.0-255,1484,199136,12,301136
17035,0.00234,74.125.130.0-255,5738,204874,12,301136
17036,0.002343,172.31.36.0-255,66,204940,12,301136
17037,0.00235,74.125.130.0-255,5738,210678,12,301136
17038,0.002352,172.31.36.0-255,66,210744,12,301136
17039,0.002379,74.125.130.0-255,2902,213646,12,301136
17040,0.00239,172.31.36.0-255,66,213712,12,301136
17041,0.002393,172.31.36.0-255,66,213778,12,301136
17042,0.002412,74.125.130.0-255,5738,219516,12,301136
17043,0.002415,172.31.36.0-255,66,219582,12,301136
17044,0.002442,74.125.130.0-255,2902,222484,12,301136
17045,0.002445,172.31.36.0-255,66,222550,12,301136
17046,0.002455,74.125.130.0-255,2902,225452,12,301136
17047,0.002458,172.31.36.0-255,66,225518,12,301136
17048,0.002463,74.125.130.0-255,4320,229838,12,301136
17049,0.002465,172.31.36.0-255,66,229904,12,301136
17050,0.002483,74.125.130.0-255,4320,234224,12,301136
17051,0.002486,172.31.36.0-255,66,234290,12,301136
17052,0.00251,74.125.130.0-255,4320,238610,12,301136
17053,0.002512,172.31.36.0-255,66,238676,12,301136
17054,0.002525,172.31.36.0-255,66,238742,12,301136
17055,0.002612,74.125.130.0-255,1484,240226,12,301136
17056,0.002634,74.125.130.0-255,1484,241710,12,301136
17057,0.002638,172.31.36.0-255,66,241776,12,301136
17058,0.005124,74.125.130.0-255,2902,244678,12,301136
17059,0.005132,172.31.36.0-255,66,244744,12,301136
17060,0.005232,74.125.130.0-255,1484,246228,12,301136
17061,0.005247,74.125.130.0-255,1484,247712,12,301136
17062,0.00525,172.31.36.0-255,66,247778,12,301136
17063,0.007733,74.125.130.0-255,2902,250680,12,301136
17064,0.007737,172.31.36.0-255,66,250746,12,301136
17065,0.007834,74.125.130.0-255,1484,252230,12,301136
17066,0.007854,74.125.130.0-255,1484,253714,12,301136
17067,0.007856,172.31.36.0-255,66,253780,12,301136
17068,0.010345,74.125.130.0-255,2902,256682,12,301136
17069,0.010352,172.31.36.0-255,66,256748,12,301136
17070,0.010468,74.125.130.0-255,2902,259650,12,301136
17071,0.010473,172.31.36.0-255,66,259716,12,301136
17072,0.012968,74.125.130.0-255,2902,262618,12,301136
17073,0.012976,172.31.36.0-255,66,262684,12,301136
17074,0.01308,74.125.130.0-255,2902,265586,12,301136
17075,0.013085,172.31.36.0-255,66,265652,12,301136
17076,0.015596,74.125.130.0-255,2902,268554,12,301136
17077,0.015606,172.31.36.0-255,66,268620,12,301136
17078,0.015678,74.125.130.0-255,2902,271522,12,301136
17079,0.015688,172.31.36.0-255,66,271588,12,301136
17080,0.018231,74.125.130.0-255,2902,274490,12,301136
17081,0.018244,172.31.36.0-255,66,274556,12,301136
17082,0.018293,74.125.130.0-255,2902,277458,12,301136
17083,0.018296,172.31.36.0-255,66,277524,12,301136
17084,0.020872,74.125.130.0-255,2902,280426,12,301136
17085,0.020881,172.31.36.0-255,66,280492,12,301136
17086,0.020941,74.125.130.0-255,2902,283394,12,301136
17087,0.020945,172.31.36.0-255,66,283460,12,301136
17088,0.023493,74.125.130.0-255,2902,286362,12,301136
17089,0.023501,172.31.36.0-255,66,286428,12,301136
17090,0.023545,74.125.130.0-255,2902,289330,12,301136
17091,0.023548,172.31.36.0-255,66,289396,12,301136
17092,0.026125,74.125.130.0-255,2902,292298,12,301136
17093,0.026135,172.31.36.0-255,66,292364,12,301136
17094,0.026158,74.125.130.0-255,2902,295266,12,301136
17095,0.026161,172.31.36.0-255,66,295332,12,301136
17096,0.028768,74.125.130.0-255,5738,301070,12,301136
17097,0.028776,172.31.36.0-255,66,301136,12,301136
17098,0.0,172.217.194.0-255,153,153,12,195505
17099,2.7e-05,172.31.36.0-255,66,219,12,195505
17100,3.3e-05,172.217.194.0-255,1484,1703,12,195505
17101,3.7e-05,172.31.36.0-255,66,1769,12,195505
17102,4.2e-05,172.217.194.0-255,2902,4671,12,195505
17103,4.5e-05,172.31.36.0-255,66,4737,12,195505
17104,4.7e-05,172.217.194.0-255,1484,6221,12,195505
17105,5e-05,172.31.36.0-255,66,6287,12,195505
17106,7.6e-05,172.217.194.0-255,5738,12025,12,195505
17107,7.9e-05,172.31.36.0-255,66,12091,12,195505
17108,8.3e-05,172.217.194.0-255,2038,14129,12,195505
17109,8.5e-05,172.31.36.0-255,66,14195,12,195505
17110,0.000425,172.217.194.0-255,1484,15679,12,195505
17111,0.000429,172.31.36.0-255,66,15745,12,195505
17112,0.000435,172.217.194.0-255,2902,18647,12,195505
17113,0.000437,172.31.36.0-255,66,18713,12,195505
17114,0.000441,172.217.194.0-255,1484,20197,12,195505
17115,0.000442,172.31.36.0-255,66,20263,12,195505
17116,0.00047,172.217.194.0-255,4320,24583,12,195505
17117,0.000473,172.31.36.0-255,66,24649,12,195505
17118,0.00049,172.217.194.0-255,5738,30387,12,195505
17119,0.000493,172.31.36.0-255,66,30453,12,195505
17120,0.000527,172.217.194.0-255,6797,37250,12,195505
17121,0.00053,172.31.36.0-255,66,37316,12,195505
17122,0.000543,172.31.36.0-255,66,37382,12,195505
17123,0.00056,172.31.36.0-255,66,37448,12,195505
17124,0.000568,172.217.194.0-255,339,37787,12,195505
17125,0.000571,172.31.36.0-255,66,37853,12,195505
17126,0.000604,172.217.194.0-255,122,37975,12,195505
17127,0.000607,172.31.36.0-255,66,38041,12,195505
17128,0.000727,172.217.194.0-255,1484,39525,12,195505
17129,0.000732,172.217.194.0-255,1484,41009,12,195505
17130,0.000734,172.31.36.0-255,66,41075,12,195505
17131,0.000748,172.217.194.0-255,1484,42559,12,195505
17132,0.000762,172.217.194.0-255,4320,46879,12,195505
17133,0.000765,172.31.36.0-255,66,46945,12,195505
17134,0.000782,172.217.194.0-255,1484,48429,12,195505
17135,0.000788,172.217.194.0-255,5738,54167,12,195505
17136,0.00079,172.31.36.0-255,66,54233,12,195505
17137,0.000814,172.217.194.0-255,7156,61389,12,195505
17138,0.000817,172.31.36.0-255,66,61455,12,195505
17139,0.00082,172.217.194.0-255,1484,62939,12,195505
17140,0.000862,172.31.36.0-255,66,63005,12,195505
17141,0.001209,172.217.194.0-255,1484,64489,12,195505
17142,0.001218,172.217.194.0-255,2902,67391,12,195505
17143,0.001221,172.31.36.0-255,66,67457,12,195505
17144,0.001247,172.217.194.0-255,5738,73195,12,195505
17145,0.001249,172.31.36.0-255,66,73261,12,195505
17146,0.001255,172.217.194.0-255,4320,77581,12,195505
17147,0.001257,172.31.36.0-255,66,77647,12,195505
17148,0.00129,172.217.194.0-255,7156,84803,12,195505
17149,0.001294,172.31.36.0-255,66,84869,12,195505
17150,0.001299,172.217.194.0-255,2902,87771,12,195505
17151,0.001301,172.31.36.0-255,66,87837,12,195505
17152,0.001321,172.217.194.0-255,7156,94993,12,195505
17153,0.001324,172.31.36.0-255,66,95059,12,195505
17154,0.001344,172.217.194.0-255,2184,97243,12,195505
17155,0.001347,172.31.36.0-255,66,97309,12,195505
17156,0.002035,172.217.194.0-255,1484,98793,12,195505
17157,0.002045,172.217.194.0-255,2902,101695,12,195505
17158,0.002049,172.31.36.0-255,66,101761,12,195505
17159,0.002056,172.217.194.0-255,5738,107499,12,195505
17160,0.002058,172.31.36.0-255,66,107565,12,195505
17161,0.002064,172.217.194.0-255,5738,113303,12,195505
17162,0.002066,172.31.36.0-255,66,113369,12,195505
17163,0.002092,172.217.194.0-255,1484,114853,12,195505
17164,0.002106,172.31.36.0-255,66,114919,12,195505
17165,0.00211,172.217.194.0-255,2184,117103,12,195505
17166,0.002112,172.31.36.0-255,66,117169,12,195505
17167,0.002383,172.217.194.0-255,1484,118653,12,195505
17168,0.002388,172.217.194.0-255,2902,121555,12,195505
17169,0.002391,172.31.36.0-255,66,121621,12,195505
17170,0.002398,172.217.194.0-255,4320,125941,12,195505
17171,0.0024,172.31.36.0-255,66,126007,12,195505
17172,0.002422,172.217.194.0-255,1484,127491,12,195505
17173,0.002429,172.217.194.0-255,7156,134647,12,195505
17174,0.002431,172.31.36.0-255,66,134713,12,195505
17175,0.002448,172.217.194.0-255,2902,137615,12,195505
17176,0.00245,172.31.36.0-255,66,137681,12,195505
17177,0.002492,172.31.36.0-255,66,137747,12,195505
17178,0.002496,172.217.194.0-255,2184,139931,12,195505
17179,0.002498,172.31.36.0-255,66,139997,12,195505
17180,0.00505,172.217.194.0-255,4320,144317,12,195505
17181,0.005055,172.31.36.0-255,66,144383,12,195505
17182,0.005072,172.217.194.0-255,1484,145867,12,195505
17183,0.007615,172.217.194.0-255,2902,148769,12,195505
17184,0.007622,172.31.36.0-255,66,148835,12,195505
17185,0.007645,172.217.194.0-255,1484,150319,12,195505
17186,0.010217,172.217.194.0-255,4320,154639,12,195505
17187,0.010225,172.31.36.0-255,66,154705,12,195505
17188,0.012817,172.217.194.0-255,5738,160443,12,195505
17189,0.012826,172.31.36.0-255,66,160509,12,195505
17190,0.015378,172.217.194.0-255,5738,166247,12,195505
17191,0.015385,172.31.36.0-255,66,166313,12,195505
17192,0.017975,172.217.194.0-255,5738,172051,12,195505
17193,0.017981,172.31.36.0-255,66,172117,12,195505
17194,0.020557,172.217.194.0-255,5738,177855,12,195505
17195,0.020564,172.31.36.0-255,66,177921,12,195505
17196,0.023176,172.217.194.0-255,5738,183659,12,195505
17197,0.023185,172.31.36.0-255,66,183725,12,195505
17198,0.025791,172.217.194.0-255,5738,189463,12,195505
17199,0.025799,172.31.36.0-255,66,189529,12,195505
17200,0.028391,172.217.194.0-255,5738,195267,12,195505
17201,0.028406,172.31.36.0-255,66,195333,12,195505
17202,0.029998,172.31.36.0-255,172,195505,12,195505
17203,0.0,74.125.130.0-255,153,153,12,260030
17204,2.2e-05,172.31.36.0-255,66,219,12,260030
17205,2.9e-05,74.125.130.0-255,1484,1703,12,260030
17206,3.4e-05,172.31.36.0-255,66,1769,12,260030
17207,3.8e-05,74.125.130.0-255,1484,3253,12,260030
17208,4.9e-05,172.31.36.0-255,66,3319,12,260030
17209,8.1e-05,74.125.130.0-255,1484,4803,12,260030
17210,8.4e-05,172.31.36.0-255,66,4869,12,260030
17211,8.8e-05,74.125.130.0-255,1484,6353,12,260030
17212,9e-05,172.31.36.0-255,66,6419,12,260030
17213,9.6e-05,74.125.130.0-255,2902,9321,12,260030
17214,9.9e-05,172.31.36.0-255,66,9387,12,260030
17215,0.000103,74.125.130.0-255,1484,10871,12,260030
17216,0.000105,172.31.36.0-255,66,10937,12,260030
17217,0.000136,74.125.130.0-255,2902,13839,12,260030
17218,0.000139,172.31.36.0-255,66,13905,12,260030
17219,0.000165,74.125.130.0-255,4885,18790,12,260030
17220,0.000168,172.31.36.0-255,66,18856,12,260030
17221,0.000203,74.125.130.0-255,5738,24594,12,260030
17222,0.000206,172.31.36.0-255,66,24660,12,260030
17223,0.000209,74.125.130.0-255,1484,26144,12,260030
17224,0.00021,172.31.36.0-255,66,26210,12,260030
17225,0.000234,74.125.130.0-255,2902,29112,12,260030
17226,0.000237,172.31.36.0-255,66,29178,12,260030
17227,0.000266,74.125.130.0-255,2543,31721,12,260030
17228,0.000269,172.31.36.0-255,66,31787,12,260030
17229,0.000497,74.125.130.0-255,1484,33271,12,260030
17230,0.000503,172.31.36.0-255,66,33337,12,260030
17231,0.00051,74.125.130.0-255,2902,36239,12,260030
17232,0.000512,172.31.36.0-255,66,36305,12,260030
17233,0.000535,74.125.130.0-255,1484,37789,12,260030
17234,0.000537,172.31.36.0-255,66,37855,12,260030
17235,0.000566,74.125.130.0-255,2902,40757,12,260030
17236,0.000569,172.31.36.0-255,66,40823,12,260030
17237,0.000575,74.125.130.0-255,5738,46561,12,260030
17238,0.000577,172.31.36.0-255,66,46627,12,260030
17239,0.000627,74.125.130.0-255,2543,49170,12,260030
17240,0.00063,172.31.36.0-255,66,49236,12,260030
17241,0.000659,74.125.130.0-255,2902,52138,12,260030
17242,0.000662,172.31.36.0-255,66,52204,12,260030
17243,0.000666,74.125.130.0-255,1484,53688,12,260030
17244,0.000688,74.125.130.0-255,2902,56590,12,260030
17245,0.000691,172.31.36.0-255,66,56656,12,260030
17246,0.000709,74.125.130.0-255,4320,60976,12,260030
17247,0.000711,172.31.36.0-255,66,61042,12,260030
17248,0.000741,74.125.130.0-255,1484,62526,12,260030
17249,0.000744,74.125.130.0-255,1484,64010,12,260030
17250,0.000747,74.125.130.0-255,2795,66805,12,260030
17251,0.000753,172.31.36.0-255,66,66871,12,260030
17252,0.000756,172.31.36.0-255,66,66937,12,260030
17253,0.000844,74.125.130.0-255,119,67056,12,260030
17254,0.001224,74.125.130.0-255,1484,68540,12,260030
17255,0.00123,172.31.36.0-255,66,68606,12,260030
17256,0.00124,74.125.130.0-255,2902,71508,12,260030
17257,0.001242,172.31.36.0-255,66,71574,12,260030
17258,0.001275,74.125.130.0-255,5738,77312,12,260030
17259,0.001279,172.31.36.0-255,66,77378,12,260030
17260,0.001282,74.125.130.0-255,1484,78862,12,260030
17261,0.00131,74.125.130.0-255,2902,81764,12,260030
17262,0.001313,172.31.36.0-255,66,81830,12,260030
17263,0.001316,74.125.130.0-255,1484,83314,12,260030
17264,0.001343,74.125.130.0-255,4320,87634,12,260030
17265,0.001345,172.31.36.0-255,66,87700,12,260030
17266,0.001349,74.125.130.0-255,1484,89184,12,260030
17267,0.001353,74.125.130.0-255,2902,92086,12,260030
17268,0.001356,172.31.36.0-255,66,92152,12,260030
17269,0.001382,74.125.130.0-255,2902,95054,12,260030
17270,0.001385,172.31.36.0-255,66,95120,12,260030
17271,0.001419,74.125.130.0-255,2902,98022,12,260030
17272,0.001422,172.31.36.0-255,66,98088,12,260030
17273,0.001425,74.125.130.0-255,1484,99572,12,260030
17274,0.001429,74.125.130.0-255,2184,101756,12,260030
17275,0.001431,172.31.36.0-255,66,101822,12,260030
17276,0.001461,74.125.130.0-255,1484,103306,12,260030
17277,0.001466,74.125.130.0-255,2902,106208,12,260030
17278,0.001468,172.31.36.0-255,66,106274,12,260030
17279,0.00148,74.125.130.0-255,1484,107758,12,260030
17280,0.001502,74.125.130.0-255,2902,110660,12,260030
17281,0.001504,172.31.36.0-255,66,110726,12,260030
17282,0.001533,74.125.130.0-255,5738,116464,12,260030
17283,0.001535,172.31.36.0-255,66,116530,12,260030
17284,0.001538,74.125.130.0-255,1484,118014,12,260030
17285,0.001542,74.125.130.0-255,2902,120916,12,260030
17286,0.001545,172.31.36.0-255,66,120982,12,260030
17287,0.001567,74.125.130.0-255,2902,123884,12,260030
17288,0.00157,172.31.36.0-255,66,123950,12,260030
17289,0.0016,74.125.130.0-255,2902,126852,12,260030
17290,0.001602,172.31.36.0-255,66,126918,12,260030
17291,0.001605,74.125.130.0-255,1484,128402,12,260030
17292,0.00161,74.125.130.0-255,2902,131304,12,260030
17293,0.001612,172.31.36.0-255,66,131370,12,260030
17294,0.00164,74.125.130.0-255,2902,134272,12,260030
17295,0.001643,172.31.36.0-255,66,134338,12,260030
17296,0.001669,74.125.130.0-255,2184,136522,12,260030
17297,0.001672,172.31.36.0-255,66,136588,12,260030
17298,0.001701,74.125.130.0-255,1484,138072,12,260030
17299,0.001719,74.125.130.0-255,2902,140974,12,260030
17300,0.001723,172.31.36.0-255,66,141040,12,260030
17301,0.001726,74.125.130.0-255,1484,142524,12,260030
17302,0.001749,74.125.130.0-255,1484,144008,12,260030
17303,0.001752,172.31.36.0-255,66,144074,12,260030
17304,0.001758,74.125.130.0-255,4320,148394,12,260030
17305,0.00176,172.31.36.0-255,66,148460,12,260030
17306,0.001788,74.125.130.0-255,7156,155616,12,260030
17307,0.001791,172.31.36.0-255,66,155682,12,260030
17308,0.001819,74.125.130.0-255,1484,157166,12,260030
17309,0.001844,74.125.130.0-255,2902,160068,12,260030
17310,0.001847,172.31.36.0-255,66,160134,12,260030
17311,0.00185,74.125.130.0-255,1484,161618,12,260030
17312,0.001875,74.125.130.0-255,2902,164520,12,260030
17313,0.001878,172.31.36.0-255,66,164586,12,260030
17314,0.001904,74.125.130.0-255,2902,167488,12,260030
17315,0.001907,172.31.36.0-255,66,167554,12,260030
17316,0.001937,74.125.130.0-255,3602,171156,12,260030
17317,0.001941,172.31.36.0-255,66,171222,12,260030
17318,0.002381,74.125.130.0-255,1484,172706,12,260030
17319,0.002398,74.125.130.0-255,2902,175608,12,260030
17320,0.002402,172.31.36.0-255,66,175674,12,260030
17321,0.00243,74.125.130.0-255,5738,181412,12,260030
17322,0.002433,172.31.36.0-255,66,181478,12,260030
17323,0.002462,74.125.130.0-255,4320,185798,12,260030
17324,0.002465,74.125.130.0-255,1484,187282,12,260030
17325,0.00247,172.31.36.0-255,66,187348,12,260030
17326,0.002495,74.125.130.0-255,4320,191668,12,260030
17327,0.002498,172.31.36.0-255,66,191734,12,260030
17328,0.002503,74.125.130.0-255,4320,196054,12,260030
17329,0.002505,172.31.36.0-255,66,196120,12,260030
17330,0.004977,74.125.130.0-255,1484,197604,12,260030
17331,0.005004,74.125.130.0-255,4320,201924,12,260030
17332,0.005009,172.31.36.0-255,66,201990,12,260030
17333,0.007478,74.125.130.0-255,5738,207728,12,260030
17334,0.007482,172.31.36.0-255,66,207794,12,260030
17335,0.009961,74.125.130.0-255,5738,213532,12,260030
17336,0.009968,172.31.36.0-255,66,213598,12,260030
17337,0.01246,74.125.130.0-255,5738,219336,12,260030
17338,0.012468,172.31.36.0-255,66,219402,12,260030
17339,0.014956,74.125.130.0-255,5738,225140,12,260030
17340,0.014964,172.31.36.0-255,66,225206,12,260030
17341,0.017449,74.125.130.0-255,5738,230944,12,260030
17342,0.017458,172.31.36.0-255,66,231010,12,260030
17343,0.019951,74.125.130.0-255,5738,236748,12,260030
17344,0.019964,172.31.36.0-255,66,236814,12,260030
17345,0.022451,74.125.130.0-255,5738,242552,12,260030
17346,0.022459,172.31.36.0-255,66,242618,12,260030
17347,0.024937,74.125.130.0-255,5738,248356,12,260030
17348,0.024944,172.31.36.0-255,66,248422,12,260030
17349,0.027434,74.125.130.0-255,5738,254160,12,260030
17350,0.027442,172.31.36.0-255,66,254226,12,260030
17351,0.029919,74.125.130.0-255,5738,259964,12,260030
17352,0.029925,172.31.36.0-255,66,260030,12,260030
17353,0.0,172.217.194.0-255,153,153,12,128008
17354,2.5e-05,172.31.36.0-255,66,219,12,128008
17355,6.7e-05,172.217.194.0-255,1484,1703,12,128008
17356,7.2e-05,172.31.36.0-255,66,1769,12,128008
17357,9.3e-05,172.217.194.0-255,2902,4671,12,128008
17358,9.8e-05,172.31.36.0-255,66,4737,12,128008
17359,0.000104,172.217.194.0-255,5738,10475,12,128008
17360,0.000107,172.31.36.0-255,66,10541,12,128008
17361,0.000139,172.217.194.0-255,3486,14027,12,128008
17362,0.000141,172.31.36.0-255,66,14093,12,128008
17363,0.00017,172.217.194.0-255,4320,18413,12,128008
17364,0.000172,172.31.36.0-255,66,18479,12,128008
17365,0.000206,172.31.36.0-255,66,18545,12,128008
17366,0.000219,172.31.36.0-255,66,18611,12,128008
17367,0.000232,172.217.194.0-255,7156,25767,12,128008
17368,0.000235,172.31.36.0-255,66,25833,12,128008
17369,0.000259,172.217.194.0-255,766,26599,12,128008
17370,0.000262,172.31.36.0-255,66,26665,12,128008
17371,0.000336,172.217.194.0-255,1484,28149,12,128008
17372,0.00034,172.31.36.0-255,66,28215,12,128008
17373,0.000347,172.217.194.0-255,4320,32535,12,128008
17374,0.00035,172.31.36.0-255,66,32601,12,128008
17375,0.000362,172.217.194.0-255,7156,39757,12,128008
17376,0.000365,172.31.36.0-255,66,39823,12,128008
17377,0.00039,172.217.194.0-255,4251,44074,12,128008
17378,0.000392,172.31.36.0-255,66,44140,12,128008
17379,0.001496,172.217.194.0-255,98,44238,12,128008
17380,0.001503,172.31.36.0-255,66,44304,12,128008
17381,0.001537,172.217.194.0-255,1484,45788,12,128008
17382,0.001539,172.31.36.0-255,66,45854,12,128008
17383,0.001544,172.217.194.0-255,1484,47338,12,128008
17384,0.00157,172.217.194.0-255,1484,48822,12,128008
17385,0.001573,172.31.36.0-255,66,48888,12,128008
17386,0.001582,172.217.194.0-255,7156,56044,12,128008
17387,0.001584,172.31.36.0-255,66,56110,12,128008
17388,0.001605,172.31.36.0-255,66,56176,12,128008
17389,0.00163,172.217.194.0-255,1484,57660,12,128008
17390,0.001644,172.217.194.0-255,6438,64098,12,128008
17391,0.001646,172.31.36.0-255,66,64164,12,128008
17392,0.004011,172.217.194.0-255,5738,69902,12,128008
17393,0.004018,172.31.36.0-255,66,69968,12,128008
17394,0.006356,172.217.194.0-255,5738,75706,12,128008
17395,0.00636,172.31.36.0-255,66,75772,12,128008
17396,0.008715,172.217.194.0-255,5738,81510,12,128008
17397,0.008724,172.31.36.0-255,66,81576,12,128008
17398,0.011106,172.217.194.0-255,5738,87314,12,128008
17399,0.011118,172.31.36.0-255,66,87380,12,128008
17400,0.013507,172.217.194.0-255,5738,93118,12,128008
17401,0.013517,172.31.36.0-255,66,93184,12,128008
17402,0.01588,172.217.194.0-255,5738,98922,12,128008
17403,0.01589,172.31.36.0-255,66,98988,12,128008
17404,0.01827,172.217.194.0-255,5738,104726,12,128008
17405,0.018279,172.31.36.0-255,66,104792,12,128008
17406,0.020619,172.217.194.0-255,5738,110530,12,128008
17407,0.020627,172.31.36.0-255,66,110596,12,128008
17408,0.022988,172.217.194.0-255,5738,116334,12,128008
17409,0.022996,172.31.36.0-255,66,116400,12,128008
17410,0.025386,172.217.194.0-255,5738,122138,12,128008
17411,0.025396,172.31.36.0-255,66,122204,12,128008
17412,0.027757,172.217.194.0-255,5738,127942,12,128008
17413,0.027767,172.31.36.0-255,66,128008,12,128008
17414,0.0,74.125.24.0-255,152,152,12,185136
17415,1.6e-05,172.31.36.0-255,66,218,12,185136
17416,2.2e-05,74.125.24.0-255,1484,1702,12,185136
17417,2.8e-05,172.31.36.0-255,66,1768,12,185136
17418,4.3e-05,74.125.24.0-255,2902,4670,12,185136
17419,4.6e-05,172.31.36.0-255,66,4736,12,185136
17420,5.1e-05,74.125.24.0-255,2902,7638,12,185136
17421,5.3e-05,172.31.36.0-255,66,7704,12,185136
17422,5.9e-05,74.125.24.0-255,2902,10606,12,185136
17423,6.2e-05,172.31.36.0-255,66,10672,12,185136
17424,9.1e-05,74.125.24.0-255,1484,12156,12,185136
17425,9.3e-05,172.31.36.0-255,66,12222,12,185136
17426,0.000101,74.125.24.0-255,5738,17960,12,185136
17427,0.000104,172.31.36.0-255,66,18026,12,185136
17428,0.000127,74.125.24.0-255,3457,21483,12,185136
17429,0.00013,172.31.36.0-255,66,21549,12,185136
17430,0.000133,74.125.24.0-255,1484,23033,12,185136
17431,0.000136,172.31.36.0-255,66,23099,12,185136
17432,0.000175,172.31.36.0-255,66,23165,12,185136
17433,0.00058,74.125.24.0-255,1484,24649,12,185136
17434,0.000585,172.31.36.0-255,66,24715,12,185136
17435,0.000591,74.125.24.0-255,2902,27617,12,185136
17436,0.000594,172.31.36.0-255,66,27683,12,185136
17437,0.000597,74.125.24.0-255,1484,29167,12,185136
17438,0.000607,172.31.36.0-255,66,29233,12,185136
17439,0.000638,74.125.24.0-255,4320,33553,12,185136
17440,0.000641,172.31.36.0-255,66,33619,12,185136
17441,0.000655,172.31.36.0-255,66,33685,12,185136
17442,0.00066,74.125.24.0-255,2902,36587,12,185136
17443,0.000662,172.31.36.0-255,66,36653,12,185136
17444,0.000702,172.31.36.0-255,66,36719,12,185136
17445,0.001051,74.125.24.0-255,394,37113,12,185136
17446,0.001077,172.31.36.0-255,66,37179,12,185136
17447,0.001176,74.125.24.0-255,113,37292,12,185136
17448,0.00123,74.125.24.0-255,1484,38776,12,185136
17449,0.001235,172.31.36.0-255,66,38842,12,185136
17450,0.001241,74.125.24.0-255,2902,41744,12,185136
17451,0.001243,172.31.36.0-255,66,41810,12,185136
17452,0.001256,74.125.24.0-255,7156,48966,12,185136
17453,0.001258,172.31.36.0-255,66,49032,12,185136
17454,0.001313,172.31.36.0-255,66,49098,12,185136
17455,0.001318,74.125.24.0-255,2902,52000,12,185136
17456,0.00132,172.31.36.0-255,66,52066,12,185136
17457,0.001346,74.125.24.0-255,3602,55668,12,185136
17458,0.001349,172.31.36.0-255,66,55734,12,185136
17459,0.001515,74.125.24.0-255,1484,57218,12,185136
17460,0.001522,74.125.24.0-255,2902,60120,12,185136
17461,0.001526,172.31.36.0-255,66,60186,12,185136
17462,0.001559,74.125.24.0-255,5738,65924,12,185136
17463,0.001562,172.31.36.0-255,66,65990,12,185136
17464,0.001577,172.31.36.0-255,66,66056,12,185136
17465,0.001584,74.125.24.0-255,7156,73212,12,185136
17466,0.001587,172.31.36.0-255,66,73278,12,185136
17467,0.001617,74.125.24.0-255,3602,76880,12,185136
17468,0.00162,172.31.36.0-255,66,76946,12,185136
17469,0.001648,74.125.24.0-255,7156,84102,12,185136
17470,0.001651,172.31.36.0-255,66,84168,12,185136
17471,0.001694,172.31.36.0-255,66,84234,12,185136
17472,0.001705,172.31.36.0-255,66,84300,12,185136
17473,0.001733,74.125.24.0-255,1484,85784,12,185136
17474,0.001738,74.125.24.0-255,2902,88686,12,185136
17475,0.00174,172.31.36.0-255,66,88752,12,185136
17476,0.001746,74.125.24.0-255,5738,94490,12,185136
17477,0.001749,172.31.36.0-255,66,94556,12,185136
17478,0.001756,74.125.24.0-255,7156,101712,12,185136
17479,0.001759,172.31.36.0-255,66,101778,12,185136
17480,0.001797,74.125.24.0-255,1484,103262,12,185136
17481,0.001834,172.31.36.0-255,66,103328,12,185136
17482,0.001838,74.125.24.0-255,2184,105512,12,185136
17483,0.00184,172.31.36.0-255,66,105578,12,185136
17484,0.001843,74.125.24.0-255,1484,107062,12,185136
17485,0.001863,74.125.24.0-255,1484,108546,12,185136
17486,0.001866,172.31.36.0-255,66,108612,12,185136
17487,0.001888,74.125.24.0-255,1484,110096,12,185136
17488,0.001894,74.125.24.0-255,5738,115834,12,185136
17489,0.001897,172.31.36.0-255,66,115900,12,185136
17490,0.001904,74.125.24.0-255,5738,121638,12,185136
17491,0.001906,172.31.36.0-255,66,121704,12,185136
17492,0.001936,172.31.36.0-255,66,121770,12,185136
17493,0.001971,74.125.24.0-255,1484,123254,12,185136
17494,0.001987,172.31.36.0-255,66,123320,12,185136
17495,0.00202,172.31.36.0-255,66,123386,12,185136
17496,0.002032,172.31.36.0-255,66,123452,12,185136
17497,0.002043,172.31.36.0-255,66,123518,12,185136
17498,0.002088,172.31.36.0-255,66,123584,12,185136
17499,0.002112,74.125.24.0-255,1484,125068,12,185136
17500,0.002118,74.125.24.0-255,3602,128670,12,185136
17501,0.002121,172.31.36.0-255,66,128736,12,185136
17502,0.002196,74.125.24.0-255,1484,130220,12,185136
17503,0.002203,74.125.24.0-255,2902,133122,12,185136
17504,0.002207,172.31.36.0-255,66,133188,12,185136
17505,0.002212,74.125.24.0-255,2902,136090,12,185136
17506,0.002214,172.31.36.0-255,66,136156,12,185136
17507,0.002241,74.125.24.0-255,2902,139058,12,185136
17508,0.002245,172.31.36.0-255,66,139124,12,185136
17509,0.002266,172.31.36.0-255,66,139190,12,185136
17510,0.002277,172.31.36.0-255,66,139256,12,185136
17511,0.002331,172.31.36.0-255,66,139322,12,185136
17512,0.002378,172.31.36.0-255,66,139388,12,185136
17513,0.002395,172.31.36.0-255,66,139454,12,185136
17514,0.004763,74.125.24.0-255,5738,145192,12,185136
17515,0.00477,172.31.36.0-255,66,145258,12,185136
17516,0.007154,74.125.24.0-255,5738,150996,12,185136
17517,0.007174,172.31.36.0-255,66,151062,12,185136
17518,0.009489,74.125.24.0-255,5738,156800,12,185136
17519,0.009495,172.31.36.0-255,66,156866,12,185136
17520,0.011815,74.125.24.0-255,5738,162604,12,185136
17521,0.011822,172.31.36.0-255,66,162670,12,185136
17522,0.014169,74.125.24.0-255,5738,168408,12,185136
17523,0.014178,172.31.36.0-255,66,168474,12,185136
17524,0.016497,74.125.24.0-255,5738,174212,12,185136
17525,0.016505,172.31.36.0-255,66,174278,12,185136
17526,0.018843,74.125.24.0-255,5738,180016,12,185136
17527,0.018854,172.31.36.0-255,66,180082,12,185136
17528,0.02117,74.125.24.0-255,4817,184899,12,185136
17529,0.021179,172.31.36.0-255,66,184965,12,185136
17530,0.021388,172.31.36.0-255,105,185070,12,185136
17531,0.023683,74.125.24.0-255,66,185136,12,185136
17532,0.0,172.217.194.0-255,150,150,12,171064
17533,3.7e-05,172.31.36.0-255,66,216,12,171064
17534,4.4e-05,172.217.194.0-255,1484,1700,12,171064
17535,4.9e-05,172.31.36.0-255,66,1766,12,171064
17536,5.4e-05,172.217.194.0-255,2902,4668,12,171064
17537,5.7e-05,172.31.36.0-255,66,4734,12,171064
17538,6.4e-05,172.217.194.0-255,7156,11890,12,171064
17539,6.7e-05,172.31.36.0-255,66,11956,12,171064
17540,9.2e-05,172.217.194.0-255,2092,14048,12,171064
17541,9.7e-05,172.31.36.0-255,66,14114,12,171064
17542,0.00011,172.217.194.0-255,2902,17016,12,171064
17543,0.000114,172.31.36.0-255,66,17082,12,171064
17544,0.000118,172.217.194.0-255,1484,18566,12,171064
17545,0.00012,172.31.36.0-255,66,18632,12,171064
17546,0.000146,172.217.194.0-255,5738,24370,12,171064
17547,0.00015,172.31.36.0-255,66,24436,12,171064
17548,0.000184,172.217.194.0-255,6797,31233,12,171064
17549,0.000189,172.31.36.0-255,66,31299,12,171064
17550,0.000638,172.217.194.0-255,1484,32783,12,171064
17551,0.000643,172.31.36.0-255,66,32849,12,171064
17552,0.000652,172.217.194.0-255,2902,35751,12,171064
17553,0.000655,172.31.36.0-255,66,35817,12,171064
17554,0.000662,172.217.194.0-255,5738,41555,12,171064
17555,0.000665,172.31.36.0-255,66,41621,12,171064
17556,0.000695,172.217.194.0-255,5738,47359,12,171064
17557,0.000698,172.31.36.0-255,66,47425,12,171064
17558,0.000702,172.217.194.0-255,2902,50327,12,171064
17559,0.000704,172.31.36.0-255,66,50393,12,171064
17560,0.000722,172.217.194.0-255,3961,54354,12,171064
17561,0.000725,172.31.36.0-255,66,54420,12,171064
17562,0.000741,172.217.194.0-255,2902,57322,12,171064
17563,0.000745,172.31.36.0-255,66,57388,12,171064
17564,0.00077,172.31.36.0-255,66,57454,12,171064
17565,0.000793,172.217.194.0-255,340,57794,12,171064
17566,0.000826,172.217.194.0-255,433,58227,12,171064
17567,0.001036,172.217.194.0-255,1484,59711,12,171064
17568,0.001042,172.31.36.0-255,66,59777,12,171064
17569,0.001048,172.217.194.0-255,2902,62679,12,171064
17570,0.001051,172.31.36.0-255,66,62745,12,171064
17571,0.001057,172.217.194.0-255,5738,68483,12,171064
17572,0.00106,172.31.36.0-255,66,68549,12,171064
17573,0.001078,172.217.194.0-255,2902,71451,12,171064
17574,0.001081,172.31.36.0-255,66,71517,12,171064
17575,0.001114,172.31.36.0-255,66,71583,12,171064
17576,0.001155,172.217.194.0-255,2902,74485,12,171064
17577,0.001158,172.31.36.0-255,66,74551,12,171064
17578,0.00118,172.217.194.0-255,7156,81707,12,171064
17579,0.001183,172.31.36.0-255,66,81773,12,171064
17580,0.001212,172.217.194.0-255,766,82539,12,171064
17581,0.001487,172.217.194.0-255,1484,84023,12,171064
17582,0.001489,172.31.36.0-255,66,84089,12,171064
17583,0.001494,172.217.194.0-255,2902,86991,12,171064
17584,0.001496,172.31.36.0-255,66,87057,12,171064
17585,0.0015,172.217.194.0-255,2902,89959,12,171064
17586,0.001503,172.31.36.0-255,66,90025,12,171064
17587,0.001522,172.217.194.0-255,2902,92927,12,171064
17588,0.001524,172.31.36.0-255,66,92993,12,171064
17589,0.001557,172.217.194.0-255,4320,97313,12,171064
17590,0.001559,172.31.36.0-255,66,97379,12,171064
17591,0.001582,172.31.36.0-255,66,97445,12,171064
17592,0.0016,172.217.194.0-255,1484,98929,12,171064
17593,0.001621,172.31.36.0-255,66,98995,12,171064
17594,0.003859,172.217.194.0-255,5738,104733,12,171064
17595,0.003863,172.31.36.0-255,66,104799,12,171064
17596,0.006108,172.217.194.0-255,5738,110537,12,171064
17597,0.006115,172.31.36.0-255,66,110603,12,171064
17598,0.008389,172.217.194.0-255,5738,116341,12,171064
17599,0.008396,172.31.36.0-255,66,116407,12,171064
17600,0.010649,172.217.194.0-255,5738,122145,12,171064
17601,0.010659,172.31.36.0-255,66,122211,12,171064
17602,0.01292,172.217.194.0-255,5738,127949,12,171064
17603,0.012927,172.31.36.0-255,66,128015,12,171064
17604,0.015173,172.217.194.0-255,5738,133753,12,171064
17605,0.015182,172.31.36.0-255,66,133819,12,171064
17606,0.017434,172.217.194.0-255,5738,139557,12,171064
17607,0.017444,172.31.36.0-255,66,139623,12,171064
17608,0.019709,172.217.194.0-255,5738,145361,12,171064
17609,0.01972,172.31.36.0-255,66,145427,12,171064
17610,0.021955,172.217.194.0-255,5738,151165,12,171064
17611,0.021964,172.31.36.0-255,66,151231,12,171064
17612,0.024216,172.217.194.0-255,5738,156969,12,171064
17613,0.024224,172.31.36.0-255,66,157035,12,171064
17614,0.026482,172.217.194.0-255,5738,162773,12,171064
17615,0.026491,172.31.36.0-255,66,162839,12,171064
17616,0.02876,172.217.194.0-255,5738,168577,12,171064
17617,0.028768,172.31.36.0-255,66,168643,12,171064
17618,0.029568,172.31.36.0-255,172,168815,12,171064
17619,0.029599,172.31.36.0-255,1109,169924,12,171064
17620,0.029662,172.31.36.0-255,1140,171064,12,171064
17621,0.0,74.125.130.0-255,153,153,12,174896
17622,1.3e-05,172.31.36.0-255,66,219,12,174896
17623,1.9e-05,74.125.130.0-255,1484,1703,12,174896
17624,2.4e-05,172.31.36.0-255,66,1769,12,174896
17625,2.9e-05,74.125.130.0-255,2902,4671,12,174896
17626,3.1e-05,172.31.36.0-255,66,4737,12,174896
17627,5.3e-05,74.125.130.0-255,4320,9057,12,174896
17628,5.5e-05,172.31.36.0-255,66,9123,12,174896
17629,7.5e-05,74.125.130.0-255,1484,10607,12,174896
17630,7.7e-05,172.31.36.0-255,66,10673,12,174896
17631,8.2e-05,74.125.130.0-255,3474,14147,12,174896
17632,8.4e-05,172.31.36.0-255,66,14213,12,174896
17633,0.000122,74.125.130.0-255,1484,15697,12,174896
17634,0.000124,172.31.36.0-255,66,15763,12,174896
17635,0.000129,74.125.130.0-255,1484,17247,12,174896
17636,0.00013,172.31.36.0-255,66,17313,12,174896
17637,0.000144,74.125.130.0-255,1484,18797,12,174896
17638,0.000145,172.31.36.0-255,66,18863,12,174896
17639,0.000171,74.125.130.0-255,5738,24601,12,174896
17640,0.000173,172.31.36.0-255,66,24667,12,174896
17641,0.000177,74.125.130.0-255,2902,27569,12,174896
17642,0.000179,172.31.36.0-255,66,27635,12,174896
17643,0.000191,74.125.130.0-255,1484,29119,12,174896
17644,0.000193,172.31.36.0-255,66,29185,12,174896
17645,0.000206,74.125.130.0-255,2543,31728,12,174896
17646,0.000208,172.31.36.0-255,66,31794,12,174896
17647,0.000379,74.125.130.0-255,1484,33278,12,174896
17648,0.000383,172.31.36.0-255,66,33344,12,174896
17649,0.00039,74.125.130.0-255,2902,36246,12,174896
17650,0.000392,172.31.36.0-255,66,36312,12,174896
17651,0.000395,74.125.130.0-255,1484,37796,12,174896
17652,0.000397,172.31.36.0-255,66,37862,12,174896
17653,0.000412,74.125.130.0-255,4320,42182,12,174896
17654,0.000418,74.125.130.0-255,4320,46502,12,174896
17655,0.000445,74.125.130.0-255,5379,51881,12,174896
17656,0.000469,74.125.130.0-255,2902,54783,12,174896
17657,0.000489,74.125.130.0-255,4320,59103,12,174896
17658,0.000504,172.31.36.0-255,66,59169,12,174896
17659,0.000538,74.125.130.0-255,6797,65966,12,174896
17660,0.000553,172.31.36.0-255,66,66032,12,174896
17661,0.000844,74.125.130.0-255,646,66678,12,174896
17662,0.001014,74.125.130.0-255,1484,68162,12,174896
17663,0.001019,74.125.130.0-255,1484,69646,12,174896
17664,0.001033,74.125.130.0-255,1484,71130,12,174896
17665,0.001065,74.125.130.0-255,5738,76868,12,174896
17666,0.001068,74.125.130.0-255,1484,78352,12,174896
17667,0.001084,74.125.130.0-255,1484,79836,12,174896
17668,0.001089,74.125.130.0-255,3961,83797,12,174896
17669,0.001123,74.125.130.0-255,7156,90953,12,174896
17670,0.001139,74.125.130.0-255,1484,92437,12,174896
17671,0.001144,74.125.130.0-255,4320,96757,12,174896
17672,0.001181,74.125.130.0-255,3961,100718,12,174896
17673,0.005186,172.31.36.0-255,66,100784,12,174896
17674,0.007213,74.125.130.0-255,5738,106522,12,174896
17675,0.007218,172.31.36.0-255,66,106588,12,174896
17676,0.009237,74.125.130.0-255,5738,112326,12,174896
17677,0.009245,172.31.36.0-255,66,112392,12,174896
17678,0.011268,74.125.130.0-255,5738,118130,12,174896
17679,0.011277,172.31.36.0-255,66,118196,12,174896
17680,0.013305,74.125.130.0-255,5738,123934,12,174896
17681,0.013315,172.31.36.0-255,66,124000,12,174896
17682,0.015344,74.125.130.0-255,5738,129738,12,174896
17683,0.015354,172.31.36.0-255,66,129804,12,174896
17684,0.017372,74.125.130.0-255,5738,135542,12,174896
17685,0.017381,172.31.36.0-255,66,135608,12,174896
17686,0.019391,74.125.130.0-255,5738,141346,12,174896
17687,0.019397,172.31.36.0-255,66,141412,12,174896
17688,0.021417,74.125.130.0-255,5738,147150,12,174896
17689,0.021425,172.31.36.0-255,66,147216,12,174896
17690,0.023442,74.125.130.0-255,5738,152954,12,174896
17691,0.02345,172.31.36.0-255,66,153020,12,174896
17692,0.025474,74.125.130.0-255,5738,158758,12,174896
17693,0.025481,172.31.36.0-255,66,158824,12,174896
17694,0.026638,172.31.36.0-255,171,158995,12,174896
17695,0.026671,172.31.36.0-255,1133,160128,12,174896
17696,0.026731,172.31.36.0-255,1514,161642,12,174896
17697,0.026733,172.31.36.0-255,1274,162916,12,174896
17698,0.027508,74.125.130.0-255,5738,168654,12,174896
17699,0.027515,172.31.36.0-255,66,168720,12,174896
17700,0.028184,104.244.42.0-255,66,168786,12,174896
17701,0.028192,104.244.42.0-255,66,168852,12,174896
17702,0.02829,104.244.42.0-255,66,168918,12,174896
17703,0.029354,104.244.42.0-255,108,169026,12,174896
17704,0.029367,172.31.36.0-255,66,169092,12,174896
17705,0.029546,74.125.130.0-255,5738,174830,12,174896
17706,0.029551,172.31.36.0-255,66,174896,12,174896
17707,0.0,74.125.24.0-255,146,146,12,187692
17708,2e-05,172.31.36.0-255,66,212,12,187692
17709,2.7e-05,74.125.24.0-255,1484,1696,12,187692
17710,3.1e-05,172.31.36.0-255,66,1762,12,187692
17711,4.5e-05,74.125.24.0-255,2902,4664,12,187692
17712,4.8e-05,172.31.36.0-255,66,4730,12,187692
17713,5.2e-05,74.125.24.0-255,2902,7632,12,187692
17714,5.6e-05,172.31.36.0-255,66,7698,12,187692
17715,9.8e-05,172.31.36.0-255,66,7764,12,187692
17716,0.000104,74.125.24.0-255,5738,13502,12,187692
17717,0.000106,172.31.36.0-255,66,13568,12,187692
17718,0.000166,172.31.36.0-255,66,13634,12,187692
17719,0.000242,74.125.24.0-255,1484,15118,12,187692
17720,0.000245,172.31.36.0-255,66,15184,12,187692
17721,0.000263,74.125.24.0-255,2902,18086,12,187692
17722,0.000283,172.31.36.0-255,66,18152,12,187692
17723,0.000291,74.125.24.0-255,5738,23890,12,187692
17724,0.000295,172.31.36.0-255,66,23956,12,187692
17725,0.0003,74.125.24.0-255,4320,28276,12,187692
17726,0.000302,172.31.36.0-255,66,28342,12,187692
17727,0.000325,74.125.24.0-255,2902,31244,12,187692
17728,0.000329,172.31.36.0-255,66,31310,12,187692
17729,0.000372,172.31.36.0-255,66,31376,12,187692
17730,0.00038,74.125.24.0-255,1484,32860,12,187692
17731,0.000382,172.31.36.0-255,66,32926,12,187692
17732,0.000448,74.125.24.0-255,2480,35406,12,187692
17733,0.000452,172.31.36.0-255,66,35472,12,187692
17734,0.000455,74.125.24.0-255,127,35599,12,187692
17735,0.000458,172.31.36.0-255,66,35665,12,187692
17736,0.000568,74.125.24.0-255,1484,37149,12,187692
17737,0.000576,74.125.24.0-255,2902,40051,12,187692
17738,0.00058,172.31.36.0-255,66,40117,12,187692
17739,0.000583,74.125.24.0-255,1484,41601,12,187692
17740,0.000604,74.125.24.0-255,4320,45921,12,187692
17741,0.000609,172.31.36.0-255,66,45987,12,187692
17742,0.000615,74.125.24.0-255,5738,51725,12,187692
17743,0.000618,172.31.36.0-255,66,51791,12,187692
17744,0.000653,172.31.36.0-255,66,51857,12,187692
17745,0.000685,74.125.24.0-255,4320,56177,12,187692
17746,0.000688,172.31.36.0-255,66,56243,12,187692
17747,0.000694,74.125.24.0-255,5020,61263,12,187692
17748,0.000696,172.31.36.0-255,66,61329,12,187692
17749,0.00085,74.125.24.0-255,1484,62813,12,187692
17750,0.000856,74.125.24.0-255,2902,65715,12,187692
17751,0.000862,172.31.36.0-255,66,65781,12,187692
17752,0.00089,74.125.24.0-255,5738,71519,12,187692
17753,0.000893,172.31.36.0-255,66,71585,12,187692
17754,0.000922,172.31.36.0-255,66,71651,12,187692
17755,0.000942,74.125.24.0-255,4320,75971,12,187692
17756,0.000946,172.31.36.0-255,66,76037,12,187692
17757,0.000957,172.31.36.0-255,66,76103,12,187692
17758,0.00099,74.125.24.0-255,2184,78287,12,187692
17759,0.000994,172.31.36.0-255,66,78353,12,187692
17760,0.001019,74.125.24.0-255,2902,81255,12,187692
17761,0.001023,172.31.36.0-255,66,81321,12,187692
17762,0.001028,74.125.24.0-255,4320,85641,12,187692
17763,0.00103,172.31.36.0-255,66,85707,12,187692
17764,0.001068,172.31.36.0-255,66,85773,12,187692
17765,0.001131,172.31.36.0-255,66,85839,12,187692
17766,0.001149,74.125.24.0-255,2902,88741,12,187692
17767,0.001152,172.31.36.0-255,66,88807,12,187692
17768,0.001157,74.125.24.0-255,3602,92409,12,187692
17769,0.00116,172.31.36.0-255,66,92475,12,187692
17770,0.001319,74.125.24.0-255,1484,93959,12,187692
17771,0.001352,74.125.24.0-255,1484,95443,12,187692
17772,0.001356,172.31.36.0-255,66,95509,12,187692
17773,0.001359,74.125.24.0-255,1484,96993,12,187692
17774,0.001381,74.125.24.0-255,1484,98477,12,187692
17775,0.001384,172.31.36.0-255,66,98543,12,187692
17776,0.001387,74.125.24.0-255,1484,100027,12,187692
17777,0.001393,74.125.24.0-255,5738,105765,12,187692
17778,0.001397,172.31.36.0-255,66,105831,12,187692
17779,0.001453,172.31.36.0-255,66,105897,12,187692
17780,0.001489,74.125.24.0-255,2902,108799,12,187692
17781,0.001493,172.31.36.0-255,66,108865,12,187692
17782,0.001524,74.125.24.0-255,5020,113885,12,187692
17783,0.001527,172.31.36.0-255,66,113951,12,187692
17784,0.002061,74.125.24.0-255,1484,115435,12,187692
17785,0.002084,74.125.24.0-255,2902,118337,12,187692
17786,0.002088,172.31.36.0-255,66,118403,12,187692
17787,0.002093,74.125.24.0-255,1484,119887,12,187692
17788,0.002099,74.125.24.0-255,5738,125625,12,187692
17789,0.002101,172.31.36.0-255,66,125691,12,187692
17790,0.002148,172.31.36.0-255,66,125757,12,187692
17791,0.002159,172.31.36.0-255,66,125823,12,187692
17792,0.002229,172.31.36.0-255,66,125889,12,187692
17793,0.002249,172.31.36.0-255,66,125955,12,187692
17794,0.002261,172.31.36.0-255,66,126021,12,187692
17795,0.002291,74.125.24.0-255,766,126787,12,187692
17796,0.002296,172.31.36.0-255,78,126865,12,187692
17797,0.002309,172.31.36.0-255,78,126943,12,187692
17798,0.002348,172.31.36.0-255,66,127009,12,187692
17799,0.002364,172.31.36.0-255,66,127075,12,187692
17800,0.002369,74.125.24.0-255,5738,132813,12,187692
17801,0.002372,172.31.36.0-255,66,132879,12,187692
17802,0.002389,74.125.24.0-255,5738,138617,12,187692
17803,0.002391,172.31.36.0-255,66,138683,12,187692
17804,0.00242,74.125.24.0-255,6438,145121,12,187692
17805,0.002425,172.31.36.0-255,66,145187,12,187692
17806,0.002428,74.125.24.0-255,1484,146671,12,187692
17807,0.002448,172.31.36.0-255,66,146737,12,187692
17808,0.00246,172.31.36.0-255,66,146803,12,187692
17809,0.002462,74.125.24.0-255,1484,148287,12,187692
17810,0.002533,74.125.24.0-255,3602,151889,12,187692
17811,0.002537,172.31.36.0-255,66,151955,12,187692
17812,0.00254,74.125.24.0-255,1484,153439,12,187692
17813,0.002546,74.125.24.0-255,5738,159177,12,187692
17814,0.002548,172.31.36.0-255,66,159243,12,187692
17815,0.002555,74.125.24.0-255,7156,166399,12,187692
17816,0.002557,172.31.36.0-255,66,166465,12,187692
17817,0.00256,74.125.24.0-255,1484,167949,12,187692
17818,0.002594,74.125.24.0-255,5738,173687,12,187692
17819,0.002597,172.31.36.0-255,66,173753,12,187692
17820,0.002608,172.31.36.0-255,66,173819,12,187692
17821,0.002611,74.125.24.0-255,2184,176003,12,187692
17822,0.002614,172.31.36.0-255,66,176069,12,187692
17823,0.002655,74.125.24.0-255,2902,178971,12,187692
17824,0.002658,172.31.36.0-255,66,179037,12,187692
17825,0.002663,74.125.24.0-255,4320,183357,12,187692
17826,0.002665,172.31.36.0-255,66,183423,12,187692
17827,0.002706,74.125.24.0-255,3861,187284,12,187692
17828,0.002709,172.31.36.0-255,66,187350,12,187692
17829,0.002731,74.125.24.0-255,105,187455,12,187692
17830,0.009311,172.31.36.0-255,66,187521,12,187692
17831,0.009341,172.31.36.0-255,105,187626,12,187692
17832,0.011234,74.125.24.0-255,66,187692,12,187692
17833,0.0,74.125.24.0-255,146,146,12,214517
17834,2.2e-05,172.31.36.0-255,66,212,12,214517
17835,3e-05,74.125.24.0-255,1484,1696,12,214517
17836,3.4e-05,172.31.36.0-255,66,1762,12,214517
17837,4e-05,74.125.24.0-255,2902,4664,12,214517
17838,4.3e-05,172.31.36.0-255,66,4730,12,214517
17839,5.1e-05,74.125.24.0-255,7156,11886,12,214517
17840,5.3e-05,172.31.36.0-255,66,11952,12,214517
17841,6.6e-05,74.125.24.0-255,2047,13999,12,214517
17842,6.9e-05,172.31.36.0-255,66,14065,12,214517
17843,0.000106,74.125.24.0-255,2902,16967,12,214517
17844,0.000109,172.31.36.0-255,66,17033,12,214517
17845,0.000113,74.125.24.0-255,1484,18517,12,214517
17846,0.000115,172.31.36.0-255,66,18583,12,214517
17847,0.000129,74.125.24.0-255,1484,20067,12,214517
17848,0.000131,172.31.36.0-255,66,20133,12,214517
17849,0.000139,74.125.24.0-255,7156,27289,12,214517
17850,0.000141,172.31.36.0-255,66,27355,12,214517
17851,0.000171,74.125.24.0-255,3961,31316,12,214517
17852,0.000174,172.31.36.0-255,66,31382,12,214517
17853,0.000664,74.125.24.0-255,1484,32866,12,214517
17854,0.000669,172.31.36.0-255,66,32932,12,214517
17855,0.000676,74.125.24.0-255,2902,35834,12,214517
17856,0.000678,172.31.36.0-255,66,35900,12,214517
17857,0.000684,74.125.24.0-255,5738,41638,12,214517
17858,0.000686,172.31.36.0-255,66,41704,12,214517
17859,0.000727,172.31.36.0-255,66,41770,12,214517
17860,0.000737,172.31.36.0-255,66,41836,12,214517
17861,0.000772,74.125.24.0-255,1459,43295,12,214517
17862,0.000775,172.31.36.0-255,66,43361,12,214517
17863,0.000808,74.125.24.0-255,344,43705,12,214517
17864,0.001085,172.31.36.0-255,66,43771,12,214517
17865,0.001101,74.125.24.0-255,1484,45255,12,214517
17866,0.001107,74.125.24.0-255,2902,48157,12,214517
17867,0.001109,172.31.36.0-255,66,48223,12,214517
17868,0.001116,74.125.24.0-255,5738,53961,12,214517
17869,0.001117,172.31.36.0-255,66,54027,12,214517
17870,0.00114,74.125.24.0-255,4320,58347,12,214517
17871,0.001144,172.31.36.0-255,66,58413,12,214517
17872,0.00119,172.31.36.0-255,66,58479,12,214517
17873,0.001232,172.31.36.0-255,66,58545,12,214517
17874,0.001578,74.125.24.0-255,1484,60029,12,214517
17875,0.001587,74.125.24.0-255,2902,62931,12,214517
17876,0.001605,172.31.36.0-255,66,62997,12,214517
17877,0.001613,74.125.24.0-255,5738,68735,12,214517
17878,0.001615,172.31.36.0-255,66,68801,12,214517
17879,0.00162,74.125.24.0-255,2902,71703,12,214517
17880,0.001622,172.31.36.0-255,66,71769,12,214517
17881,0.001739,74.125.24.0-255,1484,73253,12,214517
17882,0.001764,74.125.24.0-255,2902,76155,12,214517
17883,0.001772,74.125.24.0-255,5738,81893,12,214517
17884,0.001787,74.125.24.0-255,2902,84795,12,214517
17885,0.001806,74.125.24.0-255,7156,91951,12,214517
17886,0.001814,74.125.24.0-255,7156,99107,12,214517
17887,0.001828,74.125.24.0-255,4320,103427,12,214517
17888,0.00184,74.125.24.0-255,2184,105611,12,214517
17889,0.001965,74.125.24.0-255,1484,107095,12,214517
17890,0.001972,74.125.24.0-255,2902,109997,12,214517
17891,0.001991,74.125.24.0-255,1484,111481,12,214517
17892,0.001994,74.125.24.0-255,1484,112965,12,214517
17893,0.002011,74.125.24.0-255,1484,114449,12,214517
17894,0.002016,74.125.24.0-255,4320,118769,12,214517
17895,0.002029,74.125.24.0-255,1484,120253,12,214517
17896,0.002032,74.125.24.0-255,1484,121737,12,214517
17897,0.002059,74.125.24.0-255,2902,124639,12,214517
17898,0.002065,74.125.24.0-255,6438,131077,12,214517
17899,0.002171,74.125.24.0-255,1484,132561,12,214517
17900,0.002177,74.125.24.0-255,2902,135463,12,214517
17901,0.002187,74.125.24.0-255,1484,136947,12,214517
17902,0.0022,74.125.24.0-255,4320,141267,12,214517
17903,0.002203,74.125.24.0-255,1484,142751,12,214517
17904,0.002243,74.125.24.0-255,4320,147071,12,214517
17905,0.002258,74.125.24.0-255,4320,151391,12,214517
17906,0.002285,74.125.24.0-255,5020,156411,12,214517
17907,0.005648,172.31.36.0-255,66,156477,12,214517
17908,0.007965,74.125.24.0-255,5738,162215,12,214517
17909,0.007971,172.31.36.0-255,66,162281,12,214517
17910,0.010236,74.125.24.0-255,5738,168019,12,214517
17911,0.010243,172.31.36.0-255,66,168085,12,214517
17912,0.01252,74.125.24.0-255,5738,173823,12,214517
17913,0.012529,172.31.36.0-255,66,173889,12,214517
17914,0.014801,74.125.24.0-255,5738,179627,12,214517
17915,0.014811,172.31.36.0-255,66,179693,12,214517
17916,0.017105,74.125.24.0-255,5738,185431,12,214517
17917,0.017122,172.31.36.0-255,66,185497,12,214517
17918,0.019409,74.125.24.0-255,5738,191235,12,214517
17919,0.019424,172.31.36.0-255,66,191301,12,214517
17920,0.02175,74.125.24.0-255,5738,197039,12,214517
17921,0.021901,172.31.36.0-255,66,197105,12,214517
17922,0.02415,74.125.24.0-255,5738,202843,12,214517
17923,0.024159,172.31.36.0-255,66,202909,12,214517
17924,0.026434,74.125.24.0-255,5738,208647,12,214517
17925,0.026441,172.31.36.0-255,66,208713,12,214517
17926,0.028704,74.125.24.0-255,5738,214451,12,214517
17927,0.02871,172.31.36.0-255,66,214517,12,214517
17928,0.0,74.125.68.0-255,297,297,12,225652
17929,3e-05,172.31.36.0-255,66,363,12,225652
17930,3.6e-05,74.125.68.0-255,1484,1847,12,225652
17931,4e-05,172.31.36.0-255,66,1913,12,225652
17932,5.2e-05,74.125.68.0-255,1484,3397,12,225652
17933,5.5e-05,172.31.36.0-255,66,3463,12,225652
17934,7.3e-05,74.125.68.0-255,2902,6365,12,225652
17935,7.6e-05,172.31.36.0-255,66,6431,12,225652
17936,8.2e-05,74.125.68.0-255,5738,12169,12,225652
17937,8.4e-05,172.31.36.0-255,66,12235,12,225652
17938,0.000111,74.125.68.0-255,6103,18338,12,225652
17939,0.000114,172.31.36.0-255,66,18404,12,225652
17940,0.00014,74.125.68.0-255,7156,25560,12,225652
17941,0.000144,172.31.36.0-255,66,25626,12,225652
17942,0.000171,74.125.68.0-255,2902,28528,12,225652
17943,0.000174,172.31.36.0-255,66,28594,12,225652
17944,0.000196,74.125.68.0-255,2543,31137,12,225652
17945,0.000199,172.31.36.0-255,66,31203,12,225652
17946,0.000316,74.125.68.0-255,1484,32687,12,225652
17947,0.000323,172.31.36.0-255,66,32753,12,225652
17948,0.000329,74.125.68.0-255,2902,35655,12,225652
17949,0.000332,172.31.36.0-255,66,35721,12,225652
17950,0.000353,74.125.68.0-255,4320,40041,12,225652
17951,0.000359,172.31.36.0-255,66,40107,12,225652
17952,0.000372,74.125.68.0-255,1484,41591,12,225652
17953,0.000375,172.31.36.0-255,66,41657,12,225652
17954,0.000381,74.125.68.0-255,2902,44559,12,225652
17955,0.000383,172.31.36.0-255,66,44625,12,225652
17956,0.000414,74.125.68.0-255,4320,48945,12,225652
17957,0.000418,172.31.36.0-255,66,49011,12,225652
17958,0.000422,74.125.68.0-255,1484,50495,12,225652
17959,0.000424,172.31.36.0-255,66,50561,12,225652
17960,0.000437,74.125.68.0-255,2902,53463,12,225652
17961,0.00044,172.31.36.0-255,66,53529,12,225652
17962,0.000472,74.125.68.0-255,5738,59267,12,225652
17963,0.000475,172.31.36.0-255,66,59333,12,225652
17964,0.000478,74.125.68.0-255,1484,60817,12,225652
17965,0.000492,74.125.68.0-255,2902,63719,12,225652
17966,0.000495,172.31.36.0-255,66,63785,12,225652
17967,0.000533,74.125.68.0-255,2184,65969,12,225652
17968,0.000536,172.31.36.0-255,66,66035,12,225652
17969,0.000587,74.125.68.0-255,413,66448,12,225652
17970,0.000637,74.125.68.0-255,1484,67932,12,225652
17971,0.000641,172.31.36.0-255,66,67998,12,225652
17972,0.00066,74.125.68.0-255,2902,70900,12,225652
17973,0.000663,172.31.36.0-255,66,70966,12,225652
17974,0.000683,74.125.68.0-255,2902,73868,12,225652
17975,0.000685,172.31.36.0-255,66,73934,12,225652
17976,0.0007,74.125.68.0-255,4320,78254,12,225652
17977,0.000703,172.31.36.0-255,66,78320,12,225652
17978,0.000729,74.125.68.0-255,1484,79804,12,225652
17979,0.000749,74.125.68.0-255,4320,84124,12,225652
17980,0.000751,172.31.36.0-255,66,84190,12,225652
17981,0.000758,74.125.68.0-255,5738,89928,12,225652
17982,0.000761,172.31.36.0-255,66,89994,12,225652
17983,0.000782,74.125.68.0-255,1484,91478,12,225652
17984,0.000788,74.125.68.0-255,4320,95798,12,225652
17985,0.00079,172.31.36.0-255,66,95864,12,225652
17986,0.000814,74.125.68.0-255,5020,100884,12,225652
17987,0.000817,172.31.36.0-255,66,100950,12,225652
17988,0.001673,74.125.68.0-255,1484,102434,12,225652
17989,0.001682,74.125.68.0-255,2902,105336,12,225652
17990,0.001687,172.31.36.0-255,66,105402,12,225652
17991,0.001691,74.125.68.0-255,1484,106886,12,225652
17992,0.001697,74.125.68.0-255,1484,108370,12,225652
17993,0.001699,172.31.36.0-255,66,108436,12,225652
17994,0.001721,74.125.68.0-255,1484,109920,12,225652
17995,0.001726,74.125.68.0-255,2902,112822,12,225652
17996,0.001729,172.31.36.0-255,66,112888,12,225652
17997,0.001748,74.125.68.0-255,2902,115790,12,225652
17998,0.001751,172.31.36.0-255,66,115856,12,225652
17999,0.001759,74.125.68.0-255,7156,123012,12,225652
18000,0.001761,172.31.36.0-255,66,123078,12,225652
18001,0.001778,74.125.68.0-255,1484,124562,12,225652
18002,0.001786,74.125.68.0-255,7156,131718,12,225652
18003,0.001789,172.31.36.0-255,66,131784,12,225652
18004,0.001808,74.125.68.0-255,2902,134686,12,225652
18005,0.001811,172.31.36.0-255,66,134752,12,225652
18006,0.001814,74.125.68.0-255,766,135518,12,225652
18007,0.002091,74.125.68.0-255,1484,137002,12,225652
18008,0.002097,172.31.36.0-255,66,137068,12,225652
18009,0.002102,74.125.68.0-255,1484,138552,12,225652
18010,0.002121,74.125.68.0-255,2902,141454,12,225652
18011,0.002124,172.31.36.0-255,66,141520,12,225652
18012,0.00213,74.125.68.0-255,5738,147258,12,225652
18013,0.002133,172.31.36.0-255,66,147324,12,225652
18014,0.00215,74.125.68.0-255,2902,150226,12,225652
18015,0.002153,172.31.36.0-255,66,150292,12,225652
18016,0.002186,172.31.36.0-255,66,150358,12,225652
18017,0.002204,74.125.68.0-255,1484,151842,12,225652
18018,0.002235,172.31.36.0-255,66,151908,12,225652
18019,0.004539,74.125.68.0-255,5738,157646,12,225652
18020,0.004548,172.31.36.0-255,66,157712,12,225652
18021,0.00684,74.125.68.0-255,5738,163450,12,225652
18022,0.00685,172.31.36.0-255,66,163516,12,225652
18023,0.009174,74.125.68.0-255,5738,169254,12,225652
18024,0.009184,172.31.36.0-255,66,169320,12,225652
18025,0.011469,74.125.68.0-255,5738,175058,12,225652
18026,0.011473,172.31.36.0-255,66,175124,12,225652
18027,0.013768,74.125.68.0-255,5738,180862,12,225652
18028,0.013776,172.31.36.0-255,66,180928,12,225652
18029,0.01606,74.125.68.0-255,5738,186666,12,225652
18030,0.01607,172.31.36.0-255,66,186732,12,225652
18031,0.018369,74.125.68.0-255,5738,192470,12,225652
18032,0.018382,172.31.36.0-255,66,192536,12,225652
18033,0.02068,74.125.68.0-255,5738,198274,12,225652
18034,0.020689,172.31.36.0-255,66,198340,12,225652
18035,0.022979,74.125.68.0-255,5738,204078,12,225652
18036,0.022988,172.31.36.0-255,66,204144,12,225652
18037,0.025297,74.125.68.0-255,5738,209882,12,225652
18038,0.025305,172.31.36.0-255,66,209948,12,225652
18039,0.027606,74.125.68.0-255,5738,215686,12,225652
18040,0.027614,172.31.36.0-255,66,215752,12,225652
18041,0.029337,172.31.36.0-255,175,215927,12,225652
18042,0.029369,172.31.36.0-255,1132,217059,12,225652
18043,0.029425,172.31.36.0-255,1514,218573,12,225652
18044,0.029427,172.31.36.0-255,1275,219848,12,225652
18045,0.029892,74.125.68.0-255,5738,225586,12,225652
18046,0.0299,172.31.36.0-255,66,225652,12,225652
18047,0.0,172.31.36.0-255,105,105,12,105
18048,0.0,74.125.24.0-255,296,296,12,205985
18049,3.5e-05,172.31.36.0-255,66,362,12,205985
18050,4.2e-05,74.125.24.0-255,1484,1846,12,205985
18051,4.7e-05,172.31.36.0-255,66,1912,12,205985
18052,5.4e-05,74.125.24.0-255,4320,6232,12,205985
18053,5.7e-05,172.31.36.0-255,66,6298,12,205985
18054,6.8e-05,172.31.36.0-255,66,6364,12,205985
18055,7.5e-05,74.125.24.0-255,5738,12102,12,205985
18056,7.7e-05,172.31.36.0-255,66,12168,12,205985
18057,0.000106,172.31.36.0-255,66,12234,12,205985
18058,0.000196,74.125.24.0-255,1484,13718,12,205985
18059,0.000204,172.31.36.0-255,66,13784,12,205985
18060,0.00021,74.125.24.0-255,2902,16686,12,205985
18061,0.000212,172.31.36.0-255,66,16752,12,205985
18062,0.000221,74.125.24.0-255,5738,22490,12,205985
18063,0.000223,172.31.36.0-255,66,22556,12,205985
18064,0.000273,74.125.24.0-255,6797,29353,12,205985
18065,0.000276,172.31.36.0-255,66,29419,12,205985
18066,0.000327,74.125.24.0-255,1484,30903,12,205985
18067,0.00033,172.31.36.0-255,66,30969,12,205985
18068,0.000334,74.125.24.0-255,2902,33871,12,205985
18069,0.000336,172.31.36.0-255,66,33937,12,205985
18070,0.000343,74.125.24.0-255,5738,39675,12,205985
18071,0.000345,172.31.36.0-255,66,39741,12,205985
18072,0.000393,74.125.24.0-255,7130,46871,12,205985
18073,0.000399,172.31.36.0-255,66,46937,12,205985
18074,0.000403,74.125.24.0-255,111,47048,12,205985
18075,0.000405,172.31.36.0-255,66,47114,12,205985
18076,0.000666,74.125.24.0-255,330,47444,12,205985
18077,0.000671,172.31.36.0-255,66,47510,12,205985
18078,0.001414,74.125.24.0-255,1484,48994,12,205985
18079,0.001428,74.125.24.0-255,2902,51896,12,205985
18080,0.001433,172.31.36.0-255,66,51962,12,205985
18081,0.001455,74.125.24.0-255,4320,56282,12,205985
18082,0.001458,172.31.36.0-255,66,56348,12,205985
18083,0.001463,74.125.24.0-255,2902,59250,12,205985
18084,0.001465,172.31.36.0-255,66,59316,12,205985
18085,0.001478,74.125.24.0-255,2902,62218,12,205985
18086,0.00148,172.31.36.0-255,66,62284,12,205985
18087,0.001484,74.125.24.0-255,1484,63768,12,205985
18088,0.001515,172.31.36.0-255,66,63834,12,205985
18089,0.001523,74.125.24.0-255,6797,70631,12,205985
18090,0.001525,172.31.36.0-255,66,70697,12,205985
18091,0.001591,74.125.24.0-255,1484,72181,12,205985
18092,0.001607,74.125.24.0-255,2902,75083,12,205985
18093,0.00161,172.31.36.0-255,66,75149,12,205985
18094,0.001617,74.125.24.0-255,5738,80887,12,205985
18095,0.001619,172.31.36.0-255,66,80953,12,205985
18096,0.001644,74.125.24.0-255,5738,86691,12,205985
18097,0.001646,172.31.36.0-255,66,86757,12,205985
18098,0.001664,74.125.24.0-255,7156,93913,12,205985
18099,0.001666,172.31.36.0-255,66,93979,12,205985
18100,0.001669,74.125.24.0-255,1484,95463,12,205985
18101,0.001717,74.125.24.0-255,7156,102619,12,205985
18102,0.001721,172.31.36.0-255,66,102685,12,205985
18103,0.001738,74.125.24.0-255,2184,104869,12,205985
18104,0.001741,172.31.36.0-255,66,104935,12,205985
18105,0.001766,74.125.24.0-255,1484,106419,12,205985
18106,0.001786,74.125.24.0-255,2902,109321,12,205985
18107,0.001789,172.31.36.0-255,66,109387,12,205985
18108,0.001798,74.125.24.0-255,5738,115125,12,205985
18109,0.0018,172.31.36.0-255,66,115191,12,205985
18110,0.001859,74.125.24.0-255,7156,122347,12,205985
18111,0.001863,172.31.36.0-255,66,122413,12,205985
18112,0.001879,172.31.36.0-255,66,122479,12,205985
18113,0.001884,74.125.24.0-255,2184,124663,12,205985
18114,0.001886,172.31.36.0-255,66,124729,12,205985
18115,0.003845,74.125.24.0-255,5738,130467,12,205985
18116,0.003853,172.31.36.0-255,66,130533,12,205985
18117,0.005818,74.125.24.0-255,5738,136271,12,205985
18118,0.005824,172.31.36.0-255,66,136337,12,205985
18119,0.007802,74.125.24.0-255,5738,142075,12,205985
18120,0.007806,172.31.36.0-255,66,142141,12,205985
18121,0.009765,74.125.24.0-255,5738,147879,12,205985
18122,0.009775,172.31.36.0-255,66,147945,12,205985
18123,0.011778,74.125.24.0-255,5738,153683,12,205985
18124,0.011792,172.31.36.0-255,66,153749,12,205985
18125,0.01379,74.125.24.0-255,5738,159487,12,205985
18126,0.013799,172.31.36.0-255,66,159553,12,205985
18127,0.015806,74.125.24.0-255,5738,165291,12,205985
18128,0.015823,172.31.36.0-255,66,165357,12,205985
18129,0.017797,74.125.24.0-255,5738,171095,12,205985
18130,0.017813,172.31.36.0-255,66,171161,12,205985
18131,0.019821,74.125.24.0-255,5738,176899,12,205985
18132,0.019831,172.31.36.0-255,66,176965,12,205985
18133,0.021815,74.125.24.0-255,5738,182703,12,205985
18134,0.021828,172.31.36.0-255,66,182769,12,205985
18135,0.023823,74.125.24.0-255,5738,188507,12,205985
18136,0.023836,172.31.36.0-255,66,188573,12,205985
18137,0.025847,74.125.24.0-255,5738,194311,12,205985
18138,0.025861,172.31.36.0-255,66,194377,12,205985
18139,0.027856,74.125.24.0-255,5738,200115,12,205985
18140,0.027864,172.31.36.0-255,66,200181,12,205985
18141,0.029854,74.125.24.0-255,5738,205919,12,205985
18142,0.029862,172.31.36.0-255,66,205985,12,205985
18143,0.0,74.125.24.0-255,147,147,12,158360
18144,1.4e-05,172.31.36.0-255,66,213,12,158360
18145,2.1e-05,74.125.24.0-255,1484,1697,12,158360
18146,2.6e-05,172.31.36.0-255,66,1763,12,158360
18147,4e-05,74.125.24.0-255,2902,4665,12,158360
18148,4.4e-05,172.31.36.0-255,66,4731,12,158360
18149,5.2e-05,74.125.24.0-255,7156,11887,12,158360
18150,5.6e-05,172.31.36.0-255,66,11953,12,158360
18151,7e-05,172.31.36.0-255,66,12019,12,158360
18152,0.000115,74.125.24.0-255,6797,18816,12,158360
18153,0.000118,172.31.36.0-255,66,18882,12,158360
18154,0.000165,74.125.24.0-255,1484,20366,12,158360
18155,0.000168,172.31.36.0-255,66,20432,12,158360
18156,0.000173,74.125.24.0-255,2902,23334,12,158360
18157,0.000175,172.31.36.0-255,66,23400,12,158360
18158,0.000182,74.125.24.0-255,4320,27720,12,158360
18159,0.000189,172.31.36.0-255,66,27786,12,158360
18160,0.000213,74.125.24.0-255,1484,29270,12,158360
18161,0.000215,172.31.36.0-255,66,29336,12,158360
18162,0.000229,172.31.36.0-255,66,29402,12,158360
18163,0.000233,74.125.24.0-255,1484,30886,12,158360
18164,0.000235,172.31.36.0-255,66,30952,12,158360
18165,0.000307,172.31.36.0-255,66,31018,12,158360
18166,0.000311,74.125.24.0-255,134,31152,12,158360
18167,0.000313,172.31.36.0-255,66,31218,12,158360
18168,0.000315,74.125.24.0-255,348,31566,12,158360
18169,0.000317,172.31.36.0-255,66,31632,12,158360
18170,0.000473,74.125.24.0-255,1484,33116,12,158360
18171,0.000478,172.31.36.0-255,66,33182,12,158360
18172,0.000485,74.125.24.0-255,2902,36084,12,158360
18173,0.000488,172.31.36.0-255,66,36150,12,158360
18174,0.0005,74.125.24.0-255,5738,41888,12,158360
18175,0.000502,172.31.36.0-255,66,41954,12,158360
18176,0.000508,74.125.24.0-255,5738,47692,12,158360
18177,0.000511,172.31.36.0-255,66,47758,12,158360
18178,0.000554,74.125.24.0-255,7156,54914,12,158360
18179,0.000557,172.31.36.0-255,66,54980,12,158360
18180,0.000574,172.31.36.0-255,66,55046,12,158360
18181,0.000752,74.125.24.0-255,1484,56530,12,158360
18182,0.000759,74.125.24.0-255,2902,59432,12,158360
18183,0.000762,172.31.36.0-255,66,59498,12,158360
18184,0.000794,74.125.24.0-255,5738,65236,12,158360
18185,0.000798,172.31.36.0-255,66,65302,12,158360
18186,0.000816,172.31.36.0-255,66,65368,12,158360
18187,0.000829,172.31.36.0-255,66,65434,12,158360
18188,0.000853,74.125.24.0-255,2902,68336,12,158360
18189,0.000856,172.31.36.0-255,66,68402,12,158360
18190,0.000885,74.125.24.0-255,2902,71304,12,158360
18191,0.000887,172.31.36.0-255,66,71370,12,158360
18192,0.000895,74.125.24.0-255,7156,78526,12,158360
18193,0.000897,172.31.36.0-255,66,78592,12,158360
18194,0.0009,74.125.24.0-255,1484,80076,12,158360
18195,0.00094,172.31.36.0-255,66,80142,12,158360
18196,0.000966,74.125.24.0-255,6438,86580,12,158360
18197,0.000969,172.31.36.0-255,66,86646,12,158360
18198,0.001003,74.125.24.0-255,1484,88130,12,158360
18199,0.001008,74.125.24.0-255,2902,91032,12,158360
18200,0.001011,172.31.36.0-255,66,91098,12,158360
18201,0.00104,74.125.24.0-255,5738,96836,12,158360
18202,0.001044,172.31.36.0-255,66,96902,12,158360
18203,0.001047,74.125.24.0-255,1484,98386,12,158360
18204,0.001077,172.31.36.0-255,66,98452,12,158360
18205,0.001106,74.125.24.0-255,2902,101354,12,158360
18206,0.001108,172.31.36.0-255,66,101420,12,158360
18207,0.001115,74.125.24.0-255,5738,107158,12,158360
18208,0.001118,172.31.36.0-255,66,107224,12,158360
18209,0.001124,74.125.24.0-255,5020,112244,12,158360
18210,0.001131,172.31.36.0-255,66,112310,12,158360
18211,0.001137,74.125.24.0-255,5738,118048,12,158360
18212,0.00114,172.31.36.0-255,66,118114,12,158360
18213,0.001189,172.31.36.0-255,66,118180,12,158360
18214,0.001202,172.31.36.0-255,66,118246,12,158360
18215,0.001265,74.125.24.0-255,3602,121848,12,158360
18216,0.001268,172.31.36.0-255,66,121914,12,158360
18217,0.001337,74.125.24.0-255,1484,123398,12,158360
18218,0.001343,74.125.24.0-255,2902,126300,12,158360
18219,0.001346,172.31.36.0-255,66,126366,12,158360
18220,0.001382,74.125.24.0-255,5738,132104,12,158360
18221,0.001385,172.31.36.0-255,66,132170,12,158360
18222,0.001393,74.125.24.0-255,5738,137908,12,158360
18223,0.001395,172.31.36.0-255,66,137974,12,158360
18224,0.00142,172.31.36.0-255,66,138040,12,158360
18225,0.001427,74.125.24.0-255,5020,143060,12,158360
18226,0.00143,172.31.36.0-255,66,143126,12,158360
18227,0.001525,74.125.24.0-255,1484,144610,12,158360
18228,0.001552,74.125.24.0-255,2902,147512,12,158360
18229,0.001556,172.31.36.0-255,66,147578,12,158360
18230,0.001563,74.125.24.0-255,5738,153316,12,158360
18231,0.001566,172.31.36.0-255,66,153382,12,158360
18232,0.00157,74.125.24.0-255,2902,156284,12,158360
18233,0.001592,172.31.36.0-255,66,156350,12,158360
18234,0.001631,172.31.36.0-255,66,156416,12,158360
18235,0.001647,172.31.36.0-255,66,156482,12,158360
18236,0.001671,172.31.36.0-255,66,156548,12,158360
18237,0.001743,172.31.36.0-255,66,156614,12,158360
18238,0.001747,172.31.36.0-255,66,156680,12,158360
18239,0.001787,172.31.36.0-255,66,156746,12,158360
18240,0.001828,172.31.36.0-255,66,156812,12,158360
18241,0.001841,172.31.36.0-255,66,156878,12,158360
18242,0.001844,74.125.24.0-255,105,156983,12,158360
18243,0.00896,172.31.36.0-255,66,157049,12,158360
18244,0.009003,172.31.36.0-255,105,157154,12,158360
18245,0.011273,74.125.24.0-255,66,157220,12,158360
18246,0.029933,172.31.36.0-255,188,157408,12,158360
18247,0.029965,172.31.36.0-255,952,158360,12,158360
18248,0.0,74.125.24.0-255,153,153,12,176799
18249,4.5e-05,172.31.36.0-255,66,219,12,176799
18250,5.3e-05,74.125.24.0-255,1484,1703,12,176799
18251,5.7e-05,172.31.36.0-255,66,1769,12,176799
18252,6.2e-05,74.125.24.0-255,2902,4671,12,176799
18253,6.5e-05,172.31.36.0-255,66,4737,12,176799
18254,7.1e-05,74.125.24.0-255,4320,9057,12,176799
18255,7.4e-05,172.31.36.0-255,66,9123,12,176799
18256,7.7e-05,74.125.24.0-255,1484,10607,12,176799
18257,8e-05,172.31.36.0-255,66,10673,12,176799
18258,0.00012,172.31.36.0-255,66,10739,12,176799
18259,0.000127,74.125.24.0-255,7156,17895,12,176799
18260,0.00013,172.31.36.0-255,66,17961,12,176799
18261,0.000134,74.125.24.0-255,2543,20504,12,176799
18262,0.000136,172.31.36.0-255,66,20570,12,176799
18263,0.000247,74.125.24.0-255,1484,22054,12,176799
18264,0.00025,172.31.36.0-255,66,22120,12,176799
18265,0.000254,74.125.24.0-255,1484,23604,12,176799
18266,0.000256,172.31.36.0-255,66,23670,12,176799
18267,0.000273,74.125.24.0-255,1484,25154,12,176799
18268,0.000276,172.31.36.0-255,66,25220,12,176799
18269,0.000283,74.125.24.0-255,5738,30958,12,176799
18270,0.000286,172.31.36.0-255,66,31024,12,176799
18271,0.000304,74.125.24.0-255,6797,37821,12,176799
18272,0.000307,172.31.36.0-255,66,37887,12,176799
18273,0.000313,74.125.24.0-255,4320,42207,12,176799
18274,0.000315,172.31.36.0-255,66,42273,12,176799
18275,0.000332,74.125.24.0-255,2902,45175,12,176799
18276,0.000336,172.31.36.0-255,66,45241,12,176799
18277,0.000356,74.125.24.0-255,5738,50979,12,176799
18278,0.000361,172.31.36.0-255,66,51045,12,176799
18279,0.00037,74.125.24.0-255,4273,55318,12,176799
18280,0.000377,172.31.36.0-255,66,55384,12,176799
18281,0.00092,74.125.24.0-255,110,55494,12,176799
18282,0.00108,74.125.24.0-255,1484,56978,12,176799
18283,0.001084,172.31.36.0-255,66,57044,12,176799
18284,0.001099,74.125.24.0-255,2902,59946,12,176799
18285,0.001116,74.125.24.0-255,5738,65684,12,176799
18286,0.001152,74.125.24.0-255,1484,67168,12,176799
18287,0.001208,74.125.24.0-255,5738,72906,12,176799
18288,0.001247,74.125.24.0-255,5379,78285,12,176799
18289,0.001287,74.125.24.0-255,2902,81187,12,176799
18290,0.001312,74.125.24.0-255,4320,85507,12,176799
18291,0.001364,74.125.24.0-255,1484,86991,12,176799
18292,0.001368,74.125.24.0-255,2902,89893,12,176799
18293,0.001389,74.125.24.0-255,5738,95631,12,176799
18294,0.001404,74.125.24.0-255,2902,98533,12,176799
18295,0.001419,74.125.24.0-255,4320,102853,12,176799
18296,0.001448,74.125.24.0-255,5738,108591,12,176799
18297,0.001454,74.125.24.0-255,7156,115747,12,176799
18298,0.001505,74.125.24.0-255,3602,119349,12,176799
18299,0.002294,74.125.24.0-255,1484,120833,12,176799
18300,0.007993,172.31.36.0-255,66,120899,12,176799
18301,0.010288,74.125.24.0-255,5738,126637,12,176799
18302,0.010294,172.31.36.0-255,66,126703,12,176799
18303,0.012543,74.125.24.0-255,5738,132441,12,176799
18304,0.01255,172.31.36.0-255,66,132507,12,176799
18305,0.014768,74.125.24.0-255,5738,138245,12,176799
18306,0.014778,172.31.36.0-255,66,138311,12,176799
18307,0.017038,74.125.24.0-255,5738,144049,12,176799
18308,0.017637,172.31.36.0-255,66,144115,12,176799
18309,0.019885,74.125.24.0-255,5738,149853,12,176799
18310,0.019895,172.31.36.0-255,66,149919,12,176799
18311,0.02216,74.125.24.0-255,4320,154239,12,176799
18312,0.022169,172.31.36.0-255,66,154305,12,176799
18313,0.022193,74.125.24.0-255,1484,155789,12,176799
18314,0.02442,74.125.24.0-255,4320,160109,12,176799
18315,0.024428,172.31.36.0-255,66,160175,12,176799
18316,0.0267,74.125.24.0-255,5738,165913,12,176799
18317,0.026748,172.31.36.0-255,66,165979,12,176799
18318,0.028965,74.125.24.0-255,5738,171717,12,176799
18319,0.028971,172.31.36.0-255,66,171783,12,176799
18320,0.029473,172.31.36.0-255,172,171955,12,176799
18321,0.029507,172.31.36.0-255,1110,173065,12,176799
18322,0.029539,172.31.36.0-255,1514,174579,12,176799
18323,0.029541,172.31.36.0-255,1514,176093,12,176799
18324,0.029542,172.31.36.0-255,706,176799,12,176799
18325,0.0,74.125.24.0-255,298,298,12,125910
18326,2.3e-05,172.31.36.0-255,66,364,12,125910
18327,2.8e-05,74.125.24.0-255,1484,1848,12,125910
18328,3.2e-05,172.31.36.0-255,66,1914,12,125910
18329,3.8e-05,74.125.24.0-255,4320,6234,12,125910
18330,4.6e-05,172.31.36.0-255,66,6300,12,125910
18331,7.5e-05,74.125.24.0-255,4320,10620,12,125910
18332,7.8e-05,172.31.36.0-255,66,10686,12,125910
18333,0.000107,74.125.24.0-255,3259,13945,12,125910
18334,0.00011,172.31.36.0-255,66,14011,12,125910
18335,0.000371,74.125.24.0-255,1484,15495,12,125910
18336,0.000377,172.31.36.0-255,66,15561,12,125910
18337,0.000383,74.125.24.0-255,2902,18463,12,125910
18338,0.000386,172.31.36.0-255,66,18529,12,125910
18339,0.000389,74.125.24.0-255,1484,20013,12,125910
18340,0.000391,172.31.36.0-255,66,20079,12,125910
18341,0.000424,74.125.24.0-255,4320,24399,12,125910
18342,0.000427,172.31.36.0-255,66,24465,12,125910
18343,0.000515,74.125.24.0-255,6797,31262,12,125910
18344,0.000518,172.31.36.0-255,66,31328,12,125910
18345,0.000599,74.125.24.0-255,1484,32812,12,125910
18346,0.000602,172.31.36.0-255,66,32878,12,125910
18347,0.000607,74.125.24.0-255,2902,35780,12,125910
18348,0.000609,172.31.36.0-255,66,35846,12,125910
18349,0.000638,74.125.24.0-255,5738,41584,12,125910
18350,0.000641,172.31.36.0-255,66,41650,12,125910
18351,0.00065,74.125.24.0-255,6797,48447,12,125910
18352,0.000652,172.31.36.0-255,66,48513,12,125910
18353,0.000662,74.125.24.0-255,1484,49997,12,125910
18354,0.000665,172.31.36.0-255,66,50063,12,125910
18355,0.000696,172.31.36.0-255,66,50129,12,125910
18356,0.000746,74.125.24.0-255,2853,52982,12,125910
18357,0.000749,172.31.36.0-255,66,53048,12,125910
18358,0.000865,74.125.24.0-255,109,53157,12,125910
18359,0.000881,74.125.24.0-255,332,53489,12,125910
18360,0.000908,172.31.36.0-255,66,53555,12,125910
18361,0.001789,74.125.24.0-255,1484,55039,12,125910
18362,0.001815,74.125.24.0-255,2902,57941,12,125910
18363,0.00182,172.31.36.0-255,66,58007,12,125910
18364,0.001827,74.125.24.0-255,4320,62327,12,125910
18365,0.001829,172.31.36.0-255,66,62393,12,125910
18366,0.001871,172.31.36.0-255,66,62459,12,125910
18367,0.001883,172.31.36.0-255,66,62525,12,125910
18368,0.00192,172.31.36.0-255,66,62591,12,125910
18369,0.00454,74.125.24.0-255,5738,68329,12,125910
18370,0.004546,172.31.36.0-255,66,68395,12,125910
18371,0.007199,74.125.24.0-255,5738,74133,12,125910
18372,0.007205,172.31.36.0-255,66,74199,12,125910
18373,0.009835,74.125.24.0-255,5738,79937,12,125910
18374,0.009843,172.31.36.0-255,66,80003,12,125910
18375,0.012489,74.125.24.0-255,5738,85741,12,125910
18376,0.012497,172.31.36.0-255,66,85807,12,125910
18377,0.015116,74.125.24.0-255,5738,91545,12,125910
18378,0.015126,172.31.36.0-255,66,91611,12,125910
18379,0.017766,74.125.24.0-255,5738,97349,12,125910
18380,0.017778,172.31.36.0-255,66,97415,12,125910
18381,0.020404,74.125.24.0-255,5738,103153,12,125910
18382,0.020415,172.31.36.0-255,66,103219,12,125910
18383,0.023054,74.125.24.0-255,5738,108957,12,125910
18384,0.023063,172.31.36.0-255,66,109023,12,125910
18385,0.02566,74.125.24.0-255,5738,114761,12,125910
18386,0.025668,172.31.36.0-255,66,114827,12,125910
18387,0.027102,172.31.36.0-255,171,114998,12,125910
18388,0.027142,172.31.36.0-255,1132,116130,12,125910
18389,0.027214,172.31.36.0-255,1514,117644,12,125910
18390,0.027217,172.31.36.0-255,1514,119158,12,125910
18391,0.027248,172.31.36.0-255,684,119842,12,125910
18392,0.028309,74.125.24.0-255,5738,125580,12,125910
18393,0.028314,172.31.36.0-255,66,125646,12,125910
18394,0.02864,104.244.42.0-255,66,125712,12,125910
18395,0.02869,104.244.42.0-255,66,125778,12,125910
18396,0.0288,104.244.42.0-255,66,125844,12,125910
18397,0.028803,104.244.42.0-255,66,125910,12,125910
18398,0.0,74.125.200.0-255,153,153,12,271570
18399,2.2e-05,172.31.36.0-255,66,219,12,271570
18400,2.9e-05,74.125.200.0-255,1484,1703,12,271570
18401,3.3e-05,172.31.36.0-255,66,1769,12,271570
18402,3.7e-05,74.125.200.0-255,1484,3253,12,271570
18403,3.9e-05,172.31.36.0-255,66,3319,12,271570
18404,4.6e-05,74.125.200.0-255,2902,6221,12,271570
18405,4.8e-05,172.31.36.0-255,66,6287,12,271570
18406,5.5e-05,74.125.200.0-255,5738,12025,12,271570
18407,5.8e-05,172.31.36.0-255,66,12091,12,271570
18408,8.5e-05,74.125.200.0-255,2060,14151,12,271570
18409,8.8e-05,172.31.36.0-255,66,14217,12,271570
18410,0.000233,74.125.200.0-255,1484,15701,12,271570
18411,0.000238,172.31.36.0-255,66,15767,12,271570
18412,0.000243,74.125.200.0-255,2902,18669,12,271570
18413,0.000246,172.31.36.0-255,66,18735,12,271570
18414,0.000273,74.125.200.0-255,5738,24473,12,271570
18415,0.000276,172.31.36.0-255,66,24539,12,271570
18416,0.000279,74.125.200.0-255,1484,26023,12,271570
18417,0.000281,172.31.36.0-255,66,26089,12,271570
18418,0.000297,74.125.200.0-255,2902,28991,12,271570
18419,0.000299,172.31.36.0-255,66,29057,12,271570
18420,0.000338,74.125.200.0-255,2543,31600,12,271570
18421,0.000341,172.31.36.0-255,66,31666,12,271570
18422,0.000626,74.125.200.0-255,1484,33150,12,271570
18423,0.000631,172.31.36.0-255,66,33216,12,271570
18424,0.000635,74.125.200.0-255,1484,34700,12,271570
18425,0.000638,172.31.36.0-255,66,34766,12,271570
18426,0.000653,74.125.200.0-255,2902,37668,12,271570
18427,0.000655,172.31.36.0-255,66,37734,12,271570
18428,0.000675,74.125.200.0-255,5738,43472,12,271570
18429,0.000678,172.31.36.0-255,66,43538,12,271570
18430,0.000684,74.125.200.0-255,5379,48917,12,271570
18431,0.000687,172.31.36.0-255,66,48983,12,271570
18432,0.000705,74.125.200.0-255,2902,51885,12,271570
18433,0.000707,172.31.36.0-255,66,51951,12,271570
18434,0.000729,74.125.200.0-255,2902,54853,12,271570
18435,0.000732,172.31.36.0-255,66,54919,12,271570
18436,0.000737,74.125.200.0-255,2902,57821,12,271570
18437,0.000739,172.31.36.0-255,66,57887,12,271570
18438,0.000765,74.125.200.0-255,130,58017,12,271570
18439,0.00077,172.31.36.0-255,66,58083,12,271570
18440,0.000786,74.125.200.0-255,349,58432,12,271570
18441,0.001055,74.125.200.0-255,1484,59916,12,271570
18442,0.00106,172.31.36.0-255,66,59982,12,271570
18443,0.00108,74.125.200.0-255,2902,62884,12,271570
18444,0.001082,172.31.36.0-255,66,62950,12,271570
18445,0.001086,74.125.200.0-255,1484,64434,12,271570
18446,0.001098,74.125.200.0-255,1484,65918,12,271570
18447,0.001101,172.31.36.0-255,66,65984,12,271570
18448,0.001107,74.125.200.0-255,4320,70304,12,271570
18449,0.001108,172.31.36.0-255,66,70370,12,271570
18450,0.001146,172.31.36.0-255,66,70436,12,271570
18451,0.001153,74.125.200.0-255,5738,76174,12,271570
18452,0.001155,172.31.36.0-255,66,76240,12,271570
18453,0.001162,74.125.200.0-255,7156,83396,12,271570
18454,0.001165,172.31.36.0-255,66,83462,12,271570
18455,0.001186,74.125.200.0-255,766,84228,12,271570
18456,0.001217,74.125.200.0-255,1484,85712,12,271570
18457,0.001221,172.31.36.0-255,66,85778,12,271570
18458,0.001236,74.125.200.0-255,4320,90098,12,271570
18459,0.001239,172.31.36.0-255,66,90164,12,271570
18460,0.001242,74.125.200.0-255,1484,91648,12,271570
18461,0.001255,74.125.200.0-255,2902,94550,12,271570
18462,0.001257,172.31.36.0-255,66,94616,12,271570
18463,0.001282,74.125.200.0-255,5738,100354,12,271570
18464,0.001285,172.31.36.0-255,66,100420,12,271570
18465,0.001325,172.31.36.0-255,66,100486,12,271570
18466,0.001347,74.125.200.0-255,4320,104806,12,271570
18467,0.00135,172.31.36.0-255,66,104872,12,271570
18468,0.001374,74.125.200.0-255,3602,108474,12,271570
18469,0.001376,172.31.36.0-255,66,108540,12,271570
18470,0.001397,74.125.200.0-255,4320,112860,12,271570
18471,0.0014,172.31.36.0-255,66,112926,12,271570
18472,0.001413,74.125.200.0-255,2902,115828,12,271570
18473,0.001416,172.31.36.0-255,66,115894,12,271570
18474,0.001427,172.31.36.0-255,66,115960,12,271570
18475,0.001447,74.125.200.0-255,1484,117444,12,271570
18476,0.001482,172.31.36.0-255,66,117510,12,271570
18477,0.00151,74.125.200.0-255,6438,123948,12,271570
18478,0.001513,172.31.36.0-255,66,124014,12,271570
18479,0.001566,74.125.200.0-255,7156,131170,12,271570
18480,0.001568,74.125.200.0-255,1484,132654,12,271570
18481,0.001572,172.31.36.0-255,66,132720,12,271570
18482,0.001588,74.125.200.0-255,7156,139876,12,271570
18483,0.001591,172.31.36.0-255,66,139942,12,271570
18484,0.001595,74.125.200.0-255,2902,142844,12,271570
18485,0.001597,172.31.36.0-255,66,142910,12,271570
18486,0.001621,74.125.200.0-255,7156,150066,12,271570
18487,0.001624,172.31.36.0-255,66,150132,12,271570
18488,0.001661,172.31.36.0-255,66,150198,12,271570
18489,0.001702,74.125.200.0-255,1484,151682,12,271570
18490,0.001715,74.125.200.0-255,2902,154584,12,271570
18491,0.001718,172.31.36.0-255,66,154650,12,271570
18492,0.001738,74.125.200.0-255,5738,160388,12,271570
18493,0.00174,172.31.36.0-255,66,160454,12,271570
18494,0.001761,74.125.200.0-255,4320,164774,12,271570
18495,0.001763,172.31.36.0-255,66,164840,12,271570
18496,0.00177,74.125.200.0-255,5738,170578,12,271570
18497,0.001772,172.31.36.0-255,66,170644,12,271570
18498,0.001813,172.31.36.0-255,66,170710,12,271570
18499,0.001818,74.125.200.0-255,2184,172894,12,271570
18500,0.00182,172.31.36.0-255,66,172960,12,271570
18501,0.001868,74.125.200.0-255,1484,174444,12,271570
18502,0.001882,74.125.200.0-255,2902,177346,12,271570
18503,0.001885,172.31.36.0-255,66,177412,12,271570
18504,0.001924,74.125.200.0-255,5738,183150,12,271570
18505,0.001928,172.31.36.0-255,66,183216,12,271570
18506,0.00194,74.125.200.0-255,7156,190372,12,271570
18507,0.001943,172.31.36.0-255,66,190438,12,271570
18508,0.001947,74.125.200.0-255,2902,193340,12,271570
18509,0.001949,172.31.36.0-255,66,193406,12,271570
18510,0.001989,172.31.36.0-255,66,193472,12,271570
18511,0.001993,74.125.200.0-255,2184,195656,12,271570
18512,0.001995,172.31.36.0-255,66,195722,12,271570
18513,0.004006,74.125.200.0-255,5738,201460,12,271570
18514,0.004013,172.31.36.0-255,66,201526,12,271570
18515,0.006032,74.125.200.0-255,5738,207264,12,271570
18516,0.006037,172.31.36.0-255,66,207330,12,271570
18517,0.008066,74.125.200.0-255,5738,213068,12,271570
18518,0.008073,172.31.36.0-255,66,213134,12,271570
18519,0.010081,74.125.200.0-255,2902,216036,12,271570
18520,0.010085,172.31.36.0-255,66,216102,12,271570
18521,0.010104,74.125.200.0-255,2902,219004,12,271570
18522,0.010106,172.31.36.0-255,66,219070,12,271570
18523,0.012099,74.125.200.0-255,2902,221972,12,271570
18524,0.012108,172.31.36.0-255,66,222038,12,271570
18525,0.012129,74.125.200.0-255,2902,224940,12,271570
18526,0.012132,172.31.36.0-255,66,225006,12,271570
18527,0.014123,74.125.200.0-255,2902,227908,12,271570
18528,0.014131,172.31.36.0-255,66,227974,12,271570
18529,0.01415,74.125.200.0-255,2902,230876,12,271570
18530,0.014153,172.31.36.0-255,66,230942,12,271570
18531,0.016151,74.125.200.0-255,5738,236680,12,271570
18532,0.016159,172.31.36.0-255,66,236746,12,271570
18533,0.018191,74.125.200.0-255,5738,242484,12,271570
18534,0.018201,172.31.36.0-255,66,242550,12,271570
18535,0.02023,74.125.200.0-255,5738,248288,12,271570
18536,0.020237,172.31.36.0-255,66,248354,12,271570
18537,0.022263,74.125.200.0-255,5738,254092,12,271570
18538,0.022271,172.31.36.0-255,66,254158,12,271570
18539,0.02429,74.125.200.0-255,5738,259896,12,271570
18540,0.024295,172.31.36.0-255,66,259962,12,271570
18541,0.026307,74.125.200.0-255,5738,265700,12,271570
18542,0.026315,172.31.36.0-255,66,265766,12,271570
18543,0.028346,74.125.200.0-255,5738,271504,12,271570
18544,0.028354,172.31.36.0-255,66,271570,12,271570
18545,0.0,74.125.200.0-255,295,295,12,340733
18546,3.4e-05,172.31.36.0-255,66,361,12,340733
18547,4.1e-05,74.125.200.0-255,1484,1845,12,340733
18548,4.6e-05,172.31.36.0-255,66,1911,12,340733
18549,5.1e-05,74.125.200.0-255,4320,6231,12,340733
18550,5.3e-05,172.31.36.0-255,66,6297,12,340733
18551,5.7e-05,74.125.200.0-255,2902,9199,12,340733
18552,6.1e-05,172.31.36.0-255,66,9265,12,340733
18553,6.6e-05,74.125.200.0-255,2902,12167,12,340733
18554,6.8e-05,172.31.36.0-255,66,12233,12,340733
18555,8.8e-05,74.125.200.0-255,1484,13717,12,340733
18556,9e-05,172.31.36.0-255,66,13783,12,340733
18557,9.3e-05,74.125.200.0-255,1484,15267,12,340733
18558,9.5e-05,172.31.36.0-255,66,15333,12,340733
18559,0.000119,172.31.36.0-255,66,15399,12,340733
18560,0.000124,74.125.200.0-255,4320,19719,12,340733
18561,0.000126,172.31.36.0-255,66,19785,12,340733
18562,0.000173,74.125.200.0-255,3961,23746,12,340733
18563,0.000175,172.31.36.0-255,66,23812,12,340733
18564,0.000264,74.125.200.0-255,1484,25296,12,340733
18565,0.000268,172.31.36.0-255,66,25362,12,340733
18566,0.000281,74.125.200.0-255,1484,26846,12,340733
18567,0.000283,172.31.36.0-255,66,26912,12,340733
18568,0.000315,74.125.200.0-255,2902,29814,12,340733
18569,0.000321,172.31.36.0-255,66,29880,12,340733
18570,0.000342,74.125.200.0-255,5738,35618,12,340733
18571,0.000345,172.31.36.0-255,66,35684,12,340733
18572,0.000351,74.125.200.0-255,5379,41063,12,340733
18573,0.000353,172.31.36.0-255,66,41129,12,340733
18574,0.000377,74.125.200.0-255,2902,44031,12,340733
18575,0.00038,172.31.36.0-255,66,44097,12,340733
18576,0.000399,74.125.200.0-255,2902,46999,12,340733
18577,0.000402,172.31.36.0-255,66,47065,12,340733
18578,0.000418,74.125.200.0-255,4320,51385,12,340733
18579,0.000421,172.31.36.0-255,66,51451,12,340733
18580,0.00045,74.125.200.0-255,7104,58555,12,340733
18581,0.000453,172.31.36.0-255,66,58621,12,340733
18582,0.000457,74.125.200.0-255,114,58735,12,340733
18583,0.000552,74.125.200.0-255,1484,60219,12,340733
18584,0.000556,172.31.36.0-255,66,60285,12,340733
18585,0.000573,74.125.200.0-255,1484,61769,12,340733
18586,0.000585,74.125.200.0-255,1484,63253,12,340733
18587,0.000588,172.31.36.0-255,66,63319,12,340733
18588,0.000602,74.125.200.0-255,1484,64803,12,340733
18589,0.000616,74.125.200.0-255,2902,67705,12,340733
18590,0.00062,172.31.36.0-255,66,67771,12,340733
18591,0.000637,74.125.200.0-255,1484,69255,12,340733
18592,0.000662,74.125.200.0-255,6797,76052,12,340733
18593,0.000665,172.31.36.0-255,66,76118,12,340733
18594,0.000789,74.125.200.0-255,1484,77602,12,340733
18595,0.000793,74.125.200.0-255,1484,79086,12,340733
18596,0.000796,172.31.36.0-255,66,79152,12,340733
18597,0.000812,74.125.200.0-255,1484,80636,12,340733
18598,0.000827,74.125.200.0-255,4320,84956,12,340733
18599,0.00083,172.31.36.0-255,66,85022,12,340733
18600,0.000841,74.125.200.0-255,1484,86506,12,340733
18601,0.000857,74.125.200.0-255,4320,90826,12,340733
18602,0.00086,172.31.36.0-255,66,90892,12,340733
18603,0.000876,74.125.200.0-255,2228,93120,12,340733
18604,0.000881,172.31.36.0-255,66,93186,12,340733
18605,0.000888,74.125.200.0-255,1484,94670,12,340733
18606,0.000916,74.125.200.0-255,2902,97572,12,340733
18607,0.000919,172.31.36.0-255,66,97638,12,340733
18608,0.000945,74.125.200.0-255,2902,100540,12,340733
18609,0.000947,172.31.36.0-255,66,100606,12,340733
18610,0.00097,74.125.200.0-255,2902,103508,12,340733
18611,0.000973,172.31.36.0-255,66,103574,12,340733
18612,0.000977,74.125.200.0-255,2902,106476,12,340733
18613,0.000979,172.31.36.0-255,66,106542,12,340733
18614,0.000982,74.125.200.0-255,1484,108026,12,340733
18615,0.001006,74.125.200.0-255,2529,110555,12,340733
18616,0.001009,172.31.36.0-255,66,110621,12,340733
18617,0.001271,74.125.200.0-255,1484,112105,12,340733
18618,0.001296,74.125.200.0-255,2902,115007,12,340733
18619,0.0013,172.31.36.0-255,66,115073,12,340733
18620,0.001324,74.125.200.0-255,5738,120811,12,340733
18621,0.001326,172.31.36.0-255,66,120877,12,340733
18622,0.001329,74.125.200.0-255,1484,122361,12,340733
18623,0.001346,74.125.200.0-255,5738,128099,12,340733
18624,0.001349,172.31.36.0-255,66,128165,12,340733
18625,0.001368,74.125.200.0-255,1484,129649,12,340733
18626,0.001371,74.125.200.0-255,1484,131133,12,340733
18627,0.001373,172.31.36.0-255,66,131199,12,340733
18628,0.001396,74.125.200.0-255,7156,138355,12,340733
18629,0.0014,172.31.36.0-255,66,138421,12,340733
18630,0.001413,74.125.200.0-255,1484,139905,12,340733
18631,0.001419,74.125.200.0-255,5020,144925,12,340733
18632,0.001421,172.31.36.0-255,66,144991,12,340733
18633,0.001518,74.125.200.0-255,1484,146475,12,340733
18634,0.001552,74.125.200.0-255,1484,147959,12,340733
18635,0.001555,172.31.36.0-255,66,148025,12,340733
18636,0.001573,74.125.200.0-255,1484,149509,12,340733
18637,0.001576,74.125.200.0-255,1484,150993,12,340733
18638,0.001578,172.31.36.0-255,66,151059,12,340733
18639,0.001592,74.125.200.0-255,2902,153961,12,340733
18640,0.001595,172.31.36.0-255,66,154027,12,340733
18641,0.001614,74.125.200.0-255,1484,155511,12,340733
18642,0.001638,74.125.200.0-255,7156,162667,12,340733
18643,0.001641,172.31.36.0-255,66,162733,12,340733
18644,0.001653,74.125.200.0-255,1484,164217,12,340733
18645,0.001668,74.125.200.0-255,2902,167119,12,340733
18646,0.001672,172.31.36.0-255,66,167185,12,340733
18647,0.001675,74.125.200.0-255,1484,168669,12,340733
18648,0.001687,74.125.200.0-255,2902,171571,12,340733
18649,0.00169,172.31.36.0-255,66,171637,12,340733
18650,0.00171,74.125.200.0-255,1484,173121,12,340733
18651,0.001722,74.125.200.0-255,1484,174605,12,340733
18652,0.001725,172.31.36.0-255,66,174671,12,340733
18653,0.001742,74.125.200.0-255,3988,178659,12,340733
18654,0.001746,172.31.36.0-255,66,178725,12,340733
18655,0.001797,74.125.200.0-255,1484,180209,12,340733
18656,0.001812,74.125.200.0-255,2902,183111,12,340733
18657,0.001815,172.31.36.0-255,66,183177,12,340733
18658,0.001832,74.125.200.0-255,4320,187497,12,340733
18659,0.001835,172.31.36.0-255,66,187563,12,340733
18660,0.001856,74.125.200.0-255,1484,189047,12,340733
18661,0.001873,74.125.200.0-255,4320,193367,12,340733
18662,0.001876,172.31.36.0-255,66,193433,12,340733
18663,0.001896,74.125.200.0-255,5738,199171,12,340733
18664,0.001899,172.31.36.0-255,66,199237,12,340733
18665,0.001917,74.125.200.0-255,2902,202139,12,340733
18666,0.001919,172.31.36.0-255,66,202205,12,340733
18667,0.001953,74.125.200.0-255,1484,203689,12,340733
18668,0.001978,172.31.36.0-255,66,203755,12,340733
18669,0.001992,74.125.200.0-255,766,204521,12,340733
18670,0.002113,172.31.36.0-255,66,204587,12,340733
18671,0.002116,74.125.200.0-255,1484,206071,12,340733
18672,0.00213,74.125.200.0-255,1484,207555,12,340733
18673,0.002132,172.31.36.0-255,66,207621,12,340733
18674,0.002149,74.125.200.0-255,1484,209105,12,340733
18675,0.002153,74.125.200.0-255,2902,212007,12,340733
18676,0.002155,172.31.36.0-255,66,212073,12,340733
18677,0.002172,74.125.200.0-255,1484,213557,12,340733
18678,0.002195,74.125.200.0-255,1484,215041,12,340733
18679,0.002198,172.31.36.0-255,66,215107,12,340733
18680,0.00222,74.125.200.0-255,7156,222263,12,340733
18681,0.002223,74.125.200.0-255,1484,223747,12,340733
18682,0.002224,172.31.36.0-255,66,223813,12,340733
18683,0.002244,74.125.200.0-255,5738,229551,12,340733
18684,0.002247,172.31.36.0-255,66,229617,12,340733
18685,0.002261,74.125.200.0-255,1484,231101,12,340733
18686,0.002291,74.125.200.0-255,4320,235421,12,340733
18687,0.002294,172.31.36.0-255,66,235487,12,340733
18688,0.002319,74.125.200.0-255,2902,238389,12,340733
18689,0.002322,172.31.36.0-255,66,238455,12,340733
18690,0.002325,74.125.200.0-255,766,239221,12,340733
18691,0.002642,74.125.200.0-255,1484,240705,12,340733
18692,0.002645,172.31.36.0-255,66,240771,12,340733
18693,0.002669,74.125.200.0-255,2902,243673,12,340733
18694,0.002672,172.31.36.0-255,66,243739,12,340733
18695,0.002676,74.125.200.0-255,2902,246641,12,340733
18696,0.002678,172.31.36.0-255,66,246707,12,340733
18697,0.002683,74.125.200.0-255,4320,251027,12,340733
18698,0.002685,172.31.36.0-255,66,251093,12,340733
18699,0.002707,74.125.200.0-255,1484,252577,12,340733
18700,0.002723,74.125.200.0-255,1484,254061,12,340733
18701,0.002725,172.31.36.0-255,66,254127,12,340733
18702,0.002738,74.125.200.0-255,1484,255611,12,340733
18703,0.002757,74.125.200.0-255,4320,259931,12,340733
18704,0.002761,172.31.36.0-255,66,259997,12,340733
18705,0.002769,74.125.200.0-255,7156,267153,12,340733
18706,0.002771,172.31.36.0-255,66,267219,12,340733
18707,0.002826,74.125.200.0-255,1484,268703,12,340733
18708,0.002847,74.125.200.0-255,4320,273023,12,340733
18709,0.00285,172.31.36.0-255,66,273089,12,340733
18710,0.002864,74.125.200.0-255,766,273855,12,340733
18711,0.006169,74.125.200.0-255,4320,278175,12,340733
18712,0.006175,172.31.36.0-255,66,278241,12,340733
18713,0.008765,74.125.200.0-255,5738,283979,12,340733
18714,0.008772,172.31.36.0-255,66,284045,12,340733
18715,0.010909,74.125.200.0-255,4320,288365,12,340733
18716,0.010916,172.31.36.0-255,66,288431,12,340733
18717,0.010933,74.125.200.0-255,1484,289915,12,340733
18718,0.012946,74.125.200.0-255,4320,294235,12,340733
18719,0.012952,172.31.36.0-255,66,294301,12,340733
18720,0.014978,74.125.200.0-255,5738,300039,12,340733
18721,0.014985,172.31.36.0-255,66,300105,12,340733
18722,0.017006,74.125.200.0-255,5738,305843,12,340733
18723,0.017013,172.31.36.0-255,66,305909,12,340733
18724,0.019036,74.125.200.0-255,5738,311647,12,340733
18725,0.019045,172.31.36.0-255,66,311713,12,340733
18726,0.021086,74.125.200.0-255,5738,317451,12,340733
18727,0.021092,172.31.36.0-255,66,317517,12,340733
18728,0.02312,74.125.200.0-255,5738,323255,12,340733
18729,0.023126,172.31.36.0-255,66,323321,12,340733
18730,0.025153,74.125.200.0-255,5738,329059,12,340733
18731,0.02516,172.31.36.0-255,66,329125,12,340733
18732,0.027171,74.125.200.0-255,5738,334863,12,340733
18733,0.027178,172.31.36.0-255,66,334929,12,340733
18734,0.029193,74.125.200.0-255,5738,340667,12,340733
18735,0.029199,172.31.36.0-255,66,340733,12,340733
18736,0.0,74.125.24.0-255,153,153,12,197435
18737,2.4e-05,172.31.36.0-255,66,219,12,197435
18738,3.1e-05,74.125.24.0-255,1484,1703,12,197435
18739,3.6e-05,172.31.36.0-255,66,1769,12,197435
18740,4.2e-05,74.125.24.0-255,2902,4671,12,197435
18741,4.5e-05,172.31.36.0-255,66,4737,12,197435
18742,5e-05,74.125.24.0-255,2902,7639,12,197435
18743,5.2e-05,172.31.36.0-255,66,7705,12,197435
18744,8.1e-05,74.125.24.0-255,6295,14000,12,197435
18745,8.4e-05,172.31.36.0-255,66,14066,12,197435
18746,0.000845,74.125.24.0-255,1484,15550,12,197435
18747,0.000852,172.31.36.0-255,66,15616,12,197435
18748,0.000861,74.125.24.0-255,2902,18518,12,197435
18749,0.000864,172.31.36.0-255,66,18584,12,197435
18750,0.000869,74.125.24.0-255,2902,21486,12,197435
18751,0.000872,172.31.36.0-255,66,21552,12,197435
18752,0.000898,74.125.24.0-255,2902,24454,12,197435
18753,0.0009,172.31.36.0-255,66,24520,12,197435
18754,0.000908,74.125.24.0-255,6797,31317,12,197435
18755,0.000911,172.31.36.0-255,66,31383,12,197435
18756,0.00094,74.125.24.0-255,4320,35703,12,197435
18757,0.000943,172.31.36.0-255,66,35769,12,197435
18758,0.000951,74.125.24.0-255,5738,41507,12,197435
18759,0.000953,172.31.36.0-255,66,41573,12,197435
18760,0.000972,74.125.24.0-255,2902,44475,12,197435
18761,0.000974,172.31.36.0-255,66,44541,12,197435
18762,0.000999,74.125.24.0-255,3961,48502,12,197435
18763,0.001002,172.31.36.0-255,66,48568,12,197435
18764,0.001022,74.125.24.0-255,4320,52888,12,197435
18765,0.001025,172.31.36.0-255,66,52954,12,197435
18766,0.001029,74.125.24.0-255,2902,55856,12,197435
18767,0.001031,172.31.36.0-255,66,55922,12,197435
18768,0.001046,74.125.24.0-255,2902,58824,12,197435
18769,0.001049,172.31.36.0-255,66,58890,12,197435
18770,0.001083,74.125.24.0-255,7093,65983,12,197435
18771,0.001086,172.31.36.0-255,66,66049,12,197435
18772,0.001099,74.125.24.0-255,381,66430,12,197435
18773,0.001508,74.125.24.0-255,1484,67914,12,197435
18774,0.001515,172.31.36.0-255,66,67980,12,197435
18775,0.001523,74.125.24.0-255,2902,70882,12,197435
18776,0.001526,172.31.36.0-255,66,70948,12,197435
18777,0.001532,74.125.24.0-255,5738,76686,12,197435
18778,0.001534,172.31.36.0-255,66,76752,12,197435
18779,0.00154,74.125.24.0-255,5738,82490,12,197435
18780,0.001543,172.31.36.0-255,66,82556,12,197435
18781,0.001578,74.125.24.0-255,4320,86876,12,197435
18782,0.001581,172.31.36.0-255,66,86942,12,197435
18783,0.001613,172.31.36.0-255,66,87008,12,197435
18784,0.001628,172.31.36.0-255,66,87074,12,197435
18785,0.001636,74.125.24.0-255,6438,93512,12,197435
18786,0.001638,172.31.36.0-255,66,93578,12,197435
18787,0.001715,74.125.24.0-255,5738,99316,12,197435
18788,0.001718,172.31.36.0-255,66,99382,12,197435
18789,0.001754,172.31.36.0-255,66,99448,12,197435
18790,0.001769,172.31.36.0-255,66,99514,12,197435
18791,0.001799,74.125.24.0-255,6438,105952,12,197435
18792,0.001802,172.31.36.0-255,66,106018,12,197435
18793,0.001809,74.125.24.0-255,6797,112815,12,197435
18794,0.001812,172.31.36.0-255,66,112881,12,197435
18795,0.002186,74.125.24.0-255,1484,114365,12,197435
18796,0.002191,74.125.24.0-255,1484,115849,12,197435
18797,0.002195,172.31.36.0-255,66,115915,12,197435
18798,0.002211,74.125.24.0-255,1484,117399,12,197435
18799,0.002238,74.125.24.0-255,2902,120301,12,197435
18800,0.002241,172.31.36.0-255,66,120367,12,197435
18801,0.002263,74.125.24.0-255,4320,124687,12,197435
18802,0.002273,172.31.36.0-255,66,124753,12,197435
18803,0.002278,74.125.24.0-255,2902,127655,12,197435
18804,0.00228,172.31.36.0-255,66,127721,12,197435
18805,0.002307,74.125.24.0-255,5738,133459,12,197435
18806,0.00231,172.31.36.0-255,66,133525,12,197435
18807,0.002335,172.31.36.0-255,66,133591,12,197435
18808,0.004654,74.125.24.0-255,5738,139329,12,197435
18809,0.004661,172.31.36.0-255,66,139395,12,197435
18810,0.006985,74.125.24.0-255,5738,145133,12,197435
18811,0.006991,172.31.36.0-255,66,145199,12,197435
18812,0.009315,74.125.24.0-255,5738,150937,12,197435
18813,0.009322,172.31.36.0-255,66,151003,12,197435
18814,0.011635,74.125.24.0-255,5738,156741,12,197435
18815,0.011644,172.31.36.0-255,66,156807,12,197435
18816,0.013974,74.125.24.0-255,5738,162545,12,197435
18817,0.013982,172.31.36.0-255,66,162611,12,197435
18818,0.016367,74.125.24.0-255,5738,168349,12,197435
18819,0.016375,172.31.36.0-255,66,168415,12,197435
18820,0.018755,74.125.24.0-255,5738,174153,12,197435
18821,0.018764,172.31.36.0-255,66,174219,12,197435
18822,0.021076,74.125.24.0-255,5738,179957,12,197435
18823,0.021087,172.31.36.0-255,66,180023,12,197435
18824,0.023445,74.125.24.0-255,5738,185761,12,197435
18825,0.023454,172.31.36.0-255,66,185827,12,197435
18826,0.025845,74.125.24.0-255,5738,191565,12,197435
18827,0.025853,172.31.36.0-255,66,191631,12,197435
18828,0.028213,74.125.24.0-255,5738,197369,12,197435
18829,0.028224,172.31.36.0-255,66,197435,12,197435
18830,0.0,172.217.194.0-255,146,146,12,284420
18831,2.8e-05,172.31.36.0-255,66,212,12,284420
18832,3.5e-05,172.217.194.0-255,1484,1696,12,284420
18833,3.9e-05,172.31.36.0-255,66,1762,12,284420
18834,7.5e-05,172.217.194.0-255,2902,4664,12,284420
18835,7.9e-05,172.31.36.0-255,66,4730,12,284420
18836,8.2e-05,172.217.194.0-255,1484,6214,12,284420
18837,8.5e-05,172.31.36.0-255,66,6280,12,284420
18838,0.000116,172.217.194.0-255,5738,12018,12,284420
18839,0.00012,172.31.36.0-255,66,12084,12,284420
18840,0.000124,172.217.194.0-255,2038,14122,12,284420
18841,0.000126,172.31.36.0-255,66,14188,12,284420
18842,0.000181,172.217.194.0-255,1484,15672,12,284420
18843,0.000185,172.31.36.0-255,66,15738,12,284420
18844,0.000189,172.217.194.0-255,1484,17222,12,284420
18845,0.00019,172.31.36.0-255,66,17288,12,284420
18846,0.000226,172.217.194.0-255,1484,18772,12,284420
18847,0.000229,172.31.36.0-255,66,18838,12,284420
18848,0.000238,172.217.194.0-255,5738,24576,12,284420
18849,0.000241,172.31.36.0-255,66,24642,12,284420
18850,0.000277,172.31.36.0-255,66,24708,12,284420
18851,0.000312,172.217.194.0-255,1484,26192,12,284420
18852,0.000315,172.31.36.0-255,66,26258,12,284420
18853,0.00035,172.31.36.0-255,66,26324,12,284420
18854,0.000466,172.217.194.0-255,1484,27808,12,284420
18855,0.00047,172.31.36.0-255,66,27874,12,284420
18856,0.000475,172.217.194.0-255,2902,30776,12,284420
18857,0.000477,172.31.36.0-255,66,30842,12,284420
18858,0.000505,172.217.194.0-255,5738,36580,12,284420
18859,0.000514,172.31.36.0-255,66,36646,12,284420
18860,0.000541,172.217.194.0-255,6797,43443,12,284420
18861,0.000545,172.31.36.0-255,66,43509,12,284420
18862,0.000598,172.217.194.0-255,2902,46411,12,284420
18863,0.000601,172.31.36.0-255,66,46477,12,284420
18864,0.00063,172.217.194.0-255,4320,50797,12,284420
18865,0.000633,172.31.36.0-255,66,50863,12,284420
18866,0.00064,172.217.194.0-255,5738,56601,12,284420
18867,0.000642,172.31.36.0-255,66,56667,12,284420
18868,0.000666,172.217.194.0-255,4541,61208,12,284420
18869,0.000669,172.31.36.0-255,66,61274,12,284420
18870,0.000673,172.217.194.0-255,1484,62758,12,284420
18871,0.000712,172.217.194.0-255,4320,67078,12,284420
18872,0.000716,172.31.36.0-255,66,67144,12,284420
18873,0.000722,172.217.194.0-255,5738,72882,12,284420
18874,0.000726,172.31.36.0-255,66,72948,12,284420
18875,0.000758,172.217.194.0-255,4830,77778,12,284420
18876,0.000762,172.31.36.0-255,66,77844,12,284420
18877,0.001015,172.217.194.0-255,1484,79328,12,284420
18878,0.00102,172.217.194.0-255,1484,80812,12,284420
18879,0.001023,172.31.36.0-255,66,80878,12,284420
18880,0.001044,172.217.194.0-255,1484,82362,12,284420
18881,0.00105,172.217.194.0-255,5738,88100,12,284420
18882,0.001053,172.31.36.0-255,66,88166,12,284420
18883,0.00106,172.217.194.0-255,5738,93904,12,284420
18884,0.001063,172.31.36.0-255,66,93970,12,284420
18885,0.001084,172.217.194.0-255,1111,95081,12,284420
18886,0.001271,172.31.36.0-255,66,95147,12,284420
18887,0.001374,172.217.194.0-255,1484,96631,12,284420
18888,0.001384,172.217.194.0-255,2902,99533,12,284420
18889,0.001388,172.31.36.0-255,66,99599,12,284420
18890,0.001411,172.217.194.0-255,5738,105337,12,284420
18891,0.001414,172.31.36.0-255,66,105403,12,284420
18892,0.001421,172.217.194.0-255,5738,111141,12,284420
18893,0.001423,172.31.36.0-255,66,111207,12,284420
18894,0.001452,172.217.194.0-255,2902,114109,12,284420
18895,0.001456,172.31.36.0-255,66,114175,12,284420
18896,0.001494,172.31.36.0-255,66,114241,12,284420
18897,0.002111,172.217.194.0-255,1484,115725,12,284420
18898,0.002119,172.217.194.0-255,2902,118627,12,284420
18899,0.002124,172.31.36.0-255,66,118693,12,284420
18900,0.002131,172.217.194.0-255,5738,124431,12,284420
18901,0.002133,172.31.36.0-255,66,124497,12,284420
18902,0.002157,172.217.194.0-255,5738,130235,12,284420
18903,0.002159,172.31.36.0-255,66,130301,12,284420
18904,0.002208,172.217.194.0-255,7156,137457,12,284420
18905,0.002211,172.31.36.0-255,66,137523,12,284420
18906,0.002223,172.31.36.0-255,66,137589,12,284420
18907,0.002225,172.217.194.0-255,766,138355,12,284420
18908,0.002229,172.217.194.0-255,1484,139839,12,284420
18909,0.002231,172.31.36.0-255,66,139905,12,284420
18910,0.00226,172.217.194.0-255,4320,144225,12,284420
18911,0.002263,172.31.36.0-255,66,144291,12,284420
18912,0.002273,172.31.36.0-255,66,144357,12,284420
18913,0.002299,172.217.194.0-255,1484,145841,12,284420
18914,0.00231,172.31.36.0-255,66,145907,12,284420
18915,0.002335,172.217.194.0-255,5738,151645,12,284420
18916,0.002337,172.31.36.0-255,66,151711,12,284420
18917,0.002362,172.217.194.0-255,3602,155313,12,284420
18918,0.002364,172.31.36.0-255,66,155379,12,284420
18919,0.002407,172.217.194.0-255,4320,159699,12,284420
18920,0.002409,172.31.36.0-255,66,159765,12,284420
18921,0.002434,172.217.194.0-255,5738,165503,12,284420
18922,0.002437,172.31.36.0-255,66,165569,12,284420
18923,0.002449,172.31.36.0-255,66,165635,12,284420
18924,0.002464,172.31.36.0-255,66,165701,12,284420
18925,0.002467,172.217.194.0-255,1484,167185,12,284420
18926,0.002471,172.217.194.0-255,2902,170087,12,284420
18927,0.002474,172.31.36.0-255,66,170153,12,284420
18928,0.002479,172.217.194.0-255,5738,175891,12,284420
18929,0.002482,172.31.36.0-255,66,175957,12,284420
18930,0.002515,172.31.36.0-255,66,176023,12,284420
18931,0.00252,172.217.194.0-255,4320,180343,12,284420
18932,0.002523,172.31.36.0-255,66,180409,12,284420
18933,0.002528,172.217.194.0-255,4320,184729,12,284420
18934,0.002531,172.31.36.0-255,66,184795,12,284420
18935,0.002551,172.217.194.0-255,2184,186979,12,284420
18936,0.002553,172.31.36.0-255,66,187045,12,284420
18937,0.002585,172.217.194.0-255,7156,194201,12,284420
18938,0.002588,172.31.36.0-255,66,194267,12,284420
18939,0.002591,172.217.194.0-255,1484,195751,12,284420
18940,0.002617,172.217.194.0-255,7156,202907,12,284420
18941,0.00262,172.31.36.0-255,66,202973,12,284420
18942,0.002627,172.217.194.0-255,7156,210129,12,284420
18943,0.00263,172.31.36.0-255,66,210195,12,284420
18944,0.002661,172.31.36.0-255,66,210261,12,284420
18945,0.002664,172.217.194.0-255,766,211027,12,284420
18946,0.002719,172.217.194.0-255,1484,212511,12,284420
18947,0.002721,172.31.36.0-255,66,212577,12,284420
18948,0.002749,172.217.194.0-255,2902,215479,12,284420
18949,0.002752,172.31.36.0-255,66,215545,12,284420
18950,0.002758,172.217.194.0-255,5738,221283,12,284420
18951,0.002791,172.217.194.0-255,4320,225603,12,284420
18952,0.002809,172.217.194.0-255,2902,228505,12,284420
18953,0.002825,172.217.194.0-255,1484,229989,12,284420
18954,0.002841,172.217.194.0-255,7156,237145,12,284420
18955,0.002844,172.217.194.0-255,1484,238629,12,284420
18956,0.00289,172.217.194.0-255,6438,245067,12,284420
18957,0.003118,172.217.194.0-255,1484,246551,12,284420
18958,0.003137,172.217.194.0-255,2902,249453,12,284420
18959,0.003153,172.217.194.0-255,2902,252355,12,284420
18960,0.003171,172.217.194.0-255,2902,255257,12,284420
18961,0.003247,172.217.194.0-255,2184,257441,12,284420
18962,0.003296,172.217.194.0-255,1484,258925,12,284420
18963,0.003313,172.217.194.0-255,1484,260409,12,284420
18964,0.003318,172.217.194.0-255,4320,264729,12,284420
18965,0.003323,172.217.194.0-255,5738,270467,12,284420
18966,0.003336,172.217.194.0-255,2902,273369,12,284420
18967,0.00338,172.217.194.0-255,4320,277689,12,284420
18968,0.0034,172.217.194.0-255,6389,284078,12,284420
18969,0.003403,172.217.194.0-255,105,284183,12,284420
18970,0.004942,172.31.36.0-255,66,284249,12,284420
18971,0.007365,172.31.36.0-255,105,284354,12,284420
18972,0.009653,172.217.194.0-255,66,284420,12,284420
18973,0.0,172.217.194.0-255,143,143,12,136934
18974,1.9e-05,172.31.36.0-255,66,209,12,136934
18975,2.4e-05,172.217.194.0-255,1484,1693,12,136934
18976,2.8e-05,172.31.36.0-255,66,1759,12,136934
18977,4.2e-05,172.217.194.0-255,2902,4661,12,136934
18978,4.5e-05,172.31.36.0-255,66,4727,12,136934
18979,5e-05,172.217.194.0-255,2902,7629,12,136934
18980,5.3e-05,172.31.36.0-255,66,7695,12,136934
18981,8.1e-05,172.217.194.0-255,4320,12015,12,136934
18982,8.6e-05,172.31.36.0-255,66,12081,12,136934
18983,9.4e-05,172.217.194.0-255,1484,13565,12,136934
18984,9.6e-05,172.31.36.0-255,66,13631,12,136934
18985,0.000109,172.31.36.0-255,66,13697,12,136934
18986,0.000116,172.217.194.0-255,6797,20494,12,136934
18987,0.000119,172.31.36.0-255,66,20560,12,136934
18988,0.00015,172.217.194.0-255,1484,22044,12,136934
18989,0.000154,172.31.36.0-255,66,22110,12,136934
18990,0.000164,172.217.194.0-255,2902,25012,12,136934
18991,0.000167,172.31.36.0-255,66,25078,12,136934
18992,0.000206,172.217.194.0-255,5738,30816,12,136934
18993,0.000209,172.31.36.0-255,66,30882,12,136934
18994,0.000222,172.31.36.0-255,66,30948,12,136934
18995,0.000256,172.217.194.0-255,3961,34909,12,136934
18996,0.000259,172.31.36.0-255,66,34975,12,136934
18997,0.00027,172.31.36.0-255,66,35041,12,136934
18998,0.000281,172.217.194.0-255,363,35404,12,136934
18999,0.000283,172.31.36.0-255,66,35470,12,136934
19000,0.000469,172.217.194.0-255,1484,36954,12,136934
19001,0.000475,172.31.36.0-255,66,37020,12,136934
19002,0.000481,172.217.194.0-255,2902,39922,12,136934
19003,0.000483,172.31.36.0-255,66,39988,12,136934
19004,0.000487,172.217.194.0-255,2902,42890,12,136934
19005,0.000495,172.31.36.0-255,66,42956,12,136934
19006,0.000524,172.217.194.0-255,2902,45858,12,136934
19007,0.000532,172.31.36.0-255,66,45924,12,136934
19008,0.000544,172.31.36.0-255,66,45990,12,136934
19009,0.000592,172.31.36.0-255,66,46056,12,136934
19010,0.000905,172.217.194.0-255,1484,47540,12,136934
19011,0.000913,172.217.194.0-255,2902,50442,12,136934
19012,0.00092,172.31.36.0-255,66,50508,12,136934
19013,0.000927,172.217.194.0-255,5738,56246,12,136934
19014,0.00093,172.31.36.0-255,66,56312,12,136934
19015,0.000985,172.31.36.0-255,66,56378,12,136934
19016,0.001003,172.31.36.0-255,66,56444,12,136934
19017,0.001033,172.217.194.0-255,766,57210,12,136934
19018,0.001125,172.217.194.0-255,1484,58694,12,136934
19019,0.00113,172.31.36.0-255,66,58760,12,136934
19020,0.001136,172.217.194.0-255,2902,61662,12,136934
19021,0.001138,172.31.36.0-255,66,61728,12,136934
19022,0.001141,172.217.194.0-255,1484,63212,12,136934
19023,0.001161,172.217.194.0-255,4320,67532,12,136934
19024,0.001164,172.31.36.0-255,66,67598,12,136934
19025,0.001181,172.31.36.0-255,66,67664,12,136934
19026,0.001209,172.217.194.0-255,2902,70566,12,136934
19027,0.001216,172.31.36.0-255,66,70632,12,136934
19028,0.001223,172.217.194.0-255,7156,77788,12,136934
19029,0.001225,172.31.36.0-255,66,77854,12,136934
19030,0.001232,172.217.194.0-255,7156,85010,12,136934
19031,0.001235,172.31.36.0-255,66,85076,12,136934
19032,0.001268,172.217.194.0-255,766,85842,12,136934
19033,0.001285,172.31.36.0-255,66,85908,12,136934
19034,0.001302,172.31.36.0-255,66,85974,12,136934
19035,0.001306,172.217.194.0-255,2184,88158,12,136934
19036,0.001309,172.31.36.0-255,66,88224,12,136934
19037,0.0017,172.217.194.0-255,1484,89708,12,136934
19038,0.001706,172.217.194.0-255,2902,92610,12,136934
19039,0.001708,172.217.194.0-255,1484,94094,12,136934
19040,0.001714,172.31.36.0-255,66,94160,12,136934
19041,0.001726,172.217.194.0-255,4320,98480,12,136934
19042,0.001728,172.31.36.0-255,66,98546,12,136934
19043,0.001739,172.217.194.0-255,7156,105702,12,136934
19044,0.001741,172.31.36.0-255,66,105768,12,136934
19045,0.001772,172.217.194.0-255,4320,110088,12,136934
19046,0.001775,172.31.36.0-255,66,110154,12,136934
19047,0.001806,172.31.36.0-255,66,110220,12,136934
19048,0.001832,172.217.194.0-255,3602,113822,12,136934
19049,0.001835,172.31.36.0-255,66,113888,12,136934
19050,0.001848,172.31.36.0-255,66,113954,12,136934
19051,0.001867,172.31.36.0-255,66,114020,12,136934
19052,0.001923,172.31.36.0-255,66,114086,12,136934
19053,0.001942,172.217.194.0-255,3602,117688,12,136934
19054,0.001944,172.31.36.0-255,66,117754,12,136934
19055,0.001999,172.31.36.0-255,66,117820,12,136934
19056,0.00203,172.217.194.0-255,3602,121422,12,136934
19057,0.002033,172.31.36.0-255,66,121488,12,136934
19058,0.002047,172.31.36.0-255,66,121554,12,136934
19059,0.00207,172.31.36.0-255,66,121620,12,136934
19060,0.002081,172.31.36.0-255,66,121686,12,136934
19061,0.002125,172.31.36.0-255,66,121752,12,136934
19062,0.002128,172.217.194.0-255,1484,123236,12,136934
19063,0.002132,172.217.194.0-255,2902,126138,12,136934
19064,0.002134,172.31.36.0-255,66,126204,12,136934
19065,0.002145,172.217.194.0-255,5738,131942,12,136934
19066,0.002147,172.31.36.0-255,66,132008,12,136934
19067,0.002157,172.31.36.0-255,66,132074,12,136934
19068,0.002187,172.217.194.0-255,4320,136394,12,136934
19069,0.002194,172.31.36.0-255,66,136460,12,136934
19070,0.002206,172.31.36.0-255,66,136526,12,136934
19071,0.002241,172.31.36.0-255,66,136592,12,136934
19072,0.002243,172.217.194.0-255,105,136697,12,136934
19073,0.004865,172.31.36.0-255,66,136763,12,136934
19074,0.004901,172.31.36.0-255,105,136868,12,136934
19075,0.007407,172.217.194.0-255,66,136934,12,136934
19076,0.0,74.125.24.0-255,143,143,12,205045
19077,2.3e-05,172.31.36.0-255,66,209,12,205045
19078,5.9e-05,74.125.24.0-255,1484,1693,12,205045
19079,6.4e-05,172.31.36.0-255,66,1759,12,205045
19080,9.3e-05,74.125.24.0-255,2902,4661,12,205045
19081,9.5e-05,172.31.36.0-255,66,4727,12,205045
19082,0.0001,74.125.24.0-255,4320,9047,12,205045
19083,0.000102,172.31.36.0-255,66,9113,12,205045
19084,0.000122,74.125.24.0-255,1484,10597,12,205045
19085,0.000124,172.31.36.0-255,66,10663,12,205045
19086,0.000158,172.31.36.0-255,66,10729,12,205045
19087,0.000168,172.31.36.0-255,66,10795,12,205045
19088,0.000196,74.125.24.0-255,3961,14756,12,205045
19089,0.000198,172.31.36.0-255,66,14822,12,205045
19090,0.00034,74.125.24.0-255,1484,16306,12,205045
19091,0.000344,172.31.36.0-255,66,16372,12,205045
19092,0.000351,74.125.24.0-255,2902,19274,12,205045
19093,0.000353,172.31.36.0-255,66,19340,12,205045
19094,0.000387,74.125.24.0-255,5738,25078,12,205045
19095,0.00039,172.31.36.0-255,66,25144,12,205045
19096,0.000393,74.125.24.0-255,1484,26628,12,205045
19097,0.000395,172.31.36.0-255,66,26694,12,205045
19098,0.000441,172.31.36.0-255,66,26760,12,205045
19099,0.000475,172.31.36.0-255,66,26826,12,205045
19100,0.000478,74.125.24.0-255,133,26959,12,205045
19101,0.00048,172.31.36.0-255,66,27025,12,205045
19102,0.000766,74.125.24.0-255,345,27370,12,205045
19103,0.000771,172.31.36.0-255,66,27436,12,205045
19104,0.001205,74.125.24.0-255,1484,28920,12,205045
19105,0.001247,74.125.24.0-255,1484,30404,12,205045
19106,0.001253,172.31.36.0-255,66,30470,12,205045
19107,0.001259,74.125.24.0-255,2902,33372,12,205045
19108,0.001261,172.31.36.0-255,66,33438,12,205045
19109,0.001295,74.125.24.0-255,5738,39176,12,205045
19110,0.001298,172.31.36.0-255,66,39242,12,205045
19111,0.001344,172.31.36.0-255,66,39308,12,205045
19112,0.001355,172.31.36.0-255,66,39374,12,205045
19113,0.001363,74.125.24.0-255,766,40140,12,205045
19114,0.001509,74.125.24.0-255,1484,41624,12,205045
19115,0.001518,172.31.36.0-255,66,41690,12,205045
19116,0.001542,74.125.24.0-255,2902,44592,12,205045
19117,0.001545,172.31.36.0-255,66,44658,12,205045
19118,0.001552,74.125.24.0-255,5738,50396,12,205045
19119,0.001554,172.31.36.0-255,66,50462,12,205045
19120,0.00159,172.31.36.0-255,66,50528,12,205045
19121,0.001628,74.125.24.0-255,2902,53430,12,205045
19122,0.001632,172.31.36.0-255,66,53496,12,205045
19123,0.001647,172.31.36.0-255,66,53562,12,205045
19124,0.001652,74.125.24.0-255,4320,57882,12,205045
19125,0.001655,172.31.36.0-255,66,57948,12,205045
19126,0.001666,172.31.36.0-255,66,58014,12,205045
19127,0.001728,74.125.24.0-255,2902,60916,12,205045
19128,0.001732,172.31.36.0-255,66,60982,12,205045
19129,0.001779,172.31.36.0-255,66,61048,12,205045
19130,0.001786,74.125.24.0-255,7156,68204,12,205045
19131,0.001789,172.31.36.0-255,66,68270,12,205045
19132,0.001806,172.31.36.0-255,66,68336,12,205045
19133,0.001822,172.31.36.0-255,66,68402,12,205045
19134,0.001824,74.125.24.0-255,766,69168,12,205045
19135,0.001855,74.125.24.0-255,4320,73488,12,205045
19136,0.001858,172.31.36.0-255,66,73554,12,205045
19137,0.001886,74.125.24.0-255,1484,75038,12,205045
19138,0.001894,74.125.24.0-255,7156,82194,12,205045
19139,0.001898,172.31.36.0-255,66,82260,12,205045
19140,0.001907,172.31.36.0-255,66,82326,12,205045
19141,0.001942,74.125.24.0-255,5738,88064,12,205045
19142,0.001947,172.31.36.0-255,66,88130,12,205045
19143,0.001954,74.125.24.0-255,6438,94568,12,205045
19144,0.001957,172.31.36.0-255,66,94634,12,205045
19145,0.001971,172.31.36.0-255,66,94700,12,205045
19146,0.002034,74.125.24.0-255,1484,96184,12,205045
19147,0.002037,74.125.24.0-255,2902,99086,12,205045
19148,0.002077,74.125.24.0-255,5738,104824,12,205045
19149,0.002092,172.31.36.0-255,66,104890,12,205045
19150,0.002112,172.31.36.0-255,66,104956,12,205045
19151,0.002123,74.125.24.0-255,2902,107858,12,205045
19152,0.002165,74.125.24.0-255,1484,109342,12,205045
19153,0.002168,74.125.24.0-255,1484,110826,12,205045
19154,0.002183,74.125.24.0-255,1484,112310,12,205045
19155,0.002188,74.125.24.0-255,2902,115212,12,205045
19156,0.002201,172.31.36.0-255,66,115278,12,205045
19157,0.002209,74.125.24.0-255,2902,118180,12,205045
19158,0.002232,74.125.24.0-255,2902,121082,12,205045
19159,0.002239,74.125.24.0-255,7156,128238,12,205045
19160,0.002243,172.31.36.0-255,66,128304,12,205045
19161,0.002302,74.125.24.0-255,1484,129788,12,205045
19162,0.002322,74.125.24.0-255,2184,131972,12,205045
19163,0.002327,74.125.24.0-255,4320,136292,12,205045
19164,0.002342,74.125.24.0-255,7156,143448,12,205045
19165,0.002366,172.31.36.0-255,66,143514,12,205045
19166,0.004647,74.125.24.0-255,5738,149252,12,205045
19167,0.004657,172.31.36.0-255,66,149318,12,205045
19168,0.00692,74.125.24.0-255,5738,155056,12,205045
19169,0.006923,172.31.36.0-255,66,155122,12,205045
19170,0.009194,74.125.24.0-255,5738,160860,12,205045
19171,0.009199,172.31.36.0-255,66,160926,12,205045
19172,0.011471,74.125.24.0-255,5738,166664,12,205045
19173,0.011479,172.31.36.0-255,66,166730,12,205045
19174,0.013756,74.125.24.0-255,5738,172468,12,205045
19175,0.013771,172.31.36.0-255,66,172534,12,205045
19176,0.016034,74.125.24.0-255,5738,178272,12,205045
19177,0.016053,172.31.36.0-255,66,178338,12,205045
19178,0.018345,74.125.24.0-255,5738,184076,12,205045
19179,0.018359,172.31.36.0-255,66,184142,12,205045
19180,0.020615,74.125.24.0-255,5738,189880,12,205045
19181,0.020624,172.31.36.0-255,66,189946,12,205045
19182,0.022898,74.125.24.0-255,5738,195684,12,205045
19183,0.022906,172.31.36.0-255,66,195750,12,205045
19184,0.025175,74.125.24.0-255,4965,200715,12,205045
19185,0.025182,172.31.36.0-255,66,200781,12,205045
19186,0.025398,172.31.36.0-255,105,200886,12,205045
19187,0.027642,74.125.24.0-255,66,200952,12,205045
19188,0.029653,172.31.36.0-255,172,201124,12,205045
19189,0.029702,172.31.36.0-255,1108,202232,12,205045
19190,0.029788,172.31.36.0-255,1514,203746,12,205045
19191,0.02979,172.31.36.0-255,1299,205045,12,205045
19192,0.0,74.125.68.0-255,299,299,12,148655
19193,3.7e-05,172.31.36.0-255,66,365,12,148655
19194,4.4e-05,74.125.68.0-255,1484,1849,12,148655
19195,4.9e-05,172.31.36.0-255,66,1915,12,148655
19196,5.4e-05,74.125.68.0-255,2902,4817,12,148655
19197,5.6e-05,172.31.36.0-255,66,4883,12,148655
19198,6.3e-05,74.125.68.0-255,5738,10621,12,148655
19199,6.6e-05,172.31.36.0-255,66,10687,12,148655
19200,7.1e-05,74.125.68.0-255,3241,13928,12,148655
19201,7.3e-05,172.31.36.0-255,66,13994,12,148655
19202,7.7e-05,74.125.68.0-255,1484,15478,12,148655
19203,7.9e-05,172.31.36.0-255,66,15544,12,148655
19204,9.7e-05,74.125.68.0-255,2902,18446,12,148655
19205,0.000102,172.31.36.0-255,66,18512,12,148655
19206,0.000132,172.31.36.0-255,66,18578,12,148655
19207,0.00015,74.125.68.0-255,4320,22898,12,148655
19208,0.000152,172.31.36.0-255,66,22964,12,148655
19209,0.000186,74.125.68.0-255,7156,30120,12,148655
19210,0.00019,172.31.36.0-255,66,30186,12,148655
19211,0.000198,74.125.68.0-255,7156,37342,12,148655
19212,0.0002,172.31.36.0-255,66,37408,12,148655
19213,0.000207,74.125.68.0-255,4320,41728,12,148655
19214,0.000209,172.31.36.0-255,66,41794,12,148655
19215,0.000233,74.125.68.0-255,3602,45396,12,148655
19216,0.000236,172.31.36.0-255,66,45462,12,148655
19217,0.000241,74.125.68.0-255,2902,48364,12,148655
19218,0.000243,172.31.36.0-255,66,48430,12,148655
19219,0.00027,74.125.68.0-255,4320,52750,12,148655
19220,0.000273,172.31.36.0-255,66,52816,12,148655
19221,0.000292,74.125.68.0-255,2857,55673,12,148655
19222,0.000294,172.31.36.0-255,66,55739,12,148655
19223,0.000892,74.125.68.0-255,110,55849,12,148655
19224,0.000954,172.31.36.0-255,66,55915,12,148655
19225,0.001167,74.125.68.0-255,1484,57399,12,148655
19226,0.001178,74.125.68.0-255,2902,60301,12,148655
19227,0.001183,172.31.36.0-255,66,60367,12,148655
19228,0.001188,74.125.68.0-255,1484,61851,12,148655
19229,0.001209,74.125.68.0-255,2902,64753,12,148655
19230,0.001213,172.31.36.0-255,66,64819,12,148655
19231,0.001219,74.125.68.0-255,4320,69139,12,148655
19232,0.001221,172.31.36.0-255,66,69205,12,148655
19233,0.001247,74.125.68.0-255,1484,70689,12,148655
19234,0.001276,74.125.68.0-255,2902,73591,12,148655
19235,0.001281,172.31.36.0-255,66,73657,12,148655
19236,0.001314,74.125.68.0-255,5738,79395,12,148655
19237,0.001318,172.31.36.0-255,66,79461,12,148655
19238,0.00133,172.31.36.0-255,66,79527,12,148655
19239,0.001332,74.125.68.0-255,766,80293,12,148655
19240,0.001647,172.31.36.0-255,66,80359,12,148655
19241,0.003623,74.125.68.0-255,4320,84679,12,148655
19242,0.003632,172.31.36.0-255,66,84745,12,148655
19243,0.003909,74.125.68.0-255,1484,86229,12,148655
19244,0.005922,74.125.68.0-255,4320,90549,12,148655
19245,0.005933,172.31.36.0-255,66,90615,12,148655
19246,0.008221,74.125.68.0-255,5738,96353,12,148655
19247,0.008235,172.31.36.0-255,66,96419,12,148655
19248,0.010538,74.125.68.0-255,5738,102157,12,148655
19249,0.010556,172.31.36.0-255,66,102223,12,148655
19250,0.012859,74.125.68.0-255,5738,107961,12,148655
19251,0.012876,172.31.36.0-255,66,108027,12,148655
19252,0.015189,74.125.68.0-255,5738,113765,12,148655
19253,0.01521,172.31.36.0-255,66,113831,12,148655
19254,0.017503,74.125.68.0-255,5738,119569,12,148655
19255,0.017523,172.31.36.0-255,66,119635,12,148655
19256,0.019817,74.125.68.0-255,5738,125373,12,148655
19257,0.019835,172.31.36.0-255,66,125439,12,148655
19258,0.022129,74.125.68.0-255,5738,131177,12,148655
19259,0.022147,172.31.36.0-255,66,131243,12,148655
19260,0.024437,74.125.68.0-255,5738,136981,12,148655
19261,0.024456,172.31.36.0-255,66,137047,12,148655
19262,0.026788,74.125.68.0-255,5738,142785,12,148655
19263,0.026807,172.31.36.0-255,66,142851,12,148655
19264,0.029083,74.125.68.0-255,5738,148589,12,148655
19265,0.029091,172.31.36.0-255,66,148655,12,148655
19266,0.0,172.217.194.0-255,153,153,12,189727
19267,2.1e-05,172.31.36.0-255,66,219,12,189727
19268,2.8e-05,172.217.194.0-255,1484,1703,12,189727
19269,3.2e-05,172.31.36.0-255,66,1769,12,189727
19270,3.8e-05,172.217.194.0-255,2902,4671,12,189727
19271,4e-05,172.31.36.0-255,66,4737,12,189727
19272,5.3e-05,172.217.194.0-255,7156,11893,12,189727
19273,5.6e-05,172.31.36.0-255,66,11959,12,189727
19274,8.7e-05,172.217.194.0-255,1968,13927,12,189727
19275,8.9e-05,172.31.36.0-255,66,13993,12,189727
19276,0.00015,172.217.194.0-255,1484,15477,12,189727
19277,0.000152,172.31.36.0-255,66,15543,12,189727
19278,0.000158,172.217.194.0-255,2902,18445,12,189727
19279,0.000161,172.31.36.0-255,66,18511,12,189727
19280,0.000164,172.217.194.0-255,1484,19995,12,189727
19281,0.00017,172.31.36.0-255,66,20061,12,189727
19282,0.000201,172.217.194.0-255,4320,24381,12,189727
19283,0.000203,172.31.36.0-255,66,24447,12,189727
19284,0.000238,172.31.36.0-255,66,24513,12,189727
19285,0.000248,172.31.36.0-255,66,24579,12,189727
19286,0.0003,172.31.36.0-255,66,24645,12,189727
19287,0.000324,172.217.194.0-255,4320,28965,12,189727
19288,0.000326,172.31.36.0-255,66,29031,12,189727
19289,0.000348,172.217.194.0-255,2815,31846,12,189727
19290,0.00035,172.31.36.0-255,66,31912,12,189727
19291,0.000353,172.217.194.0-255,436,32348,12,189727
19292,0.000355,172.31.36.0-255,66,32414,12,189727
19293,0.000604,172.217.194.0-255,1484,33898,12,189727
19294,0.000609,172.31.36.0-255,66,33964,12,189727
19295,0.000614,172.217.194.0-255,2902,36866,12,189727
19296,0.000616,172.31.36.0-255,66,36932,12,189727
19297,0.000645,172.217.194.0-255,5738,42670,12,189727
19298,0.000648,172.31.36.0-255,66,42736,12,189727
19299,0.000658,172.31.36.0-255,66,42802,12,189727
19300,0.000708,172.31.36.0-255,66,42868,12,189727
19301,0.001292,172.217.194.0-255,1484,44352,12,189727
19302,0.001309,172.217.194.0-255,2902,47254,12,189727
19303,0.001314,172.217.194.0-255,5738,52992,12,189727
19304,0.001341,172.31.36.0-255,66,53058,12,189727
19305,0.001345,172.31.36.0-255,66,53124,12,189727
19306,0.001384,172.31.36.0-255,66,53190,12,189727
19307,0.001389,172.217.194.0-255,2902,56092,12,189727
19308,0.001391,172.31.36.0-255,66,56158,12,189727
19309,0.001394,172.217.194.0-255,1484,57642,12,189727
19310,0.001427,172.217.194.0-255,6438,64080,12,189727
19311,0.00143,172.31.36.0-255,66,64146,12,189727
19312,0.001495,172.217.194.0-255,1484,65630,12,189727
19313,0.001501,172.217.194.0-255,2902,68532,12,189727
19314,0.001504,172.31.36.0-255,66,68598,12,189727
19315,0.001511,172.217.194.0-255,5738,74336,12,189727
19316,0.001513,172.31.36.0-255,66,74402,12,189727
19317,0.001567,172.31.36.0-255,66,74468,12,189727
19318,0.001585,172.31.36.0-255,66,74534,12,189727
19319,0.001728,172.217.194.0-255,1484,76018,12,189727
19320,0.001733,172.217.194.0-255,2902,78920,12,189727
19321,0.001739,172.31.36.0-255,66,78986,12,189727
19322,0.001752,172.217.194.0-255,2902,81888,12,189727
19323,0.001759,172.31.36.0-255,66,81954,12,189727
19324,0.001789,172.217.194.0-255,1484,83438,12,189727
19325,0.001799,172.31.36.0-255,66,83504,12,189727
19326,0.001853,172.31.36.0-255,66,83570,12,189727
19327,0.001876,172.217.194.0-255,1484,85054,12,189727
19328,0.001895,172.217.194.0-255,2902,87956,12,189727
19329,0.001898,172.31.36.0-255,66,88022,12,189727
19330,0.001903,172.217.194.0-255,2902,90924,12,189727
19331,0.001904,172.31.36.0-255,66,90990,12,189727
19332,0.001927,172.217.194.0-255,2902,93892,12,189727
19333,0.001929,172.31.36.0-255,66,93958,12,189727
19334,0.001934,172.217.194.0-255,2902,96860,12,189727
19335,0.001941,172.31.36.0-255,66,96926,12,189727
19336,0.001982,172.31.36.0-255,66,96992,12,189727
19337,0.002006,172.31.36.0-255,66,97058,12,189727
19338,0.00201,172.217.194.0-255,2902,99960,12,189727
19339,0.002012,172.31.36.0-255,66,100026,12,189727
19340,0.002017,172.217.194.0-255,4320,104346,12,189727
19341,0.00202,172.31.36.0-255,66,104412,12,189727
19342,0.002056,172.31.36.0-255,66,104478,12,189727
19343,0.00206,172.217.194.0-255,1484,105962,12,189727
19344,0.002106,172.31.36.0-255,66,106028,12,189727
19345,0.002125,172.31.36.0-255,66,106094,12,189727
19346,0.002162,172.31.36.0-255,66,106160,12,189727
19347,0.00217,172.217.194.0-255,7156,113316,12,189727
19348,0.002177,172.31.36.0-255,66,113382,12,189727
19349,0.002244,172.31.36.0-255,66,113448,12,189727
19350,0.002273,172.217.194.0-255,1484,114932,12,189727
19351,0.002278,172.217.194.0-255,2902,117834,12,189727
19352,0.002281,172.31.36.0-255,66,117900,12,189727
19353,0.002287,172.217.194.0-255,2902,120802,12,189727
19354,0.002289,172.31.36.0-255,66,120868,12,189727
19355,0.002314,172.217.194.0-255,2902,123770,12,189727
19356,0.002317,172.31.36.0-255,66,123836,12,189727
19357,0.002334,172.31.36.0-255,66,123902,12,189727
19358,0.002368,172.217.194.0-255,2902,126804,12,189727
19359,0.00237,172.31.36.0-255,66,126870,12,189727
19360,0.002391,172.31.36.0-255,66,126936,12,189727
19361,0.002394,172.217.194.0-255,1484,128420,12,189727
19362,0.004748,172.217.194.0-255,4320,132740,12,189727
19363,0.004756,172.31.36.0-255,66,132806,12,189727
19364,0.00686,172.31.36.0-255,101,132907,12,189727
19365,0.007114,172.217.194.0-255,5738,138645,12,189727
19366,0.00712,172.31.36.0-255,66,138711,12,189727
19367,0.009229,172.217.194.0-255,66,138777,12,189727
19368,0.00946,172.217.194.0-255,4320,143097,12,189727
19369,0.009464,172.31.36.0-255,66,143163,12,189727
19370,0.009491,172.217.194.0-255,1484,144647,12,189727
19371,0.011854,172.217.194.0-255,4320,148967,12,189727
19372,0.011871,172.31.36.0-255,66,149033,12,189727
19373,0.014234,172.217.194.0-255,5738,154771,12,189727
19374,0.014242,172.31.36.0-255,66,154837,12,189727
19375,0.016599,172.217.194.0-255,5738,160575,12,189727
19376,0.016609,172.31.36.0-255,66,160641,12,189727
19377,0.01896,172.217.194.0-255,5738,166379,12,189727
19378,0.018971,172.31.36.0-255,66,166445,12,189727
19379,0.021339,172.217.194.0-255,5738,172183,12,189727
19380,0.021351,172.31.36.0-255,66,172249,12,189727
19381,0.023718,172.217.194.0-255,5738,177987,12,189727
19382,0.023724,172.31.36.0-255,66,178053,12,189727
19383,0.026072,172.217.194.0-255,5738,183791,12,189727
19384,0.02609,172.31.36.0-255,66,183857,12,189727
19385,0.028427,172.217.194.0-255,4320,188177,12,189727
19386,0.028433,172.31.36.0-255,66,188243,12,189727
19387,0.028457,172.217.194.0-255,1484,189727,12,189727
19388,0.0,172.217.194.0-255,146,146,12,195064
19389,0.000109,172.31.36.0-255,66,212,12,195064
19390,0.000117,172.217.194.0-255,1484,1696,12,195064
19391,0.000121,172.31.36.0-255,66,1762,12,195064
19392,0.000135,172.217.194.0-255,2902,4664,12,195064
19393,0.000137,172.31.36.0-255,66,4730,12,195064
19394,0.000146,172.217.194.0-255,7156,11886,12,195064
19395,0.000148,172.31.36.0-255,66,11952,12,195064
19396,0.000154,172.217.194.0-255,3447,15399,12,195064
19397,0.000155,172.31.36.0-255,66,15465,12,195064
19398,0.000161,172.217.194.0-255,4320,19785,12,195064
19399,0.000163,172.31.36.0-255,66,19851,12,195064
19400,0.000174,172.31.36.0-255,66,19917,12,195064
19401,0.000177,172.217.194.0-255,1125,21042,12,195064
19402,0.00018,172.31.36.0-255,66,21108,12,195064
19403,0.00068,172.217.194.0-255,1484,22592,12,195064
19404,0.000686,172.31.36.0-255,66,22658,12,195064
19405,0.000695,172.217.194.0-255,2902,25560,12,195064
19406,0.000697,172.31.36.0-255,66,25626,12,195064
19407,0.000708,172.217.194.0-255,1484,27110,12,195064
19408,0.00071,172.31.36.0-255,66,27176,12,195064
19409,0.000746,172.217.194.0-255,5738,32914,12,195064
19410,0.000749,172.31.36.0-255,66,32980,12,195064
19411,0.000775,172.217.194.0-255,2902,35882,12,195064
19412,0.000779,172.31.36.0-255,66,35948,12,195064
19413,0.000808,172.217.194.0-255,4320,40268,12,195064
19414,0.000811,172.31.36.0-255,66,40334,12,195064
19415,0.000816,172.217.194.0-255,2902,43236,12,195064
19416,0.000818,172.31.36.0-255,66,43302,12,195064
19417,0.000853,172.217.194.0-255,4320,47622,12,195064
19418,0.000856,172.31.36.0-255,66,47688,12,195064
19419,0.000867,172.31.36.0-255,66,47754,12,195064
19420,0.000911,172.217.194.0-255,378,48132,12,195064
19421,0.000989,172.217.194.0-255,366,48498,12,195064
19422,0.001614,172.217.194.0-255,1484,49982,12,195064
19423,0.001621,172.217.194.0-255,2902,52884,12,195064
19424,0.001642,172.217.194.0-255,5738,58622,12,195064
19425,0.001666,172.217.194.0-255,2902,61524,12,195064
19426,0.001692,172.217.194.0-255,1484,63008,12,195064
19427,0.001912,172.217.194.0-255,1484,64492,12,195064
19428,0.001917,172.217.194.0-255,2902,67394,12,195064
19429,0.001937,172.217.194.0-255,4320,71714,12,195064
19430,0.001949,172.217.194.0-255,1484,73198,12,195064
19431,0.001962,172.217.194.0-255,1484,74682,12,195064
19432,0.001999,172.217.194.0-255,2902,77584,12,195064
19433,0.002009,172.217.194.0-255,2902,80486,12,195064
19434,0.00204,172.217.194.0-255,766,81252,12,195064
19435,0.002096,172.217.194.0-255,5738,86990,12,195064
19436,0.002127,172.217.194.0-255,1484,88474,12,195064
19437,0.002148,172.217.194.0-255,1484,89958,12,195064
19438,0.002161,172.217.194.0-255,1484,91442,12,195064
19439,0.002167,172.217.194.0-255,5738,97180,12,195064
19440,0.002181,172.217.194.0-255,2902,100082,12,195064
19441,0.002191,172.217.194.0-255,1484,101566,12,195064
19442,0.00221,172.217.194.0-255,1484,103050,12,195064
19443,0.002249,172.217.194.0-255,5738,108788,12,195064
19444,0.002268,172.217.194.0-255,3602,112390,12,195064
19445,0.002298,172.217.194.0-255,1484,113874,12,195064
19446,0.002311,172.217.194.0-255,2902,116776,12,195064
19447,0.002331,172.217.194.0-255,5738,122514,12,195064
19448,0.002365,172.217.194.0-255,4320,126834,12,195064
19449,0.002385,172.217.194.0-255,5738,132572,12,195064
19450,0.002395,172.217.194.0-255,1484,134056,12,195064
19451,0.002409,172.217.194.0-255,2902,136958,12,195064
19452,0.005816,172.31.36.0-255,66,137024,12,195064
19453,0.00812,172.217.194.0-255,5738,142762,12,195064
19454,0.008129,172.31.36.0-255,66,142828,12,195064
19455,0.010428,172.217.194.0-255,5738,148566,12,195064
19456,0.011408,172.31.36.0-255,66,148632,12,195064
19457,0.013706,172.217.194.0-255,5738,154370,12,195064
19458,0.01372,172.31.36.0-255,66,154436,12,195064
19459,0.01604,172.217.194.0-255,5738,160174,12,195064
19460,0.016052,172.31.36.0-255,66,160240,12,195064
19461,0.018388,172.217.194.0-255,5738,165978,12,195064
19462,0.018404,172.31.36.0-255,66,166044,12,195064
19463,0.020682,172.217.194.0-255,5738,171782,12,195064
19464,0.02069,172.31.36.0-255,66,171848,12,195064
19465,0.02301,172.217.194.0-255,5738,177586,12,195064
19466,0.023021,172.31.36.0-255,66,177652,12,195064
19467,0.025306,172.217.194.0-255,5738,183390,12,195064
19468,0.025316,172.31.36.0-255,66,183456,12,195064
19469,0.027641,172.217.194.0-255,5738,189194,12,195064
19470,0.027649,172.31.36.0-255,66,189260,12,195064
19471,0.029914,172.217.194.0-255,5738,194998,12,195064
19472,0.029922,172.31.36.0-255,66,195064,12,195064
19473,0.0,74.125.68.0-255,153,153,12,153081
19474,2.6e-05,172.31.36.0-255,66,219,12,153081
19475,3.4e-05,74.125.68.0-255,1484,1703,12,153081
19476,3.9e-05,172.31.36.0-255,66,1769,12,153081
19477,5.4e-05,74.125.68.0-255,2902,4671,12,153081
19478,5.7e-05,172.31.36.0-255,66,4737,12,153081
19479,6.4e-05,74.125.68.0-255,5738,10475,12,153081
19480,6.8e-05,172.31.36.0-255,66,10541,12,153081
19481,0.000153,74.125.68.0-255,3470,14011,12,153081
19482,0.000156,172.31.36.0-255,66,14077,12,153081
19483,0.000216,74.125.68.0-255,1484,15561,12,153081
19484,0.00022,172.31.36.0-255,66,15627,12,153081
19485,0.000257,172.31.36.0-255,66,15693,12,153081
19486,0.000416,74.125.68.0-255,1484,17177,12,153081
19487,0.00042,172.31.36.0-255,66,17243,12,153081
19488,0.000448,74.125.68.0-255,2902,20145,12,153081
19489,0.000451,172.31.36.0-255,66,20211,12,153081
19490,0.000493,74.125.68.0-255,5738,25949,12,153081
19491,0.000496,172.31.36.0-255,66,26015,12,153081
19492,0.00053,74.125.68.0-255,6797,32812,12,153081
19493,0.000533,172.31.36.0-255,66,32878,12,153081
19494,0.000727,172.31.36.0-255,66,32944,12,153081
19495,0.000749,74.125.68.0-255,7156,40100,12,153081
19496,0.000752,172.31.36.0-255,66,40166,12,153081
19497,0.001055,74.125.68.0-255,2763,42929,12,153081
19498,0.00106,172.31.36.0-255,66,42995,12,153081
19499,0.001099,74.125.68.0-255,2902,45897,12,153081
19500,0.001102,172.31.36.0-255,66,45963,12,153081
19501,0.00115,74.125.68.0-255,5738,51701,12,153081
19502,0.001153,172.31.36.0-255,66,51767,12,153081
19503,0.001177,74.125.68.0-255,1484,53251,12,153081
19504,0.001281,74.125.68.0-255,7156,60407,12,153081
19505,0.001285,172.31.36.0-255,66,60473,12,153081
19506,0.00134,172.31.36.0-255,66,60539,12,153081
19507,0.001566,172.31.36.0-255,66,60605,12,153081
19508,0.001707,74.125.68.0-255,7156,67761,12,153081
19509,0.001711,172.31.36.0-255,66,67827,12,153081
19510,0.001747,172.31.36.0-255,66,67893,12,153081
19511,0.002096,74.125.68.0-255,5738,73631,12,153081
19512,0.002101,172.31.36.0-255,66,73697,12,153081
19513,0.002128,74.125.68.0-255,5020,78717,12,153081
19514,0.00213,172.31.36.0-255,66,78783,12,153081
19515,0.002318,172.31.36.0-255,66,78849,12,153081
19516,0.002344,74.125.68.0-255,2902,81751,12,153081
19517,0.002347,172.31.36.0-255,66,81817,12,153081
19518,0.002496,74.125.68.0-255,7156,88973,12,153081
19519,0.002501,172.31.36.0-255,66,89039,12,153081
19520,0.002548,172.31.36.0-255,66,89105,12,153081
19521,0.002914,172.31.36.0-255,66,89171,12,153081
19522,0.002965,172.31.36.0-255,66,89237,12,153081
19523,0.005196,74.125.68.0-255,5738,94975,12,153081
19524,0.005201,172.31.36.0-255,66,95041,12,153081
19525,0.007429,74.125.68.0-255,5738,100779,12,153081
19526,0.007437,172.31.36.0-255,66,100845,12,153081
19527,0.009659,74.125.68.0-255,5738,106583,12,153081
19528,0.009668,172.31.36.0-255,66,106649,12,153081
19529,0.011931,74.125.68.0-255,5738,112387,12,153081
19530,0.011947,172.31.36.0-255,66,112453,12,153081
19531,0.014187,74.125.68.0-255,5738,118191,12,153081
19532,0.014203,172.31.36.0-255,66,118257,12,153081
19533,0.016449,74.125.68.0-255,5738,123995,12,153081
19534,0.016465,172.31.36.0-255,66,124061,12,153081
19535,0.018717,74.125.68.0-255,5738,129799,12,153081
19536,0.018733,172.31.36.0-255,66,129865,12,153081
19537,0.020971,74.125.68.0-255,5738,135603,12,153081
19538,0.020986,172.31.36.0-255,66,135669,12,153081
19539,0.023234,74.125.68.0-255,5738,141407,12,153081
19540,0.02325,172.31.36.0-255,66,141473,12,153081
19541,0.025504,74.125.68.0-255,5738,147211,12,153081
19542,0.025523,172.31.36.0-255,66,147277,12,153081
19543,0.027759,74.125.68.0-255,5738,153015,12,153081
19544,0.027774,172.31.36.0-255,66,153081,12,153081
19545,0.0,172.31.36.0-255,105,105,12,276
19546,0.002084,157.240.13.0-255,105,210,12,276
19547,0.0021,172.31.36.0-255,66,276,12,276
19548,0.0,74.125.24.0-255,146,146,12,149928
19549,3.3e-05,172.31.36.0-255,66,212,12,149928
19550,4e-05,74.125.24.0-255,1484,1696,12,149928
19551,4.5e-05,172.31.36.0-255,66,1762,12,149928
19552,5e-05,74.125.24.0-255,2902,4664,12,149928
19553,5.3e-05,172.31.36.0-255,66,4730,12,149928
19554,6.7e-05,74.125.24.0-255,7156,11886,12,149928
19555,7.1e-05,172.31.36.0-255,66,11952,12,149928
19556,7.5e-05,74.125.24.0-255,1977,13929,12,149928
19557,7.8e-05,172.31.36.0-255,66,13995,12,149928
19558,0.000102,74.125.24.0-255,2902,16897,12,149928
19559,0.000106,172.31.36.0-255,66,16963,12,149928
19560,0.000149,172.31.36.0-255,66,17029,12,149928
19561,0.000156,74.125.24.0-255,5379,22408,12,149928
19562,0.000158,172.31.36.0-255,66,22474,12,149928
19563,0.000366,74.125.24.0-255,1484,23958,12,149928
19564,0.000371,172.31.36.0-255,66,24024,12,149928
19565,0.000376,74.125.24.0-255,2902,26926,12,149928
19566,0.000379,172.31.36.0-255,66,26992,12,149928
19567,0.000417,74.125.24.0-255,5738,32730,12,149928
19568,0.000421,172.31.36.0-255,66,32796,12,149928
19569,0.000426,74.125.24.0-255,2902,35698,12,149928
19570,0.000428,172.31.36.0-255,66,35764,12,149928
19571,0.000453,74.125.24.0-255,3961,39725,12,149928
19572,0.000456,172.31.36.0-255,66,39791,12,149928
19573,0.000463,74.125.24.0-255,7156,46947,12,149928
19574,0.000468,172.31.36.0-255,66,47013,12,149928
19575,0.000504,172.31.36.0-255,66,47079,12,149928
19576,0.00054,74.125.24.0-255,111,47190,12,149928
19577,0.000545,172.31.36.0-255,66,47256,12,149928
19578,0.001199,74.125.24.0-255,1484,48740,12,149928
19579,0.001209,74.125.24.0-255,2902,51642,12,149928
19580,0.001213,172.31.36.0-255,66,51708,12,149928
19581,0.001249,74.125.24.0-255,5738,57446,12,149928
19582,0.001254,172.31.36.0-255,66,57512,12,149928
19583,0.001273,172.31.36.0-255,66,57578,12,149928
19584,0.001344,172.31.36.0-255,66,57644,12,149928
19585,0.001347,74.125.24.0-255,1484,59128,12,149928
19586,0.001352,74.125.24.0-255,2902,62030,12,149928
19587,0.001353,172.31.36.0-255,66,62096,12,149928
19588,0.001357,74.125.24.0-255,1484,63580,12,149928
19589,0.001382,74.125.24.0-255,4320,67900,12,149928
19590,0.001386,172.31.36.0-255,66,67966,12,149928
19591,0.001394,74.125.24.0-255,7156,75122,12,149928
19592,0.001397,172.31.36.0-255,66,75188,12,149928
19593,0.001419,74.125.24.0-255,1484,76672,12,149928
19594,0.001464,172.31.36.0-255,66,76738,12,149928
19595,0.001485,74.125.24.0-255,3868,80606,12,149928
19596,0.001488,172.31.36.0-255,66,80672,12,149928
19597,0.00386,74.125.24.0-255,2902,83574,12,149928
19598,0.003865,172.31.36.0-255,66,83640,12,149928
19599,0.003889,74.125.24.0-255,2902,86542,12,149928
19600,0.003892,172.31.36.0-255,66,86608,12,149928
19601,0.00627,74.125.24.0-255,5738,92346,12,149928
19602,0.006277,172.31.36.0-255,66,92412,12,149928
19603,0.008657,74.125.24.0-255,5738,98150,12,149928
19604,0.008663,172.31.36.0-255,66,98216,12,149928
19605,0.011032,74.125.24.0-255,5738,103954,12,149928
19606,0.011044,172.31.36.0-255,66,104020,12,149928
19607,0.013425,74.125.24.0-255,5738,109758,12,149928
19608,0.013436,172.31.36.0-255,66,109824,12,149928
19609,0.015778,74.125.24.0-255,5738,115562,12,149928
19610,0.015791,172.31.36.0-255,66,115628,12,149928
19611,0.01814,74.125.24.0-255,5738,121366,12,149928
19612,0.018152,172.31.36.0-255,66,121432,12,149928
19613,0.020536,74.125.24.0-255,5738,127170,12,149928
19614,0.02055,172.31.36.0-255,66,127236,12,149928
19615,0.022912,74.125.24.0-255,5738,132974,12,149928
19616,0.022925,172.31.36.0-255,66,133040,12,149928
19617,0.025301,74.125.24.0-255,5738,138778,12,149928
19618,0.025311,172.31.36.0-255,66,138844,12,149928
19619,0.026901,172.31.36.0-255,172,139016,12,149928
19620,0.026935,172.31.36.0-255,1110,140126,12,149928
19621,0.026972,172.31.36.0-255,1514,141640,12,149928
19622,0.026974,172.31.36.0-255,1514,143154,12,149928
19623,0.027,172.31.36.0-255,706,143860,12,149928
19624,0.027736,74.125.24.0-255,5738,149598,12,149928
19625,0.027746,172.31.36.0-255,66,149664,12,149928
19626,0.02844,104.244.42.0-255,66,149730,12,149928
19627,0.028478,104.244.42.0-255,66,149796,12,149928
19628,0.028509,104.244.42.0-255,66,149862,12,149928
19629,0.028512,104.244.42.0-255,66,149928,12,149928
19630,0.0,74.125.24.0-255,152,152,12,272084
19631,3.3e-05,172.31.36.0-255,66,218,12,272084
19632,4.1e-05,74.125.24.0-255,1484,1702,12,272084
19633,4.5e-05,172.31.36.0-255,66,1768,12,272084
19634,5e-05,74.125.24.0-255,2902,4670,12,272084
19635,5.3e-05,172.31.36.0-255,66,4736,12,272084
19636,6.1e-05,74.125.24.0-255,7156,11892,12,272084
19637,6.3e-05,172.31.36.0-255,66,11958,12,272084
19638,0.000133,74.125.24.0-255,2027,13985,12,272084
19639,0.000136,172.31.36.0-255,66,14051,12,272084
19640,0.000155,74.125.24.0-255,2902,16953,12,272084
19641,0.000157,172.31.36.0-255,66,17019,12,272084
19642,0.000164,74.125.24.0-255,7156,24175,12,272084
19643,0.000166,172.31.36.0-255,66,24241,12,272084
19644,0.000194,74.125.24.0-255,1484,25725,12,272084
19645,0.000196,172.31.36.0-255,66,25791,12,272084
19646,0.00021,74.125.24.0-255,5379,31170,12,272084
19647,0.000212,172.31.36.0-255,66,31236,12,272084
19648,0.000276,74.125.24.0-255,1484,32720,12,272084
19649,0.000278,172.31.36.0-255,66,32786,12,272084
19650,0.000284,74.125.24.0-255,2902,35688,12,272084
19651,0.000286,172.31.36.0-255,66,35754,12,272084
19652,0.000312,74.125.24.0-255,5738,41492,12,272084
19653,0.000315,172.31.36.0-255,66,41558,12,272084
19654,0.00033,74.125.24.0-255,5738,47296,12,272084
19655,0.000333,172.31.36.0-255,66,47362,12,272084
19656,0.000359,172.31.36.0-255,66,47428,12,272084
19657,0.000399,172.31.36.0-255,66,47494,12,272084
19658,0.000465,74.125.24.0-255,343,47837,12,272084
19659,0.000468,172.31.36.0-255,66,47903,12,272084
19660,0.00062,74.125.24.0-255,1484,49387,12,272084
19661,0.000626,74.125.24.0-255,2902,52289,12,272084
19662,0.000629,172.31.36.0-255,66,52355,12,272084
19663,0.000636,74.125.24.0-255,4320,56675,12,272084
19664,0.000646,172.31.36.0-255,66,56741,12,272084
19665,0.000649,74.125.24.0-255,1484,58225,12,272084
19666,0.000693,172.31.36.0-255,66,58291,12,272084
19667,0.000704,172.31.36.0-255,66,58357,12,272084
19668,0.000908,74.125.24.0-255,1484,59841,12,272084
19669,0.000914,74.125.24.0-255,2902,62743,12,272084
19670,0.000917,172.31.36.0-255,66,62809,12,272084
19671,0.000922,74.125.24.0-255,2902,65711,12,272084
19672,0.000933,172.31.36.0-255,66,65777,12,272084
19673,0.000939,74.125.24.0-255,2902,68679,12,272084
19674,0.000944,74.125.24.0-255,4320,72999,12,272084
19675,0.000947,172.31.36.0-255,66,73065,12,272084
19676,0.000984,172.31.36.0-255,66,73131,12,272084
19677,0.001003,74.125.24.0-255,4320,77451,12,272084
19678,0.00101,172.31.36.0-255,66,77517,12,272084
19679,0.00102,74.125.24.0-255,3602,81119,12,272084
19680,0.001027,172.31.36.0-255,66,81185,12,272084
19681,0.001044,74.125.24.0-255,1484,82669,12,272084
19682,0.001049,74.125.24.0-255,2902,85571,12,272084
19683,0.001054,172.31.36.0-255,66,85637,12,272084
19684,0.001059,74.125.24.0-255,1484,87121,12,272084
19685,0.001076,74.125.24.0-255,4320,91441,12,272084
19686,0.001079,172.31.36.0-255,66,91507,12,272084
19687,0.00114,172.31.36.0-255,66,91573,12,272084
19688,0.001147,74.125.24.0-255,2902,94475,12,272084
19689,0.001154,172.31.36.0-255,66,94541,12,272084
19690,0.001172,172.31.36.0-255,66,94607,12,272084
19691,0.001718,74.125.24.0-255,1484,96091,12,272084
19692,0.001728,74.125.24.0-255,2902,98993,12,272084
19693,0.001732,172.31.36.0-255,66,99059,12,272084
19694,0.001739,74.125.24.0-255,5738,104797,12,272084
19695,0.001741,172.31.36.0-255,66,104863,12,272084
19696,0.001748,74.125.24.0-255,5738,110601,12,272084
19697,0.001766,74.125.24.0-255,4320,114921,12,272084
19698,0.00179,74.125.24.0-255,5020,119941,12,272084
19699,0.001843,74.125.24.0-255,1484,121425,12,272084
19700,0.001847,74.125.24.0-255,1484,122909,12,272084
19701,0.00186,74.125.24.0-255,1484,124393,12,272084
19702,0.001877,74.125.24.0-255,5738,130131,12,272084
19703,0.001904,74.125.24.0-255,5738,135869,12,272084
19704,0.001924,74.125.24.0-255,7156,143025,12,272084
19705,0.001972,74.125.24.0-255,7156,150181,12,272084
19706,0.001988,74.125.24.0-255,3602,153783,12,272084
19707,0.002104,74.125.24.0-255,1484,155267,12,272084
19708,0.00211,74.125.24.0-255,2902,158169,12,272084
19709,0.002124,74.125.24.0-255,5738,163907,12,272084
19710,0.002158,74.125.24.0-255,5738,169645,12,272084
19711,0.002178,74.125.24.0-255,5738,175383,12,272084
19712,0.002185,172.31.36.0-255,66,175449,12,272084
19713,0.002191,172.31.36.0-255,66,175515,12,272084
19714,0.002211,74.125.24.0-255,2184,177699,12,272084
19715,0.002221,172.31.36.0-255,66,177765,12,272084
19716,0.002293,74.125.24.0-255,1484,179249,12,272084
19717,0.002298,74.125.24.0-255,1484,180733,12,272084
19718,0.00231,172.31.36.0-255,66,180799,12,272084
19719,0.00232,74.125.24.0-255,1484,182283,12,272084
19720,0.002328,74.125.24.0-255,5738,188021,12,272084
19721,0.002334,74.125.24.0-255,7156,195177,12,272084
19722,0.002336,172.31.36.0-255,66,195243,12,272084
19723,0.002341,172.31.36.0-255,66,195309,12,272084
19724,0.002345,74.125.24.0-255,1484,196793,12,272084
19725,0.002385,74.125.24.0-255,7156,203949,12,272084
19726,0.002387,172.31.36.0-255,66,204015,12,272084
19727,0.002394,172.31.36.0-255,66,204081,12,272084
19728,0.002421,172.31.36.0-255,66,204147,12,272084
19729,0.004764,74.125.24.0-255,5738,209885,12,272084
19730,0.004773,172.31.36.0-255,66,209951,12,272084
19731,0.007153,74.125.24.0-255,5738,215689,12,272084
19732,0.007159,172.31.36.0-255,66,215755,12,272084
19733,0.009476,74.125.24.0-255,5738,221493,12,272084
19734,0.009484,172.31.36.0-255,66,221559,12,272084
19735,0.011816,74.125.24.0-255,5738,227297,12,272084
19736,0.011827,172.31.36.0-255,66,227363,12,272084
19737,0.014186,74.125.24.0-255,5738,233101,12,272084
19738,0.014202,172.31.36.0-255,66,233167,12,272084
19739,0.016575,74.125.24.0-255,5738,238905,12,272084
19740,0.016592,172.31.36.0-255,66,238971,12,272084
19741,0.018905,74.125.24.0-255,5738,244709,12,272084
19742,0.018919,172.31.36.0-255,66,244775,12,272084
19743,0.021236,74.125.24.0-255,5738,250513,12,272084
19744,0.021249,172.31.36.0-255,66,250579,12,272084
19745,0.023571,74.125.24.0-255,5738,256317,12,272084
19746,0.023589,172.31.36.0-255,66,256383,12,272084
19747,0.025967,74.125.24.0-255,5738,262121,12,272084
19748,0.025983,172.31.36.0-255,66,262187,12,272084
19749,0.028292,74.125.24.0-255,5738,267925,12,272084
19750,0.0283,172.31.36.0-255,66,267991,12,272084
19751,0.028715,172.31.36.0-255,172,268163,12,272084
19752,0.028756,172.31.36.0-255,1109,269272,12,272084
19753,0.028832,172.31.36.0-255,1514,270786,12,272084
19754,0.028834,172.31.36.0-255,1298,272084,12,272084
19755,0.0,172.217.194.0-255,145,145,12,214912
19756,2.3e-05,172.31.36.0-255,66,211,12,214912
19757,3e-05,172.217.194.0-255,1484,1695,12,214912
19758,3.5e-05,172.31.36.0-255,66,1761,12,214912
19759,4e-05,172.217.194.0-255,2902,4663,12,214912
19760,5.1e-05,172.31.36.0-255,66,4729,12,214912
19761,5.9e-05,172.217.194.0-255,7156,11885,12,214912
19762,6.2e-05,172.31.36.0-255,66,11951,12,214912
19763,6.6e-05,172.217.194.0-255,2087,14038,12,214912
19764,6.9e-05,172.31.36.0-255,66,14104,12,214912
19765,0.000105,172.217.194.0-255,2902,17006,12,214912
19766,0.000108,172.31.36.0-255,66,17072,12,214912
19767,0.000113,172.217.194.0-255,4320,21392,12,214912
19768,0.000115,172.31.36.0-255,66,21458,12,214912
19769,0.000126,172.31.36.0-255,66,21524,12,214912
19770,0.000129,172.217.194.0-255,1125,22649,12,214912
19771,0.000131,172.31.36.0-255,66,22715,12,214912
19772,0.000156,172.217.194.0-255,1484,24199,12,214912
19773,0.000158,172.31.36.0-255,66,24265,12,214912
19774,0.000162,172.217.194.0-255,1484,25749,12,214912
19775,0.000164,172.31.36.0-255,66,25815,12,214912
19776,0.000194,172.217.194.0-255,2902,28717,12,214912
19777,0.000197,172.31.36.0-255,66,28783,12,214912
19778,0.000208,172.31.36.0-255,66,28849,12,214912
19779,0.000254,172.217.194.0-255,2543,31392,12,214912
19780,0.000257,172.31.36.0-255,66,31458,12,214912
19781,0.000262,172.217.194.0-255,2902,34360,12,214912
19782,0.000264,172.31.36.0-255,66,34426,12,214912
19783,0.000272,172.217.194.0-255,7156,41582,12,214912
19784,0.000274,172.31.36.0-255,66,41648,12,214912
19785,0.000312,172.217.194.0-255,6797,48445,12,214912
19786,0.000315,172.31.36.0-255,66,48511,12,214912
19787,0.000317,172.217.194.0-255,346,48857,12,214912
19788,0.000625,172.217.194.0-255,118,48975,12,214912
19789,0.00063,172.217.194.0-255,375,49350,12,214912
19790,0.000736,172.217.194.0-255,1484,50834,12,214912
19791,0.00074,172.31.36.0-255,66,50900,12,214912
19792,0.000747,172.217.194.0-255,2902,53802,12,214912
19793,0.000749,172.31.36.0-255,66,53868,12,214912
19794,0.000774,172.217.194.0-255,1484,55352,12,214912
19795,0.000796,172.217.194.0-255,4320,59672,12,214912
19796,0.000799,172.31.36.0-255,66,59738,12,214912
19797,0.000807,172.217.194.0-255,6797,66535,12,214912
19798,0.000809,172.31.36.0-255,66,66601,12,214912
19799,0.000848,172.217.194.0-255,1484,68085,12,214912
19800,0.000873,172.217.194.0-255,5738,73823,12,214912
19801,0.000877,172.31.36.0-255,66,73889,12,214912
19802,0.000888,172.31.36.0-255,66,73955,12,214912
19803,0.000895,172.217.194.0-255,1125,75080,12,214912
19804,0.001444,172.217.194.0-255,1484,76564,12,214912
19805,0.001449,172.31.36.0-255,66,76630,12,214912
19806,0.001457,172.217.194.0-255,2902,79532,12,214912
19807,0.001459,172.31.36.0-255,66,79598,12,214912
19808,0.001489,172.217.194.0-255,5738,85336,12,214912
19809,0.001492,172.31.36.0-255,66,85402,12,214912
19810,0.001506,172.31.36.0-255,66,85468,12,214912
19811,0.001512,172.217.194.0-255,4320,89788,12,214912
19812,0.001514,172.31.36.0-255,66,89854,12,214912
19813,0.001544,172.217.194.0-255,5738,95592,12,214912
19814,0.001547,172.31.36.0-255,66,95658,12,214912
19815,0.00155,172.217.194.0-255,766,96424,12,214912
19816,0.001575,172.217.194.0-255,1484,97908,12,214912
19817,0.001579,172.217.194.0-255,2902,100810,12,214912
19818,0.001584,172.31.36.0-255,66,100876,12,214912
19819,0.001587,172.31.36.0-255,66,100942,12,214912
19820,0.001605,172.217.194.0-255,1484,102426,12,214912
19821,0.001613,172.217.194.0-255,7156,109582,12,214912
19822,0.001616,172.31.36.0-255,66,109648,12,214912
19823,0.001629,172.217.194.0-255,2902,112550,12,214912
19824,0.001631,172.31.36.0-255,66,112616,12,214912
19825,0.001638,172.217.194.0-255,7156,119772,12,214912
19826,0.00164,172.31.36.0-255,66,119838,12,214912
19827,0.001711,172.31.36.0-255,66,119904,12,214912
19828,0.001716,172.217.194.0-255,2902,122806,12,214912
19829,0.001718,172.31.36.0-255,66,122872,12,214912
19830,0.001723,172.217.194.0-255,4320,127192,12,214912
19831,0.001725,172.31.36.0-255,66,127258,12,214912
19832,0.001731,172.217.194.0-255,4320,131578,12,214912
19833,0.001734,172.31.36.0-255,66,131644,12,214912
19834,0.001757,172.217.194.0-255,4320,135964,12,214912
19835,0.001762,172.217.194.0-255,4320,140284,12,214912
19836,0.001767,172.31.36.0-255,66,140350,12,214912
19837,0.001782,172.31.36.0-255,66,140416,12,214912
19838,0.001788,172.217.194.0-255,4320,144736,12,214912
19839,0.00179,172.31.36.0-255,66,144802,12,214912
19840,0.001801,172.31.36.0-255,66,144868,12,214912
19841,0.001834,172.217.194.0-255,1484,146352,12,214912
19842,0.00184,172.217.194.0-255,2902,149254,12,214912
19843,0.001842,172.31.36.0-255,66,149320,12,214912
19844,0.001849,172.217.194.0-255,5738,155058,12,214912
19845,0.001851,172.31.36.0-255,66,155124,12,214912
19846,0.001875,172.217.194.0-255,2902,158026,12,214912
19847,0.001879,172.31.36.0-255,66,158092,12,214912
19848,0.001882,172.31.36.0-255,66,158158,12,214912
19849,0.001902,172.217.194.0-255,5738,163896,12,214912
19850,0.001905,172.31.36.0-255,66,163962,12,214912
19851,0.001927,172.217.194.0-255,7156,171118,12,214912
19852,0.00193,172.31.36.0-255,66,171184,12,214912
19853,0.00198,172.31.36.0-255,66,171250,12,214912
19854,0.002,172.31.36.0-255,66,171316,12,214912
19855,0.002003,172.217.194.0-255,1484,172800,12,214912
19856,0.002007,172.217.194.0-255,2902,175702,12,214912
19857,0.002009,172.31.36.0-255,66,175768,12,214912
19858,0.002035,172.217.194.0-255,5738,181506,12,214912
19859,0.002043,172.31.36.0-255,66,181572,12,214912
19860,0.002046,172.217.194.0-255,1484,183056,12,214912
19861,0.002049,172.217.194.0-255,1484,184540,12,214912
19862,0.002051,172.31.36.0-255,66,184606,12,214912
19863,0.002093,172.31.36.0-255,66,184672,12,214912
19864,0.002105,172.31.36.0-255,66,184738,12,214912
19865,0.002108,172.217.194.0-255,1484,186222,12,214912
19866,0.002151,172.31.36.0-255,66,186288,12,214912
19867,0.002167,172.31.36.0-255,66,186354,12,214912
19868,0.002202,172.31.36.0-255,66,186420,12,214912
19869,0.002231,172.217.194.0-255,2184,188604,12,214912
19870,0.002235,172.31.36.0-255,66,188670,12,214912
19871,0.002248,172.31.36.0-255,66,188736,12,214912
19872,0.002302,172.31.36.0-255,66,188802,12,214912
19873,0.002343,172.217.194.0-255,5738,194540,12,214912
19874,0.002346,172.31.36.0-255,66,194606,12,214912
19875,0.002352,172.217.194.0-255,3602,198208,12,214912
19876,0.002355,172.31.36.0-255,66,198274,12,214912
19877,0.00236,172.217.194.0-255,4320,202594,12,214912
19878,0.002363,172.31.36.0-255,66,202660,12,214912
19879,0.002374,172.31.36.0-255,66,202726,12,214912
19880,0.00239,172.31.36.0-255,66,202792,12,214912
19881,0.002395,172.217.194.0-255,2184,204976,12,214912
19882,0.002397,172.31.36.0-255,66,205042,12,214912
19883,0.002402,172.217.194.0-255,2902,207944,12,214912
19884,0.002404,172.31.36.0-255,66,208010,12,214912
19885,0.004739,172.217.194.0-255,5738,213748,12,214912
19886,0.004746,172.31.36.0-255,66,213814,12,214912
19887,0.007062,172.217.194.0-255,861,214675,12,214912
19888,0.010831,172.31.36.0-255,66,214741,12,214912
19889,0.01087,172.31.36.0-255,105,214846,12,214912
19890,0.013162,172.217.194.0-255,66,214912,12,214912
19891,0.0,172.217.27.0-255,153,153,12,198578
19892,2.4e-05,172.31.36.0-255,66,219,12,198578
19893,3.1e-05,172.217.27.0-255,1484,1703,12,198578
19894,3.7e-05,172.31.36.0-255,66,1769,12,198578
19895,4.3e-05,172.217.27.0-255,2902,4671,12,198578
19896,4.7e-05,172.31.36.0-255,66,4737,12,198578
19897,5.3e-05,172.217.27.0-255,4320,9057,12,198578
19898,5.6e-05,172.31.36.0-255,66,9123,12,198578
19899,0.0001,172.31.36.0-255,66,9189,12,198578
19900,0.000107,172.217.27.0-255,7156,16345,12,198578
19901,0.00011,172.31.36.0-255,66,16411,12,198578
19902,0.00013,172.217.27.0-255,4320,20731,12,198578
19903,0.000133,172.31.36.0-255,66,20797,12,198578
19904,0.000152,172.217.27.0-255,1125,21922,12,198578
19905,0.000154,172.31.36.0-255,66,21988,12,198578
19906,0.000203,172.217.27.0-255,1484,23472,12,198578
19907,0.000206,172.31.36.0-255,66,23538,12,198578
19908,0.000211,172.217.27.0-255,2902,26440,12,198578
19909,0.000214,172.31.36.0-255,66,26506,12,198578
19910,0.000253,172.217.27.0-255,5738,32244,12,198578
19911,0.000256,172.31.36.0-255,66,32310,12,198578
19912,0.000263,172.217.27.0-255,5738,38048,12,198578
19913,0.000265,172.31.36.0-255,66,38114,12,198578
19914,0.000273,172.217.27.0-255,7156,45270,12,198578
19915,0.000276,172.31.36.0-255,66,45336,12,198578
19916,0.000313,172.31.36.0-255,66,45402,12,198578
19917,0.000615,172.217.27.0-255,138,45540,12,198578
19918,0.00062,172.31.36.0-255,66,45606,12,198578
19919,0.000804,172.217.27.0-255,1484,47090,12,198578
19920,0.00081,172.217.27.0-255,2902,49992,12,198578
19921,0.000815,172.31.36.0-255,66,50058,12,198578
19922,0.000818,172.31.36.0-255,66,50124,12,198578
19923,0.000834,172.217.27.0-255,5738,55862,12,198578
19924,0.000836,172.31.36.0-255,66,55928,12,198578
19925,0.000861,172.217.27.0-255,4320,60248,12,198578
19926,0.000864,172.31.36.0-255,66,60314,12,198578
19927,0.000867,172.217.27.0-255,1484,61798,12,198578
19928,0.000891,172.217.27.0-255,4320,66118,12,198578
19929,0.000893,172.31.36.0-255,66,66184,12,198578
19930,0.000906,172.31.36.0-255,66,66250,12,198578
19931,0.000949,172.217.27.0-255,3602,69852,12,198578
19932,0.000954,172.31.36.0-255,66,69918,12,198578
19933,0.001008,172.217.27.0-255,1484,71402,12,198578
19934,0.001014,172.217.27.0-255,2902,74304,12,198578
19935,0.001017,172.31.36.0-255,66,74370,12,198578
19936,0.001032,172.217.27.0-255,5738,80108,12,198578
19937,0.001035,172.31.36.0-255,66,80174,12,198578
19938,0.001041,172.217.27.0-255,4320,84494,12,198578
19939,0.001043,172.31.36.0-255,66,84560,12,198578
19940,0.001071,172.217.27.0-255,5738,90298,12,198578
19941,0.001074,172.31.36.0-255,66,90364,12,198578
19942,0.001088,172.31.36.0-255,66,90430,12,198578
19943,0.001092,172.217.27.0-255,2184,92614,12,198578
19944,0.001094,172.31.36.0-255,66,92680,12,198578
19945,0.001242,172.217.27.0-255,1484,94164,12,198578
19946,0.001247,172.217.27.0-255,1484,95648,12,198578
19947,0.00125,172.31.36.0-255,66,95714,12,198578
19948,0.00127,172.217.27.0-255,1484,97198,12,198578
19949,0.001278,172.217.27.0-255,5738,102936,12,198578
19950,0.00128,172.31.36.0-255,66,103002,12,198578
19951,0.001284,172.217.27.0-255,1484,104486,12,198578
19952,0.001312,172.31.36.0-255,66,104552,12,198578
19953,0.001315,172.217.27.0-255,1484,106036,12,198578
19954,0.001318,172.217.27.0-255,1484,107520,12,198578
19955,0.00132,172.31.36.0-255,66,107586,12,198578
19956,0.001345,172.217.27.0-255,1484,109070,12,198578
19957,0.001353,172.217.27.0-255,5738,114808,12,198578
19958,0.001356,172.31.36.0-255,66,114874,12,198578
19959,0.001358,172.217.27.0-255,766,115640,12,198578
19960,0.001682,172.217.27.0-255,1484,117124,12,198578
19961,0.001709,172.31.36.0-255,66,117190,12,198578
19962,0.003011,172.217.27.0-255,2902,120092,12,198578
19963,0.003353,172.217.27.0-255,2902,122994,12,198578
19964,0.006578,172.31.36.0-255,66,123060,12,198578
19965,0.006583,172.31.36.0-255,66,123126,12,198578
19966,0.008233,172.217.27.0-255,5738,128864,12,198578
19967,0.00824,172.31.36.0-255,66,128930,12,198578
19968,0.009898,172.217.27.0-255,5738,134668,12,198578
19969,0.009906,172.31.36.0-255,66,134734,12,198578
19970,0.011566,172.217.27.0-255,5738,140472,12,198578
19971,0.011574,172.31.36.0-255,66,140538,12,198578
19972,0.013244,172.217.27.0-255,5738,146276,12,198578
19973,0.013251,172.31.36.0-255,66,146342,12,198578
19974,0.014916,172.217.27.0-255,5738,152080,12,198578
19975,0.014924,172.31.36.0-255,66,152146,12,198578
19976,0.01659,172.217.27.0-255,5738,157884,12,198578
19977,0.016598,172.31.36.0-255,66,157950,12,198578
19978,0.018289,172.217.27.0-255,5738,163688,12,198578
19979,0.018296,172.31.36.0-255,66,163754,12,198578
19980,0.019996,172.217.27.0-255,5738,169492,12,198578
19981,0.020003,172.31.36.0-255,66,169558,12,198578
19982,0.021663,172.217.27.0-255,5738,175296,12,198578
19983,0.021671,172.31.36.0-255,66,175362,12,198578
19984,0.023329,172.217.27.0-255,5738,181100,12,198578
19985,0.023336,172.31.36.0-255,66,181166,12,198578
19986,0.024992,172.217.27.0-255,5738,186904,12,198578
19987,0.024999,172.31.36.0-255,66,186970,12,198578
19988,0.026665,172.217.27.0-255,5738,192708,12,198578
19989,0.026673,172.31.36.0-255,66,192774,12,198578
19990,0.028344,172.217.27.0-255,5738,198512,12,198578
19991,0.028352,172.31.36.0-255,66,198578,12,198578
19992,0.0,74.125.68.0-255,226,226,12,98099
19993,2.6e-05,172.31.36.0-255,66,292,12,98099
19994,3.2e-05,74.125.68.0-255,1484,1776,12,98099
19995,3.7e-05,172.31.36.0-255,66,1842,12,98099
19996,6.6e-05,74.125.68.0-255,2902,4744,12,98099
19997,6.9e-05,172.31.36.0-255,66,4810,12,98099
19998,0.000179,74.125.68.0-255,2902,7712,12,98099
19999,0.000183,172.31.36.0-255,66,7778,12,98099
20000,0.000202,74.125.68.0-255,1484,9262,12,98099
20001,0.000204,172.31.36.0-255,66,9328,12,98099
20002,0.00037,74.125.68.0-255,4890,14218,12,98099
20003,0.000376,172.31.36.0-255,66,14284,12,98099
20004,0.000649,172.31.36.0-255,66,14350,12,98099
20005,0.000708,74.125.68.0-255,2902,17252,12,98099
20006,0.000712,172.31.36.0-255,66,17318,12,98099
20007,0.001113,74.125.68.0-255,5379,22697,12,98099
20008,0.00112,172.31.36.0-255,66,22763,12,98099
20009,0.003666,74.125.68.0-255,5738,28501,12,98099
20010,0.003676,172.31.36.0-255,66,28567,12,98099
20011,0.006205,74.125.68.0-255,5738,34305,12,98099
20012,0.006215,172.31.36.0-255,66,34371,12,98099
20013,0.008737,74.125.68.0-255,2902,37273,12,98099
20014,0.008749,172.31.36.0-255,66,37339,12,98099
20015,0.008791,74.125.68.0-255,2902,40241,12,98099
20016,0.008795,172.31.36.0-255,66,40307,12,98099
20017,0.011276,74.125.68.0-255,2902,43209,12,98099
20018,0.011284,172.31.36.0-255,66,43275,12,98099
20019,0.011321,74.125.68.0-255,2902,46177,12,98099
20020,0.011324,172.31.36.0-255,66,46243,12,98099
20021,0.013822,74.125.68.0-255,2902,49145,12,98099
20022,0.013835,172.31.36.0-255,66,49211,12,98099
20023,0.013858,74.125.68.0-255,2902,52113,12,98099
20024,0.013861,172.31.36.0-255,66,52179,12,98099
20025,0.016366,74.125.68.0-255,2902,55081,12,98099
20026,0.016382,172.31.36.0-255,66,55147,12,98099
20027,0.016405,74.125.68.0-255,2902,58049,12,98099
20028,0.016409,172.31.36.0-255,66,58115,12,98099
20029,0.01891,74.125.68.0-255,2902,61017,12,98099
20030,0.018924,172.31.36.0-255,66,61083,12,98099
20031,0.018949,74.125.68.0-255,2902,63985,12,98099
20032,0.018952,172.31.36.0-255,66,64051,12,98099
20033,0.02145,74.125.68.0-255,2902,66953,12,98099
20034,0.021464,172.31.36.0-255,66,67019,12,98099
20035,0.021496,74.125.68.0-255,2902,69921,12,98099
20036,0.021499,172.31.36.0-255,66,69987,12,98099
20037,0.024001,74.125.68.0-255,2902,72889,12,98099
20038,0.024018,172.31.36.0-255,66,72955,12,98099
20039,0.024042,74.125.68.0-255,2902,75857,12,98099
20040,0.024045,172.31.36.0-255,66,75923,12,98099
20041,0.026534,74.125.68.0-255,2902,78825,12,98099
20042,0.026542,172.31.36.0-255,66,78891,12,98099
20043,0.026581,74.125.68.0-255,2902,81793,12,98099
20044,0.026584,172.31.36.0-255,66,81859,12,98099
20045,0.026633,172.31.36.0-255,172,82031,12,98099
20046,0.026659,172.31.36.0-255,1109,83140,12,98099
20047,0.026757,172.31.36.0-255,1514,84654,12,98099
20048,0.026759,172.31.36.0-255,1514,86168,12,98099
20049,0.02676,172.31.36.0-255,1514,87682,12,98099
20050,0.026761,172.31.36.0-255,1514,89196,12,98099
20051,0.026796,172.31.36.0-255,1514,90710,12,98099
20052,0.026797,172.31.36.0-255,1189,91899,12,98099
20053,0.028183,104.244.42.0-255,66,91965,12,98099
20054,0.028287,104.244.42.0-255,66,92031,12,98099
20055,0.028354,104.244.42.0-255,66,92097,12,98099
20056,0.028358,104.244.42.0-255,66,92163,12,98099
20057,0.029061,74.125.68.0-255,2902,95065,12,98099
20058,0.029068,172.31.36.0-255,66,95131,12,98099
20059,0.029104,74.125.68.0-255,2902,98033,12,98099
20060,0.029107,172.31.36.0-255,66,98099,12,98099
20061,0.0,172.217.194.0-255,153,153,12,217859
20062,2.1e-05,172.31.36.0-255,66,219,12,217859
20063,2.7e-05,172.217.194.0-255,1484,1703,12,217859
20064,3.1e-05,172.31.36.0-255,66,1769,12,217859
20065,3.6e-05,172.217.194.0-255,2902,4671,12,217859
20066,4.9e-05,172.31.36.0-255,66,4737,12,217859
20067,5.2e-05,172.217.194.0-255,1484,6221,12,217859
20068,5.5e-05,172.31.36.0-255,66,6287,12,217859
20069,6.1e-05,172.217.194.0-255,5738,12025,12,217859
20070,6.3e-05,172.31.36.0-255,66,12091,12,217859
20071,0.000104,172.31.36.0-255,66,12157,12,217859
20072,0.000122,172.31.36.0-255,66,12223,12,217859
20073,0.000169,172.31.36.0-255,66,12289,12,217859
20074,0.000175,172.217.194.0-255,4320,16609,12,217859
20075,0.000176,172.31.36.0-255,66,16675,12,217859
20076,0.000219,172.31.36.0-255,66,16741,12,217859
20077,0.000224,172.217.194.0-255,2858,19599,12,217859
20078,0.000227,172.31.36.0-255,66,19665,12,217859
20079,0.000263,172.31.36.0-255,66,19731,12,217859
20080,0.00029,172.217.194.0-255,6513,26244,12,217859
20081,0.000299,172.31.36.0-255,66,26310,12,217859
20082,0.000302,172.217.194.0-255,1484,27794,12,217859
20083,0.000303,172.31.36.0-255,66,27860,12,217859
20084,0.000308,172.217.194.0-255,2902,30762,12,217859
20085,0.00031,172.31.36.0-255,66,30828,12,217859
20086,0.000315,172.217.194.0-255,5738,36566,12,217859
20087,0.000318,172.31.36.0-255,66,36632,12,217859
20088,0.00036,172.31.36.0-255,66,36698,12,217859
20089,0.000389,172.217.194.0-255,1484,38182,12,217859
20090,0.000403,172.31.36.0-255,66,38248,12,217859
20091,0.000677,172.217.194.0-255,1484,39732,12,217859
20092,0.000683,172.217.194.0-255,2902,42634,12,217859
20093,0.000687,172.31.36.0-255,66,42700,12,217859
20094,0.000692,172.217.194.0-255,1484,44184,12,217859
20095,0.000718,172.217.194.0-255,2902,47086,12,217859
20096,0.000722,172.31.36.0-255,66,47152,12,217859
20097,0.000729,172.217.194.0-255,7156,54308,12,217859
20098,0.000732,172.31.36.0-255,66,54374,12,217859
20099,0.000747,172.217.194.0-255,1484,55858,12,217859
20100,0.000773,172.217.194.0-255,4320,60178,12,217859
20101,0.000778,172.31.36.0-255,66,60244,12,217859
20102,0.000803,172.31.36.0-255,66,60310,12,217859
20103,0.000924,172.217.194.0-255,1484,61794,12,217859
20104,0.000932,172.217.194.0-255,2902,64696,12,217859
20105,0.000936,172.31.36.0-255,66,64762,12,217859
20106,0.000944,172.217.194.0-255,5738,70500,12,217859
20107,0.000946,172.31.36.0-255,66,70566,12,217859
20108,0.001044,172.31.36.0-255,66,70632,12,217859
20109,0.001077,172.217.194.0-255,7156,77788,12,217859
20110,0.001081,172.31.36.0-255,66,77854,12,217859
20111,0.001111,172.217.194.0-255,6438,84292,12,217859
20112,0.001115,172.31.36.0-255,66,84358,12,217859
20113,0.001484,172.217.194.0-255,1484,85842,12,217859
20114,0.00149,172.217.194.0-255,2902,88744,12,217859
20115,0.001495,172.31.36.0-255,66,88810,12,217859
20116,0.001503,172.217.194.0-255,5738,94548,12,217859
20117,0.001505,172.31.36.0-255,66,94614,12,217859
20118,0.001522,172.31.36.0-255,66,94680,12,217859
20119,0.001559,172.217.194.0-255,4320,99000,12,217859
20120,0.001562,172.31.36.0-255,66,99066,12,217859
20121,0.001572,172.31.36.0-255,66,99132,12,217859
20122,0.00158,172.217.194.0-255,2184,101316,12,217859
20123,0.001582,172.31.36.0-255,66,101382,12,217859
20124,0.002004,172.217.194.0-255,1484,102866,12,217859
20125,0.00201,172.217.194.0-255,2902,105768,12,217859
20126,0.002013,172.31.36.0-255,66,105834,12,217859
20127,0.002041,172.217.194.0-255,5738,111572,12,217859
20128,0.002043,172.31.36.0-255,66,111638,12,217859
20129,0.002052,172.31.36.0-255,66,111704,12,217859
20130,0.002093,172.217.194.0-255,4320,116024,12,217859
20131,0.002096,172.31.36.0-255,66,116090,12,217859
20132,0.002105,172.31.36.0-255,66,116156,12,217859
20133,0.002123,172.217.194.0-255,2184,118340,12,217859
20134,0.002125,172.31.36.0-255,66,118406,12,217859
20135,0.002179,172.217.194.0-255,1484,119890,12,217859
20136,0.002186,172.217.194.0-255,1484,121374,12,217859
20137,0.002188,172.31.36.0-255,66,121440,12,217859
20138,0.002202,172.217.194.0-255,1484,122924,12,217859
20139,0.002211,172.217.194.0-255,5738,128662,12,217859
20140,0.002213,172.31.36.0-255,66,128728,12,217859
20141,0.002224,172.31.36.0-255,66,128794,12,217859
20142,0.002245,172.217.194.0-255,4320,133114,12,217859
20143,0.002255,172.31.36.0-255,66,133180,12,217859
20144,0.002275,172.31.36.0-255,66,133246,12,217859
20145,0.002304,172.31.36.0-255,66,133312,12,217859
20146,0.002313,172.31.36.0-255,66,133378,12,217859
20147,0.002345,172.31.36.0-255,66,133444,12,217859
20148,0.002351,172.217.194.0-255,6438,139882,12,217859
20149,0.002352,172.31.36.0-255,66,139948,12,217859
20150,0.002355,172.217.194.0-255,1484,141432,12,217859
20151,0.002356,172.31.36.0-255,78,141510,12,217859
20152,0.002399,172.31.36.0-255,78,141588,12,217859
20153,0.002429,172.217.194.0-255,7156,148744,12,217859
20154,0.002432,172.31.36.0-255,66,148810,12,217859
20155,0.004766,172.217.194.0-255,5738,154548,12,217859
20156,0.00477,172.31.36.0-255,66,154614,12,217859
20157,0.007065,172.217.194.0-255,5738,160352,12,217859
20158,0.007071,172.31.36.0-255,66,160418,12,217859
20159,0.009391,172.217.194.0-255,5738,166156,12,217859
20160,0.0094,172.31.36.0-255,66,166222,12,217859
20161,0.011727,172.217.194.0-255,5738,171960,12,217859
20162,0.011737,172.31.36.0-255,66,172026,12,217859
20163,0.014058,172.217.194.0-255,5738,177764,12,217859
20164,0.014064,172.31.36.0-255,66,177830,12,217859
20165,0.016366,172.217.194.0-255,4320,182150,12,217859
20166,0.016374,172.31.36.0-255,66,182216,12,217859
20167,0.016405,172.217.194.0-255,1484,183700,12,217859
20168,0.018689,172.217.194.0-255,4320,188020,12,217859
20169,0.018696,172.31.36.0-255,66,188086,12,217859
20170,0.021011,172.217.194.0-255,5738,193824,12,217859
20171,0.021019,172.31.36.0-255,66,193890,12,217859
20172,0.023337,172.217.194.0-255,5738,199628,12,217859
20173,0.023343,172.31.36.0-255,66,199694,12,217859
20174,0.025668,172.217.194.0-255,5738,205432,12,217859
20175,0.025674,172.31.36.0-255,66,205498,12,217859
20176,0.027458,172.31.36.0-255,188,205686,12,217859
20177,0.027498,172.31.36.0-255,952,206638,12,217859
20178,0.027578,172.31.36.0-255,1514,208152,12,217859
20179,0.02758,172.31.36.0-255,1514,209666,12,217859
20180,0.027581,172.31.36.0-255,1514,211180,12,217859
20181,0.027582,172.31.36.0-255,1514,212694,12,217859
20182,0.027613,172.31.36.0-255,327,213021,12,217859
20183,0.027992,172.217.194.0-255,4403,217424,12,217859
20184,0.027997,172.31.36.0-255,66,217490,12,217859
20185,0.02818,172.31.36.0-255,105,217595,12,217859
20186,0.02907,104.244.42.0-255,66,217661,12,217859
20187,0.029077,104.244.42.0-255,66,217727,12,217859
20188,0.029161,104.244.42.0-255,66,217793,12,217859
20189,0.029163,104.244.42.0-255,66,217859,12,217859
20190,0.0,74.125.24.0-255,178,178,12,246638
20191,3.9e-05,172.31.36.0-255,66,244,12,246638
20192,4.6e-05,74.125.24.0-255,1484,1728,12,246638
20193,5.2e-05,172.31.36.0-255,66,1794,12,246638
20194,5.8e-05,74.125.24.0-255,2902,4696,12,246638
20195,6.1e-05,172.31.36.0-255,66,4762,12,246638
20196,6.8e-05,74.125.24.0-255,7156,11918,12,246638
20197,7.1e-05,172.31.36.0-255,66,11984,12,246638
20198,7.4e-05,74.125.24.0-255,1484,13468,12,246638
20199,7.7e-05,172.31.36.0-255,66,13534,12,246638
20200,0.000117,172.31.36.0-255,66,13600,12,246638
20201,0.000126,74.125.24.0-255,6797,20397,12,246638
20202,0.000128,172.31.36.0-255,66,20463,12,246638
20203,0.000267,74.125.24.0-255,1484,21947,12,246638
20204,0.000272,172.31.36.0-255,66,22013,12,246638
20205,0.000278,74.125.24.0-255,2902,24915,12,246638
20206,0.00028,172.31.36.0-255,66,24981,12,246638
20207,0.000288,74.125.24.0-255,5738,30719,12,246638
20208,0.00029,172.31.36.0-255,66,30785,12,246638
20209,0.000318,74.125.24.0-255,6797,37582,12,246638
20210,0.00032,172.31.36.0-255,66,37648,12,246638
20211,0.000363,172.31.36.0-255,66,37714,12,246638
20212,0.000368,74.125.24.0-255,2818,40532,12,246638
20213,0.000371,172.31.36.0-255,66,40598,12,246638
20214,0.000404,74.125.24.0-255,125,40723,12,246638
20215,0.000407,172.31.36.0-255,66,40789,12,246638
20216,0.000442,74.125.24.0-255,1484,42273,12,246638
20217,0.000445,172.31.36.0-255,66,42339,12,246638
20218,0.000449,74.125.24.0-255,1484,43823,12,246638
20219,0.000453,172.31.36.0-255,66,43889,12,246638
20220,0.000467,74.125.24.0-255,1484,45373,12,246638
20221,0.000474,74.125.24.0-255,4320,49693,12,246638
20222,0.000476,172.31.36.0-255,66,49759,12,246638
20223,0.00052,74.125.24.0-255,5738,55497,12,246638
20224,0.000524,172.31.36.0-255,66,55563,12,246638
20225,0.000544,74.125.24.0-255,2249,57812,12,246638
20226,0.000547,172.31.36.0-255,66,57878,12,246638
20227,0.000573,172.31.36.0-255,66,57944,12,246638
20228,0.000579,74.125.24.0-255,5738,63682,12,246638
20229,0.000581,172.31.36.0-255,66,63748,12,246638
20230,0.000597,74.125.24.0-255,2902,66650,12,246638
20231,0.0006,172.31.36.0-255,66,66716,12,246638
20232,0.000627,74.125.24.0-255,4320,71036,12,246638
20233,0.000629,172.31.36.0-255,66,71102,12,246638
20234,0.000663,172.31.36.0-255,66,71168,12,246638
20235,0.001054,74.125.24.0-255,1484,72652,12,246638
20236,0.001061,74.125.24.0-255,2902,75554,12,246638
20237,0.001064,172.31.36.0-255,66,75620,12,246638
20238,0.001068,74.125.24.0-255,1484,77104,12,246638
20239,0.001087,74.125.24.0-255,4320,81424,12,246638
20240,0.00109,172.31.36.0-255,66,81490,12,246638
20241,0.001094,74.125.24.0-255,1484,82974,12,246638
20242,0.00111,74.125.24.0-255,5738,88712,12,246638
20243,0.001113,172.31.36.0-255,66,88778,12,246638
20244,0.00114,74.125.24.0-255,2902,91680,12,246638
20245,0.001145,172.31.36.0-255,66,91746,12,246638
20246,0.001153,172.31.36.0-255,66,91812,12,246638
20247,0.001171,74.125.24.0-255,2184,93996,12,246638
20248,0.001174,172.31.36.0-255,66,94062,12,246638
20249,0.001206,74.125.24.0-255,2902,96964,12,246638
20250,0.00121,172.31.36.0-255,66,97030,12,246638
20251,0.001228,74.125.24.0-255,5738,102768,12,246638
20252,0.001232,172.31.36.0-255,66,102834,12,246638
20253,0.001255,74.125.24.0-255,1484,104318,12,246638
20254,0.001258,74.125.24.0-255,1484,105802,12,246638
20255,0.00126,172.31.36.0-255,66,105868,12,246638
20256,0.001272,172.31.36.0-255,66,105934,12,246638
20257,0.001305,172.31.36.0-255,66,106000,12,246638
20258,0.001317,74.125.24.0-255,2184,108184,12,246638
20259,0.001321,172.31.36.0-255,66,108250,12,246638
20260,0.001642,74.125.24.0-255,1484,109734,12,246638
20261,0.001662,74.125.24.0-255,2902,112636,12,246638
20262,0.001666,172.31.36.0-255,66,112702,12,246638
20263,0.001673,74.125.24.0-255,5738,118440,12,246638
20264,0.001675,172.31.36.0-255,66,118506,12,246638
20265,0.001682,74.125.24.0-255,5738,124244,12,246638
20266,0.001685,172.31.36.0-255,66,124310,12,246638
20267,0.001701,74.125.24.0-255,1484,125794,12,246638
20268,0.001708,74.125.24.0-255,4320,130114,12,246638
20269,0.001711,172.31.36.0-255,66,130180,12,246638
20270,0.001743,172.31.36.0-255,66,130246,12,246638
20271,0.001748,74.125.24.0-255,2184,132430,12,246638
20272,0.001752,172.31.36.0-255,66,132496,12,246638
20273,0.00189,74.125.24.0-255,1484,133980,12,246638
20274,0.001896,74.125.24.0-255,2902,136882,12,246638
20275,0.0019,172.31.36.0-255,66,136948,12,246638
20276,0.00192,74.125.24.0-255,5738,142686,12,246638
20277,0.001922,172.31.36.0-255,66,142752,12,246638
20278,0.001925,74.125.24.0-255,1484,144236,12,246638
20279,0.001947,74.125.24.0-255,5738,149974,12,246638
20280,0.00195,172.31.36.0-255,66,150040,12,246638
20281,0.001971,74.125.24.0-255,7156,157196,12,246638
20282,0.001974,172.31.36.0-255,66,157262,12,246638
20283,0.002004,74.125.24.0-255,7156,164418,12,246638
20284,0.002007,172.31.36.0-255,66,164484,12,246638
20285,0.002028,74.125.24.0-255,2184,166668,12,246638
20286,0.002032,172.31.36.0-255,66,166734,12,246638
20287,0.003985,74.125.24.0-255,5738,172472,12,246638
20288,0.004001,172.31.36.0-255,66,172538,12,246638
20289,0.005981,74.125.24.0-255,5738,178276,12,246638
20290,0.005985,172.31.36.0-255,66,178342,12,246638
20291,0.007947,74.125.24.0-255,4320,182662,12,246638
20292,0.007949,172.31.36.0-255,66,182728,12,246638
20293,0.007967,74.125.24.0-255,1484,184212,12,246638
20294,0.009924,74.125.24.0-255,4320,188532,12,246638
20295,0.009934,172.31.36.0-255,66,188598,12,246638
20296,0.011938,74.125.24.0-255,5738,194336,12,246638
20297,0.011951,172.31.36.0-255,66,194402,12,246638
20298,0.013918,74.125.24.0-255,5738,200140,12,246638
20299,0.013932,172.31.36.0-255,66,200206,12,246638
20300,0.015917,74.125.24.0-255,5738,205944,12,246638
20301,0.01593,172.31.36.0-255,66,206010,12,246638
20302,0.017914,74.125.24.0-255,5738,211748,12,246638
20303,0.017929,172.31.36.0-255,66,211814,12,246638
20304,0.019921,74.125.24.0-255,5738,217552,12,246638
20305,0.019937,172.31.36.0-255,66,217618,12,246638
20306,0.021912,74.125.24.0-255,5738,223356,12,246638
20307,0.021923,172.31.36.0-255,66,223422,12,246638
20308,0.023877,74.125.24.0-255,5738,229160,12,246638
20309,0.023893,172.31.36.0-255,66,229226,12,246638
20310,0.025833,74.125.24.0-255,5738,234964,12,246638
20311,0.025845,172.31.36.0-255,66,235030,12,246638
20312,0.027795,74.125.24.0-255,5738,240768,12,246638
20313,0.02781,172.31.36.0-255,66,240834,12,246638
20314,0.029776,74.125.24.0-255,5738,246572,12,246638
20315,0.029784,172.31.36.0-255,66,246638,12,246638
20316,0.0,74.125.200.0-255,66,66,12,66
20317,0.0,172.31.36.0-255,105,105,12,459
20318,0.000255,172.31.36.0-255,90,195,12,459
20319,0.000264,172.31.36.0-255,66,261,12,459
20320,0.002088,172.217.27.0-255,66,327,12,459
20321,0.002101,172.217.27.0-255,66,393,12,459
20322,0.00211,172.31.36.0-255,66,459,12,459
20323,0.0,74.125.24.0-255,152,152,12,207973
20324,3e-05,172.31.36.0-255,66,218,12,207973
20325,3.7e-05,74.125.24.0-255,1484,1702,12,207973
20326,4.2e-05,172.31.36.0-255,66,1768,12,207973
20327,4.7e-05,74.125.24.0-255,2902,4670,12,207973
20328,5e-05,172.31.36.0-255,66,4736,12,207973
20329,5.8e-05,74.125.24.0-255,7156,11892,12,207973
20330,6.2e-05,172.31.36.0-255,66,11958,12,207973
20331,8.7e-05,74.125.24.0-255,2075,14033,12,207973
20332,9e-05,172.31.36.0-255,66,14099,12,207973
20333,0.000205,74.125.24.0-255,1484,15583,12,207973
20334,0.000209,172.31.36.0-255,66,15649,12,207973
20335,0.00023,74.125.24.0-255,2902,18551,12,207973
20336,0.000233,172.31.36.0-255,66,18617,12,207973
20337,0.000239,74.125.24.0-255,5738,24355,12,207973
20338,0.000241,172.31.36.0-255,66,24421,12,207973
20339,0.000244,74.125.24.0-255,1484,25905,12,207973
20340,0.000245,172.31.36.0-255,66,25971,12,207973
20341,0.000263,74.125.24.0-255,2902,28873,12,207973
20342,0.000267,172.31.36.0-255,66,28939,12,207973
20343,0.000284,74.125.24.0-255,3961,32900,12,207973
20344,0.00029,172.31.36.0-255,66,32966,12,207973
20345,0.00031,74.125.24.0-255,4320,37286,12,207973
20346,0.000313,172.31.36.0-255,66,37352,12,207973
20347,0.000324,172.31.36.0-255,66,37418,12,207973
20348,0.000339,74.125.24.0-255,1484,38902,12,207973
20349,0.000341,172.31.36.0-255,66,38968,12,207973
20350,0.000344,74.125.24.0-255,1125,40093,12,207973
20351,0.000348,172.31.36.0-255,66,40159,12,207973
20352,0.000897,74.125.24.0-255,1484,41643,12,207973
20353,0.000903,172.31.36.0-255,66,41709,12,207973
20354,0.000927,74.125.24.0-255,2902,44611,12,207973
20355,0.000931,172.31.36.0-255,66,44677,12,207973
20356,0.000938,74.125.24.0-255,5738,50415,12,207973
20357,0.000941,172.31.36.0-255,66,50481,12,207973
20358,0.000979,74.125.24.0-255,6797,57278,12,207973
20359,0.000984,172.31.36.0-255,66,57344,12,207973
20360,0.000991,74.125.24.0-255,5738,63082,12,207973
20361,0.000994,172.31.36.0-255,66,63148,12,207973
20362,0.001018,172.31.36.0-255,66,63214,12,207973
20363,0.001023,74.125.24.0-255,2543,65757,12,207973
20364,0.001025,172.31.36.0-255,66,65823,12,207973
20365,0.001045,74.125.24.0-255,2902,68725,12,207973
20366,0.001048,172.31.36.0-255,66,68791,12,207973
20367,0.001052,74.125.24.0-255,1484,70275,12,207973
20368,0.001068,74.125.24.0-255,5738,76013,12,207973
20369,0.001071,172.31.36.0-255,66,76079,12,207973
20370,0.001077,74.125.24.0-255,5738,81817,12,207973
20371,0.001079,172.31.36.0-255,66,81883,12,207973
20372,0.001121,74.125.24.0-255,1704,83587,12,207973
20373,0.001125,172.31.36.0-255,66,83653,12,207973
20374,0.001414,74.125.24.0-255,1484,85137,12,207973
20375,0.001421,74.125.24.0-255,2902,88039,12,207973
20376,0.001426,172.31.36.0-255,66,88105,12,207973
20377,0.001429,74.125.24.0-255,1484,89589,12,207973
20378,0.001447,74.125.24.0-255,4320,93909,12,207973
20379,0.00145,172.31.36.0-255,66,93975,12,207973
20380,0.001454,74.125.24.0-255,2902,96877,12,207973
20381,0.001456,172.31.36.0-255,66,96943,12,207973
20382,0.00148,172.31.36.0-255,66,97009,12,207973
20383,0.001484,74.125.24.0-255,4320,101329,12,207973
20384,0.001487,172.31.36.0-255,66,101395,12,207973
20385,0.001509,74.125.24.0-255,6438,107833,12,207973
20386,0.001512,172.31.36.0-255,66,107899,12,207973
20387,0.00162,74.125.24.0-255,1484,109383,12,207973
20388,0.001639,74.125.24.0-255,2902,112285,12,207973
20389,0.001641,172.31.36.0-255,66,112351,12,207973
20390,0.001645,74.125.24.0-255,2902,115253,12,207973
20391,0.001647,172.31.36.0-255,66,115319,12,207973
20392,0.001661,74.125.24.0-255,2902,118221,12,207973
20393,0.001664,172.31.36.0-255,66,118287,12,207973
20394,0.00167,74.125.24.0-255,5738,124025,12,207973
20395,0.001672,172.31.36.0-255,66,124091,12,207973
20396,0.001691,74.125.24.0-255,7156,131247,12,207973
20397,0.001693,172.31.36.0-255,66,131313,12,207973
20398,0.001704,172.31.36.0-255,66,131379,12,207973
20399,0.001719,74.125.24.0-255,766,132145,12,207973
20400,0.002364,74.125.24.0-255,1484,133629,12,207973
20401,0.002366,172.31.36.0-255,66,133695,12,207973
20402,0.002382,74.125.24.0-255,2902,136597,12,207973
20403,0.002385,172.31.36.0-255,66,136663,12,207973
20404,0.002389,74.125.24.0-255,4320,140983,12,207973
20405,0.002391,172.31.36.0-255,66,141049,12,207973
20406,0.004742,74.125.24.0-255,2902,143951,12,207973
20407,0.004745,172.31.36.0-255,66,144017,12,207973
20408,0.004764,74.125.24.0-255,2902,146919,12,207973
20409,0.004766,172.31.36.0-255,66,146985,12,207973
20410,0.007122,74.125.24.0-255,4320,151305,12,207973
20411,0.007129,172.31.36.0-255,66,151371,12,207973
20412,0.007146,74.125.24.0-255,1484,152855,12,207973
20413,0.00725,172.31.36.0-255,101,152956,12,207973
20414,0.009477,74.125.24.0-255,4320,157276,12,207973
20415,0.009484,172.31.36.0-255,66,157342,12,207973
20416,0.009625,74.125.24.0-255,1484,158826,12,207973
20417,0.01186,74.125.24.0-255,4320,163146,12,207973
20418,0.011867,172.31.36.0-255,66,163212,12,207973
20419,0.014234,74.125.24.0-255,5738,168950,12,207973
20420,0.014241,172.31.36.0-255,66,169016,12,207973
20421,0.0166,74.125.24.0-255,5738,174754,12,207973
20422,0.016611,172.31.36.0-255,66,174820,12,207973
20423,0.018946,74.125.24.0-255,5738,180558,12,207973
20424,0.018953,172.31.36.0-255,66,180624,12,207973
20425,0.021304,74.125.24.0-255,4320,184944,12,207973
20426,0.021311,172.31.36.0-255,66,185010,12,207973
20427,0.021344,74.125.24.0-255,1484,186494,12,207973
20428,0.023658,74.125.24.0-255,4320,190814,12,207973
20429,0.023667,172.31.36.0-255,66,190880,12,207973
20430,0.025995,74.125.24.0-255,5738,196618,12,207973
20431,0.026003,172.31.36.0-255,66,196684,12,207973
20432,0.028081,172.31.36.0-255,172,196856,12,207973
20433,0.028111,172.31.36.0-255,1109,197965,12,207973
20434,0.028149,172.31.36.0-255,1514,199479,12,207973
20435,0.02815,172.31.36.0-255,1514,200993,12,207973
20436,0.028173,172.31.36.0-255,978,201971,12,207973
20437,0.028346,74.125.24.0-255,5738,207709,12,207973
20438,0.028353,172.31.36.0-255,66,207775,12,207973
20439,0.029619,104.244.42.0-255,66,207841,12,207973
20440,0.029699,104.244.42.0-255,66,207907,12,207973
20441,0.029718,104.244.42.0-255,66,207973,12,207973
20442,0.0,172.217.194.0-255,153,153,12,256901
20443,2.6e-05,172.31.36.0-255,66,219,12,256901
20444,3.3e-05,172.217.194.0-255,1484,1703,12,256901
20445,3.8e-05,172.31.36.0-255,66,1769,12,256901
20446,4.3e-05,172.217.194.0-255,2902,4671,12,256901
20447,4.5e-05,172.31.36.0-255,66,4737,12,256901
20448,6.7e-05,172.217.194.0-255,1484,6221,12,256901
20449,6.9e-05,172.31.36.0-255,66,6287,12,256901
20450,7.4e-05,172.217.194.0-255,2902,9189,12,256901
20451,7.7e-05,172.31.36.0-255,66,9255,12,256901
20452,0.000104,172.217.194.0-255,4892,14147,12,256901
20453,0.000108,172.31.36.0-255,66,14213,12,256901
20454,0.000206,172.217.194.0-255,1484,15697,12,256901
20455,0.000209,172.31.36.0-255,66,15763,12,256901
20456,0.000215,172.217.194.0-255,2902,18665,12,256901
20457,0.000217,172.31.36.0-255,66,18731,12,256901
20458,0.00022,172.217.194.0-255,1484,20215,12,256901
20459,0.000223,172.31.36.0-255,66,20281,12,256901
20460,0.000255,172.217.194.0-255,4320,24601,12,256901
20461,0.000258,172.31.36.0-255,66,24667,12,256901
20462,0.000266,172.217.194.0-255,6797,31464,12,256901
20463,0.000268,172.31.36.0-255,66,31530,12,256901
20464,0.000275,172.217.194.0-255,5738,37268,12,256901
20465,0.000278,172.31.36.0-255,66,37334,12,256901
20466,0.000315,172.31.36.0-255,66,37400,12,256901
20467,0.000322,172.217.194.0-255,5738,43138,12,256901
20468,0.000324,172.31.36.0-255,66,43204,12,256901
20469,0.000352,172.217.194.0-255,5738,48942,12,256901
20470,0.000355,172.31.36.0-255,66,49008,12,256901
20471,0.000386,172.31.36.0-255,66,49074,12,256901
20472,0.000389,172.217.194.0-255,676,49750,12,256901
20473,0.000732,172.217.194.0-255,1484,51234,12,256901
20474,0.000737,172.31.36.0-255,66,51300,12,256901
20475,0.000757,172.217.194.0-255,2902,54202,12,256901
20476,0.00076,172.217.194.0-255,1484,55686,12,256901
20477,0.000767,172.31.36.0-255,66,55752,12,256901
20478,0.000777,172.217.194.0-255,4320,60072,12,256901
20479,0.000785,172.31.36.0-255,66,60138,12,256901
20480,0.000797,172.217.194.0-255,2902,63040,12,256901
20481,0.00081,172.31.36.0-255,66,63106,12,256901
20482,0.000813,172.217.194.0-255,7156,70262,12,256901
20483,0.000828,172.31.36.0-255,66,70328,12,256901
20484,0.000831,172.217.194.0-255,2902,73230,12,256901
20485,0.000842,172.217.194.0-255,766,73996,12,256901
20486,0.000843,172.31.36.0-255,66,74062,12,256901
20487,0.001169,172.31.36.0-255,66,74128,12,256901
20488,0.002178,172.217.194.0-255,1484,75612,12,256901
20489,0.002188,172.217.194.0-255,2902,78514,12,256901
20490,0.002191,172.217.194.0-255,1484,79998,12,256901
20491,0.002209,172.217.194.0-255,2902,82900,12,256901
20492,0.002228,172.217.194.0-255,7156,90056,12,256901
20493,0.002238,172.217.194.0-255,1484,91540,12,256901
20494,0.002252,172.217.194.0-255,2902,94442,12,256901
20495,0.002306,172.217.194.0-255,1484,95926,12,256901
20496,0.002317,172.217.194.0-255,2902,98828,12,256901
20497,0.00233,172.217.194.0-255,1484,100312,12,256901
20498,0.002345,172.217.194.0-255,4320,104632,12,256901
20499,0.002348,172.217.194.0-255,1484,106116,12,256901
20500,0.002366,172.217.194.0-255,7156,113272,12,256901
20501,0.002391,172.217.194.0-255,2902,116174,12,256901
20502,0.002397,172.217.194.0-255,7156,123330,12,256901
20503,0.002402,172.217.194.0-255,5020,128350,12,256901
20504,0.002458,172.217.194.0-255,1484,129834,12,256901
20505,0.002476,172.217.194.0-255,2902,132736,12,256901
20506,0.002518,172.217.194.0-255,4320,137056,12,256901
20507,0.002528,172.217.194.0-255,1484,138540,12,256901
20508,0.002551,172.217.194.0-255,2902,141442,12,256901
20509,0.002555,172.217.194.0-255,2902,144344,12,256901
20510,0.002955,172.217.194.0-255,1484,145828,12,256901
20511,0.002967,172.217.194.0-255,2902,148730,12,256901
20512,0.002982,172.217.194.0-255,1484,150214,12,256901
20513,0.002998,172.217.194.0-255,4320,154534,12,256901
20514,0.003018,172.217.194.0-255,7156,161690,12,256901
20515,0.003032,172.217.194.0-255,5738,167428,12,256901
20516,0.003038,172.217.194.0-255,4320,171748,12,256901
20517,0.003054,172.217.194.0-255,2902,174650,12,256901
20518,0.00309,172.217.194.0-255,3602,178252,12,256901
20519,0.003211,172.217.194.0-255,1484,179736,12,256901
20520,0.003215,172.217.194.0-255,1484,181220,12,256901
20521,0.003237,172.217.194.0-255,1484,182704,12,256901
20522,0.003243,172.217.194.0-255,5738,188442,12,256901
20523,0.003295,172.217.194.0-255,1484,189926,12,256901
20524,0.003391,172.217.194.0-255,1484,191410,12,256901
20525,0.003396,172.217.194.0-255,1484,192894,12,256901
20526,0.003406,172.217.194.0-255,1484,194378,12,256901
20527,0.003429,172.217.194.0-255,5738,200116,12,256901
20528,0.003435,172.217.194.0-255,4320,204436,12,256901
20529,0.003462,172.217.194.0-255,1484,205920,12,256901
20530,0.003472,172.217.194.0-255,1484,207404,12,256901
20531,0.003514,172.217.194.0-255,6438,213842,12,256901
20532,0.003541,172.217.194.0-255,1484,215326,12,256901
20533,0.003556,172.217.194.0-255,7156,222482,12,256901
20534,0.003587,172.217.194.0-255,2902,225384,12,256901
20535,0.00366,172.217.194.0-255,2902,228286,12,256901
20536,0.003694,172.31.36.0-255,66,228352,12,256901
20537,0.003705,172.217.194.0-255,7156,235508,12,256901
20538,0.00373,172.217.194.0-255,5738,241246,12,256901
20539,0.003732,172.31.36.0-255,66,241312,12,256901
20540,0.003737,172.31.36.0-255,66,241378,12,256901
20541,0.003768,172.31.36.0-255,66,241444,12,256901
20542,0.003777,172.217.194.0-255,4320,245764,12,256901
20543,0.003786,172.31.36.0-255,66,245830,12,256901
20544,0.003793,172.217.194.0-255,4320,250150,12,256901
20545,0.003801,172.31.36.0-255,66,250216,12,256901
20546,0.003824,172.217.194.0-255,6277,256493,12,256901
20547,0.003828,172.217.194.0-255,105,256598,12,256901
20548,0.00383,172.31.36.0-255,66,256664,12,256901
20549,0.00614,172.31.36.0-255,66,256730,12,256901
20550,0.006168,172.31.36.0-255,105,256835,12,256901
20551,0.008122,172.217.194.0-255,66,256901,12,256901
20552,0.0,172.31.36.0-255,105,105,12,105
20553,0.0,74.125.24.0-255,298,298,12,154972
20554,3.4e-05,172.31.36.0-255,66,364,12,154972
20555,4.1e-05,74.125.24.0-255,1484,1848,12,154972
20556,4.6e-05,172.31.36.0-255,66,1914,12,154972
20557,5.9e-05,74.125.24.0-255,4320,6234,12,154972
20558,6.3e-05,172.31.36.0-255,66,6300,12,154972
20559,6.8e-05,74.125.24.0-255,4320,10620,12,154972
20560,7.1e-05,172.31.36.0-255,66,10686,12,154972
20561,0.000103,74.125.24.0-255,3237,13923,12,154972
20562,0.000106,172.31.36.0-255,66,13989,12,154972
20563,0.000109,74.125.24.0-255,1484,15473,12,154972
20564,0.000111,172.31.36.0-255,66,15539,12,154972
20565,0.000131,74.125.24.0-255,2902,18441,12,154972
20566,0.000138,172.31.36.0-255,66,18507,12,154972
20567,0.000142,74.125.24.0-255,1484,19991,12,154972
20568,0.000145,172.31.36.0-255,66,20057,12,154972
20569,0.000187,172.31.36.0-255,66,20123,12,154972
20570,0.000191,74.125.24.0-255,2543,22666,12,154972
20571,0.000194,172.31.36.0-255,66,22732,12,154972
20572,0.000307,74.125.24.0-255,1484,24216,12,154972
20573,0.000312,172.31.36.0-255,66,24282,12,154972
20574,0.000316,74.125.24.0-255,2902,27184,12,154972
20575,0.000318,172.31.36.0-255,66,27250,12,154972
20576,0.000344,74.125.24.0-255,5738,32988,12,154972
20577,0.000348,74.125.24.0-255,2902,35890,12,154972
20578,0.00035,172.31.36.0-255,66,35956,12,154972
20579,0.000353,172.31.36.0-255,66,36022,12,154972
20580,0.000371,74.125.24.0-255,3961,39983,12,154972
20581,0.000374,172.31.36.0-255,66,40049,12,154972
20582,0.000405,74.125.24.0-255,1484,41533,12,154972
20583,0.000408,172.31.36.0-255,66,41599,12,154972
20584,0.000413,74.125.24.0-255,2902,44501,12,154972
20585,0.000418,172.31.36.0-255,66,44567,12,154972
20586,0.00042,74.125.24.0-255,4320,48887,12,154972
20587,0.000435,172.31.36.0-255,66,48953,12,154972
20588,0.000447,74.125.24.0-255,1484,50437,12,154972
20589,0.000456,74.125.24.0-255,2902,53339,12,154972
20590,0.000463,172.31.36.0-255,66,53405,12,154972
20591,0.000472,74.125.24.0-255,4294,57699,12,154972
20592,0.000482,172.31.36.0-255,66,57765,12,154972
20593,0.000581,74.125.24.0-255,108,57873,12,154972
20594,0.000586,74.125.24.0-255,332,58205,12,154972
20595,0.00094,172.31.36.0-255,66,58271,12,154972
20596,0.001225,74.125.24.0-255,1484,59755,12,154972
20597,0.001235,74.125.24.0-255,2902,62657,12,154972
20598,0.001239,172.31.36.0-255,66,62723,12,154972
20599,0.001247,74.125.24.0-255,5738,68461,12,154972
20600,0.001249,172.31.36.0-255,66,68527,12,154972
20601,0.001286,172.31.36.0-255,66,68593,12,154972
20602,0.001298,172.31.36.0-255,66,68659,12,154972
20603,0.001333,74.125.24.0-255,1484,70143,12,154972
20604,0.001344,74.125.24.0-255,5020,75163,12,154972
20605,0.001361,172.31.36.0-255,66,75229,12,154972
20606,0.003424,74.125.24.0-255,5738,80967,12,154972
20607,0.00343,172.31.36.0-255,66,81033,12,154972
20608,0.005512,74.125.24.0-255,5738,86771,12,154972
20609,0.005519,172.31.36.0-255,66,86837,12,154972
20610,0.007596,74.125.24.0-255,5738,92575,12,154972
20611,0.007602,172.31.36.0-255,66,92641,12,154972
20612,0.009651,74.125.24.0-255,5738,98379,12,154972
20613,0.009658,172.31.36.0-255,66,98445,12,154972
20614,0.011701,74.125.24.0-255,5738,104183,12,154972
20615,0.011708,172.31.36.0-255,66,104249,12,154972
20616,0.013805,74.125.24.0-255,5738,109987,12,154972
20617,0.013815,172.31.36.0-255,66,110053,12,154972
20618,0.01588,74.125.24.0-255,5738,115791,12,154972
20619,0.015887,172.31.36.0-255,66,115857,12,154972
20620,0.017982,74.125.24.0-255,5738,121595,12,154972
20621,0.01799,172.31.36.0-255,66,121661,12,154972
20622,0.020037,74.125.24.0-255,5738,127399,12,154972
20623,0.020044,172.31.36.0-255,66,127465,12,154972
20624,0.022137,74.125.24.0-255,5738,133203,12,154972
20625,0.022145,172.31.36.0-255,66,133269,12,154972
20626,0.024138,172.31.36.0-255,172,133441,12,154972
20627,0.024178,172.31.36.0-255,1109,134550,12,154972
20628,0.024219,74.125.24.0-255,5738,140288,12,154972
20629,0.024224,172.31.36.0-255,66,140354,12,154972
20630,0.024283,172.31.36.0-255,1514,141868,12,154972
20631,0.024285,172.31.36.0-255,1298,143166,12,154972
20632,0.025712,104.244.42.0-255,66,143232,12,154972
20633,0.025721,104.244.42.0-255,66,143298,12,154972
20634,0.025843,104.244.42.0-255,66,143364,12,154972
20635,0.026293,74.125.24.0-255,5738,149102,12,154972
20636,0.026301,172.31.36.0-255,66,149168,12,154972
20637,0.028397,74.125.24.0-255,5738,154906,12,154972
20638,0.028402,172.31.36.0-255,66,154972,12,154972
20639,0.0,172.217.194.0-255,153,153,12,216128
20640,2.5e-05,172.31.36.0-255,66,219,12,216128
20641,3.2e-05,172.217.194.0-255,1484,1703,12,216128
20642,3.8e-05,172.31.36.0-255,66,1769,12,216128
20643,5.1e-05,172.217.194.0-255,2902,4671,12,216128
20644,5.5e-05,172.31.36.0-255,66,4737,12,216128
20645,6.3e-05,172.217.194.0-255,7156,11893,12,216128
20646,6.6e-05,172.31.36.0-255,66,11959,12,216128
20647,7.1e-05,172.217.194.0-255,2040,13999,12,216128
20648,7.3e-05,172.31.36.0-255,66,14065,12,216128
20649,0.000106,172.217.194.0-255,2902,16967,12,216128
20650,0.00011,172.31.36.0-255,66,17033,12,216128
20651,0.000118,172.217.194.0-255,7156,24189,12,216128
20652,0.00012,172.31.36.0-255,66,24255,12,216128
20653,0.000128,172.217.194.0-255,1484,25739,12,216128
20654,0.00013,172.31.36.0-255,66,25805,12,216128
20655,0.000161,172.217.194.0-255,5379,31184,12,216128
20656,0.000165,172.31.36.0-255,66,31250,12,216128
20657,0.000204,172.217.194.0-255,1484,32734,12,216128
20658,0.000207,172.31.36.0-255,66,32800,12,216128
20659,0.000212,172.217.194.0-255,2902,35702,12,216128
20660,0.000214,172.31.36.0-255,66,35768,12,216128
20661,0.000219,172.217.194.0-255,2902,38670,12,216128
20662,0.000226,172.31.36.0-255,66,38736,12,216128
20663,0.000259,172.217.194.0-255,2902,41638,12,216128
20664,0.000262,172.31.36.0-255,66,41704,12,216128
20665,0.000269,172.217.194.0-255,5738,47442,12,216128
20666,0.000271,172.31.36.0-255,66,47508,12,216128
20667,0.000287,172.31.36.0-255,66,47574,12,216128
20668,0.000319,172.217.194.0-255,3961,51535,12,216128
20669,0.000322,172.31.36.0-255,66,51601,12,216128
20670,0.000328,172.217.194.0-255,3961,55562,12,216128
20671,0.00033,172.31.36.0-255,66,55628,12,216128
20672,0.000333,172.217.194.0-255,376,56004,12,216128
20673,0.000336,172.217.194.0-255,398,56402,12,216128
20674,0.00052,172.217.194.0-255,1484,57886,12,216128
20675,0.000526,172.31.36.0-255,66,57952,12,216128
20676,0.000532,172.217.194.0-255,2902,60854,12,216128
20677,0.000535,172.31.36.0-255,66,60920,12,216128
20678,0.000539,172.217.194.0-255,2902,63822,12,216128
20679,0.000542,172.31.36.0-255,66,63888,12,216128
20680,0.000571,172.217.194.0-255,2902,66790,12,216128
20681,0.000574,172.31.36.0-255,66,66856,12,216128
20682,0.000582,172.217.194.0-255,7156,74012,12,216128
20683,0.000584,172.31.36.0-255,66,74078,12,216128
20684,0.000608,172.217.194.0-255,5738,79816,12,216128
20685,0.000611,172.31.36.0-255,66,79882,12,216128
20686,0.000615,172.217.194.0-255,2902,82784,12,216128
20687,0.000617,172.31.36.0-255,66,82850,12,216128
20688,0.000653,172.31.36.0-255,66,82916,12,216128
20689,0.000947,172.217.194.0-255,1484,84400,12,216128
20690,0.000952,172.217.194.0-255,2902,87302,12,216128
20691,0.000962,172.31.36.0-255,66,87368,12,216128
20692,0.00097,172.217.194.0-255,5738,93106,12,216128
20693,0.000973,172.31.36.0-255,66,93172,12,216128
20694,0.001015,172.31.36.0-255,66,93238,12,216128
20695,0.001022,172.217.194.0-255,7156,100394,12,216128
20696,0.001025,172.31.36.0-255,66,100460,12,216128
20697,0.001065,172.217.194.0-255,3602,104062,12,216128
20698,0.001069,172.31.36.0-255,66,104128,12,216128
20699,0.001104,172.217.194.0-255,1484,105612,12,216128
20700,0.001109,172.217.194.0-255,2902,108514,12,216128
20701,0.001111,172.31.36.0-255,66,108580,12,216128
20702,0.001118,172.217.194.0-255,5738,114318,12,216128
20703,0.001121,172.31.36.0-255,66,114384,12,216128
20704,0.001162,172.217.194.0-255,1484,115868,12,216128
20705,0.001194,172.31.36.0-255,66,115934,12,216128
20706,0.001211,172.31.36.0-255,66,116000,12,216128
20707,0.001219,172.217.194.0-255,7156,123156,12,216128
20708,0.001221,172.31.36.0-255,66,123222,12,216128
20709,0.001247,172.217.194.0-255,7156,130378,12,216128
20710,0.001254,172.31.36.0-255,66,130444,12,216128
20711,0.00126,172.217.194.0-255,4320,134764,12,216128
20712,0.001263,172.31.36.0-255,66,134830,12,216128
20713,0.001309,172.31.36.0-255,66,134896,12,216128
20714,0.001314,172.217.194.0-255,3602,138498,12,216128
20715,0.001316,172.31.36.0-255,66,138564,12,216128
20716,0.001337,172.31.36.0-255,66,138630,12,216128
20717,0.001351,172.31.36.0-255,66,138696,12,216128
20718,0.00139,172.31.36.0-255,66,138762,12,216128
20719,0.001407,172.217.194.0-255,1484,140246,12,216128
20720,0.001436,172.31.36.0-255,66,140312,12,216128
20721,0.001454,172.31.36.0-255,66,140378,12,216128
20722,0.001465,172.217.194.0-255,1484,141862,12,216128
20723,0.00148,172.217.194.0-255,1484,143346,12,216128
20724,0.001482,172.31.36.0-255,66,143412,12,216128
20725,0.001488,172.217.194.0-255,4320,147732,12,216128
20726,0.001491,172.31.36.0-255,66,147798,12,216128
20727,0.001496,172.217.194.0-255,2902,150700,12,216128
20728,0.001503,172.31.36.0-255,66,150766,12,216128
20729,0.001527,172.217.194.0-255,5738,156504,12,216128
20730,0.00153,172.31.36.0-255,66,156570,12,216128
20731,0.001549,172.31.36.0-255,66,156636,12,216128
20732,0.001581,172.217.194.0-255,3602,160238,12,216128
20733,0.001583,172.31.36.0-255,66,160304,12,216128
20734,0.001606,172.217.194.0-255,1484,161788,12,216128
20735,0.001609,172.217.194.0-255,1484,163272,12,216128
20736,0.001611,172.31.36.0-255,66,163338,12,216128
20737,0.001628,172.217.194.0-255,1484,164822,12,216128
20738,0.001633,172.217.194.0-255,2902,167724,12,216128
20739,0.001635,172.31.36.0-255,66,167790,12,216128
20740,0.001654,172.217.194.0-255,2902,170692,12,216128
20741,0.001656,172.31.36.0-255,66,170758,12,216128
20742,0.001664,172.217.194.0-255,7156,177914,12,216128
20743,0.001666,172.31.36.0-255,66,177980,12,216128
20744,0.001686,172.217.194.0-255,5738,183718,12,216128
20745,0.001688,172.31.36.0-255,66,183784,12,216128
20746,0.001728,172.217.194.0-255,2902,186686,12,216128
20747,0.001731,172.31.36.0-255,66,186752,12,216128
20748,0.001765,172.31.36.0-255,66,186818,12,216128
20749,0.001799,172.217.194.0-255,1484,188302,12,216128
20750,0.001804,172.217.194.0-255,2902,191204,12,216128
20751,0.001807,172.31.36.0-255,66,191270,12,216128
20752,0.00181,172.217.194.0-255,1484,192754,12,216128
20753,0.00184,172.217.194.0-255,4320,197074,12,216128
20754,0.001843,172.31.36.0-255,66,197140,12,216128
20755,0.001849,172.217.194.0-255,5738,202878,12,216128
20756,0.001852,172.31.36.0-255,66,202944,12,216128
20757,0.001868,172.31.36.0-255,66,203010,12,216128
20758,0.001893,172.217.194.0-255,2902,205912,12,216128
20759,0.001895,172.31.36.0-255,66,205978,12,216128
20760,0.001908,172.31.36.0-255,66,206044,12,216128
20761,0.001924,172.31.36.0-255,66,206110,12,216128
20762,0.001974,172.31.36.0-255,66,206176,12,216128
20763,0.002004,172.217.194.0-255,1484,207660,12,216128
20764,0.002009,172.217.194.0-255,2902,210562,12,216128
20765,0.002011,172.31.36.0-255,66,210628,12,216128
20766,0.002044,172.217.194.0-255,5092,215720,12,216128
20767,0.002047,172.31.36.0-255,66,215786,12,216128
20768,0.00205,172.217.194.0-255,105,215891,12,216128
20769,0.009414,172.31.36.0-255,66,215957,12,216128
20770,0.009464,172.31.36.0-255,105,216062,12,216128
20771,0.011433,172.217.194.0-255,66,216128,12,216128
20772,0.0,74.125.68.0-255,153,153,12,237344
20773,2.8e-05,172.31.36.0-255,66,219,12,237344
20774,3.5e-05,74.125.68.0-255,1484,1703,12,237344
20775,4e-05,172.31.36.0-255,66,1769,12,237344
20776,4.5e-05,74.125.68.0-255,2902,4671,12,237344
20777,4.8e-05,172.31.36.0-255,66,4737,12,237344
20778,6.3e-05,74.125.68.0-255,5738,10475,12,237344
20779,6.5e-05,172.31.36.0-255,66,10541,12,237344
20780,6.8e-05,74.125.68.0-255,1484,12025,12,237344
20781,7.1e-05,172.31.36.0-255,66,12091,12,237344
20782,0.000109,74.125.68.0-255,4924,17015,12,237344
20783,0.000113,172.31.36.0-255,66,17081,12,237344
20784,0.00012,74.125.68.0-255,7156,24237,12,237344
20785,0.000123,172.31.36.0-255,66,24303,12,237344
20786,0.000147,74.125.68.0-255,5738,30041,12,237344
20787,0.00015,172.31.36.0-255,66,30107,12,237344
20788,0.000178,74.125.68.0-255,1125,31232,12,237344
20789,0.000182,172.31.36.0-255,66,31298,12,237344
20790,0.000225,74.125.68.0-255,1484,32782,12,237344
20791,0.000228,172.31.36.0-255,66,32848,12,237344
20792,0.000232,74.125.68.0-255,1484,34332,12,237344
20793,0.000235,172.31.36.0-255,66,34398,12,237344
20794,0.000263,74.125.68.0-255,1484,35882,12,237344
20795,0.000267,172.31.36.0-255,66,35948,12,237344
20796,0.000273,74.125.68.0-255,4320,40268,12,237344
20797,0.000276,172.31.36.0-255,66,40334,12,237344
20798,0.00031,74.125.68.0-255,7156,47490,12,237344
20799,0.000314,172.31.36.0-255,66,47556,12,237344
20800,0.00034,74.125.68.0-255,2543,50099,12,237344
20801,0.000343,172.31.36.0-255,66,50165,12,237344
20802,0.00035,74.125.68.0-255,7156,57321,12,237344
20803,0.000354,172.31.36.0-255,66,57387,12,237344
20804,0.000399,172.31.36.0-255,66,57453,12,237344
20805,0.000402,74.125.68.0-255,125,57578,12,237344
20806,0.000445,74.125.68.0-255,1484,59062,12,237344
20807,0.000449,172.31.36.0-255,66,59128,12,237344
20808,0.000453,74.125.68.0-255,1484,60612,12,237344
20809,0.000483,74.125.68.0-255,2902,63514,12,237344
20810,0.000488,172.31.36.0-255,66,63580,12,237344
20811,0.000489,74.125.68.0-255,5738,69318,12,237344
20812,0.000492,172.31.36.0-255,66,69384,12,237344
20813,0.000543,172.31.36.0-255,66,69450,12,237344
20814,0.000555,172.31.36.0-255,66,69516,12,237344
20815,0.00056,74.125.68.0-255,3602,73118,12,237344
20816,0.000563,172.31.36.0-255,66,73184,12,237344
20817,0.000636,74.125.68.0-255,1484,74668,12,237344
20818,0.000642,74.125.68.0-255,2902,77570,12,237344
20819,0.000646,172.31.36.0-255,66,77636,12,237344
20820,0.000674,74.125.68.0-255,2902,80538,12,237344
20821,0.000678,172.31.36.0-255,66,80604,12,237344
20822,0.000683,74.125.68.0-255,4320,84924,12,237344
20823,0.000685,172.31.36.0-255,66,84990,12,237344
20824,0.000745,172.31.36.0-255,66,85056,12,237344
20825,0.000752,74.125.68.0-255,7156,92212,12,237344
20826,0.000754,172.31.36.0-255,66,92278,12,237344
20827,0.000788,74.125.68.0-255,6138,98416,12,237344
20828,0.000792,172.31.36.0-255,66,98482,12,237344
20829,0.00099,74.125.68.0-255,1484,99966,12,237344
20830,0.000994,74.125.68.0-255,1484,101450,12,237344
20831,0.000998,172.31.36.0-255,66,101516,12,237344
20832,0.001014,74.125.68.0-255,1484,103000,12,237344
20833,0.00102,74.125.68.0-255,4320,107320,12,237344
20834,0.001023,172.31.36.0-255,66,107386,12,237344
20835,0.001027,74.125.68.0-255,2902,110288,12,237344
20836,0.001029,172.31.36.0-255,66,110354,12,237344
20837,0.001059,74.125.68.0-255,2902,113256,12,237344
20838,0.001062,172.31.36.0-255,66,113322,12,237344
20839,0.001076,172.31.36.0-255,66,113388,12,237344
20840,0.001081,74.125.68.0-255,4320,117708,12,237344
20841,0.001083,172.31.36.0-255,66,117774,12,237344
20842,0.001119,74.125.68.0-255,3602,121376,12,237344
20843,0.001124,172.31.36.0-255,66,121442,12,237344
20844,0.001237,74.125.68.0-255,1484,122926,12,237344
20845,0.00125,74.125.68.0-255,2902,125828,12,237344
20846,0.001254,172.31.36.0-255,66,125894,12,237344
20847,0.001273,74.125.68.0-255,5738,131632,12,237344
20848,0.001276,172.31.36.0-255,66,131698,12,237344
20849,0.001302,74.125.68.0-255,7156,138854,12,237344
20850,0.001306,172.31.36.0-255,66,138920,12,237344
20851,0.001334,74.125.68.0-255,1484,140404,12,237344
20852,0.001345,74.125.68.0-255,1484,141888,12,237344
20853,0.001348,172.31.36.0-255,66,141954,12,237344
20854,0.001388,172.31.36.0-255,66,142020,12,237344
20855,0.001395,172.31.36.0-255,66,142086,12,237344
20856,0.001438,74.125.68.0-255,2184,144270,12,237344
20857,0.001442,172.31.36.0-255,66,144336,12,237344
20858,0.001457,172.31.36.0-255,66,144402,12,237344
20859,0.001463,74.125.68.0-255,7156,151558,12,237344
20860,0.001466,172.31.36.0-255,66,151624,12,237344
20861,0.001476,172.31.36.0-255,66,151690,12,237344
20862,0.00148,74.125.68.0-255,4320,156010,12,237344
20863,0.001483,172.31.36.0-255,66,156076,12,237344
20864,0.001489,74.125.68.0-255,5738,161814,12,237344
20865,0.001491,172.31.36.0-255,66,161880,12,237344
20866,0.001541,172.31.36.0-255,66,161946,12,237344
20867,0.001546,74.125.68.0-255,2902,164848,12,237344
20868,0.001548,172.31.36.0-255,66,164914,12,237344
20869,0.001596,172.31.36.0-255,66,164980,12,237344
20870,0.001625,74.125.68.0-255,5020,170000,12,237344
20871,0.001629,172.31.36.0-255,66,170066,12,237344
20872,0.001643,172.31.36.0-255,66,170132,12,237344
20873,0.001648,74.125.68.0-255,4320,174452,12,237344
20874,0.001651,172.31.36.0-255,66,174518,12,237344
20875,0.001657,74.125.68.0-255,5020,179538,12,237344
20876,0.001659,172.31.36.0-255,66,179604,12,237344
20877,0.001733,172.31.36.0-255,66,179670,12,237344
20878,0.001756,172.31.36.0-255,66,179736,12,237344
20879,0.001767,172.31.36.0-255,66,179802,12,237344
20880,0.001772,74.125.68.0-255,4320,184122,12,237344
20881,0.001796,74.125.68.0-255,5020,189142,12,237344
20882,0.001801,74.125.68.0-255,4320,193462,12,237344
20883,0.001844,74.125.68.0-255,5738,199200,12,237344
20884,0.001891,74.125.68.0-255,5738,204938,12,237344
20885,0.001906,74.125.68.0-255,2184,207122,12,237344
20886,0.001914,74.125.68.0-255,7156,214278,12,237344
20887,0.001925,74.125.68.0-255,1484,215762,12,237344
20888,0.001948,74.125.68.0-255,2902,218664,12,237344
20889,0.001961,74.125.68.0-255,4320,222984,12,237344
20890,0.001975,74.125.68.0-255,4320,227304,12,237344
20891,0.005767,172.31.36.0-255,66,227370,12,237344
20892,0.007719,74.125.68.0-255,5738,233108,12,237344
20893,0.007725,172.31.36.0-255,66,233174,12,237344
20894,0.009671,74.125.68.0-255,3933,237107,12,237344
20895,0.009677,172.31.36.0-255,66,237173,12,237344
20896,0.010177,172.31.36.0-255,105,237278,12,237344
20897,0.0121,74.125.68.0-255,66,237344,12,237344
20898,0.0,74.125.130.0-255,153,153,12,148689
20899,3.5e-05,172.31.36.0-255,66,219,12,148689
20900,4.1e-05,74.125.130.0-255,1484,1703,12,148689
20901,4.4e-05,172.31.36.0-255,66,1769,12,148689
20902,4.9e-05,74.125.130.0-255,2902,4671,12,148689
20903,5.2e-05,172.31.36.0-255,66,4737,12,148689
20904,7.4e-05,74.125.130.0-255,5738,10475,12,148689
20905,7.7e-05,172.31.36.0-255,66,10541,12,148689
20906,0.00013,74.125.130.0-255,3467,14008,12,148689
20907,0.000134,172.31.36.0-255,66,14074,12,148689
20908,0.000295,74.125.130.0-255,1484,15558,12,148689
20909,0.000301,172.31.36.0-255,66,15624,12,148689
20910,0.000306,74.125.130.0-255,2902,18526,12,148689
20911,0.000308,172.31.36.0-255,66,18592,12,148689
20912,0.000333,74.125.130.0-255,4320,22912,12,148689
20913,0.000337,172.31.36.0-255,66,22978,12,148689
20914,0.00034,74.125.130.0-255,1484,24462,12,148689
20915,0.000342,172.31.36.0-255,66,24528,12,148689
20916,0.000362,74.125.130.0-255,4320,28848,12,148689
20917,0.000365,172.31.36.0-255,66,28914,12,148689
20918,0.000389,172.31.36.0-255,66,28980,12,148689
20919,0.000411,74.125.130.0-255,4320,33300,12,148689
20920,0.000414,172.31.36.0-255,66,33366,12,148689
20921,0.00044,74.125.130.0-255,4320,37686,12,148689
20922,0.000444,172.31.36.0-255,66,37752,12,148689
20923,0.000457,172.31.36.0-255,66,37818,12,148689
20924,0.000479,74.125.130.0-255,5738,43556,12,148689
20925,0.000482,172.31.36.0-255,66,43622,12,148689
20926,0.000506,74.125.130.0-255,3602,47224,12,148689
20927,0.000509,74.125.130.0-255,374,47598,12,148689
20928,0.00051,172.31.36.0-255,66,47664,12,148689
20929,0.000555,74.125.130.0-255,370,48034,12,148689
20930,0.000758,172.31.36.0-255,66,48100,12,148689
20931,0.0022,74.125.130.0-255,1484,49584,12,148689
20932,0.002206,74.125.130.0-255,1484,51068,12,148689
20933,0.00221,172.31.36.0-255,66,51134,12,148689
20934,0.002233,74.125.130.0-255,1484,52618,12,148689
20935,0.002238,74.125.130.0-255,5738,58356,12,148689
20936,0.00224,172.31.36.0-255,66,58422,12,148689
20937,0.002245,74.125.130.0-255,4320,62742,12,148689
20938,0.002246,172.31.36.0-255,66,62808,12,148689
20939,0.002277,74.125.130.0-255,2902,65710,12,148689
20940,0.002278,172.31.36.0-255,66,65776,12,148689
20941,0.002295,74.125.130.0-255,2902,68678,12,148689
20942,0.002297,172.31.36.0-255,66,68744,12,148689
20943,0.002301,74.125.130.0-255,2902,71646,12,148689
20944,0.002302,172.31.36.0-255,66,71712,12,148689
20945,0.002305,74.125.130.0-255,2902,74614,12,148689
20946,0.002307,172.31.36.0-255,66,74680,12,148689
20947,0.002324,74.125.130.0-255,1484,76164,12,148689
20948,0.004591,74.125.130.0-255,4320,80484,12,148689
20949,0.0046,172.31.36.0-255,66,80550,12,148689
20950,0.006886,74.125.130.0-255,5738,86288,12,148689
20951,0.006893,172.31.36.0-255,66,86354,12,148689
20952,0.009184,74.125.130.0-255,5738,92092,12,148689
20953,0.009191,172.31.36.0-255,66,92158,12,148689
20954,0.011477,74.125.130.0-255,5738,97896,12,148689
20955,0.011487,172.31.36.0-255,66,97962,12,148689
20956,0.013779,74.125.130.0-255,5738,103700,12,148689
20957,0.013786,172.31.36.0-255,66,103766,12,148689
20958,0.016083,74.125.130.0-255,5738,109504,12,148689
20959,0.016092,172.31.36.0-255,66,109570,12,148689
20960,0.018391,74.125.130.0-255,5738,115308,12,148689
20961,0.0184,172.31.36.0-255,66,115374,12,148689
20962,0.018957,172.31.36.0-255,176,115550,12,148689
20963,0.018995,172.31.36.0-255,1106,116656,12,148689
20964,0.019056,172.31.36.0-255,1514,118170,12,148689
20965,0.019058,172.31.36.0-255,1301,119471,12,148689
20966,0.020467,104.244.42.0-255,66,119537,12,148689
20967,0.02056,104.244.42.0-255,66,119603,12,148689
20968,0.020604,104.244.42.0-255,66,119669,12,148689
20969,0.020694,74.125.130.0-255,5738,125407,12,148689
20970,0.020698,172.31.36.0-255,66,125473,12,148689
20971,0.023008,74.125.130.0-255,5738,131211,12,148689
20972,0.023018,172.31.36.0-255,66,131277,12,148689
20973,0.025319,74.125.130.0-255,5738,137015,12,148689
20974,0.025326,172.31.36.0-255,66,137081,12,148689
20975,0.027616,74.125.130.0-255,5738,142819,12,148689
20976,0.027622,172.31.36.0-255,66,142885,12,148689
20977,0.029916,74.125.130.0-255,5738,148623,12,148689
20978,0.029923,172.31.36.0-255,66,148689,12,148689
20979,0.0,172.217.194.0-255,147,147,12,145308
20980,2.2e-05,172.31.36.0-255,66,213,12,145308
20981,3e-05,172.217.194.0-255,1484,1697,12,145308
20982,3.5e-05,172.31.36.0-255,66,1763,12,145308
20983,4e-05,172.217.194.0-255,2902,4665,12,145308
20984,4.3e-05,172.31.36.0-255,66,4731,12,145308
20985,5.2e-05,172.217.194.0-255,5738,10469,12,145308
20986,5.4e-05,172.31.36.0-255,66,10535,12,145308
20987,7.3e-05,172.217.194.0-255,1484,12019,12,145308
20988,7.7e-05,172.31.36.0-255,66,12085,12,145308
20989,8.2e-05,172.217.194.0-255,2031,14116,12,145308
20990,8.4e-05,172.31.36.0-255,66,14182,12,145308
20991,0.00013,172.31.36.0-255,66,14248,12,145308
20992,0.000137,172.217.194.0-255,5379,19627,12,145308
20993,0.00014,172.31.36.0-255,66,19693,12,145308
20994,0.000182,172.217.194.0-255,1484,21177,12,145308
20995,0.000185,172.31.36.0-255,66,21243,12,145308
20996,0.000192,172.217.194.0-255,2902,24145,12,145308
20997,0.000194,172.31.36.0-255,66,24211,12,145308
20998,0.000201,172.217.194.0-255,5738,29949,12,145308
20999,0.000204,172.31.36.0-255,66,30015,12,145308
21000,0.000208,172.217.194.0-255,2902,32917,12,145308
21001,0.000211,172.31.36.0-255,66,32983,12,145308
21002,0.000234,172.217.194.0-255,2902,35885,12,145308
21003,0.000237,172.31.36.0-255,66,35951,12,145308
21004,0.000257,172.217.194.0-255,1125,37076,12,145308
21005,0.00026,172.31.36.0-255,66,37142,12,145308
21006,0.000726,172.217.194.0-255,1484,38626,12,145308
21007,0.000732,172.31.36.0-255,66,38692,12,145308
21008,0.000739,172.217.194.0-255,2902,41594,12,145308
21009,0.000741,172.31.36.0-255,66,41660,12,145308
21010,0.000747,172.217.194.0-255,5738,47398,12,145308
21011,0.000748,172.31.36.0-255,66,47464,12,145308
21012,0.000779,172.217.194.0-255,4320,51784,12,145308
21013,0.000782,172.31.36.0-255,66,51850,12,145308
21014,0.000801,172.217.194.0-255,2855,54705,12,145308
21015,0.000804,172.31.36.0-255,66,54771,12,145308
21016,0.001482,172.217.194.0-255,366,55137,12,145308
21017,0.001514,172.217.194.0-255,1484,56621,12,145308
21018,0.00152,172.31.36.0-255,66,56687,12,145308
21019,0.001527,172.217.194.0-255,4320,61007,12,145308
21020,0.001529,172.31.36.0-255,66,61073,12,145308
21021,0.00157,172.31.36.0-255,66,61139,12,145308
21022,0.001573,172.217.194.0-255,1484,62623,12,145308
21023,0.001624,172.31.36.0-255,66,62689,12,145308
21024,0.001643,172.217.194.0-255,5020,67709,12,145308
21025,0.001646,172.31.36.0-255,66,67775,12,145308
21026,0.003675,172.217.194.0-255,5738,73513,12,145308
21027,0.003681,172.31.36.0-255,66,73579,12,145308
21028,0.005718,172.217.194.0-255,5738,79317,12,145308
21029,0.005726,172.31.36.0-255,66,79383,12,145308
21030,0.007777,172.217.194.0-255,5738,85121,12,145308
21031,0.00779,172.31.36.0-255,66,85187,12,145308
21032,0.00983,172.217.194.0-255,5738,90925,12,145308
21033,0.009844,172.31.36.0-255,66,90991,12,145308
21034,0.011889,172.217.194.0-255,5738,96729,12,145308
21035,0.011902,172.31.36.0-255,66,96795,12,145308
21036,0.013961,172.217.194.0-255,5738,102533,12,145308
21037,0.013973,172.31.36.0-255,66,102599,12,145308
21038,0.016001,172.217.194.0-255,5738,108337,12,145308
21039,0.016009,172.31.36.0-255,66,108403,12,145308
21040,0.01804,172.217.194.0-255,5738,114141,12,145308
21041,0.018048,172.31.36.0-255,66,114207,12,145308
21042,0.020086,172.217.194.0-255,5738,119945,12,145308
21043,0.020093,172.31.36.0-255,66,120011,12,145308
21044,0.02214,172.217.194.0-255,5738,125749,12,145308
21045,0.022148,172.31.36.0-255,66,125815,12,145308
21046,0.024186,172.217.194.0-255,5738,131553,12,145308
21047,0.024194,172.31.36.0-255,66,131619,12,145308
21048,0.026209,172.217.194.0-255,5738,137357,12,145308
21049,0.026215,172.31.36.0-255,66,137423,12,145308
21050,0.026613,172.31.36.0-255,199,137622,12,145308
21051,0.026654,172.31.36.0-255,1107,138729,12,145308
21052,0.026731,172.31.36.0-255,577,139306,12,145308
21053,0.028171,104.244.42.0-255,66,139372,12,145308
21054,0.028208,104.244.42.0-255,66,139438,12,145308
21055,0.028216,172.217.194.0-255,5738,145176,12,145308
21056,0.028221,172.31.36.0-255,66,145242,12,145308
21057,0.028267,104.244.42.0-255,66,145308,12,145308
21058,0.0,74.125.24.0-255,153,153,12,224765
21059,2.2e-05,172.31.36.0-255,66,219,12,224765
21060,3e-05,74.125.24.0-255,1484,1703,12,224765
21061,3.4e-05,172.31.36.0-255,66,1769,12,224765
21062,4e-05,74.125.24.0-255,2902,4671,12,224765
21063,4.3e-05,172.31.36.0-255,66,4737,12,224765
21064,4.8e-05,74.125.24.0-255,2902,7639,12,224765
21065,5.1e-05,172.31.36.0-255,66,7705,12,224765
21066,5.8e-05,74.125.24.0-255,4320,12025,12,224765
21067,6e-05,172.31.36.0-255,66,12091,12,224765
21068,6.6e-05,74.125.24.0-255,2082,14173,12,224765
21069,7.1e-05,172.31.36.0-255,66,14239,12,224765
21070,0.00023,74.125.24.0-255,1484,15723,12,224765
21071,0.000235,172.31.36.0-255,66,15789,12,224765
21072,0.000241,74.125.24.0-255,2902,18691,12,224765
21073,0.000245,172.31.36.0-255,66,18757,12,224765
21074,0.000248,74.125.24.0-255,1484,20241,12,224765
21075,0.000251,172.31.36.0-255,66,20307,12,224765
21076,0.000279,74.125.24.0-255,4320,24627,12,224765
21077,0.000282,172.31.36.0-255,66,24693,12,224765
21078,0.00029,74.125.24.0-255,6797,31490,12,224765
21079,0.000292,172.31.36.0-255,66,31556,12,224765
21080,0.000382,74.125.24.0-255,1484,33040,12,224765
21081,0.000385,172.31.36.0-255,66,33106,12,224765
21082,0.000391,74.125.24.0-255,2902,36008,12,224765
21083,0.000393,172.31.36.0-255,66,36074,12,224765
21084,0.000396,74.125.24.0-255,1484,37558,12,224765
21085,0.000399,172.31.36.0-255,66,37624,12,224765
21086,0.000426,74.125.24.0-255,4320,41944,12,224765
21087,0.00043,172.31.36.0-255,66,42010,12,224765
21088,0.000435,74.125.24.0-255,4320,46330,12,224765
21089,0.000438,172.31.36.0-255,66,46396,12,224765
21090,0.00048,172.31.36.0-255,66,46462,12,224765
21091,0.00049,74.125.24.0-255,4320,50782,12,224765
21092,0.000495,172.31.36.0-255,66,50848,12,224765
21093,0.000512,74.125.24.0-255,7106,57954,12,224765
21094,0.000516,74.125.24.0-255,113,58067,12,224765
21095,0.000534,172.31.36.0-255,66,58133,12,224765
21096,0.000595,74.125.24.0-255,330,58463,12,224765
21097,0.000844,74.125.24.0-255,1484,59947,12,224765
21098,0.000849,172.31.36.0-255,66,60013,12,224765
21099,0.000855,74.125.24.0-255,2902,62915,12,224765
21100,0.000873,74.125.24.0-255,5738,68653,12,224765
21101,0.000889,172.31.36.0-255,66,68719,12,224765
21102,0.000906,74.125.24.0-255,6797,75516,12,224765
21103,0.000909,172.31.36.0-255,66,75582,12,224765
21104,0.000957,74.125.24.0-255,1484,77066,12,224765
21105,0.000976,74.125.24.0-255,2902,79968,12,224765
21106,0.00098,74.125.24.0-255,2902,82870,12,224765
21107,0.000985,172.31.36.0-255,66,82936,12,224765
21108,0.000999,74.125.24.0-255,2902,85838,12,224765
21109,0.001004,74.125.24.0-255,2902,88740,12,224765
21110,0.001037,172.31.36.0-255,66,88806,12,224765
21111,0.001048,74.125.24.0-255,3961,92767,12,224765
21112,0.001053,172.31.36.0-255,66,92833,12,224765
21113,0.001401,74.125.24.0-255,1484,94317,12,224765
21114,0.001407,74.125.24.0-255,2902,97219,12,224765
21115,0.00141,172.31.36.0-255,66,97285,12,224765
21116,0.001417,74.125.24.0-255,5738,103023,12,224765
21117,0.001431,172.31.36.0-255,66,103089,12,224765
21118,0.00144,74.125.24.0-255,2902,105991,12,224765
21119,0.001455,172.31.36.0-255,66,106057,12,224765
21120,0.001506,74.125.24.0-255,2184,108241,12,224765
21121,0.001516,172.31.36.0-255,66,108307,12,224765
21122,0.001674,74.125.24.0-255,1484,109791,12,224765
21123,0.00168,74.125.24.0-255,2902,112693,12,224765
21124,0.001683,172.31.36.0-255,66,112759,12,224765
21125,0.001687,74.125.24.0-255,1484,114243,12,224765
21126,0.001705,74.125.24.0-255,4320,118563,12,224765
21127,0.001712,74.125.24.0-255,5738,124301,12,224765
21128,0.001728,74.125.24.0-255,4320,128621,12,224765
21129,0.00174,172.31.36.0-255,66,128687,12,224765
21130,0.001764,74.125.24.0-255,1484,130171,12,224765
21131,0.001772,172.31.36.0-255,66,130237,12,224765
21132,0.001784,74.125.24.0-255,3602,133839,12,224765
21133,0.001789,172.31.36.0-255,66,133905,12,224765
21134,0.001813,74.125.24.0-255,1484,135389,12,224765
21135,0.001835,74.125.24.0-255,2902,138291,12,224765
21136,0.00184,74.125.24.0-255,4320,142611,12,224765
21137,0.001845,172.31.36.0-255,66,142677,12,224765
21138,0.001868,74.125.24.0-255,1484,144161,12,224765
21139,0.001898,172.31.36.0-255,66,144227,12,224765
21140,0.001917,74.125.24.0-255,5738,149965,12,224765
21141,0.001943,74.125.24.0-255,5020,154985,12,224765
21142,0.001947,172.31.36.0-255,66,155051,12,224765
21143,0.001952,172.31.36.0-255,66,155117,12,224765
21144,0.004021,74.125.24.0-255,5738,160855,12,224765
21145,0.004028,172.31.36.0-255,66,160921,12,224765
21146,0.006079,74.125.24.0-255,5738,166659,12,224765
21147,0.008608,172.31.36.0-255,66,166725,12,224765
21148,0.010691,74.125.24.0-255,5738,172463,12,224765
21149,0.010699,172.31.36.0-255,66,172529,12,224765
21150,0.012755,74.125.24.0-255,5738,178267,12,224765
21151,0.013328,172.31.36.0-255,66,178333,12,224765
21152,0.015393,74.125.24.0-255,5738,184071,12,224765
21153,0.015401,172.31.36.0-255,66,184137,12,224765
21154,0.017466,74.125.24.0-255,5738,189875,12,224765
21155,0.017477,172.31.36.0-255,66,189941,12,224765
21156,0.019573,74.125.24.0-255,5738,195679,12,224765
21157,0.019581,172.31.36.0-255,66,195745,12,224765
21158,0.021662,74.125.24.0-255,5738,201483,12,224765
21159,0.02167,172.31.36.0-255,66,201549,12,224765
21160,0.02373,74.125.24.0-255,5738,207287,12,224765
21161,0.023736,172.31.36.0-255,66,207353,12,224765
21162,0.025796,74.125.24.0-255,5738,213091,12,224765
21163,0.025804,172.31.36.0-255,66,213157,12,224765
21164,0.027859,74.125.24.0-255,5738,218895,12,224765
21165,0.027867,172.31.36.0-255,66,218961,12,224765
21166,0.029904,74.125.24.0-255,5738,224699,12,224765
21167,0.029912,172.31.36.0-255,66,224765,12,224765
21168,0.0,74.125.24.0-255,153,153,12,169767
21169,2.1e-05,172.31.36.0-255,66,219,12,169767
21170,2.8e-05,74.125.24.0-255,1484,1703,12,169767
21171,3.2e-05,172.31.36.0-255,66,1769,12,169767
21172,3.6e-05,74.125.24.0-255,2902,4671,12,169767
21173,4.8e-05,172.31.36.0-255,66,4737,12,169767
21174,6.7e-05,74.125.24.0-255,2902,7639,12,169767
21175,7.3e-05,172.31.36.0-255,66,7705,12,169767
21176,9.4e-05,74.125.24.0-255,4320,12025,12,169767
21177,9.7e-05,172.31.36.0-255,66,12091,12,169767
21178,0.000139,74.125.24.0-255,1969,14060,12,169767
21179,0.000142,172.31.36.0-255,66,14126,12,169767
21180,0.0002,74.125.24.0-255,1484,15610,12,169767
21181,0.000202,172.31.36.0-255,66,15676,12,169767
21182,0.000206,74.125.24.0-255,1484,17160,12,169767
21183,0.000208,172.31.36.0-255,66,17226,12,169767
21184,0.000227,74.125.24.0-255,1484,18710,12,169767
21185,0.000229,172.31.36.0-255,66,18776,12,169767
21186,0.000241,74.125.24.0-255,5738,24514,12,169767
21187,0.000244,172.31.36.0-255,66,24580,12,169767
21188,0.000284,74.125.24.0-255,6797,31377,12,169767
21189,0.000287,172.31.36.0-255,66,31443,12,169767
21190,0.000327,74.125.24.0-255,7156,38599,12,169767
21191,0.000329,172.31.36.0-255,66,38665,12,169767
21192,0.000334,74.125.24.0-255,4320,42985,12,169767
21193,0.000336,172.31.36.0-255,66,43051,12,169767
21194,0.000376,74.125.24.0-255,2902,45953,12,169767
21195,0.00038,172.31.36.0-255,66,46019,12,169767
21196,0.000401,74.125.24.0-255,2543,48562,12,169767
21197,0.000403,172.31.36.0-255,66,48628,12,169767
21198,0.001417,74.125.24.0-255,1484,50112,12,169767
21199,0.001422,172.31.36.0-255,66,50178,12,169767
21200,0.001431,74.125.24.0-255,2902,53080,12,169767
21201,0.001433,172.31.36.0-255,66,53146,12,169767
21202,0.001445,74.125.24.0-255,5738,58884,12,169767
21203,0.001446,172.31.36.0-255,66,58950,12,169767
21204,0.001452,74.125.24.0-255,5738,64688,12,169767
21205,0.001454,172.31.36.0-255,66,64754,12,169767
21206,0.001494,74.125.24.0-255,7156,71910,12,169767
21207,0.001496,172.31.36.0-255,66,71976,12,169767
21208,0.001525,74.125.24.0-255,6797,78773,12,169767
21209,0.001527,172.31.36.0-255,66,78839,12,169767
21210,0.001536,172.31.36.0-255,66,78905,12,169767
21211,0.001612,172.31.36.0-255,66,78971,12,169767
21212,0.001625,172.31.36.0-255,66,79037,12,169767
21213,0.001628,74.125.24.0-255,1156,80193,12,169767
21214,0.00208,74.125.24.0-255,1484,81677,12,169767
21215,0.002084,172.31.36.0-255,66,81743,12,169767
21216,0.002089,74.125.24.0-255,2902,84645,12,169767
21217,0.002091,172.31.36.0-255,66,84711,12,169767
21218,0.002113,74.125.24.0-255,5738,90449,12,169767
21219,0.002122,172.31.36.0-255,66,90515,12,169767
21220,0.00213,74.125.24.0-255,5738,96253,12,169767
21221,0.002132,172.31.36.0-255,66,96319,12,169767
21222,0.002161,74.125.24.0-255,1484,97803,12,169767
21223,0.002176,172.31.36.0-255,66,97869,12,169767
21224,0.002181,74.125.24.0-255,2184,100053,12,169767
21225,0.002184,172.31.36.0-255,66,100119,12,169767
21226,0.004461,74.125.24.0-255,5738,105857,12,169767
21227,0.004469,172.31.36.0-255,66,105923,12,169767
21228,0.00675,74.125.24.0-255,5738,111661,12,169767
21229,0.006758,172.31.36.0-255,66,111727,12,169767
21230,0.009094,74.125.24.0-255,5738,117465,12,169767
21231,0.009102,172.31.36.0-255,66,117531,12,169767
21232,0.0114,74.125.24.0-255,5738,123269,12,169767
21233,0.011407,172.31.36.0-255,66,123335,12,169767
21234,0.013664,74.125.24.0-255,5738,129073,12,169767
21235,0.013671,172.31.36.0-255,66,129139,12,169767
21236,0.015938,74.125.24.0-255,5738,134877,12,169767
21237,0.015944,172.31.36.0-255,66,134943,12,169767
21238,0.018228,74.125.24.0-255,5738,140681,12,169767
21239,0.018236,172.31.36.0-255,66,140747,12,169767
21240,0.020516,74.125.24.0-255,5738,146485,12,169767
21241,0.020523,172.31.36.0-255,66,146551,12,169767
21242,0.022771,74.125.24.0-255,5738,152289,12,169767
21243,0.022777,172.31.36.0-255,66,152355,12,169767
21244,0.02503,74.125.24.0-255,5738,158093,12,169767
21245,0.025037,172.31.36.0-255,66,158159,12,169767
21246,0.027298,74.125.24.0-255,5738,163897,12,169767
21247,0.027301,172.31.36.0-255,66,163963,12,169767
21248,0.029595,74.125.24.0-255,5738,169701,12,169767
21249,0.029598,172.31.36.0-255,66,169767,12,169767
21250,0.0,74.125.24.0-255,146,146,12,134284
21251,3.4e-05,172.31.36.0-255,66,212,12,134284
21252,4.2e-05,74.125.24.0-255,1484,1696,12,134284
21253,4.6e-05,172.31.36.0-255,66,1762,12,134284
21254,5e-05,74.125.24.0-255,2902,4664,12,134284
21255,6.1e-05,172.31.36.0-255,66,4730,12,134284
21256,9.7e-05,74.125.24.0-255,7156,11886,12,134284
21257,0.000101,172.31.36.0-255,66,11952,12,134284
21258,0.000255,74.125.24.0-255,7156,19108,12,134284
21259,0.00026,172.31.36.0-255,66,19174,12,134284
21260,0.000287,172.31.36.0-255,66,19240,12,134284
21261,0.00062,74.125.24.0-255,2543,21783,12,134284
21262,0.000626,172.31.36.0-255,66,21849,12,134284
21263,0.000668,74.125.24.0-255,7156,29005,12,134284
21264,0.000672,172.31.36.0-255,66,29071,12,134284
21265,0.000713,172.31.36.0-255,66,29137,12,134284
21266,0.001055,74.125.24.0-255,1484,30621,12,134284
21267,0.001062,172.31.36.0-255,66,30687,12,134284
21268,0.001099,74.125.24.0-255,2902,33589,12,134284
21269,0.001103,172.31.36.0-255,66,33655,12,134284
21270,0.001143,74.125.24.0-255,5738,39393,12,134284
21271,0.001147,172.31.36.0-255,66,39459,12,134284
21272,0.00129,172.31.36.0-255,66,39525,12,134284
21273,0.00144,74.125.24.0-255,1484,41009,12,134284
21274,0.001445,172.31.36.0-255,66,41075,12,134284
21275,0.001476,74.125.24.0-255,2902,43977,12,134284
21276,0.001478,172.31.36.0-255,66,44043,12,134284
21277,0.001535,74.125.24.0-255,5738,49781,12,134284
21278,0.001538,172.31.36.0-255,66,49847,12,134284
21279,0.001668,74.125.24.0-255,5738,55585,12,134284
21280,0.001672,172.31.36.0-255,66,55651,12,134284
21281,0.001704,74.125.24.0-255,7156,62807,12,134284
21282,0.001706,172.31.36.0-255,66,62873,12,134284
21283,0.001966,172.31.36.0-255,66,62939,12,134284
21284,0.004217,74.125.24.0-255,5738,68677,12,134284
21285,0.004221,172.31.36.0-255,66,68743,12,134284
21286,0.006463,74.125.24.0-255,5738,74481,12,134284
21287,0.006469,172.31.36.0-255,66,74547,12,134284
21288,0.008717,74.125.24.0-255,5738,80285,12,134284
21289,0.008724,172.31.36.0-255,66,80351,12,134284
21290,0.010963,74.125.24.0-255,5738,86089,12,134284
21291,0.010972,172.31.36.0-255,66,86155,12,134284
21292,0.013225,74.125.24.0-255,5738,91893,12,134284
21293,0.013237,172.31.36.0-255,66,91959,12,134284
21294,0.015494,74.125.24.0-255,5738,97697,12,134284
21295,0.015506,172.31.36.0-255,66,97763,12,134284
21296,0.017804,74.125.24.0-255,5738,103501,12,134284
21297,0.017823,172.31.36.0-255,66,103567,12,134284
21298,0.020091,74.125.24.0-255,5738,109305,12,134284
21299,0.020108,172.31.36.0-255,66,109371,12,134284
21300,0.022362,74.125.24.0-255,5738,115109,12,134284
21301,0.022378,172.31.36.0-255,66,115175,12,134284
21302,0.024621,74.125.24.0-255,5738,120913,12,134284
21303,0.024631,172.31.36.0-255,66,120979,12,134284
21304,0.025177,172.31.36.0-255,172,121151,12,134284
21305,0.025219,172.31.36.0-255,1109,122260,12,134284
21306,0.025298,172.31.36.0-255,1514,123774,12,134284
21307,0.025301,172.31.36.0-255,1300,125074,12,134284
21308,0.026688,104.244.42.0-255,66,125140,12,134284
21309,0.0268,104.244.42.0-255,66,125206,12,134284
21310,0.026804,104.244.42.0-255,66,125272,12,134284
21311,0.026865,74.125.24.0-255,4320,129592,12,134284
21312,0.026869,172.31.36.0-255,66,129658,12,134284
21313,0.026905,74.125.24.0-255,1484,131142,12,134284
21314,0.027537,104.244.42.0-255,108,131250,12,134284
21315,0.027561,172.31.36.0-255,66,131316,12,134284
21316,0.029088,74.125.24.0-255,2902,134218,12,134284
21317,0.029093,172.31.36.0-255,66,134284,12,134284
21318,0.0,74.125.24.0-255,297,297,12,172343
21319,2.9e-05,172.31.36.0-255,66,363,12,172343
21320,3.7e-05,74.125.24.0-255,1484,1847,12,172343
21321,4.2e-05,172.31.36.0-255,66,1913,12,172343
21322,4.8e-05,74.125.24.0-255,4320,6233,12,172343
21323,6.1e-05,172.31.36.0-255,66,6299,12,172343
21324,6.7e-05,74.125.24.0-255,4320,10619,12,172343
21325,7.1e-05,172.31.36.0-255,66,10685,12,172343
21326,8.7e-05,172.31.36.0-255,66,10751,12,172343
21327,0.0001,172.31.36.0-255,66,10817,12,172343
21328,0.000154,74.125.24.0-255,1484,12301,12,172343
21329,0.000157,172.31.36.0-255,66,12367,12,172343
21330,0.000163,74.125.24.0-255,1484,13851,12,172343
21331,0.000165,172.31.36.0-255,66,13917,12,172343
21332,0.000198,74.125.24.0-255,1484,15401,12,172343
21333,0.0002,172.31.36.0-255,66,15467,12,172343
21334,0.000206,74.125.24.0-255,4320,19787,12,172343
21335,0.000209,172.31.36.0-255,66,19853,12,172343
21336,0.000221,74.125.24.0-255,5738,25591,12,172343
21337,0.000224,172.31.36.0-255,66,25657,12,172343
21338,0.000229,74.125.24.0-255,2902,28559,12,172343
21339,0.000231,172.31.36.0-255,66,28625,12,172343
21340,0.000268,172.31.36.0-255,66,28691,12,172343
21341,0.000275,74.125.24.0-255,6797,35488,12,172343
21342,0.000278,172.31.36.0-255,66,35554,12,172343
21343,0.000328,74.125.24.0-255,391,35945,12,172343
21344,0.000331,172.31.36.0-255,66,36011,12,172343
21345,0.000363,74.125.24.0-255,352,36363,12,172343
21346,0.000366,172.31.36.0-255,66,36429,12,172343
21347,0.001357,74.125.24.0-255,1484,37913,12,172343
21348,0.001383,74.125.24.0-255,2902,40815,12,172343
21349,0.001389,172.31.36.0-255,66,40881,12,172343
21350,0.001398,74.125.24.0-255,5738,46619,12,172343
21351,0.001424,74.125.24.0-255,7156,53775,12,172343
21352,0.001455,74.125.24.0-255,3602,57377,12,172343
21353,0.001571,74.125.24.0-255,1484,58861,12,172343
21354,0.001578,74.125.24.0-255,2902,61763,12,172343
21355,0.0016,74.125.24.0-255,5738,67501,12,172343
21356,0.001607,74.125.24.0-255,5738,73239,12,172343
21357,0.001631,74.125.24.0-255,1484,74723,12,172343
21358,0.001654,74.125.24.0-255,5738,80461,12,172343
21359,0.001674,74.125.24.0-255,5738,86199,12,172343
21360,0.0017,74.125.24.0-255,5020,91219,12,172343
21361,0.001763,74.125.24.0-255,5738,96957,12,172343
21362,0.001782,74.125.24.0-255,7156,104113,12,172343
21363,0.001802,74.125.24.0-255,5738,109851,12,172343
21364,0.002302,74.125.24.0-255,1484,111335,12,172343
21365,0.002332,74.125.24.0-255,2902,114237,12,172343
21366,0.002358,74.125.24.0-255,4320,118557,12,172343
21367,0.002373,74.125.24.0-255,1484,120041,12,172343
21368,0.00601,172.31.36.0-255,66,120107,12,172343
21369,0.008347,74.125.24.0-255,5738,125845,12,172343
21370,0.008359,172.31.36.0-255,66,125911,12,172343
21371,0.010664,74.125.24.0-255,5738,131649,12,172343
21372,0.010671,172.31.36.0-255,66,131715,12,172343
21373,0.012985,74.125.24.0-255,5738,137453,12,172343
21374,0.012992,172.31.36.0-255,66,137519,12,172343
21375,0.015318,74.125.24.0-255,5738,143257,12,172343
21376,0.015325,172.31.36.0-255,66,143323,12,172343
21377,0.017656,74.125.24.0-255,5738,149061,12,172343
21378,0.017668,172.31.36.0-255,66,149127,12,172343
21379,0.019977,74.125.24.0-255,5738,154865,12,172343
21380,0.019984,172.31.36.0-255,66,154931,12,172343
21381,0.022315,74.125.24.0-255,5738,160669,12,172343
21382,0.022324,172.31.36.0-255,66,160735,12,172343
21383,0.024639,74.125.24.0-255,5738,166473,12,172343
21384,0.024649,172.31.36.0-255,66,166539,12,172343
21385,0.026975,74.125.24.0-255,5738,172277,12,172343
21386,0.029503,172.31.36.0-255,66,172343,12,172343
21387,0.0,172.217.194.0-255,153,153,12,128024
21388,3.5e-05,172.31.36.0-255,66,219,12,128024
21389,6.2e-05,172.217.194.0-255,1484,1703,12,128024
21390,6.8e-05,172.31.36.0-255,66,1769,12,128024
21391,7.4e-05,172.217.194.0-255,2902,4671,12,128024
21392,7.7e-05,172.31.36.0-255,66,4737,12,128024
21393,8.3e-05,172.217.194.0-255,4320,9057,12,128024
21394,8.5e-05,172.31.36.0-255,66,9123,12,128024
21395,9.6e-05,172.31.36.0-255,66,9189,12,128024
21396,0.000109,172.31.36.0-255,66,9255,12,128024
21397,0.000149,172.217.194.0-255,1484,10739,12,128024
21398,0.000152,172.31.36.0-255,66,10805,12,128024
21399,0.000157,172.217.194.0-255,2902,13707,12,128024
21400,0.000159,172.31.36.0-255,66,13773,12,128024
21401,0.000165,172.217.194.0-255,5738,19511,12,128024
21402,0.000168,172.31.36.0-255,66,19577,12,128024
21403,0.000211,172.31.36.0-255,66,19643,12,128024
21404,0.000214,172.217.194.0-255,1484,21127,12,128024
21405,0.000216,172.31.36.0-255,66,21193,12,128024
21406,0.000242,172.217.194.0-255,5738,26931,12,128024
21407,0.000245,172.31.36.0-255,66,26997,12,128024
21408,0.000257,172.217.194.0-255,2867,29864,12,128024
21409,0.000259,172.31.36.0-255,66,29930,12,128024
21410,0.000267,172.217.194.0-255,363,30293,12,128024
21411,0.000271,172.31.36.0-255,66,30359,12,128024
21412,0.000502,172.217.194.0-255,1484,31843,12,128024
21413,0.000507,172.31.36.0-255,66,31909,12,128024
21414,0.000513,172.217.194.0-255,2902,34811,12,128024
21415,0.000515,172.31.36.0-255,66,34877,12,128024
21416,0.000528,172.217.194.0-255,5738,40615,12,128024
21417,0.00053,172.31.36.0-255,66,40681,12,128024
21418,0.000536,172.217.194.0-255,4320,45001,12,128024
21419,0.000538,172.31.36.0-255,66,45067,12,128024
21420,0.000586,172.31.36.0-255,66,45133,12,128024
21421,0.000599,172.31.36.0-255,66,45199,12,128024
21422,0.000602,172.217.194.0-255,766,45965,12,128024
21423,0.001045,172.217.194.0-255,1484,47449,12,128024
21424,0.00105,172.31.36.0-255,66,47515,12,128024
21425,0.001055,172.217.194.0-255,2902,50417,12,128024
21426,0.001057,172.31.36.0-255,66,50483,12,128024
21427,0.001069,172.217.194.0-255,5738,56221,12,128024
21428,0.001072,172.31.36.0-255,66,56287,12,128024
21429,0.001115,172.31.36.0-255,66,56353,12,128024
21430,0.001127,172.31.36.0-255,66,56419,12,128024
21431,0.001167,172.217.194.0-255,5738,62157,12,128024
21432,0.001171,172.31.36.0-255,66,62223,12,128024
21433,0.001179,172.217.194.0-255,7156,69379,12,128024
21434,0.001181,172.31.36.0-255,66,69445,12,128024
21435,0.001216,172.31.36.0-255,66,69511,12,128024
21436,0.001236,172.217.194.0-255,2902,72413,12,128024
21437,0.001239,172.31.36.0-255,66,72479,12,128024
21438,0.001247,172.217.194.0-255,6438,78917,12,128024
21439,0.001249,172.31.36.0-255,66,78983,12,128024
21440,0.001274,172.217.194.0-255,7156,86139,12,128024
21441,0.001277,172.31.36.0-255,66,86205,12,128024
21442,0.001316,172.31.36.0-255,66,86271,12,128024
21443,0.001364,172.31.36.0-255,66,86337,12,128024
21444,0.001379,172.31.36.0-255,66,86403,12,128024
21445,0.001393,172.31.36.0-255,66,86469,12,128024
21446,0.001436,172.217.194.0-255,4320,90789,12,128024
21447,0.001437,172.31.36.0-255,66,90855,12,128024
21448,0.001438,172.217.194.0-255,1484,92339,12,128024
21449,0.00144,172.31.36.0-255,66,92405,12,128024
21450,0.001475,172.217.194.0-255,4320,96725,12,128024
21451,0.001479,172.31.36.0-255,66,96791,12,128024
21452,0.001489,172.31.36.0-255,66,96857,12,128024
21453,0.001516,172.217.194.0-255,766,97623,12,128024
21454,0.001529,172.31.36.0-255,66,97689,12,128024
21455,0.001541,172.31.36.0-255,66,97755,12,128024
21456,0.001622,172.31.36.0-255,66,97821,12,128024
21457,0.001636,172.31.36.0-255,66,97887,12,128024
21458,0.001651,172.31.36.0-255,66,97953,12,128024
21459,0.001681,172.217.194.0-255,3602,101555,12,128024
21460,0.001685,172.31.36.0-255,66,101621,12,128024
21461,0.001718,172.217.194.0-255,4320,105941,12,128024
21462,0.001722,172.31.36.0-255,66,106007,12,128024
21463,0.001734,172.31.36.0-255,66,106073,12,128024
21464,0.001746,172.217.194.0-255,7156,113229,12,128024
21465,0.001749,172.31.36.0-255,66,113295,12,128024
21466,0.001795,172.31.36.0-255,66,113361,12,128024
21467,0.001812,172.217.194.0-255,3602,116963,12,128024
21468,0.00182,172.31.36.0-255,66,117029,12,128024
21469,0.001836,172.217.194.0-255,4320,121349,12,128024
21470,0.001836,172.31.36.0-255,66,121415,12,128024
21471,0.00184,172.31.36.0-255,66,121481,12,128024
21472,0.001894,172.217.194.0-255,5968,127449,12,128024
21473,0.001894,172.31.36.0-255,101,127550,12,128024
21474,0.001901,172.31.36.0-255,66,127616,12,128024
21475,0.001904,172.31.36.0-255,66,127682,12,128024
21476,0.001921,172.217.194.0-255,105,127787,12,128024
21477,0.003625,172.31.36.0-255,105,127892,12,128024
21478,0.004155,172.217.194.0-255,66,127958,12,128024
21479,0.005873,172.217.194.0-255,66,128024,12,128024
21480,0.0,172.31.36.0-255,105,105,12,276
21481,0.001777,157.240.13.0-255,105,210,12,276
21482,0.001789,172.31.36.0-255,66,276,12,276
21483,0.0,74.125.24.0-255,146,146,12,240744
21484,2.2e-05,172.31.36.0-255,66,212,12,240744
21485,2.9e-05,74.125.24.0-255,1484,1696,12,240744
21486,3.5e-05,172.31.36.0-255,66,1762,12,240744
21487,4.3e-05,74.125.24.0-255,2902,4664,12,240744
21488,4.7e-05,172.31.36.0-255,66,4730,12,240744
21489,5.5e-05,74.125.24.0-255,7156,11886,12,240744
21490,5.8e-05,172.31.36.0-255,66,11952,12,240744
21491,6.2e-05,74.125.24.0-255,1966,13918,12,240744
21492,6.5e-05,172.31.36.0-255,66,13984,12,240744
21493,8.7e-05,74.125.24.0-255,1484,15468,12,240744
21494,9e-05,172.31.36.0-255,66,15534,12,240744
21495,9.5e-05,74.125.24.0-255,2902,18436,12,240744
21496,9.8e-05,172.31.36.0-255,66,18502,12,240744
21497,0.000103,74.125.24.0-255,2902,21404,12,240744
21498,0.000105,172.31.36.0-255,66,21470,12,240744
21499,0.000129,74.125.24.0-255,2902,24372,12,240744
21500,0.000131,172.31.36.0-255,66,24438,12,240744
21501,0.000139,74.125.24.0-255,6797,31235,12,240744
21502,0.000141,172.31.36.0-255,66,31301,12,240744
21503,0.000312,74.125.24.0-255,1484,32785,12,240744
21504,0.000317,172.31.36.0-255,66,32851,12,240744
21505,0.000323,74.125.24.0-255,2902,35753,12,240744
21506,0.000325,172.31.36.0-255,66,35819,12,240744
21507,0.000331,74.125.24.0-255,2902,38721,12,240744
21508,0.000333,172.31.36.0-255,66,38787,12,240744
21509,0.000353,74.125.24.0-255,2902,41689,12,240744
21510,0.000356,172.31.36.0-255,66,41755,12,240744
21511,0.000364,74.125.24.0-255,6797,48552,12,240744
21512,0.000367,172.31.36.0-255,66,48618,12,240744
21513,0.00038,172.31.36.0-255,66,48684,12,240744
21514,0.000413,74.125.24.0-255,4320,53004,12,240744
21515,0.000417,172.31.36.0-255,66,53070,12,240744
21516,0.000421,74.125.24.0-255,2543,55613,12,240744
21517,0.000423,172.31.36.0-255,66,55679,12,240744
21518,0.000426,74.125.24.0-255,401,56080,12,240744
21519,0.000445,74.125.24.0-255,110,56190,12,240744
21520,0.000514,74.125.24.0-255,331,56521,12,240744
21521,0.000896,74.125.24.0-255,1484,58005,12,240744
21522,0.000901,172.31.36.0-255,66,58071,12,240744
21523,0.000907,74.125.24.0-255,2902,60973,12,240744
21524,0.000909,172.31.36.0-255,66,61039,12,240744
21525,0.000915,74.125.24.0-255,4320,65359,12,240744
21526,0.000917,172.31.36.0-255,66,65425,12,240744
21527,0.000948,74.125.24.0-255,1484,66909,12,240744
21528,0.000962,172.31.36.0-255,66,66975,12,240744
21529,0.00097,74.125.24.0-255,7156,74131,12,240744
21530,0.000973,172.31.36.0-255,66,74197,12,240744
21531,0.001021,74.125.24.0-255,3602,77799,12,240744
21532,0.001024,172.31.36.0-255,66,77865,12,240744
21533,0.001152,74.125.24.0-255,1484,79349,12,240744
21534,0.001158,74.125.24.0-255,2902,82251,12,240744
21535,0.001161,172.31.36.0-255,66,82317,12,240744
21536,0.001169,74.125.24.0-255,5738,88055,12,240744
21537,0.001171,172.31.36.0-255,66,88121,12,240744
21538,0.001194,74.125.24.0-255,7156,95277,12,240744
21539,0.001196,172.31.36.0-255,66,95343,12,240744
21540,0.001226,74.125.24.0-255,5738,101081,12,240744
21541,0.001229,172.31.36.0-255,66,101147,12,240744
21542,0.001237,74.125.24.0-255,7156,108303,12,240744
21543,0.001239,172.31.36.0-255,66,108369,12,240744
21544,0.001253,74.125.24.0-255,3602,111971,12,240744
21545,0.001255,172.31.36.0-255,66,112037,12,240744
21546,0.001317,74.125.24.0-255,1484,113521,12,240744
21547,0.001322,74.125.24.0-255,2902,116423,12,240744
21548,0.001325,172.31.36.0-255,66,116489,12,240744
21549,0.00133,74.125.24.0-255,2902,119391,12,240744
21550,0.001332,172.31.36.0-255,66,119457,12,240744
21551,0.001347,74.125.24.0-255,2902,122359,12,240744
21552,0.00135,172.31.36.0-255,66,122425,12,240744
21553,0.001361,172.31.36.0-255,66,122491,12,240744
21554,0.001377,74.125.24.0-255,2902,125393,12,240744
21555,0.001382,172.31.36.0-255,66,125459,12,240744
21556,0.001403,74.125.24.0-255,7156,132615,12,240744
21557,0.001406,172.31.36.0-255,66,132681,12,240744
21558,0.001428,74.125.24.0-255,5020,137701,12,240744
21559,0.001431,172.31.36.0-255,66,137767,12,240744
21560,0.001792,74.125.24.0-255,1484,139251,12,240744
21561,0.001799,74.125.24.0-255,2902,142153,12,240744
21562,0.001803,172.31.36.0-255,66,142219,12,240744
21563,0.001809,74.125.24.0-255,4320,146539,12,240744
21564,0.001811,172.31.36.0-255,66,146605,12,240744
21565,0.001825,74.125.24.0-255,1484,148089,12,240744
21566,0.001832,74.125.24.0-255,7156,155245,12,240744
21567,0.001835,172.31.36.0-255,66,155311,12,240744
21568,0.001868,74.125.24.0-255,5738,161049,12,240744
21569,0.001872,172.31.36.0-255,66,161115,12,240744
21570,0.001885,172.31.36.0-255,66,161181,12,240744
21571,0.003902,74.125.24.0-255,5738,166919,12,240744
21572,0.003909,172.31.36.0-255,66,166985,12,240744
21573,0.005924,74.125.24.0-255,5738,172723,12,240744
21574,0.005928,172.31.36.0-255,66,172789,12,240744
21575,0.007914,74.125.24.0-255,5738,178527,12,240744
21576,0.007922,172.31.36.0-255,66,178593,12,240744
21577,0.009949,74.125.24.0-255,5738,184331,12,240744
21578,0.009956,172.31.36.0-255,66,184397,12,240744
21579,0.011992,74.125.24.0-255,5738,190135,12,240744
21580,0.012009,172.31.36.0-255,66,190201,12,240744
21581,0.014038,74.125.24.0-255,5738,195939,12,240744
21582,0.014045,172.31.36.0-255,66,196005,12,240744
21583,0.016051,74.125.24.0-255,5738,201743,12,240744
21584,0.016058,172.31.36.0-255,66,201809,12,240744
21585,0.018067,74.125.24.0-255,5738,207547,12,240744
21586,0.018074,172.31.36.0-255,66,207613,12,240744
21587,0.020112,74.125.24.0-255,5738,213351,12,240744
21588,0.020125,172.31.36.0-255,66,213417,12,240744
21589,0.022155,74.125.24.0-255,5738,219155,12,240744
21590,0.022164,172.31.36.0-255,66,219221,12,240744
21591,0.024171,74.125.24.0-255,5738,224959,12,240744
21592,0.024181,172.31.36.0-255,66,225025,12,240744
21593,0.026189,74.125.24.0-255,5738,230763,12,240744
21594,0.026199,172.31.36.0-255,66,230829,12,240744
21595,0.028217,74.125.24.0-255,5738,236567,12,240744
21596,0.028223,172.31.36.0-255,66,236633,12,240744
21597,0.028966,172.31.36.0-255,188,236821,12,240744
21598,0.028994,172.31.36.0-255,952,237773,12,240744
21599,0.029056,172.31.36.0-255,1514,239287,12,240744
21600,0.029058,172.31.36.0-255,1457,240744,12,240744
21601,0.0,172.217.194.0-255,66,66,12,66
21602,0.0,172.217.194.0-255,145,145,12,169570
21603,2.5e-05,172.31.36.0-255,66,211,12,169570
21604,3.1e-05,172.217.194.0-255,1484,1695,12,169570
21605,3.4e-05,172.31.36.0-255,66,1761,12,169570
21606,4e-05,172.217.194.0-255,2902,4663,12,169570
21607,5.3e-05,172.31.36.0-255,66,4729,12,169570
21608,6e-05,172.217.194.0-255,7156,11885,12,169570
21609,6.3e-05,172.31.36.0-255,66,11951,12,169570
21610,6.7e-05,172.217.194.0-255,2078,14029,12,169570
21611,7e-05,172.31.36.0-255,66,14095,12,169570
21612,0.000161,172.217.194.0-255,1484,15579,12,169570
21613,0.000167,172.31.36.0-255,66,15645,12,169570
21614,0.000172,172.217.194.0-255,2902,18547,12,169570
21615,0.000175,172.31.36.0-255,66,18613,12,169570
21616,0.000187,172.217.194.0-255,5738,24351,12,169570
21617,0.00019,172.31.36.0-255,66,24417,12,169570
21618,0.000195,172.217.194.0-255,4320,28737,12,169570
21619,0.000197,172.31.36.0-255,66,28803,12,169570
21620,0.000226,172.217.194.0-255,2543,31346,12,169570
21621,0.000229,172.31.36.0-255,66,31412,12,169570
21622,0.000374,172.217.194.0-255,1484,32896,12,169570
21623,0.000378,172.31.36.0-255,66,32962,12,169570
21624,0.000382,172.217.194.0-255,1484,34446,12,169570
21625,0.000385,172.31.36.0-255,66,34512,12,169570
21626,0.000405,172.217.194.0-255,1484,35996,12,169570
21627,0.000407,172.31.36.0-255,66,36062,12,169570
21628,0.000419,172.217.194.0-255,5738,41800,12,169570
21629,0.000422,172.31.36.0-255,66,41866,12,169570
21630,0.000457,172.31.36.0-255,66,41932,12,169570
21631,0.000469,172.31.36.0-255,66,41998,12,169570
21632,0.000495,172.217.194.0-255,2902,44900,12,169570
21633,0.000498,172.31.36.0-255,66,44966,12,169570
21634,0.000501,172.217.194.0-255,1399,46365,12,169570
21635,0.000771,172.217.194.0-255,117,46482,12,169570
21636,0.000802,172.31.36.0-255,66,46548,12,169570
21637,0.001053,172.217.194.0-255,383,46931,12,169570
21638,0.001519,172.217.194.0-255,1484,48415,12,169570
21639,0.001527,172.31.36.0-255,66,48481,12,169570
21640,0.001533,172.217.194.0-255,2902,51383,12,169570
21641,0.001535,172.31.36.0-255,66,51449,12,169570
21642,0.001546,172.217.194.0-255,5738,57187,12,169570
21643,0.001548,172.31.36.0-255,66,57253,12,169570
21644,0.001611,172.31.36.0-255,66,57319,12,169570
21645,0.001614,172.217.194.0-255,1484,58803,12,169570
21646,0.001621,172.217.194.0-255,7156,65959,12,169570
21647,0.001623,172.31.36.0-255,66,66025,12,169570
21648,0.001647,172.217.194.0-255,2184,68209,12,169570
21649,0.001649,172.31.36.0-255,66,68275,12,169570
21650,0.001742,172.217.194.0-255,1484,69759,12,169570
21651,0.001757,172.217.194.0-255,2902,72661,12,169570
21652,0.001759,172.31.36.0-255,66,72727,12,169570
21653,0.001779,172.217.194.0-255,5738,78465,12,169570
21654,0.001781,172.31.36.0-255,66,78531,12,169570
21655,0.001831,172.31.36.0-255,66,78597,12,169570
21656,0.001855,172.217.194.0-255,1484,80081,12,169570
21657,0.001865,172.31.36.0-255,66,80147,12,169570
21658,0.001888,172.217.194.0-255,2184,82331,12,169570
21659,0.00189,172.31.36.0-255,66,82397,12,169570
21660,0.001894,172.217.194.0-255,2902,85299,12,169570
21661,0.001896,172.31.36.0-255,66,85365,12,169570
21662,0.001902,172.217.194.0-255,4320,89685,12,169570
21663,0.001904,172.31.36.0-255,66,89751,12,169570
21664,0.001926,172.217.194.0-255,2902,92653,12,169570
21665,0.001929,172.31.36.0-255,66,92719,12,169570
21666,0.001941,172.31.36.0-255,66,92785,12,169570
21667,0.001987,172.31.36.0-255,66,92851,12,169570
21668,0.002011,172.217.194.0-255,2184,95035,12,169570
21669,0.002013,172.31.36.0-255,66,95101,12,169570
21670,0.004235,172.217.194.0-255,2902,98003,12,169570
21671,0.00424,172.31.36.0-255,66,98069,12,169570
21672,0.004265,172.217.194.0-255,2902,100971,12,169570
21673,0.004268,172.31.36.0-255,66,101037,12,169570
21674,0.006516,172.217.194.0-255,2902,103939,12,169570
21675,0.006521,172.31.36.0-255,66,104005,12,169570
21676,0.006555,172.217.194.0-255,2902,106907,12,169570
21677,0.006558,172.31.36.0-255,66,106973,12,169570
21678,0.00879,172.217.194.0-255,2902,109875,12,169570
21679,0.008797,172.31.36.0-255,66,109941,12,169570
21680,0.008828,172.217.194.0-255,2902,112843,12,169570
21681,0.008832,172.31.36.0-255,66,112909,12,169570
21682,0.011081,172.217.194.0-255,5738,118647,12,169570
21683,0.011088,172.31.36.0-255,66,118713,12,169570
21684,0.013378,172.217.194.0-255,5738,124451,12,169570
21685,0.013387,172.31.36.0-255,66,124517,12,169570
21686,0.015675,172.217.194.0-255,5738,130255,12,169570
21687,0.015683,172.31.36.0-255,66,130321,12,169570
21688,0.017964,172.217.194.0-255,1484,131805,12,169570
21689,0.018,172.217.194.0-255,4320,136125,12,169570
21690,0.018006,172.31.36.0-255,66,136191,12,169570
21691,0.020295,172.217.194.0-255,5738,141929,12,169570
21692,0.020301,172.31.36.0-255,66,141995,12,169570
21693,0.022579,172.217.194.0-255,5738,147733,12,169570
21694,0.022586,172.31.36.0-255,66,147799,12,169570
21695,0.024763,172.31.36.0-255,172,147971,12,169570
21696,0.024794,172.31.36.0-255,1108,149079,12,169570
21697,0.02483,172.31.36.0-255,1514,150593,12,169570
21698,0.024832,172.31.36.0-255,1301,151894,12,169570
21699,0.024845,172.217.194.0-255,5738,157632,12,169570
21700,0.024854,172.31.36.0-255,66,157698,12,169570
21701,0.026273,104.244.42.0-255,66,157764,12,169570
21702,0.026338,104.244.42.0-255,66,157830,12,169570
21703,0.026358,104.244.42.0-255,66,157896,12,169570
21704,0.027101,172.217.194.0-255,5738,163634,12,169570
21705,0.027107,172.31.36.0-255,66,163700,12,169570
21706,0.029354,172.217.194.0-255,4320,168020,12,169570
21707,0.029361,172.31.36.0-255,66,168086,12,169570
21708,0.029396,172.217.194.0-255,1484,169570,12,169570
21709,0.0,74.125.200.0-255,151,151,12,211232
21710,2.6e-05,172.31.36.0-255,66,217,12,211232
21711,3.3e-05,74.125.200.0-255,1484,1701,12,211232
21712,3.6e-05,172.31.36.0-255,66,1767,12,211232
21713,4.1e-05,74.125.200.0-255,2902,4669,12,211232
21714,4.3e-05,172.31.36.0-255,66,4735,12,211232
21715,4.6e-05,74.125.200.0-255,1484,6219,12,211232
21716,5.7e-05,172.31.36.0-255,66,6285,12,211232
21717,9.6e-05,74.125.200.0-255,2902,9187,12,211232
21718,0.0001,172.31.36.0-255,66,9253,12,211232
21719,0.00013,74.125.200.0-255,2902,12155,12,211232
21720,0.000133,172.31.36.0-255,66,12221,12,211232
21721,0.00017,74.125.200.0-255,3474,15695,12,211232
21722,0.000176,172.31.36.0-255,66,15761,12,211232
21723,0.000181,74.125.200.0-255,4320,20081,12,211232
21724,0.000183,172.31.36.0-255,66,20147,12,211232
21725,0.000188,74.125.200.0-255,5738,25885,12,211232
21726,0.000196,172.31.36.0-255,66,25951,12,211232
21727,0.000203,74.125.200.0-255,5379,31330,12,211232
21728,0.000205,172.31.36.0-255,66,31396,12,211232
21729,0.000241,74.125.200.0-255,1484,32880,12,211232
21730,0.000244,172.31.36.0-255,66,32946,12,211232
21731,0.000249,74.125.200.0-255,2902,35848,12,211232
21732,0.00025,172.31.36.0-255,66,35914,12,211232
21733,0.000256,74.125.200.0-255,5738,41652,12,211232
21734,0.000265,172.31.36.0-255,66,41718,12,211232
21735,0.000269,74.125.200.0-255,1484,43202,12,211232
21736,0.000271,172.31.36.0-255,66,43268,12,211232
21737,0.000284,172.31.36.0-255,66,43334,12,211232
21738,0.000325,172.31.36.0-255,66,43400,12,211232
21739,0.000351,74.125.200.0-255,3968,47368,12,211232
21740,0.000354,172.31.36.0-255,66,47434,12,211232
21741,0.000555,74.125.200.0-255,1484,48918,12,211232
21742,0.000569,74.125.200.0-255,2902,51820,12,211232
21743,0.000573,172.31.36.0-255,66,51886,12,211232
21744,0.000578,74.125.200.0-255,4320,56206,12,211232
21745,0.000581,172.31.36.0-255,66,56272,12,211232
21746,0.000601,74.125.200.0-255,1484,57756,12,211232
21747,0.000629,172.31.36.0-255,66,57822,12,211232
21748,0.000653,74.125.200.0-255,5738,63560,12,211232
21749,0.000656,172.31.36.0-255,66,63626,12,211232
21750,0.000682,172.31.36.0-255,66,63692,12,211232
21751,0.000686,74.125.200.0-255,4320,68012,12,211232
21752,0.000688,172.31.36.0-255,66,68078,12,211232
21753,0.000718,74.125.200.0-255,7156,75234,12,211232
21754,0.000721,172.31.36.0-255,66,75300,12,211232
21755,0.000746,74.125.200.0-255,2543,77843,12,211232
21756,0.000749,172.31.36.0-255,66,77909,12,211232
21757,0.001059,74.125.200.0-255,1484,79393,12,211232
21758,0.001065,74.125.200.0-255,2902,82295,12,211232
21759,0.001068,172.31.36.0-255,66,82361,12,211232
21760,0.001072,74.125.200.0-255,1484,83845,12,211232
21761,0.001096,74.125.200.0-255,2902,86747,12,211232
21762,0.001098,172.31.36.0-255,66,86813,12,211232
21763,0.001103,74.125.200.0-255,4320,91133,12,211232
21764,0.001105,172.31.36.0-255,66,91199,12,211232
21765,0.001126,74.125.200.0-255,4320,95519,12,211232
21766,0.001128,172.31.36.0-255,66,95585,12,211232
21767,0.001132,74.125.200.0-255,2902,98487,12,211232
21768,0.001139,172.31.36.0-255,66,98553,12,211232
21769,0.001144,74.125.200.0-255,4320,102873,12,211232
21770,0.001146,172.31.36.0-255,66,102939,12,211232
21771,0.001151,74.125.200.0-255,5738,108677,12,211232
21772,0.001153,172.31.36.0-255,66,108743,12,211232
21773,0.001183,74.125.200.0-255,2902,111645,12,211232
21774,0.001185,74.125.200.0-255,766,112411,12,211232
21775,0.001187,172.31.36.0-255,66,112477,12,211232
21776,0.001314,172.31.36.0-255,66,112543,12,211232
21777,0.001818,74.125.200.0-255,1484,114027,12,211232
21778,0.001839,74.125.200.0-255,2902,116929,12,211232
21779,0.001843,172.31.36.0-255,66,116995,12,211232
21780,0.001848,74.125.200.0-255,2902,119897,12,211232
21781,0.00185,172.31.36.0-255,66,119963,12,211232
21782,0.001877,74.125.200.0-255,2902,122865,12,211232
21783,0.001879,172.31.36.0-255,66,122931,12,211232
21784,0.001885,74.125.200.0-255,5738,128669,12,211232
21785,0.001886,172.31.36.0-255,66,128735,12,211232
21786,0.001954,74.125.200.0-255,7156,135891,12,211232
21787,0.001958,172.31.36.0-255,66,135957,12,211232
21788,0.001966,172.31.36.0-255,66,136023,12,211232
21789,0.00197,74.125.200.0-255,2184,138207,12,211232
21790,0.001976,172.31.36.0-255,66,138273,12,211232
21791,0.004309,74.125.200.0-255,1484,139757,12,211232
21792,0.004336,74.125.200.0-255,4320,144077,12,211232
21793,0.00434,172.31.36.0-255,66,144143,12,211232
21794,0.00672,74.125.200.0-255,2902,147045,12,211232
21795,0.006722,172.31.36.0-255,66,147111,12,211232
21796,0.006747,74.125.200.0-255,2902,150013,12,211232
21797,0.006748,172.31.36.0-255,66,150079,12,211232
21798,0.009133,74.125.200.0-255,5738,155817,12,211232
21799,0.00914,172.31.36.0-255,66,155883,12,211232
21800,0.011405,74.125.200.0-255,5738,161621,12,211232
21801,0.011413,172.31.36.0-255,66,161687,12,211232
21802,0.013684,74.125.200.0-255,5738,167425,12,211232
21803,0.013702,172.31.36.0-255,66,167491,12,211232
21804,0.01598,74.125.200.0-255,5738,173229,12,211232
21805,0.015995,172.31.36.0-255,66,173295,12,211232
21806,0.018273,74.125.200.0-255,5738,179033,12,211232
21807,0.018291,172.31.36.0-255,66,179099,12,211232
21808,0.020564,74.125.200.0-255,5738,184837,12,211232
21809,0.020575,172.31.36.0-255,66,184903,12,211232
21810,0.022853,74.125.200.0-255,5738,190641,12,211232
21811,0.022864,172.31.36.0-255,66,190707,12,211232
21812,0.025127,74.125.200.0-255,5738,196445,12,211232
21813,0.025134,172.31.36.0-255,66,196511,12,211232
21814,0.025709,172.31.36.0-255,172,196683,12,211232
21815,0.025741,172.31.36.0-255,1109,197792,12,211232
21816,0.025778,172.31.36.0-255,1514,199306,12,211232
21817,0.025781,172.31.36.0-255,1298,200604,12,211232
21818,0.027205,104.244.42.0-255,66,200670,12,211232
21819,0.027289,104.244.42.0-255,66,200736,12,211232
21820,0.027338,104.244.42.0-255,66,200802,12,211232
21821,0.027396,74.125.200.0-255,4320,205122,12,211232
21822,0.0274,172.31.36.0-255,66,205188,12,211232
21823,0.027428,74.125.200.0-255,1484,206672,12,211232
21824,0.028717,104.244.42.0-255,108,206780,12,211232
21825,0.028741,172.31.36.0-255,66,206846,12,211232
21826,0.02965,74.125.200.0-255,4320,211166,12,211232
21827,0.029656,172.31.36.0-255,66,211232,12,211232
21828,0.0,172.217.194.0-255,153,153,12,187742
21829,1.8e-05,172.31.36.0-255,66,219,12,187742
21830,2.5e-05,172.217.194.0-255,1484,1703,12,187742
21831,2.9e-05,172.31.36.0-255,66,1769,12,187742
21832,3.2e-05,172.217.194.0-255,1484,3253,12,187742
21833,3.5e-05,172.31.36.0-255,66,3319,12,187742
21834,5.1e-05,172.217.194.0-255,1484,4803,12,187742
21835,5.4e-05,172.31.36.0-255,66,4869,12,187742
21836,6e-05,172.217.194.0-255,4320,9189,12,187742
21837,6.3e-05,172.31.36.0-255,66,9255,12,187742
21838,7.7e-05,172.217.194.0-255,1484,10739,12,187742
21839,7.9e-05,172.31.36.0-255,66,10805,12,187742
21840,8.5e-05,172.217.194.0-255,1484,12289,12,187742
21841,8.6e-05,172.31.36.0-255,66,12355,12,187742
21842,0.000107,172.217.194.0-255,1950,14305,12,187742
21843,0.00011,172.31.36.0-255,66,14371,12,187742
21844,0.00028,172.217.194.0-255,1484,15855,12,187742
21845,0.000287,172.31.36.0-255,66,15921,12,187742
21846,0.000293,172.217.194.0-255,2902,18823,12,187742
21847,0.000298,172.31.36.0-255,66,18889,12,187742
21848,0.000314,172.217.194.0-255,4320,23209,12,187742
21849,0.00032,172.31.36.0-255,66,23275,12,187742
21850,0.000327,172.217.194.0-255,1484,24759,12,187742
21851,0.000329,172.31.36.0-255,66,24825,12,187742
21852,0.000333,172.217.194.0-255,1484,26309,12,187742
21853,0.000335,172.31.36.0-255,66,26375,12,187742
21854,0.000361,172.217.194.0-255,5379,31754,12,187742
21855,0.000366,172.31.36.0-255,66,31820,12,187742
21856,0.000574,172.217.194.0-255,1484,33304,12,187742
21857,0.000579,172.31.36.0-255,66,33370,12,187742
21858,0.000587,172.217.194.0-255,2902,36272,12,187742
21859,0.00059,172.31.36.0-255,66,36338,12,187742
21860,0.000594,172.217.194.0-255,1484,37822,12,187742
21861,0.000618,172.217.194.0-255,4320,42142,12,187742
21862,0.000622,172.31.36.0-255,66,42208,12,187742
21863,0.000639,172.217.194.0-255,5738,47946,12,187742
21864,0.000641,172.31.36.0-255,66,48012,12,187742
21865,0.000653,172.217.194.0-255,1125,49137,12,187742
21866,0.000677,172.217.194.0-255,2902,52039,12,187742
21867,0.00068,172.31.36.0-255,66,52105,12,187742
21868,0.000698,172.217.194.0-255,4320,56425,12,187742
21869,0.000701,172.31.36.0-255,66,56491,12,187742
21870,0.000708,172.217.194.0-255,5738,62229,12,187742
21871,0.00071,172.31.36.0-255,66,62295,12,187742
21872,0.000746,172.217.194.0-255,3961,66256,12,187742
21873,0.000751,172.31.36.0-255,66,66322,12,187742
21874,0.001229,172.217.194.0-255,646,66968,12,187742
21875,0.001362,172.217.194.0-255,1484,68452,12,187742
21876,0.001366,172.31.36.0-255,66,68518,12,187742
21877,0.001372,172.217.194.0-255,2902,71420,12,187742
21878,0.001375,172.31.36.0-255,66,71486,12,187742
21879,0.001378,172.217.194.0-255,1484,72970,12,187742
21880,0.001398,172.217.194.0-255,4320,77290,12,187742
21881,0.0014,172.31.36.0-255,66,77356,12,187742
21882,0.001405,172.217.194.0-255,4320,81676,12,187742
21883,0.001407,172.31.36.0-255,66,81742,12,187742
21884,0.00144,172.217.194.0-255,1484,83226,12,187742
21885,0.001452,172.31.36.0-255,66,83292,12,187742
21886,0.001458,172.217.194.0-255,5020,88312,12,187742
21887,0.001461,172.31.36.0-255,66,88378,12,187742
21888,0.001964,172.217.194.0-255,1484,89862,12,187742
21889,0.001967,172.217.194.0-255,1484,91346,12,187742
21890,0.001969,172.31.36.0-255,66,91412,12,187742
21891,0.001985,172.217.194.0-255,1484,92896,12,187742
21892,0.001991,172.217.194.0-255,5738,98634,12,187742
21893,0.001993,172.31.36.0-255,66,98700,12,187742
21894,0.002022,172.31.36.0-255,66,98766,12,187742
21895,0.00206,172.217.194.0-255,2902,101668,12,187742
21896,0.002062,172.31.36.0-255,66,101734,12,187742
21897,0.002086,172.31.36.0-255,66,101800,12,187742
21898,0.002277,172.217.194.0-255,1484,103284,12,187742
21899,0.00229,172.217.194.0-255,1484,104768,12,187742
21900,0.002293,172.31.36.0-255,66,104834,12,187742
21901,0.002313,172.217.194.0-255,1484,106318,12,187742
21902,0.002319,172.217.194.0-255,5738,112056,12,187742
21903,0.002321,172.31.36.0-255,66,112122,12,187742
21904,0.002328,172.217.194.0-255,7156,119278,12,187742
21905,0.00233,172.31.36.0-255,66,119344,12,187742
21906,0.002342,172.217.194.0-255,2902,122246,12,187742
21907,0.002344,172.31.36.0-255,66,122312,12,187742
21908,0.002364,172.217.194.0-255,2902,125214,12,187742
21909,0.002367,172.31.36.0-255,66,125280,12,187742
21910,0.002391,172.31.36.0-255,66,125346,12,187742
21911,0.004981,172.217.194.0-255,5738,131084,12,187742
21912,0.004987,172.31.36.0-255,66,131150,12,187742
21913,0.007625,172.217.194.0-255,5738,136888,12,187742
21914,0.007632,172.31.36.0-255,66,136954,12,187742
21915,0.010243,172.217.194.0-255,5738,142692,12,187742
21916,0.010249,172.31.36.0-255,66,142758,12,187742
21917,0.012876,172.217.194.0-255,5738,148496,12,187742
21918,0.012885,172.31.36.0-255,66,148562,12,187742
21919,0.01548,172.217.194.0-255,5738,154300,12,187742
21920,0.015489,172.31.36.0-255,66,154366,12,187742
21921,0.01808,172.217.194.0-255,5738,160104,12,187742
21922,0.018088,172.31.36.0-255,66,160170,12,187742
21923,0.020724,172.217.194.0-255,5738,165908,12,187742
21924,0.02073,172.31.36.0-255,66,165974,12,187742
21925,0.023327,172.217.194.0-255,5738,171712,12,187742
21926,0.023336,172.31.36.0-255,66,171778,12,187742
21927,0.024656,172.31.36.0-255,171,171949,12,187742
21928,0.024691,172.31.36.0-255,1132,173081,12,187742
21929,0.024726,172.31.36.0-255,1514,174595,12,187742
21930,0.024728,172.31.36.0-255,1275,175870,12,187742
21931,0.025959,172.217.194.0-255,5738,181608,12,187742
21932,0.025965,172.31.36.0-255,66,181674,12,187742
21933,0.026233,104.244.42.0-255,66,181740,12,187742
21934,0.026242,104.244.42.0-255,66,181806,12,187742
21935,0.026295,104.244.42.0-255,66,181872,12,187742
21936,0.028581,172.217.194.0-255,4320,186192,12,187742
21937,0.028586,172.31.36.0-255,66,186258,12,187742
21938,0.028614,172.217.194.0-255,1484,187742,12,187742
21939,0.0,172.217.194.0-255,153,153,12,201268
21940,2.8e-05,172.31.36.0-255,66,219,12,201268
21941,3.4e-05,172.217.194.0-255,1484,1703,12,201268
21942,3.9e-05,172.31.36.0-255,66,1769,12,201268
21943,5.1e-05,172.217.194.0-255,2902,4671,12,201268
21944,5.5e-05,172.31.36.0-255,66,4737,12,201268
21945,9.3e-05,172.217.194.0-255,7156,11893,12,201268
21946,9.8e-05,172.31.36.0-255,66,11959,12,201268
21947,0.000157,172.217.194.0-255,2085,14044,12,201268
21948,0.000162,172.31.36.0-255,66,14110,12,201268
21949,0.000398,172.217.194.0-255,1484,15594,12,201268
21950,0.000403,172.31.36.0-255,66,15660,12,201268
21951,0.000408,172.217.194.0-255,2902,18562,12,201268
21952,0.00041,172.31.36.0-255,66,18628,12,201268
21953,0.000433,172.217.194.0-255,5738,24366,12,201268
21954,0.000438,172.31.36.0-255,66,24432,12,201268
21955,0.000513,172.217.194.0-255,4320,28752,12,201268
21956,0.000517,172.31.36.0-255,66,28818,12,201268
21957,0.000545,172.217.194.0-255,2543,31361,12,201268
21958,0.000548,172.31.36.0-255,66,31427,12,201268
21959,0.000603,172.217.194.0-255,1484,32911,12,201268
21960,0.000607,172.31.36.0-255,66,32977,12,201268
21961,0.000636,172.217.194.0-255,2902,35879,12,201268
21962,0.000641,172.31.36.0-255,66,35945,12,201268
21963,0.000647,172.217.194.0-255,5738,41683,12,201268
21964,0.000649,172.31.36.0-255,66,41749,12,201268
21965,0.000707,172.217.194.0-255,2902,44651,12,201268
21966,0.000712,172.31.36.0-255,66,44717,12,201268
21967,0.000731,172.217.194.0-255,3961,48678,12,201268
21968,0.000734,172.31.36.0-255,66,48744,12,201268
21969,0.000793,172.217.194.0-255,2902,51646,12,201268
21970,0.000797,172.31.36.0-255,66,51712,12,201268
21971,0.000852,172.31.36.0-255,66,51778,12,201268
21972,0.000963,172.217.194.0-255,2793,54571,12,201268
21973,0.000967,172.31.36.0-255,66,54637,12,201268
21974,0.000974,172.217.194.0-255,119,54756,12,201268
21975,0.000994,172.217.194.0-255,1484,56240,12,201268
21976,0.001265,172.217.194.0-255,7156,63396,12,201268
21977,0.00129,172.217.194.0-255,5379,68775,12,201268
21978,0.001384,172.217.194.0-255,382,69157,12,201268
21979,0.001388,172.31.36.0-255,66,69223,12,201268
21980,0.001417,172.217.194.0-255,5738,74961,12,201268
21981,0.001442,172.31.36.0-255,66,75027,12,201268
21982,0.001588,172.217.194.0-255,5738,80765,12,201268
21983,0.001601,172.31.36.0-255,66,80831,12,201268
21984,0.001629,172.31.36.0-255,66,80897,12,201268
21985,0.001833,172.31.36.0-255,66,80963,12,201268
21986,0.001856,172.31.36.0-255,66,81029,12,201268
21987,0.002076,172.31.36.0-255,66,81095,12,201268
21988,0.002141,172.31.36.0-255,66,81161,12,201268
21989,0.002142,172.217.194.0-255,6438,87599,12,201268
21990,0.002146,172.31.36.0-255,66,87665,12,201268
21991,0.00256,172.217.194.0-255,6438,94103,12,201268
21992,0.002565,172.31.36.0-255,66,94169,12,201268
21993,0.002778,172.217.194.0-255,1484,95653,12,201268
21994,0.002788,172.217.194.0-255,2902,98555,12,201268
21995,0.002792,172.31.36.0-255,66,98621,12,201268
21996,0.002817,172.217.194.0-255,1484,100105,12,201268
21997,0.002822,172.217.194.0-255,2902,103007,12,201268
21998,0.002898,172.31.36.0-255,66,103073,12,201268
21999,0.002977,172.217.194.0-255,4320,107393,12,201268
22000,0.002993,172.217.194.0-255,7156,114549,12,201268
22001,0.003002,172.31.36.0-255,66,114615,12,201268
22002,0.003013,172.217.194.0-255,3602,118217,12,201268
22003,0.003033,172.31.36.0-255,66,118283,12,201268
22004,0.003415,172.217.194.0-255,1484,119767,12,201268
22005,0.003438,172.217.194.0-255,1484,121251,12,201268
22006,0.003443,172.31.36.0-255,66,121317,12,201268
22007,0.003471,172.217.194.0-255,1484,122801,12,201268
22008,0.003476,172.217.194.0-255,2902,125703,12,201268
22009,0.003488,172.217.194.0-255,1484,127187,12,201268
22010,0.003494,172.31.36.0-255,66,127253,12,201268
22011,0.003505,172.217.194.0-255,5738,132991,12,201268
22012,0.00352,172.31.36.0-255,66,133057,12,201268
22013,0.003586,172.217.194.0-255,4320,137377,12,201268
22014,0.003601,172.217.194.0-255,2902,140279,12,201268
22015,0.003604,172.31.36.0-255,66,140345,12,201268
22016,0.003609,172.31.36.0-255,66,140411,12,201268
22017,0.003663,172.217.194.0-255,4320,144731,12,201268
22018,0.003685,172.31.36.0-255,66,144797,12,201268
22019,0.003695,172.31.36.0-255,66,144863,12,201268
22020,0.00395,172.217.194.0-255,1484,146347,12,201268
22021,0.003958,172.217.194.0-255,2902,149249,12,201268
22022,0.003962,172.31.36.0-255,66,149315,12,201268
22023,0.003992,172.217.194.0-255,1484,150799,12,201268
22024,0.003999,172.217.194.0-255,5738,156537,12,201268
22025,0.004016,172.31.36.0-255,66,156603,12,201268
22026,0.004067,172.217.194.0-255,4320,160923,12,201268
22027,0.004097,172.31.36.0-255,66,160989,12,201268
22028,0.004236,172.217.194.0-255,4320,165309,12,201268
22029,0.004247,172.217.194.0-255,1484,166793,12,201268
22030,0.004251,172.31.36.0-255,66,166859,12,201268
22031,0.004296,172.217.194.0-255,4320,171179,12,201268
22032,0.004315,172.217.194.0-255,7156,178335,12,201268
22033,0.004321,172.31.36.0-255,66,178401,12,201268
22034,0.004344,172.217.194.0-255,7156,185557,12,201268
22035,0.004346,172.31.36.0-255,66,185623,12,201268
22036,0.004372,172.217.194.0-255,2184,187807,12,201268
22037,0.004382,172.31.36.0-255,66,187873,12,201268
22038,0.004592,172.31.36.0-255,66,187939,12,201268
22039,0.004773,172.217.194.0-255,5738,193677,12,201268
22040,0.004777,172.31.36.0-255,66,193743,12,201268
22041,0.004848,172.31.36.0-255,66,193809,12,201268
22042,0.005378,172.217.194.0-255,7156,200965,12,201268
22043,0.005384,172.31.36.0-255,66,201031,12,201268
22044,0.0102,172.31.36.0-255,66,201097,12,201268
22045,0.010514,172.31.36.0-255,105,201202,12,201268
22046,0.012836,172.217.194.0-255,66,201268,12,201268
22047,0.0,216.58.221.0-255,153,153,12,184692
22048,2.7e-05,172.31.36.0-255,66,219,12,184692
22049,3.3e-05,216.58.221.0-255,1484,1703,12,184692
22050,3.8e-05,172.31.36.0-255,66,1769,12,184692
22051,4.9e-05,216.58.221.0-255,2902,4671,12,184692
22052,5.2e-05,172.31.36.0-255,66,4737,12,184692
22053,5.9e-05,216.58.221.0-255,7156,11893,12,184692
22054,6.2e-05,172.31.36.0-255,66,11959,12,184692
22055,6.6e-05,216.58.221.0-255,2049,14008,12,184692
22056,6.9e-05,172.31.36.0-255,66,14074,12,184692
22057,0.000227,216.58.221.0-255,1484,15558,12,184692
22058,0.000232,172.31.36.0-255,66,15624,12,184692
22059,0.000238,216.58.221.0-255,2902,18526,12,184692
22060,0.00024,172.31.36.0-255,66,18592,12,184692
22061,0.000245,216.58.221.0-255,4320,22912,12,184692
22062,0.000253,172.31.36.0-255,66,22978,12,184692
22063,0.000285,216.58.221.0-255,1484,24462,12,184692
22064,0.000289,172.31.36.0-255,66,24528,12,184692
22065,0.000301,172.31.36.0-255,66,24594,12,184692
22066,0.000312,172.31.36.0-255,66,24660,12,184692
22067,0.000366,172.31.36.0-255,66,24726,12,184692
22068,0.000371,216.58.221.0-255,3892,28618,12,184692
22069,0.000374,172.31.36.0-255,66,28684,12,184692
22070,0.000998,216.58.221.0-255,137,28821,12,184692
22071,0.001004,172.31.36.0-255,66,28887,12,184692
22072,0.001219,216.58.221.0-255,1484,30371,12,184692
22073,0.001225,172.31.36.0-255,66,30437,12,184692
22074,0.001232,216.58.221.0-255,2902,33339,12,184692
22075,0.001234,172.31.36.0-255,66,33405,12,184692
22076,0.001244,216.58.221.0-255,2902,36307,12,184692
22077,0.001246,172.31.36.0-255,66,36373,12,184692
22078,0.001269,216.58.221.0-255,2902,39275,12,184692
22079,0.001271,172.31.36.0-255,66,39341,12,184692
22080,0.001303,216.58.221.0-255,1484,40825,12,184692
22081,0.001315,172.31.36.0-255,66,40891,12,184692
22082,0.001325,172.31.36.0-255,66,40957,12,184692
22083,0.001328,216.58.221.0-255,1484,42441,12,184692
22084,0.001356,216.58.221.0-255,2184,44625,12,184692
22085,0.001359,172.31.36.0-255,66,44691,12,184692
22086,0.001423,216.58.221.0-255,1484,46175,12,184692
22087,0.001428,216.58.221.0-255,2902,49077,12,184692
22088,0.00143,172.31.36.0-255,66,49143,12,184692
22089,0.001455,216.58.221.0-255,1484,50627,12,184692
22090,0.00146,216.58.221.0-255,2902,53529,12,184692
22091,0.001462,172.31.36.0-255,66,53595,12,184692
22092,0.001495,216.58.221.0-255,5738,59333,12,184692
22093,0.001498,172.31.36.0-255,66,59399,12,184692
22094,0.001516,172.31.36.0-255,66,59465,12,184692
22095,0.001553,172.31.36.0-255,66,59531,12,184692
22096,0.001596,216.58.221.0-255,7156,66687,12,184692
22097,0.001599,172.31.36.0-255,66,66753,12,184692
22098,0.001633,216.58.221.0-255,1484,68237,12,184692
22099,0.001645,172.31.36.0-255,66,68303,12,184692
22100,0.001657,172.31.36.0-255,66,68369,12,184692
22101,0.001681,216.58.221.0-255,5020,73389,12,184692
22102,0.001685,172.31.36.0-255,66,73455,12,184692
22103,0.001755,216.58.221.0-255,1484,74939,12,184692
22104,0.001794,216.58.221.0-255,1484,76423,12,184692
22105,0.001797,172.31.36.0-255,66,76489,12,184692
22106,0.001802,216.58.221.0-255,2902,79391,12,184692
22107,0.001804,172.31.36.0-255,66,79457,12,184692
22108,0.001836,216.58.221.0-255,1484,80941,12,184692
22109,0.001841,216.58.221.0-255,2902,83843,12,184692
22110,0.001843,172.31.36.0-255,66,83909,12,184692
22111,0.00185,216.58.221.0-255,5738,89647,12,184692
22112,0.001852,172.31.36.0-255,66,89713,12,184692
22113,0.001857,216.58.221.0-255,4320,94033,12,184692
22114,0.001859,172.31.36.0-255,66,94099,12,184692
22115,0.001888,216.58.221.0-255,2902,97001,12,184692
22116,0.001891,172.31.36.0-255,66,97067,12,184692
22117,0.001896,216.58.221.0-255,2902,99969,12,184692
22118,0.001898,172.31.36.0-255,66,100035,12,184692
22119,0.001928,172.31.36.0-255,66,100101,12,184692
22120,0.003902,216.58.221.0-255,5738,105839,12,184692
22121,0.003909,172.31.36.0-255,66,105905,12,184692
22122,0.005879,216.58.221.0-255,4320,110225,12,184692
22123,0.005883,172.31.36.0-255,66,110291,12,184692
22124,0.005911,216.58.221.0-255,1484,111775,12,184692
22125,0.007864,216.58.221.0-255,4320,116095,12,184692
22126,0.00787,172.31.36.0-255,66,116161,12,184692
22127,0.009844,216.58.221.0-255,5738,121899,12,184692
22128,0.009851,172.31.36.0-255,66,121965,12,184692
22129,0.011834,216.58.221.0-255,5738,127703,12,184692
22130,0.011842,172.31.36.0-255,66,127769,12,184692
22131,0.013821,216.58.221.0-255,5738,133507,12,184692
22132,0.013831,172.31.36.0-255,66,133573,12,184692
22133,0.015808,216.58.221.0-255,5738,139311,12,184692
22134,0.015815,172.31.36.0-255,66,139377,12,184692
22135,0.017792,216.58.221.0-255,5738,145115,12,184692
22136,0.017798,172.31.36.0-255,66,145181,12,184692
22137,0.019798,216.58.221.0-255,5738,150919,12,184692
22138,0.019807,172.31.36.0-255,66,150985,12,184692
22139,0.021825,216.58.221.0-255,5738,156723,12,184692
22140,0.021833,172.31.36.0-255,66,156789,12,184692
22141,0.023845,216.58.221.0-255,5738,162527,12,184692
22142,0.023852,172.31.36.0-255,66,162593,12,184692
22143,0.025724,172.31.36.0-255,172,162765,12,184692
22144,0.025755,172.31.36.0-255,1107,163872,12,184692
22145,0.025796,172.31.36.0-255,1514,165386,12,184692
22146,0.025797,172.31.36.0-255,1300,166686,12,184692
22147,0.025822,216.58.221.0-255,2902,169588,12,184692
22148,0.025827,172.31.36.0-255,66,169654,12,184692
22149,0.025856,216.58.221.0-255,2902,172556,12,184692
22150,0.02586,172.31.36.0-255,66,172622,12,184692
22151,0.027265,104.244.42.0-255,66,172688,12,184692
22152,0.027309,104.244.42.0-255,66,172754,12,184692
22153,0.02736,104.244.42.0-255,66,172820,12,184692
22154,0.027811,216.58.221.0-255,2902,175722,12,184692
22155,0.027814,172.31.36.0-255,66,175788,12,184692
22156,0.027848,216.58.221.0-255,2902,178690,12,184692
22157,0.027851,172.31.36.0-255,66,178756,12,184692
22158,0.029785,216.58.221.0-255,2902,181658,12,184692
22159,0.02979,172.31.36.0-255,66,181724,12,184692
22160,0.029824,216.58.221.0-255,2902,184626,12,184692
22161,0.029827,172.31.36.0-255,66,184692,12,184692
22162,0.0,172.217.194.0-255,153,153,12,191826
22163,1.3e-05,172.31.36.0-255,66,219,12,191826
22164,4.1e-05,172.217.194.0-255,1484,1703,12,191826
22165,4.5e-05,172.31.36.0-255,66,1769,12,191826
22166,5e-05,172.217.194.0-255,2902,4671,12,191826
22167,5.4e-05,172.31.36.0-255,66,4737,12,191826
22168,6.1e-05,172.217.194.0-255,5738,10475,12,191826
22169,6.3e-05,172.31.36.0-255,66,10541,12,191826
22170,7.8e-05,172.217.194.0-255,1484,12025,12,191826
22171,8e-05,172.31.36.0-255,66,12091,12,191826
22172,0.000107,172.31.36.0-255,66,12157,12,191826
22173,0.000127,172.217.194.0-255,4320,16477,12,191826
22174,0.000129,172.31.36.0-255,66,16543,12,191826
22175,0.000142,172.217.194.0-255,2543,19086,12,191826
22176,0.000144,172.31.36.0-255,66,19152,12,191826
22177,0.000165,172.217.194.0-255,5738,24890,12,191826
22178,0.000168,172.31.36.0-255,66,24956,12,191826
22179,0.000192,172.217.194.0-255,1484,26440,12,191826
22180,0.000194,172.31.36.0-255,66,26506,12,191826
22181,0.000201,172.217.194.0-255,5738,32244,12,191826
22182,0.000203,172.31.36.0-255,66,32310,12,191826
22183,0.000232,172.217.194.0-255,3961,36271,12,191826
22184,0.000236,172.31.36.0-255,66,36337,12,191826
22185,0.000355,172.217.194.0-255,1484,37821,12,191826
22186,0.00036,172.31.36.0-255,66,37887,12,191826
22187,0.000374,172.217.194.0-255,2902,40789,12,191826
22188,0.000377,172.31.36.0-255,66,40855,12,191826
22189,0.000385,172.217.194.0-255,5738,46593,12,191826
22190,0.000388,172.31.36.0-255,66,46659,12,191826
22191,0.00044,172.217.194.0-255,4320,50979,12,191826
22192,0.000443,172.31.36.0-255,66,51045,12,191826
22193,0.000458,172.217.194.0-255,3122,54167,12,191826
22194,0.000461,172.31.36.0-255,66,54233,12,191826
22195,0.000546,172.217.194.0-255,1484,55717,12,191826
22196,0.000552,172.217.194.0-255,1484,57201,12,191826
22197,0.000555,172.31.36.0-255,66,57267,12,191826
22198,0.000573,172.217.194.0-255,1484,58751,12,191826
22199,0.000579,172.217.194.0-255,4320,63071,12,191826
22200,0.000582,172.31.36.0-255,66,63137,12,191826
22201,0.000588,172.217.194.0-255,4320,67457,12,191826
22202,0.000591,172.31.36.0-255,66,67523,12,191826
22203,0.000602,172.217.194.0-255,1484,69007,12,191826
22204,0.000629,172.217.194.0-255,2902,71909,12,191826
22205,0.000633,172.31.36.0-255,66,71975,12,191826
22206,0.000656,172.217.194.0-255,2543,74518,12,191826
22207,0.000659,172.31.36.0-255,66,74584,12,191826
22208,0.000665,172.217.194.0-255,5738,80322,12,191826
22209,0.000668,172.31.36.0-255,66,80388,12,191826
22210,0.000686,172.217.194.0-255,5738,86126,12,191826
22211,0.000688,172.31.36.0-255,66,86192,12,191826
22212,0.000702,172.217.194.0-255,2543,88735,12,191826
22213,0.000704,172.31.36.0-255,66,88801,12,191826
22214,0.001173,172.217.194.0-255,1484,90285,12,191826
22215,0.001178,172.217.194.0-255,1484,91769,12,191826
22216,0.001181,172.31.36.0-255,66,91835,12,191826
22217,0.001203,172.217.194.0-255,1484,93319,12,191826
22218,0.00121,172.217.194.0-255,5738,99057,12,191826
22219,0.001213,172.31.36.0-255,66,99123,12,191826
22220,0.001216,172.217.194.0-255,1484,100607,12,191826
22221,0.001248,172.31.36.0-255,66,100673,12,191826
22222,0.00126,172.31.36.0-255,66,100739,12,191826
22223,0.001314,172.217.194.0-255,1484,102223,12,191826
22224,0.001319,172.217.194.0-255,2902,105125,12,191826
22225,0.001321,172.31.36.0-255,66,105191,12,191826
22226,0.001342,172.217.194.0-255,5738,110929,12,191826
22227,0.001344,172.31.36.0-255,66,110995,12,191826
22228,0.001366,172.217.194.0-255,7156,118151,12,191826
22229,0.001369,172.31.36.0-255,66,118217,12,191826
22230,0.001387,172.217.194.0-255,2902,121119,12,191826
22231,0.001389,172.31.36.0-255,66,121185,12,191826
22232,0.001403,172.217.194.0-255,1484,122669,12,191826
22233,0.001425,172.31.36.0-255,66,122735,12,191826
22234,0.001446,172.217.194.0-255,3602,126337,12,191826
22235,0.001449,172.31.36.0-255,66,126403,12,191826
22236,0.002033,172.217.194.0-255,1484,127887,12,191826
22237,0.002054,172.217.194.0-255,2902,130789,12,191826
22238,0.002057,172.31.36.0-255,66,130855,12,191826
22239,0.002064,172.217.194.0-255,5738,136593,12,191826
22240,0.002066,172.31.36.0-255,66,136659,12,191826
22241,0.002113,172.31.36.0-255,66,136725,12,191826
22242,0.002152,172.217.194.0-255,2184,138909,12,191826
22243,0.002155,172.31.36.0-255,66,138975,12,191826
22244,0.002158,172.31.36.0-255,66,139041,12,191826
22245,0.002213,172.217.194.0-255,2902,141943,12,191826
22246,0.002217,172.31.36.0-255,66,142009,12,191826
22247,0.002223,172.217.194.0-255,4320,146329,12,191826
22248,0.002225,172.31.36.0-255,66,146395,12,191826
22249,0.002235,172.31.36.0-255,66,146461,12,191826
22250,0.002255,172.217.194.0-255,1484,147945,12,191826
22251,0.002278,172.31.36.0-255,66,148011,12,191826
22252,0.002298,172.217.194.0-255,3602,151613,12,191826
22253,0.002301,172.31.36.0-255,66,151679,12,191826
22254,0.002313,172.31.36.0-255,66,151745,12,191826
22255,0.002342,172.217.194.0-255,7156,158901,12,191826
22256,0.002345,172.31.36.0-255,66,158967,12,191826
22257,0.002359,172.31.36.0-255,66,159033,12,191826
22258,0.002376,172.217.194.0-255,2184,161217,12,191826
22259,0.002378,172.31.36.0-255,66,161283,12,191826
22260,0.00239,172.31.36.0-255,66,161349,12,191826
22261,0.002432,172.31.36.0-255,66,161415,12,191826
22262,0.002485,172.31.36.0-255,66,161481,12,191826
22263,0.002512,172.217.194.0-255,2184,163665,12,191826
22264,0.002514,172.31.36.0-255,66,163731,12,191826
22265,0.002534,172.31.36.0-255,66,163797,12,191826
22266,0.002556,172.217.194.0-255,3602,167399,12,191826
22267,0.007838,172.31.36.0-255,66,167465,12,191826
22268,0.007983,172.31.36.0-255,101,167566,12,191826
22269,0.01038,172.217.194.0-255,5738,173304,12,191826
22270,0.010387,172.31.36.0-255,66,173370,12,191826
22271,0.010466,172.217.194.0-255,66,173436,12,191826
22272,0.012918,172.217.194.0-255,5738,179174,12,191826
22273,0.012926,172.31.36.0-255,66,179240,12,191826
22274,0.015486,172.217.194.0-255,5738,184978,12,191826
22275,0.015494,172.31.36.0-255,66,185044,12,191826
22276,0.018026,172.217.194.0-255,5738,190782,12,191826
22277,0.018034,172.31.36.0-255,66,190848,12,191826
22278,0.020577,172.217.194.0-255,807,191655,12,191826
22279,0.020759,172.31.36.0-255,105,191760,12,191826
22280,0.027655,172.217.194.0-255,66,191826,12,191826
22281,0.0,172.217.194.0-255,146,146,12,257724
22282,2.3e-05,172.31.36.0-255,66,212,12,257724
22283,3e-05,172.217.194.0-255,1484,1696,12,257724
22284,3.4e-05,172.31.36.0-255,66,1762,12,257724
22285,3.8e-05,172.217.194.0-255,2902,4664,12,257724
22286,4.1e-05,172.31.36.0-255,66,4730,12,257724
22287,4.4e-05,172.217.194.0-255,1484,6214,12,257724
22288,4.7e-05,172.31.36.0-255,66,6280,12,257724
22289,7.3e-05,172.217.194.0-255,4320,10600,12,257724
22290,7.5e-05,172.31.36.0-255,66,10666,12,257724
22291,8e-05,172.217.194.0-255,3465,14131,12,257724
22292,8.3e-05,172.31.36.0-255,66,14197,12,257724
22293,0.000125,172.217.194.0-255,1484,15681,12,257724
22294,0.000127,172.31.36.0-255,66,15747,12,257724
22295,0.000142,172.217.194.0-255,2902,18649,12,257724
22296,0.000144,172.31.36.0-255,66,18715,12,257724
22297,0.000159,172.217.194.0-255,2902,21617,12,257724
22298,0.000162,172.31.36.0-255,66,21683,12,257724
22299,0.000183,172.217.194.0-255,2902,24585,12,257724
22300,0.000185,172.31.36.0-255,66,24651,12,257724
22301,0.000214,172.217.194.0-255,6797,31448,12,257724
22302,0.000217,172.31.36.0-255,66,31514,12,257724
22303,0.000389,172.217.194.0-255,1484,32998,12,257724
22304,0.000393,172.31.36.0-255,66,33064,12,257724
22305,0.000416,172.217.194.0-255,2902,35966,12,257724
22306,0.000419,172.31.36.0-255,66,36032,12,257724
22307,0.000426,172.217.194.0-255,5738,41770,12,257724
22308,0.000429,172.31.36.0-255,66,41836,12,257724
22309,0.000474,172.217.194.0-255,5738,47574,12,257724
22310,0.000478,172.31.36.0-255,66,47640,12,257724
22311,0.000489,172.31.36.0-255,66,47706,12,257724
22312,0.000516,172.217.194.0-255,5379,53085,12,257724
22313,0.000521,172.217.194.0-255,3961,57046,12,257724
22314,0.000526,172.31.36.0-255,66,57112,12,257724
22315,0.000534,172.31.36.0-255,66,57178,12,257724
22316,0.000575,172.217.194.0-255,379,57557,12,257724
22317,0.000651,172.217.194.0-255,365,57922,12,257724
22318,0.000672,172.217.194.0-255,1484,59406,12,257724
22319,0.000676,172.31.36.0-255,66,59472,12,257724
22320,0.000683,172.217.194.0-255,4320,63792,12,257724
22321,0.000685,172.31.36.0-255,66,63858,12,257724
22322,0.00069,172.217.194.0-255,4320,68178,12,257724
22323,0.000693,172.31.36.0-255,66,68244,12,257724
22324,0.00071,172.217.194.0-255,5738,73982,12,257724
22325,0.000713,172.31.36.0-255,66,74048,12,257724
22326,0.000726,172.31.36.0-255,66,74114,12,257724
22327,0.000752,172.217.194.0-255,5020,79134,12,257724
22328,0.000756,172.31.36.0-255,66,79200,12,257724
22329,0.00076,172.217.194.0-255,2902,82102,12,257724
22330,0.000762,172.31.36.0-255,66,82168,12,257724
22331,0.000776,172.217.194.0-255,2902,85070,12,257724
22332,0.000778,172.31.36.0-255,66,85136,12,257724
22333,0.000784,172.217.194.0-255,4320,89456,12,257724
22334,0.000786,172.31.36.0-255,66,89522,12,257724
22335,0.000829,172.31.36.0-255,66,89588,12,257724
22336,0.000843,172.31.36.0-255,66,89654,12,257724
22337,0.00086,172.217.194.0-255,1484,91138,12,257724
22338,0.000875,172.217.194.0-255,5020,96158,12,257724
22339,0.000878,172.31.36.0-255,66,96224,12,257724
22340,0.000882,172.217.194.0-255,2902,99126,12,257724
22341,0.000884,172.31.36.0-255,66,99192,12,257724
22342,0.000904,172.217.194.0-255,4320,103512,12,257724
22343,0.000906,172.31.36.0-255,66,103578,12,257724
22344,0.000919,172.31.36.0-255,66,103644,12,257724
22345,0.000942,172.217.194.0-255,4320,107964,12,257724
22346,0.000945,172.31.36.0-255,66,108030,12,257724
22347,0.000951,172.217.194.0-255,6438,114468,12,257724
22348,0.000953,172.31.36.0-255,66,114534,12,257724
22349,0.000956,172.217.194.0-255,1484,116018,12,257724
22350,0.000981,172.217.194.0-255,2902,118920,12,257724
22351,0.000983,172.31.36.0-255,66,118986,12,257724
22352,0.00099,172.217.194.0-255,5738,124724,12,257724
22353,0.000992,172.31.36.0-255,66,124790,12,257724
22354,0.001039,172.31.36.0-255,66,124856,12,257724
22355,0.001057,172.217.194.0-255,7156,132012,12,257724
22356,0.001075,172.217.194.0-255,3602,135614,12,257724
22357,0.001079,172.31.36.0-255,66,135680,12,257724
22358,0.001144,172.217.194.0-255,1484,137164,12,257724
22359,0.00115,172.217.194.0-255,2902,140066,12,257724
22360,0.001167,172.217.194.0-255,5738,145804,12,257724
22361,0.001181,172.31.36.0-255,66,145870,12,257724
22362,0.001187,172.217.194.0-255,5738,151608,12,257724
22363,0.001192,172.31.36.0-255,66,151674,12,257724
22364,0.001204,172.217.194.0-255,7156,158830,12,257724
22365,0.001251,172.217.194.0-255,7156,165986,12,257724
22366,0.001268,172.217.194.0-255,3602,169588,12,257724
22367,0.001271,172.217.194.0-255,1484,171072,12,257724
22368,0.001275,172.217.194.0-255,2902,173974,12,257724
22369,0.00128,172.217.194.0-255,5738,179712,12,257724
22370,0.001294,172.217.194.0-255,1484,181196,12,257724
22371,0.001307,172.31.36.0-255,66,181262,12,257724
22372,0.00132,172.217.194.0-255,7156,188418,12,257724
22373,0.001326,172.31.36.0-255,66,188484,12,257724
22374,0.001378,172.217.194.0-255,5738,194222,12,257724
22375,0.0014,172.217.194.0-255,5738,199960,12,257724
22376,0.001403,172.217.194.0-255,1484,201444,12,257724
22377,0.001415,172.31.36.0-255,66,201510,12,257724
22378,0.001436,172.31.36.0-255,66,201576,12,257724
22379,0.001443,172.217.194.0-255,6438,208014,12,257724
22380,0.001474,172.217.194.0-255,1484,209498,12,257724
22381,0.001478,172.217.194.0-255,2902,212400,12,257724
22382,0.001483,172.31.36.0-255,66,212466,12,257724
22383,0.001506,172.217.194.0-255,5738,218204,12,257724
22384,0.001509,172.217.194.0-255,1484,219688,12,257724
22385,0.001511,172.217.194.0-255,1484,221172,12,257724
22386,0.001517,172.31.36.0-255,66,221238,12,257724
22387,0.001535,172.217.194.0-255,7156,228394,12,257724
22388,0.00156,172.31.36.0-255,66,228460,12,257724
22389,0.001572,172.217.194.0-255,7156,235616,12,257724
22390,0.001585,172.217.194.0-255,6438,242054,12,257724
22391,0.001588,172.31.36.0-255,66,242120,12,257724
22392,0.001619,172.31.36.0-255,66,242186,12,257724
22393,0.001665,172.217.194.0-255,4320,246506,12,257724
22394,0.001692,172.31.36.0-255,66,246572,12,257724
22395,0.001706,172.217.194.0-255,3602,250174,12,257724
22396,0.001726,172.217.194.0-255,5738,255912,12,257724
22397,0.001737,172.31.36.0-255,66,255978,12,257724
22398,0.001755,172.31.36.0-255,66,256044,12,257724
22399,0.001765,172.217.194.0-255,1338,257382,12,257724
22400,0.001791,172.217.194.0-255,105,257487,12,257724
22401,0.004332,172.31.36.0-255,66,257553,12,257724
22402,0.004366,172.31.36.0-255,105,257658,12,257724
22403,0.00695,172.217.194.0-255,66,257724,12,257724
22404,0.0,74.125.24.0-255,153,153,12,101048
22405,1.4e-05,172.31.36.0-255,66,219,12,101048
22406,2e-05,74.125.24.0-255,1484,1703,12,101048
22407,2.4e-05,172.31.36.0-255,66,1769,12,101048
22408,3e-05,74.125.24.0-255,2902,4671,12,101048
22409,4.2e-05,172.31.36.0-255,66,4737,12,101048
22410,5e-05,74.125.24.0-255,7156,11893,12,101048
22411,5.4e-05,172.31.36.0-255,66,11959,12,101048
22412,5.9e-05,74.125.24.0-255,2105,14064,12,101048
22413,6.2e-05,172.31.36.0-255,66,14130,12,101048
22414,0.000194,74.125.24.0-255,1484,15614,12,101048
22415,0.000199,172.31.36.0-255,66,15680,12,101048
22416,0.000205,74.125.24.0-255,2902,18582,12,101048
22417,0.000208,172.31.36.0-255,66,18648,12,101048
22418,0.000218,74.125.24.0-255,2902,21550,12,101048
22419,0.00022,172.31.36.0-255,66,21616,12,101048
22420,0.000248,74.125.24.0-255,2902,24518,12,101048
22421,0.000251,172.31.36.0-255,66,24584,12,101048
22422,0.000265,74.125.24.0-255,6797,31381,12,101048
22423,0.000267,172.31.36.0-255,66,31447,12,101048
22424,0.000313,74.125.24.0-255,1484,32931,12,101048
22425,0.000316,172.31.36.0-255,66,32997,12,101048
22426,0.000345,74.125.24.0-255,2902,35899,12,101048
22427,0.000348,172.31.36.0-255,66,35965,12,101048
22428,0.000352,74.125.24.0-255,1484,37449,12,101048
22429,0.000353,172.31.36.0-255,66,37515,12,101048
22430,0.000379,74.125.24.0-255,4320,41835,12,101048
22431,0.000382,172.31.36.0-255,66,41901,12,101048
22432,0.00039,74.125.24.0-255,1484,43385,12,101048
22433,0.000391,172.31.36.0-255,66,43451,12,101048
22434,0.000431,172.31.36.0-255,66,43517,12,101048
22435,0.000446,172.31.36.0-255,66,43583,12,101048
22436,0.004941,74.125.24.0-255,645,44228,12,101048
22437,0.00499,172.31.36.0-255,66,44294,12,101048
22438,0.005558,74.125.24.0-255,1484,45778,12,101048
22439,0.005567,74.125.24.0-255,2902,48680,12,101048
22440,0.005571,172.31.36.0-255,66,48746,12,101048
22441,0.007624,74.125.24.0-255,1484,50230,12,101048
22442,0.008233,74.125.24.0-255,4320,54550,12,101048
22443,0.00824,172.31.36.0-255,66,54616,12,101048
22444,0.01086,74.125.24.0-255,5738,60354,12,101048
22445,0.010869,172.31.36.0-255,66,60420,12,101048
22446,0.013503,74.125.24.0-255,5738,66158,12,101048
22447,0.01351,172.31.36.0-255,66,66224,12,101048
22448,0.016187,74.125.24.0-255,5738,71962,12,101048
22449,0.016196,172.31.36.0-255,66,72028,12,101048
22450,0.018819,74.125.24.0-255,5738,77766,12,101048
22451,0.018828,172.31.36.0-255,66,77832,12,101048
22452,0.02145,74.125.24.0-255,5738,83570,12,101048
22453,0.021461,172.31.36.0-255,66,83636,12,101048
22454,0.024103,74.125.24.0-255,5738,89374,12,101048
22455,0.024112,172.31.36.0-255,66,89440,12,101048
22456,0.026736,74.125.24.0-255,5738,95178,12,101048
22457,0.026745,172.31.36.0-255,66,95244,12,101048
22458,0.029391,74.125.24.0-255,5738,100982,12,101048
22459,0.029402,172.31.36.0-255,66,101048,12,101048
22460,0.0,172.31.36.0-255,66,66,12,66
22461,0.0,104.244.42.0-255,66,66,12,66
22462,0.0,172.217.194.0-255,297,297,12,187943
22463,3.4e-05,172.31.36.0-255,66,363,12,187943
22464,4e-05,172.217.194.0-255,1484,1847,12,187943
22465,4.5e-05,172.31.36.0-255,66,1913,12,187943
22466,5.2e-05,172.217.194.0-255,4320,6233,12,187943
22467,5.5e-05,172.31.36.0-255,66,6299,12,187943
22468,6.2e-05,172.217.194.0-255,5738,12037,12,187943
22469,6.4e-05,172.31.36.0-255,66,12103,12,187943
22470,7.1e-05,172.217.194.0-255,6165,18268,12,187943
22471,7.3e-05,172.31.36.0-255,66,18334,12,187943
22472,7.9e-05,172.217.194.0-255,4320,22654,12,187943
22473,8.2e-05,172.31.36.0-255,66,22720,12,187943
22474,0.000111,172.31.36.0-255,66,22786,12,187943
22475,0.000134,172.217.194.0-255,1484,24270,12,187943
22476,0.000137,172.31.36.0-255,66,24336,12,187943
22477,0.000141,172.217.194.0-255,2902,27238,12,187943
22478,0.000144,172.31.36.0-255,66,27304,12,187943
22479,0.000163,172.217.194.0-255,5738,33042,12,187943
22480,0.000166,172.31.36.0-255,66,33108,12,187943
22481,0.000198,172.31.36.0-255,66,33174,12,187943
22482,0.000271,172.31.36.0-255,66,33240,12,187943
22483,0.000301,172.217.194.0-255,364,33604,12,187943
22484,0.000305,172.31.36.0-255,66,33670,12,187943
22485,0.000399,172.217.194.0-255,1484,35154,12,187943
22486,0.000406,172.31.36.0-255,66,35220,12,187943
22487,0.000412,172.217.194.0-255,2902,38122,12,187943
22488,0.000414,172.31.36.0-255,66,38188,12,187943
22489,0.000421,172.217.194.0-255,5738,43926,12,187943
22490,0.000424,172.31.36.0-255,66,43992,12,187943
22491,0.000429,172.217.194.0-255,2902,46894,12,187943
22492,0.000431,172.31.36.0-255,66,46960,12,187943
22493,0.000455,172.217.194.0-255,1484,48444,12,187943
22494,0.000469,172.31.36.0-255,66,48510,12,187943
22495,0.000472,172.217.194.0-255,1484,49994,12,187943
22496,0.000503,172.217.194.0-255,6438,56432,12,187943
22497,0.000507,172.31.36.0-255,66,56498,12,187943
22498,0.000862,172.217.194.0-255,1484,57982,12,187943
22499,0.00087,172.217.194.0-255,2902,60884,12,187943
22500,0.000875,172.31.36.0-255,66,60950,12,187943
22501,0.000883,172.217.194.0-255,5738,66688,12,187943
22502,0.000885,172.31.36.0-255,66,66754,12,187943
22503,0.000926,172.31.36.0-255,66,66820,12,187943
22504,0.000934,172.217.194.0-255,7156,73976,12,187943
22505,0.000936,172.31.36.0-255,66,74042,12,187943
22506,0.000955,172.217.194.0-255,3602,77644,12,187943
22507,0.000958,172.31.36.0-255,66,77710,12,187943
22508,0.000977,172.217.194.0-255,5738,83448,12,187943
22509,0.00098,172.31.36.0-255,66,83514,12,187943
22510,0.000984,172.217.194.0-255,2902,86416,12,187943
22511,0.000986,172.31.36.0-255,66,86482,12,187943
22512,0.001006,172.217.194.0-255,4320,90802,12,187943
22513,0.001009,172.31.36.0-255,66,90868,12,187943
22514,0.001015,172.217.194.0-255,4320,95188,12,187943
22515,0.001017,172.31.36.0-255,66,95254,12,187943
22516,0.001063,172.31.36.0-255,66,95320,12,187943
22517,0.00107,172.217.194.0-255,6438,101758,12,187943
22518,0.001073,172.31.36.0-255,66,101824,12,187943
22519,0.001131,172.217.194.0-255,1484,103308,12,187943
22520,0.001135,172.217.194.0-255,2902,106210,12,187943
22521,0.001138,172.31.36.0-255,66,106276,12,187943
22522,0.001144,172.217.194.0-255,5738,112014,12,187943
22523,0.001147,172.31.36.0-255,66,112080,12,187943
22524,0.001158,172.31.36.0-255,66,112146,12,187943
22525,0.001184,172.217.194.0-255,2902,115048,12,187943
22526,0.001187,172.31.36.0-255,66,115114,12,187943
22527,0.0012,172.31.36.0-255,66,115180,12,187943
22528,0.001265,172.217.194.0-255,1484,116664,12,187943
22529,0.001269,172.217.194.0-255,1484,118148,12,187943
22530,0.001272,172.31.36.0-255,66,118214,12,187943
22531,0.001283,172.217.194.0-255,1484,119698,12,187943
22532,0.001289,172.217.194.0-255,4320,124018,12,187943
22533,0.001292,172.31.36.0-255,66,124084,12,187943
22534,0.001311,172.217.194.0-255,1484,125568,12,187943
22535,0.001316,172.217.194.0-255,4320,129888,12,187943
22536,0.001319,172.31.36.0-255,66,129954,12,187943
22537,0.001345,172.31.36.0-255,66,130020,12,187943
22538,0.00135,172.217.194.0-255,4320,134340,12,187943
22539,0.001353,172.31.36.0-255,66,134406,12,187943
22540,0.001388,172.217.194.0-255,6438,140844,12,187943
22541,0.001391,172.31.36.0-255,66,140910,12,187943
22542,0.001431,172.217.194.0-255,1484,142394,12,187943
22543,0.001444,172.217.194.0-255,2902,145296,12,187943
22544,0.001448,172.31.36.0-255,66,145362,12,187943
22545,0.001455,172.217.194.0-255,5738,151100,12,187943
22546,0.001458,172.31.36.0-255,66,151166,12,187943
22547,0.001464,172.217.194.0-255,5738,156904,12,187943
22548,0.001466,172.31.36.0-255,66,156970,12,187943
22549,0.001491,172.217.194.0-255,5738,162708,12,187943
22550,0.001494,172.31.36.0-255,66,162774,12,187943
22551,0.001507,172.31.36.0-255,66,162840,12,187943
22552,0.001514,172.217.194.0-255,7156,169996,12,187943
22553,0.001516,172.31.36.0-255,66,170062,12,187943
22554,0.001541,172.217.194.0-255,5738,175800,12,187943
22555,0.001544,172.31.36.0-255,66,175866,12,187943
22556,0.001614,172.217.194.0-255,3602,179468,12,187943
22557,0.001799,172.217.194.0-255,97,179565,12,187943
22558,0.001801,172.217.194.0-255,105,179670,12,187943
22559,0.002579,172.31.36.0-255,66,179736,12,187943
22560,0.005358,172.31.36.0-255,105,179841,12,187943
22561,0.007587,172.217.194.0-255,66,179907,12,187943
22562,0.023361,172.31.36.0-255,190,180097,12,187943
22563,0.023397,172.31.36.0-255,1108,181205,12,187943
22564,0.023464,172.31.36.0-255,1514,182719,12,187943
22565,0.023466,172.31.36.0-255,1514,184233,12,187943
22566,0.023468,172.31.36.0-255,1514,185747,12,187943
22567,0.023469,172.31.36.0-255,1514,187261,12,187943
22568,0.02347,172.31.36.0-255,616,187877,12,187943
22569,0.025008,104.244.42.0-255,66,187943,12,187943
22570,0.0,74.125.24.0-255,143,143,12,158371
22571,1.6e-05,172.31.36.0-255,66,209,12,158371
22572,2.3e-05,74.125.24.0-255,1484,1693,12,158371
22573,2.9e-05,172.31.36.0-255,66,1759,12,158371
22574,3.4e-05,74.125.24.0-255,2902,4661,12,158371
22575,3.7e-05,172.31.36.0-255,66,4727,12,158371
22576,4.5e-05,74.125.24.0-255,7156,11883,12,158371
22577,4.8e-05,172.31.36.0-255,66,11949,12,158371
22578,6.9e-05,74.125.24.0-255,2066,14015,12,158371
22579,7.2e-05,172.31.36.0-255,66,14081,12,158371
22580,8.6e-05,172.31.36.0-255,66,14147,12,158371
22581,0.000133,172.31.36.0-255,66,14213,12,158371
22582,0.000165,172.31.36.0-255,66,14279,12,158371
22583,0.000273,74.125.24.0-255,1484,15763,12,158371
22584,0.000277,172.31.36.0-255,66,15829,12,158371
22585,0.000283,74.125.24.0-255,2902,18731,12,158371
22586,0.000285,172.31.36.0-255,66,18797,12,158371
22587,0.000304,74.125.24.0-255,4320,23117,12,158371
22588,0.000307,172.31.36.0-255,66,23183,12,158371
22589,0.000313,74.125.24.0-255,5738,28921,12,158371
22590,0.000316,172.31.36.0-255,66,28987,12,158371
22591,0.000356,74.125.24.0-255,2853,31840,12,158371
22592,0.000359,172.31.36.0-255,66,31906,12,158371
22593,0.000431,74.125.24.0-255,110,32016,12,158371
22594,0.000435,172.31.36.0-255,66,32082,12,158371
22595,0.00075,74.125.24.0-255,1484,33566,12,158371
22596,0.000755,172.31.36.0-255,66,33632,12,158371
22597,0.00076,74.125.24.0-255,2902,36534,12,158371
22598,0.000763,172.31.36.0-255,66,36600,12,158371
22599,0.000769,74.125.24.0-255,4320,40920,12,158371
22600,0.00079,74.125.24.0-255,1484,42404,12,158371
22601,0.000795,74.125.24.0-255,2902,45306,12,158371
22602,0.0008,172.31.36.0-255,66,45372,12,158371
22603,0.000827,74.125.24.0-255,4320,49692,12,158371
22604,0.000845,74.125.24.0-255,6438,56130,12,158371
22605,0.000851,172.31.36.0-255,66,56196,12,158371
22606,0.002016,74.125.24.0-255,1484,57680,12,158371
22607,0.002027,74.125.24.0-255,2902,60582,12,158371
22608,0.002032,172.31.36.0-255,66,60648,12,158371
22609,0.002041,74.125.24.0-255,5738,66386,12,158371
22610,0.002129,74.125.24.0-255,7156,73542,12,158371
22611,0.002148,74.125.24.0-255,5020,78562,12,158371
22612,0.002862,172.31.36.0-255,66,78628,12,158371
22613,0.004917,74.125.24.0-255,5738,84366,12,158371
22614,0.004922,172.31.36.0-255,66,84432,12,158371
22615,0.007046,74.125.24.0-255,5738,90170,12,158371
22616,0.007051,172.31.36.0-255,66,90236,12,158371
22617,0.009117,74.125.24.0-255,5738,95974,12,158371
22618,0.009124,172.31.36.0-255,66,96040,12,158371
22619,0.011182,74.125.24.0-255,5738,101778,12,158371
22620,0.011191,172.31.36.0-255,66,101844,12,158371
22621,0.013278,74.125.24.0-255,5738,107582,12,158371
22622,0.013288,172.31.36.0-255,66,107648,12,158371
22623,0.015363,74.125.24.0-255,5738,113386,12,158371
22624,0.015375,172.31.36.0-255,66,113452,12,158371
22625,0.017458,74.125.24.0-255,5738,119190,12,158371
22626,0.017467,172.31.36.0-255,66,119256,12,158371
22627,0.019541,74.125.24.0-255,5738,124994,12,158371
22628,0.019548,172.31.36.0-255,66,125060,12,158371
22629,0.021626,74.125.24.0-255,5738,130798,12,158371
22630,0.021634,172.31.36.0-255,66,130864,12,158371
22631,0.023685,74.125.24.0-255,5738,136602,12,158371
22632,0.023693,172.31.36.0-255,66,136668,12,158371
22633,0.025762,74.125.24.0-255,5738,142406,12,158371
22634,0.02577,172.31.36.0-255,66,142472,12,158371
22635,0.027089,172.31.36.0-255,172,142644,12,158371
22636,0.027121,172.31.36.0-255,1108,143752,12,158371
22637,0.02718,172.31.36.0-255,1514,145266,12,158371
22638,0.027182,172.31.36.0-255,1299,146565,12,158371
22639,0.027854,74.125.24.0-255,5738,152303,12,158371
22640,0.027862,172.31.36.0-255,66,152369,12,158371
22641,0.028684,104.244.42.0-255,66,152435,12,158371
22642,0.028712,104.244.42.0-255,66,152501,12,158371
22643,0.028758,104.244.42.0-255,66,152567,12,158371
22644,0.029961,74.125.24.0-255,5738,158305,12,158371
22645,0.029967,172.31.36.0-255,66,158371,12,158371
22646,0.0,74.125.24.0-255,148,148,12,237719
22647,2.3e-05,172.31.36.0-255,66,214,12,237719
22648,3e-05,74.125.24.0-255,1484,1698,12,237719
22649,3.5e-05,172.31.36.0-255,66,1764,12,237719
22650,3.9e-05,74.125.24.0-255,2902,4666,12,237719
22651,4.3e-05,172.31.36.0-255,66,4732,12,237719
22652,5e-05,74.125.24.0-255,7156,11888,12,237719
22653,5.3e-05,172.31.36.0-255,66,11954,12,237719
22654,9e-05,172.31.36.0-255,66,12020,12,237719
22655,9.6e-05,74.125.24.0-255,4320,16340,12,237719
22656,9.8e-05,172.31.36.0-255,66,16406,12,237719
22657,0.00011,74.125.24.0-255,1484,17890,12,237719
22658,0.000112,172.31.36.0-255,66,17956,12,237719
22659,0.000171,74.125.24.0-255,5379,23335,12,237719
22660,0.000176,172.31.36.0-255,66,23401,12,237719
22661,0.000259,74.125.24.0-255,1484,24885,12,237719
22662,0.000263,172.31.36.0-255,66,24951,12,237719
22663,0.000268,74.125.24.0-255,2902,27853,12,237719
22664,0.00027,172.31.36.0-255,66,27919,12,237719
22665,0.000292,74.125.24.0-255,5738,33657,12,237719
22666,0.000295,172.31.36.0-255,66,33723,12,237719
22667,0.000313,74.125.24.0-255,2902,36625,12,237719
22668,0.000316,172.31.36.0-255,66,36691,12,237719
22669,0.000359,172.31.36.0-255,66,36757,12,237719
22670,0.000371,172.31.36.0-255,66,36823,12,237719
22671,0.000517,74.125.24.0-255,645,37468,12,237719
22672,0.000521,172.31.36.0-255,66,37534,12,237719
22673,0.000675,74.125.24.0-255,1484,39018,12,237719
22674,0.00068,172.31.36.0-255,66,39084,12,237719
22675,0.000685,74.125.24.0-255,2902,41986,12,237719
22676,0.000687,172.31.36.0-255,66,42052,12,237719
22677,0.000692,74.125.24.0-255,2902,44954,12,237719
22678,0.000694,172.31.36.0-255,66,45020,12,237719
22679,0.000723,74.125.24.0-255,2902,47922,12,237719
22680,0.000726,172.31.36.0-255,66,47988,12,237719
22681,0.000732,74.125.24.0-255,5738,53726,12,237719
22682,0.000734,172.31.36.0-255,66,53792,12,237719
22683,0.00076,74.125.24.0-255,2902,56694,12,237719
22684,0.000763,172.31.36.0-255,66,56760,12,237719
22685,0.000793,74.125.24.0-255,3961,60721,12,237719
22686,0.000806,172.31.36.0-255,66,60787,12,237719
22687,0.00127,74.125.24.0-255,1484,62271,12,237719
22688,0.001278,74.125.24.0-255,2902,65173,12,237719
22689,0.001282,172.31.36.0-255,66,65239,12,237719
22690,0.001309,74.125.24.0-255,5738,70977,12,237719
22691,0.001313,172.31.36.0-255,66,71043,12,237719
22692,0.001319,74.125.24.0-255,4320,75363,12,237719
22693,0.001321,172.31.36.0-255,66,75429,12,237719
22694,0.001337,74.125.24.0-255,7156,82585,12,237719
22695,0.001341,172.31.36.0-255,66,82651,12,237719
22696,0.001376,74.125.24.0-255,5738,88389,12,237719
22697,0.001379,172.31.36.0-255,66,88455,12,237719
22698,0.001402,74.125.24.0-255,6438,94893,12,237719
22699,0.001404,172.31.36.0-255,66,94959,12,237719
22700,0.001887,74.125.24.0-255,1484,96443,12,237719
22701,0.001895,74.125.24.0-255,2902,99345,12,237719
22702,0.001899,172.31.36.0-255,66,99411,12,237719
22703,0.001908,74.125.24.0-255,4320,103731,12,237719
22704,0.00191,172.31.36.0-255,66,103797,12,237719
22705,0.001922,74.125.24.0-255,1484,105281,12,237719
22706,0.001926,74.125.24.0-255,2902,108183,12,237719
22707,0.001955,74.125.24.0-255,1484,109667,12,237719
22708,0.001972,74.125.24.0-255,7156,116823,12,237719
22709,0.002007,74.125.24.0-255,2184,119007,12,237719
22710,0.002286,74.125.24.0-255,1484,120491,12,237719
22711,0.002306,74.125.24.0-255,2902,123393,12,237719
22712,0.002316,74.125.24.0-255,2902,126295,12,237719
22713,0.002329,74.125.24.0-255,2902,129197,12,237719
22714,0.002332,74.125.24.0-255,1484,130681,12,237719
22715,0.002352,74.125.24.0-255,2902,133583,12,237719
22716,0.002358,74.125.24.0-255,5738,139321,12,237719
22717,0.002367,74.125.24.0-255,1484,140805,12,237719
22718,0.002391,74.125.24.0-255,2184,142989,12,237719
22719,0.002417,74.125.24.0-255,2902,145891,12,237719
22720,0.002419,74.125.24.0-255,1484,147375,12,237719
22721,0.002437,74.125.24.0-255,4320,151695,12,237719
22722,0.00244,74.125.24.0-255,2902,154597,12,237719
22723,0.002443,74.125.24.0-255,1484,156081,12,237719
22724,0.002455,74.125.24.0-255,1484,157565,12,237719
22725,0.002487,74.125.24.0-255,2902,160467,12,237719
22726,0.002534,74.125.24.0-255,2902,163369,12,237719
22727,0.002592,74.125.24.0-255,5738,169107,12,237719
22728,0.002614,74.125.24.0-255,5020,174127,12,237719
22729,0.00269,74.125.24.0-255,2902,177029,12,237719
22730,0.002706,74.125.24.0-255,2902,179931,12,237719
22731,0.002741,74.125.24.0-255,3602,183533,12,237719
22732,0.002771,74.125.24.0-255,2902,186435,12,237719
22733,0.002789,74.125.24.0-255,4320,190755,12,237719
22734,0.002846,74.125.24.0-255,5738,196493,12,237719
22735,0.002876,74.125.24.0-255,4320,200813,12,237719
22736,0.002938,74.125.24.0-255,1484,202297,12,237719
22737,0.002987,74.125.24.0-255,4320,206617,12,237719
22738,0.002999,74.125.24.0-255,2902,209519,12,237719
22739,0.003004,74.125.24.0-255,2902,212421,12,237719
22740,0.00306,74.125.24.0-255,5738,218159,12,237719
22741,0.003063,74.125.24.0-255,1484,219643,12,237719
22742,0.003089,74.125.24.0-255,5020,224663,12,237719
22743,0.003151,74.125.24.0-255,4320,228983,12,237719
22744,0.00317,74.125.24.0-255,2902,231885,12,237719
22745,0.003195,74.125.24.0-255,2902,234787,12,237719
22746,0.003212,74.125.24.0-255,2590,237377,12,237719
22747,0.003246,74.125.24.0-255,105,237482,12,237719
22748,0.006902,172.31.36.0-255,66,237548,12,237719
22749,0.00936,172.31.36.0-255,105,237653,12,237719
22750,0.011604,74.125.24.0-255,66,237719,12,237719
22751,0.0,172.217.194.0-255,153,153,12,222157
22752,1.8e-05,172.31.36.0-255,66,219,12,222157
22753,2.4e-05,172.217.194.0-255,1484,1703,12,222157
22754,2.8e-05,172.31.36.0-255,66,1769,12,222157
22755,3.4e-05,172.217.194.0-255,2902,4671,12,222157
22756,3.6e-05,172.31.36.0-255,66,4737,12,222157
22757,4.3e-05,172.217.194.0-255,5738,10475,12,222157
22758,4.6e-05,172.31.36.0-255,66,10541,12,222157
22759,5.3e-05,172.217.194.0-255,6318,16859,12,222157
22760,5.7e-05,172.31.36.0-255,66,16925,12,222157
22761,9.5e-05,172.31.36.0-255,66,16991,12,222157
22762,0.000155,172.217.194.0-255,1484,18475,12,222157
22763,0.000159,172.31.36.0-255,66,18541,12,222157
22764,0.000165,172.217.194.0-255,2902,21443,12,222157
22765,0.000168,172.31.36.0-255,66,21509,12,222157
22766,0.000173,172.217.194.0-255,1484,22993,12,222157
22767,0.000175,172.31.36.0-255,66,23059,12,222157
22768,0.000201,172.217.194.0-255,4320,27379,12,222157
22769,0.000205,172.31.36.0-255,66,27445,12,222157
22770,0.000215,172.31.36.0-255,66,27511,12,222157
22771,0.000231,172.217.194.0-255,2543,30054,12,222157
22772,0.000233,172.31.36.0-255,66,30120,12,222157
22773,0.00025,172.217.194.0-255,5738,35858,12,222157
22774,0.000253,172.31.36.0-255,66,35924,12,222157
22775,0.000273,172.217.194.0-255,6797,42721,12,222157
22776,0.000276,172.31.36.0-255,66,42787,12,222157
22777,0.000279,172.217.194.0-255,647,43434,12,222157
22778,0.000281,172.31.36.0-255,66,43500,12,222157
22779,0.000487,172.217.194.0-255,1484,44984,12,222157
22780,0.000494,172.31.36.0-255,66,45050,12,222157
22781,0.000501,172.217.194.0-255,2902,47952,12,222157
22782,0.000504,172.31.36.0-255,66,48018,12,222157
22783,0.000509,172.217.194.0-255,5738,53756,12,222157
22784,0.000512,172.31.36.0-255,66,53822,12,222157
22785,0.000558,172.31.36.0-255,66,53888,12,222157
22786,0.000566,172.217.194.0-255,7156,61044,12,222157
22787,0.000569,172.31.36.0-255,66,61110,12,222157
22788,0.000597,172.217.194.0-255,3602,64712,12,222157
22789,0.000601,172.31.36.0-255,66,64778,12,222157
22790,0.000653,172.217.194.0-255,1484,66262,12,222157
22791,0.000661,172.217.194.0-255,2902,69164,12,222157
22792,0.000665,172.31.36.0-255,66,69230,12,222157
22793,0.000672,172.217.194.0-255,5738,74968,12,222157
22794,0.000675,172.31.36.0-255,66,75034,12,222157
22795,0.000691,172.217.194.0-255,2902,77936,12,222157
22796,0.000694,172.31.36.0-255,66,78002,12,222157
22797,0.000723,172.31.36.0-255,66,78068,12,222157
22798,0.000769,172.31.36.0-255,66,78134,12,222157
22799,0.000815,172.31.36.0-255,66,78200,12,222157
22800,0.000832,172.217.194.0-255,1125,79325,12,222157
22801,0.000914,172.217.194.0-255,1484,80809,12,222157
22802,0.00092,172.31.36.0-255,66,80875,12,222157
22803,0.000925,172.217.194.0-255,2902,83777,12,222157
22804,0.000928,172.31.36.0-255,66,83843,12,222157
22805,0.000931,172.217.194.0-255,1484,85327,12,222157
22806,0.000956,172.217.194.0-255,4320,89647,12,222157
22807,0.00096,172.31.36.0-255,66,89713,12,222157
22808,0.000967,172.217.194.0-255,5738,95451,12,222157
22809,0.00097,172.31.36.0-255,66,95517,12,222157
22810,0.001017,172.31.36.0-255,66,95583,12,222157
22811,0.001024,172.217.194.0-255,5020,100603,12,222157
22812,0.001026,172.31.36.0-255,66,100669,12,222157
22813,0.001046,172.217.194.0-255,2902,103571,12,222157
22814,0.00105,172.31.36.0-255,66,103637,12,222157
22815,0.001076,172.217.194.0-255,2902,106539,12,222157
22816,0.001079,172.31.36.0-255,66,106605,12,222157
22817,0.001085,172.217.194.0-255,7156,113761,12,222157
22818,0.001087,172.31.36.0-255,66,113827,12,222157
22819,0.001098,172.31.36.0-255,66,113893,12,222157
22820,0.00113,172.217.194.0-255,1484,115377,12,222157
22821,0.001137,172.217.194.0-255,6438,121815,12,222157
22822,0.001141,172.31.36.0-255,66,121881,12,222157
22823,0.001155,172.217.194.0-255,1484,123365,12,222157
22824,0.001177,172.217.194.0-255,4320,127685,12,222157
22825,0.001182,172.31.36.0-255,66,127751,12,222157
22826,0.001203,172.217.194.0-255,7156,134907,12,222157
22827,0.001206,172.31.36.0-255,66,134973,12,222157
22828,0.001241,172.217.194.0-255,7156,142129,12,222157
22829,0.001245,172.31.36.0-255,66,142195,12,222157
22830,0.001277,172.31.36.0-255,66,142261,12,222157
22831,0.001366,172.217.194.0-255,1484,143745,12,222157
22832,0.001377,172.217.194.0-255,2902,146647,12,222157
22833,0.001381,172.217.194.0-255,2902,149549,12,222157
22834,0.001387,172.31.36.0-255,66,149615,12,222157
22835,0.001397,172.31.36.0-255,66,149681,12,222157
22836,0.001402,172.217.194.0-255,2902,152583,12,222157
22837,0.001404,172.31.36.0-255,66,152649,12,222157
22838,0.001417,172.31.36.0-255,66,152715,12,222157
22839,0.001438,172.217.194.0-255,4320,157035,12,222157
22840,0.00145,172.217.194.0-255,2902,159937,12,222157
22841,0.001484,172.31.36.0-255,66,160003,12,222157
22842,0.001612,172.217.194.0-255,1484,161487,12,222157
22843,0.001617,172.217.194.0-255,2902,164389,12,222157
22844,0.001622,172.217.194.0-255,5738,170127,12,222157
22845,0.00163,172.31.36.0-255,66,170193,12,222157
22846,0.001704,172.217.194.0-255,1484,171677,12,222157
22847,0.001714,172.217.194.0-255,2184,173861,12,222157
22848,0.001729,172.31.36.0-255,66,173927,12,222157
22849,0.001755,172.217.194.0-255,1484,175411,12,222157
22850,0.001757,172.217.194.0-255,1484,176895,12,222157
22851,0.001775,172.217.194.0-255,1484,178379,12,222157
22852,0.001782,172.217.194.0-255,5738,184117,12,222157
22853,0.001799,172.217.194.0-255,5738,189855,12,222157
22854,0.001816,172.217.194.0-255,7156,197011,12,222157
22855,0.001821,172.31.36.0-255,66,197077,12,222157
22856,0.001864,172.31.36.0-255,66,197143,12,222157
22857,0.00187,172.217.194.0-255,4320,201463,12,222157
22858,0.001874,172.31.36.0-255,66,201529,12,222157
22859,0.001913,172.217.194.0-255,3602,205131,12,222157
22860,0.001915,172.31.36.0-255,66,205197,12,222157
22861,0.00192,172.31.36.0-255,66,205263,12,222157
22862,0.001956,172.217.194.0-255,2902,208165,12,222157
22863,0.001984,172.31.36.0-255,66,208231,12,222157
22864,0.002005,172.217.194.0-255,4320,212551,12,222157
22865,0.00202,172.31.36.0-255,66,212617,12,222157
22866,0.002053,172.31.36.0-255,66,212683,12,222157
22867,0.00207,172.217.194.0-255,97,212780,12,222157
22868,0.002072,172.217.194.0-255,105,212885,12,222157
22869,0.005257,172.31.36.0-255,66,212951,12,222157
22870,0.005389,172.31.36.0-255,105,213056,12,222157
22871,0.007855,172.217.194.0-255,66,213122,12,222157
22872,0.027764,172.31.36.0-255,172,213294,12,222157
22873,0.027792,172.31.36.0-255,1108,214402,12,222157
22874,0.027863,172.31.36.0-255,1514,215916,12,222157
22875,0.027864,172.31.36.0-255,1514,217430,12,222157
22876,0.027865,172.31.36.0-255,1514,218944,12,222157
22877,0.027866,172.31.36.0-255,1514,220458,12,222157
22878,0.027893,172.31.36.0-255,1501,221959,12,222157
22879,0.029286,104.244.42.0-255,66,222025,12,222157
22880,0.029414,104.244.42.0-255,66,222091,12,222157
22881,0.029416,104.244.42.0-255,66,222157,12,222157
22882,0.0,172.253.118.0-255,152,152,12,220901
22883,2.6e-05,172.31.36.0-255,66,218,12,220901
22884,3.4e-05,172.253.118.0-255,1484,1702,12,220901
22885,3.9e-05,172.31.36.0-255,66,1768,12,220901
22886,4.5e-05,172.253.118.0-255,2902,4670,12,220901
22887,4.9e-05,172.31.36.0-255,66,4736,12,220901
22888,5.7e-05,172.253.118.0-255,7156,11892,12,220901
22889,6.1e-05,172.31.36.0-255,66,11958,12,220901
22890,6.5e-05,172.253.118.0-255,2103,14061,12,220901
22891,6.8e-05,172.31.36.0-255,66,14127,12,220901
22892,7.2e-05,172.253.118.0-255,1484,15611,12,220901
22893,7.4e-05,172.31.36.0-255,66,15677,12,220901
22894,0.000105,172.253.118.0-255,2902,18579,12,220901
22895,0.000108,172.31.36.0-255,66,18645,12,220901
22896,0.000115,172.253.118.0-255,5738,24383,12,220901
22897,0.000117,172.31.36.0-255,66,24449,12,220901
22898,0.000141,172.253.118.0-255,6797,31246,12,220901
22899,0.000144,172.31.36.0-255,66,31312,12,220901
22900,0.000244,172.253.118.0-255,1484,32796,12,220901
22901,0.000248,172.31.36.0-255,66,32862,12,220901
22902,0.000253,172.253.118.0-255,2902,35764,12,220901
22903,0.000255,172.31.36.0-255,66,35830,12,220901
22904,0.00027,172.253.118.0-255,5738,41568,12,220901
22905,0.000273,172.31.36.0-255,66,41634,12,220901
22906,0.000296,172.253.118.0-255,5738,47372,12,220901
22907,0.000299,172.31.36.0-255,66,47438,12,220901
22908,0.000343,172.31.36.0-255,66,47504,12,220901
22909,0.000348,172.253.118.0-255,3961,51465,12,220901
22910,0.00035,172.31.36.0-255,66,51531,12,220901
22911,0.000353,172.253.118.0-255,362,51893,12,220901
22912,0.000356,172.31.36.0-255,66,51959,12,220901
22913,0.000418,172.253.118.0-255,131,52090,12,220901
22914,0.00045,172.253.118.0-255,347,52437,12,220901
22915,0.000775,172.253.118.0-255,1484,53921,12,220901
22916,0.00078,172.31.36.0-255,66,53987,12,220901
22917,0.000786,172.253.118.0-255,2902,56889,12,220901
22918,0.000788,172.31.36.0-255,66,56955,12,220901
22919,0.000795,172.253.118.0-255,5738,62693,12,220901
22920,0.000797,172.31.36.0-255,66,62759,12,220901
22921,0.000831,172.31.36.0-255,66,62825,12,220901
22922,0.000851,172.253.118.0-255,4320,67145,12,220901
22923,0.000854,172.31.36.0-255,66,67211,12,220901
22924,0.000864,172.31.36.0-255,66,67277,12,220901
22925,0.000885,172.253.118.0-255,2184,69461,12,220901
22926,0.000888,172.31.36.0-255,66,69527,12,220901
22927,0.001242,172.253.118.0-255,1484,71011,12,220901
22928,0.001247,172.253.118.0-255,1484,72495,12,220901
22929,0.00125,172.31.36.0-255,66,72561,12,220901
22930,0.001264,172.253.118.0-255,1484,74045,12,220901
22931,0.001284,172.253.118.0-255,4320,78365,12,220901
22932,0.001287,172.31.36.0-255,66,78431,12,220901
22933,0.001305,172.253.118.0-255,1484,79915,12,220901
22934,0.001309,172.253.118.0-255,2902,82817,12,220901
22935,0.001311,172.31.36.0-255,66,82883,12,220901
22936,0.001332,172.253.118.0-255,5738,88621,12,220901
22937,0.001334,172.31.36.0-255,66,88687,12,220901
22938,0.001351,172.253.118.0-255,4320,93007,12,220901
22939,0.001354,172.31.36.0-255,66,93073,12,220901
22940,0.00139,172.253.118.0-255,7156,100229,12,220901
22941,0.001392,172.31.36.0-255,66,100295,12,220901
22942,0.001416,172.253.118.0-255,3602,103897,12,220901
22943,0.001419,172.31.36.0-255,66,103963,12,220901
22944,0.001441,172.253.118.0-255,1484,105447,12,220901
22945,0.001446,172.253.118.0-255,2902,108349,12,220901
22946,0.001448,172.31.36.0-255,66,108415,12,220901
22947,0.001455,172.253.118.0-255,5738,114153,12,220901
22948,0.001458,172.31.36.0-255,66,114219,12,220901
22949,0.001494,172.31.36.0-255,66,114285,12,220901
22950,0.001498,172.253.118.0-255,1484,115769,12,220901
22951,0.001525,172.31.36.0-255,66,115835,12,220901
22952,0.00174,172.253.118.0-255,1484,117319,12,220901
22953,0.001754,172.253.118.0-255,2902,120221,12,220901
22954,0.001757,172.31.36.0-255,66,120287,12,220901
22955,0.001764,172.253.118.0-255,5738,126025,12,220901
22956,0.001767,172.31.36.0-255,66,126091,12,220901
22957,0.001795,172.31.36.0-255,66,126157,12,220901
22958,0.001814,172.253.118.0-255,4320,130477,12,220901
22959,0.001817,172.31.36.0-255,66,130543,12,220901
22960,0.00183,172.31.36.0-255,66,130609,12,220901
22961,0.001875,172.253.118.0-255,1484,132093,12,220901
22962,0.001892,172.253.118.0-255,2902,134995,12,220901
22963,0.001894,172.31.36.0-255,66,135061,12,220901
22964,0.001901,172.253.118.0-255,4320,139381,12,220901
22965,0.001904,172.31.36.0-255,66,139447,12,220901
22966,0.001931,172.253.118.0-255,1484,140931,12,220901
22967,0.001944,172.31.36.0-255,66,140997,12,220901
22968,0.001964,172.253.118.0-255,4320,145317,12,220901
22969,0.001966,172.31.36.0-255,66,145383,12,220901
22970,0.001994,172.31.36.0-255,66,145449,12,220901
22971,0.004017,172.253.118.0-255,5738,151187,12,220901
22972,0.004025,172.31.36.0-255,66,151253,12,220901
22973,0.006029,172.253.118.0-255,5738,156991,12,220901
22974,0.006033,172.31.36.0-255,66,157057,12,220901
22975,0.008043,172.253.118.0-255,5738,162795,12,220901
22976,0.008047,172.31.36.0-255,66,162861,12,220901
22977,0.010057,172.253.118.0-255,5738,168599,12,220901
22978,0.010064,172.31.36.0-255,66,168665,12,220901
22979,0.012087,172.253.118.0-255,5738,174403,12,220901
22980,0.012094,172.31.36.0-255,66,174469,12,220901
22981,0.01411,172.253.118.0-255,5738,180207,12,220901
22982,0.014118,172.31.36.0-255,66,180273,12,220901
22983,0.016145,172.253.118.0-255,5738,186011,12,220901
22984,0.016153,172.31.36.0-255,66,186077,12,220901
22985,0.018166,172.253.118.0-255,5738,191815,12,220901
22986,0.018176,172.31.36.0-255,66,191881,12,220901
22987,0.020185,172.253.118.0-255,5738,197619,12,220901
22988,0.020193,172.31.36.0-255,66,197685,12,220901
22989,0.0222,172.253.118.0-255,5738,203423,12,220901
22990,0.022208,172.31.36.0-255,66,203489,12,220901
22991,0.024241,172.253.118.0-255,5738,209227,12,220901
22992,0.024248,172.31.36.0-255,66,209293,12,220901
22993,0.026263,172.253.118.0-255,5738,215031,12,220901
22994,0.02627,172.31.36.0-255,66,215097,12,220901
22995,0.028271,172.253.118.0-255,5738,220835,12,220901
22996,0.028279,172.31.36.0-255,66,220901,12,220901
22997,0.0,74.125.24.0-255,153,153,12,189022
22998,3.4e-05,172.31.36.0-255,66,219,12,189022
22999,4.1e-05,74.125.24.0-255,1484,1703,12,189022
23000,4.5e-05,172.31.36.0-255,66,1769,12,189022
23001,5e-05,74.125.24.0-255,2902,4671,12,189022
23002,5.3e-05,172.31.36.0-255,66,4737,12,189022
23003,6e-05,74.125.24.0-255,5738,10475,12,189022
23004,6.3e-05,172.31.36.0-255,66,10541,12,189022
23005,8.6e-05,74.125.24.0-255,1484,12025,12,189022
23006,9e-05,172.31.36.0-255,66,12091,12,189022
23007,9.1e-05,74.125.24.0-255,5738,17829,12,189022
23008,9.5e-05,172.31.36.0-255,66,17895,12,189022
23009,0.000126,172.31.36.0-255,66,17961,12,189022
23010,0.000132,74.125.24.0-255,3961,21922,12,189022
23011,0.000134,172.31.36.0-255,66,21988,12,189022
23012,0.000163,74.125.24.0-255,4320,26308,12,189022
23013,0.000166,172.31.36.0-255,66,26374,12,189022
23014,0.000184,74.125.24.0-255,4320,30694,12,189022
23015,0.000186,172.31.36.0-255,66,30760,12,189022
23016,0.000213,74.125.24.0-255,5738,36498,12,189022
23017,0.000216,172.31.36.0-255,66,36564,12,189022
23018,0.000223,74.125.24.0-255,7156,43720,12,189022
23019,0.000225,172.31.36.0-255,66,43786,12,189022
23020,0.000249,74.125.24.0-255,7156,50942,12,189022
23021,0.000252,172.31.36.0-255,66,51008,12,189022
23022,0.000274,74.125.24.0-255,5020,56028,12,189022
23023,0.000277,172.31.36.0-255,66,56094,12,189022
23024,0.000279,74.125.24.0-255,356,56450,12,189022
23025,0.000281,172.31.36.0-255,66,56516,12,189022
23026,0.000961,74.125.24.0-255,134,56650,12,189022
23027,0.000966,172.31.36.0-255,66,56716,12,189022
23028,0.001003,74.125.24.0-255,1484,58200,12,189022
23029,0.00101,74.125.24.0-255,2902,61102,12,189022
23030,0.001013,172.31.36.0-255,66,61168,12,189022
23031,0.00102,74.125.24.0-255,5738,66906,12,189022
23032,0.001023,172.31.36.0-255,66,66972,12,189022
23033,0.001042,74.125.24.0-255,5738,72710,12,189022
23034,0.001045,172.31.36.0-255,66,72776,12,189022
23035,0.001079,74.125.24.0-255,7156,79932,12,189022
23036,0.001083,172.31.36.0-255,66,79998,12,189022
23037,0.001094,172.31.36.0-255,66,80064,12,189022
23038,0.001097,74.125.24.0-255,766,80830,12,189022
23039,0.001182,74.125.24.0-255,1484,82314,12,189022
23040,0.001186,172.31.36.0-255,66,82380,12,189022
23041,0.001191,74.125.24.0-255,2902,85282,12,189022
23042,0.001193,172.31.36.0-255,66,85348,12,189022
23043,0.0012,74.125.24.0-255,5738,91086,12,189022
23044,0.001203,172.31.36.0-255,66,91152,12,189022
23045,0.001232,74.125.24.0-255,5738,96890,12,189022
23046,0.001235,172.31.36.0-255,66,96956,12,189022
23047,0.001239,74.125.24.0-255,2902,99858,12,189022
23048,0.001241,172.31.36.0-255,66,99924,12,189022
23049,0.001263,172.31.36.0-255,66,99990,12,189022
23050,0.001269,74.125.24.0-255,4320,104310,12,189022
23051,0.001271,172.31.36.0-255,66,104376,12,189022
23052,0.001296,74.125.24.0-255,5020,109396,12,189022
23053,0.001299,172.31.36.0-255,66,109462,12,189022
23054,0.001324,172.31.36.0-255,66,109528,12,189022
23055,0.001363,172.31.36.0-255,66,109594,12,189022
23056,0.001369,74.125.24.0-255,5020,114614,12,189022
23057,0.001371,172.31.36.0-255,66,114680,12,189022
23058,0.001791,74.125.24.0-255,1484,116164,12,189022
23059,0.001798,74.125.24.0-255,2902,119066,12,189022
23060,0.001802,172.31.36.0-255,66,119132,12,189022
23061,0.001842,74.125.24.0-255,4320,123452,12,189022
23062,0.001845,172.31.36.0-255,66,123518,12,189022
23063,0.00186,74.125.24.0-255,1484,125002,12,189022
23064,0.001872,172.31.36.0-255,66,125068,12,189022
23065,0.001882,74.125.24.0-255,1484,126552,12,189022
23066,0.00191,172.31.36.0-255,66,126618,12,189022
23067,0.001938,74.125.24.0-255,4320,130938,12,189022
23068,0.00194,172.31.36.0-255,66,131004,12,189022
23069,0.001958,74.125.24.0-255,4320,135324,12,189022
23070,0.001961,172.31.36.0-255,66,135390,12,189022
23071,0.001971,172.31.36.0-255,66,135456,12,189022
23072,0.001989,74.125.24.0-255,1484,136940,12,189022
23073,0.002004,74.125.24.0-255,5738,142678,12,189022
23074,0.002007,172.31.36.0-255,66,142744,12,189022
23075,0.002033,172.31.36.0-255,66,142810,12,189022
23076,0.00204,74.125.24.0-255,7156,149966,12,189022
23077,0.002042,172.31.36.0-255,66,150032,12,189022
23078,0.002069,172.31.36.0-255,66,150098,12,189022
23079,0.002084,172.31.36.0-255,66,150164,12,189022
23080,0.002104,74.125.24.0-255,7156,157320,12,189022
23081,0.002107,172.31.36.0-255,66,157386,12,189022
23082,0.002111,74.125.24.0-255,3602,160988,12,189022
23083,0.002114,172.31.36.0-255,66,161054,12,189022
23084,0.002144,74.125.24.0-255,7156,168210,12,189022
23085,0.002147,172.31.36.0-255,66,168276,12,189022
23086,0.00218,172.31.36.0-255,66,168342,12,189022
23087,0.002194,172.31.36.0-255,66,168408,12,189022
23088,0.002215,74.125.24.0-255,4320,172728,12,189022
23089,0.002217,172.31.36.0-255,66,172794,12,189022
23090,0.002248,172.31.36.0-255,66,172860,12,189022
23091,0.002281,172.31.36.0-255,66,172926,12,189022
23092,0.002301,172.31.36.0-255,66,172992,12,189022
23093,0.002314,74.125.24.0-255,5020,178012,12,189022
23094,0.002317,172.31.36.0-255,66,178078,12,189022
23095,0.002358,74.125.24.0-255,5738,183816,12,189022
23096,0.00236,172.31.36.0-255,66,183882,12,189022
23097,0.002426,74.125.24.0-255,3977,187859,12,189022
23098,0.002428,74.125.24.0-255,105,187964,12,189022
23099,0.002444,74.125.24.0-255,129,188093,12,189022
23100,0.004806,172.31.36.0-255,66,188159,12,189022
23101,0.005984,172.31.36.0-255,101,188260,12,189022
23102,0.00754,172.31.36.0-255,105,188365,12,189022
23103,0.007564,172.31.36.0-255,105,188470,12,189022
23104,0.007787,172.31.36.0-255,90,188560,12,189022
23105,0.007797,172.31.36.0-255,66,188626,12,189022
23106,0.00852,74.125.24.0-255,66,188692,12,189022
23107,0.010053,74.125.24.0-255,66,188758,12,189022
23108,0.01011,74.125.24.0-255,66,188824,12,189022
23109,0.010283,74.125.24.0-255,66,188890,12,189022
23110,0.010312,74.125.24.0-255,66,188956,12,189022
23111,0.010317,172.31.36.0-255,66,189022,12,189022
23112,0.0,74.125.24.0-255,153,153,12,146711
23113,2.2e-05,172.31.36.0-255,66,219,12,146711
23114,2.9e-05,74.125.24.0-255,1484,1703,12,146711
23115,3.5e-05,172.31.36.0-255,66,1769,12,146711
23116,4.1e-05,74.125.24.0-255,2902,4671,12,146711
23117,4.5e-05,172.31.36.0-255,66,4737,12,146711
23118,5.2e-05,74.125.24.0-255,7156,11893,12,146711
23119,5.6e-05,172.31.36.0-255,66,11959,12,146711
23120,0.000115,172.31.36.0-255,66,12025,12,146711
23121,0.00013,172.31.36.0-255,66,12091,12,146711
23122,0.000143,172.31.36.0-255,66,12157,12,146711
23123,0.000182,74.125.24.0-255,2902,15059,12,146711
23124,0.000185,172.31.36.0-255,66,15125,12,146711
23125,0.000221,172.31.36.0-255,66,15191,12,146711
23126,0.000223,74.125.24.0-255,125,15316,12,146711
23127,0.000226,172.31.36.0-255,66,15382,12,146711
23128,0.000361,74.125.24.0-255,1484,16866,12,146711
23129,0.000364,172.31.36.0-255,66,16932,12,146711
23130,0.000381,74.125.24.0-255,2902,19834,12,146711
23131,0.000384,172.31.36.0-255,66,19900,12,146711
23132,0.000388,74.125.24.0-255,2902,22802,12,146711
23133,0.000391,172.31.36.0-255,66,22868,12,146711
23134,0.000416,74.125.24.0-255,7156,30024,12,146711
23135,0.000419,172.31.36.0-255,66,30090,12,146711
23136,0.000456,172.31.36.0-255,66,30156,12,146711
23137,0.000462,74.125.24.0-255,3602,33758,12,146711
23138,0.000464,172.31.36.0-255,66,33824,12,146711
23139,0.000483,74.125.24.0-255,347,34171,12,146711
23140,0.000987,74.125.24.0-255,1484,35655,12,146711
23141,0.001012,74.125.24.0-255,2902,38557,12,146711
23142,0.001017,74.125.24.0-255,4320,42877,12,146711
23143,0.001035,74.125.24.0-255,4320,47197,12,146711
23144,0.001049,74.125.24.0-255,4320,51517,12,146711
23145,0.001054,74.125.24.0-255,2902,54419,12,146711
23146,0.001072,74.125.24.0-255,5738,60157,12,146711
23147,0.001216,172.31.36.0-255,66,60223,12,146711
23148,0.003232,74.125.24.0-255,5738,65961,12,146711
23149,0.00324,172.31.36.0-255,66,66027,12,146711
23150,0.005246,74.125.24.0-255,2902,68929,12,146711
23151,0.005265,74.125.24.0-255,2902,71831,12,146711
23152,0.006679,172.31.36.0-255,66,71897,12,146711
23153,0.008669,74.125.24.0-255,5738,77635,12,146711
23154,0.008677,172.31.36.0-255,66,77701,12,146711
23155,0.010688,74.125.24.0-255,5738,83439,12,146711
23156,0.010699,172.31.36.0-255,66,83505,12,146711
23157,0.012717,74.125.24.0-255,5738,89243,12,146711
23158,0.012733,172.31.36.0-255,66,89309,12,146711
23159,0.014746,74.125.24.0-255,5738,95047,12,146711
23160,0.014766,172.31.36.0-255,66,95113,12,146711
23161,0.01677,74.125.24.0-255,5738,100851,12,146711
23162,0.016781,172.31.36.0-255,66,100917,12,146711
23163,0.018793,74.125.24.0-255,5738,106655,12,146711
23164,0.018804,172.31.36.0-255,66,106721,12,146711
23165,0.02083,74.125.24.0-255,5738,112459,12,146711
23166,0.020839,172.31.36.0-255,66,112525,12,146711
23167,0.022759,172.31.36.0-255,172,112697,12,146711
23168,0.022792,172.31.36.0-255,1109,113806,12,146711
23169,0.022833,74.125.24.0-255,2902,116708,12,146711
23170,0.022839,172.31.36.0-255,66,116774,12,146711
23171,0.022898,74.125.24.0-255,2902,119676,12,146711
23172,0.022942,172.31.36.0-255,1514,121190,12,146711
23173,0.022943,172.31.36.0-255,1514,122704,12,146711
23174,0.022944,172.31.36.0-255,1514,124218,12,146711
23175,0.022946,172.31.36.0-255,1514,125732,12,146711
23176,0.022978,172.31.36.0-255,1514,127246,12,146711
23177,0.02298,172.31.36.0-255,1261,128507,12,146711
23178,0.022988,172.31.36.0-255,66,128573,12,146711
23179,0.024313,104.244.42.0-255,66,128639,12,146711
23180,0.02436,104.244.42.0-255,66,128705,12,146711
23181,0.024503,104.244.42.0-255,66,128771,12,146711
23182,0.024509,104.244.42.0-255,66,128837,12,146711
23183,0.024563,104.244.42.0-255,66,128903,12,146711
23184,0.024845,74.125.24.0-255,2902,131805,12,146711
23185,0.024853,172.31.36.0-255,66,131871,12,146711
23186,0.025003,74.125.24.0-255,2902,134773,12,146711
23187,0.025008,172.31.36.0-255,66,134839,12,146711
23188,0.026834,74.125.24.0-255,2902,137741,12,146711
23189,0.026843,172.31.36.0-255,66,137807,12,146711
23190,0.02697,74.125.24.0-255,2902,140709,12,146711
23191,0.027687,172.31.36.0-255,66,140775,12,146711
23192,0.028841,74.125.24.0-255,2902,143677,12,146711
23193,0.028848,172.31.36.0-255,66,143743,12,146711
23194,0.029687,74.125.24.0-255,2902,146645,12,146711
23195,0.029694,172.31.36.0-255,66,146711,12,146711
23196,0.0,74.125.68.0-255,153,153,12,246897
23197,2.3e-05,172.31.36.0-255,66,219,12,246897
23198,2.7e-05,74.125.68.0-255,1484,1703,12,246897
23199,3.2e-05,172.31.36.0-255,66,1769,12,246897
23200,4.6e-05,74.125.68.0-255,2902,4671,12,246897
23201,4.8e-05,172.31.36.0-255,66,4737,12,246897
23202,7.4e-05,74.125.68.0-255,5738,10475,12,246897
23203,7.6e-05,172.31.36.0-255,66,10541,12,246897
23204,9e-05,74.125.68.0-255,3394,13935,12,246897
23205,9.2e-05,172.31.36.0-255,66,14001,12,246897
23206,0.000217,74.125.68.0-255,1484,15485,12,246897
23207,0.00022,172.31.36.0-255,66,15551,12,246897
23208,0.000225,74.125.68.0-255,2902,18453,12,246897
23209,0.000227,172.31.36.0-255,66,18519,12,246897
23210,0.000229,74.125.68.0-255,1484,20003,12,246897
23211,0.000231,172.31.36.0-255,66,20069,12,246897
23212,0.000255,74.125.68.0-255,2902,22971,12,246897
23213,0.000258,172.31.36.0-255,66,23037,12,246897
23214,0.000272,74.125.68.0-255,4320,27357,12,246897
23215,0.000276,172.31.36.0-255,66,27423,12,246897
23216,0.000283,74.125.68.0-255,1484,28907,12,246897
23217,0.000285,172.31.36.0-255,66,28973,12,246897
23218,0.000289,74.125.68.0-255,2543,31516,12,246897
23219,0.000291,172.31.36.0-255,66,31582,12,246897
23220,0.000315,74.125.68.0-255,2902,34484,12,246897
23221,0.000319,172.31.36.0-255,66,34550,12,246897
23222,0.000333,74.125.68.0-255,1484,36034,12,246897
23223,0.000335,172.31.36.0-255,66,36100,12,246897
23224,0.000369,74.125.68.0-255,5738,41838,12,246897
23225,0.000372,74.125.68.0-255,2902,44740,12,246897
23226,0.000373,172.31.36.0-255,66,44806,12,246897
23227,0.000376,74.125.68.0-255,4320,49126,12,246897
23228,0.000376,172.31.36.0-255,66,49192,12,246897
23229,0.00038,172.31.36.0-255,66,49258,12,246897
23230,0.000385,172.31.36.0-255,66,49324,12,246897
23231,0.000411,74.125.68.0-255,1484,50808,12,246897
23232,0.000428,74.125.68.0-255,4320,55128,12,246897
23233,0.000433,172.31.36.0-255,66,55194,12,246897
23234,0.000442,74.125.68.0-255,2519,57713,12,246897
23235,0.000444,172.31.36.0-255,66,57779,12,246897
23236,0.000477,74.125.68.0-255,343,58122,12,246897
23237,0.000648,74.125.68.0-255,1484,59606,12,246897
23238,0.000652,172.31.36.0-255,66,59672,12,246897
23239,0.000655,74.125.68.0-255,1484,61156,12,246897
23240,0.00067,74.125.68.0-255,1484,62640,12,246897
23241,0.000672,172.31.36.0-255,66,62706,12,246897
23242,0.000677,74.125.68.0-255,4320,67026,12,246897
23243,0.000679,172.31.36.0-255,66,67092,12,246897
23244,0.000701,74.125.68.0-255,2902,69994,12,246897
23245,0.000704,172.31.36.0-255,66,70060,12,246897
23246,0.00072,74.125.68.0-255,4320,74380,12,246897
23247,0.000723,172.31.36.0-255,66,74446,12,246897
23248,0.000747,172.31.36.0-255,66,74512,12,246897
23249,0.000754,74.125.68.0-255,2902,77414,12,246897
23250,0.000756,172.31.36.0-255,66,77480,12,246897
23251,0.000805,74.125.68.0-255,2902,80382,12,246897
23252,0.000808,172.31.36.0-255,66,80448,12,246897
23253,0.000825,74.125.68.0-255,3602,84050,12,246897
23254,0.000828,172.31.36.0-255,66,84116,12,246897
23255,0.000845,74.125.68.0-255,7156,91272,12,246897
23256,0.000847,172.31.36.0-255,66,91338,12,246897
23257,0.000851,74.125.68.0-255,2902,94240,12,246897
23258,0.000853,172.31.36.0-255,66,94306,12,246897
23259,0.000873,74.125.68.0-255,1484,95790,12,246897
23260,0.000887,74.125.68.0-255,7156,102946,12,246897
23261,0.00089,172.31.36.0-255,66,103012,12,246897
23262,0.000909,74.125.68.0-255,2902,105914,12,246897
23263,0.000911,172.31.36.0-255,66,105980,12,246897
23264,0.000921,172.31.36.0-255,66,106046,12,246897
23265,0.000956,74.125.68.0-255,2184,108230,12,246897
23266,0.000959,172.31.36.0-255,66,108296,12,246897
23267,0.001129,74.125.68.0-255,1484,109780,12,246897
23268,0.001133,74.125.68.0-255,2902,112682,12,246897
23269,0.001136,172.31.36.0-255,66,112748,12,246897
23270,0.001154,74.125.68.0-255,2902,115650,12,246897
23271,0.001157,172.31.36.0-255,66,115716,12,246897
23272,0.001168,74.125.68.0-255,2902,118618,12,246897
23273,0.00117,172.31.36.0-255,66,118684,12,246897
23274,0.001175,74.125.68.0-255,5738,124422,12,246897
23275,0.001177,172.31.36.0-255,66,124488,12,246897
23276,0.001188,74.125.68.0-255,1484,125972,12,246897
23277,0.001217,74.125.68.0-255,2902,128874,12,246897
23278,0.001219,172.31.36.0-255,66,128940,12,246897
23279,0.001246,172.31.36.0-255,66,129006,12,246897
23280,0.001249,74.125.68.0-255,1484,130490,12,246897
23281,0.001262,74.125.68.0-255,2184,132674,12,246897
23282,0.001265,172.31.36.0-255,66,132740,12,246897
23283,0.001601,74.125.68.0-255,1484,134224,12,246897
23284,0.001637,74.125.68.0-255,1484,135708,12,246897
23285,0.001643,172.31.36.0-255,66,135774,12,246897
23286,0.001679,74.125.68.0-255,1484,137258,12,246897
23287,0.001707,74.125.68.0-255,1484,138742,12,246897
23288,0.001711,172.31.36.0-255,66,138808,12,246897
23289,0.001745,74.125.68.0-255,2902,141710,12,246897
23290,0.001749,172.31.36.0-255,66,141776,12,246897
23291,0.001778,74.125.68.0-255,5738,147514,12,246897
23292,0.00178,172.31.36.0-255,66,147580,12,246897
23293,0.00181,74.125.68.0-255,1484,149064,12,246897
23294,0.001866,74.125.68.0-255,2902,151966,12,246897
23295,0.001869,172.31.36.0-255,66,152032,12,246897
23296,0.001891,74.125.68.0-255,4320,156352,12,246897
23297,0.001894,172.31.36.0-255,66,156418,12,246897
23298,0.001898,74.125.68.0-255,2902,159320,12,246897
23299,0.0019,172.31.36.0-255,66,159386,12,246897
23300,0.001913,74.125.68.0-255,2902,162288,12,246897
23301,0.001915,172.31.36.0-255,66,162354,12,246897
23302,0.001932,74.125.68.0-255,2902,165256,12,246897
23303,0.001934,172.31.36.0-255,66,165322,12,246897
23304,0.001949,74.125.68.0-255,2184,167506,12,246897
23305,0.001951,172.31.36.0-255,66,167572,12,246897
23306,0.003932,74.125.68.0-255,2902,170474,12,246897
23307,0.003937,172.31.36.0-255,66,170540,12,246897
23308,0.003954,74.125.68.0-255,2902,173442,12,246897
23309,0.003955,172.31.36.0-255,66,173508,12,246897
23310,0.005936,74.125.68.0-255,4320,177828,12,246897
23311,0.005939,172.31.36.0-255,66,177894,12,246897
23312,0.005952,74.125.68.0-255,1484,179378,12,246897
23313,0.007346,172.31.36.0-255,101,179479,12,246897
23314,0.007945,74.125.68.0-255,4320,183799,12,246897
23315,0.007952,172.31.36.0-255,66,183865,12,246897
23316,0.009354,74.125.68.0-255,1484,185349,12,246897
23317,0.009952,74.125.68.0-255,4320,189669,12,246897
23318,0.009958,172.31.36.0-255,66,189735,12,246897
23319,0.011976,74.125.68.0-255,5738,195473,12,246897
23320,0.011983,172.31.36.0-255,66,195539,12,246897
23321,0.013985,74.125.68.0-255,5738,201277,12,246897
23322,0.013992,172.31.36.0-255,66,201343,12,246897
23323,0.016062,74.125.68.0-255,5738,207081,12,246897
23324,0.016071,172.31.36.0-255,66,207147,12,246897
23325,0.018071,74.125.68.0-255,5738,212885,12,246897
23326,0.018077,172.31.36.0-255,66,212951,12,246897
23327,0.020095,74.125.68.0-255,5738,218689,12,246897
23328,0.020101,172.31.36.0-255,66,218755,12,246897
23329,0.022103,74.125.68.0-255,5738,224493,12,246897
23330,0.022111,172.31.36.0-255,66,224559,12,246897
23331,0.024114,74.125.68.0-255,5738,230297,12,246897
23332,0.02412,172.31.36.0-255,66,230363,12,246897
23333,0.024569,172.31.36.0-255,188,230551,12,246897
23334,0.024596,172.31.36.0-255,952,231503,12,246897
23335,0.02464,172.31.36.0-255,1514,233017,12,246897
23336,0.024642,172.31.36.0-255,1514,234531,12,246897
23337,0.024664,172.31.36.0-255,494,235025,12,246897
23338,0.026121,74.125.68.0-255,5738,240763,12,246897
23339,0.026127,172.31.36.0-255,66,240829,12,246897
23340,0.026147,104.244.42.0-255,66,240895,12,246897
23341,0.026157,104.244.42.0-255,66,240961,12,246897
23342,0.026245,104.244.42.0-255,66,241027,12,246897
23343,0.02625,104.244.42.0-255,66,241093,12,246897
23344,0.028196,74.125.68.0-255,5738,246831,12,246897
23345,0.028202,172.31.36.0-255,66,246897,12,246897
23346,0.0,74.125.24.0-255,150,150,12,169854
23347,3e-05,172.31.36.0-255,66,216,12,169854
23348,3.7e-05,74.125.24.0-255,1484,1700,12,169854
23349,4.2e-05,172.31.36.0-255,66,1766,12,169854
23350,4.7e-05,74.125.24.0-255,2902,4668,12,169854
23351,5.1e-05,172.31.36.0-255,66,4734,12,169854
23352,5.7e-05,74.125.24.0-255,5738,10472,12,169854
23353,6e-05,172.31.36.0-255,66,10538,12,169854
23354,9e-05,74.125.24.0-255,2902,13440,12,169854
23355,9.3e-05,172.31.36.0-255,66,13506,12,169854
23356,0.000119,172.31.36.0-255,66,13572,12,169854
23357,0.000156,172.31.36.0-255,66,13638,12,169854
23358,0.000314,74.125.24.0-255,1484,15122,12,169854
23359,0.000318,172.31.36.0-255,66,15188,12,169854
23360,0.000337,74.125.24.0-255,2902,18090,12,169854
23361,0.000341,172.31.36.0-255,66,18156,12,169854
23362,0.000344,74.125.24.0-255,1484,19640,12,169854
23363,0.000349,172.31.36.0-255,66,19706,12,169854
23364,0.000378,74.125.24.0-255,2902,22608,12,169854
23365,0.000383,172.31.36.0-255,66,22674,12,169854
23366,0.000403,74.125.24.0-255,2902,25576,12,169854
23367,0.000408,172.31.36.0-255,66,25642,12,169854
23368,0.00042,172.31.36.0-255,66,25708,12,169854
23369,0.000438,74.125.24.0-255,1484,27192,12,169854
23370,0.00044,172.31.36.0-255,66,27258,12,169854
23371,0.000475,172.31.36.0-255,66,27324,12,169854
23372,0.000478,74.125.24.0-255,136,27460,12,169854
23373,0.000481,172.31.36.0-255,66,27526,12,169854
23374,0.000683,74.125.24.0-255,1484,29010,12,169854
23375,0.00069,74.125.24.0-255,2902,31912,12,169854
23376,0.000694,172.31.36.0-255,66,31978,12,169854
23377,0.000712,74.125.24.0-255,5738,37716,12,169854
23378,0.000715,172.31.36.0-255,66,37782,12,169854
23379,0.000734,74.125.24.0-255,4320,42102,12,169854
23380,0.000737,172.31.36.0-255,66,42168,12,169854
23381,0.00076,74.125.24.0-255,5738,47906,12,169854
23382,0.000763,172.31.36.0-255,66,47972,12,169854
23383,0.00077,74.125.24.0-255,7156,55128,12,169854
23384,0.000773,172.31.36.0-255,66,55194,12,169854
23385,0.000791,74.125.24.0-255,6438,61632,12,169854
23386,0.000795,172.31.36.0-255,66,61698,12,169854
23387,0.001262,74.125.24.0-255,1484,63182,12,169854
23388,0.001274,74.125.24.0-255,2902,66084,12,169854
23389,0.001278,172.31.36.0-255,66,66150,12,169854
23390,0.001286,74.125.24.0-255,5738,71888,12,169854
23391,0.001288,172.31.36.0-255,66,71954,12,169854
23392,0.00133,172.31.36.0-255,66,72020,12,169854
23393,0.001341,172.31.36.0-255,66,72086,12,169854
23394,0.001367,74.125.24.0-255,766,72852,12,169854
23395,0.001549,74.125.24.0-255,1484,74336,12,169854
23396,0.001555,172.31.36.0-255,66,74402,12,169854
23397,0.001563,74.125.24.0-255,2902,77304,12,169854
23398,0.001565,172.31.36.0-255,66,77370,12,169854
23399,0.001571,74.125.24.0-255,5738,83108,12,169854
23400,0.001573,172.31.36.0-255,66,83174,12,169854
23401,0.001578,74.125.24.0-255,2902,86076,12,169854
23402,0.00158,172.31.36.0-255,66,86142,12,169854
23403,0.00161,74.125.24.0-255,4320,90462,12,169854
23404,0.001615,172.31.36.0-255,66,90528,12,169854
23405,0.001633,172.31.36.0-255,66,90594,12,169854
23406,0.001661,172.31.36.0-255,66,90660,12,169854
23407,0.001674,172.31.36.0-255,66,90726,12,169854
23408,0.001702,172.31.36.0-255,66,90792,12,169854
23409,0.001717,74.125.24.0-255,2184,92976,12,169854
23410,0.00172,172.31.36.0-255,66,93042,12,169854
23411,0.001723,74.125.24.0-255,1484,94526,12,169854
23412,0.001743,74.125.24.0-255,2902,97428,12,169854
23413,0.001746,172.31.36.0-255,66,97494,12,169854
23414,0.001751,74.125.24.0-255,4320,101814,12,169854
23415,0.001754,172.31.36.0-255,66,101880,12,169854
23416,0.001765,74.125.24.0-255,1484,103364,12,169854
23417,0.001821,74.125.24.0-255,4320,107684,12,169854
23418,0.001838,172.31.36.0-255,66,107750,12,169854
23419,0.00185,172.31.36.0-255,66,107816,12,169854
23420,0.001856,74.125.24.0-255,7156,114972,12,169854
23421,0.001858,172.31.36.0-255,66,115038,12,169854
23422,0.00191,74.125.24.0-255,3602,118640,12,169854
23423,0.001914,172.31.36.0-255,66,118706,12,169854
23424,0.002208,74.125.24.0-255,1484,120190,12,169854
23425,0.002229,74.125.24.0-255,2902,123092,12,169854
23426,0.002233,172.31.36.0-255,66,123158,12,169854
23427,0.002239,74.125.24.0-255,5738,128896,12,169854
23428,0.002241,172.31.36.0-255,66,128962,12,169854
23429,0.002244,74.125.24.0-255,1484,130446,12,169854
23430,0.002284,172.31.36.0-255,66,130512,12,169854
23431,0.002287,74.125.24.0-255,1484,131996,12,169854
23432,0.002299,74.125.24.0-255,1484,133480,12,169854
23433,0.002302,172.31.36.0-255,66,133546,12,169854
23434,0.002312,74.125.24.0-255,2902,136448,12,169854
23435,0.002314,172.31.36.0-255,66,136514,12,169854
23436,0.002383,172.31.36.0-255,66,136580,12,169854
23437,0.002391,172.31.36.0-255,66,136646,12,169854
23438,0.002394,172.31.36.0-255,66,136712,12,169854
23439,0.002406,172.31.36.0-255,66,136778,12,169854
23440,0.002415,172.31.36.0-255,66,136844,12,169854
23441,0.002453,172.31.36.0-255,66,136910,12,169854
23442,0.002464,172.31.36.0-255,66,136976,12,169854
23443,0.00247,74.125.24.0-255,4320,141296,12,169854
23444,0.002472,172.31.36.0-255,66,141362,12,169854
23445,0.002505,172.31.36.0-255,66,141428,12,169854
23446,0.002519,172.31.36.0-255,66,141494,12,169854
23447,0.002525,74.125.24.0-255,6438,147932,12,169854
23448,0.002527,172.31.36.0-255,66,147998,12,169854
23449,0.002568,74.125.24.0-255,1484,149482,12,169854
23450,0.002587,74.125.24.0-255,5738,155220,12,169854
23451,0.00259,172.31.36.0-255,66,155286,12,169854
23452,0.002613,74.125.24.0-255,4320,159606,12,169854
23453,0.002617,172.31.36.0-255,66,159672,12,169854
23454,0.002619,74.125.24.0-255,1484,161156,12,169854
23455,0.002621,172.31.36.0-255,78,161234,12,169854
23456,0.002633,172.31.36.0-255,66,161300,12,169854
23457,0.002635,74.125.24.0-255,1484,162784,12,169854
23458,0.002646,172.31.36.0-255,66,162850,12,169854
23459,0.002649,74.125.24.0-255,1484,164334,12,169854
23460,0.002699,74.125.24.0-255,97,164431,12,169854
23461,0.002708,172.31.36.0-255,66,164497,12,169854
23462,0.002726,74.125.24.0-255,105,164602,12,169854
23463,0.004226,172.31.36.0-255,66,164668,12,169854
23464,0.004262,172.31.36.0-255,105,164773,12,169854
23465,0.006771,74.125.24.0-255,66,164839,12,169854
23466,0.028548,172.31.36.0-255,172,165011,12,169854
23467,0.02861,172.31.36.0-255,1108,166119,12,169854
23468,0.028689,172.31.36.0-255,1514,167633,12,169854
23469,0.028691,172.31.36.0-255,1514,169147,12,169854
23470,0.028692,172.31.36.0-255,707,169854,12,169854
23471,0.0,172.31.36.0-255,105,105,12,276
23472,0.001522,157.240.13.0-255,105,210,12,276
23473,0.001534,172.31.36.0-255,66,276,12,276
23474,0.0,172.217.160.0-255,146,146,12,186509
23475,2.3e-05,172.31.36.0-255,66,212,12,186509
23476,3e-05,172.217.160.0-255,1484,1696,12,186509
23477,3.5e-05,172.31.36.0-255,66,1762,12,186509
23478,4.1e-05,172.217.160.0-255,2902,4664,12,186509
23479,4.4e-05,172.31.36.0-255,66,4730,12,186509
23480,5.2e-05,172.217.160.0-255,7156,11886,12,186509
23481,5.5e-05,172.31.36.0-255,66,11952,12,186509
23482,6e-05,172.217.160.0-255,3471,15423,12,186509
23483,6.2e-05,172.31.36.0-255,66,15489,12,186509
23484,7.8e-05,172.31.36.0-255,66,15555,12,186509
23485,8.2e-05,172.217.160.0-255,2543,18098,12,186509
23486,8.5e-05,172.31.36.0-255,66,18164,12,186509
23487,0.000137,172.217.160.0-255,2902,21066,12,186509
23488,0.00014,172.31.36.0-255,66,21132,12,186509
23489,0.000145,172.217.160.0-255,2902,24034,12,186509
23490,0.000147,172.31.36.0-255,66,24100,12,186509
23491,0.000165,172.217.160.0-255,1484,25584,12,186509
23492,0.000167,172.31.36.0-255,66,25650,12,186509
23493,0.000178,172.31.36.0-255,66,25716,12,186509
23494,0.000221,172.217.160.0-255,2850,28566,12,186509
23495,0.000231,172.31.36.0-255,66,28632,12,186509
23496,0.000234,172.31.36.0-255,66,28698,12,186509
23497,0.000538,172.217.160.0-255,369,29067,12,186509
23498,0.000544,172.31.36.0-255,66,29133,12,186509
23499,0.000618,172.217.160.0-255,1484,30617,12,186509
23500,0.000622,172.31.36.0-255,66,30683,12,186509
23501,0.000628,172.217.160.0-255,2902,33585,12,186509
23502,0.00063,172.31.36.0-255,66,33651,12,186509
23503,0.000633,172.217.160.0-255,1484,35135,12,186509
23504,0.000656,172.217.160.0-255,4320,39455,12,186509
23505,0.000659,172.31.36.0-255,66,39521,12,186509
23506,0.000679,172.217.160.0-255,2902,42423,12,186509
23507,0.000681,172.31.36.0-255,66,42489,12,186509
23508,0.000712,172.31.36.0-255,66,42555,12,186509
23509,0.000723,172.31.36.0-255,66,42621,12,186509
23510,0.000767,172.217.160.0-255,1484,44105,12,186509
23511,0.000772,172.217.160.0-255,2902,47007,12,186509
23512,0.000775,172.31.36.0-255,66,47073,12,186509
23513,0.000823,172.217.160.0-255,4320,51393,12,186509
23514,0.000826,172.31.36.0-255,66,51459,12,186509
23515,0.000832,172.217.160.0-255,5738,57197,12,186509
23516,0.000835,172.31.36.0-255,66,57263,12,186509
23517,0.000847,172.31.36.0-255,66,57329,12,186509
23518,0.000857,172.31.36.0-255,66,57395,12,186509
23519,0.000871,172.217.160.0-255,1484,58879,12,186509
23520,0.000894,172.217.160.0-255,7156,66035,12,186509
23521,0.000906,172.31.36.0-255,66,66101,12,186509
23522,0.000909,172.31.36.0-255,66,66167,12,186509
23523,0.00102,172.31.36.0-255,66,66233,12,186509
23524,0.001257,172.217.160.0-255,1484,67717,12,186509
23525,0.001262,172.217.160.0-255,1484,69201,12,186509
23526,0.001265,172.31.36.0-255,66,69267,12,186509
23527,0.001287,172.217.160.0-255,1484,70751,12,186509
23528,0.001294,172.217.160.0-255,5738,76489,12,186509
23529,0.001297,172.31.36.0-255,66,76555,12,186509
23530,0.0013,172.217.160.0-255,1484,78039,12,186509
23531,0.001329,172.31.36.0-255,66,78105,12,186509
23532,0.00134,172.31.36.0-255,66,78171,12,186509
23533,0.001363,172.217.160.0-255,2184,80355,12,186509
23534,0.001365,172.31.36.0-255,66,80421,12,186509
23535,0.001645,172.217.160.0-255,1484,81905,12,186509
23536,0.001651,172.217.160.0-255,2902,84807,12,186509
23537,0.001654,172.31.36.0-255,66,84873,12,186509
23538,0.001659,172.217.160.0-255,2902,87775,12,186509
23539,0.001661,172.31.36.0-255,66,87841,12,186509
23540,0.003279,172.217.160.0-255,5738,93579,12,186509
23541,0.003287,172.31.36.0-255,66,93645,12,186509
23542,0.004919,172.217.160.0-255,5738,99383,12,186509
23543,0.004923,172.31.36.0-255,66,99449,12,186509
23544,0.006547,172.217.160.0-255,5738,105187,12,186509
23545,0.006552,172.31.36.0-255,66,105253,12,186509
23546,0.008209,172.217.160.0-255,5738,110991,12,186509
23547,0.008213,172.31.36.0-255,66,111057,12,186509
23548,0.009842,172.217.160.0-255,5738,116795,12,186509
23549,0.009849,172.31.36.0-255,66,116861,12,186509
23550,0.01149,172.217.160.0-255,5738,122599,12,186509
23551,0.011498,172.31.36.0-255,66,122665,12,186509
23552,0.013132,172.217.160.0-255,5738,128403,12,186509
23553,0.01314,172.31.36.0-255,66,128469,12,186509
23554,0.014769,172.217.160.0-255,5738,134207,12,186509
23555,0.014778,172.31.36.0-255,66,134273,12,186509
23556,0.016416,172.217.160.0-255,5738,140011,12,186509
23557,0.016426,172.31.36.0-255,66,140077,12,186509
23558,0.018057,172.217.160.0-255,5738,145815,12,186509
23559,0.018065,172.31.36.0-255,66,145881,12,186509
23560,0.019704,172.217.160.0-255,5738,151619,12,186509
23561,0.019711,172.31.36.0-255,66,151685,12,186509
23562,0.021336,172.217.160.0-255,5738,157423,12,186509
23563,0.021344,172.31.36.0-255,66,157489,12,186509
23564,0.022973,172.217.160.0-255,5738,163227,12,186509
23565,0.022979,172.31.36.0-255,66,163293,12,186509
23566,0.024659,172.217.160.0-255,5738,169031,12,186509
23567,0.024666,172.31.36.0-255,66,169097,12,186509
23568,0.02631,172.217.160.0-255,5738,174835,12,186509
23569,0.026318,172.31.36.0-255,66,174901,12,186509
23570,0.027951,172.217.160.0-255,5738,180639,12,186509
23571,0.027959,172.31.36.0-255,66,180705,12,186509
23572,0.029601,172.217.160.0-255,5738,186443,12,186509
23573,0.029609,172.31.36.0-255,66,186509,12,186509
23574,0.0,74.125.24.0-255,153,153,12,222348
23575,4.7e-05,172.31.36.0-255,66,219,12,222348
23576,5.4e-05,74.125.24.0-255,1484,1703,12,222348
23577,5.8e-05,172.31.36.0-255,66,1769,12,222348
23578,6.3e-05,74.125.24.0-255,2902,4671,12,222348
23579,6.6e-05,172.31.36.0-255,66,4737,12,222348
23580,7.2e-05,74.125.24.0-255,5738,10475,12,222348
23581,7.5e-05,172.31.36.0-255,66,10541,12,222348
23582,7.9e-05,74.125.24.0-255,2902,13443,12,222348
23583,8.2e-05,172.31.36.0-255,66,13509,12,222348
23584,9.7e-05,74.125.24.0-255,693,14202,12,222348
23585,9.9e-05,172.31.36.0-255,66,14268,12,222348
23586,0.000124,74.125.24.0-255,2902,17170,12,222348
23587,0.000127,172.31.36.0-255,66,17236,12,222348
23588,0.000145,74.125.24.0-255,7156,24392,12,222348
23589,0.000148,172.31.36.0-255,66,24458,12,222348
23590,0.000197,74.125.24.0-255,6797,31255,12,222348
23591,0.000201,172.31.36.0-255,66,31321,12,222348
23592,0.000309,74.125.24.0-255,1484,32805,12,222348
23593,0.000312,172.31.36.0-255,66,32871,12,222348
23594,0.000318,74.125.24.0-255,2902,35773,12,222348
23595,0.00032,172.31.36.0-255,66,35839,12,222348
23596,0.000349,74.125.24.0-255,4320,40159,12,222348
23597,0.000353,172.31.36.0-255,66,40225,12,222348
23598,0.000383,74.125.24.0-255,1484,41709,12,222348
23599,0.000386,172.31.36.0-255,66,41775,12,222348
23600,0.000391,74.125.24.0-255,2902,44677,12,222348
23601,0.000393,172.31.36.0-255,66,44743,12,222348
23602,0.00042,74.125.24.0-255,6797,51540,12,222348
23603,0.000425,74.125.24.0-255,4320,55860,12,222348
23604,0.000427,172.31.36.0-255,66,55926,12,222348
23605,0.000431,172.31.36.0-255,66,55992,12,222348
23606,0.000447,74.125.24.0-255,2902,58894,12,222348
23607,0.000451,172.31.36.0-255,66,58960,12,222348
23608,0.000483,74.125.24.0-255,7153,66113,12,222348
23609,0.000487,172.31.36.0-255,66,66179,12,222348
23610,0.000529,74.125.24.0-255,1484,67663,12,222348
23611,0.000534,74.125.24.0-255,1484,69147,12,222348
23612,0.000537,172.31.36.0-255,66,69213,12,222348
23613,0.000553,74.125.24.0-255,1484,70697,12,222348
23614,0.000558,74.125.24.0-255,4320,75017,12,222348
23615,0.000562,172.31.36.0-255,66,75083,12,222348
23616,0.000576,74.125.24.0-255,1484,76567,12,222348
23617,0.00058,74.125.24.0-255,2902,79469,12,222348
23618,0.000583,172.31.36.0-255,66,79535,12,222348
23619,0.000605,74.125.24.0-255,3961,83496,12,222348
23620,0.000608,172.31.36.0-255,66,83562,12,222348
23621,0.000615,74.125.24.0-255,7156,90718,12,222348
23622,0.000618,172.31.36.0-255,66,90784,12,222348
23623,0.000622,74.125.24.0-255,2902,93686,12,222348
23624,0.000625,172.31.36.0-255,66,93752,12,222348
23625,0.000643,74.125.24.0-255,6797,100549,12,222348
23626,0.000646,172.31.36.0-255,66,100615,12,222348
23627,0.000649,74.125.24.0-255,331,100946,12,222348
23628,0.001083,172.31.36.0-255,66,101012,12,222348
23629,0.001226,74.125.24.0-255,1484,102496,12,222348
23630,0.001236,74.125.24.0-255,2902,105398,12,222348
23631,0.001239,172.31.36.0-255,66,105464,12,222348
23632,0.001246,74.125.24.0-255,4320,109784,12,222348
23633,0.001249,172.31.36.0-255,66,109850,12,222348
23634,0.001267,74.125.24.0-255,1484,111334,12,222348
23635,0.001271,74.125.24.0-255,1484,112818,12,222348
23636,0.001274,172.31.36.0-255,66,112884,12,222348
23637,0.001304,172.31.36.0-255,66,112950,12,222348
23638,0.001315,172.31.36.0-255,66,113016,12,222348
23639,0.00134,74.125.24.0-255,2184,115200,12,222348
23640,0.001343,172.31.36.0-255,66,115266,12,222348
23641,0.002001,74.125.24.0-255,1484,116750,12,222348
23642,0.002012,74.125.24.0-255,2902,119652,12,222348
23643,0.002017,172.31.36.0-255,66,119718,12,222348
23644,0.002037,74.125.24.0-255,5738,125456,12,222348
23645,0.002039,172.31.36.0-255,66,125522,12,222348
23646,0.002056,74.125.24.0-255,2902,128424,12,222348
23647,0.002058,172.31.36.0-255,66,128490,12,222348
23648,0.002082,172.31.36.0-255,66,128556,12,222348
23649,0.00209,74.125.24.0-255,7156,135712,12,222348
23650,0.002093,172.31.36.0-255,66,135778,12,222348
23651,0.002118,74.125.24.0-255,3602,139380,12,222348
23652,0.002121,172.31.36.0-255,66,139446,12,222348
23653,0.002127,74.125.24.0-255,4320,143766,12,222348
23654,0.002129,172.31.36.0-255,66,143832,12,222348
23655,0.002145,74.125.24.0-255,5738,149570,12,222348
23656,0.002147,172.31.36.0-255,66,149636,12,222348
23657,0.002162,74.125.24.0-255,4320,153956,12,222348
23658,0.002163,172.31.36.0-255,66,154022,12,222348
23659,0.002196,172.31.36.0-255,66,154088,12,222348
23660,0.002232,172.31.36.0-255,66,154154,12,222348
23661,0.002275,172.31.36.0-255,66,154220,12,222348
23662,0.002281,74.125.24.0-255,5738,159958,12,222348
23663,0.002284,172.31.36.0-255,66,160024,12,222348
23664,0.002365,74.125.24.0-255,766,160790,12,222348
23665,0.003995,172.31.36.0-255,66,160856,12,222348
23666,0.006371,74.125.24.0-255,5738,166594,12,222348
23667,0.006377,172.31.36.0-255,66,166660,12,222348
23668,0.00875,74.125.24.0-255,5738,172398,12,222348
23669,0.008759,172.31.36.0-255,66,172464,12,222348
23670,0.011117,74.125.24.0-255,5738,178202,12,222348
23671,0.011129,172.31.36.0-255,66,178268,12,222348
23672,0.013471,74.125.24.0-255,5738,184006,12,222348
23673,0.013486,172.31.36.0-255,66,184072,12,222348
23674,0.01585,74.125.24.0-255,5738,189810,12,222348
23675,0.015866,172.31.36.0-255,66,189876,12,222348
23676,0.018214,74.125.24.0-255,5738,195614,12,222348
23677,0.018232,172.31.36.0-255,66,195680,12,222348
23678,0.020573,74.125.24.0-255,5738,201418,12,222348
23679,0.020587,172.31.36.0-255,66,201484,12,222348
23680,0.022911,74.125.24.0-255,5738,207222,12,222348
23681,0.022925,172.31.36.0-255,66,207288,12,222348
23682,0.025233,74.125.24.0-255,2902,210190,12,222348
23683,0.025242,172.31.36.0-255,66,210256,12,222348
23684,0.025272,74.125.24.0-255,2902,213158,12,222348
23685,0.025275,172.31.36.0-255,66,213224,12,222348
23686,0.026131,172.31.36.0-255,167,213391,12,222348
23687,0.026162,172.31.36.0-255,1108,214499,12,222348
23688,0.026203,172.31.36.0-255,1514,216013,12,222348
23689,0.026205,172.31.36.0-255,333,216346,12,222348
23690,0.027575,74.125.24.0-255,5738,222084,12,222348
23691,0.027585,172.31.36.0-255,66,222150,12,222348
23692,0.027669,104.244.42.0-255,66,222216,12,222348
23693,0.02772,104.244.42.0-255,66,222282,12,222348
23694,0.027767,104.244.42.0-255,66,222348,12,222348
23695,0.0,74.125.68.0-255,153,153,12,213592
23696,3.5e-05,172.31.36.0-255,66,219,12,213592
23697,4.2e-05,74.125.68.0-255,1484,1703,12,213592
23698,4.7e-05,172.31.36.0-255,66,1769,12,213592
23699,7.2e-05,74.125.68.0-255,1484,3253,12,213592
23700,7.4e-05,172.31.36.0-255,66,3319,12,213592
23701,8e-05,74.125.68.0-255,2902,6221,12,213592
23702,8.2e-05,172.31.36.0-255,66,6287,12,213592
23703,0.000109,74.125.68.0-255,4320,10607,12,213592
23704,0.000112,172.31.36.0-255,66,10673,12,213592
23705,0.00016,74.125.68.0-255,2902,13575,12,213592
23706,0.000164,172.31.36.0-255,66,13641,12,213592
23707,0.0002,74.125.68.0-255,3494,17135,12,213592
23708,0.000204,172.31.36.0-255,66,17201,12,213592
23709,0.000222,74.125.68.0-255,4320,21521,12,213592
23710,0.000224,172.31.36.0-255,66,21587,12,213592
23711,0.000262,172.31.36.0-255,66,21653,12,213592
23712,0.000518,74.125.68.0-255,1484,23137,12,213592
23713,0.000522,172.31.36.0-255,66,23203,12,213592
23714,0.000541,74.125.68.0-255,2902,26105,12,213592
23715,0.000544,172.31.36.0-255,66,26171,12,213592
23716,0.000571,74.125.68.0-255,5738,31909,12,213592
23717,0.000574,172.31.36.0-255,66,31975,12,213592
23718,0.00061,74.125.68.0-255,6797,38772,12,213592
23719,0.000614,172.31.36.0-255,66,38838,12,213592
23720,0.000643,74.125.68.0-255,2902,41740,12,213592
23721,0.000646,172.31.36.0-255,66,41806,12,213592
23722,0.000666,74.125.68.0-255,4320,46126,12,213592
23723,0.000669,172.31.36.0-255,66,46192,12,213592
23724,0.000674,74.125.68.0-255,2902,49094,12,213592
23725,0.000676,172.31.36.0-255,66,49160,12,213592
23726,0.000682,74.125.68.0-255,4320,53480,12,213592
23727,0.000688,172.31.36.0-255,66,53546,12,213592
23728,0.000709,74.125.68.0-255,2819,56365,12,213592
23729,0.00072,172.31.36.0-255,66,56431,12,213592
23730,0.00076,74.125.68.0-255,381,56812,12,213592
23731,0.000852,172.31.36.0-255,66,56878,12,213592
23732,0.001303,74.125.68.0-255,1484,58362,12,213592
23733,0.001351,74.125.68.0-255,1484,59846,12,213592
23734,0.001356,74.125.68.0-255,2902,62748,12,213592
23735,0.001361,74.125.68.0-255,5738,68486,12,213592
23736,0.001365,74.125.68.0-255,4320,72806,12,213592
23737,0.001382,74.125.68.0-255,5738,78544,12,213592
23738,0.001388,172.31.36.0-255,66,78610,12,213592
23739,0.001425,74.125.68.0-255,4320,82930,12,213592
23740,0.001442,74.125.68.0-255,2902,85832,12,213592
23741,0.001447,172.31.36.0-255,66,85898,12,213592
23742,0.001476,74.125.68.0-255,4320,90218,12,213592
23743,0.001504,74.125.68.0-255,766,90984,12,213592
23744,0.001511,172.31.36.0-255,66,91050,12,213592
23745,0.001996,74.125.68.0-255,1484,92534,12,213592
23746,0.002012,74.125.68.0-255,1484,94018,12,213592
23747,0.002016,172.31.36.0-255,66,94084,12,213592
23748,0.00203,74.125.68.0-255,1484,95568,12,213592
23749,0.002033,74.125.68.0-255,1484,97052,12,213592
23750,0.002037,172.31.36.0-255,66,97118,12,213592
23751,0.002059,74.125.68.0-255,2902,100020,12,213592
23752,0.002064,74.125.68.0-255,5738,105758,12,213592
23753,0.002073,172.31.36.0-255,66,105824,12,213592
23754,0.002113,172.31.36.0-255,66,105890,12,213592
23755,0.002132,74.125.68.0-255,2902,108792,12,213592
23756,0.002136,172.31.36.0-255,66,108858,12,213592
23757,0.002148,74.125.68.0-255,1484,110342,12,213592
23758,0.002164,172.31.36.0-255,66,110408,12,213592
23759,0.002176,74.125.68.0-255,4320,114728,12,213592
23760,0.002181,172.31.36.0-255,66,114794,12,213592
23761,0.002189,74.125.68.0-255,5738,120532,12,213592
23762,0.002203,172.31.36.0-255,66,120598,12,213592
23763,0.002231,172.31.36.0-255,66,120664,12,213592
23764,0.002261,74.125.68.0-255,1484,122148,12,213592
23765,0.002266,74.125.68.0-255,2902,125050,12,213592
23766,0.002276,172.31.36.0-255,66,125116,12,213592
23767,0.002289,74.125.68.0-255,4320,129436,12,213592
23768,0.002301,74.125.68.0-255,2902,132338,12,213592
23769,0.002306,172.31.36.0-255,66,132404,12,213592
23770,0.002315,74.125.68.0-255,5738,138142,12,213592
23771,0.002319,172.31.36.0-255,66,138208,12,213592
23772,0.002333,74.125.68.0-255,5738,143946,12,213592
23773,0.002345,74.125.68.0-255,2902,146848,12,213592
23774,0.002347,172.31.36.0-255,66,146914,12,213592
23775,0.002351,172.31.36.0-255,66,146980,12,213592
23776,0.004642,74.125.68.0-255,2902,149882,12,213592
23777,0.004646,172.31.36.0-255,66,149948,12,213592
23778,0.004664,74.125.68.0-255,2902,152850,12,213592
23779,0.004682,172.31.36.0-255,66,152916,12,213592
23780,0.006952,74.125.68.0-255,2902,155818,12,213592
23781,0.006959,172.31.36.0-255,66,155884,12,213592
23782,0.00698,74.125.68.0-255,2902,158786,12,213592
23783,0.007012,172.31.36.0-255,66,158852,12,213592
23784,0.009265,74.125.68.0-255,2902,161754,12,213592
23785,0.009271,172.31.36.0-255,66,161820,12,213592
23786,0.009289,74.125.68.0-255,1484,163304,12,213592
23787,0.009305,74.125.68.0-255,1484,164788,12,213592
23788,0.009316,172.31.36.0-255,66,164854,12,213592
23789,0.011599,74.125.68.0-255,2902,167756,12,213592
23790,0.011607,172.31.36.0-255,66,167822,12,213592
23791,0.011628,74.125.68.0-255,2902,170724,12,213592
23792,0.011658,172.31.36.0-255,66,170790,12,213592
23793,0.013914,74.125.68.0-255,2902,173692,12,213592
23794,0.01392,172.31.36.0-255,66,173758,12,213592
23795,0.013953,74.125.68.0-255,2902,176660,12,213592
23796,0.013979,172.31.36.0-255,66,176726,12,213592
23797,0.016229,74.125.68.0-255,2902,179628,12,213592
23798,0.016238,172.31.36.0-255,66,179694,12,213592
23799,0.016275,74.125.68.0-255,2902,182596,12,213592
23800,0.016432,172.31.36.0-255,66,182662,12,213592
23801,0.018589,74.125.68.0-255,2902,185564,12,213592
23802,0.018596,172.31.36.0-255,66,185630,12,213592
23803,0.018719,74.125.68.0-255,2902,188532,12,213592
23804,0.018885,172.31.36.0-255,66,188598,12,213592
23805,0.020903,74.125.68.0-255,2902,191500,12,213592
23806,0.020911,172.31.36.0-255,66,191566,12,213592
23807,0.021181,74.125.68.0-255,2902,194468,12,213592
23808,0.021187,172.31.36.0-255,66,194534,12,213592
23809,0.023215,74.125.68.0-255,2902,197436,12,213592
23810,0.023221,172.31.36.0-255,66,197502,12,213592
23811,0.023519,74.125.68.0-255,2902,200404,12,213592
23812,0.023524,172.31.36.0-255,66,200470,12,213592
23813,0.025556,74.125.68.0-255,2902,203372,12,213592
23814,0.025567,172.31.36.0-255,66,203438,12,213592
23815,0.025873,74.125.68.0-255,2902,206340,12,213592
23816,0.025879,172.31.36.0-255,66,206406,12,213592
23817,0.027881,74.125.68.0-255,2902,209308,12,213592
23818,0.02789,172.31.36.0-255,66,209374,12,213592
23819,0.02818,74.125.68.0-255,2902,212276,12,213592
23820,0.028184,172.31.36.0-255,66,212342,12,213592
23821,0.028972,172.31.36.0-255,172,212514,12,213592
23822,0.029004,172.31.36.0-255,1078,213592,12,213592
23823,0.0,74.125.24.0-255,66,66,12,66
23824,0.0,216.58.203.0-255,146,146,12,208479
23825,3.7e-05,172.31.36.0-255,66,212,12,208479
23826,4.4e-05,216.58.203.0-255,1484,1696,12,208479
23827,4.9e-05,172.31.36.0-255,66,1762,12,208479
23828,6.3e-05,216.58.203.0-255,2902,4664,12,208479
23829,6.6e-05,172.31.36.0-255,66,4730,12,208479
23830,7.3e-05,216.58.203.0-255,5738,10468,12,208479
23831,7.5e-05,172.31.36.0-255,66,10534,12,208479
23832,8e-05,216.58.203.0-255,3421,13955,12,208479
23833,8.3e-05,172.31.36.0-255,66,14021,12,208479
23834,0.000211,216.58.203.0-255,1484,15505,12,208479
23835,0.000216,172.31.36.0-255,66,15571,12,208479
23836,0.000223,216.58.203.0-255,2902,18473,12,208479
23837,0.000225,172.31.36.0-255,66,18539,12,208479
23838,0.000237,216.58.203.0-255,4320,22859,12,208479
23839,0.00024,172.31.36.0-255,66,22925,12,208479
23840,0.000287,172.31.36.0-255,66,22991,12,208479
23841,0.000297,172.31.36.0-255,66,23057,12,208479
23842,0.000321,216.58.203.0-255,1484,24541,12,208479
23843,0.000324,172.31.36.0-255,66,24607,12,208479
23844,0.000331,216.58.203.0-255,5379,29986,12,208479
23845,0.000333,172.31.36.0-255,66,30052,12,208479
23846,0.000477,216.58.203.0-255,1484,31536,12,208479
23847,0.000483,172.31.36.0-255,66,31602,12,208479
23848,0.000488,216.58.203.0-255,2902,34504,12,208479
23849,0.000492,172.31.36.0-255,66,34570,12,208479
23850,0.000521,216.58.203.0-255,5738,40308,12,208479
23851,0.000525,172.31.36.0-255,66,40374,12,208479
23852,0.000526,216.58.203.0-255,4320,44694,12,208479
23853,0.000528,172.31.36.0-255,66,44760,12,208479
23854,0.000552,216.58.203.0-255,2872,47632,12,208479
23855,0.000555,172.31.36.0-255,66,47698,12,208479
23856,0.000849,216.58.203.0-255,115,47813,12,208479
23857,0.000854,172.31.36.0-255,66,47879,12,208479
23858,0.000983,216.58.203.0-255,1484,49363,12,208479
23859,0.000988,172.31.36.0-255,66,49429,12,208479
23860,0.000996,216.58.203.0-255,2902,52331,12,208479
23861,0.000998,172.31.36.0-255,66,52397,12,208479
23862,0.001011,216.58.203.0-255,5738,58135,12,208479
23863,0.001013,172.31.36.0-255,66,58201,12,208479
23864,0.00105,172.31.36.0-255,66,58267,12,208479
23865,0.001078,216.58.203.0-255,1484,59751,12,208479
23866,0.001082,172.31.36.0-255,66,59817,12,208479
23867,0.001108,172.31.36.0-255,66,59883,12,208479
23868,0.001398,216.58.203.0-255,1484,61367,12,208479
23869,0.001403,172.31.36.0-255,66,61433,12,208479
23870,0.00141,216.58.203.0-255,2902,64335,12,208479
23871,0.001412,172.31.36.0-255,66,64401,12,208479
23872,0.001424,216.58.203.0-255,4320,68721,12,208479
23873,0.001427,172.31.36.0-255,66,68787,12,208479
23874,0.001433,216.58.203.0-255,5738,74525,12,208479
23875,0.001435,172.31.36.0-255,66,74591,12,208479
23876,0.001438,216.58.203.0-255,1484,76075,12,208479
23877,0.00144,172.31.36.0-255,66,76141,12,208479
23878,0.001471,216.58.203.0-255,5738,81879,12,208479
23879,0.001475,172.31.36.0-255,66,81945,12,208479
23880,0.001489,216.58.203.0-255,4320,86265,12,208479
23881,0.001492,172.31.36.0-255,66,86331,12,208479
23882,0.001529,172.31.36.0-255,66,86397,12,208479
23883,0.001589,216.58.203.0-255,1484,87881,12,208479
23884,0.001592,172.31.36.0-255,66,87947,12,208479
23885,0.001598,216.58.203.0-255,2902,90849,12,208479
23886,0.0016,172.31.36.0-255,66,90915,12,208479
23887,0.001611,216.58.203.0-255,5738,96653,12,208479
23888,0.001615,172.31.36.0-255,66,96719,12,208479
23889,0.001623,216.58.203.0-255,7156,103875,12,208479
23890,0.001626,172.31.36.0-255,66,103941,12,208479
23891,0.001668,216.58.203.0-255,5738,109679,12,208479
23892,0.001672,172.31.36.0-255,66,109745,12,208479
23893,0.001684,172.31.36.0-255,66,109811,12,208479
23894,0.003317,216.58.203.0-255,5738,115549,12,208479
23895,0.003322,172.31.36.0-255,66,115615,12,208479
23896,0.004961,216.58.203.0-255,5738,121353,12,208479
23897,0.004966,172.31.36.0-255,66,121419,12,208479
23898,0.006605,216.58.203.0-255,5738,127157,12,208479
23899,0.006611,172.31.36.0-255,66,127223,12,208479
23900,0.008263,216.58.203.0-255,5738,132961,12,208479
23901,0.008269,172.31.36.0-255,66,133027,12,208479
23902,0.009921,216.58.203.0-255,5738,138765,12,208479
23903,0.009927,172.31.36.0-255,66,138831,12,208479
23904,0.011574,216.58.203.0-255,5738,144569,12,208479
23905,0.011582,172.31.36.0-255,66,144635,12,208479
23906,0.01323,216.58.203.0-255,5738,150373,12,208479
23907,0.013237,172.31.36.0-255,66,150439,12,208479
23908,0.014878,216.58.203.0-255,5738,156177,12,208479
23909,0.014885,172.31.36.0-255,66,156243,12,208479
23910,0.016519,216.58.203.0-255,5738,161981,12,208479
23911,0.016526,172.31.36.0-255,66,162047,12,208479
23912,0.018177,216.58.203.0-255,5738,167785,12,208479
23913,0.018188,172.31.36.0-255,66,167851,12,208479
23914,0.01984,216.58.203.0-255,5738,173589,12,208479
23915,0.019848,172.31.36.0-255,66,173655,12,208479
23916,0.021496,216.58.203.0-255,5738,179393,12,208479
23917,0.021503,172.31.36.0-255,66,179459,12,208479
23918,0.023153,216.58.203.0-255,5738,185197,12,208479
23919,0.023158,172.31.36.0-255,66,185263,12,208479
23920,0.024802,216.58.203.0-255,5738,191001,12,208479
23921,0.024808,172.31.36.0-255,66,191067,12,208479
23922,0.026478,216.58.203.0-255,5738,196805,12,208479
23923,0.026486,172.31.36.0-255,66,196871,12,208479
23924,0.028129,216.58.203.0-255,5738,202609,12,208479
23925,0.028137,172.31.36.0-255,66,202675,12,208479
23926,0.02978,216.58.203.0-255,5738,208413,12,208479
23927,0.029788,172.31.36.0-255,66,208479,12,208479
23928,0.0,74.125.24.0-255,579,579,12,84964
23929,3.1e-05,74.125.24.0-255,1484,2063,12,84964
23930,4.1e-05,172.31.36.0-255,66,2129,12,84964
23931,4.9e-05,74.125.24.0-255,4320,6449,12,84964
23932,5.2e-05,172.31.36.0-255,66,6515,12,84964
23933,0.000209,74.125.24.0-255,5738,12253,12,84964
23934,0.000215,172.31.36.0-255,66,12319,12,84964
23935,0.000243,74.125.24.0-255,3279,15598,12,84964
23936,0.000245,172.31.36.0-255,66,15664,12,84964
23937,0.000602,172.31.36.0-255,66,15730,12,84964
23938,0.00104,74.125.24.0-255,4320,20050,12,84964
23939,0.001048,172.31.36.0-255,66,20116,12,84964
23940,0.002519,74.125.24.0-255,5738,25854,12,84964
23941,0.002685,74.125.24.0-255,5738,31592,12,84964
23942,0.002705,74.125.24.0-255,7156,38748,12,84964
23943,0.003974,74.125.24.0-255,2902,41650,12,84964
23944,0.004676,74.125.24.0-255,7156,48806,12,84964
23945,0.008319,172.31.36.0-255,66,48872,12,84964
23946,0.008804,172.31.36.0-255,66,48938,12,84964
23947,0.010843,172.31.36.0-255,66,49004,12,84964
23948,0.011028,172.31.36.0-255,66,49070,12,84964
23949,0.01106,172.31.36.0-255,66,49136,12,84964
23950,0.011741,74.125.24.0-255,4976,54112,12,84964
23951,0.011747,172.31.36.0-255,66,54178,12,84964
23952,0.011952,172.31.36.0-255,66,54244,12,84964
23953,0.012482,172.31.36.0-255,66,54310,12,84964
23954,0.01252,172.31.36.0-255,66,54376,12,84964
23955,0.013215,172.31.36.0-255,66,54442,12,84964
23956,0.013735,74.125.24.0-255,5018,59460,12,84964
23957,0.013741,172.31.36.0-255,66,59526,12,84964
23958,0.013947,172.31.36.0-255,66,59592,12,84964
23959,0.014022,172.31.36.0-255,66,59658,12,84964
23960,0.014671,74.125.24.0-255,5738,65396,12,84964
23961,0.014676,172.31.36.0-255,66,65462,12,84964
23962,0.014722,172.31.36.0-255,66,65528,12,84964
23963,0.015275,172.31.36.0-255,66,65594,12,84964
23964,0.015303,74.125.24.0-255,2902,68496,12,84964
23965,0.015307,172.31.36.0-255,66,68562,12,84964
23966,0.015861,172.31.36.0-255,66,68628,12,84964
23967,0.015939,172.31.36.0-255,66,68694,12,84964
23968,0.016763,74.125.24.0-255,5738,74432,12,84964
23969,0.01677,172.31.36.0-255,66,74498,12,84964
23970,0.016834,172.31.36.0-255,66,74564,12,84964
23971,0.01757,172.31.36.0-255,66,74630,12,84964
23972,0.017619,172.31.36.0-255,66,74696,12,84964
23973,0.018259,74.125.24.0-255,5738,80434,12,84964
23974,0.018265,172.31.36.0-255,66,80500,12,84964
23975,0.018328,172.31.36.0-255,66,80566,12,84964
23976,0.018753,172.31.36.0-255,66,80632,12,84964
23977,0.018801,172.31.36.0-255,66,80698,12,84964
23978,0.019614,172.31.36.0-255,105,80803,12,84964
23979,0.025821,74.125.24.0-255,66,80869,12,84964
23980,0.029465,172.31.36.0-255,172,81041,12,84964
23981,0.029497,172.31.36.0-255,1109,82150,12,84964
23982,0.029543,172.31.36.0-255,1514,83664,12,84964
23983,0.029544,172.31.36.0-255,1300,84964,12,84964
23984,0.0,74.125.68.0-255,298,298,12,360405
23985,3.2e-05,172.31.36.0-255,66,364,12,360405
23986,3.9e-05,74.125.68.0-255,1484,1848,12,360405
23987,4.4e-05,172.31.36.0-255,66,1914,12,360405
23988,5e-05,74.125.68.0-255,4320,6234,12,360405
23989,5.3e-05,172.31.36.0-255,66,6300,12,360405
23990,5.9e-05,74.125.68.0-255,5738,12038,12,360405
23991,6.2e-05,172.31.36.0-255,66,12104,12,360405
23992,8.2e-05,74.125.68.0-255,6160,18264,12,360405
23993,8.5e-05,172.31.36.0-255,66,18330,12,360405
23994,0.000119,74.125.68.0-255,7156,25486,12,360405
23995,0.000121,172.31.36.0-255,66,25552,12,360405
23996,0.000154,74.125.68.0-255,5379,30931,12,360405
23997,0.000158,172.31.36.0-255,66,30997,12,360405
23998,0.000195,74.125.68.0-255,1484,32481,12,360405
23999,0.000198,172.31.36.0-255,66,32547,12,360405
24000,0.000202,74.125.68.0-255,1484,34031,12,360405
24001,0.000204,172.31.36.0-255,66,34097,12,360405
24002,0.000224,74.125.68.0-255,1484,35581,12,360405
24003,0.000226,172.31.36.0-255,66,35647,12,360405
24004,0.000244,74.125.68.0-255,1484,37131,12,360405
24005,0.000246,172.31.36.0-255,66,37197,12,360405
24006,0.000274,74.125.68.0-255,2902,40099,12,360405
24007,0.000277,172.31.36.0-255,66,40165,12,360405
24008,0.000311,74.125.68.0-255,4320,44485,12,360405
24009,0.000314,172.31.36.0-255,66,44551,12,360405
24010,0.000326,74.125.68.0-255,1484,46035,12,360405
24011,0.00033,172.31.36.0-255,66,46101,12,360405
24012,0.000333,74.125.68.0-255,1484,47585,12,360405
24013,0.000335,172.31.36.0-255,66,47651,12,360405
24014,0.000339,74.125.68.0-255,2902,50553,12,360405
24015,0.000342,172.31.36.0-255,66,50619,12,360405
24016,0.000348,74.125.68.0-255,5738,56357,12,360405
24017,0.000351,172.31.36.0-255,66,56423,12,360405
24018,0.000371,74.125.68.0-255,1484,57907,12,360405
24019,0.000394,74.125.68.0-255,2902,60809,12,360405
24020,0.000398,172.31.36.0-255,66,60875,12,360405
24021,0.000401,74.125.68.0-255,1484,62359,12,360405
24022,0.00042,74.125.68.0-255,2902,65261,12,360405
24023,0.000423,172.31.36.0-255,66,65327,12,360405
24024,0.000447,74.125.68.0-255,1126,66453,12,360405
24025,0.000508,74.125.68.0-255,1484,67937,12,360405
24026,0.000513,172.31.36.0-255,66,68003,12,360405
24027,0.000518,74.125.68.0-255,2902,70905,12,360405
24028,0.00052,172.31.36.0-255,66,70971,12,360405
24029,0.000559,74.125.68.0-255,4320,75291,12,360405
24030,0.000563,172.31.36.0-255,66,75357,12,360405
24031,0.000599,74.125.68.0-255,5738,81095,12,360405
24032,0.000602,172.31.36.0-255,66,81161,12,360405
24033,0.000608,74.125.68.0-255,4320,85481,12,360405
24034,0.00061,172.31.36.0-255,66,85547,12,360405
24035,0.000623,74.125.68.0-255,1484,87031,12,360405
24036,0.000631,74.125.68.0-255,7156,94187,12,360405
24037,0.000634,172.31.36.0-255,66,94253,12,360405
24038,0.000666,74.125.68.0-255,2902,97155,12,360405
24039,0.00067,172.31.36.0-255,66,97221,12,360405
24040,0.000687,74.125.68.0-255,3602,100823,12,360405
24041,0.00069,172.31.36.0-255,66,100889,12,360405
24042,0.000693,74.125.68.0-255,348,101237,12,360405
24043,0.000737,74.125.68.0-255,1484,102721,12,360405
24044,0.000743,172.31.36.0-255,66,102787,12,360405
24045,0.000756,74.125.68.0-255,1484,104271,12,360405
24046,0.000778,74.125.68.0-255,2902,107173,12,360405
24047,0.000781,172.31.36.0-255,66,107239,12,360405
24048,0.00081,74.125.68.0-255,4320,111559,12,360405
24049,0.000813,172.31.36.0-255,66,111625,12,360405
24050,0.000831,74.125.68.0-255,1484,113109,12,360405
24051,0.000838,74.125.68.0-255,5738,118847,12,360405
24052,0.00084,172.31.36.0-255,66,118913,12,360405
24053,0.000858,74.125.68.0-255,1484,120397,12,360405
24054,0.000871,74.125.68.0-255,1484,121881,12,360405
24055,0.000875,172.31.36.0-255,66,121947,12,360405
24056,0.000905,172.31.36.0-255,66,122013,12,360405
24057,0.000919,74.125.68.0-255,2184,124197,12,360405
24058,0.000922,172.31.36.0-255,66,124263,12,360405
24059,0.000963,74.125.68.0-255,1484,125747,12,360405
24060,0.000981,74.125.68.0-255,2902,128649,12,360405
24061,0.000984,172.31.36.0-255,66,128715,12,360405
24062,0.000999,74.125.68.0-255,1484,130199,12,360405
24063,0.001019,74.125.68.0-255,4320,134519,12,360405
24064,0.001021,172.31.36.0-255,66,134585,12,360405
24065,0.001026,74.125.68.0-255,4320,138905,12,360405
24066,0.001029,172.31.36.0-255,66,138971,12,360405
24067,0.001035,74.125.68.0-255,5738,144709,12,360405
24068,0.001039,172.31.36.0-255,66,144775,12,360405
24069,0.001069,172.31.36.0-255,66,144841,12,360405
24070,0.001073,74.125.68.0-255,2184,147025,12,360405
24071,0.001075,172.31.36.0-255,66,147091,12,360405
24072,0.001115,74.125.68.0-255,1484,148575,12,360405
24073,0.001145,74.125.68.0-255,2902,151477,12,360405
24074,0.001148,172.31.36.0-255,66,151543,12,360405
24075,0.001168,74.125.68.0-255,2902,154445,12,360405
24076,0.001171,172.31.36.0-255,66,154511,12,360405
24077,0.001206,74.125.68.0-255,4320,158831,12,360405
24078,0.00121,172.31.36.0-255,66,158897,12,360405
24079,0.001245,74.125.68.0-255,7156,166053,12,360405
24080,0.001249,172.31.36.0-255,66,166119,12,360405
24081,0.00126,172.31.36.0-255,66,166185,12,360405
24082,0.001288,74.125.68.0-255,6438,172623,12,360405
24083,0.001292,172.31.36.0-255,66,172689,12,360405
24084,0.00137,74.125.68.0-255,1484,174173,12,360405
24085,0.001376,74.125.68.0-255,2902,177075,12,360405
24086,0.00138,172.31.36.0-255,66,177141,12,360405
24087,0.001414,74.125.68.0-255,5738,182879,12,360405
24088,0.001417,172.31.36.0-255,66,182945,12,360405
24089,0.00142,74.125.68.0-255,1484,184429,12,360405
24090,0.001434,74.125.68.0-255,2902,187331,12,360405
24091,0.001437,172.31.36.0-255,66,187397,12,360405
24092,0.00146,74.125.68.0-255,2902,190299,12,360405
24093,0.001463,172.31.36.0-255,66,190365,12,360405
24094,0.001473,172.31.36.0-255,66,190431,12,360405
24095,0.001519,74.125.68.0-255,7156,197587,12,360405
24096,0.001521,172.31.36.0-255,66,197653,12,360405
24097,0.001533,74.125.68.0-255,766,198419,12,360405
24098,0.001537,74.125.68.0-255,2902,201321,12,360405
24099,0.00154,172.31.36.0-255,66,201387,12,360405
24100,0.001545,74.125.68.0-255,4320,205707,12,360405
24101,0.001548,172.31.36.0-255,66,205773,12,360405
24102,0.001585,74.125.68.0-255,4320,210093,12,360405
24103,0.001594,74.125.68.0-255,1484,211577,12,360405
24104,0.001594,172.31.36.0-255,66,211643,12,360405
24105,0.001615,74.125.68.0-255,4320,215963,12,360405
24106,0.001618,172.31.36.0-255,66,216029,12,360405
24107,0.001622,74.125.68.0-255,1484,217513,12,360405
24108,0.00165,74.125.68.0-255,7156,224669,12,360405
24109,0.001654,172.31.36.0-255,66,224735,12,360405
24110,0.001676,74.125.68.0-255,2902,227637,12,360405
24111,0.001679,172.31.36.0-255,66,227703,12,360405
24112,0.001694,74.125.68.0-255,5020,232723,12,360405
24113,0.001698,172.31.36.0-255,66,232789,12,360405
24114,0.001729,172.31.36.0-255,66,232855,12,360405
24115,0.001734,74.125.68.0-255,2902,235757,12,360405
24116,0.001736,172.31.36.0-255,66,235823,12,360405
24117,0.001785,172.31.36.0-255,66,235889,12,360405
24118,0.001792,74.125.68.0-255,7156,243045,12,360405
24119,0.001794,172.31.36.0-255,66,243111,12,360405
24120,0.001836,74.125.68.0-255,2184,245295,12,360405
24121,0.00184,172.31.36.0-255,66,245361,12,360405
24122,0.001895,74.125.68.0-255,1484,246845,12,360405
24123,0.001919,74.125.68.0-255,2902,249747,12,360405
24124,0.001923,172.31.36.0-255,66,249813,12,360405
24125,0.001927,74.125.68.0-255,1484,251297,12,360405
24126,0.001947,74.125.68.0-255,2902,254199,12,360405
24127,0.00195,172.31.36.0-255,66,254265,12,360405
24128,0.001958,74.125.68.0-255,5738,260003,12,360405
24129,0.001961,172.31.36.0-255,66,260069,12,360405
24130,0.001998,74.125.68.0-255,2902,262971,12,360405
24131,0.002002,172.31.36.0-255,66,263037,12,360405
24132,0.00202,74.125.68.0-255,2902,265939,12,360405
24133,0.002023,172.31.36.0-255,66,266005,12,360405
24134,0.002031,74.125.68.0-255,7156,273161,12,360405
24135,0.002034,172.31.36.0-255,66,273227,12,360405
24136,0.002062,74.125.68.0-255,4320,277547,12,360405
24137,0.002065,172.31.36.0-255,66,277613,12,360405
24138,0.002086,74.125.68.0-255,2184,279797,12,360405
24139,0.00209,172.31.36.0-255,66,279863,12,360405
24140,0.002103,74.125.68.0-255,1484,281347,12,360405
24141,0.002117,74.125.68.0-255,1484,282831,12,360405
24142,0.00212,172.31.36.0-255,66,282897,12,360405
24143,0.002141,74.125.68.0-255,1484,284381,12,360405
24144,0.002163,74.125.68.0-255,4320,288701,12,360405
24145,0.002167,172.31.36.0-255,66,288767,12,360405
24146,0.002172,74.125.68.0-255,2902,291669,12,360405
24147,0.002174,172.31.36.0-255,66,291735,12,360405
24148,0.002195,74.125.68.0-255,2902,294637,12,360405
24149,0.002199,172.31.36.0-255,66,294703,12,360405
24150,0.002205,74.125.68.0-255,5738,300441,12,360405
24151,0.002208,172.31.36.0-255,66,300507,12,360405
24152,0.002231,74.125.68.0-255,1484,301991,12,360405
24153,0.002239,74.125.68.0-255,5738,307729,12,360405
24154,0.002243,172.31.36.0-255,66,307795,12,360405
24155,0.002266,74.125.68.0-255,2902,310697,12,360405
24156,0.00227,74.125.68.0-255,2902,313599,12,360405
24157,0.002271,172.31.36.0-255,66,313665,12,360405
24158,0.002275,172.31.36.0-255,66,313731,12,360405
24159,0.00449,74.125.68.0-255,5738,319469,12,360405
24160,0.004497,172.31.36.0-255,66,319535,12,360405
24161,0.006713,74.125.68.0-255,5738,325273,12,360405
24162,0.00672,172.31.36.0-255,66,325339,12,360405
24163,0.008937,74.125.68.0-255,4320,329659,12,360405
24164,0.00894,172.31.36.0-255,66,329725,12,360405
24165,0.008955,74.125.68.0-255,1484,331209,12,360405
24166,0.01116,74.125.68.0-255,4320,335529,12,360405
24167,0.011167,172.31.36.0-255,66,335595,12,360405
24168,0.013396,74.125.68.0-255,5738,341333,12,360405
24169,0.013404,172.31.36.0-255,66,341399,12,360405
24170,0.015625,74.125.68.0-255,5738,347137,12,360405
24171,0.015639,172.31.36.0-255,66,347203,12,360405
24172,0.017864,74.125.68.0-255,5738,352941,12,360405
24173,0.017872,172.31.36.0-255,66,353007,12,360405
24174,0.020095,74.125.68.0-255,5738,358745,12,360405
24175,0.020102,172.31.36.0-255,66,358811,12,360405
24176,0.022312,74.125.68.0-255,1357,360168,12,360405
24177,0.022607,172.31.36.0-255,66,360234,12,360405
24178,0.022635,172.31.36.0-255,105,360339,12,360405
24179,0.024815,74.125.68.0-255,66,360405,12,360405
24180,0.0,172.217.194.0-255,153,153,12,132231
24181,1.7e-05,172.31.36.0-255,66,219,12,132231
24182,2.4e-05,172.217.194.0-255,1484,1703,12,132231
24183,2.8e-05,172.31.36.0-255,66,1769,12,132231
24184,3.4e-05,172.217.194.0-255,2902,4671,12,132231
24185,3.8e-05,172.31.36.0-255,66,4737,12,132231
24186,4.4e-05,172.217.194.0-255,5738,10475,12,132231
24187,4.8e-05,172.31.36.0-255,66,10541,12,132231
24188,6.9e-05,172.217.194.0-255,3413,13954,12,132231
24189,7.2e-05,172.31.36.0-255,66,14020,12,132231
24190,0.000117,172.217.194.0-255,2902,16922,12,132231
24191,0.00012,172.31.36.0-255,66,16988,12,132231
24192,0.000125,172.217.194.0-255,4320,21308,12,132231
24193,0.000128,172.31.36.0-255,66,21374,12,132231
24194,0.000166,172.31.36.0-255,66,21440,12,132231
24195,0.000169,172.217.194.0-255,1484,22924,12,132231
24196,0.000171,172.31.36.0-255,66,22990,12,132231
24197,0.0002,172.31.36.0-255,66,23056,12,132231
24198,0.000212,172.31.36.0-255,66,23122,12,132231
24199,0.000229,172.217.194.0-255,5738,28860,12,132231
24200,0.000232,172.31.36.0-255,66,28926,12,132231
24201,0.000237,172.217.194.0-255,3602,32528,12,132231
24202,0.00024,172.31.36.0-255,66,32594,12,132231
24203,0.000263,172.217.194.0-255,376,32970,12,132231
24204,0.000265,172.31.36.0-255,66,33036,12,132231
24205,0.000281,172.217.194.0-255,398,33434,12,132231
24206,0.000284,172.31.36.0-255,66,33500,12,132231
24207,0.00041,172.217.194.0-255,1484,34984,12,132231
24208,0.000414,172.31.36.0-255,66,35050,12,132231
24209,0.00042,172.217.194.0-255,2902,37952,12,132231
24210,0.000423,172.31.36.0-255,66,38018,12,132231
24211,0.000429,172.217.194.0-255,5738,43756,12,132231
24212,0.000432,172.31.36.0-255,66,43822,12,132231
24213,0.00047,172.31.36.0-255,66,43888,12,132231
24214,0.000486,172.217.194.0-255,1484,45372,12,132231
24215,0.000512,172.31.36.0-255,66,45438,12,132231
24216,0.001245,172.217.194.0-255,1484,46922,12,132231
24217,0.001263,172.217.194.0-255,2902,49824,12,132231
24218,0.001267,172.31.36.0-255,66,49890,12,132231
24219,0.001275,172.217.194.0-255,5738,55628,12,132231
24220,0.001277,172.31.36.0-255,66,55694,12,132231
24221,0.001301,172.217.194.0-255,4320,60014,12,132231
24222,0.001304,172.31.36.0-255,66,60080,12,132231
24223,0.001331,172.31.36.0-255,66,60146,12,132231
24224,0.001353,172.217.194.0-255,7156,67302,12,132231
24225,0.001355,172.31.36.0-255,66,67368,12,132231
24226,0.001379,172.217.194.0-255,3602,70970,12,132231
24227,0.001381,172.31.36.0-255,66,71036,12,132231
24228,0.001656,172.217.194.0-255,1484,72520,12,132231
24229,0.001676,172.217.194.0-255,2902,75422,12,132231
24230,0.001679,172.31.36.0-255,66,75488,12,132231
24231,0.001687,172.217.194.0-255,5738,81226,12,132231
24232,0.001689,172.31.36.0-255,66,81292,12,132231
24233,0.001716,172.217.194.0-255,5738,87030,12,132231
24234,0.001719,172.31.36.0-255,66,87096,12,132231
24235,0.001723,172.217.194.0-255,1484,88580,12,132231
24236,0.001751,172.31.36.0-255,66,88646,12,132231
24237,0.001757,172.217.194.0-255,5020,93666,12,132231
24238,0.001759,172.31.36.0-255,66,93732,12,132231
24239,0.002003,172.217.194.0-255,1484,95216,12,132231
24240,0.002023,172.217.194.0-255,2902,98118,12,132231
24241,0.002028,172.31.36.0-255,66,98184,12,132231
24242,0.002035,172.217.194.0-255,5738,103922,12,132231
24243,0.002037,172.31.36.0-255,66,103988,12,132231
24244,0.002056,172.217.194.0-255,2902,106890,12,132231
24245,0.002058,172.31.36.0-255,66,106956,12,132231
24246,0.002104,172.31.36.0-255,66,107022,12,132231
24247,0.002118,172.31.36.0-255,66,107088,12,132231
24248,0.002132,172.31.36.0-255,66,107154,12,132231
24249,0.002169,172.31.36.0-255,66,107220,12,132231
24250,0.002175,172.217.194.0-255,5020,112240,12,132231
24251,0.002177,172.31.36.0-255,66,112306,12,132231
24252,0.002212,172.31.36.0-255,66,112372,12,132231
24253,0.002255,172.31.36.0-255,66,112438,12,132231
24254,0.002278,172.217.194.0-255,4320,116758,12,132231
24255,0.002281,172.31.36.0-255,66,116824,12,132231
24256,0.002302,172.31.36.0-255,66,116890,12,132231
24257,0.002347,172.31.36.0-255,66,116956,12,132231
24258,0.002368,172.217.194.0-255,2902,119858,12,132231
24259,0.00237,172.31.36.0-255,66,119924,12,132231
24260,0.002404,172.31.36.0-255,66,119990,12,132231
24261,0.00247,172.31.36.0-255,66,120056,12,132231
24262,0.002495,172.217.194.0-255,2184,122240,12,132231
24263,0.002498,172.31.36.0-255,66,122306,12,132231
24264,0.002513,172.31.36.0-255,66,122372,12,132231
24265,0.002529,172.31.36.0-255,66,122438,12,132231
24266,0.002553,172.217.194.0-255,5738,128176,12,132231
24267,0.002556,172.31.36.0-255,66,128242,12,132231
24268,0.002571,172.31.36.0-255,66,128308,12,132231
24269,0.002593,172.217.194.0-255,3515,131823,12,132231
24270,0.002596,172.31.36.0-255,66,131889,12,132231
24271,0.002599,172.217.194.0-255,105,131994,12,132231
24272,0.01041,172.31.36.0-255,66,132060,12,132231
24273,0.010451,172.31.36.0-255,105,132165,12,132231
24274,0.012976,172.217.194.0-255,66,132231,12,132231
24275,0.0,172.217.194.0-255,153,153,12,164803
24276,3e-05,172.31.36.0-255,66,219,12,164803
24277,3.7e-05,172.217.194.0-255,1484,1703,12,164803
24278,4.2e-05,172.31.36.0-255,66,1769,12,164803
24279,4.7e-05,172.217.194.0-255,2902,4671,12,164803
24280,4.9e-05,172.31.36.0-255,66,4737,12,164803
24281,5.5e-05,172.217.194.0-255,5738,10475,12,164803
24282,5.7e-05,172.31.36.0-255,66,10541,12,164803
24283,0.000125,172.217.194.0-255,3501,14042,12,164803
24284,0.000129,172.31.36.0-255,66,14108,12,164803
24285,0.000176,172.217.194.0-255,4320,18428,12,164803
24286,0.00018,172.31.36.0-255,66,18494,12,164803
24287,0.000239,172.217.194.0-255,5738,24232,12,164803
24288,0.000243,172.31.36.0-255,66,24298,12,164803
24289,0.000258,172.217.194.0-255,4320,28618,12,164803
24290,0.000261,172.31.36.0-255,66,28684,12,164803
24291,0.00037,172.217.194.0-255,5379,34063,12,164803
24292,0.000375,172.31.36.0-255,66,34129,12,164803
24293,0.000445,172.217.194.0-255,5738,39867,12,164803
24294,0.000451,172.31.36.0-255,66,39933,12,164803
24295,0.00049,172.31.36.0-255,66,39999,12,164803
24296,0.000764,172.31.36.0-255,66,40065,12,164803
24297,0.000845,172.217.194.0-255,100,40165,12,164803
24298,0.000851,172.31.36.0-255,66,40231,12,164803
24299,0.000854,172.217.194.0-255,364,40595,12,164803
24300,0.000856,172.31.36.0-255,66,40661,12,164803
24301,0.001222,172.217.194.0-255,1484,42145,12,164803
24302,0.001228,172.31.36.0-255,66,42211,12,164803
24303,0.001236,172.217.194.0-255,2902,45113,12,164803
24304,0.001238,172.31.36.0-255,66,45179,12,164803
24305,0.001287,172.217.194.0-255,5738,50917,12,164803
24306,0.001304,172.31.36.0-255,66,50983,12,164803
24307,0.001329,172.217.194.0-255,4320,55303,12,164803
24308,0.001355,172.31.36.0-255,66,55369,12,164803
24309,0.001384,172.217.194.0-255,2902,58271,12,164803
24310,0.001406,172.31.36.0-255,66,58337,12,164803
24311,0.00141,172.31.36.0-255,66,58403,12,164803
24312,0.001551,172.217.194.0-255,4320,62723,12,164803
24313,0.001555,172.31.36.0-255,66,62789,12,164803
24314,0.001577,172.217.194.0-255,3602,66391,12,164803
24315,0.001588,172.31.36.0-255,66,66457,12,164803
24316,0.001997,172.217.194.0-255,1484,67941,12,164803
24317,0.002003,172.217.194.0-255,1484,69425,12,164803
24318,0.002006,172.31.36.0-255,66,69491,12,164803
24319,0.002025,172.217.194.0-255,1484,70975,12,164803
24320,0.00205,172.217.194.0-255,5738,76713,12,164803
24321,0.002072,172.31.36.0-255,66,76779,12,164803
24322,0.002119,172.217.194.0-255,4320,81099,12,164803
24323,0.002129,172.31.36.0-255,66,81165,12,164803
24324,0.002162,172.31.36.0-255,66,81231,12,164803
24325,0.002306,172.31.36.0-255,66,81297,12,164803
24326,0.002464,172.31.36.0-255,66,81363,12,164803
24327,0.002742,172.217.194.0-255,7156,88519,12,164803
24328,0.002746,172.31.36.0-255,66,88585,12,164803
24329,0.002767,172.217.194.0-255,5020,93605,12,164803
24330,0.00278,172.31.36.0-255,66,93671,12,164803
24331,0.002906,172.217.194.0-255,7156,100827,12,164803
24332,0.00291,172.31.36.0-255,66,100893,12,164803
24333,0.002953,172.31.36.0-255,66,100959,12,164803
24334,0.005282,172.217.194.0-255,5738,106697,12,164803
24335,0.005286,172.31.36.0-255,66,106763,12,164803
24336,0.007616,172.217.194.0-255,5738,112501,12,164803
24337,0.007622,172.31.36.0-255,66,112567,12,164803
24338,0.009944,172.217.194.0-255,5738,118305,12,164803
24339,0.00995,172.31.36.0-255,66,118371,12,164803
24340,0.012238,172.217.194.0-255,5738,124109,12,164803
24341,0.012247,172.31.36.0-255,66,124175,12,164803
24342,0.014539,172.217.194.0-255,5738,129913,12,164803
24343,0.014545,172.31.36.0-255,66,129979,12,164803
24344,0.01687,172.217.194.0-255,5738,135717,12,164803
24345,0.016876,172.31.36.0-255,66,135783,12,164803
24346,0.019173,172.217.194.0-255,5738,141521,12,164803
24347,0.019181,172.31.36.0-255,66,141587,12,164803
24348,0.02148,172.217.194.0-255,5738,147325,12,164803
24349,0.021488,172.31.36.0-255,66,147391,12,164803
24350,0.02381,172.217.194.0-255,5738,153129,12,164803
24351,0.023816,172.31.36.0-255,66,153195,12,164803
24352,0.026112,172.217.194.0-255,5738,158933,12,164803
24353,0.026832,172.31.36.0-255,66,158999,12,164803
24354,0.029123,172.217.194.0-255,5738,164737,12,164803
24355,0.029129,172.31.36.0-255,66,164803,12,164803
24356,0.0,74.125.24.0-255,152,152,12,177319
24357,2.3e-05,172.31.36.0-255,66,218,12,177319
24358,3.1e-05,74.125.24.0-255,1484,1702,12,177319
24359,3.6e-05,172.31.36.0-255,66,1768,12,177319
24360,4.2e-05,74.125.24.0-255,2902,4670,12,177319
24361,4.5e-05,172.31.36.0-255,66,4736,12,177319
24362,5.1e-05,74.125.24.0-255,4320,9056,12,177319
24363,5.4e-05,172.31.36.0-255,66,9122,12,177319
24364,6.7e-05,172.31.36.0-255,66,9188,12,177319
24365,0.000101,172.31.36.0-255,66,9254,12,177319
24366,0.000123,74.125.24.0-255,3961,13215,12,177319
24367,0.000126,172.31.36.0-255,66,13281,12,177319
24368,0.000168,74.125.24.0-255,1484,14765,12,177319
24369,0.000171,172.31.36.0-255,66,14831,12,177319
24370,0.000175,74.125.24.0-255,2902,17733,12,177319
24371,0.000178,172.31.36.0-255,66,17799,12,177319
24372,0.000184,74.125.24.0-255,4320,22119,12,177319
24373,0.000187,172.31.36.0-255,66,22185,12,177319
24374,0.00021,74.125.24.0-255,1484,23669,12,177319
24375,0.000213,172.31.36.0-255,66,23735,12,177319
24376,0.000218,74.125.24.0-255,4320,28055,12,177319
24377,0.00022,172.31.36.0-255,66,28121,12,177319
24378,0.000225,74.125.24.0-255,2902,31023,12,177319
24379,0.000227,172.31.36.0-255,66,31089,12,177319
24380,0.000265,172.31.36.0-255,66,31155,12,177319
24381,0.000272,74.125.24.0-255,6797,37952,12,177319
24382,0.000275,172.31.36.0-255,66,38018,12,177319
24383,0.000277,74.125.24.0-255,398,38416,12,177319
24384,0.000279,172.31.36.0-255,66,38482,12,177319
24385,0.000387,74.125.24.0-255,346,38828,12,177319
24386,0.00055,74.125.24.0-255,1484,40312,12,177319
24387,0.000556,172.31.36.0-255,66,40378,12,177319
24388,0.000563,74.125.24.0-255,2902,43280,12,177319
24389,0.000566,172.31.36.0-255,66,43346,12,177319
24390,0.000572,74.125.24.0-255,5738,49084,12,177319
24391,0.000575,172.31.36.0-255,66,49150,12,177319
24392,0.00058,74.125.24.0-255,4320,53470,12,177319
24393,0.000582,172.31.36.0-255,66,53536,12,177319
24394,0.000597,172.31.36.0-255,66,53602,12,177319
24395,0.000621,74.125.24.0-255,5738,59340,12,177319
24396,0.000625,172.31.36.0-255,66,59406,12,177319
24397,0.000638,74.125.24.0-255,1125,60531,12,177319
24398,0.001121,74.125.24.0-255,1484,62015,12,177319
24399,0.001127,172.31.36.0-255,66,62081,12,177319
24400,0.001134,74.125.24.0-255,2902,64983,12,177319
24401,0.001137,172.31.36.0-255,66,65049,12,177319
24402,0.001162,74.125.24.0-255,5738,70787,12,177319
24403,0.001165,172.31.36.0-255,66,70853,12,177319
24404,0.001169,74.125.24.0-255,2902,73755,12,177319
24405,0.001171,172.31.36.0-255,66,73821,12,177319
24406,0.001175,74.125.24.0-255,1484,75305,12,177319
24407,0.001194,74.125.24.0-255,7156,82461,12,177319
24408,0.001197,172.31.36.0-255,66,82527,12,177319
24409,0.001214,74.125.24.0-255,1484,84011,12,177319
24410,0.00122,74.125.24.0-255,4320,88331,12,177319
24411,0.001222,172.31.36.0-255,66,88397,12,177319
24412,0.001244,74.125.24.0-255,6438,94835,12,177319
24413,0.001247,172.31.36.0-255,66,94901,12,177319
24414,0.00201,74.125.24.0-255,1484,96385,12,177319
24415,0.00202,74.125.24.0-255,2902,99287,12,177319
24416,0.002025,172.31.36.0-255,66,99353,12,177319
24417,0.002033,74.125.24.0-255,5738,105091,12,177319
24418,0.002035,172.31.36.0-255,66,105157,12,177319
24419,0.002064,172.31.36.0-255,66,105223,12,177319
24420,0.002087,74.125.24.0-255,4320,109543,12,177319
24421,0.002089,172.31.36.0-255,66,109609,12,177319
24422,0.002101,172.31.36.0-255,66,109675,12,177319
24423,0.002104,74.125.24.0-255,766,110441,12,177319
24424,0.00425,74.125.24.0-255,4320,114761,12,177319
24425,0.004258,172.31.36.0-255,66,114827,12,177319
24426,0.006397,74.125.24.0-255,4320,119147,12,177319
24427,0.006401,172.31.36.0-255,66,119213,12,177319
24428,0.006418,74.125.24.0-255,1484,120697,12,177319
24429,0.008593,74.125.24.0-255,4320,125017,12,177319
24430,0.008601,172.31.36.0-255,66,125083,12,177319
24431,0.010774,74.125.24.0-255,5738,130821,12,177319
24432,0.010782,172.31.36.0-255,66,130887,12,177319
24433,0.012936,74.125.24.0-255,5738,136625,12,177319
24434,0.012945,172.31.36.0-255,66,136691,12,177319
24435,0.015072,74.125.24.0-255,5738,142429,12,177319
24436,0.015081,172.31.36.0-255,66,142495,12,177319
24437,0.017242,74.125.24.0-255,5738,148233,12,177319
24438,0.017251,172.31.36.0-255,66,148299,12,177319
24439,0.019444,74.125.24.0-255,5738,154037,12,177319
24440,0.019451,172.31.36.0-255,66,154103,12,177319
24441,0.021585,74.125.24.0-255,5738,159841,12,177319
24442,0.021592,172.31.36.0-255,66,159907,12,177319
24443,0.023766,74.125.24.0-255,5738,165645,12,177319
24444,0.023773,172.31.36.0-255,66,165711,12,177319
24445,0.025905,74.125.24.0-255,5738,171449,12,177319
24446,0.025911,172.31.36.0-255,66,171515,12,177319
24447,0.028085,74.125.24.0-255,5738,177253,12,177319
24448,0.028094,172.31.36.0-255,66,177319,12,177319
24449,0.0,74.125.200.0-255,153,153,12,333470
24450,2.2e-05,172.31.36.0-255,66,219,12,333470
24451,3e-05,74.125.200.0-255,1484,1703,12,333470
24452,3.4e-05,172.31.36.0-255,66,1769,12,333470
24453,4.8e-05,74.125.200.0-255,2902,4671,12,333470
24454,5.2e-05,172.31.36.0-255,66,4737,12,333470
24455,6e-05,74.125.200.0-255,5738,10475,12,333470
24456,6.3e-05,172.31.36.0-255,66,10541,12,333470
24457,9.5e-05,74.125.200.0-255,3501,14042,12,333470
24458,9.8e-05,172.31.36.0-255,66,14108,12,333470
24459,0.000183,74.125.200.0-255,1484,15592,12,333470
24460,0.000187,172.31.36.0-255,66,15658,12,333470
24461,0.00019,74.125.200.0-255,1484,17142,12,333470
24462,0.000192,172.31.36.0-255,66,17208,12,333470
24463,0.000215,74.125.200.0-255,1484,18692,12,333470
24464,0.000217,172.31.36.0-255,66,18758,12,333470
24465,0.000224,74.125.200.0-255,5738,24496,12,333470
24466,0.000226,172.31.36.0-255,66,24562,12,333470
24467,0.000232,74.125.200.0-255,4320,28882,12,333470
24468,0.000235,172.31.36.0-255,66,28948,12,333470
24469,0.000257,74.125.200.0-255,1484,30432,12,333470
24470,0.00026,172.31.36.0-255,66,30498,12,333470
24471,0.000287,74.125.200.0-255,3961,34459,12,333470
24472,0.00029,172.31.36.0-255,66,34525,12,333470
24473,0.000294,74.125.200.0-255,2902,37427,12,333470
24474,0.000297,172.31.36.0-255,66,37493,12,333470
24475,0.000302,74.125.200.0-255,4320,41813,12,333470
24476,0.000305,172.31.36.0-255,66,41879,12,333470
24477,0.000309,74.125.200.0-255,2902,44781,12,333470
24478,0.000311,172.31.36.0-255,66,44847,12,333470
24479,0.000348,74.125.200.0-255,5738,50585,12,333470
24480,0.000351,172.31.36.0-255,66,50651,12,333470
24481,0.000387,74.125.200.0-255,6799,57450,12,333470
24482,0.000477,74.125.200.0-255,1484,58934,12,333470
24483,0.000481,74.125.200.0-255,1484,60418,12,333470
24484,0.000498,74.125.200.0-255,1484,61902,12,333470
24485,0.00052,74.125.200.0-255,5738,67640,12,333470
24486,0.000523,74.125.200.0-255,1484,69124,12,333470
24487,0.000537,74.125.200.0-255,4320,73444,12,333470
24488,0.000577,74.125.200.0-255,7156,80600,12,333470
24489,0.000582,74.125.200.0-255,2902,83502,12,333470
24490,0.000601,74.125.200.0-255,4320,87822,12,333470
24491,0.000631,74.125.200.0-255,3882,91704,12,333470
24492,0.000665,172.31.36.0-255,66,91770,12,333470
24493,0.000743,74.125.200.0-255,1484,93254,12,333470
24494,0.000771,74.125.200.0-255,2902,96156,12,333470
24495,0.000787,74.125.200.0-255,4320,100476,12,333470
24496,0.000798,172.31.36.0-255,66,100542,12,333470
24497,0.000816,74.125.200.0-255,5738,106280,12,333470
24498,0.000823,74.125.200.0-255,4320,110600,12,333470
24499,0.000837,74.125.200.0-255,7156,117756,12,333470
24500,0.000842,74.125.200.0-255,4320,122076,12,333470
24501,0.000871,74.125.200.0-255,4472,126548,12,333470
24502,0.000875,172.31.36.0-255,66,126614,12,333470
24503,0.000885,74.125.200.0-255,2902,129516,12,333470
24504,0.000906,172.31.36.0-255,66,129582,12,333470
24505,0.000914,74.125.200.0-255,5738,135320,12,333470
24506,0.000956,74.125.200.0-255,4320,139640,12,333470
24507,0.000986,172.31.36.0-255,66,139706,12,333470
24508,0.001009,74.125.200.0-255,1484,141190,12,333470
24509,0.001022,74.125.200.0-255,2902,144092,12,333470
24510,0.001032,172.31.36.0-255,66,144158,12,333470
24511,0.00105,74.125.200.0-255,5738,149896,12,333470
24512,0.001056,74.125.200.0-255,4320,154216,12,333470
24513,0.001069,74.125.200.0-255,2902,157118,12,333470
24514,0.001081,74.125.200.0-255,1484,158602,12,333470
24515,0.001098,74.125.200.0-255,5738,164340,12,333470
24516,0.001108,172.31.36.0-255,66,164406,12,333470
24517,0.001139,74.125.200.0-255,7156,171562,12,333470
24518,0.001144,74.125.200.0-255,2184,173746,12,333470
24519,0.001152,172.31.36.0-255,66,173812,12,333470
24520,0.001276,74.125.200.0-255,1484,175296,12,333470
24521,0.001282,74.125.200.0-255,2902,178198,12,333470
24522,0.001292,74.125.200.0-255,1484,179682,12,333470
24523,0.001305,74.125.200.0-255,2902,182584,12,333470
24524,0.001308,74.125.200.0-255,1484,184068,12,333470
24525,0.001341,74.125.200.0-255,4320,188388,12,333470
24526,0.001346,74.125.200.0-255,4320,192708,12,333470
24527,0.001351,172.31.36.0-255,66,192774,12,333470
24528,0.001363,74.125.200.0-255,7156,199930,12,333470
24529,0.001365,74.125.200.0-255,1484,201414,12,333470
24530,0.001383,172.31.36.0-255,66,201480,12,333470
24531,0.001416,74.125.200.0-255,6438,207918,12,333470
24532,0.001424,172.31.36.0-255,66,207984,12,333470
24533,0.001517,74.125.200.0-255,1484,209468,12,333470
24534,0.00154,74.125.200.0-255,2902,212370,12,333470
24535,0.00156,74.125.200.0-255,5738,218108,12,333470
24536,0.001566,74.125.200.0-255,2902,221010,12,333470
24537,0.001571,172.31.36.0-255,66,221076,12,333470
24538,0.001616,74.125.200.0-255,1484,222560,12,333470
24539,0.001622,74.125.200.0-255,4320,226880,12,333470
24540,0.001643,74.125.200.0-255,6438,233318,12,333470
24541,0.001687,74.125.200.0-255,1484,234802,12,333470
24542,0.001711,74.125.200.0-255,5738,240540,12,333470
24543,0.001718,74.125.200.0-255,5738,246278,12,333470
24544,0.001724,172.31.36.0-255,66,246344,12,333470
24545,0.00177,74.125.200.0-255,7156,253500,12,333470
24546,0.001777,172.31.36.0-255,66,253566,12,333470
24547,0.001821,74.125.200.0-255,7156,260722,12,333470
24548,0.001832,172.31.36.0-255,66,260788,12,333470
24549,0.001882,172.31.36.0-255,66,260854,12,333470
24550,0.002207,74.125.200.0-255,1484,262338,12,333470
24551,0.002233,74.125.200.0-255,1484,263822,12,333470
24552,0.002241,172.31.36.0-255,66,263888,12,333470
24553,0.002251,74.125.200.0-255,1484,265372,12,333470
24554,0.002262,74.125.200.0-255,5738,271110,12,333470
24555,0.002267,74.125.200.0-255,4320,275430,12,333470
24556,0.002288,74.125.200.0-255,1484,276914,12,333470
24557,0.002295,74.125.200.0-255,7156,284070,12,333470
24558,0.002299,74.125.200.0-255,2902,286972,12,333470
24559,0.002305,172.31.36.0-255,66,287038,12,333470
24560,0.004575,74.125.200.0-255,5738,292776,12,333470
24561,0.004582,172.31.36.0-255,66,292842,12,333470
24562,0.006856,74.125.200.0-255,5738,298580,12,333470
24563,0.010506,172.31.36.0-255,66,298646,12,333470
24564,0.01278,74.125.200.0-255,5738,304384,12,333470
24565,0.012791,172.31.36.0-255,66,304450,12,333470
24566,0.015061,74.125.200.0-255,5738,310188,12,333470
24567,0.016171,172.31.36.0-255,66,310254,12,333470
24568,0.018463,74.125.200.0-255,5738,315992,12,333470
24569,0.018476,172.31.36.0-255,66,316058,12,333470
24570,0.020755,74.125.200.0-255,5738,321796,12,333470
24571,0.024457,172.31.36.0-255,66,321862,12,333470
24572,0.026739,74.125.200.0-255,5738,327600,12,333470
24573,0.026754,172.31.36.0-255,66,327666,12,333470
24574,0.029035,74.125.200.0-255,5738,333404,12,333470
24575,0.029044,172.31.36.0-255,66,333470,12,333470
24576,0.0,74.125.24.0-255,298,298,12,166583
24577,2.3e-05,172.31.36.0-255,66,364,12,166583
24578,2.9e-05,74.125.24.0-255,1484,1848,12,166583
24579,3.4e-05,172.31.36.0-255,66,1914,12,166583
24580,5.1e-05,74.125.24.0-255,4320,6234,12,166583
24581,5.5e-05,172.31.36.0-255,66,6300,12,166583
24582,0.000101,172.31.36.0-255,66,6366,12,166583
24583,0.000631,74.125.24.0-255,1484,7850,12,166583
24584,0.000638,172.31.36.0-255,66,7916,12,166583
24585,0.000647,74.125.24.0-255,2902,10818,12,166583
24586,0.000649,172.31.36.0-255,66,10884,12,166583
24587,0.000661,74.125.24.0-255,5738,16622,12,166583
24588,0.000664,172.31.36.0-255,66,16688,12,166583
24589,0.000672,74.125.24.0-255,6797,23485,12,166583
24590,0.000674,172.31.36.0-255,66,23551,12,166583
24591,0.0007,74.125.24.0-255,1484,25035,12,166583
24592,0.000702,172.31.36.0-255,66,25101,12,166583
24593,0.000745,172.31.36.0-255,66,25167,12,166583
24594,0.00075,74.125.24.0-255,2543,27710,12,166583
24595,0.000752,172.31.36.0-255,66,27776,12,166583
24596,0.000796,74.125.24.0-255,2902,30678,12,166583
24597,0.0008,172.31.36.0-255,66,30744,12,166583
24598,0.000805,74.125.24.0-255,2902,33646,12,166583
24599,0.000808,172.31.36.0-255,66,33712,12,166583
24600,0.000839,74.125.24.0-255,1484,35196,12,166583
24601,0.000842,172.31.36.0-255,66,35262,12,166583
24602,0.000859,172.31.36.0-255,66,35328,12,166583
24603,0.000862,74.125.24.0-255,1125,36453,12,166583
24604,0.000864,172.31.36.0-255,66,36519,12,166583
24605,0.000885,74.125.24.0-255,411,36930,12,166583
24606,0.000949,74.125.24.0-255,1484,38414,12,166583
24607,0.000955,172.31.36.0-255,66,38480,12,166583
24608,0.00096,74.125.24.0-255,2902,41382,12,166583
24609,0.000962,172.31.36.0-255,66,41448,12,166583
24610,0.001003,74.125.24.0-255,5738,47186,12,166583
24611,0.001007,172.31.36.0-255,66,47252,12,166583
24612,0.00102,172.31.36.0-255,66,47318,12,166583
24613,0.001047,74.125.24.0-255,2543,49861,12,166583
24614,0.00105,172.31.36.0-255,66,49927,12,166583
24615,0.001053,74.125.24.0-255,1484,51411,12,166583
24616,0.00107,172.31.36.0-255,66,51477,12,166583
24617,0.001355,74.125.24.0-255,1484,52961,12,166583
24618,0.001363,74.125.24.0-255,2902,55863,12,166583
24619,0.00137,172.31.36.0-255,66,55929,12,166583
24620,0.001377,74.125.24.0-255,4320,60249,12,166583
24621,0.001379,172.31.36.0-255,66,60315,12,166583
24622,0.001407,74.125.24.0-255,1484,61799,12,166583
24623,0.001413,74.125.24.0-255,4320,66119,12,166583
24624,0.001416,172.31.36.0-255,66,66185,12,166583
24625,0.00145,172.31.36.0-255,66,66251,12,166583
24626,0.001493,172.31.36.0-255,66,66317,12,166583
24627,0.001498,74.125.24.0-255,2184,68501,12,166583
24628,0.001501,172.31.36.0-255,66,68567,12,166583
24629,0.001961,74.125.24.0-255,1484,70051,12,166583
24630,0.00197,74.125.24.0-255,2902,72953,12,166583
24631,0.001976,172.31.36.0-255,66,73019,12,166583
24632,0.002009,74.125.24.0-255,5738,78757,12,166583
24633,0.002012,172.31.36.0-255,66,78823,12,166583
24634,0.002042,74.125.24.0-255,7156,85979,12,166583
24635,0.002046,172.31.36.0-255,66,86045,12,166583
24636,0.002075,74.125.24.0-255,5738,91783,12,166583
24637,0.002078,172.31.36.0-255,66,91849,12,166583
24638,0.002084,74.125.24.0-255,5738,97587,12,166583
24639,0.002087,172.31.36.0-255,66,97653,12,166583
24640,0.002098,74.125.24.0-255,5020,102673,12,166583
24641,0.002101,172.31.36.0-255,66,102739,12,166583
24642,0.004423,74.125.24.0-255,5738,108477,12,166583
24643,0.004431,172.31.36.0-255,66,108543,12,166583
24644,0.00676,74.125.24.0-255,5738,114281,12,166583
24645,0.006768,172.31.36.0-255,66,114347,12,166583
24646,0.009087,74.125.24.0-255,5738,120085,12,166583
24647,0.009099,172.31.36.0-255,66,120151,12,166583
24648,0.011454,74.125.24.0-255,5738,125889,12,166583
24649,0.011461,172.31.36.0-255,66,125955,12,166583
24650,0.013766,74.125.24.0-255,5738,131693,12,166583
24651,0.013775,172.31.36.0-255,66,131759,12,166583
24652,0.016074,74.125.24.0-255,5738,137497,12,166583
24653,0.016083,172.31.36.0-255,66,137563,12,166583
24654,0.018425,74.125.24.0-255,5738,143301,12,166583
24655,0.018434,172.31.36.0-255,66,143367,12,166583
24656,0.020783,74.125.24.0-255,5738,149105,12,166583
24657,0.020793,172.31.36.0-255,66,149171,12,166583
24658,0.023204,74.125.24.0-255,5738,154909,12,166583
24659,0.023214,172.31.36.0-255,66,154975,12,166583
24660,0.025559,74.125.24.0-255,5738,160713,12,166583
24661,0.025568,172.31.36.0-255,66,160779,12,166583
24662,0.027858,74.125.24.0-255,5738,166517,12,166583
24663,0.027866,172.31.36.0-255,66,166583,12,166583
24664,0.0,74.125.24.0-255,66,66,12,66
24665,0.0,74.125.68.0-255,298,298,12,208026
24666,3.5e-05,172.31.36.0-255,66,364,12,208026
24667,4.1e-05,74.125.68.0-255,1484,1848,12,208026
24668,4.5e-05,172.31.36.0-255,66,1914,12,208026
24669,5.2e-05,74.125.68.0-255,4320,6234,12,208026
24670,6.2e-05,172.31.36.0-255,66,6300,12,208026
24671,6.7e-05,74.125.68.0-255,2902,9202,12,208026
24672,6.9e-05,172.31.36.0-255,66,9268,12,208026
24673,7.5e-05,74.125.68.0-255,4320,13588,12,208026
24674,7.7e-05,172.31.36.0-255,66,13654,12,208026
24675,8e-05,74.125.68.0-255,359,14013,12,208026
24676,8.2e-05,172.31.36.0-255,66,14079,12,208026
24677,0.000222,74.125.68.0-255,1484,15563,12,208026
24678,0.000228,172.31.36.0-255,66,15629,12,208026
24679,0.000233,74.125.68.0-255,2902,18531,12,208026
24680,0.000235,172.31.36.0-255,66,18597,12,208026
24681,0.000256,74.125.68.0-255,4320,22917,12,208026
24682,0.000264,172.31.36.0-255,66,22983,12,208026
24683,0.00027,74.125.68.0-255,5738,28721,12,208026
24684,0.000273,172.31.36.0-255,66,28787,12,208026
24685,0.000319,74.125.68.0-255,5379,34166,12,208026
24686,0.000323,172.31.36.0-255,66,34232,12,208026
24687,0.000329,74.125.68.0-255,5738,39970,12,208026
24688,0.000333,172.31.36.0-255,66,40036,12,208026
24689,0.000372,172.31.36.0-255,66,40102,12,208026
24690,0.000399,74.125.68.0-255,4320,44422,12,208026
24691,0.000403,172.31.36.0-255,66,44488,12,208026
24692,0.00041,74.125.68.0-255,4320,48808,12,208026
24693,0.000412,172.31.36.0-255,66,48874,12,208026
24694,0.000424,172.31.36.0-255,66,48940,12,208026
24695,0.000455,74.125.68.0-255,442,49382,12,208026
24696,0.000602,74.125.68.0-255,1484,50866,12,208026
24697,0.000606,172.31.36.0-255,66,50932,12,208026
24698,0.000612,74.125.68.0-255,2902,53834,12,208026
24699,0.000614,172.31.36.0-255,66,53900,12,208026
24700,0.000653,74.125.68.0-255,5738,59638,12,208026
24701,0.000662,172.31.36.0-255,66,59704,12,208026
24702,0.000675,172.31.36.0-255,66,59770,12,208026
24703,0.000719,172.31.36.0-255,66,59836,12,208026
24704,0.000723,74.125.68.0-255,2184,62020,12,208026
24705,0.000726,172.31.36.0-255,66,62086,12,208026
24706,0.001174,74.125.68.0-255,1484,63570,12,208026
24707,0.001181,74.125.68.0-255,2902,66472,12,208026
24708,0.001186,172.31.36.0-255,66,66538,12,208026
24709,0.001192,74.125.68.0-255,2902,69440,12,208026
24710,0.001195,172.31.36.0-255,66,69506,12,208026
24711,0.00122,74.125.68.0-255,2902,72408,12,208026
24712,0.001224,172.31.36.0-255,66,72474,12,208026
24713,0.00123,74.125.68.0-255,5738,78212,12,208026
24714,0.001232,172.31.36.0-255,66,78278,12,208026
24715,0.00124,74.125.68.0-255,7156,85434,12,208026
24716,0.001243,172.31.36.0-255,66,85500,12,208026
24717,0.001315,172.31.36.0-255,66,85566,12,208026
24718,0.001342,74.125.68.0-255,1484,87050,12,208026
24719,0.001347,74.125.68.0-255,2902,89952,12,208026
24720,0.001351,172.31.36.0-255,66,90018,12,208026
24721,0.001381,74.125.68.0-255,2902,92920,12,208026
24722,0.001384,172.31.36.0-255,66,92986,12,208026
24723,0.00139,74.125.68.0-255,4320,97306,12,208026
24724,0.001395,172.31.36.0-255,66,97372,12,208026
24725,0.001407,74.125.68.0-255,7156,104528,12,208026
24726,0.00141,172.31.36.0-255,66,104594,12,208026
24727,0.001441,74.125.68.0-255,1484,106078,12,208026
24728,0.001447,74.125.68.0-255,4320,110398,12,208026
24729,0.00145,172.31.36.0-255,66,110464,12,208026
24730,0.001474,74.125.68.0-255,4320,114784,12,208026
24731,0.001477,172.31.36.0-255,66,114850,12,208026
24732,0.001508,74.125.68.0-255,5020,119870,12,208026
24733,0.001512,172.31.36.0-255,66,119936,12,208026
24734,0.002121,74.125.68.0-255,1484,121420,12,208026
24735,0.002139,74.125.68.0-255,2902,124322,12,208026
24736,0.002143,172.31.36.0-255,66,124388,12,208026
24737,0.00215,74.125.68.0-255,5738,130126,12,208026
24738,0.002153,172.31.36.0-255,66,130192,12,208026
24739,0.002193,172.31.36.0-255,66,130258,12,208026
24740,0.002205,74.125.68.0-255,2902,133160,12,208026
24741,0.002207,172.31.36.0-255,66,133226,12,208026
24742,0.002236,74.125.68.0-255,7156,140382,12,208026
24743,0.002239,172.31.36.0-255,66,140448,12,208026
24744,0.002245,74.125.68.0-255,5020,145468,12,208026
24745,0.002247,172.31.36.0-255,66,145534,12,208026
24746,0.004729,74.125.68.0-255,4320,149854,12,208026
24747,0.004735,172.31.36.0-255,66,149920,12,208026
24748,0.004761,74.125.68.0-255,1484,151404,12,208026
24749,0.007228,74.125.68.0-255,4320,155724,12,208026
24750,0.007235,172.31.36.0-255,66,155790,12,208026
24751,0.009751,74.125.68.0-255,5738,161528,12,208026
24752,0.009762,172.31.36.0-255,66,161594,12,208026
24753,0.01226,74.125.68.0-255,5738,167332,12,208026
24754,0.012268,172.31.36.0-255,66,167398,12,208026
24755,0.014755,74.125.68.0-255,5738,173136,12,208026
24756,0.014762,172.31.36.0-255,66,173202,12,208026
24757,0.017246,74.125.68.0-255,5738,178940,12,208026
24758,0.017253,172.31.36.0-255,66,179006,12,208026
24759,0.019754,74.125.68.0-255,5738,184744,12,208026
24760,0.019765,172.31.36.0-255,66,184810,12,208026
24761,0.022253,74.125.68.0-255,5738,190548,12,208026
24762,0.022262,172.31.36.0-255,66,190614,12,208026
24763,0.024762,74.125.68.0-255,5738,196352,12,208026
24764,0.02477,172.31.36.0-255,66,196418,12,208026
24765,0.027266,74.125.68.0-255,5738,202156,12,208026
24766,0.027273,172.31.36.0-255,66,202222,12,208026
24767,0.02978,74.125.68.0-255,5738,207960,12,208026
24768,0.029796,172.31.36.0-255,66,208026,12,208026
24769,0.0,172.217.194.0-255,153,153,12,172115
24770,1.2e-05,172.31.36.0-255,66,219,12,172115
24771,1.8e-05,172.217.194.0-255,1484,1703,12,172115
24772,2.3e-05,172.31.36.0-255,66,1769,12,172115
24773,5.4e-05,172.217.194.0-255,2902,4671,12,172115
24774,5.7e-05,172.31.36.0-255,66,4737,12,172115
24775,6.6e-05,172.217.194.0-255,7156,11893,12,172115
24776,6.8e-05,172.31.36.0-255,66,11959,12,172115
24777,0.000107,172.31.36.0-255,66,12025,12,172115
24778,0.000111,172.217.194.0-255,2543,14568,12,172115
24779,0.000113,172.31.36.0-255,66,14634,12,172115
24780,0.000191,172.217.194.0-255,1484,16118,12,172115
24781,0.000195,172.31.36.0-255,66,16184,12,172115
24782,0.0002,172.217.194.0-255,2902,19086,12,172115
24783,0.000202,172.31.36.0-255,66,19152,12,172115
24784,0.000208,172.217.194.0-255,4320,23472,12,172115
24785,0.000216,172.31.36.0-255,66,23538,12,172115
24786,0.000244,172.217.194.0-255,1484,25022,12,172115
24787,0.000246,172.31.36.0-255,66,25088,12,172115
24788,0.000262,172.31.36.0-255,66,25154,12,172115
24789,0.000274,172.31.36.0-255,66,25220,12,172115
24790,0.000302,172.217.194.0-255,1745,26965,12,172115
24791,0.000304,172.31.36.0-255,66,27031,12,172115
24792,0.000554,172.217.194.0-255,1484,28515,12,172115
24793,0.00056,172.31.36.0-255,66,28581,12,172115
24794,0.000567,172.217.194.0-255,2902,31483,12,172115
24795,0.00057,172.31.36.0-255,66,31549,12,172115
24796,0.000581,172.217.194.0-255,5738,37287,12,172115
24797,0.000584,172.31.36.0-255,66,37353,12,172115
24798,0.000635,172.31.36.0-255,66,37419,12,172115
24799,0.000672,172.31.36.0-255,66,37485,12,172115
24800,0.000868,172.217.194.0-255,1484,38969,12,172115
24801,0.000874,172.217.194.0-255,2902,41871,12,172115
24802,0.000878,172.31.36.0-255,66,41937,12,172115
24803,0.000903,172.217.194.0-255,2902,44839,12,172115
24804,0.000906,172.31.36.0-255,66,44905,12,172115
24805,0.000912,172.217.194.0-255,4320,49225,12,172115
24806,0.000914,172.31.36.0-255,66,49291,12,172115
24807,0.000954,172.31.36.0-255,66,49357,12,172115
24808,0.000969,172.31.36.0-255,66,49423,12,172115
24809,0.000992,172.217.194.0-255,766,50189,12,172115
24810,0.001063,172.217.194.0-255,1484,51673,12,172115
24811,0.001068,172.31.36.0-255,66,51739,12,172115
24812,0.001074,172.217.194.0-255,2902,54641,12,172115
24813,0.001076,172.31.36.0-255,66,54707,12,172115
24814,0.001111,172.217.194.0-255,5738,60445,12,172115
24815,0.001114,172.31.36.0-255,66,60511,12,172115
24816,0.001121,172.217.194.0-255,5738,66249,12,172115
24817,0.001123,172.31.36.0-255,66,66315,12,172115
24818,0.001142,172.31.36.0-255,66,66381,12,172115
24819,0.00118,172.217.194.0-255,6438,72819,12,172115
24820,0.001183,172.31.36.0-255,66,72885,12,172115
24821,0.001221,172.31.36.0-255,66,72951,12,172115
24822,0.001243,172.217.194.0-255,7156,80107,12,172115
24823,0.001247,172.31.36.0-255,66,80173,12,172115
24824,0.001251,172.217.194.0-255,1484,81657,12,172115
24825,0.001362,172.217.194.0-255,5738,87395,12,172115
24826,0.001365,172.31.36.0-255,66,87461,12,172115
24827,0.00141,172.217.194.0-255,766,88227,12,172115
24828,0.001416,172.31.36.0-255,66,88293,12,172115
24829,0.001585,172.217.194.0-255,1484,89777,12,172115
24830,0.001589,172.217.194.0-255,1484,91261,12,172115
24831,0.001592,172.31.36.0-255,66,91327,12,172115
24832,0.001617,172.217.194.0-255,1484,92811,12,172115
24833,0.001624,172.217.194.0-255,5738,98549,12,172115
24834,0.001642,172.217.194.0-255,5738,104287,12,172115
24835,0.001657,172.217.194.0-255,7156,111443,12,172115
24836,0.001663,172.217.194.0-255,5738,117181,12,172115
24837,0.001676,172.31.36.0-255,66,117247,12,172115
24838,0.001724,172.217.194.0-255,5020,122267,12,172115
24839,0.00175,172.31.36.0-255,66,122333,12,172115
24840,0.001783,172.217.194.0-255,1484,123817,12,172115
24841,0.001799,172.217.194.0-255,2902,126719,12,172115
24842,0.001802,172.31.36.0-255,66,126785,12,172115
24843,0.001807,172.217.194.0-255,2902,129687,12,172115
24844,0.00183,172.217.194.0-255,2902,132589,12,172115
24845,0.001859,172.31.36.0-255,66,132655,12,172115
24846,0.001881,172.217.194.0-255,4320,136975,12,172115
24847,0.001893,172.217.194.0-255,766,137741,12,172115
24848,0.001909,172.31.36.0-255,66,137807,12,172115
24849,0.001916,172.217.194.0-255,1484,139291,12,172115
24850,0.001941,172.217.194.0-255,4320,143611,12,172115
24851,0.001945,172.217.194.0-255,2902,146513,12,172115
24852,0.001953,172.31.36.0-255,66,146579,12,172115
24853,0.001975,172.217.194.0-255,7156,153735,12,172115
24854,0.001981,172.217.194.0-255,4320,158055,12,172115
24855,0.001995,172.31.36.0-255,66,158121,12,172115
24856,0.002036,172.31.36.0-255,66,158187,12,172115
24857,0.002067,172.217.194.0-255,6438,164625,12,172115
24858,0.002137,172.31.36.0-255,66,164691,12,172115
24859,0.002149,172.217.194.0-255,7082,171773,12,172115
24860,0.002151,172.217.194.0-255,105,171878,12,172115
24861,0.002182,172.31.36.0-255,66,171944,12,172115
24862,0.01083,172.31.36.0-255,105,172049,12,172115
24863,0.013124,172.217.194.0-255,66,172115,12,172115
24864,0.0,172.253.118.0-255,148,148,12,171693
24865,1.8e-05,172.31.36.0-255,66,214,12,171693
24866,2.4e-05,172.253.118.0-255,1484,1698,12,171693
24867,2.8e-05,172.31.36.0-255,66,1764,12,171693
24868,3.4e-05,172.253.118.0-255,2902,4666,12,171693
24869,3.6e-05,172.31.36.0-255,66,4732,12,171693
24870,4.1e-05,172.253.118.0-255,2902,7634,12,171693
24871,4.3e-05,172.31.36.0-255,66,7700,12,171693
24872,0.000103,172.253.118.0-255,6231,13931,12,171693
24873,0.000105,172.31.36.0-255,66,13997,12,171693
24874,0.000136,172.253.118.0-255,2902,16899,12,171693
24875,0.000138,172.31.36.0-255,66,16965,12,171693
24876,0.00016,172.253.118.0-255,4320,21285,12,171693
24877,0.000162,172.31.36.0-255,66,21351,12,171693
24878,0.000181,172.253.118.0-255,4320,25671,12,171693
24879,0.000183,172.31.36.0-255,66,25737,12,171693
24880,0.00019,172.253.118.0-255,5379,31116,12,171693
24881,0.000193,172.31.36.0-255,66,31182,12,171693
24882,0.000293,172.253.118.0-255,1484,32666,12,171693
24883,0.000309,172.31.36.0-255,66,32732,12,171693
24884,0.000315,172.253.118.0-255,2902,35634,12,171693
24885,0.000318,172.31.36.0-255,66,35700,12,171693
24886,0.000324,172.253.118.0-255,5738,41438,12,171693
24887,0.000327,172.31.36.0-255,66,41504,12,171693
24888,0.000332,172.253.118.0-255,4320,45824,12,171693
24889,0.000334,172.31.36.0-255,66,45890,12,171693
24890,0.000357,172.253.118.0-255,5738,51628,12,171693
24891,0.000359,172.31.36.0-255,66,51694,12,171693
24892,0.000386,172.253.118.0-255,6797,58491,12,171693
24893,0.000389,172.31.36.0-255,66,58557,12,171693
24894,0.000395,172.253.118.0-255,7108,65665,12,171693
24895,0.000398,172.31.36.0-255,66,65731,12,171693
24896,0.000541,172.253.118.0-255,112,65843,12,171693
24897,0.000725,172.253.118.0-255,1484,67327,12,171693
24898,0.000728,172.253.118.0-255,1484,68811,12,171693
24899,0.000734,172.31.36.0-255,66,68877,12,171693
24900,0.000746,172.253.118.0-255,1484,70361,12,171693
24901,0.000748,172.31.36.0-255,66,70427,12,171693
24902,0.000754,172.253.118.0-255,5738,76165,12,171693
24903,0.000758,172.31.36.0-255,66,76231,12,171693
24904,0.000801,172.31.36.0-255,66,76297,12,171693
24905,0.000831,172.253.118.0-255,4320,80617,12,171693
24906,0.000834,172.31.36.0-255,66,80683,12,171693
24907,0.000855,172.253.118.0-255,5379,86062,12,171693
24908,0.000858,172.31.36.0-255,66,86128,12,171693
24909,0.002851,172.253.118.0-255,5738,91866,12,171693
24910,0.002858,172.31.36.0-255,66,91932,12,171693
24911,0.004864,172.253.118.0-255,5738,97670,12,171693
24912,0.004869,172.31.36.0-255,66,97736,12,171693
24913,0.006877,172.253.118.0-255,5738,103474,12,171693
24914,0.006883,172.31.36.0-255,66,103540,12,171693
24915,0.008893,172.253.118.0-255,5738,109278,12,171693
24916,0.0089,172.31.36.0-255,66,109344,12,171693
24917,0.010906,172.253.118.0-255,5738,115082,12,171693
24918,0.010913,172.31.36.0-255,66,115148,12,171693
24919,0.012929,172.253.118.0-255,5738,120886,12,171693
24920,0.012936,172.31.36.0-255,66,120952,12,171693
24921,0.014939,172.253.118.0-255,5738,126690,12,171693
24922,0.014948,172.31.36.0-255,66,126756,12,171693
24923,0.016945,172.253.118.0-255,5738,132494,12,171693
24924,0.016953,172.31.36.0-255,66,132560,12,171693
24925,0.018985,172.253.118.0-255,5738,138298,12,171693
24926,0.018993,172.31.36.0-255,66,138364,12,171693
24927,0.020994,172.253.118.0-255,5738,144102,12,171693
24928,0.021003,172.31.36.0-255,66,144168,12,171693
24929,0.023011,172.253.118.0-255,5738,149906,12,171693
24930,0.023019,172.31.36.0-255,66,149972,12,171693
24931,0.025006,172.253.118.0-255,5738,155710,12,171693
24932,0.025012,172.31.36.0-255,66,155776,12,171693
24933,0.026439,172.31.36.0-255,188,155964,12,171693
24934,0.02647,172.31.36.0-255,952,156916,12,171693
24935,0.026534,172.31.36.0-255,1514,158430,12,171693
24936,0.026536,172.31.36.0-255,1457,159887,12,171693
24937,0.02701,172.253.118.0-255,5738,165625,12,171693
24938,0.027018,172.31.36.0-255,66,165691,12,171693
24939,0.027989,104.244.42.0-255,66,165757,12,171693
24940,0.028016,104.244.42.0-255,66,165823,12,171693
24941,0.028096,104.244.42.0-255,66,165889,12,171693
24942,0.029052,172.253.118.0-255,5738,171627,12,171693
24943,0.029057,172.31.36.0-255,66,171693,12,171693
24944,0.0,74.125.130.0-255,152,152,12,232320
24945,2.8e-05,172.31.36.0-255,66,218,12,232320
24946,3.6e-05,74.125.130.0-255,1484,1702,12,232320
24947,4e-05,172.31.36.0-255,66,1768,12,232320
24948,4.5e-05,74.125.130.0-255,2902,4670,12,232320
24949,4.7e-05,172.31.36.0-255,66,4736,12,232320
24950,5.1e-05,74.125.130.0-255,2902,7638,12,232320
24951,5.4e-05,172.31.36.0-255,66,7704,12,232320
24952,7.9e-05,74.125.130.0-255,4320,12024,12,232320
24953,8.2e-05,172.31.36.0-255,66,12090,12,232320
24954,8.5e-05,74.125.130.0-255,2056,14146,12,232320
24955,8.8e-05,172.31.36.0-255,66,14212,12,232320
24956,0.000182,74.125.130.0-255,1484,15696,12,232320
24957,0.000186,172.31.36.0-255,66,15762,12,232320
24958,0.000191,74.125.130.0-255,2902,18664,12,232320
24959,0.000194,172.31.36.0-255,66,18730,12,232320
24960,0.000216,74.125.130.0-255,2902,21632,12,232320
24961,0.000219,172.31.36.0-255,66,21698,12,232320
24962,0.000236,74.125.130.0-255,4320,26018,12,232320
24963,0.000238,172.31.36.0-255,66,26084,12,232320
24964,0.000265,74.125.130.0-255,2902,28986,12,232320
24965,0.000268,172.31.36.0-255,66,29052,12,232320
24966,0.000283,172.31.36.0-255,101,29153,12,232320
24967,0.000288,74.125.130.0-255,2543,31696,12,232320
24968,0.000291,172.31.36.0-255,66,31762,12,232320
24969,0.000338,74.125.130.0-255,1484,33246,12,232320
24970,0.000356,74.125.130.0-255,2902,36148,12,232320
24971,0.000359,172.31.36.0-255,66,36214,12,232320
24972,0.000362,74.125.130.0-255,1484,37698,12,232320
24973,0.000382,74.125.130.0-255,2902,40600,12,232320
24974,0.000385,172.31.36.0-255,66,40666,12,232320
24975,0.000392,74.125.130.0-255,5738,46404,12,232320
24976,0.000394,172.31.36.0-255,66,46470,12,232320
24977,0.00041,74.125.130.0-255,1484,47954,12,232320
24978,0.00042,74.125.130.0-255,1125,49079,12,232320
24979,0.000422,172.31.36.0-255,66,49145,12,232320
24980,0.000844,74.125.130.0-255,1484,50629,12,232320
24981,0.000853,74.125.130.0-255,2902,53531,12,232320
24982,0.000857,172.31.36.0-255,66,53597,12,232320
24983,0.00088,74.125.130.0-255,5738,59335,12,232320
24984,0.000884,172.31.36.0-255,66,59401,12,232320
24985,0.000889,74.125.130.0-255,2902,62303,12,232320
24986,0.000891,172.31.36.0-255,66,62369,12,232320
24987,0.000906,74.125.130.0-255,3961,66330,12,232320
24988,0.000908,172.31.36.0-255,66,66396,12,232320
24989,0.000911,74.125.130.0-255,647,67043,12,232320
24990,0.001103,74.125.130.0-255,1484,68527,12,232320
24991,0.001108,172.31.36.0-255,66,68593,12,232320
24992,0.001123,74.125.130.0-255,2902,71495,12,232320
24993,0.001125,172.31.36.0-255,66,71561,12,232320
24994,0.00116,74.125.130.0-255,4320,75881,12,232320
24995,0.001164,172.31.36.0-255,66,75947,12,232320
24996,0.001169,74.125.130.0-255,2902,78849,12,232320
24997,0.001171,172.31.36.0-255,66,78915,12,232320
24998,0.001188,74.125.130.0-255,2902,81817,12,232320
24999,0.00119,172.31.36.0-255,66,81883,12,232320
25000,0.00122,74.125.130.0-255,2902,84785,12,232320
25001,0.001224,172.31.36.0-255,66,84851,12,232320
25002,0.001242,74.125.130.0-255,3961,88812,12,232320
25003,0.001244,172.31.36.0-255,66,88878,12,232320
25004,0.001249,74.125.130.0-255,2902,91780,12,232320
25005,0.001251,172.31.36.0-255,66,91846,12,232320
25006,0.001272,74.125.130.0-255,4320,96166,12,232320
25007,0.001276,172.31.36.0-255,66,96232,12,232320
25008,0.00128,74.125.130.0-255,2902,99134,12,232320
25009,0.001282,172.31.36.0-255,66,99200,12,232320
25010,0.001333,74.125.130.0-255,2543,101743,12,232320
25011,0.001337,172.31.36.0-255,66,101809,12,232320
25012,0.001444,74.125.130.0-255,1484,103293,12,232320
25013,0.00146,74.125.130.0-255,2902,106195,12,232320
25014,0.001463,172.31.36.0-255,66,106261,12,232320
25015,0.001477,74.125.130.0-255,1484,107745,12,232320
25016,0.001487,74.125.130.0-255,1484,109229,12,232320
25017,0.00149,172.31.36.0-255,66,109295,12,232320
25018,0.001507,74.125.130.0-255,1484,110779,12,232320
25019,0.001528,74.125.130.0-255,2902,113681,12,232320
25020,0.001531,172.31.36.0-255,66,113747,12,232320
25021,0.001547,74.125.130.0-255,2902,116649,12,232320
25022,0.00155,172.31.36.0-255,66,116715,12,232320
25023,0.001552,74.125.130.0-255,1484,118199,12,232320
25024,0.001569,74.125.130.0-255,2902,121101,12,232320
25025,0.001571,172.31.36.0-255,66,121167,12,232320
25026,0.001574,74.125.130.0-255,1484,122651,12,232320
25027,0.001591,74.125.130.0-255,2902,125553,12,232320
25028,0.001593,172.31.36.0-255,66,125619,12,232320
25029,0.001603,74.125.130.0-255,1484,127103,12,232320
25030,0.001607,74.125.130.0-255,2902,130005,12,232320
25031,0.00161,172.31.36.0-255,66,130071,12,232320
25032,0.001613,74.125.130.0-255,1484,131555,12,232320
25033,0.001628,74.125.130.0-255,2902,134457,12,232320
25034,0.00163,172.31.36.0-255,66,134523,12,232320
25035,0.001659,74.125.130.0-255,2184,136707,12,232320
25036,0.00166,172.31.36.0-255,66,136773,12,232320
25037,0.001801,74.125.130.0-255,1484,138257,12,232320
25038,0.001804,74.125.130.0-255,1484,139741,12,232320
25039,0.001806,172.31.36.0-255,66,139807,12,232320
25040,0.001819,74.125.130.0-255,1484,141291,12,232320
25041,0.001843,74.125.130.0-255,5738,147029,12,232320
25042,0.001845,172.31.36.0-255,66,147095,12,232320
25043,0.001848,74.125.130.0-255,1484,148579,12,232320
25044,0.001867,74.125.130.0-255,5738,154317,12,232320
25045,0.001869,172.31.36.0-255,66,154383,12,232320
25046,0.001891,74.125.130.0-255,2902,157285,12,232320
25047,0.001893,172.31.36.0-255,66,157351,12,232320
25048,0.001918,172.31.36.0-255,66,157417,12,232320
25049,0.001943,74.125.130.0-255,5020,162437,12,232320
25050,0.001946,172.31.36.0-255,66,162503,12,232320
25051,0.002549,74.125.130.0-255,66,162569,12,232320
25052,0.004255,74.125.130.0-255,4320,166889,12,232320
25053,0.004259,172.31.36.0-255,66,166955,12,232320
25054,0.004277,74.125.130.0-255,1484,168439,12,232320
25055,0.006572,74.125.130.0-255,4320,172759,12,232320
25056,0.006579,172.31.36.0-255,66,172825,12,232320
25057,0.008897,74.125.130.0-255,5738,178563,12,232320
25058,0.008905,172.31.36.0-255,66,178629,12,232320
25059,0.011231,74.125.130.0-255,5738,184367,12,232320
25060,0.011239,172.31.36.0-255,66,184433,12,232320
25061,0.013558,74.125.130.0-255,5738,190171,12,232320
25062,0.013567,172.31.36.0-255,66,190237,12,232320
25063,0.015994,74.125.130.0-255,5738,195975,12,232320
25064,0.016002,172.31.36.0-255,66,196041,12,232320
25065,0.018316,74.125.130.0-255,5738,201779,12,232320
25066,0.018324,172.31.36.0-255,66,201845,12,232320
25067,0.02066,74.125.130.0-255,5738,207583,12,232320
25068,0.020667,172.31.36.0-255,66,207649,12,232320
25069,0.022995,74.125.130.0-255,5738,213387,12,232320
25070,0.023002,172.31.36.0-255,66,213453,12,232320
25071,0.025328,74.125.130.0-255,5738,219191,12,232320
25072,0.025336,172.31.36.0-255,66,219257,12,232320
25073,0.026554,172.31.36.0-255,172,219429,12,232320
25074,0.026584,172.31.36.0-255,1107,220536,12,232320
25075,0.026622,172.31.36.0-255,1514,222050,12,232320
25076,0.026623,172.31.36.0-255,1300,223350,12,232320
25077,0.027652,74.125.130.0-255,5738,229088,12,232320
25078,0.027658,172.31.36.0-255,66,229154,12,232320
25079,0.028113,104.244.42.0-255,66,229220,12,232320
25080,0.02812,104.244.42.0-255,66,229286,12,232320
25081,0.028155,104.244.42.0-255,66,229352,12,232320
25082,0.029972,74.125.130.0-255,2902,232254,12,232320
25083,0.029976,172.31.36.0-255,66,232320,12,232320
25084,0.0,74.125.24.0-255,146,146,12,167650
25085,2.5e-05,172.31.36.0-255,66,212,12,167650
25086,5.6e-05,74.125.24.0-255,1484,1696,12,167650
25087,6.1e-05,172.31.36.0-255,66,1762,12,167650
25088,6.6e-05,74.125.24.0-255,2902,4664,12,167650
25089,6.8e-05,172.31.36.0-255,66,4730,12,167650
25090,0.000106,74.125.24.0-255,2902,7632,12,167650
25091,0.000109,172.31.36.0-255,66,7698,12,167650
25092,0.000137,74.125.24.0-255,4320,12018,12,167650
25093,0.00014,172.31.36.0-255,66,12084,12,167650
25094,0.000189,74.125.24.0-255,2040,14124,12,167650
25095,0.000193,172.31.36.0-255,66,14190,12,167650
25096,0.00024,172.31.36.0-255,66,14256,12,167650
25097,0.000419,74.125.24.0-255,5379,19635,12,167650
25098,0.000423,172.31.36.0-255,66,19701,12,167650
25099,0.000725,74.125.24.0-255,1484,21185,12,167650
25100,0.00073,172.31.36.0-255,66,21251,12,167650
25101,0.000734,74.125.24.0-255,2902,24153,12,167650
25102,0.000737,172.31.36.0-255,66,24219,12,167650
25103,0.000788,74.125.24.0-255,4320,28539,12,167650
25104,0.000792,172.31.36.0-255,66,28605,12,167650
25105,0.000815,74.125.24.0-255,1484,30089,12,167650
25106,0.000817,172.31.36.0-255,66,30155,12,167650
25107,0.000894,74.125.24.0-255,2902,33057,12,167650
25108,0.000897,172.31.36.0-255,66,33123,12,167650
25109,0.000931,172.31.36.0-255,66,33189,12,167650
25110,0.001072,74.125.24.0-255,7156,40345,12,167650
25111,0.001077,172.31.36.0-255,66,40411,12,167650
25112,0.001109,74.125.24.0-255,4320,44731,12,167650
25113,0.001113,172.31.36.0-255,66,44797,12,167650
25114,0.001263,74.125.24.0-255,1397,46194,12,167650
25115,0.001268,74.125.24.0-255,385,46579,12,167650
25116,0.00127,172.31.36.0-255,66,46645,12,167650
25117,0.001311,74.125.24.0-255,1484,48129,12,167650
25118,0.001322,74.125.24.0-255,2902,51031,12,167650
25119,0.001324,172.31.36.0-255,66,51097,12,167650
25120,0.001375,74.125.24.0-255,5738,56835,12,167650
25121,0.001377,172.31.36.0-255,66,56901,12,167650
25122,0.001464,74.125.24.0-255,2902,59803,12,167650
25123,0.001466,172.31.36.0-255,66,59869,12,167650
25124,0.001504,172.31.36.0-255,66,59935,12,167650
25125,0.001718,172.31.36.0-255,66,60001,12,167650
25126,0.00174,74.125.24.0-255,1125,61126,12,167650
25127,0.001869,74.125.24.0-255,1484,62610,12,167650
25128,0.001871,172.31.36.0-255,66,62676,12,167650
25129,0.001898,74.125.24.0-255,2902,65578,12,167650
25130,0.001949,74.125.24.0-255,1484,67062,12,167650
25131,0.001962,74.125.24.0-255,4320,71382,12,167650
25132,0.002048,74.125.24.0-255,1484,72866,12,167650
25133,0.002078,74.125.24.0-255,2902,75768,12,167650
25134,0.002271,74.125.24.0-255,1484,77252,12,167650
25135,0.002289,74.125.24.0-255,7156,84408,12,167650
25136,0.002306,74.125.24.0-255,2184,86592,12,167650
25137,0.002456,74.125.24.0-255,4320,90912,12,167650
25138,0.002478,74.125.24.0-255,7156,98068,12,167650
25139,0.002663,74.125.24.0-255,5738,103806,12,167650
25140,0.002682,74.125.24.0-255,5738,109544,12,167650
25141,0.003077,74.125.24.0-255,1484,111028,12,167650
25142,0.003634,74.125.24.0-255,4320,115348,12,167650
25143,0.004602,172.31.36.0-255,66,115414,12,167650
25144,0.007125,74.125.24.0-255,5738,121152,12,167650
25145,0.007131,172.31.36.0-255,66,121218,12,167650
25146,0.009689,74.125.24.0-255,5738,126956,12,167650
25147,0.009697,172.31.36.0-255,66,127022,12,167650
25148,0.012218,74.125.24.0-255,5738,132760,12,167650
25149,0.012225,172.31.36.0-255,66,132826,12,167650
25150,0.01479,74.125.24.0-255,5738,138564,12,167650
25151,0.0148,172.31.36.0-255,66,138630,12,167650
25152,0.017369,74.125.24.0-255,5738,144368,12,167650
25153,0.017379,172.31.36.0-255,66,144434,12,167650
25154,0.019917,74.125.24.0-255,5738,150172,12,167650
25155,0.019924,172.31.36.0-255,66,150238,12,167650
25156,0.022481,74.125.24.0-255,5738,155976,12,167650
25157,0.022488,172.31.36.0-255,66,156042,12,167650
25158,0.025069,74.125.24.0-255,5738,161780,12,167650
25159,0.025076,172.31.36.0-255,66,161846,12,167650
25160,0.027597,74.125.24.0-255,5738,167584,12,167650
25161,0.027605,172.31.36.0-255,66,167650,12,167650
25162,0.0,74.125.24.0-255,146,146,12,292331
25163,1.5e-05,172.31.36.0-255,66,212,12,292331
25164,2e-05,74.125.24.0-255,1484,1696,12,292331
25165,2.4e-05,172.31.36.0-255,66,1762,12,292331
25166,3e-05,74.125.24.0-255,2902,4664,12,292331
25167,3.3e-05,172.31.36.0-255,66,4730,12,292331
25168,3.7e-05,74.125.24.0-255,2902,7632,12,292331
25169,3.9e-05,172.31.36.0-255,66,7698,12,292331
25170,7e-05,74.125.24.0-255,2902,10600,12,292331
25171,7.3e-05,172.31.36.0-255,66,10666,12,292331
25172,9e-05,74.125.24.0-255,3439,14105,12,292331
25173,9.3e-05,172.31.36.0-255,66,14171,12,292331
25174,0.000107,74.125.24.0-255,2902,17073,12,292331
25175,0.000109,172.31.36.0-255,66,17139,12,292331
25176,0.000129,74.125.24.0-255,4320,21459,12,292331
25177,0.000132,172.31.36.0-255,66,21525,12,292331
25178,0.000136,74.125.24.0-255,4320,25845,12,292331
25179,0.000138,172.31.36.0-255,66,25911,12,292331
25180,0.000197,172.31.36.0-255,66,25977,12,292331
25181,0.000218,74.125.24.0-255,5379,31356,12,292331
25182,0.00022,172.31.36.0-255,66,31422,12,292331
25183,0.000225,74.125.24.0-255,4320,35742,12,292331
25184,0.000227,172.31.36.0-255,66,35808,12,292331
25185,0.000243,74.125.24.0-255,3961,39769,12,292331
25186,0.000245,172.31.36.0-255,66,39835,12,292331
25187,0.000274,74.125.24.0-255,4320,44155,12,292331
25188,0.000276,172.31.36.0-255,66,44221,12,292331
25189,0.000295,74.125.24.0-255,2902,47123,12,292331
25190,0.000297,172.31.36.0-255,66,47189,12,292331
25191,0.000309,172.31.36.0-255,66,47255,12,292331
25192,0.000328,74.125.24.0-255,1422,48677,12,292331
25193,0.000392,74.125.24.0-255,131,48808,12,292331
25194,0.000396,172.31.36.0-255,66,48874,12,292331
25195,0.000412,74.125.24.0-255,348,49222,12,292331
25196,0.000723,74.125.24.0-255,1484,50706,12,292331
25197,0.000727,172.31.36.0-255,66,50772,12,292331
25198,0.000732,74.125.24.0-255,2902,53674,12,292331
25199,0.000734,172.31.36.0-255,66,53740,12,292331
25200,0.000758,74.125.24.0-255,4320,58060,12,292331
25201,0.000759,172.31.36.0-255,66,58126,12,292331
25202,0.000775,74.125.24.0-255,1484,59610,12,292331
25203,0.000787,172.31.36.0-255,66,59676,12,292331
25204,0.000793,74.125.24.0-255,5738,65414,12,292331
25205,0.000795,172.31.36.0-255,66,65480,12,292331
25206,0.000816,74.125.24.0-255,5020,70500,12,292331
25207,0.000819,172.31.36.0-255,66,70566,12,292331
25208,0.00093,172.31.36.0-255,101,70667,12,292331
25209,0.001097,74.125.24.0-255,1484,72151,12,292331
25210,0.001102,74.125.24.0-255,1484,73635,12,292331
25211,0.001106,172.31.36.0-255,66,73701,12,292331
25212,0.001126,74.125.24.0-255,1484,75185,12,292331
25213,0.001133,74.125.24.0-255,5738,80923,12,292331
25214,0.001135,172.31.36.0-255,66,80989,12,292331
25215,0.001141,74.125.24.0-255,4320,85309,12,292331
25216,0.001143,172.31.36.0-255,66,85375,12,292331
25217,0.001159,74.125.24.0-255,1484,86859,12,292331
25218,0.001177,74.125.24.0-255,4320,91179,12,292331
25219,0.00118,172.31.36.0-255,66,91245,12,292331
25220,0.001186,74.125.24.0-255,4320,95565,12,292331
25221,0.001188,172.31.36.0-255,66,95631,12,292331
25222,0.001208,74.125.24.0-255,7156,102787,12,292331
25223,0.00121,74.125.24.0-255,1484,104271,12,292331
25224,0.001213,172.31.36.0-255,66,104337,12,292331
25225,0.001222,74.125.24.0-255,766,105103,12,292331
25226,0.001224,172.31.36.0-255,66,105169,12,292331
25227,0.001269,74.125.24.0-255,1484,106653,12,292331
25228,0.001287,74.125.24.0-255,4320,110973,12,292331
25229,0.00129,172.31.36.0-255,66,111039,12,292331
25230,0.001298,74.125.24.0-255,5738,116777,12,292331
25231,0.0013,172.31.36.0-255,66,116843,12,292331
25232,0.001324,74.125.24.0-255,1484,118327,12,292331
25233,0.001342,74.125.24.0-255,7156,125483,12,292331
25234,0.001347,172.31.36.0-255,66,125549,12,292331
25235,0.001363,74.125.24.0-255,2902,128451,12,292331
25236,0.001366,172.31.36.0-255,66,128517,12,292331
25237,0.001373,74.125.24.0-255,7156,135673,12,292331
25238,0.001376,172.31.36.0-255,66,135739,12,292331
25239,0.001395,74.125.24.0-255,3602,139341,12,292331
25240,0.001398,172.31.36.0-255,66,139407,12,292331
25241,0.001689,74.125.24.0-255,1484,140891,12,292331
25242,0.001696,74.125.24.0-255,2902,143793,12,292331
25243,0.001699,172.31.36.0-255,66,143859,12,292331
25244,0.001703,74.125.24.0-255,1484,145343,12,292331
25245,0.001726,74.125.24.0-255,4320,149663,12,292331
25246,0.001728,172.31.36.0-255,66,149729,12,292331
25247,0.001759,74.125.24.0-255,5738,155467,12,292331
25248,0.001761,172.31.36.0-255,66,155533,12,292331
25249,0.001785,74.125.24.0-255,7156,162689,12,292331
25250,0.001787,172.31.36.0-255,66,162755,12,292331
25251,0.0018,172.31.36.0-255,66,162821,12,292331
25252,0.001886,74.125.24.0-255,1484,164305,12,292331
25253,0.001912,74.125.24.0-255,2902,167207,12,292331
25254,0.001915,172.31.36.0-255,66,167273,12,292331
25255,0.001923,74.125.24.0-255,5738,173011,12,292331
25256,0.001925,172.31.36.0-255,66,173077,12,292331
25257,0.00193,74.125.24.0-255,4320,177397,12,292331
25258,0.001934,172.31.36.0-255,66,177463,12,292331
25259,0.001939,74.125.24.0-255,4320,181783,12,292331
25260,0.001941,172.31.36.0-255,66,181849,12,292331
25261,0.001965,74.125.24.0-255,7156,189005,12,292331
25262,0.001968,172.31.36.0-255,66,189071,12,292331
25263,0.00198,172.31.36.0-255,66,189137,12,292331
25264,0.002011,74.125.24.0-255,1484,190621,12,292331
25265,0.002014,74.125.24.0-255,1484,192105,12,292331
25266,0.002017,172.31.36.0-255,66,192171,12,292331
25267,0.002032,74.125.24.0-255,1484,193655,12,292331
25268,0.00204,74.125.24.0-255,5738,199393,12,292331
25269,0.002043,172.31.36.0-255,66,199459,12,292331
25270,0.002059,172.31.36.0-255,66,199525,12,292331
25271,0.002084,74.125.24.0-255,4320,203845,12,292331
25272,0.002087,172.31.36.0-255,66,203911,12,292331
25273,0.002095,74.125.24.0-255,7156,211067,12,292331
25274,0.002098,172.31.36.0-255,66,211133,12,292331
25275,0.002146,74.125.24.0-255,3602,214735,12,292331
25276,0.002149,172.31.36.0-255,66,214801,12,292331
25277,0.002298,74.125.24.0-255,1484,216285,12,292331
25278,0.002304,74.125.24.0-255,2902,219187,12,292331
25279,0.002308,172.31.36.0-255,66,219253,12,292331
25280,0.002325,74.125.24.0-255,2902,222155,12,292331
25281,0.002329,172.31.36.0-255,66,222221,12,292331
25282,0.002352,74.125.24.0-255,2902,225123,12,292331
25283,0.002355,172.31.36.0-255,66,225189,12,292331
25284,0.002359,74.125.24.0-255,2902,228091,12,292331
25285,0.002362,172.31.36.0-255,66,228157,12,292331
25286,0.003241,74.125.24.0-255,66,228223,12,292331
25287,0.004663,74.125.24.0-255,2902,231125,12,292331
25288,0.00467,172.31.36.0-255,66,231191,12,292331
25289,0.00469,74.125.24.0-255,2902,234093,12,292331
25290,0.004693,172.31.36.0-255,66,234159,12,292331
25291,0.00701,74.125.24.0-255,2902,237061,12,292331
25292,0.007014,172.31.36.0-255,66,237127,12,292331
25293,0.007035,74.125.24.0-255,2902,240029,12,292331
25294,0.007038,172.31.36.0-255,66,240095,12,292331
25295,0.009377,74.125.24.0-255,5738,245833,12,292331
25296,0.009383,172.31.36.0-255,66,245899,12,292331
25297,0.011732,74.125.24.0-255,5738,251637,12,292331
25298,0.011742,172.31.36.0-255,66,251703,12,292331
25299,0.01411,74.125.24.0-255,5738,257441,12,292331
25300,0.014134,172.31.36.0-255,66,257507,12,292331
25301,0.016491,74.125.24.0-255,5738,263245,12,292331
25302,0.016501,172.31.36.0-255,66,263311,12,292331
25303,0.018846,74.125.24.0-255,5738,269049,12,292331
25304,0.018854,172.31.36.0-255,66,269115,12,292331
25305,0.021203,74.125.24.0-255,5738,274853,12,292331
25306,0.02121,172.31.36.0-255,66,274919,12,292331
25307,0.023558,74.125.24.0-255,5738,280657,12,292331
25308,0.023566,172.31.36.0-255,66,280723,12,292331
25309,0.02592,74.125.24.0-255,5738,286461,12,292331
25310,0.025928,172.31.36.0-255,66,286527,12,292331
25311,0.028281,74.125.24.0-255,5738,292265,12,292331
25312,0.028289,172.31.36.0-255,66,292331,12,292331
25313,0.0,74.125.24.0-255,146,146,12,200479
25314,3.5e-05,172.31.36.0-255,66,212,12,200479
25315,4.3e-05,74.125.24.0-255,1484,1696,12,200479
25316,4.7e-05,172.31.36.0-255,66,1762,12,200479
25317,5.2e-05,74.125.24.0-255,2902,4664,12,200479
25318,5.4e-05,172.31.36.0-255,66,4730,12,200479
25319,6.3e-05,74.125.24.0-255,7156,11886,12,200479
25320,6.6e-05,172.31.36.0-255,66,11952,12,200479
25321,7e-05,74.125.24.0-255,2004,13956,12,200479
25322,7.3e-05,172.31.36.0-255,66,14022,12,200479
25323,0.000283,74.125.24.0-255,1484,15506,12,200479
25324,0.000288,172.31.36.0-255,66,15572,12,200479
25325,0.000295,74.125.24.0-255,2902,18474,12,200479
25326,0.000298,172.31.36.0-255,66,18540,12,200479
25327,0.0003,74.125.24.0-255,1484,20024,12,200479
25328,0.000303,172.31.36.0-255,66,20090,12,200479
25329,0.000335,74.125.24.0-255,4320,24410,12,200479
25330,0.000339,172.31.36.0-255,66,24476,12,200479
25331,0.000347,74.125.24.0-255,6797,31273,12,200479
25332,0.000349,172.31.36.0-255,66,31339,12,200479
25333,0.000543,74.125.24.0-255,1484,32823,12,200479
25334,0.000547,172.31.36.0-255,66,32889,12,200479
25335,0.000553,74.125.24.0-255,2902,35791,12,200479
25336,0.000556,172.31.36.0-255,66,35857,12,200479
25337,0.000564,74.125.24.0-255,5738,41595,12,200479
25338,0.000566,172.31.36.0-255,66,41661,12,200479
25339,0.000574,74.125.24.0-255,6797,48458,12,200479
25340,0.000576,172.31.36.0-255,66,48524,12,200479
25341,0.000612,74.125.24.0-255,2902,51426,12,200479
25342,0.000616,74.125.24.0-255,2902,54328,12,200479
25343,0.000617,172.31.36.0-255,66,54394,12,200479
25344,0.000621,172.31.36.0-255,66,54460,12,200479
25345,0.000641,74.125.24.0-255,1484,55944,12,200479
25346,0.000653,172.31.36.0-255,66,56010,12,200479
25347,0.000656,74.125.24.0-255,1421,57431,12,200479
25348,0.000745,74.125.24.0-255,382,57813,12,200479
25349,0.000749,172.31.36.0-255,66,57879,12,200479
25350,0.000837,74.125.24.0-255,1484,59363,12,200479
25351,0.000843,74.125.24.0-255,2902,62265,12,200479
25352,0.000846,172.31.36.0-255,66,62331,12,200479
25353,0.000861,74.125.24.0-255,5738,68069,12,200479
25354,0.000864,172.31.36.0-255,66,68135,12,200479
25355,0.000916,74.125.24.0-255,5738,73873,12,200479
25356,0.00092,172.31.36.0-255,66,73939,12,200479
25357,0.000943,74.125.24.0-255,6797,80736,12,200479
25358,0.000947,172.31.36.0-255,66,80802,12,200479
25359,0.000965,74.125.24.0-255,1484,82286,12,200479
25360,0.000991,172.31.36.0-255,66,82352,12,200479
25361,0.001907,74.125.24.0-255,1484,83836,12,200479
25362,0.001918,74.125.24.0-255,2902,86738,12,200479
25363,0.001922,172.31.36.0-255,66,86804,12,200479
25364,0.001928,74.125.24.0-255,2902,89706,12,200479
25365,0.00193,172.31.36.0-255,66,89772,12,200479
25366,0.001945,74.125.24.0-255,1484,91256,12,200479
25367,0.001948,74.125.24.0-255,1484,92740,12,200479
25368,0.00195,172.31.36.0-255,66,92806,12,200479
25369,0.001974,74.125.24.0-255,7156,99962,12,200479
25370,0.001976,172.31.36.0-255,66,100028,12,200479
25371,0.001992,74.125.24.0-255,4320,104348,12,200479
25372,0.001994,172.31.36.0-255,66,104414,12,200479
25373,0.002034,172.31.36.0-255,66,104480,12,200479
25374,0.002037,74.125.24.0-255,766,105246,12,200479
25375,0.002081,74.125.24.0-255,1484,106730,12,200479
25376,0.002083,172.31.36.0-255,66,106796,12,200479
25377,0.002102,74.125.24.0-255,2902,109698,12,200479
25378,0.002105,172.31.36.0-255,66,109764,12,200479
25379,0.002111,74.125.24.0-255,5738,115502,12,200479
25380,0.002113,172.31.36.0-255,66,115568,12,200479
25381,0.002134,74.125.24.0-255,4320,119888,12,200479
25382,0.002136,172.31.36.0-255,66,119954,12,200479
25383,0.002158,172.31.36.0-255,66,120020,12,200479
25384,0.00219,172.31.36.0-255,66,120086,12,200479
25385,0.002208,74.125.24.0-255,5020,125106,12,200479
25386,0.00221,172.31.36.0-255,66,125172,12,200479
25387,0.002213,74.125.24.0-255,1484,126656,12,200479
25388,0.002233,172.31.36.0-255,66,126722,12,200479
25389,0.004369,74.125.24.0-255,5738,132460,12,200479
25390,0.004374,172.31.36.0-255,66,132526,12,200479
25391,0.006553,74.125.24.0-255,5738,138264,12,200479
25392,0.006558,172.31.36.0-255,66,138330,12,200479
25393,0.008693,74.125.24.0-255,5738,144068,12,200479
25394,0.0087,172.31.36.0-255,66,144134,12,200479
25395,0.010851,74.125.24.0-255,5738,149872,12,200479
25396,0.01086,172.31.36.0-255,66,149938,12,200479
25397,0.012965,74.125.24.0-255,5738,155676,12,200479
25398,0.012981,172.31.36.0-255,66,155742,12,200479
25399,0.015174,74.125.24.0-255,5738,161480,12,200479
25400,0.015189,172.31.36.0-255,66,161546,12,200479
25401,0.01736,74.125.24.0-255,5738,167284,12,200479
25402,0.017379,172.31.36.0-255,66,167350,12,200479
25403,0.019578,74.125.24.0-255,5738,173088,12,200479
25404,0.019593,172.31.36.0-255,66,173154,12,200479
25405,0.021809,74.125.24.0-255,5738,178892,12,200479
25406,0.021818,172.31.36.0-255,66,178958,12,200479
25407,0.023942,74.125.24.0-255,5738,184696,12,200479
25408,0.023953,172.31.36.0-255,66,184762,12,200479
25409,0.02611,74.125.24.0-255,5738,190500,12,200479
25410,0.026119,172.31.36.0-255,66,190566,12,200479
25411,0.028256,74.125.24.0-255,5738,196304,12,200479
25412,0.028263,172.31.36.0-255,66,196370,12,200479
25413,0.029043,172.31.36.0-255,188,196558,12,200479
25414,0.02908,172.31.36.0-255,952,197510,12,200479
25415,0.029121,172.31.36.0-255,1514,199024,12,200479
25416,0.029123,172.31.36.0-255,1455,200479,12,200479
25417,0.0,172.217.27.0-255,153,153,12,214655
25418,2.4e-05,172.31.36.0-255,66,219,12,214655
25419,5.9e-05,172.217.27.0-255,1484,1703,12,214655
25420,6.3e-05,172.31.36.0-255,66,1769,12,214655
25421,6.8e-05,172.217.27.0-255,2902,4671,12,214655
25422,7.1e-05,172.31.36.0-255,66,4737,12,214655
25423,7.4e-05,172.217.27.0-255,1484,6221,12,214655
25424,7.6e-05,172.31.36.0-255,66,6287,12,214655
25425,8.1e-05,172.217.27.0-255,2902,9189,12,214655
25426,8.4e-05,172.31.36.0-255,66,9255,12,214655
25427,0.000119,172.217.27.0-255,4941,14196,12,214655
25428,0.000123,172.31.36.0-255,66,14262,12,214655
25429,0.00019,172.217.27.0-255,1484,15746,12,214655
25430,0.000193,172.31.36.0-255,66,15812,12,214655
25431,0.000198,172.217.27.0-255,2902,18714,12,214655
25432,0.000201,172.31.36.0-255,66,18780,12,214655
25433,0.000232,172.217.27.0-255,5738,24518,12,214655
25434,0.000235,172.31.36.0-255,66,24584,12,214655
25435,0.000272,172.217.27.0-255,2902,27486,12,214655
25436,0.000276,172.31.36.0-255,66,27552,12,214655
25437,0.000311,172.217.27.0-255,5379,32931,12,214655
25438,0.000315,172.31.36.0-255,66,32997,12,214655
25439,0.000325,172.31.36.0-255,66,33063,12,214655
25440,0.000339,172.217.27.0-255,6797,39860,12,214655
25441,0.000344,172.31.36.0-255,66,39926,12,214655
25442,0.000364,172.217.27.0-255,2902,42828,12,214655
25443,0.000368,172.31.36.0-255,66,42894,12,214655
25444,0.000373,172.217.27.0-255,4320,47214,12,214655
25445,0.000375,172.31.36.0-255,66,47280,12,214655
25446,0.000387,172.31.36.0-255,66,47346,12,214655
25447,0.00039,172.217.27.0-255,1409,48755,12,214655
25448,0.000753,172.31.36.0-255,66,48821,12,214655
25449,0.000765,172.217.27.0-255,393,49214,12,214655
25450,0.000954,172.217.27.0-255,1484,50698,12,214655
25451,0.00096,172.31.36.0-255,66,50764,12,214655
25452,0.000966,172.217.27.0-255,2902,53666,12,214655
25453,0.000968,172.31.36.0-255,66,53732,12,214655
25454,0.000982,172.217.27.0-255,5738,59470,12,214655
25455,0.000984,172.31.36.0-255,66,59536,12,214655
25456,0.00103,172.31.36.0-255,66,59602,12,214655
25457,0.00104,172.31.36.0-255,66,59668,12,214655
25458,0.001069,172.217.27.0-255,1125,60793,12,214655
25459,0.001309,172.217.27.0-255,1484,62277,12,214655
25460,0.001316,172.31.36.0-255,66,62343,12,214655
25461,0.00132,172.217.27.0-255,1484,63827,12,214655
25462,0.001325,172.217.27.0-255,2902,66729,12,214655
25463,0.001327,172.31.36.0-255,66,66795,12,214655
25464,0.00134,172.217.27.0-255,5738,72533,12,214655
25465,0.001342,172.31.36.0-255,66,72599,12,214655
25466,0.001391,172.217.27.0-255,1484,74083,12,214655
25467,0.001404,172.217.27.0-255,2902,76985,12,214655
25468,0.001407,172.31.36.0-255,66,77051,12,214655
25469,0.00141,172.217.27.0-255,1484,78535,12,214655
25470,0.001424,172.217.27.0-255,1484,80019,12,214655
25471,0.001426,172.31.36.0-255,66,80085,12,214655
25472,0.001454,172.217.27.0-255,1484,81569,12,214655
25473,0.001456,172.217.27.0-255,1484,83053,12,214655
25474,0.001458,172.31.36.0-255,66,83119,12,214655
25475,0.001482,172.217.27.0-255,2902,86021,12,214655
25476,0.001484,172.31.36.0-255,66,86087,12,214655
25477,0.00149,172.217.27.0-255,5738,91825,12,214655
25478,0.001492,172.31.36.0-255,66,91891,12,214655
25479,0.001521,172.217.27.0-255,3602,95493,12,214655
25480,0.001524,172.31.36.0-255,66,95559,12,214655
25481,0.001656,172.217.27.0-255,1484,97043,12,214655
25482,0.001679,172.217.27.0-255,1484,98527,12,214655
25483,0.001681,172.31.36.0-255,66,98593,12,214655
25484,0.001703,172.217.27.0-255,1484,100077,12,214655
25485,0.001715,172.217.27.0-255,1484,101561,12,214655
25486,0.001717,172.31.36.0-255,66,101627,12,214655
25487,0.001721,172.217.27.0-255,1484,103111,12,214655
25488,0.001747,172.217.27.0-255,1484,104595,12,214655
25489,0.001749,172.31.36.0-255,66,104661,12,214655
25490,0.001755,172.217.27.0-255,5738,110399,12,214655
25491,0.001757,172.31.36.0-255,66,110465,12,214655
25492,0.001779,172.217.27.0-255,2902,113367,12,214655
25493,0.001781,172.31.36.0-255,66,113433,12,214655
25494,0.001815,172.31.36.0-255,66,113499,12,214655
25495,0.001827,172.31.36.0-255,66,113565,12,214655
25496,0.002027,172.217.27.0-255,1484,115049,12,214655
25497,0.00203,172.217.27.0-255,1484,116533,12,214655
25498,0.002032,172.31.36.0-255,66,116599,12,214655
25499,0.002055,172.217.27.0-255,1484,118083,12,214655
25500,0.002061,172.217.27.0-255,5738,123821,12,214655
25501,0.002064,172.31.36.0-255,66,123887,12,214655
25502,0.002069,172.217.27.0-255,4320,128207,12,214655
25503,0.002071,172.31.36.0-255,66,128273,12,214655
25504,0.002077,172.217.27.0-255,5738,134011,12,214655
25505,0.002079,172.31.36.0-255,66,134077,12,214655
25506,0.00209,172.217.27.0-255,7156,141233,12,214655
25507,0.002093,172.31.36.0-255,66,141299,12,214655
25508,0.002159,172.217.27.0-255,6438,147737,12,214655
25509,0.002161,172.31.36.0-255,66,147803,12,214655
25510,0.002281,172.217.27.0-255,1484,149287,12,214655
25511,0.002292,172.217.27.0-255,2902,152189,12,214655
25512,0.002294,172.31.36.0-255,66,152255,12,214655
25513,0.002298,172.217.27.0-255,2902,155157,12,214655
25514,0.002301,172.31.36.0-255,66,155223,12,214655
25515,0.002315,172.217.27.0-255,2902,158125,12,214655
25516,0.002318,172.31.36.0-255,66,158191,12,214655
25517,0.002331,172.217.27.0-255,4320,162511,12,214655
25518,0.002333,172.31.36.0-255,66,162577,12,214655
25519,0.00238,172.31.36.0-255,66,162643,12,214655
25520,0.002389,172.31.36.0-255,66,162709,12,214655
25521,0.002394,172.217.27.0-255,5020,167729,12,214655
25522,0.002401,172.31.36.0-255,66,167795,12,214655
25523,0.002418,172.31.36.0-255,66,167861,12,214655
25524,0.002428,172.31.36.0-255,66,167927,12,214655
25525,0.002461,172.217.27.0-255,5738,173665,12,214655
25526,0.002463,172.31.36.0-255,66,173731,12,214655
25527,0.002472,172.31.36.0-255,66,173797,12,214655
25528,0.002487,172.31.36.0-255,66,173863,12,214655
25529,0.002534,172.31.36.0-255,66,173929,12,214655
25530,0.002538,172.217.27.0-255,2902,176831,12,214655
25531,0.00254,172.31.36.0-255,66,176897,12,214655
25532,0.002577,172.31.36.0-255,66,176963,12,214655
25533,0.002587,172.31.36.0-255,66,177029,12,214655
25534,0.002596,172.31.36.0-255,66,177095,12,214655
25535,0.002603,172.217.27.0-255,5738,182833,12,214655
25536,0.002604,172.31.36.0-255,66,182899,12,214655
25537,0.002635,172.217.27.0-255,5738,188637,12,214655
25538,0.002637,172.31.36.0-255,66,188703,12,214655
25539,0.002648,172.217.27.0-255,7156,195859,12,214655
25540,0.002705,172.217.27.0-255,3602,199461,12,214655
25541,0.00271,172.217.27.0-255,4320,203781,12,214655
25542,0.002716,172.217.27.0-255,4320,208101,12,214655
25543,0.002788,172.217.27.0-255,6212,214313,12,214655
25544,0.002791,172.217.27.0-255,105,214418,12,214655
25545,0.005187,172.31.36.0-255,66,214484,12,214655
25546,0.007818,172.31.36.0-255,105,214589,12,214655
25547,0.009412,172.217.27.0-255,66,214655,12,214655
25548,0.0,172.217.194.0-255,152,152,12,219472
25549,3.6e-05,172.31.36.0-255,66,218,12,219472
25550,4.3e-05,172.217.194.0-255,1484,1702,12,219472
25551,4.8e-05,172.31.36.0-255,66,1768,12,219472
25552,5.3e-05,172.217.194.0-255,2902,4670,12,219472
25553,5.6e-05,172.31.36.0-255,66,4736,12,219472
25554,6e-05,172.217.194.0-255,2902,7638,12,219472
25555,6.3e-05,172.31.36.0-255,66,7704,12,219472
25556,9.5e-05,172.217.194.0-255,6337,14041,12,219472
25557,9.9e-05,172.31.36.0-255,66,14107,12,219472
25558,0.000444,172.217.194.0-255,1484,15591,12,219472
25559,0.000449,172.31.36.0-255,66,15657,12,219472
25560,0.000457,172.217.194.0-255,2902,18559,12,219472
25561,0.00046,172.31.36.0-255,66,18625,12,219472
25562,0.000465,172.217.194.0-255,2902,21527,12,219472
25563,0.000467,172.31.36.0-255,66,21593,12,219472
25564,0.000484,172.217.194.0-255,2902,24495,12,219472
25565,0.000487,172.31.36.0-255,66,24561,12,219472
25566,0.00049,172.217.194.0-255,1484,26045,12,219472
25567,0.000492,172.31.36.0-255,66,26111,12,219472
25568,0.000523,172.217.194.0-255,5379,31490,12,219472
25569,0.000527,172.31.36.0-255,66,31556,12,219472
25570,0.000554,172.217.194.0-255,1484,33040,12,219472
25571,0.000557,172.31.36.0-255,66,33106,12,219472
25572,0.000563,172.217.194.0-255,2902,36008,12,219472
25573,0.000566,172.31.36.0-255,66,36074,12,219472
25574,0.000593,172.217.194.0-255,5738,41812,12,219472
25575,0.000597,172.31.36.0-255,66,41878,12,219472
25576,0.000607,172.31.36.0-255,66,41944,12,219472
25577,0.000662,172.31.36.0-255,66,42010,12,219472
25578,0.000667,172.217.194.0-255,98,42108,12,219472
25579,0.000893,172.217.194.0-255,365,42473,12,219472
25580,0.001222,172.217.194.0-255,1484,43957,12,219472
25581,0.001228,172.31.36.0-255,66,44023,12,219472
25582,0.001234,172.217.194.0-255,2902,46925,12,219472
25583,0.001236,172.31.36.0-255,66,46991,12,219472
25584,0.001239,172.217.194.0-255,1484,48475,12,219472
25585,0.001256,172.217.194.0-255,4320,52795,12,219472
25586,0.001259,172.31.36.0-255,66,52861,12,219472
25587,0.001265,172.217.194.0-255,7156,60017,12,219472
25588,0.001268,172.31.36.0-255,66,60083,12,219472
25589,0.001301,172.31.36.0-255,66,60149,12,219472
25590,0.001305,172.217.194.0-255,2184,62333,12,219472
25591,0.001307,172.31.36.0-255,66,62399,12,219472
25592,0.001362,172.217.194.0-255,2902,65301,12,219472
25593,0.001365,172.31.36.0-255,66,65367,12,219472
25594,0.001393,172.31.36.0-255,66,65433,12,219472
25595,0.001402,172.31.36.0-255,66,65499,12,219472
25596,0.001426,172.217.194.0-255,7156,72655,12,219472
25597,0.001428,172.31.36.0-255,66,72721,12,219472
25598,0.001431,172.217.194.0-255,1484,74205,12,219472
25599,0.00145,172.217.194.0-255,2184,76389,12,219472
25600,0.001452,172.31.36.0-255,66,76455,12,219472
25601,0.001494,172.31.36.0-255,66,76521,12,219472
25602,0.001507,172.217.194.0-255,2902,79423,12,219472
25603,0.001509,172.31.36.0-255,66,79489,12,219472
25604,0.001523,172.31.36.0-255,66,79555,12,219472
25605,0.001528,172.217.194.0-255,3602,83157,12,219472
25606,0.001531,172.31.36.0-255,66,83223,12,219472
25607,0.001594,172.31.36.0-255,66,83289,12,219472
25608,0.001607,172.217.194.0-255,4320,87609,12,219472
25609,0.001609,172.31.36.0-255,66,87675,12,219472
25610,0.001613,172.217.194.0-255,2902,90577,12,219472
25611,0.001616,172.31.36.0-255,66,90643,12,219472
25612,0.001653,172.31.36.0-255,66,90709,12,219472
25613,0.001665,172.31.36.0-255,66,90775,12,219472
25614,0.001677,172.217.194.0-255,1484,92259,12,219472
25615,0.001693,172.31.36.0-255,66,92325,12,219472
25616,0.001712,172.217.194.0-255,1484,93809,12,219472
25617,0.001715,172.217.194.0-255,1484,95293,12,219472
25618,0.001717,172.31.36.0-255,66,95359,12,219472
25619,0.001736,172.217.194.0-255,1484,96843,12,219472
25620,0.001742,172.217.194.0-255,5738,102581,12,219472
25621,0.001747,172.217.194.0-255,5738,108319,12,219472
25622,0.001765,172.217.194.0-255,4320,112639,12,219472
25623,0.001787,172.217.194.0-255,2902,115541,12,219472
25624,0.001853,172.217.194.0-255,1484,117025,12,219472
25625,0.001867,172.217.194.0-255,2902,119927,12,219472
25626,0.001884,172.217.194.0-255,2902,122829,12,219472
25627,0.001898,172.217.194.0-255,2902,125731,12,219472
25628,0.001916,172.217.194.0-255,2902,128633,12,219472
25629,0.001936,172.217.194.0-255,7156,135789,12,219472
25630,0.001949,172.217.194.0-255,2902,138691,12,219472
25631,0.001972,172.217.194.0-255,4320,143011,12,219472
25632,0.001993,172.217.194.0-255,6438,149449,12,219472
25633,0.002056,172.217.194.0-255,1484,150933,12,219472
25634,0.002073,172.217.194.0-255,2902,153835,12,219472
25635,0.002095,172.217.194.0-255,5738,159573,12,219472
25636,0.002118,172.217.194.0-255,1484,161057,12,219472
25637,0.002165,172.217.194.0-255,766,161823,12,219472
25638,0.002205,172.217.194.0-255,1484,163307,12,219472
25639,0.002223,172.217.194.0-255,4320,167627,12,219472
25640,0.002234,172.217.194.0-255,1484,169111,12,219472
25641,0.002249,172.217.194.0-255,4320,173431,12,219472
25642,0.002269,172.217.194.0-255,2902,176333,12,219472
25643,0.002329,172.217.194.0-255,1484,177817,12,219472
25644,0.00393,172.31.36.0-255,66,177883,12,219472
25645,0.006219,172.217.194.0-255,5738,183621,12,219472
25646,0.006225,172.31.36.0-255,66,183687,12,219472
25647,0.00852,172.217.194.0-255,5738,189425,12,219472
25648,0.008528,172.31.36.0-255,66,189491,12,219472
25649,0.010791,172.217.194.0-255,5738,195229,12,219472
25650,0.010798,172.31.36.0-255,66,195295,12,219472
25651,0.013069,172.217.194.0-255,5738,201033,12,219472
25652,0.013075,172.31.36.0-255,66,201099,12,219472
25653,0.01535,172.217.194.0-255,5738,206837,12,219472
25654,0.015356,172.31.36.0-255,66,206903,12,219472
25655,0.017609,172.217.194.0-255,5738,212641,12,219472
25656,0.017615,172.31.36.0-255,66,212707,12,219472
25657,0.019878,172.217.194.0-255,5738,218445,12,219472
25658,0.019891,172.31.36.0-255,66,218511,12,219472
25659,0.022129,172.217.194.0-255,724,219235,12,219472
25660,0.022261,172.31.36.0-255,66,219301,12,219472
25661,0.02229,172.31.36.0-255,105,219406,12,219472
25662,0.024523,172.217.194.0-255,66,219472,12,219472
25663,0.0,74.125.68.0-255,152,152,12,207751
25664,3.5e-05,172.31.36.0-255,66,218,12,207751
25665,4.2e-05,74.125.68.0-255,1484,1702,12,207751
25666,4.6e-05,172.31.36.0-255,66,1768,12,207751
25667,5.1e-05,74.125.68.0-255,2902,4670,12,207751
25668,5.4e-05,172.31.36.0-255,66,4736,12,207751
25669,6.1e-05,74.125.68.0-255,5738,10474,12,207751
25670,6.4e-05,172.31.36.0-255,66,10540,12,207751
25671,8.9e-05,74.125.68.0-255,3405,13945,12,207751
25672,9.1e-05,172.31.36.0-255,66,14011,12,207751
25673,0.000208,74.125.68.0-255,1484,15495,12,207751
25674,0.000213,172.31.36.0-255,66,15561,12,207751
25675,0.00022,74.125.68.0-255,2902,18463,12,207751
25676,0.000222,172.31.36.0-255,66,18529,12,207751
25677,0.000235,74.125.68.0-255,1484,20013,12,207751
25678,0.000239,172.31.36.0-255,66,20079,12,207751
25679,0.000264,74.125.68.0-255,4320,24399,12,207751
25680,0.000266,172.31.36.0-255,66,24465,12,207751
25681,0.000272,74.125.68.0-255,4320,28785,12,207751
25682,0.000275,172.31.36.0-255,66,28851,12,207751
25683,0.000287,74.125.68.0-255,2543,31394,12,207751
25684,0.000289,172.31.36.0-255,66,31460,12,207751
25685,0.000311,74.125.68.0-255,7156,38616,12,207751
25686,0.000314,172.31.36.0-255,66,38682,12,207751
25687,0.000343,172.31.36.0-255,66,38748,12,207751
25688,0.00037,74.125.68.0-255,1125,39873,12,207751
25689,0.000373,172.31.36.0-255,66,39939,12,207751
25690,0.000413,74.125.68.0-255,1484,41423,12,207751
25691,0.000416,172.31.36.0-255,66,41489,12,207751
25692,0.000419,74.125.68.0-255,1484,42973,12,207751
25693,0.000423,172.31.36.0-255,66,43039,12,207751
25694,0.000438,74.125.68.0-255,2902,45941,12,207751
25695,0.000442,172.31.36.0-255,66,46007,12,207751
25696,0.000459,74.125.68.0-255,5738,51745,12,207751
25697,0.000462,172.31.36.0-255,66,51811,12,207751
25698,0.000482,74.125.68.0-255,5379,57190,12,207751
25699,0.000486,172.31.36.0-255,66,57256,12,207751
25700,0.000546,74.125.68.0-255,1484,58740,12,207751
25701,0.000552,74.125.68.0-255,2902,61642,12,207751
25702,0.000555,172.31.36.0-255,66,61708,12,207751
25703,0.000583,74.125.68.0-255,5738,67446,12,207751
25704,0.000586,172.31.36.0-255,66,67512,12,207751
25705,0.000608,74.125.68.0-255,6797,74309,12,207751
25706,0.000611,172.31.36.0-255,66,74375,12,207751
25707,0.000637,172.31.36.0-255,66,74441,12,207751
25708,0.000682,74.125.68.0-255,1484,75925,12,207751
25709,0.000706,74.125.68.0-255,6797,82722,12,207751
25710,0.00071,172.31.36.0-255,66,82788,12,207751
25711,0.002115,74.125.68.0-255,1484,84272,12,207751
25712,0.002126,74.125.68.0-255,2902,87174,12,207751
25713,0.00213,172.31.36.0-255,66,87240,12,207751
25714,0.002135,74.125.68.0-255,1484,88724,12,207751
25715,0.002156,74.125.68.0-255,4320,93044,12,207751
25716,0.002158,172.31.36.0-255,66,93110,12,207751
25717,0.002161,74.125.68.0-255,2902,96012,12,207751
25718,0.002163,172.31.36.0-255,66,96078,12,207751
25719,0.002166,74.125.68.0-255,1484,97562,12,207751
25720,0.002178,74.125.68.0-255,2902,100464,12,207751
25721,0.002179,172.31.36.0-255,66,100530,12,207751
25722,0.002184,74.125.68.0-255,2902,103432,12,207751
25723,0.002185,172.31.36.0-255,66,103498,12,207751
25724,0.0022,74.125.68.0-255,5738,109236,12,207751
25725,0.002202,172.31.36.0-255,66,109302,12,207751
25726,0.002205,74.125.68.0-255,1484,110786,12,207751
25727,0.002231,74.125.68.0-255,6438,117224,12,207751
25728,0.002233,172.31.36.0-255,66,117290,12,207751
25729,0.002258,74.125.68.0-255,1484,118774,12,207751
25730,0.002269,74.125.68.0-255,4320,123094,12,207751
25731,0.002272,172.31.36.0-255,66,123160,12,207751
25732,0.002277,74.125.68.0-255,4320,127480,12,207751
25733,0.002278,172.31.36.0-255,66,127546,12,207751
25734,0.002289,74.125.68.0-255,2902,130448,12,207751
25735,0.002291,172.31.36.0-255,66,130514,12,207751
25736,0.002294,74.125.68.0-255,1484,131998,12,207751
25737,0.002305,74.125.68.0-255,1484,133482,12,207751
25738,0.002307,172.31.36.0-255,66,133548,12,207751
25739,0.004514,74.125.68.0-255,2902,136450,12,207751
25740,0.004518,172.31.36.0-255,66,136516,12,207751
25741,0.004538,74.125.68.0-255,2902,139418,12,207751
25742,0.00454,172.31.36.0-255,66,139484,12,207751
25743,0.006771,74.125.68.0-255,5738,145222,12,207751
25744,0.006777,172.31.36.0-255,66,145288,12,207751
25745,0.009024,74.125.68.0-255,5738,151026,12,207751
25746,0.009031,172.31.36.0-255,66,151092,12,207751
25747,0.011288,74.125.68.0-255,5738,156830,12,207751
25748,0.011295,172.31.36.0-255,66,156896,12,207751
25749,0.013549,74.125.68.0-255,5738,162634,12,207751
25750,0.013559,172.31.36.0-255,66,162700,12,207751
25751,0.015799,74.125.68.0-255,5738,168438,12,207751
25752,0.015805,172.31.36.0-255,66,168504,12,207751
25753,0.018056,74.125.68.0-255,5738,174242,12,207751
25754,0.018063,172.31.36.0-255,66,174308,12,207751
25755,0.02032,74.125.68.0-255,5738,180046,12,207751
25756,0.020328,172.31.36.0-255,66,180112,12,207751
25757,0.022566,74.125.68.0-255,5738,185850,12,207751
25758,0.022573,172.31.36.0-255,66,185916,12,207751
25759,0.024818,74.125.68.0-255,5738,191654,12,207751
25760,0.024825,172.31.36.0-255,66,191720,12,207751
25761,0.024861,172.31.36.0-255,172,191892,12,207751
25762,0.024889,172.31.36.0-255,1108,193000,12,207751
25763,0.024991,172.31.36.0-255,1514,194514,12,207751
25764,0.024993,172.31.36.0-255,1299,195813,12,207751
25765,0.026416,104.244.42.0-255,66,195879,12,207751
25766,0.026441,104.244.42.0-255,66,195945,12,207751
25767,0.026531,104.244.42.0-255,66,196011,12,207751
25768,0.027058,74.125.68.0-255,2902,198913,12,207751
25769,0.027062,172.31.36.0-255,66,198979,12,207751
25770,0.027079,74.125.68.0-255,2902,201881,12,207751
25771,0.027082,172.31.36.0-255,66,201947,12,207751
25772,0.029311,74.125.68.0-255,5738,207685,12,207751
25773,0.029318,172.31.36.0-255,66,207751,12,207751
25774,0.0,74.125.68.0-255,153,153,12,347708
25775,9e-06,172.31.36.0-255,66,219,12,347708
25776,3.2e-05,74.125.68.0-255,1484,1703,12,347708
25777,3.7e-05,172.31.36.0-255,66,1769,12,347708
25778,4e-05,74.125.68.0-255,1484,3253,12,347708
25779,4.2e-05,172.31.36.0-255,66,3319,12,347708
25780,7e-05,74.125.68.0-255,2902,6221,12,347708
25781,7.3e-05,172.31.36.0-255,66,6287,12,347708
25782,8e-05,74.125.68.0-255,5738,12025,12,347708
25783,8.2e-05,172.31.36.0-255,66,12091,12,347708
25784,8.6e-05,74.125.68.0-255,1976,14067,12,347708
25785,8.9e-05,172.31.36.0-255,66,14133,12,347708
25786,0.000432,74.125.68.0-255,1484,15617,12,347708
25787,0.000439,172.31.36.0-255,66,15683,12,347708
25788,0.000445,74.125.68.0-255,2902,18585,12,347708
25789,0.000449,172.31.36.0-255,66,18651,12,347708
25790,0.000476,74.125.68.0-255,5738,24389,12,347708
25791,0.000479,172.31.36.0-255,66,24455,12,347708
25792,0.000493,74.125.68.0-255,2902,27357,12,347708
25793,0.000496,172.31.36.0-255,66,27423,12,347708
25794,0.00052,74.125.68.0-255,3961,31384,12,347708
25795,0.000523,172.31.36.0-255,66,31450,12,347708
25796,0.000628,74.125.68.0-255,1484,32934,12,347708
25797,0.000632,172.31.36.0-255,66,33000,12,347708
25798,0.000636,74.125.68.0-255,1484,34484,12,347708
25799,0.000637,172.31.36.0-255,66,34550,12,347708
25800,0.000652,74.125.68.0-255,1484,36034,12,347708
25801,0.000654,172.31.36.0-255,66,36100,12,347708
25802,0.00066,74.125.68.0-255,2902,39002,12,347708
25803,0.000662,172.31.36.0-255,66,39068,12,347708
25804,0.000679,74.125.68.0-255,2902,41970,12,347708
25805,0.000682,172.31.36.0-255,66,42036,12,347708
25806,0.000685,74.125.68.0-255,1484,43520,12,347708
25807,0.000687,172.31.36.0-255,66,43586,12,347708
25808,0.000712,74.125.68.0-255,5379,48965,12,347708
25809,0.000716,172.31.36.0-255,66,49031,12,347708
25810,0.00082,74.125.68.0-255,1484,50515,12,347708
25811,0.000824,172.31.36.0-255,66,50581,12,347708
25812,0.000829,74.125.68.0-255,2902,53483,12,347708
25813,0.000832,172.31.36.0-255,66,53549,12,347708
25814,0.000835,74.125.68.0-255,1484,55033,12,347708
25815,0.000837,172.31.36.0-255,66,55099,12,347708
25816,0.000841,74.125.68.0-255,2902,58001,12,347708
25817,0.000843,172.31.36.0-255,66,58067,12,347708
25818,0.000872,74.125.68.0-255,5738,63805,12,347708
25819,0.000875,172.31.36.0-255,66,63871,12,347708
25820,0.000895,74.125.68.0-255,2888,66759,12,347708
25821,0.000898,172.31.36.0-255,66,66825,12,347708
25822,0.001165,74.125.68.0-255,332,67157,12,347708
25823,0.00117,172.31.36.0-255,66,67223,12,347708
25824,0.001459,74.125.68.0-255,1484,68707,12,347708
25825,0.001465,172.31.36.0-255,66,68773,12,347708
25826,0.001471,74.125.68.0-255,2902,71675,12,347708
25827,0.001474,172.31.36.0-255,66,71741,12,347708
25828,0.001479,74.125.68.0-255,2902,74643,12,347708
25829,0.001481,172.31.36.0-255,66,74709,12,347708
25830,0.001509,74.125.68.0-255,2902,77611,12,347708
25831,0.001514,74.125.68.0-255,4320,81931,12,347708
25832,0.001519,74.125.68.0-255,2902,84833,12,347708
25833,0.001535,74.125.68.0-255,2543,87376,12,347708
25834,0.001615,74.125.68.0-255,5379,92755,12,347708
25835,0.002055,74.125.68.0-255,1484,94239,12,347708
25836,0.002061,74.125.68.0-255,1484,95723,12,347708
25837,0.002066,74.125.68.0-255,2902,98625,12,347708
25838,0.002077,74.125.68.0-255,1484,100109,12,347708
25839,0.0021,74.125.68.0-255,4320,104429,12,347708
25840,0.002135,74.125.68.0-255,7156,111585,12,347708
25841,0.002155,74.125.68.0-255,4320,115905,12,347708
25842,0.00218,74.125.68.0-255,2902,118807,12,347708
25843,0.002674,74.125.68.0-255,1484,120291,12,347708
25844,0.002687,74.125.68.0-255,2902,123193,12,347708
25845,0.00271,74.125.68.0-255,5738,128931,12,347708
25846,0.002714,74.125.68.0-255,2902,131833,12,347708
25847,0.002727,74.125.68.0-255,2902,134735,12,347708
25848,0.002749,74.125.68.0-255,7156,141891,12,347708
25849,0.002763,74.125.68.0-255,1484,143375,12,347708
25850,0.002874,74.125.68.0-255,1484,144859,12,347708
25851,0.002885,74.125.68.0-255,2902,147761,12,347708
25852,0.002909,74.125.68.0-255,1484,149245,12,347708
25853,0.002912,74.125.68.0-255,1484,150729,12,347708
25854,0.002914,74.125.68.0-255,1484,152213,12,347708
25855,0.002929,74.125.68.0-255,2902,155115,12,347708
25856,0.002936,74.125.68.0-255,5738,160853,12,347708
25857,0.002938,74.125.68.0-255,1484,162337,12,347708
25858,0.002972,74.125.68.0-255,2902,165239,12,347708
25859,0.003005,74.125.68.0-255,2184,167423,12,347708
25860,0.003098,74.125.68.0-255,1484,168907,12,347708
25861,0.00311,74.125.68.0-255,1484,170391,12,347708
25862,0.003121,74.125.68.0-255,1484,171875,12,347708
25863,0.003132,74.125.68.0-255,2902,174777,12,347708
25864,0.003148,74.125.68.0-255,5738,180515,12,347708
25865,0.003162,74.125.68.0-255,1484,181999,12,347708
25866,0.003165,74.125.68.0-255,1484,183483,12,347708
25867,0.003181,74.125.68.0-255,5738,189221,12,347708
25868,0.003192,74.125.68.0-255,2902,192123,12,347708
25869,0.003228,74.125.68.0-255,2902,195025,12,347708
25870,0.003244,74.125.68.0-255,6438,201463,12,347708
25871,0.003272,74.125.68.0-255,4320,205783,12,347708
25872,0.003295,74.125.68.0-255,5738,211521,12,347708
25873,0.003299,74.125.68.0-255,4320,215841,12,347708
25874,0.003336,74.125.68.0-255,5738,221579,12,347708
25875,0.003371,74.125.68.0-255,3602,225181,12,347708
25876,0.003389,74.125.68.0-255,5738,230919,12,347708
25877,0.003438,74.125.68.0-255,7156,238075,12,347708
25878,0.003451,74.125.68.0-255,5738,243813,12,347708
25879,0.003457,74.125.68.0-255,4320,248133,12,347708
25880,0.003495,74.125.68.0-255,2902,251035,12,347708
25881,0.003499,74.125.68.0-255,2902,253937,12,347708
25882,0.003514,74.125.68.0-255,1484,255421,12,347708
25883,0.003552,74.125.68.0-255,5738,261159,12,347708
25884,0.003555,74.125.68.0-255,2902,264061,12,347708
25885,0.003591,74.125.68.0-255,4320,268381,12,347708
25886,0.003608,74.125.68.0-255,5020,273401,12,347708
25887,0.003657,74.125.68.0-255,1484,274885,12,347708
25888,0.003674,74.125.68.0-255,1484,276369,12,347708
25889,0.003688,74.125.68.0-255,1484,277853,12,347708
25890,0.003691,74.125.68.0-255,1484,279337,12,347708
25891,0.003707,74.125.68.0-255,1484,280821,12,347708
25892,0.003712,74.125.68.0-255,4320,285141,12,347708
25893,0.003742,74.125.68.0-255,2902,288043,12,347708
25894,0.003764,74.125.68.0-255,5738,293781,12,347708
25895,0.003769,74.125.68.0-255,5738,299519,12,347708
25896,0.003785,74.125.68.0-255,1484,301003,12,347708
25897,0.003789,74.125.68.0-255,2902,303905,12,347708
25898,0.003793,74.125.68.0-255,1484,305389,12,347708
25899,0.003797,74.125.68.0-255,3602,308991,12,347708
25900,0.003802,74.125.68.0-255,4320,313311,12,347708
25901,0.003816,74.125.68.0-255,1484,314795,12,347708
25902,0.003827,74.125.68.0-255,2902,317697,12,347708
25903,0.003841,74.125.68.0-255,5738,323435,12,347708
25904,0.003846,74.125.68.0-255,4320,327755,12,347708
25905,0.003849,74.125.68.0-255,1484,329239,12,347708
25906,0.003861,74.125.68.0-255,4320,333559,12,347708
25907,0.003893,74.125.68.0-255,1484,335043,12,347708
25908,0.003909,74.125.68.0-255,4320,339363,12,347708
25909,0.003926,74.125.68.0-255,2184,341547,12,347708
25910,0.003959,74.125.68.0-255,5722,347269,12,347708
25911,0.003962,74.125.68.0-255,97,347366,12,347708
25912,0.004042,74.125.68.0-255,105,347471,12,347708
25913,0.00634,172.31.36.0-255,66,347537,12,347708
25914,0.008944,172.31.36.0-255,105,347642,12,347708
25915,0.01119,74.125.68.0-255,66,347708,12,347708
25916,0.0,172.31.36.0-255,66,66,12,66
25917,0.0,74.125.130.0-255,167,167,12,190251
25918,2.8e-05,172.31.36.0-255,66,233,12,190251
25919,3.4e-05,74.125.130.0-255,1484,1717,12,190251
25920,3.9e-05,172.31.36.0-255,66,1783,12,190251
25921,6.4e-05,74.125.130.0-255,2902,4685,12,190251
25922,6.7e-05,172.31.36.0-255,66,4751,12,190251
25923,0.000102,74.125.130.0-255,4320,9071,12,190251
25924,0.000105,172.31.36.0-255,66,9137,12,190251
25925,0.00011,74.125.130.0-255,4320,13457,12,190251
25926,0.000113,172.31.36.0-255,66,13523,12,190251
25927,0.000142,74.125.130.0-255,4911,18434,12,190251
25928,0.000145,172.31.36.0-255,66,18500,12,190251
25929,0.000177,74.125.130.0-255,7156,25656,12,190251
25930,0.000181,172.31.36.0-255,66,25722,12,190251
25931,0.000209,74.125.130.0-255,5379,31101,12,190251
25932,0.000212,172.31.36.0-255,66,31167,12,190251
25933,0.00031,74.125.130.0-255,1484,32651,12,190251
25934,0.000315,172.31.36.0-255,66,32717,12,190251
25935,0.000319,74.125.130.0-255,1484,34201,12,190251
25936,0.000321,172.31.36.0-255,66,34267,12,190251
25937,0.000345,74.125.130.0-255,1484,35751,12,190251
25938,0.000348,172.31.36.0-255,66,35817,12,190251
25939,0.000355,74.125.130.0-255,5738,41555,12,190251
25940,0.000358,172.31.36.0-255,66,41621,12,190251
25941,0.000371,74.125.130.0-255,6797,48418,12,190251
25942,0.000374,172.31.36.0-255,66,48484,12,190251
25943,0.000404,74.125.130.0-255,5738,54222,12,190251
25944,0.000408,172.31.36.0-255,66,54288,12,190251
25945,0.000436,74.125.130.0-255,4320,58608,12,190251
25946,0.00044,172.31.36.0-255,66,58674,12,190251
25947,0.000462,74.125.130.0-255,7055,65729,12,190251
25948,0.000465,172.31.36.0-255,66,65795,12,190251
25949,0.000468,74.125.130.0-255,116,65911,12,190251
25950,0.000598,74.125.130.0-255,1484,67395,12,190251
25951,0.000602,172.31.36.0-255,66,67461,12,190251
25952,0.000607,74.125.130.0-255,1484,68945,12,190251
25953,0.000628,74.125.130.0-255,1484,70429,12,190251
25954,0.000632,172.31.36.0-255,66,70495,12,190251
25955,0.000639,74.125.130.0-255,5738,76233,12,190251
25956,0.000641,172.31.36.0-255,66,76299,12,190251
25957,0.000645,74.125.130.0-255,2902,79201,12,190251
25958,0.000653,172.31.36.0-255,66,79267,12,190251
25959,0.000683,74.125.130.0-255,2902,82169,12,190251
25960,0.000686,172.31.36.0-255,66,82235,12,190251
25961,0.000694,74.125.130.0-255,6797,89032,12,190251
25962,0.000697,172.31.36.0-255,66,89098,12,190251
25963,0.000708,74.125.130.0-255,4320,93418,12,190251
25964,0.000711,172.31.36.0-255,66,93484,12,190251
25965,0.000724,74.125.130.0-255,4320,97804,12,190251
25966,0.000727,172.31.36.0-255,66,97870,12,190251
25967,0.000755,74.125.130.0-255,2543,100413,12,190251
25968,0.00076,172.31.36.0-255,66,100479,12,190251
25969,0.001795,74.125.130.0-255,1484,101963,12,190251
25970,0.001816,74.125.130.0-255,2902,104865,12,190251
25971,0.00182,172.31.36.0-255,66,104931,12,190251
25972,0.00184,74.125.130.0-255,4320,109251,12,190251
25973,0.001842,172.31.36.0-255,66,109317,12,190251
25974,0.001847,74.125.130.0-255,4320,113637,12,190251
25975,0.001848,172.31.36.0-255,66,113703,12,190251
25976,0.001863,74.125.130.0-255,1484,115187,12,190251
25977,0.001868,74.125.130.0-255,2902,118089,12,190251
25978,0.001869,172.31.36.0-255,66,118155,12,190251
25979,0.001901,172.31.36.0-255,66,118221,12,190251
25980,0.001906,74.125.130.0-255,4320,122541,12,190251
25981,0.001907,172.31.36.0-255,66,122607,12,190251
25982,0.001927,74.125.130.0-255,1484,124091,12,190251
25983,0.001938,74.125.130.0-255,2184,126275,12,190251
25984,0.001939,172.31.36.0-255,66,126341,12,190251
25985,0.004421,74.125.130.0-255,1484,127825,12,190251
25986,0.004445,74.125.130.0-255,4320,132145,12,190251
25987,0.004449,172.31.36.0-255,66,132211,12,190251
25988,0.006954,74.125.130.0-255,5738,137949,12,190251
25989,0.00696,172.31.36.0-255,66,138015,12,190251
25990,0.009483,74.125.130.0-255,5738,143753,12,190251
25991,0.009489,172.31.36.0-255,66,143819,12,190251
25992,0.012037,74.125.130.0-255,5738,149557,12,190251
25993,0.012045,172.31.36.0-255,66,149623,12,190251
25994,0.014544,74.125.130.0-255,5738,155361,12,190251
25995,0.01455,172.31.36.0-255,66,155427,12,190251
25996,0.017054,74.125.130.0-255,5738,161165,12,190251
25997,0.017061,172.31.36.0-255,66,161231,12,190251
25998,0.019572,74.125.130.0-255,5738,166969,12,190251
25999,0.019583,172.31.36.0-255,66,167035,12,190251
26000,0.02208,74.125.130.0-255,5738,172773,12,190251
26001,0.022088,172.31.36.0-255,66,172839,12,190251
26002,0.024585,74.125.130.0-255,5738,178577,12,190251
26003,0.024591,172.31.36.0-255,66,178643,12,190251
26004,0.027097,74.125.130.0-255,5738,184381,12,190251
26005,0.027104,172.31.36.0-255,66,184447,12,190251
26006,0.029606,74.125.130.0-255,5738,190185,12,190251
26007,0.029615,172.31.36.0-255,66,190251,12,190251
26008,0.0,172.217.194.0-255,153,153,12,170927
26009,2.3e-05,172.31.36.0-255,66,219,12,170927
26010,3.1e-05,172.217.194.0-255,1484,1703,12,170927
26011,3.6e-05,172.31.36.0-255,66,1769,12,170927
26012,4.1e-05,172.217.194.0-255,2902,4671,12,170927
26013,5.5e-05,172.31.36.0-255,66,4737,12,170927
26014,6.3e-05,172.217.194.0-255,7156,11893,12,170927
26015,6.6e-05,172.31.36.0-255,66,11959,12,170927
26016,8.3e-05,172.31.36.0-255,66,12025,12,170927
26017,0.000122,172.217.194.0-255,2543,14568,12,170927
26018,0.000129,172.31.36.0-255,66,14634,12,170927
26019,0.000153,172.217.194.0-255,1484,16118,12,170927
26020,0.000156,172.31.36.0-255,66,16184,12,170927
26021,0.000161,172.217.194.0-255,2902,19086,12,170927
26022,0.000164,172.31.36.0-255,66,19152,12,170927
26023,0.000199,172.217.194.0-255,5738,24890,12,170927
26024,0.000202,172.31.36.0-255,66,24956,12,170927
26025,0.000213,172.31.36.0-255,66,25022,12,170927
26026,0.000246,172.217.194.0-255,5379,30401,12,170927
26027,0.000248,172.31.36.0-255,66,30467,12,170927
26028,0.000308,172.217.194.0-255,5738,36205,12,170927
26029,0.000311,172.31.36.0-255,66,36271,12,170927
26030,0.000339,172.217.194.0-255,4252,40523,12,170927
26031,0.000342,172.31.36.0-255,66,40589,12,170927
26032,0.000345,172.217.194.0-255,364,40953,12,170927
26033,0.000347,172.31.36.0-255,66,41019,12,170927
26034,0.000377,172.217.194.0-255,1484,42503,12,170927
26035,0.000379,172.31.36.0-255,66,42569,12,170927
26036,0.000387,172.217.194.0-255,4320,46889,12,170927
26037,0.000389,172.31.36.0-255,66,46955,12,170927
26038,0.000407,172.217.194.0-255,576,47531,12,170927
26039,0.000598,172.217.194.0-255,1484,49015,12,170927
26040,0.000614,172.217.194.0-255,2902,51917,12,170927
26041,0.000621,172.217.194.0-255,4320,56237,12,170927
26042,0.000631,172.217.194.0-255,1484,57721,12,170927
26043,0.000642,172.31.36.0-255,66,57787,12,170927
26044,0.000709,172.31.36.0-255,66,57853,12,170927
26045,0.001186,172.217.194.0-255,1484,59337,12,170927
26046,0.001192,172.217.194.0-255,2902,62239,12,170927
26047,0.001196,172.31.36.0-255,66,62305,12,170927
26048,0.0012,172.217.194.0-255,1484,63789,12,170927
26049,0.001234,172.217.194.0-255,4320,68109,12,170927
26050,0.001259,172.217.194.0-255,1484,69593,12,170927
26051,0.001272,172.31.36.0-255,66,69659,12,170927
26052,0.001298,172.31.36.0-255,66,69725,12,170927
26053,0.001589,172.217.194.0-255,1484,71209,12,170927
26054,0.00161,172.217.194.0-255,2902,74111,12,170927
26055,0.001613,172.31.36.0-255,66,74177,12,170927
26056,0.001617,172.217.194.0-255,1484,75661,12,170927
26057,0.001633,172.217.194.0-255,2902,78563,12,170927
26058,0.001653,172.217.194.0-255,4320,82883,12,170927
26059,0.001673,172.31.36.0-255,66,82949,12,170927
26060,0.001678,172.217.194.0-255,1484,84433,12,170927
26061,0.001684,172.217.194.0-255,5738,90171,12,170927
26062,0.001695,172.31.36.0-255,66,90237,12,170927
26063,0.001712,172.217.194.0-255,4320,94557,12,170927
26064,0.001741,172.31.36.0-255,66,94623,12,170927
26065,0.001773,172.217.194.0-255,1484,96107,12,170927
26066,0.001789,172.217.194.0-255,2902,99009,12,170927
26067,0.001795,172.217.194.0-255,4320,103329,12,170927
26068,0.001807,172.31.36.0-255,66,103395,12,170927
26069,0.001811,172.217.194.0-255,1484,104879,12,170927
26070,0.001843,172.217.194.0-255,1484,106363,12,170927
26071,0.001857,172.217.194.0-255,4320,110683,12,170927
26072,0.001892,172.31.36.0-255,66,110749,12,170927
26073,0.001902,172.31.36.0-255,66,110815,12,170927
26074,0.001914,172.217.194.0-255,2902,113717,12,170927
26075,0.001938,172.217.194.0-255,3602,117319,12,170927
26076,0.001965,172.31.36.0-255,66,117385,12,170927
26077,0.002113,172.217.194.0-255,1484,118869,12,170927
26078,0.002117,172.217.194.0-255,1484,120353,12,170927
26079,0.002128,172.217.194.0-255,1484,121837,12,170927
26080,0.002133,172.217.194.0-255,2902,124739,12,170927
26081,0.00214,172.31.36.0-255,66,124805,12,170927
26082,0.002147,172.217.194.0-255,1484,126289,12,170927
26083,0.002183,172.31.36.0-255,66,126355,12,170927
26084,0.002242,172.31.36.0-255,66,126421,12,170927
26085,0.002297,172.217.194.0-255,1484,127905,12,170927
26086,0.002325,172.217.194.0-255,2902,130807,12,170927
26087,0.002328,172.31.36.0-255,66,130873,12,170927
26088,0.002336,172.217.194.0-255,5738,136611,12,170927
26089,0.002346,172.217.194.0-255,4320,140931,12,170927
26090,0.00236,172.217.194.0-255,1484,142415,12,170927
26091,0.002365,172.217.194.0-255,2902,145317,12,170927
26092,0.002392,172.217.194.0-255,1484,146801,12,170927
26093,0.002461,172.217.194.0-255,1484,148285,12,170927
26094,0.002484,172.217.194.0-255,5738,154023,12,170927
26095,0.002553,172.217.194.0-255,4320,158343,12,170927
26096,0.002559,172.217.194.0-255,5020,163363,12,170927
26097,0.002583,172.217.194.0-255,7156,170519,12,170927
26098,0.008503,172.31.36.0-255,66,170585,12,170927
26099,0.011072,172.217.194.0-255,105,170690,12,170927
26100,0.0115,172.31.36.0-255,66,170756,12,170927
26101,0.011544,172.31.36.0-255,105,170861,12,170927
26102,0.014136,172.217.194.0-255,66,170927,12,170927
26103,0.0,172.217.194.0-255,156,156,12,255931
26104,2.6e-05,172.31.36.0-255,66,222,12,255931
26105,3.3e-05,172.217.194.0-255,1484,1706,12,255931
26106,3.7e-05,172.31.36.0-255,66,1772,12,255931
26107,4.2e-05,172.217.194.0-255,2902,4674,12,255931
26108,4.5e-05,172.31.36.0-255,66,4740,12,255931
26109,5.2e-05,172.217.194.0-255,7156,11896,12,255931
26110,5.4e-05,172.31.36.0-255,66,11962,12,255931
26111,5.7e-05,172.217.194.0-255,2045,14007,12,255931
26112,5.9e-05,172.31.36.0-255,66,14073,12,255931
26113,0.000107,172.217.194.0-255,4320,18393,12,255931
26114,0.00011,172.31.36.0-255,66,18459,12,255931
26115,0.000126,172.217.194.0-255,5738,24197,12,255931
26116,0.000128,172.31.36.0-255,66,24263,12,255931
26117,0.000155,172.217.194.0-255,5738,30001,12,255931
26118,0.000157,172.31.36.0-255,66,30067,12,255931
26119,0.000175,172.217.194.0-255,1125,31192,12,255931
26120,0.000177,172.31.36.0-255,66,31258,12,255931
26121,0.000221,172.217.194.0-255,1484,32742,12,255931
26122,0.000224,172.31.36.0-255,66,32808,12,255931
26123,0.000245,172.217.194.0-255,2902,35710,12,255931
26124,0.000248,172.31.36.0-255,66,35776,12,255931
26125,0.000254,172.217.194.0-255,5738,41514,12,255931
26126,0.000256,172.31.36.0-255,66,41580,12,255931
26127,0.000261,172.217.194.0-255,4320,45900,12,255931
26128,0.000262,172.31.36.0-255,66,45966,12,255931
26129,0.000306,172.31.36.0-255,66,46032,12,255931
26130,0.000312,172.217.194.0-255,7088,53120,12,255931
26131,0.000314,172.31.36.0-255,66,53186,12,255931
26132,0.000335,172.217.194.0-255,98,53284,12,255931
26133,0.000338,172.31.36.0-255,66,53350,12,255931
26134,0.000342,172.217.194.0-255,364,53714,12,255931
26135,0.000478,172.217.194.0-255,1484,55198,12,255931
26136,0.000483,172.31.36.0-255,66,55264,12,255931
26137,0.000488,172.217.194.0-255,2902,58166,12,255931
26138,0.000491,172.31.36.0-255,66,58232,12,255931
26139,0.000496,172.217.194.0-255,5738,63970,12,255931
26140,0.000497,172.31.36.0-255,66,64036,12,255931
26141,0.000528,172.217.194.0-255,7156,71192,12,255931
26142,0.000531,172.31.36.0-255,66,71258,12,255931
26143,0.000537,172.217.194.0-255,4320,75578,12,255931
26144,0.000539,172.31.36.0-255,66,75644,12,255931
26145,0.000565,172.31.36.0-255,66,75710,12,255931
26146,0.00057,172.217.194.0-255,1634,77344,12,255931
26147,0.000572,172.31.36.0-255,66,77410,12,255931
26148,0.000913,172.217.194.0-255,1484,78894,12,255931
26149,0.00092,172.217.194.0-255,2902,81796,12,255931
26150,0.000924,172.31.36.0-255,66,81862,12,255931
26151,0.000929,172.217.194.0-255,2902,84764,12,255931
26152,0.00093,172.31.36.0-255,66,84830,12,255931
26153,0.000948,172.217.194.0-255,2902,87732,12,255931
26154,0.000951,172.31.36.0-255,66,87798,12,255931
26155,0.000956,172.217.194.0-255,4320,92118,12,255931
26156,0.000958,172.31.36.0-255,66,92184,12,255931
26157,0.000979,172.217.194.0-255,4320,96504,12,255931
26158,0.000981,172.31.36.0-255,66,96570,12,255931
26159,0.001005,172.217.194.0-255,2902,99472,12,255931
26160,0.001008,172.31.36.0-255,66,99538,12,255931
26161,0.001042,172.31.36.0-255,66,99604,12,255931
26162,0.001424,172.217.194.0-255,1484,101088,12,255931
26163,0.00143,172.217.194.0-255,2902,103990,12,255931
26164,0.001434,172.31.36.0-255,66,104056,12,255931
26165,0.001439,172.217.194.0-255,2902,106958,12,255931
26166,0.001441,172.31.36.0-255,66,107024,12,255931
26167,0.001456,172.217.194.0-255,2902,109926,12,255931
26168,0.001458,172.31.36.0-255,66,109992,12,255931
26169,0.001462,172.217.194.0-255,2902,112894,12,255931
26170,0.001464,172.31.36.0-255,66,112960,12,255931
26171,0.001468,172.217.194.0-255,2902,115862,12,255931
26172,0.00147,172.31.36.0-255,66,115928,12,255931
26173,0.001487,172.217.194.0-255,7156,123084,12,255931
26174,0.001489,172.31.36.0-255,66,123150,12,255931
26175,0.001512,172.217.194.0-255,7156,130306,12,255931
26176,0.001515,172.31.36.0-255,66,130372,12,255931
26177,0.001534,172.217.194.0-255,3602,133974,12,255931
26178,0.001536,172.31.36.0-255,66,134040,12,255931
26179,0.001554,172.217.194.0-255,1484,135524,12,255931
26180,0.001558,172.217.194.0-255,2902,138426,12,255931
26181,0.00156,172.31.36.0-255,66,138492,12,255931
26182,0.001564,172.217.194.0-255,2902,141394,12,255931
26183,0.001566,172.31.36.0-255,66,141460,12,255931
26184,0.001584,172.217.194.0-255,2902,144362,12,255931
26185,0.001587,172.31.36.0-255,66,144428,12,255931
26186,0.001621,172.217.194.0-255,1484,145912,12,255931
26187,0.001648,172.31.36.0-255,66,145978,12,255931
26188,0.001659,172.31.36.0-255,66,146044,12,255931
26189,0.001664,172.217.194.0-255,4320,150364,12,255931
26190,0.001666,172.31.36.0-255,66,150430,12,255931
26191,0.0017,172.31.36.0-255,66,150496,12,255931
26192,0.001746,172.31.36.0-255,66,150562,12,255931
26193,0.001793,172.217.194.0-255,1484,152046,12,255931
26194,0.001797,172.217.194.0-255,1484,153530,12,255931
26195,0.0018,172.31.36.0-255,66,153596,12,255931
26196,0.001812,172.217.194.0-255,1484,155080,12,255931
26197,0.001818,172.217.194.0-255,5738,160818,12,255931
26198,0.00182,172.31.36.0-255,66,160884,12,255931
26199,0.001858,172.31.36.0-255,66,160950,12,255931
26200,0.001879,172.217.194.0-255,1484,162434,12,255931
26201,0.001893,172.31.36.0-255,66,162500,12,255931
26202,0.001977,172.217.194.0-255,1484,163984,12,255931
26203,0.001981,172.217.194.0-255,2902,166886,12,255931
26204,0.001984,172.31.36.0-255,66,166952,12,255931
26205,0.001987,172.217.194.0-255,2902,169854,12,255931
26206,0.001989,172.31.36.0-255,66,169920,12,255931
26207,0.002004,172.217.194.0-255,2902,172822,12,255931
26208,0.002006,172.31.36.0-255,66,172888,12,255931
26209,0.002015,172.31.36.0-255,66,172954,12,255931
26210,0.002047,172.217.194.0-255,4320,177274,12,255931
26211,0.00205,172.31.36.0-255,66,177340,12,255931
26212,0.002059,172.31.36.0-255,66,177406,12,255931
26213,0.004089,172.217.194.0-255,5738,183144,12,255931
26214,0.004095,172.31.36.0-255,66,183210,12,255931
26215,0.006141,172.217.194.0-255,4320,187530,12,255931
26216,0.006144,172.31.36.0-255,66,187596,12,255931
26217,0.006159,172.217.194.0-255,1484,189080,12,255931
26218,0.008199,172.217.194.0-255,4320,193400,12,255931
26219,0.008207,172.31.36.0-255,66,193466,12,255931
26220,0.010249,172.217.194.0-255,5738,199204,12,255931
26221,0.010255,172.31.36.0-255,66,199270,12,255931
26222,0.012295,172.217.194.0-255,5738,205008,12,255931
26223,0.012303,172.31.36.0-255,66,205074,12,255931
26224,0.014322,172.217.194.0-255,5738,210812,12,255931
26225,0.01433,172.31.36.0-255,66,210878,12,255931
26226,0.016368,172.217.194.0-255,5738,216616,12,255931
26227,0.016374,172.31.36.0-255,66,216682,12,255931
26228,0.018404,172.217.194.0-255,5738,222420,12,255931
26229,0.018409,172.31.36.0-255,66,222486,12,255931
26230,0.020456,172.217.194.0-255,5738,228224,12,255931
26231,0.020463,172.31.36.0-255,66,228290,12,255931
26232,0.022484,172.217.194.0-255,5738,234028,12,255931
26233,0.02249,172.31.36.0-255,66,234094,12,255931
26234,0.024552,172.217.194.0-255,5738,239832,12,255931
26235,0.024559,172.31.36.0-255,66,239898,12,255931
26236,0.026566,172.217.194.0-255,5738,245636,12,255931
26237,0.026573,172.31.36.0-255,66,245702,12,255931
26238,0.026598,172.31.36.0-255,172,245874,12,255931
26239,0.026626,172.31.36.0-255,1106,246980,12,255931
26240,0.026731,172.31.36.0-255,1514,248494,12,255931
26241,0.026733,172.31.36.0-255,1303,249797,12,255931
26242,0.028093,104.244.42.0-255,66,249863,12,255931
26243,0.028112,104.244.42.0-255,66,249929,12,255931
26244,0.028236,104.244.42.0-255,66,249995,12,255931
26245,0.028626,172.217.194.0-255,2902,252897,12,255931
26246,0.02863,172.31.36.0-255,66,252963,12,255931
26247,0.028657,172.217.194.0-255,2902,255865,12,255931
26248,0.02866,172.31.36.0-255,66,255931,12,255931
26249,0.0,74.125.24.0-255,149,149,12,159458
26250,2.2e-05,172.31.36.0-255,66,215,12,159458
26251,2.8e-05,74.125.24.0-255,1484,1699,12,159458
26252,3.3e-05,172.31.36.0-255,66,1765,12,159458
26253,3.8e-05,74.125.24.0-255,2902,4667,12,159458
26254,4e-05,172.31.36.0-255,66,4733,12,159458
26255,4.6e-05,74.125.24.0-255,4320,9053,12,159458
26256,4.9e-05,172.31.36.0-255,66,9119,12,159458
26257,0.000114,74.125.24.0-255,4320,13439,12,159458
26258,0.000117,172.31.36.0-255,66,13505,12,159458
26259,0.000129,74.125.24.0-255,586,14091,12,159458
26260,0.000132,172.31.36.0-255,66,14157,12,159458
26261,0.000237,74.125.24.0-255,1484,15641,12,159458
26262,0.000242,172.31.36.0-255,66,15707,12,159458
26263,0.000249,74.125.24.0-255,2902,18609,12,159458
26264,0.000252,172.31.36.0-255,66,18675,12,159458
26265,0.000258,74.125.24.0-255,5738,24413,12,159458
26266,0.00026,172.31.36.0-255,66,24479,12,159458
26267,0.000296,74.125.24.0-255,2902,27381,12,159458
26268,0.000299,172.31.36.0-255,66,27447,12,159458
26269,0.000313,74.125.24.0-255,3961,31408,12,159458
26270,0.000316,172.31.36.0-255,66,31474,12,159458
26271,0.000322,74.125.24.0-255,5738,37212,12,159458
26272,0.000324,172.31.36.0-255,66,37278,12,159458
26273,0.000355,74.125.24.0-255,1484,38762,12,159458
26274,0.000358,172.31.36.0-255,66,38828,12,159458
26275,0.00037,172.31.36.0-255,66,38894,12,159458
26276,0.000396,74.125.24.0-255,1484,40378,12,159458
26277,0.000399,172.31.36.0-255,66,40444,12,159458
26278,0.000415,172.31.36.0-255,66,40510,12,159458
26279,0.00044,74.125.24.0-255,412,40922,12,159458
26280,0.000545,74.125.24.0-255,1484,42406,12,159458
26281,0.000551,172.31.36.0-255,66,42472,12,159458
26282,0.000556,74.125.24.0-255,2902,45374,12,159458
26283,0.000559,172.31.36.0-255,66,45440,12,159458
26284,0.000563,74.125.24.0-255,2902,48342,12,159458
26285,0.000565,172.31.36.0-255,66,48408,12,159458
26286,0.000601,74.125.24.0-255,2902,51310,12,159458
26287,0.000605,172.31.36.0-255,66,51376,12,159458
26288,0.000618,172.31.36.0-255,66,51442,12,159458
26289,0.00063,172.31.36.0-255,66,51508,12,159458
26290,0.000633,74.125.24.0-255,333,51841,12,159458
26291,0.000893,74.125.24.0-255,1484,53325,12,159458
26292,0.000899,172.31.36.0-255,66,53391,12,159458
26293,0.000905,74.125.24.0-255,2902,56293,12,159458
26294,0.000908,172.31.36.0-255,66,56359,12,159458
26295,0.000913,74.125.24.0-255,2902,59261,12,159458
26296,0.000915,172.31.36.0-255,66,59327,12,159458
26297,0.00094,74.125.24.0-255,2902,62229,12,159458
26298,0.000944,172.31.36.0-255,66,62295,12,159458
26299,0.000948,74.125.24.0-255,2902,65197,12,159458
26300,0.000951,172.31.36.0-255,66,65263,12,159458
26301,0.000962,172.31.36.0-255,66,65329,12,159458
26302,0.00098,74.125.24.0-255,1484,66813,12,159458
26303,0.001002,74.125.24.0-255,5738,72551,12,159458
26304,0.001006,172.31.36.0-255,66,72617,12,159458
26305,0.001026,74.125.24.0-255,1484,74101,12,159458
26306,0.001046,74.125.24.0-255,2184,76285,12,159458
26307,0.001049,172.31.36.0-255,66,76351,12,159458
26308,0.003043,74.125.24.0-255,1484,77835,12,159458
26309,0.003122,74.125.24.0-255,4320,82155,12,159458
26310,0.003128,172.31.36.0-255,66,82221,12,159458
26311,0.005144,74.125.24.0-255,5738,87959,12,159458
26312,0.005148,172.31.36.0-255,66,88025,12,159458
26313,0.007161,74.125.24.0-255,4320,92345,12,159458
26314,0.007168,172.31.36.0-255,66,92411,12,159458
26315,0.007188,74.125.24.0-255,1484,93895,12,159458
26316,0.009228,74.125.24.0-255,4320,98215,12,159458
26317,0.009236,172.31.36.0-255,66,98281,12,159458
26318,0.011266,74.125.24.0-255,5738,104019,12,159458
26319,0.011275,172.31.36.0-255,66,104085,12,159458
26320,0.013345,74.125.24.0-255,5738,109823,12,159458
26321,0.013354,172.31.36.0-255,66,109889,12,159458
26322,0.015417,74.125.24.0-255,4320,114209,12,159458
26323,0.015426,172.31.36.0-255,66,114275,12,159458
26324,0.015448,74.125.24.0-255,1484,115759,12,159458
26325,0.017505,74.125.24.0-255,4320,120079,12,159458
26326,0.017518,172.31.36.0-255,66,120145,12,159458
26327,0.019579,74.125.24.0-255,5738,125883,12,159458
26328,0.019586,172.31.36.0-255,66,125949,12,159458
26329,0.021636,74.125.24.0-255,5738,131687,12,159458
26330,0.021642,172.31.36.0-255,66,131753,12,159458
26331,0.023721,74.125.24.0-255,5738,137491,12,159458
26332,0.023728,172.31.36.0-255,66,137557,12,159458
26333,0.025101,172.31.36.0-255,172,137729,12,159458
26334,0.025143,172.31.36.0-255,1107,138836,12,159458
26335,0.025214,172.31.36.0-255,1514,140350,12,159458
26336,0.025217,172.31.36.0-255,1300,141650,12,159458
26337,0.025762,74.125.24.0-255,5738,147388,12,159458
26338,0.025768,172.31.36.0-255,66,147454,12,159458
26339,0.026627,104.244.42.0-255,66,147520,12,159458
26340,0.026672,104.244.42.0-255,66,147586,12,159458
26341,0.026767,104.244.42.0-255,66,147652,12,159458
26342,0.027793,74.125.24.0-255,2902,150554,12,159458
26343,0.027798,172.31.36.0-255,66,150620,12,159458
26344,0.027848,74.125.24.0-255,2902,153522,12,159458
26345,0.02785,172.31.36.0-255,66,153588,12,159458
26346,0.029948,74.125.24.0-255,4320,157908,12,159458
26347,0.029953,172.31.36.0-255,66,157974,12,159458
26348,0.029983,74.125.24.0-255,1484,159458,12,159458
26349,0.0,172.217.194.0-255,153,153,12,170900
26350,3.6e-05,172.31.36.0-255,66,219,12,170900
26351,4.4e-05,172.217.194.0-255,1484,1703,12,170900
26352,4.8e-05,172.31.36.0-255,66,1769,12,170900
26353,5.3e-05,172.217.194.0-255,2902,4671,12,170900
26354,5.5e-05,172.31.36.0-255,66,4737,12,170900
26355,7.1e-05,172.217.194.0-255,7156,11893,12,170900
26356,7.4e-05,172.31.36.0-255,66,11959,12,170900
26357,7.9e-05,172.217.194.0-255,2017,13976,12,170900
26358,8.2e-05,172.31.36.0-255,66,14042,12,170900
26359,0.000128,172.217.194.0-255,1484,15526,12,170900
26360,0.00013,172.31.36.0-255,66,15592,12,170900
26361,0.000136,172.217.194.0-255,2902,18494,12,170900
26362,0.000138,172.31.36.0-255,66,18560,12,170900
26363,0.000151,172.217.194.0-255,5738,24298,12,170900
26364,0.000154,172.31.36.0-255,66,24364,12,170900
26365,0.000182,172.217.194.0-255,6797,31161,12,170900
26366,0.000192,172.31.36.0-255,66,31227,12,170900
26367,0.000221,172.217.194.0-255,7156,38383,12,170900
26368,0.000225,172.31.36.0-255,66,38449,12,170900
26369,0.000237,172.31.36.0-255,66,38515,12,170900
26370,0.000294,172.217.194.0-255,1125,39640,12,170900
26371,0.000298,172.31.36.0-255,66,39706,12,170900
26372,0.000302,172.217.194.0-255,1484,41190,12,170900
26373,0.000304,172.31.36.0-255,66,41256,12,170900
26374,0.00031,172.217.194.0-255,4320,45576,12,170900
26375,0.000312,172.31.36.0-255,66,45642,12,170900
26376,0.000331,172.31.36.0-255,66,45708,12,170900
26377,0.000333,172.217.194.0-255,1125,46833,12,170900
26378,0.000335,172.31.36.0-255,66,46899,12,170900
26379,0.000358,172.217.194.0-255,647,47546,12,170900
26380,0.00046,172.217.194.0-255,1484,49030,12,170900
26381,0.000464,172.31.36.0-255,66,49096,12,170900
26382,0.00047,172.217.194.0-255,2902,51998,12,170900
26383,0.000472,172.31.36.0-255,66,52064,12,170900
26384,0.000485,172.217.194.0-255,5738,57802,12,170900
26385,0.000488,172.31.36.0-255,66,57868,12,170900
26386,0.000491,172.217.194.0-255,1484,59352,12,170900
26387,0.000555,172.217.194.0-255,4829,64181,12,170900
26388,0.00056,172.31.36.0-255,66,64247,12,170900
26389,0.00087,172.217.194.0-255,1484,65731,12,170900
26390,0.000886,172.217.194.0-255,2902,68633,12,170900
26391,0.00089,172.31.36.0-255,66,68699,12,170900
26392,0.000893,172.217.194.0-255,1484,70183,12,170900
26393,0.000918,172.217.194.0-255,4320,74503,12,170900
26394,0.000922,172.31.36.0-255,66,74569,12,170900
26395,0.000935,172.31.36.0-255,66,74635,12,170900
26396,0.000971,172.217.194.0-255,1484,76119,12,170900
26397,0.000985,172.31.36.0-255,66,76185,12,170900
26398,0.00144,172.217.194.0-255,1484,77669,12,170900
26399,0.00145,172.217.194.0-255,2902,80571,12,170900
26400,0.001455,172.31.36.0-255,66,80637,12,170900
26401,0.001461,172.217.194.0-255,2902,83539,12,170900
26402,0.001463,172.31.36.0-255,66,83605,12,170900
26403,0.001488,172.217.194.0-255,2902,86507,12,170900
26404,0.001492,172.31.36.0-255,66,86573,12,170900
26405,0.001505,172.31.36.0-255,66,86639,12,170900
26406,0.001524,172.31.36.0-255,66,86705,12,170900
26407,0.003531,172.217.194.0-255,5738,92443,12,170900
26408,0.003537,172.31.36.0-255,66,92509,12,170900
26409,0.00556,172.217.194.0-255,4320,96829,12,170900
26410,0.005563,172.31.36.0-255,66,96895,12,170900
26411,0.005589,172.217.194.0-255,1484,98379,12,170900
26412,0.007577,172.217.194.0-255,4320,102699,12,170900
26413,0.007585,172.31.36.0-255,66,102765,12,170900
26414,0.009613,172.217.194.0-255,5738,108503,12,170900
26415,0.009621,172.31.36.0-255,66,108569,12,170900
26416,0.011656,172.217.194.0-255,5738,114307,12,170900
26417,0.011664,172.31.36.0-255,66,114373,12,170900
26418,0.013667,172.217.194.0-255,5738,120111,12,170900
26419,0.013676,172.31.36.0-255,66,120177,12,170900
26420,0.015693,172.217.194.0-255,5738,125915,12,170900
26421,0.015702,172.31.36.0-255,66,125981,12,170900
26422,0.017733,172.217.194.0-255,5738,131719,12,170900
26423,0.01774,172.31.36.0-255,66,131785,12,170900
26424,0.019764,172.217.194.0-255,5738,137523,12,170900
26425,0.01977,172.31.36.0-255,66,137589,12,170900
26426,0.021813,172.217.194.0-255,5738,143327,12,170900
26427,0.021819,172.31.36.0-255,66,143393,12,170900
26428,0.023856,172.217.194.0-255,5738,149131,12,170900
26429,0.023864,172.31.36.0-255,66,149197,12,170900
26430,0.025866,172.217.194.0-255,5738,154935,12,170900
26431,0.025874,172.31.36.0-255,66,155001,12,170900
26432,0.027887,172.217.194.0-255,5738,160739,12,170900
26433,0.027893,172.31.36.0-255,66,160805,12,170900
26434,0.028099,172.31.36.0-255,172,160977,12,170900
26435,0.028128,172.31.36.0-255,1109,162086,12,170900
26436,0.028188,172.31.36.0-255,1514,163600,12,170900
26437,0.02819,172.31.36.0-255,1298,164898,12,170900
26438,0.029655,104.244.42.0-255,66,164964,12,170900
26439,0.029664,104.244.42.0-255,66,165030,12,170900
26440,0.02976,104.244.42.0-255,66,165096,12,170900
26441,0.029946,172.217.194.0-255,5738,170834,12,170900
26442,0.029951,172.31.36.0-255,66,170900,12,170900
26443,0.0,74.125.200.0-255,153,153,12,287999
26444,2.2e-05,172.31.36.0-255,66,219,12,287999
26445,2.8e-05,74.125.200.0-255,1484,1703,12,287999
26446,3.3e-05,172.31.36.0-255,66,1769,12,287999
26447,3.9e-05,74.125.200.0-255,2902,4671,12,287999
26448,4.3e-05,172.31.36.0-255,66,4737,12,287999
26449,4.6e-05,74.125.200.0-255,1484,6221,12,287999
26450,4.8e-05,172.31.36.0-255,66,6287,12,287999
26451,8.4e-05,74.125.200.0-255,4320,10607,12,287999
26452,8.8e-05,172.31.36.0-255,66,10673,12,287999
26453,9.6e-05,74.125.200.0-255,6303,16976,12,287999
26454,9.9e-05,172.31.36.0-255,66,17042,12,287999
26455,0.000104,74.125.200.0-255,4320,21362,12,287999
26456,0.000106,172.31.36.0-255,66,21428,12,287999
26457,0.000112,74.125.200.0-255,4320,25748,12,287999
26458,0.000114,172.31.36.0-255,66,25814,12,287999
26459,0.000133,74.125.200.0-255,1484,27298,12,287999
26460,0.000136,172.31.36.0-255,66,27364,12,287999
26461,0.000156,74.125.200.0-255,3961,31325,12,287999
26462,0.000159,172.31.36.0-255,66,31391,12,287999
26463,0.000236,74.125.200.0-255,1484,32875,12,287999
26464,0.000239,172.31.36.0-255,66,32941,12,287999
26465,0.000243,74.125.200.0-255,1484,34425,12,287999
26466,0.000246,172.31.36.0-255,66,34491,12,287999
26467,0.000251,74.125.200.0-255,2902,37393,12,287999
26468,0.000254,172.31.36.0-255,66,37459,12,287999
26469,0.000286,74.125.200.0-255,5738,43197,12,287999
26470,0.00029,172.31.36.0-255,66,43263,12,287999
26471,0.000294,74.125.200.0-255,2902,46165,12,287999
26472,0.000297,172.31.36.0-255,66,46231,12,287999
26473,0.000315,74.125.200.0-255,2543,48774,12,287999
26474,0.000317,172.31.36.0-255,66,48840,12,287999
26475,0.000324,74.125.200.0-255,5738,54578,12,287999
26476,0.000326,172.31.36.0-255,66,54644,12,287999
26477,0.000345,74.125.200.0-255,1484,56128,12,287999
26478,0.000372,172.31.36.0-255,66,56194,12,287999
26479,0.000648,74.125.200.0-255,647,56841,12,287999
26480,0.000796,74.125.200.0-255,1484,58325,12,287999
26481,0.000801,172.31.36.0-255,66,58391,12,287999
26482,0.000807,74.125.200.0-255,2902,61293,12,287999
26483,0.00081,172.31.36.0-255,66,61359,12,287999
26484,0.000828,74.125.200.0-255,5738,67097,12,287999
26485,0.00083,172.31.36.0-255,66,67163,12,287999
26486,0.000861,74.125.200.0-255,1484,68647,12,287999
26487,0.000881,172.31.36.0-255,66,68713,12,287999
26488,0.000903,74.125.200.0-255,2902,71615,12,287999
26489,0.000905,172.31.36.0-255,66,71681,12,287999
26490,0.000911,74.125.200.0-255,4320,76001,12,287999
26491,0.000913,172.31.36.0-255,66,76067,12,287999
26492,0.000921,74.125.200.0-255,6438,82505,12,287999
26493,0.000923,172.31.36.0-255,66,82571,12,287999
26494,0.001095,74.125.200.0-255,1484,84055,12,287999
26495,0.0011,74.125.200.0-255,1484,85539,12,287999
26496,0.001103,172.31.36.0-255,66,85605,12,287999
26497,0.001126,74.125.200.0-255,1484,87089,12,287999
26498,0.001131,74.125.200.0-255,4320,91409,12,287999
26499,0.001134,172.31.36.0-255,66,91475,12,287999
26500,0.001138,74.125.200.0-255,1484,92959,12,287999
26501,0.001161,74.125.200.0-255,7156,100115,12,287999
26502,0.001164,172.31.36.0-255,66,100181,12,287999
26503,0.001174,172.31.36.0-255,66,100247,12,287999
26504,0.001215,74.125.200.0-255,4320,104567,12,287999
26505,0.001219,172.31.36.0-255,66,104633,12,287999
26506,0.001241,74.125.200.0-255,3602,108235,12,287999
26507,0.001245,172.31.36.0-255,66,108301,12,287999
26508,0.001266,74.125.200.0-255,5738,114039,12,287999
26509,0.001269,172.31.36.0-255,66,114105,12,287999
26510,0.001305,74.125.200.0-255,1484,115589,12,287999
26511,0.001321,74.125.200.0-255,5738,121327,12,287999
26512,0.001335,172.31.36.0-255,66,121393,12,287999
26513,0.001373,74.125.200.0-255,7156,128549,12,287999
26514,0.00138,172.31.36.0-255,66,128615,12,287999
26515,0.001393,74.125.200.0-255,2184,130799,12,287999
26516,0.001396,172.31.36.0-255,66,130865,12,287999
26517,0.001678,74.125.200.0-255,1484,132349,12,287999
26518,0.001682,74.125.200.0-255,1484,133833,12,287999
26519,0.001685,172.31.36.0-255,66,133899,12,287999
26520,0.001708,74.125.200.0-255,1484,135383,12,287999
26521,0.001715,74.125.200.0-255,5738,141121,12,287999
26522,0.001717,172.31.36.0-255,66,141187,12,287999
26523,0.001722,74.125.200.0-255,2902,144089,12,287999
26524,0.001724,172.31.36.0-255,66,144155,12,287999
26525,0.001727,74.125.200.0-255,1484,145639,12,287999
26526,0.001746,74.125.200.0-255,2902,148541,12,287999
26527,0.001749,172.31.36.0-255,66,148607,12,287999
26528,0.001761,74.125.200.0-255,1484,150091,12,287999
26529,0.001782,172.31.36.0-255,66,150157,12,287999
26530,0.001815,74.125.200.0-255,2902,153059,12,287999
26531,0.001829,172.31.36.0-255,66,153125,12,287999
26532,0.001834,74.125.200.0-255,3602,156727,12,287999
26533,0.001839,172.31.36.0-255,66,156793,12,287999
26534,0.001859,74.125.200.0-255,1484,158277,12,287999
26535,0.001883,74.125.200.0-255,5738,164015,12,287999
26536,0.001886,172.31.36.0-255,66,164081,12,287999
26537,0.001915,172.31.36.0-255,66,164147,12,287999
26538,0.001921,74.125.200.0-255,5738,169885,12,287999
26539,0.001926,172.31.36.0-255,66,169951,12,287999
26540,0.001965,172.31.36.0-255,66,170017,12,287999
26541,0.001973,74.125.200.0-255,1484,171501,12,287999
26542,0.001991,74.125.200.0-255,2184,173685,12,287999
26543,0.001999,172.31.36.0-255,66,173751,12,287999
26544,0.002014,74.125.200.0-255,4320,178071,12,287999
26545,0.002029,172.31.36.0-255,66,178137,12,287999
26546,0.002035,74.125.200.0-255,4320,182457,12,287999
26547,0.002037,74.125.200.0-255,1484,183941,12,287999
26548,0.002043,172.31.36.0-255,66,184007,12,287999
26549,0.002059,74.125.200.0-255,4320,188327,12,287999
26550,0.002067,74.125.200.0-255,7156,195483,12,287999
26551,0.002085,74.125.200.0-255,4320,199803,12,287999
26552,0.00209,74.125.200.0-255,4320,204123,12,287999
26553,0.002124,74.125.200.0-255,5738,209861,12,287999
26554,0.002147,74.125.200.0-255,766,210627,12,287999
26555,0.002154,74.125.200.0-255,7156,217783,12,287999
26556,0.002171,74.125.200.0-255,4320,222103,12,287999
26557,0.002183,74.125.200.0-255,4320,226423,12,287999
26558,0.002203,74.125.200.0-255,4320,230743,12,287999
26559,0.002225,74.125.200.0-255,5738,236481,12,287999
26560,0.002231,74.125.200.0-255,5020,241501,12,287999
26561,0.007598,172.31.36.0-255,66,241567,12,287999
26562,0.010203,74.125.200.0-255,5738,247305,12,287999
26563,0.010211,172.31.36.0-255,66,247371,12,287999
26564,0.012793,74.125.200.0-255,5738,253109,12,287999
26565,0.012802,172.31.36.0-255,66,253175,12,287999
26566,0.015378,74.125.200.0-255,5738,258913,12,287999
26567,0.015386,172.31.36.0-255,66,258979,12,287999
26568,0.017999,74.125.200.0-255,5738,264717,12,287999
26569,0.01801,172.31.36.0-255,66,264783,12,287999
26570,0.020611,74.125.200.0-255,5738,270521,12,287999
26571,0.02062,172.31.36.0-255,66,270587,12,287999
26572,0.023225,74.125.200.0-255,5738,276325,12,287999
26573,0.023233,172.31.36.0-255,66,276391,12,287999
26574,0.025814,74.125.200.0-255,5738,282129,12,287999
26575,0.025822,172.31.36.0-255,66,282195,12,287999
26576,0.028402,74.125.200.0-255,5738,287933,12,287999
26577,0.02841,172.31.36.0-255,66,287999,12,287999
26578,0.0,74.125.24.0-255,153,153,12,150431
26579,2.4e-05,172.31.36.0-255,66,219,12,150431
26580,3.1e-05,74.125.24.0-255,1484,1703,12,150431
26581,3.6e-05,172.31.36.0-255,66,1769,12,150431
26582,4.2e-05,74.125.24.0-255,2902,4671,12,150431
26583,5.4e-05,172.31.36.0-255,66,4737,12,150431
26584,6.1e-05,74.125.24.0-255,5738,10475,12,150431
26585,6.4e-05,172.31.36.0-255,66,10541,12,150431
26586,7.1e-05,74.125.24.0-255,5738,16279,12,150431
26587,7.4e-05,172.31.36.0-255,66,16345,12,150431
26588,0.000117,172.31.36.0-255,66,16411,12,150431
26589,0.000124,74.125.24.0-255,6797,23208,12,150431
26590,0.000131,172.31.36.0-255,66,23274,12,150431
26591,0.000161,74.125.24.0-255,1484,24758,12,150431
26592,0.000164,172.31.36.0-255,66,24824,12,150431
26593,0.000169,74.125.24.0-255,2902,27726,12,150431
26594,0.000172,172.31.36.0-255,66,27792,12,150431
26595,0.000183,74.125.24.0-255,5738,33530,12,150431
26596,0.000186,172.31.36.0-255,66,33596,12,150431
26597,0.000193,74.125.24.0-255,6797,40393,12,150431
26598,0.000196,172.31.36.0-255,66,40459,12,150431
26599,0.000238,172.31.36.0-255,66,40525,12,150431
26600,0.000266,74.125.24.0-255,2815,43340,12,150431
26601,0.000268,172.31.36.0-255,66,43406,12,150431
26602,0.000294,74.125.24.0-255,132,43538,12,150431
26603,0.000297,172.31.36.0-255,66,43604,12,150431
26604,0.000492,74.125.24.0-255,1484,45088,12,150431
26605,0.000498,172.31.36.0-255,66,45154,12,150431
26606,0.000504,74.125.24.0-255,2902,48056,12,150431
26607,0.000507,172.31.36.0-255,66,48122,12,150431
26608,0.000513,74.125.24.0-255,4320,52442,12,150431
26609,0.00052,172.31.36.0-255,66,52508,12,150431
26610,0.000572,74.125.24.0-255,1484,53992,12,150431
26611,0.000586,74.125.24.0-255,6797,60789,12,150431
26612,0.000589,172.31.36.0-255,66,60855,12,150431
26613,0.000597,74.125.24.0-255,7156,68011,12,150431
26614,0.000599,172.31.36.0-255,66,68077,12,150431
26615,0.00061,172.31.36.0-255,66,68143,12,150431
26616,0.00064,74.125.24.0-255,1384,69527,12,150431
26617,0.000791,74.125.24.0-255,1484,71011,12,150431
26618,0.000795,172.31.36.0-255,66,71077,12,150431
26619,0.000826,74.125.24.0-255,2902,73979,12,150431
26620,0.000829,172.31.36.0-255,66,74045,12,150431
26621,0.000836,74.125.24.0-255,5738,79783,12,150431
26622,0.000839,172.31.36.0-255,66,79849,12,150431
26623,0.000852,172.31.36.0-255,66,79915,12,150431
26624,0.000886,74.125.24.0-255,2902,82817,12,150431
26625,0.000889,172.31.36.0-255,66,82883,12,150431
26626,0.000906,172.31.36.0-255,66,82949,12,150431
26627,0.000909,74.125.24.0-255,766,83715,12,150431
26628,0.001204,74.125.24.0-255,1484,85199,12,150431
26629,0.001211,172.31.36.0-255,66,85265,12,150431
26630,0.001243,74.125.24.0-255,2902,88167,12,150431
26631,0.001246,172.31.36.0-255,66,88233,12,150431
26632,0.001254,74.125.24.0-255,5738,93971,12,150431
26633,0.001256,172.31.36.0-255,66,94037,12,150431
26634,0.001265,74.125.24.0-255,1484,95521,12,150431
26635,0.001292,74.125.24.0-255,7156,102677,12,150431
26636,0.001295,172.31.36.0-255,66,102743,12,150431
26637,0.001325,74.125.24.0-255,5738,108481,12,150431
26638,0.001327,172.31.36.0-255,66,108547,12,150431
26639,0.001362,172.31.36.0-255,66,108613,12,150431
26640,0.001365,74.125.24.0-255,1484,110097,12,150431
26641,0.001421,172.31.36.0-255,66,110163,12,150431
26642,0.001488,74.125.24.0-255,766,110929,12,150431
26643,0.00149,74.125.24.0-255,1484,112413,12,150431
26644,0.001501,172.31.36.0-255,66,112479,12,150431
26645,0.001505,172.31.36.0-255,66,112545,12,150431
26646,0.001508,172.31.36.0-255,66,112611,12,150431
26647,0.001511,172.31.36.0-255,66,112677,12,150431
26648,0.00152,74.125.24.0-255,2902,115579,12,150431
26649,0.001523,172.31.36.0-255,66,115645,12,150431
26650,0.001528,74.125.24.0-255,2902,118547,12,150431
26651,0.00153,172.31.36.0-255,66,118613,12,150431
26652,0.001569,74.125.24.0-255,2902,121515,12,150431
26653,0.001572,172.31.36.0-255,66,121581,12,150431
26654,0.001575,74.125.24.0-255,1484,123065,12,150431
26655,0.001598,172.31.36.0-255,66,123131,12,150431
26656,0.001612,172.31.36.0-255,66,123197,12,150431
26657,0.001644,74.125.24.0-255,1484,124681,12,150431
26658,0.001648,74.125.24.0-255,1484,126165,12,150431
26659,0.00165,172.31.36.0-255,66,126231,12,150431
26660,0.00167,74.125.24.0-255,1484,127715,12,150431
26661,0.001677,74.125.24.0-255,5738,133453,12,150431
26662,0.001679,172.31.36.0-255,66,133519,12,150431
26663,0.001683,74.125.24.0-255,2902,136421,12,150431
26664,0.001685,172.31.36.0-255,66,136487,12,150431
26665,0.001719,172.31.36.0-255,66,136553,12,150431
26666,0.001757,74.125.24.0-255,1484,138037,12,150431
26667,0.001791,172.31.36.0-255,66,138103,12,150431
26668,0.001812,74.125.24.0-255,3602,141705,12,150431
26669,0.001814,172.31.36.0-255,66,141771,12,150431
26670,0.001821,74.125.24.0-255,1484,143255,12,150431
26671,0.001842,172.31.36.0-255,66,143321,12,150431
26672,0.001849,74.125.24.0-255,6438,149759,12,150431
26673,0.001866,172.31.36.0-255,66,149825,12,150431
26674,0.001868,172.31.36.0-255,66,149891,12,150431
26675,0.001935,172.31.36.0-255,66,149957,12,150431
26676,0.001963,172.31.36.0-255,66,150023,12,150431
26677,0.001977,172.31.36.0-255,66,150089,12,150431
26678,0.001979,74.125.24.0-255,105,150194,12,150431
26679,0.004731,172.31.36.0-255,66,150260,12,150431
26680,0.004769,172.31.36.0-255,105,150365,12,150431
26681,0.007346,74.125.24.0-255,66,150431,12,150431
26682,0.0,172.217.194.0-255,226,226,12,75857
26683,3.1e-05,172.31.36.0-255,66,292,12,75857
26684,3.7e-05,172.217.194.0-255,1484,1776,12,75857
26685,4.1e-05,172.31.36.0-255,66,1842,12,75857
26686,6.7e-05,172.217.194.0-255,4320,6162,12,75857
26687,7.5e-05,172.31.36.0-255,66,6228,12,75857
26688,0.000263,172.31.36.0-255,66,6294,12,75857
26689,0.000609,172.31.36.0-255,66,6360,12,75857
26690,0.000989,172.217.194.0-255,5738,12098,12,75857
26691,0.000996,172.31.36.0-255,66,12164,12,75857
26692,0.001023,172.217.194.0-255,2753,14917,12,75857
26693,0.001026,172.31.36.0-255,66,14983,12,75857
26694,0.003557,172.217.194.0-255,2902,17885,12,75857
26695,0.003566,172.31.36.0-255,66,17951,12,75857
26696,0.003596,172.217.194.0-255,2902,20853,12,75857
26697,0.0036,172.31.36.0-255,66,20919,12,75857
26698,0.006162,172.217.194.0-255,2902,23821,12,75857
26699,0.006169,172.31.36.0-255,66,23887,12,75857
26700,0.006201,172.217.194.0-255,2902,26789,12,75857
26701,0.006204,172.31.36.0-255,66,26855,12,75857
26702,0.009003,172.217.194.0-255,2902,29757,12,75857
26703,0.009011,172.31.36.0-255,66,29823,12,75857
26704,0.009104,172.217.194.0-255,2902,32725,12,75857
26705,0.009109,172.31.36.0-255,66,32791,12,75857
26706,0.011721,172.217.194.0-255,2902,35693,12,75857
26707,0.011729,172.31.36.0-255,66,35759,12,75857
26708,0.011773,172.217.194.0-255,2902,38661,12,75857
26709,0.011776,172.31.36.0-255,66,38727,12,75857
26710,0.01431,172.217.194.0-255,2902,41629,12,75857
26711,0.014319,172.31.36.0-255,66,41695,12,75857
26712,0.014365,172.217.194.0-255,2902,44597,12,75857
26713,0.014369,172.31.36.0-255,66,44663,12,75857
26714,0.016869,172.217.194.0-255,2902,47565,12,75857
26715,0.016876,172.31.36.0-255,66,47631,12,75857
26716,0.016978,172.217.194.0-255,2902,50533,12,75857
26717,0.016984,172.31.36.0-255,66,50599,12,75857
26718,0.019464,172.217.194.0-255,2902,53501,12,75857
26719,0.019471,172.31.36.0-255,66,53567,12,75857
26720,0.019566,172.217.194.0-255,2902,56469,12,75857
26721,0.019572,172.31.36.0-255,66,56535,12,75857
26722,0.022086,172.217.194.0-255,2902,59437,12,75857
26723,0.022094,172.31.36.0-255,66,59503,12,75857
26724,0.022164,172.217.194.0-255,2902,62405,12,75857
26725,0.022169,172.31.36.0-255,66,62471,12,75857
26726,0.024389,172.31.36.0-255,172,62643,12,75857
26727,0.024432,172.31.36.0-255,1078,63721,12,75857
26728,0.025289,172.217.194.0-255,2902,66623,12,75857
26729,0.025296,172.31.36.0-255,66,66689,12,75857
26730,0.025432,172.217.194.0-255,1484,68173,12,75857
26731,0.025437,172.31.36.0-255,66,68239,12,75857
26732,0.025465,172.217.194.0-255,1484,69723,12,75857
26733,0.025469,172.31.36.0-255,66,69789,12,75857
26734,0.025934,104.244.42.0-255,66,69855,12,75857
26735,0.025975,104.244.42.0-255,66,69921,12,75857
26736,0.029105,172.217.194.0-255,2902,72823,12,75857
26737,0.029111,172.31.36.0-255,66,72889,12,75857
26738,0.029151,172.217.194.0-255,2902,75791,12,75857
26739,0.029155,172.31.36.0-255,66,75857,12,75857
26740,0.0,172.217.194.0-255,146,146,12,168271
26741,1.4e-05,172.31.36.0-255,66,212,12,168271
26742,2.1e-05,172.217.194.0-255,1484,1696,12,168271
26743,2.7e-05,172.31.36.0-255,66,1762,12,168271
26744,3.3e-05,172.217.194.0-255,2902,4664,12,168271
26745,3.6e-05,172.31.36.0-255,66,4730,12,168271
26746,4.5e-05,172.217.194.0-255,7156,11886,12,168271
26747,4.8e-05,172.31.36.0-255,66,11952,12,168271
26748,8.6e-05,172.217.194.0-255,4320,16272,12,168271
26749,8.9e-05,172.31.36.0-255,66,16338,12,168271
26750,0.000115,172.31.36.0-255,66,16404,12,168271
26751,0.000123,172.217.194.0-255,7156,23560,12,168271
26752,0.000126,172.31.36.0-255,66,23626,12,168271
26753,0.000156,172.31.36.0-255,66,23692,12,168271
26754,0.000161,172.217.194.0-255,2184,25876,12,168271
26755,0.000163,172.31.36.0-255,66,25942,12,168271
26756,0.000249,172.217.194.0-255,1484,27426,12,168271
26757,0.000253,172.31.36.0-255,66,27492,12,168271
26758,0.000258,172.217.194.0-255,2902,30394,12,168271
26759,0.00026,172.31.36.0-255,66,30460,12,168271
26760,0.000267,172.217.194.0-255,5738,36198,12,168271
26761,0.000269,172.31.36.0-255,66,36264,12,168271
26762,0.000291,172.217.194.0-255,7110,43374,12,168271
26763,0.000294,172.31.36.0-255,66,43440,12,168271
26764,0.000641,172.217.194.0-255,1484,44924,12,168271
26765,0.000646,172.31.36.0-255,66,44990,12,168271
26766,0.000652,172.217.194.0-255,2902,47892,12,168271
26767,0.000654,172.31.36.0-255,66,47958,12,168271
26768,0.00066,172.217.194.0-255,5738,53696,12,168271
26769,0.000663,172.31.36.0-255,66,53762,12,168271
26770,0.000696,172.31.36.0-255,66,53828,12,168271
26771,0.000707,172.31.36.0-255,66,53894,12,168271
26772,0.000727,172.217.194.0-255,1125,55019,12,168271
26773,0.001319,172.31.36.0-255,66,55085,12,168271
26774,0.001735,172.217.194.0-255,1484,56569,12,168271
26775,0.001745,172.217.194.0-255,2902,59471,12,168271
26776,0.001749,172.31.36.0-255,66,59537,12,168271
26777,0.001758,172.217.194.0-255,5738,65275,12,168271
26778,0.00176,172.31.36.0-255,66,65341,12,168271
26779,0.001767,172.217.194.0-255,7156,72497,12,168271
26780,0.001769,172.31.36.0-255,66,72563,12,168271
26781,0.001824,172.217.194.0-255,2902,75465,12,168271
26782,0.001827,172.31.36.0-255,66,75531,12,168271
26783,0.001862,172.31.36.0-255,66,75597,12,168271
26784,0.00196,172.217.194.0-255,1484,77081,12,168271
26785,0.001968,172.217.194.0-255,2902,79983,12,168271
26786,0.001971,172.31.36.0-255,66,80049,12,168271
26787,0.001978,172.217.194.0-255,5738,85787,12,168271
26788,0.00198,172.31.36.0-255,66,85853,12,168271
26789,0.001996,172.217.194.0-255,4320,90173,12,168271
26790,0.001998,172.31.36.0-255,66,90239,12,168271
26791,0.002027,172.31.36.0-255,66,90305,12,168271
26792,0.002039,172.31.36.0-255,66,90371,12,168271
26793,0.002073,172.217.194.0-255,2184,92555,12,168271
26794,0.002076,172.31.36.0-255,66,92621,12,168271
26795,0.00209,172.31.36.0-255,66,92687,12,168271
26796,0.002103,172.31.36.0-255,66,92753,12,168271
26797,0.002137,172.31.36.0-255,66,92819,12,168271
26798,0.004279,172.217.194.0-255,5738,98557,12,168271
26799,0.004287,172.31.36.0-255,66,98623,12,168271
26800,0.006383,172.217.194.0-255,5738,104361,12,168271
26801,0.006387,172.31.36.0-255,66,104427,12,168271
26802,0.00849,172.217.194.0-255,5738,110165,12,168271
26803,0.008496,172.31.36.0-255,66,110231,12,168271
26804,0.010589,172.217.194.0-255,5738,115969,12,168271
26805,0.010593,172.31.36.0-255,66,116035,12,168271
26806,0.012666,172.217.194.0-255,5738,121773,12,168271
26807,0.012675,172.31.36.0-255,66,121839,12,168271
26808,0.01478,172.217.194.0-255,5738,127577,12,168271
26809,0.014788,172.31.36.0-255,66,127643,12,168271
26810,0.016901,172.217.194.0-255,5738,133381,12,168271
26811,0.016908,172.31.36.0-255,66,133447,12,168271
26812,0.019,172.217.194.0-255,5738,139185,12,168271
26813,0.019031,172.31.36.0-255,66,139251,12,168271
26814,0.021112,172.217.194.0-255,5738,144989,12,168271
26815,0.021119,172.31.36.0-255,66,145055,12,168271
26816,0.023198,172.217.194.0-255,5738,150793,12,168271
26817,0.023205,172.31.36.0-255,66,150859,12,168271
26818,0.025297,172.217.194.0-255,5738,156597,12,168271
26819,0.025305,172.31.36.0-255,66,156663,12,168271
26820,0.027409,172.217.194.0-255,5738,162401,12,168271
26821,0.027416,172.31.36.0-255,66,162467,12,168271
26822,0.029521,172.217.194.0-255,5738,168205,12,168271
26823,0.029529,172.31.36.0-255,66,168271,12,168271
26824,0.0,172.217.194.0-255,146,146,12,216387
26825,2.4e-05,172.31.36.0-255,66,212,12,216387
26826,3.1e-05,172.217.194.0-255,1484,1696,12,216387
26827,3.7e-05,172.31.36.0-255,66,1762,12,216387
26828,5.2e-05,172.217.194.0-255,2902,4664,12,216387
26829,5.5e-05,172.31.36.0-255,66,4730,12,216387
26830,6.3e-05,172.217.194.0-255,5738,10468,12,216387
26831,6.6e-05,172.31.36.0-255,66,10534,12,216387
26832,8.2e-05,172.31.36.0-255,66,10600,12,216387
26833,8.9e-05,172.217.194.0-255,6797,17397,12,216387
26834,9.2e-05,172.31.36.0-255,66,17463,12,216387
26835,0.000143,172.217.194.0-255,1484,18947,12,216387
26836,0.000146,172.31.36.0-255,66,19013,12,216387
26837,0.000157,172.217.194.0-255,2902,21915,12,216387
26838,0.000159,172.31.36.0-255,66,21981,12,216387
26839,0.000165,172.217.194.0-255,4320,26301,12,216387
26840,0.000168,172.31.36.0-255,66,26367,12,216387
26841,0.000196,172.217.194.0-255,1484,27851,12,216387
26842,0.000203,172.31.36.0-255,66,27917,12,216387
26843,0.000211,172.217.194.0-255,6797,34714,12,216387
26844,0.000213,172.31.36.0-255,66,34780,12,216387
26845,0.000288,172.217.194.0-255,1484,36264,12,216387
26846,0.000291,172.31.36.0-255,66,36330,12,216387
26847,0.000296,172.217.194.0-255,2902,39232,12,216387
26848,0.000298,172.31.36.0-255,66,39298,12,216387
26849,0.000302,172.217.194.0-255,1484,40782,12,216387
26850,0.000309,172.31.36.0-255,66,40848,12,216387
26851,0.000333,172.217.194.0-255,4320,45168,12,216387
26852,0.00034,172.31.36.0-255,66,45234,12,216387
26853,0.00036,172.217.194.0-255,7093,52327,12,216387
26854,0.000362,172.31.36.0-255,66,52393,12,216387
26855,0.000446,172.217.194.0-255,6052,58445,12,216387
26856,0.000456,172.217.194.0-255,7156,65601,12,216387
26857,0.00048,172.217.194.0-255,3413,69014,12,216387
26858,0.00063,172.31.36.0-255,66,69080,12,216387
26859,0.000828,172.217.194.0-255,1484,70564,12,216387
26860,0.000834,172.217.194.0-255,2902,73466,12,216387
26861,0.000841,172.31.36.0-255,66,73532,12,216387
26862,0.000857,172.217.194.0-255,5738,79270,12,216387
26863,0.000897,172.217.194.0-255,4320,83590,12,216387
26864,0.000911,172.31.36.0-255,66,83656,12,216387
26865,0.000929,172.31.36.0-255,66,83722,12,216387
26866,0.001101,172.217.194.0-255,1484,85206,12,216387
26867,0.001108,172.217.194.0-255,2902,88108,12,216387
26868,0.001112,172.217.194.0-255,1484,89592,12,216387
26869,0.001118,172.31.36.0-255,66,89658,12,216387
26870,0.001133,172.217.194.0-255,4320,93978,12,216387
26871,0.001148,172.217.194.0-255,5738,99716,12,216387
26872,0.001152,172.31.36.0-255,66,99782,12,216387
26873,0.001162,172.217.194.0-255,4320,104102,12,216387
26874,0.001184,172.31.36.0-255,66,104168,12,216387
26875,0.001225,172.217.194.0-255,3602,107770,12,216387
26876,0.001239,172.31.36.0-255,66,107836,12,216387
26877,0.001324,172.217.194.0-255,1484,109320,12,216387
26878,0.001341,172.217.194.0-255,2902,112222,12,216387
26879,0.001349,172.217.194.0-255,5738,117960,12,216387
26880,0.001351,172.217.194.0-255,1484,119444,12,216387
26881,0.001366,172.217.194.0-255,5738,125182,12,216387
26882,0.00137,172.31.36.0-255,66,125248,12,216387
26883,0.001376,172.31.36.0-255,66,125314,12,216387
26884,0.001419,172.217.194.0-255,2184,127498,12,216387
26885,0.001439,172.31.36.0-255,66,127564,12,216387
26886,0.001534,172.217.194.0-255,1484,129048,12,216387
26887,0.001552,172.217.194.0-255,2902,131950,12,216387
26888,0.001557,172.217.194.0-255,2902,134852,12,216387
26889,0.001565,172.31.36.0-255,66,134918,12,216387
26890,0.001583,172.217.194.0-255,2902,137820,12,216387
26891,0.00159,172.217.194.0-255,5738,143558,12,216387
26892,0.001609,172.31.36.0-255,66,143624,12,216387
26893,0.001618,172.217.194.0-255,4320,147944,12,216387
26894,0.001623,172.31.36.0-255,66,148010,12,216387
26895,0.001684,172.217.194.0-255,6438,154448,12,216387
26896,0.001746,172.31.36.0-255,66,154514,12,216387
26897,0.001757,172.217.194.0-255,1484,155998,12,216387
26898,0.001764,172.217.194.0-255,2184,158182,12,216387
26899,0.001812,172.217.194.0-255,2184,160366,12,216387
26900,0.001834,172.31.36.0-255,66,160432,12,216387
26901,0.001847,172.217.194.0-255,1484,161916,12,216387
26902,0.001856,172.217.194.0-255,2902,164818,12,216387
26903,0.001879,172.217.194.0-255,4320,169138,12,216387
26904,0.001882,172.31.36.0-255,66,169204,12,216387
26905,0.001887,172.31.36.0-255,66,169270,12,216387
26906,0.001909,172.217.194.0-255,1484,170754,12,216387
26907,0.001919,172.217.194.0-255,2902,173656,12,216387
26908,0.001941,172.31.36.0-255,66,173722,12,216387
26909,0.001995,172.217.194.0-255,1484,175206,12,216387
26910,0.002013,172.31.36.0-255,66,175272,12,216387
26911,0.002019,172.217.194.0-255,4320,179592,12,216387
26912,0.002029,172.31.36.0-255,66,179658,12,216387
26913,0.002079,172.31.36.0-255,66,179724,12,216387
26914,0.002083,172.217.194.0-255,766,180490,12,216387
26915,0.002107,172.217.194.0-255,5738,186228,12,216387
26916,0.002125,172.217.194.0-255,2902,189130,12,216387
26917,0.002142,172.31.36.0-255,66,189196,12,216387
26918,0.002153,172.217.194.0-255,7156,196352,12,216387
26919,0.002158,172.31.36.0-255,66,196418,12,216387
26920,0.002177,172.217.194.0-255,5738,202156,12,216387
26921,0.0022,172.217.194.0-255,5020,207176,12,216387
26922,0.00222,172.217.194.0-255,5738,212914,12,216387
26923,0.002224,172.217.194.0-255,2902,215816,12,216387
26924,0.002231,172.31.36.0-255,66,215882,12,216387
26925,0.00226,172.217.194.0-255,97,215979,12,216387
26926,0.002265,172.31.36.0-255,66,216045,12,216387
26927,0.004512,172.217.194.0-255,105,216150,12,216387
26928,0.010355,172.31.36.0-255,66,216216,12,216387
26929,0.010393,172.31.36.0-255,105,216321,12,216387
26930,0.012646,172.217.194.0-255,66,216387,12,216387
26931,0.0,74.125.200.0-255,296,296,12,293989
26932,3.4e-05,172.31.36.0-255,66,362,12,293989
26933,4e-05,74.125.200.0-255,1484,1846,12,293989
26934,4.4e-05,172.31.36.0-255,66,1912,12,293989
26935,4.6e-05,74.125.200.0-255,1484,3396,12,293989
26936,4.9e-05,172.31.36.0-255,66,3462,12,293989
26937,6.3e-05,74.125.200.0-255,2902,6364,12,293989
26938,6.6e-05,172.31.36.0-255,66,6430,12,293989
26939,7.2e-05,74.125.200.0-255,5738,12168,12,293989
26940,7.5e-05,172.31.36.0-255,66,12234,12,293989
26941,0.00012,74.125.200.0-255,3257,15491,12,293989
26942,0.000124,172.31.36.0-255,66,15557,12,293989
26943,0.00013,74.125.200.0-255,4320,19877,12,293989
26944,0.000132,172.31.36.0-255,66,19943,12,293989
26945,0.000145,172.31.36.0-255,66,20009,12,293989
26946,0.000148,74.125.200.0-255,1125,21134,12,293989
26947,0.00015,172.31.36.0-255,66,21200,12,293989
26948,0.000196,74.125.200.0-255,1484,22684,12,293989
26949,0.000201,172.31.36.0-255,66,22750,12,293989
26950,0.000206,74.125.200.0-255,2902,25652,12,293989
26951,0.000209,172.31.36.0-255,66,25718,12,293989
26952,0.000242,74.125.200.0-255,5738,31456,12,293989
26953,0.000246,172.31.36.0-255,66,31522,12,293989
26954,0.000251,74.125.200.0-255,2902,34424,12,293989
26955,0.000253,172.31.36.0-255,66,34490,12,293989
26956,0.000258,74.125.200.0-255,4320,38810,12,293989
26957,0.000261,172.31.36.0-255,66,38876,12,293989
26958,0.000267,74.125.200.0-255,4320,43196,12,293989
26959,0.000269,172.31.36.0-255,66,43262,12,293989
26960,0.000295,74.125.200.0-255,4320,47582,12,293989
26961,0.000298,172.31.36.0-255,66,47648,12,293989
26962,0.000306,74.125.200.0-255,7156,54804,12,293989
26963,0.000308,172.31.36.0-255,66,54870,12,293989
26964,0.000338,74.125.200.0-255,1145,56015,12,293989
26965,0.000396,74.125.200.0-255,1484,57499,12,293989
26966,0.0004,172.31.36.0-255,66,57565,12,293989
26967,0.000406,74.125.200.0-255,2902,60467,12,293989
26968,0.000411,172.31.36.0-255,66,60533,12,293989
26969,0.000434,74.125.200.0-255,5738,66271,12,293989
26970,0.000441,172.31.36.0-255,66,66337,12,293989
26971,0.000443,74.125.200.0-255,5738,72075,12,293989
26972,0.000448,74.125.200.0-255,2902,74977,12,293989
26973,0.000459,172.31.36.0-255,66,75043,12,293989
26974,0.000475,74.125.200.0-255,4320,79363,12,293989
26975,0.00048,172.31.36.0-255,66,79429,12,293989
26976,0.000494,74.125.200.0-255,4320,83749,12,293989
26977,0.000498,172.31.36.0-255,66,83815,12,293989
26978,0.000529,74.125.200.0-255,6438,90253,12,293989
26979,0.000532,172.31.36.0-255,66,90319,12,293989
26980,0.000536,74.125.200.0-255,329,90648,12,293989
26981,0.000647,74.125.200.0-255,1484,92132,12,293989
26982,0.000653,74.125.200.0-255,2902,95034,12,293989
26983,0.000665,172.31.36.0-255,66,95100,12,293989
26984,0.000676,74.125.200.0-255,5738,100838,12,293989
26985,0.000679,74.125.200.0-255,1484,102322,12,293989
26986,0.000681,172.31.36.0-255,66,102388,12,293989
26987,0.000702,74.125.200.0-255,2902,105290,12,293989
26988,0.000708,74.125.200.0-255,5738,111028,12,293989
26989,0.00071,172.31.36.0-255,66,111094,12,293989
26990,0.000715,172.31.36.0-255,66,111160,12,293989
26991,0.000742,172.31.36.0-255,66,111226,12,293989
26992,0.000757,74.125.200.0-255,2902,114128,12,293989
26993,0.00076,172.31.36.0-255,66,114194,12,293989
26994,0.000764,74.125.200.0-255,1484,115678,12,293989
26995,0.000767,74.125.200.0-255,766,116444,12,293989
26996,0.000775,172.31.36.0-255,66,116510,12,293989
26997,0.000808,74.125.200.0-255,1484,117994,12,293989
26998,0.00083,74.125.200.0-255,4320,122314,12,293989
26999,0.000834,74.125.200.0-255,1484,123798,12,293989
27000,0.00084,172.31.36.0-255,66,123864,12,293989
27001,0.000848,74.125.200.0-255,5738,129602,12,293989
27002,0.000855,172.31.36.0-255,66,129668,12,293989
27003,0.000868,74.125.200.0-255,2902,132570,12,293989
27004,0.000885,172.31.36.0-255,66,132636,12,293989
27005,0.000903,74.125.200.0-255,6438,139074,12,293989
27006,0.000908,172.31.36.0-255,66,139140,12,293989
27007,0.000954,74.125.200.0-255,1484,140624,12,293989
27008,0.000959,74.125.200.0-255,2902,143526,12,293989
27009,0.000972,172.31.36.0-255,66,143592,12,293989
27010,0.001,74.125.200.0-255,4320,147912,12,293989
27011,0.001003,172.31.36.0-255,66,147978,12,293989
27012,0.001009,74.125.200.0-255,5738,153716,12,293989
27013,0.00103,172.31.36.0-255,66,153782,12,293989
27014,0.001075,74.125.200.0-255,1484,155266,12,293989
27015,0.001087,172.31.36.0-255,66,155332,12,293989
27016,0.001104,74.125.200.0-255,766,156098,12,293989
27017,0.001105,172.31.36.0-255,66,156164,12,293989
27018,0.001171,74.125.200.0-255,1484,157648,12,293989
27019,0.001177,74.125.200.0-255,2902,160550,12,293989
27020,0.001177,172.31.36.0-255,66,160616,12,293989
27021,0.001182,172.31.36.0-255,66,160682,12,293989
27022,0.001203,74.125.200.0-255,1484,162166,12,293989
27023,0.001208,74.125.200.0-255,2902,165068,12,293989
27024,0.001211,172.31.36.0-255,66,165134,12,293989
27025,0.001231,74.125.200.0-255,5738,170872,12,293989
27026,0.001239,172.31.36.0-255,66,170938,12,293989
27027,0.001263,172.31.36.0-255,66,171004,12,293989
27028,0.001303,74.125.200.0-255,2902,173906,12,293989
27029,0.001309,172.31.36.0-255,66,173972,12,293989
27030,0.001329,74.125.200.0-255,6438,180410,12,293989
27031,0.001336,172.31.36.0-255,66,180476,12,293989
27032,0.001405,74.125.200.0-255,1484,181960,12,293989
27033,0.00142,74.125.200.0-255,2902,184862,12,293989
27034,0.001426,172.31.36.0-255,66,184928,12,293989
27035,0.001442,74.125.200.0-255,5738,190666,12,293989
27036,0.001451,74.125.200.0-255,4320,194986,12,293989
27037,0.001458,172.31.36.0-255,66,195052,12,293989
27038,0.001462,74.125.200.0-255,1484,196536,12,293989
27039,0.001463,172.31.36.0-255,66,196602,12,293989
27040,0.001508,172.31.36.0-255,66,196668,12,293989
27041,0.001525,172.31.36.0-255,66,196734,12,293989
27042,0.001659,74.125.200.0-255,1484,198218,12,293989
27043,0.001675,74.125.200.0-255,2902,201120,12,293989
27044,0.001679,172.31.36.0-255,66,201186,12,293989
27045,0.001695,74.125.200.0-255,5738,206924,12,293989
27046,0.001704,74.125.200.0-255,2902,209826,12,293989
27047,0.001704,172.31.36.0-255,66,209892,12,293989
27048,0.001709,172.31.36.0-255,66,209958,12,293989
27049,0.001747,172.31.36.0-255,66,210024,12,293989
27050,0.001749,74.125.200.0-255,1484,211508,12,293989
27051,0.001785,172.31.36.0-255,66,211574,12,293989
27052,0.001818,74.125.200.0-255,2902,214476,12,293989
27053,0.001831,172.31.36.0-255,66,214542,12,293989
27054,0.001856,74.125.200.0-255,2902,217444,12,293989
27055,0.001864,172.31.36.0-255,66,217510,12,293989
27056,0.001882,74.125.200.0-255,7156,224666,12,293989
27057,0.001886,172.31.36.0-255,66,224732,12,293989
27058,0.001915,172.31.36.0-255,66,224798,12,293989
27059,0.001924,74.125.200.0-255,2184,226982,12,293989
27060,0.001929,172.31.36.0-255,66,227048,12,293989
27061,0.001934,74.125.200.0-255,4320,231368,12,293989
27062,0.001945,172.31.36.0-255,66,231434,12,293989
27063,0.001958,74.125.200.0-255,2902,234336,12,293989
27064,0.00197,172.31.36.0-255,66,234402,12,293989
27065,0.002015,74.125.200.0-255,5738,240140,12,293989
27066,0.002018,172.31.36.0-255,66,240206,12,293989
27067,0.002023,172.31.36.0-255,66,240272,12,293989
27068,0.002032,74.125.200.0-255,7156,247428,12,293989
27069,0.002037,172.31.36.0-255,66,247494,12,293989
27070,0.002059,74.125.200.0-255,2184,249678,12,293989
27071,0.002062,74.125.200.0-255,1484,251162,12,293989
27072,0.002063,172.31.36.0-255,66,251228,12,293989
27073,0.004033,74.125.200.0-255,1484,252712,12,293989
27074,0.00404,172.31.36.0-255,66,252778,12,293989
27075,0.004075,74.125.200.0-255,2902,255680,12,293989
27076,0.004079,172.31.36.0-255,66,255746,12,293989
27077,0.006057,74.125.200.0-255,2902,258648,12,293989
27078,0.006063,172.31.36.0-255,66,258714,12,293989
27079,0.006088,74.125.200.0-255,2902,261616,12,293989
27080,0.006091,172.31.36.0-255,66,261682,12,293989
27081,0.008066,74.125.200.0-255,4320,266002,12,293989
27082,0.008076,172.31.36.0-255,66,266068,12,293989
27083,0.008104,74.125.200.0-255,1484,267552,12,293989
27084,0.010074,74.125.200.0-255,4320,271872,12,293989
27085,0.01008,172.31.36.0-255,66,271938,12,293989
27086,0.01208,74.125.200.0-255,5738,277676,12,293989
27087,0.012086,172.31.36.0-255,66,277742,12,293989
27088,0.014089,74.125.200.0-255,5738,283480,12,293989
27089,0.014096,172.31.36.0-255,66,283546,12,293989
27090,0.016088,74.125.200.0-255,5738,289284,12,293989
27091,0.016095,172.31.36.0-255,66,289350,12,293989
27092,0.018109,74.125.200.0-255,4402,293752,12,293989
27093,0.018117,172.31.36.0-255,66,293818,12,293989
27094,0.021043,172.31.36.0-255,105,293923,12,293989
27095,0.022985,74.125.200.0-255,66,293989,12,293989
27096,0.0,74.125.130.0-255,152,152,12,235182
27097,3.3e-05,172.31.36.0-255,66,218,12,235182
27098,4e-05,74.125.130.0-255,1484,1702,12,235182
27099,4.4e-05,172.31.36.0-255,66,1768,12,235182
27100,4.8e-05,74.125.130.0-255,2902,4670,12,235182
27101,5.1e-05,172.31.36.0-255,66,4736,12,235182
27102,5.7e-05,74.125.130.0-255,5738,10474,12,235182
27103,6e-05,172.31.36.0-255,66,10540,12,235182
27104,8.4e-05,74.125.130.0-255,2902,13442,12,235182
27105,8.7e-05,172.31.36.0-255,66,13508,12,235182
27106,0.000115,172.31.36.0-255,66,13574,12,235182
27107,0.000138,172.31.36.0-255,66,13640,12,235182
27108,0.000204,74.125.130.0-255,1484,15124,12,235182
27109,0.000208,172.31.36.0-255,66,15190,12,235182
27110,0.000213,74.125.130.0-255,2902,18092,12,235182
27111,0.000215,172.31.36.0-255,66,18158,12,235182
27112,0.00022,74.125.130.0-255,5738,23896,12,235182
27113,0.000223,172.31.36.0-255,66,23962,12,235182
27114,0.000228,74.125.130.0-255,4320,28282,12,235182
27115,0.000231,172.31.36.0-255,66,28348,12,235182
27116,0.000274,172.31.36.0-255,66,28414,12,235182
27117,0.000295,74.125.130.0-255,6797,35211,12,235182
27118,0.000298,172.31.36.0-255,66,35277,12,235182
27119,0.000314,74.125.130.0-255,378,35655,12,235182
27120,0.000317,172.31.36.0-255,66,35721,12,235182
27121,0.000355,74.125.130.0-255,364,36085,12,235182
27122,0.000358,172.31.36.0-255,66,36151,12,235182
27123,0.000722,74.125.130.0-255,1484,37635,12,235182
27124,0.000726,172.31.36.0-255,66,37701,12,235182
27125,0.00073,74.125.130.0-255,1484,39185,12,235182
27126,0.000734,172.31.36.0-255,101,39286,12,235182
27127,0.00075,74.125.130.0-255,1484,40770,12,235182
27128,0.000753,172.31.36.0-255,66,40836,12,235182
27129,0.000758,74.125.130.0-255,4320,45156,12,235182
27130,0.000761,74.125.130.0-255,2902,48058,12,235182
27131,0.000762,172.31.36.0-255,66,48124,12,235182
27132,0.000765,172.31.36.0-255,66,48190,12,235182
27133,0.000792,74.125.130.0-255,6797,54987,12,235182
27134,0.000795,172.31.36.0-255,66,55053,12,235182
27135,0.000808,172.31.36.0-255,66,55119,12,235182
27136,0.000855,74.125.130.0-255,3413,58532,12,235182
27137,0.000858,172.31.36.0-255,66,58598,12,235182
27138,0.000908,74.125.130.0-255,1484,60082,12,235182
27139,0.000913,74.125.130.0-255,2902,62984,12,235182
27140,0.000916,172.31.36.0-255,66,63050,12,235182
27141,0.000943,74.125.130.0-255,5738,68788,12,235182
27142,0.000946,172.31.36.0-255,66,68854,12,235182
27143,0.000951,74.125.130.0-255,4320,73174,12,235182
27144,0.000953,172.31.36.0-255,66,73240,12,235182
27145,0.000958,74.125.130.0-255,2902,76142,12,235182
27146,0.00096,172.31.36.0-255,66,76208,12,235182
27147,0.000989,172.31.36.0-255,66,76274,12,235182
27148,0.001005,74.125.130.0-255,4320,80594,12,235182
27149,0.001008,172.31.36.0-255,66,80660,12,235182
27150,0.001027,74.125.130.0-255,3602,84262,12,235182
27151,0.00103,172.31.36.0-255,66,84328,12,235182
27152,0.001496,74.125.130.0-255,1484,85812,12,235182
27153,0.001505,74.125.130.0-255,2902,88714,12,235182
27154,0.001508,172.31.36.0-255,66,88780,12,235182
27155,0.001515,74.125.130.0-255,5738,94518,12,235182
27156,0.001518,172.31.36.0-255,66,94584,12,235182
27157,0.001552,172.31.36.0-255,66,94650,12,235182
27158,0.001559,74.125.130.0-255,7156,101806,12,235182
27159,0.001561,172.31.36.0-255,66,101872,12,235182
27160,0.001582,74.125.130.0-255,1484,103356,12,235182
27161,0.0016,74.125.130.0-255,2184,105540,12,235182
27162,0.001602,172.31.36.0-255,66,105606,12,235182
27163,0.001935,74.125.130.0-255,1484,107090,12,235182
27164,0.001942,74.125.130.0-255,2902,109992,12,235182
27165,0.001946,172.31.36.0-255,66,110058,12,235182
27166,0.001952,74.125.130.0-255,2902,112960,12,235182
27167,0.001953,172.31.36.0-255,66,113026,12,235182
27168,0.001959,74.125.130.0-255,4320,117346,12,235182
27169,0.001961,172.31.36.0-255,66,117412,12,235182
27170,0.001997,172.31.36.0-255,66,117478,12,235182
27171,0.002001,74.125.130.0-255,1484,118962,12,235182
27172,0.002031,172.31.36.0-255,66,119028,12,235182
27173,0.002057,74.125.130.0-255,1484,120512,12,235182
27174,0.002061,74.125.130.0-255,1484,121996,12,235182
27175,0.002065,172.31.36.0-255,66,122062,12,235182
27176,0.002083,74.125.130.0-255,1484,123546,12,235182
27177,0.002091,74.125.130.0-255,5738,129284,12,235182
27178,0.002094,172.31.36.0-255,66,129350,12,235182
27179,0.0021,74.125.130.0-255,4320,133670,12,235182
27180,0.002102,172.31.36.0-255,66,133736,12,235182
27181,0.002135,74.125.130.0-255,7156,140892,12,235182
27182,0.002139,172.31.36.0-255,66,140958,12,235182
27183,0.002153,172.31.36.0-255,66,141024,12,235182
27184,0.002172,74.125.130.0-255,1484,142508,12,235182
27185,0.002177,74.125.130.0-255,1484,143992,12,235182
27186,0.002179,172.31.36.0-255,66,144058,12,235182
27187,0.002199,74.125.130.0-255,1484,145542,12,235182
27188,0.002207,74.125.130.0-255,5738,151280,12,235182
27189,0.00221,172.31.36.0-255,66,151346,12,235182
27190,0.002222,74.125.130.0-255,7156,158502,12,235182
27191,0.002225,172.31.36.0-255,66,158568,12,235182
27192,0.002251,172.31.36.0-255,66,158634,12,235182
27193,0.002276,74.125.130.0-255,5738,164372,12,235182
27194,0.002279,172.31.36.0-255,66,164438,12,235182
27195,0.002282,74.125.130.0-255,2184,166622,12,235182
27196,0.002285,172.31.36.0-255,66,166688,12,235182
27197,0.002914,74.125.130.0-255,66,166754,12,235182
27198,0.004492,74.125.130.0-255,2902,169656,12,235182
27199,0.004496,172.31.36.0-255,66,169722,12,235182
27200,0.004509,74.125.130.0-255,2902,172624,12,235182
27201,0.004513,172.31.36.0-255,66,172690,12,235182
27202,0.006749,74.125.130.0-255,4320,177010,12,235182
27203,0.006755,172.31.36.0-255,66,177076,12,235182
27204,0.006774,74.125.130.0-255,1484,178560,12,235182
27205,0.008976,74.125.130.0-255,4320,182880,12,235182
27206,0.008983,172.31.36.0-255,66,182946,12,235182
27207,0.01121,74.125.130.0-255,5738,188684,12,235182
27208,0.011218,172.31.36.0-255,66,188750,12,235182
27209,0.013448,74.125.130.0-255,5738,194488,12,235182
27210,0.013457,172.31.36.0-255,66,194554,12,235182
27211,0.015689,74.125.130.0-255,5738,200292,12,235182
27212,0.015695,172.31.36.0-255,66,200358,12,235182
27213,0.017939,74.125.130.0-255,5738,206096,12,235182
27214,0.017947,172.31.36.0-255,66,206162,12,235182
27215,0.020202,74.125.130.0-255,5738,211900,12,235182
27216,0.020211,172.31.36.0-255,66,211966,12,235182
27217,0.022453,74.125.130.0-255,5738,217704,12,235182
27218,0.02246,172.31.36.0-255,66,217770,12,235182
27219,0.024704,74.125.130.0-255,5738,223508,12,235182
27220,0.024711,172.31.36.0-255,66,223574,12,235182
27221,0.026945,74.125.130.0-255,5738,229312,12,235182
27222,0.026952,172.31.36.0-255,66,229378,12,235182
27223,0.029177,74.125.130.0-255,5738,235116,12,235182
27224,0.029183,172.31.36.0-255,66,235182,12,235182
27225,0.0,74.125.68.0-255,146,146,12,236849
27226,2.2e-05,172.31.36.0-255,66,212,12,236849
27227,2.9e-05,74.125.68.0-255,1484,1696,12,236849
27228,3.4e-05,172.31.36.0-255,66,1762,12,236849
27229,6.9e-05,74.125.68.0-255,2902,4664,12,236849
27230,7.2e-05,172.31.36.0-255,66,4730,12,236849
27231,7.7e-05,74.125.68.0-255,2902,7632,12,236849
27232,8e-05,172.31.36.0-255,66,7698,12,236849
27233,0.000106,74.125.68.0-255,1484,9182,12,236849
27234,0.00011,172.31.36.0-255,66,9248,12,236849
27235,0.000117,74.125.68.0-255,4777,14025,12,236849
27236,0.00012,172.31.36.0-255,66,14091,12,236849
27237,0.000124,74.125.68.0-255,2902,16993,12,236849
27238,0.000127,172.31.36.0-255,66,17059,12,236849
27239,0.000159,74.125.68.0-255,7156,24215,12,236849
27240,0.000162,172.31.36.0-255,66,24281,12,236849
27241,0.000183,74.125.68.0-255,6797,31078,12,236849
27242,0.000186,172.31.36.0-255,66,31144,12,236849
27243,0.000282,74.125.68.0-255,1484,32628,12,236849
27244,0.000285,172.31.36.0-255,66,32694,12,236849
27245,0.000289,74.125.68.0-255,1484,34178,12,236849
27246,0.000291,172.31.36.0-255,66,34244,12,236849
27247,0.00031,74.125.68.0-255,1484,35728,12,236849
27248,0.000313,172.31.36.0-255,66,35794,12,236849
27249,0.000336,74.125.68.0-255,5738,41532,12,236849
27250,0.000338,172.31.36.0-255,66,41598,12,236849
27251,0.000343,74.125.68.0-255,2902,44500,12,236849
27252,0.000345,172.31.36.0-255,66,44566,12,236849
27253,0.000351,74.125.68.0-255,3961,48527,12,236849
27254,0.000353,172.31.36.0-255,66,48593,12,236849
27255,0.000391,172.31.36.0-255,66,48659,12,236849
27256,0.000397,74.125.68.0-255,4320,52979,12,236849
27257,0.000449,74.125.68.0-255,4267,57246,12,236849
27258,0.000478,74.125.68.0-255,115,57361,12,236849
27259,0.000576,172.31.36.0-255,66,57427,12,236849
27260,0.000608,74.125.68.0-255,1484,58911,12,236849
27261,0.000615,74.125.68.0-255,2902,61813,12,236849
27262,0.000629,74.125.68.0-255,1484,63297,12,236849
27263,0.000636,172.31.36.0-255,66,63363,12,236849
27264,0.000663,74.125.68.0-255,5738,69101,12,236849
27265,0.000677,74.125.68.0-255,1484,70585,12,236849
27266,0.000691,74.125.68.0-255,5738,76323,12,236849
27267,0.000703,74.125.68.0-255,2902,79225,12,236849
27268,0.000708,172.31.36.0-255,66,79291,12,236849
27269,0.000746,74.125.68.0-255,766,80057,12,236849
27270,0.000765,172.31.36.0-255,66,80123,12,236849
27271,0.00079,74.125.68.0-255,331,80454,12,236849
27272,0.000826,74.125.68.0-255,1484,81938,12,236849
27273,0.000839,74.125.68.0-255,2902,84840,12,236849
27274,0.000849,172.31.36.0-255,66,84906,12,236849
27275,0.000861,74.125.68.0-255,4320,89226,12,236849
27276,0.000878,74.125.68.0-255,2902,92128,12,236849
27277,0.00088,172.31.36.0-255,66,92194,12,236849
27278,0.000892,74.125.68.0-255,5738,97932,12,236849
27279,0.000904,74.125.68.0-255,7156,105088,12,236849
27280,0.000929,172.31.36.0-255,66,105154,12,236849
27281,0.000949,74.125.68.0-255,217,105371,12,236849
27282,0.000956,172.31.36.0-255,66,105437,12,236849
27283,0.00098,74.125.68.0-255,1484,106921,12,236849
27284,0.000986,74.125.68.0-255,4320,111241,12,236849
27285,0.00099,74.125.68.0-255,2902,114143,12,236849
27286,0.001003,74.125.68.0-255,2902,117045,12,236849
27287,0.001012,172.31.36.0-255,66,117111,12,236849
27288,0.001019,74.125.68.0-255,1484,118595,12,236849
27289,0.001024,74.125.68.0-255,2902,121497,12,236849
27290,0.001042,74.125.68.0-255,5738,127235,12,236849
27291,0.001049,74.125.68.0-255,7156,134391,12,236849
27292,0.001052,172.31.36.0-255,66,134457,12,236849
27293,0.001086,172.31.36.0-255,66,134523,12,236849
27294,0.001096,74.125.68.0-255,2902,137425,12,236849
27295,0.00111,74.125.68.0-255,2184,139609,12,236849
27296,0.001115,172.31.36.0-255,66,139675,12,236849
27297,0.001363,74.125.68.0-255,1484,141159,12,236849
27298,0.001388,74.125.68.0-255,2902,144061,12,236849
27299,0.001395,74.125.68.0-255,5738,149799,12,236849
27300,0.001404,172.31.36.0-255,66,149865,12,236849
27301,0.001437,74.125.68.0-255,7156,157021,12,236849
27302,0.001452,74.125.68.0-255,1484,158505,12,236849
27303,0.00146,172.31.36.0-255,66,158571,12,236849
27304,0.001483,74.125.68.0-255,2184,160755,12,236849
27305,0.00149,172.31.36.0-255,66,160821,12,236849
27306,0.00161,74.125.68.0-255,1484,162305,12,236849
27307,0.001616,74.125.68.0-255,2902,165207,12,236849
27308,0.001639,74.125.68.0-255,2902,168109,12,236849
27309,0.001645,172.31.36.0-255,66,168175,12,236849
27310,0.001654,74.125.68.0-255,2902,171077,12,236849
27311,0.001666,172.31.36.0-255,66,171143,12,236849
27312,0.001702,74.125.68.0-255,1484,172627,12,236849
27313,0.001728,172.31.36.0-255,66,172693,12,236849
27314,0.001738,74.125.68.0-255,766,173459,12,236849
27315,0.002093,74.125.68.0-255,1484,174943,12,236849
27316,0.002098,172.31.36.0-255,66,175009,12,236849
27317,0.002109,74.125.68.0-255,1484,176493,12,236849
27318,0.002124,74.125.68.0-255,1484,177977,12,236849
27319,0.002151,74.125.68.0-255,1484,179461,12,236849
27320,0.002159,172.31.36.0-255,66,179527,12,236849
27321,0.002168,74.125.68.0-255,4320,183847,12,236849
27322,0.002172,74.125.68.0-255,4320,188167,12,236849
27323,0.002185,74.125.68.0-255,5738,193905,12,236849
27324,0.002217,74.125.68.0-255,2184,196089,12,236849
27325,0.011077,172.31.36.0-255,66,196155,12,236849
27326,0.011825,74.125.68.0-255,1484,197639,12,236849
27327,0.013346,74.125.68.0-255,4320,201959,12,236849
27328,0.013354,172.31.36.0-255,66,202025,12,236849
27329,0.01562,74.125.68.0-255,5738,207763,12,236849
27330,0.015701,172.31.36.0-255,66,207829,12,236849
27331,0.017957,74.125.68.0-255,5738,213567,12,236849
27332,0.017964,172.31.36.0-255,66,213633,12,236849
27333,0.02024,74.125.68.0-255,5738,219371,12,236849
27334,0.0229,172.31.36.0-255,66,219437,12,236849
27335,0.025163,74.125.68.0-255,5738,225175,12,236849
27336,0.025173,172.31.36.0-255,66,225241,12,236849
27337,0.027431,74.125.68.0-255,5738,230979,12,236849
27338,0.027445,172.31.36.0-255,66,231045,12,236849
27339,0.029694,74.125.68.0-255,5738,236783,12,236849
27340,0.029883,172.31.36.0-255,66,236849,12,236849
27341,0.0,74.125.68.0-255,150,150,12,145065
27342,1.6e-05,172.31.36.0-255,66,216,12,145065
27343,2.3e-05,74.125.68.0-255,1484,1700,12,145065
27344,2.7e-05,172.31.36.0-255,66,1766,12,145065
27345,3.3e-05,74.125.68.0-255,2902,4668,12,145065
27346,3.6e-05,172.31.36.0-255,66,4734,12,145065
27347,6.3e-05,74.125.68.0-255,5738,10472,12,145065
27348,6.7e-05,172.31.36.0-255,66,10538,12,145065
27349,0.000134,74.125.68.0-255,3485,14023,12,145065
27350,0.000139,172.31.36.0-255,66,14089,12,145065
27351,0.000192,74.125.68.0-255,1484,15573,12,145065
27352,0.000196,172.31.36.0-255,66,15639,12,145065
27353,0.000215,74.125.68.0-255,2902,18541,12,145065
27354,0.000217,172.31.36.0-255,66,18607,12,145065
27355,0.000241,74.125.68.0-255,1484,20091,12,145065
27356,0.000244,172.31.36.0-255,66,20157,12,145065
27357,0.000266,74.125.68.0-255,2902,23059,12,145065
27358,0.000268,172.31.36.0-255,66,23125,12,145065
27359,0.000308,74.125.68.0-255,5738,28863,12,145065
27360,0.000311,172.31.36.0-255,66,28929,12,145065
27361,0.000388,74.125.68.0-255,2543,31472,12,145065
27362,0.000391,172.31.36.0-255,66,31538,12,145065
27363,0.000431,74.125.68.0-255,2902,34440,12,145065
27364,0.000434,172.31.36.0-255,66,34506,12,145065
27365,0.000467,74.125.68.0-255,5738,40244,12,145065
27366,0.000471,172.31.36.0-255,66,40310,12,145065
27367,0.000558,74.125.68.0-255,7156,47466,12,145065
27368,0.000563,172.31.36.0-255,66,47532,12,145065
27369,0.000577,74.125.68.0-255,5379,52911,12,145065
27370,0.00058,172.31.36.0-255,66,52977,12,145065
27371,0.000739,74.125.68.0-255,4320,57297,12,145065
27372,0.000746,172.31.36.0-255,66,57363,12,145065
27373,0.000797,74.125.68.0-255,1484,58847,12,145065
27374,0.00082,74.125.68.0-255,7072,65919,12,145065
27375,0.000824,172.31.36.0-255,66,65985,12,145065
27376,0.000912,74.125.68.0-255,2902,68887,12,145065
27377,0.000916,172.31.36.0-255,66,68953,12,145065
27378,0.000962,74.125.68.0-255,4320,73273,12,145065
27379,0.000965,172.31.36.0-255,66,73339,12,145065
27380,0.001004,172.31.36.0-255,66,73405,12,145065
27381,0.001255,74.125.68.0-255,7156,80561,12,145065
27382,0.001261,172.31.36.0-255,66,80627,12,145065
27383,0.001299,172.31.36.0-255,66,80693,12,145065
27384,0.001661,172.31.36.0-255,66,80759,12,145065
27385,0.001691,172.31.36.0-255,66,80825,12,145065
27386,0.001885,172.31.36.0-255,66,80891,12,145065
27387,0.001925,172.31.36.0-255,66,80957,12,145065
27388,0.002378,172.31.36.0-255,66,81023,12,145065
27389,0.002442,172.31.36.0-255,66,81089,12,145065
27390,0.003282,172.31.36.0-255,66,81155,12,145065
27391,0.003393,172.31.36.0-255,66,81221,12,145065
27392,0.005636,74.125.68.0-255,5738,86959,12,145065
27393,0.005642,172.31.36.0-255,66,87025,12,145065
27394,0.007889,74.125.68.0-255,5738,92763,12,145065
27395,0.007894,172.31.36.0-255,66,92829,12,145065
27396,0.010139,74.125.68.0-255,5738,98567,12,145065
27397,0.010146,172.31.36.0-255,66,98633,12,145065
27398,0.012404,74.125.68.0-255,5738,104371,12,145065
27399,0.012421,172.31.36.0-255,66,104437,12,145065
27400,0.014682,74.125.68.0-255,5738,110175,12,145065
27401,0.01469,172.31.36.0-255,66,110241,12,145065
27402,0.016938,74.125.68.0-255,5738,115979,12,145065
27403,0.016946,172.31.36.0-255,66,116045,12,145065
27404,0.019192,74.125.68.0-255,5738,121783,12,145065
27405,0.0192,172.31.36.0-255,66,121849,12,145065
27406,0.021452,74.125.68.0-255,5738,127587,12,145065
27407,0.021461,172.31.36.0-255,66,127653,12,145065
27408,0.023713,74.125.68.0-255,5738,133391,12,145065
27409,0.023721,172.31.36.0-255,66,133457,12,145065
27410,0.025975,74.125.68.0-255,5738,139195,12,145065
27411,0.025984,172.31.36.0-255,66,139261,12,145065
27412,0.028235,74.125.68.0-255,5738,144999,12,145065
27413,0.028243,172.31.36.0-255,66,145065,12,145065
27414,0.0,74.125.24.0-255,153,153,12,217859
27415,2.8e-05,172.31.36.0-255,66,219,12,217859
27416,3.5e-05,74.125.24.0-255,1484,1703,12,217859
27417,4e-05,172.31.36.0-255,66,1769,12,217859
27418,4.7e-05,74.125.24.0-255,2902,4671,12,217859
27419,5e-05,172.31.36.0-255,66,4737,12,217859
27420,5.7e-05,74.125.24.0-255,7156,11893,12,217859
27421,6e-05,172.31.36.0-255,66,11959,12,217859
27422,7.7e-05,74.125.24.0-255,3468,15427,12,217859
27423,8e-05,172.31.36.0-255,66,15493,12,217859
27424,9.5e-05,172.31.36.0-255,66,15559,12,217859
27425,9.9e-05,74.125.24.0-255,2543,18102,12,217859
27426,0.000102,172.31.36.0-255,66,18168,12,217859
27427,0.000127,74.125.24.0-255,2902,21070,12,217859
27428,0.00013,172.31.36.0-255,66,21136,12,217859
27429,0.000153,74.125.24.0-255,7156,28292,12,217859
27430,0.000157,172.31.36.0-255,66,28358,12,217859
27431,0.00016,74.125.24.0-255,2902,31260,12,217859
27432,0.000162,172.31.36.0-255,66,31326,12,217859
27433,0.00022,74.125.24.0-255,3961,35287,12,217859
27434,0.000224,172.31.36.0-255,66,35353,12,217859
27435,0.000259,74.125.24.0-255,4320,39673,12,217859
27436,0.000261,172.31.36.0-255,66,39739,12,217859
27437,0.00028,74.125.24.0-255,2902,42641,12,217859
27438,0.000284,172.31.36.0-255,66,42707,12,217859
27439,0.000299,74.125.24.0-255,5738,48445,12,217859
27440,0.000303,172.31.36.0-255,66,48511,12,217859
27441,0.000326,74.125.24.0-255,2902,51413,12,217859
27442,0.00033,172.31.36.0-255,66,51479,12,217859
27443,0.000334,74.125.24.0-255,1706,53185,12,217859
27444,0.000336,172.31.36.0-255,66,53251,12,217859
27445,0.000381,74.125.24.0-255,1484,54735,12,217859
27446,0.000388,74.125.24.0-255,2902,57637,12,217859
27447,0.000401,172.31.36.0-255,66,57703,12,217859
27448,0.000407,74.125.24.0-255,2902,60605,12,217859
27449,0.00042,74.125.24.0-255,2902,63507,12,217859
27450,0.00042,172.31.36.0-255,66,63573,12,217859
27451,0.000428,172.31.36.0-255,66,63639,12,217859
27452,0.00044,74.125.24.0-255,1484,65123,12,217859
27453,0.000458,74.125.24.0-255,5738,70861,12,217859
27454,0.00047,172.31.36.0-255,66,70927,12,217859
27455,0.000482,74.125.24.0-255,6797,77724,12,217859
27456,0.000495,172.31.36.0-255,66,77790,12,217859
27457,0.000533,74.125.24.0-255,4320,82110,12,217859
27458,0.000548,74.125.24.0-255,5379,87489,12,217859
27459,0.00055,172.31.36.0-255,66,87555,12,217859
27460,0.000555,172.31.36.0-255,66,87621,12,217859
27461,0.000728,74.125.24.0-255,1484,89105,12,217859
27462,0.000741,74.125.24.0-255,2902,92007,12,217859
27463,0.000745,172.31.36.0-255,66,92073,12,217859
27464,0.000766,74.125.24.0-255,1484,93557,12,217859
27465,0.000781,74.125.24.0-255,4320,97877,12,217859
27466,0.000792,172.31.36.0-255,66,97943,12,217859
27467,0.000809,74.125.24.0-255,1484,99427,12,217859
27468,0.000819,74.125.24.0-255,2902,102329,12,217859
27469,0.000823,172.31.36.0-255,66,102395,12,217859
27470,0.000844,74.125.24.0-255,5738,108133,12,217859
27471,0.000847,172.31.36.0-255,66,108199,12,217859
27472,0.000868,74.125.24.0-255,4320,112519,12,217859
27473,0.000876,172.31.36.0-255,66,112585,12,217859
27474,0.000889,74.125.24.0-255,7156,119741,12,217859
27475,0.000897,172.31.36.0-255,66,119807,12,217859
27476,0.000908,74.125.24.0-255,2184,121991,12,217859
27477,0.000916,172.31.36.0-255,66,122057,12,217859
27478,0.001024,74.125.24.0-255,1484,123541,12,217859
27479,0.001038,74.125.24.0-255,2902,126443,12,217859
27480,0.001042,172.31.36.0-255,66,126509,12,217859
27481,0.001059,74.125.24.0-255,1484,127993,12,217859
27482,0.001072,74.125.24.0-255,4320,132313,12,217859
27483,0.001075,74.125.24.0-255,1484,133797,12,217859
27484,0.001078,172.31.36.0-255,66,133863,12,217859
27485,0.001105,172.31.36.0-255,66,133929,12,217859
27486,0.001121,74.125.24.0-255,1484,135413,12,217859
27487,0.001139,74.125.24.0-255,5738,141151,12,217859
27488,0.001148,172.31.36.0-255,66,141217,12,217859
27489,0.001161,74.125.24.0-255,1484,142701,12,217859
27490,0.001164,172.31.36.0-255,66,142767,12,217859
27491,0.001179,74.125.24.0-255,7156,149923,12,217859
27492,0.001187,172.31.36.0-255,66,149989,12,217859
27493,0.001197,74.125.24.0-255,1484,151473,12,217859
27494,0.001233,172.31.36.0-255,66,151539,12,217859
27495,0.001252,172.31.36.0-255,66,151605,12,217859
27496,0.00127,74.125.24.0-255,766,152371,12,217859
27497,0.001273,74.125.24.0-255,1484,153855,12,217859
27498,0.001277,74.125.24.0-255,2902,156757,12,217859
27499,0.001279,172.31.36.0-255,66,156823,12,217859
27500,0.001282,74.125.24.0-255,4320,161143,12,217859
27501,0.001285,172.31.36.0-255,66,161209,12,217859
27502,0.001299,172.31.36.0-255,66,161275,12,217859
27503,0.001313,172.31.36.0-255,66,161341,12,217859
27504,0.001317,74.125.24.0-255,1484,162825,12,217859
27505,0.001332,74.125.24.0-255,2902,165727,12,217859
27506,0.001341,172.31.36.0-255,66,165793,12,217859
27507,0.001346,74.125.24.0-255,1484,167277,12,217859
27508,0.001365,74.125.24.0-255,4320,171597,12,217859
27509,0.00137,172.31.36.0-255,66,171663,12,217859
27510,0.001378,74.125.24.0-255,7156,178819,12,217859
27511,0.001382,172.31.36.0-255,66,178885,12,217859
27512,0.001402,74.125.24.0-255,5738,184623,12,217859
27513,0.001406,172.31.36.0-255,66,184689,12,217859
27514,0.001423,172.31.36.0-255,66,184755,12,217859
27515,0.001424,74.125.24.0-255,2184,186939,12,217859
27516,0.001427,172.31.36.0-255,66,187005,12,217859
27517,0.001461,74.125.24.0-255,4320,191325,12,217859
27518,0.00147,172.31.36.0-255,66,191391,12,217859
27519,0.001499,172.31.36.0-255,66,191457,12,217859
27520,0.001504,172.31.36.0-255,66,191523,12,217859
27521,0.001536,74.125.24.0-255,6438,197961,12,217859
27522,0.00154,172.31.36.0-255,66,198027,12,217859
27523,0.001813,74.125.24.0-255,1484,199511,12,217859
27524,0.001818,74.125.24.0-255,1484,200995,12,217859
27525,0.001821,172.31.36.0-255,66,201061,12,217859
27526,0.001826,74.125.24.0-255,2902,203963,12,217859
27527,0.00184,172.31.36.0-255,66,204029,12,217859
27528,0.00186,74.125.24.0-255,5738,209767,12,217859
27529,0.001866,172.31.36.0-255,66,209833,12,217859
27530,0.001914,74.125.24.0-255,2902,212735,12,217859
27531,0.001926,172.31.36.0-255,66,212801,12,217859
27532,0.001962,172.31.36.0-255,66,212867,12,217859
27533,0.001978,172.31.36.0-255,66,212933,12,217859
27534,0.002009,74.125.24.0-255,4320,217253,12,217859
27535,0.002019,172.31.36.0-255,66,217319,12,217859
27536,0.002064,172.31.36.0-255,66,217385,12,217859
27537,0.002068,172.31.36.0-255,66,217451,12,217859
27538,0.002095,172.31.36.0-255,66,217517,12,217859
27539,0.004144,74.125.24.0-255,105,217622,12,217859
27540,0.00845,172.31.36.0-255,66,217688,12,217859
27541,0.008485,172.31.36.0-255,105,217793,12,217859
27542,0.010511,74.125.24.0-255,66,217859,12,217859
27543,0.0,172.217.194.0-255,146,146,12,180398
27544,3e-05,172.31.36.0-255,66,212,12,180398
27545,3.7e-05,172.217.194.0-255,1484,1696,12,180398
27546,4.1e-05,172.31.36.0-255,66,1762,12,180398
27547,4.6e-05,172.217.194.0-255,2902,4664,12,180398
27548,4.8e-05,172.31.36.0-255,66,4730,12,180398
27549,6.4e-05,172.217.194.0-255,7156,11886,12,180398
27550,6.6e-05,172.31.36.0-255,66,11952,12,180398
27551,7e-05,172.217.194.0-255,2011,13963,12,180398
27552,7.3e-05,172.31.36.0-255,66,14029,12,180398
27553,7.8e-05,172.217.194.0-255,2902,16931,12,180398
27554,8.1e-05,172.31.36.0-255,66,16997,12,180398
27555,0.000142,172.217.194.0-255,7156,24153,12,180398
27556,0.000146,172.31.36.0-255,66,24219,12,180398
27557,0.000153,172.217.194.0-255,6797,31016,12,180398
27558,0.000156,172.31.36.0-255,66,31082,12,180398
27559,0.000175,172.217.194.0-255,1484,32566,12,180398
27560,0.000184,172.31.36.0-255,66,32632,12,180398
27561,0.000189,172.217.194.0-255,2902,35534,12,180398
27562,0.000191,172.31.36.0-255,66,35600,12,180398
27563,0.000197,172.217.194.0-255,5738,41338,12,180398
27564,0.0002,172.31.36.0-255,66,41404,12,180398
27565,0.000233,172.31.36.0-255,66,41470,12,180398
27566,0.000245,172.217.194.0-255,5738,47208,12,180398
27567,0.000248,172.31.36.0-255,66,47274,12,180398
27568,0.000283,172.217.194.0-255,4320,51594,12,180398
27569,0.000287,172.31.36.0-255,66,51660,12,180398
27570,0.000293,172.217.194.0-255,4275,55935,12,180398
27571,0.000296,172.31.36.0-255,66,56001,12,180398
27572,0.000304,172.217.194.0-255,98,56099,12,180398
27573,0.000306,172.31.36.0-255,66,56165,12,180398
27574,0.000331,172.217.194.0-255,364,56529,12,180398
27575,0.000339,172.31.36.0-255,66,56595,12,180398
27576,0.000434,172.217.194.0-255,1484,58079,12,180398
27577,0.000438,172.31.36.0-255,66,58145,12,180398
27578,0.000443,172.217.194.0-255,2902,61047,12,180398
27579,0.000448,172.31.36.0-255,66,61113,12,180398
27580,0.000477,172.217.194.0-255,5738,66851,12,180398
27581,0.000481,172.31.36.0-255,66,66917,12,180398
27582,0.000488,172.217.194.0-255,7156,74073,12,180398
27583,0.000492,172.217.194.0-255,2902,76975,12,180398
27584,0.000492,172.31.36.0-255,66,77041,12,180398
27585,0.000495,172.31.36.0-255,66,77107,12,180398
27586,0.000541,172.217.194.0-255,2184,79291,12,180398
27587,0.000545,172.31.36.0-255,66,79357,12,180398
27588,0.000569,172.217.194.0-255,1484,80841,12,180398
27589,0.000574,172.217.194.0-255,2902,83743,12,180398
27590,0.000577,172.217.194.0-255,1484,85227,12,180398
27591,0.000589,172.31.36.0-255,66,85293,12,180398
27592,0.000598,172.217.194.0-255,4320,89613,12,180398
27593,0.000605,172.31.36.0-255,66,89679,12,180398
27594,0.000642,172.31.36.0-255,66,89745,12,180398
27595,0.000647,172.31.36.0-255,66,89811,12,180398
27596,0.000671,172.217.194.0-255,766,90577,12,180398
27597,0.000782,172.217.194.0-255,1484,92061,12,180398
27598,0.000788,172.217.194.0-255,2902,94963,12,180398
27599,0.000789,172.31.36.0-255,66,95029,12,180398
27600,0.000794,172.31.36.0-255,66,95095,12,180398
27601,0.000809,172.217.194.0-255,5738,100833,12,180398
27602,0.000821,172.31.36.0-255,66,100899,12,180398
27603,0.00086,172.31.36.0-255,66,100965,12,180398
27604,0.000898,172.31.36.0-255,66,101031,12,180398
27605,0.001106,172.217.194.0-255,1484,102515,12,180398
27606,0.001111,172.217.194.0-255,2902,105417,12,180398
27607,0.001115,172.31.36.0-255,66,105483,12,180398
27608,0.001122,172.217.194.0-255,5738,111221,12,180398
27609,0.001129,172.31.36.0-255,66,111287,12,180398
27610,0.001144,172.217.194.0-255,7156,118443,12,180398
27611,0.001157,172.31.36.0-255,66,118509,12,180398
27612,0.001181,172.31.36.0-255,66,118575,12,180398
27613,0.001209,172.217.194.0-255,4320,122895,12,180398
27614,0.001213,172.217.194.0-255,2184,125079,12,180398
27615,0.001224,172.31.36.0-255,66,125145,12,180398
27616,0.001305,172.31.36.0-255,66,125211,12,180398
27617,0.001326,172.31.36.0-255,66,125277,12,180398
27618,0.001366,172.31.36.0-255,66,125343,12,180398
27619,0.00137,172.217.194.0-255,5020,130363,12,180398
27620,0.001387,172.31.36.0-255,66,130429,12,180398
27621,0.001398,172.217.194.0-255,7156,137585,12,180398
27622,0.001403,172.31.36.0-255,66,137651,12,180398
27623,0.001428,172.217.194.0-255,7156,144807,12,180398
27624,0.00144,172.31.36.0-255,66,144873,12,180398
27625,0.001444,172.31.36.0-255,66,144939,12,180398
27626,0.001462,172.217.194.0-255,1484,146423,12,180398
27627,0.001472,172.217.194.0-255,3602,150025,12,180398
27628,0.001481,172.31.36.0-255,66,150091,12,180398
27629,0.001494,172.217.194.0-255,5738,155829,12,180398
27630,0.001502,172.31.36.0-255,66,155895,12,180398
27631,0.00151,172.217.194.0-255,1484,157379,12,180398
27632,0.001527,172.31.36.0-255,66,157445,12,180398
27633,0.00155,172.217.194.0-255,4320,161765,12,180398
27634,0.001556,172.31.36.0-255,66,161831,12,180398
27635,0.001586,172.217.194.0-255,1484,163315,12,180398
27636,0.001592,172.31.36.0-255,66,163381,12,180398
27637,0.001691,172.217.194.0-255,1484,164865,12,180398
27638,0.001716,172.217.194.0-255,7156,172021,12,180398
27639,0.001776,172.217.194.0-255,1484,173505,12,180398
27640,0.001791,172.217.194.0-255,1484,174989,12,180398
27641,0.001813,172.217.194.0-255,5067,180056,12,180398
27642,0.001816,172.217.194.0-255,105,180161,12,180398
27643,0.004977,172.31.36.0-255,66,180227,12,180398
27644,0.009845,172.31.36.0-255,105,180332,12,180398
27645,0.012415,172.217.194.0-255,66,180398,12,180398
27646,0.0,74.125.24.0-255,292,292,12,208697
27647,3.2e-05,172.31.36.0-255,66,358,12,208697
27648,3.7e-05,74.125.24.0-255,1484,1842,12,208697
27649,4.1e-05,172.31.36.0-255,66,1908,12,208697
27650,4.7e-05,74.125.24.0-255,4320,6228,12,208697
27651,5e-05,172.31.36.0-255,66,6294,12,208697
27652,5.6e-05,74.125.24.0-255,5738,12032,12,208697
27653,5.9e-05,172.31.36.0-255,66,12098,12,208697
27654,7.7e-05,74.125.24.0-255,2902,15000,12,208697
27655,8e-05,172.31.36.0-255,66,15066,12,208697
27656,0.000116,172.31.36.0-255,66,15132,12,208697
27657,0.000123,74.125.24.0-255,6797,21929,12,208697
27658,0.000125,172.31.36.0-255,66,21995,12,208697
27659,0.000273,74.125.24.0-255,1484,23479,12,208697
27660,0.000278,172.31.36.0-255,66,23545,12,208697
27661,0.000283,74.125.24.0-255,2902,26447,12,208697
27662,0.000286,172.31.36.0-255,66,26513,12,208697
27663,0.000291,74.125.24.0-255,4320,30833,12,208697
27664,0.000295,172.31.36.0-255,66,30899,12,208697
27665,0.000319,74.125.24.0-255,1484,32383,12,208697
27666,0.000322,172.31.36.0-255,66,32449,12,208697
27667,0.000336,172.31.36.0-255,66,32515,12,208697
27668,0.000364,74.125.24.0-255,5379,37894,12,208697
27669,0.000368,172.31.36.0-255,66,37960,12,208697
27670,0.000381,172.31.36.0-255,66,38026,12,208697
27671,0.000535,74.125.24.0-255,396,38422,12,208697
27672,0.00054,172.31.36.0-255,66,38488,12,208697
27673,0.000704,74.125.24.0-255,1484,39972,12,208697
27674,0.000709,74.125.24.0-255,2902,42874,12,208697
27675,0.000711,172.31.36.0-255,66,42940,12,208697
27676,0.000715,172.31.36.0-255,66,43006,12,208697
27677,0.000734,74.125.24.0-255,5738,48744,12,208697
27678,0.000737,172.31.36.0-255,66,48810,12,208697
27679,0.000771,172.31.36.0-255,66,48876,12,208697
27680,0.000783,172.31.36.0-255,66,48942,12,208697
27681,0.000805,74.125.24.0-255,1048,49990,12,208697
27682,0.00089,74.125.24.0-255,1484,51474,12,208697
27683,0.000894,172.31.36.0-255,66,51540,12,208697
27684,0.000898,74.125.24.0-255,1484,53024,12,208697
27685,0.000909,74.125.24.0-255,1484,54508,12,208697
27686,0.000912,172.31.36.0-255,66,54574,12,208697
27687,0.00094,74.125.24.0-255,5738,60312,12,208697
27688,0.000943,172.31.36.0-255,66,60378,12,208697
27689,0.000946,74.125.24.0-255,1484,61862,12,208697
27690,0.000956,172.31.36.0-255,66,61928,12,208697
27691,0.000978,74.125.24.0-255,7156,69084,12,208697
27692,0.00098,172.31.36.0-255,66,69150,12,208697
27693,0.001006,74.125.24.0-255,6438,75588,12,208697
27694,0.001009,172.31.36.0-255,66,75654,12,208697
27695,0.001054,74.125.24.0-255,1484,77138,12,208697
27696,0.001069,74.125.24.0-255,2902,80040,12,208697
27697,0.001073,172.31.36.0-255,66,80106,12,208697
27698,0.00108,74.125.24.0-255,5738,85844,12,208697
27699,0.001082,172.31.36.0-255,66,85910,12,208697
27700,0.001116,172.31.36.0-255,66,85976,12,208697
27701,0.001134,74.125.24.0-255,2902,88878,12,208697
27702,0.001136,172.31.36.0-255,66,88944,12,208697
27703,0.001149,172.31.36.0-255,66,89010,12,208697
27704,0.001179,74.125.24.0-255,5738,94748,12,208697
27705,0.001183,172.31.36.0-255,66,94814,12,208697
27706,0.00121,74.125.24.0-255,5738,100552,12,208697
27707,0.001213,172.31.36.0-255,66,100618,12,208697
27708,0.001227,172.31.36.0-255,66,100684,12,208697
27709,0.001234,74.125.24.0-255,7156,107840,12,208697
27710,0.001237,172.31.36.0-255,66,107906,12,208697
27711,0.001254,74.125.24.0-255,2184,110090,12,208697
27712,0.001257,172.31.36.0-255,66,110156,12,208697
27713,0.001269,74.125.24.0-255,1484,111640,12,208697
27714,0.001295,172.31.36.0-255,66,111706,12,208697
27715,0.001298,74.125.24.0-255,1484,113190,12,208697
27716,0.001324,172.31.36.0-255,66,113256,12,208697
27717,0.001344,74.125.24.0-255,4320,117576,12,208697
27718,0.001348,172.31.36.0-255,66,117642,12,208697
27719,0.001374,172.31.36.0-255,66,117708,12,208697
27720,0.001386,74.125.24.0-255,1484,119192,12,208697
27721,0.00139,74.125.24.0-255,2902,122094,12,208697
27722,0.001394,172.31.36.0-255,66,122160,12,208697
27723,0.001413,74.125.24.0-255,5738,127898,12,208697
27724,0.001416,172.31.36.0-255,66,127964,12,208697
27725,0.001455,74.125.24.0-255,1484,129448,12,208697
27726,0.00149,172.31.36.0-255,66,129514,12,208697
27727,0.001502,172.31.36.0-255,66,129580,12,208697
27728,0.001515,172.31.36.0-255,66,129646,12,208697
27729,0.001537,74.125.24.0-255,5020,134666,12,208697
27730,0.00154,172.31.36.0-255,66,134732,12,208697
27731,0.001553,172.31.36.0-255,66,134798,12,208697
27732,0.001579,74.125.24.0-255,5020,139818,12,208697
27733,0.001583,172.31.36.0-255,66,139884,12,208697
27734,0.00162,74.125.24.0-255,1484,141368,12,208697
27735,0.001624,74.125.24.0-255,1484,142852,12,208697
27736,0.001627,172.31.36.0-255,66,142918,12,208697
27737,0.001644,74.125.24.0-255,1484,144402,12,208697
27738,0.001652,74.125.24.0-255,5738,150140,12,208697
27739,0.001655,172.31.36.0-255,66,150206,12,208697
27740,0.001657,74.125.24.0-255,1484,151690,12,208697
27741,0.001697,172.31.36.0-255,66,151756,12,208697
27742,0.001705,74.125.24.0-255,7156,158912,12,208697
27743,0.001714,172.31.36.0-255,66,158978,12,208697
27744,0.001722,74.125.24.0-255,3602,162580,12,208697
27745,0.001725,172.31.36.0-255,66,162646,12,208697
27746,0.001911,74.125.24.0-255,1484,164130,12,208697
27747,0.001918,74.125.24.0-255,2902,167032,12,208697
27748,0.001921,172.31.36.0-255,66,167098,12,208697
27749,0.001926,74.125.24.0-255,2902,170000,12,208697
27750,0.001928,172.31.36.0-255,66,170066,12,208697
27751,0.001944,74.125.24.0-255,2902,172968,12,208697
27752,0.001947,172.31.36.0-255,66,173034,12,208697
27753,0.001959,172.31.36.0-255,66,173100,12,208697
27754,0.002003,74.125.24.0-255,7156,180256,12,208697
27755,0.002007,172.31.36.0-255,66,180322,12,208697
27756,0.00203,74.125.24.0-255,6438,186760,12,208697
27757,0.002033,172.31.36.0-255,66,186826,12,208697
27758,0.002089,74.125.24.0-255,1484,188310,12,208697
27759,0.002104,74.125.24.0-255,2902,191212,12,208697
27760,0.002108,172.31.36.0-255,66,191278,12,208697
27761,0.002115,74.125.24.0-255,5738,197016,12,208697
27762,0.002117,172.31.36.0-255,66,197082,12,208697
27763,0.002156,172.31.36.0-255,66,197148,12,208697
27764,0.00217,172.31.36.0-255,66,197214,12,208697
27765,0.002199,74.125.24.0-255,4320,201534,12,208697
27766,0.002202,172.31.36.0-255,66,201600,12,208697
27767,0.002227,74.125.24.0-255,6689,208289,12,208697
27768,0.002232,172.31.36.0-255,66,208355,12,208697
27769,0.002235,74.125.24.0-255,105,208460,12,208697
27770,0.008501,172.31.36.0-255,66,208526,12,208697
27771,0.008528,172.31.36.0-255,105,208631,12,208697
27772,0.010894,74.125.24.0-255,66,208697,12,208697
27773,0.0,172.217.194.0-255,153,153,12,231738
27774,2.5e-05,172.31.36.0-255,66,219,12,231738
27775,3.3e-05,172.217.194.0-255,1484,1703,12,231738
27776,3.8e-05,172.31.36.0-255,66,1769,12,231738
27777,4.4e-05,172.217.194.0-255,2902,4671,12,231738
27778,4.7e-05,172.31.36.0-255,66,4737,12,231738
27779,5.5e-05,172.217.194.0-255,7156,11893,12,231738
27780,5.9e-05,172.31.36.0-255,66,11959,12,231738
27781,6.3e-05,172.217.194.0-255,2038,13997,12,231738
27782,6.5e-05,172.31.36.0-255,66,14063,12,231738
27783,0.000138,172.217.194.0-255,1484,15547,12,231738
27784,0.000143,172.217.194.0-255,2902,18449,12,231738
27785,0.000147,172.31.36.0-255,66,18515,12,231738
27786,0.000152,172.31.36.0-255,66,18581,12,231738
27787,0.000171,172.217.194.0-255,5738,24319,12,231738
27788,0.000173,172.31.36.0-255,66,24385,12,231738
27789,0.000198,172.217.194.0-255,2902,27287,12,231738
27790,0.0002,172.31.36.0-255,66,27353,12,231738
27791,0.000223,172.217.194.0-255,6797,34150,12,231738
27792,0.000226,172.31.36.0-255,66,34216,12,231738
27793,0.000229,172.217.194.0-255,1484,35700,12,231738
27794,0.000231,172.31.36.0-255,66,35766,12,231738
27795,0.000251,172.217.194.0-255,7156,42922,12,231738
27796,0.000253,172.31.36.0-255,66,42988,12,231738
27797,0.000276,172.217.194.0-255,1484,44472,12,231738
27798,0.000279,172.31.36.0-255,66,44538,12,231738
27799,0.000285,172.217.194.0-255,3961,48499,12,231738
27800,0.000287,172.31.36.0-255,66,48565,12,231738
27801,0.000978,172.217.194.0-255,1484,50049,12,231738
27802,0.000985,172.31.36.0-255,66,50115,12,231738
27803,0.000993,172.217.194.0-255,2902,53017,12,231738
27804,0.000995,172.31.36.0-255,66,53083,12,231738
27805,0.001003,172.217.194.0-255,5738,58821,12,231738
27806,0.001005,172.31.36.0-255,66,58887,12,231738
27807,0.001011,172.217.194.0-255,4320,63207,12,231738
27808,0.001013,172.31.36.0-255,66,63273,12,231738
27809,0.00103,172.217.194.0-255,2543,65816,12,231738
27810,0.001032,172.31.36.0-255,66,65882,12,231738
27811,0.001036,172.217.194.0-255,1484,67366,12,231738
27812,0.001063,172.31.36.0-255,66,67432,12,231738
27813,0.001084,172.217.194.0-255,1484,68916,12,231738
27814,0.001103,172.31.36.0-255,66,68982,12,231738
27815,0.001106,172.217.194.0-255,766,69748,12,231738
27816,0.00112,172.217.194.0-255,1484,71232,12,231738
27817,0.001122,172.31.36.0-255,66,71298,12,231738
27818,0.001148,172.217.194.0-255,4320,75618,12,231738
27819,0.001151,172.31.36.0-255,66,75684,12,231738
27820,0.001159,172.217.194.0-255,7156,82840,12,231738
27821,0.001161,172.31.36.0-255,66,82906,12,231738
27822,0.001175,172.217.194.0-255,2902,85808,12,231738
27823,0.001177,172.31.36.0-255,66,85874,12,231738
27824,0.00118,172.217.194.0-255,1010,86884,12,231738
27825,0.001365,172.217.194.0-255,1484,88368,12,231738
27826,0.001371,172.31.36.0-255,66,88434,12,231738
27827,0.001378,172.217.194.0-255,2902,91336,12,231738
27828,0.001382,172.31.36.0-255,66,91402,12,231738
27829,0.001388,172.217.194.0-255,5738,97140,12,231738
27830,0.00139,172.31.36.0-255,66,97206,12,231738
27831,0.001426,172.217.194.0-255,5738,102944,12,231738
27832,0.00143,172.31.36.0-255,66,103010,12,231738
27833,0.001448,172.217.194.0-255,1820,104830,12,231738
27834,0.001451,172.31.36.0-255,66,104896,12,231738
27835,0.001469,172.217.194.0-255,2902,107798,12,231738
27836,0.001472,172.31.36.0-255,66,107864,12,231738
27837,0.001493,172.217.194.0-255,2902,110766,12,231738
27838,0.001495,172.31.36.0-255,66,110832,12,231738
27839,0.001503,172.217.194.0-255,7156,117988,12,231738
27840,0.001506,172.31.36.0-255,66,118054,12,231738
27841,0.001541,172.217.194.0-255,2902,120956,12,231738
27842,0.001544,172.31.36.0-255,66,121022,12,231738
27843,0.001572,172.31.36.0-255,66,121088,12,231738
27844,0.001579,172.217.194.0-255,6438,127526,12,231738
27845,0.001581,172.31.36.0-255,66,127592,12,231738
27846,0.001945,172.217.194.0-255,1484,129076,12,231738
27847,0.001954,172.217.194.0-255,2902,131978,12,231738
27848,0.001959,172.31.36.0-255,66,132044,12,231738
27849,0.001967,172.217.194.0-255,5738,137782,12,231738
27850,0.00197,172.31.36.0-255,66,137848,12,231738
27851,0.002004,172.217.194.0-255,7156,145004,12,231738
27852,0.002008,172.31.36.0-255,66,145070,12,231738
27853,0.00202,172.31.36.0-255,66,145136,12,231738
27854,0.002027,172.217.194.0-255,7156,152292,12,231738
27855,0.002029,172.31.36.0-255,66,152358,12,231738
27856,0.004028,172.217.194.0-255,5738,158096,12,231738
27857,0.004034,172.31.36.0-255,66,158162,12,231738
27858,0.006032,172.217.194.0-255,4320,162482,12,231738
27859,0.006036,172.31.36.0-255,66,162548,12,231738
27860,0.006047,172.217.194.0-255,1484,164032,12,231738
27861,0.008045,172.217.194.0-255,4320,168352,12,231738
27862,0.008052,172.31.36.0-255,66,168418,12,231738
27863,0.010077,172.217.194.0-255,5738,174156,12,231738
27864,0.010086,172.31.36.0-255,66,174222,12,231738
27865,0.01209,172.217.194.0-255,5738,179960,12,231738
27866,0.012108,172.31.36.0-255,66,180026,12,231738
27867,0.014109,172.217.194.0-255,5738,185764,12,231738
27868,0.014118,172.31.36.0-255,66,185830,12,231738
27869,0.016133,172.217.194.0-255,5738,191568,12,231738
27870,0.016141,172.31.36.0-255,66,191634,12,231738
27871,0.018171,172.217.194.0-255,5738,197372,12,231738
27872,0.018182,172.31.36.0-255,66,197438,12,231738
27873,0.02022,172.217.194.0-255,5738,203176,12,231738
27874,0.020229,172.31.36.0-255,66,203242,12,231738
27875,0.022262,172.217.194.0-255,5738,208980,12,231738
27876,0.02227,172.31.36.0-255,66,209046,12,231738
27877,0.024264,172.217.194.0-255,5738,214784,12,231738
27878,0.024272,172.31.36.0-255,66,214850,12,231738
27879,0.025644,172.31.36.0-255,172,215022,12,231738
27880,0.025677,172.31.36.0-255,1108,216130,12,231738
27881,0.025736,172.31.36.0-255,1514,217644,12,231738
27882,0.025738,172.31.36.0-255,1514,219158,12,231738
27883,0.025762,172.31.36.0-255,708,219866,12,231738
27884,0.026273,172.217.194.0-255,5738,225604,12,231738
27885,0.02628,172.31.36.0-255,66,225670,12,231738
27886,0.027209,104.244.42.0-255,66,225736,12,231738
27887,0.027217,104.244.42.0-255,66,225802,12,231738
27888,0.02729,104.244.42.0-255,66,225868,12,231738
27889,0.027339,104.244.42.0-255,66,225934,12,231738
27890,0.02831,172.217.194.0-255,5738,231672,12,231738
27891,0.028317,172.31.36.0-255,66,231738,12,231738
27892,0.0,74.125.24.0-255,156,156,12,157354
27893,3.4e-05,172.31.36.0-255,66,222,12,157354
27894,4.1e-05,74.125.24.0-255,1484,1706,12,157354
27895,4.5e-05,172.31.36.0-255,66,1772,12,157354
27896,4.8e-05,74.125.24.0-255,1484,3256,12,157354
27897,5.1e-05,172.31.36.0-255,66,3322,12,157354
27898,8.6e-05,74.125.24.0-255,1484,4806,12,157354
27899,8.9e-05,172.31.36.0-255,66,4872,12,157354
27900,9.6e-05,74.125.24.0-255,5738,10610,12,157354
27901,9.8e-05,172.31.36.0-255,66,10676,12,157354
27902,0.000116,172.31.36.0-255,66,10742,12,157354
27903,0.000142,74.125.24.0-255,2056,12798,12,157354
27904,0.000145,172.31.36.0-255,66,12864,12,157354
27905,0.000148,74.125.24.0-255,1484,14348,12,157354
27906,0.000155,172.31.36.0-255,66,14414,12,157354
27907,0.000161,74.125.24.0-255,5379,19793,12,157354
27908,0.000164,172.31.36.0-255,66,19859,12,157354
27909,0.000197,74.125.24.0-255,5738,25597,12,157354
27910,0.000213,172.31.36.0-255,66,25663,12,157354
27911,0.000217,74.125.24.0-255,1484,27147,12,157354
27912,0.000219,172.31.36.0-255,66,27213,12,157354
27913,0.00023,172.31.36.0-255,66,27279,12,157354
27914,0.00025,74.125.24.0-255,1484,28763,12,157354
27915,0.000258,172.31.36.0-255,66,28829,12,157354
27916,0.0003,172.31.36.0-255,66,28895,12,157354
27917,0.000303,74.125.24.0-255,415,29310,12,157354
27918,0.000305,172.31.36.0-255,66,29376,12,157354
27919,0.000519,74.125.24.0-255,1484,30860,12,157354
27920,0.000524,172.31.36.0-255,66,30926,12,157354
27921,0.000529,74.125.24.0-255,2902,33828,12,157354
27922,0.000532,172.31.36.0-255,66,33894,12,157354
27923,0.000552,74.125.24.0-255,5738,39632,12,157354
27924,0.00056,172.31.36.0-255,66,39698,12,157354
27925,0.000565,74.125.24.0-255,2902,42600,12,157354
27926,0.000567,172.31.36.0-255,66,42666,12,157354
27927,0.000608,172.31.36.0-255,66,42732,12,157354
27928,0.000649,74.125.24.0-255,4320,47052,12,157354
27929,0.000652,172.31.36.0-255,66,47118,12,157354
27930,0.000674,74.125.24.0-255,6438,53556,12,157354
27931,0.000678,172.31.36.0-255,66,53622,12,157354
27932,0.000773,74.125.24.0-255,1484,55106,12,157354
27933,0.00078,74.125.24.0-255,2902,58008,12,157354
27934,0.000782,172.31.36.0-255,66,58074,12,157354
27935,0.000789,74.125.24.0-255,5738,63812,12,157354
27936,0.000791,172.31.36.0-255,66,63878,12,157354
27937,0.000837,172.31.36.0-255,66,63944,12,157354
27938,0.000856,172.31.36.0-255,66,64010,12,157354
27939,0.000893,172.31.36.0-255,66,64076,12,157354
27940,0.000925,74.125.24.0-255,2902,66978,12,157354
27941,0.000929,172.31.36.0-255,66,67044,12,157354
27942,0.000932,74.125.24.0-255,1484,68528,12,157354
27943,0.000953,172.31.36.0-255,66,68594,12,157354
27944,0.000957,74.125.24.0-255,2902,71496,12,157354
27945,0.000961,172.31.36.0-255,66,71562,12,157354
27946,0.000994,74.125.24.0-255,3602,75164,12,157354
27947,0.000997,172.31.36.0-255,66,75230,12,157354
27948,0.001046,74.125.24.0-255,1484,76714,12,157354
27949,0.001061,74.125.24.0-255,2902,79616,12,157354
27950,0.001065,172.31.36.0-255,66,79682,12,157354
27951,0.001091,74.125.24.0-255,5738,85420,12,157354
27952,0.001099,172.31.36.0-255,66,85486,12,157354
27953,0.001116,74.125.24.0-255,4320,89806,12,157354
27954,0.001119,172.31.36.0-255,66,89872,12,157354
27955,0.001156,172.31.36.0-255,66,89938,12,157354
27956,0.001168,172.31.36.0-255,66,90004,12,157354
27957,0.001268,74.125.24.0-255,1484,91488,12,157354
27958,0.001274,74.125.24.0-255,2902,94390,12,157354
27959,0.001277,172.31.36.0-255,66,94456,12,157354
27960,0.001281,74.125.24.0-255,1484,95940,12,157354
27961,0.001302,74.125.24.0-255,4320,100260,12,157354
27962,0.001306,172.31.36.0-255,66,100326,12,157354
27963,0.001311,74.125.24.0-255,4320,104646,12,157354
27964,0.001314,172.31.36.0-255,66,104712,12,157354
27965,0.00132,74.125.24.0-255,5738,110450,12,157354
27966,0.001322,172.31.36.0-255,66,110516,12,157354
27967,0.001336,172.31.36.0-255,66,110582,12,157354
27968,0.00134,74.125.24.0-255,2184,112766,12,157354
27969,0.001343,172.31.36.0-255,66,112832,12,157354
27970,0.00142,74.125.24.0-255,1484,114316,12,157354
27971,0.001442,74.125.24.0-255,2902,117218,12,157354
27972,0.001445,172.31.36.0-255,66,117284,12,157354
27973,0.001452,74.125.24.0-255,5738,123022,12,157354
27974,0.001455,172.31.36.0-255,66,123088,12,157354
27975,0.001478,172.31.36.0-255,66,123154,12,157354
27976,0.00151,74.125.24.0-255,2902,126056,12,157354
27977,0.001517,172.31.36.0-255,66,126122,12,157354
27978,0.00153,172.31.36.0-255,66,126188,12,157354
27979,0.001557,74.125.24.0-255,2184,128372,12,157354
27980,0.00156,172.31.36.0-255,66,128438,12,157354
27981,0.001611,74.125.24.0-255,1484,129922,12,157354
27982,0.001616,74.125.24.0-255,2902,132824,12,157354
27983,0.001619,172.31.36.0-255,66,132890,12,157354
27984,0.00166,74.125.24.0-255,2902,135792,12,157354
27985,0.001664,172.31.36.0-255,66,135858,12,157354
27986,0.001686,74.125.24.0-255,2902,138760,12,157354
27987,0.00169,172.31.36.0-255,66,138826,12,157354
27988,0.001704,172.31.36.0-255,66,138892,12,157354
27989,0.001715,172.31.36.0-255,66,138958,12,157354
27990,0.001718,74.125.24.0-255,766,139724,12,157354
27991,0.001721,74.125.24.0-255,1484,141208,12,157354
27992,0.001723,172.31.36.0-255,66,141274,12,157354
27993,0.001727,74.125.24.0-255,1484,142758,12,157354
27994,0.001763,74.125.24.0-255,2902,145660,12,157354
27995,0.001767,172.31.36.0-255,66,145726,12,157354
27996,0.001778,172.31.36.0-255,66,145792,12,157354
27997,0.001797,172.31.36.0-255,66,145858,12,157354
27998,0.001847,172.31.36.0-255,66,145924,12,157354
27999,0.001875,74.125.24.0-255,3602,149526,12,157354
28000,0.001879,172.31.36.0-255,66,149592,12,157354
28001,0.001893,172.31.36.0-255,66,149658,12,157354
28002,0.001913,172.31.36.0-255,66,149724,12,157354
28003,0.001946,74.125.24.0-255,7156,156880,12,157354
28004,0.001949,172.31.36.0-255,66,156946,12,157354
28005,0.001968,172.31.36.0-255,66,157012,12,157354
28006,0.001971,74.125.24.0-255,105,157117,12,157354
28007,0.003561,172.31.36.0-255,66,157183,12,157354
28008,0.003588,172.31.36.0-255,105,157288,12,157354
28009,0.005863,74.125.24.0-255,66,157354,12,157354
28010,0.0,74.125.24.0-255,153,153,12,255461
28011,2.3e-05,172.31.36.0-255,66,219,12,255461
28012,3e-05,74.125.24.0-255,1484,1703,12,255461
28013,3.6e-05,172.31.36.0-255,66,1769,12,255461
28014,4.3e-05,74.125.24.0-255,2902,4671,12,255461
28015,4.6e-05,172.31.36.0-255,66,4737,12,255461
28016,5e-05,74.125.24.0-255,2902,7639,12,255461
28017,5.3e-05,172.31.36.0-255,66,7705,12,255461
28018,8.2e-05,74.125.24.0-255,6305,14010,12,255461
28019,8.6e-05,172.31.36.0-255,66,14076,12,255461
28020,0.00027,74.125.24.0-255,1484,15560,12,255461
28021,0.000275,172.31.36.0-255,66,15626,12,255461
28022,0.000282,74.125.24.0-255,2902,18528,12,255461
28023,0.000285,172.31.36.0-255,66,18594,12,255461
28024,0.000291,74.125.24.0-255,5738,24332,12,255461
28025,0.000294,172.31.36.0-255,66,24398,12,255461
28026,0.000317,74.125.24.0-255,5738,30136,12,255461
28027,0.00032,172.31.36.0-255,66,30202,12,255461
28028,0.000355,172.31.36.0-255,66,30268,12,255461
28029,0.000367,172.31.36.0-255,66,30334,12,255461
28030,0.000415,172.31.36.0-255,66,30400,12,255461
28031,0.000442,74.125.24.0-255,6438,36838,12,255461
28032,0.000444,172.31.36.0-255,66,36904,12,255461
28033,0.000447,74.125.24.0-255,390,37294,12,255461
28034,0.000449,172.31.36.0-255,66,37360,12,255461
28035,0.000462,74.125.24.0-255,354,37714,12,255461
28036,0.000465,172.31.36.0-255,66,37780,12,255461
28037,0.000548,74.125.24.0-255,1484,39264,12,255461
28038,0.000552,172.31.36.0-255,66,39330,12,255461
28039,0.000558,74.125.24.0-255,2902,42232,12,255461
28040,0.000571,172.31.36.0-255,66,42298,12,255461
28041,0.000583,74.125.24.0-255,5738,48036,12,255461
28042,0.000587,172.31.36.0-255,66,48102,12,255461
28043,0.000635,74.125.24.0-255,4320,52422,12,255461
28044,0.00064,172.31.36.0-255,66,52488,12,255461
28045,0.00065,74.125.24.0-255,2543,55031,12,255461
28046,0.00067,172.31.36.0-255,66,55097,12,255461
28047,0.000703,74.125.24.0-255,1484,56581,12,255461
28048,0.000708,74.125.24.0-255,2902,59483,12,255461
28049,0.000711,74.125.24.0-255,1484,60967,12,255461
28050,0.00072,172.31.36.0-255,66,61033,12,255461
28051,0.000732,74.125.24.0-255,4320,65353,12,255461
28052,0.000736,74.125.24.0-255,2902,68255,12,255461
28053,0.000758,74.125.24.0-255,3961,72216,12,255461
28054,0.000771,172.31.36.0-255,66,72282,12,255461
28055,0.00093,74.125.24.0-255,1484,73766,12,255461
28056,0.000936,74.125.24.0-255,2902,76668,12,255461
28057,0.00094,74.125.24.0-255,2902,79570,12,255461
28058,0.000958,74.125.24.0-255,2902,82472,12,255461
28059,0.000964,172.31.36.0-255,66,82538,12,255461
28060,0.001037,172.31.36.0-255,66,82604,12,255461
28061,0.001057,74.125.24.0-255,1484,84088,12,255461
28062,0.001075,74.125.24.0-255,2902,86990,12,255461
28063,0.001083,172.31.36.0-255,66,87056,12,255461
28064,0.001094,74.125.24.0-255,5738,92794,12,255461
28065,0.001099,172.31.36.0-255,66,92860,12,255461
28066,0.001109,74.125.24.0-255,5738,98598,12,255461
28067,0.001122,74.125.24.0-255,4320,102918,12,255461
28068,0.001138,74.125.24.0-255,1484,104402,12,255461
28069,0.00117,74.125.24.0-255,2184,106586,12,255461
28070,0.001172,172.31.36.0-255,66,106652,12,255461
28071,0.001177,172.31.36.0-255,66,106718,12,255461
28072,0.001208,74.125.24.0-255,1484,108202,12,255461
28073,0.001212,74.125.24.0-255,1484,109686,12,255461
28074,0.001227,74.125.24.0-255,1484,111170,12,255461
28075,0.001233,74.125.24.0-255,4320,115490,12,255461
28076,0.00124,172.31.36.0-255,66,115556,12,255461
28077,0.001248,74.125.24.0-255,1484,117040,12,255461
28078,0.001262,74.125.24.0-255,4320,121360,12,255461
28079,0.001275,74.125.24.0-255,2902,124262,12,255461
28080,0.001281,74.125.24.0-255,5738,130000,12,255461
28081,0.001295,172.31.36.0-255,66,130066,12,255461
28082,0.001318,74.125.24.0-255,2184,132250,12,255461
28083,0.001334,172.31.36.0-255,66,132316,12,255461
28084,0.001415,74.125.24.0-255,1484,133800,12,255461
28085,0.001419,74.125.24.0-255,1484,135284,12,255461
28086,0.001425,172.31.36.0-255,66,135350,12,255461
28087,0.001432,74.125.24.0-255,1484,136834,12,255461
28088,0.001439,74.125.24.0-255,5738,142572,12,255461
28089,0.001444,74.125.24.0-255,4320,146892,12,255461
28090,0.00145,172.31.36.0-255,66,146958,12,255461
28091,0.00146,74.125.24.0-255,2902,149860,12,255461
28092,0.001495,172.31.36.0-255,66,149926,12,255461
28093,0.001533,172.31.36.0-255,66,149992,12,255461
28094,0.001562,74.125.24.0-255,1484,151476,12,255461
28095,0.001585,74.125.24.0-255,2902,154378,12,255461
28096,0.001623,74.125.24.0-255,1484,155862,12,255461
28097,0.001637,74.125.24.0-255,2902,158764,12,255461
28098,0.001655,74.125.24.0-255,2902,161666,12,255461
28099,0.001674,74.125.24.0-255,5738,167404,12,255461
28100,0.00168,172.31.36.0-255,66,167470,12,255461
28101,0.00171,172.31.36.0-255,66,167536,12,255461
28102,0.00172,74.125.24.0-255,1484,169020,12,255461
28103,0.001741,74.125.24.0-255,2902,171922,12,255461
28104,0.001744,74.125.24.0-255,1484,173406,12,255461
28105,0.001759,74.125.24.0-255,4320,177726,12,255461
28106,0.001762,74.125.24.0-255,1484,179210,12,255461
28107,0.001768,172.31.36.0-255,66,179276,12,255461
28108,0.001793,74.125.24.0-255,1484,180760,12,255461
28109,0.001808,74.125.24.0-255,5738,186498,12,255461
28110,0.001816,172.31.36.0-255,66,186564,12,255461
28111,0.001838,74.125.24.0-255,3602,190166,12,255461
28112,0.001857,172.31.36.0-255,66,190232,12,255461
28113,0.001976,74.125.24.0-255,1484,191716,12,255461
28114,0.001982,74.125.24.0-255,1484,193200,12,255461
28115,0.001993,74.125.24.0-255,1484,194684,12,255461
28116,0.001997,172.31.36.0-255,66,194750,12,255461
28117,0.002009,74.125.24.0-255,5738,200488,12,255461
28118,0.002015,172.31.36.0-255,66,200554,12,255461
28119,0.002053,172.31.36.0-255,66,200620,12,255461
28120,0.002063,74.125.24.0-255,2902,203522,12,255461
28121,0.002097,172.31.36.0-255,66,203588,12,255461
28122,0.002231,74.125.24.0-255,1484,205072,12,255461
28123,0.002237,74.125.24.0-255,2902,207974,12,255461
28124,0.002243,172.31.36.0-255,66,208040,12,255461
28125,0.002256,74.125.24.0-255,5738,213778,12,255461
28126,0.002259,74.125.24.0-255,1484,215262,12,255461
28127,0.002272,172.31.36.0-255,66,215328,12,255461
28128,0.006018,172.31.36.0-255,66,215394,12,255461
28129,0.008289,74.125.24.0-255,5738,221132,12,255461
28130,0.008295,172.31.36.0-255,66,221198,12,255461
28131,0.010581,74.125.24.0-255,5738,226936,12,255461
28132,0.010588,172.31.36.0-255,66,227002,12,255461
28133,0.012857,74.125.24.0-255,5738,232740,12,255461
28134,0.012865,172.31.36.0-255,66,232806,12,255461
28135,0.015141,74.125.24.0-255,5738,238544,12,255461
28136,0.01725,172.31.36.0-255,66,238610,12,255461
28137,0.019518,74.125.24.0-255,5738,244348,12,255461
28138,0.019527,172.31.36.0-255,66,244414,12,255461
28139,0.021791,74.125.24.0-255,5738,250152,12,255461
28140,0.021799,172.31.36.0-255,66,250218,12,255461
28141,0.024108,74.125.24.0-255,5006,255224,12,255461
28142,0.024116,172.31.36.0-255,66,255290,12,255461
28143,0.02436,172.31.36.0-255,105,255395,12,255461
28144,0.026611,74.125.24.0-255,66,255461,12,255461
28145,0.0,172.31.36.0-255,105,105,12,276
28146,0.001998,157.240.13.0-255,105,210,12,276
28147,0.002009,172.31.36.0-255,66,276,12,276
28148,0.0,74.125.130.0-255,152,152,12,300895
28149,2.7e-05,172.31.36.0-255,66,218,12,300895
28150,3.3e-05,74.125.130.0-255,1484,1702,12,300895
28151,3.7e-05,172.31.36.0-255,66,1768,12,300895
28152,4e-05,74.125.130.0-255,1484,3252,12,300895
28153,4.3e-05,172.31.36.0-255,66,3318,12,300895
28154,4.9e-05,74.125.130.0-255,2902,6220,12,300895
28155,5.2e-05,172.31.36.0-255,66,6286,12,300895
28156,5.6e-05,74.125.130.0-255,1484,7770,12,300895
28157,5.8e-05,172.31.36.0-255,66,7836,12,300895
28158,8e-05,74.125.130.0-255,4320,12156,12,300895
28159,8.2e-05,172.31.36.0-255,66,12222,12,300895
28160,0.000112,74.125.130.0-255,4874,17096,12,300895
28161,0.000115,172.31.36.0-255,66,17162,12,300895
28162,0.000121,74.125.130.0-255,5738,22900,12,300895
28163,0.000124,172.31.36.0-255,66,22966,12,300895
28164,0.000157,74.125.130.0-255,7156,30122,12,300895
28165,0.000159,172.31.36.0-255,66,30188,12,300895
28166,0.000172,74.125.130.0-255,1125,31313,12,300895
28167,0.000175,172.31.36.0-255,66,31379,12,300895
28168,0.000241,74.125.130.0-255,1484,32863,12,300895
28169,0.000244,172.31.36.0-255,66,32929,12,300895
28170,0.000264,74.125.130.0-255,2902,35831,12,300895
28171,0.000267,172.31.36.0-255,66,35897,12,300895
28172,0.000282,74.125.130.0-255,4320,40217,12,300895
28173,0.000287,172.31.36.0-255,66,40283,12,300895
28174,0.000325,74.125.130.0-255,5738,46021,12,300895
28175,0.000343,172.31.36.0-255,66,46087,12,300895
28176,0.000348,74.125.130.0-255,2902,48989,12,300895
28177,0.00035,172.31.36.0-255,66,49055,12,300895
28178,0.000355,74.125.130.0-255,4320,53375,12,300895
28179,0.000358,172.31.36.0-255,66,53441,12,300895
28180,0.00038,74.125.130.0-255,1484,54925,12,300895
28181,0.000415,74.125.130.0-255,2902,57827,12,300895
28182,0.000418,172.31.36.0-255,66,57893,12,300895
28183,0.000424,74.125.130.0-255,4320,62213,12,300895
28184,0.000426,172.31.36.0-255,66,62279,12,300895
28185,0.00044,74.125.130.0-255,1484,63763,12,300895
28186,0.000445,74.125.130.0-255,2184,65947,12,300895
28187,0.000448,172.31.36.0-255,66,66013,12,300895
28188,0.000542,74.125.130.0-255,376,66389,12,300895
28189,0.000555,74.125.130.0-255,98,66487,12,300895
28190,0.00102,172.31.36.0-255,66,66553,12,300895
28191,0.00138,74.125.130.0-255,1484,68037,12,300895
28192,0.001403,74.125.130.0-255,2902,70939,12,300895
28193,0.001407,172.31.36.0-255,66,71005,12,300895
28194,0.001428,74.125.130.0-255,4320,75325,12,300895
28195,0.00143,172.31.36.0-255,66,75391,12,300895
28196,0.001448,74.125.130.0-255,1484,76875,12,300895
28197,0.001451,74.125.130.0-255,1484,78359,12,300895
28198,0.001453,172.31.36.0-255,66,78425,12,300895
28199,0.001459,74.125.130.0-255,2902,81327,12,300895
28200,0.001461,172.31.36.0-255,66,81393,12,300895
28201,0.00149,74.125.130.0-255,5738,87131,12,300895
28202,0.001494,172.31.36.0-255,66,87197,12,300895
28203,0.001498,74.125.130.0-255,1484,88681,12,300895
28204,0.001515,74.125.130.0-255,2902,91583,12,300895
28205,0.001517,172.31.36.0-255,66,91649,12,300895
28206,0.001539,74.125.130.0-255,5738,97387,12,300895
28207,0.001542,172.31.36.0-255,66,97453,12,300895
28208,0.001545,74.125.130.0-255,1484,98937,12,300895
28209,0.001601,74.125.130.0-255,2184,101121,12,300895
28210,0.001604,172.31.36.0-255,66,101187,12,300895
28211,0.001893,74.125.130.0-255,1484,102671,12,300895
28212,0.001925,74.125.130.0-255,2902,105573,12,300895
28213,0.001927,172.31.36.0-255,66,105639,12,300895
28214,0.001943,74.125.130.0-255,1484,107123,12,300895
28215,0.001963,74.125.130.0-255,4320,111443,12,300895
28216,0.001965,172.31.36.0-255,66,111509,12,300895
28217,0.001968,74.125.130.0-255,1484,112993,12,300895
28218,0.001983,74.125.130.0-255,2902,115895,12,300895
28219,0.001985,172.31.36.0-255,66,115961,12,300895
28220,0.002016,74.125.130.0-255,5738,121699,12,300895
28221,0.002018,172.31.36.0-255,66,121765,12,300895
28222,0.002037,74.125.130.0-255,7156,128921,12,300895
28223,0.002039,172.31.36.0-255,66,128987,12,300895
28224,0.002055,74.125.130.0-255,1484,130471,12,300895
28225,0.002071,74.125.130.0-255,5020,135491,12,300895
28226,0.002073,172.31.36.0-255,66,135557,12,300895
28227,0.002076,74.125.130.0-255,1484,137041,12,300895
28228,0.002095,74.125.130.0-255,5738,142779,12,300895
28229,0.002098,172.31.36.0-255,66,142845,12,300895
28230,0.00211,74.125.130.0-255,4320,147165,12,300895
28231,0.002113,172.31.36.0-255,66,147231,12,300895
28232,0.002133,74.125.130.0-255,5738,152969,12,300895
28233,0.002136,172.31.36.0-255,66,153035,12,300895
28234,0.002146,172.31.36.0-255,66,153101,12,300895
28235,0.002163,74.125.130.0-255,2902,156003,12,300895
28236,0.002165,172.31.36.0-255,66,156069,12,300895
28237,0.002171,74.125.130.0-255,5020,161089,12,300895
28238,0.002174,172.31.36.0-255,66,161155,12,300895
28239,0.002193,74.125.130.0-255,5738,166893,12,300895
28240,0.002196,172.31.36.0-255,66,166959,12,300895
28241,0.002216,74.125.130.0-255,5738,172697,12,300895
28242,0.002218,172.31.36.0-255,66,172763,12,300895
28243,0.002245,74.125.130.0-255,7156,179919,12,300895
28244,0.002248,172.31.36.0-255,66,179985,12,300895
28245,0.002262,74.125.130.0-255,1484,181469,12,300895
28246,0.002283,172.31.36.0-255,66,181535,12,300895
28247,0.00233,172.31.36.0-255,66,181601,12,300895
28248,0.002346,74.125.130.0-255,5738,187339,12,300895
28249,0.00235,172.31.36.0-255,66,187405,12,300895
28250,0.002373,74.125.130.0-255,5738,193143,12,300895
28251,0.002375,172.31.36.0-255,66,193209,12,300895
28252,0.002381,74.125.130.0-255,7156,200365,12,300895
28253,0.002384,172.31.36.0-255,66,200431,12,300895
28254,0.002387,74.125.130.0-255,1484,201915,12,300895
28255,0.002412,74.125.130.0-255,6438,208353,12,300895
28256,0.002415,172.31.36.0-255,66,208419,12,300895
28257,0.002422,74.125.130.0-255,7156,215575,12,300895
28258,0.002424,172.31.36.0-255,66,215641,12,300895
28259,0.002491,172.31.36.0-255,66,215707,12,300895
28260,0.002502,172.31.36.0-255,66,215773,12,300895
28261,0.002508,74.125.130.0-255,5738,221511,12,300895
28262,0.00251,172.31.36.0-255,66,221577,12,300895
28263,0.002529,74.125.130.0-255,3602,225179,12,300895
28264,0.002532,172.31.36.0-255,66,225245,12,300895
28265,0.002536,74.125.130.0-255,2902,228147,12,300895
28266,0.002538,172.31.36.0-255,66,228213,12,300895
28267,0.00256,172.31.36.0-255,66,228279,12,300895
28268,0.00259,74.125.130.0-255,5738,234017,12,300895
28269,0.002593,172.31.36.0-255,66,234083,12,300895
28270,0.002599,74.125.130.0-255,5738,239821,12,300895
28271,0.002601,172.31.36.0-255,66,239887,12,300895
28272,0.002604,74.125.130.0-255,2902,242789,12,300895
28273,0.002606,172.31.36.0-255,66,242855,12,300895
28274,0.00515,74.125.130.0-255,5738,248593,12,300895
28275,0.005156,172.31.36.0-255,66,248659,12,300895
28276,0.007715,74.125.130.0-255,5738,254397,12,300895
28277,0.00772,172.31.36.0-255,66,254463,12,300895
28278,0.010286,74.125.130.0-255,5738,260201,12,300895
28279,0.010293,172.31.36.0-255,66,260267,12,300895
28280,0.012865,74.125.130.0-255,5738,266005,12,300895
28281,0.012872,172.31.36.0-255,66,266071,12,300895
28282,0.015447,74.125.130.0-255,5738,271809,12,300895
28283,0.015456,172.31.36.0-255,66,271875,12,300895
28284,0.018027,74.125.130.0-255,5738,277613,12,300895
28285,0.018035,172.31.36.0-255,66,277679,12,300895
28286,0.020612,74.125.130.0-255,5738,283417,12,300895
28287,0.020618,172.31.36.0-255,66,283483,12,300895
28288,0.023192,74.125.130.0-255,5738,289221,12,300895
28289,0.023201,172.31.36.0-255,66,289287,12,300895
28290,0.025767,74.125.130.0-255,5738,295025,12,300895
28291,0.025774,172.31.36.0-255,66,295091,12,300895
28292,0.028359,74.125.130.0-255,5738,300829,12,300895
28293,0.028366,172.31.36.0-255,66,300895,12,300895
28294,0.0,172.217.194.0-255,66,66,12,66
28295,0.0,172.217.24.0-255,156,156,12,243878
28296,1.5e-05,172.31.36.0-255,66,222,12,243878
28297,2.2e-05,172.217.24.0-255,1484,1706,12,243878
28298,2.6e-05,172.31.36.0-255,66,1772,12,243878
28299,2.9e-05,172.217.24.0-255,1484,3256,12,243878
28300,3.2e-05,172.31.36.0-255,66,3322,12,243878
28301,3.9e-05,172.217.24.0-255,2902,6224,12,243878
28302,4.2e-05,172.31.36.0-255,66,6290,12,243878
28303,4.9e-05,172.217.24.0-255,5738,12028,12,243878
28304,5.2e-05,172.31.36.0-255,66,12094,12,243878
28305,7.3e-05,172.217.24.0-255,2902,14996,12,243878
28306,7.6e-05,172.31.36.0-255,66,15062,12,243878
28307,0.000113,172.31.36.0-255,66,15128,12,243878
28308,0.00013,172.217.24.0-255,2902,18030,12,243878
28309,0.000132,172.31.36.0-255,66,18096,12,243878
28310,0.000149,172.217.24.0-255,2543,20639,12,243878
28311,0.000151,172.31.36.0-255,66,20705,12,243878
28312,0.000187,172.217.24.0-255,1484,22189,12,243878
28313,0.000191,172.217.24.0-255,2902,25091,12,243878
28314,0.000196,172.31.36.0-255,66,25157,12,243878
28315,0.000199,172.31.36.0-255,66,25223,12,243878
28316,0.000212,172.217.24.0-255,5738,30961,12,243878
28317,0.000215,172.31.36.0-255,66,31027,12,243878
28318,0.000219,172.217.24.0-255,2902,33929,12,243878
28319,0.000221,172.31.36.0-255,66,33995,12,243878
28320,0.000252,172.217.24.0-255,3961,37956,12,243878
28321,0.000255,172.31.36.0-255,66,38022,12,243878
28322,0.000263,172.217.24.0-255,7156,45178,12,243878
28323,0.000265,172.31.36.0-255,66,45244,12,243878
28324,0.000272,172.217.24.0-255,5738,50982,12,243878
28325,0.000274,172.31.36.0-255,66,51048,12,243878
28326,0.000299,172.217.24.0-255,3961,55009,12,243878
28327,0.000302,172.31.36.0-255,66,55075,12,243878
28328,0.000305,172.217.24.0-255,358,55433,12,243878
28329,0.000788,172.217.24.0-255,139,55572,12,243878
28330,0.000895,172.217.24.0-255,1484,57056,12,243878
28331,0.0009,172.31.36.0-255,66,57122,12,243878
28332,0.000906,172.217.24.0-255,2902,60024,12,243878
28333,0.000909,172.31.36.0-255,66,60090,12,243878
28334,0.000917,172.217.24.0-255,5738,65828,12,243878
28335,0.000919,172.31.36.0-255,66,65894,12,243878
28336,0.000924,172.217.24.0-255,4320,70214,12,243878
28337,0.000925,172.31.36.0-255,66,70280,12,243878
28338,0.000954,172.217.24.0-255,5379,75659,12,243878
28339,0.000957,172.31.36.0-255,66,75725,12,243878
28340,0.000969,172.31.36.0-255,66,75791,12,243878
28341,0.000992,172.217.24.0-255,1484,77275,12,243878
28342,0.000996,172.217.24.0-255,2543,79818,12,243878
28343,0.000998,172.31.36.0-255,66,79884,12,243878
28344,0.0013,172.217.24.0-255,1484,81368,12,243878
28345,0.001306,172.217.24.0-255,2902,84270,12,243878
28346,0.001311,172.31.36.0-255,66,84336,12,243878
28347,0.001335,172.217.24.0-255,5738,90074,12,243878
28348,0.001338,172.31.36.0-255,66,90140,12,243878
28349,0.001366,172.217.24.0-255,7156,97296,12,243878
28350,0.001369,172.31.36.0-255,66,97362,12,243878
28351,0.00141,172.31.36.0-255,66,97428,12,243878
28352,0.001426,172.217.24.0-255,1484,98912,12,243878
28353,0.00143,172.217.24.0-255,2184,101096,12,243878
28354,0.001432,172.31.36.0-255,66,101162,12,243878
28355,0.001451,172.217.24.0-255,1484,102646,12,243878
28356,0.001473,172.217.24.0-255,2902,105548,12,243878
28357,0.001476,172.31.36.0-255,66,105614,12,243878
28358,0.001483,172.217.24.0-255,5738,111352,12,243878
28359,0.001485,172.31.36.0-255,66,111418,12,243878
28360,0.001488,172.217.24.0-255,1484,112902,12,243878
28361,0.001507,172.217.24.0-255,5738,118640,12,243878
28362,0.00151,172.31.36.0-255,66,118706,12,243878
28363,0.001513,172.217.24.0-255,1484,120190,12,243878
28364,0.001548,172.31.36.0-255,66,120256,12,243878
28365,0.001553,172.217.24.0-255,2184,122440,12,243878
28366,0.001555,172.31.36.0-255,66,122506,12,243878
28367,0.001586,172.217.24.0-255,1484,123990,12,243878
28368,0.001592,172.217.24.0-255,2902,126892,12,243878
28369,0.001595,172.31.36.0-255,66,126958,12,243878
28370,0.001601,172.217.24.0-255,4320,131278,12,243878
28371,0.001603,172.31.36.0-255,66,131344,12,243878
28372,0.001622,172.217.24.0-255,1484,132828,12,243878
28373,0.001627,172.217.24.0-255,2902,135730,12,243878
28374,0.001629,172.31.36.0-255,66,135796,12,243878
28375,0.001666,172.217.24.0-255,7156,142952,12,243878
28376,0.001676,172.31.36.0-255,66,143018,12,243878
28377,0.001679,172.31.36.0-255,66,143084,12,243878
28378,0.001699,172.217.24.0-255,3602,146686,12,243878
28379,0.001701,172.31.36.0-255,66,146752,12,243878
28380,0.001716,172.217.24.0-255,4320,151072,12,243878
28381,0.001718,172.31.36.0-255,66,151138,12,243878
28382,0.001745,172.31.36.0-255,66,151204,12,243878
28383,0.001752,172.217.24.0-255,5738,156942,12,243878
28384,0.001754,172.31.36.0-255,66,157008,12,243878
28385,0.001802,172.217.24.0-255,4320,161328,12,243878
28386,0.001805,172.31.36.0-255,66,161394,12,243878
28387,0.001833,172.31.36.0-255,66,161460,12,243878
28388,0.00188,172.217.24.0-255,1484,162944,12,243878
28389,0.001884,172.217.24.0-255,1484,164428,12,243878
28390,0.001886,172.31.36.0-255,66,164494,12,243878
28391,0.001906,172.217.24.0-255,1484,165978,12,243878
28392,0.001913,172.217.24.0-255,5738,171716,12,243878
28393,0.001915,172.31.36.0-255,66,171782,12,243878
28394,0.001932,172.31.36.0-255,66,171848,12,243878
28395,0.001946,172.31.36.0-255,66,171914,12,243878
28396,0.00195,172.217.24.0-255,2184,174098,12,243878
28397,0.001953,172.31.36.0-255,66,174164,12,243878
28398,0.003882,172.217.24.0-255,5738,179902,12,243878
28399,0.008085,172.31.36.0-255,66,179968,12,243878
28400,0.009242,172.217.24.0-255,1484,181452,12,243878
28401,0.010015,172.217.24.0-255,4320,185772,12,243878
28402,0.010023,172.31.36.0-255,66,185838,12,243878
28403,0.011974,172.217.24.0-255,5738,191576,12,243878
28404,0.011982,172.31.36.0-255,66,191642,12,243878
28405,0.013916,172.217.24.0-255,5738,197380,12,243878
28406,0.013923,172.31.36.0-255,66,197446,12,243878
28407,0.015863,172.217.24.0-255,5738,203184,12,243878
28408,0.015869,172.31.36.0-255,66,203250,12,243878
28409,0.017811,172.217.24.0-255,5738,208988,12,243878
28410,0.017818,172.31.36.0-255,66,209054,12,243878
28411,0.019765,172.217.24.0-255,5738,214792,12,243878
28412,0.019773,172.31.36.0-255,66,214858,12,243878
28413,0.021751,172.217.24.0-255,5738,220596,12,243878
28414,0.021758,172.31.36.0-255,66,220662,12,243878
28415,0.023711,172.217.24.0-255,5738,226400,12,243878
28416,0.023721,172.31.36.0-255,66,226466,12,243878
28417,0.025653,172.217.24.0-255,5738,232204,12,243878
28418,0.025661,172.31.36.0-255,66,232270,12,243878
28419,0.027602,172.217.24.0-255,5738,238008,12,243878
28420,0.027609,172.31.36.0-255,66,238074,12,243878
28421,0.029553,172.217.24.0-255,5738,243812,12,243878
28422,0.029561,172.31.36.0-255,66,243878,12,243878
28423,0.0,74.125.24.0-255,146,146,12,191759
28424,3.7e-05,172.31.36.0-255,66,212,12,191759
28425,4.4e-05,74.125.24.0-255,1484,1696,12,191759
28426,4.8e-05,172.31.36.0-255,66,1762,12,191759
28427,5.4e-05,74.125.24.0-255,2902,4664,12,191759
28428,6.5e-05,172.31.36.0-255,66,4730,12,191759
28429,7.2e-05,74.125.24.0-255,7156,11886,12,191759
28430,7.4e-05,172.31.36.0-255,66,11952,12,191759
28431,0.000102,74.125.24.0-255,2066,14018,12,191759
28432,0.000106,172.31.36.0-255,66,14084,12,191759
28433,0.00011,74.125.24.0-255,2902,16986,12,191759
28434,0.000113,172.31.36.0-255,66,17052,12,191759
28435,0.000118,74.125.24.0-255,4320,21372,12,191759
28436,0.00012,172.31.36.0-255,66,21438,12,191759
28437,0.00015,74.125.24.0-255,2902,24340,12,191759
28438,0.000153,172.31.36.0-255,66,24406,12,191759
28439,0.00016,74.125.24.0-255,6797,31203,12,191759
28440,0.000162,172.31.36.0-255,66,31269,12,191759
28441,0.000212,74.125.24.0-255,7156,38425,12,191759
28442,0.000217,172.31.36.0-255,66,38491,12,191759
28443,0.000223,74.125.24.0-255,7156,45647,12,191759
28444,0.000227,172.31.36.0-255,66,45713,12,191759
28445,0.000256,74.125.24.0-255,2543,48256,12,191759
28446,0.000259,172.31.36.0-255,66,48322,12,191759
28447,0.000263,74.125.24.0-255,2902,51224,12,191759
28448,0.000265,172.31.36.0-255,66,51290,12,191759
28449,0.000297,74.125.24.0-255,7156,58446,12,191759
28450,0.0003,172.31.36.0-255,66,58512,12,191759
28451,0.000307,74.125.24.0-255,7126,65638,12,191759
28452,0.000311,172.31.36.0-255,66,65704,12,191759
28453,0.000334,74.125.24.0-255,113,65817,12,191759
28454,0.000337,172.31.36.0-255,66,65883,12,191759
28455,0.000359,74.125.24.0-255,331,66214,12,191759
28456,0.000486,74.125.24.0-255,1484,67698,12,191759
28457,0.000491,172.31.36.0-255,66,67764,12,191759
28458,0.000497,74.125.24.0-255,2902,70666,12,191759
28459,0.000499,172.31.36.0-255,66,70732,12,191759
28460,0.000533,74.125.24.0-255,5738,76470,12,191759
28461,0.000549,172.31.36.0-255,66,76536,12,191759
28462,0.000589,172.31.36.0-255,66,76602,12,191759
28463,0.000629,74.125.24.0-255,7156,83758,12,191759
28464,0.000633,172.31.36.0-255,66,83824,12,191759
28465,0.000645,74.125.24.0-255,2543,86367,12,191759
28466,0.000653,172.31.36.0-255,66,86433,12,191759
28467,0.001201,74.125.24.0-255,1484,87917,12,191759
28468,0.001209,74.125.24.0-255,2902,90819,12,191759
28469,0.001214,172.31.36.0-255,66,90885,12,191759
28470,0.001223,74.125.24.0-255,5738,96623,12,191759
28471,0.001225,172.31.36.0-255,66,96689,12,191759
28472,0.001238,74.125.24.0-255,7156,103845,12,191759
28473,0.001242,172.31.36.0-255,66,103911,12,191759
28474,0.001247,74.125.24.0-255,2902,106813,12,191759
28475,0.001249,172.31.36.0-255,66,106879,12,191759
28476,0.001292,172.31.36.0-255,66,106945,12,191759
28477,0.001296,74.125.24.0-255,2184,109129,12,191759
28478,0.001298,172.31.36.0-255,66,109195,12,191759
28479,0.001396,74.125.24.0-255,1484,110679,12,191759
28480,0.001402,74.125.24.0-255,2902,113581,12,191759
28481,0.001405,172.31.36.0-255,66,113647,12,191759
28482,0.001412,74.125.24.0-255,5738,119385,12,191759
28483,0.001414,172.31.36.0-255,66,119451,12,191759
28484,0.001449,172.31.36.0-255,66,119517,12,191759
28485,0.001473,74.125.24.0-255,1484,121001,12,191759
28486,0.001489,74.125.24.0-255,2902,123903,12,191759
28487,0.001491,172.31.36.0-255,66,123969,12,191759
28488,0.001523,172.31.36.0-255,66,124035,12,191759
28489,0.001563,74.125.24.0-255,1484,125519,12,191759
28490,0.001587,172.31.36.0-255,66,125585,12,191759
28491,0.0016,172.31.36.0-255,66,125651,12,191759
28492,0.00161,172.31.36.0-255,66,125717,12,191759
28493,0.001649,74.125.24.0-255,1484,127201,12,191759
28494,0.001652,74.125.24.0-255,2902,130103,12,191759
28495,0.001654,172.31.36.0-255,66,130169,12,191759
28496,0.001661,74.125.24.0-255,5738,135907,12,191759
28497,0.001663,172.31.36.0-255,66,135973,12,191759
28498,0.001697,172.31.36.0-255,66,136039,12,191759
28499,0.001728,74.125.24.0-255,4320,140359,12,191759
28500,0.00173,172.31.36.0-255,66,140425,12,191759
28501,0.001741,172.31.36.0-255,66,140491,12,191759
28502,0.001828,74.125.24.0-255,1484,141975,12,191759
28503,0.00184,74.125.24.0-255,2902,144877,12,191759
28504,0.001842,172.31.36.0-255,66,144943,12,191759
28505,0.001863,74.125.24.0-255,2902,147845,12,191759
28506,0.001865,172.31.36.0-255,66,147911,12,191759
28507,0.001888,74.125.24.0-255,2902,150813,12,191759
28508,0.00189,172.31.36.0-255,66,150879,12,191759
28509,0.001914,172.31.36.0-255,66,150945,12,191759
28510,0.00192,74.125.24.0-255,7156,158101,12,191759
28511,0.001922,172.31.36.0-255,66,158167,12,191759
28512,0.001958,74.125.24.0-255,3602,161769,12,191759
28513,0.00196,172.31.36.0-255,66,161835,12,191759
28514,0.002108,74.125.24.0-255,1484,163319,12,191759
28515,0.00212,74.125.24.0-255,2902,166221,12,191759
28516,0.002123,172.31.36.0-255,66,166287,12,191759
28517,0.002128,74.125.24.0-255,2902,169189,12,191759
28518,0.002129,172.31.36.0-255,66,169255,12,191759
28519,0.002147,74.125.24.0-255,2902,172157,12,191759
28520,0.002149,172.31.36.0-255,66,172223,12,191759
28521,0.002158,172.31.36.0-255,66,172289,12,191759
28522,0.002183,74.125.24.0-255,2902,175191,12,191759
28523,0.002184,172.31.36.0-255,66,175257,12,191759
28524,0.002187,74.125.24.0-255,1484,176741,12,191759
28525,0.00222,172.31.36.0-255,66,176807,12,191759
28526,0.002246,74.125.24.0-255,3602,180409,12,191759
28527,0.002249,172.31.36.0-255,66,180475,12,191759
28528,0.002266,172.31.36.0-255,66,180541,12,191759
28529,0.002292,74.125.24.0-255,7156,187697,12,191759
28530,0.002294,172.31.36.0-255,66,187763,12,191759
28531,0.002334,172.31.36.0-255,66,187829,12,191759
28532,0.002391,172.31.36.0-255,66,187895,12,191759
28533,0.002422,172.31.36.0-255,66,187961,12,191759
28534,0.002446,172.31.36.0-255,66,188027,12,191759
28535,0.00245,74.125.24.0-255,3324,191351,12,191759
28536,0.002452,172.31.36.0-255,66,191417,12,191759
28537,0.004754,74.125.24.0-255,105,191522,12,191759
28538,0.008042,172.31.36.0-255,66,191588,12,191759
28539,0.00807,172.31.36.0-255,105,191693,12,191759
28540,0.010391,74.125.24.0-255,66,191759,12,191759
28541,0.0,172.217.194.0-255,145,145,12,194220
28542,3.1e-05,172.31.36.0-255,66,211,12,194220
28543,3.8e-05,172.217.194.0-255,1484,1695,12,194220
28544,4.2e-05,172.31.36.0-255,66,1761,12,194220
28545,4.7e-05,172.217.194.0-255,2902,4663,12,194220
28546,4.9e-05,172.31.36.0-255,66,4729,12,194220
28547,5.7e-05,172.217.194.0-255,7156,11885,12,194220
28548,6e-05,172.31.36.0-255,66,11951,12,194220
28549,8e-05,172.217.194.0-255,7156,19107,12,194220
28550,8.3e-05,172.31.36.0-255,66,19173,12,194220
28551,0.000118,172.31.36.0-255,66,19239,12,194220
28552,0.000123,172.217.194.0-255,2543,21782,12,194220
28553,0.000125,172.31.36.0-255,66,21848,12,194220
28554,0.000173,172.217.194.0-255,1484,23332,12,194220
28555,0.000176,172.31.36.0-255,66,23398,12,194220
28556,0.000181,172.217.194.0-255,2902,26300,12,194220
28557,0.000183,172.31.36.0-255,66,26366,12,194220
28558,0.000204,172.217.194.0-255,5738,32104,12,194220
28559,0.000207,172.31.36.0-255,66,32170,12,194220
28560,0.00022,172.217.194.0-255,4320,36490,12,194220
28561,0.000223,172.31.36.0-255,66,36556,12,194220
28562,0.000251,172.31.36.0-255,66,36622,12,194220
28563,0.000263,172.31.36.0-255,66,36688,12,194220
28564,0.000282,172.217.194.0-255,98,36786,12,194220
28565,0.000285,172.31.36.0-255,66,36852,12,194220
28566,0.000406,172.217.194.0-255,1484,38336,12,194220
28567,0.000409,172.31.36.0-255,66,38402,12,194220
28568,0.000415,172.217.194.0-255,2902,41304,12,194220
28569,0.000418,172.31.36.0-255,66,41370,12,194220
28570,0.000445,172.217.194.0-255,5738,47108,12,194220
28571,0.000449,172.31.36.0-255,66,47174,12,194220
28572,0.000455,172.217.194.0-255,5738,52912,12,194220
28573,0.000458,172.31.36.0-255,66,52978,12,194220
28574,0.000504,172.217.194.0-255,5379,58357,12,194220
28575,0.000507,172.31.36.0-255,66,58423,12,194220
28576,0.000513,172.217.194.0-255,5738,64161,12,194220
28577,0.000516,172.31.36.0-255,66,64227,12,194220
28578,0.000574,172.217.194.0-255,6797,71024,12,194220
28579,0.000579,172.31.36.0-255,66,71090,12,194220
28580,0.000727,172.217.194.0-255,1484,72574,12,194220
28581,0.000742,172.217.194.0-255,2902,75476,12,194220
28582,0.000746,172.31.36.0-255,66,75542,12,194220
28583,0.00075,172.217.194.0-255,1484,77026,12,194220
28584,0.00077,172.217.194.0-255,4320,81346,12,194220
28585,0.000775,172.31.36.0-255,66,81412,12,194220
28586,0.000797,172.31.36.0-255,66,81478,12,194220
28587,0.000815,172.217.194.0-255,1484,82962,12,194220
28588,0.000834,172.217.194.0-255,4320,87282,12,194220
28589,0.000837,172.31.36.0-255,66,87348,12,194220
28590,0.000859,172.217.194.0-255,6438,93786,12,194220
28591,0.000862,172.31.36.0-255,66,93852,12,194220
28592,0.000881,172.217.194.0-255,2902,96754,12,194220
28593,0.000884,172.31.36.0-255,66,96820,12,194220
28594,0.000904,172.217.194.0-255,5738,102558,12,194220
28595,0.000907,172.31.36.0-255,66,102624,12,194220
28596,0.00092,172.31.36.0-255,66,102690,12,194220
28597,0.000997,172.31.36.0-255,66,102756,12,194220
28598,0.001018,172.217.194.0-255,5020,107776,12,194220
28599,0.001021,172.31.36.0-255,66,107842,12,194220
28600,0.001038,172.217.194.0-255,1484,109326,12,194220
28601,0.001049,172.217.194.0-255,1484,110810,12,194220
28602,0.001051,172.31.36.0-255,66,110876,12,194220
28603,0.00107,172.217.194.0-255,1484,112360,12,194220
28604,0.001077,172.217.194.0-255,5738,118098,12,194220
28605,0.00108,172.31.36.0-255,66,118164,12,194220
28606,0.001086,172.217.194.0-255,2902,121066,12,194220
28607,0.001088,172.31.36.0-255,66,121132,12,194220
28608,0.001109,172.217.194.0-255,2902,124034,12,194220
28609,0.001112,172.31.36.0-255,66,124100,12,194220
28610,0.001123,172.31.36.0-255,66,124166,12,194220
28611,0.001144,172.217.194.0-255,4320,128486,12,194220
28612,0.001147,172.31.36.0-255,66,128552,12,194220
28613,0.001152,172.217.194.0-255,5020,133572,12,194220
28614,0.001154,172.31.36.0-255,66,133638,12,194220
28615,0.001206,172.217.194.0-255,1484,135122,12,194220
28616,0.001211,172.217.194.0-255,2902,138024,12,194220
28617,0.001214,172.31.36.0-255,66,138090,12,194220
28618,0.00123,172.217.194.0-255,4320,142410,12,194220
28619,0.001233,172.31.36.0-255,66,142476,12,194220
28620,0.001256,172.217.194.0-255,1484,143960,12,194220
28621,0.001259,172.217.194.0-255,1484,145444,12,194220
28622,0.001262,172.31.36.0-255,66,145510,12,194220
28623,0.001272,172.31.36.0-255,66,145576,12,194220
28624,0.00131,172.31.36.0-255,66,145642,12,194220
28625,0.001395,172.217.194.0-255,1484,147126,12,194220
28626,0.001399,172.217.194.0-255,1484,148610,12,194220
28627,0.001402,172.31.36.0-255,66,148676,12,194220
28628,0.001422,172.217.194.0-255,1484,150160,12,194220
28629,0.001429,172.217.194.0-255,5738,155898,12,194220
28630,0.001432,172.31.36.0-255,66,155964,12,194220
28631,0.001437,172.217.194.0-255,2902,158866,12,194220
28632,0.001439,172.31.36.0-255,66,158932,12,194220
28633,0.001467,172.31.36.0-255,66,158998,12,194220
28634,0.001478,172.31.36.0-255,66,159064,12,194220
28635,0.001494,172.217.194.0-255,2184,161248,12,194220
28636,0.001497,172.31.36.0-255,66,161314,12,194220
28637,0.00151,172.217.194.0-255,1484,162798,12,194220
28638,0.001525,172.217.194.0-255,2902,165700,12,194220
28639,0.001528,172.31.36.0-255,66,165766,12,194220
28640,0.001534,172.217.194.0-255,5738,171504,12,194220
28641,0.001536,172.31.36.0-255,66,171570,12,194220
28642,0.001549,172.31.36.0-255,66,171636,12,194220
28643,0.001563,172.217.194.0-255,1484,173120,12,194220
28644,0.001571,172.217.194.0-255,7156,180276,12,194220
28645,0.001574,172.31.36.0-255,66,180342,12,194220
28646,0.001597,172.217.194.0-255,4320,184662,12,194220
28647,0.0016,172.31.36.0-255,66,184728,12,194220
28648,0.001633,172.31.36.0-255,66,184794,12,194220
28649,0.001656,172.217.194.0-255,2184,186978,12,194220
28650,0.001659,172.31.36.0-255,66,187044,12,194220
28651,0.001673,172.31.36.0-255,66,187110,12,194220
28652,0.001726,172.31.36.0-255,66,187176,12,194220
28653,0.001755,172.217.194.0-255,6438,193614,12,194220
28654,0.001759,172.31.36.0-255,66,193680,12,194220
28655,0.001778,172.31.36.0-255,66,193746,12,194220
28656,0.001791,172.31.36.0-255,66,193812,12,194220
28657,0.001811,172.31.36.0-255,66,193878,12,194220
28658,0.001814,172.217.194.0-255,105,193983,12,194220
28659,0.008413,172.31.36.0-255,66,194049,12,194220
28660,0.008439,172.31.36.0-255,105,194154,12,194220
28661,0.010777,172.217.194.0-255,66,194220,12,194220
28662,0.0,172.217.194.0-255,153,153,12,213912
28663,2.3e-05,172.31.36.0-255,66,219,12,213912
28664,3.1e-05,172.217.194.0-255,1484,1703,12,213912
28665,3.5e-05,172.31.36.0-255,66,1769,12,213912
28666,4.1e-05,172.217.194.0-255,2902,4671,12,213912
28667,4.4e-05,172.31.36.0-255,66,4737,12,213912
28668,5.2e-05,172.217.194.0-255,7156,11893,12,213912
28669,5.5e-05,172.31.36.0-255,66,11959,12,213912
28670,6e-05,172.217.194.0-255,2017,13976,12,213912
28671,6.3e-05,172.31.36.0-255,66,14042,12,213912
28672,0.000564,172.217.194.0-255,1484,15526,12,213912
28673,0.000571,172.31.36.0-255,66,15592,12,213912
28674,0.00058,172.217.194.0-255,2902,18494,12,213912
28675,0.000582,172.31.36.0-255,66,18560,12,213912
28676,0.00059,172.217.194.0-255,5738,24298,12,213912
28677,0.000592,172.31.36.0-255,66,24364,12,213912
28678,0.000628,172.217.194.0-255,6797,31161,12,213912
28679,0.000632,172.31.36.0-255,66,31227,12,213912
28680,0.00097,172.217.194.0-255,1484,32711,12,213912
28681,0.000977,172.31.36.0-255,66,32777,12,213912
28682,0.000984,172.217.194.0-255,2902,35679,12,213912
28683,0.000986,172.31.36.0-255,66,35745,12,213912
28684,0.000993,172.217.194.0-255,5738,41483,12,213912
28685,0.000996,172.31.36.0-255,66,41549,12,213912
28686,0.001034,172.31.36.0-255,66,41615,12,213912
28687,0.00104,172.217.194.0-255,5738,47353,12,213912
28688,0.001043,172.31.36.0-255,66,47419,12,213912
28689,0.001087,172.217.194.0-255,4551,51970,12,213912
28690,0.001091,172.31.36.0-255,66,52036,12,213912
28691,0.001119,172.217.194.0-255,5738,57774,12,213912
28692,0.001121,172.31.36.0-255,66,57840,12,213912
28693,0.001161,172.217.194.0-255,7156,64996,12,213912
28694,0.001164,172.31.36.0-255,66,65062,12,213912
28695,0.001207,172.31.36.0-255,66,65128,12,213912
28696,0.001256,172.31.36.0-255,66,65194,12,213912
28697,0.001631,172.217.194.0-255,1484,66678,12,213912
28698,0.001639,172.217.194.0-255,2902,69580,12,213912
28699,0.001644,172.31.36.0-255,66,69646,12,213912
28700,0.001669,172.217.194.0-255,5738,75384,12,213912
28701,0.001673,172.31.36.0-255,66,75450,12,213912
28702,0.001676,172.217.194.0-255,1484,76934,12,213912
28703,0.001712,172.31.36.0-255,66,77000,12,213912
28704,0.001724,172.31.36.0-255,66,77066,12,213912
28705,0.001727,172.217.194.0-255,766,77832,12,213912
28706,0.001814,172.217.194.0-255,1484,79316,12,213912
28707,0.001816,172.31.36.0-255,66,79382,12,213912
28708,0.001832,172.217.194.0-255,2902,82284,12,213912
28709,0.001835,172.31.36.0-255,66,82350,12,213912
28710,0.001841,172.217.194.0-255,5738,88088,12,213912
28711,0.001844,172.31.36.0-255,66,88154,12,213912
28712,0.001876,172.31.36.0-255,66,88220,12,213912
28713,0.001909,172.217.194.0-255,5738,93958,12,213912
28714,0.001912,172.31.36.0-255,66,94024,12,213912
28715,0.001942,172.31.36.0-255,66,94090,12,213912
28716,0.001957,172.31.36.0-255,66,94156,12,213912
28717,0.001964,172.217.194.0-255,7156,101312,12,213912
28718,0.001967,172.31.36.0-255,66,101378,12,213912
28719,0.001991,172.217.194.0-255,7156,108534,12,213912
28720,0.001994,172.31.36.0-255,66,108600,12,213912
28721,0.002017,172.217.194.0-255,5020,113620,12,213912
28722,0.00202,172.31.36.0-255,66,113686,12,213912
28723,0.002062,172.217.194.0-255,1484,115170,12,213912
28724,0.002066,172.217.194.0-255,2902,118072,12,213912
28725,0.002068,172.31.36.0-255,66,118138,12,213912
28726,0.002091,172.217.194.0-255,2902,121040,12,213912
28727,0.002094,172.31.36.0-255,66,121106,12,213912
28728,0.002114,172.217.194.0-255,2902,124008,12,213912
28729,0.002117,172.31.36.0-255,66,124074,12,213912
28730,0.002129,172.31.36.0-255,66,124140,12,213912
28731,0.002165,172.31.36.0-255,66,124206,12,213912
28732,0.002178,172.217.194.0-255,5020,129226,12,213912
28733,0.002181,172.31.36.0-255,66,129292,12,213912
28734,0.002205,172.217.194.0-255,1484,130776,12,213912
28735,0.00221,172.217.194.0-255,2902,133678,12,213912
28736,0.002212,172.31.36.0-255,66,133744,12,213912
28737,0.002216,172.217.194.0-255,1484,135228,12,213912
28738,0.002239,172.217.194.0-255,4320,139548,12,213912
28739,0.002241,172.31.36.0-255,66,139614,12,213912
28740,0.002247,172.217.194.0-255,4320,143934,12,213912
28741,0.002249,172.31.36.0-255,66,144000,12,213912
28742,0.00229,172.31.36.0-255,66,144066,12,213912
28743,0.002301,172.31.36.0-255,66,144132,12,213912
28744,0.004535,172.217.194.0-255,5738,149870,12,213912
28745,0.004543,172.31.36.0-255,66,149936,12,213912
28746,0.006774,172.217.194.0-255,5738,155674,12,213912
28747,0.006782,172.31.36.0-255,66,155740,12,213912
28748,0.009007,172.217.194.0-255,5738,161478,12,213912
28749,0.009014,172.31.36.0-255,66,161544,12,213912
28750,0.011245,172.217.194.0-255,5738,167282,12,213912
28751,0.011252,172.31.36.0-255,66,167348,12,213912
28752,0.013476,172.217.194.0-255,5738,173086,12,213912
28753,0.013486,172.31.36.0-255,66,173152,12,213912
28754,0.015714,172.217.194.0-255,5738,178890,12,213912
28755,0.015726,172.31.36.0-255,66,178956,12,213912
28756,0.01793,172.217.194.0-255,5738,184694,12,213912
28757,0.017938,172.31.36.0-255,66,184760,12,213912
28758,0.020156,172.217.194.0-255,5738,190498,12,213912
28759,0.020164,172.31.36.0-255,66,190564,12,213912
28760,0.022392,172.217.194.0-255,5738,196302,12,213912
28761,0.022401,172.31.36.0-255,66,196368,12,213912
28762,0.024629,172.217.194.0-255,5738,202106,12,213912
28763,0.024634,172.31.36.0-255,66,202172,12,213912
28764,0.02687,172.217.194.0-255,5738,207910,12,213912
28765,0.026878,172.31.36.0-255,66,207976,12,213912
28766,0.029095,172.217.194.0-255,2902,210878,12,213912
28767,0.029102,172.31.36.0-255,66,210944,12,213912
28768,0.029123,172.217.194.0-255,2902,213846,12,213912
28769,0.029126,172.31.36.0-255,66,213912,12,213912
28770,0.0,172.217.194.0-255,150,150,12,171236
28771,2.5e-05,172.31.36.0-255,66,216,12,171236
28772,3.1e-05,172.217.194.0-255,1484,1700,12,171236
28773,3.5e-05,172.31.36.0-255,66,1766,12,171236
28774,4.1e-05,172.217.194.0-255,2902,4668,12,171236
28775,4.3e-05,172.31.36.0-255,66,4734,12,171236
28776,7.2e-05,172.217.194.0-255,4320,9054,12,171236
28777,7.5e-05,172.31.36.0-255,66,9120,12,171236
28778,8.1e-05,172.217.194.0-255,4941,14061,12,171236
28779,8.4e-05,172.31.36.0-255,66,14127,12,171236
28780,8.9e-05,172.217.194.0-255,2902,17029,12,171236
28781,9.1e-05,172.31.36.0-255,66,17095,12,171236
28782,0.000127,172.31.36.0-255,66,17161,12,171236
28783,0.000133,172.217.194.0-255,5379,22540,12,171236
28784,0.000136,172.31.36.0-255,66,22606,12,171236
28785,0.000615,172.217.194.0-255,1484,24090,12,171236
28786,0.000621,172.31.36.0-255,66,24156,12,171236
28787,0.00063,172.217.194.0-255,2902,27058,12,171236
28788,0.000633,172.31.36.0-255,66,27124,12,171236
28789,0.00064,172.217.194.0-255,5738,32862,12,171236
28790,0.000642,172.31.36.0-255,66,32928,12,171236
28791,0.00067,172.31.36.0-255,66,32994,12,171236
28792,0.000712,172.217.194.0-255,4320,37314,12,171236
28793,0.000716,172.31.36.0-255,66,37380,12,171236
28794,0.000746,172.31.36.0-255,66,37446,12,171236
28795,0.000862,172.217.194.0-255,360,37806,12,171236
28796,0.000866,172.31.36.0-255,66,37872,12,171236
28797,0.000891,172.217.194.0-255,1484,39356,12,171236
28798,0.000894,172.31.36.0-255,66,39422,12,171236
28799,0.000916,172.217.194.0-255,4320,43742,12,171236
28800,0.00092,172.31.36.0-255,66,43808,12,171236
28801,0.000923,172.217.194.0-255,1484,45292,12,171236
28802,0.000943,172.217.194.0-255,5738,51030,12,171236
28803,0.000946,172.31.36.0-255,66,51096,12,171236
28804,0.000949,172.217.194.0-255,1484,52580,12,171236
28805,0.000969,172.31.36.0-255,66,52646,12,171236
28806,0.000988,172.217.194.0-255,5738,58384,12,171236
28807,0.00099,172.31.36.0-255,66,58450,12,171236
28808,0.000996,172.217.194.0-255,5020,63470,12,171236
28809,0.000998,172.31.36.0-255,66,63536,12,171236
28810,0.00126,172.217.194.0-255,384,63920,12,171236
28811,0.001665,172.217.194.0-255,1484,65404,12,171236
28812,0.001669,172.31.36.0-255,66,65470,12,171236
28813,0.001688,172.217.194.0-255,2902,68372,12,171236
28814,0.001691,172.31.36.0-255,66,68438,12,171236
28815,0.001697,172.217.194.0-255,5738,74176,12,171236
28816,0.001699,172.31.36.0-255,66,74242,12,171236
28817,0.001726,172.217.194.0-255,7156,81398,12,171236
28818,0.001728,172.31.36.0-255,66,81464,12,171236
28819,0.001741,172.217.194.0-255,5738,87202,12,171236
28820,0.001744,172.31.36.0-255,66,87268,12,171236
28821,0.001747,172.217.194.0-255,2902,90170,12,171236
28822,0.00175,172.31.36.0-255,66,90236,12,171236
28823,0.001773,172.217.194.0-255,2902,93138,12,171236
28824,0.001775,172.31.36.0-255,66,93204,12,171236
28825,0.001822,172.217.194.0-255,5020,98224,12,171236
28826,0.001825,172.31.36.0-255,66,98290,12,171236
28827,0.002541,172.217.194.0-255,1484,99774,12,171236
28828,0.002545,172.217.194.0-255,1484,101258,12,171236
28829,0.002548,172.31.36.0-255,66,101324,12,171236
28830,0.002566,172.217.194.0-255,1484,102808,12,171236
28831,0.002572,172.217.194.0-255,5738,108546,12,171236
28832,0.002575,172.31.36.0-255,66,108612,12,171236
28833,0.002579,172.217.194.0-255,2902,111514,12,171236
28834,0.002581,172.31.36.0-255,66,111580,12,171236
28835,0.002595,172.217.194.0-255,2902,114482,12,171236
28836,0.002596,172.31.36.0-255,66,114548,12,171236
28837,0.005137,172.217.194.0-255,5738,120286,12,171236
28838,0.00514,172.31.36.0-255,66,120352,12,171236
28839,0.007677,172.217.194.0-255,5738,126090,12,171236
28840,0.007684,172.31.36.0-255,66,126156,12,171236
28841,0.010234,172.217.194.0-255,5738,131894,12,171236
28842,0.010242,172.31.36.0-255,66,131960,12,171236
28843,0.012813,172.217.194.0-255,5738,137698,12,171236
28844,0.012822,172.31.36.0-255,66,137764,12,171236
28845,0.0154,172.217.194.0-255,5738,143502,12,171236
28846,0.015411,172.31.36.0-255,66,143568,12,171236
28847,0.017985,172.217.194.0-255,5738,149306,12,171236
28848,0.017991,172.31.36.0-255,66,149372,12,171236
28849,0.020531,172.217.194.0-255,5738,155110,12,171236
28850,0.020537,172.31.36.0-255,66,155176,12,171236
28851,0.023081,172.217.194.0-255,5738,160914,12,171236
28852,0.023088,172.31.36.0-255,66,160980,12,171236
28853,0.025624,172.217.194.0-255,4320,165300,12,171236
28854,0.025631,172.31.36.0-255,66,165366,12,171236
28855,0.025651,172.217.194.0-255,1484,166850,12,171236
28856,0.028196,172.217.194.0-255,4320,171170,12,171236
28857,0.028204,172.31.36.0-255,66,171236,12,171236
28858,0.0,172.253.118.0-255,152,152,12,284615
28859,2.9e-05,172.31.36.0-255,66,218,12,284615
28860,3.6e-05,172.253.118.0-255,1484,1702,12,284615
28861,4.1e-05,172.31.36.0-255,66,1768,12,284615
28862,5.4e-05,172.253.118.0-255,2902,4670,12,284615
28863,5.7e-05,172.31.36.0-255,66,4736,12,284615
28864,6.5e-05,172.253.118.0-255,7156,11892,12,284615
28865,6.7e-05,172.31.36.0-255,66,11958,12,284615
28866,7.2e-05,172.253.118.0-255,2103,14061,12,284615
28867,7.4e-05,172.31.36.0-255,66,14127,12,284615
28868,0.000113,172.31.36.0-255,66,14193,12,284615
28869,0.000141,172.253.118.0-255,1484,15677,12,284615
28870,0.000145,172.31.36.0-255,66,15743,12,284615
28871,0.000152,172.253.118.0-255,5379,21122,12,284615
28872,0.000155,172.31.36.0-255,66,21188,12,284615
28873,0.000207,172.253.118.0-255,1484,22672,12,284615
28874,0.00021,172.31.36.0-255,66,22738,12,284615
28875,0.000215,172.253.118.0-255,2902,25640,12,284615
28876,0.000217,172.31.36.0-255,66,25706,12,284615
28877,0.000247,172.253.118.0-255,5738,31444,12,284615
28878,0.00025,172.31.36.0-255,66,31510,12,284615
28879,0.000301,172.31.36.0-255,66,31576,12,284615
28880,0.000314,172.31.36.0-255,66,31642,12,284615
28881,0.000344,172.253.118.0-255,1399,33041,12,284615
28882,0.000348,172.31.36.0-255,66,33107,12,284615
28883,0.000374,172.253.118.0-255,130,33237,12,284615
28884,0.000377,172.31.36.0-255,66,33303,12,284615
28885,0.000401,172.253.118.0-255,347,33650,12,284615
28886,0.000406,172.31.36.0-255,66,33716,12,284615
28887,0.00084,172.253.118.0-255,1484,35200,12,284615
28888,0.000846,172.253.118.0-255,1484,36684,12,284615
28889,0.000851,172.31.36.0-255,66,36750,12,284615
28890,0.000873,172.253.118.0-255,1484,38234,12,284615
28891,0.00088,172.253.118.0-255,5738,43972,12,284615
28892,0.000884,172.31.36.0-255,66,44038,12,284615
28893,0.000891,172.253.118.0-255,7156,51194,12,284615
28894,0.000893,172.31.36.0-255,66,51260,12,284615
28895,0.000934,172.31.36.0-255,66,51326,12,284615
28896,0.000938,172.253.118.0-255,2184,53510,12,284615
28897,0.000941,172.31.36.0-255,66,53576,12,284615
28898,0.001203,172.253.118.0-255,1484,55060,12,284615
28899,0.001212,172.253.118.0-255,2902,57962,12,284615
28900,0.001215,172.31.36.0-255,66,58028,12,284615
28901,0.001242,172.253.118.0-255,5738,63766,12,284615
28902,0.001245,172.31.36.0-255,66,63832,12,284615
28903,0.001251,172.253.118.0-255,4320,68152,12,284615
28904,0.001253,172.31.36.0-255,66,68218,12,284615
28905,0.001287,172.31.36.0-255,66,68284,12,284615
28906,0.0013,172.31.36.0-255,66,68350,12,284615
28907,0.001418,172.253.118.0-255,1484,69834,12,284615
28908,0.001432,172.253.118.0-255,2902,72736,12,284615
28909,0.001435,172.31.36.0-255,66,72802,12,284615
28910,0.001442,172.253.118.0-255,4320,77122,12,284615
28911,0.001444,172.31.36.0-255,66,77188,12,284615
28912,0.001473,172.253.118.0-255,1484,78672,12,284615
28913,0.001482,172.253.118.0-255,7156,85828,12,284615
28914,0.001485,172.31.36.0-255,66,85894,12,284615
28915,0.001514,172.253.118.0-255,5738,91632,12,284615
28916,0.001517,172.31.36.0-255,66,91698,12,284615
28917,0.00152,172.253.118.0-255,1484,93182,12,284615
28918,0.001527,172.253.118.0-255,7156,100338,12,284615
28919,0.001529,172.31.36.0-255,66,100404,12,284615
28920,0.00155,172.253.118.0-255,2184,102588,12,284615
28921,0.001552,172.31.36.0-255,66,102654,12,284615
28922,0.001572,172.253.118.0-255,4320,106974,12,284615
28923,0.001576,172.31.36.0-255,66,107040,12,284615
28924,0.001602,172.253.118.0-255,1484,108524,12,284615
28925,0.001632,172.253.118.0-255,4320,112844,12,284615
28926,0.001635,172.31.36.0-255,66,112910,12,284615
28927,0.001641,172.253.118.0-255,4320,117230,12,284615
28928,0.001644,172.31.36.0-255,66,117296,12,284615
28929,0.001649,172.253.118.0-255,4320,121616,12,284615
28930,0.001652,172.31.36.0-255,66,121682,12,284615
28931,0.001685,172.253.118.0-255,7156,128838,12,284615
28932,0.001689,172.31.36.0-255,66,128904,12,284615
28933,0.001699,172.31.36.0-255,66,128970,12,284615
28934,0.001726,172.253.118.0-255,1484,130454,12,284615
28935,0.001731,172.253.118.0-255,2902,133356,12,284615
28936,0.001734,172.31.36.0-255,66,133422,12,284615
28937,0.001765,172.253.118.0-255,5738,139160,12,284615
28938,0.001769,172.31.36.0-255,66,139226,12,284615
28939,0.001773,172.253.118.0-255,2902,142128,12,284615
28940,0.001776,172.31.36.0-255,66,142194,12,284615
28941,0.001816,172.31.36.0-255,66,142260,12,284615
28942,0.001838,172.253.118.0-255,7156,149416,12,284615
28943,0.001842,172.31.36.0-255,66,149482,12,284615
28944,0.001867,172.253.118.0-255,3602,153084,12,284615
28945,0.001869,172.31.36.0-255,66,153150,12,284615
28946,0.001924,172.253.118.0-255,1484,154634,12,284615
28947,0.001951,172.253.118.0-255,2902,157536,12,284615
28948,0.001953,172.31.36.0-255,66,157602,12,284615
28949,0.001979,172.253.118.0-255,5738,163340,12,284615
28950,0.001981,172.31.36.0-255,66,163406,12,284615
28951,0.001986,172.253.118.0-255,2902,166308,12,284615
28952,0.001988,172.31.36.0-255,66,166374,12,284615
28953,0.002018,172.253.118.0-255,1484,167858,12,284615
28954,0.002094,172.253.118.0-255,1484,169342,12,284615
28955,0.002097,172.253.118.0-255,1484,170826,12,284615
28956,0.002115,172.253.118.0-255,1484,172310,12,284615
28957,0.00212,172.253.118.0-255,5738,178048,12,284615
28958,0.002182,172.253.118.0-255,4320,182368,12,284615
28959,0.00221,172.253.118.0-255,5738,188106,12,284615
28960,0.002227,172.253.118.0-255,5020,193126,12,284615
28961,0.00227,172.253.118.0-255,5738,198864,12,284615
28962,0.002283,172.253.118.0-255,4320,203184,12,284615
28963,0.002296,172.253.118.0-255,2902,206086,12,284615
28964,0.002308,172.253.118.0-255,1484,207570,12,284615
28965,0.002325,172.253.118.0-255,7156,214726,12,284615
28966,0.002339,172.253.118.0-255,5738,220464,12,284615
28967,0.002341,172.253.118.0-255,1484,221948,12,284615
28968,0.002355,172.253.118.0-255,2902,224850,12,284615
28969,0.002367,172.253.118.0-255,2184,227034,12,284615
28970,0.002441,172.253.118.0-255,1484,228518,12,284615
28971,0.002445,172.253.118.0-255,1484,230002,12,284615
28972,0.002465,172.253.118.0-255,1484,231486,12,284615
28973,0.002471,172.253.118.0-255,5738,237224,12,284615
28974,0.002504,172.253.118.0-255,1484,238708,12,284615
28975,0.002509,172.31.36.0-255,78,238786,12,284615
28976,0.002513,172.253.118.0-255,1484,240270,12,284615
28977,0.002516,172.253.118.0-255,1484,241754,12,284615
28978,0.002521,172.253.118.0-255,4320,246074,12,284615
28979,0.002537,172.253.118.0-255,2902,248976,12,284615
28980,0.00254,172.253.118.0-255,766,249742,12,284615
28981,0.002561,172.253.118.0-255,1484,251226,12,284615
28982,0.002581,172.253.118.0-255,1484,252710,12,284615
28983,0.002586,172.253.118.0-255,2902,255612,12,284615
28984,0.002602,172.253.118.0-255,1484,257096,12,284615
28985,0.002607,172.253.118.0-255,4320,261416,12,284615
28986,0.002619,172.253.118.0-255,4320,265736,12,284615
28987,0.00266,172.253.118.0-255,5738,271474,12,284615
28988,0.002662,172.253.118.0-255,1484,272958,12,284615
28989,0.002665,172.31.36.0-255,78,273036,12,284615
28990,0.002671,172.253.118.0-255,5020,278056,12,284615
28991,0.002696,172.253.118.0-255,4320,282376,12,284615
28992,0.002709,172.253.118.0-255,1897,284273,12,284615
28993,0.002743,172.253.118.0-255,105,284378,12,284615
28994,0.004783,172.31.36.0-255,66,284444,12,284615
28995,0.007211,172.31.36.0-255,105,284549,12,284615
28996,0.009469,172.253.118.0-255,66,284615,12,284615
28997,0.0,172.217.194.0-255,148,148,12,252946
28998,3.3e-05,172.31.36.0-255,66,214,12,252946
28999,4e-05,172.217.194.0-255,1484,1698,12,252946
29000,4.5e-05,172.31.36.0-255,66,1764,12,252946
29001,5.9e-05,172.217.194.0-255,2902,4666,12,252946
29002,6.2e-05,172.31.36.0-255,66,4732,12,252946
29003,6.9e-05,172.217.194.0-255,7156,11888,12,252946
29004,7.3e-05,172.31.36.0-255,66,11954,12,252946
29005,7.8e-05,172.217.194.0-255,2003,13957,12,252946
29006,8.2e-05,172.31.36.0-255,66,14023,12,252946
29007,8.8e-05,172.217.194.0-255,2902,16925,12,252946
29008,9e-05,172.31.36.0-255,66,16991,12,252946
29009,9.6e-05,172.217.194.0-255,5738,22729,12,252946
29010,9.9e-05,172.31.36.0-255,66,22795,12,252946
29011,0.000121,172.217.194.0-255,1484,24279,12,252946
29012,0.000123,172.31.36.0-255,66,24345,12,252946
29013,0.000131,172.217.194.0-255,6797,31142,12,252946
29014,0.000134,172.31.36.0-255,66,31208,12,252946
29015,0.000253,172.217.194.0-255,1484,32692,12,252946
29016,0.000258,172.31.36.0-255,66,32758,12,252946
29017,0.000264,172.217.194.0-255,2902,35660,12,252946
29018,0.000266,172.31.36.0-255,66,35726,12,252946
29019,0.00029,172.217.194.0-255,5738,41464,12,252946
29020,0.000294,172.31.36.0-255,66,41530,12,252946
29021,0.000362,172.217.194.0-255,5738,47268,12,252946
29022,0.000367,172.31.36.0-255,66,47334,12,252946
29023,0.000395,172.217.194.0-255,5379,52713,12,252946
29024,0.000398,172.31.36.0-255,66,52779,12,252946
29025,0.000412,172.31.36.0-255,66,52845,12,252946
29026,0.000415,172.217.194.0-255,1125,53970,12,252946
29027,0.000417,172.31.36.0-255,66,54036,12,252946
29028,0.000612,172.217.194.0-255,385,54421,12,252946
29029,0.000661,172.217.194.0-255,361,54782,12,252946
29030,0.000888,172.217.194.0-255,1484,56266,12,252946
29031,0.000894,172.31.36.0-255,66,56332,12,252946
29032,0.0009,172.217.194.0-255,2902,59234,12,252946
29033,0.000902,172.31.36.0-255,66,59300,12,252946
29034,0.000908,172.217.194.0-255,5738,65038,12,252946
29035,0.000917,172.31.36.0-255,66,65104,12,252946
29036,0.000968,172.31.36.0-255,66,65170,12,252946
29037,0.000976,172.217.194.0-255,7156,72326,12,252946
29038,0.000978,172.31.36.0-255,66,72392,12,252946
29039,0.001009,172.217.194.0-255,3602,75994,12,252946
29040,0.001013,172.31.36.0-255,66,76060,12,252946
29041,0.001662,172.217.194.0-255,1484,77544,12,252946
29042,0.00167,172.217.194.0-255,2902,80446,12,252946
29043,0.001674,172.31.36.0-255,66,80512,12,252946
29044,0.001681,172.217.194.0-255,5738,86250,12,252946
29045,0.001683,172.31.36.0-255,66,86316,12,252946
29046,0.001715,172.31.36.0-255,66,86382,12,252946
29047,0.001726,172.31.36.0-255,66,86448,12,252946
29048,0.001755,172.217.194.0-255,766,87214,12,252946
29049,0.001923,172.217.194.0-255,1484,88698,12,252946
29050,0.001925,172.31.36.0-255,66,88764,12,252946
29051,0.00193,172.217.194.0-255,2902,91666,12,252946
29052,0.001931,172.31.36.0-255,66,91732,12,252946
29053,0.00196,172.217.194.0-255,5738,97470,12,252946
29054,0.001962,172.31.36.0-255,66,97536,12,252946
29055,0.001967,172.217.194.0-255,2902,100438,12,252946
29056,0.00197,172.31.36.0-255,66,100504,12,252946
29057,0.001995,172.217.194.0-255,7156,107660,12,252946
29058,0.001998,172.31.36.0-255,66,107726,12,252946
29059,0.002032,172.31.36.0-255,66,107792,12,252946
29060,0.00209,172.217.194.0-255,1484,109276,12,252946
29061,0.002107,172.217.194.0-255,2902,112178,12,252946
29062,0.00211,172.31.36.0-255,66,112244,12,252946
29063,0.002116,172.217.194.0-255,5738,117982,12,252946
29064,0.002118,172.31.36.0-255,66,118048,12,252946
29065,0.002157,172.31.36.0-255,66,118114,12,252946
29066,0.00216,172.217.194.0-255,1484,119598,12,252946
29067,0.002191,172.31.36.0-255,66,119664,12,252946
29068,0.002306,172.217.194.0-255,1484,121148,12,252946
29069,0.00231,172.217.194.0-255,2902,124050,12,252946
29070,0.002313,172.31.36.0-255,66,124116,12,252946
29071,0.002318,172.217.194.0-255,2902,127018,12,252946
29072,0.00232,172.31.36.0-255,66,127084,12,252946
29073,0.00234,172.217.194.0-255,2902,129986,12,252946
29074,0.002343,172.31.36.0-255,66,130052,12,252946
29075,0.002358,172.31.36.0-255,66,130118,12,252946
29076,0.002383,172.217.194.0-255,4320,134438,12,252946
29077,0.002386,172.31.36.0-255,66,134504,12,252946
29078,0.002393,172.217.194.0-255,7156,141660,12,252946
29079,0.002395,172.31.36.0-255,66,141726,12,252946
29080,0.002398,172.217.194.0-255,1484,143210,12,252946
29081,0.002458,172.217.194.0-255,2184,145394,12,252946
29082,0.002461,172.31.36.0-255,66,145460,12,252946
29083,0.002625,172.217.194.0-255,1484,146944,12,252946
29084,0.002628,172.217.194.0-255,1484,148428,12,252946
29085,0.002631,172.31.36.0-255,66,148494,12,252946
29086,0.002655,172.217.194.0-255,4320,152814,12,252946
29087,0.002657,172.31.36.0-255,66,152880,12,252946
29088,0.002662,172.217.194.0-255,4320,157200,12,252946
29089,0.002664,172.31.36.0-255,66,157266,12,252946
29090,0.002706,172.217.194.0-255,5738,163004,12,252946
29091,0.002708,172.31.36.0-255,66,163070,12,252946
29092,0.002715,172.217.194.0-255,5738,168808,12,252946
29093,0.00279,172.217.194.0-255,1484,170292,12,252946
29094,0.002806,172.217.194.0-255,2902,173194,12,252946
29095,0.002827,172.217.194.0-255,5738,178932,12,252946
29096,0.002834,172.217.194.0-255,5738,184670,12,252946
29097,0.002855,172.217.194.0-255,5738,190408,12,252946
29098,0.002872,172.217.194.0-255,7156,197564,12,252946
29099,0.002899,172.217.194.0-255,2902,200466,12,252946
29100,0.00292,172.217.194.0-255,7156,207622,12,252946
29101,0.002938,172.217.194.0-255,4320,211942,12,252946
29102,0.002981,172.217.194.0-255,1484,213426,12,252946
29103,0.003011,172.217.194.0-255,7156,220582,12,252946
29104,0.003024,172.217.194.0-255,5738,226320,12,252946
29105,0.003029,172.217.194.0-255,4320,230640,12,252946
29106,0.003049,172.217.194.0-255,5020,235660,12,252946
29107,0.003068,172.217.194.0-255,4320,239980,12,252946
29108,0.003086,172.217.194.0-255,5738,245718,12,252946
29109,0.003121,172.217.194.0-255,4320,250038,12,252946
29110,0.003155,172.217.194.0-255,2566,252604,12,252946
29111,0.003174,172.217.194.0-255,105,252709,12,252946
29112,0.005284,172.31.36.0-255,66,252775,12,252946
29113,0.00871,172.31.36.0-255,105,252880,12,252946
29114,0.010908,172.217.194.0-255,66,252946,12,252946
29115,0.0,172.217.194.0-255,152,152,12,201548
29116,3.5e-05,172.31.36.0-255,66,218,12,201548
29117,4.2e-05,172.217.194.0-255,1484,1702,12,201548
29118,4.7e-05,172.31.36.0-255,66,1768,12,201548
29119,5.2e-05,172.217.194.0-255,2902,4670,12,201548
29120,5.4e-05,172.31.36.0-255,66,4736,12,201548
29121,6e-05,172.217.194.0-255,5738,10474,12,201548
29122,6.3e-05,172.31.36.0-255,66,10540,12,201548
29123,7.5e-05,172.31.36.0-255,66,10606,12,201548
29124,8.8e-05,172.31.36.0-255,66,10672,12,201548
29125,9.1e-05,172.217.194.0-255,1125,11797,12,201548
29126,9.3e-05,172.31.36.0-255,66,11863,12,201548
29127,0.000139,172.217.194.0-255,1484,13347,12,201548
29128,0.000142,172.31.36.0-255,66,13413,12,201548
29129,0.000147,172.217.194.0-255,2902,16315,12,201548
29130,0.000149,172.31.36.0-255,66,16381,12,201548
29131,0.000156,172.217.194.0-255,5738,22119,12,201548
29132,0.000158,172.31.36.0-255,66,22185,12,201548
29133,0.000172,172.31.36.0-255,66,22251,12,201548
29134,0.0002,172.217.194.0-255,2543,24794,12,201548
29135,0.000203,172.31.36.0-255,66,24860,12,201548
29136,0.000217,172.31.36.0-255,66,24926,12,201548
29137,0.000504,172.217.194.0-255,362,25288,12,201548
29138,0.000509,172.31.36.0-255,66,25354,12,201548
29139,0.000513,172.217.194.0-255,380,25734,12,201548
29140,0.000515,172.31.36.0-255,66,25800,12,201548
29141,0.000931,172.217.194.0-255,1484,27284,12,201548
29142,0.000937,172.31.36.0-255,66,27350,12,201548
29143,0.000945,172.217.194.0-255,2902,30252,12,201548
29144,0.000948,172.31.36.0-255,66,30318,12,201548
29145,0.000953,172.217.194.0-255,4320,34638,12,201548
29146,0.000955,172.31.36.0-255,66,34704,12,201548
29147,0.000971,172.217.194.0-255,1484,36188,12,201548
29148,0.000979,172.217.194.0-255,5738,41926,12,201548
29149,0.000982,172.31.36.0-255,66,41992,12,201548
29150,0.001002,172.217.194.0-255,7156,49148,12,201548
29151,0.001005,172.31.36.0-255,66,49214,12,201548
29152,0.001011,172.217.194.0-255,4320,53534,12,201548
29153,0.001013,172.31.36.0-255,66,53600,12,201548
29154,0.001057,172.217.194.0-255,6438,60038,12,201548
29155,0.001061,172.31.36.0-255,66,60104,12,201548
29156,0.001083,172.217.194.0-255,1484,61588,12,201548
29157,0.001113,172.217.194.0-255,1484,63072,12,201548
29158,0.001116,172.31.36.0-255,66,63138,12,201548
29159,0.001132,172.217.194.0-255,1484,64622,12,201548
29160,0.001139,172.217.194.0-255,5738,70360,12,201548
29161,0.001141,172.31.36.0-255,66,70426,12,201548
29162,0.001154,172.31.36.0-255,66,70492,12,201548
29163,0.001166,172.31.36.0-255,66,70558,12,201548
29164,0.00121,172.217.194.0-255,1484,72042,12,201548
29165,0.001224,172.217.194.0-255,2902,74944,12,201548
29166,0.001228,172.31.36.0-255,66,75010,12,201548
29167,0.001231,172.217.194.0-255,1484,76494,12,201548
29168,0.001251,172.217.194.0-255,4320,80814,12,201548
29169,0.001254,172.31.36.0-255,66,80880,12,201548
29170,0.001267,172.31.36.0-255,66,80946,12,201548
29171,0.001324,172.31.36.0-255,66,81012,12,201548
29172,0.001343,172.217.194.0-255,2184,83196,12,201548
29173,0.001346,172.31.36.0-255,66,83262,12,201548
29174,0.001359,172.31.36.0-255,66,83328,12,201548
29175,0.001397,172.31.36.0-255,66,83394,12,201548
29176,0.001417,172.217.194.0-255,5020,88414,12,201548
29177,0.00142,172.31.36.0-255,66,88480,12,201548
29178,0.001433,172.31.36.0-255,66,88546,12,201548
29179,0.001459,172.217.194.0-255,1484,90030,12,201548
29180,0.00148,172.31.36.0-255,66,90096,12,201548
29181,0.001485,172.217.194.0-255,4320,94416,12,201548
29182,0.001488,172.31.36.0-255,66,94482,12,201548
29183,0.001501,172.217.194.0-255,2184,96666,12,201548
29184,0.001503,172.31.36.0-255,66,96732,12,201548
29185,0.001544,172.217.194.0-255,1484,98216,12,201548
29186,0.001548,172.217.194.0-255,2902,101118,12,201548
29187,0.001551,172.31.36.0-255,66,101184,12,201548
29188,0.001573,172.217.194.0-255,5738,106922,12,201548
29189,0.001576,172.31.36.0-255,66,106988,12,201548
29190,0.00159,172.217.194.0-255,1484,108472,12,201548
29191,0.001619,172.31.36.0-255,66,108538,12,201548
29192,0.001628,172.31.36.0-255,66,108604,12,201548
29193,0.00164,172.217.194.0-255,2184,110788,12,201548
29194,0.001642,172.31.36.0-255,66,110854,12,201548
29195,0.00167,172.217.194.0-255,2902,113756,12,201548
29196,0.001672,172.31.36.0-255,66,113822,12,201548
29197,0.001734,172.31.36.0-255,66,113888,12,201548
29198,0.00175,172.217.194.0-255,5738,119626,12,201548
29199,0.001753,172.31.36.0-255,66,119692,12,201548
29200,0.001766,172.31.36.0-255,66,119758,12,201548
29201,0.001778,172.217.194.0-255,1484,121242,12,201548
29202,0.001793,172.217.194.0-255,2902,124144,12,201548
29203,0.001796,172.31.36.0-255,66,124210,12,201548
29204,0.001818,172.217.194.0-255,5738,129948,12,201548
29205,0.00182,172.31.36.0-255,66,130014,12,201548
29206,0.001826,172.217.194.0-255,5738,135752,12,201548
29207,0.001827,172.31.36.0-255,66,135818,12,201548
29208,0.00186,172.31.36.0-255,66,135884,12,201548
29209,0.001863,172.217.194.0-255,1484,137368,12,201548
29210,0.001879,172.217.194.0-255,3602,140970,12,201548
29211,0.001881,172.31.36.0-255,66,141036,12,201548
29212,0.001902,172.217.194.0-255,5738,146774,12,201548
29213,0.001904,172.31.36.0-255,66,146840,12,201548
29214,0.001927,172.217.194.0-255,2902,149742,12,201548
29215,0.001929,172.31.36.0-255,66,149808,12,201548
29216,0.001949,172.217.194.0-255,7156,156964,12,201548
29217,0.001951,172.31.36.0-255,66,157030,12,201548
29218,0.001973,172.217.194.0-255,2902,159932,12,201548
29219,0.001975,172.31.36.0-255,66,159998,12,201548
29220,0.001981,172.217.194.0-255,5738,165736,12,201548
29221,0.001983,172.31.36.0-255,66,165802,12,201548
29222,0.002004,172.31.36.0-255,66,165868,12,201548
29223,0.002024,172.217.194.0-255,6438,172306,12,201548
29224,0.002027,172.31.36.0-255,66,172372,12,201548
29225,0.002037,172.31.36.0-255,66,172438,12,201548
29226,0.002043,172.217.194.0-255,4320,176758,12,201548
29227,0.002044,172.31.36.0-255,66,176824,12,201548
29228,0.00398,172.217.194.0-255,1484,178308,12,201548
29229,0.003996,172.217.194.0-255,4320,182628,12,201548
29230,0.003999,172.31.36.0-255,66,182694,12,201548
29231,0.005964,172.217.194.0-255,5738,188432,12,201548
29232,0.005972,172.31.36.0-255,66,188498,12,201548
29233,0.007929,172.217.194.0-255,5738,194236,12,201548
29234,0.007938,172.31.36.0-255,66,194302,12,201548
29235,0.009889,172.217.194.0-255,2902,197204,12,201548
29236,0.009895,172.31.36.0-255,66,197270,12,201548
29237,0.009909,172.217.194.0-255,2902,200172,12,201548
29238,0.009912,172.31.36.0-255,66,200238,12,201548
29239,0.011821,172.217.194.0-255,1073,201311,12,201548
29240,0.01739,172.31.36.0-255,66,201377,12,201548
29241,0.017421,172.31.36.0-255,105,201482,12,201548
29242,0.019373,172.217.194.0-255,66,201548,12,201548
29243,0.0,74.125.24.0-255,152,152,12,260525
29244,3.2e-05,172.31.36.0-255,66,218,12,260525
29245,4e-05,74.125.24.0-255,1484,1702,12,260525
29246,4.4e-05,172.31.36.0-255,66,1768,12,260525
29247,4.9e-05,74.125.24.0-255,2902,4670,12,260525
29248,5.1e-05,172.31.36.0-255,66,4736,12,260525
29249,6.7e-05,74.125.24.0-255,2902,7638,12,260525
29250,7e-05,172.31.36.0-255,66,7704,12,260525
29251,9.5e-05,74.125.24.0-255,6330,14034,12,260525
29252,9.9e-05,172.31.36.0-255,66,14100,12,260525
29253,0.000181,74.125.24.0-255,1484,15584,12,260525
29254,0.000186,172.31.36.0-255,66,15650,12,260525
29255,0.000191,74.125.24.0-255,2902,18552,12,260525
29256,0.000196,172.31.36.0-255,66,18618,12,260525
29257,0.000202,74.125.24.0-255,5738,24356,12,260525
29258,0.000204,172.31.36.0-255,66,24422,12,260525
29259,0.000253,74.125.24.0-255,6797,31219,12,260525
29260,0.000258,172.31.36.0-255,66,31285,12,260525
29261,0.000708,74.125.24.0-255,1484,32769,12,260525
29262,0.000714,172.31.36.0-255,66,32835,12,260525
29263,0.000723,74.125.24.0-255,2902,35737,12,260525
29264,0.000725,172.31.36.0-255,66,35803,12,260525
29265,0.000731,74.125.24.0-255,5738,41541,12,260525
29266,0.000734,172.31.36.0-255,66,41607,12,260525
29267,0.000739,74.125.24.0-255,4320,45927,12,260525
29268,0.000741,172.31.36.0-255,66,45993,12,260525
29269,0.00076,74.125.24.0-255,1484,47477,12,260525
29270,0.000763,172.31.36.0-255,66,47543,12,260525
29271,0.00077,74.125.24.0-255,5738,53281,12,260525
29272,0.000772,172.31.36.0-255,66,53347,12,260525
29273,0.000793,172.31.36.0-255,66,53413,12,260525
29274,0.000799,74.125.24.0-255,3961,57374,12,260525
29275,0.000801,172.31.36.0-255,66,57440,12,260525
29276,0.000822,74.125.24.0-255,647,58087,12,260525
29277,0.000909,74.125.24.0-255,1484,59571,12,260525
29278,0.000916,172.31.36.0-255,66,59637,12,260525
29279,0.000922,74.125.24.0-255,2902,62539,12,260525
29280,0.000924,172.31.36.0-255,66,62605,12,260525
29281,0.000949,74.125.24.0-255,5738,68343,12,260525
29282,0.000952,172.31.36.0-255,66,68409,12,260525
29283,0.00098,74.125.24.0-255,4320,72729,12,260525
29284,0.000982,172.31.36.0-255,66,72795,12,260525
29285,0.001004,74.125.24.0-255,5738,78533,12,260525
29286,0.001007,172.31.36.0-255,66,78599,12,260525
29287,0.001012,74.125.24.0-255,4320,82919,12,260525
29288,0.001015,172.31.36.0-255,66,82985,12,260525
29289,0.001072,74.125.24.0-255,2902,85887,12,260525
29290,0.001076,172.31.36.0-255,66,85953,12,260525
29291,0.001097,74.125.24.0-255,6438,92391,12,260525
29292,0.0011,172.31.36.0-255,66,92457,12,260525
29293,0.001519,74.125.24.0-255,1484,93941,12,260525
29294,0.001526,74.125.24.0-255,2902,96843,12,260525
29295,0.001532,172.31.36.0-255,66,96909,12,260525
29296,0.001538,74.125.24.0-255,5738,102647,12,260525
29297,0.00154,172.31.36.0-255,66,102713,12,260525
29298,0.001553,74.125.24.0-255,2902,105615,12,260525
29299,0.001555,172.31.36.0-255,66,105681,12,260525
29300,0.001576,74.125.24.0-255,5738,111419,12,260525
29301,0.001578,172.31.36.0-255,66,111485,12,260525
29302,0.00163,172.31.36.0-255,66,111551,12,260525
29303,0.001648,74.125.24.0-255,1484,113035,12,260525
29304,0.001667,74.125.24.0-255,2902,115937,12,260525
29305,0.00167,172.31.36.0-255,66,116003,12,260525
29306,0.001676,74.125.24.0-255,5738,121741,12,260525
29307,0.001678,172.31.36.0-255,66,121807,12,260525
29308,0.00168,74.125.24.0-255,1484,123291,12,260525
29309,0.001714,172.31.36.0-255,66,123357,12,260525
29310,0.00172,74.125.24.0-255,5738,129095,12,260525
29311,0.001723,172.31.36.0-255,66,129161,12,260525
29312,0.001754,74.125.24.0-255,5738,134899,12,260525
29313,0.001757,172.31.36.0-255,66,134965,12,260525
29314,0.001773,74.125.24.0-255,766,135731,12,260525
29315,0.001875,74.125.24.0-255,1484,137215,12,260525
29316,0.001877,172.31.36.0-255,66,137281,12,260525
29317,0.001903,74.125.24.0-255,2902,140183,12,260525
29318,0.001905,172.31.36.0-255,66,140249,12,260525
29319,0.001921,74.125.24.0-255,1484,141733,12,260525
29320,0.00194,74.125.24.0-255,4320,146053,12,260525
29321,0.001943,172.31.36.0-255,66,146119,12,260525
29322,0.001957,74.125.24.0-255,5738,151857,12,260525
29323,0.001959,172.31.36.0-255,66,151923,12,260525
29324,0.001981,74.125.24.0-255,7156,159079,12,260525
29325,0.001983,172.31.36.0-255,66,159145,12,260525
29326,0.002013,74.125.24.0-255,2902,162047,12,260525
29327,0.002016,172.31.36.0-255,66,162113,12,260525
29328,0.002037,172.31.36.0-255,66,162179,12,260525
29329,0.002161,74.125.24.0-255,1484,163663,12,260525
29330,0.00218,74.125.24.0-255,2902,166565,12,260525
29331,0.002181,172.31.36.0-255,66,166631,12,260525
29332,0.002184,74.125.24.0-255,1484,168115,12,260525
29333,0.002202,74.125.24.0-255,4320,172435,12,260525
29334,0.002204,172.31.36.0-255,66,172501,12,260525
29335,0.002206,74.125.24.0-255,1484,173985,12,260525
29336,0.002234,172.31.36.0-255,66,174051,12,260525
29337,0.002243,172.31.36.0-255,66,174117,12,260525
29338,0.002253,74.125.24.0-255,3602,177719,12,260525
29339,0.002255,172.31.36.0-255,66,177785,12,260525
29340,0.002285,74.125.24.0-255,1484,179269,12,260525
29341,0.002296,74.125.24.0-255,2902,182171,12,260525
29342,0.002298,172.31.36.0-255,66,182237,12,260525
29343,0.002301,74.125.24.0-255,1484,183721,12,260525
29344,0.002322,74.125.24.0-255,4320,188041,12,260525
29345,0.002327,74.125.24.0-255,4320,192361,12,260525
29346,0.002362,74.125.24.0-255,5738,198099,12,260525
29347,0.002381,74.125.24.0-255,4320,202419,12,260525
29348,0.004456,172.31.36.0-255,66,202485,12,260525
29349,0.006778,74.125.24.0-255,5738,208223,12,260525
29350,0.006783,172.31.36.0-255,66,208289,12,260525
29351,0.009115,74.125.24.0-255,5738,214027,12,260525
29352,0.009121,172.31.36.0-255,66,214093,12,260525
29353,0.011429,74.125.24.0-255,5738,219831,12,260525
29354,0.011434,172.31.36.0-255,66,219897,12,260525
29355,0.013732,74.125.24.0-255,5738,225635,12,260525
29356,0.013742,172.31.36.0-255,66,225701,12,260525
29357,0.016093,74.125.24.0-255,5738,231439,12,260525
29358,0.016101,172.31.36.0-255,66,231505,12,260525
29359,0.018464,74.125.24.0-255,5738,237243,12,260525
29360,0.018472,172.31.36.0-255,66,237309,12,260525
29361,0.020774,74.125.24.0-255,5738,243047,12,260525
29362,0.020782,172.31.36.0-255,66,243113,12,260525
29363,0.023084,74.125.24.0-255,5738,248851,12,260525
29364,0.02309,172.31.36.0-255,66,248917,12,260525
29365,0.025386,74.125.24.0-255,5738,254655,12,260525
29366,0.025393,172.31.36.0-255,66,254721,12,260525
29367,0.027708,74.125.24.0-255,5738,260459,12,260525
29368,0.027716,172.31.36.0-255,66,260525,12,260525
29369,0.0,172.31.36.0-255,105,105,12,276
29370,0.002081,157.240.13.0-255,105,210,12,276
29371,0.002095,172.31.36.0-255,66,276,12,276
29372,0.0,74.125.200.0-255,153,153,12,201671
29373,3.1e-05,172.31.36.0-255,66,219,12,201671
29374,3.8e-05,74.125.200.0-255,1484,1703,12,201671
29375,4.3e-05,172.31.36.0-255,66,1769,12,201671
29376,4.8e-05,74.125.200.0-255,2902,4671,12,201671
29377,5.2e-05,172.31.36.0-255,66,4737,12,201671
29378,5.8e-05,74.125.200.0-255,5738,10475,12,201671
29379,6.1e-05,172.31.36.0-255,66,10541,12,201671
29380,6.6e-05,74.125.200.0-255,3455,13996,12,201671
29381,6.8e-05,172.31.36.0-255,66,14062,12,201671
29382,0.000118,74.125.200.0-255,1484,15546,12,201671
29383,0.000121,172.31.36.0-255,66,15612,12,201671
29384,0.000135,74.125.200.0-255,2902,18514,12,201671
29385,0.000139,172.31.36.0-255,66,18580,12,201671
29386,0.000156,74.125.200.0-255,1484,20064,12,201671
29387,0.000159,172.31.36.0-255,66,20130,12,201671
29388,0.000172,74.125.200.0-255,4320,24450,12,201671
29389,0.000174,172.31.36.0-255,66,24516,12,201671
29390,0.00018,74.125.200.0-255,2902,27418,12,201671
29391,0.000182,172.31.36.0-255,66,27484,12,201671
29392,0.000203,74.125.200.0-255,3961,31445,12,201671
29393,0.000206,172.31.36.0-255,66,31511,12,201671
29394,0.000224,74.125.200.0-255,4320,35831,12,201671
29395,0.000227,172.31.36.0-255,66,35897,12,201671
29396,0.000249,74.125.200.0-255,5738,41635,12,201671
29397,0.000252,172.31.36.0-255,66,41701,12,201671
29398,0.000291,74.125.200.0-255,6797,48498,12,201671
29399,0.000295,172.31.36.0-255,66,48564,12,201671
29400,0.001267,74.125.200.0-255,1484,50048,12,201671
29401,0.001273,172.31.36.0-255,66,50114,12,201671
29402,0.001282,74.125.200.0-255,2902,53016,12,201671
29403,0.001284,172.31.36.0-255,66,53082,12,201671
29404,0.001304,74.125.200.0-255,5738,58820,12,201671
29405,0.001307,172.31.36.0-255,66,58886,12,201671
29406,0.001331,74.125.200.0-255,1484,60370,12,201671
29407,0.001337,74.125.200.0-255,2902,63272,12,201671
29408,0.00134,172.31.36.0-255,66,63338,12,201671
29409,0.001373,74.125.200.0-255,3961,67299,12,201671
29410,0.001376,172.31.36.0-255,66,67365,12,201671
29411,0.001397,74.125.200.0-255,4320,71685,12,201671
29412,0.001399,172.31.36.0-255,66,71751,12,201671
29413,0.001427,74.125.200.0-255,5738,77489,12,201671
29414,0.00143,172.31.36.0-255,66,77555,12,201671
29415,0.001453,74.125.200.0-255,7156,84711,12,201671
29416,0.001455,172.31.36.0-255,66,84777,12,201671
29417,0.001477,74.125.200.0-255,4320,89097,12,201671
29418,0.001479,172.31.36.0-255,66,89163,12,201671
29419,0.0015,74.125.200.0-255,5738,94901,12,201671
29420,0.001502,172.31.36.0-255,66,94967,12,201671
29421,0.001511,74.125.200.0-255,1484,96451,12,201671
29422,0.001529,74.125.200.0-255,3602,100053,12,201671
29423,0.001531,172.31.36.0-255,66,100119,12,201671
29424,0.001587,74.125.200.0-255,647,100766,12,201671
29425,0.002026,74.125.200.0-255,1484,102250,12,201671
29426,0.002028,172.31.36.0-255,66,102316,12,201671
29427,0.002032,74.125.200.0-255,1484,103800,12,201671
29428,0.002045,74.125.200.0-255,1484,105284,12,201671
29429,0.002047,172.31.36.0-255,66,105350,12,201671
29430,0.002071,74.125.200.0-255,5738,111088,12,201671
29431,0.002089,172.31.36.0-255,66,111154,12,201671
29432,0.002096,74.125.200.0-255,5738,116892,12,201671
29433,0.002099,172.31.36.0-255,66,116958,12,201671
29434,0.004137,74.125.200.0-255,5738,122696,12,201671
29435,0.004142,172.31.36.0-255,66,122762,12,201671
29436,0.006196,74.125.200.0-255,5738,128500,12,201671
29437,0.006201,172.31.36.0-255,66,128566,12,201671
29438,0.008251,74.125.200.0-255,5738,134304,12,201671
29439,0.008259,172.31.36.0-255,66,134370,12,201671
29440,0.01032,74.125.200.0-255,5738,140108,12,201671
29441,0.010328,172.31.36.0-255,66,140174,12,201671
29442,0.012387,74.125.200.0-255,5738,145912,12,201671
29443,0.012396,172.31.36.0-255,66,145978,12,201671
29444,0.014447,74.125.200.0-255,5738,151716,12,201671
29445,0.014456,172.31.36.0-255,66,151782,12,201671
29446,0.016507,74.125.200.0-255,5738,157520,12,201671
29447,0.016515,172.31.36.0-255,66,157586,12,201671
29448,0.018572,74.125.200.0-255,5738,163324,12,201671
29449,0.01858,172.31.36.0-255,66,163390,12,201671
29450,0.020648,74.125.200.0-255,5738,169128,12,201671
29451,0.020656,172.31.36.0-255,66,169194,12,201671
29452,0.022714,74.125.200.0-255,5738,174932,12,201671
29453,0.022724,172.31.36.0-255,66,174998,12,201671
29454,0.024754,172.31.36.0-255,172,175170,12,201671
29455,0.02478,74.125.200.0-255,5738,180908,12,201671
29456,0.024787,172.31.36.0-255,66,180974,12,201671
29457,0.024793,172.31.36.0-255,1107,182081,12,201671
29458,0.02489,172.31.36.0-255,1514,183595,12,201671
29459,0.024893,172.31.36.0-255,1514,185109,12,201671
29460,0.024894,172.31.36.0-255,1514,186623,12,201671
29461,0.024895,172.31.36.0-255,1514,188137,12,201671
29462,0.024896,172.31.36.0-255,1514,189651,12,201671
29463,0.024924,172.31.36.0-255,148,189799,12,201671
29464,0.0263,104.244.42.0-255,66,189865,12,201671
29465,0.026326,104.244.42.0-255,66,189931,12,201671
29466,0.026452,104.244.42.0-255,66,189997,12,201671
29467,0.026457,104.244.42.0-255,66,190063,12,201671
29468,0.026852,74.125.200.0-255,5738,195801,12,201671
29469,0.026858,172.31.36.0-255,66,195867,12,201671
29470,0.028934,74.125.200.0-255,5738,201605,12,201671
29471,0.028947,172.31.36.0-255,66,201671,12,201671
29472,0.0,74.125.24.0-255,146,146,12,155813
29473,1.4e-05,172.31.36.0-255,66,212,12,155813
29474,2e-05,74.125.24.0-255,1484,1696,12,155813
29475,2.4e-05,172.31.36.0-255,66,1762,12,155813
29476,2.9e-05,74.125.24.0-255,2902,4664,12,155813
29477,4.2e-05,172.31.36.0-255,66,4730,12,155813
29478,5e-05,74.125.24.0-255,7156,11886,12,155813
29479,5.3e-05,172.31.36.0-255,66,11952,12,155813
29480,9.5e-05,74.125.24.0-255,1967,13919,12,155813
29481,9.9e-05,172.31.36.0-255,66,13985,12,155813
29482,0.000194,74.125.24.0-255,1484,15469,12,155813
29483,0.000199,172.31.36.0-255,66,15535,12,155813
29484,0.000204,74.125.24.0-255,2902,18437,12,155813
29485,0.000206,172.31.36.0-255,66,18503,12,155813
29486,0.000209,74.125.24.0-255,2902,21405,12,155813
29487,0.000211,172.31.36.0-255,66,21471,12,155813
29488,0.000234,74.125.24.0-255,2902,24373,12,155813
29489,0.000235,172.31.36.0-255,66,24439,12,155813
29490,0.000279,172.31.36.0-255,66,24505,12,155813
29491,0.000292,172.31.36.0-255,66,24571,12,155813
29492,0.000353,172.31.36.0-255,66,24637,12,155813
29493,0.000356,74.125.24.0-255,395,25032,12,155813
29494,0.000358,172.31.36.0-255,66,25098,12,155813
29495,0.000381,74.125.24.0-255,113,25211,12,155813
29496,0.000384,172.31.36.0-255,66,25277,12,155813
29497,0.000404,74.125.24.0-255,333,25610,12,155813
29498,0.000406,172.31.36.0-255,66,25676,12,155813
29499,0.000598,74.125.24.0-255,1484,27160,12,155813
29500,0.000604,172.31.36.0-255,66,27226,12,155813
29501,0.00061,74.125.24.0-255,2902,30128,12,155813
29502,0.000612,172.31.36.0-255,66,30194,12,155813
29503,0.000618,74.125.24.0-255,5738,35932,12,155813
29504,0.000628,172.31.36.0-255,66,35998,12,155813
29505,0.000631,74.125.24.0-255,1484,37482,12,155813
29506,0.000663,172.31.36.0-255,66,37548,12,155813
29507,0.000695,74.125.24.0-255,2902,40450,12,155813
29508,0.000697,172.31.36.0-255,66,40516,12,155813
29509,0.000733,172.31.36.0-255,66,40582,12,155813
29510,0.000929,74.125.24.0-255,1484,42066,12,155813
29511,0.000937,74.125.24.0-255,2902,44968,12,155813
29512,0.000942,172.31.36.0-255,66,45034,12,155813
29513,0.000946,74.125.24.0-255,1484,46518,12,155813
29514,0.000975,74.125.24.0-255,4320,50838,12,155813
29515,0.00098,172.31.36.0-255,66,50904,12,155813
29516,0.000994,172.31.36.0-255,66,50970,12,155813
29517,0.000997,74.125.24.0-255,1484,52454,12,155813
29518,0.001064,172.31.36.0-255,66,52520,12,155813
29519,0.001149,74.125.24.0-255,1484,54004,12,155813
29520,0.001166,74.125.24.0-255,2902,56906,12,155813
29521,0.001171,172.31.36.0-255,66,56972,12,155813
29522,0.001177,74.125.24.0-255,5738,62710,12,155813
29523,0.001179,172.31.36.0-255,66,62776,12,155813
29524,0.001212,172.31.36.0-255,66,62842,12,155813
29525,0.001253,74.125.24.0-255,5738,68580,12,155813
29526,0.001257,172.31.36.0-255,66,68646,12,155813
29527,0.001284,172.31.36.0-255,66,68712,12,155813
29528,0.001362,74.125.24.0-255,1484,70196,12,155813
29529,0.001368,74.125.24.0-255,2902,73098,12,155813
29530,0.001371,172.31.36.0-255,66,73164,12,155813
29531,0.001375,74.125.24.0-255,1484,74648,12,155813
29532,0.001405,74.125.24.0-255,4320,78968,12,155813
29533,0.001408,172.31.36.0-255,66,79034,12,155813
29534,0.001415,74.125.24.0-255,5738,84772,12,155813
29535,0.001417,172.31.36.0-255,66,84838,12,155813
29536,0.001463,172.31.36.0-255,66,84904,12,155813
29537,0.001484,74.125.24.0-255,2902,87806,12,155813
29538,0.001486,172.31.36.0-255,66,87872,12,155813
29539,0.001493,74.125.24.0-255,5020,92892,12,155813
29540,0.001495,172.31.36.0-255,66,92958,12,155813
29541,0.00153,74.125.24.0-255,1484,94442,12,155813
29542,0.001533,74.125.24.0-255,1484,95926,12,155813
29543,0.001536,172.31.36.0-255,66,95992,12,155813
29544,0.001547,74.125.24.0-255,1484,97476,12,155813
29545,0.001557,74.125.24.0-255,5738,103214,12,155813
29546,0.00156,172.31.36.0-255,66,103280,12,155813
29547,0.001563,74.125.24.0-255,1484,104764,12,155813
29548,0.00159,172.31.36.0-255,66,104830,12,155813
29549,0.001633,172.31.36.0-255,66,104896,12,155813
29550,0.001646,172.31.36.0-255,66,104962,12,155813
29551,0.001679,74.125.24.0-255,2902,107864,12,155813
29552,0.001682,172.31.36.0-255,66,107930,12,155813
29553,0.00171,172.31.36.0-255,66,107996,12,155813
29554,0.001715,74.125.24.0-255,5020,113016,12,155813
29555,0.001717,172.31.36.0-255,66,113082,12,155813
29556,0.00218,74.125.24.0-255,1484,114566,12,155813
29557,0.002185,74.125.24.0-255,2902,117468,12,155813
29558,0.002192,172.31.36.0-255,66,117534,12,155813
29559,0.002227,74.125.24.0-255,5738,123272,12,155813
29560,0.00223,172.31.36.0-255,66,123338,12,155813
29561,0.002234,74.125.24.0-255,2902,126240,12,155813
29562,0.002236,172.31.36.0-255,66,126306,12,155813
29563,0.002246,172.31.36.0-255,66,126372,12,155813
29564,0.002294,172.31.36.0-255,66,126438,12,155813
29565,0.002339,74.125.24.0-255,1484,127922,12,155813
29566,0.002355,74.125.24.0-255,2902,130824,12,155813
29567,0.002358,172.31.36.0-255,66,130890,12,155813
29568,0.002362,74.125.24.0-255,2902,133792,12,155813
29569,0.002364,172.31.36.0-255,66,133858,12,155813
29570,0.002382,74.125.24.0-255,2902,136760,12,155813
29571,0.002384,172.31.36.0-255,66,136826,12,155813
29572,0.0024,172.31.36.0-255,66,136892,12,155813
29573,0.00242,74.125.24.0-255,1484,138376,12,155813
29574,0.002431,172.31.36.0-255,66,138442,12,155813
29575,0.002437,74.125.24.0-255,5738,144180,12,155813
29576,0.002439,172.31.36.0-255,66,144246,12,155813
29577,0.002488,74.125.24.0-255,5020,149266,12,155813
29578,0.002493,172.31.36.0-255,66,149332,12,155813
29579,0.002506,172.31.36.0-255,66,149398,12,155813
29580,0.002517,172.31.36.0-255,66,149464,12,155813
29581,0.002574,172.31.36.0-255,66,149530,12,155813
29582,0.002586,172.31.36.0-255,66,149596,12,155813
29583,0.002598,172.31.36.0-255,66,149662,12,155813
29584,0.005135,74.125.24.0-255,1605,151267,12,155813
29585,0.005142,172.31.36.0-255,66,151333,12,155813
29586,0.007371,172.31.36.0-255,105,151438,12,155813
29587,0.009864,74.125.24.0-255,66,151504,12,155813
29588,0.025892,172.31.36.0-255,188,151692,12,155813
29589,0.025948,172.31.36.0-255,952,152644,12,155813
29590,0.026045,172.31.36.0-255,1514,154158,12,155813
29591,0.026047,172.31.36.0-255,1457,155615,12,155813
29592,0.027419,104.244.42.0-255,66,155681,12,155813
29593,0.027457,104.244.42.0-255,66,155747,12,155813
29594,0.027606,104.244.42.0-255,66,155813,12,155813
29595,0.0,172.217.194.0-255,150,150,12,237072
29596,1.9e-05,172.31.36.0-255,66,216,12,237072
29597,2.6e-05,172.217.194.0-255,1484,1700,12,237072
29598,3.1e-05,172.31.36.0-255,66,1766,12,237072
29599,3.7e-05,172.217.194.0-255,2902,4668,12,237072
29600,4.1e-05,172.31.36.0-255,66,4734,12,237072
29601,5.6e-05,172.217.194.0-255,7156,11890,12,237072
29602,5.9e-05,172.31.36.0-255,66,11956,12,237072
29603,6.3e-05,172.217.194.0-255,2902,14858,12,237072
29604,6.7e-05,172.31.36.0-255,66,14924,12,237072
29605,0.000109,172.217.194.0-255,6206,21130,12,237072
29606,0.000113,172.31.36.0-255,66,21196,12,237072
29607,0.000126,172.31.36.0-255,66,21262,12,237072
29608,0.000153,172.217.194.0-255,1484,22746,12,237072
29609,0.000155,172.31.36.0-255,66,22812,12,237072
29610,0.00016,172.217.194.0-255,2902,25714,12,237072
29611,0.000162,172.31.36.0-255,66,25780,12,237072
29612,0.000166,172.217.194.0-255,1484,27264,12,237072
29613,0.000169,172.31.36.0-255,66,27330,12,237072
29614,0.000195,172.217.194.0-255,4320,31650,12,237072
29615,0.000198,172.31.36.0-255,66,31716,12,237072
29616,0.000231,172.217.194.0-255,6797,38513,12,237072
29617,0.000233,172.31.36.0-255,66,38579,12,237072
29618,0.000413,172.217.194.0-255,1484,40063,12,237072
29619,0.000418,172.31.36.0-255,66,40129,12,237072
29620,0.000425,172.217.194.0-255,2902,43031,12,237072
29621,0.000427,172.31.36.0-255,66,43097,12,237072
29622,0.000437,172.217.194.0-255,2902,45999,12,237072
29623,0.00044,172.31.36.0-255,66,46065,12,237072
29624,0.000469,172.217.194.0-255,2902,48967,12,237072
29625,0.000472,172.31.36.0-255,66,49033,12,237072
29626,0.000495,172.217.194.0-255,6797,55830,12,237072
29627,0.000498,172.31.36.0-255,66,55896,12,237072
29628,0.000738,172.217.194.0-255,1484,57380,12,237072
29629,0.000745,172.217.194.0-255,2902,60282,12,237072
29630,0.000749,172.31.36.0-255,66,60348,12,237072
29631,0.000757,172.217.194.0-255,5738,66086,12,237072
29632,0.000759,172.31.36.0-255,66,66152,12,237072
29633,0.000767,172.217.194.0-255,1484,67636,12,237072
29634,0.00079,172.217.194.0-255,1484,69120,12,237072
29635,0.000793,172.31.36.0-255,66,69186,12,237072
29636,0.000813,172.217.194.0-255,5738,74924,12,237072
29637,0.000816,172.31.36.0-255,66,74990,12,237072
29638,0.000848,172.217.194.0-255,5379,80369,12,237072
29639,0.00085,172.31.36.0-255,66,80435,12,237072
29640,0.000863,172.31.36.0-255,66,80501,12,237072
29641,0.001113,172.217.194.0-255,1484,81985,12,237072
29642,0.001129,172.217.194.0-255,2902,84887,12,237072
29643,0.001133,172.31.36.0-255,66,84953,12,237072
29644,0.001191,172.217.194.0-255,4320,89273,12,237072
29645,0.001194,172.31.36.0-255,66,89339,12,237072
29646,0.001221,172.217.194.0-255,1484,90823,12,237072
29647,0.001226,172.217.194.0-255,2902,93725,12,237072
29648,0.001228,172.31.36.0-255,66,93791,12,237072
29649,0.00124,172.31.36.0-255,66,93857,12,237072
29650,0.001254,172.31.36.0-255,66,93923,12,237072
29651,0.001301,172.217.194.0-255,1484,95407,12,237072
29652,0.001321,172.217.194.0-255,2902,98309,12,237072
29653,0.001325,172.31.36.0-255,66,98375,12,237072
29654,0.001331,172.217.194.0-255,5738,104113,12,237072
29655,0.001334,172.31.36.0-255,66,104179,12,237072
29656,0.001375,172.31.36.0-255,66,104245,12,237072
29657,0.001415,172.31.36.0-255,66,104311,12,237072
29658,0.001612,172.217.194.0-255,1484,105795,12,237072
29659,0.001618,172.217.194.0-255,2902,108697,12,237072
29660,0.001622,172.31.36.0-255,66,108763,12,237072
29661,0.001627,172.217.194.0-255,2902,111665,12,237072
29662,0.001629,172.31.36.0-255,66,111731,12,237072
29663,0.001663,172.217.194.0-255,2902,114633,12,237072
29664,0.001666,172.31.36.0-255,66,114699,12,237072
29665,0.00168,172.31.36.0-255,66,114765,12,237072
29666,0.001684,172.217.194.0-255,2902,117667,12,237072
29667,0.001687,172.31.36.0-255,66,117733,12,237072
29668,0.001728,172.31.36.0-255,66,117799,12,237072
29669,0.001763,172.217.194.0-255,1484,119283,12,237072
29670,0.001766,172.217.194.0-255,1484,120767,12,237072
29671,0.001769,172.31.36.0-255,66,120833,12,237072
29672,0.001795,172.217.194.0-255,1484,122317,12,237072
29673,0.001799,172.217.194.0-255,2902,125219,12,237072
29674,0.001801,172.31.36.0-255,66,125285,12,237072
29675,0.001807,172.217.194.0-255,4320,129605,12,237072
29676,0.001809,172.31.36.0-255,66,129671,12,237072
29677,0.00183,172.217.194.0-255,2902,132573,12,237072
29678,0.001833,172.217.194.0-255,1484,134057,12,237072
29679,0.001838,172.31.36.0-255,66,134123,12,237072
29680,0.001856,172.217.194.0-255,5738,139861,12,237072
29681,0.001859,172.31.36.0-255,66,139927,12,237072
29682,0.001864,172.217.194.0-255,4320,144247,12,237072
29683,0.001866,172.31.36.0-255,66,144313,12,237072
29684,0.001894,172.217.194.0-255,4320,148633,12,237072
29685,0.001897,172.31.36.0-255,66,148699,12,237072
29686,0.001902,172.217.194.0-255,3602,152301,12,237072
29687,0.001905,172.31.36.0-255,66,152367,12,237072
29688,0.002053,172.217.194.0-255,1484,153851,12,237072
29689,0.002059,172.217.194.0-255,2902,156753,12,237072
29690,0.002062,172.31.36.0-255,66,156819,12,237072
29691,0.002067,172.217.194.0-255,2902,159721,12,237072
29692,0.002069,172.31.36.0-255,66,159787,12,237072
29693,0.002099,172.217.194.0-255,2902,162689,12,237072
29694,0.002102,172.31.36.0-255,66,162755,12,237072
29695,0.002119,172.31.36.0-255,66,162821,12,237072
29696,0.002149,172.217.194.0-255,4320,167141,12,237072
29697,0.002152,172.31.36.0-255,66,167207,12,237072
29698,0.002187,172.31.36.0-255,66,167273,12,237072
29699,0.002233,172.217.194.0-255,1484,168757,12,237072
29700,0.002251,172.217.194.0-255,2902,171659,12,237072
29701,0.002253,172.31.36.0-255,66,171725,12,237072
29702,0.002258,172.217.194.0-255,2902,174627,12,237072
29703,0.00226,172.31.36.0-255,66,174693,12,237072
29704,0.00228,172.217.194.0-255,2902,177595,12,237072
29705,0.002283,172.31.36.0-255,66,177661,12,237072
29706,0.002296,172.217.194.0-255,2902,180563,12,237072
29707,0.002299,172.31.36.0-255,66,180629,12,237072
29708,0.002334,172.31.36.0-255,66,180695,12,237072
29709,0.002398,172.31.36.0-255,66,180761,12,237072
29710,0.002402,172.217.194.0-255,1484,182245,12,237072
29711,0.002407,172.217.194.0-255,2902,185147,12,237072
29712,0.002409,172.31.36.0-255,66,185213,12,237072
29713,0.00242,172.217.194.0-255,5738,190951,12,237072
29714,0.002422,172.31.36.0-255,66,191017,12,237072
29715,0.002456,172.31.36.0-255,66,191083,12,237072
29716,0.002467,172.31.36.0-255,66,191149,12,237072
29717,0.002491,172.217.194.0-255,1484,192633,12,237072
29718,0.002524,172.31.36.0-255,66,192699,12,237072
29719,0.002571,172.31.36.0-255,66,192765,12,237072
29720,0.002579,172.217.194.0-255,7156,199921,12,237072
29721,0.002582,172.31.36.0-255,66,199987,12,237072
29722,0.002628,172.31.36.0-255,66,200053,12,237072
29723,0.002634,172.217.194.0-255,4320,204373,12,237072
29724,0.002636,172.31.36.0-255,66,204439,12,237072
29725,0.005189,172.217.194.0-255,5738,210177,12,237072
29726,0.005198,172.31.36.0-255,66,210243,12,237072
29727,0.007761,172.217.194.0-255,5738,215981,12,237072
29728,0.007767,172.31.36.0-255,66,216047,12,237072
29729,0.010313,172.217.194.0-255,5738,221785,12,237072
29730,0.01032,172.31.36.0-255,66,221851,12,237072
29731,0.012899,172.217.194.0-255,5738,227589,12,237072
29732,0.012906,172.31.36.0-255,66,227655,12,237072
29733,0.015485,172.217.194.0-255,5738,233393,12,237072
29734,0.015496,172.31.36.0-255,66,233459,12,237072
29735,0.018047,172.217.194.0-255,3376,236835,12,237072
29736,0.018059,172.31.36.0-255,66,236901,12,237072
29737,0.020441,172.31.36.0-255,105,237006,12,237072
29738,0.022978,172.217.194.0-255,66,237072,12,237072
29739,0.0,172.217.194.0-255,153,153,12,82764
29740,1.7e-05,172.31.36.0-255,66,219,12,82764
29741,2.4e-05,172.217.194.0-255,1484,1703,12,82764
29742,2.9e-05,172.31.36.0-255,66,1769,12,82764
29743,3.2e-05,172.217.194.0-255,1484,3253,12,82764
29744,3.4e-05,172.31.36.0-255,66,3319,12,82764
29745,4.9e-05,172.217.194.0-255,2902,6221,12,82764
29746,5.3e-05,172.31.36.0-255,66,6287,12,82764
29747,5.8e-05,172.217.194.0-255,2902,9189,12,82764
29748,6e-05,172.31.36.0-255,66,9255,12,82764
29749,8.3e-05,172.217.194.0-255,2902,12157,12,82764
29750,8.6e-05,172.31.36.0-255,66,12223,12,82764
29751,9.6e-05,172.217.194.0-255,2902,15125,12,82764
29752,9.9e-05,172.31.36.0-255,66,15191,12,82764
29753,0.000121,172.31.36.0-255,66,15257,12,82764
29754,0.000129,172.217.194.0-255,1484,16741,12,82764
29755,0.000131,172.31.36.0-255,66,16807,12,82764
29756,0.000156,172.217.194.0-255,3961,20768,12,82764
29757,0.000159,172.31.36.0-255,66,20834,12,82764
29758,0.00017,172.217.194.0-255,5738,26572,12,82764
29759,0.000173,172.31.36.0-255,66,26638,12,82764
29760,0.000207,172.31.36.0-255,66,26704,12,82764
29761,0.000233,172.217.194.0-255,4320,31024,12,82764
29762,0.000241,172.31.36.0-255,66,31090,12,82764
29763,0.000256,172.31.36.0-255,66,31156,12,82764
29764,0.000258,172.217.194.0-255,378,31534,12,82764
29765,0.00026,172.31.36.0-255,66,31600,12,82764
29766,0.000494,172.217.194.0-255,98,31698,12,82764
29767,0.000499,172.31.36.0-255,66,31764,12,82764
29768,0.000504,172.217.194.0-255,365,32129,12,82764
29769,0.000951,172.217.194.0-255,1484,33613,12,82764
29770,0.000957,172.31.36.0-255,66,33679,12,82764
29771,0.000961,172.217.194.0-255,1484,35163,12,82764
29772,0.000985,172.217.194.0-255,1484,36647,12,82764
29773,0.000987,172.31.36.0-255,66,36713,12,82764
29774,0.000994,172.217.194.0-255,5738,42451,12,82764
29775,0.000996,172.31.36.0-255,66,42517,12,82764
29776,0.001029,172.31.36.0-255,66,42583,12,82764
29777,0.001059,172.217.194.0-255,1484,44067,12,82764
29778,0.001075,172.31.36.0-255,66,44133,12,82764
29779,0.001313,172.217.194.0-255,1484,45617,12,82764
29780,0.00132,172.217.194.0-255,2902,48519,12,82764
29781,0.001325,172.31.36.0-255,66,48585,12,82764
29782,0.001361,172.217.194.0-255,5738,54323,12,82764
29783,0.001365,172.31.36.0-255,66,54389,12,82764
29784,0.001368,172.217.194.0-255,1484,55873,12,82764
29785,0.001387,172.31.36.0-255,66,55939,12,82764
29786,0.001391,172.217.194.0-255,1484,57423,12,82764
29787,0.001415,172.217.194.0-255,4320,61743,12,82764
29788,0.001418,172.31.36.0-255,66,61809,12,82764
29789,0.001461,172.31.36.0-255,66,61875,12,82764
29790,0.001466,172.217.194.0-255,2902,64777,12,82764
29791,0.001469,172.31.36.0-255,66,64843,12,82764
29792,0.00152,172.31.36.0-255,66,64909,12,82764
29793,0.001532,172.31.36.0-255,66,64975,12,82764
29794,0.001595,172.31.36.0-255,66,65041,12,82764
29795,0.001634,172.217.194.0-255,5738,70779,12,82764
29796,0.001643,172.31.36.0-255,66,70845,12,82764
29797,0.001654,172.31.36.0-255,66,70911,12,82764
29798,0.001682,172.31.36.0-255,66,70977,12,82764
29799,0.001712,172.31.36.0-255,66,71043,12,82764
29800,0.00175,172.217.194.0-255,2184,73227,12,82764
29801,0.001754,172.31.36.0-255,66,73293,12,82764
29802,0.001782,172.31.36.0-255,66,73359,12,82764
29803,0.001836,172.31.36.0-255,66,73425,12,82764
29804,0.00184,172.217.194.0-255,1484,74909,12,82764
29805,0.001874,172.31.36.0-255,66,74975,12,82764
29806,0.001903,172.31.36.0-255,66,75041,12,82764
29807,0.001956,172.31.36.0-255,66,75107,12,82764
29808,0.001981,172.31.36.0-255,66,75173,12,82764
29809,0.001983,172.217.194.0-255,766,75939,12,82764
29810,0.00199,172.217.194.0-255,6417,82356,12,82764
29811,0.001993,172.31.36.0-255,66,82422,12,82764
29812,0.001995,172.217.194.0-255,105,82527,12,82764
29813,0.004536,172.31.36.0-255,66,82593,12,82764
29814,0.004562,172.31.36.0-255,105,82698,12,82764
29815,0.006526,172.217.194.0-255,66,82764,12,82764
29816,0.0,172.217.194.0-255,153,153,12,108597
29817,3.2e-05,172.31.36.0-255,66,219,12,108597
29818,3.8e-05,172.217.194.0-255,1484,1703,12,108597
29819,4.2e-05,172.31.36.0-255,66,1769,12,108597
29820,4.8e-05,172.217.194.0-255,2902,4671,12,108597
29821,5.1e-05,172.31.36.0-255,66,4737,12,108597
29822,8.3e-05,172.217.194.0-255,2902,7639,12,108597
29823,8.5e-05,172.31.36.0-255,66,7705,12,108597
29824,0.000105,172.217.194.0-255,4320,12025,12,108597
29825,0.000108,172.31.36.0-255,66,12091,12,108597
29826,0.000236,172.217.194.0-255,1974,14065,12,108597
29827,0.000241,172.31.36.0-255,66,14131,12,108597
29828,0.000293,172.31.36.0-255,66,14197,12,108597
29829,0.000313,172.217.194.0-255,1484,15681,12,108597
29830,0.000316,172.31.36.0-255,66,15747,12,108597
29831,0.000502,172.217.194.0-255,2902,18649,12,108597
29832,0.000507,172.31.36.0-255,66,18715,12,108597
29833,0.000522,172.217.194.0-255,2543,21258,12,108597
29834,0.000524,172.31.36.0-255,66,21324,12,108597
29835,0.000617,172.217.194.0-255,1484,22808,12,108597
29836,0.000621,172.31.36.0-255,66,22874,12,108597
29837,0.000659,172.31.36.0-255,66,22940,12,108597
29838,0.0011,172.31.36.0-255,66,23006,12,108597
29839,0.001298,172.217.194.0-255,381,23387,12,108597
29840,0.001302,172.31.36.0-255,66,23453,12,108597
29841,0.001335,172.217.194.0-255,2902,26355,12,108597
29842,0.001337,172.31.36.0-255,66,26421,12,108597
29843,0.00139,172.31.36.0-255,66,26487,12,108597
29844,0.001774,172.217.194.0-255,5738,32225,12,108597
29845,0.001795,172.217.194.0-255,6438,38663,12,108597
29846,0.002012,172.217.194.0-255,1484,40147,12,108597
29847,0.002987,172.217.194.0-255,1484,41631,12,108597
29848,0.003063,172.217.194.0-255,1484,43115,12,108597
29849,0.003955,172.217.194.0-255,2902,46017,12,108597
29850,0.00542,172.31.36.0-255,66,46083,12,108597
29851,0.005907,172.31.36.0-255,101,46184,12,108597
29852,0.007699,172.217.194.0-255,5738,51922,12,108597
29853,0.007706,172.31.36.0-255,66,51988,12,108597
29854,0.008213,172.217.194.0-255,66,52054,12,108597
29855,0.01003,172.217.194.0-255,5738,57792,12,108597
29856,0.010037,172.31.36.0-255,66,57858,12,108597
29857,0.012471,172.217.194.0-255,5738,63596,12,108597
29858,0.012479,172.31.36.0-255,66,63662,12,108597
29859,0.014777,172.217.194.0-255,5738,69400,12,108597
29860,0.014784,172.31.36.0-255,66,69466,12,108597
29861,0.017103,172.217.194.0-255,5738,75204,12,108597
29862,0.017116,172.31.36.0-255,66,75270,12,108597
29863,0.019445,172.217.194.0-255,5738,81008,12,108597
29864,0.019454,172.31.36.0-255,66,81074,12,108597
29865,0.021744,172.217.194.0-255,5738,86812,12,108597
29866,0.021751,172.31.36.0-255,66,86878,12,108597
29867,0.024046,172.217.194.0-255,5738,92616,12,108597
29868,0.024053,172.31.36.0-255,66,92682,12,108597
29869,0.024437,172.31.36.0-255,188,92870,12,108597
29870,0.024467,172.31.36.0-255,952,93822,12,108597
29871,0.024497,172.31.36.0-255,1514,95336,12,108597
29872,0.024498,172.31.36.0-255,1455,96791,12,108597
29873,0.026022,104.244.42.0-255,66,96857,12,108597
29874,0.026031,104.244.42.0-255,66,96923,12,108597
29875,0.026148,104.244.42.0-255,66,96989,12,108597
29876,0.026348,172.217.194.0-255,5738,102727,12,108597
29877,0.026353,172.31.36.0-255,66,102793,12,108597
29878,0.028649,172.217.194.0-255,5738,108531,12,108597
29879,0.028654,172.31.36.0-255,66,108597,12,108597
29880,0.0,172.217.194.0-255,152,152,12,177432
29881,1.5e-05,172.31.36.0-255,66,218,12,177432
29882,2.3e-05,172.217.194.0-255,1484,1702,12,177432
29883,2.8e-05,172.31.36.0-255,66,1768,12,177432
29884,5.8e-05,172.217.194.0-255,2902,4670,12,177432
29885,6.2e-05,172.31.36.0-255,66,4736,12,177432
29886,7e-05,172.217.194.0-255,7156,11892,12,177432
29887,7.2e-05,172.31.36.0-255,66,11958,12,177432
29888,0.000119,172.31.36.0-255,66,12024,12,177432
29889,0.000146,172.217.194.0-255,3448,15472,12,177432
29890,0.000148,172.31.36.0-255,66,15538,12,177432
29891,0.000155,172.217.194.0-255,5738,21276,12,177432
29892,0.000158,172.31.36.0-255,66,21342,12,177432
29893,0.000183,172.217.194.0-255,1125,22467,12,177432
29894,0.000186,172.31.36.0-255,66,22533,12,177432
29895,0.000275,172.217.194.0-255,1484,24017,12,177432
29896,0.000278,172.31.36.0-255,66,24083,12,177432
29897,0.000284,172.217.194.0-255,2902,26985,12,177432
29898,0.000287,172.31.36.0-255,66,27051,12,177432
29899,0.000317,172.217.194.0-255,5738,32789,12,177432
29900,0.00032,172.31.36.0-255,66,32855,12,177432
29901,0.000325,172.217.194.0-255,4320,37175,12,177432
29902,0.000328,172.31.36.0-255,66,37241,12,177432
29903,0.000369,172.31.36.0-255,66,37307,12,177432
29904,0.000414,172.31.36.0-255,66,37373,12,177432
29905,0.000611,172.217.194.0-255,1484,38857,12,177432
29906,0.000617,172.31.36.0-255,66,38923,12,177432
29907,0.000623,172.217.194.0-255,2902,41825,12,177432
29908,0.000625,172.31.36.0-255,66,41891,12,177432
29909,0.000628,172.217.194.0-255,1484,43375,12,177432
29910,0.000659,172.217.194.0-255,4320,47695,12,177432
29911,0.000663,172.31.36.0-255,66,47761,12,177432
29912,0.000677,172.31.36.0-255,66,47827,12,177432
29913,0.000682,172.217.194.0-255,2902,50729,12,177432
29914,0.000684,172.31.36.0-255,66,50795,12,177432
29915,0.00071,172.217.194.0-255,7156,57951,12,177432
29916,0.000713,172.31.36.0-255,66,58017,12,177432
29917,0.000715,172.217.194.0-255,766,58783,12,177432
29918,0.000738,172.217.194.0-255,1484,60267,12,177432
29919,0.00074,172.31.36.0-255,66,60333,12,177432
29920,0.000772,172.217.194.0-255,4320,64653,12,177432
29921,0.000775,172.31.36.0-255,66,64719,12,177432
29922,0.000794,172.217.194.0-255,4320,69039,12,177432
29923,0.000797,172.31.36.0-255,66,69105,12,177432
29924,0.000803,172.217.194.0-255,5738,74843,12,177432
29925,0.000805,172.31.36.0-255,66,74909,12,177432
29926,0.000852,172.31.36.0-255,66,74975,12,177432
29927,0.000858,172.217.194.0-255,4320,79295,12,177432
29928,0.00086,172.31.36.0-255,66,79361,12,177432
29929,0.0009,172.217.194.0-255,2184,81545,12,177432
29930,0.000904,172.31.36.0-255,66,81611,12,177432
29931,0.001015,172.217.194.0-255,1484,83095,12,177432
29932,0.001023,172.217.194.0-255,2902,85997,12,177432
29933,0.001025,172.31.36.0-255,66,86063,12,177432
29934,0.001029,172.217.194.0-255,1484,87547,12,177432
29935,0.001055,172.217.194.0-255,2902,90449,12,177432
29936,0.001059,172.31.36.0-255,66,90515,12,177432
29937,0.001066,172.217.194.0-255,5738,96253,12,177432
29938,0.001068,172.31.36.0-255,66,96319,12,177432
29939,0.001072,172.217.194.0-255,1484,97803,12,177432
29940,0.001112,172.31.36.0-255,66,97869,12,177432
29941,0.00112,172.217.194.0-255,6438,104307,12,177432
29942,0.001122,172.31.36.0-255,66,104373,12,177432
29943,0.001209,172.217.194.0-255,1484,105857,12,177432
29944,0.001214,172.217.194.0-255,2902,108759,12,177432
29945,0.001217,172.31.36.0-255,66,108825,12,177432
29946,0.001228,172.217.194.0-255,1484,110309,12,177432
29947,0.001249,172.217.194.0-255,4320,114629,12,177432
29948,0.001251,172.217.194.0-255,1484,116113,12,177432
29949,0.001255,172.31.36.0-255,66,116179,12,177432
29950,0.001289,172.31.36.0-255,66,116245,12,177432
29951,0.001316,172.31.36.0-255,66,116311,12,177432
29952,0.001345,172.217.194.0-255,3602,119913,12,177432
29953,0.001348,172.31.36.0-255,66,119979,12,177432
29954,0.001351,172.217.194.0-255,1484,121463,12,177432
29955,0.001372,172.217.194.0-255,2902,124365,12,177432
29956,0.001374,172.31.36.0-255,66,124431,12,177432
29957,0.001381,172.217.194.0-255,5738,130169,12,177432
29958,0.001383,172.31.36.0-255,66,130235,12,177432
29959,0.001417,172.217.194.0-255,5738,135973,12,177432
29960,0.001421,172.31.36.0-255,66,136039,12,177432
29961,0.001432,172.31.36.0-255,66,136105,12,177432
29962,0.001484,172.31.36.0-255,66,136171,12,177432
29963,0.001498,172.31.36.0-255,66,136237,12,177432
29964,0.001503,172.217.194.0-255,2902,139139,12,177432
29965,0.001505,172.31.36.0-255,66,139205,12,177432
29966,0.001592,172.31.36.0-255,66,139271,12,177432
29967,0.001601,172.31.36.0-255,66,139337,12,177432
29968,0.001604,172.31.36.0-255,66,139403,12,177432
29969,0.001608,172.217.194.0-255,2184,141587,12,177432
29970,0.001615,172.31.36.0-255,66,141653,12,177432
29971,0.001619,172.217.194.0-255,1484,143137,12,177432
29972,0.001641,172.217.194.0-255,1484,144621,12,177432
29973,0.001643,172.31.36.0-255,66,144687,12,177432
29974,0.001651,172.217.194.0-255,7156,151843,12,177432
29975,0.001654,172.31.36.0-255,66,151909,12,177432
29976,0.001661,172.217.194.0-255,7156,159065,12,177432
29977,0.001664,172.31.36.0-255,66,159131,12,177432
29978,0.001693,172.217.194.0-255,4320,163451,12,177432
29979,0.001696,172.31.36.0-255,66,163517,12,177432
29980,0.001709,172.31.36.0-255,66,163583,12,177432
29981,0.001753,172.31.36.0-255,66,163649,12,177432
29982,0.001767,172.31.36.0-255,66,163715,12,177432
29983,0.001809,172.217.194.0-255,5738,169453,12,177432
29984,0.001812,172.31.36.0-255,66,169519,12,177432
29985,0.001839,172.217.194.0-255,5020,174539,12,177432
29986,0.001841,172.31.36.0-255,66,174605,12,177432
29987,0.001853,172.31.36.0-255,66,174671,12,177432
29988,0.001867,172.31.36.0-255,66,174737,12,177432
29989,0.001881,172.31.36.0-255,66,174803,12,177432
29990,0.001914,172.217.194.0-255,2221,177024,12,177432
29991,0.001917,172.31.36.0-255,66,177090,12,177432
29992,0.001942,172.217.194.0-255,105,177195,12,177432
29993,0.004367,172.31.36.0-255,66,177261,12,177432
29994,0.004405,172.31.36.0-255,105,177366,12,177432
29995,0.006671,172.217.194.0-255,66,177432,12,177432
29996,0.0,216.58.221.0-255,153,153,12,281182
29997,1.6e-05,172.31.36.0-255,66,219,12,281182
29998,2.3e-05,216.58.221.0-255,1484,1703,12,281182
29999,2.7e-05,172.31.36.0-255,66,1769,12,281182
30000,3.3e-05,216.58.221.0-255,2902,4671,12,281182
30001,4.7e-05,172.31.36.0-255,66,4737,12,281182
30002,5.4e-05,216.58.221.0-255,5738,10475,12,281182
30003,5.7e-05,172.31.36.0-255,66,10541,12,281182
30004,6.3e-05,216.58.221.0-255,3459,14000,12,281182
30005,6.6e-05,172.31.36.0-255,66,14066,12,281182
30006,0.000157,216.58.221.0-255,1484,15550,12,281182
30007,0.000161,172.31.36.0-255,66,15616,12,281182
30008,0.000164,216.58.221.0-255,1484,17100,12,281182
30009,0.000166,172.31.36.0-255,66,17166,12,281182
30010,0.000195,216.58.221.0-255,2902,20068,12,281182
30011,0.000198,172.31.36.0-255,66,20134,12,281182
30012,0.000205,216.58.221.0-255,5738,25872,12,281182
30013,0.000207,172.31.36.0-255,66,25938,12,281182
30014,0.000236,216.58.221.0-255,5379,31317,12,281182
30015,0.000239,172.31.36.0-255,66,31383,12,281182
30016,0.000246,216.58.221.0-255,5738,37121,12,281182
30017,0.000248,172.31.36.0-255,66,37187,12,281182
30018,0.000275,216.58.221.0-255,1484,38671,12,281182
30019,0.000277,172.31.36.0-255,66,38737,12,281182
30020,0.000318,172.31.36.0-255,66,38803,12,281182
30021,0.00036,216.58.221.0-255,1484,40287,12,281182
30022,0.000363,172.31.36.0-255,66,40353,12,281182
30023,0.000367,216.58.221.0-255,2902,43255,12,281182
30024,0.000369,172.31.36.0-255,66,43321,12,281182
30025,0.000373,216.58.221.0-255,1484,44805,12,281182
30026,0.000375,172.31.36.0-255,66,44871,12,281182
30027,0.000405,216.58.221.0-255,2902,47773,12,281182
30028,0.000408,172.31.36.0-255,66,47839,12,281182
30029,0.000414,216.58.221.0-255,5738,53577,12,281182
30030,0.000417,172.31.36.0-255,66,53643,12,281182
30031,0.000421,216.58.221.0-255,2543,56186,12,281182
30032,0.000423,172.31.36.0-255,66,56252,12,281182
30033,0.000492,216.58.221.0-255,355,56607,12,281182
30034,0.001086,216.58.221.0-255,388,56995,12,281182
30035,0.001235,216.58.221.0-255,1484,58479,12,281182
30036,0.00124,172.31.36.0-255,66,58545,12,281182
30037,0.001247,216.58.221.0-255,2902,61447,12,281182
30038,0.001249,172.31.36.0-255,66,61513,12,281182
30039,0.001261,216.58.221.0-255,4320,65833,12,281182
30040,0.001263,172.31.36.0-255,66,65899,12,281182
30041,0.001286,216.58.221.0-255,1484,67383,12,281182
30042,0.001296,216.58.221.0-255,6797,74180,12,281182
30043,0.001298,172.31.36.0-255,66,74246,12,281182
30044,0.00131,216.58.221.0-255,7156,81402,12,281182
30045,0.001312,172.31.36.0-255,66,81468,12,281182
30046,0.001363,172.31.36.0-255,66,81534,12,281182
30047,0.00162,216.58.221.0-255,1484,83018,12,281182
30048,0.001627,216.58.221.0-255,2902,85920,12,281182
30049,0.001631,172.31.36.0-255,66,85986,12,281182
30050,0.001639,216.58.221.0-255,5738,91724,12,281182
30051,0.001642,172.31.36.0-255,66,91790,12,281182
30052,0.001653,216.58.221.0-255,4320,96110,12,281182
30053,0.001656,172.31.36.0-255,66,96176,12,281182
30054,0.001687,216.58.221.0-255,2902,99078,12,281182
30055,0.00169,172.31.36.0-255,66,99144,12,281182
30056,0.00171,172.31.36.0-255,66,99210,12,281182
30057,0.001714,216.58.221.0-255,2184,101394,12,281182
30058,0.001716,172.31.36.0-255,66,101460,12,281182
30059,0.001998,216.58.221.0-255,1484,102944,12,281182
30060,0.002005,216.58.221.0-255,2902,105846,12,281182
30061,0.00201,172.31.36.0-255,66,105912,12,281182
30062,0.002015,216.58.221.0-255,2902,108814,12,281182
30063,0.002018,172.31.36.0-255,66,108880,12,281182
30064,0.002035,216.58.221.0-255,2902,111782,12,281182
30065,0.002038,172.31.36.0-255,66,111848,12,281182
30066,0.002049,216.58.221.0-255,5738,117586,12,281182
30067,0.002051,172.31.36.0-255,66,117652,12,281182
30068,0.002087,216.58.221.0-255,7156,124808,12,281182
30069,0.002091,172.31.36.0-255,66,124874,12,281182
30070,0.00211,216.58.221.0-255,4320,129194,12,281182
30071,0.002113,172.31.36.0-255,66,129260,12,281182
30072,0.002135,216.58.221.0-255,6438,135698,12,281182
30073,0.002138,172.31.36.0-255,66,135764,12,281182
30074,0.002171,216.58.221.0-255,4320,140084,12,281182
30075,0.002173,172.31.36.0-255,66,140150,12,281182
30076,0.002176,216.58.221.0-255,1484,141634,12,281182
30077,0.002182,216.58.221.0-255,5738,147372,12,281182
30078,0.002189,172.31.36.0-255,66,147438,12,281182
30079,0.002197,216.58.221.0-255,7156,154594,12,281182
30080,0.0022,172.31.36.0-255,66,154660,12,281182
30081,0.002253,216.58.221.0-255,7156,161816,12,281182
30082,0.002257,172.31.36.0-255,66,161882,12,281182
30083,0.002263,216.58.221.0-255,4320,166202,12,281182
30084,0.002265,172.31.36.0-255,66,166268,12,281182
30085,0.002273,216.58.221.0-255,1484,167752,12,281182
30086,0.002278,216.58.221.0-255,2184,169936,12,281182
30087,0.00228,172.31.36.0-255,66,170002,12,281182
30088,0.002287,216.58.221.0-255,5738,175740,12,281182
30089,0.002293,216.58.221.0-255,4320,180060,12,281182
30090,0.0023,216.58.221.0-255,4320,184380,12,281182
30091,0.002307,216.58.221.0-255,5738,190118,12,281182
30092,0.002323,216.58.221.0-255,2184,192302,12,281182
30093,0.002329,172.31.36.0-255,66,192368,12,281182
30094,0.002331,172.31.36.0-255,66,192434,12,281182
30095,0.002332,172.31.36.0-255,66,192500,12,281182
30096,0.002333,172.31.36.0-255,66,192566,12,281182
30097,0.002334,172.31.36.0-255,66,192632,12,281182
30098,0.002347,172.31.36.0-255,66,192698,12,281182
30099,0.002629,216.58.221.0-255,1484,194182,12,281182
30100,0.002654,216.58.221.0-255,2902,197084,12,281182
30101,0.002657,172.31.36.0-255,66,197150,12,281182
30102,0.002664,216.58.221.0-255,5738,202888,12,281182
30103,0.002666,172.31.36.0-255,66,202954,12,281182
30104,0.002673,216.58.221.0-255,1484,204438,12,281182
30105,0.002722,172.31.36.0-255,66,204504,12,281182
30106,0.002727,216.58.221.0-255,2902,207406,12,281182
30107,0.002729,172.31.36.0-255,66,207472,12,281182
30108,0.00277,172.31.36.0-255,66,207538,12,281182
30109,0.002793,172.31.36.0-255,66,207604,12,281182
30110,0.00281,172.31.36.0-255,66,207670,12,281182
30111,0.002876,216.58.221.0-255,1484,209154,12,281182
30112,0.002882,216.58.221.0-255,2902,212056,12,281182
30113,0.002885,172.31.36.0-255,66,212122,12,281182
30114,0.00289,216.58.221.0-255,4320,216442,12,281182
30115,0.002893,172.31.36.0-255,66,216508,12,281182
30116,0.002896,216.58.221.0-255,1484,217992,12,281182
30117,0.002929,216.58.221.0-255,7156,225148,12,281182
30118,0.002933,172.31.36.0-255,66,225214,12,281182
30119,0.002938,216.58.221.0-255,2902,228116,12,281182
30120,0.00294,172.31.36.0-255,66,228182,12,281182
30121,0.002986,172.31.36.0-255,66,228248,12,281182
30122,0.002989,216.58.221.0-255,1484,229732,12,281182
30123,0.002994,216.58.221.0-255,2902,232634,12,281182
30124,0.002997,172.31.36.0-255,66,232700,12,281182
30125,0.003009,216.58.221.0-255,5738,238438,12,281182
30126,0.003011,172.31.36.0-255,66,238504,12,281182
30127,0.003015,216.58.221.0-255,2902,241406,12,281182
30128,0.003017,172.31.36.0-255,66,241472,12,281182
30129,0.003033,216.58.221.0-255,5738,247210,12,281182
30130,0.003036,172.31.36.0-255,66,247276,12,281182
30131,0.00306,216.58.221.0-255,4320,251596,12,281182
30132,0.003063,172.31.36.0-255,66,251662,12,281182
30133,0.00308,172.31.36.0-255,66,251728,12,281182
30134,0.003105,216.58.221.0-255,2184,253912,12,281182
30135,0.003112,172.31.36.0-255,66,253978,12,281182
30136,0.003135,216.58.221.0-255,2902,256880,12,281182
30137,0.003137,172.31.36.0-255,66,256946,12,281182
30138,0.003142,216.58.221.0-255,4320,261266,12,281182
30139,0.003145,172.31.36.0-255,66,261332,12,281182
30140,0.003147,216.58.221.0-255,1484,262816,12,281182
30141,0.003174,216.58.221.0-255,7156,269972,12,281182
30142,0.00318,172.31.36.0-255,66,270038,12,281182
30143,0.003218,172.31.36.0-255,66,270104,12,281182
30144,0.003244,216.58.221.0-255,2184,272288,12,281182
30145,0.003246,172.31.36.0-255,66,272354,12,281182
30146,0.003254,216.58.221.0-255,4326,276680,12,281182
30147,0.003256,172.31.36.0-255,66,276746,12,281182
30148,0.003263,216.58.221.0-255,105,276851,12,281182
30149,0.007661,172.31.36.0-255,66,276917,12,281182
30150,0.0077,172.31.36.0-255,105,277022,12,281182
30151,0.009637,216.58.221.0-255,66,277088,12,281182
30152,0.028835,172.31.36.0-255,172,277260,12,281182
30153,0.028885,172.31.36.0-255,1107,278367,12,281182
30154,0.028953,172.31.36.0-255,1514,279881,12,281182
30155,0.029002,172.31.36.0-255,1301,281182,12,281182
30156,0.0,74.125.24.0-255,151,151,12,119291
30157,2.9e-05,172.31.36.0-255,66,217,12,119291
30158,0.000107,74.125.24.0-255,1484,1701,12,119291
30159,0.000111,172.31.36.0-255,66,1767,12,119291
30160,0.000117,74.125.24.0-255,2902,4669,12,119291
30161,0.00012,172.31.36.0-255,66,4735,12,119291
30162,0.000144,74.125.24.0-255,5738,10473,12,119291
30163,0.000148,172.31.36.0-255,66,10539,12,119291
30164,0.000195,172.31.36.0-255,66,10605,12,119291
30165,0.000203,74.125.24.0-255,6797,17402,12,119291
30166,0.000206,172.31.36.0-255,66,17468,12,119291
30167,0.000334,74.125.24.0-255,1484,18952,12,119291
30168,0.000339,172.31.36.0-255,66,19018,12,119291
30169,0.000345,74.125.24.0-255,2902,21920,12,119291
30170,0.000347,172.31.36.0-255,66,21986,12,119291
30171,0.000378,74.125.24.0-255,5738,27724,12,119291
30172,0.000382,172.31.36.0-255,66,27790,12,119291
30173,0.000418,172.31.36.0-255,66,27856,12,119291
30174,0.000431,172.31.36.0-255,66,27922,12,119291
30175,0.000434,74.125.24.0-255,1435,29357,12,119291
30176,0.000438,172.31.36.0-255,66,29423,12,119291
30177,0.000464,74.125.24.0-255,113,29536,12,119291
30178,0.000473,172.31.36.0-255,66,29602,12,119291
30179,0.000578,74.125.24.0-255,1484,31086,12,119291
30180,0.000585,172.31.36.0-255,66,31152,12,119291
30181,0.000623,74.125.24.0-255,2902,34054,12,119291
30182,0.000627,172.31.36.0-255,66,34120,12,119291
30183,0.000634,74.125.24.0-255,5738,39858,12,119291
30184,0.000637,172.31.36.0-255,66,39924,12,119291
30185,0.000658,172.31.36.0-255,66,39990,12,119291
30186,0.000707,172.31.36.0-255,66,40056,12,119291
30187,0.000725,172.31.36.0-255,66,40122,12,119291
30188,0.000728,74.125.24.0-255,449,40571,12,119291
30189,0.000749,74.125.24.0-255,1484,42055,12,119291
30190,0.000752,172.31.36.0-255,66,42121,12,119291
30191,0.000774,74.125.24.0-255,4320,46441,12,119291
30192,0.000778,172.31.36.0-255,66,46507,12,119291
30193,0.000781,74.125.24.0-255,1484,47991,12,119291
30194,0.000814,172.31.36.0-255,66,48057,12,119291
30195,0.000834,172.31.36.0-255,66,48123,12,119291
30196,0.000838,74.125.24.0-255,2184,50307,12,119291
30197,0.00084,172.31.36.0-255,66,50373,12,119291
30198,0.000981,74.125.24.0-255,1484,51857,12,119291
30199,0.000998,74.125.24.0-255,2902,54759,12,119291
30200,0.001001,172.31.36.0-255,66,54825,12,119291
30201,0.001007,74.125.24.0-255,4320,59145,12,119291
30202,0.001009,172.31.36.0-255,66,59211,12,119291
30203,0.001038,74.125.24.0-255,1484,60695,12,119291
30204,0.00109,172.31.36.0-255,66,60761,12,119291
30205,0.001119,74.125.24.0-255,1484,62245,12,119291
30206,0.001132,172.31.36.0-255,66,62311,12,119291
30207,0.00116,74.125.24.0-255,4320,66631,12,119291
30208,0.001162,172.31.36.0-255,66,66697,12,119291
30209,0.001193,74.125.24.0-255,5738,72435,12,119291
30210,0.001196,172.31.36.0-255,66,72501,12,119291
30211,0.001209,172.31.36.0-255,66,72567,12,119291
30212,0.001226,172.31.36.0-255,66,72633,12,119291
30213,0.001274,172.31.36.0-255,66,72699,12,119291
30214,0.001311,74.125.24.0-255,4320,77019,12,119291
30215,0.001314,172.31.36.0-255,66,77085,12,119291
30216,0.001354,172.31.36.0-255,66,77151,12,119291
30217,0.001444,74.125.24.0-255,1484,78635,12,119291
30218,0.001454,74.125.24.0-255,2902,81537,12,119291
30219,0.001458,74.125.24.0-255,2902,84439,12,119291
30220,0.001459,172.31.36.0-255,66,84505,12,119291
30221,0.001462,172.31.36.0-255,66,84571,12,119291
30222,0.001487,74.125.24.0-255,2902,87473,12,119291
30223,0.001496,172.31.36.0-255,66,87539,12,119291
30224,0.00151,172.31.36.0-255,66,87605,12,119291
30225,0.00152,172.31.36.0-255,66,87671,12,119291
30226,0.001554,74.125.24.0-255,2184,89855,12,119291
30227,0.001563,172.31.36.0-255,66,89921,12,119291
30228,0.001823,74.125.24.0-255,1484,91405,12,119291
30229,0.001829,74.125.24.0-255,2902,94307,12,119291
30230,0.001831,74.125.24.0-255,1484,95791,12,119291
30231,0.001834,172.31.36.0-255,66,95857,12,119291
30232,0.001864,74.125.24.0-255,4320,100177,12,119291
30233,0.001868,172.31.36.0-255,66,100243,12,119291
30234,0.001874,74.125.24.0-255,5738,105981,12,119291
30235,0.001877,172.31.36.0-255,66,106047,12,119291
30236,0.00189,172.31.36.0-255,66,106113,12,119291
30237,0.00193,172.31.36.0-255,66,106179,12,119291
30238,0.001942,172.31.36.0-255,66,106245,12,119291
30239,0.001947,74.125.24.0-255,4320,110565,12,119291
30240,0.001949,172.31.36.0-255,66,110631,12,119291
30241,0.002001,172.31.36.0-255,66,110697,12,119291
30242,0.002007,74.125.24.0-255,3602,114299,12,119291
30243,0.002009,172.31.36.0-255,66,114365,12,119291
30244,0.002031,172.31.36.0-255,66,114431,12,119291
30245,0.002059,172.31.36.0-255,66,114497,12,119291
30246,0.002108,74.125.24.0-255,4320,118817,12,119291
30247,0.002111,172.31.36.0-255,66,118883,12,119291
30248,0.002151,172.31.36.0-255,66,118949,12,119291
30249,0.002154,74.125.24.0-255,105,119054,12,119291
30250,0.003704,172.31.36.0-255,66,119120,12,119291
30251,0.00373,172.31.36.0-255,105,119225,12,119291
30252,0.005989,74.125.24.0-255,66,119291,12,119291
30253,0.0,172.217.194.0-255,185,185,12,209114
30254,2e-05,172.31.36.0-255,66,251,12,209114
30255,2.7e-05,172.217.194.0-255,1484,1735,12,209114
30256,3e-05,172.31.36.0-255,66,1801,12,209114
30257,3.6e-05,172.217.194.0-255,2902,4703,12,209114
30258,3.8e-05,172.31.36.0-255,66,4769,12,209114
30259,4.4e-05,172.217.194.0-255,5738,10507,12,209114
30260,4.7e-05,172.31.36.0-255,66,10573,12,209114
30261,0.00011,172.31.36.0-255,66,10639,12,209114
30262,0.00012,172.31.36.0-255,66,10705,12,209114
30263,0.000256,172.217.194.0-255,1484,12189,12,209114
30264,0.000262,172.31.36.0-255,66,12255,12,209114
30265,0.000268,172.217.194.0-255,2902,15157,12,209114
30266,0.00027,172.31.36.0-255,66,15223,12,209114
30267,0.000297,172.217.194.0-255,5738,20961,12,209114
30268,0.000301,172.31.36.0-255,66,21027,12,209114
30269,0.000307,172.217.194.0-255,6797,27824,12,209114
30270,0.00031,172.31.36.0-255,66,27890,12,209114
30271,0.000705,172.217.194.0-255,1484,29374,12,209114
30272,0.00071,172.31.36.0-255,66,29440,12,209114
30273,0.000716,172.217.194.0-255,2902,32342,12,209114
30274,0.000718,172.31.36.0-255,66,32408,12,209114
30275,0.000722,172.217.194.0-255,1484,33892,12,209114
30276,0.000723,172.31.36.0-255,66,33958,12,209114
30277,0.000756,172.217.194.0-255,4320,38278,12,209114
30278,0.00076,172.31.36.0-255,66,38344,12,209114
30279,0.000769,172.31.36.0-255,66,38410,12,209114
30280,0.000904,172.217.194.0-255,1484,39894,12,209114
30281,0.00091,172.31.36.0-255,66,39960,12,209114
30282,0.000917,172.217.194.0-255,2902,42862,12,209114
30283,0.000919,172.31.36.0-255,66,42928,12,209114
30284,0.000926,172.217.194.0-255,5738,48666,12,209114
30285,0.000928,172.31.36.0-255,66,48732,12,209114
30286,0.00095,172.217.194.0-255,4320,53052,12,209114
30287,0.000952,172.31.36.0-255,66,53118,12,209114
30288,0.000986,172.217.194.0-255,7156,60274,12,209114
30289,0.000999,172.217.194.0-255,2902,63176,12,209114
30290,0.001019,172.31.36.0-255,66,63242,12,209114
30291,0.001022,172.31.36.0-255,66,63308,12,209114
30292,0.001026,172.31.36.0-255,66,63374,12,209114
30293,0.001031,172.217.194.0-255,4320,67694,12,209114
30294,0.001033,172.31.36.0-255,66,67760,12,209114
30295,0.001043,172.31.36.0-255,66,67826,12,209114
30296,0.001045,172.217.194.0-255,561,68387,12,209114
30297,0.001068,172.217.194.0-255,1484,69871,12,209114
30298,0.00107,172.31.36.0-255,66,69937,12,209114
30299,0.001076,172.217.194.0-255,4320,74257,12,209114
30300,0.001078,172.31.36.0-255,66,74323,12,209114
30301,0.0011,172.217.194.0-255,4320,78643,12,209114
30302,0.001103,172.31.36.0-255,66,78709,12,209114
30303,0.001119,172.217.194.0-255,2902,81611,12,209114
30304,0.001121,172.31.36.0-255,66,81677,12,209114
30305,0.001128,172.217.194.0-255,7156,88833,12,209114
30306,0.00113,172.31.36.0-255,66,88899,12,209114
30307,0.001148,172.217.194.0-255,1484,90383,12,209114
30308,0.00119,172.31.36.0-255,66,90449,12,209114
30309,0.001208,172.217.194.0-255,3602,94051,12,209114
30310,0.001211,172.31.36.0-255,66,94117,12,209114
30311,0.001358,172.217.194.0-255,1484,95601,12,209114
30312,0.001363,172.217.194.0-255,2902,98503,12,209114
30313,0.001366,172.31.36.0-255,66,98569,12,209114
30314,0.001369,172.217.194.0-255,1484,100053,12,209114
30315,0.001389,172.217.194.0-255,4320,104373,12,209114
30316,0.001392,172.31.36.0-255,66,104439,12,209114
30317,0.001405,172.31.36.0-255,66,104505,12,209114
30318,0.001412,172.217.194.0-255,7156,111661,12,209114
30319,0.001414,172.31.36.0-255,66,111727,12,209114
30320,0.001465,172.217.194.0-255,3602,115329,12,209114
30321,0.001468,172.31.36.0-255,66,115395,12,209114
30322,0.001545,172.217.194.0-255,1484,116879,12,209114
30323,0.001564,172.217.194.0-255,2902,119781,12,209114
30324,0.001567,172.31.36.0-255,66,119847,12,209114
30325,0.001604,172.217.194.0-255,4320,124167,12,209114
30326,0.001606,172.31.36.0-255,66,124233,12,209114
30327,0.00163,172.217.194.0-255,1484,125717,12,209114
30328,0.001656,172.31.36.0-255,66,125783,12,209114
30329,0.001693,172.217.194.0-255,1484,127267,12,209114
30330,0.001708,172.217.194.0-255,2902,130169,12,209114
30331,0.001712,172.31.36.0-255,66,130235,12,209114
30332,0.001718,172.217.194.0-255,5738,135973,12,209114
30333,0.001729,172.217.194.0-255,1484,137457,12,209114
30334,0.001741,172.31.36.0-255,66,137523,12,209114
30335,0.001759,172.31.36.0-255,66,137589,12,209114
30336,0.001774,172.217.194.0-255,1484,139073,12,209114
30337,0.001779,172.217.194.0-255,4320,143393,12,209114
30338,0.001792,172.31.36.0-255,66,143459,12,209114
30339,0.001804,172.217.194.0-255,6438,149897,12,209114
30340,0.001809,172.31.36.0-255,66,149963,12,209114
30341,0.001897,172.217.194.0-255,1484,151447,12,209114
30342,0.001903,172.217.194.0-255,2902,154349,12,209114
30343,0.001917,172.31.36.0-255,66,154415,12,209114
30344,0.001923,172.217.194.0-255,5738,160153,12,209114
30345,0.001928,172.31.36.0-255,66,160219,12,209114
30346,0.00194,172.217.194.0-255,7156,167375,12,209114
30347,0.001963,172.217.194.0-255,5738,173113,12,209114
30348,0.00197,172.31.36.0-255,66,173179,12,209114
30349,0.001991,172.31.36.0-255,66,173245,12,209114
30350,0.002036,172.217.194.0-255,1484,174729,12,209114
30351,0.002039,172.217.194.0-255,1484,176213,12,209114
30352,0.002052,172.31.36.0-255,66,176279,12,209114
30353,0.002056,172.217.194.0-255,1484,177763,12,209114
30354,0.002061,172.217.194.0-255,5738,183501,12,209114
30355,0.002066,172.217.194.0-255,4320,187821,12,209114
30356,0.002072,172.31.36.0-255,66,187887,12,209114
30357,0.002087,172.217.194.0-255,2902,190789,12,209114
30358,0.002102,172.31.36.0-255,66,190855,12,209114
30359,0.00212,172.217.194.0-255,4320,195175,12,209114
30360,0.002135,172.31.36.0-255,66,195241,12,209114
30361,0.002152,172.31.36.0-255,66,195307,12,209114
30362,0.002171,172.217.194.0-255,4320,199627,12,209114
30363,0.002214,172.31.36.0-255,66,199693,12,209114
30364,0.002251,172.31.36.0-255,66,199759,12,209114
30365,0.002259,172.217.194.0-255,1484,201243,12,209114
30366,0.00234,172.31.36.0-255,66,201309,12,209114
30367,0.002361,172.217.194.0-255,2184,203493,12,209114
30368,0.002386,172.217.194.0-255,105,203598,12,209114
30369,0.002392,172.31.36.0-255,66,203664,12,209114
30370,0.004762,172.31.36.0-255,105,203769,12,209114
30371,0.007072,172.217.194.0-255,66,203835,12,209114
30372,0.026268,172.31.36.0-255,172,204007,12,209114
30373,0.026323,172.31.36.0-255,1108,205115,12,209114
30374,0.026402,172.31.36.0-255,1514,206629,12,209114
30375,0.026404,172.31.36.0-255,1514,208143,12,209114
30376,0.026405,172.31.36.0-255,707,208850,12,209114
30377,0.027805,104.244.42.0-255,66,208916,12,209114
30378,0.027848,104.244.42.0-255,66,208982,12,209114
30379,0.027951,104.244.42.0-255,66,209048,12,209114
30380,0.027954,104.244.42.0-255,66,209114,12,209114
30381,0.0,172.217.194.0-255,153,153,12,172945
30382,3.5e-05,172.31.36.0-255,66,219,12,172945
30383,4.2e-05,172.217.194.0-255,1484,1703,12,172945
30384,4.7e-05,172.31.36.0-255,66,1769,12,172945
30385,5.2e-05,172.217.194.0-255,2902,4671,12,172945
30386,5.4e-05,172.31.36.0-255,66,4737,12,172945
30387,6.2e-05,172.217.194.0-255,7156,11893,12,172945
30388,6.5e-05,172.31.36.0-255,66,11959,12,172945
30389,6.9e-05,172.217.194.0-255,2084,14043,12,172945
30390,7.1e-05,172.31.36.0-255,66,14109,12,172945
30391,0.000185,172.217.194.0-255,1484,15593,12,172945
30392,0.00019,172.31.36.0-255,66,15659,12,172945
30393,0.000196,172.217.194.0-255,2902,18561,12,172945
30394,0.000199,172.31.36.0-255,66,18627,12,172945
30395,0.000205,172.217.194.0-255,5738,24365,12,172945
30396,0.000207,172.31.36.0-255,66,24431,12,172945
30397,0.000252,172.217.194.0-255,6797,31228,12,172945
30398,0.000255,172.31.36.0-255,66,31294,12,172945
30399,0.000465,172.217.194.0-255,1484,32778,12,172945
30400,0.000469,172.31.36.0-255,66,32844,12,172945
30401,0.000474,172.217.194.0-255,2902,35746,12,172945
30402,0.000477,172.31.36.0-255,66,35812,12,172945
30403,0.000484,172.217.194.0-255,5738,41550,12,172945
30404,0.000486,172.31.36.0-255,66,41616,12,172945
30405,0.000503,172.217.194.0-255,2902,44518,12,172945
30406,0.000507,172.31.36.0-255,66,44584,12,172945
30407,0.00053,172.217.194.0-255,3961,48545,12,172945
30408,0.000533,172.31.36.0-255,66,48611,12,172945
30409,0.000566,172.31.36.0-255,66,48677,12,172945
30410,0.00057,172.217.194.0-255,2543,51220,12,172945
30411,0.000573,172.31.36.0-255,66,51286,12,172945
30412,0.000885,172.217.194.0-255,646,51932,12,172945
30413,0.000963,172.217.194.0-255,1484,53416,12,172945
30414,0.000968,172.31.36.0-255,66,53482,12,172945
30415,0.000974,172.217.194.0-255,2902,56384,12,172945
30416,0.000977,172.31.36.0-255,66,56450,12,172945
30417,0.000983,172.217.194.0-255,5738,62188,12,172945
30418,0.000986,172.31.36.0-255,66,62254,12,172945
30419,0.001029,172.31.36.0-255,66,62320,12,172945
30420,0.00104,172.31.36.0-255,66,62386,12,172945
30421,0.001061,172.217.194.0-255,1484,63870,12,172945
30422,0.001076,172.217.194.0-255,766,64636,12,172945
30423,0.001078,172.31.36.0-255,66,64702,12,172945
30424,0.001257,172.217.194.0-255,1484,66186,12,172945
30425,0.001264,172.217.194.0-255,2902,69088,12,172945
30426,0.001268,172.31.36.0-255,66,69154,12,172945
30427,0.001275,172.217.194.0-255,5738,74892,12,172945
30428,0.001277,172.31.36.0-255,66,74958,12,172945
30429,0.001284,172.217.194.0-255,5738,80696,12,172945
30430,0.001286,172.31.36.0-255,66,80762,12,172945
30431,0.00132,172.31.36.0-255,66,80828,12,172945
30432,0.001338,172.217.194.0-255,1484,82312,12,172945
30433,0.001344,172.217.194.0-255,5020,87332,12,172945
30434,0.001348,172.31.36.0-255,66,87398,12,172945
30435,0.001638,172.217.194.0-255,1484,88882,12,172945
30436,0.001645,172.217.194.0-255,2902,91784,12,172945
30437,0.00165,172.31.36.0-255,66,91850,12,172945
30438,0.001658,172.217.194.0-255,5738,97588,12,172945
30439,0.00166,172.31.36.0-255,66,97654,12,172945
30440,0.001694,172.31.36.0-255,66,97720,12,172945
30441,0.001704,172.31.36.0-255,66,97786,12,172945
30442,0.001716,172.217.194.0-255,1484,99270,12,172945
30443,0.001719,172.217.194.0-255,766,100036,12,172945
30444,0.001721,172.31.36.0-255,66,100102,12,172945
30445,0.004029,172.217.194.0-255,4320,104422,12,172945
30446,0.004032,172.31.36.0-255,66,104488,12,172945
30447,0.00405,172.217.194.0-255,1484,105972,12,172945
30448,0.006378,172.217.194.0-255,4320,110292,12,172945
30449,0.006386,172.31.36.0-255,66,110358,12,172945
30450,0.008721,172.217.194.0-255,5738,116096,12,172945
30451,0.008728,172.31.36.0-255,66,116162,12,172945
30452,0.011071,172.217.194.0-255,5738,121900,12,172945
30453,0.011079,172.31.36.0-255,66,121966,12,172945
30454,0.0134,172.217.194.0-255,5738,127704,12,172945
30455,0.013409,172.31.36.0-255,66,127770,12,172945
30456,0.015745,172.217.194.0-255,5738,133508,12,172945
30457,0.015754,172.31.36.0-255,66,133574,12,172945
30458,0.018098,172.217.194.0-255,5738,139312,12,172945
30459,0.018112,172.31.36.0-255,66,139378,12,172945
30460,0.02047,172.217.194.0-255,5738,145116,12,172945
30461,0.020482,172.31.36.0-255,66,145182,12,172945
30462,0.02281,172.217.194.0-255,2902,148084,12,172945
30463,0.022817,172.31.36.0-255,66,148150,12,172945
30464,0.022851,172.217.194.0-255,2902,151052,12,172945
30465,0.022854,172.31.36.0-255,66,151118,12,172945
30466,0.02519,172.217.194.0-255,5738,156856,12,172945
30467,0.025198,172.31.36.0-255,66,156922,12,172945
30468,0.027529,172.217.194.0-255,5738,162660,12,172945
30469,0.027534,172.31.36.0-255,66,162726,12,172945
30470,0.027901,172.31.36.0-255,164,162890,12,172945
30471,0.027929,172.31.36.0-255,1115,164005,12,172945
30472,0.027954,172.31.36.0-255,1514,165519,12,172945
30473,0.027956,172.31.36.0-255,1292,166811,12,172945
30474,0.029468,104.244.42.0-255,66,166877,12,172945
30475,0.029474,104.244.42.0-255,66,166943,12,172945
30476,0.029499,104.244.42.0-255,66,167009,12,172945
30477,0.029827,172.217.194.0-255,2902,169911,12,172945
30478,0.029832,172.31.36.0-255,66,169977,12,172945
30479,0.029865,172.217.194.0-255,2902,172879,12,172945
30480,0.029869,172.31.36.0-255,66,172945,12,172945
30481,0.0,74.125.24.0-255,154,154,12,189906
30482,2.5e-05,172.31.36.0-255,66,220,12,189906
30483,3.3e-05,74.125.24.0-255,1484,1704,12,189906
30484,3.8e-05,172.31.36.0-255,66,1770,12,189906
30485,5.2e-05,74.125.24.0-255,2902,4672,12,189906
30486,5.6e-05,172.31.36.0-255,66,4738,12,189906
30487,6.4e-05,74.125.24.0-255,7156,11894,12,189906
30488,6.7e-05,172.31.36.0-255,66,11960,12,189906
30489,7e-05,74.125.24.0-255,1484,13444,12,189906
30490,7.3e-05,172.31.36.0-255,66,13510,12,189906
30491,7.7e-05,74.125.24.0-255,619,14129,12,189906
30492,8e-05,172.31.36.0-255,66,14195,12,189906
30493,0.00015,74.125.24.0-255,1484,15679,12,189906
30494,0.000153,172.31.36.0-255,66,15745,12,189906
30495,0.00019,74.125.24.0-255,1484,17229,12,189906
30496,0.000192,172.31.36.0-255,66,17295,12,189906
30497,0.000223,74.125.24.0-255,1484,18779,12,189906
30498,0.000225,172.31.36.0-255,66,18845,12,189906
30499,0.000232,74.125.24.0-255,5738,24583,12,189906
30500,0.000235,172.31.36.0-255,66,24649,12,189906
30501,0.000247,74.125.24.0-255,6797,31446,12,189906
30502,0.000249,172.31.36.0-255,66,31512,12,189906
30503,0.000257,74.125.24.0-255,7156,38668,12,189906
30504,0.000259,172.31.36.0-255,66,38734,12,189906
30505,0.000271,172.31.36.0-255,66,38800,12,189906
30506,0.000449,74.125.24.0-255,1484,40284,12,189906
30507,0.000454,172.31.36.0-255,66,40350,12,189906
30508,0.00046,74.125.24.0-255,2902,43252,12,189906
30509,0.000463,172.31.36.0-255,66,43318,12,189906
30510,0.000473,74.125.24.0-255,4320,47638,12,189906
30511,0.000476,172.31.36.0-255,66,47704,12,189906
30512,0.000488,74.125.24.0-255,1484,49188,12,189906
30513,0.000494,74.125.24.0-255,2902,52090,12,189906
30514,0.000497,172.31.36.0-255,66,52156,12,189906
30515,0.000528,74.125.24.0-255,3961,56117,12,189906
30516,0.000531,172.31.36.0-255,66,56183,12,189906
30517,0.000564,74.125.24.0-255,1484,57667,12,189906
30518,0.000578,74.125.24.0-255,2902,60569,12,189906
30519,0.000581,172.31.36.0-255,66,60635,12,189906
30520,0.000609,74.125.24.0-255,5738,66373,12,189906
30521,0.000612,172.31.36.0-255,66,66439,12,189906
30522,0.000618,74.125.24.0-255,4320,70759,12,189906
30523,0.000621,172.31.36.0-255,66,70825,12,189906
30524,0.00066,74.125.24.0-255,7156,77981,12,189906
30525,0.000663,172.31.36.0-255,66,78047,12,189906
30526,0.000691,74.125.24.0-255,4543,82590,12,189906
30527,0.000694,172.31.36.0-255,66,82656,12,189906
30528,0.000705,172.31.36.0-255,66,82722,12,189906
30529,0.001706,74.125.24.0-255,1484,84206,12,189906
30530,0.001715,74.125.24.0-255,2902,87108,12,189906
30531,0.00172,172.31.36.0-255,66,87174,12,189906
30532,0.001726,74.125.24.0-255,2902,90076,12,189906
30533,0.001729,172.31.36.0-255,66,90142,12,189906
30534,0.001739,74.125.24.0-255,2902,93044,12,189906
30535,0.001741,172.31.36.0-255,66,93110,12,189906
30536,0.001774,74.125.24.0-255,4320,97430,12,189906
30537,0.001777,172.31.36.0-255,66,97496,12,189906
30538,0.001793,172.31.36.0-255,66,97562,12,189906
30539,0.001829,74.125.24.0-255,5020,102582,12,189906
30540,0.001832,172.31.36.0-255,66,102648,12,189906
30541,0.002218,74.125.24.0-255,1484,104132,12,189906
30542,0.002227,74.125.24.0-255,2902,107034,12,189906
30543,0.002231,172.31.36.0-255,66,107100,12,189906
30544,0.002236,74.125.24.0-255,1484,108584,12,189906
30545,0.00226,74.125.24.0-255,4320,112904,12,189906
30546,0.002262,172.31.36.0-255,66,112970,12,189906
30547,0.002277,172.31.36.0-255,66,113036,12,189906
30548,0.002285,74.125.24.0-255,7156,120192,12,189906
30549,0.002287,172.31.36.0-255,66,120258,12,189906
30550,0.004549,74.125.24.0-255,5738,125996,12,189906
30551,0.004554,172.31.36.0-255,66,126062,12,189906
30552,0.00682,74.125.24.0-255,5738,131800,12,189906
30553,0.006826,172.31.36.0-255,66,131866,12,189906
30554,0.009097,74.125.24.0-255,5738,137604,12,189906
30555,0.009107,172.31.36.0-255,66,137670,12,189906
30556,0.011381,74.125.24.0-255,5738,143408,12,189906
30557,0.011391,172.31.36.0-255,66,143474,12,189906
30558,0.013752,74.125.24.0-255,5738,149212,12,189906
30559,0.01376,172.31.36.0-255,66,149278,12,189906
30560,0.016034,74.125.24.0-255,5738,155016,12,189906
30561,0.016044,172.31.36.0-255,66,155082,12,189906
30562,0.0184,74.125.24.0-255,5738,160820,12,189906
30563,0.018415,172.31.36.0-255,66,160886,12,189906
30564,0.020736,74.125.24.0-255,5738,166624,12,189906
30565,0.020749,172.31.36.0-255,66,166690,12,189906
30566,0.023026,74.125.24.0-255,5738,172428,12,189906
30567,0.023034,172.31.36.0-255,66,172494,12,189906
30568,0.025309,74.125.24.0-255,5738,178232,12,189906
30569,0.025318,172.31.36.0-255,66,178298,12,189906
30570,0.027555,74.125.24.0-255,5738,184036,12,189906
30571,0.027563,172.31.36.0-255,66,184102,12,189906
30572,0.029811,74.125.24.0-255,5738,189840,12,189906
30573,0.02982,172.31.36.0-255,66,189906,12,189906
30574,0.0,74.125.24.0-255,157,157,12,213235
30575,3.3e-05,172.31.36.0-255,66,223,12,213235
30576,4e-05,74.125.24.0-255,1484,1707,12,213235
30577,4.4e-05,172.31.36.0-255,66,1773,12,213235
30578,4.8e-05,74.125.24.0-255,2902,4675,12,213235
30579,5.1e-05,172.31.36.0-255,66,4741,12,213235
30580,5.4e-05,74.125.24.0-255,1484,6225,12,213235
30581,5.6e-05,172.31.36.0-255,66,6291,12,213235
30582,8.1e-05,74.125.24.0-255,5738,12029,12,213235
30583,8.4e-05,172.31.36.0-255,66,12095,12,213235
30584,0.000125,172.31.36.0-255,66,12161,12,213235
30585,0.000156,74.125.24.0-255,5379,17540,12,213235
30586,0.00016,172.31.36.0-255,66,17606,12,213235
30587,0.000197,74.125.24.0-255,5738,23344,12,213235
30588,0.000201,172.31.36.0-255,66,23410,12,213235
30589,0.000206,74.125.24.0-255,2902,26312,12,213235
30590,0.000208,172.31.36.0-255,66,26378,12,213235
30591,0.000241,172.31.36.0-255,66,26444,12,213235
30592,0.000257,74.125.24.0-255,2543,28987,12,213235
30593,0.000261,172.31.36.0-255,66,29053,12,213235
30594,0.000275,172.31.36.0-255,66,29119,12,213235
30595,0.000374,74.125.24.0-255,384,29503,12,213235
30596,0.00038,172.31.36.0-255,66,29569,12,213235
30597,0.000529,74.125.24.0-255,1484,31053,12,213235
30598,0.000534,172.31.36.0-255,66,31119,12,213235
30599,0.000539,74.125.24.0-255,2902,34021,12,213235
30600,0.000541,172.31.36.0-255,66,34087,12,213235
30601,0.000546,74.125.24.0-255,2902,36989,12,213235
30602,0.000548,172.31.36.0-255,66,37055,12,213235
30603,0.000566,74.125.24.0-255,2902,39957,12,213235
30604,0.000572,172.31.36.0-255,66,40023,12,213235
30605,0.000574,74.125.24.0-255,7156,47179,12,213235
30606,0.000599,172.31.36.0-255,66,47245,12,213235
30607,0.000602,74.125.24.0-255,2543,49788,12,213235
30608,0.000616,172.31.36.0-255,66,49854,12,213235
30609,0.000647,74.125.24.0-255,3961,53815,12,213235
30610,0.000656,172.31.36.0-255,66,53881,12,213235
30611,0.001147,74.125.24.0-255,1484,55365,12,213235
30612,0.00116,74.125.24.0-255,2902,58267,12,213235
30613,0.001163,172.31.36.0-255,66,58333,12,213235
30614,0.001171,74.125.24.0-255,5738,64071,12,213235
30615,0.001182,74.125.24.0-255,1484,65555,12,213235
30616,0.001187,172.31.36.0-255,66,65621,12,213235
30617,0.001222,172.31.36.0-255,66,65687,12,213235
30618,0.001237,74.125.24.0-255,4320,70007,12,213235
30619,0.001248,172.31.36.0-255,66,70073,12,213235
30620,0.001271,172.31.36.0-255,66,70139,12,213235
30621,0.001379,74.125.24.0-255,1484,71623,12,213235
30622,0.0014,74.125.24.0-255,2902,74525,12,213235
30623,0.001404,172.31.36.0-255,66,74591,12,213235
30624,0.001427,74.125.24.0-255,5738,80329,12,213235
30625,0.001432,172.31.36.0-255,66,80395,12,213235
30626,0.001447,74.125.24.0-255,1484,81879,12,213235
30627,0.001451,74.125.24.0-255,2902,84781,12,213235
30628,0.001459,172.31.36.0-255,66,84847,12,213235
30629,0.001478,74.125.24.0-255,4320,89167,12,213235
30630,0.001485,172.31.36.0-255,66,89233,12,213235
30631,0.001498,74.125.24.0-255,1484,90717,12,213235
30632,0.001502,74.125.24.0-255,2902,93619,12,213235
30633,0.001514,172.31.36.0-255,66,93685,12,213235
30634,0.001518,74.125.24.0-255,2902,96587,12,213235
30635,0.001537,74.125.24.0-255,7156,103743,12,213235
30636,0.001537,172.31.36.0-255,66,103809,12,213235
30637,0.001539,74.125.24.0-255,766,104575,12,213235
30638,0.001542,172.31.36.0-255,66,104641,12,213235
30639,0.002021,74.125.24.0-255,1484,106125,12,213235
30640,0.002032,74.125.24.0-255,2902,109027,12,213235
30641,0.002036,172.31.36.0-255,66,109093,12,213235
30642,0.002044,74.125.24.0-255,5738,114831,12,213235
30643,0.002048,74.125.24.0-255,4320,119151,12,213235
30644,0.00207,74.125.24.0-255,7156,126307,12,213235
30645,0.002083,74.125.24.0-255,4320,130627,12,213235
30646,0.0023,74.125.24.0-255,1484,132111,12,213235
30647,0.002307,74.125.24.0-255,2902,135013,12,213235
30648,0.002327,74.125.24.0-255,5738,140751,12,213235
30649,0.002356,74.125.24.0-255,7156,147907,12,213235
30650,0.002399,74.125.24.0-255,4320,152227,12,213235
30651,0.002454,74.125.24.0-255,2902,155129,12,213235
30652,0.005972,172.31.36.0-255,66,155195,12,213235
30653,0.008367,74.125.24.0-255,5738,160933,12,213235
30654,0.008373,172.31.36.0-255,66,160999,12,213235
30655,0.010742,74.125.24.0-255,5738,166737,12,213235
30656,0.01075,172.31.36.0-255,66,166803,12,213235
30657,0.013144,74.125.24.0-255,5738,172541,12,213235
30658,0.013475,172.31.36.0-255,66,172607,12,213235
30659,0.015837,74.125.24.0-255,5738,178345,12,213235
30660,0.015847,172.31.36.0-255,66,178411,12,213235
30661,0.018207,74.125.24.0-255,5738,184149,12,213235
30662,0.018212,172.31.36.0-255,66,184215,12,213235
30663,0.02054,74.125.24.0-255,5738,189953,12,213235
30664,0.020547,172.31.36.0-255,66,190019,12,213235
30665,0.022939,74.125.24.0-255,5738,195757,12,213235
30666,0.022947,172.31.36.0-255,66,195823,12,213235
30667,0.025278,74.125.24.0-255,5738,201561,12,213235
30668,0.025286,172.31.36.0-255,66,201627,12,213235
30669,0.027611,74.125.24.0-255,5738,207365,12,213235
30670,0.02762,172.31.36.0-255,66,207431,12,213235
30671,0.029938,74.125.24.0-255,5738,213169,12,213235
30672,0.029945,172.31.36.0-255,66,213235,12,213235
30673,0.0,172.217.194.0-255,153,153,12,189713
30674,1.5e-05,172.31.36.0-255,66,219,12,189713
30675,2.2e-05,172.217.194.0-255,1484,1703,12,189713
30676,2.6e-05,172.31.36.0-255,66,1769,12,189713
30677,4.1e-05,172.217.194.0-255,2902,4671,12,189713
30678,4.5e-05,172.31.36.0-255,66,4737,12,189713
30679,5e-05,172.217.194.0-255,2902,7639,12,189713
30680,5.3e-05,172.31.36.0-255,66,7705,12,189713
30681,8.6e-05,172.217.194.0-255,1484,9189,12,189713
30682,8.9e-05,172.31.36.0-255,66,9255,12,189713
30683,9.7e-05,172.217.194.0-255,7156,16411,12,189713
30684,9.9e-05,172.31.36.0-255,66,16477,12,189713
30685,0.000123,172.217.194.0-255,2064,18541,12,189713
30686,0.000129,172.31.36.0-255,66,18607,12,189713
30687,0.000142,172.31.36.0-255,66,18673,12,189713
30688,0.000147,172.217.194.0-255,2543,21216,12,189713
30689,0.000149,172.31.36.0-255,66,21282,12,189713
30690,0.000244,172.217.194.0-255,1484,22766,12,189713
30691,0.000247,172.31.36.0-255,66,22832,12,189713
30692,0.000268,172.217.194.0-255,2902,25734,12,189713
30693,0.000271,172.31.36.0-255,66,25800,12,189713
30694,0.000276,172.217.194.0-255,4320,30120,12,189713
30695,0.000279,172.31.36.0-255,66,30186,12,189713
30696,0.000307,172.217.194.0-255,1484,31670,12,189713
30697,0.00031,172.31.36.0-255,66,31736,12,189713
30698,0.000337,172.217.194.0-255,6797,38533,12,189713
30699,0.000341,172.31.36.0-255,66,38599,12,189713
30700,0.000349,172.217.194.0-255,7156,45755,12,189713
30701,0.000351,172.31.36.0-255,66,45821,12,189713
30702,0.000395,172.31.36.0-255,66,45887,12,189713
30703,0.000399,172.217.194.0-255,1415,47302,12,189713
30704,0.00091,172.217.194.0-255,99,47401,12,189713
30705,0.000964,172.217.194.0-255,1484,48885,12,189713
30706,0.00097,172.31.36.0-255,66,48951,12,189713
30707,0.000976,172.217.194.0-255,2902,51853,12,189713
30708,0.000978,172.31.36.0-255,66,51919,12,189713
30709,0.001013,172.217.194.0-255,5738,57657,12,189713
30710,0.001016,172.31.36.0-255,66,57723,12,189713
30711,0.001024,172.217.194.0-255,7156,64879,12,189713
30712,0.001026,172.31.36.0-255,66,64945,12,189713
30713,0.001054,172.217.194.0-255,1484,66429,12,189713
30714,0.001075,172.217.194.0-255,1484,67913,12,189713
30715,0.001078,172.31.36.0-255,66,67979,12,189713
30716,0.001124,172.31.36.0-255,66,68045,12,189713
30717,0.001303,172.217.194.0-255,362,68407,12,189713
30718,0.00134,172.217.194.0-255,1484,69891,12,189713
30719,0.001344,172.31.36.0-255,66,69957,12,189713
30720,0.001366,172.217.194.0-255,4320,74277,12,189713
30721,0.001369,172.31.36.0-255,66,74343,12,189713
30722,0.001374,172.217.194.0-255,2902,77245,12,189713
30723,0.001376,172.31.36.0-255,66,77311,12,189713
30724,0.001408,172.217.194.0-255,1484,78795,12,189713
30725,0.001421,172.31.36.0-255,66,78861,12,189713
30726,0.001426,172.217.194.0-255,2902,81763,12,189713
30727,0.001428,172.31.36.0-255,66,81829,12,189713
30728,0.001457,172.217.194.0-255,5738,87567,12,189713
30729,0.001459,172.31.36.0-255,66,87633,12,189713
30730,0.001504,172.217.194.0-255,5020,92653,12,189713
30731,0.001508,172.31.36.0-255,66,92719,12,189713
30732,0.001538,172.217.194.0-255,2902,95621,12,189713
30733,0.001542,172.31.36.0-255,66,95687,12,189713
30734,0.001547,172.217.194.0-255,4320,100007,12,189713
30735,0.00155,172.31.36.0-255,66,100073,12,189713
30736,0.001566,172.31.36.0-255,66,100139,12,189713
30737,0.001599,172.31.36.0-255,66,100205,12,189713
30738,0.001625,172.217.194.0-255,1484,101689,12,189713
30739,0.001656,172.217.194.0-255,5738,107427,12,189713
30740,0.001659,172.31.36.0-255,66,107493,12,189713
30741,0.001686,172.217.194.0-255,2184,109677,12,189713
30742,0.001688,172.31.36.0-255,66,109743,12,189713
30743,0.001981,172.217.194.0-255,1484,111227,12,189713
30744,0.001988,172.217.194.0-255,2902,114129,12,189713
30745,0.001991,172.31.36.0-255,66,114195,12,189713
30746,0.001995,172.217.194.0-255,1484,115679,12,189713
30747,0.003999,172.217.194.0-255,4320,119999,12,189713
30748,0.004006,172.31.36.0-255,66,120065,12,189713
30749,0.005987,172.217.194.0-255,5738,125803,12,189713
30750,0.005991,172.31.36.0-255,66,125869,12,189713
30751,0.008001,172.217.194.0-255,5738,131607,12,189713
30752,0.008008,172.31.36.0-255,66,131673,12,189713
30753,0.009991,172.217.194.0-255,5738,137411,12,189713
30754,0.009999,172.31.36.0-255,66,137477,12,189713
30755,0.011983,172.217.194.0-255,5738,143215,12,189713
30756,0.011992,172.31.36.0-255,66,143281,12,189713
30757,0.013998,172.217.194.0-255,5738,149019,12,189713
30758,0.014009,172.31.36.0-255,66,149085,12,189713
30759,0.016074,172.217.194.0-255,5738,154823,12,189713
30760,0.016089,172.31.36.0-255,66,154889,12,189713
30761,0.018122,172.217.194.0-255,5738,160627,12,189713
30762,0.01814,172.31.36.0-255,66,160693,12,189713
30763,0.020144,172.217.194.0-255,5738,166431,12,189713
30764,0.020156,172.31.36.0-255,66,166497,12,189713
30765,0.022167,172.217.194.0-255,5738,172235,12,189713
30766,0.022179,172.31.36.0-255,66,172301,12,189713
30767,0.024171,172.217.194.0-255,5738,178039,12,189713
30768,0.024181,172.31.36.0-255,66,178105,12,189713
30769,0.026182,172.217.194.0-255,5738,183843,12,189713
30770,0.026191,172.31.36.0-255,66,183909,12,189713
30771,0.028185,172.217.194.0-255,5738,189647,12,189713
30772,0.028194,172.31.36.0-255,66,189713,12,189713
30773,0.0,74.125.24.0-255,153,153,12,228878
30774,3e-05,172.31.36.0-255,66,219,12,228878
30775,3.7e-05,74.125.24.0-255,1484,1703,12,228878
30776,4.1e-05,172.31.36.0-255,66,1769,12,228878
30777,4.5e-05,74.125.24.0-255,2902,4671,12,228878
30778,4.8e-05,172.31.36.0-255,66,4737,12,228878
30779,5.5e-05,74.125.24.0-255,7156,11893,12,228878
30780,5.8e-05,172.31.36.0-255,66,11959,12,228878
30781,6.2e-05,74.125.24.0-255,2047,14006,12,228878
30782,6.5e-05,172.31.36.0-255,66,14072,12,228878
30783,9.9e-05,74.125.24.0-255,2902,16974,12,228878
30784,0.000102,172.31.36.0-255,66,17040,12,228878
30785,0.000108,74.125.24.0-255,4320,21360,12,228878
30786,0.000111,172.31.36.0-255,66,21426,12,228878
30787,0.000124,74.125.24.0-255,2902,24328,12,228878
30788,0.000126,172.31.36.0-255,66,24394,12,228878
30789,0.000158,74.125.24.0-255,2902,27296,12,228878
30790,0.000161,172.31.36.0-255,66,27362,12,228878
30791,0.000176,74.125.24.0-255,3961,31323,12,228878
30792,0.000178,172.31.36.0-255,66,31389,12,228878
30793,0.000518,74.125.24.0-255,1484,32873,12,228878
30794,0.000524,172.31.36.0-255,66,32939,12,228878
30795,0.000531,74.125.24.0-255,2902,35841,12,228878
30796,0.000534,172.31.36.0-255,66,35907,12,228878
30797,0.000554,74.125.24.0-255,5738,41645,12,228878
30798,0.000557,172.31.36.0-255,66,41711,12,228878
30799,0.000561,74.125.24.0-255,1484,43195,12,228878
30800,0.000563,172.31.36.0-255,66,43261,12,228878
30801,0.000603,172.31.36.0-255,66,43327,12,228878
30802,0.000612,74.125.24.0-255,7156,50483,12,228878
30803,0.000615,172.31.36.0-255,66,50549,12,228878
30804,0.000642,74.125.24.0-255,5379,55928,12,228878
30805,0.000646,172.31.36.0-255,66,55994,12,228878
30806,0.000649,74.125.24.0-255,403,56397,12,228878
30807,0.000931,172.31.36.0-255,66,56463,12,228878
30808,0.001168,74.125.24.0-255,341,56804,12,228878
30809,0.001316,74.125.24.0-255,1484,58288,12,228878
30810,0.001322,172.31.36.0-255,66,58354,12,228878
30811,0.001328,74.125.24.0-255,2902,61256,12,228878
30812,0.00133,172.31.36.0-255,66,61322,12,228878
30813,0.001338,74.125.24.0-255,5738,67060,12,228878
30814,0.001341,172.31.36.0-255,66,67126,12,228878
30815,0.001359,74.125.24.0-255,5738,72864,12,228878
30816,0.001362,172.31.36.0-255,66,72930,12,228878
30817,0.001383,74.125.24.0-255,6797,79727,12,228878
30818,0.001386,172.31.36.0-255,66,79793,12,228878
30819,0.001419,172.31.36.0-255,66,79859,12,228878
30820,0.00195,74.125.24.0-255,1484,81343,12,228878
30821,0.001961,74.125.24.0-255,1484,82827,12,228878
30822,0.001963,172.31.36.0-255,66,82893,12,228878
30823,0.001981,74.125.24.0-255,1484,84377,12,228878
30824,0.001986,74.125.24.0-255,5738,90115,12,228878
30825,0.001988,172.31.36.0-255,66,90181,12,228878
30826,0.002001,172.31.36.0-255,66,90247,12,228878
30827,0.002016,74.125.24.0-255,4320,94567,12,228878
30828,0.002018,172.31.36.0-255,66,94633,12,228878
30829,0.002038,74.125.24.0-255,6438,101071,12,228878
30830,0.002041,172.31.36.0-255,66,101137,12,228878
30831,0.00217,74.125.24.0-255,1484,102621,12,228878
30832,0.002174,74.125.24.0-255,2902,105523,12,228878
30833,0.002177,172.31.36.0-255,66,105589,12,228878
30834,0.002179,74.125.24.0-255,1484,107073,12,228878
30835,0.002195,74.125.24.0-255,4320,111393,12,228878
30836,0.002197,172.31.36.0-255,66,111459,12,228878
30837,0.002221,74.125.24.0-255,7156,118615,12,228878
30838,0.002223,172.31.36.0-255,66,118681,12,228878
30839,0.002247,74.125.24.0-255,5738,124419,12,228878
30840,0.002249,172.31.36.0-255,66,124485,12,228878
30841,0.002259,172.31.36.0-255,66,124551,12,228878
30842,0.002306,74.125.24.0-255,2184,126735,12,228878
30843,0.002308,172.31.36.0-255,66,126801,12,228878
30844,0.002349,74.125.24.0-255,1484,128285,12,228878
30845,0.002353,74.125.24.0-255,2902,131187,12,228878
30846,0.002355,172.31.36.0-255,66,131253,12,228878
30847,0.002371,74.125.24.0-255,1484,132737,12,228878
30848,0.002384,74.125.24.0-255,2902,135639,12,228878
30849,0.002386,172.31.36.0-255,66,135705,12,228878
30850,0.002389,74.125.24.0-255,1484,137189,12,228878
30851,0.002406,74.125.24.0-255,4320,141509,12,228878
30852,0.002409,172.31.36.0-255,66,141575,12,228878
30853,0.002415,74.125.24.0-255,5738,147313,12,228878
30854,0.002417,172.31.36.0-255,66,147379,12,228878
30855,0.002433,74.125.24.0-255,7156,154535,12,228878
30856,0.002435,172.31.36.0-255,66,154601,12,228878
30857,0.002441,74.125.24.0-255,6438,161039,12,228878
30858,0.002443,172.31.36.0-255,66,161105,12,228878
30859,0.002505,74.125.24.0-255,1484,162589,12,228878
30860,0.002521,74.125.24.0-255,2902,165491,12,228878
30861,0.002524,172.31.36.0-255,66,165557,12,228878
30862,0.002537,74.125.24.0-255,2902,168459,12,228878
30863,0.002539,172.31.36.0-255,66,168525,12,228878
30864,0.00502,74.125.24.0-255,4320,172845,12,228878
30865,0.005027,172.31.36.0-255,66,172911,12,228878
30866,0.005046,74.125.24.0-255,1484,174395,12,228878
30867,0.007533,74.125.24.0-255,4320,178715,12,228878
30868,0.007539,172.31.36.0-255,66,178781,12,228878
30869,0.010056,74.125.24.0-255,5738,184519,12,228878
30870,0.010063,172.31.36.0-255,66,184585,12,228878
30871,0.012572,74.125.24.0-255,5738,190323,12,228878
30872,0.012588,172.31.36.0-255,66,190389,12,228878
30873,0.015104,74.125.24.0-255,5738,196127,12,228878
30874,0.015114,172.31.36.0-255,66,196193,12,228878
30875,0.017623,74.125.24.0-255,5738,201931,12,228878
30876,0.017631,172.31.36.0-255,66,201997,12,228878
30877,0.020122,74.125.24.0-255,5738,207735,12,228878
30878,0.02013,172.31.36.0-255,66,207801,12,228878
30879,0.022661,74.125.24.0-255,4320,212121,12,228878
30880,0.022668,172.31.36.0-255,66,212187,12,228878
30881,0.022686,74.125.24.0-255,1484,213671,12,228878
30882,0.025157,74.125.24.0-255,4320,217991,12,228878
30883,0.025165,172.31.36.0-255,66,218057,12,228878
30884,0.027662,74.125.24.0-255,5738,223795,12,228878
30885,0.027669,172.31.36.0-255,66,223861,12,228878
30886,0.029269,172.31.36.0-255,172,224033,12,228878
30887,0.029301,172.31.36.0-255,1108,225141,12,228878
30888,0.029338,172.31.36.0-255,1514,226655,12,228878
30889,0.029339,172.31.36.0-255,1514,228169,12,228878
30890,0.029361,172.31.36.0-255,709,228878,12,228878
30891,0.0,74.125.24.0-255,152,152,12,234242
30892,2.3e-05,172.31.36.0-255,66,218,12,234242
30893,3.1e-05,74.125.24.0-255,1484,1702,12,234242
30894,3.6e-05,172.31.36.0-255,66,1768,12,234242
30895,4.9e-05,74.125.24.0-255,2902,4670,12,234242
30896,5.2e-05,172.31.36.0-255,66,4736,12,234242
30897,9.2e-05,74.125.24.0-255,5738,10474,12,234242
30898,9.5e-05,172.31.36.0-255,66,10540,12,234242
30899,0.000101,74.125.24.0-255,3467,14007,12,234242
30900,0.000103,172.31.36.0-255,66,14073,12,234242
30901,0.000303,74.125.24.0-255,1484,15557,12,234242
30902,0.000308,172.31.36.0-255,66,15623,12,234242
30903,0.000314,74.125.24.0-255,2902,18525,12,234242
30904,0.000315,172.31.36.0-255,66,18591,12,234242
30905,0.000321,74.125.24.0-255,4320,22911,12,234242
30906,0.000323,172.31.36.0-255,66,22977,12,234242
30907,0.000353,74.125.24.0-255,1484,24461,12,234242
30908,0.000355,172.31.36.0-255,66,24527,12,234242
30909,0.000362,74.125.24.0-255,6797,31324,12,234242
30910,0.000364,172.31.36.0-255,66,31390,12,234242
30911,0.000467,74.125.24.0-255,1484,32874,12,234242
30912,0.00047,172.31.36.0-255,66,32940,12,234242
30913,0.000475,74.125.24.0-255,2902,35842,12,234242
30914,0.000477,172.31.36.0-255,66,35908,12,234242
30915,0.000483,74.125.24.0-255,5738,41646,12,234242
30916,0.00049,172.31.36.0-255,66,41712,12,234242
30917,0.000494,74.125.24.0-255,4320,46032,12,234242
30918,0.000497,172.31.36.0-255,66,46098,12,234242
30919,0.000529,74.125.24.0-255,2543,48641,12,234242
30920,0.000532,172.31.36.0-255,66,48707,12,234242
30921,0.000539,74.125.24.0-255,7156,55863,12,234242
30922,0.000541,172.31.36.0-255,66,55929,12,234242
30923,0.000582,74.125.24.0-255,398,56327,12,234242
30924,0.000598,172.31.36.0-255,66,56393,12,234242
30925,0.000657,74.125.24.0-255,111,56504,12,234242
30926,0.000673,74.125.24.0-255,330,56834,12,234242
30927,0.001016,172.31.36.0-255,66,56900,12,234242
30928,0.00107,74.125.24.0-255,1484,58384,12,234242
30929,0.001075,74.125.24.0-255,2902,61286,12,234242
30930,0.001078,172.31.36.0-255,66,61352,12,234242
30931,0.001099,74.125.24.0-255,5738,67090,12,234242
30932,0.001101,172.31.36.0-255,66,67156,12,234242
30933,0.001138,74.125.24.0-255,4320,71476,12,234242
30934,0.001141,172.31.36.0-255,66,71542,12,234242
30935,0.001176,172.31.36.0-255,66,71608,12,234242
30936,0.001179,74.125.24.0-255,1484,73092,12,234242
30937,0.001205,172.31.36.0-255,66,73158,12,234242
30938,0.001227,74.125.24.0-255,1484,74642,12,234242
30939,0.001247,74.125.24.0-255,2902,77544,12,234242
30940,0.001249,172.31.36.0-255,66,77610,12,234242
30941,0.00128,74.125.24.0-255,5738,83348,12,234242
30942,0.001283,172.31.36.0-255,66,83414,12,234242
30943,0.001289,74.125.24.0-255,5738,89152,12,234242
30944,0.001292,172.31.36.0-255,66,89218,12,234242
30945,0.00133,74.125.24.0-255,4320,93538,12,234242
30946,0.001344,172.31.36.0-255,66,93604,12,234242
30947,0.001365,74.125.24.0-255,766,94370,12,234242
30948,0.001405,74.125.24.0-255,1484,95854,12,234242
30949,0.001415,172.31.36.0-255,66,95920,12,234242
30950,0.001429,74.125.24.0-255,2902,98822,12,234242
30951,0.001446,74.125.24.0-255,1484,100306,12,234242
30952,0.001451,74.125.24.0-255,5738,106044,12,234242
30953,0.001456,172.31.36.0-255,66,106110,12,234242
30954,0.001496,74.125.24.0-255,1484,107594,12,234242
30955,0.00153,74.125.24.0-255,7156,114750,12,234242
30956,0.001541,74.125.24.0-255,1484,116234,12,234242
30957,0.001544,74.125.24.0-255,2184,118418,12,234242
30958,0.001548,172.31.36.0-255,66,118484,12,234242
30959,0.00158,74.125.24.0-255,2902,121386,12,234242
30960,0.001594,74.125.24.0-255,2902,124288,12,234242
30961,0.001597,172.31.36.0-255,66,124354,12,234242
30962,0.001601,172.31.36.0-255,66,124420,12,234242
30963,0.001637,74.125.24.0-255,7156,131576,12,234242
30964,0.00164,74.125.24.0-255,1484,133060,12,234242
30965,0.001647,172.31.36.0-255,66,133126,12,234242
30966,0.001699,172.31.36.0-255,66,133192,12,234242
30967,0.001737,172.31.36.0-255,66,133258,12,234242
30968,0.001769,74.125.24.0-255,1484,134742,12,234242
30969,0.00179,74.125.24.0-255,2902,137644,12,234242
30970,0.001801,172.31.36.0-255,66,137710,12,234242
30971,0.001811,74.125.24.0-255,5738,143448,12,234242
30972,0.001826,172.31.36.0-255,66,143514,12,234242
30973,0.001834,74.125.24.0-255,1484,144998,12,234242
30974,0.00187,74.125.24.0-255,5738,150736,12,234242
30975,0.001894,172.31.36.0-255,66,150802,12,234242
30976,0.001917,74.125.24.0-255,5020,155822,12,234242
30977,0.001927,172.31.36.0-255,66,155888,12,234242
30978,0.002064,74.125.24.0-255,1484,157372,12,234242
30979,0.00207,74.125.24.0-255,2902,160274,12,234242
30980,0.002078,172.31.36.0-255,66,160340,12,234242
30981,0.002108,74.125.24.0-255,5738,166078,12,234242
30982,0.002112,74.125.24.0-255,1484,167562,12,234242
30983,0.00213,74.125.24.0-255,2902,170464,12,234242
30984,0.002141,74.125.24.0-255,4320,174784,12,234242
30985,0.002167,74.125.24.0-255,7156,181940,12,234242
30986,0.008746,172.31.36.0-255,66,182006,12,234242
30987,0.010883,74.125.24.0-255,5738,187744,12,234242
30988,0.01089,172.31.36.0-255,66,187810,12,234242
30989,0.01303,74.125.24.0-255,5738,193548,12,234242
30990,0.01304,172.31.36.0-255,66,193614,12,234242
30991,0.015148,74.125.24.0-255,5738,199352,12,234242
30992,0.015161,172.31.36.0-255,66,199418,12,234242
30993,0.017288,74.125.24.0-255,5738,205156,12,234242
30994,0.017299,172.31.36.0-255,66,205222,12,234242
30995,0.019441,74.125.24.0-255,5738,210960,12,234242
30996,0.01945,172.31.36.0-255,66,211026,12,234242
30997,0.021664,74.125.24.0-255,5738,216764,12,234242
30998,0.021692,172.31.36.0-255,66,216830,12,234242
30999,0.02384,74.125.24.0-255,5738,222568,12,234242
31000,0.02385,172.31.36.0-255,66,222634,12,234242
31001,0.025975,74.125.24.0-255,5738,228372,12,234242
31002,0.025985,172.31.36.0-255,66,228438,12,234242
31003,0.028157,74.125.24.0-255,5738,234176,12,234242
31004,0.028165,172.31.36.0-255,66,234242,12,234242
31005,0.0,74.125.24.0-255,152,152,12,221161
31006,3.4e-05,172.31.36.0-255,66,218,12,221161
31007,4.2e-05,74.125.24.0-255,1484,1702,12,221161
31008,4.6e-05,172.31.36.0-255,66,1768,12,221161
31009,5.2e-05,74.125.24.0-255,2902,4670,12,221161
31010,5.5e-05,172.31.36.0-255,66,4736,12,221161
31011,6.1e-05,74.125.24.0-255,5738,10474,12,221161
31012,6.3e-05,172.31.36.0-255,66,10540,12,221161
31013,9.2e-05,74.125.24.0-255,3398,13938,12,221161
31014,9.4e-05,172.31.36.0-255,66,14004,12,221161
31015,0.000179,74.125.24.0-255,1484,15488,12,221161
31016,0.000185,172.31.36.0-255,66,15554,12,221161
31017,0.00019,74.125.24.0-255,2902,18456,12,221161
31018,0.000194,172.31.36.0-255,66,18522,12,221161
31019,0.000218,74.125.24.0-255,2902,21424,12,221161
31020,0.000221,172.31.36.0-255,66,21490,12,221161
31021,0.000244,74.125.24.0-255,2902,24392,12,221161
31022,0.000247,172.31.36.0-255,66,24458,12,221161
31023,0.000254,74.125.24.0-255,6797,31255,12,221161
31024,0.000257,172.31.36.0-255,66,31321,12,221161
31025,0.000264,74.125.24.0-255,7156,38477,12,221161
31026,0.000266,172.31.36.0-255,66,38543,12,221161
31027,0.000298,172.31.36.0-255,66,38609,12,221161
31028,0.000333,74.125.24.0-255,2902,41511,12,221161
31029,0.000337,172.31.36.0-255,66,41577,12,221161
31030,0.000357,74.125.24.0-255,2902,44479,12,221161
31031,0.00036,172.31.36.0-255,66,44545,12,221161
31032,0.000367,74.125.24.0-255,7156,51701,12,221161
31033,0.00037,172.31.36.0-255,66,51767,12,221161
31034,0.000394,74.125.24.0-255,4232,55999,12,221161
31035,0.000397,172.31.36.0-255,66,56065,12,221161
31036,0.000505,74.125.24.0-255,384,56449,12,221161
31037,0.000671,74.125.24.0-255,1484,57933,12,221161
31038,0.000676,172.31.36.0-255,66,57999,12,221161
31039,0.000698,74.125.24.0-255,2902,60901,12,221161
31040,0.000704,74.125.24.0-255,5738,66639,12,221161
31041,0.000705,172.31.36.0-255,66,66705,12,221161
31042,0.000709,172.31.36.0-255,66,66771,12,221161
31043,0.000728,74.125.24.0-255,4320,71091,12,221161
31044,0.000731,172.31.36.0-255,66,71157,12,221161
31045,0.000775,172.31.36.0-255,66,71223,12,221161
31046,0.000786,172.31.36.0-255,66,71289,12,221161
31047,0.001044,74.125.24.0-255,1484,72773,12,221161
31048,0.001059,74.125.24.0-255,2902,75675,12,221161
31049,0.001062,172.31.36.0-255,66,75741,12,221161
31050,0.001092,74.125.24.0-255,2902,78643,12,221161
31051,0.001095,172.31.36.0-255,66,78709,12,221161
31052,0.001113,74.125.24.0-255,2902,81611,12,221161
31053,0.001116,172.31.36.0-255,66,81677,12,221161
31054,0.001127,172.31.36.0-255,66,81743,12,221161
31055,0.001152,74.125.24.0-255,5738,87481,12,221161
31056,0.001155,172.31.36.0-255,66,87547,12,221161
31057,0.001178,74.125.24.0-255,6438,93985,12,221161
31058,0.001181,172.31.36.0-255,66,94051,12,221161
31059,0.001412,74.125.24.0-255,1484,95535,12,221161
31060,0.001428,74.125.24.0-255,2902,98437,12,221161
31061,0.001434,172.31.36.0-255,66,98503,12,221161
31062,0.001448,74.125.24.0-255,4320,102823,12,221161
31063,0.001452,172.31.36.0-255,66,102889,12,221161
31064,0.001469,74.125.24.0-255,1484,104373,12,221161
31065,0.001483,172.31.36.0-255,66,104439,12,221161
31066,0.001508,172.31.36.0-255,66,104505,12,221161
31067,0.00154,74.125.24.0-255,1484,105989,12,221161
31068,0.001554,74.125.24.0-255,3602,109591,12,221161
31069,0.001558,172.31.36.0-255,66,109657,12,221161
31070,0.002002,74.125.24.0-255,1484,111141,12,221161
31071,0.00201,74.125.24.0-255,1484,112625,12,221161
31072,0.002014,172.31.36.0-255,66,112691,12,221161
31073,0.002034,74.125.24.0-255,1484,114175,12,221161
31074,0.002041,74.125.24.0-255,5738,119913,12,221161
31075,0.002044,172.31.36.0-255,66,119979,12,221161
31076,0.002052,74.125.24.0-255,7156,127135,12,221161
31077,0.002054,172.31.36.0-255,66,127201,12,221161
31078,0.00207,74.125.24.0-255,5738,132939,12,221161
31079,0.002073,172.31.36.0-255,66,133005,12,221161
31080,0.002076,74.125.24.0-255,1484,134489,12,221161
31081,0.002111,172.31.36.0-255,66,134555,12,221161
31082,0.002165,74.125.24.0-255,1484,136039,12,221161
31083,0.002169,74.125.24.0-255,1484,137523,12,221161
31084,0.002172,172.31.36.0-255,66,137589,12,221161
31085,0.002192,74.125.24.0-255,1484,139073,12,221161
31086,0.002198,74.125.24.0-255,5738,144811,12,221161
31087,0.002201,172.31.36.0-255,66,144877,12,221161
31088,0.002208,74.125.24.0-255,5738,150615,12,221161
31089,0.00221,172.31.36.0-255,66,150681,12,221161
31090,0.002222,74.125.24.0-255,1484,152165,12,221161
31091,0.002252,172.31.36.0-255,66,152231,12,221161
31092,0.002257,74.125.24.0-255,5020,157251,12,221161
31093,0.00226,172.31.36.0-255,66,157317,12,221161
31094,0.004641,74.125.24.0-255,5738,163055,12,221161
31095,0.004648,172.31.36.0-255,66,163121,12,221161
31096,0.007031,74.125.24.0-255,5738,168859,12,221161
31097,0.007036,172.31.36.0-255,66,168925,12,221161
31098,0.009404,74.125.24.0-255,5738,174663,12,221161
31099,0.009412,172.31.36.0-255,66,174729,12,221161
31100,0.011815,74.125.24.0-255,5738,180467,12,221161
31101,0.011829,172.31.36.0-255,66,180533,12,221161
31102,0.014225,74.125.24.0-255,5738,186271,12,221161
31103,0.014236,172.31.36.0-255,66,186337,12,221161
31104,0.016633,74.125.24.0-255,5738,192075,12,221161
31105,0.016644,172.31.36.0-255,66,192141,12,221161
31106,0.019037,74.125.24.0-255,5738,197879,12,221161
31107,0.019057,172.31.36.0-255,66,197945,12,221161
31108,0.021438,74.125.24.0-255,5738,203683,12,221161
31109,0.021449,172.31.36.0-255,66,203749,12,221161
31110,0.023826,74.125.24.0-255,5738,209487,12,221161
31111,0.023835,172.31.36.0-255,66,209553,12,221161
31112,0.026281,74.125.24.0-255,5738,215291,12,221161
31113,0.026302,172.31.36.0-255,66,215357,12,221161
31114,0.028681,74.125.24.0-255,5738,221095,12,221161
31115,0.028688,172.31.36.0-255,66,221161,12,221161
31116,0.0,74.125.130.0-255,152,152,12,281293
31117,3.6e-05,172.31.36.0-255,66,218,12,281293
31118,4.3e-05,74.125.130.0-255,1484,1702,12,281293
31119,4.7e-05,172.31.36.0-255,66,1768,12,281293
31120,5e-05,74.125.130.0-255,1484,3252,12,281293
31121,6.1e-05,172.31.36.0-255,66,3318,12,281293
31122,6.6e-05,74.125.130.0-255,2902,6220,12,281293
31123,6.9e-05,172.31.36.0-255,66,6286,12,281293
31124,9.3e-05,74.125.130.0-255,1484,7770,12,281293
31125,9.7e-05,172.31.36.0-255,66,7836,12,281293
31126,0.000121,74.125.130.0-255,4320,12156,12,281293
31127,0.000124,172.31.36.0-255,66,12222,12,281293
31128,0.000129,74.125.130.0-255,1484,13706,12,281293
31129,0.000131,172.31.36.0-255,66,13772,12,281293
31130,0.000134,74.125.130.0-255,689,14461,12,281293
31131,0.000136,172.31.36.0-255,66,14527,12,281293
31132,0.000145,74.125.130.0-255,1484,16011,12,281293
31133,0.000147,172.31.36.0-255,66,16077,12,281293
31134,0.000152,74.125.130.0-255,4320,20397,12,281293
31135,0.000155,172.31.36.0-255,66,20463,12,281293
31136,0.000226,172.31.36.0-255,66,20529,12,281293
31137,0.000229,74.125.130.0-255,1125,21654,12,281293
31138,0.000231,172.31.36.0-255,66,21720,12,281293
31139,0.00036,74.125.130.0-255,1484,23204,12,281293
31140,0.000364,172.31.36.0-255,66,23270,12,281293
31141,0.000369,74.125.130.0-255,2902,26172,12,281293
31142,0.000373,172.31.36.0-255,66,26238,12,281293
31143,0.000377,74.125.130.0-255,2902,29140,12,281293
31144,0.000386,172.31.36.0-255,66,29206,12,281293
31145,0.000418,74.125.130.0-255,4320,33526,12,281293
31146,0.000426,172.31.36.0-255,66,33592,12,281293
31147,0.000436,74.125.130.0-255,2902,36494,12,281293
31148,0.000438,172.31.36.0-255,66,36560,12,281293
31149,0.000467,74.125.130.0-255,6797,43357,12,281293
31150,0.000477,172.31.36.0-255,66,43423,12,281293
31151,0.00049,172.31.36.0-255,66,43489,12,281293
31152,0.000494,74.125.130.0-255,2543,46032,12,281293
31153,0.000496,172.31.36.0-255,66,46098,12,281293
31154,0.000785,74.125.130.0-255,647,46745,12,281293
31155,0.000807,172.31.36.0-255,66,46811,12,281293
31156,0.001086,74.125.130.0-255,1484,48295,12,281293
31157,0.001097,74.125.130.0-255,2902,51197,12,281293
31158,0.001101,172.31.36.0-255,66,51263,12,281293
31159,0.00114,74.125.130.0-255,5738,57001,12,281293
31160,0.001144,172.31.36.0-255,66,57067,12,281293
31161,0.00115,74.125.130.0-255,5738,62805,12,281293
31162,0.001153,172.31.36.0-255,66,62871,12,281293
31163,0.001177,74.125.130.0-255,7156,70027,12,281293
31164,0.00118,172.31.36.0-255,66,70093,12,281293
31165,0.001184,74.125.130.0-255,1484,71577,12,281293
31166,0.001217,74.125.130.0-255,7156,78733,12,281293
31167,0.001221,172.31.36.0-255,66,78799,12,281293
31168,0.001246,74.125.130.0-255,2184,80983,12,281293
31169,0.001249,172.31.36.0-255,66,81049,12,281293
31170,0.001361,74.125.130.0-255,1484,82533,12,281293
31171,0.001368,74.125.130.0-255,2902,85435,12,281293
31172,0.001372,172.31.36.0-255,66,85501,12,281293
31173,0.001376,74.125.130.0-255,1484,86985,12,281293
31174,0.001399,74.125.130.0-255,4320,91305,12,281293
31175,0.001402,172.31.36.0-255,66,91371,12,281293
31176,0.001407,74.125.130.0-255,2902,94273,12,281293
31177,0.001409,172.31.36.0-255,66,94339,12,281293
31178,0.001414,74.125.130.0-255,4320,98659,12,281293
31179,0.001416,172.31.36.0-255,66,98725,12,281293
31180,0.001419,74.125.130.0-255,1484,100209,12,281293
31181,0.001457,74.125.130.0-255,7156,107365,12,281293
31182,0.001463,172.31.36.0-255,66,107431,12,281293
31183,0.001469,74.125.130.0-255,4320,111751,12,281293
31184,0.001472,172.31.36.0-255,66,111817,12,281293
31185,0.001513,74.125.130.0-255,3602,115419,12,281293
31186,0.001518,172.31.36.0-255,66,115485,12,281293
31187,0.00161,74.125.130.0-255,1484,116969,12,281293
31188,0.001613,74.125.130.0-255,1484,118453,12,281293
31189,0.001616,172.31.36.0-255,66,118519,12,281293
31190,0.00164,74.125.130.0-255,1484,120003,12,281293
31191,0.001646,74.125.130.0-255,5738,125741,12,281293
31192,0.001649,172.31.36.0-255,66,125807,12,281293
31193,0.001653,74.125.130.0-255,2902,128709,12,281293
31194,0.001655,172.31.36.0-255,66,128775,12,281293
31195,0.00166,74.125.130.0-255,4320,133095,12,281293
31196,0.001662,172.31.36.0-255,66,133161,12,281293
31197,0.001694,172.31.36.0-255,66,133227,12,281293
31198,0.001703,74.125.130.0-255,4320,137547,12,281293
31199,0.001705,172.31.36.0-255,66,137613,12,281293
31200,0.001747,74.125.130.0-255,3602,141215,12,281293
31201,0.001749,172.31.36.0-255,66,141281,12,281293
31202,0.001868,74.125.130.0-255,1484,142765,12,281293
31203,0.001881,74.125.130.0-255,2902,145667,12,281293
31204,0.001883,172.31.36.0-255,66,145733,12,281293
31205,0.001886,74.125.130.0-255,1484,147217,12,281293
31206,0.001912,74.125.130.0-255,1484,148701,12,281293
31207,0.001914,172.31.36.0-255,66,148767,12,281293
31208,0.00192,74.125.130.0-255,4320,153087,12,281293
31209,0.001922,172.31.36.0-255,66,153153,12,281293
31210,0.001926,74.125.130.0-255,2902,156055,12,281293
31211,0.001928,172.31.36.0-255,66,156121,12,281293
31212,0.00195,74.125.130.0-255,5738,161859,12,281293
31213,0.001957,172.31.36.0-255,66,161925,12,281293
31214,0.001962,74.125.130.0-255,5738,167663,12,281293
31215,0.001965,172.31.36.0-255,66,167729,12,281293
31216,0.00197,74.125.130.0-255,5738,173467,12,281293
31217,0.001975,172.31.36.0-255,66,173533,12,281293
31218,0.001997,74.125.130.0-255,1484,175017,12,281293
31219,0.002001,74.125.130.0-255,766,175783,12,281293
31220,0.002007,172.31.36.0-255,66,175849,12,281293
31221,0.002011,74.125.130.0-255,1484,177333,12,281293
31222,0.002047,74.125.130.0-255,1484,178817,12,281293
31223,0.002049,172.31.36.0-255,66,178883,12,281293
31224,0.002071,74.125.130.0-255,2902,181785,12,281293
31225,0.002073,172.31.36.0-255,66,181851,12,281293
31226,0.002083,172.31.36.0-255,66,181917,12,281293
31227,0.0021,172.31.36.0-255,66,181983,12,281293
31228,0.002104,74.125.130.0-255,4320,186303,12,281293
31229,0.002106,172.31.36.0-255,66,186369,12,281293
31230,0.002133,74.125.130.0-255,2184,188553,12,281293
31231,0.002136,172.31.36.0-255,66,188619,12,281293
31232,0.002328,74.125.130.0-255,1484,190103,12,281293
31233,0.002346,74.125.130.0-255,2902,193005,12,281293
31234,0.002348,172.31.36.0-255,66,193071,12,281293
31235,0.002351,74.125.130.0-255,1484,194555,12,281293
31236,0.002419,74.125.130.0-255,2902,197457,12,281293
31237,0.002421,172.31.36.0-255,66,197523,12,281293
31238,0.002461,74.125.130.0-255,4320,201843,12,281293
31239,0.002464,172.31.36.0-255,66,201909,12,281293
31240,0.00247,74.125.130.0-255,5738,207647,12,281293
31241,0.002472,172.31.36.0-255,66,207713,12,281293
31242,0.002508,74.125.130.0-255,2902,210615,12,281293
31243,0.002511,172.31.36.0-255,66,210681,12,281293
31244,0.00253,74.125.130.0-255,4320,215001,12,281293
31245,0.002533,172.31.36.0-255,66,215067,12,281293
31246,0.002556,74.125.130.0-255,1484,216551,12,281293
31247,0.002582,74.125.130.0-255,2902,219453,12,281293
31248,0.002584,172.31.36.0-255,66,219519,12,281293
31249,0.002612,74.125.130.0-255,3602,223121,12,281293
31250,0.002614,172.31.36.0-255,66,223187,12,281293
31251,0.005213,74.125.130.0-255,1484,224671,12,281293
31252,0.005233,74.125.130.0-255,4320,228991,12,281293
31253,0.005238,172.31.36.0-255,66,229057,12,281293
31254,0.007865,74.125.130.0-255,5738,234795,12,281293
31255,0.00787,172.31.36.0-255,66,234861,12,281293
31256,0.010533,74.125.130.0-255,5738,240599,12,281293
31257,0.010542,172.31.36.0-255,66,240665,12,281293
31258,0.013197,74.125.130.0-255,5738,246403,12,281293
31259,0.013205,172.31.36.0-255,66,246469,12,281293
31260,0.015843,74.125.130.0-255,5738,252207,12,281293
31261,0.015857,172.31.36.0-255,66,252273,12,281293
31262,0.018497,74.125.130.0-255,5738,258011,12,281293
31263,0.018511,172.31.36.0-255,66,258077,12,281293
31264,0.021154,74.125.130.0-255,5738,263815,12,281293
31265,0.021167,172.31.36.0-255,66,263881,12,281293
31266,0.023797,74.125.130.0-255,5738,269619,12,281293
31267,0.023807,172.31.36.0-255,66,269685,12,281293
31268,0.026455,74.125.130.0-255,5738,275423,12,281293
31269,0.026466,172.31.36.0-255,66,275489,12,281293
31270,0.029105,74.125.130.0-255,5738,281227,12,281293
31271,0.029114,172.31.36.0-255,66,281293,12,281293
31272,0.0,74.125.24.0-255,153,153,12,247673
31273,3.5e-05,172.31.36.0-255,66,219,12,247673
31274,4.3e-05,74.125.24.0-255,1484,1703,12,247673
31275,4.8e-05,172.31.36.0-255,66,1769,12,247673
31276,5.3e-05,74.125.24.0-255,2902,4671,12,247673
31277,5.6e-05,172.31.36.0-255,66,4737,12,247673
31278,6.3e-05,74.125.24.0-255,7156,11893,12,247673
31279,6.5e-05,172.31.36.0-255,66,11959,12,247673
31280,6.9e-05,74.125.24.0-255,2033,13992,12,247673
31281,7.2e-05,172.31.36.0-255,66,14058,12,247673
31282,0.000103,74.125.24.0-255,2902,16960,12,247673
31283,0.000105,172.31.36.0-255,66,17026,12,247673
31284,0.000125,74.125.24.0-255,1484,18510,12,247673
31285,0.000127,172.31.36.0-255,66,18576,12,247673
31286,0.000133,74.125.24.0-255,5738,24314,12,247673
31287,0.000135,172.31.36.0-255,66,24380,12,247673
31288,0.00017,74.125.24.0-255,6797,31177,12,247673
31289,0.000174,172.31.36.0-255,66,31243,12,247673
31290,0.000244,74.125.24.0-255,1484,32727,12,247673
31291,0.000247,172.31.36.0-255,66,32793,12,247673
31292,0.000254,74.125.24.0-255,2902,35695,12,247673
31293,0.000257,172.31.36.0-255,66,35761,12,247673
31294,0.000262,74.125.24.0-255,4320,40081,12,247673
31295,0.000265,172.31.36.0-255,66,40147,12,247673
31296,0.000288,74.125.24.0-255,1484,41631,12,247673
31297,0.00029,172.31.36.0-255,66,41697,12,247673
31298,0.000295,74.125.24.0-255,2902,44599,12,247673
31299,0.000298,172.31.36.0-255,66,44665,12,247673
31300,0.000325,74.125.24.0-255,5738,50403,12,247673
31301,0.000325,172.31.36.0-255,66,50469,12,247673
31302,0.000329,172.31.36.0-255,66,50535,12,247673
31303,0.000351,74.125.24.0-255,4269,54804,12,247673
31304,0.000356,74.125.24.0-255,112,54916,12,247673
31305,0.000356,172.31.36.0-255,66,54982,12,247673
31306,0.000358,74.125.24.0-255,333,55315,12,247673
31307,0.00066,74.125.24.0-255,1484,56799,12,247673
31308,0.000665,172.31.36.0-255,66,56865,12,247673
31309,0.000668,74.125.24.0-255,1484,58349,12,247673
31310,0.000684,74.125.24.0-255,1484,59833,12,247673
31311,0.000689,172.31.36.0-255,66,59899,12,247673
31312,0.00069,74.125.24.0-255,5738,65637,12,247673
31313,0.000693,172.31.36.0-255,66,65703,12,247673
31314,0.00071,74.125.24.0-255,2902,68605,12,247673
31315,0.00072,172.31.36.0-255,66,68671,12,247673
31316,0.000743,172.31.36.0-255,66,68737,12,247673
31317,0.000749,74.125.24.0-255,5738,74475,12,247673
31318,0.00076,172.31.36.0-255,66,74541,12,247673
31319,0.00081,74.125.24.0-255,2902,77443,12,247673
31320,0.000818,172.31.36.0-255,66,77509,12,247673
31321,0.000824,74.125.24.0-255,2184,79693,12,247673
31322,0.000833,172.31.36.0-255,66,79759,12,247673
31323,0.000869,74.125.24.0-255,1484,81243,12,247673
31324,0.000874,74.125.24.0-255,2902,84145,12,247673
31325,0.000884,172.31.36.0-255,66,84211,12,247673
31326,0.000913,74.125.24.0-255,5738,89949,12,247673
31327,0.000918,172.31.36.0-255,66,90015,12,247673
31328,0.000921,74.125.24.0-255,5738,95753,12,247673
31329,0.000935,172.31.36.0-255,66,95819,12,247673
31330,0.000945,74.125.24.0-255,7156,102975,12,247673
31331,0.000959,172.31.36.0-255,66,103041,12,247673
31332,0.000983,74.125.24.0-255,2184,105225,12,247673
31333,0.000986,172.31.36.0-255,66,105291,12,247673
31334,0.002002,74.125.24.0-255,1484,106775,12,247673
31335,0.002013,74.125.24.0-255,2902,109677,12,247673
31336,0.002017,172.31.36.0-255,66,109743,12,247673
31337,0.002026,74.125.24.0-255,5738,115481,12,247673
31338,0.002028,172.31.36.0-255,66,115547,12,247673
31339,0.002088,74.125.24.0-255,766,116313,12,247673
31340,0.002159,74.125.24.0-255,1484,117797,12,247673
31341,0.002181,74.125.24.0-255,2902,120699,12,247673
31342,0.002186,74.125.24.0-255,5738,126437,12,247673
31343,0.002221,74.125.24.0-255,2902,129339,12,247673
31344,0.002244,74.125.24.0-255,7156,136495,12,247673
31345,0.002312,74.125.24.0-255,7156,143651,12,247673
31346,0.002346,74.125.24.0-255,5738,149389,12,247673
31347,0.002348,74.125.24.0-255,1484,150873,12,247673
31348,0.002373,74.125.24.0-255,3602,154475,12,247673
31349,0.002514,74.125.24.0-255,1484,155959,12,247673
31350,0.002553,74.125.24.0-255,2902,158861,12,247673
31351,0.002567,74.125.24.0-255,2902,161763,12,247673
31352,0.00257,74.125.24.0-255,1484,163247,12,247673
31353,0.002587,74.125.24.0-255,5738,168985,12,247673
31354,0.002619,74.125.24.0-255,1484,170469,12,247673
31355,0.002635,74.125.24.0-255,4320,174789,12,247673
31356,0.002653,74.125.24.0-255,1484,176273,12,247673
31357,0.002667,74.125.24.0-255,2184,178457,12,247673
31358,0.002812,74.125.24.0-255,1484,179941,12,247673
31359,0.002833,74.125.24.0-255,1484,181425,12,247673
31360,0.002849,74.125.24.0-255,1484,182909,12,247673
31361,0.002855,74.125.24.0-255,5738,188647,12,247673
31362,0.002891,74.125.24.0-255,1484,190131,12,247673
31363,0.002915,74.125.24.0-255,4320,194451,12,247673
31364,0.002938,74.125.24.0-255,5020,199471,12,247673
31365,0.002943,74.125.24.0-255,4320,203791,12,247673
31366,0.002946,74.125.24.0-255,1484,205275,12,247673
31367,0.002957,74.125.24.0-255,4320,209595,12,247673
31368,0.00297,74.125.24.0-255,2902,212497,12,247673
31369,0.003032,74.125.24.0-255,5738,218235,12,247673
31370,0.003043,74.125.24.0-255,1484,219719,12,247673
31371,0.003074,74.125.24.0-255,1484,221203,12,247673
31372,0.003104,74.125.24.0-255,3602,224805,12,247673
31373,0.003111,74.125.24.0-255,7156,231961,12,247673
31374,0.003113,74.125.24.0-255,1484,233445,12,247673
31375,0.003131,74.125.24.0-255,2902,236347,12,247673
31376,0.003149,74.125.24.0-255,2902,239249,12,247673
31377,0.003184,74.125.24.0-255,1484,240733,12,247673
31378,0.00319,74.125.24.0-255,6598,247331,12,247673
31379,0.00322,74.125.24.0-255,105,247436,12,247673
31380,0.005276,172.31.36.0-255,66,247502,12,247673
31381,0.007487,172.31.36.0-255,105,247607,12,247673
31382,0.009727,74.125.24.0-255,66,247673,12,247673
31383,0.0,172.217.194.0-255,149,149,12,209479
31384,3.1e-05,172.31.36.0-255,66,215,12,209479
31385,3.8e-05,172.217.194.0-255,1484,1699,12,209479
31386,4.2e-05,172.31.36.0-255,66,1765,12,209479
31387,4.7e-05,172.217.194.0-255,2902,4667,12,209479
31388,4.9e-05,172.31.36.0-255,66,4733,12,209479
31389,5.7e-05,172.217.194.0-255,7156,11889,12,209479
31390,5.9e-05,172.31.36.0-255,66,11955,12,209479
31391,8.4e-05,172.217.194.0-255,7156,19111,12,209479
31392,8.7e-05,172.31.36.0-255,66,19177,12,209479
31393,0.000114,172.217.194.0-255,4843,24020,12,209479
31394,0.000117,172.31.36.0-255,66,24086,12,209479
31395,0.000124,172.217.194.0-255,6797,30883,12,209479
31396,0.000127,172.31.36.0-255,66,30949,12,209479
31397,0.000147,172.217.194.0-255,4320,35269,12,209479
31398,0.00015,172.31.36.0-255,66,35335,12,209479
31399,0.000155,172.217.194.0-255,5738,41073,12,209479
31400,0.000157,172.31.36.0-255,66,41139,12,209479
31401,0.000195,172.217.194.0-255,4320,45459,12,209479
31402,0.000198,172.31.36.0-255,66,45525,12,209479
31403,0.000213,172.217.194.0-255,2543,48068,12,209479
31404,0.000216,172.31.36.0-255,66,48134,12,209479
31405,0.001746,172.217.194.0-255,1484,49618,12,209479
31406,0.001752,172.31.36.0-255,66,49684,12,209479
31407,0.001763,172.217.194.0-255,2902,52586,12,209479
31408,0.001765,172.31.36.0-255,66,52652,12,209479
31409,0.001771,172.217.194.0-255,5738,58390,12,209479
31410,0.001773,172.31.36.0-255,66,58456,12,209479
31411,0.001794,172.217.194.0-255,2902,61358,12,209479
31412,0.001796,172.31.36.0-255,66,61424,12,209479
31413,0.001816,172.217.194.0-255,3961,65385,12,209479
31414,0.001818,172.31.36.0-255,66,65451,12,209479
31415,0.002049,172.217.194.0-255,1484,66935,12,209479
31416,0.002058,172.217.194.0-255,2902,69837,12,209479
31417,0.002061,172.31.36.0-255,66,69903,12,209479
31418,0.002086,172.217.194.0-255,1484,71387,12,209479
31419,0.00211,172.217.194.0-255,2902,74289,12,209479
31420,0.002113,172.31.36.0-255,66,74355,12,209479
31421,0.002124,172.31.36.0-255,66,74421,12,209479
31422,0.002127,172.217.194.0-255,766,75187,12,209479
31423,0.00213,172.31.36.0-255,78,75265,12,209479
31424,0.00214,172.31.36.0-255,78,75343,12,209479
31425,0.002166,172.217.194.0-255,4320,79663,12,209479
31426,0.002169,172.31.36.0-255,66,79729,12,209479
31427,0.002462,172.217.194.0-255,1484,81213,12,209479
31428,0.00247,172.217.194.0-255,2902,84115,12,209479
31429,0.002473,172.31.36.0-255,66,84181,12,209479
31430,0.002478,172.217.194.0-255,2902,87083,12,209479
31431,0.002479,172.31.36.0-255,66,87149,12,209479
31432,0.002495,172.217.194.0-255,2902,90051,12,209479
31433,0.002497,172.31.36.0-255,66,90117,12,209479
31434,0.0025,172.217.194.0-255,1484,91601,12,209479
31435,0.002526,172.217.194.0-255,5396,96997,12,209479
31436,0.002528,172.31.36.0-255,66,97063,12,209479
31437,0.003365,172.217.194.0-255,1484,98547,12,209479
31438,0.003373,172.217.194.0-255,2902,101449,12,209479
31439,0.003376,172.31.36.0-255,66,101515,12,209479
31440,0.00338,172.217.194.0-255,1484,102999,12,209479
31441,0.003395,172.217.194.0-255,4320,107319,12,209479
31442,0.003397,172.31.36.0-255,66,107385,12,209479
31443,0.0034,172.217.194.0-255,1484,108869,12,209479
31444,0.003431,172.217.194.0-255,4320,113189,12,209479
31445,0.003434,172.31.36.0-255,66,113255,12,209479
31446,0.003437,172.31.36.0-255,66,113321,12,209479
31447,0.003456,172.217.194.0-255,6438,119759,12,209479
31448,0.003458,172.31.36.0-255,66,119825,12,209479
31449,0.004103,172.217.194.0-255,1484,121309,12,209479
31450,0.004122,172.217.194.0-255,2902,124211,12,209479
31451,0.004125,172.31.36.0-255,66,124277,12,209479
31452,0.004132,172.217.194.0-255,5738,130015,12,209479
31453,0.004134,172.31.36.0-255,66,130081,12,209479
31454,0.004137,172.217.194.0-255,1484,131565,12,209479
31455,0.004158,172.217.194.0-255,2902,134467,12,209479
31456,0.00416,172.31.36.0-255,66,134533,12,209479
31457,0.004196,172.31.36.0-255,66,134599,12,209479
31458,0.004228,172.217.194.0-255,6438,141037,12,209479
31459,0.00423,172.31.36.0-255,66,141103,12,209479
31460,0.00425,172.217.194.0-255,2902,144005,12,209479
31461,0.004252,172.31.36.0-255,66,144071,12,209479
31462,0.004273,172.217.194.0-255,4320,148391,12,209479
31463,0.004276,172.31.36.0-255,66,148457,12,209479
31464,0.004283,172.217.194.0-255,7156,155613,12,209479
31465,0.004285,172.31.36.0-255,66,155679,12,209479
31466,0.004311,172.31.36.0-255,66,155745,12,209479
31467,0.004331,172.217.194.0-255,7156,162901,12,209479
31468,0.004334,172.31.36.0-255,66,162967,12,209479
31469,0.004338,172.217.194.0-255,3602,166569,12,209479
31470,0.00434,172.31.36.0-255,66,166635,12,209479
31471,0.004361,172.217.194.0-255,4320,170955,12,209479
31472,0.004364,172.31.36.0-255,66,171021,12,209479
31473,0.004407,172.31.36.0-255,66,171087,12,209479
31474,0.004419,172.31.36.0-255,66,171153,12,209479
31475,0.004482,172.31.36.0-255,66,171219,12,209479
31476,0.004509,172.217.194.0-255,2902,174121,12,209479
31477,0.004512,172.31.36.0-255,66,174187,12,209479
31478,0.004524,172.31.36.0-255,66,174253,12,209479
31479,0.004533,172.31.36.0-255,66,174319,12,209479
31480,0.004536,172.217.194.0-255,1484,175803,12,209479
31481,0.004539,172.217.194.0-255,2902,178705,12,209479
31482,0.004541,172.31.36.0-255,66,178771,12,209479
31483,0.004547,172.217.194.0-255,5738,184509,12,209479
31484,0.004549,172.31.36.0-255,66,184575,12,209479
31485,0.004559,172.31.36.0-255,66,184641,12,209479
31486,0.004585,172.217.194.0-255,1484,186125,12,209479
31487,0.004616,172.31.36.0-255,66,186191,12,209479
31488,0.004646,172.31.36.0-255,66,186257,12,209479
31489,0.004668,172.217.194.0-255,7156,193413,12,209479
31490,0.004671,172.31.36.0-255,66,193479,12,209479
31491,0.004685,172.31.36.0-255,66,193545,12,209479
31492,0.004701,172.217.194.0-255,4320,197865,12,209479
31493,0.004704,172.31.36.0-255,66,197931,12,209479
31494,0.004708,172.217.194.0-255,766,198697,12,209479
31495,0.004728,172.217.194.0-255,1484,200181,12,209479
31496,0.004731,172.31.36.0-255,66,200247,12,209479
31497,0.004787,172.31.36.0-255,66,200313,12,209479
31498,0.00479,172.31.36.0-255,66,200379,12,209479
31499,0.004813,172.217.194.0-255,4320,204699,12,209479
31500,0.004816,172.31.36.0-255,66,204765,12,209479
31501,0.004874,172.31.36.0-255,66,204831,12,209479
31502,0.004877,172.217.194.0-255,105,204936,12,209479
31503,0.006623,172.31.36.0-255,66,205002,12,209479
31504,0.006676,172.31.36.0-255,105,205107,12,209479
31505,0.008612,172.217.194.0-255,66,205173,12,209479
31506,0.026828,172.31.36.0-255,187,205360,12,209479
31507,0.026886,172.31.36.0-255,976,206336,12,209479
31508,0.026968,172.31.36.0-255,1514,207850,12,209479
31509,0.026971,172.31.36.0-255,1431,209281,12,209479
31510,0.028386,104.244.42.0-255,66,209347,12,209479
31511,0.028412,104.244.42.0-255,66,209413,12,209479
31512,0.028555,104.244.42.0-255,66,209479,12,209479
31513,0.0,172.31.36.0-255,105,105,12,105
31514,0.0,172.217.194.0-255,153,153,12,242511
31515,1.6e-05,172.31.36.0-255,66,219,12,242511
31516,2.3e-05,172.217.194.0-255,1484,1703,12,242511
31517,2.7e-05,172.31.36.0-255,66,1769,12,242511
31518,3.4e-05,172.217.194.0-255,2902,4671,12,242511
31519,4.6e-05,172.31.36.0-255,66,4737,12,242511
31520,5.4e-05,172.217.194.0-255,7156,11893,12,242511
31521,5.7e-05,172.31.36.0-255,66,11959,12,242511
31522,7.5e-05,172.217.194.0-255,2038,13997,12,242511
31523,8.1e-05,172.31.36.0-255,66,14063,12,242511
31524,0.000153,172.217.194.0-255,1484,15547,12,242511
31525,0.000156,172.31.36.0-255,66,15613,12,242511
31526,0.000162,172.217.194.0-255,2902,18515,12,242511
31527,0.000164,172.31.36.0-255,66,18581,12,242511
31528,0.000194,172.217.194.0-255,5738,24319,12,242511
31529,0.000197,172.31.36.0-255,66,24385,12,242511
31530,0.000228,172.217.194.0-255,6797,31182,12,242511
31531,0.000231,172.31.36.0-255,66,31248,12,242511
31532,0.000297,172.217.194.0-255,1484,32732,12,242511
31533,0.0003,172.31.36.0-255,66,32798,12,242511
31534,0.000306,172.217.194.0-255,2902,35700,12,242511
31535,0.000308,172.31.36.0-255,66,35766,12,242511
31536,0.000331,172.217.194.0-255,1484,37250,12,242511
31537,0.000335,172.31.36.0-255,66,37316,12,242511
31538,0.000339,172.217.194.0-255,2902,40218,12,242511
31539,0.000341,172.31.36.0-255,66,40284,12,242511
31540,0.000347,172.217.194.0-255,5738,46022,12,242511
31541,0.000354,172.31.36.0-255,66,46088,12,242511
31542,0.00039,172.217.194.0-255,2543,48631,12,242511
31543,0.000393,172.31.36.0-255,66,48697,12,242511
31544,0.000429,172.217.194.0-255,1484,50181,12,242511
31545,0.000432,172.31.36.0-255,66,50247,12,242511
31546,0.000436,172.217.194.0-255,2902,53149,12,242511
31547,0.000475,172.217.194.0-255,2902,56051,12,242511
31548,0.000494,172.217.194.0-255,2902,58953,12,242511
31549,0.000529,172.217.194.0-255,2902,61855,12,242511
31550,0.000545,172.217.194.0-255,3961,65816,12,242511
31551,0.000565,172.217.194.0-255,364,66180,12,242511
31552,0.000634,172.31.36.0-255,66,66246,12,242511
31553,0.00067,172.217.194.0-255,379,66625,12,242511
31554,0.000758,172.217.194.0-255,1484,68109,12,242511
31555,0.000763,172.217.194.0-255,2902,71011,12,242511
31556,0.000776,172.31.36.0-255,66,71077,12,242511
31557,0.000788,172.217.194.0-255,5738,76815,12,242511
31558,0.000815,172.31.36.0-255,66,76881,12,242511
31559,0.000833,172.217.194.0-255,6248,83129,12,242511
31560,0.00084,172.31.36.0-255,66,83195,12,242511
31561,0.001249,172.217.194.0-255,1484,84679,12,242511
31562,0.001265,172.217.194.0-255,2902,87581,12,242511
31563,0.001269,172.31.36.0-255,66,87647,12,242511
31564,0.001272,172.217.194.0-255,1484,89131,12,242511
31565,0.001301,172.217.194.0-255,4320,93451,12,242511
31566,0.001304,172.217.194.0-255,1484,94935,12,242511
31567,0.001311,172.31.36.0-255,66,95001,12,242511
31568,0.00134,172.217.194.0-255,5379,100380,12,242511
31569,0.001367,172.31.36.0-255,66,100446,12,242511
31570,0.001553,172.217.194.0-255,1484,101930,12,242511
31571,0.001575,172.217.194.0-255,2902,104832,12,242511
31572,0.001579,172.31.36.0-255,66,104898,12,242511
31573,0.001585,172.217.194.0-255,4320,109218,12,242511
31574,0.001589,172.31.36.0-255,66,109284,12,242511
31575,0.00161,172.217.194.0-255,1484,110768,12,242511
31576,0.001624,172.217.194.0-255,1484,112252,12,242511
31577,0.001639,172.217.194.0-255,7156,119408,12,242511
31578,0.001651,172.217.194.0-255,2184,121592,12,242511
31579,0.001659,172.31.36.0-255,66,121658,12,242511
31580,0.002257,172.217.194.0-255,1484,123142,12,242511
31581,0.002264,172.217.194.0-255,2902,126044,12,242511
31582,0.002269,172.31.36.0-255,66,126110,12,242511
31583,0.002276,172.217.194.0-255,2902,129012,12,242511
31584,0.002303,172.217.194.0-255,2902,131914,12,242511
31585,0.002313,172.217.194.0-255,1484,133398,12,242511
31586,0.002342,172.217.194.0-255,5020,138418,12,242511
31587,0.003241,172.217.194.0-255,1484,139902,12,242511
31588,0.00325,172.217.194.0-255,2902,142804,12,242511
31589,0.003254,172.217.194.0-255,2902,145706,12,242511
31590,0.003271,172.217.194.0-255,2902,148608,12,242511
31591,0.003273,172.217.194.0-255,1484,150092,12,242511
31592,0.003332,172.217.194.0-255,5738,155830,12,242511
31593,0.003486,172.217.194.0-255,1484,157314,12,242511
31594,0.00349,172.217.194.0-255,1484,158798,12,242511
31595,0.003501,172.217.194.0-255,1484,160282,12,242511
31596,0.003507,172.217.194.0-255,5738,166020,12,242511
31597,0.003527,172.217.194.0-255,7156,173176,12,242511
31598,0.003542,172.217.194.0-255,5738,178914,12,242511
31599,0.00355,172.217.194.0-255,7156,186070,12,242511
31600,0.003553,172.217.194.0-255,1484,187554,12,242511
31601,0.003573,172.217.194.0-255,2184,189738,12,242511
31602,0.00374,172.217.194.0-255,1484,191222,12,242511
31603,0.003756,172.217.194.0-255,2902,194124,12,242511
31604,0.003791,172.217.194.0-255,2902,197026,12,242511
31605,0.00381,172.217.194.0-255,2902,199928,12,242511
31606,0.003828,172.217.194.0-255,1484,201412,12,242511
31607,0.003842,172.217.194.0-255,4320,205732,12,242511
31608,0.003862,172.217.194.0-255,5020,210752,12,242511
31609,0.003892,172.217.194.0-255,1484,212236,12,242511
31610,0.003895,172.217.194.0-255,1484,213720,12,242511
31611,0.003906,172.217.194.0-255,1484,215204,12,242511
31612,0.003909,172.217.194.0-255,1484,216688,12,242511
31613,0.003929,172.217.194.0-255,4320,221008,12,242511
31614,0.003932,172.217.194.0-255,1484,222492,12,242511
31615,0.003974,172.217.194.0-255,2902,225394,12,242511
31616,0.004079,172.217.194.0-255,4320,229714,12,242511
31617,0.00415,172.217.194.0-255,2902,232616,12,242511
31618,0.004205,172.217.194.0-255,5738,238354,12,242511
31619,0.004234,172.217.194.0-255,3648,242002,12,242511
31620,0.004237,172.217.194.0-255,105,242107,12,242511
31621,0.006431,172.31.36.0-255,66,242173,12,242511
31622,0.006876,172.31.36.0-255,101,242274,12,242511
31623,0.008565,172.31.36.0-255,105,242379,12,242511
31624,0.009043,172.217.194.0-255,66,242445,12,242511
31625,0.010724,172.217.194.0-255,66,242511,12,242511
31626,0.0,172.217.194.0-255,162,162,12,117952
31627,1.6e-05,172.31.36.0-255,66,228,12,117952
31628,2.3e-05,172.217.194.0-255,1484,1712,12,117952
31629,2.7e-05,172.31.36.0-255,66,1778,12,117952
31630,3.1e-05,172.217.194.0-255,1484,3262,12,117952
31631,4.1e-05,172.31.36.0-255,66,3328,12,117952
31632,6.2e-05,172.217.194.0-255,4320,7648,12,117952
31633,6.6e-05,172.31.36.0-255,66,7714,12,117952
31634,9e-05,172.217.194.0-255,4320,12034,12,117952
31635,9.3e-05,172.31.36.0-255,66,12100,12,117952
31636,0.000124,172.217.194.0-255,4903,17003,12,117952
31637,0.000127,172.31.36.0-255,66,17069,12,117952
31638,0.000144,172.31.36.0-255,66,17135,12,117952
31639,0.000149,172.217.194.0-255,3961,21096,12,117952
31640,0.000152,172.31.36.0-255,66,21162,12,117952
31641,0.000345,172.217.194.0-255,1484,22646,12,117952
31642,0.000351,172.31.36.0-255,66,22712,12,117952
31643,0.000357,172.217.194.0-255,2902,25614,12,117952
31644,0.000359,172.31.36.0-255,66,25680,12,117952
31645,0.00039,172.217.194.0-255,5738,31418,12,117952
31646,0.000393,172.31.36.0-255,66,31484,12,117952
31647,0.000398,172.217.194.0-255,2902,34386,12,117952
31648,0.0004,172.31.36.0-255,66,34452,12,117952
31649,0.000446,172.31.36.0-255,66,34518,12,117952
31650,0.000453,172.217.194.0-255,5738,40256,12,117952
31651,0.000455,172.31.36.0-255,66,40322,12,117952
31652,0.000478,172.217.194.0-255,2902,43224,12,117952
31653,0.000484,172.31.36.0-255,66,43290,12,117952
31654,0.000509,172.217.194.0-255,1414,44704,12,117952
31655,0.000511,172.31.36.0-255,66,44770,12,117952
31656,0.000523,172.217.194.0-255,98,44868,12,117952
31657,0.00058,172.217.194.0-255,365,45233,12,117952
31658,0.001096,172.31.36.0-255,66,45299,12,117952
31659,0.00331,172.217.194.0-255,1484,46783,12,117952
31660,0.003369,172.217.194.0-255,2902,49685,12,117952
31661,0.003375,172.31.36.0-255,66,49751,12,117952
31662,0.003393,172.217.194.0-255,1484,51235,12,117952
31663,0.005622,172.217.194.0-255,4320,55555,12,117952
31664,0.005628,172.31.36.0-255,66,55621,12,117952
31665,0.007904,172.217.194.0-255,5738,61359,12,117952
31666,0.007911,172.31.36.0-255,66,61425,12,117952
31667,0.010172,172.217.194.0-255,5738,67163,12,117952
31668,0.01018,172.31.36.0-255,66,67229,12,117952
31669,0.012461,172.217.194.0-255,5738,72967,12,117952
31670,0.012468,172.31.36.0-255,66,73033,12,117952
31671,0.014724,172.217.194.0-255,5738,78771,12,117952
31672,0.014735,172.31.36.0-255,66,78837,12,117952
31673,0.017006,172.217.194.0-255,5738,84575,12,117952
31674,0.017018,172.31.36.0-255,66,84641,12,117952
31675,0.019317,172.217.194.0-255,5738,90379,12,117952
31676,0.019328,172.31.36.0-255,66,90445,12,117952
31677,0.021596,172.217.194.0-255,5738,96183,12,117952
31678,0.021605,172.31.36.0-255,66,96249,12,117952
31679,0.023837,172.217.194.0-255,5738,101987,12,117952
31680,0.023843,172.31.36.0-255,66,102053,12,117952
31681,0.023983,172.31.36.0-255,172,102225,12,117952
31682,0.024008,172.31.36.0-255,1108,103333,12,117952
31683,0.024136,172.31.36.0-255,1514,104847,12,117952
31684,0.024152,172.31.36.0-255,1299,106146,12,117952
31685,0.025556,104.244.42.0-255,66,106212,12,117952
31686,0.025565,104.244.42.0-255,66,106278,12,117952
31687,0.025707,104.244.42.0-255,66,106344,12,117952
31688,0.026107,172.217.194.0-255,5738,112082,12,117952
31689,0.026113,172.31.36.0-255,66,112148,12,117952
31690,0.028367,172.217.194.0-255,5738,117886,12,117952
31691,0.028374,172.31.36.0-255,66,117952,12,117952
31692,0.0,74.125.24.0-255,153,153,12,124946
31693,2.7e-05,172.31.36.0-255,66,219,12,124946
31694,3.4e-05,74.125.24.0-255,1484,1703,12,124946
31695,3.8e-05,172.31.36.0-255,66,1769,12,124946
31696,5.1e-05,74.125.24.0-255,2902,4671,12,124946
31697,5.5e-05,172.31.36.0-255,66,4737,12,124946
31698,6.2e-05,74.125.24.0-255,7156,11893,12,124946
31699,6.6e-05,172.31.36.0-255,66,11959,12,124946
31700,8e-05,172.31.36.0-255,66,12025,12,124946
31701,0.000111,74.125.24.0-255,3494,15519,12,124946
31702,0.000114,172.31.36.0-255,66,15585,12,124946
31703,0.000118,74.125.24.0-255,2543,18128,12,124946
31704,0.000121,172.31.36.0-255,66,18194,12,124946
31705,0.000474,74.125.24.0-255,1484,19678,12,124946
31706,0.000479,172.31.36.0-255,66,19744,12,124946
31707,0.000486,74.125.24.0-255,2902,22646,12,124946
31708,0.000489,172.31.36.0-255,66,22712,12,124946
31709,0.000503,74.125.24.0-255,5738,28450,12,124946
31710,0.000506,172.31.36.0-255,66,28516,12,124946
31711,0.000546,172.31.36.0-255,66,28582,12,124946
31712,0.000548,74.125.24.0-255,7156,35738,12,124946
31713,0.00055,172.31.36.0-255,66,35804,12,124946
31714,0.00061,74.125.24.0-255,2818,38622,12,124946
31715,0.000615,172.31.36.0-255,66,38688,12,124946
31716,0.000644,74.125.24.0-255,382,39070,12,124946
31717,0.000648,172.31.36.0-255,66,39136,12,124946
31718,0.000775,74.125.24.0-255,1484,40620,12,124946
31719,0.000778,172.31.36.0-255,66,40686,12,124946
31720,0.000783,74.125.24.0-255,2902,43588,12,124946
31721,0.000786,172.31.36.0-255,66,43654,12,124946
31722,0.000813,74.125.24.0-255,5738,49392,12,124946
31723,0.000817,172.31.36.0-255,66,49458,12,124946
31724,0.000857,172.31.36.0-255,66,49524,12,124946
31725,0.000862,74.125.24.0-255,4320,53844,12,124946
31726,0.000864,172.31.36.0-255,66,53910,12,124946
31727,0.000904,74.125.24.0-255,7156,61066,12,124946
31728,0.000907,172.31.36.0-255,66,61132,12,124946
31729,0.000947,172.31.36.0-255,66,61198,12,124946
31730,0.000964,74.125.24.0-255,766,61964,12,124946
31731,0.000966,172.31.36.0-255,66,62030,12,124946
31732,0.000994,172.31.36.0-255,66,62096,12,124946
31733,0.001041,172.31.36.0-255,66,62162,12,124946
31734,0.001051,172.31.36.0-255,66,62228,12,124946
31735,0.001054,74.125.24.0-255,2184,64412,12,124946
31736,0.001057,172.31.36.0-255,66,64478,12,124946
31737,0.001089,74.125.24.0-255,2902,67380,12,124946
31738,0.001092,172.31.36.0-255,66,67446,12,124946
31739,0.001099,74.125.24.0-255,7156,74602,12,124946
31740,0.001102,172.31.36.0-255,66,74668,12,124946
31741,0.001138,172.31.36.0-255,66,74734,12,124946
31742,0.001185,172.31.36.0-255,66,74800,12,124946
31743,0.001242,74.125.24.0-255,1484,76284,12,124946
31744,0.001256,74.125.24.0-255,2902,79186,12,124946
31745,0.001264,172.31.36.0-255,66,79252,12,124946
31746,0.001292,74.125.24.0-255,5738,84990,12,124946
31747,0.001296,172.31.36.0-255,66,85056,12,124946
31748,0.001318,172.31.36.0-255,66,85122,12,124946
31749,0.001325,74.125.24.0-255,1484,86606,12,124946
31750,0.001348,74.125.24.0-255,2902,89508,12,124946
31751,0.001355,172.31.36.0-255,66,89574,12,124946
31752,0.001392,172.31.36.0-255,66,89640,12,124946
31753,0.001404,74.125.24.0-255,1484,91124,12,124946
31754,0.001413,74.125.24.0-255,2902,94026,12,124946
31755,0.001418,172.31.36.0-255,66,94092,12,124946
31756,0.001428,74.125.24.0-255,5738,99830,12,124946
31757,0.001432,172.31.36.0-255,66,99896,12,124946
31758,0.001498,172.31.36.0-255,66,99962,12,124946
31759,0.001511,172.31.36.0-255,66,100028,12,124946
31760,0.001514,74.125.24.0-255,5020,105048,12,124946
31761,0.001526,172.31.36.0-255,66,105114,12,124946
31762,0.001653,74.125.24.0-255,1484,106598,12,124946
31763,0.001659,74.125.24.0-255,2902,109500,12,124946
31764,0.001662,172.31.36.0-255,66,109566,12,124946
31765,0.001668,74.125.24.0-255,2902,112468,12,124946
31766,0.001673,172.31.36.0-255,66,112534,12,124946
31767,0.001696,74.125.24.0-255,2902,115436,12,124946
31768,0.00171,172.31.36.0-255,66,115502,12,124946
31769,0.001722,74.125.24.0-255,7156,122658,12,124946
31770,0.001725,172.31.36.0-255,66,122724,12,124946
31771,0.001764,172.31.36.0-255,66,122790,12,124946
31772,0.001801,172.31.36.0-255,66,122856,12,124946
31773,0.001815,172.31.36.0-255,66,122922,12,124946
31774,0.001858,74.125.24.0-255,1484,124406,12,124946
31775,0.001873,172.31.36.0-255,66,124472,12,124946
31776,0.001901,172.31.36.0-255,66,124538,12,124946
31777,0.001942,74.125.24.0-255,105,124643,12,124946
31778,0.001943,172.31.36.0-255,66,124709,12,124946
31779,0.003762,172.31.36.0-255,66,124775,12,124946
31780,0.00379,172.31.36.0-255,105,124880,12,124946
31781,0.006029,74.125.24.0-255,66,124946,12,124946
31782,0.0,74.125.200.0-255,146,146,12,323747
31783,3.1e-05,172.31.36.0-255,66,212,12,323747
31784,3.8e-05,74.125.200.0-255,1484,1696,12,323747
31785,4.2e-05,172.31.36.0-255,66,1762,12,323747
31786,4.7e-05,74.125.200.0-255,2902,4664,12,323747
31787,4.9e-05,172.31.36.0-255,66,4730,12,323747
31788,5.4e-05,74.125.200.0-255,2902,7632,12,323747
31789,5.6e-05,172.31.36.0-255,66,7698,12,323747
31790,7.8e-05,74.125.200.0-255,4320,12018,12,323747
31791,8.1e-05,172.31.36.0-255,66,12084,12,323747
31792,8.5e-05,74.125.200.0-255,2019,14103,12,323747
31793,8.7e-05,172.31.36.0-255,66,14169,12,323747
31794,9.1e-05,74.125.200.0-255,2902,17071,12,323747
31795,9.3e-05,172.31.36.0-255,66,17137,12,323747
31796,0.000141,74.125.200.0-255,7156,24293,12,323747
31797,0.000145,172.31.36.0-255,66,24359,12,323747
31798,0.000163,74.125.200.0-255,4320,28679,12,323747
31799,0.000166,172.31.36.0-255,66,28745,12,323747
31800,0.000185,74.125.200.0-255,2543,31288,12,323747
31801,0.000187,172.31.36.0-255,66,31354,12,323747
31802,0.000217,74.125.200.0-255,1484,32838,12,323747
31803,0.000221,172.31.36.0-255,66,32904,12,323747
31804,0.000242,74.125.200.0-255,2902,35806,12,323747
31805,0.000245,172.31.36.0-255,66,35872,12,323747
31806,0.000248,74.125.200.0-255,1484,37356,12,323747
31807,0.00025,172.31.36.0-255,66,37422,12,323747
31808,0.000264,74.125.200.0-255,4320,41742,12,323747
31809,0.000267,172.31.36.0-255,66,41808,12,323747
31810,0.00027,74.125.200.0-255,1484,43292,12,323747
31811,0.000271,172.31.36.0-255,66,43358,12,323747
31812,0.000303,74.125.200.0-255,4320,47678,12,323747
31813,0.000307,172.31.36.0-255,66,47744,12,323747
31814,0.000313,74.125.200.0-255,6797,54541,12,323747
31815,0.000315,172.31.36.0-255,66,54607,12,323747
31816,0.000327,172.31.36.0-255,66,54673,12,323747
31817,0.00036,74.125.200.0-255,1432,56105,12,323747
31818,0.000524,74.125.200.0-255,115,56220,12,323747
31819,0.000631,74.125.200.0-255,1484,57704,12,323747
31820,0.000635,172.31.36.0-255,66,57770,12,323747
31821,0.000653,74.125.200.0-255,1484,59254,12,323747
31822,0.00067,74.125.200.0-255,1484,60738,12,323747
31823,0.000672,172.31.36.0-255,66,60804,12,323747
31824,0.000687,74.125.200.0-255,1484,62288,12,323747
31825,0.000692,74.125.200.0-255,2902,65190,12,323747
31826,0.000694,172.31.36.0-255,66,65256,12,323747
31827,0.000708,74.125.200.0-255,1484,66740,12,323747
31828,0.000721,74.125.200.0-255,2902,69642,12,323747
31829,0.000724,172.31.36.0-255,66,69708,12,323747
31830,0.000741,74.125.200.0-255,1484,71192,12,323747
31831,0.000746,74.125.200.0-255,2543,73735,12,323747
31832,0.000748,172.31.36.0-255,66,73801,12,323747
31833,0.00075,74.125.200.0-255,331,74132,12,323747
31834,0.000803,74.125.200.0-255,1484,75616,12,323747
31835,0.000806,172.31.36.0-255,66,75682,12,323747
31836,0.000823,74.125.200.0-255,1484,77166,12,323747
31837,0.000835,74.125.200.0-255,2902,80068,12,323747
31838,0.000838,172.31.36.0-255,66,80134,12,323747
31839,0.000854,74.125.200.0-255,1484,81618,12,323747
31840,0.000872,74.125.200.0-255,4320,85938,12,323747
31841,0.000876,172.31.36.0-255,66,86004,12,323747
31842,0.00088,74.125.200.0-255,1484,87488,12,323747
31843,0.000896,74.125.200.0-255,2902,90390,12,323747
31844,0.0009,172.31.36.0-255,66,90456,12,323747
31845,0.000917,74.125.200.0-255,1125,91581,12,323747
31846,0.001081,74.125.200.0-255,1484,93065,12,323747
31847,0.001086,172.31.36.0-255,66,93131,12,323747
31848,0.001097,74.125.200.0-255,2902,96033,12,323747
31849,0.001099,172.31.36.0-255,66,96099,12,323747
31850,0.001112,74.125.200.0-255,1484,97583,12,323747
31851,0.001129,74.125.200.0-255,4320,101903,12,323747
31852,0.001132,172.31.36.0-255,66,101969,12,323747
31853,0.001168,74.125.200.0-255,7156,109125,12,323747
31854,0.001171,172.31.36.0-255,66,109191,12,323747
31855,0.001192,74.125.200.0-255,4320,113511,12,323747
31856,0.001194,172.31.36.0-255,66,113577,12,323747
31857,0.001216,74.125.200.0-255,5738,119315,12,323747
31858,0.001218,172.31.36.0-255,66,119381,12,323747
31859,0.001254,74.125.200.0-255,4320,123701,12,323747
31860,0.001257,172.31.36.0-255,66,123767,12,323747
31861,0.001274,74.125.200.0-255,2184,125951,12,323747
31862,0.001277,172.31.36.0-255,66,126017,12,323747
31863,0.001355,74.125.200.0-255,1484,127501,12,323747
31864,0.001372,74.125.200.0-255,2902,130403,12,323747
31865,0.001375,172.31.36.0-255,66,130469,12,323747
31866,0.001382,74.125.200.0-255,5738,136207,12,323747
31867,0.001384,172.31.36.0-255,66,136273,12,323747
31868,0.001388,74.125.200.0-255,4320,140593,12,323747
31869,0.00139,172.31.36.0-255,66,140659,12,323747
31870,0.001418,74.125.200.0-255,4320,144979,12,323747
31871,0.001421,172.31.36.0-255,66,145045,12,323747
31872,0.001432,172.31.36.0-255,66,145111,12,323747
31873,0.001436,74.125.200.0-255,1484,146595,12,323747
31874,0.001441,74.125.200.0-255,2902,149497,12,323747
31875,0.001443,172.31.36.0-255,66,149563,12,323747
31876,0.001463,74.125.200.0-255,766,150329,12,323747
31877,0.001568,74.125.200.0-255,1484,151813,12,323747
31878,0.001572,172.31.36.0-255,66,151879,12,323747
31879,0.001592,74.125.200.0-255,2902,154781,12,323747
31880,0.001595,172.31.36.0-255,66,154847,12,323747
31881,0.0016,74.125.200.0-255,4320,159167,12,323747
31882,0.001603,172.31.36.0-255,66,159233,12,323747
31883,0.001614,74.125.200.0-255,1484,160717,12,323747
31884,0.001625,74.125.200.0-255,1484,162201,12,323747
31885,0.001627,172.31.36.0-255,66,162267,12,323747
31886,0.001651,172.31.36.0-255,66,162333,12,323747
31887,0.001661,172.31.36.0-255,66,162399,12,323747
31888,0.00168,74.125.200.0-255,2902,165301,12,323747
31889,0.001683,172.31.36.0-255,66,165367,12,323747
31890,0.001688,74.125.200.0-255,2184,167551,12,323747
31891,0.00169,172.31.36.0-255,66,167617,12,323747
31892,0.001812,74.125.200.0-255,1484,169101,12,323747
31893,0.001831,74.125.200.0-255,2902,172003,12,323747
31894,0.001834,172.31.36.0-255,66,172069,12,323747
31895,0.001838,74.125.200.0-255,1484,173553,12,323747
31896,0.001857,74.125.200.0-255,4320,177873,12,323747
31897,0.001859,172.31.36.0-255,66,177939,12,323747
31898,0.001862,74.125.200.0-255,1484,179423,12,323747
31899,0.001878,74.125.200.0-255,7156,186579,12,323747
31900,0.00188,172.31.36.0-255,66,186645,12,323747
31901,0.001897,74.125.200.0-255,4320,190965,12,323747
31902,0.0019,172.31.36.0-255,66,191031,12,323747
31903,0.001902,74.125.200.0-255,1484,192515,12,323747
31904,0.001934,74.125.200.0-255,4320,196835,12,323747
31905,0.001938,172.31.36.0-255,66,196901,12,323747
31906,0.001958,74.125.200.0-255,5020,201921,12,323747
31907,0.001961,172.31.36.0-255,66,201987,12,323747
31908,0.002045,74.125.200.0-255,1484,203471,12,323747
31909,0.002063,74.125.200.0-255,2902,206373,12,323747
31910,0.002067,172.31.36.0-255,66,206439,12,323747
31911,0.002085,74.125.200.0-255,2902,209341,12,323747
31912,0.002088,172.31.36.0-255,66,209407,12,323747
31913,0.002117,74.125.200.0-255,4320,213727,12,323747
31914,0.00212,172.31.36.0-255,66,213793,12,323747
31915,0.002137,74.125.200.0-255,5738,219531,12,323747
31916,0.002141,172.31.36.0-255,66,219597,12,323747
31917,0.002162,74.125.200.0-255,2902,222499,12,323747
31918,0.002164,172.31.36.0-255,66,222565,12,323747
31919,0.002169,74.125.200.0-255,4320,226885,12,323747
31920,0.002171,172.31.36.0-255,66,226951,12,323747
31921,0.002197,74.125.200.0-255,5738,232689,12,323747
31922,0.002199,172.31.36.0-255,66,232755,12,323747
31923,0.002203,74.125.200.0-255,3602,236357,12,323747
31924,0.002205,172.31.36.0-255,66,236423,12,323747
31925,0.00221,74.125.200.0-255,4320,240743,12,323747
31926,0.002213,172.31.36.0-255,66,240809,12,323747
31927,0.002231,74.125.200.0-255,1484,242293,12,323747
31928,0.002247,74.125.200.0-255,7156,249449,12,323747
31929,0.00225,172.31.36.0-255,66,249515,12,323747
31930,0.002272,172.31.36.0-255,66,249581,12,323747
31931,0.002282,74.125.200.0-255,1484,251065,12,323747
31932,0.002286,74.125.200.0-255,2902,253967,12,323747
31933,0.002288,172.31.36.0-255,66,254033,12,323747
31934,0.004504,74.125.200.0-255,1484,255517,12,323747
31935,0.004523,74.125.200.0-255,4320,259837,12,323747
31936,0.004526,172.31.36.0-255,66,259903,12,323747
31937,0.00678,74.125.200.0-255,5738,265641,12,323747
31938,0.006789,172.31.36.0-255,66,265707,12,323747
31939,0.009033,74.125.200.0-255,5738,271445,12,323747
31940,0.00904,172.31.36.0-255,66,271511,12,323747
31941,0.011289,74.125.200.0-255,5738,277249,12,323747
31942,0.011296,172.31.36.0-255,66,277315,12,323747
31943,0.013541,74.125.200.0-255,5738,283053,12,323747
31944,0.013548,172.31.36.0-255,66,283119,12,323747
31945,0.01579,74.125.200.0-255,5738,288857,12,323747
31946,0.015798,172.31.36.0-255,66,288923,12,323747
31947,0.018056,74.125.200.0-255,5738,294661,12,323747
31948,0.018066,172.31.36.0-255,66,294727,12,323747
31949,0.020317,74.125.200.0-255,5738,300465,12,323747
31950,0.020324,172.31.36.0-255,66,300531,12,323747
31951,0.022585,74.125.200.0-255,5738,306269,12,323747
31952,0.022592,172.31.36.0-255,66,306335,12,323747
31953,0.024839,74.125.200.0-255,5738,312073,12,323747
31954,0.024846,172.31.36.0-255,66,312139,12,323747
31955,0.027094,74.125.200.0-255,5738,317877,12,323747
31956,0.027101,172.31.36.0-255,66,317943,12,323747
31957,0.029352,74.125.200.0-255,5738,323681,12,323747
31958,0.029358,172.31.36.0-255,66,323747,12,323747
31959,0.0,74.125.130.0-255,152,152,12,139784
31960,2.1e-05,172.31.36.0-255,66,218,12,139784
31961,3e-05,74.125.130.0-255,1484,1702,12,139784
31962,3.5e-05,172.31.36.0-255,66,1768,12,139784
31963,4.9e-05,74.125.130.0-255,2902,4670,12,139784
31964,5.3e-05,172.31.36.0-255,66,4736,12,139784
31965,6e-05,74.125.130.0-255,5738,10474,12,139784
31966,6.3e-05,172.31.36.0-255,66,10540,12,139784
31967,6.7e-05,74.125.130.0-255,2902,13442,12,139784
31968,7.1e-05,172.31.36.0-255,66,13508,12,139784
31969,0.000111,172.31.36.0-255,66,13574,12,139784
31970,0.000114,74.125.130.0-255,1484,15058,12,139784
31971,0.000116,172.31.36.0-255,66,15124,12,139784
31972,0.000123,74.125.130.0-255,5379,20503,12,139784
31973,0.000126,172.31.36.0-255,66,20569,12,139784
31974,0.000498,74.125.130.0-255,1484,22053,12,139784
31975,0.000503,172.31.36.0-255,66,22119,12,139784
31976,0.00051,74.125.130.0-255,2902,25021,12,139784
31977,0.000513,172.31.36.0-255,66,25087,12,139784
31978,0.000524,74.125.130.0-255,5738,30825,12,139784
31979,0.000527,172.31.36.0-255,66,30891,12,139784
31980,0.000541,74.125.130.0-255,4320,35211,12,139784
31981,0.000544,172.31.36.0-255,66,35277,12,139784
31982,0.000567,74.125.130.0-255,2543,37820,12,139784
31983,0.00057,172.31.36.0-255,66,37886,12,139784
31984,0.000575,74.125.130.0-255,2902,40788,12,139784
31985,0.000577,172.31.36.0-255,66,40854,12,139784
31986,0.000582,74.125.130.0-255,4320,45174,12,139784
31987,0.000585,172.31.36.0-255,66,45240,12,139784
31988,0.000597,172.31.36.0-255,66,45306,12,139784
31989,0.000624,74.125.130.0-255,1411,46717,12,139784
31990,0.000806,74.125.130.0-255,100,46817,12,139784
31991,0.000976,74.125.130.0-255,1484,48301,12,139784
31992,0.000981,172.31.36.0-255,66,48367,12,139784
31993,0.000987,74.125.130.0-255,2902,51269,12,139784
31994,0.000989,172.31.36.0-255,66,51335,12,139784
31995,0.001017,74.125.130.0-255,5738,57073,12,139784
31996,0.001022,172.31.36.0-255,66,57139,12,139784
31997,0.001033,74.125.130.0-255,2902,60041,12,139784
31998,0.00104,172.31.36.0-255,66,60107,12,139784
31999,0.001081,172.31.36.0-255,66,60173,12,139784
32000,0.001102,74.125.130.0-255,7156,67329,12,139784
32001,0.001112,172.31.36.0-255,66,67395,12,139784
32002,0.001118,74.125.130.0-255,3961,71356,12,139784
32003,0.00112,172.31.36.0-255,66,71422,12,139784
32004,0.003357,74.125.130.0-255,5738,77160,12,139784
32005,0.003365,172.31.36.0-255,66,77226,12,139784
32006,0.005596,74.125.130.0-255,1484,78710,12,139784
32007,0.005617,74.125.130.0-255,4320,83030,12,139784
32008,0.00562,172.31.36.0-255,66,83096,12,139784
32009,0.007866,74.125.130.0-255,5738,88834,12,139784
32010,0.007872,172.31.36.0-255,66,88900,12,139784
32011,0.010135,74.125.130.0-255,5738,94638,12,139784
32012,0.010143,172.31.36.0-255,66,94704,12,139784
32013,0.012396,74.125.130.0-255,5738,100442,12,139784
32014,0.012404,172.31.36.0-255,66,100508,12,139784
32015,0.014697,74.125.130.0-255,5738,106246,12,139784
32016,0.014708,172.31.36.0-255,66,106312,12,139784
32017,0.016968,74.125.130.0-255,5738,112050,12,139784
32018,0.016975,172.31.36.0-255,66,112116,12,139784
32019,0.019227,74.125.130.0-255,5738,117854,12,139784
32020,0.019234,172.31.36.0-255,66,117920,12,139784
32021,0.021482,74.125.130.0-255,4320,122240,12,139784
32022,0.02149,172.31.36.0-255,66,122306,12,139784
32023,0.021518,74.125.130.0-255,1484,123790,12,139784
32024,0.023737,74.125.130.0-255,4320,128110,12,139784
32025,0.023744,172.31.36.0-255,66,128176,12,139784
32026,0.026058,74.125.130.0-255,5738,133914,12,139784
32027,0.026073,172.31.36.0-255,66,133980,12,139784
32028,0.028329,74.125.130.0-255,5738,139718,12,139784
32029,0.028339,172.31.36.0-255,66,139784,12,139784
32030,0.0,74.125.200.0-255,150,150,12,275280
32031,2.6e-05,172.31.36.0-255,66,216,12,275280
32032,3.3e-05,74.125.200.0-255,1484,1700,12,275280
32033,3.7e-05,172.31.36.0-255,66,1766,12,275280
32034,4.2e-05,74.125.200.0-255,2902,4668,12,275280
32035,5.2e-05,172.31.36.0-255,66,4734,12,275280
32036,5.5e-05,74.125.200.0-255,1484,6218,12,275280
32037,5.7e-05,172.31.36.0-255,66,6284,12,275280
32038,6.2e-05,74.125.200.0-255,2902,9186,12,275280
32039,6.4e-05,172.31.36.0-255,66,9252,12,275280
32040,9.4e-05,74.125.200.0-255,6256,15508,12,275280
32041,9.7e-05,172.31.36.0-255,66,15574,12,275280
32042,0.000107,74.125.200.0-255,4320,19894,12,275280
32043,0.000109,172.31.36.0-255,66,19960,12,275280
32044,0.000144,74.125.200.0-255,2902,22862,12,275280
32045,0.000148,172.31.36.0-255,66,22928,12,275280
32046,0.000178,74.125.200.0-255,2902,25830,12,275280
32047,0.000181,172.31.36.0-255,66,25896,12,275280
32048,0.000188,74.125.200.0-255,5379,31275,12,275280
32049,0.00019,172.31.36.0-255,66,31341,12,275280
32050,0.000225,74.125.200.0-255,1484,32825,12,275280
32051,0.000228,172.31.36.0-255,66,32891,12,275280
32052,0.000258,74.125.200.0-255,2902,35793,12,275280
32053,0.000261,172.31.36.0-255,66,35859,12,275280
32054,0.000285,74.125.200.0-255,1484,37343,12,275280
32055,0.000288,172.31.36.0-255,66,37409,12,275280
32056,0.000293,74.125.200.0-255,2902,40311,12,275280
32057,0.000295,172.31.36.0-255,66,40377,12,275280
32058,0.0003,74.125.200.0-255,5738,46115,12,275280
32059,0.000303,172.31.36.0-255,66,46181,12,275280
32060,0.000305,74.125.200.0-255,1484,47665,12,275280
32061,0.000314,172.31.36.0-255,66,47731,12,275280
32062,0.000337,74.125.200.0-255,1125,48856,12,275280
32063,0.000347,74.125.200.0-255,2902,51758,12,275280
32064,0.00035,172.31.36.0-255,66,51824,12,275280
32065,0.000353,74.125.200.0-255,1484,53308,12,275280
32066,0.000376,74.125.200.0-255,1484,54792,12,275280
32067,0.000379,172.31.36.0-255,66,54858,12,275280
32068,0.000385,74.125.200.0-255,4320,59178,12,275280
32069,0.000388,172.31.36.0-255,66,59244,12,275280
32070,0.00042,74.125.200.0-255,2902,62146,12,275280
32071,0.000424,172.31.36.0-255,66,62212,12,275280
32072,0.000449,74.125.200.0-255,4274,66486,12,275280
32073,0.000452,172.31.36.0-255,66,66552,12,275280
32074,0.000488,74.125.200.0-255,110,66662,12,275280
32075,0.00064,74.125.200.0-255,1484,68146,12,275280
32076,0.000643,172.31.36.0-255,66,68212,12,275280
32077,0.000693,74.125.200.0-255,1484,69696,12,275280
32078,0.000705,74.125.200.0-255,1484,71180,12,275280
32079,0.000708,172.31.36.0-255,66,71246,12,275280
32080,0.000712,74.125.200.0-255,1484,72730,12,275280
32081,0.000735,74.125.200.0-255,1484,74214,12,275280
32082,0.000739,172.31.36.0-255,66,74280,12,275280
32083,0.000744,74.125.200.0-255,2902,77182,12,275280
32084,0.000745,172.31.36.0-255,66,77248,12,275280
32085,0.000764,74.125.200.0-255,2902,80150,12,275280
32086,0.000772,172.31.36.0-255,66,80216,12,275280
32087,0.000797,74.125.200.0-255,1484,81700,12,275280
32088,0.000813,74.125.200.0-255,1484,83184,12,275280
32089,0.000816,172.31.36.0-255,66,83250,12,275280
32090,0.000845,74.125.200.0-255,2902,86152,12,275280
32091,0.000848,172.31.36.0-255,66,86218,12,275280
32092,0.00087,74.125.200.0-255,5738,91956,12,275280
32093,0.000873,172.31.36.0-255,66,92022,12,275280
32094,0.00088,74.125.200.0-255,7156,99178,12,275280
32095,0.000883,172.31.36.0-255,66,99244,12,275280
32096,0.000923,74.125.200.0-255,2184,101428,12,275280
32097,0.000926,172.31.36.0-255,66,101494,12,275280
32098,0.00123,74.125.200.0-255,331,101825,12,275280
32099,0.001263,172.31.36.0-255,66,101891,12,275280
32100,0.001338,74.125.200.0-255,1484,103375,12,275280
32101,0.001346,74.125.200.0-255,2902,106277,12,275280
32102,0.001351,172.31.36.0-255,66,106343,12,275280
32103,0.001358,74.125.200.0-255,5738,112081,12,275280
32104,0.001361,172.31.36.0-255,66,112147,12,275280
32105,0.001364,74.125.200.0-255,1484,113631,12,275280
32106,0.001393,74.125.200.0-255,2902,116533,12,275280
32107,0.001397,172.31.36.0-255,66,116599,12,275280
32108,0.001403,74.125.200.0-255,5738,122337,12,275280
32109,0.001406,172.31.36.0-255,66,122403,12,275280
32110,0.001439,74.125.200.0-255,7156,129559,12,275280
32111,0.001448,172.31.36.0-255,66,129625,12,275280
32112,0.001478,74.125.200.0-255,2902,132527,12,275280
32113,0.001481,172.31.36.0-255,66,132593,12,275280
32114,0.001487,74.125.200.0-255,3602,136195,12,275280
32115,0.00149,172.31.36.0-255,66,136261,12,275280
32116,0.001905,74.125.200.0-255,1484,137745,12,275280
32117,0.001915,74.125.200.0-255,2902,140647,12,275280
32118,0.00192,172.31.36.0-255,66,140713,12,275280
32119,0.001927,74.125.200.0-255,2902,143615,12,275280
32120,0.001929,172.31.36.0-255,66,143681,12,275280
32121,0.001959,74.125.200.0-255,4320,148001,12,275280
32122,0.001965,172.31.36.0-255,66,148067,12,275280
32123,0.001972,74.125.200.0-255,5738,153805,12,275280
32124,0.001974,172.31.36.0-255,66,153871,12,275280
32125,0.002,74.125.200.0-255,2902,156773,12,275280
32126,0.002003,172.31.36.0-255,66,156839,12,275280
32127,0.002007,74.125.200.0-255,4320,161159,12,275280
32128,0.002009,172.31.36.0-255,66,161225,12,275280
32129,0.002048,74.125.200.0-255,2902,164127,12,275280
32130,0.002051,172.31.36.0-255,66,164193,12,275280
32131,0.002084,74.125.200.0-255,6438,170631,12,275280
32132,0.002086,172.31.36.0-255,66,170697,12,275280
32133,0.002348,74.125.200.0-255,1484,172181,12,275280
32134,0.002363,74.125.200.0-255,2902,175083,12,275280
32135,0.002366,172.31.36.0-255,66,175149,12,275280
32136,0.002373,74.125.200.0-255,4320,179469,12,275280
32137,0.002374,172.31.36.0-255,66,179535,12,275280
32138,0.002396,74.125.200.0-255,1484,181019,12,275280
32139,0.002403,74.125.200.0-255,2902,183921,12,275280
32140,0.002405,172.31.36.0-255,66,183987,12,275280
32141,0.002408,74.125.200.0-255,1484,185471,12,275280
32142,0.002436,74.125.200.0-255,2902,188373,12,275280
32143,0.002439,172.31.36.0-255,66,188439,12,275280
32144,0.002442,74.125.200.0-255,1484,189923,12,275280
32145,0.002445,74.125.200.0-255,2902,192825,12,275280
32146,0.002447,172.31.36.0-255,66,192891,12,275280
32147,0.002476,74.125.200.0-255,5738,198629,12,275280
32148,0.002478,172.31.36.0-255,66,198695,12,275280
32149,0.002499,74.125.200.0-255,6438,205133,12,275280
32150,0.002502,172.31.36.0-255,66,205199,12,275280
32151,0.002529,74.125.200.0-255,7156,212355,12,275280
32152,0.002531,172.31.36.0-255,66,212421,12,275280
32153,0.005026,74.125.200.0-255,5738,218159,12,275280
32154,0.005031,172.31.36.0-255,66,218225,12,275280
32155,0.007565,74.125.200.0-255,5738,223963,12,275280
32156,0.007572,172.31.36.0-255,66,224029,12,275280
32157,0.010086,74.125.200.0-255,5738,229767,12,275280
32158,0.010096,172.31.36.0-255,66,229833,12,275280
32159,0.012626,74.125.200.0-255,5738,235571,12,275280
32160,0.012636,172.31.36.0-255,66,235637,12,275280
32161,0.01514,74.125.200.0-255,2902,238539,12,275280
32162,0.01515,172.31.36.0-255,66,238605,12,275280
32163,0.015183,74.125.200.0-255,2902,241507,12,275280
32164,0.015187,172.31.36.0-255,66,241573,12,275280
32165,0.017662,74.125.200.0-255,2902,244475,12,275280
32166,0.01767,172.31.36.0-255,66,244541,12,275280
32167,0.017701,74.125.200.0-255,2902,247443,12,275280
32168,0.017705,172.31.36.0-255,66,247509,12,275280
32169,0.020197,74.125.200.0-255,2902,250411,12,275280
32170,0.020204,172.31.36.0-255,66,250477,12,275280
32171,0.020233,74.125.200.0-255,2902,253379,12,275280
32172,0.020236,172.31.36.0-255,66,253445,12,275280
32173,0.022717,74.125.200.0-255,2902,256347,12,275280
32174,0.022725,172.31.36.0-255,66,256413,12,275280
32175,0.022755,74.125.200.0-255,2902,259315,12,275280
32176,0.022759,172.31.36.0-255,66,259381,12,275280
32177,0.02478,172.31.36.0-255,172,259553,12,275280
32178,0.024822,172.31.36.0-255,1107,260660,12,275280
32179,0.024894,172.31.36.0-255,1514,262174,12,275280
32180,0.024896,172.31.36.0-255,1300,263474,12,275280
32181,0.02534,74.125.200.0-255,5738,269212,12,275280
32182,0.025348,172.31.36.0-255,66,269278,12,275280
32183,0.026322,104.244.42.0-255,66,269344,12,275280
32184,0.026367,104.244.42.0-255,66,269410,12,275280
32185,0.026461,104.244.42.0-255,66,269476,12,275280
32186,0.027872,74.125.200.0-255,5738,275214,12,275280
32187,0.027879,172.31.36.0-255,66,275280,12,275280
32188,0.0,172.217.194.0-255,153,153,12,185815
32189,3.5e-05,172.31.36.0-255,66,219,12,185815
32190,4.2e-05,172.217.194.0-255,1484,1703,12,185815
32191,4.8e-05,172.31.36.0-255,66,1769,12,185815
32192,6.1e-05,172.217.194.0-255,2902,4671,12,185815
32193,6.4e-05,172.31.36.0-255,66,4737,12,185815
32194,7.1e-05,172.217.194.0-255,7156,11893,12,185815
32195,7.4e-05,172.31.36.0-255,66,11959,12,185815
32196,8.4e-05,172.31.36.0-255,66,12025,12,185815
32197,0.000125,172.31.36.0-255,66,12091,12,185815
32198,0.00015,172.217.194.0-255,1484,13575,12,185815
32199,0.000152,172.31.36.0-255,66,13641,12,185815
32200,0.000157,172.217.194.0-255,2902,16543,12,185815
32201,0.000159,172.31.36.0-255,66,16609,12,185815
32202,0.000195,172.217.194.0-255,5738,22347,12,185815
32203,0.000199,172.31.36.0-255,66,22413,12,185815
32204,0.000206,172.217.194.0-255,7156,29569,12,185815
32205,0.000208,172.31.36.0-255,66,29635,12,185815
32206,0.000244,172.217.194.0-255,6797,36432,12,185815
32207,0.000248,172.31.36.0-255,66,36498,12,185815
32208,0.000251,172.217.194.0-255,1484,37982,12,185815
32209,0.000254,172.31.36.0-255,66,38048,12,185815
32210,0.000261,172.217.194.0-255,5738,43786,12,185815
32211,0.000269,172.31.36.0-255,66,43852,12,185815
32212,0.000294,172.217.194.0-255,2835,46687,12,185815
32213,0.000304,172.31.36.0-255,66,46753,12,185815
32214,0.000698,172.217.194.0-255,363,47116,12,185815
32215,0.000704,172.31.36.0-255,66,47182,12,185815
32216,0.000804,172.217.194.0-255,1484,48666,12,185815
32217,0.000808,172.31.36.0-255,66,48732,12,185815
32218,0.000814,172.217.194.0-255,2902,51634,12,185815
32219,0.000816,172.31.36.0-255,66,51700,12,185815
32220,0.000828,172.217.194.0-255,5738,57438,12,185815
32221,0.000831,172.31.36.0-255,66,57504,12,185815
32222,0.000874,172.31.36.0-255,66,57570,12,185815
32223,0.000892,172.31.36.0-255,66,57636,12,185815
32224,0.001417,172.217.194.0-255,1484,59120,12,185815
32225,0.001429,172.217.194.0-255,2902,62022,12,185815
32226,0.001434,172.31.36.0-255,66,62088,12,185815
32227,0.001442,172.217.194.0-255,5738,67826,12,185815
32228,0.001444,172.31.36.0-255,66,67892,12,185815
32229,0.001455,172.217.194.0-255,2902,70794,12,185815
32230,0.001458,172.31.36.0-255,66,70860,12,185815
32231,0.001492,172.31.36.0-255,66,70926,12,185815
32232,0.001505,172.31.36.0-255,66,70992,12,185815
32233,0.001549,172.217.194.0-255,5738,76730,12,185815
32234,0.001553,172.31.36.0-255,66,76796,12,185815
32235,0.00156,172.217.194.0-255,7156,83952,12,185815
32236,0.001562,172.31.36.0-255,66,84018,12,185815
32237,0.001615,172.31.36.0-255,66,84084,12,185815
32238,0.001647,172.217.194.0-255,2902,86986,12,185815
32239,0.001656,172.31.36.0-255,66,87052,12,185815
32240,0.001662,172.217.194.0-255,4320,91372,12,185815
32241,0.001664,172.31.36.0-255,66,91438,12,185815
32242,0.001668,172.217.194.0-255,2184,93622,12,185815
32243,0.001671,172.31.36.0-255,66,93688,12,185815
32244,0.001701,172.217.194.0-255,1484,95172,12,185815
32245,0.001705,172.217.194.0-255,1484,96656,12,185815
32246,0.001708,172.31.36.0-255,66,96722,12,185815
32247,0.001735,172.217.194.0-255,1484,98206,12,185815
32248,0.001742,172.217.194.0-255,5738,103944,12,185815
32249,0.001745,172.31.36.0-255,66,104010,12,185815
32250,0.001753,172.217.194.0-255,7156,111166,12,185815
32251,0.001756,172.31.36.0-255,66,111232,12,185815
32252,0.00177,172.31.36.0-255,66,111298,12,185815
32253,0.001776,172.217.194.0-255,2184,113482,12,185815
32254,0.001778,172.31.36.0-255,66,113548,12,185815
32255,0.001876,172.217.194.0-255,1484,115032,12,185815
32256,0.001883,172.217.194.0-255,2902,117934,12,185815
32257,0.001886,172.31.36.0-255,66,118000,12,185815
32258,0.001891,172.217.194.0-255,2902,120902,12,185815
32259,0.001893,172.31.36.0-255,66,120968,12,185815
32260,0.001916,172.217.194.0-255,2902,123870,12,185815
32261,0.001918,172.31.36.0-255,66,123936,12,185815
32262,0.001924,172.217.194.0-255,5738,129674,12,185815
32263,0.001931,172.31.36.0-255,66,129740,12,185815
32264,0.001966,172.217.194.0-255,7156,136896,12,185815
32265,0.00197,172.31.36.0-255,66,136962,12,185815
32266,0.001985,172.31.36.0-255,66,137028,12,185815
32267,0.002014,172.217.194.0-255,1484,138512,12,185815
32268,0.002018,172.217.194.0-255,2902,141414,12,185815
32269,0.00202,172.31.36.0-255,66,141480,12,185815
32270,0.002027,172.217.194.0-255,5738,147218,12,185815
32271,0.00203,172.31.36.0-255,66,147284,12,185815
32272,0.002065,172.31.36.0-255,66,147350,12,185815
32273,0.002072,172.217.194.0-255,7156,154506,12,185815
32274,0.002074,172.31.36.0-255,66,154572,12,185815
32275,0.002116,172.31.36.0-255,66,154638,12,185815
32276,0.002121,172.217.194.0-255,4320,158958,12,185815
32277,0.002123,172.31.36.0-255,66,159024,12,185815
32278,0.002165,172.31.36.0-255,66,159090,12,185815
32279,0.002189,172.31.36.0-255,66,159156,12,185815
32280,0.002215,172.217.194.0-255,6438,165594,12,185815
32281,0.002218,172.31.36.0-255,66,165660,12,185815
32282,0.002276,172.31.36.0-255,66,165726,12,185815
32283,0.002336,172.217.194.0-255,1484,167210,12,185815
32284,0.002354,172.31.36.0-255,66,167276,12,185815
32285,0.004594,172.217.194.0-255,5738,173014,12,185815
32286,0.0046,172.31.36.0-255,66,173080,12,185815
32287,0.006817,172.217.194.0-255,5738,178818,12,185815
32288,0.006824,172.31.36.0-255,66,178884,12,185815
32289,0.009065,172.217.194.0-255,2399,181283,12,185815
32290,0.009072,172.31.36.0-255,66,181349,12,185815
32291,0.009254,172.31.36.0-255,105,181454,12,185815
32292,0.011436,172.217.194.0-255,66,181520,12,185815
32293,0.025778,172.31.36.0-255,176,181696,12,185815
32294,0.025837,172.31.36.0-255,1109,182805,12,185815
32295,0.025914,172.31.36.0-255,1514,184319,12,185815
32296,0.025916,172.31.36.0-255,1298,185617,12,185815
32297,0.027311,104.244.42.0-255,66,185683,12,185815
32298,0.027376,104.244.42.0-255,66,185749,12,185815
32299,0.027452,104.244.42.0-255,66,185815,12,185815
32300,0.0,74.125.24.0-255,146,146,12,181187
32301,3.2e-05,172.31.36.0-255,66,212,12,181187
32302,3.9e-05,74.125.24.0-255,1484,1696,12,181187
32303,4.2e-05,172.31.36.0-255,66,1762,12,181187
32304,4.8e-05,74.125.24.0-255,2902,4664,12,181187
32305,5e-05,172.31.36.0-255,66,4730,12,181187
32306,5.3e-05,74.125.24.0-255,1484,6214,12,181187
32307,5.7e-05,172.31.36.0-255,66,6280,12,181187
32308,8.8e-05,74.125.24.0-255,5738,12018,12,181187
32309,9.1e-05,172.31.36.0-255,66,12084,12,181187
32310,9.6e-05,74.125.24.0-255,2074,14158,12,181187
32311,9.8e-05,172.31.36.0-255,66,14224,12,181187
32312,0.000161,74.125.24.0-255,1484,15708,12,181187
32313,0.000166,172.31.36.0-255,66,15774,12,181187
32314,0.000181,74.125.24.0-255,2902,18676,12,181187
32315,0.000184,172.31.36.0-255,66,18742,12,181187
32316,0.000191,74.125.24.0-255,5738,24480,12,181187
32317,0.000193,172.31.36.0-255,66,24546,12,181187
32318,0.000222,74.125.24.0-255,6797,31343,12,181187
32319,0.000225,172.31.36.0-255,66,31409,12,181187
32320,0.000401,74.125.24.0-255,1484,32893,12,181187
32321,0.000406,172.31.36.0-255,66,32959,12,181187
32322,0.000428,74.125.24.0-255,2902,35861,12,181187
32323,0.000431,172.31.36.0-255,66,35927,12,181187
32324,0.000455,74.125.24.0-255,4320,40247,12,181187
32325,0.000458,172.31.36.0-255,66,40313,12,181187
32326,0.000475,74.125.24.0-255,7156,47469,12,181187
32327,0.000479,172.31.36.0-255,66,47535,12,181187
32328,0.000505,74.125.24.0-255,2543,50078,12,181187
32329,0.000508,172.31.36.0-255,66,50144,12,181187
32330,0.000514,74.125.24.0-255,5738,55882,12,181187
32331,0.000516,172.31.36.0-255,66,55948,12,181187
32332,0.000543,74.125.24.0-255,2902,58850,12,181187
32333,0.000547,172.31.36.0-255,66,58916,12,181187
32334,0.000572,74.125.24.0-255,6797,65713,12,181187
32335,0.000575,172.31.36.0-255,66,65779,12,181187
32336,0.000579,74.125.24.0-255,365,66144,12,181187
32337,0.000667,74.125.24.0-255,377,66521,12,181187
32338,0.000835,172.31.36.0-255,66,66587,12,181187
32339,0.001161,74.125.24.0-255,1484,68071,12,181187
32340,0.001173,74.125.24.0-255,2902,70973,12,181187
32341,0.001178,172.31.36.0-255,66,71039,12,181187
32342,0.001207,74.125.24.0-255,5738,76777,12,181187
32343,0.00121,172.31.36.0-255,66,76843,12,181187
32344,0.001216,74.125.24.0-255,2902,79745,12,181187
32345,0.001218,172.31.36.0-255,66,79811,12,181187
32346,0.001246,74.125.24.0-255,7156,86967,12,181187
32347,0.00125,172.31.36.0-255,66,87033,12,181187
32348,0.001267,74.125.24.0-255,5738,92771,12,181187
32349,0.00127,172.31.36.0-255,66,92837,12,181187
32350,0.001306,172.31.36.0-255,66,92903,12,181187
32351,0.001707,74.125.24.0-255,1484,94387,12,181187
32352,0.001717,74.125.24.0-255,2902,97289,12,181187
32353,0.001721,172.31.36.0-255,66,97355,12,181187
32354,0.001728,74.125.24.0-255,5738,103093,12,181187
32355,0.00173,172.31.36.0-255,66,103159,12,181187
32356,0.001785,172.31.36.0-255,66,103225,12,181187
32357,0.00179,74.125.24.0-255,2902,106127,12,181187
32358,0.001792,172.31.36.0-255,66,106193,12,181187
32359,0.001815,172.31.36.0-255,66,106259,12,181187
32360,0.004171,74.125.24.0-255,5738,111997,12,181187
32361,0.004176,172.31.36.0-255,66,112063,12,181187
32362,0.006509,74.125.24.0-255,5738,117801,12,181187
32363,0.006516,172.31.36.0-255,66,117867,12,181187
32364,0.008837,74.125.24.0-255,5738,123605,12,181187
32365,0.008844,172.31.36.0-255,66,123671,12,181187
32366,0.011155,74.125.24.0-255,5738,129409,12,181187
32367,0.011163,172.31.36.0-255,66,129475,12,181187
32368,0.013513,74.125.24.0-255,5738,135213,12,181187
32369,0.013524,172.31.36.0-255,66,135279,12,181187
32370,0.015867,74.125.24.0-255,5738,141017,12,181187
32371,0.015876,172.31.36.0-255,66,141083,12,181187
32372,0.018231,74.125.24.0-255,5738,146821,12,181187
32373,0.018239,172.31.36.0-255,66,146887,12,181187
32374,0.020586,74.125.24.0-255,5738,152625,12,181187
32375,0.020595,172.31.36.0-255,66,152691,12,181187
32376,0.022923,74.125.24.0-255,5738,158429,12,181187
32377,0.022931,172.31.36.0-255,66,158495,12,181187
32378,0.025225,172.31.36.0-255,172,158667,12,181187
32379,0.025278,74.125.24.0-255,5738,164405,12,181187
32380,0.025284,172.31.36.0-255,66,164471,12,181187
32381,0.025323,172.31.36.0-255,1108,165579,12,181187
32382,0.025415,172.31.36.0-255,1514,167093,12,181187
32383,0.025417,172.31.36.0-255,1514,168607,12,181187
32384,0.025418,172.31.36.0-255,708,169315,12,181187
32385,0.026793,104.244.42.0-255,66,169381,12,181187
32386,0.026881,104.244.42.0-255,66,169447,12,181187
32387,0.026986,104.244.42.0-255,66,169513,12,181187
32388,0.026989,104.244.42.0-255,66,169579,12,181187
32389,0.027624,74.125.24.0-255,5738,175317,12,181187
32390,0.027648,172.31.36.0-255,66,175383,12,181187
32391,0.029956,74.125.24.0-255,5738,181121,12,181187
32392,0.029962,172.31.36.0-255,66,181187,12,181187
32393,0.0,74.125.68.0-255,152,152,12,109030
32394,4.6e-05,172.31.36.0-255,66,218,12,109030
32395,5.5e-05,74.125.68.0-255,1484,1702,12,109030
32396,5.9e-05,172.31.36.0-255,66,1768,12,109030
32397,7.2e-05,74.125.68.0-255,2902,4670,12,109030
32398,7.4e-05,172.31.36.0-255,66,4736,12,109030
32399,0.000102,74.125.68.0-255,1484,6220,12,109030
32400,0.000104,172.31.36.0-255,66,6286,12,109030
32401,0.00014,74.125.68.0-255,5738,12024,12,109030
32402,0.000143,172.31.36.0-255,66,12090,12,109030
32403,0.000315,74.125.68.0-255,1975,14065,12,109030
32404,0.00032,172.31.36.0-255,66,14131,12,109030
32405,0.000358,74.125.68.0-255,1484,15615,12,109030
32406,0.000362,172.31.36.0-255,66,15681,12,109030
32407,0.000402,172.31.36.0-255,66,15747,12,109030
32408,0.0007,74.125.68.0-255,5379,21126,12,109030
32409,0.000704,172.31.36.0-255,66,21192,12,109030
32410,0.000868,172.31.36.0-255,66,21258,12,109030
32411,0.000911,172.31.36.0-255,66,21324,12,109030
32412,0.001515,172.31.36.0-255,66,21390,12,109030
32413,0.001547,74.125.68.0-255,3165,24555,12,109030
32414,0.00155,172.31.36.0-255,66,24621,12,109030
32415,0.001832,74.125.68.0-255,1484,26105,12,109030
32416,0.001836,172.31.36.0-255,66,26171,12,109030
32417,0.001873,172.31.36.0-255,66,26237,12,109030
32418,0.001908,172.31.36.0-255,66,26303,12,109030
32419,0.002713,74.125.68.0-255,4320,30623,12,109030
32420,0.002717,172.31.36.0-255,66,30689,12,109030
32421,0.002778,172.31.36.0-255,66,30755,12,109030
32422,0.003282,74.125.68.0-255,7156,37911,12,109030
32423,0.003286,172.31.36.0-255,66,37977,12,109030
32424,0.003343,74.125.68.0-255,4320,42297,12,109030
32425,0.003347,172.31.36.0-255,66,42363,12,109030
32426,0.003351,172.31.36.0-255,66,42429,12,109030
32427,0.005579,74.125.68.0-255,4320,46749,12,109030
32428,0.00559,172.31.36.0-255,66,46815,12,109030
32429,0.005622,74.125.68.0-255,1484,48299,12,109030
32430,0.00785,74.125.68.0-255,4320,52619,12,109030
32431,0.007868,172.31.36.0-255,66,52685,12,109030
32432,0.010125,74.125.68.0-255,5738,58423,12,109030
32433,0.010216,172.31.36.0-255,66,58489,12,109030
32434,0.0125,74.125.68.0-255,5738,64227,12,109030
32435,0.012516,172.31.36.0-255,66,64293,12,109030
32436,0.014777,74.125.68.0-255,5738,70031,12,109030
32437,0.014792,172.31.36.0-255,66,70097,12,109030
32438,0.017045,74.125.68.0-255,5738,75835,12,109030
32439,0.017057,172.31.36.0-255,66,75901,12,109030
32440,0.019327,74.125.68.0-255,5738,81639,12,109030
32441,0.01934,172.31.36.0-255,66,81705,12,109030
32442,0.021588,74.125.68.0-255,5738,87443,12,109030
32443,0.021602,172.31.36.0-255,66,87509,12,109030
32444,0.023862,74.125.68.0-255,5738,93247,12,109030
32445,0.023879,172.31.36.0-255,66,93313,12,109030
32446,0.026141,74.125.68.0-255,5738,99051,12,109030
32447,0.026157,172.31.36.0-255,66,99117,12,109030
32448,0.028404,74.125.68.0-255,5738,104855,12,109030
32449,0.028415,172.31.36.0-255,66,104921,12,109030
32450,0.029094,172.31.36.0-255,188,105109,12,109030
32451,0.029142,172.31.36.0-255,952,106061,12,109030
32452,0.029222,172.31.36.0-255,1514,107575,12,109030
32453,0.029224,172.31.36.0-255,1455,109030,12,109030
32454,0.0,74.125.24.0-255,150,150,12,179729
32455,2.9e-05,172.31.36.0-255,66,216,12,179729
32456,3.6e-05,74.125.24.0-255,1484,1700,12,179729
32457,4e-05,172.31.36.0-255,66,1766,12,179729
32458,4.5e-05,74.125.24.0-255,2902,4668,12,179729
32459,4.7e-05,172.31.36.0-255,66,4734,12,179729
32460,5.4e-05,74.125.24.0-255,4320,9054,12,179729
32461,5.6e-05,172.31.36.0-255,66,9120,12,179729
32462,9.6e-05,74.125.24.0-255,2902,12022,12,179729
32463,9.9e-05,172.31.36.0-255,66,12088,12,179729
32464,0.000113,74.125.24.0-255,2024,14112,12,179729
32465,0.000115,172.31.36.0-255,66,14178,12,179729
32466,0.000146,74.125.24.0-255,5738,19916,12,179729
32467,0.000149,172.31.36.0-255,66,19982,12,179729
32468,0.000201,74.125.24.0-255,4320,24302,12,179729
32469,0.000205,172.31.36.0-255,66,24368,12,179729
32470,0.00022,74.125.24.0-255,4320,28688,12,179729
32471,0.000222,172.31.36.0-255,66,28754,12,179729
32472,0.000289,74.125.24.0-255,2543,31297,12,179729
32473,0.000294,172.31.36.0-255,66,31363,12,179729
32474,0.000619,74.125.24.0-255,1484,32847,12,179729
32475,0.000624,172.31.36.0-255,66,32913,12,179729
32476,0.000634,74.125.24.0-255,2902,35815,12,179729
32477,0.000636,172.31.36.0-255,66,35881,12,179729
32478,0.000641,74.125.24.0-255,2902,38783,12,179729
32479,0.000643,172.31.36.0-255,66,38849,12,179729
32480,0.000678,74.125.24.0-255,4320,43169,12,179729
32481,0.000682,172.31.36.0-255,66,43235,12,179729
32482,0.00072,74.125.24.0-255,5738,48973,12,179729
32483,0.000724,172.31.36.0-255,66,49039,12,179729
32484,0.000746,74.125.24.0-255,3961,53000,12,179729
32485,0.000749,172.31.36.0-255,66,53066,12,179729
32486,0.000846,172.31.36.0-255,66,53132,12,179729
32487,0.001179,74.125.24.0-255,648,53780,12,179729
32488,0.00121,172.31.36.0-255,66,53846,12,179729
32489,0.001332,74.125.24.0-255,1484,55330,12,179729
32490,0.001338,74.125.24.0-255,1484,56814,12,179729
32491,0.00134,172.31.36.0-255,66,56880,12,179729
32492,0.001359,74.125.24.0-255,1484,58364,12,179729
32493,0.001364,74.125.24.0-255,2902,61266,12,179729
32494,0.001365,172.31.36.0-255,66,61332,12,179729
32495,0.001384,74.125.24.0-255,2902,64234,12,179729
32496,0.001386,172.31.36.0-255,66,64300,12,179729
32497,0.001422,74.125.24.0-255,5738,70038,12,179729
32498,0.001425,172.31.36.0-255,66,70104,12,179729
32499,0.001448,74.125.24.0-255,7156,77260,12,179729
32500,0.001451,172.31.36.0-255,66,77326,12,179729
32501,0.001556,74.125.24.0-255,7156,84482,12,179729
32502,0.00156,172.31.36.0-255,66,84548,12,179729
32503,0.001576,74.125.24.0-255,3602,88150,12,179729
32504,0.001579,172.31.36.0-255,66,88216,12,179729
32505,0.001695,74.125.24.0-255,1484,89700,12,179729
32506,0.0017,74.125.24.0-255,2902,92602,12,179729
32507,0.001702,172.31.36.0-255,66,92668,12,179729
32508,0.001722,74.125.24.0-255,5738,98406,12,179729
32509,0.001724,172.31.36.0-255,66,98472,12,179729
32510,0.001795,74.125.24.0-255,4320,102792,12,179729
32511,0.001799,172.31.36.0-255,66,102858,12,179729
32512,0.001829,172.31.36.0-255,66,102924,12,179729
32513,0.001915,74.125.24.0-255,5738,108662,12,179729
32514,0.00192,172.31.36.0-255,66,108728,12,179729
32515,0.001973,74.125.24.0-255,5020,113748,12,179729
32516,0.001976,172.31.36.0-255,66,113814,12,179729
32517,0.004341,74.125.24.0-255,5738,119552,12,179729
32518,0.004346,172.31.36.0-255,66,119618,12,179729
32519,0.006706,74.125.24.0-255,5738,125356,12,179729
32520,0.006712,172.31.36.0-255,66,125422,12,179729
32521,0.009045,74.125.24.0-255,5738,131160,12,179729
32522,0.009054,172.31.36.0-255,66,131226,12,179729
32523,0.011605,74.125.24.0-255,5738,136964,12,179729
32524,0.011657,172.31.36.0-255,66,137030,12,179729
32525,0.013998,74.125.24.0-255,5738,142768,12,179729
32526,0.014005,172.31.36.0-255,66,142834,12,179729
32527,0.016369,74.125.24.0-255,5738,148572,12,179729
32528,0.016377,172.31.36.0-255,66,148638,12,179729
32529,0.018746,74.125.24.0-255,5738,154376,12,179729
32530,0.018756,172.31.36.0-255,66,154442,12,179729
32531,0.021111,74.125.24.0-255,5738,160180,12,179729
32532,0.021118,172.31.36.0-255,66,160246,12,179729
32533,0.023477,74.125.24.0-255,5738,165984,12,179729
32534,0.023486,172.31.36.0-255,66,166050,12,179729
32535,0.025836,74.125.24.0-255,5738,171788,12,179729
32536,0.025844,172.31.36.0-255,66,171854,12,179729
32537,0.027559,172.31.36.0-255,188,172042,12,179729
32538,0.027604,172.31.36.0-255,952,172994,12,179729
32539,0.027686,172.31.36.0-255,733,173727,12,179729
32540,0.028187,74.125.24.0-255,5738,179465,12,179729
32541,0.028193,172.31.36.0-255,66,179531,12,179729
32542,0.029178,104.244.42.0-255,66,179597,12,179729
32543,0.029185,104.244.42.0-255,66,179663,12,179729
32544,0.029262,104.244.42.0-255,66,179729,12,179729
32545,0.0,216.58.221.0-255,288,288,12,182264
32546,3.3e-05,172.31.36.0-255,66,354,12,182264
32547,3.8e-05,216.58.221.0-255,1484,1838,12,182264
32548,4.3e-05,172.31.36.0-255,66,1904,12,182264
32549,5e-05,216.58.221.0-255,4320,6224,12,182264
32550,6e-05,172.31.36.0-255,66,6290,12,182264
32551,7.3e-05,172.31.36.0-255,66,6356,12,182264
32552,7.8e-05,216.58.221.0-255,2902,9258,12,182264
32553,8.1e-05,172.31.36.0-255,66,9324,12,182264
32554,0.000104,216.58.221.0-255,7156,16480,12,182264
32555,0.000107,172.31.36.0-255,66,16546,12,182264
32556,0.000113,216.58.221.0-255,4320,20866,12,182264
32557,0.000115,172.31.36.0-255,66,20932,12,182264
32558,0.000142,216.58.221.0-255,1125,22057,12,182264
32559,0.000145,172.31.36.0-255,66,22123,12,182264
32560,0.000171,216.58.221.0-255,1484,23607,12,182264
32561,0.000174,172.31.36.0-255,66,23673,12,182264
32562,0.000179,216.58.221.0-255,2902,26575,12,182264
32563,0.000181,172.31.36.0-255,66,26641,12,182264
32564,0.000187,216.58.221.0-255,2902,29543,12,182264
32565,0.00019,172.31.36.0-255,66,29609,12,182264
32566,0.000214,216.58.221.0-255,2902,32511,12,182264
32567,0.000218,172.31.36.0-255,66,32577,12,182264
32568,0.000225,216.58.221.0-255,5738,38315,12,182264
32569,0.000228,172.31.36.0-255,66,38381,12,182264
32570,0.000234,216.58.221.0-255,7156,45537,12,182264
32571,0.000237,172.31.36.0-255,66,45603,12,182264
32572,0.000284,216.58.221.0-255,7156,52759,12,182264
32573,0.000287,172.31.36.0-255,66,52825,12,182264
32574,0.000313,216.58.221.0-255,3928,56753,12,182264
32575,0.000317,172.31.36.0-255,66,56819,12,182264
32576,0.000988,216.58.221.0-255,115,56934,12,182264
32577,0.001185,216.58.221.0-255,1484,58418,12,182264
32578,0.001192,172.31.36.0-255,66,58484,12,182264
32579,0.001199,216.58.221.0-255,2902,61386,12,182264
32580,0.001201,172.31.36.0-255,66,61452,12,182264
32581,0.001214,216.58.221.0-255,5738,67190,12,182264
32582,0.001216,172.31.36.0-255,66,67256,12,182264
32583,0.001223,216.58.221.0-255,7156,74412,12,182264
32584,0.001226,172.31.36.0-255,66,74478,12,182264
32585,0.001262,172.31.36.0-255,66,74544,12,182264
32586,0.001295,216.58.221.0-255,2184,76728,12,182264
32587,0.001298,172.31.36.0-255,66,76794,12,182264
32588,0.001838,216.58.221.0-255,1484,78278,12,182264
32589,0.001846,216.58.221.0-255,2902,81180,12,182264
32590,0.00185,172.31.36.0-255,66,81246,12,182264
32591,0.001857,216.58.221.0-255,5738,86984,12,182264
32592,0.001859,172.31.36.0-255,66,87050,12,182264
32593,0.00187,216.58.221.0-255,4320,91370,12,182264
32594,0.001872,172.31.36.0-255,66,91436,12,182264
32595,0.001906,216.58.221.0-255,5738,97174,12,182264
32596,0.001908,172.31.36.0-255,66,97240,12,182264
32597,0.001921,172.31.36.0-255,66,97306,12,182264
32598,0.001974,216.58.221.0-255,2184,99490,12,182264
32599,0.001977,172.31.36.0-255,66,99556,12,182264
32600,0.003835,216.58.221.0-255,2902,102458,12,182264
32601,0.003838,172.31.36.0-255,66,102524,12,182264
32602,0.003893,216.58.221.0-255,2902,105426,12,182264
32603,0.003897,172.31.36.0-255,66,105492,12,182264
32604,0.005772,216.58.221.0-255,2902,108394,12,182264
32605,0.005778,172.31.36.0-255,66,108460,12,182264
32606,0.005818,216.58.221.0-255,2902,111362,12,182264
32607,0.005821,172.31.36.0-255,66,111428,12,182264
32608,0.007695,216.58.221.0-255,2902,114330,12,182264
32609,0.007699,172.31.36.0-255,66,114396,12,182264
32610,0.007736,216.58.221.0-255,2902,117298,12,182264
32611,0.007739,172.31.36.0-255,66,117364,12,182264
32612,0.009617,216.58.221.0-255,2902,120266,12,182264
32613,0.009623,172.31.36.0-255,66,120332,12,182264
32614,0.009651,216.58.221.0-255,2902,123234,12,182264
32615,0.009655,172.31.36.0-255,66,123300,12,182264
32616,0.011548,216.58.221.0-255,2902,126202,12,182264
32617,0.011555,172.31.36.0-255,66,126268,12,182264
32618,0.011583,216.58.221.0-255,2902,129170,12,182264
32619,0.011586,172.31.36.0-255,66,129236,12,182264
32620,0.013481,216.58.221.0-255,2902,132138,12,182264
32621,0.013488,172.31.36.0-255,66,132204,12,182264
32622,0.013517,216.58.221.0-255,2902,135106,12,182264
32623,0.013521,172.31.36.0-255,66,135172,12,182264
32624,0.015416,216.58.221.0-255,2902,138074,12,182264
32625,0.015424,172.31.36.0-255,66,138140,12,182264
32626,0.015454,216.58.221.0-255,2902,141042,12,182264
32627,0.015458,172.31.36.0-255,66,141108,12,182264
32628,0.017358,216.58.221.0-255,2902,144010,12,182264
32629,0.017366,172.31.36.0-255,66,144076,12,182264
32630,0.01741,216.58.221.0-255,2902,146978,12,182264
32631,0.017414,172.31.36.0-255,66,147044,12,182264
32632,0.019289,216.58.221.0-255,2902,149946,12,182264
32633,0.019297,172.31.36.0-255,66,150012,12,182264
32634,0.019336,216.58.221.0-255,2902,152914,12,182264
32635,0.01934,172.31.36.0-255,66,152980,12,182264
32636,0.02122,216.58.221.0-255,2902,155882,12,182264
32637,0.021227,172.31.36.0-255,66,155948,12,182264
32638,0.021264,216.58.221.0-255,2902,158850,12,182264
32639,0.021267,172.31.36.0-255,66,158916,12,182264
32640,0.023146,216.58.221.0-255,2902,161818,12,182264
32641,0.023151,172.31.36.0-255,66,161884,12,182264
32642,0.023183,216.58.221.0-255,2902,164786,12,182264
32643,0.023186,172.31.36.0-255,66,164852,12,182264
32644,0.025089,216.58.221.0-255,5738,170590,12,182264
32645,0.025096,172.31.36.0-255,66,170656,12,182264
32646,0.027024,216.58.221.0-255,5738,176394,12,182264
32647,0.02703,172.31.36.0-255,66,176460,12,182264
32648,0.028954,216.58.221.0-255,5738,182198,12,182264
32649,0.028961,172.31.36.0-255,66,182264,12,182264
32650,0.0,74.125.130.0-255,160,160,12,233681
32651,2.5e-05,172.31.36.0-255,66,226,12,233681
32652,3.2e-05,74.125.130.0-255,1484,1710,12,233681
32653,3.7e-05,172.31.36.0-255,66,1776,12,233681
32654,4.2e-05,74.125.130.0-255,2902,4678,12,233681
32655,4.5e-05,172.31.36.0-255,66,4744,12,233681
32656,6.2e-05,74.125.130.0-255,7156,11900,12,233681
32657,6.5e-05,172.31.36.0-255,66,11966,12,233681
32658,7.9e-05,74.125.130.0-255,2103,14069,12,233681
32659,8.2e-05,172.31.36.0-255,66,14135,12,233681
32660,0.00015,74.125.130.0-255,1484,15619,12,233681
32661,0.000154,172.31.36.0-255,66,15685,12,233681
32662,0.000161,74.125.130.0-255,2902,18587,12,233681
32663,0.000163,172.31.36.0-255,66,18653,12,233681
32664,0.000196,74.125.130.0-255,5738,24391,12,233681
32665,0.0002,172.31.36.0-255,66,24457,12,233681
32666,0.000205,74.125.130.0-255,4320,28777,12,233681
32667,0.000208,172.31.36.0-255,66,28843,12,233681
32668,0.000225,74.125.130.0-255,1484,30327,12,233681
32669,0.000228,172.31.36.0-255,66,30393,12,233681
32670,0.000278,172.31.36.0-255,66,30459,12,233681
32671,0.000286,74.125.130.0-255,6797,37256,12,233681
32672,0.000289,172.31.36.0-255,66,37322,12,233681
32673,0.000455,74.125.130.0-255,1484,38806,12,233681
32674,0.000459,172.31.36.0-255,66,38872,12,233681
32675,0.000464,74.125.130.0-255,2902,41774,12,233681
32676,0.000467,172.31.36.0-255,66,41840,12,233681
32677,0.000488,74.125.130.0-255,5738,47578,12,233681
32678,0.000496,172.31.36.0-255,66,47644,12,233681
32679,0.000544,172.31.36.0-255,66,47710,12,233681
32680,0.000622,74.125.130.0-255,1484,49194,12,233681
32681,0.000635,74.125.130.0-255,1484,50678,12,233681
32682,0.000638,172.31.36.0-255,66,50744,12,233681
32683,0.000665,74.125.130.0-255,1484,52228,12,233681
32684,0.000672,74.125.130.0-255,5738,57966,12,233681
32685,0.000675,172.31.36.0-255,66,58032,12,233681
32686,0.000682,74.125.130.0-255,6797,64829,12,233681
32687,0.000685,172.31.36.0-255,66,64895,12,233681
32688,0.000698,74.125.130.0-255,7156,72051,12,233681
32689,0.000701,172.31.36.0-255,66,72117,12,233681
32690,0.000749,74.125.130.0-255,7156,79273,12,233681
32691,0.000752,172.31.36.0-255,66,79339,12,233681
32692,0.00078,74.125.130.0-255,2543,81882,12,233681
32693,0.000783,172.31.36.0-255,66,81948,12,233681
32694,0.00111,74.125.130.0-255,1484,83432,12,233681
32695,0.001119,74.125.130.0-255,2902,86334,12,233681
32696,0.001123,172.31.36.0-255,66,86400,12,233681
32697,0.001129,74.125.130.0-255,2902,89302,12,233681
32698,0.001133,172.31.36.0-255,66,89368,12,233681
32699,0.001153,74.125.130.0-255,2902,92270,12,233681
32700,0.001155,172.31.36.0-255,66,92336,12,233681
32701,0.001167,172.31.36.0-255,66,92402,12,233681
32702,0.001201,74.125.130.0-255,2902,95304,12,233681
32703,0.001204,172.31.36.0-255,66,95370,12,233681
32704,0.001211,74.125.130.0-255,7156,102526,12,233681
32705,0.001214,172.31.36.0-255,66,102592,12,233681
32706,0.001225,74.125.130.0-255,3602,106194,12,233681
32707,0.001228,172.31.36.0-255,66,106260,12,233681
32708,0.001299,74.125.130.0-255,1484,107744,12,233681
32709,0.001304,74.125.130.0-255,1484,109228,12,233681
32710,0.001307,172.31.36.0-255,66,109294,12,233681
32711,0.001337,74.125.130.0-255,1484,110778,12,233681
32712,0.001343,74.125.130.0-255,4320,115098,12,233681
32713,0.001345,172.31.36.0-255,66,115164,12,233681
32714,0.001356,172.31.36.0-255,66,115230,12,233681
32715,0.001388,74.125.130.0-255,5738,120968,12,233681
32716,0.001391,172.31.36.0-255,66,121034,12,233681
32717,0.001424,74.125.130.0-255,5738,126772,12,233681
32718,0.001427,172.31.36.0-255,66,126838,12,233681
32719,0.001433,74.125.130.0-255,5020,131858,12,233681
32720,0.001435,172.31.36.0-255,66,131924,12,233681
32721,0.001706,74.125.130.0-255,1484,133408,12,233681
32722,0.001714,74.125.130.0-255,2902,136310,12,233681
32723,0.001718,172.31.36.0-255,66,136376,12,233681
32724,0.001723,74.125.130.0-255,2902,139278,12,233681
32725,0.001725,172.31.36.0-255,66,139344,12,233681
32726,0.001763,74.125.130.0-255,2902,142246,12,233681
32727,0.001766,172.31.36.0-255,66,142312,12,233681
32728,0.001771,74.125.130.0-255,4320,146632,12,233681
32729,0.001773,172.31.36.0-255,66,146698,12,233681
32730,0.001779,74.125.130.0-255,5738,152436,12,233681
32731,0.001782,172.31.36.0-255,66,152502,12,233681
32732,0.0018,172.31.36.0-255,66,152568,12,233681
32733,0.001804,74.125.130.0-255,2184,154752,12,233681
32734,0.001807,172.31.36.0-255,66,154818,12,233681
32735,0.004026,74.125.130.0-255,5738,160556,12,233681
32736,0.004034,172.31.36.0-255,66,160622,12,233681
32737,0.006261,74.125.130.0-255,5738,166360,12,233681
32738,0.006266,172.31.36.0-255,66,166426,12,233681
32739,0.008505,74.125.130.0-255,5738,172164,12,233681
32740,0.008512,172.31.36.0-255,66,172230,12,233681
32741,0.010754,74.125.130.0-255,5738,177968,12,233681
32742,0.010762,172.31.36.0-255,66,178034,12,233681
32743,0.012995,74.125.130.0-255,5738,183772,12,233681
32744,0.013002,172.31.36.0-255,66,183838,12,233681
32745,0.015228,74.125.130.0-255,5738,189576,12,233681
32746,0.015235,172.31.36.0-255,66,189642,12,233681
32747,0.017511,74.125.130.0-255,5738,195380,12,233681
32748,0.01752,172.31.36.0-255,66,195446,12,233681
32749,0.019746,74.125.130.0-255,5738,201184,12,233681
32750,0.019753,172.31.36.0-255,66,201250,12,233681
32751,0.021995,74.125.130.0-255,5738,206988,12,233681
32752,0.022003,172.31.36.0-255,66,207054,12,233681
32753,0.023376,172.31.36.0-255,164,207218,12,233681
32754,0.023437,172.31.36.0-255,1117,208335,12,233681
32755,0.023515,172.31.36.0-255,1514,209849,12,233681
32756,0.023518,172.31.36.0-255,1514,211363,12,233681
32757,0.023519,172.31.36.0-255,1514,212877,12,233681
32758,0.023527,172.31.36.0-255,1514,214391,12,233681
32759,0.023567,172.31.36.0-255,1506,215897,12,233681
32760,0.024226,74.125.130.0-255,5738,221635,12,233681
32761,0.024232,172.31.36.0-255,66,221701,12,233681
32762,0.024914,104.244.42.0-255,66,221767,12,233681
32763,0.025027,104.244.42.0-255,66,221833,12,233681
32764,0.025153,104.244.42.0-255,66,221899,12,233681
32765,0.025679,104.244.42.0-255,108,222007,12,233681
32766,0.025699,172.31.36.0-255,66,222073,12,233681
32767,0.026454,74.125.130.0-255,5738,227811,12,233681
32768,0.026459,172.31.36.0-255,66,227877,12,233681
32769,0.028674,74.125.130.0-255,5738,233615,12,233681
32770,0.02868,172.31.36.0-255,66,233681,12,233681
32771,0.0,74.125.24.0-255,153,153,12,157896
32772,1.2e-05,172.31.36.0-255,66,219,12,157896
32773,1.7e-05,74.125.24.0-255,1484,1703,12,157896
32774,2.1e-05,172.31.36.0-255,66,1769,12,157896
32775,2.7e-05,74.125.24.0-255,2902,4671,12,157896
32776,3.5e-05,172.31.36.0-255,66,4737,12,157896
32777,4.2e-05,74.125.24.0-255,7156,11893,12,157896
32778,4.5e-05,172.31.36.0-255,66,11959,12,157896
32779,4.9e-05,74.125.24.0-255,2048,14007,12,157896
32780,5.2e-05,172.31.36.0-255,66,14073,12,157896
32781,8.8e-05,74.125.24.0-255,4320,18393,12,157896
32782,9.1e-05,172.31.36.0-255,66,18459,12,157896
32783,9.7e-05,74.125.24.0-255,4320,22779,12,157896
32784,0.0001,172.31.36.0-255,66,22845,12,157896
32785,0.000138,74.125.24.0-255,1484,24329,12,157896
32786,0.000141,172.31.36.0-255,66,24395,12,157896
32787,0.000149,74.125.24.0-255,6797,31192,12,157896
32788,0.000152,172.31.36.0-255,66,31258,12,157896
32789,0.000291,74.125.24.0-255,1484,32742,12,157896
32790,0.000295,172.31.36.0-255,66,32808,12,157896
32791,0.0003,74.125.24.0-255,2902,35710,12,157896
32792,0.000303,172.31.36.0-255,66,35776,12,157896
32793,0.000308,74.125.24.0-255,4320,40096,12,157896
32794,0.000316,172.31.36.0-255,66,40162,12,157896
32795,0.00034,74.125.24.0-255,1484,41646,12,157896
32796,0.000342,172.31.36.0-255,66,41712,12,157896
32797,0.000349,74.125.24.0-255,6797,48509,12,157896
32798,0.000351,172.31.36.0-255,66,48575,12,157896
32799,0.000397,74.125.24.0-255,7156,55731,12,157896
32800,0.000399,172.31.36.0-255,66,55797,12,157896
32801,0.000439,172.31.36.0-255,66,55863,12,157896
32802,0.000442,74.125.24.0-255,1458,57321,12,157896
32803,0.000502,74.125.24.0-255,110,57431,12,157896
32804,0.000505,172.31.36.0-255,66,57497,12,157896
32805,0.000529,74.125.24.0-255,332,57829,12,157896
32806,0.000773,74.125.24.0-255,1484,59313,12,157896
32807,0.000777,172.31.36.0-255,66,59379,12,157896
32808,0.000783,74.125.24.0-255,2902,62281,12,157896
32809,0.000785,172.31.36.0-255,66,62347,12,157896
32810,0.000791,74.125.24.0-255,5738,68085,12,157896
32811,0.000798,172.31.36.0-255,66,68151,12,157896
32812,0.000801,74.125.24.0-255,1484,69635,12,157896
32813,0.00083,172.31.36.0-255,66,69701,12,157896
32814,0.000892,172.31.36.0-255,66,69767,12,157896
32815,0.00092,74.125.24.0-255,766,70533,12,157896
32816,0.00109,74.125.24.0-255,1484,72017,12,157896
32817,0.001094,172.31.36.0-255,66,72083,12,157896
32818,0.001099,74.125.24.0-255,2902,74985,12,157896
32819,0.001101,172.31.36.0-255,66,75051,12,157896
32820,0.001138,74.125.24.0-255,5738,80789,12,157896
32821,0.001141,172.31.36.0-255,66,80855,12,157896
32822,0.001152,172.31.36.0-255,66,80921,12,157896
32823,0.001181,74.125.24.0-255,2902,83823,12,157896
32824,0.001184,172.31.36.0-255,66,83889,12,157896
32825,0.001197,172.31.36.0-255,66,83955,12,157896
32826,0.003519,74.125.24.0-255,5738,89693,12,157896
32827,0.003526,172.31.36.0-255,66,89759,12,157896
32828,0.005846,74.125.24.0-255,5738,95497,12,157896
32829,0.00585,172.31.36.0-255,66,95563,12,157896
32830,0.008186,74.125.24.0-255,5738,101301,12,157896
32831,0.008194,172.31.36.0-255,66,101367,12,157896
32832,0.010546,74.125.24.0-255,5738,107105,12,157896
32833,0.010553,172.31.36.0-255,66,107171,12,157896
32834,0.012879,74.125.24.0-255,5738,112909,12,157896
32835,0.012887,172.31.36.0-255,66,112975,12,157896
32836,0.015226,74.125.24.0-255,5738,118713,12,157896
32837,0.015234,172.31.36.0-255,66,118779,12,157896
32838,0.017611,74.125.24.0-255,5738,124517,12,157896
32839,0.017621,172.31.36.0-255,66,124583,12,157896
32840,0.019984,74.125.24.0-255,5738,130321,12,157896
32841,0.019991,172.31.36.0-255,66,130387,12,157896
32842,0.022327,74.125.24.0-255,5738,136125,12,157896
32843,0.022335,172.31.36.0-255,66,136191,12,157896
32844,0.024654,74.125.24.0-255,5738,141929,12,157896
32845,0.024662,172.31.36.0-255,66,141995,12,157896
32846,0.02679,172.31.36.0-255,172,142167,12,157896
32847,0.026823,172.31.36.0-255,1106,143273,12,157896
32848,0.026885,172.31.36.0-255,1514,144787,12,157896
32849,0.026887,172.31.36.0-255,1303,146090,12,157896
32850,0.026991,74.125.24.0-255,5738,151828,12,157896
32851,0.026997,172.31.36.0-255,66,151894,12,157896
32852,0.028291,104.244.42.0-255,66,151960,12,157896
32853,0.02832,104.244.42.0-255,66,152026,12,157896
32854,0.028405,104.244.42.0-255,66,152092,12,157896
32855,0.029314,74.125.24.0-255,5738,157830,12,157896
32856,0.029319,172.31.36.0-255,66,157896,12,157896
32857,0.0,74.125.68.0-255,162,162,12,223672
32858,2.3e-05,172.31.36.0-255,66,228,12,223672
32859,3e-05,74.125.68.0-255,1484,1712,12,223672
32860,3.5e-05,172.31.36.0-255,66,1778,12,223672
32861,4.2e-05,74.125.68.0-255,2902,4680,12,223672
32862,4.5e-05,172.31.36.0-255,66,4746,12,223672
32863,5e-05,74.125.68.0-255,2902,7648,12,223672
32864,5.3e-05,172.31.36.0-255,66,7714,12,223672
32865,5.9e-05,74.125.68.0-255,4320,12034,12,223672
32866,6.2e-05,172.31.36.0-255,66,12100,12,223672
32867,8.2e-05,74.125.68.0-255,2012,14112,12,223672
32868,8.4e-05,172.31.36.0-255,66,14178,12,223672
32869,0.0002,74.125.68.0-255,1484,15662,12,223672
32870,0.000203,172.31.36.0-255,66,15728,12,223672
32871,0.000209,74.125.68.0-255,2902,18630,12,223672
32872,0.000212,172.31.36.0-255,66,18696,12,223672
32873,0.000227,74.125.68.0-255,2902,21598,12,223672
32874,0.000229,172.31.36.0-255,66,21664,12,223672
32875,0.000252,74.125.68.0-255,2902,24566,12,223672
32876,0.000255,172.31.36.0-255,66,24632,12,223672
32877,0.000259,74.125.68.0-255,2902,27534,12,223672
32878,0.000262,172.31.36.0-255,66,27600,12,223672
32879,0.000268,74.125.68.0-255,3961,31561,12,223672
32880,0.00027,172.31.36.0-255,66,31627,12,223672
32881,0.00032,172.31.36.0-255,66,31693,12,223672
32882,0.000331,172.31.36.0-255,66,31759,12,223672
32883,0.000357,74.125.68.0-255,1484,33243,12,223672
32884,0.000359,172.31.36.0-255,66,33309,12,223672
32885,0.000371,172.31.36.0-255,66,33375,12,223672
32886,0.000398,74.125.68.0-255,5738,39113,12,223672
32887,0.000401,172.31.36.0-255,66,39179,12,223672
32888,0.000418,74.125.68.0-255,766,39945,12,223672
32889,0.000423,74.125.68.0-255,398,40343,12,223672
32890,0.000905,74.125.68.0-255,109,40452,12,223672
32891,0.000949,74.125.68.0-255,1484,41936,12,223672
32892,0.000954,172.31.36.0-255,66,42002,12,223672
32893,0.000958,74.125.68.0-255,1484,43486,12,223672
32894,0.000976,74.125.68.0-255,2902,46388,12,223672
32895,0.000979,172.31.36.0-255,66,46454,12,223672
32896,0.000999,74.125.68.0-255,5738,52192,12,223672
32897,0.001001,172.31.36.0-255,66,52258,12,223672
32898,0.00102,74.125.68.0-255,2902,55160,12,223672
32899,0.001023,172.31.36.0-255,66,55226,12,223672
32900,0.001048,74.125.68.0-255,5738,60964,12,223672
32901,0.001051,172.31.36.0-255,66,61030,12,223672
32902,0.001055,74.125.68.0-255,2902,63932,12,223672
32903,0.001057,172.31.36.0-255,66,63998,12,223672
32904,0.001078,74.125.68.0-255,7156,71154,12,223672
32905,0.00108,172.31.36.0-255,66,71220,12,223672
32906,0.001104,74.125.68.0-255,1484,72704,12,223672
32907,0.001118,74.125.68.0-255,2184,74888,12,223672
32908,0.001121,172.31.36.0-255,66,74954,12,223672
32909,0.001227,74.125.68.0-255,1484,76438,12,223672
32910,0.001232,74.125.68.0-255,1484,77922,12,223672
32911,0.001234,172.31.36.0-255,66,77988,12,223672
32912,0.001254,74.125.68.0-255,1484,79472,12,223672
32913,0.001267,74.125.68.0-255,2902,82374,12,223672
32914,0.00127,172.31.36.0-255,66,82440,12,223672
32915,0.001284,74.125.68.0-255,2902,85342,12,223672
32916,0.001286,172.31.36.0-255,66,85408,12,223672
32917,0.001339,74.125.68.0-255,4320,89728,12,223672
32918,0.001345,172.31.36.0-255,66,89794,12,223672
32919,0.00136,74.125.68.0-255,2902,92696,12,223672
32920,0.001363,172.31.36.0-255,66,92762,12,223672
32921,0.001367,74.125.68.0-255,2902,95664,12,223672
32922,0.001369,172.31.36.0-255,66,95730,12,223672
32923,0.001375,74.125.68.0-255,4320,100050,12,223672
32924,0.001377,172.31.36.0-255,66,100116,12,223672
32925,0.001388,172.31.36.0-255,66,100182,12,223672
32926,0.001411,74.125.68.0-255,766,100948,12,223672
32927,0.001469,74.125.68.0-255,1484,102432,12,223672
32928,0.001473,172.31.36.0-255,66,102498,12,223672
32929,0.001487,74.125.68.0-255,2902,105400,12,223672
32930,0.001491,172.31.36.0-255,66,105466,12,223672
32931,0.001516,74.125.68.0-255,5738,111204,12,223672
32932,0.001519,172.31.36.0-255,66,111270,12,223672
32933,0.001531,74.125.68.0-255,1484,112754,12,223672
32934,0.001553,74.125.68.0-255,2902,115656,12,223672
32935,0.001556,172.31.36.0-255,66,115722,12,223672
32936,0.001577,74.125.68.0-255,5738,121460,12,223672
32937,0.00158,172.31.36.0-255,66,121526,12,223672
32938,0.001583,74.125.68.0-255,1484,123010,12,223672
32939,0.001602,74.125.68.0-255,2902,125912,12,223672
32940,0.001605,172.31.36.0-255,66,125978,12,223672
32941,0.001611,74.125.68.0-255,5738,131716,12,223672
32942,0.001614,172.31.36.0-255,66,131782,12,223672
32943,0.001641,74.125.68.0-255,3602,135384,12,223672
32944,0.001644,172.31.36.0-255,66,135450,12,223672
32945,0.002105,74.125.68.0-255,1484,136934,12,223672
32946,0.002148,74.125.68.0-255,1484,138418,12,223672
32947,0.002152,172.31.36.0-255,66,138484,12,223672
32948,0.002167,74.125.68.0-255,2902,141386,12,223672
32949,0.00217,172.31.36.0-255,66,141452,12,223672
32950,0.002197,74.125.68.0-255,5738,147190,12,223672
32951,0.002199,172.31.36.0-255,66,147256,12,223672
32952,0.002205,74.125.68.0-255,4320,151576,12,223672
32953,0.002207,172.31.36.0-255,66,151642,12,223672
32954,0.00222,74.125.68.0-255,2902,154544,12,223672
32955,0.002222,172.31.36.0-255,66,154610,12,223672
32956,0.002248,172.31.36.0-255,66,154676,12,223672
32957,0.002268,74.125.68.0-255,1484,156160,12,223672
32958,0.002288,74.125.68.0-255,3602,159762,12,223672
32959,0.002291,172.31.36.0-255,66,159828,12,223672
32960,0.004603,74.125.68.0-255,5738,165566,12,223672
32961,0.00461,172.31.36.0-255,66,165632,12,223672
32962,0.006948,74.125.68.0-255,5738,171370,12,223672
32963,0.006953,172.31.36.0-255,66,171436,12,223672
32964,0.009274,74.125.68.0-255,5738,177174,12,223672
32965,0.009282,172.31.36.0-255,66,177240,12,223672
32966,0.011599,74.125.68.0-255,5738,182978,12,223672
32967,0.011608,172.31.36.0-255,66,183044,12,223672
32968,0.01392,74.125.68.0-255,5738,188782,12,223672
32969,0.013928,172.31.36.0-255,66,188848,12,223672
32970,0.016243,74.125.68.0-255,5738,194586,12,223672
32971,0.016252,172.31.36.0-255,66,194652,12,223672
32972,0.018565,74.125.68.0-255,5738,200390,12,223672
32973,0.018575,172.31.36.0-255,66,200456,12,223672
32974,0.020895,74.125.68.0-255,5738,206194,12,223672
32975,0.020906,172.31.36.0-255,66,206260,12,223672
32976,0.023239,74.125.68.0-255,5738,211998,12,223672
32977,0.023247,172.31.36.0-255,66,212064,12,223672
32978,0.025575,74.125.68.0-255,5738,217802,12,223672
32979,0.025582,172.31.36.0-255,66,217868,12,223672
32980,0.027904,74.125.68.0-255,5738,223606,12,223672
32981,0.027913,172.31.36.0-255,66,223672,12,223672
32982,0.0,74.125.68.0-255,153,153,12,262444
32983,3.4e-05,172.31.36.0-255,66,219,12,262444
32984,4.1e-05,74.125.68.0-255,1484,1703,12,262444
32985,4.4e-05,172.31.36.0-255,66,1769,12,262444
32986,4.9e-05,74.125.68.0-255,2902,4671,12,262444
32987,5.2e-05,172.31.36.0-255,66,4737,12,262444
32988,7.9e-05,74.125.68.0-255,1484,6221,12,262444
32989,8.1e-05,172.31.36.0-255,66,6287,12,262444
32990,0.000104,74.125.68.0-255,2902,9189,12,262444
32991,0.000107,172.31.36.0-255,66,9255,12,262444
32992,0.000138,74.125.68.0-255,4822,14077,12,262444
32993,0.000142,172.31.36.0-255,66,14143,12,262444
32994,0.000145,74.125.68.0-255,1484,15627,12,262444
32995,0.000147,172.31.36.0-255,66,15693,12,262444
32996,0.00016,74.125.68.0-255,4320,20013,12,262444
32997,0.000163,172.31.36.0-255,66,20079,12,262444
32998,0.000202,74.125.68.0-255,5738,25817,12,262444
32999,0.000206,172.31.36.0-255,66,25883,12,262444
33000,0.000229,74.125.68.0-255,5379,31262,12,262444
33001,0.000232,172.31.36.0-255,66,31328,12,262444
33002,0.000278,74.125.68.0-255,1484,32812,12,262444
33003,0.000281,172.31.36.0-255,66,32878,12,262444
33004,0.000284,74.125.68.0-255,1484,34362,12,262444
33005,0.000286,172.31.36.0-255,66,34428,12,262444
33006,0.0003,74.125.68.0-255,1484,35912,12,262444
33007,0.000302,172.31.36.0-255,66,35978,12,262444
33008,0.000332,74.125.68.0-255,5738,41716,12,262444
33009,0.000335,172.31.36.0-255,66,41782,12,262444
33010,0.000338,74.125.68.0-255,1484,43266,12,262444
33011,0.000341,172.31.36.0-255,66,43332,12,262444
33012,0.000345,74.125.68.0-255,2902,46234,12,262444
33013,0.000347,172.31.36.0-255,66,46300,12,262444
33014,0.00037,74.125.68.0-255,6797,53097,12,262444
33015,0.000373,172.31.36.0-255,66,53163,12,262444
33016,0.000377,74.125.68.0-255,1484,54647,12,262444
33017,0.000401,74.125.68.0-255,2902,57549,12,262444
33018,0.000404,172.31.36.0-255,66,57615,12,262444
33019,0.00041,74.125.68.0-255,5738,63353,12,262444
33020,0.000412,172.31.36.0-255,66,63419,12,262444
33021,0.000426,74.125.68.0-255,2852,66271,12,262444
33022,0.000429,172.31.36.0-255,66,66337,12,262444
33023,0.000451,74.125.68.0-255,117,66454,12,262444
33024,0.000508,74.125.68.0-255,330,66784,12,262444
33025,0.000858,172.31.36.0-255,66,66850,12,262444
33026,0.000862,74.125.68.0-255,1484,68334,12,262444
33027,0.000867,74.125.68.0-255,2902,71236,12,262444
33028,0.00087,172.31.36.0-255,66,71302,12,262444
33029,0.000896,74.125.68.0-255,2902,74204,12,262444
33030,0.000899,172.31.36.0-255,66,74270,12,262444
33031,0.000905,74.125.68.0-255,4320,78590,12,262444
33032,0.000907,172.31.36.0-255,66,78656,12,262444
33033,0.000937,172.31.36.0-255,66,78722,12,262444
33034,0.000941,74.125.68.0-255,2902,81624,12,262444
33035,0.000944,172.31.36.0-255,66,81690,12,262444
33036,0.000996,74.125.68.0-255,5738,87428,12,262444
33037,0.000999,172.31.36.0-255,66,87494,12,262444
33038,0.001017,74.125.68.0-255,5020,92514,12,262444
33039,0.00102,172.31.36.0-255,66,92580,12,262444
33040,0.001178,74.125.68.0-255,1484,94064,12,262444
33041,0.001185,74.125.68.0-255,2902,96966,12,262444
33042,0.001188,172.31.36.0-255,66,97032,12,262444
33043,0.001195,74.125.68.0-255,4320,101352,12,262444
33044,0.001197,172.31.36.0-255,66,101418,12,262444
33045,0.001233,172.31.36.0-255,66,101484,12,262444
33046,0.001257,74.125.68.0-255,5738,107222,12,262444
33047,0.00126,172.31.36.0-255,66,107288,12,262444
33048,0.001284,74.125.68.0-255,5738,113026,12,262444
33049,0.001287,172.31.36.0-255,66,113092,12,262444
33050,0.001301,74.125.68.0-255,5020,118112,12,262444
33051,0.001304,172.31.36.0-255,66,118178,12,262444
33052,0.001469,74.125.68.0-255,1484,119662,12,262444
33053,0.001512,74.125.68.0-255,1484,121146,12,262444
33054,0.001516,172.31.36.0-255,66,121212,12,262444
33055,0.001522,74.125.68.0-255,1484,122696,12,262444
33056,0.001536,74.125.68.0-255,1484,124180,12,262444
33057,0.001537,172.31.36.0-255,66,124246,12,262444
33058,0.001572,74.125.68.0-255,4320,128566,12,262444
33059,0.001574,172.31.36.0-255,66,128632,12,262444
33060,0.00159,74.125.68.0-255,1484,130116,12,262444
33061,0.001593,74.125.68.0-255,1484,131600,12,262444
33062,0.001595,172.31.36.0-255,66,131666,12,262444
33063,0.001605,172.31.36.0-255,66,131732,12,262444
33064,0.00161,74.125.68.0-255,2902,134634,12,262444
33065,0.001611,172.31.36.0-255,66,134700,12,262444
33066,0.001633,74.125.68.0-255,7156,141856,12,262444
33067,0.001635,172.31.36.0-255,66,141922,12,262444
33068,0.001659,74.125.68.0-255,2184,144106,12,262444
33069,0.001661,172.31.36.0-255,66,144172,12,262444
33070,0.001749,74.125.68.0-255,1484,145656,12,262444
33071,0.001768,74.125.68.0-255,2902,148558,12,262444
33072,0.001771,172.31.36.0-255,66,148624,12,262444
33073,0.001778,74.125.68.0-255,5738,154362,12,262444
33074,0.00178,172.31.36.0-255,66,154428,12,262444
33075,0.001829,172.31.36.0-255,66,154494,12,262444
33076,0.001846,74.125.68.0-255,1484,155978,12,262444
33077,0.001866,74.125.68.0-255,1484,157462,12,262444
33078,0.00187,172.31.36.0-255,66,157528,12,262444
33079,0.001895,172.31.36.0-255,66,157594,12,262444
33080,0.001917,74.125.68.0-255,2184,159778,12,262444
33081,0.00192,172.31.36.0-255,66,159844,12,262444
33082,0.002147,74.125.68.0-255,1484,161328,12,262444
33083,0.002154,74.125.68.0-255,2902,164230,12,262444
33084,0.00216,172.31.36.0-255,66,164296,12,262444
33085,0.002166,74.125.68.0-255,4320,168616,12,262444
33086,0.00217,172.31.36.0-255,66,168682,12,262444
33087,0.002198,74.125.68.0-255,5738,174420,12,262444
33088,0.002201,172.31.36.0-255,66,174486,12,262444
33089,0.002228,74.125.68.0-255,2902,177388,12,262444
33090,0.002231,172.31.36.0-255,66,177454,12,262444
33091,0.002238,74.125.68.0-255,5738,183192,12,262444
33092,0.002242,172.31.36.0-255,66,183258,12,262444
33093,0.002248,74.125.68.0-255,7156,190414,12,262444
33094,0.002251,172.31.36.0-255,66,190480,12,262444
33095,0.002256,74.125.68.0-255,3602,194082,12,262444
33096,0.002259,172.31.36.0-255,66,194148,12,262444
33097,0.00447,74.125.68.0-255,4320,198468,12,262444
33098,0.004473,172.31.36.0-255,66,198534,12,262444
33099,0.004486,74.125.68.0-255,1484,200018,12,262444
33100,0.00671,74.125.68.0-255,4320,204338,12,262444
33101,0.006716,172.31.36.0-255,66,204404,12,262444
33102,0.00895,74.125.68.0-255,5738,210142,12,262444
33103,0.008956,172.31.36.0-255,66,210208,12,262444
33104,0.011183,74.125.68.0-255,5738,215946,12,262444
33105,0.011192,172.31.36.0-255,66,216012,12,262444
33106,0.013419,74.125.68.0-255,5738,221750,12,262444
33107,0.013427,172.31.36.0-255,66,221816,12,262444
33108,0.015659,74.125.68.0-255,5738,227554,12,262444
33109,0.015666,172.31.36.0-255,66,227620,12,262444
33110,0.0179,74.125.68.0-255,5738,233358,12,262444
33111,0.01791,172.31.36.0-255,66,233424,12,262444
33112,0.020144,74.125.68.0-255,5738,239162,12,262444
33113,0.020153,172.31.36.0-255,66,239228,12,262444
33114,0.022379,74.125.68.0-255,5738,244966,12,262444
33115,0.022385,172.31.36.0-255,66,245032,12,262444
33116,0.02462,74.125.68.0-255,5738,250770,12,262444
33117,0.024628,172.31.36.0-255,66,250836,12,262444
33118,0.02686,74.125.68.0-255,5738,256574,12,262444
33119,0.026868,172.31.36.0-255,66,256640,12,262444
33120,0.029104,74.125.68.0-255,5738,262378,12,262444
33121,0.029112,172.31.36.0-255,66,262444,12,262444
33122,0.0,74.125.200.0-255,153,153,12,203449
33123,3.2e-05,172.31.36.0-255,66,219,12,203449
33124,4e-05,74.125.200.0-255,1484,1703,12,203449
33125,4.4e-05,172.31.36.0-255,66,1769,12,203449
33126,5.7e-05,74.125.200.0-255,2902,4671,12,203449
33127,6e-05,172.31.36.0-255,66,4737,12,203449
33128,6.7e-05,74.125.200.0-255,5738,10475,12,203449
33129,6.9e-05,172.31.36.0-255,66,10541,12,203449
33130,0.000106,74.125.200.0-255,6317,16858,12,203449
33131,0.00011,172.31.36.0-255,66,16924,12,203449
33132,0.000116,74.125.200.0-255,4320,21244,12,203449
33133,0.000118,172.31.36.0-255,66,21310,12,203449
33134,0.00016,74.125.200.0-255,2902,24212,12,203449
33135,0.000164,172.31.36.0-255,66,24278,12,203449
33136,0.000192,74.125.200.0-255,4320,28598,12,203449
33137,0.000195,172.31.36.0-255,66,28664,12,203449
33138,0.000222,74.125.200.0-255,2543,31207,12,203449
33139,0.000225,172.31.36.0-255,66,31273,12,203449
33140,0.000407,74.125.200.0-255,1484,32757,12,203449
33141,0.000411,172.31.36.0-255,66,32823,12,203449
33142,0.000416,74.125.200.0-255,2902,35725,12,203449
33143,0.000419,172.31.36.0-255,66,35791,12,203449
33144,0.000452,74.125.200.0-255,4320,40111,12,203449
33145,0.000457,172.31.36.0-255,66,40177,12,203449
33146,0.000486,74.125.200.0-255,5738,45915,12,203449
33147,0.000491,172.31.36.0-255,66,45981,12,203449
33148,0.0005,74.125.200.0-255,1484,47465,12,203449
33149,0.000503,172.31.36.0-255,66,47531,12,203449
33150,0.000531,74.125.200.0-255,5738,53269,12,203449
33151,0.000535,172.31.36.0-255,66,53335,12,203449
33152,0.00054,74.125.200.0-255,2902,56237,12,203449
33153,0.000542,172.31.36.0-255,66,56303,12,203449
33154,0.000571,74.125.200.0-255,1484,57787,12,203449
33155,0.000597,172.31.36.0-255,66,57853,12,203449
33156,0.000783,74.125.200.0-255,400,58253,12,203449
33157,0.000836,172.31.36.0-255,66,58319,12,203449
33158,0.000857,74.125.200.0-255,1484,59803,12,203449
33159,0.000864,74.125.200.0-255,2902,62705,12,203449
33160,0.000869,172.31.36.0-255,66,62771,12,203449
33161,0.000874,74.125.200.0-255,1484,64255,12,203449
33162,0.000897,74.125.200.0-255,2902,67157,12,203449
33163,0.000899,172.31.36.0-255,66,67223,12,203449
33164,0.000928,74.125.200.0-255,5738,72961,12,203449
33165,0.000933,74.125.200.0-255,4320,77281,12,203449
33166,0.000933,172.31.36.0-255,66,77347,12,203449
33167,0.000937,74.125.200.0-255,2902,80249,12,203449
33168,0.000937,172.31.36.0-255,66,80315,12,203449
33169,0.000939,172.31.36.0-255,66,80381,12,203449
33170,0.000966,74.125.200.0-255,2902,83283,12,203449
33171,0.000969,172.31.36.0-255,66,83349,12,203449
33172,0.000974,74.125.200.0-255,2902,86251,12,203449
33173,0.000977,172.31.36.0-255,66,86317,12,203449
33174,0.001005,74.125.200.0-255,6438,92755,12,203449
33175,0.001009,172.31.36.0-255,66,92821,12,203449
33176,0.001033,74.125.200.0-255,344,93165,12,203449
33177,0.001188,172.31.36.0-255,66,93231,12,203449
33178,0.001432,74.125.200.0-255,1484,94715,12,203449
33179,0.001442,74.125.200.0-255,2902,97617,12,203449
33180,0.001446,172.31.36.0-255,66,97683,12,203449
33181,0.001451,74.125.200.0-255,1484,99167,12,203449
33182,0.001476,74.125.200.0-255,4320,103487,12,203449
33183,0.00148,172.31.36.0-255,66,103553,12,203449
33184,0.001486,74.125.200.0-255,4320,107873,12,203449
33185,0.001488,172.31.36.0-255,66,107939,12,203449
33186,0.001518,74.125.200.0-255,2902,110841,12,203449
33187,0.001521,172.31.36.0-255,66,110907,12,203449
33188,0.00153,172.31.36.0-255,66,110973,12,203449
33189,0.00154,74.125.200.0-255,1484,112457,12,203449
33190,0.001577,74.125.200.0-255,6438,118895,12,203449
33191,0.00158,172.31.36.0-255,66,118961,12,203449
33192,0.001972,74.125.200.0-255,1484,120445,12,203449
33193,0.001991,74.125.200.0-255,2902,123347,12,203449
33194,0.001996,172.31.36.0-255,66,123413,12,203449
33195,0.002,74.125.200.0-255,1484,124897,12,203449
33196,0.003961,74.125.200.0-255,4320,129217,12,203449
33197,0.003966,172.31.36.0-255,66,129283,12,203449
33198,0.005932,74.125.200.0-255,1484,130767,12,203449
33199,0.005956,74.125.200.0-255,4320,135087,12,203449
33200,0.005959,172.31.36.0-255,66,135153,12,203449
33201,0.007951,74.125.200.0-255,5738,140891,12,203449
33202,0.007958,172.31.36.0-255,66,140957,12,203449
33203,0.009941,74.125.200.0-255,5738,146695,12,203449
33204,0.00995,172.31.36.0-255,66,146761,12,203449
33205,0.011925,74.125.200.0-255,5738,152499,12,203449
33206,0.011932,172.31.36.0-255,66,152565,12,203449
33207,0.013931,74.125.200.0-255,5738,158303,12,203449
33208,0.013941,172.31.36.0-255,66,158369,12,203449
33209,0.015964,74.125.200.0-255,5738,164107,12,203449
33210,0.015972,172.31.36.0-255,66,164173,12,203449
33211,0.017941,74.125.200.0-255,5738,169911,12,203449
33212,0.017947,172.31.36.0-255,66,169977,12,203449
33213,0.019932,74.125.200.0-255,5738,175715,12,203449
33214,0.019938,172.31.36.0-255,66,175781,12,203449
33215,0.021914,74.125.200.0-255,5738,181519,12,203449
33216,0.021921,172.31.36.0-255,66,181585,12,203449
33217,0.023903,74.125.200.0-255,5738,187323,12,203449
33218,0.023913,172.31.36.0-255,66,187389,12,203449
33219,0.025882,74.125.200.0-255,4320,191709,12,203449
33220,0.02589,172.31.36.0-255,66,191775,12,203449
33221,0.025927,74.125.200.0-255,1484,193259,12,203449
33222,0.027855,74.125.200.0-255,4320,197579,12,203449
33223,0.027861,172.31.36.0-255,66,197645,12,203449
33224,0.029839,74.125.200.0-255,5738,203383,12,203449
33225,0.029846,172.31.36.0-255,66,203449,12,203449
33226,0.0,74.125.24.0-255,66,66,12,66
33227,0.0,172.217.194.0-255,156,156,12,170686
33228,2.3e-05,172.31.36.0-255,66,222,12,170686
33229,3.1e-05,172.217.194.0-255,1484,1706,12,170686
33230,3.5e-05,172.31.36.0-255,66,1772,12,170686
33231,4.1e-05,172.217.194.0-255,2902,4674,12,170686
33232,5.2e-05,172.31.36.0-255,66,4740,12,170686
33233,5.8e-05,172.217.194.0-255,5738,10478,12,170686
33234,6.2e-05,172.31.36.0-255,66,10544,12,170686
33235,6.9e-05,172.217.194.0-255,4320,14864,12,170686
33236,7.1e-05,172.31.36.0-255,66,14930,12,170686
33237,0.000101,172.217.194.0-255,6305,21235,12,170686
33238,0.000104,172.31.36.0-255,66,21301,12,170686
33239,0.000116,172.31.36.0-255,66,21367,12,170686
33240,0.000142,172.217.194.0-255,1484,22851,12,170686
33241,0.000144,172.31.36.0-255,66,22917,12,170686
33242,0.000179,172.217.194.0-255,2902,25819,12,170686
33243,0.000182,172.31.36.0-255,66,25885,12,170686
33244,0.000189,172.217.194.0-255,5738,31623,12,170686
33245,0.000191,172.31.36.0-255,66,31689,12,170686
33246,0.000212,172.31.36.0-255,66,31755,12,170686
33247,0.000215,172.217.194.0-255,1484,33239,12,170686
33248,0.000217,172.31.36.0-255,66,33305,12,170686
33249,0.000238,172.31.36.0-255,66,33371,12,170686
33250,0.000256,172.217.194.0-255,369,33740,12,170686
33251,0.000259,172.31.36.0-255,66,33806,12,170686
33252,0.000299,172.217.194.0-255,1484,35290,12,170686
33253,0.000301,172.31.36.0-255,66,35356,12,170686
33254,0.000306,172.217.194.0-255,2902,38258,12,170686
33255,0.000309,172.31.36.0-255,66,38324,12,170686
33256,0.00033,172.217.194.0-255,4320,42644,12,170686
33257,0.000333,172.31.36.0-255,66,42710,12,170686
33258,0.000355,172.217.194.0-255,1484,44194,12,170686
33259,0.000366,172.217.194.0-255,6797,50991,12,170686
33260,0.000369,172.31.36.0-255,66,51057,12,170686
33261,0.000403,172.217.194.0-255,7156,58213,12,170686
33262,0.000406,172.31.36.0-255,66,58279,12,170686
33263,0.000412,172.217.194.0-255,4320,62599,12,170686
33264,0.000414,172.31.36.0-255,66,62665,12,170686
33265,0.000443,172.217.194.0-255,5379,68044,12,170686
33266,0.000446,172.31.36.0-255,66,68110,12,170686
33267,0.000484,172.217.194.0-255,1484,69594,12,170686
33268,0.000488,172.217.194.0-255,1484,71078,12,170686
33269,0.00049,172.31.36.0-255,66,71144,12,170686
33270,0.000505,172.217.194.0-255,1484,72628,12,170686
33271,0.000516,172.217.194.0-255,5738,78366,12,170686
33272,0.000519,172.31.36.0-255,66,78432,12,170686
33273,0.000522,172.217.194.0-255,1484,79916,12,170686
33274,0.000556,172.31.36.0-255,66,79982,12,170686
33275,0.000561,172.217.194.0-255,2902,82884,12,170686
33276,0.000564,172.31.36.0-255,66,82950,12,170686
33277,0.000602,172.31.36.0-255,66,83016,12,170686
33278,0.000607,172.217.194.0-255,2902,85918,12,170686
33279,0.000609,172.31.36.0-255,66,85984,12,170686
33280,0.000649,172.31.36.0-255,66,86050,12,170686
33281,0.000652,172.217.194.0-255,1484,87534,12,170686
33282,0.000696,172.217.194.0-255,4320,91854,12,170686
33283,0.000698,172.31.36.0-255,66,91920,12,170686
33284,0.000742,172.31.36.0-255,66,91986,12,170686
33285,0.000751,172.217.194.0-255,5887,97873,12,170686
33286,0.000754,172.31.36.0-255,66,97939,12,170686
33287,0.000761,172.217.194.0-255,7156,105095,12,170686
33288,0.000774,172.217.194.0-255,1125,106220,12,170686
33289,0.000778,172.31.36.0-255,66,106286,12,170686
33290,0.00078,172.31.36.0-255,66,106352,12,170686
33291,0.000818,172.217.194.0-255,1484,107836,12,170686
33292,0.000821,172.31.36.0-255,66,107902,12,170686
33293,0.000825,172.217.194.0-255,2902,110804,12,170686
33294,0.000827,172.31.36.0-255,66,110870,12,170686
33295,0.000838,172.217.194.0-255,5738,116608,12,170686
33296,0.000841,172.31.36.0-255,66,116674,12,170686
33297,0.000848,172.217.194.0-255,5738,122412,12,170686
33298,0.00085,172.31.36.0-255,66,122478,12,170686
33299,0.000878,172.217.194.0-255,7156,129634,12,170686
33300,0.000881,172.31.36.0-255,66,129700,12,170686
33301,0.000893,172.31.36.0-255,66,129766,12,170686
33302,0.000896,172.217.194.0-255,766,130532,12,170686
33303,0.001205,172.217.194.0-255,1484,132016,12,170686
33304,0.00121,172.31.36.0-255,66,132082,12,170686
33305,0.001216,172.217.194.0-255,2902,134984,12,170686
33306,0.001218,172.31.36.0-255,66,135050,12,170686
33307,0.001221,172.217.194.0-255,1484,136534,12,170686
33308,0.001252,172.217.194.0-255,4320,140854,12,170686
33309,0.001255,172.31.36.0-255,66,140920,12,170686
33310,0.001269,172.31.36.0-255,66,140986,12,170686
33311,0.001272,172.217.194.0-255,1484,142470,12,170686
33312,0.001305,172.31.36.0-255,66,142536,12,170686
33313,0.001673,172.217.194.0-255,1484,144020,12,170686
33314,0.00168,172.217.194.0-255,2902,146922,12,170686
33315,0.001686,172.31.36.0-255,66,146988,12,170686
33316,0.001693,172.217.194.0-255,5738,152726,12,170686
33317,0.001696,172.31.36.0-255,66,152792,12,170686
33318,0.0017,172.217.194.0-255,2902,155694,12,170686
33319,0.001703,172.31.36.0-255,66,155760,12,170686
33320,0.001743,172.31.36.0-255,66,155826,12,170686
33321,0.001756,172.31.36.0-255,66,155892,12,170686
33322,0.001836,172.217.194.0-255,1484,157376,12,170686
33323,0.001842,172.217.194.0-255,2902,160278,12,170686
33324,0.001845,172.31.36.0-255,66,160344,12,170686
33325,0.001874,172.217.194.0-255,5738,166082,12,170686
33326,0.001877,172.31.36.0-255,66,166148,12,170686
33327,0.001891,172.31.36.0-255,66,166214,12,170686
33328,0.00194,172.31.36.0-255,66,166280,12,170686
33329,0.001966,172.217.194.0-255,3602,169882,12,170686
33330,0.001968,172.31.36.0-255,66,169948,12,170686
33331,0.001983,172.31.36.0-255,66,170014,12,170686
33332,0.001996,172.31.36.0-255,66,170080,12,170686
33333,0.002069,172.31.36.0-255,66,170146,12,170686
33334,0.002119,172.31.36.0-255,66,170212,12,170686
33335,0.002136,172.31.36.0-255,66,170278,12,170686
33336,0.002158,172.31.36.0-255,66,170344,12,170686
33337,0.002161,172.217.194.0-255,105,170449,12,170686
33338,0.00525,172.31.36.0-255,66,170515,12,170686
33339,0.005289,172.31.36.0-255,105,170620,12,170686
33340,0.007528,172.217.194.0-255,66,170686,12,170686
33341,0.0,74.125.200.0-255,150,150,12,270239
33342,2.6e-05,172.31.36.0-255,66,216,12,270239
33343,3.2e-05,74.125.200.0-255,1484,1700,12,270239
33344,3.6e-05,172.31.36.0-255,66,1766,12,270239
33345,3.9e-05,74.125.200.0-255,1484,3250,12,270239
33346,4.1e-05,172.31.36.0-255,66,3316,12,270239
33347,6.8e-05,74.125.200.0-255,2902,6218,12,270239
33348,7.6e-05,172.31.36.0-255,66,6284,12,270239
33349,8.3e-05,74.125.200.0-255,5738,12022,12,270239
33350,8.5e-05,172.31.36.0-255,66,12088,12,270239
33351,0.0001,74.125.200.0-255,4849,16937,12,270239
33352,0.000103,172.31.36.0-255,66,17003,12,270239
33353,0.000106,74.125.200.0-255,2902,19905,12,270239
33354,0.000108,172.31.36.0-255,66,19971,12,270239
33355,0.000138,74.125.200.0-255,2902,22873,12,270239
33356,0.000142,172.31.36.0-255,66,22939,12,270239
33357,0.000146,74.125.200.0-255,2902,25841,12,270239
33358,0.000149,172.31.36.0-255,66,25907,12,270239
33359,0.00018,74.125.200.0-255,5379,31286,12,270239
33360,0.000183,172.31.36.0-255,66,31352,12,270239
33361,0.000256,74.125.200.0-255,1484,32836,12,270239
33362,0.00026,172.31.36.0-255,66,32902,12,270239
33363,0.000263,74.125.200.0-255,1484,34386,12,270239
33364,0.000266,172.31.36.0-255,66,34452,12,270239
33365,0.000284,74.125.200.0-255,1484,35936,12,270239
33366,0.000287,172.31.36.0-255,66,36002,12,270239
33367,0.000294,74.125.200.0-255,5738,41740,12,270239
33368,0.000302,172.31.36.0-255,66,41806,12,270239
33369,0.000339,74.125.200.0-255,6797,48603,12,270239
33370,0.000342,172.31.36.0-255,66,48669,12,270239
33371,0.000348,74.125.200.0-255,4320,52989,12,270239
33372,0.00035,172.31.36.0-255,66,53055,12,270239
33373,0.000384,74.125.200.0-255,5738,58793,12,270239
33374,0.000393,172.31.36.0-255,66,58859,12,270239
33375,0.000402,74.125.200.0-255,7066,65925,12,270239
33376,0.000415,172.31.36.0-255,66,65991,12,270239
33377,0.000441,74.125.200.0-255,418,66409,12,270239
33378,0.000703,74.125.200.0-255,1484,67893,12,270239
33379,0.000707,172.31.36.0-255,66,67959,12,270239
33380,0.000713,74.125.200.0-255,2902,70861,12,270239
33381,0.000722,172.31.36.0-255,66,70927,12,270239
33382,0.000736,74.125.200.0-255,5738,76665,12,270239
33383,0.000748,172.31.36.0-255,66,76731,12,270239
33384,0.000758,74.125.200.0-255,4320,81051,12,270239
33385,0.000764,172.31.36.0-255,66,81117,12,270239
33386,0.000792,74.125.200.0-255,5738,86855,12,270239
33387,0.000799,172.31.36.0-255,66,86921,12,270239
33388,0.000805,74.125.200.0-255,2184,89105,12,270239
33389,0.000806,172.31.36.0-255,66,89171,12,270239
33390,0.001179,74.125.200.0-255,1484,90655,12,270239
33391,0.001187,74.125.200.0-255,2902,93557,12,270239
33392,0.001212,74.125.200.0-255,2902,96459,12,270239
33393,0.001225,74.125.200.0-255,4320,100779,12,270239
33394,0.001241,74.125.200.0-255,1484,102263,12,270239
33395,0.001267,74.125.200.0-255,7156,109419,12,270239
33396,0.00127,74.125.200.0-255,1484,110903,12,270239
33397,0.001299,74.125.200.0-255,2902,113805,12,270239
33398,0.001315,74.125.200.0-255,1484,115289,12,270239
33399,0.001328,74.125.200.0-255,2902,118191,12,270239
33400,0.001368,74.125.200.0-255,1484,119675,12,270239
33401,0.001388,74.125.200.0-255,2902,122577,12,270239
33402,0.001391,74.125.200.0-255,766,123343,12,270239
33403,0.001439,74.125.200.0-255,1484,124827,12,270239
33404,0.001457,74.125.200.0-255,1484,126311,12,270239
33405,0.001482,74.125.200.0-255,1484,127795,12,270239
33406,0.001491,74.125.200.0-255,1484,129279,12,270239
33407,0.001523,74.125.200.0-255,2902,132181,12,270239
33408,0.001554,74.125.200.0-255,4320,136501,12,270239
33409,0.001569,74.125.200.0-255,2902,139403,12,270239
33410,0.001587,74.125.200.0-255,4320,143723,12,270239
33411,0.00159,74.125.200.0-255,1484,145207,12,270239
33412,0.001611,74.125.200.0-255,7156,152363,12,270239
33413,0.001613,74.125.200.0-255,1484,153847,12,270239
33414,0.001631,74.125.200.0-255,3602,157449,12,270239
33415,0.001724,74.125.200.0-255,1484,158933,12,270239
33416,0.001736,74.125.200.0-255,2902,161835,12,270239
33417,0.001763,74.125.200.0-255,2902,164737,12,270239
33418,0.00178,74.125.200.0-255,2902,167639,12,270239
33419,0.001822,74.125.200.0-255,2902,170541,12,270239
33420,0.001841,74.125.200.0-255,4320,174861,12,270239
33421,0.001855,74.125.200.0-255,2184,177045,12,270239
33422,0.001995,74.125.200.0-255,1484,178529,12,270239
33423,0.002012,74.125.200.0-255,1484,180013,12,270239
33424,0.00203,74.125.200.0-255,1484,181497,12,270239
33425,0.002036,74.125.200.0-255,5738,187235,12,270239
33426,0.00204,74.125.200.0-255,2902,190137,12,270239
33427,0.002078,74.125.200.0-255,1484,191621,12,270239
33428,0.002082,74.125.200.0-255,2902,194523,12,270239
33429,0.002294,74.125.200.0-255,1484,196007,12,270239
33430,0.002319,74.125.200.0-255,1484,197491,12,270239
33431,0.002328,74.125.200.0-255,1484,198975,12,270239
33432,0.002347,74.125.200.0-255,4320,203295,12,270239
33433,0.002364,74.125.200.0-255,2902,206197,12,270239
33434,0.003697,172.31.36.0-255,66,206263,12,270239
33435,0.006076,74.125.200.0-255,5738,212001,12,270239
33436,0.006082,172.31.36.0-255,66,212067,12,270239
33437,0.008413,74.125.200.0-255,5738,217805,12,270239
33438,0.008419,172.31.36.0-255,66,217871,12,270239
33439,0.010759,74.125.200.0-255,5738,223609,12,270239
33440,0.010769,172.31.36.0-255,66,223675,12,270239
33441,0.013096,74.125.200.0-255,5738,229413,12,270239
33442,0.013107,172.31.36.0-255,66,229479,12,270239
33443,0.015462,74.125.200.0-255,5738,235217,12,270239
33444,0.015469,172.31.36.0-255,66,235283,12,270239
33445,0.01779,74.125.200.0-255,5738,241021,12,270239
33446,0.017796,172.31.36.0-255,66,241087,12,270239
33447,0.020124,74.125.200.0-255,5738,246825,12,270239
33448,0.020133,172.31.36.0-255,66,246891,12,270239
33449,0.022458,74.125.200.0-255,5738,252629,12,270239
33450,0.022465,172.31.36.0-255,66,252695,12,270239
33451,0.024809,74.125.200.0-255,5738,258433,12,270239
33452,0.024817,172.31.36.0-255,66,258499,12,270239
33453,0.027141,74.125.200.0-255,5738,264237,12,270239
33454,0.027148,172.31.36.0-255,66,264303,12,270239
33455,0.029467,74.125.200.0-255,2902,267205,12,270239
33456,0.029473,172.31.36.0-255,66,267271,12,270239
33457,0.029507,74.125.200.0-255,2902,270173,12,270239
33458,0.02952,172.31.36.0-255,66,270239,12,270239
33459,0.0,172.217.194.0-255,298,298,12,238972
33460,3.2e-05,172.31.36.0-255,66,364,12,238972
33461,3.8e-05,172.217.194.0-255,1484,1848,12,238972
33462,4.3e-05,172.31.36.0-255,66,1914,12,238972
33463,4.8e-05,172.217.194.0-255,2902,4816,12,238972
33464,5.2e-05,172.31.36.0-255,66,4882,12,238972
33465,7.7e-05,172.217.194.0-255,1484,6366,12,238972
33466,7.9e-05,172.31.36.0-255,66,6432,12,238972
33467,8.4e-05,172.217.194.0-255,2902,9334,12,238972
33468,8.7e-05,172.31.36.0-255,66,9400,12,238972
33469,0.000112,172.217.194.0-255,1484,10884,12,238972
33470,0.000115,172.31.36.0-255,66,10950,12,238972
33471,0.000127,172.31.36.0-255,66,11016,12,238972
33472,0.000132,172.217.194.0-255,4320,15336,12,238972
33473,0.000135,172.31.36.0-255,66,15402,12,238972
33474,0.000178,172.217.194.0-255,5379,20781,12,238972
33475,0.000181,172.31.36.0-255,66,20847,12,238972
33476,0.000265,172.217.194.0-255,1484,22331,12,238972
33477,0.000269,172.31.36.0-255,66,22397,12,238972
33478,0.000274,172.217.194.0-255,2902,25299,12,238972
33479,0.000276,172.31.36.0-255,66,25365,12,238972
33480,0.000299,172.217.194.0-255,2902,28267,12,238972
33481,0.000304,172.31.36.0-255,66,28333,12,238972
33482,0.000322,172.217.194.0-255,2902,31235,12,238972
33483,0.000325,172.31.36.0-255,66,31301,12,238972
33484,0.00035,172.31.36.0-255,66,31367,12,238972
33485,0.000374,172.217.194.0-255,1484,32851,12,238972
33486,0.000377,172.31.36.0-255,66,32917,12,238972
33487,0.000409,172.31.36.0-255,66,32983,12,238972
33488,0.000648,172.217.194.0-255,378,33361,12,238972
33489,0.000729,172.217.194.0-255,366,33727,12,238972
33490,0.000772,172.217.194.0-255,1484,35211,12,238972
33491,0.000776,172.217.194.0-255,2902,38113,12,238972
33492,0.000778,172.31.36.0-255,66,38179,12,238972
33493,0.000781,172.31.36.0-255,66,38245,12,238972
33494,0.000793,172.217.194.0-255,1484,39729,12,238972
33495,0.000829,172.217.194.0-255,4320,44049,12,238972
33496,0.000833,172.31.36.0-255,66,44115,12,238972
33497,0.000847,172.31.36.0-255,66,44181,12,238972
33498,0.000854,172.217.194.0-255,5738,49919,12,238972
33499,0.000856,172.31.36.0-255,66,49985,12,238972
33500,0.000879,172.217.194.0-255,1484,51469,12,238972
33501,0.000904,172.217.194.0-255,3602,55071,12,238972
33502,0.000908,172.31.36.0-255,66,55137,12,238972
33503,0.001193,172.217.194.0-255,1484,56621,12,238972
33504,0.001203,172.217.194.0-255,2902,59523,12,238972
33505,0.001207,172.31.36.0-255,66,59589,12,238972
33506,0.001231,172.217.194.0-255,5738,65327,12,238972
33507,0.001235,172.31.36.0-255,66,65393,12,238972
33508,0.001239,172.217.194.0-255,1484,66877,12,238972
33509,0.001265,172.217.194.0-255,4320,71197,12,238972
33510,0.001268,172.31.36.0-255,66,71263,12,238972
33511,0.001275,172.217.194.0-255,4320,75583,12,238972
33512,0.001277,172.31.36.0-255,66,75649,12,238972
33513,0.001308,172.31.36.0-255,66,75715,12,238972
33514,0.001315,172.217.194.0-255,5020,80735,12,238972
33515,0.001318,172.31.36.0-255,66,80801,12,238972
33516,0.00136,172.217.194.0-255,1484,82285,12,238972
33517,0.001365,172.217.194.0-255,2902,85187,12,238972
33518,0.001368,172.31.36.0-255,66,85253,12,238972
33519,0.001372,172.217.194.0-255,1484,86737,12,238972
33520,0.001395,172.217.194.0-255,4320,91057,12,238972
33521,0.001398,172.31.36.0-255,66,91123,12,238972
33522,0.001408,172.31.36.0-255,66,91189,12,238972
33523,0.001461,172.217.194.0-255,7156,98345,12,238972
33524,0.001466,172.31.36.0-255,66,98411,12,238972
33525,0.001498,172.31.36.0-255,66,98477,12,238972
33526,0.001734,172.217.194.0-255,1484,99961,12,238972
33527,0.00174,172.217.194.0-255,2902,102863,12,238972
33528,0.001745,172.31.36.0-255,66,102929,12,238972
33529,0.001753,172.217.194.0-255,5738,108667,12,238972
33530,0.001754,172.31.36.0-255,66,108733,12,238972
33531,0.001794,172.31.36.0-255,66,108799,12,238972
33532,0.001819,172.217.194.0-255,2902,111701,12,238972
33533,0.001824,172.31.36.0-255,66,111767,12,238972
33534,0.001836,172.31.36.0-255,66,111833,12,238972
33535,0.001859,172.217.194.0-255,1484,113317,12,238972
33536,0.001879,172.217.194.0-255,2902,116219,12,238972
33537,0.001887,172.217.194.0-255,5738,121957,12,238972
33538,0.001905,172.217.194.0-255,7156,129113,12,238972
33539,0.001911,172.31.36.0-255,66,129179,12,238972
33540,0.001921,172.217.194.0-255,4320,133499,12,238972
33541,0.001928,172.31.36.0-255,66,133565,12,238972
33542,0.001948,172.217.194.0-255,2184,135749,12,238972
33543,0.001982,172.31.36.0-255,66,135815,12,238972
33544,0.002044,172.217.194.0-255,1484,137299,12,238972
33545,0.002051,172.217.194.0-255,2902,140201,12,238972
33546,0.002057,172.217.194.0-255,2902,143103,12,238972
33547,0.002065,172.31.36.0-255,66,143169,12,238972
33548,0.00208,172.217.194.0-255,2902,146071,12,238972
33549,0.002125,172.217.194.0-255,7156,153227,12,238972
33550,0.002132,172.31.36.0-255,66,153293,12,238972
33551,0.002144,172.217.194.0-255,5738,159031,12,238972
33552,0.002203,172.31.36.0-255,66,159097,12,238972
33553,0.004295,172.217.194.0-255,5738,164835,12,238972
33554,0.004301,172.31.36.0-255,66,164901,12,238972
33555,0.006433,172.217.194.0-255,5738,170639,12,238972
33556,0.00644,172.31.36.0-255,66,170705,12,238972
33557,0.008566,172.217.194.0-255,5738,176443,12,238972
33558,0.008577,172.31.36.0-255,66,176509,12,238972
33559,0.010711,172.217.194.0-255,5738,182247,12,238972
33560,0.01072,172.31.36.0-255,66,182313,12,238972
33561,0.012822,172.217.194.0-255,5738,188051,12,238972
33562,0.01283,172.31.36.0-255,66,188117,12,238972
33563,0.01496,172.217.194.0-255,5738,193855,12,238972
33564,0.01497,172.31.36.0-255,66,193921,12,238972
33565,0.017069,172.217.194.0-255,5738,199659,12,238972
33566,0.017081,172.31.36.0-255,66,199725,12,238972
33567,0.019189,172.217.194.0-255,5738,205463,12,238972
33568,0.019198,172.31.36.0-255,66,205529,12,238972
33569,0.021289,172.217.194.0-255,5738,211267,12,238972
33570,0.0213,172.31.36.0-255,66,211333,12,238972
33571,0.023429,172.217.194.0-255,5738,217071,12,238972
33572,0.023437,172.31.36.0-255,66,217137,12,238972
33573,0.024845,172.31.36.0-255,172,217309,12,238972
33574,0.024876,172.31.36.0-255,1107,218416,12,238972
33575,0.024939,172.31.36.0-255,1514,219930,12,238972
33576,0.024941,172.31.36.0-255,1300,221230,12,238972
33577,0.025539,172.217.194.0-255,5738,226968,12,238972
33578,0.025546,172.31.36.0-255,66,227034,12,238972
33579,0.026426,104.244.42.0-255,66,227100,12,238972
33580,0.026471,104.244.42.0-255,66,227166,12,238972
33581,0.026506,104.244.42.0-255,66,227232,12,238972
33582,0.027633,172.217.194.0-255,2902,230134,12,238972
33583,0.02764,172.31.36.0-255,66,230200,12,238972
33584,0.027647,172.217.194.0-255,2902,233102,12,238972
33585,0.02765,172.31.36.0-255,66,233168,12,238972
33586,0.029776,172.217.194.0-255,5738,238906,12,238972
33587,0.029784,172.31.36.0-255,66,238972,12,238972
33588,0.0,172.217.160.0-255,147,147,12,215521
33589,2.5e-05,172.31.36.0-255,66,213,12,215521
33590,3.2e-05,172.217.160.0-255,1484,1697,12,215521
33591,3.6e-05,172.31.36.0-255,66,1763,12,215521
33592,4.2e-05,172.217.160.0-255,2902,4665,12,215521
33593,4.5e-05,172.31.36.0-255,66,4731,12,215521
33594,5.3e-05,172.217.160.0-255,7156,11887,12,215521
33595,5.6e-05,172.31.36.0-255,66,11953,12,215521
33596,6e-05,172.217.160.0-255,2105,14058,12,215521
33597,6.4e-05,172.31.36.0-255,66,14124,12,215521
33598,0.000351,172.217.160.0-255,1484,15608,12,215521
33599,0.000357,172.31.36.0-255,66,15674,12,215521
33600,0.000364,172.217.160.0-255,2902,18576,12,215521
33601,0.000366,172.31.36.0-255,66,18642,12,215521
33602,0.000373,172.217.160.0-255,5738,24380,12,215521
33603,0.000375,172.31.36.0-255,66,24446,12,215521
33604,0.000419,172.217.160.0-255,6797,31243,12,215521
33605,0.000423,172.31.36.0-255,66,31309,12,215521
33606,0.000474,172.217.160.0-255,1484,32793,12,215521
33607,0.000478,172.31.36.0-255,66,32859,12,215521
33608,0.000482,172.217.160.0-255,2902,35761,12,215521
33609,0.000484,172.31.36.0-255,66,35827,12,215521
33610,0.000488,172.217.160.0-255,1484,37311,12,215521
33611,0.00049,172.31.36.0-255,66,37377,12,215521
33612,0.000528,172.217.160.0-255,4320,41697,12,215521
33613,0.000532,172.31.36.0-255,66,41763,12,215521
33614,0.000539,172.217.160.0-255,6797,48560,12,215521
33615,0.000542,172.31.36.0-255,66,48626,12,215521
33616,0.00082,172.217.160.0-255,1484,50110,12,215521
33617,0.000826,172.31.36.0-255,66,50176,12,215521
33618,0.000832,172.217.160.0-255,2902,53078,12,215521
33619,0.000835,172.31.36.0-255,66,53144,12,215521
33620,0.000842,172.217.160.0-255,5738,58882,12,215521
33621,0.000845,172.31.36.0-255,66,58948,12,215521
33622,0.000877,172.217.160.0-255,7067,66015,12,215521
33623,0.00088,172.31.36.0-255,66,66081,12,215521
33624,0.000946,172.217.160.0-255,408,66489,12,215521
33625,0.001092,172.217.160.0-255,1484,67973,12,215521
33626,0.001095,172.31.36.0-255,66,68039,12,215521
33627,0.001101,172.217.160.0-255,2902,70941,12,215521
33628,0.001103,172.31.36.0-255,66,71007,12,215521
33629,0.001109,172.217.160.0-255,4320,75327,12,215521
33630,0.001111,172.31.36.0-255,66,75393,12,215521
33631,0.001133,172.217.160.0-255,1484,76877,12,215521
33632,0.001139,172.217.160.0-255,4320,81197,12,215521
33633,0.001141,172.31.36.0-255,66,81263,12,215521
33634,0.001149,172.217.160.0-255,7156,88419,12,215521
33635,0.001151,172.31.36.0-255,66,88485,12,215521
33636,0.001176,172.217.160.0-255,5379,93864,12,215521
33637,0.001179,172.31.36.0-255,66,93930,12,215521
33638,0.001186,172.217.160.0-255,6797,100727,12,215521
33639,0.001189,172.31.36.0-255,66,100793,12,215521
33640,0.001196,172.217.160.0-255,7156,107949,12,215521
33641,0.001198,172.31.36.0-255,66,108015,12,215521
33642,0.00125,172.31.36.0-255,66,108081,12,215521
33643,0.001653,172.217.160.0-255,1484,109565,12,215521
33644,0.001659,172.217.160.0-255,2902,112467,12,215521
33645,0.001662,172.31.36.0-255,66,112533,12,215521
33646,0.001678,172.217.160.0-255,4320,116853,12,215521
33647,0.00168,172.31.36.0-255,66,116919,12,215521
33648,0.003324,172.217.160.0-255,5738,122657,12,215521
33649,0.003331,172.31.36.0-255,66,122723,12,215521
33650,0.004977,172.217.160.0-255,5738,128461,12,215521
33651,0.004981,172.31.36.0-255,66,128527,12,215521
33652,0.006623,172.217.160.0-255,5738,134265,12,215521
33653,0.006625,172.31.36.0-255,66,134331,12,215521
33654,0.00829,172.217.160.0-255,5738,140069,12,215521
33655,0.008297,172.31.36.0-255,66,140135,12,215521
33656,0.009956,172.217.160.0-255,5738,145873,12,215521
33657,0.009965,172.31.36.0-255,66,145939,12,215521
33658,0.011617,172.217.160.0-255,5738,151677,12,215521
33659,0.011625,172.31.36.0-255,66,151743,12,215521
33660,0.013288,172.217.160.0-255,5738,157481,12,215521
33661,0.013296,172.31.36.0-255,66,157547,12,215521
33662,0.014956,172.217.160.0-255,5738,163285,12,215521
33663,0.014964,172.31.36.0-255,66,163351,12,215521
33664,0.016625,172.217.160.0-255,5738,169089,12,215521
33665,0.016637,172.31.36.0-255,66,169155,12,215521
33666,0.018304,172.217.160.0-255,5738,174893,12,215521
33667,0.018312,172.31.36.0-255,66,174959,12,215521
33668,0.019975,172.217.160.0-255,5738,180697,12,215521
33669,0.019984,172.31.36.0-255,66,180763,12,215521
33670,0.021643,172.217.160.0-255,5738,186501,12,215521
33671,0.021651,172.31.36.0-255,66,186567,12,215521
33672,0.023303,172.217.160.0-255,5738,192305,12,215521
33673,0.023313,172.31.36.0-255,66,192371,12,215521
33674,0.024974,172.217.160.0-255,5738,198109,12,215521
33675,0.024982,172.31.36.0-255,66,198175,12,215521
33676,0.026653,172.217.160.0-255,5738,203913,12,215521
33677,0.026664,172.31.36.0-255,66,203979,12,215521
33678,0.028324,172.217.160.0-255,5738,209717,12,215521
33679,0.028331,172.31.36.0-255,66,209783,12,215521
33680,0.029997,172.217.160.0-255,5738,215521,12,215521
33681,0.0,172.31.36.0-255,171,171,12,10927
33682,2.8e-05,172.31.36.0-255,1130,1301,12,10927
33683,0.000109,172.31.36.0-255,1514,2815,12,10927
33684,0.000111,172.31.36.0-255,1514,4329,12,10927
33685,0.000115,172.31.36.0-255,1514,5843,12,10927
33686,0.000116,172.31.36.0-255,1514,7357,12,10927
33687,0.000135,172.31.36.0-255,1514,8871,12,10927
33688,0.000136,172.31.36.0-255,1514,10385,12,10927
33689,0.000156,172.31.36.0-255,212,10597,12,10927
33690,0.00153,104.244.42.0-255,66,10663,12,10927
33691,0.001541,104.244.42.0-255,66,10729,12,10927
33692,0.001647,104.244.42.0-255,66,10795,12,10927
33693,0.001684,104.244.42.0-255,66,10861,12,10927
33694,0.001688,104.244.42.0-255,66,10927,12,10927
33695,0.0,74.125.24.0-255,153,153,12,220302
33696,2.4e-05,172.31.36.0-255,66,219,12,220302
33697,3.1e-05,74.125.24.0-255,1484,1703,12,220302
33698,3.6e-05,172.31.36.0-255,66,1769,12,220302
33699,5.9e-05,74.125.24.0-255,2902,4671,12,220302
33700,6.2e-05,172.31.36.0-255,66,4737,12,220302
33701,6.7e-05,74.125.24.0-255,2902,7639,12,220302
33702,6.9e-05,172.31.36.0-255,66,7705,12,220302
33703,7.5e-05,74.125.24.0-255,4320,12025,12,220302
33704,7.8e-05,172.31.36.0-255,66,12091,12,220302
33705,9.4e-05,74.125.24.0-255,1484,13575,12,220302
33706,9.6e-05,172.31.36.0-255,66,13641,12,220302
33707,0.000119,172.31.36.0-255,66,13707,12,220302
33708,0.000122,74.125.24.0-255,1484,15191,12,220302
33709,0.000124,172.31.36.0-255,66,15257,12,220302
33710,0.000146,74.125.24.0-255,7156,22413,12,220302
33711,0.000149,172.31.36.0-255,66,22479,12,220302
33712,0.000179,74.125.24.0-255,1125,23604,12,220302
33713,0.000182,172.31.36.0-255,66,23670,12,220302
33714,0.000248,74.125.24.0-255,1484,25154,12,220302
33715,0.000252,172.31.36.0-255,66,25220,12,220302
33716,0.000257,74.125.24.0-255,2902,28122,12,220302
33717,0.000259,172.31.36.0-255,66,28188,12,220302
33718,0.000266,74.125.24.0-255,4320,32508,12,220302
33719,0.00027,172.31.36.0-255,66,32574,12,220302
33720,0.000276,74.125.24.0-255,5738,38312,12,220302
33721,0.000279,172.31.36.0-255,66,38378,12,220302
33722,0.000311,172.31.36.0-255,66,38444,12,220302
33723,0.00033,74.125.24.0-255,2543,40987,12,220302
33724,0.000332,172.31.36.0-255,66,41053,12,220302
33725,0.000359,74.125.24.0-255,5738,46791,12,220302
33726,0.000361,172.31.36.0-255,66,46857,12,220302
33727,0.000394,74.125.24.0-255,2822,49679,12,220302
33728,0.000396,172.31.36.0-255,66,49745,12,220302
33729,0.0004,74.125.24.0-255,132,49877,12,220302
33730,0.000585,74.125.24.0-255,1484,51361,12,220302
33731,0.00059,172.31.36.0-255,66,51427,12,220302
33732,0.000597,74.125.24.0-255,2902,54329,12,220302
33733,0.0006,172.31.36.0-255,66,54395,12,220302
33734,0.000603,74.125.24.0-255,1484,55879,12,220302
33735,0.000631,74.125.24.0-255,4320,60199,12,220302
33736,0.000636,74.125.24.0-255,4320,64519,12,220302
33737,0.000641,172.31.36.0-255,66,64585,12,220302
33738,0.00065,172.31.36.0-255,66,64651,12,220302
33739,0.000662,172.31.36.0-255,66,64717,12,220302
33740,0.000697,74.125.24.0-255,2543,67260,12,220302
33741,0.0007,172.31.36.0-255,66,67326,12,220302
33742,0.000708,74.125.24.0-255,6797,74123,12,220302
33743,0.000711,172.31.36.0-255,66,74189,12,220302
33744,0.000897,74.125.24.0-255,1484,75673,12,220302
33745,0.000904,74.125.24.0-255,2902,78575,12,220302
33746,0.000909,172.31.36.0-255,66,78641,12,220302
33747,0.000913,74.125.24.0-255,1484,80125,12,220302
33748,0.000937,74.125.24.0-255,4320,84445,12,220302
33749,0.000941,172.31.36.0-255,66,84511,12,220302
33750,0.000944,74.125.24.0-255,1484,85995,12,220302
33751,0.000955,172.31.36.0-255,66,86061,12,220302
33752,0.000975,74.125.24.0-255,4320,90381,12,220302
33753,0.000979,172.31.36.0-255,66,90447,12,220302
33754,0.001009,172.31.36.0-255,66,90513,12,220302
33755,0.001012,74.125.24.0-255,766,91279,12,220302
33756,0.001027,74.125.24.0-255,1484,92763,12,220302
33757,0.001029,172.31.36.0-255,66,92829,12,220302
33758,0.001053,74.125.24.0-255,4320,97149,12,220302
33759,0.001056,172.31.36.0-255,66,97215,12,220302
33760,0.001063,74.125.24.0-255,4320,101535,12,220302
33761,0.001067,172.31.36.0-255,66,101601,12,220302
33762,0.001087,74.125.24.0-255,5738,107339,12,220302
33763,0.001091,172.31.36.0-255,66,107405,12,220302
33764,0.001098,74.125.24.0-255,7156,114561,12,220302
33765,0.0011,172.31.36.0-255,66,114627,12,220302
33766,0.00113,74.125.24.0-255,7156,121783,12,220302
33767,0.001132,172.31.36.0-255,66,121849,12,220302
33768,0.001152,74.125.24.0-255,3602,125451,12,220302
33769,0.001156,172.31.36.0-255,66,125517,12,220302
33770,0.001201,172.31.36.0-255,66,125583,12,220302
33771,0.001218,74.125.24.0-255,1484,127067,12,220302
33772,0.001229,172.31.36.0-255,66,127133,12,220302
33773,0.001233,74.125.24.0-255,2902,130035,12,220302
33774,0.001237,172.31.36.0-255,66,130101,12,220302
33775,0.001281,172.31.36.0-255,66,130167,12,220302
33776,0.001288,74.125.24.0-255,7156,137323,12,220302
33777,0.001291,172.31.36.0-255,66,137389,12,220302
33778,0.001302,172.31.36.0-255,66,137455,12,220302
33779,0.001343,172.31.36.0-255,66,137521,12,220302
33780,0.001347,74.125.24.0-255,766,138287,12,220302
33781,0.001436,74.125.24.0-255,1484,139771,12,220302
33782,0.001444,172.31.36.0-255,66,139837,12,220302
33783,0.001449,74.125.24.0-255,2902,142739,12,220302
33784,0.001451,172.31.36.0-255,66,142805,12,220302
33785,0.001457,74.125.24.0-255,5738,148543,12,220302
33786,0.001459,172.31.36.0-255,66,148609,12,220302
33787,0.001473,172.31.36.0-255,66,148675,12,220302
33788,0.001491,74.125.24.0-255,4320,152995,12,220302
33789,0.001493,172.31.36.0-255,66,153061,12,220302
33790,0.0015,74.125.24.0-255,7156,160217,12,220302
33791,0.001503,172.31.36.0-255,66,160283,12,220302
33792,0.001525,74.125.24.0-255,3602,163885,12,220302
33793,0.001529,172.31.36.0-255,66,163951,12,220302
33794,0.001594,74.125.24.0-255,1484,165435,12,220302
33795,0.001599,74.125.24.0-255,1484,166919,12,220302
33796,0.001601,172.31.36.0-255,66,166985,12,220302
33797,0.001626,74.125.24.0-255,1484,168469,12,220302
33798,0.001633,74.125.24.0-255,5738,174207,12,220302
33799,0.001635,172.31.36.0-255,66,174273,12,220302
33800,0.001642,74.125.24.0-255,7156,181429,12,220302
33801,0.001645,172.31.36.0-255,66,181495,12,220302
33802,0.001656,74.125.24.0-255,1484,182979,12,220302
33803,0.001691,172.31.36.0-255,66,183045,12,220302
33804,0.001695,74.125.24.0-255,2184,185229,12,220302
33805,0.001697,172.31.36.0-255,66,185295,12,220302
33806,0.001701,74.125.24.0-255,2902,188197,12,220302
33807,0.001703,172.31.36.0-255,66,188263,12,220302
33808,0.001708,74.125.24.0-255,4320,192583,12,220302
33809,0.001711,172.31.36.0-255,66,192649,12,220302
33810,0.001725,74.125.24.0-255,2902,195551,12,220302
33811,0.001727,172.31.36.0-255,66,195617,12,220302
33812,0.001745,74.125.24.0-255,5738,201355,12,220302
33813,0.00175,172.31.36.0-255,66,201421,12,220302
33814,0.001786,172.31.36.0-255,66,201487,12,220302
33815,0.0018,172.31.36.0-255,66,201553,12,220302
33816,0.001806,74.125.24.0-255,7156,208709,12,220302
33817,0.001808,172.31.36.0-255,66,208775,12,220302
33818,0.00183,74.125.24.0-255,1484,210259,12,220302
33819,0.001895,172.31.36.0-255,66,210325,12,220302
33820,0.001925,74.125.24.0-255,3602,213927,12,220302
33821,0.001928,172.31.36.0-255,66,213993,12,220302
33822,0.001933,74.125.24.0-255,5738,219731,12,220302
33823,0.001936,172.31.36.0-255,66,219797,12,220302
33824,0.001959,172.31.36.0-255,66,219863,12,220302
33825,0.001962,74.125.24.0-255,97,219960,12,220302
33826,0.001982,74.125.24.0-255,105,220065,12,220302
33827,0.004731,172.31.36.0-255,66,220131,12,220302
33828,0.004776,172.31.36.0-255,105,220236,12,220302
33829,0.006991,74.125.24.0-255,66,220302,12,220302
33830,0.0,172.31.36.0-255,105,105,12,276
33831,0.001806,157.240.13.0-255,105,210,12,276
33832,0.00182,172.31.36.0-255,66,276,12,276
33833,0.0,172.217.26.0-255,630,630,12,1495
33834,0.002487,172.31.36.0-255,236,866,12,1495
33835,0.00252,172.31.36.0-255,369,1235,12,1495
33836,0.003222,172.31.36.0-255,97,1332,12,1495
33837,0.004444,172.217.26.0-255,97,1429,12,1495
33838,0.005144,172.217.26.0-255,66,1495,12,1495
33839,0.0,172.31.36.0-255,105,105,12,344854
33840,0.014045,74.125.68.0-255,210,315,12,344854
33841,0.01407,172.31.36.0-255,66,381,12,344854
33842,0.014076,74.125.68.0-255,1484,1865,12,344854
33843,0.014081,172.31.36.0-255,66,1931,12,344854
33844,0.014084,74.125.68.0-255,1484,3415,12,344854
33845,0.014087,172.31.36.0-255,66,3481,12,344854
33846,0.014092,74.125.68.0-255,2902,6383,12,344854
33847,0.014096,172.31.36.0-255,66,6449,12,344854
33848,0.014098,74.125.68.0-255,1484,7933,12,344854
33849,0.014101,172.31.36.0-255,66,7999,12,344854
33850,0.014133,74.125.68.0-255,4320,12319,12,344854
33851,0.014136,172.31.36.0-255,66,12385,12,344854
33852,0.01414,74.125.68.0-255,1894,14279,12,344854
33853,0.014142,172.31.36.0-255,66,14345,12,344854
33854,0.014146,74.125.68.0-255,2902,17247,12,344854
33855,0.014148,172.31.36.0-255,66,17313,12,344854
33856,0.014154,74.125.68.0-255,4320,21633,12,344854
33857,0.014156,172.31.36.0-255,66,21699,12,344854
33858,0.014175,74.125.68.0-255,2902,24601,12,344854
33859,0.014179,172.31.36.0-255,66,24667,12,344854
33860,0.014187,74.125.68.0-255,6797,31464,12,344854
33861,0.014189,172.31.36.0-255,66,31530,12,344854
33862,0.014295,74.125.68.0-255,1484,33014,12,344854
33863,0.014299,172.31.36.0-255,66,33080,12,344854
33864,0.014318,74.125.68.0-255,2902,35982,12,344854
33865,0.014321,172.31.36.0-255,66,36048,12,344854
33866,0.014325,74.125.68.0-255,2902,38950,12,344854
33867,0.014328,172.31.36.0-255,66,39016,12,344854
33868,0.014331,74.125.68.0-255,1484,40500,12,344854
33869,0.014334,172.31.36.0-255,66,40566,12,344854
33870,0.01436,74.125.68.0-255,2902,43468,12,344854
33871,0.014363,172.31.36.0-255,66,43534,12,344854
33872,0.014366,74.125.68.0-255,1484,45018,12,344854
33873,0.014401,74.125.68.0-255,4320,49338,12,344854
33874,0.014404,172.31.36.0-255,66,49404,12,344854
33875,0.01441,172.31.36.0-255,66,49470,12,344854
33876,0.014443,74.125.68.0-255,4320,53790,12,344854
33877,0.014455,172.31.36.0-255,66,53856,12,344854
33878,0.014458,74.125.68.0-255,4235,58091,12,344854
33879,0.014462,74.125.68.0-255,132,58223,12,344854
33880,0.014472,172.31.36.0-255,66,58289,12,344854
33881,0.01453,74.125.68.0-255,1484,59773,12,344854
33882,0.014544,74.125.68.0-255,2902,62675,12,344854
33883,0.014552,172.31.36.0-255,66,62741,12,344854
33884,0.014583,74.125.68.0-255,4320,67061,12,344854
33885,0.01459,172.31.36.0-255,66,67127,12,344854
33886,0.014607,74.125.68.0-255,1484,68611,12,344854
33887,0.014613,74.125.68.0-255,5738,74349,12,344854
33888,0.014617,74.125.68.0-255,1484,75833,12,344854
33889,0.014624,172.31.36.0-255,66,75899,12,344854
33890,0.014644,74.125.68.0-255,5379,81278,12,344854
33891,0.014647,172.31.36.0-255,66,81344,12,344854
33892,0.014651,74.125.68.0-255,2902,84246,12,344854
33893,0.014656,74.125.68.0-255,4320,88566,12,344854
33894,0.01466,172.31.36.0-255,66,88632,12,344854
33895,0.014694,74.125.68.0-255,3961,92593,12,344854
33896,0.014703,172.31.36.0-255,66,92659,12,344854
33897,0.014794,74.125.68.0-255,1484,94143,12,344854
33898,0.014807,74.125.68.0-255,2902,97045,12,344854
33899,0.01482,172.31.36.0-255,66,97111,12,344854
33900,0.014822,74.125.68.0-255,1484,98595,12,344854
33901,0.014844,74.125.68.0-255,4320,102915,12,344854
33902,0.014848,74.125.68.0-255,2902,105817,12,344854
33903,0.014848,172.31.36.0-255,66,105883,12,344854
33904,0.014853,172.31.36.0-255,66,105949,12,344854
33905,0.014862,74.125.68.0-255,5738,111687,12,344854
33906,0.014873,172.31.36.0-255,66,111753,12,344854
33907,0.014877,74.125.68.0-255,4320,116073,12,344854
33908,0.014889,74.125.68.0-255,1484,117557,12,344854
33909,0.014889,172.31.36.0-255,66,117623,12,344854
33910,0.014921,172.31.36.0-255,66,117689,12,344854
33911,0.014922,74.125.68.0-255,766,118455,12,344854
33912,0.015022,74.125.68.0-255,1484,119939,12,344854
33913,0.015025,172.31.36.0-255,66,120005,12,344854
33914,0.01504,74.125.68.0-255,2902,122907,12,344854
33915,0.015048,172.31.36.0-255,66,122973,12,344854
33916,0.01506,74.125.68.0-255,5738,128711,12,344854
33917,0.015064,172.31.36.0-255,66,128777,12,344854
33918,0.015083,74.125.68.0-255,2902,131679,12,344854
33919,0.015094,172.31.36.0-255,66,131745,12,344854
33920,0.015108,74.125.68.0-255,5738,137483,12,344854
33921,0.01511,172.31.36.0-255,66,137549,12,344854
33922,0.015116,172.31.36.0-255,66,137615,12,344854
33923,0.015153,74.125.68.0-255,5020,142635,12,344854
33924,0.015162,172.31.36.0-255,66,142701,12,344854
33925,0.015422,74.125.68.0-255,1484,144185,12,344854
33926,0.015429,74.125.68.0-255,2902,147087,12,344854
33927,0.015432,172.31.36.0-255,66,147153,12,344854
33928,0.015449,74.125.68.0-255,4320,151473,12,344854
33929,0.015458,74.125.68.0-255,1484,152957,12,344854
33930,0.015463,172.31.36.0-255,66,153023,12,344854
33931,0.015488,74.125.68.0-255,7156,160179,12,344854
33932,0.015497,172.31.36.0-255,66,160245,12,344854
33933,0.015511,74.125.68.0-255,5738,165983,12,344854
33934,0.015514,172.31.36.0-255,66,166049,12,344854
33935,0.015539,172.31.36.0-255,66,166115,12,344854
33936,0.015564,74.125.68.0-255,7156,173271,12,344854
33937,0.015573,172.31.36.0-255,66,173337,12,344854
33938,0.01559,74.125.68.0-255,6438,179775,12,344854
33939,0.015598,172.31.36.0-255,66,179841,12,344854
33940,0.015612,172.31.36.0-255,66,179907,12,344854
33941,0.015622,74.125.68.0-255,2902,182809,12,344854
33942,0.015629,74.125.68.0-255,5738,188547,12,344854
33943,0.01563,172.31.36.0-255,66,188613,12,344854
33944,0.015635,172.31.36.0-255,66,188679,12,344854
33945,0.015671,74.125.68.0-255,6438,195117,12,344854
33946,0.015678,74.125.68.0-255,4320,199437,12,344854
33947,0.015682,172.31.36.0-255,66,199503,12,344854
33948,0.01569,74.125.68.0-255,2902,202405,12,344854
33949,0.015695,172.31.36.0-255,66,202471,12,344854
33950,0.015702,74.125.68.0-255,1484,203955,12,344854
33951,0.015736,172.31.36.0-255,66,204021,12,344854
33952,0.01577,74.125.68.0-255,4320,208341,12,344854
33953,0.015783,172.31.36.0-255,66,208407,12,344854
33954,0.015791,74.125.68.0-255,7156,215563,12,344854
33955,0.015795,74.125.68.0-255,766,216329,12,344854
33956,0.015798,74.125.68.0-255,1484,217813,12,344854
33957,0.015798,172.31.36.0-255,66,217879,12,344854
33958,0.015802,74.125.68.0-255,4320,222199,12,344854
33959,0.015805,74.125.68.0-255,1484,223683,12,344854
33960,0.015814,172.31.36.0-255,66,223749,12,344854
33961,0.015843,74.125.68.0-255,7156,230905,12,344854
33962,0.015849,172.31.36.0-255,66,230971,12,344854
33963,0.01586,74.125.68.0-255,5738,236709,12,344854
33964,0.015862,172.31.36.0-255,66,236775,12,344854
33965,0.015866,172.31.36.0-255,66,236841,12,344854
33966,0.015911,74.125.68.0-255,6438,243279,12,344854
33967,0.015916,74.125.68.0-255,2902,246181,12,344854
33968,0.015921,74.125.68.0-255,4320,250501,12,344854
33969,0.015926,172.31.36.0-255,66,250567,12,344854
33970,0.015958,74.125.68.0-255,4320,254887,12,344854
33971,0.015964,172.31.36.0-255,66,254953,12,344854
33972,0.015974,74.125.68.0-255,1484,256437,12,344854
33973,0.015983,74.125.68.0-255,7156,263593,12,344854
33974,0.015989,172.31.36.0-255,66,263659,12,344854
33975,0.016009,74.125.68.0-255,2184,265843,12,344854
33976,0.016015,172.31.36.0-255,66,265909,12,344854
33977,0.016039,74.125.68.0-255,2902,268811,12,344854
33978,0.016044,172.31.36.0-255,66,268877,12,344854
33979,0.016068,74.125.68.0-255,4320,273197,12,344854
33980,0.016071,172.31.36.0-255,66,273263,12,344854
33981,0.01609,74.125.68.0-255,5738,279001,12,344854
33982,0.016096,172.31.36.0-255,66,279067,12,344854
33983,0.016121,74.125.68.0-255,5738,284805,12,344854
33984,0.016129,172.31.36.0-255,66,284871,12,344854
33985,0.016157,74.125.68.0-255,7156,292027,12,344854
33986,0.016163,74.125.68.0-255,2902,294929,12,344854
33987,0.016165,172.31.36.0-255,66,294995,12,344854
33988,0.01617,172.31.36.0-255,66,295061,12,344854
33989,0.016187,74.125.68.0-255,2902,297963,12,344854
33990,0.016195,172.31.36.0-255,66,298029,12,344854
33991,0.016218,74.125.68.0-255,5020,303049,12,344854
33992,0.01623,172.31.36.0-255,66,303115,12,344854
33993,0.016231,74.125.68.0-255,1484,304599,12,344854
33994,0.016249,74.125.68.0-255,4320,308919,12,344854
33995,0.016252,172.31.36.0-255,66,308985,12,344854
33996,0.016274,74.125.68.0-255,7156,316141,12,344854
33997,0.016282,172.31.36.0-255,66,316207,12,344854
33998,0.016303,74.125.68.0-255,5738,321945,12,344854
33999,0.016316,172.31.36.0-255,66,322011,12,344854
34000,0.016321,74.125.68.0-255,2902,324913,12,344854
34001,0.016326,74.125.68.0-255,2902,327815,12,344854
34002,0.016332,172.31.36.0-255,66,327881,12,344854
34003,0.016345,74.125.68.0-255,4320,332201,12,344854
34004,0.016359,172.31.36.0-255,66,332267,12,344854
34005,0.016364,74.125.68.0-255,2184,334451,12,344854
34006,0.016374,172.31.36.0-255,66,334517,12,344854
34007,0.016376,74.125.68.0-255,1484,336001,12,344854
34008,0.016394,74.125.68.0-255,1484,337485,12,344854
34009,0.016401,172.31.36.0-255,66,337551,12,344854
34010,0.016414,74.125.68.0-255,2902,340453,12,344854
34011,0.016425,172.31.36.0-255,66,340519,12,344854
34012,0.016431,74.125.68.0-255,3830,344349,12,344854
34013,0.016435,74.125.68.0-255,97,344446,12,344854
34014,0.016448,172.31.36.0-255,66,344512,12,344854
34015,0.016511,74.125.68.0-255,105,344617,12,344854
34016,0.021724,172.31.36.0-255,66,344683,12,344854
34017,0.021751,172.31.36.0-255,105,344788,12,344854
34018,0.024304,74.125.68.0-255,66,344854,12,344854
34019,0.0,172.217.194.0-255,153,153,12,198570
34020,2.1e-05,172.31.36.0-255,66,219,12,198570
34021,2.8e-05,172.217.194.0-255,1484,1703,12,198570
34022,3.2e-05,172.31.36.0-255,66,1769,12,198570
34023,4.5e-05,172.217.194.0-255,2902,4671,12,198570
34024,4.8e-05,172.31.36.0-255,66,4737,12,198570
34025,5.6e-05,172.217.194.0-255,7156,11893,12,198570
34026,5.9e-05,172.31.36.0-255,66,11959,12,198570
34027,8.5e-05,172.217.194.0-255,5738,17697,12,198570
34028,8.8e-05,172.31.36.0-255,66,17763,12,198570
34029,0.00013,172.31.36.0-255,66,17829,12,198570
34030,0.000135,172.217.194.0-255,2543,20372,12,198570
34031,0.000137,172.31.36.0-255,66,20438,12,198570
34032,0.000159,172.217.194.0-255,1484,21922,12,198570
34033,0.000165,172.31.36.0-255,66,21988,12,198570
34034,0.00017,172.217.194.0-255,2902,24890,12,198570
34035,0.000172,172.31.36.0-255,66,24956,12,198570
34036,0.000197,172.217.194.0-255,4320,29276,12,198570
34037,0.000199,172.31.36.0-255,66,29342,12,198570
34038,0.00023,172.217.194.0-255,1484,30826,12,198570
34039,0.000233,172.31.36.0-255,66,30892,12,198570
34040,0.000239,172.217.194.0-255,4320,35212,12,198570
34041,0.000241,172.31.36.0-255,66,35278,12,198570
34042,0.000284,172.217.194.0-255,6797,42075,12,198570
34043,0.000287,172.31.36.0-255,66,42141,12,198570
34044,0.000299,172.31.36.0-255,66,42207,12,198570
34045,0.000307,172.217.194.0-255,1125,43332,12,198570
34046,0.000309,172.31.36.0-255,66,43398,12,198570
34047,0.000365,172.217.194.0-255,645,44043,12,198570
34048,0.000367,172.31.36.0-255,66,44109,12,198570
34049,0.000529,172.217.194.0-255,1484,45593,12,198570
34050,0.000535,172.217.194.0-255,1484,47077,12,198570
34051,0.000538,172.31.36.0-255,66,47143,12,198570
34052,0.000569,172.217.194.0-255,1484,48627,12,198570
34053,0.000576,172.217.194.0-255,5738,54365,12,198570
34054,0.000579,172.31.36.0-255,66,54431,12,198570
34055,0.000585,172.217.194.0-255,5738,60169,12,198570
34056,0.000587,172.31.36.0-255,66,60235,12,198570
34057,0.00059,172.217.194.0-255,1484,61719,12,198570
34058,0.000636,172.31.36.0-255,66,61785,12,198570
34059,0.000642,172.217.194.0-255,5020,66805,12,198570
34060,0.000645,172.31.36.0-255,66,66871,12,198570
34061,0.00082,172.217.194.0-255,1484,68355,12,198570
34062,0.000824,172.217.194.0-255,1484,69839,12,198570
34063,0.000836,172.31.36.0-255,66,69905,12,198570
34064,0.00084,172.217.194.0-255,1484,71389,12,198570
34065,0.000867,172.217.194.0-255,5738,77127,12,198570
34066,0.000869,172.31.36.0-255,66,77193,12,198570
34067,0.000876,172.217.194.0-255,5738,82931,12,198570
34068,0.000879,172.31.36.0-255,66,82997,12,198570
34069,0.000914,172.217.194.0-255,7156,90153,12,198570
34070,0.000916,172.31.36.0-255,66,90219,12,198570
34071,0.00093,172.217.194.0-255,2902,93121,12,198570
34072,0.00094,172.31.36.0-255,66,93187,12,198570
34073,0.000974,172.31.36.0-255,66,93253,12,198570
34074,0.000977,172.31.36.0-255,66,93319,12,198570
34075,0.000995,172.217.194.0-255,4320,97639,12,198570
34076,0.000998,172.31.36.0-255,66,97705,12,198570
34077,0.001037,172.31.36.0-255,66,97771,12,198570
34078,0.001041,172.217.194.0-255,1484,99255,12,198570
34079,0.001062,172.217.194.0-255,2184,101439,12,198570
34080,0.001065,172.31.36.0-255,66,101505,12,198570
34081,0.001479,172.217.194.0-255,1484,102989,12,198570
34082,0.001486,172.217.194.0-255,2902,105891,12,198570
34083,0.001489,172.31.36.0-255,66,105957,12,198570
34084,0.001493,172.217.194.0-255,1484,107441,12,198570
34085,0.001523,172.217.194.0-255,4320,111761,12,198570
34086,0.001526,172.31.36.0-255,66,111827,12,198570
34087,0.001539,172.31.36.0-255,66,111893,12,198570
34088,0.001555,172.31.36.0-255,66,111959,12,198570
34089,0.001579,172.217.194.0-255,766,112725,12,198570
34090,0.002041,172.217.194.0-255,1484,114209,12,198570
34091,0.002046,172.31.36.0-255,66,114275,12,198570
34092,0.002052,172.217.194.0-255,2902,117177,12,198570
34093,0.002054,172.31.36.0-255,66,117243,12,198570
34094,0.002079,172.217.194.0-255,5738,122981,12,198570
34095,0.002081,172.31.36.0-255,66,123047,12,198570
34096,0.002101,172.31.36.0-255,66,123113,12,198570
34097,0.002135,172.217.194.0-255,2902,126015,12,198570
34098,0.002137,172.31.36.0-255,66,126081,12,198570
34099,0.002177,172.217.194.0-255,5738,131819,12,198570
34100,0.002179,172.31.36.0-255,66,131885,12,198570
34101,0.002211,172.31.36.0-255,66,131951,12,198570
34102,0.002217,172.217.194.0-255,5738,137689,12,198570
34103,0.002219,172.31.36.0-255,66,137755,12,198570
34104,0.002228,172.217.194.0-255,7156,144911,12,198570
34105,0.00223,172.31.36.0-255,66,144977,12,198570
34106,0.002265,172.217.194.0-255,3602,148579,12,198570
34107,0.002267,172.31.36.0-255,66,148645,12,198570
34108,0.00229,172.31.36.0-255,66,148711,12,198570
34109,0.002324,172.31.36.0-255,66,148777,12,198570
34110,0.002338,172.217.194.0-255,2184,150961,12,198570
34111,0.002345,172.31.36.0-255,66,151027,12,198570
34112,0.002351,172.217.194.0-255,5738,156765,12,198570
34113,0.002354,172.31.36.0-255,66,156831,12,198570
34114,0.002379,172.217.194.0-255,1484,158315,12,198570
34115,0.002397,172.31.36.0-255,66,158381,12,198570
34116,0.00243,172.217.194.0-255,7156,165537,12,198570
34117,0.002433,172.31.36.0-255,66,165603,12,198570
34118,0.002437,172.217.194.0-255,2902,168505,12,198570
34119,0.00244,172.31.36.0-255,66,168571,12,198570
34120,0.002446,172.217.194.0-255,5020,173591,12,198570
34121,0.002453,172.31.36.0-255,66,173657,12,198570
34122,0.002456,172.217.194.0-255,1484,175141,12,198570
34123,0.00246,172.217.194.0-255,2902,178043,12,198570
34124,0.002463,172.31.36.0-255,66,178109,12,198570
34125,0.002488,172.217.194.0-255,2902,181011,12,198570
34126,0.002491,172.31.36.0-255,66,181077,12,198570
34127,0.002499,172.217.194.0-255,1484,182561,12,198570
34128,0.002511,172.31.36.0-255,66,182627,12,198570
34129,0.002553,172.31.36.0-255,66,182693,12,198570
34130,0.002563,172.31.36.0-255,66,182759,12,198570
34131,0.002588,172.217.194.0-255,5738,188497,12,198570
34132,0.002595,172.31.36.0-255,66,188563,12,198570
34133,0.002705,172.217.194.0-255,7156,195719,12,198570
34134,0.00272,172.217.194.0-255,1484,197203,12,198570
34135,0.002722,172.217.194.0-255,1025,198228,12,198570
34136,0.002725,172.217.194.0-255,105,198333,12,198570
34137,0.003059,172.31.36.0-255,66,198399,12,198570
34138,0.005183,172.31.36.0-255,105,198504,12,198570
34139,0.007415,172.217.194.0-255,66,198570,12,198570
34140,0.0,172.217.194.0-255,152,152,12,256444
34141,2.7e-05,172.31.36.0-255,66,218,12,256444
34142,3.4e-05,172.217.194.0-255,1484,1702,12,256444
34143,4e-05,172.31.36.0-255,66,1768,12,256444
34144,4.5e-05,172.217.194.0-255,2902,4670,12,256444
34145,4.7e-05,172.31.36.0-255,66,4736,12,256444
34146,5.4e-05,172.217.194.0-255,7156,11892,12,256444
34147,5.6e-05,172.31.36.0-255,66,11958,12,256444
34148,7.9e-05,172.217.194.0-255,2036,13994,12,256444
34149,8.1e-05,172.31.36.0-255,66,14060,12,256444
34150,8.5e-05,172.217.194.0-255,1484,15544,12,256444
34151,8.7e-05,172.31.36.0-255,66,15610,12,256444
34152,0.000103,172.217.194.0-255,1484,17094,12,256444
34153,0.000105,172.31.36.0-255,66,17160,12,256444
34154,0.000108,172.217.194.0-255,1484,18644,12,256444
34155,0.00011,172.31.36.0-255,66,18710,12,256444
34156,0.000128,172.217.194.0-255,5738,24448,12,256444
34157,0.000131,172.31.36.0-255,66,24514,12,256444
34158,0.000137,172.217.194.0-255,4320,28834,12,256444
34159,0.000139,172.31.36.0-255,66,28900,12,256444
34160,0.000156,172.217.194.0-255,2543,31443,12,256444
34161,0.000158,172.31.36.0-255,66,31509,12,256444
34162,0.000195,172.217.194.0-255,1484,32993,12,256444
34163,0.000199,172.31.36.0-255,66,33059,12,256444
34164,0.000216,172.217.194.0-255,1484,34543,12,256444
34165,0.000219,172.31.36.0-255,66,34609,12,256444
34166,0.000239,172.217.194.0-255,1484,36093,12,256444
34167,0.000241,172.31.36.0-255,66,36159,12,256444
34168,0.000247,172.217.194.0-255,5738,41897,12,256444
34169,0.00025,172.31.36.0-255,66,41963,12,256444
34170,0.000256,172.217.194.0-255,6797,48760,12,256444
34171,0.000258,172.31.36.0-255,66,48826,12,256444
34172,0.000261,172.217.194.0-255,1484,50310,12,256444
34173,0.00031,172.31.36.0-255,66,50376,12,256444
34174,0.000314,172.217.194.0-255,2822,53198,12,256444
34175,0.000316,172.31.36.0-255,66,53264,12,256444
34176,0.000319,172.217.194.0-255,119,53383,12,256444
34177,0.000416,172.217.194.0-255,377,53760,12,256444
34178,0.000637,172.217.194.0-255,1484,55244,12,256444
34179,0.000641,172.31.36.0-255,66,55310,12,256444
34180,0.000646,172.217.194.0-255,2902,58212,12,256444
34181,0.000648,172.31.36.0-255,66,58278,12,256444
34182,0.000654,172.217.194.0-255,5738,64016,12,256444
34183,0.000656,172.31.36.0-255,66,64082,12,256444
34184,0.000684,172.217.194.0-255,7156,71238,12,256444
34185,0.000687,172.31.36.0-255,66,71304,12,256444
34186,0.00071,172.217.194.0-255,5738,77042,12,256444
34187,0.000712,172.31.36.0-255,66,77108,12,256444
34188,0.000723,172.31.36.0-255,66,77174,12,256444
34189,0.000748,172.217.194.0-255,2184,79358,12,256444
34190,0.000753,172.31.36.0-255,66,79424,12,256444
34191,0.001205,172.217.194.0-255,1484,80908,12,256444
34192,0.001213,172.217.194.0-255,2902,83810,12,256444
34193,0.001217,172.31.36.0-255,66,83876,12,256444
34194,0.001224,172.217.194.0-255,5738,89614,12,256444
34195,0.001226,172.31.36.0-255,66,89680,12,256444
34196,0.001229,172.217.194.0-255,1484,91164,12,256444
34197,0.001259,172.31.36.0-255,66,91230,12,256444
34198,0.001269,172.31.36.0-255,66,91296,12,256444
34199,0.001312,172.217.194.0-255,2184,93480,12,256444
34200,0.001315,172.31.36.0-255,66,93546,12,256444
34201,0.001355,172.217.194.0-255,1484,95030,12,256444
34202,0.001359,172.217.194.0-255,1484,96514,12,256444
34203,0.001361,172.31.36.0-255,66,96580,12,256444
34204,0.001376,172.217.194.0-255,1484,98064,12,256444
34205,0.001382,172.217.194.0-255,4320,102384,12,256444
34206,0.001384,172.31.36.0-255,66,102450,12,256444
34207,0.001409,172.217.194.0-255,1484,103934,12,256444
34208,0.00142,172.31.36.0-255,66,104000,12,256444
34209,0.001433,172.31.36.0-255,66,104066,12,256444
34210,0.001478,172.217.194.0-255,2184,106250,12,256444
34211,0.001481,172.31.36.0-255,66,106316,12,256444
34212,0.001583,172.217.194.0-255,1484,107800,12,256444
34213,0.001604,172.217.194.0-255,2902,110702,12,256444
34214,0.001609,172.31.36.0-255,66,110768,12,256444
34215,0.001627,172.217.194.0-255,5738,116506,12,256444
34216,0.00163,172.31.36.0-255,66,116572,12,256444
34217,0.001667,172.217.194.0-255,5738,122310,12,256444
34218,0.001671,172.31.36.0-255,66,122376,12,256444
34219,0.001694,172.217.194.0-255,7156,129532,12,256444
34220,0.001697,172.31.36.0-255,66,129598,12,256444
34221,0.001715,172.217.194.0-255,1484,131082,12,256444
34222,0.00173,172.217.194.0-255,5738,136820,12,256444
34223,0.001733,172.31.36.0-255,66,136886,12,256444
34224,0.00175,172.217.194.0-255,3602,140488,12,256444
34225,0.001752,172.31.36.0-255,66,140554,12,256444
34226,0.001974,172.217.194.0-255,1484,142038,12,256444
34227,0.001993,172.217.194.0-255,2902,144940,12,256444
34228,0.001996,172.31.36.0-255,66,145006,12,256444
34229,0.001999,172.217.194.0-255,1484,146490,12,256444
34230,0.002019,172.217.194.0-255,4320,150810,12,256444
34231,0.002021,172.31.36.0-255,66,150876,12,256444
34232,0.002028,172.217.194.0-255,7156,158032,12,256444
34233,0.00203,172.31.36.0-255,66,158098,12,256444
34234,0.002053,172.31.36.0-255,66,158164,12,256444
34235,0.002079,172.217.194.0-255,5738,163902,12,256444
34236,0.002081,172.31.36.0-255,66,163968,12,256444
34237,0.002085,172.217.194.0-255,2184,166152,12,256444
34238,0.002087,172.31.36.0-255,66,166218,12,256444
34239,0.002143,172.217.194.0-255,1484,167702,12,256444
34240,0.002146,172.217.194.0-255,1484,169186,12,256444
34241,0.002148,172.31.36.0-255,66,169252,12,256444
34242,0.002162,172.217.194.0-255,1484,170736,12,256444
34243,0.002167,172.217.194.0-255,5738,176474,12,256444
34244,0.00217,172.31.36.0-255,66,176540,12,256444
34245,0.002192,172.217.194.0-255,2902,179442,12,256444
34246,0.002195,172.31.36.0-255,66,179508,12,256444
34247,0.002219,172.217.194.0-255,7156,186664,12,256444
34248,0.002221,172.31.36.0-255,66,186730,12,256444
34249,0.00431,172.217.194.0-255,5738,192468,12,256444
34250,0.004315,172.31.36.0-255,66,192534,12,256444
34251,0.006467,172.217.194.0-255,5738,198272,12,256444
34252,0.006473,172.31.36.0-255,66,198338,12,256444
34253,0.008594,172.217.194.0-255,5738,204076,12,256444
34254,0.0086,172.31.36.0-255,66,204142,12,256444
34255,0.010737,172.217.194.0-255,5738,209880,12,256444
34256,0.010745,172.31.36.0-255,66,209946,12,256444
34257,0.012928,172.217.194.0-255,5738,215684,12,256444
34258,0.012935,172.31.36.0-255,66,215750,12,256444
34259,0.015117,172.217.194.0-255,5738,221488,12,256444
34260,0.015131,172.31.36.0-255,66,221554,12,256444
34261,0.017253,172.217.194.0-255,5738,227292,12,256444
34262,0.017269,172.31.36.0-255,66,227358,12,256444
34263,0.019415,172.217.194.0-255,5738,233096,12,256444
34264,0.019427,172.31.36.0-255,66,233162,12,256444
34265,0.021565,172.217.194.0-255,5738,238900,12,256444
34266,0.021572,172.31.36.0-255,66,238966,12,256444
34267,0.023665,172.217.194.0-255,5738,244704,12,256444
34268,0.023672,172.31.36.0-255,66,244770,12,256444
34269,0.025805,172.217.194.0-255,5738,250508,12,256444
34270,0.025812,172.31.36.0-255,66,250574,12,256444
34271,0.027955,172.217.194.0-255,4320,254894,12,256444
34272,0.027962,172.31.36.0-255,66,254960,12,256444
34273,0.027991,172.217.194.0-255,1484,256444,12,256444
34274,0.0,172.217.194.0-255,155,155,12,199748
34275,1.7e-05,172.31.36.0-255,66,221,12,199748
34276,2.4e-05,172.217.194.0-255,1484,1705,12,199748
34277,2.8e-05,172.31.36.0-255,66,1771,12,199748
34278,3.3e-05,172.217.194.0-255,2902,4673,12,199748
34279,3.6e-05,172.31.36.0-255,66,4739,12,199748
34280,4.3e-05,172.217.194.0-255,5738,10477,12,199748
34281,4.6e-05,172.31.36.0-255,66,10543,12,199748
34282,6.7e-05,172.217.194.0-255,1484,12027,12,199748
34283,7e-05,172.31.36.0-255,66,12093,12,199748
34284,7.6e-05,172.217.194.0-255,2105,14198,12,199748
34285,7.8e-05,172.31.36.0-255,66,14264,12,199748
34286,0.000103,172.217.194.0-255,1484,15748,12,199748
34287,0.000107,172.31.36.0-255,66,15814,12,199748
34288,0.000142,172.31.36.0-255,66,15880,12,199748
34289,0.00016,172.217.194.0-255,5379,21259,12,199748
34290,0.000162,172.31.36.0-255,66,21325,12,199748
34291,0.000204,172.217.194.0-255,5738,27063,12,199748
34292,0.000208,172.31.36.0-255,66,27129,12,199748
34293,0.00022,172.31.36.0-255,66,27195,12,199748
34294,0.000246,172.217.194.0-255,1484,28679,12,199748
34295,0.000249,172.31.36.0-255,66,28745,12,199748
34296,0.000269,172.31.36.0-255,66,28811,12,199748
34297,0.000296,172.217.194.0-255,121,28932,12,199748
34298,0.0003,172.31.36.0-255,66,28998,12,199748
34299,0.000325,172.217.194.0-255,382,29380,12,199748
34300,0.000328,172.31.36.0-255,66,29446,12,199748
34301,0.000639,172.217.194.0-255,1484,30930,12,199748
34302,0.000645,172.31.36.0-255,66,30996,12,199748
34303,0.000652,172.217.194.0-255,2902,33898,12,199748
34304,0.000654,172.31.36.0-255,66,33964,12,199748
34305,0.00066,172.217.194.0-255,5738,39702,12,199748
34306,0.000663,172.31.36.0-255,66,39768,12,199748
34307,0.000666,172.217.194.0-255,1484,41252,12,199748
34308,0.000699,172.31.36.0-255,66,41318,12,199748
34309,0.000763,172.31.36.0-255,66,41384,12,199748
34310,0.000782,172.217.194.0-255,2184,43568,12,199748
34311,0.000792,172.31.36.0-255,66,43634,12,199748
34312,0.000834,172.217.194.0-255,1484,45118,12,199748
34313,0.00084,172.217.194.0-255,2902,48020,12,199748
34314,0.000844,172.31.36.0-255,66,48086,12,199748
34315,0.000847,172.217.194.0-255,1484,49570,12,199748
34316,0.00087,172.217.194.0-255,4320,53890,12,199748
34317,0.000873,172.31.36.0-255,66,53956,12,199748
34318,0.000879,172.217.194.0-255,5738,59694,12,199748
34319,0.000881,172.31.36.0-255,66,59760,12,199748
34320,0.000911,172.217.194.0-255,7156,66916,12,199748
34321,0.000915,172.31.36.0-255,66,66982,12,199748
34322,0.000935,172.217.194.0-255,5738,72720,12,199748
34323,0.000939,172.31.36.0-255,66,72786,12,199748
34324,0.000987,172.31.36.0-255,66,72852,12,199748
34325,0.001033,172.31.36.0-255,66,72918,12,199748
34326,0.001062,172.217.194.0-255,6438,79356,12,199748
34327,0.001066,172.31.36.0-255,66,79422,12,199748
34328,0.001125,172.217.194.0-255,1484,80906,12,199748
34329,0.001133,172.217.194.0-255,2902,83808,12,199748
34330,0.001137,172.31.36.0-255,66,83874,12,199748
34331,0.001142,172.217.194.0-255,4320,88194,12,199748
34332,0.001144,172.31.36.0-255,66,88260,12,199748
34333,0.001159,172.217.194.0-255,1484,89744,12,199748
34334,0.001165,172.217.194.0-255,4320,94064,12,199748
34335,0.001167,172.31.36.0-255,66,94130,12,199748
34336,0.001194,172.31.36.0-255,66,94196,12,199748
34337,0.001206,172.31.36.0-255,66,94262,12,199748
34338,0.001325,172.217.194.0-255,1484,95746,12,199748
34339,0.001331,172.217.194.0-255,2902,98648,12,199748
34340,0.001334,172.31.36.0-255,66,98714,12,199748
34341,0.001356,172.217.194.0-255,5738,104452,12,199748
34342,0.001359,172.31.36.0-255,66,104518,12,199748
34343,0.001396,172.31.36.0-255,66,104584,12,199748
34344,0.001408,172.31.36.0-255,66,104650,12,199748
34345,0.00143,172.217.194.0-255,766,105416,12,199748
34346,0.001485,172.217.194.0-255,1484,106900,12,199748
34347,0.001488,172.31.36.0-255,66,106966,12,199748
34348,0.001513,172.217.194.0-255,2902,109868,12,199748
34349,0.001516,172.31.36.0-255,66,109934,12,199748
34350,0.001522,172.217.194.0-255,5738,115672,12,199748
34351,0.001525,172.31.36.0-255,66,115738,12,199748
34352,0.001531,172.217.194.0-255,5738,121476,12,199748
34353,0.001533,172.31.36.0-255,66,121542,12,199748
34354,0.001574,172.217.194.0-255,7156,128698,12,199748
34355,0.001586,172.217.194.0-255,766,129464,12,199748
34356,0.001606,172.31.36.0-255,66,129530,12,199748
34357,0.00168,172.217.194.0-255,1484,131014,12,199748
34358,0.001687,172.217.194.0-255,2902,133916,12,199748
34359,0.001698,172.217.194.0-255,1484,135400,12,199748
34360,0.001702,172.217.194.0-255,2902,138302,12,199748
34361,0.001706,172.31.36.0-255,66,138368,12,199748
34362,0.001713,172.31.36.0-255,66,138434,12,199748
34363,0.001729,172.217.194.0-255,5738,144172,12,199748
34364,0.001746,172.217.194.0-255,5738,149910,12,199748
34365,0.001766,172.217.194.0-255,7156,157066,12,199748
34366,0.001775,172.31.36.0-255,66,157132,12,199748
34367,0.001796,172.217.194.0-255,6438,163570,12,199748
34368,0.00182,172.31.36.0-255,66,163636,12,199748
34369,0.001855,172.217.194.0-255,1484,165120,12,199748
34370,0.001861,172.217.194.0-255,2902,168022,12,199748
34371,0.001877,172.217.194.0-255,5738,173760,12,199748
34372,0.001885,172.31.36.0-255,66,173826,12,199748
34373,0.001909,172.217.194.0-255,1484,175310,12,199748
34374,0.001937,172.31.36.0-255,66,175376,12,199748
34375,0.001952,172.217.194.0-255,7156,182532,12,199748
34376,0.001959,172.31.36.0-255,66,182598,12,199748
34377,0.001978,172.217.194.0-255,2184,184782,12,199748
34378,0.002034,172.31.36.0-255,66,184848,12,199748
34379,0.002086,172.217.194.0-255,5020,189868,12,199748
34380,0.002091,172.31.36.0-255,66,189934,12,199748
34381,0.002106,172.217.194.0-255,7156,197090,12,199748
34382,0.002144,172.217.194.0-255,2184,199274,12,199748
34383,0.00217,172.31.36.0-255,66,199340,12,199748
34384,0.002176,172.31.36.0-255,66,199406,12,199748
34385,0.002191,172.217.194.0-255,105,199511,12,199748
34386,0.010791,172.31.36.0-255,66,199577,12,199748
34387,0.010854,172.31.36.0-255,105,199682,12,199748
34388,0.013415,172.217.194.0-255,66,199748,12,199748
34389,0.0,172.217.194.0-255,153,153,12,249852
34390,2.2e-05,172.31.36.0-255,66,219,12,249852
34391,3e-05,172.217.194.0-255,1484,1703,12,249852
34392,3.5e-05,172.31.36.0-255,66,1769,12,249852
34393,4.2e-05,172.217.194.0-255,2902,4671,12,249852
34394,4.6e-05,172.31.36.0-255,66,4737,12,249852
34395,5.5e-05,172.217.194.0-255,7156,11893,12,249852
34396,5.8e-05,172.31.36.0-255,66,11959,12,249852
34397,6.2e-05,172.217.194.0-255,2091,14050,12,249852
34398,6.5e-05,172.31.36.0-255,66,14116,12,249852
34399,9.3e-05,172.217.194.0-255,4320,18436,12,249852
34400,9.7e-05,172.31.36.0-255,66,18502,12,249852
34401,0.000122,172.217.194.0-255,7156,25658,12,249852
34402,0.000125,172.31.36.0-255,66,25724,12,249852
34403,0.000131,172.217.194.0-255,5379,31103,12,249852
34404,0.000134,172.31.36.0-255,66,31169,12,249852
34405,0.000252,172.217.194.0-255,1484,32653,12,249852
34406,0.000256,172.31.36.0-255,66,32719,12,249852
34407,0.000262,172.217.194.0-255,2902,35621,12,249852
34408,0.000265,172.31.36.0-255,66,35687,12,249852
34409,0.000268,172.217.194.0-255,1484,37171,12,249852
34410,0.000269,172.31.36.0-255,66,37237,12,249852
34411,0.000303,172.217.194.0-255,4320,41557,12,249852
34412,0.000306,172.31.36.0-255,66,41623,12,249852
34413,0.000312,172.217.194.0-255,5738,47361,12,249852
34414,0.000314,172.31.36.0-255,66,47427,12,249852
34415,0.00032,172.217.194.0-255,4320,51747,12,249852
34416,0.000322,172.31.36.0-255,66,51813,12,249852
34417,0.000346,172.31.36.0-255,66,51879,12,249852
34418,0.000361,172.217.194.0-255,1484,53363,12,249852
34419,0.000364,172.31.36.0-255,66,53429,12,249852
34420,0.000403,172.217.194.0-255,2795,56224,12,249852
34421,0.000408,172.217.194.0-255,121,56345,12,249852
34422,0.000524,172.31.36.0-255,66,56411,12,249852
34423,0.000536,172.217.194.0-255,378,56789,12,249852
34424,0.000939,172.217.194.0-255,1484,58273,12,249852
34425,0.000947,172.31.36.0-255,66,58339,12,249852
34426,0.000962,172.217.194.0-255,2902,61241,12,249852
34427,0.000966,172.217.194.0-255,1484,62725,12,249852
34428,0.000987,172.217.194.0-255,4320,67045,12,249852
34429,0.00099,172.31.36.0-255,66,67111,12,249852
34430,0.000995,172.31.36.0-255,66,67177,12,249852
34431,0.001009,172.217.194.0-255,1484,68661,12,249852
34432,0.001041,172.217.194.0-255,4320,72981,12,249852
34433,0.001063,172.217.194.0-255,6438,79419,12,249852
34434,0.001074,172.31.36.0-255,66,79485,12,249852
34435,0.001092,172.217.194.0-255,1484,80969,12,249852
34436,0.001095,172.217.194.0-255,1484,82453,12,249852
34437,0.001102,172.31.36.0-255,66,82519,12,249852
34438,0.001119,172.217.194.0-255,1484,84003,12,249852
34439,0.001125,172.217.194.0-255,5738,89741,12,249852
34440,0.001141,172.31.36.0-255,66,89807,12,249852
34441,0.001174,172.217.194.0-255,6249,96056,12,249852
34442,0.001194,172.31.36.0-255,66,96122,12,249852
34443,0.001356,172.217.194.0-255,1484,97606,12,249852
34444,0.00137,172.217.194.0-255,2902,100508,12,249852
34445,0.001374,172.31.36.0-255,66,100574,12,249852
34446,0.001386,172.217.194.0-255,1484,102058,12,249852
34447,0.001403,172.217.194.0-255,4320,106378,12,249852
34448,0.001436,172.217.194.0-255,7156,113534,12,249852
34449,0.001444,172.31.36.0-255,66,113600,12,249852
34450,0.001487,172.217.194.0-255,3602,117202,12,249852
34451,0.001493,172.31.36.0-255,66,117268,12,249852
34452,0.001693,172.217.194.0-255,1484,118752,12,249852
34453,0.0017,172.217.194.0-255,2902,121654,12,249852
34454,0.001703,172.31.36.0-255,66,121720,12,249852
34455,0.001711,172.217.194.0-255,5738,127458,12,249852
34456,0.001721,172.31.36.0-255,66,127524,12,249852
34457,0.001796,172.217.194.0-255,7156,134680,12,249852
34458,0.001803,172.31.36.0-255,66,134746,12,249852
34459,0.001835,172.31.36.0-255,66,134812,12,249852
34460,0.001925,172.217.194.0-255,1484,136296,12,249852
34461,0.001931,172.217.194.0-255,2902,139198,12,249852
34462,0.001937,172.31.36.0-255,66,139264,12,249852
34463,0.001962,172.217.194.0-255,5738,145002,12,249852
34464,0.001974,172.31.36.0-255,66,145068,12,249852
34465,0.002002,172.217.194.0-255,7156,152224,12,249852
34466,0.002021,172.31.36.0-255,66,152290,12,249852
34467,0.002039,172.217.194.0-255,1484,153774,12,249852
34468,0.002054,172.217.194.0-255,2184,155958,12,249852
34469,0.002069,172.31.36.0-255,66,156024,12,249852
34470,0.00211,172.217.194.0-255,1484,157508,12,249852
34471,0.002116,172.217.194.0-255,2902,160410,12,249852
34472,0.002118,172.31.36.0-255,66,160476,12,249852
34473,0.002132,172.217.194.0-255,1484,161960,12,249852
34474,0.002149,172.217.194.0-255,4320,166280,12,249852
34475,0.002153,172.217.194.0-255,2902,169182,12,249852
34476,0.002165,172.31.36.0-255,66,169248,12,249852
34477,0.002183,172.217.194.0-255,2902,172150,12,249852
34478,0.00219,172.31.36.0-255,66,172216,12,249852
34479,0.002224,172.31.36.0-255,66,172282,12,249852
34480,0.002266,172.217.194.0-255,1484,173766,12,249852
34481,0.002272,172.217.194.0-255,2902,176668,12,249852
34482,0.00229,172.217.194.0-255,5738,182406,12,249852
34483,0.002303,172.217.194.0-255,1484,183890,12,249852
34484,0.002339,172.217.194.0-255,2902,186792,12,249852
34485,0.002347,172.217.194.0-255,7156,193948,12,249852
34486,0.002369,172.217.194.0-255,3602,197550,12,249852
34487,0.007284,172.31.36.0-255,66,197616,12,249852
34488,0.009631,172.217.194.0-255,5738,203354,12,249852
34489,0.009638,172.31.36.0-255,66,203420,12,249852
34490,0.011992,172.217.194.0-255,5738,209158,12,249852
34491,0.012002,172.31.36.0-255,66,209224,12,249852
34492,0.014357,172.217.194.0-255,5738,214962,12,249852
34493,0.015739,172.31.36.0-255,66,215028,12,249852
34494,0.018114,172.217.194.0-255,5738,220766,12,249852
34495,0.018124,172.31.36.0-255,66,220832,12,249852
34496,0.020449,172.217.194.0-255,5738,226570,12,249852
34497,0.020457,172.31.36.0-255,66,226636,12,249852
34498,0.022808,172.217.194.0-255,5738,232374,12,249852
34499,0.022815,172.31.36.0-255,66,232440,12,249852
34500,0.025145,172.217.194.0-255,5738,238178,12,249852
34501,0.025157,172.31.36.0-255,66,238244,12,249852
34502,0.027486,172.217.194.0-255,5738,243982,12,249852
34503,0.027494,172.31.36.0-255,66,244048,12,249852
34504,0.029818,172.217.194.0-255,5738,249786,12,249852
34505,0.029825,172.31.36.0-255,66,249852,12,249852
34506,0.0,74.125.24.0-255,149,149,12,214429
34507,3.5e-05,172.31.36.0-255,66,215,12,214429
34508,4.3e-05,74.125.24.0-255,1484,1699,12,214429
34509,4.7e-05,172.31.36.0-255,66,1765,12,214429
34510,5.2e-05,74.125.24.0-255,2902,4667,12,214429
34511,5.4e-05,172.31.36.0-255,66,4733,12,214429
34512,6.1e-05,74.125.24.0-255,5738,10471,12,214429
34513,6.4e-05,172.31.36.0-255,66,10537,12,214429
34514,6.8e-05,74.125.24.0-255,2902,13439,12,214429
34515,7.1e-05,172.31.36.0-255,66,13505,12,214429
34516,0.000109,172.31.36.0-255,66,13571,12,214429
34517,0.000124,172.31.36.0-255,66,13637,12,214429
34518,0.000139,74.125.24.0-255,1484,15121,12,214429
34519,0.000142,172.31.36.0-255,66,15187,12,214429
34520,0.000158,74.125.24.0-255,4320,19507,12,214429
34521,0.000163,172.31.36.0-255,66,19573,12,214429
34522,0.00017,74.125.24.0-255,7156,26729,12,214429
34523,0.000172,172.31.36.0-255,66,26795,12,214429
34524,0.000195,74.125.24.0-255,3961,30756,12,214429
34525,0.000197,172.31.36.0-255,66,30822,12,214429
34526,0.00022,74.125.24.0-255,1484,32306,12,214429
34527,0.000223,172.31.36.0-255,66,32372,12,214429
34528,0.000237,74.125.24.0-255,2902,35274,12,214429
34529,0.00024,172.31.36.0-255,66,35340,12,214429
34530,0.00026,74.125.24.0-255,4320,39660,12,214429
34531,0.000262,172.31.36.0-255,66,39726,12,214429
34532,0.00029,74.125.24.0-255,5738,45464,12,214429
34533,0.000292,172.31.36.0-255,66,45530,12,214429
34534,0.000295,74.125.24.0-255,1484,47014,12,214429
34535,0.000297,172.31.36.0-255,66,47080,12,214429
34536,0.0003,74.125.24.0-255,1125,48205,12,214429
34537,0.000846,172.31.36.0-255,66,48271,12,214429
34538,0.000908,74.125.24.0-255,648,48919,12,214429
34539,0.001122,74.125.24.0-255,1484,50403,12,214429
34540,0.001128,172.31.36.0-255,66,50469,12,214429
34541,0.001134,74.125.24.0-255,2902,53371,12,214429
34542,0.001137,172.31.36.0-255,66,53437,12,214429
34543,0.001159,74.125.24.0-255,1484,54921,12,214429
34544,0.001164,74.125.24.0-255,2902,57823,12,214429
34545,0.001167,172.31.36.0-255,66,57889,12,214429
34546,0.001173,74.125.24.0-255,4320,62209,12,214429
34547,0.001174,172.31.36.0-255,66,62275,12,214429
34548,0.001187,74.125.24.0-255,1484,63759,12,214429
34549,0.001197,74.125.24.0-255,7156,70915,12,214429
34550,0.001199,172.31.36.0-255,66,70981,12,214429
34551,0.00122,74.125.24.0-255,5738,76719,12,214429
34552,0.001223,172.31.36.0-255,66,76785,12,214429
34553,0.001229,74.125.24.0-255,6438,83223,12,214429
34554,0.001231,172.31.36.0-255,66,83289,12,214429
34555,0.001328,74.125.24.0-255,1484,84773,12,214429
34556,0.001335,74.125.24.0-255,2902,87675,12,214429
34557,0.001337,172.31.36.0-255,66,87741,12,214429
34558,0.001345,74.125.24.0-255,5738,93479,12,214429
34559,0.001346,172.31.36.0-255,66,93545,12,214429
34560,0.001401,172.31.36.0-255,66,93611,12,214429
34561,0.001424,172.31.36.0-255,66,93677,12,214429
34562,0.001448,74.125.24.0-255,5020,98697,12,214429
34563,0.001451,172.31.36.0-255,66,98763,12,214429
34564,0.001468,74.125.24.0-255,1484,100247,12,214429
34565,0.001473,74.125.24.0-255,2902,103149,12,214429
34566,0.001476,172.31.36.0-255,66,103215,12,214429
34567,0.001494,74.125.24.0-255,5738,108953,12,214429
34568,0.001496,172.31.36.0-255,66,109019,12,214429
34569,0.001528,172.31.36.0-255,66,109085,12,214429
34570,0.001535,74.125.24.0-255,7156,116241,12,214429
34571,0.001537,172.31.36.0-255,66,116307,12,214429
34572,0.001574,74.125.24.0-255,3602,119909,12,214429
34573,0.001577,172.31.36.0-255,66,119975,12,214429
34574,0.001828,74.125.24.0-255,1484,121459,12,214429
34575,0.001835,74.125.24.0-255,2902,124361,12,214429
34576,0.001839,172.31.36.0-255,66,124427,12,214429
34577,0.001845,74.125.24.0-255,4320,128747,12,214429
34578,0.001848,172.31.36.0-255,66,128813,12,214429
34579,0.001878,74.125.24.0-255,1484,130297,12,214429
34580,0.00189,172.31.36.0-255,66,130363,12,214429
34581,0.001897,74.125.24.0-255,7156,137519,12,214429
34582,0.001899,172.31.36.0-255,66,137585,12,214429
34583,0.001932,74.125.24.0-255,6438,144023,12,214429
34584,0.001935,172.31.36.0-255,66,144089,12,214429
34585,0.001941,74.125.24.0-255,5738,149827,12,214429
34586,0.001943,172.31.36.0-255,66,149893,12,214429
34587,0.001954,74.125.24.0-255,1484,151377,12,214429
34588,0.001957,74.125.24.0-255,1484,152861,12,214429
34589,0.001959,172.31.36.0-255,66,152927,12,214429
34590,0.001986,172.31.36.0-255,66,152993,12,214429
34591,0.001992,74.125.24.0-255,5738,158731,12,214429
34592,0.001994,172.31.36.0-255,66,158797,12,214429
34593,0.00201,74.125.24.0-255,2184,160981,12,214429
34594,0.002012,172.31.36.0-255,66,161047,12,214429
34595,0.002304,74.125.24.0-255,1484,162531,12,214429
34596,0.002316,74.125.24.0-255,2902,165433,12,214429
34597,0.002318,172.31.36.0-255,66,165499,12,214429
34598,0.002337,74.125.24.0-255,4320,169819,12,214429
34599,0.00234,172.31.36.0-255,66,169885,12,214429
34600,0.002345,74.125.24.0-255,4320,174205,12,214429
34601,0.002347,172.31.36.0-255,66,174271,12,214429
34602,0.002372,74.125.24.0-255,4320,178591,12,214429
34603,0.002374,172.31.36.0-255,66,178657,12,214429
34604,0.002377,74.125.24.0-255,1484,180141,12,214429
34605,0.002405,172.31.36.0-255,66,180207,12,214429
34606,0.002408,74.125.24.0-255,1484,181691,12,214429
34607,0.002438,172.31.36.0-255,66,181757,12,214429
34608,0.002448,172.31.36.0-255,66,181823,12,214429
34609,0.002544,74.125.24.0-255,2902,184725,12,214429
34610,0.002587,74.125.24.0-255,6438,191163,12,214429
34611,0.002624,74.125.24.0-255,5738,196901,12,214429
34612,0.002628,74.125.24.0-255,3602,200503,12,214429
34613,0.002634,74.125.24.0-255,5738,206241,12,214429
34614,0.002669,74.125.24.0-255,5738,211979,12,214429
34615,0.007695,172.31.36.0-255,66,212045,12,214429
34616,0.01037,74.125.24.0-255,2147,214192,12,214429
34617,0.010378,172.31.36.0-255,66,214258,12,214429
34618,0.010554,172.31.36.0-255,105,214363,12,214429
34619,0.013169,74.125.24.0-255,66,214429,12,214429
34620,0.0,172.217.194.0-255,151,151,12,232243
34621,3.4e-05,172.31.36.0-255,66,217,12,232243
34622,4.1e-05,172.217.194.0-255,1484,1701,12,232243
34623,4.6e-05,172.31.36.0-255,66,1767,12,232243
34624,5.2e-05,172.217.194.0-255,2902,4669,12,232243
34625,5.4e-05,172.31.36.0-255,66,4735,12,232243
34626,6.2e-05,172.217.194.0-255,7156,11891,12,232243
34627,6.6e-05,172.31.36.0-255,66,11957,12,232243
34628,7.1e-05,172.217.194.0-255,3493,15450,12,232243
34629,7.3e-05,172.31.36.0-255,66,15516,12,232243
34630,8e-05,172.217.194.0-255,7156,22672,12,232243
34631,8.3e-05,172.31.36.0-255,66,22738,12,232243
34632,0.000104,172.217.194.0-255,5738,28476,12,232243
34633,0.000106,172.31.36.0-255,66,28542,12,232243
34634,0.00011,172.217.194.0-255,2543,31085,12,232243
34635,0.000112,172.31.36.0-255,66,31151,12,232243
34636,0.001237,172.217.194.0-255,1484,32635,12,232243
34637,0.001245,172.31.36.0-255,66,32701,12,232243
34638,0.001254,172.217.194.0-255,2902,35603,12,232243
34639,0.001256,172.31.36.0-255,66,35669,12,232243
34640,0.001262,172.217.194.0-255,5738,41407,12,232243
34641,0.001265,172.31.36.0-255,66,41473,12,232243
34642,0.001294,172.217.194.0-255,4320,45793,12,232243
34643,0.001297,172.31.36.0-255,66,45859,12,232243
34644,0.001316,172.217.194.0-255,6797,52656,12,232243
34645,0.001318,172.31.36.0-255,66,52722,12,232243
34646,0.001344,172.217.194.0-255,7156,59878,12,232243
34647,0.001346,172.31.36.0-255,66,59944,12,232243
34648,0.001361,172.217.194.0-255,4320,64264,12,232243
34649,0.001364,172.31.36.0-255,66,64330,12,232243
34650,0.001366,172.217.194.0-255,1377,65707,12,232243
34651,0.001368,172.31.36.0-255,66,65773,12,232243
34652,0.001464,172.217.194.0-255,118,65891,12,232243
34653,0.001673,172.217.194.0-255,1484,67375,12,232243
34654,0.00169,172.217.194.0-255,2902,70277,12,232243
34655,0.001706,172.217.194.0-255,4320,74597,12,232243
34656,0.001716,172.217.194.0-255,1484,76081,12,232243
34657,0.001734,172.217.194.0-255,2902,78983,12,232243
34658,0.001746,172.217.194.0-255,4320,83303,12,232243
34659,0.001758,172.217.194.0-255,4320,87623,12,232243
34660,0.001768,172.217.194.0-255,1484,89107,12,232243
34661,0.001771,172.217.194.0-255,1484,90591,12,232243
34662,0.001784,172.217.194.0-255,4320,94911,12,232243
34663,0.001806,172.217.194.0-255,4320,99231,12,232243
34664,0.001808,172.217.194.0-255,766,99997,12,232243
34665,0.001811,172.217.194.0-255,1484,101481,12,232243
34666,0.001815,172.217.194.0-255,2902,104383,12,232243
34667,0.001833,172.217.194.0-255,1484,105867,12,232243
34668,0.001839,172.217.194.0-255,5738,111605,12,232243
34669,0.001861,172.217.194.0-255,4320,115925,12,232243
34670,0.001874,172.217.194.0-255,7156,123081,12,232243
34671,0.001889,172.217.194.0-255,4320,127401,12,232243
34672,0.001913,172.217.194.0-255,7156,134557,12,232243
34673,0.00198,172.217.194.0-255,5738,140295,12,232243
34674,0.002042,172.217.194.0-255,4320,144615,12,232243
34675,0.00206,172.217.194.0-255,5738,150353,12,232243
34676,0.002102,172.217.194.0-255,1484,151837,12,232243
34677,0.002109,172.217.194.0-255,7156,158993,12,232243
34678,0.002128,172.217.194.0-255,5020,164013,12,232243
34679,0.002134,172.217.194.0-255,4320,168333,12,232243
34680,0.004007,172.31.36.0-255,66,168399,12,232243
34681,0.006091,172.217.194.0-255,5738,174137,12,232243
34682,0.0061,172.31.36.0-255,66,174203,12,232243
34683,0.008126,172.217.194.0-255,5738,179941,12,232243
34684,0.008132,172.31.36.0-255,66,180007,12,232243
34685,0.010166,172.217.194.0-255,5738,185745,12,232243
34686,0.010172,172.31.36.0-255,66,185811,12,232243
34687,0.012381,172.217.194.0-255,5738,191549,12,232243
34688,0.014916,172.31.36.0-255,66,191615,12,232243
34689,0.016957,172.217.194.0-255,5738,197353,12,232243
34690,0.016968,172.31.36.0-255,66,197419,12,232243
34691,0.019013,172.217.194.0-255,5738,203157,12,232243
34692,0.019023,172.31.36.0-255,66,203223,12,232243
34693,0.021054,172.217.194.0-255,5738,208961,12,232243
34694,0.021064,172.31.36.0-255,66,209027,12,232243
34695,0.023114,172.217.194.0-255,5738,214765,12,232243
34696,0.023121,172.31.36.0-255,66,214831,12,232243
34697,0.025154,172.217.194.0-255,5738,220569,12,232243
34698,0.025162,172.31.36.0-255,66,220635,12,232243
34699,0.027201,172.217.194.0-255,5738,226373,12,232243
34700,0.027213,172.31.36.0-255,66,226439,12,232243
34701,0.029239,172.217.194.0-255,5738,232177,12,232243
34702,0.029249,172.31.36.0-255,66,232243,12,232243
34703,0.0,172.253.118.0-255,153,153,12,170268
34704,3.4e-05,172.31.36.0-255,66,219,12,170268
34705,4.1e-05,172.253.118.0-255,1484,1703,12,170268
34706,4.6e-05,172.31.36.0-255,66,1769,12,170268
34707,5e-05,172.253.118.0-255,2902,4671,12,170268
34708,6.3e-05,172.31.36.0-255,66,4737,12,170268
34709,7e-05,172.253.118.0-255,7156,11893,12,170268
34710,7.3e-05,172.31.36.0-255,66,11959,12,170268
34711,7.7e-05,172.253.118.0-255,1986,13945,12,170268
34712,8e-05,172.31.36.0-255,66,14011,12,170268
34713,0.00011,172.253.118.0-255,1484,15495,12,170268
34714,0.000113,172.31.36.0-255,66,15561,12,170268
34715,0.000141,172.253.118.0-255,2902,18463,12,170268
34716,0.000144,172.31.36.0-255,66,18529,12,170268
34717,0.00015,172.253.118.0-255,5738,24267,12,170268
34718,0.000152,172.31.36.0-255,66,24333,12,170268
34719,0.000177,172.253.118.0-255,6797,31130,12,170268
34720,0.00018,172.31.36.0-255,66,31196,12,170268
34721,0.00036,172.253.118.0-255,1484,32680,12,170268
34722,0.000364,172.31.36.0-255,66,32746,12,170268
34723,0.000379,172.253.118.0-255,2902,35648,12,170268
34724,0.000387,172.31.36.0-255,66,35714,12,170268
34725,0.000393,172.253.118.0-255,5738,41452,12,170268
34726,0.000396,172.31.36.0-255,66,41518,12,170268
34727,0.000424,172.253.118.0-255,6797,48315,12,170268
34728,0.000427,172.31.36.0-255,66,48381,12,170268
34729,0.000852,172.253.118.0-255,1484,49865,12,170268
34730,0.000858,172.31.36.0-255,66,49931,12,170268
34731,0.000867,172.253.118.0-255,2902,52833,12,170268
34732,0.000875,172.31.36.0-255,66,52899,12,170268
34733,0.000882,172.253.118.0-255,5738,58637,12,170268
34734,0.000885,172.31.36.0-255,66,58703,12,170268
34735,0.000916,172.253.118.0-255,2902,61605,12,170268
34736,0.000919,172.31.36.0-255,66,61671,12,170268
34737,0.000939,172.253.118.0-255,4542,66213,12,170268
34738,0.000942,172.31.36.0-255,66,66279,12,170268
34739,0.001762,172.253.118.0-255,1484,67763,12,170268
34740,0.00177,172.253.118.0-255,2902,70665,12,170268
34741,0.001774,172.31.36.0-255,66,70731,12,170268
34742,0.001781,172.253.118.0-255,5738,76469,12,170268
34743,0.001783,172.31.36.0-255,66,76535,12,170268
34744,0.001818,172.253.118.0-255,7156,83691,12,170268
34745,0.00182,172.31.36.0-255,66,83757,12,170268
34746,0.001877,172.31.36.0-255,66,83823,12,170268
34747,0.001881,172.253.118.0-255,2184,86007,12,170268
34748,0.001884,172.31.36.0-255,66,86073,12,170268
34749,0.003858,172.253.118.0-255,5738,91811,12,170268
34750,0.003862,172.31.36.0-255,66,91877,12,170268
34751,0.005853,172.253.118.0-255,4320,96197,12,170268
34752,0.005855,172.31.36.0-255,66,96263,12,170268
34753,0.005871,172.253.118.0-255,1484,97747,12,170268
34754,0.007867,172.253.118.0-255,4320,102067,12,170268
34755,0.007874,172.31.36.0-255,66,102133,12,170268
34756,0.009872,172.253.118.0-255,5738,107871,12,170268
34757,0.009879,172.31.36.0-255,66,107937,12,170268
34758,0.011878,172.253.118.0-255,5738,113675,12,170268
34759,0.011887,172.31.36.0-255,66,113741,12,170268
34760,0.013885,172.253.118.0-255,5738,119479,12,170268
34761,0.013892,172.31.36.0-255,66,119545,12,170268
34762,0.015884,172.253.118.0-255,5738,125283,12,170268
34763,0.015892,172.31.36.0-255,66,125349,12,170268
34764,0.017885,172.253.118.0-255,5738,131087,12,170268
34765,0.017893,172.31.36.0-255,66,131153,12,170268
34766,0.019891,172.253.118.0-255,5738,136891,12,170268
34767,0.019899,172.31.36.0-255,66,136957,12,170268
34768,0.021703,172.31.36.0-255,172,137129,12,170268
34769,0.021733,172.31.36.0-255,1108,138237,12,170268
34770,0.021775,172.31.36.0-255,1514,139751,12,170268
34771,0.021776,172.31.36.0-255,1299,141050,12,170268
34772,0.021897,172.253.118.0-255,5738,146788,12,170268
34773,0.021903,172.31.36.0-255,66,146854,12,170268
34774,0.023223,104.244.42.0-255,66,146920,12,170268
34775,0.023284,104.244.42.0-255,66,146986,12,170268
34776,0.023287,104.244.42.0-255,66,147052,12,170268
34777,0.023897,172.253.118.0-255,5738,152790,12,170268
34778,0.023901,172.31.36.0-255,66,152856,12,170268
34779,0.025893,172.253.118.0-255,5738,158594,12,170268
34780,0.025898,172.31.36.0-255,66,158660,12,170268
34781,0.027886,172.253.118.0-255,5738,164398,12,170268
34782,0.027891,172.31.36.0-255,66,164464,12,170268
34783,0.02989,172.253.118.0-255,5738,170202,12,170268
34784,0.029895,172.31.36.0-255,66,170268,12,170268
34785,0.0,74.125.24.0-255,152,152,12,145588
34786,3.3e-05,172.31.36.0-255,66,218,12,145588
34787,4e-05,74.125.24.0-255,1484,1702,12,145588
34788,4.4e-05,172.31.36.0-255,66,1768,12,145588
34789,5e-05,74.125.24.0-255,2902,4670,12,145588
34790,5.3e-05,172.31.36.0-255,66,4736,12,145588
34791,5.9e-05,74.125.24.0-255,5738,10474,12,145588
34792,6.1e-05,172.31.36.0-255,66,10540,12,145588
34793,0.000126,74.125.24.0-255,3528,14068,12,145588
34794,0.00013,172.31.36.0-255,66,14134,12,145588
34795,0.000185,172.31.36.0-255,66,14200,12,145588
34796,0.000203,74.125.24.0-255,1484,15684,12,145588
34797,0.000205,172.31.36.0-255,66,15750,12,145588
34798,0.000353,74.125.24.0-255,5379,21129,12,145588
34799,0.000359,172.31.36.0-255,66,21195,12,145588
34800,0.000442,74.125.24.0-255,5738,26933,12,145588
34801,0.000447,172.31.36.0-255,66,26999,12,145588
34802,0.00053,172.31.36.0-255,66,27065,12,145588
34803,0.000537,74.125.24.0-255,3961,31026,12,145588
34804,0.00054,172.31.36.0-255,66,31092,12,145588
34805,0.000718,172.31.36.0-255,66,31158,12,145588
34806,0.000739,74.125.24.0-255,5379,36537,12,145588
34807,0.000742,172.31.36.0-255,66,36603,12,145588
34808,0.000922,74.125.24.0-255,647,37250,12,145588
34809,0.000926,172.31.36.0-255,66,37316,12,145588
34810,0.001057,74.125.24.0-255,1484,38800,12,145588
34811,0.001061,172.31.36.0-255,66,38866,12,145588
34812,0.001067,74.125.24.0-255,2902,41768,12,145588
34813,0.00107,172.31.36.0-255,66,41834,12,145588
34814,0.001127,74.125.24.0-255,2902,44736,12,145588
34815,0.001146,74.125.24.0-255,2902,47638,12,145588
34816,0.001204,74.125.24.0-255,1484,49122,12,145588
34817,0.001383,74.125.24.0-255,5738,54860,12,145588
34818,0.001398,74.125.24.0-255,5020,59880,12,145588
34819,0.001536,74.125.24.0-255,4320,64200,12,145588
34820,0.001577,74.125.24.0-255,4320,68520,12,145588
34821,0.002043,74.125.24.0-255,4320,72840,12,145588
34822,0.002545,74.125.24.0-255,5738,78578,12,145588
34823,0.003137,74.125.24.0-255,5738,84316,12,145588
34824,0.00376,172.31.36.0-255,66,84382,12,145588
34825,0.00607,74.125.24.0-255,5738,90120,12,145588
34826,0.006076,172.31.36.0-255,66,90186,12,145588
34827,0.008404,74.125.24.0-255,5738,95924,12,145588
34828,0.008409,172.31.36.0-255,66,95990,12,145588
34829,0.01073,74.125.24.0-255,5738,101728,12,145588
34830,0.010736,172.31.36.0-255,66,101794,12,145588
34831,0.01306,74.125.24.0-255,5738,107532,12,145588
34832,0.013067,172.31.36.0-255,66,107598,12,145588
34833,0.015389,74.125.24.0-255,5738,113336,12,145588
34834,0.015398,172.31.36.0-255,66,113402,12,145588
34835,0.017726,74.125.24.0-255,5738,119140,12,145588
34836,0.017732,172.31.36.0-255,66,119206,12,145588
34837,0.020052,74.125.24.0-255,5738,124944,12,145588
34838,0.020059,172.31.36.0-255,66,125010,12,145588
34839,0.022385,74.125.24.0-255,2902,127912,12,145588
34840,0.022392,172.31.36.0-255,66,127978,12,145588
34841,0.022419,74.125.24.0-255,2902,130880,12,145588
34842,0.022437,172.31.36.0-255,66,130946,12,145588
34843,0.024683,74.125.24.0-255,2902,133848,12,145588
34844,0.024691,172.31.36.0-255,66,133914,12,145588
34845,0.024722,74.125.24.0-255,2902,136816,12,145588
34846,0.027041,74.125.24.0-255,2902,139718,12,145588
34847,0.027109,172.31.36.0-255,66,139784,12,145588
34848,0.029407,74.125.24.0-255,5738,145522,12,145588
34849,0.029417,172.31.36.0-255,66,145588,12,145588
34850,0.0,74.125.130.0-255,143,143,12,140277
34851,1.6e-05,172.31.36.0-255,66,209,12,140277
34852,2.2e-05,74.125.130.0-255,1484,1693,12,140277
34853,2.8e-05,172.31.36.0-255,66,1759,12,140277
34854,5.1e-05,74.125.130.0-255,2902,4661,12,140277
34855,5.4e-05,172.31.36.0-255,66,4727,12,140277
34856,5.7e-05,74.125.130.0-255,1484,6211,12,140277
34857,5.9e-05,172.31.36.0-255,66,6277,12,140277
34858,8.5e-05,74.125.130.0-255,2902,9179,12,140277
34859,8.8e-05,172.31.36.0-255,66,9245,12,140277
34860,9.5e-05,74.125.130.0-255,4923,14168,12,140277
34861,9.7e-05,172.31.36.0-255,66,14234,12,140277
34862,0.000288,74.125.130.0-255,1484,15718,12,140277
34863,0.000293,172.31.36.0-255,66,15784,12,140277
34864,0.000299,74.125.130.0-255,2902,18686,12,140277
34865,0.000302,172.31.36.0-255,66,18752,12,140277
34866,0.000306,74.125.130.0-255,1484,20236,12,140277
34867,0.000309,172.31.36.0-255,66,20302,12,140277
34868,0.000338,74.125.130.0-255,2902,23204,12,140277
34869,0.000341,172.31.36.0-255,66,23270,12,140277
34870,0.000347,74.125.130.0-255,5738,29008,12,140277
34871,0.00035,172.31.36.0-255,66,29074,12,140277
34872,0.000367,74.125.130.0-255,5738,34812,12,140277
34873,0.000369,172.31.36.0-255,66,34878,12,140277
34874,0.000393,74.125.130.0-255,2543,37421,12,140277
34875,0.000396,172.31.36.0-255,66,37487,12,140277
34876,0.000399,74.125.130.0-255,1484,38971,12,140277
34877,0.000401,172.31.36.0-255,66,39037,12,140277
34878,0.000422,74.125.130.0-255,7156,46193,12,140277
34879,0.000424,172.31.36.0-255,66,46259,12,140277
34880,0.000429,74.125.130.0-255,2902,49161,12,140277
34881,0.000431,172.31.36.0-255,66,49227,12,140277
34882,0.000448,74.125.130.0-255,1484,50711,12,140277
34883,0.000479,172.31.36.0-255,66,50777,12,140277
34884,0.000497,74.125.130.0-255,1484,52261,12,140277
34885,0.000502,74.125.130.0-255,3602,55863,12,140277
34886,0.000503,74.125.130.0-255,347,56210,12,140277
34887,0.000508,172.31.36.0-255,66,56276,12,140277
34888,0.000995,172.31.36.0-255,66,56342,12,140277
34889,0.001908,74.125.130.0-255,116,56458,12,140277
34890,0.002573,74.125.130.0-255,2902,59360,12,140277
34891,0.002578,172.31.36.0-255,66,59426,12,140277
34892,0.003043,74.125.130.0-255,1484,60910,12,140277
34893,0.004654,74.125.130.0-255,1484,62394,12,140277
34894,0.004659,172.31.36.0-255,66,62460,12,140277
34895,0.004679,74.125.130.0-255,2902,65362,12,140277
34896,0.004681,172.31.36.0-255,66,65428,12,140277
34897,0.006722,74.125.130.0-255,2902,68330,12,140277
34898,0.006728,172.31.36.0-255,66,68396,12,140277
34899,0.006748,74.125.130.0-255,2902,71298,12,140277
34900,0.006751,172.31.36.0-255,66,71364,12,140277
34901,0.008805,74.125.130.0-255,5738,77102,12,140277
34902,0.008813,172.31.36.0-255,66,77168,12,140277
34903,0.010886,74.125.130.0-255,5738,82906,12,140277
34904,0.010895,172.31.36.0-255,66,82972,12,140277
34905,0.012966,74.125.130.0-255,5738,88710,12,140277
34906,0.012973,172.31.36.0-255,66,88776,12,140277
34907,0.015047,74.125.130.0-255,5738,94514,12,140277
34908,0.015058,172.31.36.0-255,66,94580,12,140277
34909,0.01715,74.125.130.0-255,5738,100318,12,140277
34910,0.017157,172.31.36.0-255,66,100384,12,140277
34911,0.019232,74.125.130.0-255,5738,106122,12,140277
34912,0.019239,172.31.36.0-255,66,106188,12,140277
34913,0.021304,74.125.130.0-255,5738,111926,12,140277
34914,0.021312,172.31.36.0-255,66,111992,12,140277
34915,0.023383,74.125.130.0-255,5738,117730,12,140277
34916,0.023391,172.31.36.0-255,66,117796,12,140277
34917,0.025478,74.125.130.0-255,5738,123534,12,140277
34918,0.025486,172.31.36.0-255,66,123600,12,140277
34919,0.02759,74.125.130.0-255,5738,129338,12,140277
34920,0.027599,172.31.36.0-255,66,129404,12,140277
34921,0.029223,172.31.36.0-255,172,129576,12,140277
34922,0.029253,172.31.36.0-255,1109,130685,12,140277
34923,0.029505,172.31.36.0-255,1514,132199,12,140277
34924,0.029508,172.31.36.0-255,1514,133713,12,140277
34925,0.029535,172.31.36.0-255,760,134473,12,140277
34926,0.029675,74.125.130.0-255,5738,140211,12,140277
34927,0.029681,172.31.36.0-255,66,140277,12,140277
34928,0.0,74.125.130.0-255,150,150,12,301656
34929,2.3e-05,172.31.36.0-255,66,216,12,301656
34930,3.1e-05,74.125.130.0-255,1484,1700,12,301656
34931,3.6e-05,172.31.36.0-255,66,1766,12,301656
34932,3.9e-05,74.125.130.0-255,1484,3250,12,301656
34933,4.3e-05,172.31.36.0-255,66,3316,12,301656
34934,8.5e-05,74.125.130.0-255,1484,4800,12,301656
34935,8.9e-05,172.31.36.0-255,66,4866,12,301656
34936,9.2e-05,74.125.130.0-255,1484,6350,12,301656
34937,9.4e-05,172.31.36.0-255,66,6416,12,301656
34938,0.0001,74.125.130.0-255,2902,9318,12,301656
34939,0.000103,172.31.36.0-255,66,9384,12,301656
34940,0.00011,74.125.130.0-255,4985,14369,12,301656
34941,0.000113,172.31.36.0-255,66,14435,12,301656
34942,0.000145,74.125.130.0-255,5738,20173,12,301656
34943,0.000148,172.31.36.0-255,66,20239,12,301656
34944,0.000151,74.125.130.0-255,1484,21723,12,301656
34945,0.000153,172.31.36.0-255,66,21789,12,301656
34946,0.000177,74.125.130.0-255,2902,24691,12,301656
34947,0.000184,172.31.36.0-255,66,24757,12,301656
34948,0.000189,74.125.130.0-255,2902,27659,12,301656
34949,0.000191,172.31.36.0-255,66,27725,12,301656
34950,0.000214,74.125.130.0-255,2902,30627,12,301656
34951,0.00022,172.31.36.0-255,66,30693,12,301656
34952,0.000223,74.125.130.0-255,1125,31818,12,301656
34953,0.000225,172.31.36.0-255,66,31884,12,301656
34954,0.000329,74.125.130.0-255,1484,33368,12,301656
34955,0.000333,172.31.36.0-255,66,33434,12,301656
34956,0.000339,74.125.130.0-255,2902,36336,12,301656
34957,0.000342,172.31.36.0-255,66,36402,12,301656
34958,0.000345,74.125.130.0-255,1484,37886,12,301656
34959,0.000352,172.31.36.0-255,66,37952,12,301656
34960,0.000384,74.125.130.0-255,4320,42272,12,301656
34961,0.000387,172.31.36.0-255,66,42338,12,301656
34962,0.000395,74.125.130.0-255,7156,49494,12,301656
34963,0.000397,172.31.36.0-255,66,49560,12,301656
34964,0.0004,74.125.130.0-255,1484,51044,12,301656
34965,0.000434,74.125.130.0-255,5738,56782,12,301656
34966,0.000437,172.31.36.0-255,66,56848,12,301656
34967,0.000449,172.31.36.0-255,66,56914,12,301656
34968,0.000451,74.125.130.0-255,766,57680,12,301656
34969,0.000494,74.125.130.0-255,388,58068,12,301656
34970,0.000613,74.125.130.0-255,1484,59552,12,301656
34971,0.000617,172.31.36.0-255,66,59618,12,301656
34972,0.000642,74.125.130.0-255,2902,62520,12,301656
34973,0.000645,172.31.36.0-255,66,62586,12,301656
34974,0.00068,74.125.130.0-255,5738,68324,12,301656
34975,0.000684,172.31.36.0-255,66,68390,12,301656
34976,0.000712,74.125.130.0-255,7156,75546,12,301656
34977,0.000715,172.31.36.0-255,66,75612,12,301656
34978,0.000718,74.125.130.0-255,1484,77096,12,301656
34979,0.000756,74.125.130.0-255,5738,82834,12,301656
34980,0.000759,172.31.36.0-255,66,82900,12,301656
34981,0.000787,74.125.130.0-255,4320,87220,12,301656
34982,0.00079,74.125.130.0-255,1484,88704,12,301656
34983,0.000793,74.125.130.0-255,2902,91606,12,301656
34984,0.000798,172.31.36.0-255,66,91672,12,301656
34985,0.000802,172.31.36.0-255,66,91738,12,301656
34986,0.000809,74.125.130.0-255,506,92244,12,301656
34987,0.000975,74.125.130.0-255,1484,93728,12,301656
34988,0.000981,172.31.36.0-255,66,93794,12,301656
34989,0.000985,74.125.130.0-255,1484,95278,12,301656
34990,0.001017,74.125.130.0-255,1484,96762,12,301656
34991,0.001019,172.31.36.0-255,66,96828,12,301656
34992,0.001027,74.125.130.0-255,5738,102566,12,301656
34993,0.00103,172.31.36.0-255,66,102632,12,301656
34994,0.001039,74.125.130.0-255,2902,105534,12,301656
34995,0.001042,172.31.36.0-255,66,105600,12,301656
34996,0.001044,74.125.130.0-255,1484,107084,12,301656
34997,0.001087,172.31.36.0-255,66,107150,12,301656
34998,0.001095,74.125.130.0-255,7156,114306,12,301656
34999,0.001098,172.31.36.0-255,66,114372,12,301656
35000,0.001144,74.125.130.0-255,3602,117974,12,301656
35001,0.001147,172.31.36.0-255,66,118040,12,301656
35002,0.001515,74.125.130.0-255,1484,119524,12,301656
35003,0.001522,74.125.130.0-255,2902,122426,12,301656
35004,0.001526,172.31.36.0-255,66,122492,12,301656
35005,0.001532,74.125.130.0-255,4320,126812,12,301656
35006,0.001534,172.31.36.0-255,66,126878,12,301656
35007,0.001558,74.125.130.0-255,5738,132616,12,301656
35008,0.001568,172.31.36.0-255,66,132682,12,301656
35009,0.001604,172.31.36.0-255,66,132748,12,301656
35010,0.001629,74.125.130.0-255,1484,134232,12,301656
35011,0.001655,74.125.130.0-255,6438,140670,12,301656
35012,0.001658,172.31.36.0-255,66,140736,12,301656
35013,0.001697,74.125.130.0-255,1484,142220,12,301656
35014,0.0017,74.125.130.0-255,1484,143704,12,301656
35015,0.001705,172.31.36.0-255,66,143770,12,301656
35016,0.001722,74.125.130.0-255,1484,145254,12,301656
35017,0.001725,74.125.130.0-255,1484,146738,12,301656
35018,0.001727,172.31.36.0-255,66,146804,12,301656
35019,0.00176,74.125.130.0-255,4320,151124,12,301656
35020,0.001764,172.31.36.0-255,66,151190,12,301656
35021,0.001772,74.125.130.0-255,7156,158346,12,301656
35022,0.001773,172.31.36.0-255,66,158412,12,301656
35023,0.001835,172.31.36.0-255,66,158478,12,301656
35024,0.001842,74.125.130.0-255,5020,163498,12,301656
35025,0.001844,172.31.36.0-255,66,163564,12,301656
35026,0.001901,74.125.130.0-255,1484,165048,12,301656
35027,0.001907,74.125.130.0-255,2902,167950,12,301656
35028,0.00191,172.31.36.0-255,66,168016,12,301656
35029,0.001929,74.125.130.0-255,1484,169500,12,301656
35030,0.001946,74.125.130.0-255,2902,172402,12,301656
35031,0.00195,172.31.36.0-255,66,172468,12,301656
35032,0.001955,74.125.130.0-255,2902,175370,12,301656
35033,0.001957,172.31.36.0-255,66,175436,12,301656
35034,0.001983,74.125.130.0-255,2902,178338,12,301656
35035,0.001986,172.31.36.0-255,66,178404,12,301656
35036,0.001991,74.125.130.0-255,2902,181306,12,301656
35037,0.001993,172.31.36.0-255,66,181372,12,301656
35038,0.00203,172.31.36.0-255,66,181438,12,301656
35039,0.002035,74.125.130.0-255,2902,184340,12,301656
35040,0.002037,172.31.36.0-255,66,184406,12,301656
35041,0.002078,74.125.130.0-255,5020,189426,12,301656
35042,0.002082,172.31.36.0-255,66,189492,12,301656
35043,0.002094,74.125.130.0-255,1484,190976,12,301656
35044,0.00212,74.125.130.0-255,2902,193878,12,301656
35045,0.002124,172.31.36.0-255,66,193944,12,301656
35046,0.002157,74.125.130.0-255,5738,199682,12,301656
35047,0.002161,172.31.36.0-255,66,199748,12,301656
35048,0.002173,74.125.130.0-255,5738,205486,12,301656
35049,0.002175,172.31.36.0-255,66,205552,12,301656
35050,0.002182,74.125.130.0-255,7156,212708,12,301656
35051,0.002185,172.31.36.0-255,66,212774,12,301656
35052,0.002258,172.31.36.0-255,66,212840,12,301656
35053,0.002306,74.125.130.0-255,1484,214324,12,301656
35054,0.002319,74.125.130.0-255,1484,215808,12,301656
35055,0.002321,172.31.36.0-255,66,215874,12,301656
35056,0.002345,74.125.130.0-255,1484,217358,12,301656
35057,0.002385,74.125.130.0-255,4320,221678,12,301656
35058,0.002388,172.31.36.0-255,66,221744,12,301656
35059,0.002417,74.125.130.0-255,1484,223228,12,301656
35060,0.002421,74.125.130.0-255,1484,224712,12,301656
35061,0.002423,172.31.36.0-255,66,224778,12,301656
35062,0.002435,172.31.36.0-255,66,224844,12,301656
35063,0.002453,172.31.36.0-255,66,224910,12,301656
35064,0.00248,74.125.130.0-255,2184,227094,12,301656
35065,0.002482,172.31.36.0-255,66,227160,12,301656
35066,0.002561,74.125.130.0-255,1484,228644,12,301656
35067,0.002575,74.125.130.0-255,2902,231546,12,301656
35068,0.002579,172.31.36.0-255,66,231612,12,301656
35069,0.002611,74.125.130.0-255,4320,235932,12,301656
35070,0.002615,172.31.36.0-255,66,235998,12,301656
35071,0.002625,74.125.130.0-255,1484,237482,12,301656
35072,0.00265,74.125.130.0-255,5738,243220,12,301656
35073,0.002654,172.31.36.0-255,66,243286,12,301656
35074,0.002678,74.125.130.0-255,1484,244770,12,301656
35075,0.002692,172.31.36.0-255,66,244836,12,301656
35076,0.002695,74.125.130.0-255,1484,246320,12,301656
35077,0.005328,74.125.130.0-255,4320,250640,12,301656
35078,0.005337,172.31.36.0-255,66,250706,12,301656
35079,0.007978,74.125.130.0-255,4320,255026,12,301656
35080,0.007982,172.31.36.0-255,66,255092,12,301656
35081,0.008005,74.125.130.0-255,1484,256576,12,301656
35082,0.010619,74.125.130.0-255,4320,260896,12,301656
35083,0.01063,172.31.36.0-255,66,260962,12,301656
35084,0.013274,74.125.130.0-255,5738,266700,12,301656
35085,0.013284,172.31.36.0-255,66,266766,12,301656
35086,0.015919,74.125.130.0-255,5738,272504,12,301656
35087,0.015928,172.31.36.0-255,66,272570,12,301656
35088,0.018583,74.125.130.0-255,5738,278308,12,301656
35089,0.018593,172.31.36.0-255,66,278374,12,301656
35090,0.021247,74.125.130.0-255,5738,284112,12,301656
35091,0.021256,172.31.36.0-255,66,284178,12,301656
35092,0.023902,74.125.130.0-255,5738,289916,12,301656
35093,0.02391,172.31.36.0-255,66,289982,12,301656
35094,0.026566,74.125.130.0-255,5738,295720,12,301656
35095,0.026574,172.31.36.0-255,66,295786,12,301656
35096,0.02921,74.125.130.0-255,4320,300106,12,301656
35097,0.029217,172.31.36.0-255,66,300172,12,301656
35098,0.029236,74.125.130.0-255,1484,301656,12,301656
35099,0.0,172.217.194.0-255,150,150,12,197268
35100,2.1e-05,172.31.36.0-255,66,216,12,197268
35101,3e-05,172.217.194.0-255,1484,1700,12,197268
35102,3.5e-05,172.31.36.0-255,66,1766,12,197268
35103,4.8e-05,172.217.194.0-255,2902,4668,12,197268
35104,5.2e-05,172.31.36.0-255,66,4734,12,197268
35105,5.8e-05,172.217.194.0-255,2902,7636,12,197268
35106,6e-05,172.31.36.0-255,66,7702,12,197268
35107,6.8e-05,172.217.194.0-255,7156,14858,12,197268
35108,7.1e-05,172.31.36.0-255,66,14924,12,197268
35109,0.000106,172.217.194.0-255,598,15522,12,197268
35110,0.00011,172.31.36.0-255,66,15588,12,197268
35111,0.000129,172.31.36.0-255,66,15654,12,197268
35112,0.000137,172.217.194.0-255,6797,22451,12,197268
35113,0.00014,172.31.36.0-255,66,22517,12,197268
35114,0.000179,172.217.194.0-255,7156,29673,12,197268
35115,0.000182,172.31.36.0-255,66,29739,12,197268
35116,0.00019,172.217.194.0-255,7156,36895,12,197268
35117,0.000192,172.31.36.0-255,66,36961,12,197268
35118,0.00022,172.217.194.0-255,2543,39504,12,197268
35119,0.000222,172.31.36.0-255,66,39570,12,197268
35120,0.000621,172.217.194.0-255,1484,41054,12,197268
35121,0.000627,172.31.36.0-255,66,41120,12,197268
35122,0.000633,172.217.194.0-255,2902,44022,12,197268
35123,0.000636,172.31.36.0-255,66,44088,12,197268
35124,0.000639,172.217.194.0-255,1484,45572,12,197268
35125,0.000647,172.31.36.0-255,66,45638,12,197268
35126,0.000677,172.217.194.0-255,4320,49958,12,197268
35127,0.000685,172.31.36.0-255,66,50024,12,197268
35128,0.000691,172.217.194.0-255,4320,54344,12,197268
35129,0.000694,172.31.36.0-255,66,54410,12,197268
35130,0.000729,172.31.36.0-255,66,54476,12,197268
35131,0.000774,172.31.36.0-255,66,54542,12,197268
35132,0.000778,172.217.194.0-255,649,55191,12,197268
35133,0.001015,172.217.194.0-255,1484,56675,12,197268
35134,0.001021,172.31.36.0-255,66,56741,12,197268
35135,0.001027,172.217.194.0-255,2902,59643,12,197268
35136,0.001029,172.31.36.0-255,66,59709,12,197268
35137,0.001039,172.217.194.0-255,4320,64029,12,197268
35138,0.001042,172.31.36.0-255,66,64095,12,197268
35139,0.001066,172.217.194.0-255,1484,65579,12,197268
35140,0.001078,172.217.194.0-255,5738,71317,12,197268
35141,0.001081,172.31.36.0-255,66,71383,12,197268
35142,0.001084,172.217.194.0-255,1125,72508,12,197268
35143,0.00124,172.217.194.0-255,1484,73992,12,197268
35144,0.001244,172.31.36.0-255,66,74058,12,197268
35145,0.00125,172.217.194.0-255,2902,76960,12,197268
35146,0.001252,172.31.36.0-255,66,77026,12,197268
35147,0.001258,172.217.194.0-255,5738,82764,12,197268
35148,0.001265,172.31.36.0-255,66,82830,12,197268
35149,0.001311,172.31.36.0-255,66,82896,12,197268
35150,0.001354,172.31.36.0-255,66,82962,12,197268
35151,0.001383,172.217.194.0-255,766,83728,12,197268
35152,0.001653,172.217.194.0-255,1484,85212,12,197268
35153,0.001658,172.31.36.0-255,66,85278,12,197268
35154,0.001663,172.217.194.0-255,2902,88180,12,197268
35155,0.001665,172.31.36.0-255,66,88246,12,197268
35156,0.001677,172.217.194.0-255,4320,92566,12,197268
35157,0.001679,172.31.36.0-255,66,92632,12,197268
35158,0.001703,172.217.194.0-255,1484,94116,12,197268
35159,0.001716,172.217.194.0-255,1484,95600,12,197268
35160,0.001726,172.31.36.0-255,66,95666,12,197268
35161,0.001759,172.31.36.0-255,66,95732,12,197268
35162,0.002089,172.217.194.0-255,1484,97216,12,197268
35163,0.002096,172.217.194.0-255,2902,100118,12,197268
35164,0.002099,172.31.36.0-255,66,100184,12,197268
35165,0.002106,172.217.194.0-255,5738,105922,12,197268
35166,0.002108,172.31.36.0-255,66,105988,12,197268
35167,0.002144,172.217.194.0-255,7156,113144,12,197268
35168,0.002147,172.31.36.0-255,66,113210,12,197268
35169,0.002167,172.31.36.0-255,66,113276,12,197268
35170,0.002172,172.217.194.0-255,2184,115460,12,197268
35171,0.002174,172.31.36.0-255,66,115526,12,197268
35172,0.002214,172.217.194.0-255,2902,118428,12,197268
35173,0.002218,172.31.36.0-255,66,118494,12,197268
35174,0.002223,172.217.194.0-255,2902,121396,12,197268
35175,0.002225,172.31.36.0-255,66,121462,12,197268
35176,0.002244,172.217.194.0-255,1484,122946,12,197268
35177,0.002259,172.31.36.0-255,66,123012,12,197268
35178,0.002293,172.31.36.0-255,66,123078,12,197268
35179,0.002319,172.31.36.0-255,66,123144,12,197268
35180,0.004571,172.217.194.0-255,5738,128882,12,197268
35181,0.004578,172.31.36.0-255,66,128948,12,197268
35182,0.006855,172.217.194.0-255,5738,134686,12,197268
35183,0.006859,172.31.36.0-255,66,134752,12,197268
35184,0.009121,172.217.194.0-255,5738,140490,12,197268
35185,0.009128,172.31.36.0-255,66,140556,12,197268
35186,0.011386,172.217.194.0-255,5738,146294,12,197268
35187,0.011399,172.31.36.0-255,66,146360,12,197268
35188,0.013671,172.217.194.0-255,5738,152098,12,197268
35189,0.013679,172.31.36.0-255,66,152164,12,197268
35190,0.015967,172.217.194.0-255,5738,157902,12,197268
35191,0.015983,172.31.36.0-255,66,157968,12,197268
35192,0.018266,172.217.194.0-255,5738,163706,12,197268
35193,0.018278,172.31.36.0-255,66,163772,12,197268
35194,0.020525,172.217.194.0-255,5738,169510,12,197268
35195,0.020533,172.31.36.0-255,66,169576,12,197268
35196,0.022838,172.217.194.0-255,5738,175314,12,197268
35197,0.022847,172.31.36.0-255,66,175380,12,197268
35198,0.025129,172.217.194.0-255,5738,181118,12,197268
35199,0.025137,172.31.36.0-255,66,181184,12,197268
35200,0.02612,172.31.36.0-255,183,181367,12,197268
35201,0.026153,172.31.36.0-255,952,182319,12,197268
35202,0.026223,172.31.36.0-255,1514,183833,12,197268
35203,0.026224,172.31.36.0-255,1455,185288,12,197268
35204,0.027413,172.217.194.0-255,5738,191026,12,197268
35205,0.02742,172.31.36.0-255,66,191092,12,197268
35206,0.027697,104.244.42.0-255,66,191158,12,197268
35207,0.02773,104.244.42.0-255,66,191224,12,197268
35208,0.027818,104.244.42.0-255,66,191290,12,197268
35209,0.028781,104.244.42.0-255,108,191398,12,197268
35210,0.02879,172.31.36.0-255,66,191464,12,197268
35211,0.029707,172.217.194.0-255,5738,197202,12,197268
35212,0.029713,172.31.36.0-255,66,197268,12,197268
35213,0.0,74.125.200.0-255,150,150,12,243105
35214,1.6e-05,172.31.36.0-255,66,216,12,243105
35215,2.3e-05,74.125.200.0-255,1484,1700,12,243105
35216,2.7e-05,172.31.36.0-255,66,1766,12,243105
35217,3.2e-05,74.125.200.0-255,2902,4668,12,243105
35218,4.4e-05,172.31.36.0-255,66,4734,12,243105
35219,5.1e-05,74.125.200.0-255,5738,10472,12,243105
35220,5.4e-05,172.31.36.0-255,66,10538,12,243105
35221,7.9e-05,74.125.200.0-255,1484,12022,12,243105
35222,8.1e-05,172.31.36.0-255,66,12088,12,243105
35223,8.6e-05,74.125.200.0-255,2058,14146,12,243105
35224,8.7e-05,172.31.36.0-255,66,14212,12,243105
35225,9.2e-05,74.125.200.0-255,2902,17114,12,243105
35226,9.4e-05,172.31.36.0-255,66,17180,12,243105
35227,0.000101,74.125.200.0-255,7156,24336,12,243105
35228,0.000104,172.31.36.0-255,66,24402,12,243105
35229,0.00011,74.125.200.0-255,5738,30140,12,243105
35230,0.000112,172.31.36.0-255,66,30206,12,243105
35231,0.000149,74.125.200.0-255,1125,31331,12,243105
35232,0.000151,172.31.36.0-255,66,31397,12,243105
35233,0.000235,74.125.200.0-255,1484,32881,12,243105
35234,0.000237,172.31.36.0-255,66,32947,12,243105
35235,0.000241,74.125.200.0-255,1484,34431,12,243105
35236,0.000243,172.31.36.0-255,66,34497,12,243105
35237,0.000263,74.125.200.0-255,1484,35981,12,243105
35238,0.000265,172.31.36.0-255,66,36047,12,243105
35239,0.000272,74.125.200.0-255,5738,41785,12,243105
35240,0.000274,172.31.36.0-255,66,41851,12,243105
35241,0.000279,74.125.200.0-255,4320,46171,12,243105
35242,0.000282,172.31.36.0-255,66,46237,12,243105
35243,0.000309,74.125.200.0-255,2543,48780,12,243105
35244,0.000311,172.31.36.0-255,66,48846,12,243105
35245,0.000319,74.125.200.0-255,7156,56002,12,243105
35246,0.000321,172.31.36.0-255,66,56068,12,243105
35247,0.000349,74.125.200.0-255,2902,58970,12,243105
35248,0.000351,172.31.36.0-255,66,59036,12,243105
35249,0.000381,74.125.200.0-255,7072,66108,12,243105
35250,0.000384,172.31.36.0-255,66,66174,12,243105
35251,0.000387,74.125.200.0-255,131,66305,12,243105
35252,0.000472,74.125.200.0-255,1484,67789,12,243105
35253,0.000475,172.31.36.0-255,66,67855,12,243105
35254,0.000489,74.125.200.0-255,2902,70757,12,243105
35255,0.000496,172.31.36.0-255,66,70823,12,243105
35256,0.00052,74.125.200.0-255,1484,72307,12,243105
35257,0.000524,74.125.200.0-255,2902,75209,12,243105
35258,0.000526,172.31.36.0-255,66,75275,12,243105
35259,0.000529,74.125.200.0-255,1484,76759,12,243105
35260,0.000554,74.125.200.0-255,4320,81079,12,243105
35261,0.000556,172.31.36.0-255,66,81145,12,243105
35262,0.000559,74.125.200.0-255,1484,82629,12,243105
35263,0.00058,74.125.200.0-255,1125,83754,12,243105
35264,0.000583,172.31.36.0-255,66,83820,12,243105
35265,0.000606,74.125.200.0-255,2902,86722,12,243105
35266,0.000609,172.31.36.0-255,66,86788,12,243105
35267,0.00063,74.125.200.0-255,1484,88272,12,243105
35268,0.000635,74.125.200.0-255,2902,91174,12,243105
35269,0.000637,172.31.36.0-255,66,91240,12,243105
35270,0.000663,74.125.200.0-255,5738,96978,12,243105
35271,0.000666,172.31.36.0-255,66,97044,12,243105
35272,0.000671,74.125.200.0-255,3961,101005,12,243105
35273,0.000674,172.31.36.0-255,66,101071,12,243105
35274,0.000698,74.125.200.0-255,348,101419,12,243105
35275,0.001243,74.125.200.0-255,1484,102903,12,243105
35276,0.001248,172.31.36.0-255,66,102969,12,243105
35277,0.001255,74.125.200.0-255,2902,105871,12,243105
35278,0.001258,172.31.36.0-255,66,105937,12,243105
35279,0.001284,74.125.200.0-255,4320,110257,12,243105
35280,0.001287,172.31.36.0-255,66,110323,12,243105
35281,0.001293,74.125.200.0-255,5738,116061,12,243105
35282,0.001296,172.31.36.0-255,66,116127,12,243105
35283,0.001333,172.31.36.0-255,66,116193,12,243105
35284,0.001339,74.125.200.0-255,4320,120513,12,243105
35285,0.001341,172.31.36.0-255,66,120579,12,243105
35286,0.001372,74.125.200.0-255,3602,124181,12,243105
35287,0.001376,172.31.36.0-255,66,124247,12,243105
35288,0.001952,74.125.200.0-255,1484,125731,12,243105
35289,0.00197,74.125.200.0-255,2902,128633,12,243105
35290,0.001974,172.31.36.0-255,66,128699,12,243105
35291,0.00198,74.125.200.0-255,4320,133019,12,243105
35292,0.001982,172.31.36.0-255,66,133085,12,243105
35293,0.001988,74.125.200.0-255,4320,137405,12,243105
35294,0.001997,172.31.36.0-255,66,137471,12,243105
35295,0.00203,74.125.200.0-255,1484,138955,12,243105
35296,0.002043,172.31.36.0-255,66,139021,12,243105
35297,0.002047,74.125.200.0-255,2902,141923,12,243105
35298,0.002049,172.31.36.0-255,66,141989,12,243105
35299,0.002085,74.125.200.0-255,2902,144891,12,243105
35300,0.002088,172.31.36.0-255,66,144957,12,243105
35301,0.002112,74.125.200.0-255,2184,147141,12,243105
35302,0.002115,172.31.36.0-255,66,147207,12,243105
35303,0.002178,74.125.200.0-255,1484,148691,12,243105
35304,0.002183,74.125.200.0-255,2902,151593,12,243105
35305,0.002188,172.31.36.0-255,66,151659,12,243105
35306,0.002221,74.125.200.0-255,5738,157397,12,243105
35307,0.002225,172.31.36.0-255,66,157463,12,243105
35308,0.002233,74.125.200.0-255,7156,164619,12,243105
35309,0.002235,172.31.36.0-255,66,164685,12,243105
35310,0.002277,74.125.200.0-255,1484,166169,12,243105
35311,0.0023,74.125.200.0-255,7156,173325,12,243105
35312,0.002302,172.31.36.0-255,66,173391,12,243105
35313,0.002313,172.31.36.0-255,66,173457,12,243105
35314,0.004574,74.125.200.0-255,5738,179195,12,243105
35315,0.004581,172.31.36.0-255,66,179261,12,243105
35316,0.006851,74.125.200.0-255,5738,184999,12,243105
35317,0.006858,172.31.36.0-255,66,185065,12,243105
35318,0.009128,74.125.200.0-255,5738,190803,12,243105
35319,0.009135,172.31.36.0-255,66,190869,12,243105
35320,0.011406,74.125.200.0-255,5738,196607,12,243105
35321,0.011412,172.31.36.0-255,66,196673,12,243105
35322,0.013675,74.125.200.0-255,5738,202411,12,243105
35323,0.013681,172.31.36.0-255,66,202477,12,243105
35324,0.015949,74.125.200.0-255,5738,208215,12,243105
35325,0.015954,172.31.36.0-255,66,208281,12,243105
35326,0.01823,74.125.200.0-255,5738,214019,12,243105
35327,0.018237,172.31.36.0-255,66,214085,12,243105
35328,0.020503,74.125.200.0-255,5738,219823,12,243105
35329,0.02051,172.31.36.0-255,66,219889,12,243105
35330,0.022806,74.125.200.0-255,5738,225627,12,243105
35331,0.022815,172.31.36.0-255,66,225693,12,243105
35332,0.025079,74.125.200.0-255,5738,231431,12,243105
35333,0.025087,172.31.36.0-255,66,231497,12,243105
35334,0.027354,74.125.200.0-255,5738,237235,12,243105
35335,0.027361,172.31.36.0-255,66,237301,12,243105
35336,0.029629,74.125.200.0-255,5738,243039,12,243105
35337,0.029635,172.31.36.0-255,66,243105,12,243105
35338,0.0,172.31.36.0-255,105,105,12,276
35339,0.001784,157.240.13.0-255,105,210,12,276
35340,0.001799,172.31.36.0-255,66,276,12,276
35341,0.0,74.125.24.0-255,66,66,12,66
35342,0.0,74.125.24.0-255,298,298,12,141408
35343,1.5e-05,172.31.36.0-255,66,364,12,141408
35344,2.2e-05,74.125.24.0-255,1484,1848,12,141408
35345,2.7e-05,172.31.36.0-255,66,1914,12,141408
35346,4.1e-05,74.125.24.0-255,4320,6234,12,141408
35347,4.5e-05,172.31.36.0-255,66,6300,12,141408
35348,9.5e-05,172.31.36.0-255,66,6366,12,141408
35349,0.00021,74.125.24.0-255,1484,7850,12,141408
35350,0.000214,172.31.36.0-255,66,7916,12,141408
35351,0.00022,74.125.24.0-255,2902,10818,12,141408
35352,0.000222,172.31.36.0-255,66,10884,12,141408
35353,0.000233,74.125.24.0-255,5738,16622,12,141408
35354,0.000236,172.31.36.0-255,66,16688,12,141408
35355,0.00024,74.125.24.0-255,2902,19590,12,141408
35356,0.000243,172.31.36.0-255,66,19656,12,141408
35357,0.000287,74.125.24.0-255,3961,23617,12,141408
35358,0.00029,172.31.36.0-255,66,23683,12,141408
35359,0.000556,74.125.24.0-255,1484,25167,12,141408
35360,0.000561,172.31.36.0-255,66,25233,12,141408
35361,0.000566,74.125.24.0-255,1484,26717,12,141408
35362,0.000568,172.31.36.0-255,66,26783,12,141408
35363,0.000588,74.125.24.0-255,1484,28267,12,141408
35364,0.00059,172.31.36.0-255,66,28333,12,141408
35365,0.000601,74.125.24.0-255,5738,34071,12,141408
35366,0.000605,172.31.36.0-255,66,34137,12,141408
35367,0.000655,172.31.36.0-255,66,34203,12,141408
35368,0.00068,74.125.24.0-255,2543,36746,12,141408
35369,0.000684,172.31.36.0-255,66,36812,12,141408
35370,0.000696,172.31.36.0-255,66,36878,12,141408
35371,0.000701,74.125.24.0-255,2820,39698,12,141408
35372,0.000703,172.31.36.0-255,66,39764,12,141408
35373,0.001025,74.125.24.0-255,131,39895,12,141408
35374,0.001115,172.31.36.0-255,66,39961,12,141408
35375,0.001233,74.125.24.0-255,1484,41445,12,141408
35376,0.00124,74.125.24.0-255,2902,44347,12,141408
35377,0.001244,172.31.36.0-255,66,44413,12,141408
35378,0.00125,74.125.24.0-255,2902,47315,12,141408
35379,0.001252,172.31.36.0-255,66,47381,12,141408
35380,0.00128,74.125.24.0-255,2902,50283,12,141408
35381,0.001283,172.31.36.0-255,66,50349,12,141408
35382,0.00129,74.125.24.0-255,6797,57146,12,141408
35383,0.001292,172.31.36.0-255,66,57212,12,141408
35384,0.001296,74.125.24.0-255,1484,58696,12,141408
35385,0.001339,172.31.36.0-255,66,58762,12,141408
35386,0.001343,74.125.24.0-255,2543,61305,12,141408
35387,0.001345,172.31.36.0-255,66,61371,12,141408
35388,0.003644,74.125.24.0-255,5738,67109,12,141408
35389,0.003652,172.31.36.0-255,66,67175,12,141408
35390,0.005964,74.125.24.0-255,5738,72913,12,141408
35391,0.005969,172.31.36.0-255,66,72979,12,141408
35392,0.008256,74.125.24.0-255,5738,78717,12,141408
35393,0.008261,172.31.36.0-255,66,78783,12,141408
35394,0.010538,74.125.24.0-255,5738,84521,12,141408
35395,0.010546,172.31.36.0-255,66,84587,12,141408
35396,0.012842,74.125.24.0-255,5738,90325,12,141408
35397,0.012852,172.31.36.0-255,66,90391,12,141408
35398,0.015195,74.125.24.0-255,5738,96129,12,141408
35399,0.015203,172.31.36.0-255,66,96195,12,141408
35400,0.017507,74.125.24.0-255,5738,101933,12,141408
35401,0.017515,172.31.36.0-255,66,101999,12,141408
35402,0.0198,74.125.24.0-255,5738,107737,12,141408
35403,0.019809,172.31.36.0-255,66,107803,12,141408
35404,0.022157,74.125.24.0-255,5738,113541,12,141408
35405,0.022165,172.31.36.0-255,66,113607,12,141408
35406,0.024492,74.125.24.0-255,5738,119345,12,141408
35407,0.024499,172.31.36.0-255,66,119411,12,141408
35408,0.024592,172.31.36.0-255,172,119583,12,141408
35409,0.02462,172.31.36.0-255,1109,120692,12,141408
35410,0.024687,172.31.36.0-255,1514,122206,12,141408
35411,0.02469,172.31.36.0-255,1514,123720,12,141408
35412,0.024691,172.31.36.0-255,1514,125234,12,141408
35413,0.024692,172.31.36.0-255,1514,126748,12,141408
35414,0.024723,172.31.36.0-255,1514,128262,12,141408
35415,0.024725,172.31.36.0-255,1274,129536,12,141408
35416,0.026132,104.244.42.0-255,66,129602,12,141408
35417,0.026168,104.244.42.0-255,66,129668,12,141408
35418,0.026264,104.244.42.0-255,66,129734,12,141408
35419,0.026271,104.244.42.0-255,66,129800,12,141408
35420,0.026788,74.125.24.0-255,5738,135538,12,141408
35421,0.026796,172.31.36.0-255,66,135604,12,141408
35422,0.029124,74.125.24.0-255,5738,141342,12,141408
35423,0.029135,172.31.36.0-255,66,141408,12,141408
35424,0.0,74.125.24.0-255,153,153,12,180029
35425,1.8e-05,172.31.36.0-255,66,219,12,180029
35426,2.5e-05,74.125.24.0-255,1484,1703,12,180029
35427,2.9e-05,172.31.36.0-255,66,1769,12,180029
35428,4.4e-05,74.125.24.0-255,2902,4671,12,180029
35429,4.8e-05,172.31.36.0-255,66,4737,12,180029
35430,5.6e-05,74.125.24.0-255,7156,11893,12,180029
35431,5.9e-05,172.31.36.0-255,66,11959,12,180029
35432,7.7e-05,74.125.24.0-255,2902,14861,12,180029
35433,8e-05,172.31.36.0-255,66,14927,12,180029
35434,0.000104,74.125.24.0-255,4901,19828,12,180029
35435,0.000107,172.31.36.0-255,66,19894,12,180029
35436,0.000119,172.31.36.0-255,66,19960,12,180029
35437,0.000155,172.31.36.0-255,66,20026,12,180029
35438,0.000179,74.125.24.0-255,1484,21510,12,180029
35439,0.000181,172.31.36.0-255,66,21576,12,180029
35440,0.000211,74.125.24.0-255,6438,28014,12,180029
35441,0.000214,172.31.36.0-255,66,28080,12,180029
35442,0.000225,172.31.36.0-255,66,28146,12,180029
35443,0.000231,74.125.24.0-255,2902,31048,12,180029
35444,0.000232,172.31.36.0-255,66,31114,12,180029
35445,0.000271,74.125.24.0-255,4269,35383,12,180029
35446,0.000274,172.31.36.0-255,66,35449,12,180029
35447,0.000804,74.125.24.0-255,116,35565,12,180029
35448,0.00081,172.31.36.0-255,66,35631,12,180029
35449,0.000839,74.125.24.0-255,1484,37115,12,180029
35450,0.000842,172.31.36.0-255,66,37181,12,180029
35451,0.000847,74.125.24.0-255,2902,40083,12,180029
35452,0.00085,172.31.36.0-255,66,40149,12,180029
35453,0.000874,74.125.24.0-255,7156,47305,12,180029
35454,0.000877,172.31.36.0-255,66,47371,12,180029
35455,0.000924,172.31.36.0-255,66,47437,12,180029
35456,0.000973,74.125.24.0-255,6438,53875,12,180029
35457,0.000976,172.31.36.0-255,66,53941,12,180029
35458,0.001295,74.125.24.0-255,1484,55425,12,180029
35459,0.001302,74.125.24.0-255,2902,58327,12,180029
35460,0.001306,172.31.36.0-255,66,58393,12,180029
35461,0.001313,74.125.24.0-255,5738,64131,12,180029
35462,0.001315,172.31.36.0-255,66,64197,12,180029
35463,0.00136,172.31.36.0-255,66,64263,12,180029
35464,0.001377,172.31.36.0-255,66,64329,12,180029
35465,0.0014,74.125.24.0-255,5738,70067,12,180029
35466,0.001403,172.31.36.0-255,66,70133,12,180029
35467,0.001463,172.31.36.0-255,66,70199,12,180029
35468,0.001476,172.31.36.0-255,66,70265,12,180029
35469,0.001655,74.125.24.0-255,1484,71749,12,180029
35470,0.001663,74.125.24.0-255,2902,74651,12,180029
35471,0.001667,172.31.36.0-255,66,74717,12,180029
35472,0.00169,74.125.24.0-255,5738,80455,12,180029
35473,0.001693,172.31.36.0-255,66,80521,12,180029
35474,0.001696,74.125.24.0-255,1484,82005,12,180029
35475,0.001742,172.31.36.0-255,66,82071,12,180029
35476,0.001754,172.31.36.0-255,66,82137,12,180029
35477,0.001786,74.125.24.0-255,2184,84321,12,180029
35478,0.001789,172.31.36.0-255,66,84387,12,180029
35479,0.001843,74.125.24.0-255,1484,85871,12,180029
35480,0.001849,74.125.24.0-255,2902,88773,12,180029
35481,0.001853,172.31.36.0-255,66,88839,12,180029
35482,0.001883,74.125.24.0-255,5738,94577,12,180029
35483,0.001887,172.31.36.0-255,66,94643,12,180029
35484,0.0019,172.31.36.0-255,66,94709,12,180029
35485,0.00195,172.31.36.0-255,66,94775,12,180029
35486,0.001975,74.125.24.0-255,3602,98377,12,180029
35487,0.001978,172.31.36.0-255,66,98443,12,180029
35488,0.001991,172.31.36.0-255,66,98509,12,180029
35489,0.002021,74.125.24.0-255,5738,104247,12,180029
35490,0.002025,172.31.36.0-255,66,104313,12,180029
35491,0.002043,172.31.36.0-255,66,104379,12,180029
35492,0.002056,172.31.36.0-255,66,104445,12,180029
35493,0.00405,74.125.24.0-255,5738,110183,12,180029
35494,0.004059,172.31.36.0-255,66,110249,12,180029
35495,0.006066,74.125.24.0-255,5738,115987,12,180029
35496,0.006074,172.31.36.0-255,66,116053,12,180029
35497,0.008106,74.125.24.0-255,5738,121791,12,180029
35498,0.008113,172.31.36.0-255,66,121857,12,180029
35499,0.010119,74.125.24.0-255,5738,127595,12,180029
35500,0.010126,172.31.36.0-255,66,127661,12,180029
35501,0.012154,74.125.24.0-255,5738,133399,12,180029
35502,0.012163,172.31.36.0-255,66,133465,12,180029
35503,0.014221,74.125.24.0-255,5738,139203,12,180029
35504,0.014229,172.31.36.0-255,66,139269,12,180029
35505,0.016232,74.125.24.0-255,5738,145007,12,180029
35506,0.016243,172.31.36.0-255,66,145073,12,180029
35507,0.018302,74.125.24.0-255,5738,150811,12,180029
35508,0.018319,172.31.36.0-255,66,150877,12,180029
35509,0.020303,74.125.24.0-255,5738,156615,12,180029
35510,0.020314,172.31.36.0-255,66,156681,12,180029
35511,0.022331,74.125.24.0-255,5738,162419,12,180029
35512,0.022341,172.31.36.0-255,66,162485,12,180029
35513,0.024336,74.125.24.0-255,5738,168223,12,180029
35514,0.02435,172.31.36.0-255,66,168289,12,180029
35515,0.026407,74.125.24.0-255,5738,174027,12,180029
35516,0.026418,172.31.36.0-255,66,174093,12,180029
35517,0.028455,74.125.24.0-255,2902,176995,12,180029
35518,0.028464,172.31.36.0-255,66,177061,12,180029
35519,0.028496,74.125.24.0-255,2902,179963,12,180029
35520,0.028499,172.31.36.0-255,66,180029,12,180029
35521,0.0,172.217.194.0-255,143,143,12,150350
35522,2.2e-05,172.31.36.0-255,66,209,12,150350
35523,3e-05,172.217.194.0-255,1484,1693,12,150350
35524,3.5e-05,172.31.36.0-255,66,1759,12,150350
35525,4.9e-05,172.217.194.0-255,2902,4661,12,150350
35526,5.2e-05,172.31.36.0-255,66,4727,12,150350
35527,5.9e-05,172.217.194.0-255,5738,10465,12,150350
35528,6.2e-05,172.31.36.0-255,66,10531,12,150350
35529,7.5e-05,172.31.36.0-255,66,10597,12,150350
35530,0.000105,172.217.194.0-255,3447,14044,12,150350
35531,0.000108,172.31.36.0-255,66,14110,12,150350
35532,0.000122,172.31.36.0-255,66,14176,12,150350
35533,0.000128,172.217.194.0-255,4320,18496,12,150350
35534,0.00013,172.31.36.0-255,66,18562,12,150350
35535,0.000167,172.31.36.0-255,66,18628,12,150350
35536,0.000172,172.217.194.0-255,2902,21530,12,150350
35537,0.000174,172.31.36.0-255,66,21596,12,150350
35538,0.000212,172.31.36.0-255,66,21662,12,150350
35539,0.000366,172.217.194.0-255,1484,23146,12,150350
35540,0.000372,172.31.36.0-255,66,23212,12,150350
35541,0.000376,172.217.194.0-255,1484,24696,12,150350
35542,0.000378,172.31.36.0-255,66,24762,12,150350
35543,0.000409,172.217.194.0-255,1484,26246,12,150350
35544,0.000413,172.31.36.0-255,66,26312,12,150350
35545,0.00042,172.217.194.0-255,5738,32050,12,150350
35546,0.000423,172.31.36.0-255,66,32116,12,150350
35547,0.000428,172.217.194.0-255,4320,36436,12,150350
35548,0.00043,172.31.36.0-255,66,36502,12,150350
35549,0.000458,172.217.194.0-255,2902,39404,12,150350
35550,0.00046,172.31.36.0-255,66,39470,12,150350
35551,0.000496,172.31.36.0-255,66,39536,12,150350
35552,0.000523,172.217.194.0-255,5738,45274,12,150350
35553,0.000526,172.31.36.0-255,66,45340,12,150350
35554,0.000552,172.217.194.0-255,2184,47524,12,150350
35555,0.000555,172.31.36.0-255,66,47590,12,150350
35556,0.000583,172.217.194.0-255,1484,49074,12,150350
35557,0.000588,172.217.194.0-255,2902,51976,12,150350
35558,0.00059,172.31.36.0-255,66,52042,12,150350
35559,0.000596,172.217.194.0-255,4320,56362,12,150350
35560,0.000598,172.31.36.0-255,66,56428,12,150350
35561,0.000633,172.31.36.0-255,66,56494,12,150350
35562,0.000679,172.31.36.0-255,66,56560,12,150350
35563,0.000708,172.217.194.0-255,5020,61580,12,150350
35564,0.000711,172.31.36.0-255,66,61646,12,150350
35565,0.000815,172.217.194.0-255,1484,63130,12,150350
35566,0.000821,172.217.194.0-255,2902,66032,12,150350
35567,0.000825,172.31.36.0-255,66,66098,12,150350
35568,0.000831,172.217.194.0-255,5738,71836,12,150350
35569,0.000833,172.31.36.0-255,66,71902,12,150350
35570,0.000853,172.217.194.0-255,7156,79058,12,150350
35571,0.000856,172.31.36.0-255,66,79124,12,150350
35572,0.000879,172.217.194.0-255,5738,84862,12,150350
35573,0.000881,172.31.36.0-255,66,84928,12,150350
35574,0.000894,172.31.36.0-255,66,84994,12,150350
35575,0.001508,172.217.194.0-255,1484,86478,12,150350
35576,0.001515,172.217.194.0-255,2902,89380,12,150350
35577,0.001519,172.31.36.0-255,66,89446,12,150350
35578,0.001548,172.217.194.0-255,5738,95184,12,150350
35579,0.001551,172.31.36.0-255,66,95250,12,150350
35580,0.001557,172.217.194.0-255,4320,99570,12,150350
35581,0.001559,172.31.36.0-255,66,99636,12,150350
35582,0.001582,172.217.194.0-255,5738,105374,12,150350
35583,0.001584,172.31.36.0-255,66,105440,12,150350
35584,0.001603,172.31.36.0-255,66,105506,12,150350
35585,0.001672,172.217.194.0-255,1484,106990,12,150350
35586,0.001678,172.217.194.0-255,2902,109892,12,150350
35587,0.00168,172.31.36.0-255,66,109958,12,150350
35588,0.001687,172.217.194.0-255,5738,115696,12,150350
35589,0.001688,172.31.36.0-255,66,115762,12,150350
35590,0.001732,172.31.36.0-255,66,115828,12,150350
35591,0.001736,172.217.194.0-255,1484,117312,12,150350
35592,0.001763,172.31.36.0-255,66,117378,12,150350
35593,0.00178,172.217.194.0-255,2184,119562,12,150350
35594,0.001782,172.31.36.0-255,66,119628,12,150350
35595,0.001788,172.217.194.0-255,4320,123948,12,150350
35596,0.00179,172.31.36.0-255,66,124014,12,150350
35597,0.001838,172.31.36.0-255,66,124080,12,150350
35598,0.001841,172.217.194.0-255,1484,125564,12,150350
35599,0.001865,172.217.194.0-255,2902,128466,12,150350
35600,0.001867,172.31.36.0-255,66,128532,12,150350
35601,0.001887,172.217.194.0-255,6438,134970,12,150350
35602,0.00189,172.31.36.0-255,66,135036,12,150350
35603,0.001947,172.217.194.0-255,5738,140774,12,150350
35604,0.00195,172.31.36.0-255,66,140840,12,150350
35605,0.002002,172.31.36.0-255,66,140906,12,150350
35606,0.002006,172.217.194.0-255,1484,142390,12,150350
35607,0.002008,172.217.194.0-255,1484,143874,12,150350
35608,0.002011,172.31.36.0-255,66,143940,12,150350
35609,0.002079,172.31.36.0-255,66,144006,12,150350
35610,0.002119,172.31.36.0-255,66,144072,12,150350
35611,0.002138,172.31.36.0-255,66,144138,12,150350
35612,0.002182,172.31.36.0-255,66,144204,12,150350
35613,0.002213,172.217.194.0-255,5738,149942,12,150350
35614,0.002221,172.31.36.0-255,66,150008,12,150350
35615,0.002251,172.217.194.0-255,105,150113,12,150350
35616,0.002282,172.31.36.0-255,66,150179,12,150350
35617,0.004578,172.31.36.0-255,105,150284,12,150350
35618,0.006764,172.217.194.0-255,66,150350,12,150350
35619,0.0,74.125.24.0-255,156,156,12,183130
35620,2e-05,172.31.36.0-255,66,222,12,183130
35621,2.7e-05,74.125.24.0-255,1484,1706,12,183130
35622,3.1e-05,172.31.36.0-255,66,1772,12,183130
35623,3.7e-05,74.125.24.0-255,2902,4674,12,183130
35624,4e-05,172.31.36.0-255,66,4740,12,183130
35625,4.8e-05,74.125.24.0-255,7156,11896,12,183130
35626,5e-05,172.31.36.0-255,66,11962,12,183130
35627,5.4e-05,74.125.24.0-255,2075,14037,12,183130
35628,5.6e-05,172.31.36.0-255,66,14103,12,183130
35629,6.2e-05,74.125.24.0-255,2902,17005,12,183130
35630,6.4e-05,172.31.36.0-255,66,17071,12,183130
35631,9.9e-05,172.31.36.0-255,66,17137,12,183130
35632,0.000105,74.125.24.0-255,5379,22516,12,183130
35633,0.000108,172.31.36.0-255,66,22582,12,183130
35634,0.000185,74.125.24.0-255,1484,24066,12,183130
35635,0.000188,172.31.36.0-255,66,24132,12,183130
35636,0.000192,74.125.24.0-255,1484,25616,12,183130
35637,0.000194,172.31.36.0-255,66,25682,12,183130
35638,0.000208,74.125.24.0-255,1484,27166,12,183130
35639,0.00021,172.31.36.0-255,66,27232,12,183130
35640,0.000217,74.125.24.0-255,5738,32970,12,183130
35641,0.00022,172.31.36.0-255,66,33036,12,183130
35642,0.000239,74.125.24.0-255,1484,34520,12,183130
35643,0.000241,172.31.36.0-255,66,34586,12,183130
35644,0.000276,172.31.36.0-255,66,34652,12,183130
35645,0.000279,74.125.24.0-255,1484,36136,12,183130
35646,0.000281,172.31.36.0-255,66,36202,12,183130
35647,0.000304,172.31.36.0-255,66,36268,12,183130
35648,0.000473,74.125.24.0-255,134,36402,12,183130
35649,0.000486,74.125.24.0-255,345,36747,12,183130
35650,0.000634,74.125.24.0-255,1484,38231,12,183130
35651,0.00064,172.31.36.0-255,66,38297,12,183130
35652,0.000646,74.125.24.0-255,2902,41199,12,183130
35653,0.000648,172.31.36.0-255,66,41265,12,183130
35654,0.000655,74.125.24.0-255,5738,47003,12,183130
35655,0.000657,172.31.36.0-255,66,47069,12,183130
35656,0.000704,74.125.24.0-255,6247,53316,12,183130
35657,0.000707,172.31.36.0-255,66,53382,12,183130
35658,0.001895,74.125.24.0-255,1484,54866,12,183130
35659,0.001908,74.125.24.0-255,2902,57768,12,183130
35660,0.001912,172.31.36.0-255,66,57834,12,183130
35661,0.00192,74.125.24.0-255,5738,63572,12,183130
35662,0.001922,172.31.36.0-255,66,63638,12,183130
35663,0.001943,172.31.36.0-255,66,63704,12,183130
35664,0.001957,74.125.24.0-255,4320,68024,12,183130
35665,0.00196,172.31.36.0-255,66,68090,12,183130
35666,0.00197,172.31.36.0-255,66,68156,12,183130
35667,0.001993,74.125.24.0-255,2184,70340,12,183130
35668,0.001995,172.31.36.0-255,66,70406,12,183130
35669,0.002062,74.125.24.0-255,1484,71890,12,183130
35670,0.002069,74.125.24.0-255,2902,74792,12,183130
35671,0.002071,172.31.36.0-255,66,74858,12,183130
35672,0.002078,74.125.24.0-255,5738,80596,12,183130
35673,0.00208,172.31.36.0-255,66,80662,12,183130
35674,0.002097,74.125.24.0-255,5738,86400,12,183130
35675,0.002099,172.31.36.0-255,66,86466,12,183130
35676,0.00212,74.125.24.0-255,7156,93622,12,183130
35677,0.002123,172.31.36.0-255,66,93688,12,183130
35678,0.002131,74.125.24.0-255,7156,100844,12,183130
35679,0.002132,172.31.36.0-255,66,100910,12,183130
35680,0.002213,172.31.36.0-255,66,100976,12,183130
35681,0.002227,172.31.36.0-255,66,101042,12,183130
35682,0.002232,74.125.24.0-255,2184,103226,12,183130
35683,0.002234,172.31.36.0-255,66,103292,12,183130
35684,0.002238,74.125.24.0-255,2902,106194,12,183130
35685,0.00224,172.31.36.0-255,66,106260,12,183130
35686,0.002268,74.125.24.0-255,7156,113416,12,183130
35687,0.002271,172.31.36.0-255,66,113482,12,183130
35688,0.004473,74.125.24.0-255,5738,119220,12,183130
35689,0.004478,172.31.36.0-255,66,119286,12,183130
35690,0.006686,74.125.24.0-255,5738,125024,12,183130
35691,0.006693,172.31.36.0-255,66,125090,12,183130
35692,0.008908,74.125.24.0-255,5738,130828,12,183130
35693,0.008915,172.31.36.0-255,66,130894,12,183130
35694,0.011128,74.125.24.0-255,5738,136632,12,183130
35695,0.011135,172.31.36.0-255,66,136698,12,183130
35696,0.013329,74.125.24.0-255,5738,142436,12,183130
35697,0.013337,172.31.36.0-255,66,142502,12,183130
35698,0.015557,74.125.24.0-255,5738,148240,12,183130
35699,0.015567,172.31.36.0-255,66,148306,12,183130
35700,0.017778,74.125.24.0-255,5738,154044,12,183130
35701,0.017787,172.31.36.0-255,66,154110,12,183130
35702,0.019986,74.125.24.0-255,5738,159848,12,183130
35703,0.019994,172.31.36.0-255,66,159914,12,183130
35704,0.0222,74.125.24.0-255,5738,165652,12,183130
35705,0.022207,172.31.36.0-255,66,165718,12,183130
35706,0.024398,74.125.24.0-255,5738,171456,12,183130
35707,0.024405,172.31.36.0-255,66,171522,12,183130
35708,0.026633,74.125.24.0-255,5738,177260,12,183130
35709,0.02664,172.31.36.0-255,66,177326,12,183130
35710,0.028862,74.125.24.0-255,5738,183064,12,183130
35711,0.02887,172.31.36.0-255,66,183130,12,183130
35712,0.0,74.125.200.0-255,153,153,12,255875
35713,2.8e-05,172.31.36.0-255,66,219,12,255875
35714,3.5e-05,74.125.200.0-255,1484,1703,12,255875
35715,3.9e-05,172.31.36.0-255,66,1769,12,255875
35716,4.5e-05,74.125.200.0-255,2902,4671,12,255875
35717,4.8e-05,172.31.36.0-255,66,4737,12,255875
35718,5.6e-05,74.125.200.0-255,5738,10475,12,255875
35719,5.9e-05,172.31.36.0-255,66,10541,12,255875
35720,7.9e-05,74.125.200.0-255,1484,12025,12,255875
35721,8.2e-05,172.31.36.0-255,66,12091,12,255875
35722,8.6e-05,74.125.200.0-255,2054,14145,12,255875
35723,8.7e-05,172.31.36.0-255,66,14211,12,255875
35724,9.1e-05,74.125.200.0-255,2902,17113,12,255875
35725,9.3e-05,172.31.36.0-255,66,17179,12,255875
35726,0.000127,172.31.36.0-255,66,17245,12,255875
35727,0.000134,74.125.200.0-255,5379,22624,12,255875
35728,0.000136,172.31.36.0-255,66,22690,12,255875
35729,0.000153,74.125.200.0-255,1484,24174,12,255875
35730,0.000155,172.31.36.0-255,66,24240,12,255875
35731,0.000185,74.125.200.0-255,2902,27142,12,255875
35732,0.000188,172.31.36.0-255,66,27208,12,255875
35733,0.000203,74.125.200.0-255,2902,30110,12,255875
35734,0.000206,172.31.36.0-255,66,30176,12,255875
35735,0.000219,74.125.200.0-255,2902,33078,12,255875
35736,0.000221,172.31.36.0-255,66,33144,12,255875
35737,0.000226,74.125.200.0-255,4320,37464,12,255875
35738,0.000229,172.31.36.0-255,66,37530,12,255875
35739,0.000251,74.125.200.0-255,1484,39014,12,255875
35740,0.000254,172.31.36.0-255,66,39080,12,255875
35741,0.000272,74.125.200.0-255,1125,40205,12,255875
35742,0.000274,172.31.36.0-255,66,40271,12,255875
35743,0.000304,172.31.36.0-255,101,40372,12,255875
35744,0.000653,74.125.200.0-255,1484,41856,12,255875
35745,0.000668,74.125.200.0-255,2902,44758,12,255875
35746,0.000672,172.31.36.0-255,66,44824,12,255875
35747,0.000702,74.125.200.0-255,2902,47726,12,255875
35748,0.000706,172.31.36.0-255,66,47792,12,255875
35749,0.000726,74.125.200.0-255,2902,50694,12,255875
35750,0.000729,172.31.36.0-255,66,50760,12,255875
35751,0.000733,74.125.200.0-255,2902,53662,12,255875
35752,0.000736,172.31.36.0-255,66,53728,12,255875
35753,0.000741,74.125.200.0-255,3961,57689,12,255875
35754,0.000743,172.31.36.0-255,66,57755,12,255875
35755,0.000796,74.125.200.0-255,1484,59239,12,255875
35756,0.000802,74.125.200.0-255,2902,62141,12,255875
35757,0.000806,172.31.36.0-255,66,62207,12,255875
35758,0.000809,74.125.200.0-255,1484,63691,12,255875
35759,0.00083,74.125.200.0-255,4320,68011,12,255875
35760,0.000834,172.31.36.0-255,66,68077,12,255875
35761,0.000841,74.125.200.0-255,6797,74874,12,255875
35762,0.000844,172.31.36.0-255,66,74940,12,255875
35763,0.000904,74.125.200.0-255,1484,76424,12,255875
35764,0.000909,74.125.200.0-255,1484,77908,12,255875
35765,0.000912,172.31.36.0-255,66,77974,12,255875
35766,0.000916,74.125.200.0-255,2902,80876,12,255875
35767,0.000919,172.31.36.0-255,66,80942,12,255875
35768,0.00094,74.125.200.0-255,5738,86680,12,255875
35769,0.000943,172.31.36.0-255,66,86746,12,255875
35770,0.000968,74.125.200.0-255,1484,88230,12,255875
35771,0.000981,74.125.200.0-255,3961,92191,12,255875
35772,0.000984,172.31.36.0-255,66,92257,12,255875
35773,0.001004,74.125.200.0-255,5738,97995,12,255875
35774,0.001007,172.31.36.0-255,66,98061,12,255875
35775,0.001035,74.125.200.0-255,5738,103799,12,255875
35776,0.001038,172.31.36.0-255,66,103865,12,255875
35777,0.001068,74.125.200.0-255,2902,106767,12,255875
35778,0.001072,172.31.36.0-255,66,106833,12,255875
35779,0.001091,74.125.200.0-255,2429,109262,12,255875
35780,0.001094,172.31.36.0-255,66,109328,12,255875
35781,0.001115,74.125.200.0-255,211,109539,12,255875
35782,0.001302,74.125.200.0-255,1484,111023,12,255875
35783,0.001309,172.31.36.0-255,66,111089,12,255875
35784,0.001315,74.125.200.0-255,2902,113991,12,255875
35785,0.001318,172.31.36.0-255,66,114057,12,255875
35786,0.001323,74.125.200.0-255,2902,116959,12,255875
35787,0.001325,172.31.36.0-255,66,117025,12,255875
35788,0.001348,74.125.200.0-255,1484,118509,12,255875
35789,0.001354,74.125.200.0-255,5738,124247,12,255875
35790,0.001357,172.31.36.0-255,66,124313,12,255875
35791,0.001374,74.125.200.0-255,4320,128633,12,255875
35792,0.001377,172.31.36.0-255,66,128699,12,255875
35793,0.001394,74.125.200.0-255,7156,135855,12,255875
35794,0.001396,172.31.36.0-255,66,135921,12,255875
35795,0.00146,74.125.200.0-255,1484,137405,12,255875
35796,0.001479,74.125.200.0-255,6438,143843,12,255875
35797,0.001482,172.31.36.0-255,66,143909,12,255875
35798,0.001925,74.125.200.0-255,1484,145393,12,255875
35799,0.001942,74.125.200.0-255,2902,148295,12,255875
35800,0.001944,172.31.36.0-255,66,148361,12,255875
35801,0.001948,74.125.200.0-255,2902,151263,12,255875
35802,0.001951,172.31.36.0-255,66,151329,12,255875
35803,0.001963,74.125.200.0-255,2902,154231,12,255875
35804,0.001965,172.31.36.0-255,66,154297,12,255875
35805,0.001977,74.125.200.0-255,1484,155781,12,255875
35806,0.002002,172.31.36.0-255,66,155847,12,255875
35807,0.002032,74.125.200.0-255,2902,158749,12,255875
35808,0.002034,172.31.36.0-255,66,158815,12,255875
35809,0.002056,172.31.36.0-255,66,158881,12,255875
35810,0.00217,74.125.200.0-255,1484,160365,12,255875
35811,0.002183,74.125.200.0-255,2902,163267,12,255875
35812,0.002186,172.31.36.0-255,66,163333,12,255875
35813,0.002209,74.125.200.0-255,1484,164817,12,255875
35814,0.002227,74.125.200.0-255,4320,169137,12,255875
35815,0.002229,172.31.36.0-255,66,169203,12,255875
35816,0.002242,74.125.200.0-255,5738,174941,12,255875
35817,0.002244,172.31.36.0-255,66,175007,12,255875
35818,0.002262,74.125.200.0-255,4320,179327,12,255875
35819,0.002264,172.31.36.0-255,66,179393,12,255875
35820,0.002281,74.125.200.0-255,2902,182295,12,255875
35821,0.002283,172.31.36.0-255,66,182361,12,255875
35822,0.002302,74.125.200.0-255,4320,186681,12,255875
35823,0.002304,172.31.36.0-255,66,186747,12,255875
35824,0.002307,74.125.200.0-255,1484,188231,12,255875
35825,0.002326,74.125.200.0-255,4320,192551,12,255875
35826,0.002328,172.31.36.0-255,66,192617,12,255875
35827,0.00233,74.125.200.0-255,766,193383,12,255875
35828,0.002583,74.125.200.0-255,66,193449,12,255875
35829,0.004631,74.125.200.0-255,4320,197769,12,255875
35830,0.004636,172.31.36.0-255,66,197835,12,255875
35831,0.006958,74.125.200.0-255,5738,203573,12,255875
35832,0.006964,172.31.36.0-255,66,203639,12,255875
35833,0.009287,74.125.200.0-255,5738,209377,12,255875
35834,0.009295,172.31.36.0-255,66,209443,12,255875
35835,0.011615,74.125.200.0-255,5738,215181,12,255875
35836,0.011622,172.31.36.0-255,66,215247,12,255875
35837,0.013993,74.125.200.0-255,5738,220985,12,255875
35838,0.014003,172.31.36.0-255,66,221051,12,255875
35839,0.016338,74.125.200.0-255,5738,226789,12,255875
35840,0.016349,172.31.36.0-255,66,226855,12,255875
35841,0.018677,74.125.200.0-255,5738,232593,12,255875
35842,0.018686,172.31.36.0-255,66,232659,12,255875
35843,0.02101,74.125.200.0-255,5738,238397,12,255875
35844,0.021017,172.31.36.0-255,66,238463,12,255875
35845,0.023341,74.125.200.0-255,5738,244201,12,255875
35846,0.023349,172.31.36.0-255,66,244267,12,255875
35847,0.025675,74.125.200.0-255,5738,250005,12,255875
35848,0.025683,172.31.36.0-255,66,250071,12,255875
35849,0.028013,74.125.200.0-255,5738,255809,12,255875
35850,0.028021,172.31.36.0-255,66,255875,12,255875
35851,0.0,74.125.24.0-255,155,155,12,228440
35852,3.5e-05,172.31.36.0-255,66,221,12,228440
35853,4.1e-05,74.125.24.0-255,1484,1705,12,228440
35854,4.5e-05,172.31.36.0-255,66,1771,12,228440
35855,5.1e-05,74.125.24.0-255,2902,4673,12,228440
35856,5.5e-05,172.31.36.0-255,66,4739,12,228440
35857,6.8e-05,74.125.24.0-255,4320,9059,12,228440
35858,7.1e-05,172.31.36.0-255,66,9125,12,228440
35859,7.8e-05,74.125.24.0-255,4874,13999,12,228440
35860,8e-05,172.31.36.0-255,66,14065,12,228440
35861,9.1e-05,172.31.36.0-255,66,14131,12,228440
35862,9.8e-05,74.125.24.0-255,5379,19510,12,228440
35863,0.000101,172.31.36.0-255,66,19576,12,228440
35864,0.000189,74.125.24.0-255,1484,21060,12,228440
35865,0.000192,172.31.36.0-255,66,21126,12,228440
35866,0.000198,74.125.24.0-255,2902,24028,12,228440
35867,0.0002,172.31.36.0-255,66,24094,12,228440
35868,0.000212,74.125.24.0-255,5738,29832,12,228440
35869,0.000216,172.31.36.0-255,66,29898,12,228440
35870,0.000219,74.125.24.0-255,1484,31382,12,228440
35871,0.000221,172.31.36.0-255,66,31448,12,228440
35872,0.000275,172.31.36.0-255,66,31514,12,228440
35873,0.000281,74.125.24.0-255,5738,37252,12,228440
35874,0.000283,172.31.36.0-255,66,37318,12,228440
35875,0.00029,74.125.24.0-255,5020,42338,12,228440
35876,0.000292,172.31.36.0-255,66,42404,12,228440
35877,0.000344,74.125.24.0-255,400,42804,12,228440
35878,0.000349,172.31.36.0-255,66,42870,12,228440
35879,0.000377,74.125.24.0-255,345,43215,12,228440
35880,0.00038,172.31.36.0-255,66,43281,12,228440
35881,0.000497,74.125.24.0-255,1484,44765,12,228440
35882,0.000502,74.125.24.0-255,2902,47667,12,228440
35883,0.000506,172.31.36.0-255,66,47733,12,228440
35884,0.00051,74.125.24.0-255,1484,49217,12,228440
35885,0.000542,74.125.24.0-255,4320,53537,12,228440
35886,0.000546,172.31.36.0-255,66,53603,12,228440
35887,0.000566,172.31.36.0-255,66,53669,12,228440
35888,0.000597,74.125.24.0-255,5738,59407,12,228440
35889,0.000601,172.31.36.0-255,66,59473,12,228440
35890,0.000632,74.125.24.0-255,5020,64493,12,228440
35891,0.000635,172.31.36.0-255,66,64559,12,228440
35892,0.000646,172.31.36.0-255,66,64625,12,228440
35893,0.000666,74.125.24.0-255,1484,66109,12,228440
35894,0.00068,74.125.24.0-255,7156,73265,12,228440
35895,0.000684,172.31.36.0-255,66,73331,12,228440
35896,0.00072,172.31.36.0-255,66,73397,12,228440
35897,0.000736,74.125.24.0-255,6438,79835,12,228440
35898,0.000739,172.31.36.0-255,66,79901,12,228440
35899,0.000761,172.31.36.0-255,66,79967,12,228440
35900,0.000768,74.125.24.0-255,7156,87123,12,228440
35901,0.000774,172.31.36.0-255,66,87189,12,228440
35902,0.000803,74.125.24.0-255,5738,92927,12,228440
35903,0.000807,172.31.36.0-255,66,92993,12,228440
35904,0.000836,74.125.24.0-255,5020,98013,12,228440
35905,0.00084,172.31.36.0-255,66,98079,12,228440
35906,0.00087,74.125.24.0-255,1484,99563,12,228440
35907,0.000875,74.125.24.0-255,2902,102465,12,228440
35908,0.000878,172.31.36.0-255,66,102531,12,228440
35909,0.000885,74.125.24.0-255,5738,108269,12,228440
35910,0.000887,172.31.36.0-255,66,108335,12,228440
35911,0.000892,74.125.24.0-255,2902,111237,12,228440
35912,0.000894,172.31.36.0-255,66,111303,12,228440
35913,0.000936,172.31.36.0-255,66,111369,12,228440
35914,0.000957,74.125.24.0-255,4320,115689,12,228440
35915,0.000961,172.31.36.0-255,66,115755,12,228440
35916,0.000989,74.125.24.0-255,6438,122193,12,228440
35917,0.000992,172.31.36.0-255,66,122259,12,228440
35918,0.001171,74.125.24.0-255,1484,123743,12,228440
35919,0.001185,74.125.24.0-255,2902,126645,12,228440
35920,0.001189,172.31.36.0-255,66,126711,12,228440
35921,0.001193,74.125.24.0-255,2902,129613,12,228440
35922,0.001195,172.31.36.0-255,66,129679,12,228440
35923,0.001218,74.125.24.0-255,2902,132581,12,228440
35924,0.001222,74.125.24.0-255,2902,135483,12,228440
35925,0.001222,172.31.36.0-255,66,135549,12,228440
35926,0.001225,172.31.36.0-255,66,135615,12,228440
35927,0.001258,172.31.36.0-255,66,135681,12,228440
35928,0.001309,172.31.36.0-255,66,135747,12,228440
35929,0.001312,74.125.24.0-255,1484,137231,12,228440
35930,0.001317,74.125.24.0-255,2902,140133,12,228440
35931,0.001319,172.31.36.0-255,66,140199,12,228440
35932,0.001343,74.125.24.0-255,5738,145937,12,228440
35933,0.001347,172.31.36.0-255,66,146003,12,228440
35934,0.001387,74.125.24.0-255,1484,147487,12,228440
35935,0.001426,172.31.36.0-255,66,147553,12,228440
35936,0.001438,172.31.36.0-255,66,147619,12,228440
35937,0.001441,74.125.24.0-255,1484,149103,12,228440
35938,0.001445,74.125.24.0-255,2902,152005,12,228440
35939,0.001447,172.31.36.0-255,66,152071,12,228440
35940,0.001453,74.125.24.0-255,5738,157809,12,228440
35941,0.001456,172.31.36.0-255,66,157875,12,228440
35942,0.00146,74.125.24.0-255,2902,160777,12,228440
35943,0.001462,172.31.36.0-255,66,160843,12,228440
35944,0.001498,172.31.36.0-255,66,160909,12,228440
35945,0.001509,172.31.36.0-255,66,160975,12,228440
35946,0.001567,172.31.36.0-255,66,161041,12,228440
35947,0.001572,74.125.24.0-255,2902,163943,12,228440
35948,0.001575,172.31.36.0-255,66,164009,12,228440
35949,0.001621,172.31.36.0-255,66,164075,12,228440
35950,0.00191,74.125.24.0-255,1484,165559,12,228440
35951,0.001918,74.125.24.0-255,2902,168461,12,228440
35952,0.001921,172.31.36.0-255,66,168527,12,228440
35953,0.001926,74.125.24.0-255,2902,171429,12,228440
35954,0.001928,172.31.36.0-255,66,171495,12,228440
35955,0.001931,74.125.24.0-255,1484,172979,12,228440
35956,0.001965,74.125.24.0-255,5738,178717,12,228440
35957,0.001969,172.31.36.0-255,66,178783,12,228440
35958,0.001981,172.31.36.0-255,66,178849,12,228440
35959,0.002013,74.125.24.0-255,5738,184587,12,228440
35960,0.002016,172.31.36.0-255,66,184653,12,228440
35961,0.002022,74.125.24.0-255,3602,188255,12,228440
35962,0.002024,172.31.36.0-255,66,188321,12,228440
35963,0.00429,74.125.24.0-255,5738,194059,12,228440
35964,0.004297,172.31.36.0-255,66,194125,12,228440
35965,0.006543,74.125.24.0-255,5738,199863,12,228440
35966,0.00655,172.31.36.0-255,66,199929,12,228440
35967,0.008816,74.125.24.0-255,5738,205667,12,228440
35968,0.008823,172.31.36.0-255,66,205733,12,228440
35969,0.011099,74.125.24.0-255,5738,211471,12,228440
35970,0.011107,172.31.36.0-255,66,211537,12,228440
35971,0.013373,74.125.24.0-255,5738,217275,12,228440
35972,0.013383,172.31.36.0-255,66,217341,12,228440
35973,0.015655,74.125.24.0-255,5738,223079,12,228440
35974,0.015664,172.31.36.0-255,66,223145,12,228440
35975,0.017906,74.125.24.0-255,5058,228203,12,228440
35976,0.017915,172.31.36.0-255,66,228269,12,228440
35977,0.018178,172.31.36.0-255,105,228374,12,228440
35978,0.020393,74.125.24.0-255,66,228440,12,228440
35979,0.0,172.217.194.0-255,153,153,12,107299
35980,2.5e-05,172.31.36.0-255,66,219,12,107299
35981,3.2e-05,172.217.194.0-255,1484,1703,12,107299
35982,3.6e-05,172.31.36.0-255,66,1769,12,107299
35983,4.1e-05,172.217.194.0-255,2902,4671,12,107299
35984,5.1e-05,172.31.36.0-255,66,4737,12,107299
35985,5.8e-05,172.217.194.0-255,7156,11893,12,107299
35986,6.1e-05,172.31.36.0-255,66,11959,12,107299
35987,6.4e-05,172.217.194.0-255,2004,13963,12,107299
35988,6.6e-05,172.31.36.0-255,66,14029,12,107299
35989,7e-05,172.217.194.0-255,1484,15513,12,107299
35990,7.1e-05,172.31.36.0-255,66,15579,12,107299
35991,9.7e-05,172.31.36.0-255,66,15645,12,107299
35992,0.000123,172.217.194.0-255,1484,17129,12,107299
35993,0.000125,172.31.36.0-255,66,17195,12,107299
35994,0.000143,172.31.36.0-255,66,17261,12,107299
35995,0.000167,172.217.194.0-255,5020,22281,12,107299
35996,0.00017,172.31.36.0-255,66,22347,12,107299
35997,0.001967,172.217.194.0-255,1484,23831,12,107299
35998,0.001974,172.31.36.0-255,66,23897,12,107299
35999,0.001984,172.217.194.0-255,2902,26799,12,107299
36000,0.001986,172.31.36.0-255,66,26865,12,107299
36001,0.002,172.217.194.0-255,5738,32603,12,107299
36002,0.002002,172.31.36.0-255,66,32669,12,107299
36003,0.002034,172.217.194.0-255,5738,38407,12,107299
36004,0.002037,172.31.36.0-255,66,38473,12,107299
36005,0.002062,172.217.194.0-255,1714,40187,12,107299
36006,0.002064,172.31.36.0-255,66,40253,12,107299
36007,0.004986,172.217.194.0-255,1484,41737,12,107299
36008,0.00499,172.31.36.0-255,66,41803,12,107299
36009,0.004995,172.217.194.0-255,2902,44705,12,107299
36010,0.004997,172.31.36.0-255,66,44771,12,107299
36011,0.005026,172.217.194.0-255,1484,46255,12,107299
36012,0.00728,172.217.194.0-255,1484,47739,12,107299
36013,0.007287,172.31.36.0-255,66,47805,12,107299
36014,0.007315,172.217.194.0-255,2902,50707,12,107299
36015,0.007317,172.31.36.0-255,66,50773,12,107299
36016,0.009605,172.217.194.0-255,5738,56511,12,107299
36017,0.009614,172.31.36.0-255,66,56577,12,107299
36018,0.011939,172.217.194.0-255,5738,62315,12,107299
36019,0.011946,172.31.36.0-255,66,62381,12,107299
36020,0.014241,172.217.194.0-255,5738,68119,12,107299
36021,0.014248,172.31.36.0-255,66,68185,12,107299
36022,0.016554,172.217.194.0-255,5738,73923,12,107299
36023,0.016566,172.31.36.0-255,66,73989,12,107299
36024,0.018888,172.217.194.0-255,5738,79727,12,107299
36025,0.018898,172.31.36.0-255,66,79793,12,107299
36026,0.0212,172.217.194.0-255,5738,85531,12,107299
36027,0.021207,172.31.36.0-255,66,85597,12,107299
36028,0.023533,172.217.194.0-255,5738,91335,12,107299
36029,0.02354,172.31.36.0-255,66,91401,12,107299
36030,0.025844,172.217.194.0-255,5738,97139,12,107299
36031,0.025852,172.31.36.0-255,66,97205,12,107299
36032,0.028103,172.31.36.0-255,171,97376,12,107299
36033,0.028148,172.217.194.0-255,5738,103114,12,107299
36034,0.028153,172.31.36.0-255,66,103180,12,107299
36035,0.028158,172.31.36.0-255,1131,104311,12,107299
36036,0.028299,172.31.36.0-255,1514,105825,12,107299
36037,0.028301,172.31.36.0-255,1276,107101,12,107299
36038,0.029631,104.244.42.0-255,66,107167,12,107299
36039,0.029727,104.244.42.0-255,66,107233,12,107299
36040,0.029882,104.244.42.0-255,66,107299,12,107299
36041,0.0,74.125.24.0-255,297,297,12,120612
36042,3.7e-05,172.31.36.0-255,66,363,12,120612
36043,4.4e-05,74.125.24.0-255,1484,1847,12,120612
36044,4.8e-05,172.31.36.0-255,66,1913,12,120612
36045,6.3e-05,74.125.24.0-255,4320,6233,12,120612
36046,6.6e-05,172.31.36.0-255,66,6299,12,120612
36047,7.2e-05,74.125.24.0-255,5738,12037,12,120612
36048,7.6e-05,172.31.36.0-255,66,12103,12,120612
36049,8.3e-05,74.125.24.0-255,6093,18196,12,120612
36050,8.6e-05,172.31.36.0-255,66,18262,12,120612
36051,9.9e-05,172.31.36.0-255,66,18328,12,120612
36052,0.000127,74.125.24.0-255,1125,19453,12,120612
36053,0.00013,172.31.36.0-255,66,19519,12,120612
36054,0.000163,74.125.24.0-255,1484,21003,12,120612
36055,0.000166,172.31.36.0-255,66,21069,12,120612
36056,0.00017,74.125.24.0-255,1484,22553,12,120612
36057,0.000171,172.31.36.0-255,66,22619,12,120612
36058,0.000211,74.125.24.0-255,2902,25521,12,120612
36059,0.000214,172.31.36.0-255,66,25587,12,120612
36060,0.000221,74.125.24.0-255,7156,32743,12,120612
36061,0.000224,172.31.36.0-255,66,32809,12,120612
36062,0.000241,172.31.36.0-255,66,32875,12,120612
36063,0.000247,74.125.24.0-255,5321,38196,12,120612
36064,0.000249,172.31.36.0-255,66,38262,12,120612
36065,0.000252,74.125.24.0-255,130,38392,12,120612
36066,0.000254,172.31.36.0-255,66,38458,12,120612
36067,0.001873,74.125.24.0-255,1484,39942,12,120612
36068,0.001882,172.31.36.0-255,66,40008,12,120612
36069,0.001893,74.125.24.0-255,2902,42910,12,120612
36070,0.001895,172.31.36.0-255,66,42976,12,120612
36071,0.001908,74.125.24.0-255,5738,48714,12,120612
36072,0.001916,74.125.24.0-255,7156,55870,12,120612
36073,0.001949,74.125.24.0-255,2184,58054,12,120612
36074,0.006698,172.31.36.0-255,66,58120,12,120612
36075,0.008728,74.125.24.0-255,5738,63858,12,120612
36076,0.008736,172.31.36.0-255,66,63924,12,120612
36077,0.010736,74.125.24.0-255,5738,69662,12,120612
36078,0.010929,172.31.36.0-255,66,69728,12,120612
36079,0.012928,74.125.24.0-255,5738,75466,12,120612
36080,0.012935,172.31.36.0-255,66,75532,12,120612
36081,0.01494,74.125.24.0-255,5738,81270,12,120612
36082,0.014949,172.31.36.0-255,66,81336,12,120612
36083,0.017013,74.125.24.0-255,5738,87074,12,120612
36084,0.017021,172.31.36.0-255,66,87140,12,120612
36085,0.019043,74.125.24.0-255,4320,91460,12,120612
36086,0.019049,172.31.36.0-255,66,91526,12,120612
36087,0.019086,74.125.24.0-255,1484,93010,12,120612
36088,0.02109,74.125.24.0-255,4320,97330,12,120612
36089,0.021096,172.31.36.0-255,66,97396,12,120612
36090,0.023116,74.125.24.0-255,5738,103134,12,120612
36091,0.023165,172.31.36.0-255,66,103200,12,120612
36092,0.02517,74.125.24.0-255,5738,108938,12,120612
36093,0.025176,172.31.36.0-255,66,109004,12,120612
36094,0.027224,74.125.24.0-255,5738,114742,12,120612
36095,0.027231,172.31.36.0-255,66,114808,12,120612
36096,0.029246,74.125.24.0-255,5738,120546,12,120612
36097,0.029253,172.31.36.0-255,66,120612,12,120612
36098,0.0,74.125.68.0-255,146,146,12,223427
36099,2.3e-05,172.31.36.0-255,66,212,12,223427
36100,3.1e-05,74.125.68.0-255,1484,1696,12,223427
36101,3.6e-05,172.31.36.0-255,66,1762,12,223427
36102,4.2e-05,74.125.68.0-255,2902,4664,12,223427
36103,4.6e-05,172.31.36.0-255,66,4730,12,223427
36104,5.3e-05,74.125.68.0-255,5738,10468,12,223427
36105,5.6e-05,172.31.36.0-255,66,10534,12,223427
36106,0.000102,74.125.68.0-255,3465,13999,12,223427
36107,0.000105,172.31.36.0-255,66,14065,12,223427
36108,0.000382,74.125.68.0-255,1484,15549,12,223427
36109,0.000389,172.31.36.0-255,66,15615,12,223427
36110,0.000393,74.125.68.0-255,1484,17099,12,223427
36111,0.000395,172.31.36.0-255,66,17165,12,223427
36112,0.00041,74.125.68.0-255,2902,20067,12,223427
36113,0.000415,172.31.36.0-255,66,20133,12,223427
36114,0.000431,74.125.68.0-255,5738,25871,12,223427
36115,0.000434,172.31.36.0-255,66,25937,12,223427
36116,0.000467,74.125.68.0-255,5379,31316,12,223427
36117,0.00047,172.31.36.0-255,66,31382,12,223427
36118,0.000717,74.125.68.0-255,1484,32866,12,223427
36119,0.000722,172.31.36.0-255,66,32932,12,223427
36120,0.000746,74.125.68.0-255,2902,35834,12,223427
36121,0.00075,172.31.36.0-255,66,35900,12,223427
36122,0.000777,74.125.68.0-255,1484,37384,12,223427
36123,0.00078,172.31.36.0-255,66,37450,12,223427
36124,0.000819,74.125.68.0-255,2902,40352,12,223427
36125,0.000822,172.31.36.0-255,66,40418,12,223427
36126,0.00086,74.125.68.0-255,4320,44738,12,223427
36127,0.000863,172.31.36.0-255,66,44804,12,223427
36128,0.000901,74.125.68.0-255,5379,50183,12,223427
36129,0.000904,172.31.36.0-255,66,50249,12,223427
36130,0.000925,74.125.68.0-255,1484,51733,12,223427
36131,0.00093,74.125.68.0-255,2902,54635,12,223427
36132,0.000937,172.31.36.0-255,66,54701,12,223427
36133,0.000955,74.125.68.0-255,5738,60439,12,223427
36134,0.000972,172.31.36.0-255,66,60505,12,223427
36135,0.000991,74.125.68.0-255,5691,66196,12,223427
36136,0.001008,74.125.68.0-255,111,66307,12,223427
36137,0.001036,172.31.36.0-255,66,66373,12,223427
36138,0.001125,74.125.68.0-255,1484,67857,12,223427
36139,0.00116,74.125.68.0-255,1484,69341,12,223427
36140,0.001164,172.31.36.0-255,66,69407,12,223427
36141,0.001192,74.125.68.0-255,1484,70891,12,223427
36142,0.001198,74.125.68.0-255,4320,75211,12,223427
36143,0.001221,172.31.36.0-255,66,75277,12,223427
36144,0.001232,74.125.68.0-255,4320,79597,12,223427
36145,0.001235,74.125.68.0-255,1484,81081,12,223427
36146,0.001248,74.125.68.0-255,4320,85401,12,223427
36147,0.001251,172.31.36.0-255,66,85467,12,223427
36148,0.001284,74.125.68.0-255,2902,88369,12,223427
36149,0.001289,172.31.36.0-255,66,88435,12,223427
36150,0.001304,74.125.68.0-255,4320,92755,12,223427
36151,0.00132,172.31.36.0-255,66,92821,12,223427
36152,0.001356,74.125.68.0-255,5738,98559,12,223427
36153,0.001375,74.125.68.0-255,2184,100743,12,223427
36154,0.001381,172.31.36.0-255,66,100809,12,223427
36155,0.001391,74.125.68.0-255,330,101139,12,223427
36156,0.001468,74.125.68.0-255,1484,102623,12,223427
36157,0.001475,172.31.36.0-255,66,102689,12,223427
36158,0.001484,74.125.68.0-255,1484,104173,12,223427
36159,0.001499,74.125.68.0-255,2902,107075,12,223427
36160,0.001517,74.125.68.0-255,4320,111395,12,223427
36161,0.001525,172.31.36.0-255,66,111461,12,223427
36162,0.001533,74.125.68.0-255,1484,112945,12,223427
36163,0.00154,74.125.68.0-255,5738,118683,12,223427
36164,0.001548,172.31.36.0-255,66,118749,12,223427
36165,0.001578,74.125.68.0-255,2902,121651,12,223427
36166,0.001587,172.31.36.0-255,66,121717,12,223427
36167,0.001599,74.125.68.0-255,4320,126037,12,223427
36168,0.00162,172.31.36.0-255,66,126103,12,223427
36169,0.00163,74.125.68.0-255,1484,127587,12,223427
36170,0.001681,172.31.36.0-255,66,127653,12,223427
36171,0.0017,74.125.68.0-255,1484,129137,12,223427
36172,0.001723,74.125.68.0-255,2902,132039,12,223427
36173,0.001738,74.125.68.0-255,1484,133523,12,223427
36174,0.001741,172.31.36.0-255,66,133589,12,223427
36175,0.001752,74.125.68.0-255,1484,135073,12,223427
36176,0.001773,74.125.68.0-255,4320,139393,12,223427
36177,0.001783,172.31.36.0-255,66,139459,12,223427
36178,0.001823,172.31.36.0-255,66,139525,12,223427
36179,0.001868,74.125.68.0-255,1484,141009,12,223427
36180,0.00191,172.31.36.0-255,66,141075,12,223427
36181,0.001957,74.125.68.0-255,3602,144677,12,223427
36182,0.001971,74.125.68.0-255,1484,146161,12,223427
36183,0.001989,74.125.68.0-255,2902,149063,12,223427
36184,0.001992,172.31.36.0-255,66,149129,12,223427
36185,0.001997,172.31.36.0-255,66,149195,12,223427
36186,0.002012,74.125.68.0-255,1484,150679,12,223427
36187,0.002048,172.31.36.0-255,66,150745,12,223427
36188,0.002096,74.125.68.0-255,5738,156483,12,223427
36189,0.002107,172.31.36.0-255,66,156549,12,223427
36190,0.002133,74.125.68.0-255,2902,159451,12,223427
36191,0.002167,172.31.36.0-255,66,159517,12,223427
36192,0.004261,74.125.68.0-255,5738,165255,12,223427
36193,0.00427,172.31.36.0-255,66,165321,12,223427
36194,0.006343,74.125.68.0-255,2902,168223,12,223427
36195,0.006359,74.125.68.0-255,2902,171125,12,223427
36196,0.008947,172.31.36.0-255,66,171191,12,223427
36197,0.011041,74.125.68.0-255,5738,176929,12,223427
36198,0.011049,172.31.36.0-255,66,176995,12,223427
36199,0.01315,74.125.68.0-255,5738,182733,12,223427
36200,0.013281,172.31.36.0-255,66,182799,12,223427
36201,0.015387,74.125.68.0-255,5738,188537,12,223427
36202,0.015398,172.31.36.0-255,66,188603,12,223427
36203,0.017486,74.125.68.0-255,5738,194341,12,223427
36204,0.017493,172.31.36.0-255,66,194407,12,223427
36205,0.019584,74.125.68.0-255,5738,200145,12,223427
36206,0.019592,172.31.36.0-255,66,200211,12,223427
36207,0.021717,74.125.68.0-255,5738,205949,12,223427
36208,0.021724,172.31.36.0-255,66,206015,12,223427
36209,0.023816,74.125.68.0-255,5738,211753,12,223427
36210,0.023824,172.31.36.0-255,66,211819,12,223427
36211,0.025916,74.125.68.0-255,5738,217557,12,223427
36212,0.025926,172.31.36.0-255,66,217623,12,223427
36213,0.028024,74.125.68.0-255,5738,223361,12,223427
36214,0.028033,172.31.36.0-255,66,223427,12,223427
36215,0.0,74.125.24.0-255,153,153,12,219927
36216,1.6e-05,172.31.36.0-255,66,219,12,219927
36217,2.3e-05,74.125.24.0-255,1484,1703,12,219927
36218,2.8e-05,172.31.36.0-255,66,1769,12,219927
36219,4.1e-05,74.125.24.0-255,2902,4671,12,219927
36220,4.6e-05,172.31.36.0-255,66,4737,12,219927
36221,5.4e-05,74.125.24.0-255,7156,11893,12,219927
36222,5.7e-05,172.31.36.0-255,66,11959,12,219927
36223,6.2e-05,74.125.24.0-255,2092,14051,12,219927
36224,6.6e-05,172.31.36.0-255,66,14117,12,219927
36225,0.000127,74.125.24.0-255,1484,15601,12,219927
36226,0.00013,172.31.36.0-255,66,15667,12,219927
36227,0.000156,74.125.24.0-255,2902,18569,12,219927
36228,0.00016,172.31.36.0-255,66,18635,12,219927
36229,0.000166,74.125.24.0-255,5738,24373,12,219927
36230,0.000169,172.31.36.0-255,66,24439,12,219927
36231,0.000172,74.125.24.0-255,1484,25923,12,219927
36232,0.000174,172.31.36.0-255,66,25989,12,219927
36233,0.000212,74.125.24.0-255,4320,30309,12,219927
36234,0.000214,172.31.36.0-255,66,30375,12,219927
36235,0.000221,74.125.24.0-255,5738,36113,12,219927
36236,0.000223,172.31.36.0-255,66,36179,12,219927
36237,0.000258,172.31.36.0-255,66,36245,12,219927
36238,0.000264,74.125.24.0-255,3961,40206,12,219927
36239,0.000266,172.31.36.0-255,66,40272,12,219927
36240,0.000644,74.125.24.0-255,1484,41756,12,219927
36241,0.00065,74.125.24.0-255,2902,44658,12,219927
36242,0.000656,172.31.36.0-255,66,44724,12,219927
36243,0.00066,172.31.36.0-255,66,44790,12,219927
36244,0.000672,74.125.24.0-255,4320,49110,12,219927
36245,0.000675,172.31.36.0-255,66,49176,12,219927
36246,0.000698,74.125.24.0-255,1484,50660,12,219927
36247,0.00071,74.125.24.0-255,6797,57457,12,219927
36248,0.000739,74.125.24.0-255,2543,60000,12,219927
36249,0.000753,172.31.36.0-255,66,60066,12,219927
36250,0.001373,74.125.24.0-255,1484,61550,12,219927
36251,0.00138,74.125.24.0-255,1484,63034,12,219927
36252,0.001384,172.31.36.0-255,66,63100,12,219927
36253,0.001391,74.125.24.0-255,2902,66002,12,219927
36254,0.001418,74.125.24.0-255,5738,71740,12,219927
36255,0.001464,74.125.24.0-255,4320,76060,12,219927
36256,0.001481,74.125.24.0-255,7156,83216,12,219927
36257,0.001498,74.125.24.0-255,5738,88954,12,219927
36258,0.001518,74.125.24.0-255,4906,93860,12,219927
36259,0.001834,74.125.24.0-255,1484,95344,12,219927
36260,0.001856,74.125.24.0-255,1484,96828,12,219927
36261,0.001873,74.125.24.0-255,2902,99730,12,219927
36262,0.001878,74.125.24.0-255,2902,102632,12,219927
36263,0.001888,74.125.24.0-255,1484,104116,12,219927
36264,0.001899,74.125.24.0-255,1484,105600,12,219927
36265,0.001904,74.125.24.0-255,4320,109920,12,219927
36266,0.001929,74.125.24.0-255,5738,115658,12,219927
36267,0.001947,74.125.24.0-255,5738,121396,12,219927
36268,0.001954,74.125.24.0-255,6438,127834,12,219927
36269,0.002085,74.125.24.0-255,211,128045,12,219927
36270,0.002134,74.125.24.0-255,1484,129529,12,219927
36271,0.002155,74.125.24.0-255,4320,133849,12,219927
36272,0.002181,74.125.24.0-255,7156,141005,12,219927
36273,0.002214,74.125.24.0-255,5738,146743,12,219927
36274,0.002234,74.125.24.0-255,7156,153899,12,219927
36275,0.002248,74.125.24.0-255,1484,155383,12,219927
36276,0.002274,74.125.24.0-255,6438,161821,12,219927
36277,0.005338,172.31.36.0-255,66,161887,12,219927
36278,0.007618,74.125.24.0-255,5738,167625,12,219927
36279,0.007625,172.31.36.0-255,66,167691,12,219927
36280,0.009874,74.125.24.0-255,5738,173429,12,219927
36281,0.009882,172.31.36.0-255,66,173495,12,219927
36282,0.01214,74.125.24.0-255,5738,179233,12,219927
36283,0.012148,172.31.36.0-255,66,179299,12,219927
36284,0.014408,74.125.24.0-255,5738,185037,12,219927
36285,0.014416,172.31.36.0-255,66,185103,12,219927
36286,0.016666,74.125.24.0-255,5738,190841,12,219927
36287,0.016675,172.31.36.0-255,66,190907,12,219927
36288,0.018925,74.125.24.0-255,5738,196645,12,219927
36289,0.018934,172.31.36.0-255,66,196711,12,219927
36290,0.021193,74.125.24.0-255,5738,202449,12,219927
36291,0.021203,172.31.36.0-255,66,202515,12,219927
36292,0.023455,74.125.24.0-255,5738,208253,12,219927
36293,0.023464,172.31.36.0-255,66,208319,12,219927
36294,0.025722,74.125.24.0-255,5738,214057,12,219927
36295,0.02573,172.31.36.0-255,66,214123,12,219927
36296,0.028011,74.125.24.0-255,5738,219861,12,219927
36297,0.02802,172.31.36.0-255,66,219927,12,219927
36298,0.0,74.125.200.0-255,152,152,12,205042
36299,2.2e-05,172.31.36.0-255,66,218,12,205042
36300,5.5e-05,74.125.200.0-255,1484,1702,12,205042
36301,5.9e-05,172.31.36.0-255,66,1768,12,205042
36302,8.4e-05,74.125.200.0-255,2902,4670,12,205042
36303,8.7e-05,172.31.36.0-255,66,4736,12,205042
36304,8.9e-05,74.125.200.0-255,1484,6220,12,205042
36305,9.2e-05,172.31.36.0-255,66,6286,12,205042
36306,0.000124,74.125.200.0-255,2902,9188,12,205042
36307,0.000127,172.31.36.0-255,66,9254,12,205042
36308,0.00013,74.125.200.0-255,1484,10738,12,205042
36309,0.000131,172.31.36.0-255,66,10804,12,205042
36310,0.000164,74.125.200.0-255,2902,13706,12,205042
36311,0.000167,172.31.36.0-255,66,13772,12,205042
36312,0.000201,74.125.200.0-255,2058,15830,12,205042
36313,0.000204,172.31.36.0-255,66,15896,12,205042
36314,0.000233,74.125.200.0-255,2902,18798,12,205042
36315,0.000235,172.31.36.0-255,66,18864,12,205042
36316,0.000238,74.125.200.0-255,1484,20348,12,205042
36317,0.00024,172.31.36.0-255,66,20414,12,205042
36318,0.000271,74.125.200.0-255,2902,23316,12,205042
36319,0.000274,172.31.36.0-255,66,23382,12,205042
36320,0.00028,74.125.200.0-255,5738,29120,12,205042
36321,0.000283,172.31.36.0-255,66,29186,12,205042
36322,0.000286,74.125.200.0-255,1484,30670,12,205042
36323,0.000288,172.31.36.0-255,66,30736,12,205042
36324,0.000347,74.125.200.0-255,1125,31861,12,205042
36325,0.00035,172.31.36.0-255,66,31927,12,205042
36326,0.000602,74.125.200.0-255,1484,33411,12,205042
36327,0.000608,172.31.36.0-255,66,33477,12,205042
36328,0.000633,74.125.200.0-255,2902,36379,12,205042
36329,0.000638,172.31.36.0-255,66,36445,12,205042
36330,0.00064,74.125.200.0-255,1484,37929,12,205042
36331,0.000645,74.125.200.0-255,1484,39413,12,205042
36332,0.000668,74.125.200.0-255,1484,40897,12,205042
36333,0.000674,74.125.200.0-255,5738,46635,12,205042
36334,0.000681,172.31.36.0-255,66,46701,12,205042
36335,0.000706,74.125.200.0-255,5379,52080,12,205042
36336,0.000723,172.31.36.0-255,66,52146,12,205042
36337,0.000741,74.125.200.0-255,1484,53630,12,205042
36338,0.000773,74.125.200.0-255,2902,56532,12,205042
36339,0.000784,74.125.200.0-255,2902,59434,12,205042
36340,0.000799,74.125.200.0-255,2902,62336,12,205042
36341,0.000806,172.31.36.0-255,66,62402,12,205042
36342,0.00084,74.125.200.0-255,2902,65304,12,205042
36343,0.000844,172.31.36.0-255,66,65370,12,205042
36344,0.000869,74.125.200.0-255,1395,66765,12,205042
36345,0.000901,74.125.200.0-255,133,66898,12,205042
36346,0.001093,74.125.200.0-255,1484,68382,12,205042
36347,0.001098,172.31.36.0-255,66,68448,12,205042
36348,0.001144,74.125.200.0-255,2902,71350,12,205042
36349,0.001151,172.31.36.0-255,66,71416,12,205042
36350,0.001161,74.125.200.0-255,1484,72900,12,205042
36351,0.00118,74.125.200.0-255,2902,75802,12,205042
36352,0.001204,74.125.200.0-255,2902,78704,12,205042
36353,0.001228,172.31.36.0-255,66,78770,12,205042
36354,0.001259,74.125.200.0-255,4320,83090,12,205042
36355,0.001271,172.31.36.0-255,66,83156,12,205042
36356,0.001303,74.125.200.0-255,5738,88894,12,205042
36357,0.001318,172.31.36.0-255,66,88960,12,205042
36358,0.001358,74.125.200.0-255,1484,90444,12,205042
36359,0.001406,74.125.200.0-255,1484,91928,12,205042
36360,0.001413,172.31.36.0-255,66,91994,12,205042
36361,0.001433,74.125.200.0-255,2902,94896,12,205042
36362,0.001454,172.31.36.0-255,66,94962,12,205042
36363,0.001477,74.125.200.0-255,1484,96446,12,205042
36364,0.001504,74.125.200.0-255,1484,97930,12,205042
36365,0.00151,74.125.200.0-255,2902,100832,12,205042
36366,0.001539,74.125.200.0-255,766,101598,12,205042
36367,0.001544,172.31.36.0-255,66,101664,12,205042
36368,0.001803,172.31.36.0-255,66,101730,12,205042
36369,0.001836,74.125.200.0-255,348,102078,12,205042
36370,0.001877,74.125.200.0-255,1484,103562,12,205042
36371,0.00188,172.31.36.0-255,66,103628,12,205042
36372,0.001884,74.125.200.0-255,1484,105112,12,205042
36373,0.00191,74.125.200.0-255,2902,108014,12,205042
36374,0.001913,172.31.36.0-255,66,108080,12,205042
36375,0.001916,74.125.200.0-255,1484,109564,12,205042
36376,0.001938,74.125.200.0-255,2902,112466,12,205042
36377,0.00194,172.31.36.0-255,66,112532,12,205042
36378,0.001969,74.125.200.0-255,1484,114016,12,205042
36379,0.001973,74.125.200.0-255,1484,115500,12,205042
36380,0.001975,172.31.36.0-255,66,115566,12,205042
36381,0.001995,74.125.200.0-255,1484,117050,12,205042
36382,0.002002,74.125.200.0-255,5738,122788,12,205042
36383,0.002005,172.31.36.0-255,66,122854,12,205042
36384,0.002009,74.125.200.0-255,2902,125756,12,205042
36385,0.002029,74.125.200.0-255,1484,127240,12,205042
36386,0.002035,74.125.200.0-255,5738,132978,12,205042
36387,0.002041,172.31.36.0-255,66,133044,12,205042
36388,0.002075,74.125.200.0-255,3602,136646,12,205042
36389,0.002097,172.31.36.0-255,66,136712,12,205042
36390,0.004361,74.125.200.0-255,1484,138196,12,205042
36391,0.004404,74.125.200.0-255,1484,139680,12,205042
36392,0.004409,172.31.36.0-255,66,139746,12,205042
36393,0.004425,74.125.200.0-255,2902,142648,12,205042
36394,0.004433,172.31.36.0-255,66,142714,12,205042
36395,0.006725,74.125.200.0-255,2902,145616,12,205042
36396,0.006728,172.31.36.0-255,66,145682,12,205042
36397,0.006751,74.125.200.0-255,2902,148584,12,205042
36398,0.006754,172.31.36.0-255,66,148650,12,205042
36399,0.009057,74.125.200.0-255,2902,151552,12,205042
36400,0.009064,172.31.36.0-255,66,151618,12,205042
36401,0.0091,74.125.200.0-255,2902,154520,12,205042
36402,0.009104,172.31.36.0-255,66,154586,12,205042
36403,0.011378,74.125.200.0-255,2902,157488,12,205042
36404,0.011385,172.31.36.0-255,66,157554,12,205042
36405,0.011415,74.125.200.0-255,2902,160456,12,205042
36406,0.011418,172.31.36.0-255,66,160522,12,205042
36407,0.013711,74.125.200.0-255,2902,163424,12,205042
36408,0.013724,172.31.36.0-255,66,163490,12,205042
36409,0.01376,74.125.200.0-255,2902,166392,12,205042
36410,0.013764,172.31.36.0-255,66,166458,12,205042
36411,0.016039,74.125.200.0-255,2902,169360,12,205042
36412,0.016047,172.31.36.0-255,66,169426,12,205042
36413,0.016076,74.125.200.0-255,2902,172328,12,205042
36414,0.016079,172.31.36.0-255,66,172394,12,205042
36415,0.018377,74.125.200.0-255,2902,175296,12,205042
36416,0.018388,172.31.36.0-255,66,175362,12,205042
36417,0.018417,74.125.200.0-255,2902,178264,12,205042
36418,0.018419,172.31.36.0-255,66,178330,12,205042
36419,0.020707,74.125.200.0-255,2902,181232,12,205042
36420,0.020712,172.31.36.0-255,66,181298,12,205042
36421,0.020738,74.125.200.0-255,2902,184200,12,205042
36422,0.02074,172.31.36.0-255,66,184266,12,205042
36423,0.023014,74.125.200.0-255,2902,187168,12,205042
36424,0.023019,172.31.36.0-255,66,187234,12,205042
36425,0.023043,74.125.200.0-255,2902,190136,12,205042
36426,0.023045,172.31.36.0-255,66,190202,12,205042
36427,0.025331,74.125.200.0-255,2902,193104,12,205042
36428,0.025338,172.31.36.0-255,66,193170,12,205042
36429,0.025363,74.125.200.0-255,2902,196072,12,205042
36430,0.025365,172.31.36.0-255,66,196138,12,205042
36431,0.027648,74.125.200.0-255,2902,199040,12,205042
36432,0.027651,172.31.36.0-255,66,199106,12,205042
36433,0.027679,74.125.200.0-255,2902,202008,12,205042
36434,0.027682,172.31.36.0-255,66,202074,12,205042
36435,0.029986,74.125.200.0-255,2902,204976,12,205042
36436,0.029994,172.31.36.0-255,66,205042,12,205042
36437,0.0,172.217.194.0-255,147,147,12,222188
36438,3.6e-05,172.31.36.0-255,66,213,12,222188
36439,4.4e-05,172.217.194.0-255,1484,1697,12,222188
36440,4.9e-05,172.31.36.0-255,66,1763,12,222188
36441,6.1e-05,172.217.194.0-255,2902,4665,12,222188
36442,6.4e-05,172.31.36.0-255,66,4731,12,222188
36443,7.2e-05,172.217.194.0-255,7156,11887,12,222188
36444,7.5e-05,172.31.36.0-255,66,11953,12,222188
36445,8e-05,172.217.194.0-255,2902,14855,12,222188
36446,8.3e-05,172.31.36.0-255,66,14921,12,222188
36447,0.000113,172.217.194.0-255,3483,18404,12,222188
36448,0.000117,172.31.36.0-255,66,18470,12,222188
36449,0.000156,172.31.36.0-255,66,18536,12,222188
36450,0.000168,172.217.194.0-255,1484,20020,12,222188
36451,0.000174,172.31.36.0-255,66,20086,12,222188
36452,0.00018,172.217.194.0-255,2902,22988,12,222188
36453,0.000182,172.31.36.0-255,66,23054,12,222188
36454,0.000188,172.217.194.0-255,1484,24538,12,222188
36455,0.00019,172.31.36.0-255,66,24604,12,222188
36456,0.000226,172.217.194.0-255,4320,28924,12,222188
36457,0.000229,172.31.36.0-255,66,28990,12,222188
36458,0.00024,172.31.36.0-255,66,29056,12,222188
36459,0.000264,172.217.194.0-255,3961,33017,12,222188
36460,0.000267,172.31.36.0-255,66,33083,12,222188
36461,0.000274,172.217.194.0-255,7156,40239,12,222188
36462,0.000276,172.31.36.0-255,66,40305,12,222188
36463,0.0003,172.217.194.0-255,2830,43135,12,222188
36464,0.000303,172.31.36.0-255,66,43201,12,222188
36465,0.000306,172.217.194.0-255,367,43568,12,222188
36466,0.000308,172.31.36.0-255,66,43634,12,222188
36467,0.000564,172.217.194.0-255,1484,45118,12,222188
36468,0.000571,172.217.194.0-255,2902,48020,12,222188
36469,0.000575,172.31.36.0-255,66,48086,12,222188
36470,0.000588,172.217.194.0-255,1484,49570,12,222188
36471,0.000612,172.217.194.0-255,4320,53890,12,222188
36472,0.000615,172.31.36.0-255,66,53956,12,222188
36473,0.000653,172.217.194.0-255,4320,58276,12,222188
36474,0.000657,172.31.36.0-255,66,58342,12,222188
36475,0.000685,172.217.194.0-255,2902,61244,12,222188
36476,0.000688,172.31.36.0-255,66,61310,12,222188
36477,0.000707,172.31.36.0-255,66,61376,12,222188
36478,0.000712,172.217.194.0-255,2184,63560,12,222188
36479,0.000714,172.31.36.0-255,66,63626,12,222188
36480,0.000995,172.217.194.0-255,1484,65110,12,222188
36481,0.001001,172.217.194.0-255,1484,66594,12,222188
36482,0.001004,172.31.36.0-255,66,66660,12,222188
36483,0.001025,172.217.194.0-255,1484,68144,12,222188
36484,0.001031,172.217.194.0-255,4320,72464,12,222188
36485,0.001033,172.31.36.0-255,66,72530,12,222188
36486,0.001058,172.217.194.0-255,1484,74014,12,222188
36487,0.001078,172.217.194.0-255,5738,79752,12,222188
36488,0.001082,172.31.36.0-255,66,79818,12,222188
36489,0.00111,172.217.194.0-255,7156,86974,12,222188
36490,0.001113,172.31.36.0-255,66,87040,12,222188
36491,0.001121,172.217.194.0-255,7156,94196,12,222188
36492,0.001123,172.31.36.0-255,66,94262,12,222188
36493,0.001169,172.217.194.0-255,1484,95746,12,222188
36494,0.001185,172.217.194.0-255,5020,100766,12,222188
36495,0.001188,172.31.36.0-255,66,100832,12,222188
36496,0.001216,172.217.194.0-255,7156,107988,12,222188
36497,0.001219,172.31.36.0-255,66,108054,12,222188
36498,0.001222,172.217.194.0-255,1484,109538,12,222188
36499,0.001252,172.31.36.0-255,66,109604,12,222188
36500,0.001279,172.217.194.0-255,5738,115342,12,222188
36501,0.001283,172.31.36.0-255,66,115408,12,222188
36502,0.001298,172.31.36.0-255,66,115474,12,222188
36503,0.001472,172.217.194.0-255,1484,116958,12,222188
36504,0.00149,172.217.194.0-255,2902,119860,12,222188
36505,0.001493,172.31.36.0-255,66,119926,12,222188
36506,0.001498,172.217.194.0-255,2902,122828,12,222188
36507,0.0015,172.31.36.0-255,66,122894,12,222188
36508,0.001527,172.217.194.0-255,2902,125796,12,222188
36509,0.00153,172.31.36.0-255,66,125862,12,222188
36510,0.001544,172.31.36.0-255,66,125928,12,222188
36511,0.001551,172.217.194.0-255,7156,133084,12,222188
36512,0.001554,172.31.36.0-255,66,133150,12,222188
36513,0.001583,172.217.194.0-255,3602,136752,12,222188
36514,0.001587,172.31.36.0-255,66,136818,12,222188
36515,0.001615,172.217.194.0-255,1484,138302,12,222188
36516,0.00162,172.217.194.0-255,2902,141204,12,222188
36517,0.001622,172.31.36.0-255,66,141270,12,222188
36518,0.001629,172.217.194.0-255,5738,147008,12,222188
36519,0.001631,172.31.36.0-255,66,147074,12,222188
36520,0.001648,172.31.36.0-255,66,147140,12,222188
36521,0.001663,172.31.36.0-255,66,147206,12,222188
36522,0.00169,172.217.194.0-255,1484,148690,12,222188
36523,0.001695,172.217.194.0-255,2184,150874,12,222188
36524,0.001697,172.31.36.0-255,66,150940,12,222188
36525,0.001877,172.217.194.0-255,1484,152424,12,222188
36526,0.001895,172.217.194.0-255,2902,155326,12,222188
36527,0.001899,172.31.36.0-255,66,155392,12,222188
36528,0.001906,172.217.194.0-255,5738,161130,12,222188
36529,0.001908,172.31.36.0-255,66,161196,12,222188
36530,0.001921,172.217.194.0-255,5738,166934,12,222188
36531,0.001924,172.31.36.0-255,66,167000,12,222188
36532,0.001968,172.31.36.0-255,66,167066,12,222188
36533,0.001975,172.217.194.0-255,5020,172086,12,222188
36534,0.001981,172.217.194.0-255,5738,177824,12,222188
36535,0.001981,172.31.36.0-255,66,177890,12,222188
36536,0.001984,172.31.36.0-255,66,177956,12,222188
36537,0.002063,172.31.36.0-255,66,178022,12,222188
36538,0.002077,172.31.36.0-255,66,178088,12,222188
36539,0.002088,172.31.36.0-255,66,178154,12,222188
36540,0.002128,172.31.36.0-255,66,178220,12,222188
36541,0.002141,172.31.36.0-255,66,178286,12,222188
36542,0.002187,172.31.36.0-255,66,178352,12,222188
36543,0.002228,172.31.36.0-255,66,178418,12,222188
36544,0.004321,172.217.194.0-255,5738,184156,12,222188
36545,0.004327,172.31.36.0-255,66,184222,12,222188
36546,0.006378,172.217.194.0-255,4320,188542,12,222188
36547,0.006382,172.31.36.0-255,66,188608,12,222188
36548,0.006398,172.217.194.0-255,1484,190092,12,222188
36549,0.008492,172.217.194.0-255,4320,194412,12,222188
36550,0.008495,172.31.36.0-255,66,194478,12,222188
36551,0.01057,172.217.194.0-255,5738,200216,12,222188
36552,0.010579,172.31.36.0-255,66,200282,12,222188
36553,0.012642,172.217.194.0-255,5738,206020,12,222188
36554,0.012654,172.31.36.0-255,66,206086,12,222188
36555,0.014759,172.217.194.0-255,5738,211824,12,222188
36556,0.014766,172.31.36.0-255,66,211890,12,222188
36557,0.016853,172.217.194.0-255,5738,217628,12,222188
36558,0.016862,172.31.36.0-255,66,217694,12,222188
36559,0.018981,172.217.194.0-255,4257,221951,12,222188
36560,0.01899,172.31.36.0-255,66,222017,12,222188
36561,0.019233,172.31.36.0-255,105,222122,12,222188
36562,0.021283,172.217.194.0-255,66,222188,12,222188
36563,0.0,172.31.36.0-255,105,105,12,105
36564,0.0,172.253.118.0-255,331,331,12,165206
36565,1.8e-05,172.31.36.0-255,66,397,12,165206
36566,2.3e-05,172.253.118.0-255,1484,1881,12,165206
36567,2.8e-05,172.31.36.0-255,66,1947,12,165206
36568,3.7e-05,172.253.118.0-255,4320,6267,12,165206
36569,4e-05,172.31.36.0-255,66,6333,12,165206
36570,4.4e-05,172.253.118.0-255,1484,7817,12,165206
36571,4.6e-05,172.31.36.0-255,66,7883,12,165206
36572,7.7e-05,172.253.118.0-255,6248,14131,12,165206
36573,8e-05,172.31.36.0-255,66,14197,12,165206
36574,0.000111,172.253.118.0-255,1484,15681,12,165206
36575,0.000113,172.31.36.0-255,66,15747,12,165206
36576,0.000119,172.253.118.0-255,2902,18649,12,165206
36577,0.000121,172.31.36.0-255,66,18715,12,165206
36578,0.000124,172.253.118.0-255,1484,20199,12,165206
36579,0.000126,172.31.36.0-255,66,20265,12,165206
36580,0.000151,172.253.118.0-255,4320,24585,12,165206
36581,0.000154,172.31.36.0-255,66,24651,12,165206
36582,0.00016,172.253.118.0-255,4320,28971,12,165206
36583,0.000162,172.31.36.0-255,66,29037,12,165206
36584,0.000194,172.253.118.0-255,2543,31580,12,165206
36585,0.000197,172.31.36.0-255,66,31646,12,165206
36586,0.000233,172.253.118.0-255,2902,34548,12,165206
36587,0.000236,172.31.36.0-255,66,34614,12,165206
36588,0.000259,172.253.118.0-255,5738,40352,12,165206
36589,0.000262,172.31.36.0-255,66,40418,12,165206
36590,0.000297,172.253.118.0-255,5738,46156,12,165206
36591,0.0003,172.31.36.0-255,66,46222,12,165206
36592,0.000317,172.253.118.0-255,2543,48765,12,165206
36593,0.00032,172.31.36.0-255,66,48831,12,165206
36594,0.001381,172.253.118.0-255,1484,50315,12,165206
36595,0.001388,172.31.36.0-255,66,50381,12,165206
36596,0.001398,172.253.118.0-255,2902,53283,12,165206
36597,0.001401,172.31.36.0-255,66,53349,12,165206
36598,0.001407,172.253.118.0-255,2902,56251,12,165206
36599,0.001409,172.31.36.0-255,66,56317,12,165206
36600,0.001427,172.253.118.0-255,2902,59219,12,165206
36601,0.001429,172.31.36.0-255,66,59285,12,165206
36602,0.001438,172.253.118.0-255,6797,66082,12,165206
36603,0.00144,172.31.36.0-255,66,66148,12,165206
36604,0.001458,172.253.118.0-255,1484,67632,12,165206
36605,0.00148,172.31.36.0-255,66,67698,12,165206
36606,0.001501,172.253.118.0-255,2902,70600,12,165206
36607,0.001503,172.31.36.0-255,66,70666,12,165206
36608,0.001509,172.253.118.0-255,3123,73789,12,165206
36609,0.001511,172.31.36.0-255,66,73855,12,165206
36610,0.001537,172.253.118.0-255,1484,75339,12,165206
36611,0.001562,172.253.118.0-255,2902,78241,12,165206
36612,0.001565,172.31.36.0-255,66,78307,12,165206
36613,0.001569,172.253.118.0-255,1484,79791,12,165206
36614,0.001591,172.253.118.0-255,4320,84111,12,165206
36615,0.001593,172.31.36.0-255,66,84177,12,165206
36616,0.001601,172.253.118.0-255,6797,90974,12,165206
36617,0.001603,172.31.36.0-255,66,91040,12,165206
36618,0.002365,172.253.118.0-255,1484,92524,12,165206
36619,0.002373,172.253.118.0-255,2902,95426,12,165206
36620,0.002378,172.31.36.0-255,66,95492,12,165206
36621,0.002386,172.253.118.0-255,5738,101230,12,165206
36622,0.002389,172.31.36.0-255,66,101296,12,165206
36623,0.002392,172.253.118.0-255,1484,102780,12,165206
36624,0.00474,172.253.118.0-255,4320,107100,12,165206
36625,0.004745,172.31.36.0-255,66,107166,12,165206
36626,0.007094,172.253.118.0-255,5738,112904,12,165206
36627,0.007101,172.31.36.0-255,66,112970,12,165206
36628,0.009457,172.253.118.0-255,5738,118708,12,165206
36629,0.009466,172.31.36.0-255,66,118774,12,165206
36630,0.011832,172.253.118.0-255,5738,124512,12,165206
36631,0.011839,172.31.36.0-255,66,124578,12,165206
36632,0.014186,172.253.118.0-255,5738,130316,12,165206
36633,0.014193,172.31.36.0-255,66,130382,12,165206
36634,0.016552,172.253.118.0-255,5738,136120,12,165206
36635,0.016561,172.31.36.0-255,66,136186,12,165206
36636,0.018922,172.253.118.0-255,5738,141924,12,165206
36637,0.01893,172.31.36.0-255,66,141990,12,165206
36638,0.021313,172.253.118.0-255,5738,147728,12,165206
36639,0.021321,172.31.36.0-255,66,147794,12,165206
36640,0.023669,172.253.118.0-255,5738,153532,12,165206
36641,0.023676,172.31.36.0-255,66,153598,12,165206
36642,0.026015,172.253.118.0-255,5738,159336,12,165206
36643,0.026023,172.31.36.0-255,66,159402,12,165206
36644,0.028388,172.253.118.0-255,5738,165140,12,165206
36645,0.028396,172.31.36.0-255,66,165206,12,165206
36646,0.0,172.217.194.0-255,153,153,12,208926
36647,3.8e-05,172.31.36.0-255,66,219,12,208926
36648,4.5e-05,172.217.194.0-255,1484,1703,12,208926
36649,5e-05,172.31.36.0-255,66,1769,12,208926
36650,5.5e-05,172.217.194.0-255,2902,4671,12,208926
36651,6.6e-05,172.31.36.0-255,66,4737,12,208926
36652,7.3e-05,172.217.194.0-255,7156,11893,12,208926
36653,7.6e-05,172.31.36.0-255,66,11959,12,208926
36654,8.1e-05,172.217.194.0-255,2040,13999,12,208926
36655,8.3e-05,172.31.36.0-255,66,14065,12,208926
36656,0.000218,172.217.194.0-255,1484,15549,12,208926
36657,0.000223,172.31.36.0-255,66,15615,12,208926
36658,0.00023,172.217.194.0-255,2902,18517,12,208926
36659,0.000232,172.31.36.0-255,66,18583,12,208926
36660,0.000247,172.217.194.0-255,5738,24321,12,208926
36661,0.000249,172.31.36.0-255,66,24387,12,208926
36662,0.000307,172.217.194.0-255,6797,31184,12,208926
36663,0.000311,172.31.36.0-255,66,31250,12,208926
36664,0.000364,172.217.194.0-255,1484,32734,12,208926
36665,0.000368,172.31.36.0-255,66,32800,12,208926
36666,0.000373,172.217.194.0-255,2902,35702,12,208926
36667,0.000376,172.31.36.0-255,66,35768,12,208926
36668,0.000405,172.217.194.0-255,5738,41506,12,208926
36669,0.000409,172.31.36.0-255,66,41572,12,208926
36670,0.000432,172.217.194.0-255,4320,45892,12,208926
36671,0.000438,172.31.36.0-255,66,45958,12,208926
36672,0.00045,172.217.194.0-255,2543,48501,12,208926
36673,0.000458,172.31.36.0-255,66,48567,12,208926
36674,0.000465,172.217.194.0-255,7156,55723,12,208926
36675,0.000468,172.31.36.0-255,66,55789,12,208926
36676,0.000476,172.217.194.0-255,7156,62945,12,208926
36677,0.000479,172.31.36.0-255,66,63011,12,208926
36678,0.000517,172.217.194.0-255,3165,66176,12,208926
36679,0.000521,172.31.36.0-255,66,66242,12,208926
36680,0.000746,172.217.194.0-255,1484,67726,12,208926
36681,0.000752,172.217.194.0-255,2902,70628,12,208926
36682,0.000756,172.31.36.0-255,66,70694,12,208926
36683,0.000789,172.217.194.0-255,5738,76432,12,208926
36684,0.000793,172.31.36.0-255,66,76498,12,208926
36685,0.000805,172.31.36.0-255,66,76564,12,208926
36686,0.000853,172.31.36.0-255,66,76630,12,208926
36687,0.001377,172.217.194.0-255,1484,78114,12,208926
36688,0.001387,172.217.194.0-255,2902,81016,12,208926
36689,0.001391,172.31.36.0-255,66,81082,12,208926
36690,0.0014,172.217.194.0-255,5738,86820,12,208926
36691,0.001402,172.31.36.0-255,66,86886,12,208926
36692,0.001429,172.31.36.0-255,66,86952,12,208926
36693,0.001459,172.217.194.0-255,4320,91272,12,208926
36694,0.001462,172.31.36.0-255,66,91338,12,208926
36695,0.001482,172.31.36.0-255,66,91404,12,208926
36696,0.001649,172.217.194.0-255,1484,92888,12,208926
36697,0.001655,172.217.194.0-255,2902,95790,12,208926
36698,0.001659,172.31.36.0-255,66,95856,12,208926
36699,0.001662,172.217.194.0-255,1484,97340,12,208926
36700,0.001692,172.217.194.0-255,4320,101660,12,208926
36701,0.001695,172.31.36.0-255,66,101726,12,208926
36702,0.001707,172.31.36.0-255,66,101792,12,208926
36703,0.00172,172.31.36.0-255,66,101858,12,208926
36704,0.001754,172.217.194.0-255,5020,106878,12,208926
36705,0.001758,172.31.36.0-255,66,106944,12,208926
36706,0.001765,172.217.194.0-255,4320,111264,12,208926
36707,0.001767,172.31.36.0-255,66,111330,12,208926
36708,0.00179,172.217.194.0-255,1484,112814,12,208926
36709,0.001801,172.31.36.0-255,66,112880,12,208926
36710,0.001831,172.217.194.0-255,4320,117200,12,208926
36711,0.001835,172.31.36.0-255,66,117266,12,208926
36712,0.001848,172.31.36.0-255,66,117332,12,208926
36713,0.00185,172.217.194.0-255,766,118098,12,208926
36714,0.002146,172.217.194.0-255,1484,119582,12,208926
36715,0.002152,172.31.36.0-255,66,119648,12,208926
36716,0.002157,172.217.194.0-255,2902,122550,12,208926
36717,0.002161,172.31.36.0-255,66,122616,12,208926
36718,0.002232,172.217.194.0-255,5738,128354,12,208926
36719,0.002237,172.31.36.0-255,66,128420,12,208926
36720,0.002243,172.217.194.0-255,7156,135576,12,208926
36721,0.002248,172.31.36.0-255,66,135642,12,208926
36722,0.002256,172.31.36.0-255,66,135708,12,208926
36723,0.00226,172.217.194.0-255,2184,137892,12,208926
36724,0.002262,172.31.36.0-255,66,137958,12,208926
36725,0.004491,172.217.194.0-255,2902,140860,12,208926
36726,0.004498,172.31.36.0-255,66,140926,12,208926
36727,0.004537,172.217.194.0-255,2902,143828,12,208926
36728,0.00454,172.31.36.0-255,66,143894,12,208926
36729,0.006726,172.217.194.0-255,2902,146796,12,208926
36730,0.006731,172.31.36.0-255,66,146862,12,208926
36731,0.006773,172.217.194.0-255,2902,149764,12,208926
36732,0.006777,172.31.36.0-255,66,149830,12,208926
36733,0.008987,172.217.194.0-255,2902,152732,12,208926
36734,0.008996,172.31.36.0-255,66,152798,12,208926
36735,0.009045,172.217.194.0-255,2902,155700,12,208926
36736,0.00905,172.31.36.0-255,66,155766,12,208926
36737,0.011268,172.217.194.0-255,2902,158668,12,208926
36738,0.01128,172.31.36.0-255,66,158734,12,208926
36739,0.011325,172.217.194.0-255,2902,161636,12,208926
36740,0.011329,172.31.36.0-255,66,161702,12,208926
36741,0.013539,172.217.194.0-255,2902,164604,12,208926
36742,0.013549,172.31.36.0-255,66,164670,12,208926
36743,0.013591,172.217.194.0-255,2902,167572,12,208926
36744,0.013594,172.31.36.0-255,66,167638,12,208926
36745,0.015797,172.217.194.0-255,2902,170540,12,208926
36746,0.015808,172.31.36.0-255,66,170606,12,208926
36747,0.015851,172.217.194.0-255,2902,173508,12,208926
36748,0.015854,172.31.36.0-255,66,173574,12,208926
36749,0.018067,172.217.194.0-255,2902,176476,12,208926
36750,0.018084,172.31.36.0-255,66,176542,12,208926
36751,0.018122,172.217.194.0-255,2902,179444,12,208926
36752,0.018126,172.31.36.0-255,66,179510,12,208926
36753,0.020359,172.217.194.0-255,2902,182412,12,208926
36754,0.020372,172.31.36.0-255,66,182478,12,208926
36755,0.020413,172.217.194.0-255,2902,185380,12,208926
36756,0.020416,172.31.36.0-255,66,185446,12,208926
36757,0.02262,172.217.194.0-255,2902,188348,12,208926
36758,0.022636,172.31.36.0-255,66,188414,12,208926
36759,0.02268,172.217.194.0-255,2902,191316,12,208926
36760,0.022684,172.31.36.0-255,66,191382,12,208926
36761,0.024893,172.217.194.0-255,2902,194284,12,208926
36762,0.024915,172.31.36.0-255,66,194350,12,208926
36763,0.024951,172.217.194.0-255,2902,197252,12,208926
36764,0.024955,172.31.36.0-255,66,197318,12,208926
36765,0.027202,172.217.194.0-255,5738,203056,12,208926
36766,0.027217,172.31.36.0-255,66,203122,12,208926
36767,0.02949,172.217.194.0-255,5738,208860,12,208926
36768,0.029506,172.31.36.0-255,66,208926,12,208926
36769,0.0,74.125.24.0-255,156,156,12,180799
36770,4e-05,172.31.36.0-255,66,222,12,180799
36771,4.7e-05,74.125.24.0-255,1484,1706,12,180799
36772,5.2e-05,172.31.36.0-255,66,1772,12,180799
36773,5.6e-05,74.125.24.0-255,2902,4674,12,180799
36774,6.7e-05,172.31.36.0-255,66,4740,12,180799
36775,7.2e-05,74.125.24.0-255,2902,7642,12,180799
36776,7.4e-05,172.31.36.0-255,66,7708,12,180799
36777,8.5e-05,172.31.36.0-255,66,7774,12,180799
36778,0.000101,172.31.36.0-255,66,7840,12,180799
36779,0.000129,74.125.24.0-255,2543,10383,12,180799
36780,0.000132,172.31.36.0-255,66,10449,12,180799
36781,0.000173,74.125.24.0-255,1484,11933,12,180799
36782,0.000176,172.31.36.0-255,66,11999,12,180799
36783,0.000179,74.125.24.0-255,1484,13483,12,180799
36784,0.000181,172.31.36.0-255,66,13549,12,180799
36785,0.000203,74.125.24.0-255,1484,15033,12,180799
36786,0.000212,172.31.36.0-255,66,15099,12,180799
36787,0.000221,74.125.24.0-255,5738,20837,12,180799
36788,0.000224,172.31.36.0-255,66,20903,12,180799
36789,0.000231,74.125.24.0-255,7156,28059,12,180799
36790,0.000234,172.31.36.0-255,66,28125,12,180799
36791,0.000262,74.125.24.0-255,3961,32086,12,180799
36792,0.000265,172.31.36.0-255,66,32152,12,180799
36793,0.000279,172.31.36.0-255,66,32218,12,180799
36794,0.000282,74.125.24.0-255,1436,33654,12,180799
36795,0.000285,172.31.36.0-255,66,33720,12,180799
36796,0.000316,74.125.24.0-255,110,33830,12,180799
36797,0.000319,172.31.36.0-255,66,33896,12,180799
36798,0.000412,74.125.24.0-255,1484,35380,12,180799
36799,0.00042,74.125.24.0-255,2902,38282,12,180799
36800,0.000423,172.31.36.0-255,66,38348,12,180799
36801,0.000427,74.125.24.0-255,2902,41250,12,180799
36802,0.000429,172.31.36.0-255,66,41316,12,180799
36803,0.000454,74.125.24.0-255,2902,44218,12,180799
36804,0.000459,172.31.36.0-255,66,44284,12,180799
36805,0.000465,74.125.24.0-255,7156,51440,12,180799
36806,0.000468,172.31.36.0-255,66,51506,12,180799
36807,0.00051,74.125.24.0-255,6797,58303,12,180799
36808,0.000514,172.31.36.0-255,66,58369,12,180799
36809,0.000526,172.31.36.0-255,66,58435,12,180799
36810,0.000688,74.125.24.0-255,1484,59919,12,180799
36811,0.000705,74.125.24.0-255,2902,62821,12,180799
36812,0.000709,172.31.36.0-255,66,62887,12,180799
36813,0.000716,74.125.24.0-255,4320,67207,12,180799
36814,0.000718,172.31.36.0-255,66,67273,12,180799
36815,0.000723,74.125.24.0-255,4320,71593,12,180799
36816,0.000731,172.31.36.0-255,66,71659,12,180799
36817,0.000764,74.125.24.0-255,4320,75979,12,180799
36818,0.000768,172.31.36.0-255,66,76045,12,180799
36819,0.000774,74.125.24.0-255,5738,81783,12,180799
36820,0.000777,172.31.36.0-255,66,81849,12,180799
36821,0.00081,172.31.36.0-255,66,81915,12,180799
36822,0.000862,172.31.36.0-255,66,81981,12,180799
36823,0.000887,74.125.24.0-255,2902,84883,12,180799
36824,0.00089,172.31.36.0-255,66,84949,12,180799
36825,0.000919,172.31.36.0-255,66,85015,12,180799
36826,0.000926,74.125.24.0-255,6438,91453,12,180799
36827,0.000929,172.31.36.0-255,66,91519,12,180799
36828,0.000936,74.125.24.0-255,7156,98675,12,180799
36829,0.000938,172.31.36.0-255,66,98741,12,180799
36830,0.000941,74.125.24.0-255,1484,100225,12,180799
36831,0.000945,74.125.24.0-255,2902,103127,12,180799
36832,0.000947,172.31.36.0-255,66,103193,12,180799
36833,0.000953,74.125.24.0-255,5738,108931,12,180799
36834,0.000957,172.31.36.0-255,66,108997,12,180799
36835,0.000971,172.31.36.0-255,66,109063,12,180799
36836,0.000976,74.125.24.0-255,3602,112665,12,180799
36837,0.000978,172.31.36.0-255,66,112731,12,180799
36838,0.001084,74.125.24.0-255,1484,114215,12,180799
36839,0.001107,74.125.24.0-255,2902,117117,12,180799
36840,0.001111,172.31.36.0-255,66,117183,12,180799
36841,0.001116,74.125.24.0-255,2902,120085,12,180799
36842,0.001118,172.31.36.0-255,66,120151,12,180799
36843,0.001153,74.125.24.0-255,1484,121635,12,180799
36844,0.001164,172.31.36.0-255,66,121701,12,180799
36845,0.001176,172.31.36.0-255,66,121767,12,180799
36846,0.001206,172.31.36.0-255,66,121833,12,180799
36847,0.001269,74.125.24.0-255,1484,123317,12,180799
36848,0.001274,74.125.24.0-255,2902,126219,12,180799
36849,0.001277,172.31.36.0-255,66,126285,12,180799
36850,0.001282,74.125.24.0-255,2902,129187,12,180799
36851,0.001284,172.31.36.0-255,66,129253,12,180799
36852,0.001328,74.125.24.0-255,2902,132155,12,180799
36853,0.001332,172.31.36.0-255,66,132221,12,180799
36854,0.00135,172.31.36.0-255,66,132287,12,180799
36855,0.00136,172.31.36.0-255,66,132353,12,180799
36856,0.00139,74.125.24.0-255,2184,134537,12,180799
36857,0.001394,172.31.36.0-255,66,134603,12,180799
36858,0.001453,74.125.24.0-255,1484,136087,12,180799
36859,0.001466,74.125.24.0-255,2902,138989,12,180799
36860,0.00147,172.31.36.0-255,66,139055,12,180799
36861,0.001476,74.125.24.0-255,5738,144793,12,180799
36862,0.001479,172.31.36.0-255,66,144859,12,180799
36863,0.001525,172.31.36.0-255,66,144925,12,180799
36864,0.001538,172.31.36.0-255,66,144991,12,180799
36865,0.001567,74.125.24.0-255,766,145757,12,180799
36866,0.001582,172.31.36.0-255,66,145823,12,180799
36867,0.001587,74.125.24.0-255,4320,150143,12,180799
36868,0.001589,172.31.36.0-255,66,150209,12,180799
36869,0.001595,74.125.24.0-255,5738,155947,12,180799
36870,0.001597,172.31.36.0-255,66,156013,12,180799
36871,0.00164,172.31.36.0-255,66,156079,12,180799
36872,0.001645,74.125.24.0-255,2184,158263,12,180799
36873,0.001647,172.31.36.0-255,66,158329,12,180799
36874,0.001695,74.125.24.0-255,4320,162649,12,180799
36875,0.001697,172.31.36.0-255,66,162715,12,180799
36876,0.001739,172.31.36.0-255,66,162781,12,180799
36877,0.001756,172.31.36.0-255,66,162847,12,180799
36878,0.001758,74.125.24.0-255,1484,164331,12,180799
36879,0.001763,74.125.24.0-255,2902,167233,12,180799
36880,0.001765,172.31.36.0-255,66,167299,12,180799
36881,0.001771,74.125.24.0-255,5738,173037,12,180799
36882,0.001774,172.31.36.0-255,66,173103,12,180799
36883,0.001788,172.31.36.0-255,66,173169,12,180799
36884,0.001794,74.125.24.0-255,7156,180325,12,180799
36885,0.001797,172.31.36.0-255,66,180391,12,180799
36886,0.001839,172.31.36.0-255,66,180457,12,180799
36887,0.001877,74.125.24.0-255,105,180562,12,180799
36888,0.003574,172.31.36.0-255,66,180628,12,180799
36889,0.003602,172.31.36.0-255,105,180733,12,180799
36890,0.005818,74.125.24.0-255,66,180799,12,180799
36891,0.0,172.217.194.0-255,153,153,12,149270
36892,2.3e-05,172.31.36.0-255,66,219,12,149270
36893,3e-05,172.217.194.0-255,1484,1703,12,149270
36894,3.6e-05,172.31.36.0-255,66,1769,12,149270
36895,4.2e-05,172.217.194.0-255,2902,4671,12,149270
36896,4.6e-05,172.31.36.0-255,66,4737,12,149270
36897,5.3e-05,172.217.194.0-255,5738,10475,12,149270
36898,5.7e-05,172.31.36.0-255,66,10541,12,149270
36899,6.3e-05,172.217.194.0-255,4320,14861,12,149270
36900,6.6e-05,172.31.36.0-255,66,14927,12,149270
36901,0.000105,172.31.36.0-255,66,14993,12,149270
36902,0.000112,172.217.194.0-255,6797,21790,12,149270
36903,0.000115,172.31.36.0-255,66,21856,12,149270
36904,0.000533,172.217.194.0-255,1484,23340,12,149270
36905,0.000539,172.31.36.0-255,66,23406,12,149270
36906,0.000561,172.217.194.0-255,1484,24890,12,149270
36907,0.000563,172.31.36.0-255,66,24956,12,149270
36908,0.000578,172.217.194.0-255,1484,26440,12,149270
36909,0.000581,172.31.36.0-255,66,26506,12,149270
36910,0.000588,172.217.194.0-255,5738,32244,12,149270
36911,0.00059,172.31.36.0-255,66,32310,12,149270
36912,0.000597,172.217.194.0-255,6797,39107,12,149270
36913,0.000599,172.31.36.0-255,66,39173,12,149270
36914,0.000687,172.217.194.0-255,1484,40657,12,149270
36915,0.00069,172.217.194.0-255,1484,42141,12,149270
36916,0.000695,172.31.36.0-255,66,42207,12,149270
36917,0.000698,172.31.36.0-255,66,42273,12,149270
36918,0.000708,172.217.194.0-255,1484,43757,12,149270
36919,0.00071,172.31.36.0-255,66,43823,12,149270
36920,0.000717,172.217.194.0-255,5738,49561,12,149270
36921,0.00072,172.31.36.0-255,66,49627,12,149270
36922,0.000757,172.31.36.0-255,66,49693,12,149270
36923,0.0008,172.217.194.0-255,1484,51177,12,149270
36924,0.000818,172.217.194.0-255,2902,54079,12,149270
36925,0.000822,172.31.36.0-255,66,54145,12,149270
36926,0.000827,172.217.194.0-255,2902,57047,12,149270
36927,0.000829,172.31.36.0-255,66,57113,12,149270
36928,0.000842,172.217.194.0-255,2902,60015,12,149270
36929,0.000844,172.31.36.0-255,66,60081,12,149270
36930,0.000851,172.217.194.0-255,5738,65819,12,149270
36931,0.000854,172.31.36.0-255,66,65885,12,149270
36932,0.000897,172.217.194.0-255,4320,70205,12,149270
36933,0.000902,172.31.36.0-255,66,70271,12,149270
36934,0.000928,172.31.36.0-255,66,70337,12,149270
36935,0.001457,172.217.194.0-255,1484,71821,12,149270
36936,0.001463,172.217.194.0-255,2902,74723,12,149270
36937,0.001467,172.31.36.0-255,66,74789,12,149270
36938,0.001474,172.217.194.0-255,5738,80527,12,149270
36939,0.001476,172.31.36.0-255,66,80593,12,149270
36940,0.001511,172.31.36.0-255,66,80659,12,149270
36941,0.00153,172.217.194.0-255,2902,83561,12,149270
36942,0.001534,172.31.36.0-255,66,83627,12,149270
36943,0.001569,172.31.36.0-255,66,83693,12,149270
36944,0.001586,172.217.194.0-255,2184,85877,12,149270
36945,0.001589,172.31.36.0-255,66,85943,12,149270
36946,0.00426,172.217.194.0-255,5738,91681,12,149270
36947,0.004267,172.31.36.0-255,66,91747,12,149270
36948,0.006934,172.217.194.0-255,5738,97485,12,149270
36949,0.006939,172.31.36.0-255,66,97551,12,149270
36950,0.009597,172.217.194.0-255,5738,103289,12,149270
36951,0.009605,172.31.36.0-255,66,103355,12,149270
36952,0.012278,172.217.194.0-255,5738,109093,12,149270
36953,0.012286,172.31.36.0-255,66,109159,12,149270
36954,0.014955,172.217.194.0-255,5738,114897,12,149270
36955,0.014966,172.31.36.0-255,66,114963,12,149270
36956,0.017624,172.217.194.0-255,5738,120701,12,149270
36957,0.017633,172.31.36.0-255,66,120767,12,149270
36958,0.020294,172.217.194.0-255,5738,126505,12,149270
36959,0.020302,172.31.36.0-255,66,126571,12,149270
36960,0.022956,172.217.194.0-255,5738,132309,12,149270
36961,0.022965,172.31.36.0-255,66,132375,12,149270
36962,0.025626,172.217.194.0-255,5738,138113,12,149270
36963,0.025634,172.31.36.0-255,66,138179,12,149270
36964,0.028268,172.217.194.0-255,5738,143917,12,149270
36965,0.028274,172.31.36.0-255,66,143983,12,149270
36966,0.02928,172.31.36.0-255,172,144155,12,149270
36967,0.029311,172.31.36.0-255,1109,145264,12,149270
36968,0.029372,172.31.36.0-255,1514,146778,12,149270
36969,0.029374,172.31.36.0-255,1514,148292,12,149270
36970,0.029399,172.31.36.0-255,978,149270,12,149270
36971,0.0,172.217.194.0-255,150,150,12,177132
36972,3.2e-05,172.31.36.0-255,66,216,12,177132
36973,4e-05,172.217.194.0-255,1484,1700,12,177132
36974,4.4e-05,172.31.36.0-255,66,1766,12,177132
36975,5e-05,172.217.194.0-255,2902,4668,12,177132
36976,6.2e-05,172.31.36.0-255,66,4734,12,177132
36977,6.9e-05,172.217.194.0-255,7156,11890,12,177132
36978,7.2e-05,172.31.36.0-255,66,11956,12,177132
36979,7.8e-05,172.217.194.0-255,4830,16786,12,177132
36980,8e-05,172.31.36.0-255,66,16852,12,177132
36981,0.000134,172.31.36.0-255,66,16918,12,177132
36982,0.00016,172.217.194.0-255,2902,19820,12,177132
36983,0.000164,172.31.36.0-255,66,19886,12,177132
36984,0.000169,172.217.194.0-255,2902,22788,12,177132
36985,0.000171,172.31.36.0-255,66,22854,12,177132
36986,0.000194,172.217.194.0-255,1484,24338,12,177132
36987,0.000201,172.31.36.0-255,66,24404,12,177132
36988,0.000215,172.31.36.0-255,66,24470,12,177132
36989,0.000221,172.217.194.0-255,2902,27372,12,177132
36990,0.000223,172.31.36.0-255,66,27438,12,177132
36991,0.000282,172.31.36.0-255,66,27504,12,177132
36992,0.000286,172.217.194.0-255,2184,29688,12,177132
36993,0.000288,172.31.36.0-255,66,29754,12,177132
36994,0.000388,172.217.194.0-255,647,30401,12,177132
36995,0.000393,172.31.36.0-255,66,30467,12,177132
36996,0.000711,172.217.194.0-255,1484,31951,12,177132
36997,0.000715,172.31.36.0-255,66,32017,12,177132
36998,0.000746,172.217.194.0-255,2902,34919,12,177132
36999,0.000749,172.31.36.0-255,66,34985,12,177132
37000,0.000755,172.217.194.0-255,5738,40723,12,177132
37001,0.000765,172.31.36.0-255,66,40789,12,177132
37002,0.000796,172.31.36.0-255,66,40855,12,177132
37003,0.000798,172.217.194.0-255,5738,46593,12,177132
37004,0.000803,172.31.36.0-255,66,46659,12,177132
37005,0.000835,172.217.194.0-255,5738,52397,12,177132
37006,0.000839,172.217.194.0-255,2184,54581,12,177132
37007,0.000841,172.31.36.0-255,66,54647,12,177132
37008,0.000856,172.31.36.0-255,66,54713,12,177132
37009,0.001053,172.217.194.0-255,1484,56197,12,177132
37010,0.001058,172.217.194.0-255,2902,59099,12,177132
37011,0.001061,172.31.36.0-255,66,59165,12,177132
37012,0.001065,172.217.194.0-255,1484,60649,12,177132
37013,0.001087,172.217.194.0-255,4320,64969,12,177132
37014,0.001102,172.217.194.0-255,5738,70707,12,177132
37015,0.001103,172.31.36.0-255,66,70773,12,177132
37016,0.001108,172.31.36.0-255,66,70839,12,177132
37017,0.001134,172.217.194.0-255,7156,77995,12,177132
37018,0.001141,172.31.36.0-255,66,78061,12,177132
37019,0.001146,172.217.194.0-255,5738,83799,12,177132
37020,0.001165,172.31.36.0-255,66,83865,12,177132
37021,0.00117,172.217.194.0-255,5020,88885,12,177132
37022,0.001178,172.31.36.0-255,66,88951,12,177132
37023,0.001182,172.31.36.0-255,66,89017,12,177132
37024,0.001217,172.217.194.0-255,1484,90501,12,177132
37025,0.001233,172.31.36.0-255,66,90567,12,177132
37026,0.00128,172.31.36.0-255,66,90633,12,177132
37027,0.001331,172.31.36.0-255,66,90699,12,177132
37028,0.001343,172.217.194.0-255,5738,96437,12,177132
37029,0.001362,172.31.36.0-255,66,96503,12,177132
37030,0.001367,172.31.36.0-255,66,96569,12,177132
37031,0.001395,172.217.194.0-255,6438,103007,12,177132
37032,0.001405,172.31.36.0-255,66,103073,12,177132
37033,0.001439,172.217.194.0-255,1484,104557,12,177132
37034,0.001443,172.217.194.0-255,2902,107459,12,177132
37035,0.001453,172.31.36.0-255,66,107525,12,177132
37036,0.001483,172.217.194.0-255,5738,113263,12,177132
37037,0.001501,172.217.194.0-255,4320,117583,12,177132
37038,0.001525,172.217.194.0-255,6438,124021,12,177132
37039,0.001676,172.217.194.0-255,1484,125505,12,177132
37040,0.001681,172.217.194.0-255,1484,126989,12,177132
37041,0.001698,172.217.194.0-255,1484,128473,12,177132
37042,0.001705,172.217.194.0-255,5738,134211,12,177132
37043,0.001713,172.217.194.0-255,7156,141367,12,177132
37044,0.001743,172.217.194.0-255,2902,144269,12,177132
37045,0.001772,172.217.194.0-255,2184,146453,12,177132
37046,0.001789,172.217.194.0-255,4320,150773,12,177132
37047,0.001826,172.217.194.0-255,5738,156511,12,177132
37048,0.001839,172.217.194.0-255,2902,159413,12,177132
37049,0.001873,172.217.194.0-255,4320,163733,12,177132
37050,0.001985,172.217.194.0-255,1484,165217,12,177132
37051,0.001999,172.217.194.0-255,5738,170955,12,177132
37052,0.002012,172.217.194.0-255,5738,176693,12,177132
37053,0.002086,172.217.194.0-255,97,176790,12,177132
37054,0.002088,172.217.194.0-255,105,176895,12,177132
37055,0.005796,172.31.36.0-255,66,176961,12,177132
37056,0.00799,172.31.36.0-255,105,177066,12,177132
37057,0.010332,172.217.194.0-255,66,177132,12,177132
37058,0.0,74.125.24.0-255,66,66,12,66
37059,0.0,172.217.194.0-255,153,153,12,211493
37060,2.6e-05,172.31.36.0-255,66,219,12,211493
37061,3.2e-05,172.217.194.0-255,1484,1703,12,211493
37062,3.6e-05,172.31.36.0-255,66,1769,12,211493
37063,4.1e-05,172.217.194.0-255,2902,4671,12,211493
37064,4.3e-05,172.31.36.0-255,66,4737,12,211493
37065,4.9e-05,172.217.194.0-255,7156,11893,12,211493
37066,5e-05,172.31.36.0-255,66,11959,12,211493
37067,8.4e-05,172.31.36.0-255,66,12025,12,211493
37068,9.9e-05,172.217.194.0-255,4871,16896,12,211493
37069,0.000101,172.31.36.0-255,66,16962,12,211493
37070,0.000105,172.217.194.0-255,2543,19505,12,211493
37071,0.000106,172.31.36.0-255,66,19571,12,211493
37072,0.000198,172.217.194.0-255,1484,21055,12,211493
37073,0.000202,172.31.36.0-255,66,21121,12,211493
37074,0.000205,172.217.194.0-255,1484,22605,12,211493
37075,0.000207,172.31.36.0-255,66,22671,12,211493
37076,0.00022,172.217.194.0-255,1484,24155,12,211493
37077,0.000222,172.31.36.0-255,66,24221,12,211493
37078,0.000227,172.217.194.0-255,5738,29959,12,211493
37079,0.000229,172.31.36.0-255,66,30025,12,211493
37080,0.000255,172.31.36.0-255,66,30091,12,211493
37081,0.000278,172.217.194.0-255,5379,35470,12,211493
37082,0.000281,172.31.36.0-255,66,35536,12,211493
37083,0.000321,172.31.36.0-255,66,35602,12,211493
37084,0.000324,172.217.194.0-255,378,35980,12,211493
37085,0.000326,172.31.36.0-255,66,36046,12,211493
37086,0.000567,172.217.194.0-255,1484,37530,12,211493
37087,0.000571,172.31.36.0-255,66,37596,12,211493
37088,0.000574,172.217.194.0-255,1484,39080,12,211493
37089,0.000591,172.217.194.0-255,1484,40564,12,211493
37090,0.000593,172.31.36.0-255,66,40630,12,211493
37091,0.000599,172.217.194.0-255,5738,46368,12,211493
37092,0.000601,172.31.36.0-255,66,46434,12,211493
37093,0.000606,172.217.194.0-255,5738,52172,12,211493
37094,0.000609,172.31.36.0-255,66,52238,12,211493
37095,0.000645,172.31.36.0-255,66,52304,12,211493
37096,0.00065,172.217.194.0-255,5020,57324,12,211493
37097,0.000652,172.31.36.0-255,66,57390,12,211493
37098,0.000984,172.217.194.0-255,1484,58874,12,211493
37099,0.001009,172.217.194.0-255,2902,61776,12,211493
37100,0.001012,172.31.36.0-255,66,61842,12,211493
37101,0.001016,172.217.194.0-255,1484,63326,12,211493
37102,0.001035,172.217.194.0-255,4320,67646,12,211493
37103,0.001037,172.31.36.0-255,66,67712,12,211493
37104,0.001055,172.217.194.0-255,2902,70614,12,211493
37105,0.001057,172.31.36.0-255,66,70680,12,211493
37106,0.001081,172.31.36.0-255,66,70746,12,211493
37107,0.001127,172.31.36.0-255,66,70812,12,211493
37108,0.001401,172.217.194.0-255,1484,72296,12,211493
37109,0.001408,172.217.194.0-255,2902,75198,12,211493
37110,0.001412,172.31.36.0-255,66,75264,12,211493
37111,0.00144,172.217.194.0-255,5738,81002,12,211493
37112,0.001444,172.31.36.0-255,66,81068,12,211493
37113,0.001474,172.31.36.0-255,66,81134,12,211493
37114,0.001495,172.217.194.0-255,4320,85454,12,211493
37115,0.001499,172.31.36.0-255,66,85520,12,211493
37116,0.001524,172.31.36.0-255,66,85586,12,211493
37117,0.002004,172.217.194.0-255,1484,87070,12,211493
37118,0.002013,172.217.194.0-255,2902,89972,12,211493
37119,0.002017,172.31.36.0-255,66,90038,12,211493
37120,0.002024,172.217.194.0-255,5738,95776,12,211493
37121,0.002026,172.31.36.0-255,66,95842,12,211493
37122,0.002085,172.31.36.0-255,66,95908,12,211493
37123,0.002096,172.31.36.0-255,66,95974,12,211493
37124,0.002941,172.217.194.0-255,1484,97458,12,211493
37125,0.002949,172.217.194.0-255,2902,100360,12,211493
37126,0.002952,172.31.36.0-255,66,100426,12,211493
37127,0.002958,172.217.194.0-255,2902,103328,12,211493
37128,0.00296,172.31.36.0-255,66,103394,12,211493
37129,0.002974,172.217.194.0-255,2902,106296,12,211493
37130,0.002976,172.31.36.0-255,66,106362,12,211493
37131,0.002983,172.217.194.0-255,7156,113518,12,211493
37132,0.002984,172.31.36.0-255,66,113584,12,211493
37133,0.003001,172.217.194.0-255,5738,119322,12,211493
37134,0.003003,172.31.36.0-255,66,119388,12,211493
37135,0.003013,172.31.36.0-255,66,119454,12,211493
37136,0.003051,172.217.194.0-255,7156,126610,12,211493
37137,0.003054,172.31.36.0-255,66,126676,12,211493
37138,0.003102,172.31.36.0-255,66,126742,12,211493
37139,0.003115,172.31.36.0-255,66,126808,12,211493
37140,0.003185,172.217.194.0-255,1484,128292,12,211493
37141,0.00319,172.217.194.0-255,2902,131194,12,211493
37142,0.003194,172.31.36.0-255,66,131260,12,211493
37143,0.003219,172.217.194.0-255,5738,136998,12,211493
37144,0.003223,172.31.36.0-255,66,137064,12,211493
37145,0.003228,172.217.194.0-255,4320,141384,12,211493
37146,0.00323,172.31.36.0-255,66,141450,12,211493
37147,0.003268,172.31.36.0-255,66,141516,12,211493
37148,0.00328,172.31.36.0-255,66,141582,12,211493
37149,0.003311,172.217.194.0-255,1484,143066,12,211493
37150,0.003317,172.217.194.0-255,2902,145968,12,211493
37151,0.00332,172.31.36.0-255,66,146034,12,211493
37152,0.003339,172.217.194.0-255,1484,147518,12,211493
37153,0.003353,172.217.194.0-255,4320,151838,12,211493
37154,0.003357,172.31.36.0-255,66,151904,12,211493
37155,0.003363,172.217.194.0-255,5738,157642,12,211493
37156,0.003366,172.31.36.0-255,66,157708,12,211493
37157,0.003372,172.217.194.0-255,5738,163446,12,211493
37158,0.003375,172.31.36.0-255,66,163512,12,211493
37159,0.003396,172.217.194.0-255,7156,170668,12,211493
37160,0.003401,172.31.36.0-255,66,170734,12,211493
37161,0.003422,172.31.36.0-255,66,170800,12,211493
37162,0.00346,172.217.194.0-255,3602,174402,12,211493
37163,0.003463,172.31.36.0-255,66,174468,12,211493
37164,0.00348,172.31.36.0-255,66,174534,12,211493
37165,0.003484,172.217.194.0-255,2184,176718,12,211493
37166,0.003486,172.31.36.0-255,66,176784,12,211493
37167,0.003542,172.217.194.0-255,1484,178268,12,211493
37168,0.003547,172.217.194.0-255,2902,181170,12,211493
37169,0.003549,172.31.36.0-255,66,181236,12,211493
37170,0.003555,172.217.194.0-255,5738,186974,12,211493
37171,0.003557,172.31.36.0-255,66,187040,12,211493
37172,0.003569,172.31.36.0-255,66,187106,12,211493
37173,0.003573,172.217.194.0-255,4320,191426,12,211493
37174,0.003575,172.31.36.0-255,66,191492,12,211493
37175,0.003592,172.217.194.0-255,6438,197930,12,211493
37176,0.003595,172.31.36.0-255,66,197996,12,211493
37177,0.003619,172.217.194.0-255,5580,203576,12,211493
37178,0.003621,172.31.36.0-255,66,203642,12,211493
37179,0.003624,172.217.194.0-255,105,203747,12,211493
37180,0.004976,172.31.36.0-255,66,203813,12,211493
37181,0.00501,172.31.36.0-255,105,203918,12,211493
37182,0.007517,172.217.194.0-255,66,203984,12,211493
37183,0.028622,172.31.36.0-255,172,204156,12,211493
37184,0.028653,172.31.36.0-255,1107,205263,12,211493
37185,0.028709,172.31.36.0-255,1514,206777,12,211493
37186,0.028711,172.31.36.0-255,1514,208291,12,211493
37187,0.028716,172.31.36.0-255,1514,209805,12,211493
37188,0.028718,172.31.36.0-255,1514,211319,12,211493
37189,0.028734,172.31.36.0-255,174,211493,12,211493
37190,0.0,74.125.24.0-255,165,165,12,244739
37191,3.2e-05,172.31.36.0-255,66,231,12,244739
37192,4e-05,74.125.24.0-255,1484,1715,12,244739
37193,4.4e-05,172.31.36.0-255,66,1781,12,244739
37194,5e-05,74.125.24.0-255,2902,4683,12,244739
37195,5.3e-05,172.31.36.0-255,66,4749,12,244739
37196,6.1e-05,74.125.24.0-255,5738,10487,12,244739
37197,6.4e-05,172.31.36.0-255,66,10553,12,244739
37198,9.5e-05,74.125.24.0-255,3456,14009,12,244739
37199,9.8e-05,172.31.36.0-255,66,14075,12,244739
37200,0.000179,74.125.24.0-255,1484,15559,12,244739
37201,0.000185,172.31.36.0-255,66,15625,12,244739
37202,0.000207,74.125.24.0-255,2902,18527,12,244739
37203,0.000209,172.31.36.0-255,66,18593,12,244739
37204,0.000225,74.125.24.0-255,4320,22913,12,244739
37205,0.000229,172.31.36.0-255,66,22979,12,244739
37206,0.000246,74.125.24.0-255,1484,24463,12,244739
37207,0.000248,172.31.36.0-255,66,24529,12,244739
37208,0.000253,74.125.24.0-255,2902,27431,12,244739
37209,0.000255,172.31.36.0-255,66,27497,12,244739
37210,0.000272,74.125.24.0-255,3961,31458,12,244739
37211,0.000276,172.31.36.0-255,66,31524,12,244739
37212,0.000278,74.125.24.0-255,7156,38680,12,244739
37213,0.000281,172.31.36.0-255,66,38746,12,244739
37214,0.000304,74.125.24.0-255,2902,41648,12,244739
37215,0.000306,172.31.36.0-255,66,41714,12,244739
37216,0.00033,74.125.24.0-255,6797,48511,12,244739
37217,0.000334,172.31.36.0-255,66,48577,12,244739
37218,0.000348,74.125.24.0-255,1484,50061,12,244739
37219,0.00035,172.31.36.0-255,66,50127,12,244739
37220,0.000382,172.31.36.0-255,66,50193,12,244739
37221,0.000417,74.125.24.0-255,2902,53095,12,244739
37222,0.000422,172.31.36.0-255,66,53161,12,244739
37223,0.000442,74.125.24.0-255,4337,57498,12,244739
37224,0.000445,172.31.36.0-255,66,57564,12,244739
37225,0.000448,74.125.24.0-255,332,57896,12,244739
37226,0.000815,172.31.36.0-255,66,57962,12,244739
37227,0.000952,74.125.24.0-255,1484,59446,12,244739
37228,0.000963,74.125.24.0-255,2902,62348,12,244739
37229,0.000967,172.31.36.0-255,66,62414,12,244739
37230,0.000976,74.125.24.0-255,5738,68152,12,244739
37231,0.000978,172.31.36.0-255,66,68218,12,244739
37232,0.001011,74.125.24.0-255,7156,75374,12,244739
37233,0.001015,172.31.36.0-255,66,75440,12,244739
37234,0.00104,74.125.24.0-255,5738,81178,12,244739
37235,0.001043,172.31.36.0-255,66,81244,12,244739
37236,0.001056,172.31.36.0-255,66,81310,12,244739
37237,0.001605,74.125.24.0-255,1484,82794,12,244739
37238,0.001614,74.125.24.0-255,2902,85696,12,244739
37239,0.001618,172.31.36.0-255,66,85762,12,244739
37240,0.001626,74.125.24.0-255,5738,91500,12,244739
37241,0.001628,172.31.36.0-255,66,91566,12,244739
37242,0.00166,172.31.36.0-255,66,91632,12,244739
37243,0.001681,74.125.24.0-255,1484,93116,12,244739
37244,0.001692,172.31.36.0-255,66,93182,12,244739
37245,0.001736,74.125.24.0-255,1484,94666,12,244739
37246,0.00174,74.125.24.0-255,2902,97568,12,244739
37247,0.001742,172.31.36.0-255,66,97634,12,244739
37248,0.001749,74.125.24.0-255,5738,103372,12,244739
37249,0.00175,172.31.36.0-255,66,103438,12,244739
37250,0.001783,172.31.36.0-255,66,103504,12,244739
37251,0.001793,172.31.36.0-255,66,103570,12,244739
37252,0.001807,74.125.24.0-255,2184,105754,12,244739
37253,0.001809,172.31.36.0-255,66,105820,12,244739
37254,0.002013,74.125.24.0-255,1484,107304,12,244739
37255,0.002017,74.125.24.0-255,2902,110206,12,244739
37256,0.002022,172.31.36.0-255,66,110272,12,244739
37257,0.002037,74.125.24.0-255,4320,114592,12,244739
37258,0.002039,172.31.36.0-255,66,114658,12,244739
37259,0.002051,74.125.24.0-255,1484,116142,12,244739
37260,0.002057,74.125.24.0-255,5738,121880,12,244739
37261,0.002059,172.31.36.0-255,66,121946,12,244739
37262,0.002089,74.125.24.0-255,7156,129102,12,244739
37263,0.002092,172.31.36.0-255,66,129168,12,244739
37264,0.002104,172.31.36.0-255,66,129234,12,244739
37265,0.002136,74.125.24.0-255,4320,133554,12,244739
37266,0.002139,172.31.36.0-255,66,133620,12,244739
37267,0.002144,74.125.24.0-255,5738,139358,12,244739
37268,0.002147,172.31.36.0-255,66,139424,12,244739
37269,0.002151,74.125.24.0-255,4320,143744,12,244739
37270,0.002153,172.31.36.0-255,66,143810,12,244739
37271,0.002173,74.125.24.0-255,7156,150966,12,244739
37272,0.002176,172.31.36.0-255,66,151032,12,244739
37273,0.002195,74.125.24.0-255,7156,158188,12,244739
37274,0.002198,172.31.36.0-255,66,158254,12,244739
37275,0.002224,74.125.24.0-255,5020,163274,12,244739
37276,0.002227,172.31.36.0-255,66,163340,12,244739
37277,0.00226,74.125.24.0-255,1484,164824,12,244739
37278,0.002264,74.125.24.0-255,1484,166308,12,244739
37279,0.002266,172.31.36.0-255,66,166374,12,244739
37280,0.002282,74.125.24.0-255,1484,167858,12,244739
37281,0.002285,74.125.24.0-255,1484,169342,12,244739
37282,0.002287,172.31.36.0-255,66,169408,12,244739
37283,0.004496,74.125.24.0-255,2902,172310,12,244739
37284,0.004501,172.31.36.0-255,66,172376,12,244739
37285,0.004517,74.125.24.0-255,2902,175278,12,244739
37286,0.004519,172.31.36.0-255,66,175344,12,244739
37287,0.006763,74.125.24.0-255,5738,181082,12,244739
37288,0.006769,172.31.36.0-255,66,181148,12,244739
37289,0.009026,74.125.24.0-255,5738,186886,12,244739
37290,0.009034,172.31.36.0-255,66,186952,12,244739
37291,0.011295,74.125.24.0-255,5738,192690,12,244739
37292,0.011302,172.31.36.0-255,66,192756,12,244739
37293,0.013535,74.125.24.0-255,5738,198494,12,244739
37294,0.013543,172.31.36.0-255,66,198560,12,244739
37295,0.015796,74.125.24.0-255,5738,204298,12,244739
37296,0.015806,172.31.36.0-255,66,204364,12,244739
37297,0.018091,74.125.24.0-255,5738,210102,12,244739
37298,0.018099,172.31.36.0-255,66,210168,12,244739
37299,0.02034,74.125.24.0-255,5738,215906,12,244739
37300,0.020348,172.31.36.0-255,66,215972,12,244739
37301,0.022616,74.125.24.0-255,5738,221710,12,244739
37302,0.022623,172.31.36.0-255,66,221776,12,244739
37303,0.024896,74.125.24.0-255,5738,227514,12,244739
37304,0.024903,172.31.36.0-255,66,227580,12,244739
37305,0.026499,172.31.36.0-255,172,227752,12,244739
37306,0.026535,172.31.36.0-255,1109,228861,12,244739
37307,0.026566,172.31.36.0-255,1514,230375,12,244739
37308,0.026568,172.31.36.0-255,1514,231889,12,244739
37309,0.026591,172.31.36.0-255,978,232867,12,244739
37310,0.027153,74.125.24.0-255,5738,238605,12,244739
37311,0.027159,172.31.36.0-255,66,238671,12,244739
37312,0.028028,104.244.42.0-255,66,238737,12,244739
37313,0.02813,104.244.42.0-255,66,238803,12,244739
37314,0.028135,104.244.42.0-255,66,238869,12,244739
37315,0.028138,104.244.42.0-255,66,238935,12,244739
37316,0.029434,74.125.24.0-255,5738,244673,12,244739
37317,0.029439,172.31.36.0-255,66,244739,12,244739
37318,0.0,74.125.200.0-255,153,153,12,136556
37319,2.2e-05,172.31.36.0-255,66,219,12,136556
37320,2.9e-05,74.125.200.0-255,1484,1703,12,136556
37321,3.4e-05,172.31.36.0-255,66,1769,12,136556
37322,3.7e-05,74.125.200.0-255,1484,3253,12,136556
37323,4e-05,172.31.36.0-255,66,3319,12,136556
37324,6.4e-05,74.125.200.0-255,2902,6221,12,136556
37325,6.7e-05,172.31.36.0-255,66,6287,12,136556
37326,8.9e-05,74.125.200.0-255,1484,7771,12,136556
37327,9.2e-05,172.31.36.0-255,66,7837,12,136556
37328,0.000111,74.125.200.0-255,2902,10739,12,136556
37329,0.000113,172.31.36.0-255,66,10805,12,136556
37330,0.000167,74.125.200.0-255,3493,14298,12,136556
37331,0.00017,172.31.36.0-255,66,14364,12,136556
37332,0.000241,74.125.200.0-255,1484,15848,12,136556
37333,0.000244,172.31.36.0-255,66,15914,12,136556
37334,0.000262,74.125.200.0-255,2902,18816,12,136556
37335,0.000265,172.31.36.0-255,66,18882,12,136556
37336,0.000312,74.125.200.0-255,4320,23202,12,136556
37337,0.000316,172.31.36.0-255,66,23268,12,136556
37338,0.000414,74.125.200.0-255,5738,29006,12,136556
37339,0.000419,172.31.36.0-255,66,29072,12,136556
37340,0.000479,74.125.200.0-255,2543,31615,12,136556
37341,0.000482,172.31.36.0-255,66,31681,12,136556
37342,0.000547,74.125.200.0-255,4320,36001,12,136556
37343,0.000551,172.31.36.0-255,66,36067,12,136556
37344,0.000575,74.125.200.0-255,5738,41805,12,136556
37345,0.000578,172.31.36.0-255,66,41871,12,136556
37346,0.000689,74.125.200.0-255,1484,43355,12,136556
37347,0.000693,172.31.36.0-255,66,43421,12,136556
37348,0.000712,74.125.200.0-255,5379,48800,12,136556
37349,0.000715,172.31.36.0-255,66,48866,12,136556
37350,0.000869,172.31.36.0-255,66,48932,12,136556
37351,0.001116,74.125.200.0-255,648,49580,12,136556
37352,0.001155,74.125.200.0-255,5379,54959,12,136556
37353,0.00117,172.31.36.0-255,66,55025,12,136556
37354,0.001548,74.125.200.0-255,6797,61822,12,136556
37355,0.001552,172.31.36.0-255,66,61888,12,136556
37356,0.001669,74.125.200.0-255,5738,67626,12,136556
37357,0.002681,74.125.200.0-255,7156,74782,12,136556
37358,0.002729,74.125.200.0-255,3602,78384,12,136556
37359,0.002877,74.125.200.0-255,1484,79868,12,136556
37360,0.002976,74.125.200.0-255,4320,84188,12,136556
37361,0.005094,172.31.36.0-255,66,84254,12,136556
37362,0.007018,74.125.200.0-255,5738,89992,12,136556
37363,0.007025,172.31.36.0-255,66,90058,12,136556
37364,0.008989,74.125.200.0-255,5738,95796,12,136556
37365,0.008996,172.31.36.0-255,66,95862,12,136556
37366,0.010924,74.125.200.0-255,5738,101600,12,136556
37367,0.010931,172.31.36.0-255,66,101666,12,136556
37368,0.012865,74.125.200.0-255,5738,107404,12,136556
37369,0.013679,172.31.36.0-255,66,107470,12,136556
37370,0.015609,74.125.200.0-255,5738,113208,12,136556
37371,0.015617,172.31.36.0-255,66,113274,12,136556
37372,0.017552,74.125.200.0-255,5738,119012,12,136556
37373,0.022819,172.31.36.0-255,66,119078,12,136556
37374,0.024689,74.125.200.0-255,1484,120562,12,136556
37375,0.024739,74.125.200.0-255,4320,124882,12,136556
37376,0.024745,172.31.36.0-255,66,124948,12,136556
37377,0.026731,74.125.200.0-255,5738,130686,12,136556
37378,0.026739,172.31.36.0-255,66,130752,12,136556
37379,0.02878,74.125.200.0-255,5738,136490,12,136556
37380,0.028787,172.31.36.0-255,66,136556,12,136556
